1000
3494.0 1870.0 20.0 10.0
1487.0 314.0 20.0 10.0
3434.0 2375.0 20.0 10.0
2278.0 76.0 20.0 10.0
379.0 1826.0 20.0 10.0
408.0 1835.0 20.0 10.0
414.0 1861.0 20.0 10.0
436.0 1880.0 20.0 10.0
465.0 1897.0 20.0 10.0
2065.0 790.0 20.0 10.0
2035.0 797.0 20.0 10.0
1775.0 797.0 20.0 10.0
1995.0 1859.0 20.0 10.0
1998.0 1879.0 20.0 10.0
218.0 631.0 20.0 10.0
240.0 634.0 20.0 10.0
278.0 645.0 20.0 10.0
318.0 659.0 20.0 10.0
358.0 678.0 20.0 10.0
367.0 2481.0 20.0 10.0
2961.0 2092.0 20.0 10.0
72.0 548.0 20.0 10.0
69.0 576.0 20.0 10.0
86.0 592.0 20.0 10.0
110.0 602.0 20.0 10.0
136.0 612.0 20.0 10.0
396.0 1125.0 20.0 10.0
2854.0 747.0 20.0 10.0
2831.0 750.0 20.0 10.0
842.0 2242.0 20.0 10.0
867.0 2229.0 20.0 10.0
1147.0 865.0 20.0 10.0
1170.0 840.0 20.0 10.0
1084.0 855.0 20.0 10.0
1029.0 880.0 20.0 10.0
214.0 647.0 20.0 10.0
2412.0 954.0 20.0 10.0
2401.0 943.0 20.0 10.0
2457.0 1710.0 20.0 10.0
2442.0 1713.0 20.0 10.0
2412.0 1705.0 20.0 10.0
2382.0 1720.0 20.0 10.0
2356.0 1743.0 20.0 10.0
2323.0 1764.0 20.0 10.0
525.0 1937.0 20.0 10.0
550.0 1962.0 20.0 10.0
2584.0 823.0 20.0 10.0
168.0 618.0 20.0 10.0
203.0 623.0 20.0 10.0
2604.0 825.0 20.0 10.0
2586.0 835.0 20.0 10.0
1218.0 2373.0 20.0 10.0
1514.0 2168.0 20.0 10.0
1553.0 2144.0 20.0 10.0
1498.0 2160.0 20.0 10.0
1442.0 930.0 20.0 10.0
41.0 2628.0 20.0 10.0
59.0 2651.0 20.0 10.0
923.0 717.0 20.0 10.0
3419.0 2419.0 20.0 10.0
3416.0 2395.0 20.0 10.0
130.0 2328.0 20.0 10.0
1445.0 281.0 20.0 10.0
1466.0 303.0 20.0 10.0
994.0 2159.0 20.0 10.0
1152.0 2095.0 20.0 10.0
1158.0 2123.0 20.0 10.0
1141.0 2151.0 20.0 10.0
1068.0 2154.0 20.0 10.0
2789.0 781.0 20.0 10.0
385.0 1849.0 20.0 10.0
1365.0 2281.0 20.0 10.0
2311.0 25.0 20.0 10.0
2297.0 46.0 20.0 10.0
2284.0 67.0 20.0 10.0
2269.0 90.0 20.0 10.0
2253.0 113.0 20.0 10.0
2237.0 138.0 20.0 10.0
2219.0 166.0 20.0 10.0
956.0 2423.0 20.0 10.0
967.0 2398.0 20.0 10.0
957.0 2378.0 20.0 10.0
457.0 1166.0 20.0 10.0
462.0 1156.0 20.0 10.0
470.0 1143.0 20.0 10.0
362.0 2671.0 20.0 10.0
337.0 2681.0 20.0 10.0
309.0 2676.0 20.0 10.0
3460.0 2234.0 20.0 10.0
3430.0 2224.0 20.0 10.0
567.0 775.0 20.0 10.0
590.0 756.0 20.0 10.0
642.0 770.0 20.0 10.0
697.0 785.0 20.0 10.0
1999.0 342.0 20.0 10.0
2016.0 335.0 20.0 10.0
2039.0 347.0 20.0 10.0
2064.0 334.0 20.0 10.0
1357.0 833.0 20.0 10.0
1154.0 904.0 20.0 10.0
1147.0 889.0 20.0 10.0
3455.0 2057.0 20.0 10.0
2417.0 1679.0 20.0 10.0
1077.0 2269.0 20.0 10.0
1129.0 2272.0 20.0 10.0
1376.0 2111.0 20.0 10.0
1443.0 941.0 20.0 10.0
423.0 2206.0 20.0 10.0
452.0 2211.0 20.0 10.0
632.0 2240.0 20.0 10.0
1315.0 2455.0 20.0 10.0
1317.0 2438.0 20.0 10.0
1313.0 2416.0 20.0 10.0
3296.0 1230.0 20.0 10.0
3268.0 1217.0 20.0 10.0
850.0 962.0 20.0 10.0
911.0 933.0 20.0 10.0
3317.0 2037.0 20.0 10.0
2457.0 909.0 20.0 10.0
2386.0 876.0 20.0 10.0
3497.0 1843.0 20.0 10.0
2010.0 224.0 20.0 10.0
2017.0 238.0 20.0 10.0
2028.0 256.0 20.0 10.0
2415.0 880.0 20.0 10.0
402.0 690.0 20.0 10.0
3103.0 1969.0 20.0 10.0
1564.0 645.0 20.0 10.0
3289.0 1342.0 20.0 10.0
1589.0 537.0 20.0 10.0
1559.0 543.0 20.0 10.0
2062.0 2087.0 20.0 10.0
2048.0 2088.0 20.0 10.0
2019.0 2088.0 20.0 10.0
906.0 684.0 20.0 10.0
932.0 712.0 20.0 10.0
2088.0 1888.0 20.0 10.0
2047.0 1910.0 20.0 10.0
440.0 1859.0 20.0 10.0
363.0 2377.0 20.0 10.0
450.0 1832.0 20.0 10.0
3341.0 1821.0 20.0 10.0
217.0 604.0 20.0 10.0
524.0 1964.0 20.0 10.0
149.0 1308.0 20.0 10.0
166.0 1286.0 20.0 10.0
1608.0 2202.0 20.0 10.0
1584.0 2186.0 20.0 10.0
2824.0 1964.0 20.0 10.0
2844.0 1978.0 20.0 10.0
2138.0 289.0 20.0 10.0
1786.0 1980.0 20.0 10.0
965.0 787.0 20.0 10.0
3353.0 1220.0 20.0 10.0
3311.0 1219.0 20.0 10.0
402.0 2440.0 20.0 10.0
404.0 2424.0 20.0 10.0
404.0 2394.0 20.0 10.0
424.0 2354.0 20.0 10.0
3074.0 2227.0 20.0 10.0
884.0 660.0 20.0 10.0
1600.0 2210.0 20.0 10.0
1551.0 2185.0 20.0 10.0
3112.0 2225.0 20.0 10.0
2840.0 768.0 20.0 10.0
2814.0 765.0 20.0 10.0
686.0 824.0 20.0 10.0
699.0 828.0 20.0 10.0
1698.0 2246.0 20.0 10.0
1650.0 2232.0 20.0 10.0
489.0 1841.0 20.0 10.0
3130.0 2247.0 20.0 10.0
2483.0 846.0 20.0 10.0
3524.0 1219.0 20.0 10.0
2004.0 439.0 20.0 10.0
781.0 1970.0 20.0 10.0
3333.0 2232.0 20.0 10.0
836.0 1970.0 20.0 10.0
835.0 1986.0 20.0 10.0
1070.0 842.0 20.0 10.0
2490.0 819.0 20.0 10.0
1944.0 777.0 20.0 10.0
3083.0 2074.0 20.0 10.0
330.0 1128.0 20.0 10.0
344.0 1139.0 20.0 10.0
370.0 1153.0 20.0 10.0
1787.0 2022.0 20.0 10.0
1782.0 2052.0 20.0 10.0
3410.0 2332.0 20.0 10.0
3409.0 2295.0 20.0 10.0
3404.0 2256.0 20.0 10.0
3398.0 2214.0 20.0 10.0
866.0 638.0 20.0 10.0
375.0 1211.0 20.0 10.0
363.0 1185.0 20.0 10.0
1522.0 2142.0 20.0 10.0
3364.0 2232.0 20.0 10.0
705.0 2220.0 20.0 10.0
1537.0 448.0 20.0 10.0
1219.0 2360.0 20.0 10.0
1222.0 2345.0 20.0 10.0
763.0 2270.0 20.0 10.0
1403.0 835.0 20.0 10.0
341.0 670.0 20.0 10.0
684.0 1069.0 20.0 10.0
705.0 1042.0 20.0 10.0
730.0 1011.0 20.0 10.0
789.0 988.0 20.0 10.0
3567.0 1214.0 20.0 10.0
1874.0 1998.0 20.0 10.0
1432.0 150.0 20.0 10.0
78.0 2305.0 20.0 10.0
109.0 2303.0 20.0 10.0
146.0 2299.0 20.0 10.0
188.0 2291.0 20.0 10.0
2002.0 1905.0 20.0 10.0
2004.0 1933.0 20.0 10.0
1762.0 794.0 20.0 10.0
1745.0 791.0 20.0 10.0
454.0 1917.0 20.0 10.0
468.0 1919.0 20.0 10.0
309.0 1159.0 20.0 10.0
336.0 1152.0 20.0 10.0
367.0 1143.0 20.0 10.0
2181.0 1840.0 20.0 10.0
2299.0 858.0 20.0 10.0
200.0 2718.0 20.0 10.0
1435.0 2299.0 20.0 10.0
1414.0 2307.0 20.0 10.0
2056.0 210.0 20.0 10.0
820.0 1982.0 20.0 10.0
1456.0 788.0 20.0 10.0
1357.0 806.0 20.0 10.0
1101.0 918.0 20.0 10.0
1122.0 892.0 20.0 10.0
402.0 2268.0 20.0 10.0
429.0 2275.0 20.0 10.0
456.0 2264.0 20.0 10.0
2859.0 754.0 20.0 10.0
59.0 2282.0 20.0 10.0
77.0 2284.0 20.0 10.0
1961.0 1953.0 20.0 10.0
1917.0 1974.0 20.0 10.0
2286.0 266.0 20.0 10.0
2395.0 942.0 20.0 10.0
2379.0 924.0 20.0 10.0
2124.0 1834.0 20.0 10.0
2128.0 1865.0 20.0 10.0
3324.0 1770.0 20.0 10.0
3330.0 1789.0 20.0 10.0
3494.0 1535.0 20.0 10.0
27.0 2711.0 20.0 10.0
1314.0 2470.0 20.0 10.0
682.0 990.0 20.0 10.0
698.0 1012.0 20.0 10.0
1380.0 816.0 20.0 10.0
1147.0 931.0 20.0 10.0
1142.0 919.0 20.0 10.0
399.0 1138.0 20.0 10.0
2575.0 842.0 20.0 10.0
2556.0 850.0 20.0 10.0
2534.0 861.0 20.0 10.0
2501.0 849.0 20.0 10.0
205.0 602.0 20.0 10.0
835.0 601.0 20.0 10.0
3092.0 1988.0 20.0 10.0
3078.0 2016.0 20.0 10.0
2871.0 751.0 20.0 10.0
1829.0 2023.0 20.0 10.0
837.0 1993.0 20.0 10.0
1805.0 2051.0 20.0 10.0
91.0 2308.0 20.0 10.0
1741.0 2278.0 20.0 10.0
2090.0 486.0 20.0 10.0
474.0 2210.0 20.0 10.0
476.0 2223.0 20.0 10.0
474.0 2250.0 20.0 10.0
3542.0 1921.0 20.0 10.0
3516.0 1921.0 20.0 10.0
3507.0 2021.0 20.0 10.0
3463.0 2095.0 20.0 10.0
3309.0 2254.0 20.0 10.0
1546.0 2156.0 20.0 10.0
1034.0 1002.0 20.0 10.0
2522.0 870.0 20.0 10.0
1521.0 309.0 20.0 10.0
1499.0 317.0 20.0 10.0
1982.0 265.0 20.0 10.0
379.0 2244.0 20.0 10.0
395.0 2246.0 20.0 10.0
425.0 2249.0 20.0 10.0
599.0 1104.0 20.0 10.0
1016.0 1032.0 20.0 10.0
59.0 2311.0 20.0 10.0
2870.0 733.0 20.0 10.0
754.0 799.0 20.0 10.0
151.0 1279.0 20.0 10.0
163.0 1276.0 20.0 10.0
407.0 2331.0 20.0 10.0
448.0 2314.0 20.0 10.0
921.0 915.0 20.0 10.0
411.0 1125.0 20.0 10.0
2157.0 464.0 20.0 10.0
3442.0 1400.0 20.0 10.0
3425.0 1390.0 20.0 10.0
3408.0 1369.0 20.0 10.0
328.0 2332.0 20.0 10.0
347.0 2329.0 20.0 10.0
774.0 2261.0 20.0 10.0
785.0 2252.0 20.0 10.0
795.0 2226.0 20.0 10.0
3483.0 1979.0 20.0 10.0
3475.0 2020.0 20.0 10.0
678.0 1057.0 20.0 10.0
267.0 2381.0 20.0 10.0
2723.0 1039.0 20.0 10.0
305.0 1212.0 20.0 10.0
903.0 748.0 20.0 10.0
1491.0 274.0 20.0 10.0
1499.0 293.0 20.0 10.0
291.0 1101.0 20.0 10.0
2011.0 230.0 20.0 10.0
3188.0 2009.0 20.0 10.0
1774.0 2076.0 20.0 10.0
1449.0 938.0 20.0 10.0
1408.0 2338.0 20.0 10.0
3411.0 2366.0 20.0 10.0
2222.0 287.0 20.0 10.0
1976.0 235.0 20.0 10.0
1737.0 790.0 20.0 10.0
663.0 1133.0 20.0 10.0
664.0 1121.0 20.0 10.0
2660.0 2091.0 20.0 10.0
3290.0 1942.0 20.0 10.0
3077.0 1988.0 20.0 10.0
128.0 2300.0 20.0 10.0
152.0 2291.0 20.0 10.0
264.0 2284.0 20.0 10.0
423.0 2279.0 20.0 10.0
1307.0 2392.0 20.0 10.0
1307.0 2364.0 20.0 10.0
2273.0 1790.0 20.0 10.0
2263.0 1796.0 20.0 10.0
347.0 2546.0 20.0 10.0
361.0 2526.0 20.0 10.0
367.0 2509.0 20.0 10.0
470.0 1114.0 20.0 10.0
2870.0 2098.0 20.0 10.0
2913.0 2088.0 20.0 10.0
1446.0 255.0 20.0 10.0
1243.0 2241.0 20.0 10.0
3037.0 2135.0 20.0 10.0
1020.0 907.0 20.0 10.0
193.0 2292.0 20.0 10.0
209.0 2290.0 20.0 10.0
240.0 2287.0 20.0 10.0
297.0 2282.0 20.0 10.0
358.0 2280.0 20.0 10.0
2599.0 985.0 20.0 10.0
1715.0 783.0 20.0 10.0
1685.0 777.0 20.0 10.0
987.0 2104.0 20.0 10.0
999.0 2128.0 20.0 10.0
3332.0 1399.0 20.0 10.0
3325.0 1386.0 20.0 10.0
3307.0 1365.0 20.0 10.0
1446.0 2132.0 20.0 10.0
855.0 2260.0 20.0 10.0
2865.0 1083.0 20.0 10.0
992.0 924.0 20.0 10.0
3403.0 1449.0 20.0 10.0
1366.0 2125.0 20.0 10.0
2347.0 893.0 20.0 10.0
3404.0 1838.0 20.0 10.0
3432.0 1851.0 20.0 10.0
3460.0 1871.0 20.0 10.0
2880.0 1947.0 20.0 10.0
2885.0 1968.0 20.0 10.0
3218.0 2012.0 20.0 10.0
303.0 2649.0 20.0 10.0
1916.0 655.0 20.0 10.0
636.0 1138.0 20.0 10.0
644.0 1124.0 20.0 10.0
640.0 1101.0 20.0 10.0
667.0 1092.0 20.0 10.0
1976.0 553.0 20.0 10.0
2591.0 989.0 20.0 10.0
1887.0 2307.0 20.0 10.0
927.0 744.0 20.0 10.0
959.0 746.0 20.0 10.0
964.0 704.0 20.0 10.0
3222.0 1218.0 20.0 10.0
405.0 721.0 20.0 10.0
420.0 719.0 20.0 10.0
447.0 707.0 20.0 10.0
493.0 724.0 20.0 10.0
498.0 1870.0 20.0 10.0
808.0 2064.0 20.0 10.0
833.0 2088.0 20.0 10.0
841.0 2131.0 20.0 10.0
1245.0 2299.0 20.0 10.0
240.0 1188.0 20.0 10.0
1523.0 402.0 20.0 10.0
353.0 2324.0 20.0 10.0
447.0 2235.0 20.0 10.0
2250.0 270.0 20.0 10.0
2057.0 222.0 20.0 10.0
2003.0 273.0 20.0 10.0
1654.0 2052.0 20.0 10.0
1661.0 2061.0 20.0 10.0
2078.0 851.0 20.0 10.0
2074.0 842.0 20.0 10.0
2062.0 825.0 20.0 10.0
1010.0 931.0 20.0 10.0
2531.0 835.0 20.0 10.0
317.0 687.0 20.0 10.0
2491.0 1680.0 20.0 10.0
2462.0 1677.0 20.0 10.0
3309.0 2021.0 20.0 10.0
1981.0 496.0 20.0 10.0
3118.0 2066.0 20.0 10.0
3148.0 2053.0 20.0 10.0
3174.0 2035.0 20.0 10.0
3194.0 1262.0 20.0 10.0
2084.0 809.0 20.0 10.0
341.0 2392.0 20.0 10.0
1680.0 2259.0 20.0 10.0
893.0 2290.0 20.0 10.0
911.0 2275.0 20.0 10.0
918.0 2247.0 20.0 10.0
551.0 2287.0 20.0 10.0
561.0 2259.0 20.0 10.0
257.0 1177.0 20.0 10.0
272.0 1172.0 20.0 10.0
2112.0 336.0 20.0 10.0
2093.0 357.0 20.0 10.0
225.0 2724.0 20.0 10.0
218.0 2694.0 20.0 10.0
989.0 916.0 20.0 10.0
2083.0 301.0 20.0 10.0
2062.0 282.0 20.0 10.0
497.0 763.0 20.0 10.0
1427.0 2155.0 20.0 10.0
1356.0 2152.0 20.0 10.0
449.0 2357.0 20.0 10.0
431.0 2336.0 20.0 10.0
1988.0 2087.0 20.0 10.0
1871.0 2303.0 20.0 10.0
1410.0 878.0 20.0 10.0
1396.0 866.0 20.0 10.0
1378.0 850.0 20.0 10.0
3224.0 1290.0 20.0 10.0
2108.0 2091.0 20.0 10.0
2092.0 2090.0 20.0 10.0
273.0 1231.0 20.0 10.0
2060.0 397.0 20.0 10.0
2508.0 1670.0 20.0 10.0
988.0 946.0 20.0 10.0
3434.0 2348.0 20.0 10.0
3464.0 1347.0 20.0 10.0
2086.0 47.0 20.0 10.0
2080.0 72.0 20.0 10.0
2081.0 88.0 20.0 10.0
2083.0 106.0 20.0 10.0
2080.0 131.0 20.0 10.0
2075.0 159.0 20.0 10.0
2079.0 193.0 20.0 10.0
2082.0 229.0 20.0 10.0
1578.0 685.0 20.0 10.0
1553.0 671.0 20.0 10.0
1838.0 2311.0 20.0 10.0
2213.0 838.0 20.0 10.0
904.0 699.0 20.0 10.0
1069.0 2102.0 20.0 10.0
1078.0 2125.0 20.0 10.0
2514.0 883.0 20.0 10.0
317.0 1770.0 20.0 10.0
1419.0 118.0 20.0 10.0
1423.0 130.0 20.0 10.0
1428.0 145.0 20.0 10.0
1434.0 162.0 20.0 10.0
437.0 2363.0 20.0 10.0
2194.0 305.0 20.0 10.0
335.0 1783.0 20.0 10.0
348.0 1797.0 20.0 10.0
208.0 1255.0 20.0 10.0
2165.0 310.0 20.0 10.0
2144.0 317.0 20.0 10.0
2121.0 326.0 20.0 10.0
2093.0 339.0 20.0 10.0
2066.0 353.0 20.0 10.0
3464.0 1333.0 20.0 10.0
1684.0 2035.0 20.0 10.0
1687.0 2055.0 20.0 10.0
1696.0 2085.0 20.0 10.0
1676.0 2105.0 20.0 10.0
1615.0 2125.0 20.0 10.0
251.0 1153.0 20.0 10.0
276.0 1160.0 20.0 10.0
292.0 1159.0 20.0 10.0
2497.0 871.0 20.0 10.0
3174.0 1248.0 20.0 10.0
3218.0 1262.0 20.0 10.0
373.0 1282.0 20.0 10.0
379.0 1258.0 20.0 10.0
365.0 1240.0 20.0 10.0
358.0 1217.0 20.0 10.0
123.0 1310.0 20.0 10.0
957.0 2345.0 20.0 10.0
3293.0 1221.0 20.0 10.0
893.0 916.0 20.0 10.0
3193.0 1222.0 20.0 10.0
2072.0 205.0 20.0 10.0
3508.0 1217.0 20.0 10.0
1336.0 2474.0 20.0 10.0
966.0 715.0 20.0 10.0
975.0 730.0 20.0 10.0
986.0 749.0 20.0 10.0
1436.0 917.0 20.0 10.0
1429.0 904.0 20.0 10.0
1419.0 891.0 20.0 10.0
2644.0 2203.0 20.0 10.0
2667.0 2184.0 20.0 10.0
2692.0 2164.0 20.0 10.0
2719.0 2141.0 20.0 10.0
2744.0 2113.0 20.0 10.0
2785.0 2111.0 20.0 10.0
3247.0 1249.0 20.0 10.0
3421.0 2439.0 20.0 10.0
488.0 2277.0 20.0 10.0
775.0 1999.0 20.0 10.0
772.0 2024.0 20.0 10.0
783.0 2045.0 20.0 10.0
3417.0 1383.0 20.0 10.0
374.0 2487.0 20.0 10.0
1841.0 2297.0 20.0 10.0
1817.0 2292.0 20.0 10.0
1782.0 2275.0 20.0 10.0
1741.0 2259.0 20.0 10.0
973.0 902.0 20.0 10.0
1020.0 871.0 20.0 10.0
434.0 1141.0 20.0 10.0
398.0 1165.0 20.0 10.0
3556.0 2014.0 20.0 10.0
3535.0 2016.0 20.0 10.0
234.0 1240.0 20.0 10.0
261.0 1226.0 20.0 10.0
291.0 1212.0 20.0 10.0
326.0 1199.0 20.0 10.0
3588.0 1221.0 20.0 10.0
3521.0 1940.0 20.0 10.0
3490.0 1939.0 20.0 10.0
121.0 2290.0 20.0 10.0
1910.0 2081.0 20.0 10.0
1896.0 2084.0 20.0 10.0
907.0 726.0 20.0 10.0
3412.0 1458.0 20.0 10.0
1884.0 2331.0 20.0 10.0
568.0 1963.0 20.0 10.0
3437.0 1327.0 20.0 10.0
2765.0 765.0 20.0 10.0
2757.0 789.0 20.0 10.0
617.0 1046.0 20.0 10.0
25.0 2695.0 20.0 10.0
53.0 2694.0 20.0 10.0
82.0 2673.0 20.0 10.0
1160.0 928.0 20.0 10.0
402.0 2261.0 20.0 10.0
1195.0 830.0 20.0 10.0
24.0 2316.0 20.0 10.0
743.0 2153.0 20.0 10.0
2788.0 1068.0 20.0 10.0
2801.0 1053.0 20.0 10.0
2405.0 930.0 20.0 10.0
3399.0 2285.0 20.0 10.0
3354.0 1323.0 20.0 10.0
747.0 838.0 20.0 10.0
775.0 821.0 20.0 10.0
3433.0 2092.0 20.0 10.0
2204.0 295.0 20.0 10.0
2185.0 303.0 20.0 10.0
2712.0 2092.0 20.0 10.0
2787.0 767.0 20.0 10.0
2873.0 776.0 20.0 10.0
2314.0 1770.0 20.0 10.0
2302.0 1777.0 20.0 10.0
2287.0 1784.0 20.0 10.0
2406.0 1725.0 20.0 10.0
320.0 1100.0 20.0 10.0
1568.0 559.0 20.0 10.0
1542.0 570.0 20.0 10.0
1548.0 620.0 20.0 10.0
306.0 1123.0 20.0 10.0
320.0 1127.0 20.0 10.0
1448.0 206.0 20.0 10.0
1455.0 232.0 20.0 10.0
1522.0 475.0 20.0 10.0
1532.0 522.0 20.0 10.0
3012.0 2072.0 20.0 10.0
3053.0 1168.0 20.0 10.0
2992.0 1139.0 20.0 10.0
2928.0 1112.0 20.0 10.0
399.0 1855.0 20.0 10.0
2113.0 34.0 20.0 10.0
2101.0 59.0 20.0 10.0
2090.0 86.0 20.0 10.0
969.0 2265.0 20.0 10.0
2099.0 68.0 20.0 10.0
3176.0 1226.0 20.0 10.0
2995.0 2127.0 20.0 10.0
2967.0 2131.0 20.0 10.0
2953.0 2114.0 20.0 10.0
1047.0 2280.0 20.0 10.0
1023.0 2266.0 20.0 10.0
624.0 1158.0 20.0 10.0
2977.0 2167.0 20.0 10.0
2998.0 2142.0 20.0 10.0
3397.0 1371.0 20.0 10.0
3382.0 1347.0 20.0 10.0
957.0 2441.0 20.0 10.0
577.0 1972.0 20.0 10.0
867.0 919.0 20.0 10.0
995.0 778.0 20.0 10.0
253.0 2642.0 20.0 10.0
219.0 2649.0 20.0 10.0
3402.0 1316.0 20.0 10.0
3364.0 1305.0 20.0 10.0
331.0 695.0 20.0 10.0
1320.0 2426.0 20.0 10.0
1956.0 626.0 20.0 10.0
1973.0 604.0 20.0 10.0
1386.0 184.0 20.0 10.0
1459.0 2414.0 20.0 10.0
1808.0 2088.0 20.0 10.0
1864.0 2316.0 20.0 10.0
1786.0 1994.0 20.0 10.0
1387.0 2311.0 20.0 10.0
2146.0 462.0 20.0 10.0
2135.0 458.0 20.0 10.0
24.0 563.0 20.0 10.0
45.0 573.0 20.0 10.0
612.0 1059.0 20.0 10.0
624.0 1054.0 20.0 10.0
649.0 1055.0 20.0 10.0
813.0 816.0 20.0 10.0
878.0 828.0 20.0 10.0
1994.0 207.0 20.0 10.0
2257.0 275.0 20.0 10.0
2241.0 280.0 20.0 10.0
960.0 2307.0 20.0 10.0
1947.0 603.0 20.0 10.0
596.0 1118.0 20.0 10.0
614.0 1102.0 20.0 10.0
3594.0 1613.0 20.0 10.0
3200.0 2035.0 20.0 10.0
265.0 2613.0 20.0 10.0
268.0 2719.0 20.0 10.0
254.0 2691.0 20.0 10.0
1780.0 2303.0 20.0 10.0
1757.0 2301.0 20.0 10.0
1730.0 2295.0 20.0 10.0
1709.0 2280.0 20.0 10.0
1045.0 2324.0 20.0 10.0
1852.0 2297.0 20.0 10.0
1258.0 823.0 20.0 10.0
1027.0 1015.0 20.0 10.0
3565.0 1590.0 20.0 10.0
3552.0 1579.0 20.0 10.0
3538.0 1566.0 20.0 10.0
3522.0 1553.0 20.0 10.0
3513.0 1525.0 20.0 10.0
3485.0 1522.0 20.0 10.0
3296.0 1987.0 20.0 10.0
3326.0 1988.0 20.0 10.0
3317.0 1951.0 20.0 10.0
3318.0 1912.0 20.0 10.0
3326.0 1876.0 20.0 10.0
3340.0 1845.0 20.0 10.0
964.0 691.0 20.0 10.0
1988.0 342.0 20.0 10.0
363.0 1811.0 20.0 10.0
1832.0 2089.0 20.0 10.0
1785.0 2089.0 20.0 10.0
374.0 2336.0 20.0 10.0
3457.0 1335.0 20.0 10.0
1044.0 988.0 20.0 10.0
944.0 725.0 20.0 10.0
1179.0 2042.0 20.0 10.0
3313.0 2306.0 20.0 10.0
3316.0 2276.0 20.0 10.0
290.0 1166.0 20.0 10.0
1777.0 1998.0 20.0 10.0
288.0 2596.0 20.0 10.0
1575.0 789.0 20.0 10.0
945.0 839.0 20.0 10.0
1013.0 848.0 20.0 10.0
517.0 751.0 20.0 10.0
541.0 740.0 20.0 10.0
1835.0 1978.0 20.0 10.0
1833.0 1997.0 20.0 10.0
2521.0 1663.0 20.0 10.0
2472.0 871.0 20.0 10.0
2444.0 863.0 20.0 10.0
50.0 2310.0 20.0 10.0
2880.0 2025.0 20.0 10.0
2894.0 2057.0 20.0 10.0
1465.0 363.0 20.0 10.0
1481.0 370.0 20.0 10.0
2249.0 1804.0 20.0 10.0
2210.0 1824.0 20.0 10.0
1132.0 838.0 20.0 10.0
3387.0 1433.0 20.0 10.0
3356.0 1405.0 20.0 10.0
3322.0 1374.0 20.0 10.0
2199.0 195.0 20.0 10.0
650.0 1012.0 20.0 10.0
670.0 1001.0 20.0 10.0
924.0 2132.0 20.0 10.0
921.0 2165.0 20.0 10.0
848.0 2175.0 20.0 10.0
779.0 2199.0 20.0 10.0
819.0 2206.0 20.0 10.0
2980.0 2198.0 20.0 10.0
3000.0 2176.0 20.0 10.0
1082.0 939.0 20.0 10.0
963.0 2337.0 20.0 10.0
52.0 582.0 20.0 10.0
3417.0 1460.0 20.0 10.0
840.0 2017.0 20.0 10.0
833.0 2047.0 20.0 10.0
331.0 2519.0 20.0 10.0
351.0 2499.0 20.0 10.0
2157.0 825.0 20.0 10.0
2125.0 817.0 20.0 10.0
3061.0 2046.0 20.0 10.0
938.0 2358.0 20.0 10.0
940.0 2330.0 20.0 10.0
2601.0 2028.0 20.0 10.0
2623.0 2039.0 20.0 10.0
2081.0 121.0 20.0 10.0
409.0 2419.0 20.0 10.0
377.0 2229.0 20.0 10.0
586.0 2259.0 20.0 10.0
248.0 2281.0 20.0 10.0
3612.0 1223.0 20.0 10.0
3593.0 1219.0 20.0 10.0
3574.0 1219.0 20.0 10.0
3551.0 1218.0 20.0 10.0
800.0 559.0 20.0 10.0
812.0 572.0 20.0 10.0
1006.0 799.0 20.0 10.0
1032.0 809.0 20.0 10.0
1997.0 1847.0 20.0 10.0
2374.0 918.0 20.0 10.0
2353.0 903.0 20.0 10.0
3268.0 1896.0 20.0 10.0
3293.0 1898.0 20.0 10.0
2047.0 279.0 20.0 10.0
2065.0 307.0 20.0 10.0
804.0 1961.0 20.0 10.0
808.0 1988.0 20.0 10.0
823.0 2013.0 20.0 10.0
1040.0 869.0 20.0 10.0
1554.0 721.0 20.0 10.0
1555.0 771.0 20.0 10.0
3103.0 2221.0 20.0 10.0
2723.0 795.0 20.0 10.0
2685.0 803.0 20.0 10.0
2645.0 810.0 20.0 10.0
2600.0 818.0 20.0 10.0
2553.0 832.0 20.0 10.0
338.0 1755.0 20.0 10.0
850.0 618.0 20.0 10.0
2581.0 2019.0 20.0 10.0
3576.0 1600.0 20.0 10.0
3322.0 1299.0 20.0 10.0
1324.0 2454.0 20.0 10.0
2827.0 2105.0 20.0 10.0
3583.0 1204.0 20.0 10.0
3401.0 2169.0 20.0 10.0
3406.0 2124.0 20.0 10.0
3379.0 2095.0 20.0 10.0
3358.0 2061.0 20.0 10.0
3340.0 2025.0 20.0 10.0
939.0 714.0 20.0 10.0
3505.0 1354.0 20.0 10.0
3491.0 1348.0 20.0 10.0
2265.0 252.0 20.0 10.0
2273.0 270.0 20.0 10.0
1886.0 706.0 20.0 10.0
1853.0 758.0 20.0 10.0
1754.0 762.0 20.0 10.0
1655.0 767.0 20.0 10.0
2526.0 804.0 20.0 10.0
2502.0 802.0 20.0 10.0
142.0 1292.0 20.0 10.0
3463.0 1504.0 20.0 10.0
192.0 647.0 20.0 10.0
463.0 2381.0 20.0 10.0
470.0 2356.0 20.0 10.0
484.0 2331.0 20.0 10.0
2856.0 771.0 20.0 10.0
2073.0 176.0 20.0 10.0
284.0 1113.0 20.0 10.0
989.0 2336.0 20.0 10.0
380.0 1237.0 20.0 10.0
1128.0 897.0 20.0 10.0
1484.0 292.0 20.0 10.0
818.0 1962.0 20.0 10.0
1507.0 359.0 20.0 10.0
3338.0 2255.0 20.0 10.0
2736.0 1024.0 20.0 10.0
980.0 2093.0 20.0 10.0
467.0 740.0 20.0 10.0
1463.0 265.0 20.0 10.0
2681.0 2071.0 20.0 10.0
1557.0 2425.0 20.0 10.0
1542.0 2409.0 20.0 10.0
1528.0 2399.0 20.0 10.0
1511.0 2387.0 20.0 10.0
1489.0 2379.0 20.0 10.0
2326.0 880.0 20.0 10.0
2170.0 1844.0 20.0 10.0
3337.0 1812.0 20.0 10.0
672.0 1028.0 20.0 10.0
2197.0 203.0 20.0 10.0
3143.0 1190.0 20.0 10.0
2097.0 459.0 20.0 10.0
2072.0 470.0 20.0 10.0
2052.0 461.0 20.0 10.0
1163.0 2094.0 20.0 10.0
1446.0 195.0 20.0 10.0
1308.0 2333.0 20.0 10.0
1301.0 2300.0 20.0 10.0
1288.0 2266.0 20.0 10.0
995.0 2279.0 20.0 10.0
3481.0 1334.0 20.0 10.0
397.0 2415.0 20.0 10.0
3243.0 1294.0 20.0 10.0
1969.0 2086.0 20.0 10.0
1954.0 2086.0 20.0 10.0
547.0 2004.0 20.0 10.0
573.0 1991.0 20.0 10.0
598.0 2017.0 20.0 10.0
623.0 2046.0 20.0 10.0
649.0 2073.0 20.0 10.0
677.0 2100.0 20.0 10.0
708.0 2127.0 20.0 10.0
2188.0 214.0 20.0 10.0
2176.0 231.0 20.0 10.0
2150.0 270.0 20.0 10.0
2123.0 313.0 20.0 10.0
44.0 2721.0 20.0 10.0
2975.0 1152.0 20.0 10.0
444.0 2392.0 20.0 10.0
450.0 2379.0 20.0 10.0
1284.0 2151.0 20.0 10.0
1213.0 2151.0 20.0 10.0
3493.0 1333.0 20.0 10.0
1174.0 2056.0 20.0 10.0
1167.0 2071.0 20.0 10.0
2088.0 867.0 20.0 10.0
2084.0 859.0 20.0 10.0
822.0 585.0 20.0 10.0
1054.0 972.0 20.0 10.0
1067.0 957.0 20.0 10.0
2667.0 997.0 20.0 10.0
2599.0 968.0 20.0 10.0
2528.0 940.0 20.0 10.0
3007.0 2104.0 20.0 10.0
3045.0 2080.0 20.0 10.0
2004.0 256.0 20.0 10.0
1614.0 658.0 20.0 10.0
1585.0 665.0 20.0 10.0
3373.0 1837.0 20.0 10.0
3143.0 2263.0 20.0 10.0
2112.0 485.0 20.0 10.0
2119.0 457.0 20.0 10.0
3495.0 1220.0 20.0 10.0
3464.0 1221.0 20.0 10.0
3429.0 1222.0 20.0 10.0
3392.0 1222.0 20.0 10.0
192.0 1293.0 20.0 10.0
186.0 1267.0 20.0 10.0
3231.0 1284.0 20.0 10.0
2031.0 448.0 20.0 10.0
780.0 2179.0 20.0 10.0
193.0 640.0 20.0 10.0
896.0 673.0 20.0 10.0
715.0 832.0 20.0 10.0
743.0 823.0 20.0 10.0
2869.0 1994.0 20.0 10.0
1232.0 2323.0 20.0 10.0
3103.0 1195.0 20.0 10.0
3111.0 1223.0 20.0 10.0
3115.0 1196.0 20.0 10.0
97.0 2603.0 20.0 10.0
107.0 2632.0 20.0 10.0
117.0 2663.0 20.0 10.0
154.0 2666.0 20.0 10.0
192.0 2669.0 20.0 10.0
665.0 1107.0 20.0 10.0
1060.0 2299.0 20.0 10.0
2005.0 501.0 20.0 10.0
1483.0 2458.0 20.0 10.0
1472.0 2436.0 20.0 10.0
1464.0 2420.0 20.0 10.0
1463.0 2398.0 20.0 10.0
1486.0 2364.0 20.0 10.0
1460.0 2371.0 20.0 10.0
1433.0 2356.0 20.0 10.0
1917.0 2086.0 20.0 10.0
1129.0 867.0 20.0 10.0
3507.0 1892.0 20.0 10.0
2667.0 2044.0 20.0 10.0
3114.0 2206.0 20.0 10.0
3086.0 2199.0 20.0 10.0
3064.0 2167.0 20.0 10.0
314.0 2358.0 20.0 10.0
342.0 2357.0 20.0 10.0
374.0 2352.0 20.0 10.0
1762.0 2082.0 20.0 10.0
1736.0 2084.0 20.0 10.0
924.0 2387.0 20.0 10.0
931.0 2374.0 20.0 10.0
497.0 2305.0 20.0 10.0
987.0 2316.0 20.0 10.0
2071.0 2089.0 20.0 10.0
1875.0 2088.0 20.0 10.0
1485.0 342.0 20.0 10.0
1498.0 386.0 20.0 10.0
1510.0 429.0 20.0 10.0
2649.0 2055.0 20.0 10.0
171.0 1269.0 20.0 10.0
175.0 628.0 20.0 10.0
1339.0 2254.0 20.0 10.0
1384.0 2232.0 20.0 10.0
1429.0 2211.0 20.0 10.0
962.0 2417.0 20.0 10.0
2211.0 178.0 20.0 10.0
2067.0 241.0 20.0 10.0
2077.0 266.0 20.0 10.0
1675.0 2080.0 20.0 10.0
291.0 2368.0 20.0 10.0
98.0 2286.0 20.0 10.0
956.0 901.0 20.0 10.0
997.0 885.0 20.0 10.0
432.0 1115.0 20.0 10.0
3452.0 1510.0 20.0 10.0
3448.0 1498.0 20.0 10.0
3285.0 2273.0 20.0 10.0
1400.0 199.0 20.0 10.0
1411.0 211.0 20.0 10.0
1425.0 228.0 20.0 10.0
1472.0 2190.0 20.0 10.0
3257.0 1305.0 20.0 10.0
3227.0 1265.0 20.0 10.0
1434.0 254.0 20.0 10.0
1032.0 909.0 20.0 10.0
1052.0 884.0 20.0 10.0
3340.0 1410.0 20.0 10.0
1440.0 183.0 20.0 10.0
3518.0 2270.0 20.0 10.0
3502.0 2260.0 20.0 10.0
3483.0 2249.0 20.0 10.0
951.0 2417.0 20.0 10.0
493.0 1854.0 20.0 10.0
887.0 917.0 20.0 10.0
3538.0 1368.0 20.0 10.0
3515.0 1358.0 20.0 10.0
2841.0 782.0 20.0 10.0
2821.0 793.0 20.0 10.0
2571.0 2263.0 20.0 10.0
2586.0 2251.0 20.0 10.0
2604.0 2237.0 20.0 10.0
2624.0 2220.0 20.0 10.0
504.0 1887.0 20.0 10.0
496.0 1916.0 20.0 10.0
959.0 762.0 20.0 10.0
2435.0 1681.0 20.0 10.0
3481.0 1900.0 20.0 10.0
277.0 2666.0 20.0 10.0
1182.0 2272.0 20.0 10.0
1235.0 2270.0 20.0 10.0
381.0 2463.0 20.0 10.0
391.0 2431.0 20.0 10.0
3441.0 1483.0 20.0 10.0
2303.0 253.0 20.0 10.0
488.0 1105.0 20.0 10.0
516.0 1091.0 20.0 10.0
565.0 1068.0 20.0 10.0
1693.0 2060.0 20.0 10.0
3500.0 1545.0 20.0 10.0
2247.0 123.0 20.0 10.0
1172.0 794.0 20.0 10.0
1191.0 811.0 20.0 10.0
1207.0 828.0 20.0 10.0
1195.0 855.0 20.0 10.0
3275.0 1282.0 20.0 10.0
3287.0 1954.0 20.0 10.0
