1000
148.0 114.0 20.0 10.0
107.0 107.0 20.0 10.0
114.0 134.0 20.0 10.0
117.0 57.0 20.0 10.0
79.0 95.0 20.0 10.0
114.0 132.0 20.0 10.0
133.0 122.0 20.0 10.0
110.0 71.0 20.0 10.0
106.0 34.0 20.0 10.0
71.0 101.0 20.0 10.0
108.0 127.0 20.0 10.0
109.0 140.0 20.0 10.0
140.0 101.0 20.0 10.0
94.0 122.0 20.0 10.0
109.0 90.0 20.0 10.0
100.0 147.0 20.0 10.0
147.0 104.0 20.0 10.0
111.0 137.0 20.0 10.0
129.0 115.0 20.0 10.0
78.0 135.0 20.0 10.0
125.0 119.0 20.0 10.0
95.0 93.0 20.0 10.0
94.0 155.0 20.0 10.0
119.0 133.0 20.0 10.0
89.0 129.0 20.0 10.0
122.0 141.0 20.0 10.0
87.0 91.0 20.0 10.0
80.0 118.0 20.0 10.0
127.0 125.0 20.0 10.0
102.0 88.0 20.0 10.0
90.0 143.0 20.0 10.0
85.0 98.0 20.0 10.0
117.0 129.0 20.0 10.0
154.0 64.0 20.0 10.0
87.0 105.0 20.0 10.0
110.0 100.0 20.0 10.0
126.0 92.0 20.0 10.0
140.0 132.0 20.0 10.0
133.0 68.0 20.0 10.0
129.0 129.0 20.0 10.0
123.0 176.0 20.0 10.0
164.0 168.0 20.0 10.0
142.0 89.0 20.0 10.0
68.0 112.0 20.0 10.0
94.0 144.0 20.0 10.0
118.0 99.0 20.0 10.0
165.0 146.0 20.0 10.0
168.0 136.0 20.0 10.0
152.0 121.0 20.0 10.0
147.0 88.0 20.0 10.0
176.0 78.0 20.0 10.0
97.0 120.0 20.0 10.0
93.0 111.0 20.0 10.0
132.0 141.0 20.0 10.0
129.0 81.0 20.0 10.0
141.0 108.0 20.0 10.0
84.0 101.0 20.0 10.0
112.0 76.0 20.0 10.0
75.0 133.0 20.0 10.0
98.0 65.0 20.0 10.0
126.0 114.0 20.0 10.0
76.0 97.0 20.0 10.0
63.0 59.0 20.0 10.0
49.0 106.0 20.0 10.0
117.0 107.0 20.0 10.0
116.0 98.0 20.0 10.0
121.0 92.0 20.0 10.0
114.0 127.0 20.0 10.0
80.0 151.0 20.0 10.0
155.0 74.0 20.0 10.0
134.0 137.0 20.0 10.0
110.0 66.0 20.0 10.0
118.0 117.0 20.0 10.0
173.0 67.0 20.0 10.0
135.0 112.0 20.0 10.0
115.0 118.0 20.0 10.0
156.0 110.0 20.0 10.0
121.0 110.0 20.0 10.0
148.0 154.0 20.0 10.0
165.0 123.0 20.0 10.0
42.0 89.0 20.0 10.0
103.0 97.0 20.0 10.0
108.0 114.0 20.0 10.0
82.0 112.0 20.0 10.0
122.0 138.0 20.0 10.0
108.0 111.0 20.0 10.0
79.0 146.0 20.0 10.0
153.0 139.0 20.0 10.0
201.0 84.0 20.0 10.0
106.0 72.0 20.0 10.0
97.0 99.0 20.0 10.0
110.0 93.0 20.0 10.0
108.0 125.0 20.0 10.0
88.0 172.0 20.0 10.0
94.0 140.0 20.0 10.0
145.0 123.0 20.0 10.0
136.0 109.0 20.0 10.0
142.0 127.0 20.0 10.0
186.0 118.0 20.0 10.0
97.0 71.0 20.0 10.0
37.0 111.0 20.0 10.0
132.0 181.0 20.0 10.0
106.0 123.0 20.0 10.0
110.0 196.0 20.0 10.0
122.0 157.0 20.0 10.0
100.0 123.0 20.0 10.0
111.0 44.0 20.0 10.0
150.0 78.0 20.0 10.0
135.0 100.0 20.0 10.0
144.0 138.0 20.0 10.0
163.0 103.0 20.0 10.0
118.0 150.0 20.0 10.0
135.0 113.0 20.0 10.0
103.0 131.0 20.0 10.0
109.0 95.0 20.0 10.0
105.0 117.0 20.0 10.0
129.0 184.0 20.0 10.0
159.0 98.0 20.0 10.0
94.0 137.0 20.0 10.0
81.0 77.0 20.0 10.0
114.0 142.0 20.0 10.0
87.0 62.0 20.0 10.0
71.0 168.0 20.0 10.0
117.0 95.0 20.0 10.0
101.0 113.0 20.0 10.0
70.0 80.0 20.0 10.0
79.0 98.0 20.0 10.0
144.0 72.0 20.0 10.0
49.0 66.0 20.0 10.0
56.0 93.0 20.0 10.0
126.0 143.0 20.0 10.0
182.0 76.0 20.0 10.0
142.0 93.0 20.0 10.0
138.0 130.0 20.0 10.0
92.0 93.0 20.0 10.0
154.0 104.0 20.0 10.0
80.0 93.0 20.0 10.0
112.0 111.0 20.0 10.0
124.0 121.0 20.0 10.0
89.0 136.0 20.0 10.0
137.0 83.0 20.0 10.0
163.0 145.0 20.0 10.0
106.0 90.0 20.0 10.0
88.0 120.0 20.0 10.0
108.0 159.0 20.0 10.0
126.0 121.0 20.0 10.0
110.0 155.0 20.0 10.0
106.0 139.0 20.0 10.0
58.0 114.0 20.0 10.0
115.0 120.0 20.0 10.0
117.0 80.0 20.0 10.0
147.0 172.0 20.0 10.0
116.0 143.0 20.0 10.0
119.0 153.0 20.0 10.0
101.0 75.0 20.0 10.0
103.0 121.0 20.0 10.0
81.0 92.0 20.0 10.0
162.0 150.0 20.0 10.0
118.0 114.0 20.0 10.0
64.0 87.0 20.0 10.0
104.0 157.0 20.0 10.0
112.0 104.0 20.0 10.0
92.0 132.0 20.0 10.0
82.0 80.0 20.0 10.0
82.0 87.0 20.0 10.0
134.0 85.0 20.0 10.0
128.0 132.0 20.0 10.0
155.0 106.0 20.0 10.0
133.0 147.0 20.0 10.0
86.0 146.0 20.0 10.0
76.0 62.0 20.0 10.0
91.0 83.0 20.0 10.0
120.0 86.0 20.0 10.0
162.0 101.0 20.0 10.0
83.0 86.0 20.0 10.0
157.0 79.0 20.0 10.0
161.0 108.0 20.0 10.0
106.0 78.0 20.0 10.0
130.0 115.0 20.0 10.0
163.0 114.0 20.0 10.0
163.0 163.0 20.0 10.0
83.0 102.0 20.0 10.0
114.0 148.0 20.0 10.0
62.0 152.0 20.0 10.0
138.0 126.0 20.0 10.0
104.0 116.0 20.0 10.0
61.0 85.0 20.0 10.0
58.0 79.0 20.0 10.0
176.0 119.0 20.0 10.0
108.0 103.0 20.0 10.0
134.0 99.0 20.0 10.0
97.0 83.0 20.0 10.0
143.0 143.0 20.0 10.0
91.0 65.0 20.0 10.0
101.0 130.0 20.0 10.0
81.0 74.0 20.0 10.0
132.0 44.0 20.0 10.0
96.0 60.0 20.0 10.0
133.0 82.0 20.0 10.0
99.0 125.0 20.0 10.0
122.0 67.0 20.0 10.0
99.0 90.0 20.0 10.0
98.0 124.0 20.0 10.0
97.0 107.0 20.0 10.0
139.0 104.0 20.0 10.0
112.0 94.0 20.0 10.0
125.0 137.0 20.0 10.0
121.0 127.0 20.0 10.0
121.0 133.0 20.0 10.0
68.0 163.0 20.0 10.0
98.0 97.0 20.0 10.0
118.0 61.0 20.0 10.0
100.0 101.0 20.0 10.0
110.0 78.0 20.0 10.0
88.0 161.0 20.0 10.0
109.0 74.0 20.0 10.0
121.0 174.0 20.0 10.0
81.0 62.0 20.0 10.0
70.0 98.0 20.0 10.0
96.0 82.0 20.0 10.0
79.0 124.0 20.0 10.0
93.0 123.0 20.0 10.0
158.0 137.0 20.0 10.0
177.0 122.0 20.0 10.0
33.0 109.0 20.0 10.0
114.0 101.0 20.0 10.0
84.0 152.0 20.0 10.0
137.0 99.0 20.0 10.0
140.0 85.0 20.0 10.0
92.0 67.0 20.0 10.0
116.0 93.0 20.0 10.0
102.0 93.0 20.0 10.0
84.0 103.0 20.0 10.0
105.0 95.0 20.0 10.0
70.0 74.0 20.0 10.0
134.0 80.0 20.0 10.0
123.0 107.0 20.0 10.0
67.0 109.0 20.0 10.0
155.0 112.0 20.0 10.0
126.0 94.0 20.0 10.0
107.0 70.0 20.0 10.0
164.0 71.0 20.0 10.0
106.0 89.0 20.0 10.0
96.0 132.0 20.0 10.0
165.0 121.0 20.0 10.0
124.0 72.0 20.0 10.0
109.0 115.0 20.0 10.0
120.0 141.0 20.0 10.0
76.0 126.0 20.0 10.0
74.0 83.0 20.0 10.0
136.0 157.0 20.0 10.0
105.0 132.0 20.0 10.0
74.0 124.0 20.0 10.0
134.0 114.0 20.0 10.0
116.0 77.0 20.0 10.0
76.0 158.0 20.0 10.0
74.0 86.0 20.0 10.0
115.0 156.0 20.0 10.0
132.0 107.0 20.0 10.0
146.0 134.0 20.0 10.0
69.0 129.0 20.0 10.0
99.0 93.0 20.0 10.0
165.0 109.0 20.0 10.0
131.0 136.0 20.0 10.0
117.0 72.0 20.0 10.0
79.0 106.0 20.0 10.0
152.0 133.0 20.0 10.0
70.0 25.0 20.0 10.0
137.0 115.0 20.0 10.0
125.0 87.0 20.0 10.0
131.0 122.0 20.0 10.0
128.0 82.0 20.0 10.0
77.0 107.0 20.0 10.0
163.0 120.0 20.0 10.0
91.0 125.0 20.0 10.0
92.0 167.0 20.0 10.0
121.0 89.0 20.0 10.0
89.0 67.0 20.0 10.0
164.0 69.0 20.0 10.0
155.0 126.0 20.0 10.0
150.0 153.0 20.0 10.0
79.0 85.0 20.0 10.0
89.0 165.0 20.0 10.0
129.0 150.0 20.0 10.0
74.0 73.0 20.0 10.0
74.0 92.0 20.0 10.0
100.0 135.0 20.0 10.0
91.0 121.0 20.0 10.0
144.0 105.0 20.0 10.0
78.0 102.0 20.0 10.0
150.0 126.0 20.0 10.0
76.0 111.0 20.0 10.0
92.0 104.0 20.0 10.0
64.0 94.0 20.0 10.0
140.0 96.0 20.0 10.0
99.0 46.0 20.0 10.0
168.0 98.0 20.0 10.0
70.0 137.0 20.0 10.0
77.0 117.0 20.0 10.0
105.0 148.0 20.0 10.0
122.0 145.0 20.0 10.0
136.0 145.0 20.0 10.0
123.0 84.0 20.0 10.0
139.0 87.0 20.0 10.0
133.0 179.0 20.0 10.0
121.0 101.0 20.0 10.0
103.0 113.0 20.0 10.0
148.0 159.0 20.0 10.0
123.0 70.0 20.0 10.0
128.0 174.0 20.0 10.0
149.0 102.0 20.0 10.0
87.0 125.0 20.0 10.0
127.0 164.0 20.0 10.0
114.0 99.0 20.0 10.0
66.0 153.0 20.0 10.0
164.0 85.0 20.0 10.0
150.0 63.0 20.0 10.0
149.0 138.0 20.0 10.0
138.0 112.0 20.0 10.0
84.0 67.0 20.0 10.0
181.0 193.0 20.0 10.0
134.0 121.0 20.0 10.0
162.0 92.0 20.0 10.0
103.0 145.0 20.0 10.0
59.0 131.0 20.0 10.0
143.0 99.0 20.0 10.0
133.0 63.0 20.0 10.0
144.0 79.0 20.0 10.0
200.0 36.0 20.0 10.0
163.0 126.0 20.0 10.0
78.0 88.0 20.0 10.0
64.0 133.0 20.0 10.0
78.0 75.0 20.0 10.0
127.0 139.0 20.0 10.0
171.0 130.0 20.0 10.0
147.0 111.0 20.0 10.0
138.0 77.0 20.0 10.0
119.0 129.0 20.0 10.0
115.0 90.0 20.0 10.0
101.0 103.0 20.0 10.0
111.0 118.0 20.0 10.0
154.0 174.0 20.0 10.0
123.0 105.0 20.0 10.0
103.0 67.0 20.0 10.0
98.0 108.0 20.0 10.0
115.0 116.0 20.0 10.0
181.0 105.0 20.0 10.0
70.0 101.0 20.0 10.0
148.0 169.0 20.0 10.0
101.0 83.0 20.0 10.0
111.0 157.0 20.0 10.0
129.0 86.0 20.0 10.0
133.0 91.0 20.0 10.0
136.0 154.0 20.0 10.0
147.0 151.0 20.0 10.0
70.0 124.0 20.0 10.0
163.0 130.0 20.0 10.0
115.0 107.0 20.0 10.0
118.0 111.0 20.0 10.0
140.0 129.0 20.0 10.0
111.0 135.0 20.0 10.0
96.0 163.0 20.0 10.0
86.0 120.0 20.0 10.0
173.0 138.0 20.0 10.0
113.0 139.0 20.0 10.0
116.0 153.0 20.0 10.0
102.0 133.0 20.0 10.0
103.0 50.0 20.0 10.0
119.0 127.0 20.0 10.0
90.0 130.0 20.0 10.0
116.0 82.0 20.0 10.0
116.0 119.0 20.0 10.0
91.0 97.0 20.0 10.0
90.0 122.0 20.0 10.0
147.0 119.0 20.0 10.0
58.0 104.0 20.0 10.0
126.0 123.0 20.0 10.0
120.0 82.0 20.0 10.0
58.0 96.0 20.0 10.0
144.0 133.0 20.0 10.0
152.0 137.0 20.0 10.0
114.0 159.0 20.0 10.0
128.0 51.0 20.0 10.0
126.0 153.0 20.0 10.0
102.0 125.0 20.0 10.0
98.0 73.0 20.0 10.0
94.0 59.0 20.0 10.0
106.0 55.0 20.0 10.0
140.0 151.0 20.0 10.0
135.0 115.0 20.0 10.0
131.0 111.0 20.0 10.0
104.0 128.0 20.0 10.0
110.0 116.0 20.0 10.0
86.0 94.0 20.0 10.0
82.0 142.0 20.0 10.0
137.0 101.0 20.0 10.0
49.0 102.0 20.0 10.0
115.0 138.0 20.0 10.0
73.0 91.0 20.0 10.0
95.0 89.0 20.0 10.0
48.0 116.0 20.0 10.0
62.0 97.0 20.0 10.0
86.0 133.0 20.0 10.0
115.0 73.0 20.0 10.0
109.0 80.0 20.0 10.0
70.0 112.0 20.0 10.0
124.0 147.0 20.0 10.0
86.0 81.0 20.0 10.0
106.0 117.0 20.0 10.0
135.0 146.0 20.0 10.0
105.0 112.0 20.0 10.0
143.0 76.0 20.0 10.0
120.0 106.0 20.0 10.0
135.0 138.0 20.0 10.0
134.0 109.0 20.0 10.0
71.0 115.0 20.0 10.0
77.0 144.0 20.0 10.0
96.0 66.0 20.0 10.0
147.0 101.0 20.0 10.0
155.0 91.0 20.0 10.0
115.0 130.0 20.0 10.0
149.0 136.0 20.0 10.0
126.0 76.0 20.0 10.0
122.0 123.0 20.0 10.0
83.0 99.0 20.0 10.0
165.0 136.0 20.0 10.0
83.0 145.0 20.0 10.0
104.0 133.0 20.0 10.0
94.0 80.0 20.0 10.0
160.0 105.0 20.0 10.0
158.0 90.0 20.0 10.0
62.0 148.0 20.0 10.0
121.0 57.0 20.0 10.0
115.0 66.0 20.0 10.0
76.0 122.0 20.0 10.0
149.0 179.0 20.0 10.0
134.0 89.0 20.0 10.0
123.0 103.0 20.0 10.0
73.0 138.0 20.0 10.0
106.0 163.0 20.0 10.0
92.0 129.0 20.0 10.0
197.0 106.0 20.0 10.0
118.0 122.0 20.0 10.0
105.0 174.0 20.0 10.0
103.0 140.0 20.0 10.0
111.0 101.0 20.0 10.0
194.0 114.0 20.0 10.0
84.0 119.0 20.0 10.0
115.0 109.0 20.0 10.0
124.0 93.0 20.0 10.0
153.0 113.0 20.0 10.0
102.0 120.0 20.0 10.0
64.0 126.0 20.0 10.0
119.0 67.0 20.0 10.0
65.0 138.0 20.0 10.0
130.0 178.0 20.0 10.0
145.0 83.0 20.0 10.0
159.0 76.0 20.0 10.0
86.0 64.0 20.0 10.0
73.0 77.0 20.0 10.0
95.0 142.0 20.0 10.0
144.0 98.0 20.0 10.0
87.0 112.0 20.0 10.0
81.0 102.0 20.0 10.0
64.0 124.0 20.0 10.0
64.0 167.0 20.0 10.0
95.0 116.0 20.0 10.0
81.0 106.0 20.0 10.0
143.0 58.0 20.0 10.0
73.0 128.0 20.0 10.0
63.0 112.0 20.0 10.0
123.0 64.0 20.0 10.0
137.0 181.0 20.0 10.0
128.0 102.0 20.0 10.0
108.0 67.0 20.0 10.0
149.0 107.0 20.0 10.0
133.0 94.0 20.0 10.0
126.0 90.0 20.0 10.0
90.0 75.0 20.0 10.0
140.0 150.0 20.0 10.0
143.0 174.0 20.0 10.0
66.0 92.0 20.0 10.0
82.0 70.0 20.0 10.0
107.0 57.0 20.0 10.0
175.0 122.0 20.0 10.0
87.0 130.0 20.0 10.0
124.0 98.0 20.0 10.0
129.0 121.0 20.0 10.0
132.0 100.0 20.0 10.0
109.0 165.0 20.0 10.0
164.0 100.0 20.0 10.0
79.0 120.0 20.0 10.0
106.0 126.0 20.0 10.0
116.0 105.0 20.0 10.0
109.0 68.0 20.0 10.0
89.0 89.0 20.0 10.0
142.0 134.0 20.0 10.0
74.0 160.0 20.0 10.0
130.0 169.0 20.0 10.0
95.0 76.0 20.0 10.0
128.0 138.0 20.0 10.0
127.0 70.0 20.0 10.0
80.0 65.0 20.0 10.0
152.0 98.0 20.0 10.0
109.0 63.0 20.0 10.0
143.0 95.0 20.0 10.0
112.0 89.0 20.0 10.0
84.0 129.0 20.0 10.0
94.0 92.0 20.0 10.0
120.0 142.0 20.0 10.0
89.0 148.0 20.0 10.0
152.0 124.0 20.0 10.0
93.0 125.0 20.0 10.0
72.0 119.0 20.0 10.0
62.0 88.0 20.0 10.0
89.0 94.0 20.0 10.0
155.0 123.0 20.0 10.0
89.0 101.0 20.0 10.0
121.0 151.0 20.0 10.0
124.0 56.0 20.0 10.0
139.0 148.0 20.0 10.0
102.0 100.0 20.0 10.0
130.0 159.0 20.0 10.0
135.0 90.0 20.0 10.0
111.0 48.0 20.0 10.0
127.0 136.0 20.0 10.0
113.0 114.0 20.0 10.0
83.0 89.0 20.0 10.0
119.0 87.0 20.0 10.0
140.0 115.0 20.0 10.0
125.0 109.0 20.0 10.0
87.0 116.0 20.0 10.0
149.0 116.0 20.0 10.0
139.0 105.0 20.0 10.0
127.0 90.0 20.0 10.0
141.0 136.0 20.0 10.0
71.0 121.0 20.0 10.0
123.0 89.0 20.0 10.0
91.0 138.0 20.0 10.0
118.0 74.0 20.0 10.0
131.0 145.0 20.0 10.0
152.0 86.0 20.0 10.0
95.0 170.0 20.0 10.0
89.0 108.0 20.0 10.0
104.0 58.0 20.0 10.0
62.0 119.0 20.0 10.0
140.0 119.0 20.0 10.0
137.0 118.0 20.0 10.0
146.0 159.0 20.0 10.0
125.0 140.0 20.0 10.0
69.0 108.0 20.0 10.0
117.0 101.0 20.0 10.0
82.0 68.0 20.0 10.0
153.0 71.0 20.0 10.0
69.0 161.0 20.0 10.0
27.0 33.0 20.0 10.0
96.0 106.0 20.0 10.0
99.0 150.0 20.0 10.0
108.0 120.0 20.0 10.0
111.0 146.0 20.0 10.0
148.0 116.0 20.0 10.0
74.0 95.0 20.0 10.0
123.0 125.0 20.0 10.0
99.0 86.0 20.0 10.0
118.0 96.0 20.0 10.0
140.0 162.0 20.0 10.0
145.0 78.0 20.0 10.0
75.0 100.0 20.0 10.0
87.0 136.0 20.0 10.0
62.0 113.0 20.0 10.0
112.0 58.0 20.0 10.0
200.0 155.0 20.0 10.0
73.0 107.0 20.0 10.0
150.0 130.0 20.0 10.0
137.0 162.0 20.0 10.0
71.0 56.0 20.0 10.0
123.0 101.0 20.0 10.0
63.0 138.0 20.0 10.0
96.0 159.0 20.0 10.0
46.0 113.0 20.0 10.0
100.0 109.0 20.0 10.0
156.0 98.0 20.0 10.0
127.0 73.0 20.0 10.0
77.0 169.0 20.0 10.0
135.0 110.0 20.0 10.0
84.0 160.0 20.0 10.0
97.0 115.0 20.0 10.0
128.0 75.0 20.0 10.0
137.0 125.0 20.0 10.0
60.0 101.0 20.0 10.0
73.0 117.0 20.0 10.0
108.0 86.0 20.0 10.0
104.0 84.0 20.0 10.0
120.0 85.0 20.0 10.0
147.0 114.0 20.0 10.0
158.0 100.0 20.0 10.0
104.0 167.0 20.0 10.0
53.0 100.0 20.0 10.0
137.0 76.0 20.0 10.0
102.0 108.0 20.0 10.0
92.0 70.0 20.0 10.0
95.0 148.0 20.0 10.0
87.0 117.0 20.0 10.0
37.0 124.0 20.0 10.0
159.0 113.0 20.0 10.0
79.0 148.0 20.0 10.0
141.0 91.0 20.0 10.0
108.0 140.0 20.0 10.0
72.0 146.0 20.0 10.0
153.0 95.0 20.0 10.0
166.0 141.0 20.0 10.0
118.0 146.0 20.0 10.0
150.0 120.0 20.0 10.0
134.0 167.0 20.0 10.0
181.0 111.0 20.0 10.0
108.0 107.0 20.0 10.0
70.0 127.0 20.0 10.0
124.0 175.0 20.0 10.0
104.0 106.0 20.0 10.0
94.0 85.0 20.0 10.0
89.0 85.0 20.0 10.0
162.0 63.0 20.0 10.0
99.0 99.0 20.0 10.0
96.0 95.0 20.0 10.0
122.0 154.0 20.0 10.0
133.0 127.0 20.0 10.0
42.0 163.0 20.0 10.0
109.0 145.0 20.0 10.0
91.0 147.0 20.0 10.0
111.0 144.0 20.0 10.0
136.0 80.0 20.0 10.0
161.0 152.0 20.0 10.0
106.0 91.0 20.0 10.0
88.0 139.0 20.0 10.0
80.0 103.0 20.0 10.0
132.0 118.0 20.0 10.0
166.0 129.0 20.0 10.0
96.0 150.0 20.0 10.0
137.0 91.0 20.0 10.0
138.0 69.0 20.0 10.0
110.0 124.0 20.0 10.0
97.0 77.0 20.0 10.0
93.0 91.0 20.0 10.0
157.0 140.0 20.0 10.0
145.0 118.0 20.0 10.0
106.0 94.0 20.0 10.0
108.0 74.0 20.0 10.0
120.0 136.0 20.0 10.0
185.0 84.0 20.0 10.0
171.0 82.0 20.0 10.0
112.0 92.0 20.0 10.0
111.0 141.0 20.0 10.0
122.0 119.0 20.0 10.0
110.0 151.0 20.0 10.0
134.0 131.0 20.0 10.0
123.0 116.0 20.0 10.0
99.0 144.0 20.0 10.0
68.0 142.0 20.0 10.0
79.0 99.0 20.0 10.0
151.0 95.0 20.0 10.0
71.0 103.0 20.0 10.0
94.0 127.0 20.0 10.0
133.0 104.0 20.0 10.0
112.0 106.0 20.0 10.0
106.0 76.0 20.0 10.0
127.0 85.0 20.0 10.0
147.0 90.0 20.0 10.0
138.0 65.0 20.0 10.0
150.0 93.0 20.0 10.0
110.0 103.0 20.0 10.0
137.0 127.0 20.0 10.0
107.0 103.0 20.0 10.0
84.0 106.0 20.0 10.0
97.0 111.0 20.0 10.0
110.0 128.0 20.0 10.0
113.0 170.0 20.0 10.0
111.0 125.0 20.0 10.0
156.0 146.0 20.0 10.0
106.0 159.0 20.0 10.0
79.0 126.0 20.0 10.0
133.0 139.0 20.0 10.0
116.0 125.0 20.0 10.0
131.0 86.0 20.0 10.0
159.0 129.0 20.0 10.0
121.0 99.0 20.0 10.0
137.0 111.0 20.0 10.0
151.0 102.0 20.0 10.0
175.0 74.0 20.0 10.0
122.0 107.0 20.0 10.0
111.0 162.0 20.0 10.0
156.0 126.0 20.0 10.0
134.0 88.0 20.0 10.0
56.0 98.0 20.0 10.0
100.0 71.0 20.0 10.0
65.0 107.0 20.0 10.0
92.0 101.0 20.0 10.0
97.0 122.0 20.0 10.0
167.0 122.0 20.0 10.0
88.0 85.0 20.0 10.0
127.0 161.0 20.0 10.0
129.0 156.0 20.0 10.0
95.0 135.0 20.0 10.0
145.0 55.0 20.0 10.0
141.0 124.0 20.0 10.0
130.0 66.0 20.0 10.0
104.0 154.0 20.0 10.0
105.0 88.0 20.0 10.0
91.0 118.0 20.0 10.0
110.0 147.0 20.0 10.0
119.0 77.0 20.0 10.0
129.0 145.0 20.0 10.0
117.0 112.0 20.0 10.0
106.0 136.0 20.0 10.0
93.0 75.0 20.0 10.0
124.0 170.0 20.0 10.0
129.0 56.0 20.0 10.0
137.0 137.0 20.0 10.0
149.0 90.0 20.0 10.0
86.0 100.0 20.0 10.0
125.0 145.0 20.0 10.0
101.0 128.0 20.0 10.0
113.0 122.0 20.0 10.0
135.0 105.0 20.0 10.0
190.0 108.0 20.0 10.0
108.0 98.0 20.0 10.0
92.0 86.0 20.0 10.0
135.0 66.0 20.0 10.0
121.0 115.0 20.0 10.0
87.0 54.0 20.0 10.0
139.0 116.0 20.0 10.0
121.0 80.0 20.0 10.0
143.0 104.0 20.0 10.0
99.0 97.0 20.0 10.0
92.0 107.0 20.0 10.0
87.0 84.0 20.0 10.0
155.0 68.0 20.0 10.0
186.0 141.0 20.0 10.0
112.0 83.0 20.0 10.0
189.0 132.0 20.0 10.0
95.0 64.0 20.0 10.0
128.0 142.0 20.0 10.0
147.0 131.0 20.0 10.0
134.0 149.0 20.0 10.0
149.0 58.0 20.0 10.0
121.0 104.0 20.0 10.0
99.0 100.0 20.0 10.0
105.0 100.0 20.0 10.0
99.0 142.0 20.0 10.0
100.0 163.0 20.0 10.0
146.0 140.0 20.0 10.0
131.0 131.0 20.0 10.0
117.0 94.0 20.0 10.0
149.0 111.0 20.0 10.0
106.0 101.0 20.0 10.0
81.0 134.0 20.0 10.0
127.0 118.0 20.0 10.0
145.0 121.0 20.0 10.0
119.0 103.0 20.0 10.0
153.0 102.0 20.0 10.0
83.0 109.0 20.0 10.0
116.0 99.0 20.0 10.0
102.0 104.0 20.0 10.0
121.0 77.0 20.0 10.0
108.0 131.0 20.0 10.0
120.0 53.0 20.0 10.0
135.0 159.0 20.0 10.0
131.0 77.0 20.0 10.0
99.0 137.0 20.0 10.0
107.0 157.0 20.0 10.0
136.0 124.0 20.0 10.0
152.0 140.0 20.0 10.0
156.0 123.0 20.0 10.0
123.0 151.0 20.0 10.0
52.0 143.0 20.0 10.0
114.0 55.0 20.0 10.0
124.0 113.0 20.0 10.0
140.0 141.0 20.0 10.0
100.0 149.0 20.0 10.0
152.0 81.0 20.0 10.0
130.0 117.0 20.0 10.0
181.0 117.0 20.0 10.0
74.0 152.0 20.0 10.0
149.0 143.0 20.0 10.0
142.0 139.0 20.0 10.0
102.0 90.0 20.0 10.0
97.0 131.0 20.0 10.0
80.0 112.0 20.0 10.0
86.0 121.0 20.0 10.0
145.0 156.0 20.0 10.0
123.0 96.0 20.0 10.0
89.0 100.0 20.0 10.0
89.0 132.0 20.0 10.0
103.0 155.0 20.0 10.0
112.0 56.0 20.0 10.0
111.0 88.0 20.0 10.0
129.0 91.0 20.0 10.0
50.0 155.0 20.0 10.0
54.0 133.0 20.0 10.0
129.0 97.0 20.0 10.0
129.0 154.0 20.0 10.0
161.0 81.0 20.0 10.0
78.0 129.0 20.0 10.0
126.0 134.0 20.0 10.0
118.0 44.0 20.0 10.0
65.0 121.0 20.0 10.0
144.0 82.0 20.0 10.0
86.0 87.0 20.0 10.0
134.0 83.0 20.0 10.0
92.0 114.0 20.0 10.0
95.0 103.0 20.0 10.0
139.0 128.0 20.0 10.0
65.0 135.0 20.0 10.0
85.0 126.0 20.0 10.0
99.0 154.0 20.0 10.0
84.0 95.0 20.0 10.0
98.0 128.0 20.0 10.0
121.0 82.0 20.0 10.0
101.0 111.0 20.0 10.0
159.0 135.0 20.0 10.0
85.0 123.0 20.0 10.0
146.0 129.0 20.0 10.0
83.0 164.0 20.0 10.0
110.0 111.0 20.0 10.0
46.0 121.0 20.0 10.0
149.0 150.0 20.0 10.0
111.0 132.0 20.0 10.0
169.0 77.0 20.0 10.0
117.0 134.0 20.0 10.0
152.0 115.0 20.0 10.0
115.0 111.0 20.0 10.0
127.0 109.0 20.0 10.0
76.0 108.0 20.0 10.0
74.0 113.0 20.0 10.0
175.0 96.0 20.0 10.0
99.0 57.0 20.0 10.0
125.0 70.0 20.0 10.0
119.0 124.0 20.0 10.0
107.0 180.0 20.0 10.0
159.0 103.0 20.0 10.0
98.0 140.0 20.0 10.0
91.0 112.0 20.0 10.0
115.0 146.0 20.0 10.0
90.0 87.0 20.0 10.0
102.0 150.0 20.0 10.0
88.0 144.0 20.0 10.0
158.0 117.0 20.0 10.0
112.0 121.0 20.0 10.0
124.0 154.0 20.0 10.0
123.0 50.0 20.0 10.0
129.0 111.0 20.0 10.0
139.0 46.0 20.0 10.0
113.0 88.0 20.0 10.0
122.0 86.0 20.0 10.0
128.0 119.0 20.0 10.0
154.0 85.0 20.0 10.0
164.0 118.0 20.0 10.0
171.0 108.0 20.0 10.0
78.0 139.0 20.0 10.0
101.0 122.0 20.0 10.0
88.0 99.0 20.0 10.0
108.0 134.0 20.0 10.0
85.0 143.0 20.0 10.0
133.0 134.0 20.0 10.0
102.0 80.0 20.0 10.0
137.0 103.0 20.0 10.0
135.0 57.0 20.0 10.0
156.0 89.0 20.0 10.0
137.0 107.0 20.0 10.0
143.0 149.0 20.0 10.0
104.0 165.0 20.0 10.0
124.0 126.0 20.0 10.0
68.0 116.0 20.0 10.0
112.0 99.0 20.0 10.0
140.0 140.0 20.0 10.0
105.0 177.0 20.0 10.0
194.0 118.0 20.0 10.0
168.0 55.0 20.0 10.0
157.0 137.0 20.0 10.0
156.0 58.0 20.0 10.0
88.0 134.0 20.0 10.0
126.0 111.0 20.0 10.0
115.0 167.0 20.0 10.0
172.0 113.0 20.0 10.0
92.0 136.0 20.0 10.0
101.0 154.0 20.0 10.0
108.0 122.0 20.0 10.0
68.0 83.0 20.0 10.0
177.0 87.0 20.0 10.0
81.0 133.0 20.0 10.0
94.0 147.0 20.0 10.0
95.0 139.0 20.0 10.0
69.0 154.0 20.0 10.0
120.0 69.0 20.0 10.0
105.0 115.0 20.0 10.0
130.0 124.0 20.0 10.0
114.0 77.0 20.0 10.0
143.0 120.0 20.0 10.0
25.0 126.0 20.0 10.0
97.0 118.0 20.0 10.0
116.0 116.0 20.0 10.0
130.0 94.0 20.0 10.0
112.0 108.0 20.0 10.0
118.0 156.0 20.0 10.0
113.0 121.0 20.0 10.0
74.0 156.0 20.0 10.0
97.0 139.0 20.0 10.0
120.0 90.0 20.0 10.0
93.0 109.0 20.0 10.0
127.0 97.0 20.0 10.0
86.0 141.0 20.0 10.0
93.0 82.0 20.0 10.0
126.0 146.0 20.0 10.0
112.0 64.0 20.0 10.0
88.0 109.0 20.0 10.0
85.0 79.0 20.0 10.0
131.0 127.0 20.0 10.0
114.0 144.0 20.0 10.0
118.0 88.0 20.0 10.0
139.0 108.0 20.0 10.0
92.0 117.0 20.0 10.0
118.0 139.0 20.0 10.0
111.0 81.0 20.0 10.0
106.0 102.0 20.0 10.0
146.0 127.0 20.0 10.0
75.0 125.0 20.0 10.0
118.0 115.0 20.0 10.0
156.0 97.0 20.0 10.0
135.0 94.0 20.0 10.0
79.0 140.0 20.0 10.0
65.0 84.0 20.0 10.0
106.0 97.0 20.0 10.0
127.0 107.0 20.0 10.0
143.0 109.0 20.0 10.0
156.0 151.0 20.0 10.0
135.0 117.0 20.0 10.0
158.0 71.0 20.0 10.0
146.0 96.0 20.0 10.0
97.0 104.0 20.0 10.0
119.0 120.0 20.0 10.0
117.0 91.0 20.0 10.0
102.0999984741211 125.0 20.0 10.0
104.0 81.0 20.0 10.0
86.0 156.0 20.0 10.0
62.0 143.0 20.0 10.0
147.0 63.0 20.0 10.0
148.0 122.0 20.0 10.0
128.0 64.0 20.0 10.0
144.0 107.0 20.0 10.0
139.0 38.0 20.0 10.0
108.0 84.0 20.0 10.0
103.0 119.0 20.0 10.0
64.0 65.0 20.0 10.0
133.0 124.0 20.0 10.0
85.0 109.0 20.0 10.0
153.0 162.0 20.0 10.0
76.0 68.0 20.0 10.0
148.0 141.0 20.0 10.0
100.0 118.0 20.0 10.0
53.0 120.0 20.0 10.0
119.0 118.0 20.0 10.0
151.0 83.0 20.0 10.0
151.0 89.0 20.0 10.0
60.0 127.0 20.0 10.0
177.0 112.0 20.0 10.0
138.0 122.0 20.0 10.0
136.0 88.0 20.0 10.0
31.0 121.0 20.0 10.0
141.0 88.0 20.0 10.0
114.0 83.0 20.0 10.0
108.0 112.0 20.0 10.0
72.0 143.0 20.0 10.0
74.0 103.0 20.0 10.0
84.0 122.0 20.0 10.0
101.0 117.0 20.0 10.0
161.0 97.0 20.0 10.0
105.0 111.0 20.0 10.0
127.0 83.0 20.0 10.0
68.0 103.0 20.0 10.0
124.0 129.0 20.0 10.0
112.0 79.0 20.0 10.0
81.0 141.0 20.0 10.0
68.0 157.0 20.0 10.0
99.0 112.0 20.0 10.0
124.0 136.0 20.0 10.0
153.0 120.0 20.0 10.0
109.0 158.0 20.0 10.0
132.0 153.0 20.0 10.0
80.0 137.0 20.0 10.0
99.0 110.0 20.0 10.0
122.0 130.0 20.0 10.0
79.0 113.0 20.0 10.0
189.0 46.0 20.0 10.0
141.0 77.0 20.0 10.0
158.0 84.0 20.0 10.0
108.0 109.0 20.0 10.0
129.0 105.0 20.0 10.0
72.0 150.0 20.0 10.0
159.0 143.0 20.0 10.0
74.0 110.0 20.0 10.0
100.0 171.0 20.0 10.0
