1000
124.0 105.0 20.0 10.0
111.0 123.0 20.0 10.0
165.0 116.0 20.0 10.0
83.0 138.0 20.0 10.0
102.0 80.0 20.0 10.0
130.0 106.0 20.0 10.0
143.0 131.0 20.0 10.0
184.0 166.0 20.0 10.0
164.0 167.0 20.0 10.0
132.0 91.0 20.0 10.0
190.0 96.0 20.0 10.0
181.0 106.0 20.0 10.0
168.0 133.0 20.0 10.0
87.0 102.0 20.0 10.0
119.0 130.0 20.0 10.0
153.0 89.0 20.0 10.0
207.0 121.0 20.0 10.0
170.0 111.0 20.0 10.0
134.0 119.0 20.0 10.0
145.0 89.0 20.0 10.0
162.0 165.0 20.0 10.0
147.0 101.0 20.0 10.0
100.0 83.0 20.0 10.0
162.0 154.0 20.0 10.0
133.0 122.0 20.0 10.0
143.0 146.0 20.0 10.0
134.0 173.0 20.0 10.0
106.0 140.0 20.0 10.0
155.0 125.0 20.0 10.0
153.0 159.0 20.0 10.0
165.0 131.0 20.0 10.0
132.0 154.0 20.0 10.0
92.0 111.0 20.0 10.0
153.0 113.0 20.0 10.0
119.0 62.0 20.0 10.0
159.0 92.0 20.0 10.0
145.0 153.0 20.0 10.0
106.0 104.0 20.0 10.0
120.0 105.0 20.0 10.0
126.0 115.0 20.0 10.0
126.0 97.0 20.0 10.0
100.0 122.0 20.0 10.0
143.0 166.0 20.0 10.0
113.0 133.0 20.0 10.0
132.0 131.0 20.0 10.0
118.0 127.0 20.0 10.0
108.0 113.0 20.0 10.0
167.0 177.0 20.0 10.0
129.0 159.0 20.0 10.0
198.0 139.0 20.0 10.0
147.0 174.0 20.0 10.0
149.0 137.0 20.0 10.0
141.0 110.0 20.0 10.0
112.0 172.0 20.0 10.0
82.0 111.0 20.0 10.0
135.0 164.0 20.0 10.0
160.0 178.0 20.0 10.0
129.0 113.0 20.0 10.0
186.0 130.0 20.0 10.0
131.0 65.0 20.0 10.0
134.0 189.0 20.0 10.0
159.0 132.0 20.0 10.0
164.0 103.0 20.0 10.0
148.0 93.0 20.0 10.0
124.0 109.0 20.0 10.0
138.0 100.0 20.0 10.0
127.0 158.0 20.0 10.0
152.0 146.0 20.0 10.0
140.0 133.0 20.0 10.0
177.0 170.0 20.0 10.0
127.0 135.0 20.0 10.0
152.0 173.0 20.0 10.0
121.0 128.0 20.0 10.0
116.0 145.0 20.0 10.0
156.0 149.0 20.0 10.0
104.0 149.0 20.0 10.0
148.0 130.0 20.0 10.0
88.0 117.0 20.0 10.0
146.0 122.0 20.0 10.0
104.0 153.0 20.0 10.0
160.0 134.0 20.0 10.0
120.0 97.0 20.0 10.0
162.0 160.0 20.0 10.0
150.0 105.0 20.0 10.0
167.0 76.0 20.0 10.0
145.0 147.0 20.0 10.0
103.0 131.0 20.0 10.0
83.0 119.0 20.0 10.0
79.0 114.0 20.0 10.0
119.0 116.0 20.0 10.0
171.0 159.0 20.0 10.0
143.0 94.0 20.0 10.0
97.0 135.0 20.0 10.0
122.0 72.0 20.0 10.0
134.0 107.0 20.0 10.0
109.0 120.0 20.0 10.0
102.0 106.0 20.0 10.0
171.0 123.0 20.0 10.0
155.0 82.0 20.0 10.0
155.0 121.0 20.0 10.0
154.0 152.0 20.0 10.0
154.0 51.0 20.0 10.0
142.0 88.0 20.0 10.0
155.0 154.0 20.0 10.0
149.0 139.0 20.0 10.0
151.0 164.0 20.0 10.0
180.0 145.0 20.0 10.0
116.0 79.0 20.0 10.0
147.0 104.0 20.0 10.0
138.0 139.0 20.0 10.0
88.0 63.0 20.0 10.0
164.0 94.0 20.0 10.0
130.0 103.0 20.0 10.0
135.0 107.0 20.0 10.0
122.0 88.0 20.0 10.0
139.0 133.0 20.0 10.0
209.0 201.0 20.0 10.0
141.0 148.0 20.0 10.0
193.0 122.0 20.0 10.0
132.0 109.0 20.0 10.0
99.0 111.0 20.0 10.0
148.0 144.0 20.0 10.0
120.0 141.0 20.0 10.0
132.0 189.0 20.0 10.0
157.0 141.0 20.0 10.0
112.0 131.0 20.0 10.0
133.0 90.0 20.0 10.0
145.0 191.0 20.0 10.0
150.0 154.0 20.0 10.0
111.0 192.0 20.0 10.0
141.0 66.0 20.0 10.0
216.0 140.0 20.0 10.0
130.0 101.0 20.0 10.0
129.0 119.0 20.0 10.0
140.0 90.0 20.0 10.0
126.0 152.0 20.0 10.0
102.0 141.0 20.0 10.0
146.0 108.0 20.0 10.0
189.0 147.0 20.0 10.0
166.0 145.0 20.0 10.0
151.0 93.0 20.0 10.0
146.0 178.0 20.0 10.0
57.0 135.0 20.0 10.0
122.0 119.0 20.0 10.0
169.0 68.0 20.0 10.0
187.0 111.0 20.0 10.0
131.0 169.0 20.0 10.0
123.0 113.0 20.0 10.0
169.0 162.0 20.0 10.0
172.0 146.0 20.0 10.0
91.0 98.0 20.0 10.0
132.0 143.0 20.0 10.0
86.0 130.0 20.0 10.0
68.0 166.0 20.0 10.0
113.0 148.0 20.0 10.0
150.0 135.0 20.0 10.0
163.0 151.0 20.0 10.0
187.0 92.0 20.0 10.0
113.0 163.0 20.0 10.0
129.0 135.0 20.0 10.0
179.0 82.0 20.0 10.0
139.0 145.0 20.0 10.0
191.0 117.0 20.0 10.0
166.0 147.0 20.0 10.0
110.0 83.0 20.0 10.0
162.0 119.0 20.0 10.0
125.0 129.0 20.0 10.0
87.0 157.0 20.0 10.0
120.0 117.0 20.0 10.0
167.0 88.0 20.0 10.0
185.0 109.0 20.0 10.0
208.0 112.0 20.0 10.0
178.0 113.0 20.0 10.0
121.0 74.0 20.0 10.0
117.0 119.0 20.0 10.0
143.0 100.0 20.0 10.0
93.0 93.0 20.0 10.0
182.0 152.0 20.0 10.0
167.0 128.0 20.0 10.0
184.0 147.0 20.0 10.0
118.0 123.0 20.0 10.0
169.0 121.0 20.0 10.0
73.0 100.0 20.0 10.0
204.0 135.0 20.0 10.0
131.0 163.0 20.0 10.0
172.0 159.0 20.0 10.0
96.0 88.0 20.0 10.0
119.0 136.0 20.0 10.0
134.0 66.0 20.0 10.0
191.0 149.0 20.0 10.0
93.0 88.0 20.0 10.0
108.0 91.0 20.0 10.0
154.0 126.0 20.0 10.0
97.0 72.0 20.0 10.0
105.0 101.0 20.0 10.0
107.0 106.0 20.0 10.0
186.0 148.0 20.0 10.0
173.0 151.0 20.0 10.0
163.0 124.0 20.0 10.0
144.0 120.0 20.0 10.0
188.0 61.0 20.0 10.0
67.0 137.0 20.0 10.0
160.0 96.0 20.0 10.0
101.0 123.0 20.0 10.0
115.0 169.0 20.0 10.0
169.0 102.0 20.0 10.0
197.0 144.0 20.0 10.0
108.0 124.0 20.0 10.0
131.0 111.0 20.0 10.0
126.0 143.0 20.0 10.0
103.0 84.0 20.0 10.0
136.0 25.0 20.0 10.0
170.0 94.0 20.0 10.0
108.0 158.0 20.0 10.0
134.0 115.0 20.0 10.0
187.0 64.0 20.0 10.0
111.0 106.0 20.0 10.0
124.0 85.0 20.0 10.0
190.0 120.0 20.0 10.0
150.0 87.0 20.0 10.0
158.0 104.0 20.0 10.0
182.0 139.0 20.0 10.0
199.0 106.0 20.0 10.0
131.0 95.0 20.0 10.0
162.0 169.0 20.0 10.0
122.0 124.0 20.0 10.0
124.0 122.0 20.0 10.0
77.0 96.0 20.0 10.0
108.0 69.0 20.0 10.0
118.0 58.0 20.0 10.0
105.0 117.0 20.0 10.0
155.0 91.0 20.0 10.0
166.0 96.0 20.0 10.0
149.0 109.0 20.0 10.0
157.0 71.0 20.0 10.0
107.0 84.0 20.0 10.0
129.0 144.0 20.0 10.0
162.0 106.0 20.0 10.0
147.0 117.0 20.0 10.0
154.0 72.0 20.0 10.0
170.0 156.0 20.0 10.0
119.0 151.0 20.0 10.0
103.0 82.0 20.0 10.0
179.0 145.0 20.0 10.0
110.0 100.0 20.0 10.0
145.0 115.0 20.0 10.0
137.0 97.0 20.0 10.0
153.0 164.0 20.0 10.0
175.0 104.0 20.0 10.0
147.0 99.0 20.0 10.0
137.0 102.0 20.0 10.0
171.0 96.0 20.0 10.0
109.0 85.0 20.0 10.0
129.0 164.0 20.0 10.0
149.0 168.0 20.0 10.0
146.0 75.0 20.0 10.0
111.0 94.0 20.0 10.0
136.0 105.0 20.0 10.0
122.0 113.0 20.0 10.0
193.0 89.0 20.0 10.0
114.0 149.0 20.0 10.0
148.0 151.0 20.0 10.0
116.0 89.0 20.0 10.0
162.0 136.0 20.0 10.0
130.0 105.0 20.0 10.0
155.0 86.0 20.0 10.0
102.0 118.0 20.0 10.0
167.0 153.0 20.0 10.0
112.0 155.0 20.0 10.0
172.0 135.0 20.0 10.0
131.0 140.0 20.0 10.0
184.0 119.0 20.0 10.0
119.0 114.0 20.0 10.0
147.0 120.0 20.0 10.0
194.0 164.0 20.0 10.0
161.0 89.0 20.0 10.0
124.0 165.0 20.0 10.0
185.0 155.0 20.0 10.0
140.0 141.0 20.0 10.0
156.0 141.0 20.0 10.0
153.0 116.0 20.0 10.0
164.0 68.0 20.0 10.0
144.0 161.0 20.0 10.0
110.0 125.0 20.0 10.0
134.0 155.0 20.0 10.0
135.0 115.0 20.0 10.0
133.0 152.0 20.0 10.0
136.0 159.0 20.0 10.0
146.0 97.0 20.0 10.0
110.0 116.0 20.0 10.0
187.0 126.0 20.0 10.0
97.0 89.0 20.0 10.0
195.0 96.0 20.0 10.0
181.0 136.0 20.0 10.0
149.0 121.0 20.0 10.0
152.0 77.0 20.0 10.0
176.0 125.0 20.0 10.0
124.0 149.0 20.0 10.0
158.0 154.0 20.0 10.0
138.0 114.0 20.0 10.0
195.0 93.0 20.0 10.0
130.0 126.0 20.0 10.0
154.0 80.0 20.0 10.0
138.0 154.0 20.0 10.0
199.0 111.0 20.0 10.0
139.0 169.0 20.0 10.0
155.0 111.0 20.0 10.0
125.0 102.0 20.0 10.0
184.0 105.0 20.0 10.0
154.0 134.0 20.0 10.0
144.0 113.0 20.0 10.0
196.0 128.0 20.0 10.0
146.0 169.0 20.0 10.0
139.0 76.0 20.0 10.0
172.0 130.0 20.0 10.0
151.0 153.0 20.0 10.0
165.0 98.0 20.0 10.0
56.0 143.0 20.0 10.0
159.0 105.0 20.0 10.0
174.0 130.0 20.0 10.0
86.0 125.0 20.0 10.0
116.0 128.0 20.0 10.0
141.0 169.0 20.0 10.0
136.0 98.0 20.0 10.0
137.0 134.0 20.0 10.0
152.0 73.0 20.0 10.0
176.0 122.0 20.0 10.0
145.0 104.0 20.0 10.0
126.0 107.0 20.0 10.0
150.0 118.0 20.0 10.0
125.0 72.0 20.0 10.0
127.0 109.0 20.0 10.0
187.0 134.0 20.0 10.0
129.0 149.0 20.0 10.0
194.0 142.0 20.0 10.0
164.0 145.0 20.0 10.0
168.0 154.0 20.0 10.0
152.0 134.0 20.0 10.0
134.0 103.0 20.0 10.0
129.0 137.0 20.0 10.0
165.0 112.0 20.0 10.0
201.0 116.0 20.0 10.0
194.0 108.0 20.0 10.0
158.0 138.0 20.0 10.0
155.0 101.0 20.0 10.0
179.0 128.0 20.0 10.0
155.0 126.0 20.0 10.0
139.0 160.0 20.0 10.0
183.0 80.0 20.0 10.0
160.0 130.0 20.0 10.0
153.0 97.0 20.0 10.0
132.0 135.0 20.0 10.0
155.0 108.0 20.0 10.0
182.0 125.0 20.0 10.0
157.0 169.0 20.0 10.0
173.0 108.0 20.0 10.0
144.0 121.0 20.0 10.0
128.0 139.0 20.0 10.0
105.0 127.0 20.0 10.0
98.0 124.0 20.0 10.0
174.0 148.0 20.0 10.0
104.0 119.0 20.0 10.0
171.0 120.0 20.0 10.0
149.0 91.0 20.0 10.0
166.0 123.0 20.0 10.0
125.0 126.0 20.0 10.0
186.0 118.0 20.0 10.0
129.0 86.0 20.0 10.0
125.0 141.0 20.0 10.0
154.0 137.0 20.0 10.0
99.0 115.0 20.0 10.0
131.0 80.0 20.0 10.0
123.0 95.0 20.0 10.0
100.0 94.0 20.0 10.0
118.0 78.0 20.0 10.0
147.0 73.0 20.0 10.0
145.0 93.0 20.0 10.0
127.0 122.0 20.0 10.0
160.0 106.0 20.0 10.0
142.0 117.0 20.0 10.0
172.0 98.0 20.0 10.0
98.0 129.0 20.0 10.0
114.0 136.0 20.0 10.0
114.0 118.0 20.0 10.0
109.0 153.0 20.0 10.0
151.0 127.0 20.0 10.0
155.0 161.0 20.0 10.0
163.0 173.0 20.0 10.0
183.0 86.0 20.0 10.0
115.0 141.0 20.0 10.0
122.0 126.0 20.0 10.0
134.0 137.0 20.0 10.0
181.0 142.0 20.0 10.0
184.0 94.0 20.0 10.0
173.0 101.0 20.0 10.0
132.0 146.0 20.0 10.0
67.0 129.0 20.0 10.0
144.0 79.0 20.0 10.0
126.0 69.0 20.0 10.0
132.0 167.0 20.0 10.0
165.0 76.0 20.0 10.0
130.0 108.0 20.0 10.0
123.0 118.0 20.0 10.0
168.0 110.0 20.0 10.0
100.0 131.0 20.0 10.0
112.0 117.0 20.0 10.0
179.0 99.0 20.0 10.0
134.0 92.0 20.0 10.0
141.0 155.0 20.0 10.0
116.0 123.0 20.0 10.0
159.0 150.0 20.0 10.0
157.0 117.0 20.0 10.0
107.0 144.0 20.0 10.0
97.0 154.0 20.0 10.0
119.0 86.0 20.0 10.0
127.0 87.0 20.0 10.0
107.0 95.0 20.0 10.0
121.0 121.0 20.0 10.0
182.0 104.0 20.0 10.0
137.0 152.0 20.0 10.0
121.0 134.0 20.0 10.0
177.0 119.0 20.0 10.0
159.0 114.0 20.0 10.0
81.0 126.0 20.0 10.0
157.0 150.0 20.0 10.0
138.0 84.0 20.0 10.0
161.0 146.0 20.0 10.0
136.0 150.0 20.0 10.0
148.0 148.0 20.0 10.0
138.0 128.0 20.0 10.0
118.0 139.0 20.0 10.0
140.0 81.0 20.0 10.0
187.0 96.0 20.0 10.0
93.0 126.0 20.0 10.0
128.0 102.0 20.0 10.0
178.0 95.0 20.0 10.0
96.0 108.0 20.0 10.0
127.0 164.0 20.0 10.0
107.0 118.0 20.0 10.0
192.0 125.0 20.0 10.0
114.0 110.0 20.0 10.0
132.0 126.0 20.0 10.0
136.0 140.0 20.0 10.0
193.0 90.0 20.0 10.0
192.0 93.0 20.0 10.0
102.0 172.0 20.0 10.0
153.0 99.0 20.0 10.0
97.0 98.0 20.0 10.0
189.0 151.0 20.0 10.0
139.0 106.0 20.0 10.0
165.0 92.0 20.0 10.0
128.0 93.0 20.0 10.0
174.0 132.0 20.0 10.0
183.0 101.0 20.0 10.0
178.0 121.0 20.0 10.0
152.0 144.0 20.0 10.0
147.0 121.0 20.0 10.0
137.0 111.0 20.0 10.0
151.0 121.0 20.0 10.0
198.0 124.0 20.0 10.0
146.0 85.0 20.0 10.0
162.0 111.0 20.0 10.0
175.0 138.0 20.0 10.0
182.0 76.0 20.0 10.0
205.0 94.0 20.0 10.0
119.0 157.0 20.0 10.0
93.0 157.0 20.0 10.0
172.0 139.0 20.0 10.0
97.0 113.0 20.0 10.0
143.0 54.0 20.0 10.0
145.0 130.0 20.0 10.0
172.0 143.0 20.0 10.0
145.0 110.0 20.0 10.0
158.0 111.0 20.0 10.0
199.0 73.0 20.0 10.0
125.0 75.0 20.0 10.0
152.0 142.0 20.0 10.0
209.0 92.0 20.0 10.0
99.0 101.0 20.0 10.0
111.0 107.0 20.0 10.0
139.0 68.0 20.0 10.0
93.0 84.0 20.0 10.0
141.0 123.0 20.0 10.0
198.0 151.0 20.0 10.0
143.0 134.0 20.0 10.0
174.0 124.0 20.0 10.0
159.0 165.0 20.0 10.0
154.0 113.0 20.0 10.0
115.0 78.0 20.0 10.0
135.0 136.0 20.0 10.0
118.0 85.0 20.0 10.0
197.0 117.0 20.0 10.0
189.0 125.0 20.0 10.0
162.0 129.0 20.0 10.0
87.0 144.0 20.0 10.0
126.0 91.0 20.0 10.0
95.0 146.0 20.0 10.0
121.0 78.0 20.0 10.0
102.0 114.0 20.0 10.0
124.0 90.0 20.0 10.0
188.0 66.0 20.0 10.0
117.0 152.0 20.0 10.0
152.0 79.0 20.0 10.0
104.0 135.0 20.0 10.0
116.0 75.0 20.0 10.0
103.0 64.0 20.0 10.0
131.0 122.0 20.0 10.0
116.0 115.0 20.0 10.0
88.0 137.0 20.0 10.0
76.0 90.0 20.0 10.0
162.0 141.0 20.0 10.0
117.0 93.0 20.0 10.0
164.0 118.0 20.0 10.0
141.0 75.0 20.0 10.0
139.0 107.0 20.0 10.0
147.0 125.0 20.0 10.0
137.0 72.0 20.0 10.0
76.0 111.0 20.0 10.0
98.0 150.0 20.0 10.0
133.0 129.0 20.0 10.0
189.0 131.0 20.0 10.0
155.0 172.0 20.0 10.0
130.0 177.0 20.0 10.0
156.0 115.0 20.0 10.0
185.0 116.0 20.0 10.0
116.0 132.0 20.0 10.0
116.0 162.0 20.0 10.0
168.0 106.0 20.0 10.0
125.0 136.0 20.0 10.0
141.0 152.0 20.0 10.0
191.0 168.0 20.0 10.0
113.0 139.0 20.0 10.0
210.0 111.0 20.0 10.0
86.0 134.0 20.0 10.0
114.0 181.0 20.0 10.0
126.0 105.0 20.0 10.0
184.0 137.0 20.0 10.0
133.0 61.0 20.0 10.0
94.0 121.0 20.0 10.0
145.0 41.0 20.0 10.0
189.0 101.0 20.0 10.0
142.0 104.0 20.0 10.0
146.0 162.0 20.0 10.0
126.0 147.0 20.0 10.0
186.0 138.0 20.0 10.0
134.0 146.0 20.0 10.0
112.0 102.0 20.0 10.0
165.0 128.0 20.0 10.0
86.0 108.0 20.0 10.0
97.0 143.0 20.0 10.0
178.0 142.0 20.0 10.0
106.0 147.0 20.0 10.0
179.0 153.0 20.0 10.0
112.0 166.0 20.0 10.0
132.0 54.0 20.0 10.0
160.0 112.0 20.0 10.0
173.0 152.0 20.0 10.0
184.0 157.0 20.0 10.0
130.0 42.0 20.0 10.0
89.0 145.0 20.0 10.0
163.0 130.0 20.0 10.0
174.0 86.0 20.0 10.0
106.0 139.0 20.0 10.0
157.0 160.0 20.0 10.0
155.0 94.0 20.0 10.0
156.0 165.0 20.0 10.0
193.0 68.0 20.0 10.0
139.0 121.0 20.0 10.0
166.0 86.0 20.0 10.0
25.0 118.0 20.0 10.0
169.0 175.0 20.0 10.0
139.0 70.0 20.0 10.0
148.0 155.0 20.0 10.0
77.0 162.0 20.0 10.0
172.0 55.0 20.0 10.0
160.0 122.0 20.0 10.0
186.0 89.0 20.0 10.0
120.0 91.0 20.0 10.0
152.0 99.0 20.0 10.0
93.0 133.0 20.0 10.0
154.0 144.0 20.0 10.0
121.0 110.0 20.0 10.0
128.0 100.0 20.0 10.0
109.0 129.0 20.0 10.0
137.0 123.0 20.0 10.0
160.0 116.0 20.0 10.0
177.0 145.0 20.0 10.0
144.0 154.0 20.0 10.0
111.0 90.0 20.0 10.0
174.0 109.0 20.0 10.0
106.0 79.0 20.0 10.0
95.0 124.0 20.0 10.0
105.0 112.0 20.0 10.0
125.0 121.0 20.0 10.0
120.0 81.0 20.0 10.0
145.0 48.0 20.0 10.0
152.0 107.0 20.0 10.0
177.0 131.0 20.0 10.0
137.0 177.0 20.0 10.0
121.0 102.0 20.0 10.0
111.0 76.0 20.0 10.0
125.0 154.0 20.0 10.0
110.0 126.0 20.0 10.0
158.0 106.0 20.0 10.0
153.0 140.0 20.0 10.0
152.0 118.0 20.0 10.0
165.0 78.0 20.0 10.0
168.0 135.0 20.0 10.0
164.0 105.0 20.0 10.0
113.0 99.0 20.0 10.0
205.0 86.0 20.0 10.0
146.0 135.0 20.0 10.0
129.0 83.0 20.0 10.0
134.0 97.0 20.0 10.0
104.0 133.0 20.0 10.0
136.0 130.0 20.0 10.0
103.0 140.0 20.0 10.0
190.0 114.0 20.0 10.0
95.0 82.0 20.0 10.0
123.0 156.0 20.0 10.0
88.0 97.0 20.0 10.0
163.0 136.0 20.0 10.0
155.0 145.0 20.0 10.0
134.0 157.0 20.0 10.0
150.0 70.0 20.0 10.0
108.0 131.0 20.0 10.0
108.0 99.0 20.0 10.0
143.0 126.0 20.0 10.0
164.0 142.0 20.0 10.0
105.0 98.0 20.0 10.0
140.0 122.0 20.0 10.0
180.0 176.0 20.0 10.0
164.0 109.0 20.0 10.0
171.0 126.0 20.0 10.0
146.0 95.0 20.0 10.0
168.0 149.0 20.0 10.0
154.0 190.0 20.0 10.0
112.0 78.0 20.0 10.0
157.0 98.0 20.0 10.0
164.0 182.0 20.0 10.0
148.0 85.0 20.0 10.0
89.0 161.0 20.0 10.0
167.0 162.0 20.0 10.0
175.0 100.0 20.0 10.0
196.0 90.0 20.0 10.0
128.0 124.0 20.0 10.0
117.0 134.0 20.0 10.0
162.0 88.0 20.0 10.0
129.0 123.0 20.0 10.0
111.0 105.0 20.0 10.0
160.0 140.0 20.0 10.0
135.0 111.0 20.0 10.0
180.0 118.0 20.0 10.0
122.0 43.0 20.0 10.0
138.0 148.0 20.0 10.0
180.0 158.0 20.0 10.0
192.0 127.0 20.0 10.0
117.0 97.0 20.0 10.0
169.0 165.0 20.0 10.0
177.0 87.0 20.0 10.0
141.0 116.0 20.0 10.0
146.0 144.0 20.0 10.0
110.0 146.0 20.0 10.0
117.0 104.0 20.0 10.0
151.0 125.0 20.0 10.0
142.0 150.0 20.0 10.0
165.0 87.0 20.0 10.0
102.0 162.0 20.0 10.0
156.0 124.0 20.0 10.0
138.0 156.0 20.0 10.0
196.0 139.0 20.0 10.0
135.0 81.0 20.0 10.0
181.0 153.0 20.0 10.0
130.0 114.0 20.0 10.0
147.0 105.0 20.0 10.0
83.0 168.0 20.0 10.0
147.0 133.0 20.0 10.0
167.0 140.0 20.0 10.0
160.0 91.0 20.0 10.0
94.0 150.0 20.0 10.0
112.0 111.0 20.0 10.0
143.0 97.0 20.0 10.0
123.0 140.0 20.0 10.0
143.0 84.0 20.0 10.0
109.0 78.0 20.0 10.0
74.0 39.0 20.0 10.0
126.0 81.0 20.0 10.0
125.0 109.0 20.0 10.0
131.0 72.0 20.0 10.0
128.0 62.0 20.0 10.0
111.0 160.0 20.0 10.0
125.0 94.0 20.0 10.0
99.0 143.0 20.0 10.0
109.0 96.0 20.0 10.0
93.0 135.0 20.0 10.0
105.0 70.0 20.0 10.0
134.0 69.0 20.0 10.0
195.0 145.0 20.0 10.0
159.0 117.0 20.0 10.0
175.0 155.0 20.0 10.0
156.0 96.0 20.0 10.0
121.0 148.0 20.0 10.0
113.0 105.0 20.0 10.0
166.0 116.0 20.0 10.0
114.0 127.0 20.0 10.0
92.0 77.0 20.0 10.0
173.0 82.0 20.0 10.0
189.0 136.0 20.0 10.0
165.0 140.0 20.0 10.0
151.0 73.0 20.0 10.0
147.0 139.0 20.0 10.0
172.0 114.0 20.0 10.0
197.0 123.0 20.0 10.0
176.0 105.0 20.0 10.0
143.0 118.0 20.0 10.0
122.0 151.0 20.0 10.0
126.0 126.0 20.0 10.0
136.0 79.0 20.0 10.0
142.0 137.0 20.0 10.0
162.0 91.0 20.0 10.0
166.0 118.0 20.0 10.0
159.0 120.0 20.0 10.0
118.0 179.0 20.0 10.0
95.0 116.0 20.0 10.0
108.0 115.0 20.0 10.0
120.0 125.0 20.0 10.0
122.0 137.0 20.0 10.0
150.0 143.0 20.0 10.0
116.0 107.0 20.0 10.0
140.0 94.0 20.0 10.0
134.0 179.0 20.0 10.0
153.0 148.0 20.0 10.0
139.0 86.0 20.0 10.0
156.0 77.0 20.0 10.0
97.0 93.0 20.0 10.0
186.0 153.0 20.0 10.0
171.0 79.0 20.0 10.0
161.0 148.0 20.0 10.0
118.0 134.0 20.0 10.0
110.0 110.0 20.0 10.0
137.0 89.0 20.0 10.0
164.0 72.0 20.0 10.0
124.0 139.0 20.0 10.0
180.0 122.0 20.0 10.0
161.0 79.0 20.0 10.0
168.0 129.0 20.0 10.0
160.0 121.0 20.0 10.0
132.0 78.0 20.0 10.0
75.0 115.0 20.0 10.0
119.0 77.0 20.0 10.0
126.0 149.0 20.0 10.0
96.0 122.0 20.0 10.0
188.0 158.0 20.0 10.0
149.0 134.0 20.0 10.0
124.0 143.0 20.0 10.0
183.0 98.0 20.0 10.0
201.0 134.0 20.0 10.0
76.0 114.0 20.0 10.0
139.0 81.0 20.0 10.0
151.0 70.0 20.0 10.0
159.0 78.0 20.0 10.0
131.0 128.0 20.0 10.0
123.0 82.0 20.0 10.0
179.0 56.0 20.0 10.0
174.0 128.0 20.0 10.0
131.0 143.0 20.0 10.0
168.0 70.0 20.0 10.0
168.0 125.0 20.0 10.0
100.0 157.0 20.0 10.0
150.0 130.0 20.0 10.0
137.0 93.0 20.0 10.0
73.0 138.0 20.0 10.0
135.0 88.0 20.0 10.0
107.0 109.0 20.0 10.0
131.0 150.0 20.0 10.0
134.0 126.0 20.0 10.0
147.0 159.0 20.0 10.0
165.0 142.0 20.0 10.0
112.0 129.0 20.0 10.0
123.0 144.0 20.0 10.0
130.0 148.0 20.0 10.0
137.0 137.0 20.0 10.0
105.0 125.0 20.0 10.0
170.0 90.0 20.0 10.0
127.0 65.0 20.0 10.0
168.0 81.0 20.0 10.0
170.0 117.0 20.0 10.0
114.0 157.0 20.0 10.0
87.0 105.0 20.0 10.0
161.0 134.0 20.0 10.0
143.0 169.0 20.0 10.0
184.0 108.0 20.0 10.0
147.0 166.0 20.0 10.0
112.0 140.0 20.0 10.0
124.0 107.0 20.0 10.0
115.0 121.0 20.0 10.0
144.0 86.0 20.0 10.0
168.0 91.0 20.0 10.0
83.0 100.0 20.0 10.0
159.0 126.0 20.0 10.0
115.0 102.0 20.0 10.0
136.0 95.0 20.0 10.0
150.0 147.0 20.0 10.0
148.0 97.0 20.0 10.0
177.0 162.0 20.0 10.0
152.0 152.0 20.0 10.0
159.0 170.0 20.0 10.0
120.0 132.0 20.0 10.0
99.0 71.0 20.0 10.0
113.0 69.0 20.0 10.0
132.0 115.0 20.0 10.0
115.0 97.0 20.0 10.0
158.0 133.0 20.0 10.0
170.0 131.0 20.0 10.0
180.0 87.0 20.0 10.0
94.0 101.0 20.0 10.0
151.0 168.0 20.0 10.0
144.0 129.0 20.0 10.0
166.0 83.0 20.0 10.0
176.0 102.0 20.0 10.0
167.0 109.0 20.0 10.0
173.0 90.0 20.0 10.0
103.0 128.0 20.0 10.0
125.0 171.0 20.0 10.0
160.0 156.0 20.0 10.0
138.0 125.0 20.0 10.0
176.0 174.0 20.0 10.0
80.0 156.0 20.0 10.0
143.0 139.0 20.0 10.0
121.0 143.0 20.0 10.0
80.0 85.0 20.0 10.0
160.0 124.0 20.0 10.0
97.0 156.0 20.0 10.0
142.0 90.0 20.0 10.0
140.0 96.0 20.0 10.0
110.0 98.0 20.0 10.0
117.0 125.0 20.0 10.0
153.0 155.0 20.0 10.0
150.0 124.0 20.0 10.0
125.0 146.0 20.0 10.0
134.0 145.0 20.0 10.0
113.0 114.0 20.0 10.0
119.0 100.0 20.0 10.0
130.0 187.0 20.0 10.0
185.0 38.0 20.0 10.0
178.0 110.0 20.0 10.0
196.0 132.0 20.0 10.0
108.0 96.0 20.0 10.0
197.0 164.0 20.0 10.0
116.0 154.0 20.0 10.0
123.0 91.0 20.0 10.0
133.0 87.0 20.0 10.0
183.0 87.0 20.0 10.0
123.0 97.0 20.0 10.0
171.0 71.0 20.0 10.0
136.0 142.0 20.0 10.0
104.0 174.0 20.0 10.0
137.0 105.0 20.0 10.0
82.0 143.0 20.0 10.0
172.0 97.0 20.0 10.0
116.0 109.0 20.0 10.0
105.0 115.0 20.0 10.0
90.0 138.0 20.0 10.0
144.0 81.0 20.0 10.0
93.0 141.0 20.0 10.0
147.0 129.0 20.0 10.0
129.0 90.0 20.0 10.0
157.0 88.0 20.0 10.0
84.0 91.0 20.0 10.0
152.0 82.0 20.0 10.0
163.0 120.0 20.0 10.0
113.0 144.0 20.0 10.0
152.0 111.0 20.0 10.0
110.0 114.0 20.0 10.0
148.0 64.0 20.0 10.0
130.0 157.0 20.0 10.0
140.0 185.0 20.0 10.0
114.0 108.0 20.0 10.0
141.0 143.0 20.0 10.0
112.0 101.0 20.0 10.0
101.0 154.0 20.0 10.0
171.0 138.0 20.0 10.0
159.0 98.0 20.0 10.0
139.0 88.0 20.0 10.0
153.0 181.0 20.0 10.0
157.0 64.0 20.0 10.0
120.0 154.0 20.0 10.0
140.0 139.0 20.0 10.0
181.0 93.0 20.0 10.0
155.0 104.0 20.0 10.0
176.0 134.0 20.0 10.0
123.0 102.0 20.0 10.0
130.0 117.0 20.0 10.0
162.0 103.0 20.0 10.0
154.0 66.0 20.0 10.0
158.0 109.0 20.0 10.0
138.0 63.0 20.0 10.0
128.0 115.0 20.0 10.0
133.0 113.0 20.0 10.0
163.0 101.0 20.0 10.0
125.0 58.0 20.0 10.0
195.0 98.0 20.0 10.0
27.0 123.0 20.0 10.0
92.0 136.0 20.0 10.0
202.0 128.0 20.0 10.0
179.0 108.0 20.0 10.0
135.0 131.0 20.0 10.0
174.0 106.0 20.0 10.0
141.0 131.0 20.0 10.0
152.0 84.0 20.0 10.0
161.0 84.0 20.0 10.0
151.0 124.0 20.0 10.0
135.0 100.0 20.0 10.0
180.0 114.0 20.0 10.0
162.0 97.0 20.0 10.0
145.0 106.0 20.0 10.0
143.0 102.0 20.0 10.0
161.0 143.0 20.0 10.0
164.0 110.0 20.0 10.0
136.0 124.0 20.0 10.0
114.0 132.0 20.0 10.0
133.0 102.0 20.0 10.0
101.0 77.0 20.0 10.0
146.0 126.0 20.0 10.0
163.0 158.0 20.0 10.0
131.0 57.0 20.0 10.0
154.0 119.0 20.0 10.0
186.0 175.0 20.0 10.0
145.0 157.0 20.0 10.0
140.0 101.0 20.0 10.0
181.0 113.0 20.0 10.0
154.0 87.0 20.0 10.0
178.0 79.0 20.0 10.0
145.0 171.0 20.0 10.0
124.0 167.0 20.0 10.0
154.0 130.0 20.0 10.0
167.0 114.0 20.0 10.0
172.0 125.0 20.0 10.0
171.0 122.0 20.0 10.0
97.0 102.0 20.0 10.0
116.0 137.0 20.0 10.0
175.0 94.0 20.0 10.0
109.0 136.0 20.0 10.0
85.0 112.0 20.0 10.0
169.0 140.0 20.0 10.0
174.0 170.0 20.0 10.0
139.0 113.0 20.0 10.0
132.0 99.0 20.0 10.0
179.0 162.0 20.0 10.0
138.0 120.0 20.0 10.0
105.0 145.0 20.0 10.0
179.0 132.0 20.0 10.0
192.0 109.0 20.0 10.0
102.0 150.0 20.0 10.0
123.0 119.0 20.0 10.0
170.0 135.0 20.0 10.0
144.0 66.0 20.0 10.0
131.0 137.0 20.0 10.0
134.0 141.0 20.0 10.0
159.0 86.0 20.0 10.0
108.0 88.0 20.0 10.0
174.0 117.0 20.0 10.0
144.0 107.0 20.0 10.0
128.0 130.0 20.0 10.0
166.0 166.0 20.0 10.0
109.0 133.0 20.0 10.0
187.0 181.0 20.0 10.0
74.0 119.0 20.0 10.0
198.0 97.0 20.0 10.0
208.0 166.0 20.0 10.0
142.0 128.0 20.0 10.0
117.0 81.0 20.0 10.0
128.0 154.0 20.0 10.0
72.0 118.0 20.0 10.0
127.0 173.0 20.0 10.0
126.0 182.0 20.0 10.0
170.0 81.0 20.0 10.0
141.0 114.0 20.0 10.0
151.0 102.0 20.0 10.0
117.0 146.0 20.0 10.0
83.0 106.0 20.0 10.0
146.0 77.0 20.0 10.0
149.0 112.0 20.0 10.0
153.0 106.0 20.0 10.0
181.0 103.0 20.0 10.0
161.0 114.0 20.0 10.0
81.0 133.0 20.0 10.0
216.0 85.0 20.0 10.0
121.0 108.0 20.0 10.0
113.0 83.0 20.0 10.0
133.0 124.0 20.0 10.0
161.0 94.0 20.0 10.0
152.0 115.0 20.0 10.0
161.0 131.0 20.0 10.0
149.0 114.0 20.0 10.0
115.0 96.0 20.0 10.0
138.0 138.0 20.0 10.0
155.0 157.0 20.0 10.0
166.0 133.0 20.0 10.0
124.0 100.0 20.0 10.0
