1000
98.0 84.0 20.0 10.0
80.0 86.0 20.0 10.0
86.0 88.0 20.0 10.0
79.0 97.0 20.0 10.0
84.0 86.0 20.0 10.0
92.0 87.0 20.0 10.0
80.0 93.0 20.0 10.0
88.0 87.0 20.0 10.0
74.0 78.0 20.0 10.0
84.0 87.0 20.0 10.0
81.0 85.0 20.0 10.0
78.0 79.0 20.0 10.0
90.0 86.0 20.0 10.0
97.0 94.0 20.0 10.0
93.0 90.0 20.0 10.0
75.0 89.0 20.0 10.0
87.0 94.0 20.0 10.0
88.0 84.0 20.0 10.0
82.0 90.0 20.0 10.0
90.0 104.0 20.0 10.0
99.0 80.0 20.0 10.0
84.0 79.0 20.0 10.0
70.0 97.0 20.0 10.0
86.0 69.0 20.0 10.0
79.0 72.0 20.0 10.0
102.0 104.0 20.0 10.0
82.0 86.0 20.0 10.0
105.0 76.0 20.0 10.0
92.0 75.0 20.0 10.0
97.0 87.0 20.0 10.0
87.0 86.0 20.0 10.0
82.0 103.0 20.0 10.0
103.0 94.0 20.0 10.0
83.0 81.0 20.0 10.0
76.0 94.0 20.0 10.0
77.0 89.0 20.0 10.0
80.0 68.0 20.0 10.0
85.0 73.0 20.0 10.0
92.0 89.0 20.0 10.0
94.0 74.0 20.0 10.0
89.0 77.0 20.0 10.0
90.0 95.0 20.0 10.0
68.0 75.0 20.0 10.0
94.0 103.0 20.0 10.0
88.0 72.0 20.0 10.0
95.0 101.0 20.0 10.0
84.0 80.0 20.0 10.0
84.0 94.0 20.0 10.0
71.0 92.0 20.0 10.0
92.0 70.0 20.0 10.0
73.0 84.0 20.0 10.0
82.0 93.0 20.0 10.0
103.0 64.0 20.0 10.0
86.0 101.0 20.0 10.0
77.0 65.0 20.0 10.0
91.0 100.0 20.0 10.0
82.0 77.0 20.0 10.0
80.0 100.0 20.0 10.0
68.0 98.0 20.0 10.0
90.0 65.0 20.0 10.0
81.0 63.0 20.0 10.0
87.0 96.0 20.0 10.0
71.0 76.0 20.0 10.0
102.0 96.0 20.0 10.0
83.0 96.0 20.0 10.0
99.0 78.0 20.0 10.0
70.0 84.0 20.0 10.0
67.0 89.0 20.0 10.0
71.0 87.0 20.0 10.0
99.0 100.0 20.0 10.0
92.0 97.0 20.0 10.0
75.0 62.0 20.0 10.0
90.0 74.0 20.0 10.0
99.0 74.0 20.0 10.0
99.0 93.0 20.0 10.0
107.0 72.0 20.0 10.0
64.0 121.0 20.0 10.0
79.0 108.0 20.0 10.0
61.0 74.0 20.0 10.0
104.0 84.0 20.0 10.0
111.0 91.0 20.0 10.0
87.0 99.0 20.0 10.0
82.0 99.0 20.0 10.0
79.0 103.0 20.0 10.0
74.0 88.0 20.0 10.0
76.0 78.0 20.0 10.0
75.0 64.0 20.0 10.0
58.0 84.0 20.0 10.0
98.0 72.0 20.0 10.0
105.0 92.0 20.0 10.0
112.0 101.0 20.0 10.0
91.0 68.0 20.0 10.0
94.0 82.0 20.0 10.0
83.0 76.0 20.0 10.0
75.0 101.0 20.0 10.0
86.0 108.0 20.0 10.0
86.0 58.0 20.0 10.0
84.0 64.0 20.0 10.0
93.0 69.0 20.0 10.0
87.0 90.0 20.0 10.0
98.0 61.0 20.0 10.0
89.0 92.0 20.0 10.0
80.0 94.0 20.0 10.0
65.0 91.0 20.0 10.0
111.0 93.0 20.0 10.0
94.0 88.0 20.0 10.0
66.0 107.0 20.0 10.0
85.0 91.0 20.0 10.0
94.0 86.0 20.0 10.0
91.0 111.0 20.0 10.0
72.0 100.0 20.0 10.0
84.0 101.0 20.0 10.0
100.0 89.0 20.0 10.0
103.0 75.0 20.0 10.0
79.0 81.0 20.0 10.0
94.0 114.0 20.0 10.0
79.0 60.0 20.0 10.0
104.0 114.0 20.0 10.0
54.0 98.0 20.0 10.0
68.0 113.0 20.0 10.0
68.0 95.0 20.0 10.0
92.0 77.0 20.0 10.0
55.0 96.0 20.0 10.0
78.0 88.0 20.0 10.0
68.0 78.0 20.0 10.0
83.0 74.0 20.0 10.0
88.0 100.0 20.0 10.0
86.0 75.0 20.0 10.0
76.0 83.0 20.0 10.0
105.0 110.0 20.0 10.0
100.0 87.0 20.0 10.0
100.0 84.0 20.0 10.0
81.0 106.0 20.0 10.0
111.0 105.0 20.0 10.0
58.0 113.0 20.0 10.0
74.0 59.0 20.0 10.0
110.0 111.0 20.0 10.0
74.0 104.0 20.0 10.0
108.0 76.0 20.0 10.0
92.0 64.0 20.0 10.0
77.0 121.0 20.0 10.0
105.0 66.0 20.0 10.0
76.0 98.0 20.0 10.0
66.0 45.0 20.0 10.0
71.0 70.0 20.0 10.0
89.0 82.0 20.0 10.0
68.0 54.0 20.0 10.0
96.0 83.0 20.0 10.0
58.0 61.0 20.0 10.0
107.0 91.0 20.0 10.0
97.0 57.0 20.0 10.0
112.0 102.0 20.0 10.0
93.0 67.0 20.0 10.0
89.0 63.0 20.0 10.0
81.0 79.0 20.0 10.0
103.0 80.0 20.0 10.0
87.0 79.0 20.0 10.0
122.0 63.0 20.0 10.0
74.0 95.0 20.0 10.0
78.0 77.0 20.0 10.0
85.0 68.0 20.0 10.0
64.0 80.0 20.0 10.0
109.0 108.0 20.0 10.0
106.0 87.0 20.0 10.0
100.0 70.0 20.0 10.0
117.0 86.0 20.0 10.0
60.0 70.0 20.0 10.0
70.0 109.0 20.0 10.0
105.0 103.0 20.0 10.0
126.0 112.0 20.0 10.0
97.0 99.0 20.0 10.0
64.0 108.0 20.0 10.0
128.0 101.0 20.0 10.0
92.0 108.0 20.0 10.0
98.0 125.0 20.0 10.0
75.0 96.0 20.0 10.0
109.0 73.0 20.0 10.0
63.0 91.0 20.0 10.0
86.0 65.0 20.0 10.0
67.0 104.0 20.0 10.0
85.0 84.0 20.0 10.0
74.0 77.0 20.0 10.0
106.0 95.0 20.0 10.0
90.0 89.0 20.0 10.0
74.0 92.0 20.0 10.0
109.0 69.0 20.0 10.0
98.0 109.0 20.0 10.0
98.0 94.0 20.0 10.0
54.0 79.0 20.0 10.0
112.0 81.0 20.0 10.0
88.0 68.0 20.0 10.0
79.0 114.0 20.0 10.0
74.0 56.0 20.0 10.0
74.0 125.0 20.0 10.0
67.0 97.0 20.0 10.0
83.0 51.0 20.0 10.0
82.0 111.0 20.0 10.0
50.0 70.0 20.0 10.0
89.0 112.0 20.0 10.0
60.0 80.0 20.0 10.0
87.0 69.0 20.0 10.0
62.0 78.0 20.0 10.0
118.0 70.0 20.0 10.0
134.0 101.0 20.0 10.0
73.0 90.0 20.0 10.0
65.0 89.0 20.0 10.0
108.0 66.0 20.0 10.0
117.0 67.0 20.0 10.0
100.0 67.0 20.0 10.0
77.0 100.0 20.0 10.0
105.0 85.0 20.0 10.0
118.0 116.0 20.0 10.0
51.0 90.0 20.0 10.0
50.0 102.0 20.0 10.0
84.0 98.0 20.0 10.0
121.0 100.0 20.0 10.0
63.0 61.0 20.0 10.0
83.0 128.0 20.0 10.0
54.0 81.0 20.0 10.0
63.0 117.0 20.0 10.0
96.0 124.0 20.0 10.0
96.0 71.0 20.0 10.0
74.0 90.0 20.0 10.0
58.0 87.0 20.0 10.0
87.0 124.0 20.0 10.0
66.0 63.0 20.0 10.0
80.0 72.0 20.0 10.0
76.0 54.0 20.0 10.0
74.0 121.0 20.0 10.0
124.0 84.0 20.0 10.0
60.0 107.0 20.0 10.0
52.0 96.0 20.0 10.0
94.0 61.0 20.0 10.0
57.0 91.0 20.0 10.0
72.0 54.0 20.0 10.0
75.0 86.0 20.0 10.0
88.0 118.0 20.0 10.0
71.0 114.0 20.0 10.0
108.0 99.0 20.0 10.0
98.0 59.0 20.0 10.0
75.0 60.0 20.0 10.0
70.0 77.0 20.0 10.0
92.0 103.0 20.0 10.0
76.0 93.0 20.0 10.0
123.0 65.0 20.0 10.0
67.0 93.0 20.0 10.0
52.0 93.0 20.0 10.0
111.0 74.0 20.0 10.0
114.0 87.0 20.0 10.0
91.0 78.0 20.0 10.0
108.0 79.0 20.0 10.0
49.0 85.0 20.0 10.0
116.0 103.0 20.0 10.0
62.0 83.0 20.0 10.0
107.0 97.0 20.0 10.0
102.0 99.0 20.0 10.0
111.0 87.0 20.0 10.0
107.0 118.0 20.0 10.0
117.0 73.0 20.0 10.0
93.0 123.0 20.0 10.0
66.0 76.0 20.0 10.0
77.0 80.0 20.0 10.0
73.0 69.0 20.0 10.0
91.0 132.0 20.0 10.0
96.0 84.0 20.0 10.0
126.0 123.0 20.0 10.0
68.0 58.0 20.0 10.0
81.0 120.0 20.0 10.0
67.0 120.0 20.0 10.0
71.0 62.0 20.0 10.0
89.0 108.0 20.0 10.0
104.0 89.0 20.0 10.0
118.0 81.0 20.0 10.0
57.0 75.0 20.0 10.0
126.0 86.0 20.0 10.0
63.0 67.0 20.0 10.0
56.0 117.0 20.0 10.0
104.0 65.0 20.0 10.0
61.0 63.0 20.0 10.0
118.0 78.0 20.0 10.0
115.0 75.0 20.0 10.0
121.0 110.0 20.0 10.0
70.0 73.0 20.0 10.0
100.0 106.0 20.0 10.0
116.0 73.0 20.0 10.0
65.0 64.0 20.0 10.0
93.0 59.0 20.0 10.0
58.0 81.0 20.0 10.0
61.0 119.0 20.0 10.0
111.0 98.0 20.0 10.0
54.0 100.0 20.0 10.0
117.0 95.0 20.0 10.0
78.0 65.0 20.0 10.0
119.0 101.0 20.0 10.0
99.0 121.0 20.0 10.0
51.0 79.0 20.0 10.0
43.0 67.0 20.0 10.0
86.0 119.0 20.0 10.0
81.0 77.0 20.0 10.0
92.0 119.0 20.0 10.0
114.0 78.0 20.0 10.0
91.0 96.0 20.0 10.0
78.0 41.0 20.0 10.0
106.0 60.0 20.0 10.0
96.0 104.0 20.0 10.0
105.0 105.0 20.0 10.0
139.0 67.0 20.0 10.0
100.0 126.0 20.0 10.0
57.0 71.0 20.0 10.0
51.0 87.0 20.0 10.0
121.0 80.0 20.0 10.0
100.0 116.0 20.0 10.0
129.0 117.0 20.0 10.0
89.0 55.0 20.0 10.0
115.0 117.0 20.0 10.0
83.0 60.0 20.0 10.0
103.0 91.0 20.0 10.0
89.0 115.0 20.0 10.0
62.0 106.0 20.0 10.0
74.0 110.0 20.0 10.0
60.0 104.0 20.0 10.0
62.0 93.0 20.0 10.0
81.0 61.0 20.0 10.0
123.0 75.0 20.0 10.0
69.0 94.0 20.0 10.0
96.0 116.0 20.0 10.0
54.0 85.0 20.0 10.0
40.0 65.0 20.0 10.0
113.0 67.0 20.0 10.0
123.0 78.0 20.0 10.0
111.0 79.0 20.0 10.0
66.0 65.0 20.0 10.0
92.0 51.0 20.0 10.0
43.0 57.0 20.0 10.0
62.0 72.0 20.0 10.0
117.0 129.0 20.0 10.0
131.0 99.0 20.0 10.0
72.0 40.0 20.0 10.0
96.0 119.0 20.0 10.0
42.0 99.0 20.0 10.0
95.0 62.0 20.0 10.0
69.0 52.0 20.0 10.0
56.0 76.0 20.0 10.0
113.0 59.0 20.0 10.0
63.0 100.0 20.0 10.0
100.0 72.0 20.0 10.0
128.0 92.0 20.0 10.0
101.0 78.0 20.0 10.0
107.0 83.0 20.0 10.0
84.0 47.0 20.0 10.0
62.0 49.0 20.0 10.0
102.0 93.0 20.0 10.0
69.0 122.0 20.0 10.0
106.0 100.0 20.0 10.0
70.0 82.0 20.0 10.0
102.0 57.0 20.0 10.0
112.0 71.0 20.0 10.0
74.0 140.0 20.0 10.0
94.0 53.0 20.0 10.0
74.0 44.0 20.0 10.0
106.0 80.0 20.0 10.0
92.0 125.0 20.0 10.0
81.0 48.0 20.0 10.0
107.0 132.0 20.0 10.0
68.0 40.0 20.0 10.0
59.0 93.0 20.0 10.0
82.0 41.0 20.0 10.0
43.0 94.0 20.0 10.0
102.0 109.0 20.0 10.0
106.0 35.0 20.0 10.0
121.0 82.0 20.0 10.0
107.0 107.0 20.0 10.0
87.0 51.0 20.0 10.0
57.0 120.0 20.0 10.0
79.0 118.0 20.0 10.0
47.0 94.0 20.0 10.0
55.0 88.0 20.0 10.0
76.0 105.0 20.0 10.0
103.0 122.0 20.0 10.0
112.0 57.0 20.0 10.0
94.0 110.0 20.0 10.0
93.0 127.0 20.0 10.0
123.0 88.0 20.0 10.0
59.0 76.0 20.0 10.0
106.0 114.0 20.0 10.0
60.0 85.0 20.0 10.0
52.0 65.0 20.0 10.0
66.0 60.0 20.0 10.0
65.0 123.0 20.0 10.0
126.0 89.0 20.0 10.0
101.0 49.0 20.0 10.0
64.0 60.0 20.0 10.0
68.0 48.0 20.0 10.0
47.0 74.0 20.0 10.0
42.0 109.0 20.0 10.0
69.0 70.0 20.0 10.0
82.0 58.0 20.0 10.0
84.0 107.0 20.0 10.0
66.0 82.0 20.0 10.0
79.0 54.0 20.0 10.0
95.0 91.0 20.0 10.0
48.0 97.0 20.0 10.0
130.0 74.0 20.0 10.0
95.0 133.0 20.0 10.0
121.0 118.0 20.0 10.0
113.0 108.0 20.0 10.0
69.0 106.0 20.0 10.0
120.0 89.0 20.0 10.0
113.0 96.0 20.0 10.0
68.0 61.0 20.0 10.0
83.0 43.0 20.0 10.0
60.0 87.0 20.0 10.0
59.0 67.0 20.0 10.0
72.0 65.0 20.0 10.0
90.0 115.0 20.0 10.0
81.0 55.0 20.0 10.0
65.0 114.0 20.0 10.0
87.0 83.0 20.0 10.0
115.0 50.0 20.0 10.0
77.0 110.0 20.0 10.0
77.0 52.0 20.0 10.0
99.0 141.0 20.0 10.0
77.0 73.0 20.0 10.0
107.0 62.0 20.0 10.0
70.0 45.0 20.0 10.0
64.0 87.0 20.0 10.0
103.0 102.0 20.0 10.0
76.0 129.0 20.0 10.0
104.0 57.0 20.0 10.0
112.0 53.0 20.0 10.0
128.0 64.0 20.0 10.0
43.0 71.0 20.0 10.0
52.0 44.0 20.0 10.0
89.0 98.0 20.0 10.0
88.0 104.0 20.0 10.0
53.0 71.0 20.0 10.0
72.0 59.0 20.0 10.0
109.0 122.0 20.0 10.0
45.0 79.0 20.0 10.0
116.0 62.0 20.0 10.0
82.0 134.0 20.0 10.0
118.0 85.0 20.0 10.0
96.0 37.0 20.0 10.0
91.0 60.0 20.0 10.0
110.0 56.0 20.0 10.0
112.0 69.0 20.0 10.0
97.0 62.0 20.0 10.0
54.0 67.0 20.0 10.0
38.0 106.0 20.0 10.0
73.0 122.0 20.0 10.0
79.0 50.0 20.0 10.0
56.0 105.0 20.0 10.0
93.0 117.0 20.0 10.0
124.0 60.0 20.0 10.0
72.0 50.0 20.0 10.0
124.0 81.0 20.0 10.0
52.0 104.0 20.0 10.0
99.0 132.0 20.0 10.0
129.0 88.0 20.0 10.0
114.0 41.0 20.0 10.0
114.0 104.0 20.0 10.0
66.0 124.0 20.0 10.0
104.0 44.0 20.0 10.0
81.0 69.0 20.0 10.0
37.0 103.0 20.0 10.0
62.0 101.0 20.0 10.0
114.0 53.0 20.0 10.0
32.0 90.0 20.0 10.0
135.0 76.0 20.0 10.0
70.0 117.0 20.0 10.0
124.0 73.0 20.0 10.0
99.0 104.0 20.0 10.0
113.0 91.0 20.0 10.0
70.0 39.0 20.0 10.0
123.0 49.0 20.0 10.0
43.0 73.0 20.0 10.0
81.0 65.0 20.0 10.0
62.0 48.0 20.0 10.0
121.0 51.0 20.0 10.0
67.0 106.0 20.0 10.0
98.0 68.0 20.0 10.0
57.0 53.0 20.0 10.0
70.0 49.0 20.0 10.0
89.0 111.0 20.0 10.0
81.0 140.0 20.0 10.0
61.0 110.0 20.0 10.0
121.0 89.0 20.0 10.0
134.0 108.0 20.0 10.0
94.0 48.0 20.0 10.0
103.0 70.0 20.0 10.0
70.0 58.0 20.0 10.0
105.0 69.0 20.0 10.0
56.0 83.0 20.0 10.0
55.0 69.0 20.0 10.0
65.0 130.0 20.0 10.0
48.0 92.0 20.0 10.0
48.0 77.0 20.0 10.0
61.0 42.0 20.0 10.0
37.0 82.0 20.0 10.0
87.0 57.0 20.0 10.0
115.0 69.0 20.0 10.0
119.0 106.0 20.0 10.0
57.0 128.0 20.0 10.0
53.0 75.0 20.0 10.0
76.0 68.0 20.0 10.0
83.0 88.0 20.0 10.0
52.0 55.0 20.0 10.0
128.0 75.0 20.0 10.0
46.0 64.0 20.0 10.0
104.0 70.0 20.0 10.0
51.0 118.0 20.0 10.0
116.0 53.0 20.0 10.0
66.0 48.0 20.0 10.0
82.0 114.0 20.0 10.0
54.0 58.0 20.0 10.0
94.0 39.0 20.0 10.0
60.0 95.0 20.0 10.0
106.0 56.0 20.0 10.0
78.0 131.0 20.0 10.0
111.0 122.0 20.0 10.0
76.0 25.0 20.0 10.0
127.0 126.0 20.0 10.0
124.0 97.0 20.0 10.0
59.0 51.0 20.0 10.0
83.0 121.0 20.0 10.0
73.0 144.0 20.0 10.0
112.0 85.0 20.0 10.0
68.0 53.0 20.0 10.0
105.0 126.0 20.0 10.0
92.0 137.0 20.0 10.0
108.0 36.0 20.0 10.0
77.0 142.0 20.0 10.0
126.0 66.0 20.0 10.0
132.0 101.0 20.0 10.0
62.0 125.0 20.0 10.0
56.0 52.0 20.0 10.0
60.0 56.0 20.0 10.0
131.0 83.0 20.0 10.0
61.0 67.0 20.0 10.0
119.0 114.0 20.0 10.0
94.0 80.0 20.0 10.0
115.0 57.0 20.0 10.0
130.0 93.0 20.0 10.0
56.0 55.0 20.0 10.0
119.0 65.0 20.0 10.0
49.0 128.0 20.0 10.0
119.0 86.0 20.0 10.0
86.0 113.0 20.0 10.0
67.0 36.0 20.0 10.0
52.0 86.0 20.0 10.0
132.0 80.0 20.0 10.0
143.0 91.0 20.0 10.0
108.0 50.0 20.0 10.0
52.0 59.0 20.0 10.0
40.0 109.0 20.0 10.0
56.0 57.0 20.0 10.0
34.0 74.0 20.0 10.0
111.0 117.0 20.0 10.0
100.0 55.0 20.0 10.0
57.0 65.0 20.0 10.0
60.0 100.0 20.0 10.0
126.0 106.0 20.0 10.0
64.0 54.0 20.0 10.0
137.0 117.0 20.0 10.0
34.0 93.0 20.0 10.0
71.0 103.0 20.0 10.0
59.0 61.0 20.0 10.0
134.0 91.0 20.0 10.0
123.0 54.0 20.0 10.0
126.0 82.0 20.0 10.0
46.0 113.0 20.0 10.0
108.0 53.0 20.0 10.0
51.0 62.0 20.0 10.0
93.0 57.0 20.0 10.0
62.0 69.0 20.0 10.0
122.0 59.0 20.0 10.0
49.0 100.0 20.0 10.0
128.0 78.0 20.0 10.0
96.0 80.0 20.0 10.0
60.0 97.0 20.0 10.0
84.0 36.0 20.0 10.0
127.0 68.0 20.0 10.0
72.0 113.0 20.0 10.0
98.0 52.0 20.0 10.0
86.0 128.0 20.0 10.0
88.0 139.0 20.0 10.0
72.0 33.0 20.0 10.0
63.0 47.0 20.0 10.0
129.0 61.0 20.0 10.0
109.0 83.0 20.0 10.0
72.0 42.0 20.0 10.0
117.0 77.0 20.0 10.0
41.0 69.0 20.0 10.0
97.0 51.0 20.0 10.0
128.0 59.0 20.0 10.0
120.0 67.0 20.0 10.0
123.0 117.0 20.0 10.0
127.0 81.0 20.0 10.0
102.0 134.0 20.0 10.0
109.0 86.0 20.0 10.0
65.0 110.0 20.0 10.0
88.0 130.0 20.0 10.0
67.0 72.0 20.0 10.0
100.0 30.0 20.0 10.0
121.0 94.0 20.0 10.0
142.0 87.0 20.0 10.0
100.0 110.0 20.0 10.0
33.0 82.0 20.0 10.0
109.0 41.0 20.0 10.0
80.0 127.0 20.0 10.0
119.0 140.0 20.0 10.0
89.0 28.0 20.0 10.0
96.0 121.0 20.0 10.0
73.0 127.0 20.0 10.0
101.0 52.0 20.0 10.0
140.0 59.0 20.0 10.0
105.0 129.0 20.0 10.0
128.0 55.0 20.0 10.0
89.0 52.0 20.0 10.0
56.0 123.0 20.0 10.0
57.0 98.0 20.0 10.0
82.0 53.0 20.0 10.0
53.0 125.0 20.0 10.0
105.0 116.0 20.0 10.0
59.0 41.0 20.0 10.0
69.0 127.0 20.0 10.0
89.0 35.0 20.0 10.0
69.0 132.0 20.0 10.0
117.0 92.0 20.0 10.0
40.0 113.0 20.0 10.0
136.0 127.0 20.0 10.0
88.0 44.0 20.0 10.0
96.0 129.0 20.0 10.0
37.0 63.0 20.0 10.0
43.0 78.0 20.0 10.0
85.0 111.0 20.0 10.0
112.0 112.0 20.0 10.0
81.0 39.0 20.0 10.0
54.0 132.0 20.0 10.0
42.0 88.0 20.0 10.0
139.0 96.0 20.0 10.0
126.0 103.0 20.0 10.0
43.0 55.0 20.0 10.0
54.0 62.0 20.0 10.0
60.0 52.0 20.0 10.0
67.0 128.0 20.0 10.0
114.0 46.0 20.0 10.0
89.0 145.0 20.0 10.0
101.0 42.0 20.0 10.0
101.0 45.0 20.0 10.0
74.0 117.0 20.0 10.0
39.0 94.0 20.0 10.0
34.0 54.0 20.0 10.0
51.0 107.0 20.0 10.0
26.0 71.0 20.0 10.0
101.0 124.0 20.0 10.0
65.0 51.0 20.0 10.0
49.0 81.0 20.0 10.0
83.0 58.0 20.0 10.0
119.0 61.0 20.0 10.0
131.0 88.0 20.0 10.0
120.0 73.0 20.0 10.0
66.0 41.0 20.0 10.0
83.0 133.0 20.0 10.0
51.0 115.0 20.0 10.0
76.0 31.0 20.0 10.0
75.0 50.0 20.0 10.0
117.0 115.0 20.0 10.0
25.0 94.0 20.0 10.0
68.0 140.0 20.0 10.0
121.0 124.0 20.0 10.0
111.0 46.0 20.0 10.0
38.0 93.0 20.0 10.0
98.0 27.0 20.0 10.0
56.0 47.0 20.0 10.0
109.0 43.0 20.0 10.0
89.0 37.0 20.0 10.0
106.0 132.0 20.0 10.0
123.0 46.0 20.0 10.0
50.0 66.0 20.0 10.0
116.0 93.0 20.0 10.0
71.0 100.0 20.0 10.0
77.0 135.0 20.0 10.0
121.0 130.0 20.0 10.0
26.0 76.0 20.0 10.0
132.0 104.0 20.0 10.0
84.0 117.0 20.0 10.0
45.0 102.0 20.0 10.0
51.099998474121094 118.0 20.0 10.0
96.0 47.0 20.0 10.0
120.0 97.0 20.0 10.0
96.0 136.0 20.0 10.0
100.0 119.0 20.0 10.0
90.0 51.0 20.0 10.0
89.0 136.0 20.0 10.0
141.0 104.0 20.0 10.0
80.0 45.0 20.0 10.0
118.0 71.0 20.0 10.0
99.0 33.0 20.0 10.0
66.0 35.0 20.0 10.0
97.0 42.0 20.0 10.0
111.0 64.0 20.0 10.0
103.0 98.0 20.0 10.0
119.0 40.0 20.0 10.0
105.0 121.0 20.0 10.0
127.0 69.0 20.0 10.0
107.0 47.0 20.0 10.0
51.0 51.0 20.0 10.0
110.0 48.0 20.0 10.0
117.0999984741211 115.0 20.0 10.0
126.0 70.0 20.0 10.0
41.0 49.0 20.0 10.0
153.0 91.0 20.0 10.0
50.0 123.0 20.0 10.0
125.0 74.0 20.0 10.0
141.0 92.0 20.0 10.0
77.0 124.0 20.0 10.0
117.0 90.0 20.0 10.0
141.0 55.0 20.0 10.0
96.0 44.0 20.0 10.0
48.0 106.0 20.0 10.0
132.0 70.0 20.0 10.0
41.0 60.0 20.0 10.0
54.0 44.0 20.0 10.0
32.0 79.0 20.0 10.0
39.0 98.0 20.0 10.0
101.0 44.0 20.0 10.0
42.0 102.0 20.0 10.0
117.0 46.0 20.0 10.0
115.0 122.0 20.0 10.0
90.0 133.0 20.0 10.0
114.0 114.0 20.0 10.0
120.0 100.0 20.0 10.0
94.0 120.0 20.0 10.0
74.0 149.0 20.0 10.0
55.0 94.0 20.0 10.0
115.0 67.0 20.0 10.0
130.0 77.0 20.0 10.0
115.0 61.0 20.0 10.0
116.0 113.0 20.0 10.0
114.0 132.0 20.0 10.0
74.0 47.0 20.0 10.0
46.0 103.0 20.0 10.0
71.0 142.0 20.0 10.0
46.0 85.0 20.0 10.0
37.0 42.0 20.0 10.0
147.0 78.0 20.0 10.0
45.0 88.0 20.0 10.0
150.0 90.0 20.0 10.0
56.0 73.0 20.0 10.0
112.0 129.0 20.0 10.0
106.0 113.0 20.0 10.0
36.0 106.0 20.0 10.0
55.0 104.0 20.0 10.0
115.0 110.0 20.0 10.0
85.0 144.0 20.0 10.0
121.0 106.0 20.0 10.0
118.0 92.0 20.0 10.0
38.0 76.0 20.0 10.0
46.0 98.0 20.0 10.0
40.0 99.0 20.0 10.0
33.0 123.0 20.0 10.0
53.0 107.0 20.0 10.0
138.0 80.0 20.0 10.0
64.0 136.0 20.0 10.0
111.0 43.0 20.0 10.0
49.0 124.0 20.0 10.0
135.0 68.0 20.0 10.0
57.0 135.0 20.0 10.0
118.0 58.0 20.0 10.0
107.0 125.0 20.0 10.0
96.0 127.0 20.0 10.0
118.0 108.0 20.0 10.0
126.0 110.0 20.0 10.0
131.0 57.0 20.0 10.0
86.0 134.0 20.0 10.0
133.0 117.0 20.0 10.0
129.0 51.0 20.0 10.0
115.0 99.0 20.0 10.0
61.0 55.0 20.0 10.0
35.0 99.0 20.0 10.0
127.0 92.0 20.0 10.0
69.0 110.0 20.0 10.0
71.0 119.0 20.0 10.0
112.0 121.0 20.0 10.0
55.0 114.0 20.0 10.0
38.0 127.0 20.0 10.0
50.0 93.0 20.0 10.0
106.0 64.0 20.0 10.0
90.0 121.0 20.0 10.0
134.0 99.0 20.0 10.0
104.0 37.0 20.0 10.0
102.0 113.0 20.0 10.0
139.0 93.0 20.0 10.0
38.0 69.0 20.0 10.0
47.0 61.0 20.0 10.0
84.0 120.0 20.0 10.0
92.0999984741211 75.0 20.0 10.0
113.0 136.0 20.0 10.0
138.0 103.0 20.0 10.0
61.0 123.0 20.0 10.0
123.0 68.0 20.0 10.0
147.0 82.0 20.0 10.0
134.0 83.0 20.0 10.0
122.0 141.0 20.0 10.0
71.0 149.0 20.0 10.0
91.0 40.0 20.0 10.0
45.0 78.0 20.0 10.0
120.0 58.0 20.0 10.0
87.0 40.0 20.0 10.0
102.0 61.0 20.0 10.0
122.0 111.0 20.0 10.0
124.0 104.0 20.0 10.0
105.0 48.0 20.0 10.0
130.0 108.0 20.0 10.0
113.0 141.0 20.0 10.0
111.0 133.0 20.0 10.0
110.0 119.0 20.0 10.0
116.0 134.0 20.0 10.0
133.0 62.0 20.0 10.0
131.0 112.0 20.0 10.0
38.0 88.0 20.0 10.0
130.0 119.0 20.0 10.0
94.0 41.0 20.0 10.0
38.0 53.0 20.0 10.0
45.0 117.0 20.0 10.0
76.0 47.0 20.0 10.0
131.0 65.0 20.0 10.0
125.0 53.0 20.0 10.0
66.0 132.0 20.0 10.0
129.0 105.0 20.0 10.0
125.0 113.0 20.0 10.0
85.0 52.0 20.0 10.0
139.0 83.0 20.0 10.0
77.0 44.0 20.0 10.0
104.0 25.0 20.0 10.0
94.0 97.0 20.0 10.0
96.0 52.0 20.0 10.0
57.0 110.0 20.0 10.0
147.0 97.0 20.0 10.0
49.0 36.0 20.0 10.0
33.0 107.0 20.0 10.0
31.0 103.0 20.0 10.0
67.0 103.0 20.0 10.0
137.0 106.0 20.0 10.0
41.0 104.0 20.0 10.0
60.0 46.0 20.0 10.0
50.0 110.0 20.0 10.0
134.0 45.0 20.0 10.0
87.0 31.0 20.0 10.0
30.0 83.0 20.0 10.0
82.0 33.0 20.0 10.0
80.0 35.0 20.0 10.0
142.0 75.0 20.0 10.0
109.0 76.0 20.0 10.0
88.0 35.0 20.0 10.0
87.0 145.0 20.0 10.0
72.0 137.0 20.0 10.0
123.0 125.0 20.0 10.0
152.0 96.0 20.0 10.0
95.0 139.0 20.0 10.0
131.0 61.0 20.0 10.0
35.0 71.0 20.0 10.0
111.0 126.0 20.0 10.0
104.0 145.0 20.0 10.0
44.0 74.0 20.0 10.0
107.0 139.0 20.0 10.0
81.0 133.0 20.0 10.0
128.0 120.0 20.0 10.0
83.0 29.0 20.0 10.0
45.0 82.0 20.0 10.0
125.0 130.0 20.0 10.0
91.0 54.0 20.0 10.0
35.0 77.0 20.0 10.0
70.0 27.0 20.0 10.0
41.0 52.0 20.0 10.0
76.0 132.0 20.0 10.0
87.0 132.0 20.0 10.0
48.0 30.0 20.0 10.0
116.0 29.0 20.0 10.0
131.0 115.0 20.0 10.0
70.0 124.0 20.0 10.0
45.0 94.0 20.0 10.0
102.0 118.0 20.0 10.0
114.0 100.0 20.0 10.0
135.0 78.0 20.0 10.0
136.0 63.0 20.0 10.0
68.0 123.0 20.0 10.0
101.0 120.0 20.0 10.0
73.0 133.0 20.0 10.0
34.0 78.0 20.0 10.0
84.0 125.0 20.0 10.0
48.0 127.0 20.0 10.0
40.0 91.0 20.0 10.0
79.0 129.0 20.0 10.0
126.0 61.0 20.0 10.0
98.0 38.0 20.0 10.0
62.0 57.0 20.0 10.0
43.0 104.0 20.0 10.0
46.0 68.0 20.0 10.0
103.0 138.0 20.0 10.0
148.0 47.0 20.0 10.0
100.0 135.0 20.0 10.0
132.0 97.0 20.0 10.0
99.0 25.0 20.0 10.0
116.0 130.0 20.0 10.0
50.0 120.0 20.0 10.0
52.0 28.0 20.0 10.0
60.0 63.0 20.0 10.0
139.0 63.0 20.0 10.0
52.0 39.0 20.0 10.0
142.0 64.0 20.0 10.0
91.0 44.0 20.0 10.0
138.0 88.0 20.0 10.0
45.0 53.0 20.0 10.0
43.0 115.0 20.0 10.0
61.0 127.0 20.0 10.0
115.0 33.0 20.0 10.0
44.0 122.0 20.0 10.0
45.0 110.0 20.0 10.0
36.0 116.0 20.0 10.0
145.0 113.0 20.0 10.0
49.0 112.0 20.0 10.0
42.0 82.0 20.0 10.0
60.0 135.0 20.0 10.0
131.0 70.0 20.0 10.0
82.0 148.0 20.0 10.0
93.0 45.0 20.0 10.0
40.0 87.0 20.0 10.0
86.0 42.0 20.0 10.0
43.0 46.0 20.0 10.0
59.0 26.0 20.0 10.0
105.0 40.0 20.0 10.0
27.0 92.0 20.0 10.0
123.0 96.0 20.0 10.0
147.0 117.0 20.0 10.0
47.0 55.0 20.0 10.0
65.0 127.0 20.0 10.0
50.0 76.0 20.0 10.0
47.0 42.0 20.0 10.0
131.0 85.0 20.0 10.0
37.0 85.0 20.0 10.0
152.0 111.0 20.0 10.0
50.0 54.0 20.0 10.0
98.0 48.0 20.0 10.0
125.0 63.0 20.0 10.0
53.0 110.0 20.0 10.0
85.0 31.0 20.0 10.0
93.0 130.0 20.0 10.0
40.0 83.0 20.0 10.0
84.0 45.0 20.0 10.0
136.0 97.0 20.0 10.0
32.0 68.0 20.0 10.0
42.0 64.0 20.0 10.0
119.0 48.0 20.0 10.0
123.0 121.0 20.0 10.0
62.0 120.0 20.0 10.0
135.0 46.0 20.0 10.0
113.0 36.0 20.0 10.0
123.0 43.0 20.0 10.0
62.0 35.0 20.0 10.0
58.0 116.0 20.0 10.0
30.0 56.0 20.0 10.0
79.0 124.0 20.0 10.0
118.0 54.0 20.0 10.0
134.0 81.0 20.0 10.0
103.0 49.0 20.0 10.0
53.0 123.0 20.0 10.0
60.0 90.0 20.0 10.0
43.0 91.0 20.0 10.0
138.0 112.0 20.0 10.0
115.0 43.0 20.0 10.0
34.0 49.0 20.0 10.0
114.0 83.0 20.0 10.0
92.0 36.0 20.0 10.0
121.0 38.0 20.0 10.0
35.0 97.0 20.0 10.0
125.0 115.0 20.0 10.0
102.0 128.0 20.0 10.0
106.0 52.0 20.0 10.0
142.0 73.0 20.0 10.0
74.0 36.0 20.0 10.0
139.0 86.0 20.0 10.0
107.0 108.0 20.0 10.0
109.0 28.0 20.0 10.0
63.0 105.0 20.0 10.0
37.0 121.0 20.0 10.0
40.0 135.0 20.0 10.0
26.0 110.0 20.0 10.0
70.0 133.0 20.0 10.0
138.0 121.0 20.0 10.0
116.0 125.0 20.0 10.0
43.0 118.0 20.0 10.0
127.0 96.0 20.0 10.0
55.0 115.0 20.0 10.0
127.0 83.0 20.0 10.0
58.0 125.0 20.0 10.0
143.0 98.0 20.0 10.0
97.0 137.0 20.0 10.0
117.0 104.0 20.0 10.0
