1000
4620.0 2270.0 20.0 10.0
4597.0 2248.0 20.0 10.0
4572.0 2223.0 20.0 10.0
1677.0 910.0 20.0 10.0
4372.0 1265.0 20.0 10.0
4348.0 1254.0 20.0 10.0
4351.0 1280.0 20.0 10.0
984.0 2762.0 20.0 10.0
4230.0 2517.0 20.0 10.0
320.0 319.0 20.0 10.0
4185.0 1432.0 20.0 10.0
1612.0 906.0 20.0 10.0
3789.0 1526.0 20.0 10.0
3867.0 1561.0 20.0 10.0
4470.0 2447.0 20.0 10.0
4474.0 2403.0 20.0 10.0
4109.0 1250.0 20.0 10.0
4087.0 1259.0 20.0 10.0
4024.0 1157.0 20.0 10.0
4809.0 1639.0 20.0 10.0
4579.0 298.0 20.0 10.0
4571.0 320.0 20.0 10.0
2705.0 1336.0 20.0 10.0
2692.0 1354.0 20.0 10.0
4050.0 1166.0 20.0 10.0
4054.0 1183.0 20.0 10.0
4366.0 474.0 20.0 10.0
2254.0 1091.0 20.0 10.0
2035.0 1030.0 20.0 10.0
2025.0 1001.0 20.0 10.0
971.0 2772.0 20.0 10.0
4655.0 2302.0 20.0 10.0
4639.0 2289.0 20.0 10.0
2810.0 1155.0 20.0 10.0
4228.0 2397.0 20.0 10.0
4032.0 2196.0 20.0 10.0
4676.0 1951.0 20.0 10.0
4662.0 1959.0 20.0 10.0
4648.0 1961.0 20.0 10.0
4632.0 1962.0 20.0 10.0
3545.0 1448.0 20.0 10.0
4422.0 653.0 20.0 10.0
4552.0 1948.0 20.0 10.0
4245.0 2366.0 20.0 10.0
4265.0 2413.0 20.0 10.0
3139.0 1312.0 20.0 10.0
5053.0 2372.0 20.0 10.0
4631.0 1642.0 20.0 10.0
3945.0 1552.0 20.0 10.0
3967.0 1577.0 20.0 10.0
4119.0 2475.0 20.0 10.0
255.0 351.0 20.0 10.0
4227.0 2443.0 20.0 10.0
4504.0 2488.0 20.0 10.0
4492.0 2464.0 20.0 10.0
4672.0 177.0 20.0 10.0
4651.0 180.0 20.0 10.0
4627.0 200.0 20.0 10.0
997.0 2821.0 20.0 10.0
523.0 437.0 20.0 10.0
544.0 456.0 20.0 10.0
3629.0 1435.0 20.0 10.0
4586.0 287.0 20.0 10.0
3482.0 1380.0 20.0 10.0
3481.0 1408.0 20.0 10.0
803.0 956.0 20.0 10.0
856.0 947.0 20.0 10.0
911.0 937.0 20.0 10.0
967.0 928.0 20.0 10.0
4482.0 2378.0 20.0 10.0
4482.0 1981.0 20.0 10.0
4496.0 2002.0 20.0 10.0
4146.0 1742.0 20.0 10.0
4156.0 1745.0 20.0 10.0
526.0 3078.0 20.0 10.0
681.0 555.0 20.0 10.0
3165.0 1279.0 20.0 10.0
1475.0 876.0 20.0 10.0
4823.0 1535.0 20.0 10.0
4661.0 2588.0 20.0 10.0
4654.0 2578.0 20.0 10.0
4637.0 2564.0 20.0 10.0
3465.0 1465.0 20.0 10.0
3475.0 1465.0 20.0 10.0
3496.0 1460.0 20.0 10.0
905.0 2873.0 20.0 10.0
406.0 2903.0 20.0 10.0
448.0 2910.0 20.0 10.0
491.0 2917.0 20.0 10.0
5261.0 1544.0 20.0 10.0
4636.0 2064.0 20.0 10.0
4613.0 2075.0 20.0 10.0
4589.0 2085.0 20.0 10.0
4307.0 1308.0 20.0 10.0
5312.0 1541.0 20.0 10.0
2002.0 993.0 20.0 10.0
4377.0 1254.0 20.0 10.0
4181.0 1638.0 20.0 10.0
4184.0 1717.0 20.0 10.0
4239.0 1763.0 20.0 10.0
3330.0 1324.0 20.0 10.0
712.0 972.0 20.0 10.0
4429.0 1739.0 20.0 10.0
608.0 489.0 20.0 10.0
994.0 909.0 20.0 10.0
4715.0 2357.0 20.0 10.0
2802.0 1128.0 20.0 10.0
2415.0 1122.0 20.0 10.0
146.0 2916.0 20.0 10.0
25.0 2787.0 20.0 10.0
4252.0 1376.0 20.0 10.0
4806.0 1675.0 20.0 10.0
5163.0 1589.0 20.0 10.0
5024.0 1564.0 20.0 10.0
3155.0 1317.0 20.0 10.0
516.0 2985.0 20.0 10.0
1062.0 909.0 20.0 10.0
2687.0 1203.0 20.0 10.0
4133.0 2380.0 20.0 10.0
221.0 343.0 20.0 10.0
233.0 346.0 20.0 10.0
249.0 350.0 20.0 10.0
295.0 347.0 20.0 10.0
205.0 2859.0 20.0 10.0
1593.0 932.0 20.0 10.0
4431.0 578.0 20.0 10.0
4578.0 1971.0 20.0 10.0
4557.0 1989.0 20.0 10.0
1590.0 944.0 20.0 10.0
1603.0 930.0 20.0 10.0
4511.0 2373.0 20.0 10.0
4851.0 1522.0 20.0 10.0
4526.0 2178.0 20.0 10.0
4507.0 2162.0 20.0 10.0
4471.0 2128.0 20.0 10.0
2856.0 1240.0 20.0 10.0
1257.0 840.0 20.0 10.0
4446.0 667.0 20.0 10.0
4121.0 2120.0 20.0 10.0
3998.0 1212.0 20.0 10.0
4022.0 1223.0 20.0 10.0
4046.0 1207.0 20.0 10.0
4065.0 1203.0 20.0 10.0
2733.0 1055.0 20.0 10.0
4976.0 2365.0 20.0 10.0
2726.0 1048.0 20.0 10.0
5376.0 1555.0 20.0 10.0
4739.0 2142.0 20.0 10.0
4722.0 2159.0 20.0 10.0
4698.0 2165.0 20.0 10.0
4562.0 589.0 20.0 10.0
101.0 264.0 20.0 10.0
118.0 270.0 20.0 10.0
4647.0 2604.0 20.0 10.0
4650.0 2581.0 20.0 10.0
784.0 559.0 20.0 10.0
2816.0 1265.0 20.0 10.0
2817.0 1230.0 20.0 10.0
537.0 999.0 20.0 10.0
4169.0 1748.0 20.0 10.0
4487.0 2335.0 20.0 10.0
4666.0 1634.0 20.0 10.0
318.0 312.0 20.0 10.0
4463.0 641.0 20.0 10.0
4280.0 1840.0 20.0 10.0
2485.0 1453.0 20.0 10.0
4692.0 64.0 20.0 10.0
4222.0 1306.0 20.0 10.0
4285.0 2456.0 20.0 10.0
4223.0 2514.0 20.0 10.0
408.0 1039.0 20.0 10.0
1629.0 932.0 20.0 10.0
1657.0 932.0 20.0 10.0
1672.0 873.0 20.0 10.0
4186.0 1406.0 20.0 10.0
1216.0 754.0 20.0 10.0
621.0 470.0 20.0 10.0
161.0 245.0 20.0 10.0
171.0 255.0 20.0 10.0
1030.0 899.0 20.0 10.0
1579.0 856.0 20.0 10.0
1600.0 857.0 20.0 10.0
1625.0 846.0 20.0 10.0
750.0 966.0 20.0 10.0
4897.0 2285.0 20.0 10.0
4092.0 2470.0 20.0 10.0
682.0 507.0 20.0 10.0
1733.0 962.0 20.0 10.0
1745.0 962.0 20.0 10.0
5166.0 1597.0 20.0 10.0
4368.0 424.0 20.0 10.0
3081.0 1295.0 20.0 10.0
3165.0 1317.0 20.0 10.0
3246.0 1339.0 20.0 10.0
4353.0 1226.0 20.0 10.0
716.0 2932.0 20.0 10.0
367.0 1047.0 20.0 10.0
4842.0 1572.0 20.0 10.0
4819.0 1578.0 20.0 10.0
4936.0 2276.0 20.0 10.0
4912.0 2265.0 20.0 10.0
4854.0 2273.0 20.0 10.0
4817.0 2246.0 20.0 10.0
4781.0 2217.0 20.0 10.0
4741.0 2191.0 20.0 10.0
445.0 1034.0 20.0 10.0
4684.0 1969.0 20.0 10.0
701.0 532.0 20.0 10.0
701.0 554.0 20.0 10.0
3306.0 1343.0 20.0 10.0
4225.0 1354.0 20.0 10.0
4656.0 2137.0 20.0 10.0
4047.0 1124.0 20.0 10.0
1614.0 829.0 20.0 10.0
5159.0 1413.0 20.0 10.0
4216.0 2421.0 20.0 10.0
4280.0 1305.0 20.0 10.0
2669.0 1370.0 20.0 10.0
3511.0 1456.0 20.0 10.0
3532.0 1453.0 20.0 10.0
4133.0 1426.0 20.0 10.0
4476.0 544.0 20.0 10.0
4086.0 2260.0 20.0 10.0
4254.0 2488.0 20.0 10.0
4252.0 2466.0 20.0 10.0
4252.0 2439.0 20.0 10.0
4247.0 2405.0 20.0 10.0
917.0 2859.0 20.0 10.0
890.0 2847.0 20.0 10.0
155.0 288.0 20.0 10.0
177.0 284.0 20.0 10.0
4202.0 1700.0 20.0 10.0
4220.0 1720.0 20.0 10.0
1163.0 733.0 20.0 10.0
1244.0 771.0 20.0 10.0
1326.0 811.0 20.0 10.0
4345.0 1329.0 20.0 10.0
3491.0 1443.0 20.0 10.0
5143.0 1427.0 20.0 10.0
4287.0 1289.0 20.0 10.0
4421.0 588.0 20.0 10.0
2821.0 1175.0 20.0 10.0
54.0 246.0 20.0 10.0
73.0 256.0 20.0 10.0
5293.0 1542.0 20.0 10.0
2289.0 1065.0 20.0 10.0
1574.0 800.0 20.0 10.0
1590.0 813.0 20.0 10.0
4380.0 1967.0 20.0 10.0
4661.0 2309.0 20.0 10.0
4380.0 241.0 20.0 10.0
4378.0 258.0 20.0 10.0
5041.0 2365.0 20.0 10.0
5016.0 2350.0 20.0 10.0
4986.0 2342.0 20.0 10.0
171.0 2908.0 20.0 10.0
4097.0 2461.0 20.0 10.0
4118.0 2444.0 20.0 10.0
5248.0 1552.0 20.0 10.0
5227.0 1547.0 20.0 10.0
183.0 2882.0 20.0 10.0
2675.0 1402.0 20.0 10.0
2658.0 1379.0 20.0 10.0
1766.0 979.0 20.0 10.0
4129.0 2107.0 20.0 10.0
599.0 2940.0 20.0 10.0
4673.0 108.0 20.0 10.0
4685.0 135.0 20.0 10.0
4415.0 2015.0 20.0 10.0
4404.0 1990.0 20.0 10.0
4293.0 1809.0 20.0 10.0
4275.0 1886.0 20.0 10.0
655.0 491.0 20.0 10.0
4446.0 2206.0 20.0 10.0
4243.0 2518.0 20.0 10.0
155.0 2893.0 20.0 10.0
1624.0 834.0 20.0 10.0
1642.0 850.0 20.0 10.0
1084.0 696.0 20.0 10.0
4887.0 1663.0 20.0 10.0
627.0 969.0 20.0 10.0
632.0 993.0 20.0 10.0
657.0 1000.0 20.0 10.0
652.0 973.0 20.0 10.0
671.0 969.0 20.0 10.0
4048.0 2638.0 20.0 10.0
4076.0 1282.0 20.0 10.0
4094.0 1283.0 20.0 10.0
2762.0 1311.0 20.0 10.0
424.0 2925.0 20.0 10.0
3916.0 2345.0 20.0 10.0
4620.0 1982.0 20.0 10.0
35.0 2769.0 20.0 10.0
4312.0 2557.0 20.0 10.0
5166.0 1409.0 20.0 10.0
4469.0 2229.0 20.0 10.0
4460.0 2217.0 20.0 10.0
4699.0 2342.0 20.0 10.0
4295.0 1388.0 20.0 10.0
4620.0 2514.0 20.0 10.0
143.0 269.0 20.0 10.0
1768.0 949.0 20.0 10.0
1793.0 956.0 20.0 10.0
1645.0 841.0 20.0 10.0
1660.0 857.0 20.0 10.0
4715.0 1605.0 20.0 10.0
4402.0 2543.0 20.0 10.0
4425.0 2530.0 20.0 10.0
4446.0 2513.0 20.0 10.0
4461.0 2485.0 20.0 10.0
394.0 1041.0 20.0 10.0
626.0 2944.0 20.0 10.0
615.0 994.0 20.0 10.0
3900.0 2353.0 20.0 10.0
1612.0 887.0 20.0 10.0
1641.0 881.0 20.0 10.0
821.0 2962.0 20.0 10.0
799.0 2942.0 20.0 10.0
4245.0 1423.0 20.0 10.0
314.0 1061.0 20.0 10.0
325.0 1058.0 20.0 10.0
2732.0 1332.0 20.0 10.0
2907.0 1253.0 20.0 10.0
2995.0 1275.0 20.0 10.0
4771.0 2183.0 20.0 10.0
675.0 539.0 20.0 10.0
681.0 545.0 20.0 10.0
4531.0 422.0 20.0 10.0
4516.0 430.0 20.0 10.0
5012.0 1483.0 20.0 10.0
4989.0 1485.0 20.0 10.0
4949.0 1502.0 20.0 10.0
4905.0 1518.0 20.0 10.0
4858.0 1533.0 20.0 10.0
4809.0 1557.0 20.0 10.0
3931.0 2322.0 20.0 10.0
4493.0 468.0 20.0 10.0
4532.0 1970.0 20.0 10.0
4858.0 2222.0 20.0 10.0
4834.0 2212.0 20.0 10.0
4808.0 2203.0 20.0 10.0
4079.0 1223.0 20.0 10.0
4094.0 1243.0 20.0 10.0
4113.0 1264.0 20.0 10.0
4137.0 1282.0 20.0 10.0
4164.0 1302.0 20.0 10.0
1546.0 778.0 20.0 10.0
1561.0 790.0 20.0 10.0
4855.0 1559.0 20.0 10.0
4844.0 1568.0 20.0 10.0
4665.0 2069.0 20.0 10.0
1104.0 713.0 20.0 10.0
5051.0 1459.0 20.0 10.0
4608.0 1979.0 20.0 10.0
1007.0 661.0 20.0 10.0
4616.0 1965.0 20.0 10.0
2016.0 1031.0 20.0 10.0
4816.0 1648.0 20.0 10.0
3448.0 1474.0 20.0 10.0
3343.0 1334.0 20.0 10.0
4374.0 344.0 20.0 10.0
1990.0 979.0 20.0 10.0
2264.0 1069.0 20.0 10.0
4080.0 2508.0 20.0 10.0
4016.0 2215.0 20.0 10.0
2390.0 1120.0 20.0 10.0
2369.0 1112.0 20.0 10.0
5111.0 1558.0 20.0 10.0
325.0 2890.0 20.0 10.0
365.0 2897.0 20.0 10.0
2454.0 1486.0 20.0 10.0
2755.0 1345.0 20.0 10.0
1579.0 805.0 20.0 10.0
4417.0 2158.0 20.0 10.0
4390.0 2088.0 20.0 10.0
4223.0 1340.0 20.0 10.0
4433.0 567.0 20.0 10.0
5346.0 1531.0 20.0 10.0
512.0 1017.0 20.0 10.0
4310.0 2628.0 20.0 10.0
4320.0 2600.0 20.0 10.0
4321.0 2566.0 20.0 10.0
4320.0 2528.0 20.0 10.0
998.0 2774.0 20.0 10.0
4230.0 1870.0 20.0 10.0
4248.0 1883.0 20.0 10.0
506.0 2952.0 20.0 10.0
4324.0 2683.0 20.0 10.0
4672.0 2093.0 20.0 10.0
4382.0 189.0 20.0 10.0
4381.0 222.0 20.0 10.0
4220.0 2189.0 20.0 10.0
4229.0 2250.0 20.0 10.0
4237.0 2309.0 20.0 10.0
4004.0 2191.0 20.0 10.0
4024.0 2185.0 20.0 10.0
4036.0 2181.0 20.0 10.0
1902.0 995.0 20.0 10.0
1924.0 987.0 20.0 10.0
2027.0 1016.0 20.0 10.0
2130.0 1045.0 20.0 10.0
2233.0 1073.0 20.0 10.0
2335.0 1101.0 20.0 10.0
425.0 1034.0 20.0 10.0
439.0 1029.0 20.0 10.0
4494.0 2457.0 20.0 10.0
4490.0 2437.0 20.0 10.0
2759.0 1138.0 20.0 10.0
2781.0 1126.0 20.0 10.0
2787.0 1152.0 20.0 10.0
3914.0 2387.0 20.0 10.0
3902.0 2365.0 20.0 10.0
2824.0 1203.0 20.0 10.0
4037.0 2173.0 20.0 10.0
4450.0 548.0 20.0 10.0
4820.0 1623.0 20.0 10.0
4816.0 1631.0 20.0 10.0
4202.0 2480.0 20.0 10.0
4215.0 2451.0 20.0 10.0
5126.0 2473.0 20.0 10.0
4077.0 2577.0 20.0 10.0
4377.0 283.0 20.0 10.0
4075.0 2236.0 20.0 10.0
4101.0 2224.0 20.0 10.0
4090.0 2203.0 20.0 10.0
4198.0 2296.0 20.0 10.0
4186.0 2273.0 20.0 10.0
4221.0 1315.0 20.0 10.0
4222.0 1327.0 20.0 10.0
525.0 3054.0 20.0 10.0
455.0 1028.0 20.0 10.0
4759.0 2208.0 20.0 10.0
2547.0 1433.0 20.0 10.0
2576.0 1421.0 20.0 10.0
2605.0 1407.0 20.0 10.0
951.0 2844.0 20.0 10.0
923.0 2832.0 20.0 10.0
305.0 370.0 20.0 10.0
4585.0 1650.0 20.0 10.0
4247.0 2511.0 20.0 10.0
3144.0 1297.0 20.0 10.0
3116.0 1304.0 20.0 10.0
3404.0 1384.0 20.0 10.0
470.0 401.0 20.0 10.0
491.0 415.0 20.0 10.0
1716.0 932.0 20.0 10.0
936.0 923.0 20.0 10.0
25.0 222.0 20.0 10.0
54.0 221.0 20.0 10.0
82.0 214.0 20.0 10.0
105.0 225.0 20.0 10.0
119.0 250.0 20.0 10.0
4376.0 2543.0 20.0 10.0
563.0 3041.0 20.0 10.0
538.0 3028.0 20.0 10.0
4150.0 1518.0 20.0 10.0
4179.0 1527.0 20.0 10.0
154.0 238.0 20.0 10.0
3893.0 2374.0 20.0 10.0
4208.0 2050.0 20.0 10.0
2722.0 1043.0 20.0 10.0
4320.0 909.0 20.0 10.0
4295.0 905.0 20.0 10.0
4287.0 913.0 20.0 10.0
5218.0 1607.0 20.0 10.0
5207.0 1604.0 20.0 10.0
5187.0 1598.0 20.0 10.0
4372.0 375.0 20.0 10.0
4369.0 393.0 20.0 10.0
4133.0 2101.0 20.0 10.0
4155.0 2083.0 20.0 10.0
3478.0 1477.0 20.0 10.0
3483.0 1469.0 20.0 10.0
331.0 325.0 20.0 10.0
5142.0 1526.0 20.0 10.0
1784.0 931.0 20.0 10.0
4241.0 2492.0 20.0 10.0
4085.0 1235.0 20.0 10.0
1761.0 971.0 20.0 10.0
1787.0 983.0 20.0 10.0
1081.0 730.0 20.0 10.0
4376.0 2039.0 20.0 10.0
4365.0 2017.0 20.0 10.0
4330.0 1941.0 20.0 10.0
498.0 3003.0 20.0 10.0
4286.0 881.0 20.0 10.0
4308.0 928.0 20.0 10.0
1929.0 1026.0 20.0 10.0
1952.0 1032.0 20.0 10.0
1957.0 1013.0 20.0 10.0
4365.0 444.0 20.0 10.0
4360.0 496.0 20.0 10.0
4284.0 890.0 20.0 10.0
5048.0 1471.0 20.0 10.0
4923.0 2277.0 20.0 10.0
5114.0 1595.0 20.0 10.0
5117.0 1573.0 20.0 10.0
5094.0 1568.0 20.0 10.0
567.0 999.0 20.0 10.0
1148.0 896.0 20.0 10.0
1409.0 851.0 20.0 10.0
1510.0 879.0 20.0 10.0
4861.0 1658.0 20.0 10.0
299.0 294.0 20.0 10.0
4875.0 1573.0 20.0 10.0
4376.0 300.0 20.0 10.0
534.0 2926.0 20.0 10.0
902.0 611.0 20.0 10.0
4203.0 2510.0 20.0 10.0
4535.0 600.0 20.0 10.0
5152.0 1578.0 20.0 10.0
4366.0 462.0 20.0 10.0
2771.0 1100.0 20.0 10.0
3438.0 1477.0 20.0 10.0
4331.0 1306.0 20.0 10.0
239.0 293.0 20.0 10.0
3936.0 2315.0 20.0 10.0
3947.0 2301.0 20.0 10.0
3960.0 2285.0 20.0 10.0
3973.0 2268.0 20.0 10.0
3987.0 2252.0 20.0 10.0
4000.0 2236.0 20.0 10.0
2750.0 1135.0 20.0 10.0
4179.0 2065.0 20.0 10.0
4060.0 2576.0 20.0 10.0
4496.0 1705.0 20.0 10.0
230.0 285.0 20.0 10.0
478.0 436.0 20.0 10.0
512.0 441.0 20.0 10.0
576.0 468.0 20.0 10.0
642.0 498.0 20.0 10.0
713.0 526.0 20.0 10.0
672.0 998.0 20.0 10.0
5131.0 2489.0 20.0 10.0
106.0 2803.0 20.0 10.0
4359.0 589.0 20.0 10.0
4351.0 607.0 20.0 10.0
5323.0 1541.0 20.0 10.0
4269.0 980.0 20.0 10.0
4252.0 1047.0 20.0 10.0
4434.0 559.0 20.0 10.0
45.0 2801.0 20.0 10.0
74.0 2795.0 20.0 10.0
891.0 2817.0 20.0 10.0
3944.0 1597.0 20.0 10.0
4023.0 1634.0 20.0 10.0
4215.0 1433.0 20.0 10.0
4033.0 1177.0 20.0 10.0
4539.0 609.0 20.0 10.0
2434.0 1128.0 20.0 10.0
2533.0 1154.0 20.0 10.0
2630.0 1180.0 20.0 10.0
2723.0 1206.0 20.0 10.0
4656.0 118.0 20.0 10.0
2523.0 1448.0 20.0 10.0
4183.0 1483.0 20.0 10.0
726.0 542.0 20.0 10.0
252.0 321.0 20.0 10.0
4902.0 1509.0 20.0 10.0
4881.0 1528.0 20.0 10.0
827.0 2953.0 20.0 10.0
852.0 2857.0 20.0 10.0
815.0 2869.0 20.0 10.0
4648.0 1996.0 20.0 10.0
4630.0 1985.0 20.0 10.0
1138.0 720.0 20.0 10.0
4366.0 1740.0 20.0 10.0
4335.0 1296.0 20.0 10.0
4225.0 1960.0 20.0 10.0
973.0 2803.0 20.0 10.0
423.0 400.0 20.0 10.0
451.0 416.0 20.0 10.0
4762.0 2147.0 20.0 10.0
4360.0 1773.0 20.0 10.0
858.0 592.0 20.0 10.0
931.0 626.0 20.0 10.0
1587.0 878.0 20.0 10.0
4161.0 1740.0 20.0 10.0
4226.0 1748.0 20.0 10.0
4213.0 1776.0 20.0 10.0
4456.0 647.0 20.0 10.0
4318.0 2629.0 20.0 10.0
274.0 359.0 20.0 10.0
4148.0 1429.0 20.0 10.0
4004.0 2228.0 20.0 10.0
779.0 2884.0 20.0 10.0
744.0 2903.0 20.0 10.0
4909.0 2317.0 20.0 10.0
308.0 303.0 20.0 10.0
5086.0 1445.0 20.0 10.0
106.0 2819.0 20.0 10.0
4352.0 575.0 20.0 10.0
4354.0 585.0 20.0 10.0
2509.0 1447.0 20.0 10.0
3460.0 1470.0 20.0 10.0
1132.0 717.0 20.0 10.0
2628.0 1396.0 20.0 10.0
4181.0 1560.0 20.0 10.0
4341.0 903.0 20.0 10.0
5398.0 1532.0 20.0 10.0
4555.0 567.0 20.0 10.0
4553.0 591.0 20.0 10.0
117.0 2857.0 20.0 10.0
143.0 2850.0 20.0 10.0
170.0 2840.0 20.0 10.0
2842.0 1276.0 20.0 10.0
5083.0 2451.0 20.0 10.0
5064.0 2437.0 20.0 10.0
4246.0 1397.0 20.0 10.0
4224.0 1377.0 20.0 10.0
349.0 1054.0 20.0 10.0
1591.0 886.0 20.0 10.0
4563.0 1641.0 20.0 10.0
2527.0 1442.0 20.0 10.0
4343.0 1343.0 20.0 10.0
4331.0 1344.0 20.0 10.0
4788.0 1637.0 20.0 10.0
4788.0 1657.0 20.0 10.0
4768.0 1637.0 20.0 10.0
4738.0 1632.0 20.0 10.0
245.0 2870.0 20.0 10.0
4082.0 1544.0 20.0 10.0
4094.0 1544.0 20.0 10.0
5115.0 2477.0 20.0 10.0
4305.0 2494.0 20.0 10.0
3326.0 1362.0 20.0 10.0
1238.0 856.0 20.0 10.0
3931.0 1556.0 20.0 10.0
3947.0 1568.0 20.0 10.0
3970.0 1584.0 20.0 10.0
3994.0 1604.0 20.0 10.0
5185.0 1394.0 20.0 10.0
2398.0 1120.0 20.0 10.0
4529.0 610.0 20.0 10.0
4509.0 605.0 20.0 10.0
4494.0 618.0 20.0 10.0
537.0 2995.0 20.0 10.0
532.0 2961.0 20.0 10.0
4286.0 1387.0 20.0 10.0
4276.0 1386.0 20.0 10.0
1058.0 895.0 20.0 10.0
4936.0 1681.0 20.0 10.0
4913.0 1671.0 20.0 10.0
4394.0 2595.0 20.0 10.0
3994.0 1100.0 20.0 10.0
4836.0 1651.0 20.0 10.0
4817.0 1661.0 20.0 10.0
5078.0 1566.0 20.0 10.0
4929.0 1569.0 20.0 10.0
4349.0 1719.0 20.0 10.0
4601.0 545.0 20.0 10.0
4584.0 563.0 20.0 10.0
4568.0 579.0 20.0 10.0
5095.0 2445.0 20.0 10.0
4348.0 2539.0 20.0 10.0
4614.0 2110.0 20.0 10.0
4570.0 2081.0 20.0 10.0
4525.0 2053.0 20.0 10.0
4232.0 2158.0 20.0 10.0
4216.0 2138.0 20.0 10.0
4150.0 1417.0 20.0 10.0
4728.0 2132.0 20.0 10.0
4606.0 335.0 20.0 10.0
4591.0 350.0 20.0 10.0
4190.0 2461.0 20.0 10.0
720.0 944.0 20.0 10.0
727.0 971.0 20.0 10.0
2662.0 1192.0 20.0 10.0
3556.0 1453.0 20.0 10.0
5118.0 1440.0 20.0 10.0
5093.0 1451.0 20.0 10.0
474.0 1024.0 20.0 10.0
5141.0 1581.0 20.0 10.0
4710.0 1664.0 20.0 10.0
4087.0 2141.0 20.0 10.0
4107.0 2124.0 20.0 10.0
1648.0 858.0 20.0 10.0
4188.0 1733.0 20.0 10.0
4191.0 1760.0 20.0 10.0
525.0 3095.0 20.0 10.0
4373.0 675.0 20.0 10.0
739.0 511.0 20.0 10.0
4436.0 627.0 20.0 10.0
4848.0 1661.0 20.0 10.0
1039.0 900.0 20.0 10.0
5125.0 2446.0 20.0 10.0
2636.0 1389.0 20.0 10.0
4600.0 256.0 20.0 10.0
4622.0 311.0 20.0 10.0
1212.0 885.0 20.0 10.0
1276.0 874.0 20.0 10.0
554.0 1010.0 20.0 10.0
597.0 999.0 20.0 10.0
4969.0 2289.0 20.0 10.0
4957.0 2286.0 20.0 10.0
4726.0 1646.0 20.0 10.0
4734.0 64.0 20.0 10.0
4304.0 1280.0 20.0 10.0
4429.0 1999.0 20.0 10.0
4017.0 1131.0 20.0 10.0
4030.0 1149.0 20.0 10.0
4565.0 426.0 20.0 10.0
1120.0 886.0 20.0 10.0
2649.0 1381.0 20.0 10.0
4094.0 2190.0 20.0 10.0
1648.0 915.0 20.0 10.0
4176.0 1748.0 20.0 10.0
4469.0 2350.0 20.0 10.0
4460.0 2293.0 20.0 10.0
4440.0 2228.0 20.0 10.0
4104.0 2162.0 20.0 10.0
4147.0 2345.0 20.0 10.0
4170.0 2295.0 20.0 10.0
4196.0 2243.0 20.0 10.0
4047.0 1137.0 20.0 10.0
5041.0 2418.0 20.0 10.0
4617.0 2529.0 20.0 10.0
5014.0 2398.0 20.0 10.0
4427.0 2186.0 20.0 10.0
1807.0 935.0 20.0 10.0
1819.0 959.0 20.0 10.0
5125.0 1545.0 20.0 10.0
346.0 1066.0 20.0 10.0
371.0 1058.0 20.0 10.0
382.0 1044.0 20.0 10.0
4147.0 1560.0 20.0 10.0
4922.0 2326.0 20.0 10.0
4888.0 2300.0 20.0 10.0
4985.0 2375.0 20.0 10.0
4956.0 2350.0 20.0 10.0
4385.0 96.0 20.0 10.0
4382.0 117.0 20.0 10.0
4103.0 1676.0 20.0 10.0
362.0 347.0 20.0 10.0
660.0 2912.0 20.0 10.0
2825.0 1235.0 20.0 10.0
4486.0 633.0 20.0 10.0
4464.0 623.0 20.0 10.0
4284.0 900.0 20.0 10.0
4651.0 2067.0 20.0 10.0
1970.0 999.0 20.0 10.0
4221.0 1106.0 20.0 10.0
4237.0 1116.0 20.0 10.0
4222.0 1185.0 20.0 10.0
4206.0 1256.0 20.0 10.0
4455.0 530.0 20.0 10.0
4370.0 1748.0 20.0 10.0
4317.0 1351.0 20.0 10.0
4302.0 1358.0 20.0 10.0
4275.0 1359.0 20.0 10.0
4128.0 2142.0 20.0 10.0
3634.0 1463.0 20.0 10.0
3712.0 1495.0 20.0 10.0
4492.0 2298.0 20.0 10.0
4483.0 2286.0 20.0 10.0
4460.0 2262.0 20.0 10.0
4712.0 83.0 20.0 10.0
4683.0 85.0 20.0 10.0
4599.0 2507.0 20.0 10.0
3914.0 1527.0 20.0 10.0
3930.0 1540.0 20.0 10.0
2703.0 1031.0 20.0 10.0
4454.0 2256.0 20.0 10.0
4104.0 1524.0 20.0 10.0
4118.0 1550.0 20.0 10.0
4044.0 1222.0 20.0 10.0
4713.0 25.0 20.0 10.0
4703.0 43.0 20.0 10.0
4599.0 2499.0 20.0 10.0
4581.0 2483.0 20.0 10.0
4565.0 2459.0 20.0 10.0
2745.0 1069.0 20.0 10.0
2758.0 1084.0 20.0 10.0
4556.0 2207.0 20.0 10.0
4540.0 2193.0 20.0 10.0
4725.0 1597.0 20.0 10.0
4637.0 290.0 20.0 10.0
995.0 916.0 20.0 10.0
1025.0 918.0 20.0 10.0
1086.0 908.0 20.0 10.0
1250.0 869.0 20.0 10.0
4441.0 2187.0 20.0 10.0
4284.0 1321.0 20.0 10.0
270.0 2907.0 20.0 10.0
4947.0 1683.0 20.0 10.0
4614.0 227.0 20.0 10.0
4968.0 1692.0 20.0 10.0
4266.0 2502.0 20.0 10.0
169.0 2815.0 20.0 10.0
4095.0 2109.0 20.0 10.0
4113.0 2115.0 20.0 10.0
2549.0 1456.0 20.0 10.0
2574.0 1460.0 20.0 10.0
2560.0 1434.0 20.0 10.0
4472.0 2508.0 20.0 10.0
4400.0 86.0 20.0 10.0
4390.0 111.0 20.0 10.0
4384.0 134.0 20.0 10.0
4053.0 1157.0 20.0 10.0
4471.0 507.0 20.0 10.0
4345.0 718.0 20.0 10.0
4325.0 782.0 20.0 10.0
4048.0 2176.0 20.0 10.0
4522.0 2489.0 20.0 10.0
4503.0 2466.0 20.0 10.0
4169.0 1410.0 20.0 10.0
4425.0 2593.0 20.0 10.0
4408.0 2571.0 20.0 10.0
4210.0 1467.0 20.0 10.0
4197.0 1500.0 20.0 10.0
4910.0 1556.0 20.0 10.0
3578.0 1452.0 20.0 10.0
3604.0 1454.0 20.0 10.0
4307.0 2676.0 20.0 10.0
4128.0 2389.0 20.0 10.0
4306.0 847.0 20.0 10.0
349.0 340.0 20.0 10.0
4977.0 1567.0 20.0 10.0
5191.0 1551.0 20.0 10.0
5151.0 1554.0 20.0 10.0
365.0 378.0 20.0 10.0
576.0 2922.0 20.0 10.0
619.0 2917.0 20.0 10.0
4899.0 1666.0 20.0 10.0
4876.0 1661.0 20.0 10.0
749.0 527.0 20.0 10.0
340.0 1054.0 20.0 10.0
358.0 1049.0 20.0 10.0
4896.0 1567.0 20.0 10.0
4064.0 2606.0 20.0 10.0
4676.0 162.0 20.0 10.0
4043.0 1104.0 20.0 10.0
4231.0 2113.0 20.0 10.0
117.0 229.0 20.0 10.0
4324.0 2702.0 20.0 10.0
4312.0 2682.0 20.0 10.0
2435.0 1113.0 20.0 10.0
86.0 260.0 20.0 10.0
2470.0 1475.0 20.0 10.0
2485.0 1468.0 20.0 10.0
2514.0 1467.0 20.0 10.0
4763.0 2156.0 20.0 10.0
4047.0 1295.0 20.0 10.0
4071.0 1292.0 20.0 10.0
645.0 986.0 20.0 10.0
697.0 977.0 20.0 10.0
5372.0 1539.0 20.0 10.0
1076.0 877.0 20.0 10.0
4326.0 2543.0 20.0 10.0
4182.0 2498.0 20.0 10.0
4694.0 1580.0 20.0 10.0
2717.0 1033.0 20.0 10.0
4361.0 532.0 20.0 10.0
4356.0 551.0 20.0 10.0
548.0 999.0 20.0 10.0
4479.0 2023.0 20.0 10.0
1271.0 855.0 20.0 10.0
5288.0 1541.0 20.0 10.0
5277.0 1543.0 20.0 10.0
3558.0 1435.0 20.0 10.0
5036.0 2361.0 20.0 10.0
4283.0 1866.0 20.0 10.0
4233.0 1791.0 20.0 10.0
4067.0 2158.0 20.0 10.0
4002.0 1113.0 20.0 10.0
3960.0 1547.0 20.0 10.0
1706.0 893.0 20.0 10.0
1746.0 910.0 20.0 10.0
4576.0 1645.0 20.0 10.0
4564.0 1672.0 20.0 10.0
2492.0 1466.0 20.0 10.0
4513.0 383.0 20.0 10.0
4516.0 392.0 20.0 10.0
4048.0 1151.0 20.0 10.0
1929.0 1020.0 20.0 10.0
369.0 367.0 20.0 10.0
394.0 392.0 20.0 10.0
4594.0 1979.0 20.0 10.0
4383.0 160.0 20.0 10.0
1343.0 862.0 20.0 10.0
5213.0 1558.0 20.0 10.0
1599.0 818.0 20.0 10.0
4884.0 2265.0 20.0 10.0
4262.0 1338.0 20.0 10.0
4247.0 1367.0 20.0 10.0
4229.0 1400.0 20.0 10.0
4406.0 1218.0 20.0 10.0
4059.0 1306.0 20.0 10.0
4237.0 2539.0 20.0 10.0
3317.0 1363.0 20.0 10.0
3329.0 1342.0 20.0 10.0
4071.0 2545.0 20.0 10.0
5064.0 1462.0 20.0 10.0
5027.0 1471.0 20.0 10.0
4111.0 2430.0 20.0 10.0
4609.0 2258.0 20.0 10.0
4256.0 1961.0 20.0 10.0
4241.0 2037.0 20.0 10.0
4518.0 403.0 20.0 10.0
4435.0 2094.0 20.0 10.0
4399.0 2056.0 20.0 10.0
4082.0 1536.0 20.0 10.0
4490.0 2530.0 20.0 10.0
4054.0 2626.0 20.0 10.0
4312.0 2595.0 20.0 10.0
792.0 2976.0 20.0 10.0
772.0 2958.0 20.0 10.0
769.0 2928.0 20.0 10.0
4198.0 1760.0 20.0 10.0
4557.0 428.0 20.0 10.0
1002.0 2799.0 20.0 10.0
974.0 2790.0 20.0 10.0
5103.0 2468.0 20.0 10.0
4392.0 1237.0 20.0 10.0
4134.0 2163.0 20.0 10.0
4109.0 2147.0 20.0 10.0
2852.0 1220.0 20.0 10.0
4682.0 1607.0 20.0 10.0
4762.0 1586.0 20.0 10.0
4696.0 1612.0 20.0 10.0
4568.0 1968.0 20.0 10.0
4737.0 1619.0 20.0 10.0
4431.0 1993.0 20.0 10.0
4648.0 140.0 20.0 10.0
4643.0 156.0 20.0 10.0
4852.0 2230.0 20.0 10.0
4617.0 320.0 20.0 10.0
4571.0 390.0 20.0 10.0
4541.0 394.0 20.0 10.0
4316.0 2656.0 20.0 10.0
2785.0 1108.0 20.0 10.0
4681.0 2326.0 20.0 10.0
288.0 2853.0 20.0 10.0
284.0 2881.0 20.0 10.0
2703.0 1355.0 20.0 10.0
4015.0 2163.0 20.0 10.0
1973.0 1028.0 20.0 10.0
1995.0 1019.0 20.0 10.0
1009.0 2752.0 20.0 10.0
4428.0 592.0 20.0 10.0
4403.0 634.0 20.0 10.0
4006.0 1131.0 20.0 10.0
5130.0 1572.0 20.0 10.0
3484.0 1358.0 20.0 10.0
5006.0 2392.0 20.0 10.0
2279.0 1099.0 20.0 10.0
2265.0 1083.0 20.0 10.0
4468.0 2565.0 20.0 10.0
4460.0 2537.0 20.0 10.0
947.0 2809.0 20.0 10.0
4192.0 1329.0 20.0 10.0
2455.0 1099.0 20.0 10.0
2815.0 1301.0 20.0 10.0
2791.0 1290.0 20.0 10.0
5068.0 1561.0 20.0 10.0
212.0 302.0 20.0 10.0
4534.0 2000.0 20.0 10.0
4509.0 2018.0 20.0 10.0
4347.0 662.0 20.0 10.0
47.0 194.0 20.0 10.0
136.0 2821.0 20.0 10.0
3916.0 2335.0 20.0 10.0
4123.0 2411.0 20.0 10.0
4100.0 1235.0 20.0 10.0
4457.0 2212.0 20.0 10.0
1100.0 699.0 20.0 10.0
4720.0 2088.0 20.0 10.0
4698.0 2078.0 20.0 10.0
4678.0 2071.0 20.0 10.0
2766.0 1091.0 20.0 10.0
4562.0 330.0 20.0 10.0
4559.0 340.0 20.0 10.0
4561.0 359.0 20.0 10.0
632.0 477.0 20.0 10.0
600.0 989.0 20.0 10.0
616.0 980.0 20.0 10.0
1921.0 961.0 20.0 10.0
5330.0 1522.0 20.0 10.0
5350.0 1547.0 20.0 10.0
4600.0 1969.0 20.0 10.0
3461.0 1387.0 20.0 10.0
703.0 2908.0 20.0 10.0
4630.0 2549.0 20.0 10.0
4923.0 1674.0 20.0 10.0
4701.0 1632.0 20.0 10.0
4548.0 2434.0 20.0 10.0
4530.0 2406.0 20.0 10.0
2496.0 1450.0 20.0 10.0
4126.0 2200.0 20.0 10.0
4106.0 2180.0 20.0 10.0
636.0 481.0 20.0 10.0
3949.0 1561.0 20.0 10.0
4109.0 1220.0 20.0 10.0
4411.0 1965.0 20.0 10.0
4391.0 1948.0 20.0 10.0
5210.0 1534.0 20.0 10.0
499.0 455.0 20.0 10.0
754.0 552.0 20.0 10.0
54.0 2778.0 20.0 10.0
341.0 372.0 20.0 10.0
