1000
862.0 1197.0 20.0 10.0
2667.0 855.0 20.0 10.0
6555.0 1389.0 20.0 10.0
3358.0 684.0 20.0 10.0
819.0 1888.0 20.0 10.0
491.0 1990.0 20.0 10.0
6797.0 1012.0 20.0 10.0
727.0 1800.0 20.0 10.0
1785.0 1039.0 20.0 10.0
6623.0 1271.0 20.0 10.0
244.0 1493.0 20.0 10.0
1911.0 961.0 20.0 10.0
1219.0 1821.0 20.0 10.0
6337.0 1229.0 20.0 10.0
1953.0 985.0 20.0 10.0
1934.0 976.0 20.0 10.0
4210.0 1057.0 20.0 10.0
4198.0 1038.0 20.0 10.0
5865.0 1081.0 20.0 10.0
36.0 1593.0 20.0 10.0
51.0 1586.0 20.0 10.0
115.0 1551.0 20.0 10.0
5591.0 1040.0 20.0 10.0
391.0 1171.0 20.0 10.0
416.0 1154.0 20.0 10.0
532.0 2051.0 20.0 10.0
438.0 1905.0 20.0 10.0
441.0 1917.0 20.0 10.0
4303.0 800.0 20.0 10.0
1247.0 1823.0 20.0 10.0
2535.0 862.0 20.0 10.0
6630.0 1257.0 20.0 10.0
3493.0 25.0 20.0 10.0
3496.0 49.0 20.0 10.0
3381.0 593.0 20.0 10.0
3393.0 599.0 20.0 10.0
1797.0 2269.0 20.0 10.0
2191.0 673.0 20.0 10.0
895.0 1159.0 20.0 10.0
872.0 1173.0 20.0 10.0
2306.0 961.0 20.0 10.0
161.0 2289.0 20.0 10.0
199.0 2271.0 20.0 10.0
241.0 2252.0 20.0 10.0
3387.0 908.0 20.0 10.0
2203.0 681.0 20.0 10.0
844.0 1191.0 20.0 10.0
3343.0 689.0 20.0 10.0
430.0 2132.0 20.0 10.0
2516.0 852.0 20.0 10.0
3694.0 879.0 20.0 10.0
1928.0 1036.0 20.0 10.0
6574.0 1250.0 20.0 10.0
4639.0 730.0 20.0 10.0
4612.0 734.0 20.0 10.0
3512.0 528.0 20.0 10.0
3493.0 547.0 20.0 10.0
3492.0 596.0 20.0 10.0
407.0 1920.0 20.0 10.0
5144.0 852.0 20.0 10.0
2583.0 948.0 20.0 10.0
1935.0 1029.0 20.0 10.0
440.0 1942.0 20.0 10.0
1464.0 1089.0 20.0 10.0
4645.0 694.0 20.0 10.0
3433.0 616.0 20.0 10.0
3521.0 123.0 20.0 10.0
3516.0 133.0 20.0 10.0
5841.0 1016.0 20.0 10.0
5838.0 1044.0 20.0 10.0
3704.0 881.0 20.0 10.0
3601.0 883.0 20.0 10.0
6652.0 1409.0 20.0 10.0
5896.0 1082.0 20.0 10.0
703.0 1281.0 20.0 10.0
2543.0 796.0 20.0 10.0
5798.0 1076.0 20.0 10.0
2378.0 968.0 20.0 10.0
2382.0 959.0 20.0 10.0
1095.0 1881.0 20.0 10.0
6751.0 986.0 20.0 10.0
4324.0 773.0 20.0 10.0
755.0 1818.0 20.0 10.0
743.0 1842.0 20.0 10.0
3687.0 603.0 20.0 10.0
3686.0 624.0 20.0 10.0
4121.0 921.0 20.0 10.0
3428.0 579.0 20.0 10.0
3431.0 591.0 20.0 10.0
179.0 2293.0 20.0 10.0
6505.0 1290.0 20.0 10.0
6516.0 1267.0 20.0 10.0
6064.0 1103.0 20.0 10.0
296.0 1903.0 20.0 10.0
3859.0 733.0 20.0 10.0
4002.0 914.0 20.0 10.0
4292.0 870.0 20.0 10.0
112.0 2321.0 20.0 10.0
130.0 2308.0 20.0 10.0
3344.0 722.0 20.0 10.0
6689.0 1007.0 20.0 10.0
2221.0 958.0 20.0 10.0
1647.0 2167.0 20.0 10.0
778.0 1887.0 20.0 10.0
772.0 1914.0 20.0 10.0
4734.0 694.0 20.0 10.0
4721.0 684.0 20.0 10.0
4695.0 687.0 20.0 10.0
1391.0 1090.0 20.0 10.0
5604.0 1028.0 20.0 10.0
5515.0 1012.0 20.0 10.0
3708.0 1021.0 20.0 10.0
3730.0 659.0 20.0 10.0
3712.0 672.0 20.0 10.0
578.0 1956.0 20.0 10.0
2249.0 724.0 20.0 10.0
2275.0 717.0 20.0 10.0
3651.0 943.0 20.0 10.0
24.0 2633.0 20.0 10.0
32.0 2619.0 20.0 10.0
42.0 2603.0 20.0 10.0
1021.0 1151.0 20.0 10.0
3448.0 656.0 20.0 10.0
3455.0 628.0 20.0 10.0
1487.0 2015.0 20.0 10.0
5263.0 944.0 20.0 10.0
1564.0 1021.0 20.0 10.0
2277.0 2629.0 20.0 10.0
2247.0 2628.0 20.0 10.0
3631.0 938.0 20.0 10.0
1138.0 1944.0 20.0 10.0
1078.0 1930.0 20.0 10.0
3622.0 916.0 20.0 10.0
4109.0 864.0 20.0 10.0
4009.0 868.0 20.0 10.0
3853.0 787.0 20.0 10.0
1731.0 1032.0 20.0 10.0
2535.0 834.0 20.0 10.0
742.0 1813.0 20.0 10.0
1476.0 2021.0 20.0 10.0
1463.0 2029.0 20.0 10.0
4112.0 924.0 20.0 10.0
4728.0 660.0 20.0 10.0
3802.0 820.0 20.0 10.0
3786.0 803.0 20.0 10.0
4868.0 464.0 20.0 10.0
3448.0 98.0 20.0 10.0
117.0 1145.0 20.0 10.0
2882.0 927.0 20.0 10.0
2891.0 922.0 20.0 10.0
3488.0 415.0 20.0 10.0
1620.0 2174.0 20.0 10.0
2398.0 771.0 20.0 10.0
2446.0 787.0 20.0 10.0
1976.0 2354.0 20.0 10.0
3456.0 136.0 20.0 10.0
173.0 1143.0 20.0 10.0
360.0 2254.0 20.0 10.0
2115.0 2514.0 20.0 10.0
4823.0 898.0 20.0 10.0
3467.0 135.0 20.0 10.0
3395.0 901.0 20.0 10.0
2287.0 724.0 20.0 10.0
88.0 1816.0 20.0 10.0
1063.0 1895.0 20.0 10.0
2444.0 546.0 20.0 10.0
1016.0 1918.0 20.0 10.0
3848.0 838.0 20.0 10.0
4717.0 700.0 20.0 10.0
4100.0 926.0 20.0 10.0
4081.0 931.0 20.0 10.0
4578.0 776.0 20.0 10.0
6628.0 1062.0 20.0 10.0
5733.0 1053.0 20.0 10.0
3534.0 613.0 20.0 10.0
864.0 1139.0 20.0 10.0
846.0 1163.0 20.0 10.0
3512.0 218.0 20.0 10.0
3496.0 230.0 20.0 10.0
380.0 2150.0 20.0 10.0
4891.0 450.0 20.0 10.0
6324.0 1138.0 20.0 10.0
3734.0 975.0 20.0 10.0
1238.0 1834.0 20.0 10.0
6499.0 1244.0 20.0 10.0
1788.0 2217.0 20.0 10.0
1769.0 2216.0 20.0 10.0
4776.0 558.0 20.0 10.0
4746.0 588.0 20.0 10.0
342.0 2050.0 20.0 10.0
2037.0 986.0 20.0 10.0
2129.0 972.0 20.0 10.0
1302.0 1053.0 20.0 10.0
145.0 1533.0 20.0 10.0
2492.0 680.0 20.0 10.0
5213.0 966.0 20.0 10.0
699.0 1851.0 20.0 10.0
710.0 1858.0 20.0 10.0
2504.0 953.0 20.0 10.0
1974.0 1033.0 20.0 10.0
328.0 2049.0 20.0 10.0
6456.0 1244.0 20.0 10.0
1981.0 1043.0 20.0 10.0
280.0 1838.0 20.0 10.0
1315.0 1095.0 20.0 10.0
3377.0 716.0 20.0 10.0
6600.0 1267.0 20.0 10.0
1842.0 2303.0 20.0 10.0
4880.0 446.0 20.0 10.0
819.0 1095.0 20.0 10.0
846.0 1092.0 20.0 10.0
3445.0 115.0 20.0 10.0
3651.0 640.0 20.0 10.0
25.0 1599.0 20.0 10.0
2219.0 691.0 20.0 10.0
2247.0 699.0 20.0 10.0
6527.0 1254.0 20.0 10.0
1313.0 2022.0 20.0 10.0
4688.0 671.0 20.0 10.0
1884.0 963.0 20.0 10.0
2463.0 602.0 20.0 10.0
1636.0 1031.0 20.0 10.0
1698.0 2193.0 20.0 10.0
370.0 2059.0 20.0 10.0
3468.0 963.0 20.0 10.0
2568.0 831.0 20.0 10.0
2259.0 702.0 20.0 10.0
3466.0 539.0 20.0 10.0
3471.0 557.0 20.0 10.0
3475.0 569.0 20.0 10.0
895.0 1910.0 20.0 10.0
1047.0 1921.0 20.0 10.0
1036.0 1895.0 20.0 10.0
136.0 1797.0 20.0 10.0
726.0 1832.0 20.0 10.0
736.0 1871.0 20.0 10.0
241.0 2305.0 20.0 10.0
2168.0 2540.0 20.0 10.0
479.0 2060.0 20.0 10.0
6684.0 1429.0 20.0 10.0
866.0 1204.0 20.0 10.0
886.0 1188.0 20.0 10.0
2887.0 931.0 20.0 10.0
1925.0 1044.0 20.0 10.0
1923.0 968.0 20.0 10.0
4804.0 530.0 20.0 10.0
6569.0 1409.0 20.0 10.0
800.0 1867.0 20.0 10.0
4898.0 438.0 20.0 10.0
3306.0 698.0 20.0 10.0
3317.0 695.0 20.0 10.0
3330.0 692.0 20.0 10.0
3863.0 822.0 20.0 10.0
5259.0 997.0 20.0 10.0
331.0 2182.0 20.0 10.0
6519.0 1356.0 20.0 10.0
1057.0 1875.0 20.0 10.0
1384.0 1062.0 20.0 10.0
2522.0 812.0 20.0 10.0
3498.0 882.0 20.0 10.0
3395.0 881.0 20.0 10.0
2266.0 727.0 20.0 10.0
3383.0 598.0 20.0 10.0
1576.0 1060.0 20.0 10.0
277.0 2215.0 20.0 10.0
284.0 1882.0 20.0 10.0
929.0 1166.0 20.0 10.0
4688.0 637.0 20.0 10.0
1569.0 1038.0 20.0 10.0
1767.0 1001.0 20.0 10.0
2463.0 803.0 20.0 10.0
2235.0 2640.0 20.0 10.0
2367.0 2706.0 20.0 10.0
4627.0 874.0 20.0 10.0
91.0 1568.0 20.0 10.0
896.0 1822.0 20.0 10.0
4668.0 900.0 20.0 10.0
4679.0 887.0 20.0 10.0
711.0 1830.0 20.0 10.0
4649.0 877.0 20.0 10.0
6173.0 1160.0 20.0 10.0
323.0 1123.0 20.0 10.0
2974.0 900.0 20.0 10.0
4707.0 626.0 20.0 10.0
4114.0 1006.0 20.0 10.0
4106.0 996.0 20.0 10.0
434.0 1109.0 20.0 10.0
6034.0 1115.0 20.0 10.0
799.0 1908.0 20.0 10.0
5537.0 1006.0 20.0 10.0
921.0 1833.0 20.0 10.0
3675.0 608.0 20.0 10.0
3896.0 798.0 20.0 10.0
3928.0 827.0 20.0 10.0
2298.0 2615.0 20.0 10.0
3788.0 846.0 20.0 10.0
3788.0 835.0 20.0 10.0
4707.0 663.0 20.0 10.0
6505.0 1062.0 20.0 10.0
6485.0 1068.0 20.0 10.0
5610.0 959.0 20.0 10.0
2036.0 2465.0 20.0 10.0
3844.0 899.0 20.0 10.0
3817.0 899.0 20.0 10.0
1964.0 1020.0 20.0 10.0
6066.0 1121.0 20.0 10.0
46.0 2596.0 20.0 10.0
206.0 1145.0 20.0 10.0
102.0 2327.0 20.0 10.0
5559.0 924.0 20.0 10.0
5542.0 938.0 20.0 10.0
473.0 1154.0 20.0 10.0
3410.0 563.0 20.0 10.0
1309.0 2003.0 20.0 10.0
4716.0 898.0 20.0 10.0
4697.0 899.0 20.0 10.0
3479.0 903.0 20.0 10.0
4181.0 1016.0 20.0 10.0
2461.0 581.0 20.0 10.0
3575.0 633.0 20.0 10.0
2687.0 900.0 20.0 10.0
3475.0 930.0 20.0 10.0
2451.0 566.0 20.0 10.0
822.0 1649.0 20.0 10.0
3887.0 726.0 20.0 10.0
3871.0 730.0 20.0 10.0
5550.0 993.0 20.0 10.0
3675.0 649.0 20.0 10.0
4311.0 774.0 20.0 10.0
3511.0 578.0 20.0 10.0
3292.0 881.0 20.0 10.0
6573.0 1375.0 20.0 10.0
6551.0 1362.0 20.0 10.0
2500.0 918.0 20.0 10.0
6325.0 1109.0 20.0 10.0
153.0 1143.0 20.0 10.0
857.0 1160.0 20.0 10.0
355.0 2166.0 20.0 10.0
3448.0 936.0 20.0 10.0
721.0 1797.0 20.0 10.0
4677.0 655.0 20.0 10.0
398.0 1417.0 20.0 10.0
2529.0 669.0 20.0 10.0
2881.0 868.0 20.0 10.0
1743.0 2249.0 20.0 10.0
1992.0 1019.0 20.0 10.0
4175.0 980.0 20.0 10.0
268.0 1140.0 20.0 10.0
4910.0 882.0 20.0 10.0
5156.0 952.0 20.0 10.0
473.0 1112.0 20.0 10.0
6460.0 1305.0 20.0 10.0
6416.0 1273.0 20.0 10.0
5871.0 1105.0 20.0 10.0
2366.0 767.0 20.0 10.0
3505.0 359.0 20.0 10.0
2502.0 866.0 20.0 10.0
2510.0 862.0 20.0 10.0
2491.0 841.0 20.0 10.0
2492.0 881.0 20.0 10.0
2307.0 2544.0 20.0 10.0
2288.0 2542.0 20.0 10.0
4327.0 762.0 20.0 10.0
136.0 1144.0 20.0 10.0
272.0 1478.0 20.0 10.0
306.0 2215.0 20.0 10.0
1761.0 1030.0 20.0 10.0
1854.0 1015.0 20.0 10.0
571.0 1330.0 20.0 10.0
5118.0 892.0 20.0 10.0
5143.0 891.0 20.0 10.0
6527.0 1055.0 20.0 10.0
408.0 2124.0 20.0 10.0
429.0 2105.0 20.0 10.0
729.0 1259.0 20.0 10.0
5498.0 1025.0 20.0 10.0
3788.0 855.0 20.0 10.0
225.0 1499.0 20.0 10.0
2282.0 746.0 20.0 10.0
1001.0 1766.0 20.0 10.0
982.0 1772.0 20.0 10.0
955.0 1849.0 20.0 10.0
2374.0 963.0 20.0 10.0
1222.0 1854.0 20.0 10.0
4842.0 492.0 20.0 10.0
3871.0 830.0 20.0 10.0
4161.0 978.0 20.0 10.0
2079.0 2445.0 20.0 10.0
4115.0 979.0 20.0 10.0
4085.0 977.0 20.0 10.0
4057.0 957.0 20.0 10.0
253.0 1873.0 20.0 10.0
3706.0 972.0 20.0 10.0
3418.0 660.0 20.0 10.0
5717.0 1038.0 20.0 10.0
3682.0 981.0 20.0 10.0
3669.0 966.0 20.0 10.0
5982.0 1108.0 20.0 10.0
5951.0 1098.0 20.0 10.0
2489.0 817.0 20.0 10.0
6413.0 1242.0 20.0 10.0
287.0 1835.0 20.0 10.0
3845.0 739.0 20.0 10.0
4401.0 836.0 20.0 10.0
859.0 1837.0 20.0 10.0
817.0 1833.0 20.0 10.0
6780.0 979.0 20.0 10.0
5939.0 1122.0 20.0 10.0
4875.0 460.0 20.0 10.0
4860.0 482.0 20.0 10.0
5965.0 1152.0 20.0 10.0
458.0 1133.0 20.0 10.0
95.0 2498.0 20.0 10.0
114.0 2491.0 20.0 10.0
6888.0 982.0 20.0 10.0
844.0 1686.0 20.0 10.0
833.0 1108.0 20.0 10.0
3485.0 926.0 20.0 10.0
4665.0 882.0 20.0 10.0
704.0 1224.0 20.0 10.0
727.0 1236.0 20.0 10.0
1895.0 945.0 20.0 10.0
2229.0 2624.0 20.0 10.0
2217.0 2604.0 20.0 10.0
3399.0 604.0 20.0 10.0
3412.0 618.0 20.0 10.0
5919.0 1109.0 20.0 10.0
4732.0 606.0 20.0 10.0
4712.0 619.0 20.0 10.0
6614.0 1378.0 20.0 10.0
6589.0 1367.0 20.0 10.0
2283.0 2650.0 20.0 10.0
4159.0 1021.0 20.0 10.0
1644.0 1029.0 20.0 10.0
1715.0 1018.0 20.0 10.0
162.0 1539.0 20.0 10.0
716.0 1938.0 20.0 10.0
695.0 1920.0 20.0 10.0
1749.0 1053.0 20.0 10.0
1740.0 1028.0 20.0 10.0
1739.0 2274.0 20.0 10.0
6704.0 1445.0 20.0 10.0
2469.0 622.0 20.0 10.0
2225.0 708.0 20.0 10.0
2243.0 711.0 20.0 10.0
3534.0 341.0 20.0 10.0
3526.0 347.0 20.0 10.0
482.0 1098.0 20.0 10.0
723.0 1773.0 20.0 10.0
3707.0 919.0 20.0 10.0
3700.0 906.0 20.0 10.0
3498.0 57.0 20.0 10.0
3501.0 77.0 20.0 10.0
3501.0 105.0 20.0 10.0
6812.0 1013.0 20.0 10.0
2482.0 563.0 20.0 10.0
2492.0 936.0 20.0 10.0
823.0 1158.0 20.0 10.0
6631.0 1290.0 20.0 10.0
6621.0 1284.0 20.0 10.0
305.0 1862.0 20.0 10.0
237.0 2331.0 20.0 10.0
1912.0 1040.0 20.0 10.0
794.0 1228.0 20.0 10.0
4601.0 870.0 20.0 10.0
109.0 1795.0 20.0 10.0
3507.0 151.0 20.0 10.0
5890.0 1104.0 20.0 10.0
2892.0 864.0 20.0 10.0
2369.0 2745.0 20.0 10.0
4210.0 861.0 20.0 10.0
1656.0 1030.0 20.0 10.0
1669.0 1045.0 20.0 10.0
4691.0 902.0 20.0 10.0
1719.0 2234.0 20.0 10.0
3815.0 732.0 20.0 10.0
5125.0 869.0 20.0 10.0
313.0 1117.0 20.0 10.0
6689.0 1430.0 20.0 10.0
6673.0 1421.0 20.0 10.0
609.0 1131.0 20.0 10.0
1863.0 2285.0 20.0 10.0
2251.0 2553.0 20.0 10.0
6504.0 1336.0 20.0 10.0
2407.0 930.0 20.0 10.0
2920.0 895.0 20.0 10.0
5064.0 938.0 20.0 10.0
4972.0 924.0 20.0 10.0
235.0 2260.0 20.0 10.0
3763.0 694.0 20.0 10.0
3274.0 807.0 20.0 10.0
3806.0 877.0 20.0 10.0
6436.0 1296.0 20.0 10.0
623.0 1306.0 20.0 10.0
637.0 1299.0 20.0 10.0
2311.0 737.0 20.0 10.0
2353.0 753.0 20.0 10.0
1972.0 993.0 20.0 10.0
1945.0 1000.0 20.0 10.0
3839.0 772.0 20.0 10.0
4186.0 1029.0 20.0 10.0
3734.0 664.0 20.0 10.0
441.0 1088.0 20.0 10.0
6563.0 1279.0 20.0 10.0
6538.0 1281.0 20.0 10.0
1210.0 1924.0 20.0 10.0
718.0 1746.0 20.0 10.0
3709.0 929.0 20.0 10.0
1520.0 2113.0 20.0 10.0
1469.0 2084.0 20.0 10.0
1416.0 2055.0 20.0 10.0
1363.0 2028.0 20.0 10.0
602.0 1319.0 20.0 10.0
774.0 1836.0 20.0 10.0
1253.0 1980.0 20.0 10.0
1197.0 1958.0 20.0 10.0
1640.0 2141.0 20.0 10.0
1456.0 1092.0 20.0 10.0
690.0 1128.0 20.0 10.0
6605.0 1252.0 20.0 10.0
4667.0 679.0 20.0 10.0
4064.0 969.0 20.0 10.0
1986.0 2411.0 20.0 10.0
297.0 2194.0 20.0 10.0
1880.0 2345.0 20.0 10.0
6614.0 1366.0 20.0 10.0
361.0 2241.0 20.0 10.0
364.0 2225.0 20.0 10.0
4813.0 896.0 20.0 10.0
197.0 1142.0 20.0 10.0
1301.0 1072.0 20.0 10.0
2944.0 898.0 20.0 10.0
799.0 1142.0 20.0 10.0
2248.0 709.0 20.0 10.0
3822.0 754.0 20.0 10.0
4914.0 423.0 20.0 10.0
4620.0 848.0 20.0 10.0
3694.0 565.0 20.0 10.0
3465.0 99.0 20.0 10.0
3459.0 124.0 20.0 10.0
80.0 2339.0 20.0 10.0
899.0 1179.0 20.0 10.0
6217.0 1169.0 20.0 10.0
142.0 2306.0 20.0 10.0
6441.0 1080.0 20.0 10.0
66.0 1806.0 20.0 10.0
163.0 2448.0 20.0 10.0
4854.0 480.0 20.0 10.0
344.0 1445.0 20.0 10.0
689.0 1251.0 20.0 10.0
701.0 1272.0 20.0 10.0
818.0 1692.0 20.0 10.0
4197.0 981.0 20.0 10.0
1083.0 1882.0 20.0 10.0
1891.0 954.0 20.0 10.0
3190.0 880.0 20.0 10.0
3214.0 846.0 20.0 10.0
3243.0 813.0 20.0 10.0
3276.0 782.0 20.0 10.0
4430.0 842.0 20.0 10.0
322.0 1455.0 20.0 10.0
373.0 1431.0 20.0 10.0
428.0 1404.0 20.0 10.0
483.0 1377.0 20.0 10.0
6795.0 977.0 20.0 10.0
6772.0 999.0 20.0 10.0
349.0 1902.0 20.0 10.0
6630.0 1049.0 20.0 10.0
3468.0 159.0 20.0 10.0
1670.0 2204.0 20.0 10.0
187.0 2411.0 20.0 10.0
5246.0 923.0 20.0 10.0
5248.0 947.0 20.0 10.0
5929.0 1133.0 20.0 10.0
5910.0 1123.0 20.0 10.0
4927.0 408.0 20.0 10.0
1664.0 2148.0 20.0 10.0
3491.0 458.0 20.0 10.0
1297.0 1950.0 20.0 10.0
4323.0 818.0 20.0 10.0
4326.0 843.0 20.0 10.0
4310.0 861.0 20.0 10.0
2100.0 2489.0 20.0 10.0
531.0 1153.0 20.0 10.0
3685.0 594.0 20.0 10.0
6166.0 1117.0 20.0 10.0
6165.0 1140.0 20.0 10.0
1457.0 1051.0 20.0 10.0
1319.0 1055.0 20.0 10.0
6842.0 1012.0 20.0 10.0
6825.0 1013.0 20.0 10.0
6697.0 1265.0 20.0 10.0
6674.0 1268.0 20.0 10.0
3515.0 97.0 20.0 10.0
1112.0 1135.0 20.0 10.0
1205.0 1120.0 20.0 10.0
982.0 1793.0 20.0 10.0
970.0 1812.0 20.0 10.0
956.0 1839.0 20.0 10.0
936.0 1869.0 20.0 10.0
899.0 1850.0 20.0 10.0
6561.0 1285.0 20.0 10.0
1208.0 1801.0 20.0 10.0
175.0 1532.0 20.0 10.0
2005.0 1045.0 20.0 10.0
5876.0 992.0 20.0 10.0
5858.0 1003.0 20.0 10.0
803.0 1680.0 20.0 10.0
804.0 1696.0 20.0 10.0
801.0 1720.0 20.0 10.0
3654.0 623.0 20.0 10.0
358.0 1185.0 20.0 10.0
368.0 1180.0 20.0 10.0
182.0 1515.0 20.0 10.0
484.0 1949.0 20.0 10.0
505.0 1966.0 20.0 10.0
198.0 1519.0 20.0 10.0
312.0 1124.0 20.0 10.0
3692.0 854.0 20.0 10.0
212.0 2372.0 20.0 10.0
4695.0 882.0 20.0 10.0
2580.0 927.0 20.0 10.0
2490.0 668.0 20.0 10.0
3615.0 655.0 20.0 10.0
3658.0 672.0 20.0 10.0
3698.0 693.0 20.0 10.0
3741.0 709.0 20.0 10.0
1944.0 2384.0 20.0 10.0
429.0 1083.0 20.0 10.0
2358.0 2735.0 20.0 10.0
380.0 2123.0 20.0 10.0
1421.0 2080.0 20.0 10.0
3514.0 366.0 20.0 10.0
6864.0 968.0 20.0 10.0
4141.0 978.0 20.0 10.0
2517.0 665.0 20.0 10.0
6619.0 1024.0 20.0 10.0
2297.0 992.0 20.0 10.0
6561.0 1413.0 20.0 10.0
263.0 2261.0 20.0 10.0
286.0 2238.0 20.0 10.0
329.0 2194.0 20.0 10.0
193.0 1498.0 20.0 10.0
3678.0 967.0 20.0 10.0
4588.0 748.0 20.0 10.0
4715.0 906.0 20.0 10.0
1973.0 966.0 20.0 10.0
5432.0 973.0 20.0 10.0
5427.0 997.0 20.0 10.0
1325.0 1922.0 20.0 10.0
2581.0 939.0 20.0 10.0
6139.0 1150.0 20.0 10.0
4750.0 677.0 20.0 10.0
367.0 2206.0 20.0 10.0
361.0 2177.0 20.0 10.0
4120.0 835.0 20.0 10.0
664.0 1289.0 20.0 10.0
6625.0 1397.0 20.0 10.0
6588.0 1384.0 20.0 10.0
3309.0 752.0 20.0 10.0
4134.0 1011.0 20.0 10.0
6643.0 1023.0 20.0 10.0
6606.0 1040.0 20.0 10.0
159.0 1808.0 20.0 10.0
183.0 1818.0 20.0 10.0
209.0 1830.0 20.0 10.0
231.0 1851.0 20.0 10.0
271.0 1861.0 20.0 10.0
5337.0 982.0 20.0 10.0
6057.0 1138.0 20.0 10.0
589.0 1981.0 20.0 10.0
2345.0 2722.0 20.0 10.0
3710.0 842.0 20.0 10.0
284.0 1145.0 20.0 10.0
4037.0 943.0 20.0 10.0
4028.0 935.0 20.0 10.0
804.0 1934.0 20.0 10.0
3690.0 589.0 20.0 10.0
55.0 2581.0 20.0 10.0
261.0 2286.0 20.0 10.0
2909.0 869.0 20.0 10.0
1294.0 1085.0 20.0 10.0
1298.0 1106.0 20.0 10.0
187.0 1149.0 20.0 10.0
2499.0 805.0 20.0 10.0
4446.0 829.0 20.0 10.0
450.0 2069.0 20.0 10.0
1498.0 2075.0 20.0 10.0
955.0 1907.0 20.0 10.0
875.0 1106.0 20.0 10.0
3677.0 964.0 20.0 10.0
2314.0 943.0 20.0 10.0
453.0 1967.0 20.0 10.0
6395.0 1094.0 20.0 10.0
318.0 1888.0 20.0 10.0
572.0 1119.0 20.0 10.0
810.0 1953.0 20.0 10.0
802.0 1944.0 20.0 10.0
783.0 1929.0 20.0 10.0
4947.0 389.0 20.0 10.0
4939.0 397.0 20.0 10.0
6588.0 1242.0 20.0 10.0
3485.0 330.0 20.0 10.0
3486.0 372.0 20.0 10.0
3467.0 944.0 20.0 10.0
2554.0 820.0 20.0 10.0
2611.0 837.0 20.0 10.0
6643.0 1281.0 20.0 10.0
84.0 1767.0 20.0 10.0
6348.0 1107.0 20.0 10.0
6299.0 1122.0 20.0 10.0
4135.0 1027.0 20.0 10.0
6761.0 1021.0 20.0 10.0
6741.0 1004.0 20.0 10.0
6710.0 1001.0 20.0 10.0
3452.0 945.0 20.0 10.0
3454.0 917.0 20.0 10.0
4005.0 891.0 20.0 10.0
3979.0 886.0 20.0 10.0
5133.0 835.0 20.0 10.0
784.0 1794.0 20.0 10.0
684.0 1146.0 20.0 10.0
5252.0 979.0 20.0 10.0
2257.0 2541.0 20.0 10.0
2056.0 2437.0 20.0 10.0
6612.0 1385.0 20.0 10.0
4524.0 834.0 20.0 10.0
1743.0 2214.0 20.0 10.0
1172.0 1088.0 20.0 10.0
1184.0 1105.0 20.0 10.0
6113.0 1133.0 20.0 10.0
1733.0 1054.0 20.0 10.0
4622.0 708.0 20.0 10.0
967.0 1750.0 20.0 10.0
534.0 2036.0 20.0 10.0
3781.0 760.0 20.0 10.0
3799.0 742.0 20.0 10.0
3783.0 727.0 20.0 10.0
3825.0 747.0 20.0 10.0
3863.0 770.0 20.0 10.0
2224.0 694.0 20.0 10.0
6311.0 1211.0 20.0 10.0
2391.0 950.0 20.0 10.0
1858.0 2326.0 20.0 10.0
382.0 1922.0 20.0 10.0
416.0 1945.0 20.0 10.0
2294.0 1001.0 20.0 10.0
447.0 1111.0 20.0 10.0
2509.0 683.0 20.0 10.0
2488.0 702.0 20.0 10.0
2490.0 731.0 20.0 10.0
2064.0 2464.0 20.0 10.0
2027.0 2436.0 20.0 10.0
2329.0 2708.0 20.0 10.0
4867.0 505.0 20.0 10.0
3460.0 952.0 20.0 10.0
3908.0 873.0 20.0 10.0
6613.0 1236.0 20.0 10.0
821.0 1084.0 20.0 10.0
382.0 2023.0 20.0 10.0
393.0 2049.0 20.0 10.0
3399.0 567.0 20.0 10.0
3409.0 585.0 20.0 10.0
6593.0 1408.0 20.0 10.0
2498.0 945.0 20.0 10.0
5611.0 918.0 20.0 10.0
3509.0 145.0 20.0 10.0
2264.0 2538.0 20.0 10.0
2233.0 2532.0 20.0 10.0
5603.0 921.0 20.0 10.0
5596.0 935.0 20.0 10.0
5580.0 938.0 20.0 10.0
2191.0 2574.0 20.0 10.0
849.0 1118.0 20.0 10.0
3509.0 314.0 20.0 10.0
1955.0 2348.0 20.0 10.0
1931.0 2362.0 20.0 10.0
858.0 1078.0 20.0 10.0
977.0 1889.0 20.0 10.0
5255.0 989.0 20.0 10.0
542.0 1348.0 20.0 10.0
4056.0 935.0 20.0 10.0
6613.0 1022.0 20.0 10.0
1314.0 1929.0 20.0 10.0
1299.0 1942.0 20.0 10.0
5809.0 1054.0 20.0 10.0
5779.0 1062.0 20.0 10.0
508.0 1102.0 20.0 10.0
536.0 1112.0 20.0 10.0
5692.0 1045.0 20.0 10.0
588.0 1149.0 20.0 10.0
4702.0 623.0 20.0 10.0
1932.0 947.0 20.0 10.0
2320.0 2549.0 20.0 10.0
3295.0 701.0 20.0 10.0
295.0 1172.0 20.0 10.0
314.0 1155.0 20.0 10.0
364.0 1154.0 20.0 10.0
1570.0 2144.0 20.0 10.0
2515.0 715.0 20.0 10.0
3478.0 580.0 20.0 10.0
1276.0 1962.0 20.0 10.0
5133.0 844.0 20.0 10.0
6652.0 1270.0 20.0 10.0
3467.0 151.0 20.0 10.0
5151.0 911.0 20.0 10.0
1813.0 2296.0 20.0 10.0
1767.0 2265.0 20.0 10.0
529.0 2014.0 20.0 10.0
5909.0 1001.0 20.0 10.0
2724.0 873.0 20.0 10.0
2237.0 2574.0 20.0 10.0
2214.0 2586.0 20.0 10.0
2890.0 892.0 20.0 10.0
5893.0 1022.0 20.0 10.0
3726.0 896.0 20.0 10.0
3507.0 111.0 20.0 10.0
3495.0 135.0 20.0 10.0
3784.0 780.0 20.0 10.0
3866.0 806.0 20.0 10.0
3601.0 627.0 20.0 10.0
3604.0 635.0 20.0 10.0
3515.0 608.0 20.0 10.0
2476.0 645.0 20.0 10.0
1658.0 1060.0 20.0 10.0
5983.0 1089.0 20.0 10.0
2594.0 909.0 20.0 10.0
1238.0 1807.0 20.0 10.0
2200.0 2532.0 20.0 10.0
4288.0 781.0 20.0 10.0
2321.0 2542.0 20.0 10.0
4508.0 858.0 20.0 10.0
4408.0 859.0 20.0 10.0
6849.0 952.0 20.0 10.0
2954.0 898.0 20.0 10.0
4831.0 505.0 20.0 10.0
6245.0 1136.0 20.0 10.0
6190.0 1150.0 20.0 10.0
2512.0 649.0 20.0 10.0
2552.0 811.0 20.0 10.0
2472.0 662.0 20.0 10.0
6352.0 1141.0 20.0 10.0
6330.0 1122.0 20.0 10.0
68.0 1578.0 20.0 10.0
4456.0 863.0 20.0 10.0
4447.0 855.0 20.0 10.0
782.0 1130.0 20.0 10.0
4932.0 919.0 20.0 10.0
4921.0 916.0 20.0 10.0
64.0 2343.0 20.0 10.0
1209.0 1829.0 20.0 10.0
2646.0 867.0 20.0 10.0
3504.0 87.0 20.0 10.0
3381.0 691.0 20.0 10.0
2984.0 884.0 20.0 10.0
730.0 1264.0 20.0 10.0
2317.0 2706.0 20.0 10.0
3741.0 1007.0 20.0 10.0
3722.0 989.0 20.0 10.0
3696.0 983.0 20.0 10.0
293.0 1849.0 20.0 10.0
2868.0 866.0 20.0 10.0
232.0 1149.0 20.0 10.0
3956.0 856.0 20.0 10.0
3938.0 877.0 20.0 10.0
772.0 1127.0 20.0 10.0
650.0 1950.0 20.0 10.0
376.0 2187.0 20.0 10.0
5968.0 1144.0 20.0 10.0
335.0 1158.0 20.0 10.0
4145.0 1049.0 20.0 10.0
3692.0 576.0 20.0 10.0
834.0 1913.0 20.0 10.0
4544.0 816.0 20.0 10.0
2905.0 911.0 20.0 10.0
2960.0 874.0 20.0 10.0
503.0 1119.0 20.0 10.0
6245.0 1173.0 20.0 10.0
1901.0 2355.0 20.0 10.0
2053.0 2422.0 20.0 10.0
3523.0 569.0 20.0 10.0
5950.0 1020.0 20.0 10.0
1900.0 957.0 20.0 10.0
6619.0 1427.0 20.0 10.0
6606.0 1400.0 20.0 10.0
3491.0 171.0 20.0 10.0
3483.0 209.0 20.0 10.0
1369.0 2050.0 20.0 10.0
3851.0 799.0 20.0 10.0
357.0 2025.0 20.0 10.0
364.0 2050.0 20.0 10.0
6575.0 1387.0 20.0 10.0
2494.0 799.0 20.0 10.0
5868.0 1037.0 20.0 10.0
6538.0 1243.0 20.0 10.0
1319.0 1041.0 20.0 10.0
6868.0 988.0 20.0 10.0
6842.0 982.0 20.0 10.0
2492.0 763.0 20.0 10.0
5236.0 974.0 20.0 10.0
5248.0 966.0 20.0 10.0
2435.0 795.0 20.0 10.0
74.0 2546.0 20.0 10.0
100.0 2540.0 20.0 10.0
173.0 2285.0 20.0 10.0
210.0 1141.0 20.0 10.0
1745.0 1009.0 20.0 10.0
4187.0 980.0 20.0 10.0
4161.0 1014.0 20.0 10.0
6830.0 961.0 20.0 10.0
6817.0 969.0 20.0 10.0
3667.0 959.0 20.0 10.0
5263.0 1004.0 20.0 10.0
454.0 1389.0 20.0 10.0
1574.0 1074.0 20.0 10.0
5144.0 872.0 20.0 10.0
721.0 1765.0 20.0 10.0
6369.0 1240.0 20.0 10.0
1218.0 1889.0 20.0 10.0
2135.0 2514.0 20.0 10.0
4881.0 456.0 20.0 10.0
6677.0 1011.0 20.0 10.0
1482.0 2109.0 20.0 10.0
80.0 2566.0 20.0 10.0
6620.0 1374.0 20.0 10.0
4463.0 868.0 20.0 10.0
2477.0 672.0 20.0 10.0
6623.0 1420.0 20.0 10.0
1722.0 1009.0 20.0 10.0
5344.0 959.0 20.0 10.0
5869.0 1007.0 20.0 10.0
337.0 1127.0 20.0 10.0
357.0 1129.0 20.0 10.0
385.0 1139.0 20.0 10.0
3492.0 501.0 20.0 10.0
1885.0 2289.0 20.0 10.0
3696.0 1000.0 20.0 10.0
5951.0 1140.0 20.0 10.0
2301.0 981.0 20.0 10.0
2306.0 969.0 20.0 10.0
1470.0 1075.0 20.0 10.0
1484.0 1075.0 20.0 10.0
816.0 1668.0 20.0 10.0
3480.0 248.0 20.0 10.0
3482.0 289.0 20.0 10.0
4882.0 497.0 20.0 10.0
490.0 1929.0 20.0 10.0
1939.0 1010.0 20.0 10.0
122.0 2515.0 20.0 10.0
5711.0 1066.0 20.0 10.0
2271.0 2654.0 20.0 10.0
317.0 1446.0 20.0 10.0
141.0 2482.0 20.0 10.0
5157.0 925.0 20.0 10.0
5164.0 937.0 20.0 10.0
2543.0 841.0 20.0 10.0
3371.0 589.0 20.0 10.0
46.0 1792.0 20.0 10.0
71.0 1780.0 20.0 10.0
88.0 1789.0 20.0 10.0
5929.0 1005.0 20.0 10.0
4303.0 832.0 20.0 10.0
457.0 1094.0 20.0 10.0
5935.0 985.0 20.0 10.0
5925.0 991.0 20.0 10.0
5559.0 982.0 20.0 10.0
6252.0 1181.0 20.0 10.0
4070.0 978.0 20.0 10.0
2338.0 2669.0 20.0 10.0
2315.0 2685.0 20.0 10.0
1444.0 2046.0 20.0 10.0
5580.0 968.0 20.0 10.0
5560.0 959.0 20.0 10.0
1562.0 1012.0 20.0 10.0
4324.0 795.0 20.0 10.0
270.0 1155.0 20.0 10.0
5928.0 1021.0 20.0 10.0
2780.0 890.0 20.0 10.0
2881.0 887.0 20.0 10.0
1198.0 1800.0 20.0 10.0
649.0 1146.0 20.0 10.0
715.0 1148.0 20.0 10.0
2294.0 2675.0 20.0 10.0
1094.0 1113.0 20.0 10.0
711.0 1918.0 20.0 10.0
4916.0 919.0 20.0 10.0
4901.0 905.0 20.0 10.0
4880.0 910.0 20.0 10.0
3087.0 882.0 20.0 10.0
4425.0 816.0 20.0 10.0
1229.0 1865.0 20.0 10.0
4472.0 871.0 20.0 10.0
420.0 2064.0 20.0 10.0
4787.0 896.0 20.0 10.0
68.0 2349.0 20.0 10.0
714.0 1731.0 20.0 10.0
6421.0 1087.0 20.0 10.0
786.0 1155.0 20.0 10.0
792.0 1755.0 20.0 10.0
6567.0 1044.0 20.0 10.0
