1000
2254.0 895.0 20.0 10.0
1000.0 991.0 20.0 10.0
1005.0 1009.0 20.0 10.0
2117.0 1913.0 20.0 10.0
2241.0 1961.0 20.0 10.0
2275.0 1960.0 20.0 10.0
2264.0 1956.0 20.0 10.0
2249.0 1952.0 20.0 10.0
2227.0 1942.0 20.0 10.0
1605.0 3291.0 20.0 10.0
2093.0 3117.0 20.0 10.0
2116.0 3099.0 20.0 10.0
2420.0 2190.0 20.0 10.0
2406.0 2184.0 20.0 10.0
2636.0 1745.0 20.0 10.0
38.0 3128.0 20.0 10.0
1692.0 2316.0 20.0 10.0
1696.0 2280.0 20.0 10.0
999.0 1036.0 20.0 10.0
2190.0 1939.0 20.0 10.0
3270.0 3044.0 20.0 10.0
3302.0 3044.0 20.0 10.0
3335.0 3046.0 20.0 10.0
1468.0 2335.0 20.0 10.0
3692.0 2037.0 20.0 10.0
2709.0 440.0 20.0 10.0
2699.0 451.0 20.0 10.0
2135.0 3100.0 20.0 10.0
93.0 3138.0 20.0 10.0
857.0 1957.0 20.0 10.0
877.0 1948.0 20.0 10.0
904.0 1934.0 20.0 10.0
1960.0 1821.0 20.0 10.0
277.0 2303.0 20.0 10.0
1796.0 1247.0 20.0 10.0
1349.0 1318.0 20.0 10.0
1365.0 1331.0 20.0 10.0
2403.0 2228.0 20.0 10.0
2045.0 1811.0 20.0 10.0
2179.0 738.0 20.0 10.0
2168.0 760.0 20.0 10.0
2355.0 1637.0 20.0 10.0
1986.0 1194.0 20.0 10.0
1424.0 2434.0 20.0 10.0
1445.0 2413.0 20.0 10.0
790.0 2017.0 20.0 10.0
1652.0 2117.0 20.0 10.0
1666.0 2110.0 20.0 10.0
1356.0 1942.0 20.0 10.0
1365.0 1932.0 20.0 10.0
345.0 3190.0 20.0 10.0
384.0 3199.0 20.0 10.0
425.0 3206.0 20.0 10.0
3801.0 2093.0 20.0 10.0
1654.0 2151.0 20.0 10.0
483.0 2240.0 20.0 10.0
482.0 2215.0 20.0 10.0
514.0 2210.0 20.0 10.0
1143.0 1903.0 20.0 10.0
1064.0 1898.0 20.0 10.0
2622.0 593.0 20.0 10.0
1762.0 1998.0 20.0 10.0
711.0 3340.0 20.0 10.0
738.0 3313.0 20.0 10.0
790.0 3324.0 20.0 10.0
842.0 3333.0 20.0 10.0
517.0 3545.0 20.0 10.0
2295.0 2066.0 20.0 10.0
2527.0 638.0 20.0 10.0
2543.0 616.0 20.0 10.0
2123.0 1068.0 20.0 10.0
3391.0 1988.0 20.0 10.0
3408.0 1967.0 20.0 10.0
2457.0 852.0 20.0 10.0
2434.0 839.0 20.0 10.0
2432.0 867.0 20.0 10.0
1624.0 1925.0 20.0 10.0
3903.0 2165.0 20.0 10.0
3909.0 2135.0 20.0 10.0
3893.0 2120.0 20.0 10.0
3864.0 2109.0 20.0 10.0
3824.0 2116.0 20.0 10.0
3775.0 2099.0 20.0 10.0
3725.0 2082.0 20.0 10.0
2516.0 2527.0 20.0 10.0
2602.0 402.0 20.0 10.0
2590.0 422.0 20.0 10.0
2203.0 3029.0 20.0 10.0
1610.0 3315.0 20.0 10.0
1584.0 3308.0 20.0 10.0
1561.0 3294.0 20.0 10.0
1567.0 3261.0 20.0 10.0
1627.0 3243.0 20.0 10.0
1650.0 3239.0 20.0 10.0
2532.0 594.0 20.0 10.0
2559.0 583.0 20.0 10.0
2569.0 610.0 20.0 10.0
2582.0 634.0 20.0 10.0
2590.0 658.0 20.0 10.0
3272.0 1935.0 20.0 10.0
163.0 2352.0 20.0 10.0
2051.0 3118.0 20.0 10.0
2684.0 2636.0 20.0 10.0
2668.0 2667.0 20.0 10.0
2491.0 1713.0 20.0 10.0
1673.0 1902.0 20.0 10.0
1650.0 1912.0 20.0 10.0
1868.0 1904.0 20.0 10.0
2945.0 395.0 20.0 10.0
2928.0 408.0 20.0 10.0
1304.0 1352.0 20.0 10.0
833.0 3264.0 20.0 10.0
3646.0 2042.0 20.0 10.0
2764.0 544.0 20.0 10.0
1617.0 2197.0 20.0 10.0
2879.0 2544.0 20.0 10.0
1014.0 3432.0 20.0 10.0
249.0 2316.0 20.0 10.0
2429.0 2298.0 20.0 10.0
2417.0 2283.0 20.0 10.0
973.0 1065.0 20.0 10.0
983.0 1064.0 20.0 10.0
3031.0 303.0 20.0 10.0
3012.0 322.0 20.0 10.0
2983.0 329.0 20.0 10.0
2956.0 344.0 20.0 10.0
2935.0 371.0 20.0 10.0
2911.0 400.0 20.0 10.0
1730.0 2037.0 20.0 10.0
2170.0 478.0 20.0 10.0
2161.0 501.0 20.0 10.0
2490.0 1706.0 20.0 10.0
2481.0 1712.0 20.0 10.0
2458.0 1722.0 20.0 10.0
2431.0 1737.0 20.0 10.0
2365.0 1731.0 20.0 10.0
1688.0 2386.0 20.0 10.0
1691.0 2372.0 20.0 10.0
72.0 3132.0 20.0 10.0
596.0 3443.0 20.0 10.0
617.0 3456.0 20.0 10.0
2631.0 3401.0 20.0 10.0
2621.0 3380.0 20.0 10.0
1368.0 1392.0 20.0 10.0
1395.0 1401.0 20.0 10.0
2068.0 1266.0 20.0 10.0
2767.0 2671.0 20.0 10.0
3967.0 2123.0 20.0 10.0
3952.0 2122.0 20.0 10.0
3933.0 2121.0 20.0 10.0
2395.0 790.0 20.0 10.0
2426.0 3222.0 20.0 10.0
1779.0 2257.0 20.0 10.0
1224.0 1307.0 20.0 10.0
1542.0 1920.0 20.0 10.0
3558.0 2047.0 20.0 10.0
2657.0 2695.0 20.0 10.0
2613.0 2723.0 20.0 10.0
1730.0 2107.0 20.0 10.0
1123.0 1642.0 20.0 10.0
1128.0 1653.0 20.0 10.0
54.0 3109.0 20.0 10.0
660.0 3396.0 20.0 10.0
685.0 3367.0 20.0 10.0
3617.0 2066.0 20.0 10.0
2535.0 491.0 20.0 10.0
1199.0 1899.0 20.0 10.0
1838.0 2245.0 20.0 10.0
2287.0 1669.0 20.0 10.0
140.0 3150.0 20.0 10.0
166.0 3157.0 20.0 10.0
1606.0 3356.0 20.0 10.0
1600.0 3333.0 20.0 10.0
559.0 2186.0 20.0 10.0
2497.0 710.0 20.0 10.0
1072.0 3490.0 20.0 10.0
1067.0 3476.0 20.0 10.0
3300.0 1927.0 20.0 10.0
3244.0 1910.0 20.0 10.0
1713.0 2176.0 20.0 10.0
1724.0 2154.0 20.0 10.0
2785.0 3503.0 20.0 10.0
2093.0 1781.0 20.0 10.0
2030.0 1835.0 20.0 10.0
2087.0 1330.0 20.0 10.0
2105.0 1394.0 20.0 10.0
1684.0 2195.0 20.0 10.0
1676.0 2168.0 20.0 10.0
1787.0 1936.0 20.0 10.0
1706.0 1930.0 20.0 10.0
2300.0 1725.0 20.0 10.0
2231.0 1720.0 20.0 10.0
589.0 3390.0 20.0 10.0
1520.0 2302.0 20.0 10.0
2233.0 3083.0 20.0 10.0
3008.0 336.0 20.0 10.0
836.0 3250.0 20.0 10.0
192.0 3162.0 20.0 10.0
220.0 3168.0 20.0 10.0
2442.0 2197.0 20.0 10.0
2432.0 2193.0 20.0 10.0
2551.0 507.0 20.0 10.0
2821.0 2579.0 20.0 10.0
2524.0 713.0 20.0 10.0
2189.0 821.0 20.0 10.0
2738.0 2639.0 20.0 10.0
2383.0 2238.0 20.0 10.0
1188.0 1622.0 20.0 10.0
3151.0 1878.0 20.0 10.0
3096.0 3082.0 20.0 10.0
3090.0 3051.0 20.0 10.0
3056.0 3045.0 20.0 10.0
2154.0 339.0 20.0 10.0
1068.0 1820.0 20.0 10.0
1988.0 3137.0 20.0 10.0
1927.0 3155.0 20.0 10.0
2563.0 2752.0 20.0 10.0
2516.0 2792.0 20.0 10.0
2122.0 1772.0 20.0 10.0
460.0 2137.0 20.0 10.0
249.0 3173.0 20.0 10.0
1397.0 1940.0 20.0 10.0
1373.0 1921.0 20.0 10.0
1382.0 1912.0 20.0 10.0
1302.0 1909.0 20.0 10.0
1223.0 1907.0 20.0 10.0
371.0 3177.0 20.0 10.0
2266.0 2075.0 20.0 10.0
2233.0 2037.0 20.0 10.0
1680.0 2401.0 20.0 10.0
1684.0 2377.0 20.0 10.0
1688.0 2350.0 20.0 10.0
1651.0 1237.0 20.0 10.0
1649.0 1247.0 20.0 10.0
1637.0 1272.0 20.0 10.0
1654.0 1291.0 20.0 10.0
2217.0 1964.0 20.0 10.0
1728.0 1267.0 20.0 10.0
1718.0 1296.0 20.0 10.0
2356.0 2200.0 20.0 10.0
1684.0 2466.0 20.0 10.0
2185.0 948.0 20.0 10.0
2201.0 936.0 20.0 10.0
2404.0 2270.0 20.0 10.0
2397.0 2253.0 20.0 10.0
1821.0 2225.0 20.0 10.0
1794.0 2229.0 20.0 10.0
1317.0 1975.0 20.0 10.0
1326.0 1968.0 20.0 10.0
1341.0 1965.0 20.0 10.0
1354.0 1961.0 20.0 10.0
726.0 825.0 20.0 10.0
744.0 842.0 20.0 10.0
761.0 855.0 20.0 10.0
777.0 867.0 20.0 10.0
1588.0 3381.0 20.0 10.0
1572.0 3358.0 20.0 10.0
2539.0 2663.0 20.0 10.0
2544.0 2689.0 20.0 10.0
2816.0 2674.0 20.0 10.0
2796.0 2674.0 20.0 10.0
2857.0 2556.0 20.0 10.0
2833.0 2572.0 20.0 10.0
278.0 3176.0 20.0 10.0
829.0 3286.0 20.0 10.0
826.0 3312.0 20.0 10.0
565.0 3500.0 20.0 10.0
2169.0 1121.0 20.0 10.0
2160.0 1126.0 20.0 10.0
2139.0 1139.0 20.0 10.0
449.0 2193.0 20.0 10.0
931.0 979.0 20.0 10.0
2379.0 2189.0 20.0 10.0
3972.0 2172.0 20.0 10.0
3938.0 2163.0 20.0 10.0
3899.0 2155.0 20.0 10.0
2449.0 2249.0 20.0 10.0
2431.0 2228.0 20.0 10.0
2862.0 3565.0 20.0 10.0
233.0 2394.0 20.0 10.0
245.0 2383.0 20.0 10.0
1134.0 3326.0 20.0 10.0
2405.0 781.0 20.0 10.0
1652.0 1959.0 20.0 10.0
2616.0 383.0 20.0 10.0
2401.0 2900.0 20.0 10.0
860.0 1944.0 20.0 10.0
876.0 1942.0 20.0 10.0
699.0 3436.0 20.0 10.0
672.0 3422.0 20.0 10.0
2169.0 603.0 20.0 10.0
2173.0 655.0 20.0 10.0
2178.0 709.0 20.0 10.0
2186.0 765.0 20.0 10.0
2588.0 2578.0 20.0 10.0
931.0 1935.0 20.0 10.0
953.0 1927.0 20.0 10.0
1229.0 1560.0 20.0 10.0
147.0 2960.0 20.0 10.0
156.0 2972.0 20.0 10.0
166.0 2984.0 20.0 10.0
179.0 2999.0 20.0 10.0
992.0 3494.0 20.0 10.0
528.0 3553.0 20.0 10.0
530.0 3539.0 20.0 10.0
543.0 2127.0 20.0 10.0
572.0 2124.0 20.0 10.0
3669.0 2036.0 20.0 10.0
464.0 2286.0 20.0 10.0
478.0 2268.0 20.0 10.0
841.0 924.0 20.0 10.0
874.0 943.0 20.0 10.0
2746.0 3493.0 20.0 10.0
2963.0 1829.0 20.0 10.0
2907.0 1814.0 20.0 10.0
2851.0 1799.0 20.0 10.0
1611.0 3412.0 20.0 10.0
1604.0 3399.0 20.0 10.0
2195.0 878.0 20.0 10.0
2805.0 3528.0 20.0 10.0
2589.0 2691.0 20.0 10.0
2565.0 2709.0 20.0 10.0
2652.0 2704.0 20.0 10.0
3802.0 2123.0 20.0 10.0
2817.0 3530.0 20.0 10.0
2548.0 460.0 20.0 10.0
900.0 995.0 20.0 10.0
912.0 999.0 20.0 10.0
1528.0 2356.0 20.0 10.0
1539.0 2344.0 20.0 10.0
1553.0 2316.0 20.0 10.0
291.0 3142.0 20.0 10.0
2067.0 1193.0 20.0 10.0
2188.0 736.0 20.0 10.0
2178.0 1982.0 20.0 10.0
2170.0 1966.0 20.0 10.0
2162.0 1951.0 20.0 10.0
846.0 945.0 20.0 10.0
2215.0 953.0 20.0 10.0
1718.0 2461.0 20.0 10.0
2785.0 2722.0 20.0 10.0
3954.0 2204.0 20.0 10.0
2639.0 534.0 20.0 10.0
2771.0 3482.0 20.0 10.0
2741.0 3464.0 20.0 10.0
2711.0 3441.0 20.0 10.0
2678.0 3416.0 20.0 10.0
605.0 3513.0 20.0 10.0
582.0 3495.0 20.0 10.0
593.0 3480.0 20.0 10.0
2166.0 2908.0 20.0 10.0
2170.0 2921.0 20.0 10.0
2175.0 2935.0 20.0 10.0
2964.0 373.0 20.0 10.0
1114.0 3337.0 20.0 10.0
1171.0 3330.0 20.0 10.0
494.0 3579.0 20.0 10.0
2751.0 604.0 20.0 10.0
2730.0 616.0 20.0 10.0
2716.0 620.0 20.0 10.0
2699.0 625.0 20.0 10.0
2681.0 629.0 20.0 10.0
2548.0 2602.0 20.0 10.0
2433.0 1637.0 20.0 10.0
2418.0 1642.0 20.0 10.0
556.0 3240.0 20.0 10.0
600.0 3257.0 20.0 10.0
646.0 3274.0 20.0 10.0
692.0 3292.0 20.0 10.0
2618.0 620.0 20.0 10.0
2606.0 638.0 20.0 10.0
2717.0 2593.0 20.0 10.0
3187.0 1893.0 20.0 10.0
2656.0 533.0 20.0 10.0
2529.0 2559.0 20.0 10.0
2535.0 2579.0 20.0 10.0
1898.0 1911.0 20.0 10.0
2162.0 3098.0 20.0 10.0
1039.0 3528.0 20.0 10.0
3707.0 2032.0 20.0 10.0
2296.0 2114.0 20.0 10.0
870.0 962.0 20.0 10.0
881.0 967.0 20.0 10.0
901.0 973.0 20.0 10.0
929.0 1007.0 20.0 10.0
962.0 1037.0 20.0 10.0
2143.0 1591.0 20.0 10.0
3124.0 3044.0 20.0 10.0
2441.0 878.0 20.0 10.0
2540.0 2814.0 20.0 10.0
2520.0 2831.0 20.0 10.0
2496.0 2824.0 20.0 10.0
2179.0 2953.0 20.0 10.0
117.0 2357.0 20.0 10.0
129.0 2357.0 20.0 10.0
144.0 2356.0 20.0 10.0
1042.0 3510.0 20.0 10.0
2373.0 2220.0 20.0 10.0
863.0 957.0 20.0 10.0
877.0 964.0 20.0 10.0
2476.0 3221.0 20.0 10.0
2450.0 3232.0 20.0 10.0
2408.0 3201.0 20.0 10.0
2368.0 3168.0 20.0 10.0
2329.0 3133.0 20.0 10.0
3492.0 3046.0 20.0 10.0
986.0 3296.0 20.0 10.0
1717.0 2082.0 20.0 10.0
3848.0 2123.0 20.0 10.0
2188.0 66.0 20.0 10.0
3978.0 2161.0 20.0 10.0
3966.0 2159.0 20.0 10.0
1567.0 2280.0 20.0 10.0
1583.0 2241.0 20.0 10.0
1519.0 2329.0 20.0 10.0
2257.0 1973.0 20.0 10.0
3130.0 1878.0 20.0 10.0
2498.0 861.0 20.0 10.0
1560.0 3328.0 20.0 10.0
3028.0 1844.0 20.0 10.0
2165.0 551.0 20.0 10.0
225.0 2402.0 20.0 10.0
2547.0 658.0 20.0 10.0
1289.0 1375.0 20.0 10.0
1288.0 1389.0 20.0 10.0
355.0 3143.0 20.0 10.0
363.0 3154.0 20.0 10.0
2533.0 2648.0 20.0 10.0
1533.0 2358.0 20.0 10.0
1479.0 1901.0 20.0 10.0
520.0 3438.0 20.0 10.0
533.0 3443.0 20.0 10.0
764.0 787.0 20.0 10.0
2679.0 608.0 20.0 10.0
2631.0 646.0 20.0 10.0
2579.0 681.0 20.0 10.0
2795.0 1786.0 20.0 10.0
1702.0 2217.0 20.0 10.0
2564.0 2630.0 20.0 10.0
2566.0 2669.0 20.0 10.0
1781.0 2276.0 20.0 10.0
503.0 3250.0 20.0 10.0
516.0 3264.0 20.0 10.0
541.0 3268.0 20.0 10.0
209.0 2339.0 20.0 10.0
223.0 2329.0 20.0 10.0
207.0 2421.0 20.0 10.0
2448.0 3260.0 20.0 10.0
2165.0 140.0 20.0 10.0
2164.0 168.0 20.0 10.0
3220.0 3025.0 20.0 10.0
3190.0 3030.0 20.0 10.0
3157.0 3036.0 20.0 10.0
3756.0 2079.0 20.0 10.0
2722.0 2604.0 20.0 10.0
2701.0 2613.0 20.0 10.0
2537.0 2771.0 20.0 10.0
252.0 2377.0 20.0 10.0
1062.0 3450.0 20.0 10.0
1907.0 3175.0 20.0 10.0
1624.0 1224.0 20.0 10.0
1631.0 1235.0 20.0 10.0
2592.0 3385.0 20.0 10.0
1865.0 3173.0 20.0 10.0
753.0 2055.0 20.0 10.0
2162.0 74.0 20.0 10.0
2162.0 94.0 20.0 10.0
2163.0 116.0 20.0 10.0
1394.0 3294.0 20.0 10.0
1706.0 2189.0 20.0 10.0
2769.0 2709.0 20.0 10.0
2759.0 2720.0 20.0 10.0
1084.0 3352.0 20.0 10.0
2067.0 3118.0 20.0 10.0
3003.0 3013.0 20.0 10.0
1498.0 2412.0 20.0 10.0
1512.0 2391.0 20.0 10.0
1524.0 2370.0 20.0 10.0
2386.0 2250.0 20.0 10.0
3586.0 2010.0 20.0 10.0
3569.0 2024.0 20.0 10.0
2105.0 1063.0 20.0 10.0
4122.0 2235.0 20.0 10.0
4111.0 2230.0 20.0 10.0
2483.0 3288.0 20.0 10.0
2468.0 3275.0 20.0 10.0
2315.0 1652.0 20.0 10.0
2303.0 1679.0 20.0 10.0
235.0 2324.0 20.0 10.0
2144.0 281.0 20.0 10.0
2153.0 311.0 20.0 10.0
116.0 3145.0 20.0 10.0
2134.0 1861.0 20.0 10.0
2106.0 1874.0 20.0 10.0
2075.0 1874.0 20.0 10.0
881.0 1944.0 20.0 10.0
1669.0 3232.0 20.0 10.0
304.0 2266.0 20.0 10.0
316.0 2264.0 20.0 10.0
341.0 2253.0 20.0 10.0
2744.0 396.0 20.0 10.0
1969.0 1216.0 20.0 10.0
969.0 936.0 20.0 10.0
966.0 963.0 20.0 10.0
2769.0 3525.0 20.0 10.0
2761.0 3512.0 20.0 10.0
2090.0 152.0 20.0 10.0
2087.0 179.0 20.0 10.0
2103.0 198.0 20.0 10.0
3141.0 1877.0 20.0 10.0
1001.0 3457.0 20.0 10.0
1027.0 3450.0 20.0 10.0
857.0 928.0 20.0 10.0
2698.0 595.0 20.0 10.0
2727.0 416.0 20.0 10.0
2593.0 1732.0 20.0 10.0
2582.0 1735.0 20.0 10.0
797.0 852.0 20.0 10.0
486.0 2189.0 20.0 10.0
549.0 2159.0 20.0 10.0
910.0 1939.0 20.0 10.0
941.0 1941.0 20.0 10.0
982.0 1938.0 20.0 10.0
1976.0 1869.0 20.0 10.0
1950.0 1870.0 20.0 10.0
2532.0 567.0 20.0 10.0
3487.0 1976.0 20.0 10.0
3478.0 1977.0 20.0 10.0
3462.0 1987.0 20.0 10.0
2740.0 403.0 20.0 10.0
780.0 808.0 20.0 10.0
3074.0 1861.0 20.0 10.0
3018.0 1845.0 20.0 10.0
2560.0 482.0 20.0 10.0
512.0 3223.0 20.0 10.0
1620.0 3341.0 20.0 10.0
2150.0 1658.0 20.0 10.0
2155.0 1727.0 20.0 10.0
1820.0 2209.0 20.0 10.0
2670.0 632.0 20.0 10.0
2657.0 637.0 20.0 10.0
2416.0 780.0 20.0 10.0
2471.0 2834.0 20.0 10.0
2426.0 2878.0 20.0 10.0
2383.0 2922.0 20.0 10.0
2339.0 2968.0 20.0 10.0
1482.0 3261.0 20.0 10.0
1508.0 3273.0 20.0 10.0
1495.0 2302.0 20.0 10.0
2412.0 880.0 20.0 10.0
541.0 3531.0 20.0 10.0
548.0 3520.0 20.0 10.0
2480.0 2367.0 20.0 10.0
2483.0 2337.0 20.0 10.0
1638.0 1926.0 20.0 10.0
2113.0 1144.0 20.0 10.0
3393.0 1956.0 20.0 10.0
1000.0 3498.0 20.0 10.0
1020.0 3484.0 20.0 10.0
517.0 3555.0 20.0 10.0
1052.0 1069.0 20.0 10.0
1036.0 1093.0 20.0 10.0
959.0 3301.0 20.0 10.0
938.0 3319.0 20.0 10.0
949.0 3343.0 20.0 10.0
1003.0 3344.0 20.0 10.0
2165.0 1097.0 20.0 10.0
2142.0 1086.0 20.0 10.0
460.0 2211.0 20.0 10.0
2385.0 865.0 20.0 10.0
570.0 3255.0 20.0 10.0
2577.0 1729.0 20.0 10.0
2557.0 1747.0 20.0 10.0
2494.0 1742.0 20.0 10.0
2155.0 56.0 20.0 10.0
2162.0 319.0 20.0 10.0
2163.0 330.0 20.0 10.0
2167.0 120.0 20.0 10.0
883.0 3312.0 20.0 10.0
260.0 2368.0 20.0 10.0
279.0 2349.0 20.0 10.0
304.0 2323.0 20.0 10.0
325.0 2285.0 20.0 10.0
3354.0 1947.0 20.0 10.0
875.0 1994.0 20.0 10.0
2724.0 2645.0 20.0 10.0
3643.0 2030.0 20.0 10.0
3621.0 2044.0 20.0 10.0
1807.0 2208.0 20.0 10.0
1734.0 2060.0 20.0 10.0
1623.0 1259.0 20.0 10.0
1044.0 3425.0 20.0 10.0
1050.0 3385.0 20.0 10.0
1058.0 3346.0 20.0 10.0
2666.0 3434.0 20.0 10.0
2646.0 3419.0 20.0 10.0
3696.0 2032.0 20.0 10.0
3683.0 2034.0 20.0 10.0
2168.0 240.0 20.0 10.0
1778.0 2286.0 20.0 10.0
2910.0 421.0 20.0 10.0
1129.0 1769.0 20.0 10.0
2802.0 2588.0 20.0 10.0
2772.0 2612.0 20.0 10.0
242.0 3129.0 20.0 10.0
1654.0 1320.0 20.0 10.0
3084.0 1861.0 20.0 10.0
1605.0 1264.0 20.0 10.0
4139.0 2247.0 20.0 10.0
1393.0 1431.0 20.0 10.0
1457.0 1401.0 20.0 10.0
1523.0 1371.0 20.0 10.0
71.0 2396.0 20.0 10.0
89.0 2389.0 20.0 10.0
109.0 2382.0 20.0 10.0
525.0 3245.0 20.0 10.0
2098.0 1272.0 20.0 10.0
2284.0 875.0 20.0 10.0
2300.0 860.0 20.0 10.0
2307.0 854.0 20.0 10.0
2959.0 3046.0 20.0 10.0
2601.0 422.0 20.0 10.0
2155.0 358.0 20.0 10.0
2155.0 403.0 20.0 10.0
2158.0 451.0 20.0 10.0
270.0 2285.0 20.0 10.0
2120.0 1459.0 20.0 10.0
2134.0 1524.0 20.0 10.0
2163.0 1512.0 20.0 10.0
1811.0 2276.0 20.0 10.0
1797.0 2253.0 20.0 10.0
1141.0 3336.0 20.0 10.0
2349.0 1665.0 20.0 10.0
2322.0 1684.0 20.0 10.0
501.0 3296.0 20.0 10.0
518.0 3286.0 20.0 10.0
2514.0 587.0 20.0 10.0
2991.0 3038.0 20.0 10.0
3023.0 3036.0 20.0 10.0
480.0 2149.0 20.0 10.0
505.0 2136.0 20.0 10.0
534.0 2122.0 20.0 10.0
485.0 2264.0 20.0 10.0
496.0 2249.0 20.0 10.0
637.0 3426.0 20.0 10.0
1590.0 2202.0 20.0 10.0
1697.0 2161.0 20.0 10.0
2815.0 3489.0 20.0 10.0
2795.0 3507.0 20.0 10.0
983.0 933.0 20.0 10.0
988.0 945.0 20.0 10.0
990.0 959.0 20.0 10.0
995.0 975.0 20.0 10.0
2699.0 2667.0 20.0 10.0
2849.0 3555.0 20.0 10.0
53.0 2426.0 20.0 10.0
75.0 2408.0 20.0 10.0
103.0 2409.0 20.0 10.0
2554.0 556.0 20.0 10.0
2121.0 1848.0 20.0 10.0
2188.0 1993.0 20.0 10.0
2184.0 1983.0 20.0 10.0
3925.0 2116.0 20.0 10.0
1451.0 2405.0 20.0 10.0
1467.0 2389.0 20.0 10.0
1478.0 2360.0 20.0 10.0
1493.0 2330.0 20.0 10.0
1693.0 2106.0 20.0 10.0
122.0 2377.0 20.0 10.0
139.0 2373.0 20.0 10.0
2084.0 1134.0 20.0 10.0
2046.0 1201.0 20.0 10.0
587.0 3455.0 20.0 10.0
2777.0 2681.0 20.0 10.0
2749.0 2693.0 20.0 10.0
2723.0 2710.0 20.0 10.0
1388.0 1371.0 20.0 10.0
1450.0 3282.0 20.0 10.0
3872.0 2115.0 20.0 10.0
548.0 3447.0 20.0 10.0
564.0 3451.0 20.0 10.0
592.0 3417.0 20.0 10.0
2661.0 3412.0 20.0 10.0
2643.0 3388.0 20.0 10.0
2671.0 2619.0 20.0 10.0
2658.0 2638.0 20.0 10.0
1804.0 2322.0 20.0 10.0
1793.0 2299.0 20.0 10.0
2154.0 47.0 20.0 10.0
1554.0 3374.0 20.0 10.0
25.0 3086.0 20.0 10.0
39.0 3089.0 20.0 10.0
4036.0 2197.0 20.0 10.0
25.0 2425.0 20.0 10.0
47.0 2410.0 20.0 10.0
707.0 808.0 20.0 10.0
2650.0 560.0 20.0 10.0
2625.0 564.0 20.0 10.0
1778.0 2239.0 20.0 10.0
1779.0 2212.0 20.0 10.0
1780.0 2183.0 20.0 10.0
916.0 1973.0 20.0 10.0
928.0 1967.0 20.0 10.0
1227.0 3322.0 20.0 10.0
502.0 2242.0 20.0 10.0
521.0 2223.0 20.0 10.0
547.0 2195.0 20.0 10.0
580.0 2163.0 20.0 10.0
612.0 2128.0 20.0 10.0
682.0 2092.0 20.0 10.0
2594.0 485.0 20.0 10.0
2416.0 851.0 20.0 10.0
223.0 3051.0 20.0 10.0
238.0 3070.0 20.0 10.0
255.0 3089.0 20.0 10.0
279.0 3111.0 20.0 10.0
2716.0 582.0 20.0 10.0
2197.0 1995.0 20.0 10.0
1148.0 1684.0 20.0 10.0
1166.0 1706.0 20.0 10.0
1204.0 1644.0 20.0 10.0
1244.0 1582.0 20.0 10.0
1285.0 1521.0 20.0 10.0
2834.0 3543.0 20.0 10.0
3294.0 1925.0 20.0 10.0
1385.0 1337.0 20.0 10.0
1041.0 1901.0 20.0 10.0
2769.0 367.0 20.0 10.0
2758.0 380.0 20.0 10.0
2714.0 433.0 20.0 10.0
2483.0 2796.0 20.0 10.0
258.0 3108.0 20.0 10.0
2705.0 616.0 20.0 10.0
2693.0 623.0 20.0 10.0
2108.0 1208.0 20.0 10.0
945.0 3286.0 20.0 10.0
449.0 3201.0 20.0 10.0
2277.0 1699.0 20.0 10.0
469.0 3214.0 20.0 10.0
1509.0 2404.0 20.0 10.0
2215.0 2024.0 20.0 10.0
2191.0 863.0 20.0 10.0
1440.0 3321.0 20.0 10.0
1458.0 3297.0 20.0 10.0
1363.0 1355.0 20.0 10.0
1065.0 1131.0 20.0 10.0
1098.0 1167.0 20.0 10.0
1132.0 1204.0 20.0 10.0
1165.0 1241.0 20.0 10.0
1197.0 1279.0 20.0 10.0
1230.0 1321.0 20.0 10.0
1263.0 1366.0 20.0 10.0
1846.0 3192.0 20.0 10.0
2303.0 3123.0 20.0 10.0
2288.0 3098.0 20.0 10.0
2248.0 3061.0 20.0 10.0
2182.0 3080.0 20.0 10.0
1118.0 3410.0 20.0 10.0
1107.0 3402.0 20.0 10.0
2159.0 997.0 20.0 10.0
2163.0 1002.0 20.0 10.0
93.0 2436.0 20.0 10.0
2196.0 1950.0 20.0 10.0
2482.0 865.0 20.0 10.0
2473.0 863.0 20.0 10.0
2279.0 2967.0 20.0 10.0
2279.0 2991.0 20.0 10.0
2694.0 2648.0 20.0 10.0
2142.0 1011.0 20.0 10.0
2522.0 2542.0 20.0 10.0
2273.0 2087.0 20.0 10.0
504.0 3568.0 20.0 10.0
2171.0 87.0 20.0 10.0
2170.0 102.0 20.0 10.0
1695.0 1916.0 20.0 10.0
1025.0 3395.0 20.0 10.0
1033.0 1894.0 20.0 10.0
2568.0 3328.0 20.0 10.0
1784.0 1275.0 20.0 10.0
1849.0 1255.0 20.0 10.0
1915.0 1237.0 20.0 10.0
1981.0 1220.0 20.0 10.0
3938.0 2188.0 20.0 10.0
375.0 2253.0 20.0 10.0
429.0 2221.0 20.0 10.0
2165.0 250.0 20.0 10.0
1692.0 2394.0 20.0 10.0
908.0 984.0 20.0 10.0
2560.0 513.0 20.0 10.0
2557.0 535.0 20.0 10.0
1095.0 1833.0 20.0 10.0
2456.0 2349.0 20.0 10.0
796.0 828.0 20.0 10.0
1486.0 2432.0 20.0 10.0
2516.0 2849.0 20.0 10.0
2387.0 1654.0 20.0 10.0
3673.0 2065.0 20.0 10.0
1598.0 2237.0 20.0 10.0
1609.0 2228.0 20.0 10.0
3460.0 3047.0 20.0 10.0
3427.0 3048.0 20.0 10.0
3398.0 3060.0 20.0 10.0
2412.0 2272.0 20.0 10.0
180.0 3012.0 20.0 10.0
192.0 3024.0 20.0 10.0
208.0 3033.0 20.0 10.0
895.0 3338.0 20.0 10.0
3861.0 2139.0 20.0 10.0
1550.0 2272.0 20.0 10.0
2082.0 1217.0 20.0 10.0
1330.0 1401.0 20.0 10.0
1353.0 1415.0 20.0 10.0
195.0 2335.0 20.0 10.0
233.0 2316.0 20.0 10.0
1976.0 1842.0 20.0 10.0
2487.0 862.0 20.0 10.0
3417.0 1955.0 20.0 10.0
451.0 2271.0 20.0 10.0
2335.0 3007.0 20.0 10.0
2320.0 3030.0 20.0 10.0
2294.0 3015.0 20.0 10.0
668.0 3278.0 20.0 10.0
1134.0 1655.0 20.0 10.0
1137.0 1666.0 20.0 10.0
1373.0 1983.0 20.0 10.0
1471.0 2452.0 20.0 10.0
2458.0 865.0 20.0 10.0
455.0 2128.0 20.0 10.0
2446.0 2328.0 20.0 10.0
1805.0 3191.0 20.0 10.0
1746.0 3208.0 20.0 10.0
1687.0 3225.0 20.0 10.0
1518.0 1341.0 20.0 10.0
1111.0 3361.0 20.0 10.0
1091.0 3379.0 20.0 10.0
2679.0 1762.0 20.0 10.0
2618.0 1754.0 20.0 10.0
1519.0 2386.0 20.0 10.0
1462.0 1916.0 20.0 10.0
2134.0 225.0 20.0 10.0
2139.0 252.0 20.0 10.0
2540.0 573.0 20.0 10.0
2671.0 3376.0 20.0 10.0
2466.0 2348.0 20.0 10.0
972.0 913.0 20.0 10.0
1383.0 1347.0 20.0 10.0
2605.0 3359.0 20.0 10.0
2568.0 1723.0 20.0 10.0
3838.0 2105.0 20.0 10.0
3824.0 2098.0 20.0 10.0
1355.0 1992.0 20.0 10.0
467.0 2243.0 20.0 10.0
790.0 2031.0 20.0 10.0
826.0 2018.0 20.0 10.0
903.0 1979.0 20.0 10.0
1487.0 3298.0 20.0 10.0
3031.0 274.0 20.0 10.0
786.0 874.0 20.0 10.0
796.0 882.0 20.0 10.0
818.0 902.0 20.0 10.0
2328.0 1717.0 20.0 10.0
2450.0 2241.0 20.0 10.0
697.0 3478.0 20.0 10.0
695.0 3464.0 20.0 10.0
675.0 3447.0 20.0 10.0
2108.0 172.0 20.0 10.0
3516.0 2006.0 20.0 10.0
1296.0 1413.0 20.0 10.0
1328.0 1462.0 20.0 10.0
2577.0 500.0 20.0 10.0
2569.0 506.0 20.0 10.0
1282.0 3314.0 20.0 10.0
1338.0 3305.0 20.0 10.0
2745.0 558.0 20.0 10.0
2570.0 418.0 20.0 10.0
2581.0 440.0 20.0 10.0
2576.0 457.0 20.0 10.0
2570.0 475.0 20.0 10.0
2563.0 493.0 20.0 10.0
2885.0 435.0 20.0 10.0
2851.0 468.0 20.0 10.0
2464.0 2312.0 20.0 10.0
2434.0 2307.0 20.0 10.0
2180.0 1926.0 20.0 10.0
2323.0 2151.0 20.0 10.0
1706.0 2437.0 20.0 10.0
1697.0 2414.0 20.0 10.0
2687.0 3380.0 20.0 10.0
278.0 2323.0 20.0 10.0
304.0 2311.0 20.0 10.0
1000.0 1065.0 20.0 10.0
2770.0 535.0 20.0 10.0
2726.0 571.0 20.0 10.0
3901.0 2109.0 20.0 10.0
1044.0 3490.0 20.0 10.0
1040.0 3460.0 20.0 10.0
469.0 2153.0 20.0 10.0
2540.0 728.0 20.0 10.0
1363.0 1320.0 20.0 10.0
272.0 2292.0 20.0 10.0
292.0 2280.0 20.0 10.0
311.0 3172.0 20.0 10.0
803.0 2044.0 20.0 10.0
2374.0 825.0 20.0 10.0
2360.0 815.0 20.0 10.0
2686.0 468.0 20.0 10.0
2673.0 486.0 20.0 10.0
2660.0 504.0 20.0 10.0
1792.0 2152.0 20.0 10.0
1776.0 2154.0 20.0 10.0
1775.0 2121.0 20.0 10.0
1759.0 2088.0 20.0 10.0
2738.0 1773.0 20.0 10.0
2316.0 2992.0 20.0 10.0
969.0 991.0 20.0 10.0
762.0 2025.0 20.0 10.0
2546.0 3322.0 20.0 10.0
2530.0 3297.0 20.0 10.0
2491.0 3264.0 20.0 10.0
1034.0 1118.0 20.0 10.0
1028.0 1102.0 20.0 10.0
2163.0 231.0 20.0 10.0
2158.0 270.0 20.0 10.0
2193.0 3002.0 20.0 10.0
2812.0 501.0 20.0 10.0
1644.0 1970.0 20.0 10.0
1624.0 1950.0 20.0 10.0
1601.0 1936.0 20.0 10.0
1579.0 1929.0 20.0 10.0
1559.0 1925.0 20.0 10.0
2141.0 1069.0 20.0 10.0
1454.0 3339.0 20.0 10.0
1481.0 3328.0 20.0 10.0
1244.0 1296.0 20.0 10.0
193.0 3002.0 20.0 10.0
4096.0 2224.0 20.0 10.0
4081.0 2217.0 20.0 10.0
4065.0 2209.0 20.0 10.0
4046.0 2201.0 20.0 10.0
4026.0 2192.0 20.0 10.0
4002.0 2180.0 20.0 10.0
1395.0 1903.0 20.0 10.0
3440.0 1999.0 20.0 10.0
2159.0 2959.0 20.0 10.0
2168.0 2982.0 20.0 10.0
2195.0 2974.0 20.0 10.0
1704.0 2242.0 20.0 10.0
1715.0 2199.0 20.0 10.0
2121.0 1088.0 20.0 10.0
2164.0 199.0 20.0 10.0
1588.0 1346.0 20.0 10.0
2909.0 2524.0 20.0 10.0
2896.0 2533.0 20.0 10.0
1002.0 1882.0 20.0 10.0
1013.0 1884.0 20.0 10.0
3940.0 2117.0 20.0 10.0
455.0 2119.0 20.0 10.0
480.0 2127.0 20.0 10.0
507.0 2123.0 20.0 10.0
2572.0 2599.0 20.0 10.0
1982.0 1880.0 20.0 10.0
864.0 899.0 20.0 10.0
840.0 3237.0 20.0 10.0
2394.0 838.0 20.0 10.0
2146.0 25.0 20.0 10.0
2124.0 177.0 20.0 10.0
2124.0 189.0 20.0 10.0
2112.0 215.0 20.0 10.0
2349.0 2185.0 20.0 10.0
2097.0 1082.0 20.0 10.0
2085.0 1105.0 20.0 10.0
2103.0 1104.0 20.0 10.0
2093.0 1123.0 20.0 10.0
2470.0 747.0 20.0 10.0
2961.0 1822.0 20.0 10.0
1285.0 1897.0 20.0 10.0
2170.0 75.0 20.0 10.0
1661.0 2463.0 20.0 10.0
1674.0 2442.0 20.0 10.0
1677.0 2423.0 20.0 10.0
2220.0 3053.0 20.0 10.0
2688.0 2710.0 20.0 10.0
2209.0 2013.0 20.0 10.0
2631.0 3344.0 20.0 10.0
2394.0 1653.0 20.0 10.0
2361.0 1670.0 20.0 10.0
2113.0 1720.0 20.0 10.0
2129.0 1744.0 20.0 10.0
1296.0 1380.0 20.0 10.0
1307.0 1382.0 20.0 10.0
1319.0 1386.0 20.0 10.0
1345.0 1379.0 20.0 10.0
3368.0 3048.0 20.0 10.0
3398.0 3035.0 20.0 10.0
2560.0 2516.0 20.0 10.0
2580.0 2536.0 20.0 10.0
2590.0 2556.0 20.0 10.0
2178.0 636.0 20.0 10.0
1302.0 1987.0 20.0 10.0
2260.0 921.0 20.0 10.0
