1000
605.0 742.0 20.0 10.0
519.0 858.0 20.0 10.0
739.0 676.0 20.0 10.0
561.0 639.0 20.0 10.0
801.0 563.0 20.0 10.0
861.0 451.0 20.0 10.0
483.0 922.0 20.0 10.0
458.0 948.0 20.0 10.0
664.0 821.0 20.0 10.0
843.0 419.0 20.0 10.0
511.0 708.0 20.0 10.0
420.0 670.0 20.0 10.0
908.0 416.0 20.0 10.0
849.0 720.0 20.0 10.0
524.0 547.0 20.0 10.0
434.0 946.0 20.0 10.0
877.0 737.0 20.0 10.0
712.0 881.0 20.0 10.0
914.0 772.0 20.0 10.0
487.0 879.0 20.0 10.0
499.0 933.0 20.0 10.0
519.0 511.0 20.0 10.0
491.0 970.0 20.0 10.0
836.0 538.0 20.0 10.0
960.0 793.0 20.0 10.0
734.0 913.0 20.0 10.0
745.0 909.0 20.0 10.0
879.0 350.0 20.0 10.0
747.0 947.0 20.0 10.0
872.0 527.0 20.0 10.0
474.0 986.0 20.0 10.0
454.0 884.0 20.0 10.0
903.0 275.0 20.0 10.0
393.0 649.0 20.0 10.0
941.0 734.0 20.0 10.0
678.0 880.0 20.0 10.0
924.0 235.0 20.0 10.0
489.0 459.0 20.0 10.0
504.0 879.0 20.0 10.0
442.0 973.0 20.0 10.0
971.0 823.0 20.0 10.0
880.0 270.0 20.0 10.0
479.0 711.0 20.0 10.0
741.0 646.0 20.0 10.0
947.0 382.0 20.0 10.0
510.0 888.0 20.0 10.0
676.0 859.0 20.0 10.0
477.0 418.0 20.0 10.0
455.0 378.0 20.0 10.0
475.0 431.0 20.0 10.0
1030.0 748.0 20.0 10.0
893.0 723.0 20.0 10.0
499.0 898.0 20.0 10.0
1004.0 806.0 20.0 10.0
398.0 975.0 20.0 10.0
424.0 892.0 20.0 10.0
1087.0 741.0 20.0 10.0
467.0 900.0 20.0 10.0
751.0 929.0 20.0 10.0
779.0 666.0 20.0 10.0
912.0 421.0 20.0 10.0
1018.0 847.0 20.0 10.0
390.0 1009.0 20.0 10.0
933.0 201.0 20.0 10.0
435.0 933.0 20.0 10.0
496.0 867.0 20.0 10.0
443.0 909.0 20.0 10.0
718.0 686.0 20.0 10.0
929.0 720.0 20.0 10.0
360.0 1016.0 20.0 10.0
783.0 974.0 20.0 10.0
480.0 1004.0 20.0 10.0
593.0 697.0 20.0 10.0
836.0 407.0 20.0 10.0
815.0 364.0 20.0 10.0
958.0 409.0 20.0 10.0
810.0 1013.0 20.0 10.0
464.0 939.0 20.0 10.0
1014.0 871.0 20.0 10.0
472.0 860.0 20.0 10.0
443.0 1028.0 20.0 10.0
928.0 426.0 20.0 10.0
1062.0 741.0 20.0 10.0
874.0 412.0 20.0 10.0
309.0 1070.0 20.0 10.0
738.0 701.0 20.0 10.0
585.0 659.0 20.0 10.0
356.0 1068.0 20.0 10.0
334.0 636.0 20.0 10.0
991.0 399.0 20.0 10.0
931.0 219.0 20.0 10.0
834.0 385.0 20.0 10.0
953.0 162.0 20.0 10.0
939.0 381.0 20.0 10.0
299.0 619.0 20.0 10.0
1040.0 819.0 20.0 10.0
965.0 342.0 20.0 10.0
358.0 1042.0 20.0 10.0
987.0 350.0 20.0 10.0
805.0 673.0 20.0 10.0
881.0 211.0 20.0 10.0
507.0 959.0 20.0 10.0
990.0 846.0 20.0 10.0
1099.0 772.0 20.0 10.0
835.0 379.0 20.0 10.0
881.0 163.0 20.0 10.0
920.0 240.0 20.0 10.0
1037.0 906.0 20.0 10.0
1143.0 737.0 20.0 10.0
888.0 230.0 20.0 10.0
473.0 893.0 20.0 10.0
704.0 669.0 20.0 10.0
1165.0 795.0 20.0 10.0
277.0 637.0 20.0 10.0
531.0 599.0 20.0 10.0
694.0 700.0 20.0 10.0
683.0 723.0 20.0 10.0
830.0 1044.0 20.0 10.0
964.0 121.0 20.0 10.0
1033.0 377.0 20.0 10.0
888.0 244.0 20.0 10.0
394.0 946.0 20.0 10.0
999.0 329.0 20.0 10.0
508.0 563.0 20.0 10.0
1224.0 813.0 20.0 10.0
243.0 635.0 20.0 10.0
1259.0 812.0 20.0 10.0
711.0 839.0 20.0 10.0
381.0 670.0 20.0 10.0
484.0 1038.0 20.0 10.0
265.0 601.0 20.0 10.0
696.0 891.0 20.0 10.0
826.0 540.0 20.0 10.0
218.0 571.0 20.0 10.0
895.0 508.0 20.0 10.0
982.0 732.0 20.0 10.0
800.0 324.0 20.0 10.0
700.0 935.0 20.0 10.0
212.0 585.0 20.0 10.0
873.0 223.0 20.0 10.0
306.0 604.0 20.0 10.0
828.0 399.0 20.0 10.0
749.0 890.0 20.0 10.0
885.0 120.0 20.0 10.0
786.0 300.0 20.0 10.0
812.0 542.0 20.0 10.0
678.0 886.0 20.0 10.0
214.0 632.0 20.0 10.0
428.0 996.0 20.0 10.0
587.0 626.0 20.0 10.0
818.0 660.0 20.0 10.0
766.0 284.0 20.0 10.0
580.0 760.0 20.0 10.0
262.0 1120.0 20.0 10.0
1055.0 870.0 20.0 10.0
379.0 626.0 20.0 10.0
370.0 641.0 20.0 10.0
913.0 505.0 20.0 10.0
401.0 968.0 20.0 10.0
972.0 96.0 20.0 10.0
1263.0 825.0 20.0 10.0
402.0 903.0 20.0 10.0
427.0 1050.0 20.0 10.0
431.0 306.0 20.0 10.0
359.0 953.0 20.0 10.0
891.0 385.0 20.0 10.0
723.0 709.0 20.0 10.0
493.0 1082.0 20.0 10.0
759.0 932.0 20.0 10.0
784.0 902.0 20.0 10.0
813.0 651.0 20.0 10.0
934.0 785.0 20.0 10.0
706.0 918.0 20.0 10.0
1024.0 325.0 20.0 10.0
330.0 1116.0 20.0 10.0
179.0 581.0 20.0 10.0
786.0 290.0 20.0 10.0
953.0 707.0 20.0 10.0
748.0 850.0 20.0 10.0
888.0 92.0 20.0 10.0
745.0 274.0 20.0 10.0
707.0 686.0 20.0 10.0
1053.0 902.0 20.0 10.0
309.0 1063.0 20.0 10.0
1041.0 381.0 20.0 10.0
594.0 658.0 20.0 10.0
406.0 242.0 20.0 10.0
716.0 727.0 20.0 10.0
285.0 1094.0 20.0 10.0
382.0 195.0 20.0 10.0
669.0 710.0 20.0 10.0
599.0 620.0 20.0 10.0
425.0 1063.0 20.0 10.0
547.0 605.0 20.0 10.0
931.0 214.0 20.0 10.0
717.0 920.0 20.0 10.0
873.0 201.0 20.0 10.0
674.0 822.0 20.0 10.0
404.0 209.0 20.0 10.0
334.0 952.0 20.0 10.0
725.0 974.0 20.0 10.0
968.0 133.0 20.0 10.0
1173.0 727.0 20.0 10.0
1055.0 308.0 20.0 10.0
1291.0 807.0 20.0 10.0
498.0 541.0 20.0 10.0
920.0 710.0 20.0 10.0
555.0 589.0 20.0 10.0
747.0 1012.0 20.0 10.0
270.0 1093.0 20.0 10.0
304.0 628.0 20.0 10.0
855.0 399.0 20.0 10.0
450.0 975.0 20.0 10.0
1089.0 931.0 20.0 10.0
673.0 697.0 20.0 10.0
766.0 677.0 20.0 10.0
649.0 846.0 20.0 10.0
276.0 578.0 20.0 10.0
511.0 573.0 20.0 10.0
1029.0 386.0 20.0 10.0
238.0 1119.0 20.0 10.0
851.0 1071.0 20.0 10.0
537.0 572.0 20.0 10.0
1199.0 716.0 20.0 10.0
418.0 989.0 20.0 10.0
1183.0 729.0 20.0 10.0
173.0 543.0 20.0 10.0
785.0 270.0 20.0 10.0
971.0 118.0 20.0 10.0
684.0 677.0 20.0 10.0
238.0 640.0 20.0 10.0
141.0 532.0 20.0 10.0
663.0 833.0 20.0 10.0
888.0 85.0 20.0 10.0
772.0 958.0 20.0 10.0
278.0 1105.0 20.0 10.0
264.0 1136.0 20.0 10.0
1087.0 367.0 20.0 10.0
766.0 700.0 20.0 10.0
567.0 700.0 20.0 10.0
146.0 526.0 20.0 10.0
1050.0 304.0 20.0 10.0
424.0 333.0 20.0 10.0
726.0 630.0 20.0 10.0
1218.0 727.0 20.0 10.0
813.0 917.0 20.0 10.0
865.0 385.0 20.0 10.0
983.0 80.0 20.0 10.0
554.0 553.0 20.0 10.0
1004.0 404.0 20.0 10.0
849.0 648.0 20.0 10.0
586.0 606.0 20.0 10.0
536.0 621.0 20.0 10.0
273.0 630.0 20.0 10.0
354.0 672.0 20.0 10.0
433.0 1051.0 20.0 10.0
807.0 388.0 20.0 10.0
554.0 547.0 20.0 10.0
851.0 523.0 20.0 10.0
373.0 997.0 20.0 10.0
1263.0 832.0 20.0 10.0
328.0 958.0 20.0 10.0
674.0 683.0 20.0 10.0
487.0 1016.0 20.0 10.0
1072.0 354.0 20.0 10.0
1027.0 899.0 20.0 10.0
1062.0 933.0 20.0 10.0
981.0 314.0 20.0 10.0
517.0 914.0 20.0 10.0
831.0 507.0 20.0 10.0
697.0 818.0 20.0 10.0
796.0 532.0 20.0 10.0
702.0 848.0 20.0 10.0
695.0 883.0 20.0 10.0
740.0 876.0 20.0 10.0
795.0 297.0 20.0 10.0
648.0 875.0 20.0 10.0
187.0 565.0 20.0 10.0
218.0 1166.0 20.0 10.0
395.0 296.0 20.0 10.0
874.0 1091.0 20.0 10.0
654.0 710.0 20.0 10.0
379.0 279.0 20.0 10.0
939.0 397.0 20.0 10.0
997.0 873.0 20.0 10.0
168.0 573.0 20.0 10.0
793.0 642.0 20.0 10.0
370.0 266.0 20.0 10.0
123.0 517.0 20.0 10.0
489.0 541.0 20.0 10.0
858.0 500.0 20.0 10.0
961.0 418.0 20.0 10.0
972.0 86.0 20.0 10.0
873.0 180.0 20.0 10.0
530.0 633.0 20.0 10.0
579.0 627.0 20.0 10.0
529.0 546.0 20.0 10.0
713.0 908.0 20.0 10.0
336.0 1096.0 20.0 10.0
335.0 1066.0 20.0 10.0
500.0 1111.0 20.0 10.0
415.0 1051.0 20.0 10.0
1246.0 826.0 20.0 10.0
985.0 307.0 20.0 10.0
1297.0 834.0 20.0 10.0
458.0 703.0 20.0 10.0
402.0 639.0 20.0 10.0
239.0 631.0 20.0 10.0
529.0 937.0 20.0 10.0
808.0 999.0 20.0 10.0
409.0 306.0 20.0 10.0
1013.0 329.0 20.0 10.0
843.0 486.0 20.0 10.0
445.0 956.0 20.0 10.0
875.0 380.0 20.0 10.0
339.0 1044.0 20.0 10.0
896.0 393.0 20.0 10.0
349.0 241.0 20.0 10.0
678.0 685.0 20.0 10.0
496.0 1121.0 20.0 10.0
459.0 1072.0 20.0 10.0
217.0 1145.0 20.0 10.0
876.0 634.0 20.0 10.0
444.0 1106.0 20.0 10.0
275.0 598.0 20.0 10.0
939.0 789.0 20.0 10.0
636.0 866.0 20.0 10.0
395.0 673.0 20.0 10.0
181.0 1202.0 20.0 10.0
1070.0 366.0 20.0 10.0
148.0 1235.0 20.0 10.0
970.0 386.0 20.0 10.0
308.0 1156.0 20.0 10.0
655.0 903.0 20.0 10.0
602.0 636.0 20.0 10.0
437.0 1055.0 20.0 10.0
277.0 1084.0 20.0 10.0
552.0 511.0 20.0 10.0
721.0 635.0 20.0 10.0
548.0 480.0 20.0 10.0
693.0 734.0 20.0 10.0
872.0 349.0 20.0 10.0
918.0 743.0 20.0 10.0
497.0 532.0 20.0 10.0
1206.0 731.0 20.0 10.0
732.0 931.0 20.0 10.0
390.0 683.0 20.0 10.0
893.0 221.0 20.0 10.0
369.0 980.0 20.0 10.0
879.0 431.0 20.0 10.0
774.0 908.0 20.0 10.0
676.0 914.0 20.0 10.0
326.0 1044.0 20.0 10.0
499.0 1156.0 20.0 10.0
351.0 667.0 20.0 10.0
1298.0 845.0 20.0 10.0
334.0 1108.0 20.0 10.0
887.0 1117.0 20.0 10.0
250.0 592.0 20.0 10.0
602.0 586.0 20.0 10.0
386.0 201.0 20.0 10.0
744.0 859.0 20.0 10.0
1044.0 403.0 20.0 10.0
252.0 1139.0 20.0 10.0
735.0 670.0 20.0 10.0
861.0 512.0 20.0 10.0
364.0 692.0 20.0 10.0
1080.0 401.0 20.0 10.0
782.0 264.0 20.0 10.0
881.0 172.0 20.0 10.0
875.0 726.0 20.0 10.0
586.0 694.0 20.0 10.0
1072.0 400.0 20.0 10.0
964.0 92.0 20.0 10.0
937.0 750.0 20.0 10.0
984.0 805.0 20.0 10.0
656.0 681.0 20.0 10.0
918.0 254.0 20.0 10.0
1330.0 854.0 20.0 10.0
396.0 618.0 20.0 10.0
778.0 875.0 20.0 10.0
987.0 90.0 20.0 10.0
1084.0 888.0 20.0 10.0
941.0 708.0 20.0 10.0
993.0 55.0 20.0 10.0
797.0 934.0 20.0 10.0
1079.0 298.0 20.0 10.0
496.0 1070.0 20.0 10.0
925.0 396.0 20.0 10.0
131.0 563.0 20.0 10.0
1182.0 743.0 20.0 10.0
929.0 208.0 20.0 10.0
1034.0 802.0 20.0 10.0
409.0 1092.0 20.0 10.0
1132.0 782.0 20.0 10.0
977.0 108.0 20.0 10.0
201.0 1166.0 20.0 10.0
1117.0 360.0 20.0 10.0
962.0 394.0 20.0 10.0
816.0 688.0 20.0 10.0
120.0 1266.0 20.0 10.0
782.0 867.0 20.0 10.0
990.0 411.0 20.0 10.0
862.0 358.0 20.0 10.0
696.0 961.0 20.0 10.0
771.0 936.0 20.0 10.0
1218.0 745.0 20.0 10.0
906.0 174.0 20.0 10.0
873.0 150.0 20.0 10.0
510.0 513.0 20.0 10.0
1073.0 287.0 20.0 10.0
775.0 897.0 20.0 10.0
1210.0 728.0 20.0 10.0
882.0 141.0 20.0 10.0
1009.0 412.0 20.0 10.0
441.0 1120.0 20.0 10.0
716.0 974.0 20.0 10.0
290.0 604.0 20.0 10.0
561.0 769.0 20.0 10.0
1192.0 815.0 20.0 10.0
763.0 886.0 20.0 10.0
1195.0 800.0 20.0 10.0
664.0 736.0 20.0 10.0
1067.0 828.0 20.0 10.0
430.0 274.0 20.0 10.0
356.0 654.0 20.0 10.0
752.0 1039.0 20.0 10.0
332.0 1039.0 20.0 10.0
747.0 625.0 20.0 10.0
991.0 48.0 20.0 10.0
368.0 631.0 20.0 10.0
774.0 853.0 20.0 10.0
653.0 923.0 20.0 10.0
464.0 895.0 20.0 10.0
869.0 325.0 20.0 10.0
443.0 1000.0 20.0 10.0
376.0 269.0 20.0 10.0
1008.0 281.0 20.0 10.0
724.0 956.0 20.0 10.0
368.0 175.0 20.0 10.0
501.0 1148.0 20.0 10.0
367.0 155.0 20.0 10.0
1328.0 839.0 20.0 10.0
1101.0 342.0 20.0 10.0
1125.0 350.0 20.0 10.0
427.0 269.0 20.0 10.0
139.0 567.0 20.0 10.0
811.0 493.0 20.0 10.0
575.0 601.0 20.0 10.0
417.0 1086.0 20.0 10.0
372.0 664.0 20.0 10.0
1041.0 856.0 20.0 10.0
249.0 636.0 20.0 10.0
588.0 596.0 20.0 10.0
726.0 939.0 20.0 10.0
238.0 1146.0 20.0 10.0
870.0 737.0 20.0 10.0
1253.0 743.0 20.0 10.0
1084.0 952.0 20.0 10.0
816.0 524.0 20.0 10.0
1039.0 891.0 20.0 10.0
732.0 999.0 20.0 10.0
394.0 1114.0 20.0 10.0
572.0 695.0 20.0 10.0
798.0 509.0 20.0 10.0
402.0 202.0 20.0 10.0
872.0 245.0 20.0 10.0
233.0 580.0 20.0 10.0
812.0 639.0 20.0 10.0
1093.0 273.0 20.0 10.0
248.0 625.0 20.0 10.0
130.0 505.0 20.0 10.0
596.0 553.0 20.0 10.0
703.0 867.0 20.0 10.0
711.0 983.0 20.0 10.0
923.0 510.0 20.0 10.0
357.0 238.0 20.0 10.0
859.0 637.0 20.0 10.0
439.0 348.0 20.0 10.0
915.0 136.0 20.0 10.0
818.0 957.0 20.0 10.0
136.0 526.0 20.0 10.0
1005.0 300.0 20.0 10.0
792.0 512.0 20.0 10.0
947.0 700.0 20.0 10.0
1034.0 263.0 20.0 10.0
1097.0 402.0 20.0 10.0
400.0 934.0 20.0 10.0
1040.0 323.0 20.0 10.0
593.0 689.0 20.0 10.0
1214.0 813.0 20.0 10.0
1172.0 733.0 20.0 10.0
510.0 615.0 20.0 10.0
457.0 396.0 20.0 10.0
865.0 505.0 20.0 10.0
726.0 854.0 20.0 10.0
662.0 728.0 20.0 10.0
960.0 710.0 20.0 10.0
711.0 958.0 20.0 10.0
765.0 274.0 20.0 10.0
874.0 494.0 20.0 10.0
1243.0 727.0 20.0 10.0
724.0 606.0 20.0 10.0
873.0 192.0 20.0 10.0
388.0 1064.0 20.0 10.0
255.0 552.0 20.0 10.0
901.0 359.0 20.0 10.0
538.0 544.0 20.0 10.0
1324.0 853.0 20.0 10.0
559.0 661.0 20.0 10.0
590.0 751.0 20.0 10.0
504.0 1093.0 20.0 10.0
1249.0 726.0 20.0 10.0
946.0 174.0 20.0 10.0
865.0 243.0 20.0 10.0
672.0 888.0 20.0 10.0
1063.0 751.0 20.0 10.0
363.0 163.0 20.0 10.0
352.0 132.0 20.0 10.0
998.0 379.0 20.0 10.0
1072.0 892.0 20.0 10.0
816.0 672.0 20.0 10.0
498.0 1042.0 20.0 10.0
1017.0 256.0 20.0 10.0
368.0 241.0 20.0 10.0
883.0 514.0 20.0 10.0
305.0 959.0 20.0 10.0
594.0 570.0 20.0 10.0
1017.0 734.0 20.0 10.0
925.0 107.0 20.0 10.0
765.0 267.0 20.0 10.0
810.0 887.0 20.0 10.0
110.0 570.0 20.0 10.0
993.0 100.0 20.0 10.0
300.0 961.0 20.0 10.0
737.0 979.0 20.0 10.0
904.0 519.0 20.0 10.0
835.0 354.0 20.0 10.0
228.0 610.0 20.0 10.0
388.0 613.0 20.0 10.0
835.0 1036.0 20.0 10.0
397.0 167.0 20.0 10.0
1035.0 238.0 20.0 10.0
258.0 593.0 20.0 10.0
437.0 900.0 20.0 10.0
240.0 531.0 20.0 10.0
984.0 848.0 20.0 10.0
371.0 597.0 20.0 10.0
858.0 1055.0 20.0 10.0
710.0 1007.0 20.0 10.0
202.0 639.0 20.0 10.0
873.0 143.0 20.0 10.0
808.0 470.0 20.0 10.0
420.0 1092.0 20.0 10.0
384.0 145.0 20.0 10.0
952.0 182.0 20.0 10.0
510.0 1054.0 20.0 10.0
805.0 929.0 20.0 10.0
96.0 556.0 20.0 10.0
723.0 909.0 20.0 10.0
574.0 640.0 20.0 10.0
754.0 244.0 20.0 10.0
1251.0 829.0 20.0 10.0
421.0 278.0 20.0 10.0
567.0 604.0 20.0 10.0
149.0 585.0 20.0 10.0
862.0 170.0 20.0 10.0
552.0 519.0 20.0 10.0
832.0 1016.0 20.0 10.0
1102.0 287.0 20.0 10.0
832.0 897.0 20.0 10.0
481.0 698.0 20.0 10.0
338.0 214.0 20.0 10.0
380.0 1130.0 20.0 10.0
349.0 213.0 20.0 10.0
289.0 1186.0 20.0 10.0
500.0 1186.0 20.0 10.0
1058.0 385.0 20.0 10.0
652.0 726.0 20.0 10.0
674.0 935.0 20.0 10.0
659.0 864.0 20.0 10.0
427.0 949.0 20.0 10.0
759.0 657.0 20.0 10.0
449.0 1118.0 20.0 10.0
716.0 734.0 20.0 10.0
1215.0 834.0 20.0 10.0
401.0 181.0 20.0 10.0
444.0 1100.0 20.0 10.0
420.0 914.0 20.0 10.0
427.0 1160.0 20.0 10.0
1094.0 835.0 20.0 10.0
1096.0 393.0 20.0 10.0
278.0 964.0 20.0 10.0
717.0 616.0 20.0 10.0
1068.0 283.0 20.0 10.0
588.0 569.0 20.0 10.0
1035.0 815.0 20.0 10.0
974.0 698.0 20.0 10.0
1234.0 727.0 20.0 10.0
906.0 632.0 20.0 10.0
805.0 336.0 20.0 10.0
459.0 1105.0 20.0 10.0
1100.0 970.0 20.0 10.0
501.0 1203.0 20.0 10.0
817.0 692.0 20.0 10.0
313.0 1148.0 20.0 10.0
418.0 956.0 20.0 10.0
366.0 1032.0 20.0 10.0
502.0 1169.0 20.0 10.0
491.0 1095.0 20.0 10.0
828.0 356.0 20.0 10.0
509.0 1134.0 20.0 10.0
696.0 908.0 20.0 10.0
1117.0 269.0 20.0 10.0
1289.0 835.0 20.0 10.0
322.0 1139.0 20.0 10.0
1079.0 923.0 20.0 10.0
934.0 513.0 20.0 10.0
388.0 1057.0 20.0 10.0
452.0 346.0 20.0 10.0
753.0 1044.0 20.0 10.0
1194.0 725.0 20.0 10.0
173.0 638.0 20.0 10.0
714.0 742.0 20.0 10.0
1063.0 402.0 20.0 10.0
97.0 1293.0 20.0 10.0
550.0 685.0 20.0 10.0
834.0 692.0 20.0 10.0
405.0 1079.0 20.0 10.0
916.0 248.0 20.0 10.0
1154.0 337.0 20.0 10.0
1026.0 819.0 20.0 10.0
698.0 745.0 20.0 10.0
246.0 646.0 20.0 10.0
437.0 1157.0 20.0 10.0
362.0 1139.0 20.0 10.0
1356.0 861.0 20.0 10.0
1055.0 928.0 20.0 10.0
1141.0 346.0 20.0 10.0
809.0 876.0 20.0 10.0
1018.0 364.0 20.0 10.0
1272.0 845.0 20.0 10.0
1060.0 373.0 20.0 10.0
333.0 675.0 20.0 10.0
368.0 697.0 20.0 10.0
1222.0 708.0 20.0 10.0
496.0 1038.0 20.0 10.0
733.0 1006.0 20.0 10.0
327.0 1032.0 20.0 10.0
417.0 1195.0 20.0 10.0
1084.0 877.0 20.0 10.0
733.0 854.0 20.0 10.0
1117.0 842.0 20.0 10.0
430.0 882.0 20.0 10.0
366.0 989.0 20.0 10.0
922.0 208.0 20.0 10.0
404.0 311.0 20.0 10.0
886.0 400.0 20.0 10.0
1113.0 956.0 20.0 10.0
1111.0 400.0 20.0 10.0
987.0 704.0 20.0 10.0
921.0 504.0 20.0 10.0
101.0 1288.0 20.0 10.0
397.0 1002.0 20.0 10.0
743.0 253.0 20.0 10.0
955.0 807.0 20.0 10.0
247.0 1115.0 20.0 10.0
473.0 939.0 20.0 10.0
360.0 610.0 20.0 10.0
417.0 1042.0 20.0 10.0
1155.0 794.0 20.0 10.0
596.0 668.0 20.0 10.0
489.0 715.0 20.0 10.0
279.0 601.0 20.0 10.0
858.0 161.0 20.0 10.0
375.0 942.0 20.0 10.0
964.0 154.0 20.0 10.0
764.0 1039.0 20.0 10.0
948.0 753.0 20.0 10.0
545.0 691.0 20.0 10.0
396.0 281.0 20.0 10.0
207.0 626.0 20.0 10.0
1030.0 405.0 20.0 10.0
151.0 533.0 20.0 10.0
1195.0 810.0 20.0 10.0
868.0 312.0 20.0 10.0
806.0 619.0 20.0 10.0
890.0 179.0 20.0 10.0
875.0 239.0 20.0 10.0
972.0 58.0 20.0 10.0
1030.0 815.0 20.0 10.0
982.0 707.0 20.0 10.0
533.0 963.0 20.0 10.0
538.0 492.0 20.0 10.0
759.0 967.0 20.0 10.0
173.0 629.0 20.0 10.0
1006.0 68.0 20.0 10.0
829.0 953.0 20.0 10.0
722.0 818.0 20.0 10.0
351.0 121.0 20.0 10.0
780.0 1062.0 20.0 10.0
880.0 179.0 20.0 10.0
437.0 1020.0 20.0 10.0
460.0 962.0 20.0 10.0
581.0 745.0 20.0 10.0
1052.0 860.0 20.0 10.0
1003.0 703.0 20.0 10.0
424.0 237.0 20.0 10.0
761.0 639.0 20.0 10.0
327.0 665.0 20.0 10.0
453.0 708.0 20.0 10.0
923.0 182.0 20.0 10.0
336.0 98.0 20.0 10.0
669.0 840.0 20.0 10.0
1084.0 355.0 20.0 10.0
448.0 864.0 20.0 10.0
414.0 251.0 20.0 10.0
380.0 169.0 20.0 10.0
187.0 628.0 20.0 10.0
602.0 608.0 20.0 10.0
906.0 343.0 20.0 10.0
835.0 331.0 20.0 10.0
178.0 620.0 20.0 10.0
1354.0 845.0 20.0 10.0
488.0 504.0 20.0 10.0
259.0 557.0 20.0 10.0
67.0 544.0 20.0 10.0
919.0 224.0 20.0 10.0
914.0 105.0 20.0 10.0
977.0 319.0 20.0 10.0
1104.0 333.0 20.0 10.0
342.0 630.0 20.0 10.0
872.0 112.0 20.0 10.0
832.0 938.0 20.0 10.0
368.0 574.0 20.0 10.0
1319.0 804.0 20.0 10.0
1083.0 264.0 20.0 10.0
813.0 636.0 20.0 10.0
1235.0 851.0 20.0 10.0
974.0 762.0 20.0 10.0
1080.0 871.0 20.0 10.0
886.0 1109.0 20.0 10.0
789.0 537.0 20.0 10.0
193.0 1198.0 20.0 10.0
1008.0 817.0 20.0 10.0
959.0 509.0 20.0 10.0
854.0 136.0 20.0 10.0
1117.0 937.0 20.0 10.0
1112.0 892.0 20.0 10.0
695.0 658.0 20.0 10.0
1053.0 316.0 20.0 10.0
411.0 1067.0 20.0 10.0
897.0 427.0 20.0 10.0
295.0 1181.0 20.0 10.0
1099.0 954.0 20.0 10.0
479.0 518.0 20.0 10.0
991.0 116.0 20.0 10.0
1053.0 240.0 20.0 10.0
347.0 600.0 20.0 10.0
840.0 400.0 20.0 10.0
534.0 460.0 20.0 10.0
1281.0 742.0 20.0 10.0
639.0 831.0 20.0 10.0
225.0 585.0 20.0 10.0
430.0 976.0 20.0 10.0
674.0 942.0 20.0 10.0
330.0 660.0 20.0 10.0
1105.0 880.0 20.0 10.0
573.0 575.0 20.0 10.0
694.0 863.0 20.0 10.0
554.0 560.0 20.0 10.0
471.0 387.0 20.0 10.0
1148.0 329.0 20.0 10.0
675.0 754.0 20.0 10.0
1299.0 742.0 20.0 10.0
389.0 171.0 20.0 10.0
1127.0 317.0 20.0 10.0
357.0 253.0 20.0 10.0
1086.0 833.0 20.0 10.0
515.0 557.0 20.0 10.0
1114.0 948.0 20.0 10.0
1047.0 858.0 20.0 10.0
1370.0 866.0 20.0 10.0
424.0 1190.0 20.0 10.0
354.0 710.0 20.0 10.0
1049.0 918.0 20.0 10.0
765.0 868.0 20.0 10.0
869.0 295.0 20.0 10.0
400.0 944.0 20.0 10.0
798.0 947.0 20.0 10.0
722.0 984.0 20.0 10.0
214.0 617.0 20.0 10.0
428.0 244.0 20.0 10.0
933.0 407.0 20.0 10.0
901.0 491.0 20.0 10.0
782.0 526.0 20.0 10.0
769.0 926.0 20.0 10.0
264.0 982.0 20.0 10.0
1010.0 722.0 20.0 10.0
1369.0 847.0 20.0 10.0
831.0 362.0 20.0 10.0
980.0 59.0 20.0 10.0
875.0 642.0 20.0 10.0
896.0 744.0 20.0 10.0
1000.0 34.0 20.0 10.0
738.0 841.0 20.0 10.0
426.0 1183.0 20.0 10.0
371.0 936.0 20.0 10.0
745.0 723.0 20.0 10.0
817.0 633.0 20.0 10.0
941.0 500.0 20.0 10.0
112.0 531.0 20.0 10.0
1219.0 819.0 20.0 10.0
487.0 425.0 20.0 10.0
474.0 999.0 20.0 10.0
485.0 396.0 20.0 10.0
737.0 829.0 20.0 10.0
362.0 181.0 20.0 10.0
377.0 621.0 20.0 10.0
931.0 630.0 20.0 10.0
956.0 375.0 20.0 10.0
1072.0 865.0 20.0 10.0
104.0 514.0 20.0 10.0
462.0 1029.0 20.0 10.0
1040.0 724.0 20.0 10.0
408.0 1226.0 20.0 10.0
116.0 523.0 20.0 10.0
984.0 410.0 20.0 10.0
963.0 355.0 20.0 10.0
989.0 292.0 20.0 10.0
456.0 1056.0 20.0 10.0
249.0 565.0 20.0 10.0
1091.0 976.0 20.0 10.0
46.0 527.0 20.0 10.0
943.0 627.0 20.0 10.0
502.0 996.0 20.0 10.0
953.0 196.0 20.0 10.0
230.0 548.0 20.0 10.0
1062.0 909.0 20.0 10.0
795.0 365.0 20.0 10.0
206.0 570.0 20.0 10.0
1018.0 886.0 20.0 10.0
757.0 1066.0 20.0 10.0
867.0 1078.0 20.0 10.0
976.0 513.0 20.0 10.0
734.0 723.0 20.0 10.0
377.0 1089.0 20.0 10.0
115.0 507.0 20.0 10.0
741.0 1028.0 20.0 10.0
409.0 943.0 20.0 10.0
533.0 986.0 20.0 10.0
1030.0 353.0 20.0 10.0
25.0 521.0 20.0 10.0
415.0 1030.0 20.0 10.0
495.0 1064.0 20.0 10.0
195.0 1190.0 20.0 10.0
221.0 654.0 20.0 10.0
920.0 147.0 20.0 10.0
451.0 317.0 20.0 10.0
998.0 25.0 20.0 10.0
501.0 1179.0 20.0 10.0
684.0 866.0 20.0 10.0
900.0 632.0 20.0 10.0
793.0 281.0 20.0 10.0
1033.0 755.0 20.0 10.0
954.0 733.0 20.0 10.0
816.0 485.0 20.0 10.0
981.0 508.0 20.0 10.0
1132.0 399.0 20.0 10.0
1276.0 740.0 20.0 10.0
704.0 763.0 20.0 10.0
1000.0 312.0 20.0 10.0
510.0 580.0 20.0 10.0
891.0 630.0 20.0 10.0
597.0 526.0 20.0 10.0
848.0 1030.0 20.0 10.0
735.0 604.0 20.0 10.0
79.0 505.0 20.0 10.0
824.0 614.0 20.0 10.0
335.0 1070.0 20.0 10.0
1130.0 326.0 20.0 10.0
435.0 1044.0 20.0 10.0
723.0 861.0 20.0 10.0
911.0 145.0 20.0 10.0
571.0 585.0 20.0 10.0
852.0 131.0 20.0 10.0
970.0 760.0 20.0 10.0
884.0 477.0 20.0 10.0
224.0 633.0 20.0 10.0
985.0 767.0 20.0 10.0
1156.0 780.0 20.0 10.0
827.0 333.0 20.0 10.0
816.0 461.0 20.0 10.0
434.0 1135.0 20.0 10.0
728.0 876.0 20.0 10.0
772.0 241.0 20.0 10.0
1238.0 826.0 20.0 10.0
691.0 965.0 20.0 10.0
891.0 58.0 20.0 10.0
311.0 1133.0 20.0 10.0
928.0 182.0 20.0 10.0
371.0 1080.0 20.0 10.0
273.0 1208.0 20.0 10.0
485.0 956.0 20.0 10.0
1251.0 806.0 20.0 10.0
761.0 975.0 20.0 10.0
255.0 571.0 20.0 10.0
1104.0 907.0 20.0 10.0
831.0 628.0 20.0 10.0
502.0 1219.0 20.0 10.0
109.0 517.0 20.0 10.0
1135.0 971.0 20.0 10.0
895.0 405.0 20.0 10.0
1060.0 760.0 20.0 10.0
332.0 102.0 20.0 10.0
473.0 1032.0 20.0 10.0
549.0 531.0 20.0 10.0
843.0 524.0 20.0 10.0
499.0 1137.0 20.0 10.0
906.0 367.0 20.0 10.0
239.0 581.0 20.0 10.0
456.0 695.0 20.0 10.0
122.0 581.0 20.0 10.0
901.0 641.0 20.0 10.0
482.0 1067.0 20.0 10.0
854.0 697.0 20.0 10.0
801.0 887.0 20.0 10.0
73.0 1311.0 20.0 10.0
362.0 215.0 20.0 10.0
522.0 598.0 20.0 10.0
561.0 607.0 20.0 10.0
463.0 679.0 20.0 10.0
971.0 502.0 20.0 10.0
486.0 370.0 20.0 10.0
339.0 966.0 20.0 10.0
586.0 676.0 20.0 10.0
895.0 655.0 20.0 10.0
1342.0 806.0 20.0 10.0
560.0 746.0 20.0 10.0
230.0 1168.0 20.0 10.0
1154.0 984.0 20.0 10.0
806.0 883.0 20.0 10.0
853.0 185.0 20.0 10.0
1014.0 340.0 20.0 10.0
1050.0 245.0 20.0 10.0
497.0 909.0 20.0 10.0
403.0 956.0 20.0 10.0
472.0 360.0 20.0 10.0
426.0 323.0 20.0 10.0
873.0 87.0 20.0 10.0
984.0 366.0 20.0 10.0
1026.0 284.0 20.0 10.0
778.0 996.0 20.0 10.0
1046.0 726.0 20.0 10.0
491.0 558.0 20.0 10.0
1031.0 722.0 20.0 10.0
792.0 956.0 20.0 10.0
1318.0 852.0 20.0 10.0
640.0 897.0 20.0 10.0
1195.0 734.0 20.0 10.0
430.0 1149.0 20.0 10.0
811.0 338.0 20.0 10.0
841.0 111.0 20.0 10.0
421.0 216.0 20.0 10.0
366.0 681.0 20.0 10.0
1022.0 834.0 20.0 10.0
744.0 928.0 20.0 10.0
1106.0 401.0 20.0 10.0
737.0 1035.0 20.0 10.0
1314.0 840.0 20.0 10.0
894.0 1140.0 20.0 10.0
1210.0 823.0 20.0 10.0
487.0 723.0 20.0 10.0
380.0 932.0 20.0 10.0
169.0 1222.0 20.0 10.0
597.0 507.0 20.0 10.0
571.0 549.0 20.0 10.0
672.0 968.0 20.0 10.0
465.0 338.0 20.0 10.0
207.0 1187.0 20.0 10.0
403.0 1250.0 20.0 10.0
587.0 635.0 20.0 10.0
419.0 1218.0 20.0 10.0
1107.0 951.0 20.0 10.0
924.0 631.0 20.0 10.0
1274.0 718.0 20.0 10.0
639.0 731.0 20.0 10.0
258.0 1109.0 20.0 10.0
988.0 687.0 20.0 10.0
1278.0 751.0 20.0 10.0
295.0 1062.0 20.0 10.0
329.0 224.0 20.0 10.0
1154.0 352.0 20.0 10.0
1066.0 221.0 20.0 10.0
1057.0 820.0 20.0 10.0
1075.0 208.0 20.0 10.0
1346.0 861.0 20.0 10.0
947.0 217.0 20.0 10.0
1065.0 727.0 20.0 10.0
484.0 1178.0 20.0 10.0
