1000
3730.0 3382.0 20.0 10.0
3740.0 3389.0 20.0 10.0
4930.0 3567.0 20.0 10.0
4907.0 3558.0 20.0 10.0
3824.0 3455.0 20.0 10.0
3806.0 3442.0 20.0 10.0
3791.0 3435.0 20.0 10.0
1767.0 1489.0 20.0 10.0
1757.0 1506.0 20.0 10.0
1739.0 1521.0 20.0 10.0
1744.0 1493.0 20.0 10.0
2590.0 2772.0 20.0 10.0
1641.0 1370.0 20.0 10.0
1620.0 1358.0 20.0 10.0
1514.0 1973.0 20.0 10.0
1506.0 2002.0 20.0 10.0
4068.0 3689.0 20.0 10.0
185.0 1282.0 20.0 10.0
2473.0 2568.0 20.0 10.0
935.0 1842.0 20.0 10.0
1680.0 1142.0 20.0 10.0
2452.0 2545.0 20.0 10.0
4575.0 3492.0 20.0 10.0
4562.0 3492.0 20.0 10.0
4544.0 3491.0 20.0 10.0
1629.0 2014.0 20.0 10.0
2725.0 3168.0 20.0 10.0
2732.0 3148.0 20.0 10.0
2658.0 2848.0 20.0 10.0
3446.0 4350.0 20.0 10.0
722.0 117.0 20.0 10.0
1327.0 1062.0 20.0 10.0
1341.0 1061.0 20.0 10.0
1350.0 1066.0 20.0 10.0
1451.0 2140.0 20.0 10.0
1453.0 2114.0 20.0 10.0
3859.0 3564.0 20.0 10.0
3841.0 3543.0 20.0 10.0
1621.0 628.0 20.0 10.0
3354.0 4332.0 20.0 10.0
3360.0 4310.0 20.0 10.0
688.0 64.0 20.0 10.0
3491.0 4445.0 20.0 10.0
3471.0 4410.0 20.0 10.0
2660.0 2932.0 20.0 10.0
1553.0 2003.0 20.0 10.0
1574.0 2022.0 20.0 10.0
1856.0 1945.0 20.0 10.0
2830.0 3001.0 20.0 10.0
1959.0 2124.0 20.0 10.0
764.0 187.0 20.0 10.0
245.0 1818.0 20.0 10.0
1903.0 1377.0 20.0 10.0
1885.0 1392.0 20.0 10.0
1857.0 1438.0 20.0 10.0
1556.0 2064.0 20.0 10.0
4177.0 3797.0 20.0 10.0
3058.0 3512.0 20.0 10.0
3102.0 3587.0 20.0 10.0
3082.0 3568.0 20.0 10.0
1825.0 2260.0 20.0 10.0
1691.0 2421.0 20.0 10.0
1698.0 2405.0 20.0 10.0
1706.0 2387.0 20.0 10.0
4171.0 3232.0 20.0 10.0
2728.0 3126.0 20.0 10.0
3467.0 4389.0 20.0 10.0
3453.0 4370.0 20.0 10.0
3434.0 4327.0 20.0 10.0
3732.0 3556.0 20.0 10.0
3733.0 3545.0 20.0 10.0
3937.0 3648.0 20.0 10.0
3768.0 3452.0 20.0 10.0
1651.0 673.0 20.0 10.0
1637.0 688.0 20.0 10.0
1468.0 1179.0 20.0 10.0
2327.0 2707.0 20.0 10.0
2320.0 2695.0 20.0 10.0
465.0 1108.0 20.0 10.0
1192.0 836.0 20.0 10.0
754.0 152.0 20.0 10.0
763.0 173.0 20.0 10.0
2020.0 2240.0 20.0 10.0
4179.0 3753.0 20.0 10.0
993.0 505.0 20.0 10.0
1471.0 1207.0 20.0 10.0
532.0 1150.0 20.0 10.0
1348.0 1090.0 20.0 10.0
1365.0 1070.0 20.0 10.0
884.0 434.0 20.0 10.0
4026.0 3336.0 20.0 10.0
4005.0 3351.0 20.0 10.0
3983.0 3367.0 20.0 10.0
3958.0 3382.0 20.0 10.0
3928.0 3393.0 20.0 10.0
486.0 1124.0 20.0 10.0
1669.0 398.0 20.0 10.0
1476.0 1116.0 20.0 10.0
781.0 210.0 20.0 10.0
1365.0 1958.0 20.0 10.0
1374.0 1961.0 20.0 10.0
99.0 1895.0 20.0 10.0
112.0 1886.0 20.0 10.0
549.0 1353.0 20.0 10.0
954.0 1098.0 20.0 10.0
1551.0 1096.0 20.0 10.0
102.0 1287.0 20.0 10.0
4176.0 3446.0 20.0 10.0
4158.0 3442.0 20.0 10.0
3342.0 3241.0 20.0 10.0
2450.0 2553.0 20.0 10.0
2430.0 2542.0 20.0 10.0
1842.0 1967.0 20.0 10.0
4333.0 3471.0 20.0 10.0
4266.0 3463.0 20.0 10.0
4197.0 3454.0 20.0 10.0
3026.0 3419.0 20.0 10.0
3491.0 4463.0 20.0 10.0
1502.0 2056.0 20.0 10.0
1428.0 2101.0 20.0 10.0
663.0 25.0 20.0 10.0
4456.0 3487.0 20.0 10.0
4396.0 3479.0 20.0 10.0
1796.0 2130.0 20.0 10.0
1798.0 2094.0 20.0 10.0
1932.0 2150.0 20.0 10.0
1902.0 2155.0 20.0 10.0
1707.0 1600.0 20.0 10.0
1688.0 1574.0 20.0 10.0
1675.0 1541.0 20.0 10.0
4179.0 3260.0 20.0 10.0
4162.0 3272.0 20.0 10.0
460.0 1133.0 20.0 10.0
206.0 1322.0 20.0 10.0
232.0 1330.0 20.0 10.0
3776.0 3430.0 20.0 10.0
212.0 1331.0 20.0 10.0
1692.0 260.0 20.0 10.0
1700.0 292.0 20.0 10.0
4084.0 3741.0 20.0 10.0
602.0 1186.0 20.0 10.0
599.0 1213.0 20.0 10.0
1662.0 1469.0 20.0 10.0
1727.0 2238.0 20.0 10.0
2745.0 3108.0 20.0 10.0
3936.0 3620.0 20.0 10.0
3920.0 3594.0 20.0 10.0
3119.0 3609.0 20.0 10.0
3090.0 3535.0 20.0 10.0
1701.0 1632.0 20.0 10.0
2219.0 2501.0 20.0 10.0
4534.0 3513.0 20.0 10.0
2312.0 2683.0 20.0 10.0
187.0 1332.0 20.0 10.0
3524.0 3384.0 20.0 10.0
604.0 1601.0 20.0 10.0
608.0 1627.0 20.0 10.0
2240.0 2742.0 20.0 10.0
4047.0 3327.0 20.0 10.0
3175.0 3813.0 20.0 10.0
1530.0 1192.0 20.0 10.0
2188.0 2412.0 20.0 10.0
4056.0 3679.0 20.0 10.0
4512.0 3494.0 20.0 10.0
4049.0 3801.0 20.0 10.0
3513.0 3317.0 20.0 10.0
526.0 1392.0 20.0 10.0
2713.0 3057.0 20.0 10.0
2690.0 3033.0 20.0 10.0
1142.0 851.0 20.0 10.0
898.0 325.0 20.0 10.0
1486.0 2024.0 20.0 10.0
1393.0 1969.0 20.0 10.0
1406.0 1976.0 20.0 10.0
3235.0 3889.0 20.0 10.0
3926.0 3646.0 20.0 10.0
1605.0 1167.0 20.0 10.0
4155.0 3250.0 20.0 10.0
1815.0 2215.0 20.0 10.0
1655.0 648.0 20.0 10.0
3658.0 3361.0 20.0 10.0
3576.0 3331.0 20.0 10.0
3494.0 3299.0 20.0 10.0
3411.0 3270.0 20.0 10.0
3327.0 3241.0 20.0 10.0
3244.0 3209.0 20.0 10.0
3161.0 3177.0 20.0 10.0
3077.0 3145.0 20.0 10.0
731.0 118.0 20.0 10.0
745.0 134.0 20.0 10.0
1703.0 1530.0 20.0 10.0
1710.0 1502.0 20.0 10.0
3337.0 4193.0 20.0 10.0
3325.0 4163.0 20.0 10.0
3313.0 4131.0 20.0 10.0
103.0 1759.0 20.0 10.0
3991.0 3702.0 20.0 10.0
2253.0 2606.0 20.0 10.0
2235.0 2581.0 20.0 10.0
369.0 1356.0 20.0 10.0
532.0 1481.0 20.0 10.0
1504.0 2148.0 20.0 10.0
2263.0 2729.0 20.0 10.0
2257.0 2718.0 20.0 10.0
4655.0 3513.0 20.0 10.0
4612.0 3507.0 20.0 10.0
277.0 1353.0 20.0 10.0
297.0 1330.0 20.0 10.0
299.0 1356.0 20.0 10.0
1567.0 1395.0 20.0 10.0
1886.0 1444.0 20.0 10.0
3534.0 4533.0 20.0 10.0
3525.0 4519.0 20.0 10.0
427.0 1794.0 20.0 10.0
520.0 1797.0 20.0 10.0
614.0 1799.0 20.0 10.0
3102.0 3138.0 20.0 10.0
932.0 350.0 20.0 10.0
497.0 1130.0 20.0 10.0
4557.0 3509.0 20.0 10.0
1402.0 2189.0 20.0 10.0
1432.0 2185.0 20.0 10.0
1430.0 2158.0 20.0 10.0
2640.0 2913.0 20.0 10.0
1768.0 1470.0 20.0 10.0
3322.0 4115.0 20.0 10.0
3302.0 4096.0 20.0 10.0
3292.0 4057.0 20.0 10.0
1805.0 2242.0 20.0 10.0
543.0 1783.0 20.0 10.0
3722.0 3513.0 20.0 10.0
1658.0 1099.0 20.0 10.0
4100.0 3295.0 20.0 10.0
4005.0 3424.0 20.0 10.0
1812.0 2243.0 20.0 10.0
183.0 1330.0 20.0 10.0
1825.0 2084.0 20.0 10.0
1759.0 2259.0 20.0 10.0
1753.0 2243.0 20.0 10.0
3289.0 4015.0 20.0 10.0
1491.0 1232.0 20.0 10.0
3187.0 3840.0 20.0 10.0
3682.0 3511.0 20.0 10.0
3690.0 3497.0 20.0 10.0
3706.0 3472.0 20.0 10.0
1620.0 636.0 20.0 10.0
1632.0 657.0 20.0 10.0
580.0 1213.0 20.0 10.0
140.0 1789.0 20.0 10.0
1659.0 508.0 20.0 10.0
1815.0 2040.0 20.0 10.0
3870.0 3680.0 20.0 10.0
2023.0 2226.0 20.0 10.0
564.0 1781.0 20.0 10.0
4187.0 3804.0 20.0 10.0
621.0 1609.0 20.0 10.0
621.0 1637.0 20.0 10.0
237.0 1798.0 20.0 10.0
1824.0 2128.0 20.0 10.0
1129.0 851.0 20.0 10.0
1151.0 869.0 20.0 10.0
1162.0 888.0 20.0 10.0
2931.0 3070.0 20.0 10.0
654.0 25.0 20.0 10.0
1352.0 2096.0 20.0 10.0
1369.0 2090.0 20.0 10.0
1400.0 2081.0 20.0 10.0
4035.0 3781.0 20.0 10.0
4020.0 3760.0 20.0 10.0
4004.0 3736.0 20.0 10.0
1307.0 1080.0 20.0 10.0
1075.0 1048.0 20.0 10.0
271.0 1352.0 20.0 10.0
2754.0 2880.0 20.0 10.0
2760.0 2893.0 20.0 10.0
2767.0 2907.0 20.0 10.0
2750.0 2925.0 20.0 10.0
2671.0 2848.0 20.0 10.0
3935.0 3747.0 20.0 10.0
3940.0 3725.0 20.0 10.0
1964.0 1314.0 20.0 10.0
3955.0 3629.0 20.0 10.0
3326.0 4151.0 20.0 10.0
3942.0 3532.0 20.0 10.0
560.0 1532.0 20.0 10.0
4878.0 3540.0 20.0 10.0
3533.0 4545.0 20.0 10.0
3526.0 4526.0 20.0 10.0
4727.0 3529.0 20.0 10.0
4043.0 3674.0 20.0 10.0
4017.0 3658.0 20.0 10.0
3361.0 3228.0 20.0 10.0
3344.0 3221.0 20.0 10.0
3323.0 3216.0 20.0 10.0
3887.0 3626.0 20.0 10.0
802.0 1136.0 20.0 10.0
1769.0 1480.0 20.0 10.0
1676.0 604.0 20.0 10.0
1658.0 627.0 20.0 10.0
1658.0 662.0 20.0 10.0
4138.0 3266.0 20.0 10.0
4125.0 3279.0 20.0 10.0
4124.0 3707.0 20.0 10.0
1820.0 1456.0 20.0 10.0
1810.0 1452.0 20.0 10.0
1785.0 1439.0 20.0 10.0
1642.0 1231.0 20.0 10.0
1865.0 1936.0 20.0 10.0
3254.0 3920.0 20.0 10.0
2749.0 2868.0 20.0 10.0
46.0 1781.0 20.0 10.0
74.0 1776.0 20.0 10.0
102.0 1773.0 20.0 10.0
132.0 1766.0 20.0 10.0
3039.0 3517.0 20.0 10.0
3034.0 3494.0 20.0 10.0
3245.0 3923.0 20.0 10.0
1591.0 1148.0 20.0 10.0
262.0 1292.0 20.0 10.0
775.0 197.0 20.0 10.0
4152.0 3764.0 20.0 10.0
1812.0 1945.0 20.0 10.0
1878.0 1427.0 20.0 10.0
1863.0 1430.0 20.0 10.0
3898.0 3407.0 20.0 10.0
62.0 1831.0 20.0 10.0
565.0 1304.0 20.0 10.0
572.0 1313.0 20.0 10.0
2194.0 2758.0 20.0 10.0
2213.0 2740.0 20.0 10.0
2042.0 2222.0 20.0 10.0
2489.0 2626.0 20.0 10.0
3148.0 3780.0 20.0 10.0
367.0 1779.0 20.0 10.0
2265.0 2472.0 20.0 10.0
1385.0 1154.0 20.0 10.0
3247.0 3852.0 20.0 10.0
3224.0 3842.0 20.0 10.0
3536.0 3328.0 20.0 10.0
4029.0 3771.0 20.0 10.0
3726.0 3451.0 20.0 10.0
3937.0 3712.0 20.0 10.0
3935.0 3697.0 20.0 10.0
318.0 1366.0 20.0 10.0
1451.0 1128.0 20.0 10.0
1310.0 1020.0 20.0 10.0
1254.0 971.0 20.0 10.0
1205.0 986.0 20.0 10.0
1161.0 1008.0 20.0 10.0
1117.0 1029.0 20.0 10.0
3693.0 3491.0 20.0 10.0
1916.0 1366.0 20.0 10.0
263.0 1822.0 20.0 10.0
300.0 1806.0 20.0 10.0
3481.0 4428.0 20.0 10.0
752.0 170.0 20.0 10.0
3052.0 3473.0 20.0 10.0
1730.0 1503.0 20.0 10.0
1512.0 1219.0 20.0 10.0
1463.0 1140.0 20.0 10.0
972.0 512.0 20.0 10.0
3977.0 3556.0 20.0 10.0
1690.0 246.0 20.0 10.0
1727.0 2210.0 20.0 10.0
942.0 313.0 20.0 10.0
1608.0 592.0 20.0 10.0
2485.0 2572.0 20.0 10.0
254.0 1346.0 20.0 10.0
364.0 1383.0 20.0 10.0
409.0 1398.0 20.0 10.0
1425.0 2116.0 20.0 10.0
4219.0 3452.0 20.0 10.0
1621.0 1025.0 20.0 10.0
1072.0 1040.0 20.0 10.0
178.0 1790.0 20.0 10.0
218.0 1800.0 20.0 10.0
1509.0 1179.0 20.0 10.0
179.0 1719.0 20.0 10.0
1801.0 2289.0 20.0 10.0
1806.0 2270.0 20.0 10.0
126.0 1894.0 20.0 10.0
651.0 1691.0 20.0 10.0
4079.0 3434.0 20.0 10.0
953.0 417.0 20.0 10.0
3034.0 3448.0 20.0 10.0
1113.0 735.0 20.0 10.0
1148.0 795.0 20.0 10.0
1183.0 853.0 20.0 10.0
1219.0 912.0 20.0 10.0
1627.0 605.0 20.0 10.0
4028.0 3282.0 20.0 10.0
740.0 151.0 20.0 10.0
281.0 1304.0 20.0 10.0
291.0 1312.0 20.0 10.0
547.0 1771.0 20.0 10.0
3878.0 3660.0 20.0 10.0
4086.0 3436.0 20.0 10.0
2940.0 3155.0 20.0 10.0
714.0 1168.0 20.0 10.0
1718.0 165.0 20.0 10.0
2271.0 2629.0 20.0 10.0
1823.0 2234.0 20.0 10.0
2231.0 2609.0 20.0 10.0
3825.0 3446.0 20.0 10.0
1035.0 1065.0 20.0 10.0
570.0 1281.0 20.0 10.0
1268.0 1016.0 20.0 10.0
1703.0 2396.0 20.0 10.0
97.0 1798.0 20.0 10.0
122.0 1796.0 20.0 10.0
1778.0 1461.0 20.0 10.0
1751.0 1446.0 20.0 10.0
4820.0 3534.0 20.0 10.0
4794.0 3530.0 20.0 10.0
4762.0 3530.0 20.0 10.0
1603.0 1185.0 20.0 10.0
3535.0 3345.0 20.0 10.0
3506.0 3340.0 20.0 10.0
3977.0 3667.0 20.0 10.0
1470.0 1137.0 20.0 10.0
2456.0 2626.0 20.0 10.0
1331.0 1047.0 20.0 10.0
2199.0 2445.0 20.0 10.0
2854.0 2991.0 20.0 10.0
2241.0 2530.0 20.0 10.0
2215.0 2516.0 20.0 10.0
3936.0 3673.0 20.0 10.0
3886.0 3587.0 20.0 10.0
3884.0 3556.0 20.0 10.0
3850.0 3515.0 20.0 10.0
2268.0 2738.0 20.0 10.0
3045.0 3408.0 20.0 10.0
2730.0 3133.0 20.0 10.0
2716.0 3108.0 20.0 10.0
352.0 1381.0 20.0 10.0
1422.0 1204.0 20.0 10.0
1431.0 1210.0 20.0 10.0
1795.0 2022.0 20.0 10.0
1875.0 1397.0 20.0 10.0
1867.0 1406.0 20.0 10.0
2733.0 3101.0 20.0 10.0
2711.0 3085.0 20.0 10.0
4483.0 3487.0 20.0 10.0
2993.0 3111.0 20.0 10.0
3754.0 3492.0 20.0 10.0
1681.0 1450.0 20.0 10.0
1555.0 1162.0 20.0 10.0
3348.0 4140.0 20.0 10.0
3341.0 4133.0 20.0 10.0
1136.0 1016.0 20.0 10.0
1155.0 996.0 20.0 10.0
1625.0 1543.0 20.0 10.0
2290.0 2578.0 20.0 10.0
1117.0 1894.0 20.0 10.0
1104.0 1897.0 20.0 10.0
1204.0 1923.0 20.0 10.0
3732.0 3539.0 20.0 10.0
995.0 1082.0 20.0 10.0
832.0 1145.0 20.0 10.0
791.0 1161.0 20.0 10.0
986.0 507.0 20.0 10.0
1477.0 1167.0 20.0 10.0
4873.0 3529.0 20.0 10.0
4861.0 3536.0 20.0 10.0
1041.0 622.0 20.0 10.0
1044.0 617.0 20.0 10.0
1078.0 676.0 20.0 10.0
1506.0 1190.0 20.0 10.0
1488.0 1166.0 20.0 10.0
1385.0 1178.0 20.0 10.0
3358.0 4296.0 20.0 10.0
982.0 1858.0 20.0 10.0
963.0 1849.0 20.0 10.0
950.0 1846.0 20.0 10.0
1497.0 2142.0 20.0 10.0
1597.0 1976.0 20.0 10.0
1323.0 2107.0 20.0 10.0
1343.0 2099.0 20.0 10.0
591.0 1623.0 20.0 10.0
3988.0 3648.0 20.0 10.0
1489.0 2165.0 20.0 10.0
2441.0 2641.0 20.0 10.0
2425.0 2616.0 20.0 10.0
131.0 1286.0 20.0 10.0
3487.0 4450.0 20.0 10.0
906.0 294.0 20.0 10.0
913.0 316.0 20.0 10.0
1793.0 2234.0 20.0 10.0
2663.0 2867.0 20.0 10.0
1639.0 1127.0 20.0 10.0
3517.0 4504.0 20.0 10.0
110.0 1316.0 20.0 10.0
135.0 1325.0 20.0 10.0
207.0 1800.0 20.0 10.0
1806.0 2264.0 20.0 10.0
1646.0 728.0 20.0 10.0
3203.0 3944.0 20.0 10.0
3210.0 3922.0 20.0 10.0
3201.0 3898.0 20.0 10.0
3196.0 3877.0 20.0 10.0
3191.0 3849.0 20.0 10.0
2264.0 2782.0 20.0 10.0
2253.0 2767.0 20.0 10.0
589.0 1616.0 20.0 10.0
2249.0 2752.0 20.0 10.0
2239.0 2725.0 20.0 10.0
2240.0 2696.0 20.0 10.0
1762.0 2220.0 20.0 10.0
1464.0 2069.0 20.0 10.0
1475.0 2047.0 20.0 10.0
1625.0 1387.0 20.0 10.0
4748.0 3526.0 20.0 10.0
1027.0 1065.0 20.0 10.0
1505.0 2037.0 20.0 10.0
1504.0 2010.0 20.0 10.0
3819.0 3398.0 20.0 10.0
2316.0 2594.0 20.0 10.0
2308.0 2590.0 20.0 10.0
569.0 1783.0 20.0 10.0
589.0 1791.0 20.0 10.0
3355.0 4279.0 20.0 10.0
3353.0 4262.0 20.0 10.0
3350.0 4242.0 20.0 10.0
69.0 1272.0 20.0 10.0
92.0 1283.0 20.0 10.0
122.0 1296.0 20.0 10.0
159.0 1298.0 20.0 10.0
3054.0 3501.0 20.0 10.0
44.0 1264.0 20.0 10.0
934.0 340.0 20.0 10.0
1539.0 1117.0 20.0 10.0
1528.0 1136.0 20.0 10.0
1518.0 1242.0 20.0 10.0
587.0 1183.0 20.0 10.0
1277.0 955.0 20.0 10.0
1284.0 971.0 20.0 10.0
4043.0 3579.0 20.0 10.0
4023.0 3570.0 20.0 10.0
2658.0 2892.0 20.0 10.0
662.0 1733.0 20.0 10.0
1005.0 1872.0 20.0 10.0
1683.0 428.0 20.0 10.0
1678.0 482.0 20.0 10.0
700.0 1737.0 20.0 10.0
3031.0 3386.0 20.0 10.0
2302.0 2439.0 20.0 10.0
2289.0 2454.0 20.0 10.0
1713.0 2028.0 20.0 10.0
4137.0 3742.0 20.0 10.0
4109.0 3730.0 20.0 10.0
1125.0 895.0 20.0 10.0
305.0 1368.0 20.0 10.0
1770.0 1899.0 20.0 10.0
1749.0 1810.0 20.0 10.0
1854.0 1949.0 20.0 10.0
2742.0 3009.0 20.0 10.0
4046.0 3303.0 20.0 10.0
1950.0 2131.0 20.0 10.0
3221.0 3913.0 20.0 10.0
3213.0 3899.0 20.0 10.0
1843.0 1419.0 20.0 10.0
2209.0 2392.0 20.0 10.0
939.0 464.0 20.0 10.0
3932.0 3691.0 20.0 10.0
4718.0 3515.0 20.0 10.0
4694.0 3520.0 20.0 10.0
3551.0 4575.0 20.0 10.0
62.0 1718.0 20.0 10.0
92.0 1727.0 20.0 10.0
1621.0 731.0 20.0 10.0
1630.0 750.0 20.0 10.0
1641.0 774.0 20.0 10.0
1640.0 800.0 20.0 10.0
2245.0 2770.0 20.0 10.0
1272.0 946.0 20.0 10.0
3238.0 3881.0 20.0 10.0
3425.0 4303.0 20.0 10.0
3416.0 4280.0 20.0 10.0
1836.0 2126.0 20.0 10.0
2625.0 2880.0 20.0 10.0
3734.0 3418.0 20.0 10.0
2655.0 2945.0 20.0 10.0
1433.0 2208.0 20.0 10.0
3174.0 3800.0 20.0 10.0
3171.0 3776.0 20.0 10.0
889.0 397.0 20.0 10.0
804.0 1810.0 20.0 10.0
807.0 1825.0 20.0 10.0
1724.0 143.0 20.0 10.0
2286.0 2644.0 20.0 10.0
4130.0 3283.0 20.0 10.0
221.0 1826.0 20.0 10.0
1289.0 1000.0 20.0 10.0
1614.0 996.0 20.0 10.0
1530.0 1151.0 20.0 10.0
1450.0 1230.0 20.0 10.0
1649.0 1181.0 20.0 10.0
2475.0 2618.0 20.0 10.0
278.0 1343.0 20.0 10.0
1733.0 139.0 20.0 10.0
1601.0 1542.0 20.0 10.0
1612.0 1524.0 20.0 10.0
1305.0 1950.0 20.0 10.0
4065.0 3821.0 20.0 10.0
163.0 1794.0 20.0 10.0
1541.0 2047.0 20.0 10.0
1565.0 2061.0 20.0 10.0
2736.0 2854.0 20.0 10.0
1378.0 1183.0 20.0 10.0
1492.0 2131.0 20.0 10.0
1474.0 2112.0 20.0 10.0
4009.0 3566.0 20.0 10.0
3994.0 3562.0 20.0 10.0
3347.0 4207.0 20.0 10.0
1826.0 2169.0 20.0 10.0
1820.0 2162.0 20.0 10.0
1792.0 2165.0 20.0 10.0
1610.0 1073.0 20.0 10.0
1613.0 1104.0 20.0 10.0
2639.0 2832.0 20.0 10.0
2614.0 2844.0 20.0 10.0
2458.0 2562.0 20.0 10.0
2435.0 2552.0 20.0 10.0
2408.0 2538.0 20.0 10.0
2378.0 2531.0 20.0 10.0
2343.0 2537.0 20.0 10.0
2256.0 2461.0 20.0 10.0
159.0 1330.0 20.0 10.0
1146.0 981.0 20.0 10.0
2766.0 3092.0 20.0 10.0
1644.0 598.0 20.0 10.0
521.0 1384.0 20.0 10.0
1397.0 1154.0 20.0 10.0
1407.0 1133.0 20.0 10.0
1420.0 1117.0 20.0 10.0
2180.0 2728.0 20.0 10.0
2195.0 2712.0 20.0 10.0
2204.0 2705.0 20.0 10.0
1014.0 1864.0 20.0 10.0
1728.0 2332.0 20.0 10.0
1736.0 2312.0 20.0 10.0
1744.0 2292.0 20.0 10.0
1752.0 2271.0 20.0 10.0
907.0 1835.0 20.0 10.0
206.0 1734.0 20.0 10.0
4429.0 3480.0 20.0 10.0
725.0 132.0 20.0 10.0
1591.0 1982.0 20.0 10.0
1614.0 1995.0 20.0 10.0
1704.0 255.0 20.0 10.0
821.0 289.0 20.0 10.0
837.0 303.0 20.0 10.0
4298.0 3463.0 20.0 10.0
3488.0 3318.0 20.0 10.0
1138.0 883.0 20.0 10.0
3197.0 3868.0 20.0 10.0
1711.0 2379.0 20.0 10.0
1713.0 2370.0 20.0 10.0
1721.0 2351.0 20.0 10.0
1616.0 1254.0 20.0 10.0
1592.0 1266.0 20.0 10.0
1675.0 1109.0 20.0 10.0
1686.0 305.0 20.0 10.0
1696.0 334.0 20.0 10.0
1692.0 380.0 20.0 10.0
4002.0 3731.0 20.0 10.0
1473.0 1250.0 20.0 10.0
1469.0 1222.0 20.0 10.0
1457.0 2062.0 20.0 10.0
2669.0 2975.0 20.0 10.0
147.0 1269.0 20.0 10.0
2508.0 2694.0 20.0 10.0
127.0 1796.0 20.0 10.0
3024.0 3472.0 20.0 10.0
2214.0 2698.0 20.0 10.0
1897.0 1383.0 20.0 10.0
1768.0 2128.0 20.0 10.0
1647.0 1519.0 20.0 10.0
1644.0 1491.0 20.0 10.0
638.0 1724.0 20.0 10.0
646.0 1725.0 20.0 10.0
972.0 463.0 20.0 10.0
980.0 479.0 20.0 10.0
995.0 519.0 20.0 10.0
1010.0 559.0 20.0 10.0
1791.0 2243.0 20.0 10.0
279.0 1752.0 20.0 10.0
1442.0 1216.0 20.0 10.0
117.0 1260.0 20.0 10.0
948.0 404.0 20.0 10.0
3346.0 4220.0 20.0 10.0
2605.0 2807.0 20.0 10.0
3396.0 4230.0 20.0 10.0
924.0 340.0 20.0 10.0
2229.0 2817.0 20.0 10.0
2237.0 2794.0 20.0 10.0
1710.0 1616.0 20.0 10.0
1663.0 1127.0 20.0 10.0
919.0 344.0 20.0 10.0
932.0 370.0 20.0 10.0
2297.0 2646.0 20.0 10.0
177.0 1331.0 20.0 10.0
2978.0 3326.0 20.0 10.0
3001.0 3310.0 20.0 10.0
2970.0 3233.0 20.0 10.0
806.0 254.0 20.0 10.0
1636.0 1237.0 20.0 10.0
4744.0 3512.0 20.0 10.0
1846.0 2028.0 20.0 10.0
1839.0 2035.0 20.0 10.0
4146.0 3277.0 20.0 10.0
59.0 1818.0 20.0 10.0
2236.0 2474.0 20.0 10.0
2207.0 2480.0 20.0 10.0
3541.0 4560.0 20.0 10.0
914.0 1115.0 20.0 10.0
3020.0 3104.0 20.0 10.0
274.0 1796.0 20.0 10.0
347.0 1796.0 20.0 10.0
3096.0 3587.0 20.0 10.0
1651.0 1150.0 20.0 10.0
1644.0 1172.0 20.0 10.0
1510.0 1153.0 20.0 10.0
115.0 1879.0 20.0 10.0
135.0 1866.0 20.0 10.0
167.0 1861.0 20.0 10.0
2740.0 3163.0 20.0 10.0
680.0 1745.0 20.0 10.0
709.0 1801.0 20.0 10.0
3350.0 4112.0 20.0 10.0
1470.0 1150.0 20.0 10.0
51.0 1771.0 20.0 10.0
1710.0 178.0 20.0 10.0
1708.0 194.0 20.0 10.0
1703.0 221.0 20.0 10.0
3564.0 3322.0 20.0 10.0
790.0 226.0 20.0 10.0
817.0 270.0 20.0 10.0
845.0 318.0 20.0 10.0
875.0 366.0 20.0 10.0
905.0 416.0 20.0 10.0
1410.0 2117.0 20.0 10.0
3730.0 3485.0 20.0 10.0
4097.0 3435.0 20.0 10.0
2230.0 2638.0 20.0 10.0
1645.0 704.0 20.0 10.0
4170.0 3746.0 20.0 10.0
3328.0 4173.0 20.0 10.0
3329.0 4158.0 20.0 10.0
3462.0 4391.0 20.0 10.0
1844.0 2071.0 20.0 10.0
1809.0 2079.0 20.0 10.0
1791.0 1989.0 20.0 10.0
913.0 322.0 20.0 10.0
939.0 369.0 20.0 10.0
942.0 381.0 20.0 10.0
953.0 402.0 20.0 10.0
966.0 439.0 20.0 10.0
144.0 1877.0 20.0 10.0
4195.0 3760.0 20.0 10.0
1726.0 1721.0 20.0 10.0
580.0 1612.0 20.0 10.0
3300.0 3231.0 20.0 10.0
1627.0 1513.0 20.0 10.0
1715.0 1452.0 20.0 10.0
1701.0 236.0 20.0 10.0
3333.0 4219.0 20.0 10.0
694.0 73.0 20.0 10.0
703.0 88.0 20.0 10.0
1303.0 2121.0 20.0 10.0
1844.0 1959.0 20.0 10.0
3683.0 3540.0 20.0 10.0
3676.0 3522.0 20.0 10.0
917.0 1839.0 20.0 10.0
905.0 1849.0 20.0 10.0
4119.0 3777.0 20.0 10.0
512.0 1138.0 20.0 10.0
88.0 1814.0 20.0 10.0
128.0 1812.0 20.0 10.0
956.0 423.0 20.0 10.0
3942.0 3537.0 20.0 10.0
3920.0 3528.0 20.0 10.0
3062.0 3461.0 20.0 10.0
205.0 1808.0 20.0 10.0
1429.0 1228.0 20.0 10.0
1441.0 1225.0 20.0 10.0
4881.0 3566.0 20.0 10.0
3506.0 3368.0 20.0 10.0
1825.0 2052.0 20.0 10.0
2749.0 3162.0 20.0 10.0
395.0 1795.0 20.0 10.0
4443.0 3482.0 20.0 10.0
4045.0 3271.0 20.0 10.0
4061.0 3295.0 20.0 10.0
3001.0 3339.0 20.0 10.0
1605.0 805.0 20.0 10.0
1618.0 824.0 20.0 10.0
1631.0 848.0 20.0 10.0
1634.0 874.0 20.0 10.0
1628.0 949.0 20.0 10.0
234.0 1838.0 20.0 10.0
4164.0 3788.0 20.0 10.0
150.0 1715.0 20.0 10.0
3813.0 3473.0 20.0 10.0
2235.0 2400.0 20.0 10.0
590.0 1583.0 20.0 10.0
1671.0 538.0 20.0 10.0
1665.0 599.0 20.0 10.0
4092.0 3299.0 20.0 10.0
4070.0 3310.0 20.0 10.0
1277.0 917.0 20.0 10.0
1272.0 940.0 20.0 10.0
3484.0 3358.0 20.0 10.0
2909.0 3077.0 20.0 10.0
2233.0 2667.0 20.0 10.0
1586.0 1379.0 20.0 10.0
3958.0 3551.0 20.0 10.0
3933.0 3552.0 20.0 10.0
749.0 1178.0 20.0 10.0
707.0 1195.0 20.0 10.0
125.0 1728.0 20.0 10.0
37.0 1707.0 20.0 10.0
3504.0 4476.0 20.0 10.0
1090.0 996.0 20.0 10.0
1079.0 1018.0 20.0 10.0
3008.0 3474.0 20.0 10.0
3012.0 3463.0 20.0 10.0
1731.0 1587.0 20.0 10.0
3879.0 3646.0 20.0 10.0
3873.0 3627.0 20.0 10.0
3867.0 3607.0 20.0 10.0
2223.0 2548.0 20.0 10.0
4363.0 3472.0 20.0 10.0
4130.0 3716.0 20.0 10.0
4104.0 3703.0 20.0 10.0
4083.0 3715.0 20.0 10.0
1797.0 2058.0 20.0 10.0
178.0 1804.0 20.0 10.0
1169.0 896.0 20.0 10.0
1171.0 907.0 20.0 10.0
4048.0 3321.0 20.0 10.0
1264.0 930.0 20.0 10.0
457.0 1415.0 20.0 10.0
505.0 1433.0 20.0 10.0
252.0 1750.0 20.0 10.0
308.0 1764.0 20.0 10.0
1840.0 1429.0 20.0 10.0
1815.0 1429.0 20.0 10.0
4053.0 3248.0 20.0 10.0
936.0 392.0 20.0 10.0
931.0 420.0 20.0 10.0
2457.0 2607.0 20.0 10.0
2703.0 3021.0 20.0 10.0
2680.0 3005.0 20.0 10.0
1992.0 2232.0 20.0 10.0
1725.0 281.0 20.0 10.0
1690.0 291.0 20.0 10.0
1526.0 2063.0 20.0 10.0
1601.0 1401.0 20.0 10.0
1597.0 1537.0 20.0 10.0
1451.0 2168.0 20.0 10.0
1603.0 1276.0 20.0 10.0
1690.0 267.0 20.0 10.0
2251.0 2431.0 20.0 10.0
2223.0 2426.0 20.0 10.0
1724.0 1477.0 20.0 10.0
1408.0 2138.0 20.0 10.0
4564.0 3501.0 20.0 10.0
166.0 1753.0 20.0 10.0
207.0 1749.0 20.0 10.0
1862.0 1436.0 20.0 10.0
3963.0 3348.0 20.0 10.0
4582.0 3512.0 20.0 10.0
1190.0 931.0 20.0 10.0
1192.0 941.0 20.0 10.0
4778.0 3528.0 20.0 10.0
2168.0 2386.0 20.0 10.0
1648.0 1450.0 20.0 10.0
1440.0 2098.0 20.0 10.0
1457.0 2091.0 20.0 10.0
1740.0 2215.0 20.0 10.0
200.0 1851.0 20.0 10.0
3996.0 3721.0 20.0 10.0
3192.0 3776.0 20.0 10.0
3176.0 3751.0 20.0 10.0
3714.0 3429.0 20.0 10.0
1499.0 1159.0 20.0 10.0
1879.0 1373.0 20.0 10.0
1820.0 2289.0 20.0 10.0
2725.0 3007.0 20.0 10.0
744.0 115.0 20.0 10.0
3261.0 3953.0 20.0 10.0
571.0 1170.0 20.0 10.0
1803.0 2212.0 20.0 10.0
1812.0 2187.0 20.0 10.0
3248.0 3869.0 20.0 10.0
2302.0 2669.0 20.0 10.0
172.0 1811.0 20.0 10.0
2263.0 2575.0 20.0 10.0
1150.0 906.0 20.0 10.0
1156.0 932.0 20.0 10.0
1181.0 927.0 20.0 10.0
1190.0 958.0 20.0 10.0
4102.0 3858.0 20.0 10.0
4083.0 3839.0 20.0 10.0
1730.0 177.0 20.0 10.0
1664.0 1163.0 20.0 10.0
924.0 353.0 20.0 10.0
1393.0 1937.0 20.0 10.0
1384.0 1963.0 20.0 10.0
56.0 1244.0 20.0 10.0
63.0 1271.0 20.0 10.0
4198.0 3243.0 20.0 10.0
1635.0 1562.0 20.0 10.0
1717.0 1528.0 20.0 10.0
1902.0 1432.0 20.0 10.0
825.0 1816.0 20.0 10.0
998.0 575.0 20.0 10.0
214.0 1794.0 20.0 10.0
3906.0 3541.0 20.0 10.0
3882.0 3521.0 20.0 10.0
873.0 1130.0 20.0 10.0
3374.0 4177.0 20.0 10.0
3349.0 4123.0 20.0 10.0
3319.0 4069.0 20.0 10.0
3005.0 3402.0 20.0 10.0
4126.0 3775.0 20.0 10.0
4103.0 3759.0 20.0 10.0
1569.0 2048.0 20.0 10.0
1606.0 2030.0 20.0 10.0
1708.0 2055.0 20.0 10.0
4734.0 3513.0 20.0 10.0
1682.0 2440.0 20.0 10.0
1817.0 1971.0 20.0 10.0
543.0 1156.0 20.0 10.0
548.0 1173.0 20.0 10.0
569.0 1196.0 20.0 10.0
4112.0 3289.0 20.0 10.0
2739.0 3151.0 20.0 10.0
3205.0 3820.0 20.0 10.0
3147.0 3679.0 20.0 10.0
1290.0 987.0 20.0 10.0
1299.0 1003.0 20.0 10.0
1670.0 2461.0 20.0 10.0
163.0 1726.0 20.0 10.0
1672.0 378.0 20.0 10.0
1680.0 400.0 20.0 10.0
2280.0 2477.0 20.0 10.0
1772.0 2192.0 20.0 10.0
3323.0 4192.0 20.0 10.0
1633.0 1209.0 20.0 10.0
1627.0 1228.0 20.0 10.0
3482.0 4434.0 20.0 10.0
139.0 1804.0 20.0 10.0
173.0 1800.0 20.0 10.0
4845.0 3538.0 20.0 10.0
1947.0 1333.0 20.0 10.0
1930.0 1354.0 20.0 10.0
2696.0 3049.0 20.0 10.0
1535.0 1217.0 20.0 10.0
4884.0 3550.0 20.0 10.0
4858.0 3555.0 20.0 10.0
159.0 1320.0 20.0 10.0
664.0 1216.0 20.0 10.0
624.0 1238.0 20.0 10.0
596.0 1275.0 20.0 10.0
1469.0 2136.0 20.0 10.0
1752.0 1453.0 20.0 10.0
1439.0 2072.0 20.0 10.0
1700.0 1596.0 20.0 10.0
3986.0 3635.0 20.0 10.0
3977.0 3632.0 20.0 10.0
1942.0 1340.0 20.0 10.0
2706.0 3065.0 20.0 10.0
2081.0 2309.0 20.0 10.0
3053.0 3496.0 20.0 10.0
2332.0 2716.0 20.0 10.0
3740.0 3516.0 20.0 10.0
675.0 43.0 20.0 10.0
1037.0 1872.0 20.0 10.0
1482.0 2069.0 20.0 10.0
3923.0 3681.0 20.0 10.0
3919.0 3674.0 20.0 10.0
3919.0 3665.0 20.0 10.0
238.0 1807.0 20.0 10.0
267.0 1810.0 20.0 10.0
197.0 1309.0 20.0 10.0
1640.0 1190.0 20.0 10.0
1628.0 1243.0 20.0 10.0
2247.0 2787.0 20.0 10.0
4197.0 3447.0 20.0 10.0
4182.0 3446.0 20.0 10.0
1604.0 615.0 20.0 10.0
1609.0 631.0 20.0 10.0
1622.0 656.0 20.0 10.0
4125.0 3443.0 20.0 10.0
4051.0 3431.0 20.0 10.0
3975.0 3419.0 20.0 10.0
1374.0 1195.0 20.0 10.0
25.0 1798.0 20.0 10.0
