1000
3332.0 2987.0 20.0 10.0
3327.0 2963.0 20.0 10.0
3318.0 2933.0 20.0 10.0
615.0 675.0 20.0 10.0
609.0 664.0 20.0 10.0
3893.0 2912.0 20.0 10.0
3882.0 2904.0 20.0 10.0
3844.0 2882.0 20.0 10.0
3723.0 986.0 20.0 10.0
3678.0 1032.0 20.0 10.0
4514.0 403.0 20.0 10.0
223.0 437.0 20.0 10.0
2739.0 3132.0 20.0 10.0
65.0 174.0 20.0 10.0
1993.0 1704.0 20.0 10.0
3619.0 2758.0 20.0 10.0
2818.0 2061.0 20.0 10.0
2779.0 2128.0 20.0 10.0
2745.0 2199.0 20.0 10.0
2830.0 3351.0 20.0 10.0
422.0 702.0 20.0 10.0
442.0 692.0 20.0 10.0
459.0 685.0 20.0 10.0
481.0 674.0 20.0 10.0
495.0 652.0 20.0 10.0
522.0 661.0 20.0 10.0
81.0 196.0 20.0 10.0
3101.0 2675.0 20.0 10.0
3082.0 2635.0 20.0 10.0
654.0 582.0 20.0 10.0
658.0 605.0 20.0 10.0
666.0 630.0 20.0 10.0
671.0 647.0 20.0 10.0
3078.0 2838.0 20.0 10.0
3198.0 2554.0 20.0 10.0
3180.0 2560.0 20.0 10.0
2570.0 3502.0 20.0 10.0
3437.0 2654.0 20.0 10.0
3412.0 2642.0 20.0 10.0
4181.0 410.0 20.0 10.0
923.0 866.0 20.0 10.0
83.0 206.0 20.0 10.0
100.0 217.0 20.0 10.0
399.0 4030.0 20.0 10.0
3209.0 2590.0 20.0 10.0
3117.0 2553.0 20.0 10.0
3019.0 2479.0 20.0 10.0
3651.0 1048.0 20.0 10.0
3084.0 2812.0 20.0 10.0
3086.0 2793.0 20.0 10.0
3086.0 2770.0 20.0 10.0
3083.0 2742.0 20.0 10.0
3694.0 2795.0 20.0 10.0
1178.0 1049.0 20.0 10.0
1112.0 997.0 20.0 10.0
429.0 249.0 20.0 10.0
437.0 274.0 20.0 10.0
443.0 295.0 20.0 10.0
445.0 311.0 20.0 10.0
450.0 332.0 20.0 10.0
458.0 358.0 20.0 10.0
3365.0 3041.0 20.0 10.0
535.0 509.0 20.0 10.0
4507.0 428.0 20.0 10.0
396.0 671.0 20.0 10.0
4003.0 718.0 20.0 10.0
2841.0 3489.0 20.0 10.0
4050.0 2978.0 20.0 10.0
4025.0 2982.0 20.0 10.0
4006.0 2965.0 20.0 10.0
241.0 325.0 20.0 10.0
285.0 360.0 20.0 10.0
2767.0 3268.0 20.0 10.0
4512.0 446.0 20.0 10.0
4490.0 450.0 20.0 10.0
4459.0 461.0 20.0 10.0
4424.0 473.0 20.0 10.0
3927.0 2822.0 20.0 10.0
37.0 185.0 20.0 10.0
61.0 189.0 20.0 10.0
76.0 198.0 20.0 10.0
661.0 4064.0 20.0 10.0
663.0 4034.0 20.0 10.0
702.0 4033.0 20.0 10.0
3459.0 2694.0 20.0 10.0
2989.0 1804.0 20.0 10.0
2945.0 1866.0 20.0 10.0
2901.0 1930.0 20.0 10.0
4013.0 705.0 20.0 10.0
3358.0 2890.0 20.0 10.0
468.0 3896.0 20.0 10.0
1153.0 1047.0 20.0 10.0
3717.0 2783.0 20.0 10.0
2855.0 2863.0 20.0 10.0
2856.0 2868.0 20.0 10.0
2802.0 3565.0 20.0 10.0
2806.0 3546.0 20.0 10.0
3338.0 2984.0 20.0 10.0
1574.0 1370.0 20.0 10.0
1603.0 1371.0 20.0 10.0
1529.0 1315.0 20.0 10.0
3445.0 2621.0 20.0 10.0
4272.0 396.0 20.0 10.0
4262.0 420.0 20.0 10.0
4231.0 436.0 20.0 10.0
4204.0 472.0 20.0 10.0
108.0 168.0 20.0 10.0
105.0 195.0 20.0 10.0
129.0 198.0 20.0 10.0
1126.0 4274.0 20.0 10.0
3491.0 3068.0 20.0 10.0
3986.0 2973.0 20.0 10.0
4030.0 2964.0 20.0 10.0
3661.0 3382.0 20.0 10.0
3074.0 2614.0 20.0 10.0
3995.0 2946.0 20.0 10.0
3081.0 2829.0 20.0 10.0
3137.0 2573.0 20.0 10.0
428.0 291.0 20.0 10.0
3507.0 3089.0 20.0 10.0
204.0 4272.0 20.0 10.0
204.0 4247.0 20.0 10.0
400.0 370.0 20.0 10.0
514.0 471.0 20.0 10.0
493.0 430.0 20.0 10.0
475.0 393.0 20.0 10.0
1447.0 1223.0 20.0 10.0
2806.0 2815.0 20.0 10.0
2814.0 2813.0 20.0 10.0
2826.0 2820.0 20.0 10.0
2840.0 2837.0 20.0 10.0
2839.0 3357.0 20.0 10.0
2837.0 3336.0 20.0 10.0
2839.0 3309.0 20.0 10.0
2840.0 3249.0 20.0 10.0
2842.0 3187.0 20.0 10.0
2841.0 3124.0 20.0 10.0
3466.0 3060.0 20.0 10.0
4264.0 63.0 20.0 10.0
413.0 443.0 20.0 10.0
616.0 637.0 20.0 10.0
305.0 454.0 20.0 10.0
3047.0 2580.0 20.0 10.0
3404.0 2994.0 20.0 10.0
2820.0 3484.0 20.0 10.0
3599.0 2739.0 20.0 10.0
138.0 4233.0 20.0 10.0
4237.0 232.0 20.0 10.0
3704.0 2670.0 20.0 10.0
3673.0 2670.0 20.0 10.0
3230.0 2739.0 20.0 10.0
351.0 435.0 20.0 10.0
3645.0 1045.0 20.0 10.0
3651.0 1072.0 20.0 10.0
3633.0 1078.0 20.0 10.0
3588.0 1125.0 20.0 10.0
3543.0 1172.0 20.0 10.0
3499.0 1220.0 20.0 10.0
3454.0 1267.0 20.0 10.0
3409.0 1314.0 20.0 10.0
3363.0 1363.0 20.0 10.0
2751.0 3206.0 20.0 10.0
2811.0 2491.0 20.0 10.0
405.0 379.0 20.0 10.0
392.0 3797.0 20.0 10.0
231.0 485.0 20.0 10.0
2761.0 3146.0 20.0 10.0
3516.0 3103.0 20.0 10.0
3145.0 2765.0 20.0 10.0
3131.0 2738.0 20.0 10.0
2811.0 2455.0 20.0 10.0
3428.0 2650.0 20.0 10.0
2268.0 1953.0 20.0 10.0
2279.0 1954.0 20.0 10.0
2304.0 1950.0 20.0 10.0
2331.0 1956.0 20.0 10.0
2354.0 1976.0 20.0 10.0
4046.0 699.0 20.0 10.0
25.0 4201.0 20.0 10.0
43.0 4202.0 20.0 10.0
3066.0 2505.0 20.0 10.0
3058.0 2500.0 20.0 10.0
3920.0 571.0 20.0 10.0
3929.0 581.0 20.0 10.0
4077.0 2991.0 20.0 10.0
4053.0 3002.0 20.0 10.0
4010.0 2973.0 20.0 10.0
526.0 3826.0 20.0 10.0
519.0 3843.0 20.0 10.0
521.0 3869.0 20.0 10.0
3876.0 840.0 20.0 10.0
3874.0 814.0 20.0 10.0
304.0 473.0 20.0 10.0
3269.0 2504.0 20.0 10.0
3258.0 2514.0 20.0 10.0
3250.0 2522.0 20.0 10.0
3240.0 2530.0 20.0 10.0
179.0 4273.0 20.0 10.0
4261.0 87.0 20.0 10.0
4259.0 98.0 20.0 10.0
4255.0 121.0 20.0 10.0
4251.0 146.0 20.0 10.0
4246.0 173.0 20.0 10.0
4242.0 201.0 20.0 10.0
3627.0 2831.0 20.0 10.0
127.0 233.0 20.0 10.0
141.0 247.0 20.0 10.0
4258.0 38.0 20.0 10.0
316.0 4099.0 20.0 10.0
2599.0 3435.0 20.0 10.0
2853.0 1908.0 20.0 10.0
3329.0 2636.0 20.0 10.0
3299.0 2626.0 20.0 10.0
3437.0 3010.0 20.0 10.0
3977.0 574.0 20.0 10.0
2767.0 3200.0 20.0 10.0
4292.0 523.0 20.0 10.0
3978.0 565.0 20.0 10.0
2837.0 3501.0 20.0 10.0
3352.0 2900.0 20.0 10.0
394.0 473.0 20.0 10.0
138.0 4171.0 20.0 10.0
3602.0 2670.0 20.0 10.0
3557.0 2671.0 20.0 10.0
3503.0 2672.0 20.0 10.0
3445.0 2670.0 20.0 10.0
3247.0 2526.0 20.0 10.0
3538.0 2715.0 20.0 10.0
3499.0 2707.0 20.0 10.0
2675.0 3340.0 20.0 10.0
2686.0 3315.0 20.0 10.0
983.0 894.0 20.0 10.0
4197.0 379.0 20.0 10.0
3489.0 3098.0 20.0 10.0
918.0 842.0 20.0 10.0
319.0 467.0 20.0 10.0
3736.0 2820.0 20.0 10.0
2858.0 2556.0 20.0 10.0
2865.0 2577.0 20.0 10.0
2884.0 2598.0 20.0 10.0
2896.0 2529.0 20.0 10.0
2908.0 2462.0 20.0 10.0
2922.0 2396.0 20.0 10.0
3722.0 3409.0 20.0 10.0
3713.0 3392.0 20.0 10.0
3214.0 2547.0 20.0 10.0
2859.0 3449.0 20.0 10.0
887.0 4037.0 20.0 10.0
873.0 4045.0 20.0 10.0
850.0 4056.0 20.0 10.0
4335.0 358.0 20.0 10.0
4332.0 384.0 20.0 10.0
4316.0 406.0 20.0 10.0
2420.0 1996.0 20.0 10.0
221.0 445.0 20.0 10.0
246.0 434.0 20.0 10.0
264.0 434.0 20.0 10.0
291.0 430.0 20.0 10.0
1417.0 1302.0 20.0 10.0
1428.0 1303.0 20.0 10.0
2251.0 1868.0 20.0 10.0
1423.0 1201.0 20.0 10.0
2414.0 1854.0 20.0 10.0
2427.0 1874.0 20.0 10.0
3054.0 2579.0 20.0 10.0
3057.0 2560.0 20.0 10.0
52.0 4242.0 20.0 10.0
296.0 4042.0 20.0 10.0
3243.0 1494.0 20.0 10.0
1129.0 4244.0 20.0 10.0
1108.0 4241.0 20.0 10.0
1078.0 4246.0 20.0 10.0
1441.0 1303.0 20.0 10.0
1461.0 1318.0 20.0 10.0
2791.0 2494.0 20.0 10.0
419.0 266.0 20.0 10.0
1031.0 4079.0 20.0 10.0
499.0 510.0 20.0 10.0
395.0 295.0 20.0 10.0
415.0 311.0 20.0 10.0
441.0 328.0 20.0 10.0
397.0 3733.0 20.0 10.0
3915.0 589.0 20.0 10.0
3924.0 592.0 20.0 10.0
3951.0 586.0 20.0 10.0
2692.0 3199.0 20.0 10.0
2719.0 3208.0 20.0 10.0
3079.0 2713.0 20.0 10.0
3073.0 2681.0 20.0 10.0
4446.0 473.0 20.0 10.0
4425.0 479.0 20.0 10.0
4409.0 482.0 20.0 10.0
392.0 354.0 20.0 10.0
395.0 362.0 20.0 10.0
640.0 644.0 20.0 10.0
2755.0 2110.0 20.0 10.0
3998.0 2805.0 20.0 10.0
3981.0 2805.0 20.0 10.0
4412.0 227.0 20.0 10.0
4393.0 241.0 20.0 10.0
2824.0 3510.0 20.0 10.0
2260.0 1970.0 20.0 10.0
125.0 4174.0 20.0 10.0
247.0 4107.0 20.0 10.0
2849.0 3615.0 20.0 10.0
395.0 3727.0 20.0 10.0
408.0 3752.0 20.0 10.0
4267.0 532.0 20.0 10.0
4242.0 540.0 20.0 10.0
4190.0 555.0 20.0 10.0
4146.0 592.0 20.0 10.0
2606.0 3449.0 20.0 10.0
2444.0 1900.0 20.0 10.0
2672.0 3166.0 20.0 10.0
2693.0 3164.0 20.0 10.0
2716.0 3166.0 20.0 10.0
2733.0 3185.0 20.0 10.0
188.0 267.0 20.0 10.0
2124.0 1828.0 20.0 10.0
2145.0 1831.0 20.0 10.0
2175.0 1846.0 20.0 10.0
2211.0 1858.0 20.0 10.0
2858.0 1994.0 20.0 10.0
2811.0 3523.0 20.0 10.0
3965.0 588.0 20.0 10.0
3946.0 608.0 20.0 10.0
3957.0 622.0 20.0 10.0
1306.0 1129.0 20.0 10.0
1314.0 1155.0 20.0 10.0
1246.0 1102.0 20.0 10.0
26.0 122.0 20.0 10.0
36.0 135.0 20.0 10.0
50.0 154.0 20.0 10.0
1096.0 4299.0 20.0 10.0
1099.0 4269.0 20.0 10.0
3172.0 2566.0 20.0 10.0
4289.0 428.0 20.0 10.0
2591.0 3487.0 20.0 10.0
412.0 3929.0 20.0 10.0
442.0 3933.0 20.0 10.0
3425.0 2627.0 20.0 10.0
3409.0 2632.0 20.0 10.0
387.0 3709.0 20.0 10.0
4220.0 324.0 20.0 10.0
2837.0 2462.0 20.0 10.0
2830.0 2480.0 20.0 10.0
3350.0 3058.0 20.0 10.0
434.0 644.0 20.0 10.0
2710.0 3156.0 20.0 10.0
4051.0 672.0 20.0 10.0
304.0 384.0 20.0 10.0
2850.0 2552.0 20.0 10.0
3927.0 2777.0 20.0 10.0
3912.0 2800.0 20.0 10.0
3887.0 2805.0 20.0 10.0
2857.0 2706.0 20.0 10.0
2867.0 2733.0 20.0 10.0
2874.0 2665.0 20.0 10.0
3904.0 540.0 20.0 10.0
3908.0 549.0 20.0 10.0
3914.0 560.0 20.0 10.0
3809.0 2795.0 20.0 10.0
3765.0 2789.0 20.0 10.0
3536.0 2671.0 20.0 10.0
498.0 433.0 20.0 10.0
506.0 452.0 20.0 10.0
3091.0 2619.0 20.0 10.0
3066.0 2589.0 20.0 10.0
3041.0 2538.0 20.0 10.0
421.0 630.0 20.0 10.0
1480.0 1201.0 20.0 10.0
1482.0 1210.0 20.0 10.0
1463.0 1229.0 20.0 10.0
2295.0 1890.0 20.0 10.0
3239.0 2607.0 20.0 10.0
2862.0 2801.0 20.0 10.0
4228.0 552.0 20.0 10.0
1971.0 1681.0 20.0 10.0
1991.0 1680.0 20.0 10.0
212.0 504.0 20.0 10.0
3069.0 2864.0 20.0 10.0
3072.0 2855.0 20.0 10.0
3077.0 2844.0 20.0 10.0
4102.0 581.0 20.0 10.0
4087.0 601.0 20.0 10.0
4404.0 465.0 20.0 10.0
4160.0 493.0 20.0 10.0
4179.0 510.0 20.0 10.0
4152.0 548.0 20.0 10.0
4126.0 587.0 20.0 10.0
4099.0 626.0 20.0 10.0
4292.0 414.0 20.0 10.0
3652.0 3359.0 20.0 10.0
4226.0 231.0 20.0 10.0
2849.0 3251.0 20.0 10.0
3611.0 3241.0 20.0 10.0
264.0 4078.0 20.0 10.0
285.0 4068.0 20.0 10.0
311.0 4068.0 20.0 10.0
125.0 4267.0 20.0 10.0
120.0 4237.0 20.0 10.0
294.0 451.0 20.0 10.0
318.0 437.0 20.0 10.0
3637.0 2855.0 20.0 10.0
1456.0 1262.0 20.0 10.0
1384.0 1208.0 20.0 10.0
504.0 4072.0 20.0 10.0
492.0 4063.0 20.0 10.0
654.0 3905.0 20.0 10.0
660.0 3932.0 20.0 10.0
482.0 394.0 20.0 10.0
489.0 410.0 20.0 10.0
237.0 431.0 20.0 10.0
2829.0 3484.0 20.0 10.0
3398.0 3020.0 20.0 10.0
3397.0 2999.0 20.0 10.0
3392.0 2967.0 20.0 10.0
3374.0 2933.0 20.0 10.0
2743.0 2503.0 20.0 10.0
3985.0 2956.0 20.0 10.0
3565.0 2731.0 20.0 10.0
286.0 449.0 20.0 10.0
556.0 548.0 20.0 10.0
1545.0 1320.0 20.0 10.0
3930.0 2931.0 20.0 10.0
3919.0 2922.0 20.0 10.0
4550.0 388.0 20.0 10.0
1075.0 4277.0 20.0 10.0
3661.0 3335.0 20.0 10.0
3637.0 3318.0 20.0 10.0
2640.0 2126.0 20.0 10.0
4258.0 162.0 20.0 10.0
4252.0 173.0 20.0 10.0
4247.0 185.0 20.0 10.0
346.0 4034.0 20.0 10.0
3160.0 2687.0 20.0 10.0
3139.0 2665.0 20.0 10.0
3118.0 2639.0 20.0 10.0
4528.0 406.0 20.0 10.0
2922.0 1825.0 20.0 10.0
2944.0 1838.0 20.0 10.0
3654.0 2775.0 20.0 10.0
3643.0 2771.0 20.0 10.0
2408.0 1843.0 20.0 10.0
432.0 306.0 20.0 10.0
2826.0 3462.0 20.0 10.0
2833.0 3447.0 20.0 10.0
4125.0 557.0 20.0 10.0
3403.0 2629.0 20.0 10.0
2108.0 1806.0 20.0 10.0
4293.0 328.0 20.0 10.0
3262.0 2623.0 20.0 10.0
3346.0 2661.0 20.0 10.0
3322.0 2645.0 20.0 10.0
275.0 434.0 20.0 10.0
386.0 436.0 20.0 10.0
3228.0 2539.0 20.0 10.0
1029.0 967.0 20.0 10.0
1019.0 943.0 20.0 10.0
2728.0 2499.0 20.0 10.0
235.0 511.0 20.0 10.0
4374.0 494.0 20.0 10.0
182.0 442.0 20.0 10.0
856.0 793.0 20.0 10.0
793.0 744.0 20.0 10.0
274.0 487.0 20.0 10.0
288.0 479.0 20.0 10.0
1944.0 1605.0 20.0 10.0
1967.0 1627.0 20.0 10.0
474.0 4045.0 20.0 10.0
465.0 4018.0 20.0 10.0
463.0 3987.0 20.0 10.0
505.0 3998.0 20.0 10.0
545.0 4009.0 20.0 10.0
83.0 4186.0 20.0 10.0
109.0 4184.0 20.0 10.0
1807.0 1516.0 20.0 10.0
3572.0 2722.0 20.0 10.0
2579.0 3508.0 20.0 10.0
2594.0 3491.0 20.0 10.0
4226.0 545.0 20.0 10.0
4533.0 432.0 20.0 10.0
3307.0 2900.0 20.0 10.0
3295.0 2865.0 20.0 10.0
3282.0 2824.0 20.0 10.0
4169.0 490.0 20.0 10.0
3453.0 3037.0 20.0 10.0
2774.0 3131.0 20.0 10.0
3977.0 2803.0 20.0 10.0
600.0 569.0 20.0 10.0
613.0 597.0 20.0 10.0
1051.0 4230.0 20.0 10.0
3378.0 1337.0 20.0 10.0
4424.0 218.0 20.0 10.0
3173.0 2579.0 20.0 10.0
3285.0 1437.0 20.0 10.0
3335.0 3019.0 20.0 10.0
3585.0 2674.0 20.0 10.0
2284.0 2003.0 20.0 10.0
2297.0 1997.0 20.0 10.0
2827.0 3444.0 20.0 10.0
4204.0 500.0 20.0 10.0
2698.0 3290.0 20.0 10.0
2713.0 3264.0 20.0 10.0
416.0 473.0 20.0 10.0
442.0 473.0 20.0 10.0
2273.0 2002.0 20.0 10.0
3767.0 940.0 20.0 10.0
438.0 3816.0 20.0 10.0
454.0 3854.0 20.0 10.0
2107.0 1797.0 20.0 10.0
2131.0 1804.0 20.0 10.0
3831.0 848.0 20.0 10.0
2770.0 2487.0 20.0 10.0
2777.0 2492.0 20.0 10.0
419.0 3793.0 20.0 10.0
201.0 334.0 20.0 10.0
3439.0 3092.0 20.0 10.0
2850.0 2854.0 20.0 10.0
4226.0 286.0 20.0 10.0
4215.0 304.0 20.0 10.0
4204.0 341.0 20.0 10.0
181.0 4248.0 20.0 10.0
465.0 684.0 20.0 10.0
2183.0 1810.0 20.0 10.0
3118.0 2712.0 20.0 10.0
3219.0 2706.0 20.0 10.0
3169.0 2630.0 20.0 10.0
3803.0 2861.0 20.0 10.0
3759.0 2835.0 20.0 10.0
3714.0 2807.0 20.0 10.0
3664.0 2777.0 20.0 10.0
3597.0 2752.0 20.0 10.0
3601.0 2838.0 20.0 10.0
3619.0 2821.0 20.0 10.0
3610.0 2808.0 20.0 10.0
3600.0 2794.0 20.0 10.0
3577.0 2776.0 20.0 10.0
2565.0 3521.0 20.0 10.0
1465.0 1245.0 20.0 10.0
4056.0 3009.0 20.0 10.0
4035.0 2989.0 20.0 10.0
3920.0 2811.0 20.0 10.0
3884.0 2817.0 20.0 10.0
3422.0 3058.0 20.0 10.0
2765.0 3315.0 20.0 10.0
2761.0 3296.0 20.0 10.0
2762.0 3286.0 20.0 10.0
2762.0 3274.0 20.0 10.0
2763.0 3262.0 20.0 10.0
2762.0 3248.0 20.0 10.0
3427.0 3066.0 20.0 10.0
3419.0 3033.0 20.0 10.0
1126.0 4302.0 20.0 10.0
549.0 657.0 20.0 10.0
161.0 266.0 20.0 10.0
198.0 295.0 20.0 10.0
3133.0 2745.0 20.0 10.0
413.0 3760.0 20.0 10.0
91.0 148.0 20.0 10.0
3031.0 2499.0 20.0 10.0
3944.0 2947.0 20.0 10.0
196.0 4275.0 20.0 10.0
3343.0 3033.0 20.0 10.0
1502.0 1237.0 20.0 10.0
3140.0 2651.0 20.0 10.0
2863.0 3482.0 20.0 10.0
2841.0 3462.0 20.0 10.0
2836.0 3565.0 20.0 10.0
3928.0 601.0 20.0 10.0
866.0 821.0 20.0 10.0
894.0 823.0 20.0 10.0
4441.0 449.0 20.0 10.0
424.0 3782.0 20.0 10.0
4363.0 497.0 20.0 10.0
701.0 4062.0 20.0 10.0
994.0 4214.0 20.0 10.0
2784.0 2449.0 20.0 10.0
2795.0 2467.0 20.0 10.0
578.0 652.0 20.0 10.0
608.0 648.0 20.0 10.0
3413.0 2979.0 20.0 10.0
3383.0 2949.0 20.0 10.0
2751.0 2492.0 20.0 10.0
2762.0 2493.0 20.0 10.0
2782.0 3230.0 20.0 10.0
2760.0 3234.0 20.0 10.0
2756.0 3220.0 20.0 10.0
410.0 389.0 20.0 10.0
414.0 400.0 20.0 10.0
412.0 418.0 20.0 10.0
2014.0 1688.0 20.0 10.0
2040.0 1705.0 20.0 10.0
25.0 143.0 20.0 10.0
40.0 164.0 20.0 10.0
2833.0 2297.0 20.0 10.0
4002.0 694.0 20.0 10.0
4027.0 682.0 20.0 10.0
4040.0 655.0 20.0 10.0
3245.0 2732.0 20.0 10.0
4417.0 441.0 20.0 10.0
1597.0 1384.0 20.0 10.0
2802.0 2478.0 20.0 10.0
323.0 332.0 20.0 10.0
2100.0 1824.0 20.0 10.0
4397.0 228.0 20.0 10.0
4378.0 244.0 20.0 10.0
4373.0 254.0 20.0 10.0
4362.0 267.0 20.0 10.0
4351.0 281.0 20.0 10.0
4338.0 297.0 20.0 10.0
4324.0 313.0 20.0 10.0
423.0 3975.0 20.0 10.0
1407.0 1301.0 20.0 10.0
2813.0 3083.0 20.0 10.0
2815.0 3497.0 20.0 10.0
3898.0 828.0 20.0 10.0
3907.0 806.0 20.0 10.0
3860.0 850.0 20.0 10.0
2622.0 3424.0 20.0 10.0
2639.0 3411.0 20.0 10.0
2651.0 3387.0 20.0 10.0
2664.0 3364.0 20.0 10.0
1485.0 1258.0 20.0 10.0
132.0 4202.0 20.0 10.0
254.0 280.0 20.0 10.0
255.0 309.0 20.0 10.0
238.0 331.0 20.0 10.0
255.0 346.0 20.0 10.0
2810.0 3484.0 20.0 10.0
2036.0 1662.0 20.0 10.0
220.0 308.0 20.0 10.0
2841.0 3589.0 20.0 10.0
2867.0 3233.0 20.0 10.0
2804.0 2292.0 20.0 10.0
2797.0 2039.0 20.0 10.0
2736.0 3140.0 20.0 10.0
2748.0 3153.0 20.0 10.0
1274.0 1138.0 20.0 10.0
1286.0 1149.0 20.0 10.0
1051.0 4205.0 20.0 10.0
1023.0 4207.0 20.0 10.0
993.0 4183.0 20.0 10.0
962.0 4163.0 20.0 10.0
931.0 4139.0 20.0 10.0
2748.0 3184.0 20.0 10.0
2745.0 3161.0 20.0 10.0
710.0 3995.0 20.0 10.0
3966.0 2945.0 20.0 10.0
3954.0 2939.0 20.0 10.0
109.0 4215.0 20.0 10.0
1510.0 1260.0 20.0 10.0
1523.0 1285.0 20.0 10.0
439.0 446.0 20.0 10.0
3594.0 1086.0 20.0 10.0
3586.0 1096.0 20.0 10.0
3595.0 1142.0 20.0 10.0
3601.0 1116.0 20.0 10.0
59.0 208.0 20.0 10.0
186.0 4219.0 20.0 10.0
173.0 4185.0 20.0 10.0
206.0 4155.0 20.0 10.0
239.0 4126.0 20.0 10.0
275.0 4098.0 20.0 10.0
2847.0 3659.0 20.0 10.0
2846.0 3644.0 20.0 10.0
4271.0 457.0 20.0 10.0
4263.0 463.0 20.0 10.0
4253.0 471.0 20.0 10.0
4242.0 481.0 20.0 10.0
4222.0 488.0 20.0 10.0
4193.0 484.0 20.0 10.0
1798.0 1528.0 20.0 10.0
4072.0 3025.0 20.0 10.0
3385.0 2660.0 20.0 10.0
934.0 876.0 20.0 10.0
4271.0 48.0 20.0 10.0
4269.0 61.0 20.0 10.0
413.0 651.0 20.0 10.0
434.0 662.0 20.0 10.0
449.0 662.0 20.0 10.0
469.0 644.0 20.0 10.0
2153.0 1824.0 20.0 10.0
3710.0 3386.0 20.0 10.0
4403.0 482.0 20.0 10.0
4383.0 489.0 20.0 10.0
4339.0 506.0 20.0 10.0
4286.0 343.0 20.0 10.0
4285.0 353.0 20.0 10.0
912.0 849.0 20.0 10.0
3873.0 2787.0 20.0 10.0
404.0 258.0 20.0 10.0
416.0 283.0 20.0 10.0
255.0 498.0 20.0 10.0
269.0 4047.0 20.0 10.0
2839.0 3061.0 20.0 10.0
2439.0 2018.0 20.0 10.0
2468.0 2029.0 20.0 10.0
2501.0 2039.0 20.0 10.0
2833.0 2504.0 20.0 10.0
2837.0 2530.0 20.0 10.0
3806.0 2680.0 20.0 10.0
382.0 4003.0 20.0 10.0
316.0 310.0 20.0 10.0
2819.0 3459.0 20.0 10.0
2833.0 3419.0 20.0 10.0
2836.0 3365.0 20.0 10.0
3963.0 2816.0 20.0 10.0
3937.0 2822.0 20.0 10.0
3914.0 2819.0 20.0 10.0
3631.0 3270.0 20.0 10.0
3604.0 3265.0 20.0 10.0
3588.0 3235.0 20.0 10.0
3574.0 3203.0 20.0 10.0
3557.0 3170.0 20.0 10.0
604.0 3899.0 20.0 10.0
3099.0 2671.0 20.0 10.0
3093.0 2657.0 20.0 10.0
3796.0 2814.0 20.0 10.0
3787.0 2808.0 20.0 10.0
4193.0 420.0 20.0 10.0
4189.0 464.0 20.0 10.0
4190.0 510.0 20.0 10.0
1047.0 4076.0 20.0 10.0
1971.0 1688.0 20.0 10.0
3151.0 2790.0 20.0 10.0
3145.0 2774.0 20.0 10.0
676.0 3967.0 20.0 10.0
638.0 3945.0 20.0 10.0
598.0 3925.0 20.0 10.0
647.0 583.0 20.0 10.0
2824.0 2511.0 20.0 10.0
4268.0 25.0 20.0 10.0
2843.0 3622.0 20.0 10.0
2839.0 3595.0 20.0 10.0
3958.0 635.0 20.0 10.0
1677.0 1426.0 20.0 10.0
4287.0 382.0 20.0 10.0
4282.0 400.0 20.0 10.0
3316.0 2845.0 20.0 10.0
3267.0 2780.0 20.0 10.0
2724.0 2036.0 20.0 10.0
3970.0 2990.0 20.0 10.0
3938.0 2809.0 20.0 10.0
2786.0 2826.0 20.0 10.0
398.0 465.0 20.0 10.0
4262.0 153.0 20.0 10.0
587.0 4054.0 20.0 10.0
4077.0 714.0 20.0 10.0
2783.0 3143.0 20.0 10.0
2794.0 3110.0 20.0 10.0
3039.0 1712.0 20.0 10.0
3035.0 1743.0 20.0 10.0
429.0 419.0 20.0 10.0
3413.0 2625.0 20.0 10.0
2258.0 1950.0 20.0 10.0
1490.0 1333.0 20.0 10.0
66.0 4202.0 20.0 10.0
96.0 4198.0 20.0 10.0
3551.0 3156.0 20.0 10.0
3574.0 2673.0 20.0 10.0
3561.0 2677.0 20.0 10.0
3328.0 2954.0 20.0 10.0
2832.0 2759.0 20.0 10.0
2839.0 2764.0 20.0 10.0
3638.0 2769.0 20.0 10.0
3622.0 2753.0 20.0 10.0
3957.0 2831.0 20.0 10.0
2222.0 1810.0 20.0 10.0
557.0 3909.0 20.0 10.0
513.0 3898.0 20.0 10.0
2102.0 1814.0 20.0 10.0
3699.0 3368.0 20.0 10.0
3685.0 3348.0 20.0 10.0
3868.0 2812.0 20.0 10.0
3813.0 895.0 20.0 10.0
851.0 4028.0 20.0 10.0
2227.0 1839.0 20.0 10.0
3677.0 2687.0 20.0 10.0
1011.0 4083.0 20.0 10.0
989.0 4088.0 20.0 10.0
963.0 4094.0 20.0 10.0
934.0 4104.0 20.0 10.0
186.0 328.0 20.0 10.0
210.0 324.0 20.0 10.0
223.0 327.0 20.0 10.0
3968.0 651.0 20.0 10.0
3981.0 626.0 20.0 10.0
4006.0 629.0 20.0 10.0
4021.0 641.0 20.0 10.0
4289.0 339.0 20.0 10.0
2861.0 1900.0 20.0 10.0
2882.0 1908.0 20.0 10.0
3085.0 2564.0 20.0 10.0
4306.0 412.0 20.0 10.0
3354.0 3018.0 20.0 10.0
3345.0 2997.0 20.0 10.0
425.0 4039.0 20.0 10.0
452.0 4044.0 20.0 10.0
665.0 614.0 20.0 10.0
600.0 3875.0 20.0 10.0
3873.0 2814.0 20.0 10.0
3848.0 2801.0 20.0 10.0
2463.0 1928.0 20.0 10.0
2487.0 1959.0 20.0 10.0
2513.0 1990.0 20.0 10.0
2542.0 2022.0 20.0 10.0
2572.0 2057.0 20.0 10.0
2604.0 2092.0 20.0 10.0
3340.0 2901.0 20.0 10.0
3312.0 2891.0 20.0 10.0
1024.0 4177.0 20.0 10.0
3567.0 2799.0 20.0 10.0
3370.0 2635.0 20.0 10.0
3342.0 2637.0 20.0 10.0
3150.0 2566.0 20.0 10.0
2848.0 2932.0 20.0 10.0
4132.0 622.0 20.0 10.0
4123.0 626.0 20.0 10.0
2548.0 2040.0 20.0 10.0
1473.0 1335.0 20.0 10.0
1479.0 1307.0 20.0 10.0
1503.0 1315.0 20.0 10.0
901.0 4112.0 20.0 10.0
862.0 4092.0 20.0 10.0
824.0 4069.0 20.0 10.0
783.0 4047.0 20.0 10.0
742.0 4025.0 20.0 10.0
970.0 860.0 20.0 10.0
959.0 885.0 20.0 10.0
4315.0 515.0 20.0 10.0
3317.0 1413.0 20.0 10.0
57.0 181.0 20.0 10.0
2690.0 3262.0 20.0 10.0
2711.0 3249.0 20.0 10.0
2731.0 3235.0 20.0 10.0
2743.0 3203.0 20.0 10.0
2767.0 3173.0 20.0 10.0
3404.0 2656.0 20.0 10.0
3380.0 2637.0 20.0 10.0
2808.0 3538.0 20.0 10.0
2885.0 3249.0 20.0 10.0
402.0 3881.0 20.0 10.0
2809.0 2505.0 20.0 10.0
590.0 578.0 20.0 10.0
2797.0 3611.0 20.0 10.0
2802.0 3587.0 20.0 10.0
2941.0 2401.0 20.0 10.0
2912.0 2408.0 20.0 10.0
2204.0 1820.0 20.0 10.0
3074.0 2668.0 20.0 10.0
3065.0 2648.0 20.0 10.0
3059.0 2617.0 20.0 10.0
3934.0 2936.0 20.0 10.0
2829.0 2976.0 20.0 10.0
2843.0 2997.0 20.0 10.0
2537.0 2056.0 20.0 10.0
104.0 4259.0 20.0 10.0
201.0 285.0 20.0 10.0
215.0 303.0 20.0 10.0
4231.0 252.0 20.0 10.0
4226.0 267.0 20.0 10.0
3971.0 2951.0 20.0 10.0
3538.0 3137.0 20.0 10.0
3641.0 2849.0 20.0 10.0
4093.0 3025.0 20.0 10.0
4208.0 555.0 20.0 10.0
481.0 688.0 20.0 10.0
495.0 673.0 20.0 10.0
4583.0 427.0 20.0 10.0
4559.0 434.0 20.0 10.0
4535.0 441.0 20.0 10.0
1959.0 1645.0 20.0 10.0
1988.0 1658.0 20.0 10.0
1909.0 1598.0 20.0 10.0
3025.0 2514.0 20.0 10.0
1830.0 1540.0 20.0 10.0
1753.0 1483.0 20.0 10.0
2845.0 2449.0 20.0 10.0
732.0 695.0 20.0 10.0
946.0 851.0 20.0 10.0
4225.0 276.0 20.0 10.0
584.0 4023.0 20.0 10.0
623.0 4030.0 20.0 10.0
4214.0 402.0 20.0 10.0
202.0 439.0 20.0 10.0
3410.0 3026.0 20.0 10.0
2690.0 3239.0 20.0 10.0
2709.0 3229.0 20.0 10.0
105.0 4286.0 20.0 10.0
2394.0 1978.0 20.0 10.0
2437.0 1987.0 20.0 10.0
2340.0 1918.0 20.0 10.0
2250.0 1851.0 20.0 10.0
2161.0 1785.0 20.0 10.0
280.0 328.0 20.0 10.0
290.0 346.0 20.0 10.0
305.0 353.0 20.0 10.0
322.0 367.0 20.0 10.0
335.0 396.0 20.0 10.0
400.0 3909.0 20.0 10.0
114.0 221.0 20.0 10.0
4310.0 330.0 20.0 10.0
4295.0 352.0 20.0 10.0
4271.0 373.0 20.0 10.0
4249.0 402.0 20.0 10.0
555.0 666.0 20.0 10.0
410.0 613.0 20.0 10.0
3660.0 3313.0 20.0 10.0
3649.0 3295.0 20.0 10.0
3621.0 3292.0 20.0 10.0
4263.0 77.0 20.0 10.0
3638.0 2669.0 20.0 10.0
2851.0 2782.0 20.0 10.0
129.0 241.0 20.0 10.0
3672.0 3406.0 20.0 10.0
462.0 3867.0 20.0 10.0
4056.0 2960.0 20.0 10.0
3089.0 1653.0 20.0 10.0
3081.0 1685.0 20.0 10.0
935.0 911.0 20.0 10.0
945.0 907.0 20.0 10.0
71.0 4231.0 20.0 10.0
98.0 4217.0 20.0 10.0
3553.0 2753.0 20.0 10.0
3528.0 2726.0 20.0 10.0
452.0 692.0 20.0 10.0
2847.0 3152.0 20.0 10.0
2866.0 3135.0 20.0 10.0
3941.0 783.0 20.0 10.0
3955.0 762.0 20.0 10.0
2872.0 3217.0 20.0 10.0
2866.0 3204.0 20.0 10.0
236.0 290.0 20.0 10.0
3655.0 2666.0 20.0 10.0
3627.0 2671.0 20.0 10.0
3596.0 2671.0 20.0 10.0
1918.0 1631.0 20.0 10.0
1949.0 1640.0 20.0 10.0
2834.0 3534.0 20.0 10.0
3895.0 521.0 20.0 10.0
1140.0 1030.0 20.0 10.0
3463.0 3026.0 20.0 10.0
3432.0 2982.0 20.0 10.0
3397.0 2936.0 20.0 10.0
370.0 640.0 20.0 10.0
393.0 635.0 20.0 10.0
2775.0 2029.0 20.0 10.0
35.0 4251.0 20.0 10.0
2126.0 1812.0 20.0 10.0
2618.0 3453.0 20.0 10.0
168.0 444.0 20.0 10.0
2609.0 3472.0 20.0 10.0
3266.0 2754.0 20.0 10.0
2628.0 3433.0 20.0 10.0
2659.0 3166.0 20.0 10.0
3957.0 2967.0 20.0 10.0
3231.0 1490.0 20.0 10.0
3223.0 1517.0 20.0 10.0
3175.0 1573.0 20.0 10.0
3127.0 1628.0 20.0 10.0
729.0 4032.0 20.0 10.0
714.0 3969.0 20.0 10.0
2882.0 1887.0 20.0 10.0
2893.0 1903.0 20.0 10.0
2051.0 1691.0 20.0 10.0
2073.0 1721.0 20.0 10.0
1887.0 1604.0 20.0 10.0
1896.0 1608.0 20.0 10.0
1919.0 1621.0 20.0 10.0
3465.0 2635.0 20.0 10.0
3457.0 2664.0 20.0 10.0
3780.0 2687.0 20.0 10.0
3755.0 2694.0 20.0 10.0
3734.0 2674.0 20.0 10.0
407.0 618.0 20.0 10.0
735.0 3992.0 20.0 10.0
3854.0 876.0 20.0 10.0
2750.0 2030.0 20.0 10.0
2940.0 1819.0 20.0 10.0
2236.0 1983.0 20.0 10.0
2261.0 1993.0 20.0 10.0
2286.0 1981.0 20.0 10.0
2320.0 1983.0 20.0 10.0
4249.0 131.0 20.0 10.0
1047.0 945.0 20.0 10.0
3335.0 3008.0 20.0 10.0
1430.0 1207.0 20.0 10.0
3682.0 2658.0 20.0 10.0
3672.0 2704.0 20.0 10.0
3652.0 2688.0 20.0 10.0
4074.0 705.0 20.0 10.0
4070.0 695.0 20.0 10.0
4067.0 684.0 20.0 10.0
1438.0 1215.0 20.0 10.0
490.0 627.0 20.0 10.0
3952.0 2800.0 20.0 10.0
3269.0 1465.0 20.0 10.0
2790.0 3191.0 20.0 10.0
3333.0 3000.0 20.0 10.0
