1000
91.0 83.0 20.0 10.0
89.0 98.0 20.0 10.0
88.0 103.0 20.0 10.0
97.0 102.0 20.0 10.0
87.0 108.0 20.0 10.0
87.0 85.0 20.0 10.0
86.0 100.0 20.0 10.0
89.0 99.0 20.0 10.0
98.0 97.0 20.0 10.0
92.0 96.0 20.0 10.0
89.0 97.0 20.0 10.0
87.0 91.0 20.0 10.0
90.0 114.0 20.0 10.0
83.0 83.0 20.0 10.0
77.0 90.0 20.0 10.0
99.0 82.0 20.0 10.0
70.0 101.0 20.0 10.0
93.0 105.0 20.0 10.0
80.0 90.0 20.0 10.0
92.0 100.0 20.0 10.0
79.0 83.0 20.0 10.0
94.0 103.0 20.0 10.0
89.0 105.0 20.0 10.0
104.0 90.0 20.0 10.0
77.0 82.0 20.0 10.0
88.0 99.0 20.0 10.0
113.0 96.0 20.0 10.0
82.0 106.0 20.0 10.0
104.0 96.0 20.0 10.0
92.0 80.0 20.0 10.0
84.0 108.0 20.0 10.0
92.0 118.0 20.0 10.0
114.0 106.0 20.0 10.0
92.0 90.0 20.0 10.0
75.0 85.0 20.0 10.0
98.0 95.0 20.0 10.0
82.0 80.0 20.0 10.0
73.0 97.0 20.0 10.0
84.0 93.0 20.0 10.0
90.0 87.0 20.0 10.0
80.0 87.0 20.0 10.0
89.0 90.0 20.0 10.0
90.0 94.0 20.0 10.0
98.0 74.0 20.0 10.0
87.0 73.0 20.0 10.0
109.0 90.0 20.0 10.0
72.0 79.0 20.0 10.0
88.0 115.0 20.0 10.0
73.0 71.0 20.0 10.0
74.0 96.0 20.0 10.0
92.0 102.0 20.0 10.0
99.0 88.0 20.0 10.0
81.0 104.0 20.0 10.0
99.0 92.0 20.0 10.0
97.0 92.0 20.0 10.0
111.0 99.0 20.0 10.0
96.0 78.0 20.0 10.0
83.0 117.0 20.0 10.0
103.0 109.0 20.0 10.0
95.0 96.0 20.0 10.0
98.0 118.0 20.0 10.0
112.0 111.0 20.0 10.0
84.0 103.0 20.0 10.0
77.0 77.0 20.0 10.0
81.0 106.0 20.0 10.0
97.0 91.0 20.0 10.0
88.0 108.0 20.0 10.0
88.0 84.0 20.0 10.0
107.0 104.0 20.0 10.0
122.0 99.0 20.0 10.0
79.0 96.0 20.0 10.0
108.0 92.0 20.0 10.0
122.0 102.0 20.0 10.0
74.0 100.0 20.0 10.0
65.0 78.0 20.0 10.0
79.0 115.0 20.0 10.0
78.0 104.0 20.0 10.0
81.0 119.0 20.0 10.0
93.0 123.0 20.0 10.0
110.0 85.0 20.0 10.0
81.0 83.0 20.0 10.0
68.0 94.0 20.0 10.0
94.0 78.0 20.0 10.0
86.0 91.0 20.0 10.0
111.0 120.0 20.0 10.0
88.0 70.0 20.0 10.0
98.0 126.0 20.0 10.0
95.0 120.0 20.0 10.0
104.0 92.0 20.0 10.0
87.0 113.0 20.0 10.0
84.0 113.0 20.0 10.0
106.0 96.0 20.0 10.0
96.0 84.0 20.0 10.0
80.0 94.0 20.0 10.0
124.0 82.0 20.0 10.0
115.0 105.0 20.0 10.0
103.0 122.0 20.0 10.0
75.0 90.0 20.0 10.0
107.0 79.0 20.0 10.0
112.0 70.0 20.0 10.0
95.0 66.0 20.0 10.0
81.0 96.0 20.0 10.0
96.0 70.0 20.0 10.0
77.0 113.0 20.0 10.0
91.0 108.0 20.0 10.0
72.0 110.0 20.0 10.0
66.0 119.0 20.0 10.0
99.0999984741211 92.0 20.0 10.0
70.0 86.0 20.0 10.0
94.0 71.0 20.0 10.0
98.0 122.0 20.0 10.0
99.0 119.0 20.0 10.0
114.0 91.0 20.0 10.0
89.0 117.0 20.0 10.0
84.0 122.0 20.0 10.0
114.0 84.0 20.0 10.0
84.0 124.0 20.0 10.0
83.0 120.0 20.0 10.0
68.0 98.0 20.0 10.0
81.0 60.0 20.0 10.0
71.0 87.0 20.0 10.0
102.0 60.0 20.0 10.0
125.0 101.0 20.0 10.0
78.0 93.0 20.0 10.0
109.0 100.0 20.0 10.0
94.0 87.0 20.0 10.0
109.0 83.0 20.0 10.0
88.0 120.0 20.0 10.0
99.0 103.0 20.0 10.0
111.0 66.0 20.0 10.0
118.0 97.0 20.0 10.0
86.0 61.0 20.0 10.0
96.0 73.0 20.0 10.0
81.0 102.0 20.0 10.0
96.0 95.0 20.0 10.0
99.0 106.0 20.0 10.0
45.0 102.0 20.0 10.0
86.0 55.0 20.0 10.0
107.0 77.0 20.0 10.0
83.0 74.0 20.0 10.0
65.0 87.0 20.0 10.0
114.0 118.0 20.0 10.0
100.0 60.0 20.0 10.0
92.0 60.0 20.0 10.0
72.0 99.0 20.0 10.0
62.0 109.0 20.0 10.0
94.0 76.0 20.0 10.0
88.0 111.0 20.0 10.0
61.0 107.0 20.0 10.0
112.0 58.0 20.0 10.0
89.0 79.0 20.0 10.0
93.0 108.0 20.0 10.0
102.0 86.0 20.0 10.0
86.0 77.0 20.0 10.0
99.0 95.0 20.0 10.0
68.0 71.0 20.0 10.0
59.0 99.0 20.0 10.0
69.0 73.0 20.0 10.0
115.0 74.0 20.0 10.0
81.0 93.0 20.0 10.0
96.0 100.0 20.0 10.0
112.0 75.0 20.0 10.0
66.0 113.0 20.0 10.0
72.0 103.0 20.0 10.0
73.0 85.0 20.0 10.0
108.0 114.0 20.0 10.0
89.0 83.0 20.0 10.0
108.0 97.0 20.0 10.0
94.0 91.0 20.0 10.0
90.0 110.0 20.0 10.0
98.0 81.0 20.0 10.0
85.0 81.0 20.0 10.0
95.0 126.0 20.0 10.0
82.0 89.0 20.0 10.0
118.0 100.0 20.0 10.0
111.0 113.0 20.0 10.0
108.0 72.0 20.0 10.0
72.0 109.0 20.0 10.0
79.0 72.0 20.0 10.0
102.0 76.0 20.0 10.0
81.0 121.0 20.0 10.0
59.0 91.0 20.0 10.0
95.0 67.0 20.0 10.0
56.0 99.0 20.0 10.0
78.0999984741211 93.0 20.0 10.0
114.0 57.0 20.0 10.0
100.0 57.0 20.0 10.0
61.0 65.0 20.0 10.0
79.0 111.0 20.0 10.0
78.0 61.0 20.0 10.0
102.0 67.0 20.0 10.0
64.0 94.0 20.0 10.0
103.0 104.0 20.0 10.0
71.0 105.0 20.0 10.0
53.0 90.0 20.0 10.0
96.0 62.0 20.0 10.0
70.0 113.0 20.0 10.0
69.0 96.0 20.0 10.0
96.0 114.0 20.0 10.0
115.0 79.0 20.0 10.0
71.0 66.0 20.0 10.0
121.0 98.0 20.0 10.0
54.0 71.0 20.0 10.0
53.0 61.0 20.0 10.0
74.0 88.0 20.0 10.0
112.0 123.0 20.0 10.0
59.0 94.0 20.0 10.0
68.0 129.0 20.0 10.0
90.0 73.0 20.0 10.0
133.0 82.0 20.0 10.0
116.0 92.0 20.0 10.0
93.0 52.0 20.0 10.0
111.0 73.0 20.0 10.0
72.0 65.0 20.0 10.0
97.0 76.0 20.0 10.0
63.0 118.0 20.0 10.0
96.0 56.0 20.0 10.0
96.0 87.0 20.0 10.0
74.0 115.0 20.0 10.0
71.0 132.0 20.0 10.0
63.0 88.0 20.0 10.0
86.0 115.0 20.0 10.0
116.0 80.0 20.0 10.0
91.0 56.0 20.0 10.0
86.0 111.0 20.0 10.0
123.0 108.0 20.0 10.0
73.0 105.0 20.0 10.0
107.0 86.0 20.0 10.0
111.0 86.0 20.0 10.0
66.0 108.0 20.0 10.0
66.0 111.0 20.0 10.0
89.0 59.0 20.0 10.0
79.0 75.0 20.0 10.0
113.0 107.0 20.0 10.0
93.0 115.0 20.0 10.0
121.0 122.0 20.0 10.0
46.0 70.0 20.0 10.0
77.0 76.0 20.0 10.0
85.0 80.0 20.0 10.0
113.0 78.0 20.0 10.0
72.0 70.0 20.0 10.0
111.0 108.0 20.0 10.0
52.0 117.0 20.0 10.0
102.0 129.0 20.0 10.0
119.0 72.0 20.0 10.0
94.0 84.0 20.0 10.0
66.0 56.0 20.0 10.0
116.0 67.0 20.0 10.0
65.0 89.0 20.0 10.0
111.0 102.0 20.0 10.0
75.0 88.0 20.0 10.0
81.0 63.0 20.0 10.0
105.0 110.0 20.0 10.0
82.0 79.0 20.0 10.0
114.0 115.0 20.0 10.0
67.0 95.0 20.0 10.0
109.0 57.0 20.0 10.0
119.0 79.0 20.0 10.0
70.0 77.0 20.0 10.0
76.0 73.0 20.0 10.0
52.0 102.0 20.0 10.0
123.0 89.0 20.0 10.0
81.0 117.0 20.0 10.0
65.0 84.0 20.0 10.0
85.0 104.0 20.0 10.0
70.0 118.0 20.0 10.0
126.0 96.0 20.0 10.0
93.0 67.0 20.0 10.0
61.0 81.0 20.0 10.0
92.0 111.0 20.0 10.0
62.0 92.0 20.0 10.0
67.0 77.0 20.0 10.0
109.0 75.0 20.0 10.0
75.0 107.0 20.0 10.0
116.0 106.0 20.0 10.0
131.0 73.0 20.0 10.0
99.0 65.0 20.0 10.0
54.0 75.0 20.0 10.0
96.0 46.0 20.0 10.0
38.0 108.0 20.0 10.0
81.0 50.0 20.0 10.0
56.0 59.0 20.0 10.0
106.0 122.0 20.0 10.0
75.0 63.0 20.0 10.0
65.0 104.0 20.0 10.0
52.0 68.0 20.0 10.0
115.0 77.0 20.0 10.0
85.0 71.0 20.0 10.0
89.0 62.0 20.0 10.0
42.0 87.0 20.0 10.0
97.0 48.0 20.0 10.0
101.0 56.0 20.0 10.0
93.0 56.0 20.0 10.0
86.0 130.0 20.0 10.0
83.0 100.0 20.0 10.0
100.0 52.0 20.0 10.0
92.0 69.0 20.0 10.0
102.0 120.0 20.0 10.0
79.0 84.0 20.0 10.0
65.0 82.0 20.0 10.0
70.0 90.0 20.0 10.0
68.0 83.0 20.0 10.0
75.0 100.0 20.0 10.0
129.0 110.0 20.0 10.0
58.0 86.0 20.0 10.0
61.0 118.0 20.0 10.0
87.0 51.0 20.0 10.0
136.0 113.0 20.0 10.0
116.0 71.0 20.0 10.0
117.0 114.0 20.0 10.0
120.0 75.0 20.0 10.0
105.0 99.0 20.0 10.0
103.0 99.0 20.0 10.0
119.0 131.0 20.0 10.0
117.0 111.0 20.0 10.0
119.0 125.0 20.0 10.0
131.0 71.0 20.0 10.0
87.0 122.0 20.0 10.0
116.0 100.0 20.0 10.0
58.0 83.0 20.0 10.0
54.0 123.0 20.0 10.0
76.0 116.0 20.0 10.0
57.0 79.0 20.0 10.0
112.0 49.0 20.0 10.0
86.0 125.0 20.0 10.0
116.0 110.0 20.0 10.0
108.0 62.0 20.0 10.0
79.0 67.0 20.0 10.0
77.0 131.0 20.0 10.0
100.0 97.0 20.0 10.0
99.0 132.0 20.0 10.0
101.0 103.0 20.0 10.0
81.0 135.0 20.0 10.0
104.0 64.0 20.0 10.0
107.0 98.0 20.0 10.0
77.0 99.0 20.0 10.0
116.0 59.0 20.0 10.0
124.0 92.0 20.0 10.0
95.0 102.0 20.0 10.0
115.0 50.0 20.0 10.0
107.0 126.0 20.0 10.0
130.0 117.0 20.0 10.0
57.0 121.0 20.0 10.0
121.0 86.0 20.0 10.0
134.0 71.0 20.0 10.0
123.0 73.0 20.0 10.0
82.0 73.0 20.0 10.0
113.0 72.0 20.0 10.0
71.0 124.0 20.0 10.0
84.0 59.0 20.0 10.0
76.0 119.0 20.0 10.0
77.0 103.0 20.0 10.0
63.0 99.0 20.0 10.0
120.0 118.0 20.0 10.0
55.0 67.0 20.0 10.0
84.0 51.0 20.0 10.0
87.0 64.0 20.0 10.0
81.0 56.0 20.0 10.0
84.0 149.0 20.0 10.0
74.0 130.0 20.0 10.0
116.0 129.0 20.0 10.0
109.0 116.0 20.0 10.0
55.0 125.0 20.0 10.0
106.0 56.0 20.0 10.0
120.0 69.0 20.0 10.0
104.0 74.0 20.0 10.0
96.0 140.0 20.0 10.0
76.0 70.0 20.0 10.0
55.0 84.0 20.0 10.0
133.0 57.0 20.0 10.0
123.0 114.0 20.0 10.0
99.0 113.0 20.0 10.0
116.0 75.0 20.0 10.0
67.0 101.0 20.0 10.0
91.0 131.0 20.0 10.0
50.0 78.0 20.0 10.0
66.0 124.0 20.0 10.0
103.0 45.0 20.0 10.0
102.0 98.0 20.0 10.0
120.0 119.0 20.0 10.0
48.0 94.0 20.0 10.0
69.0 126.0 20.0 10.0
86.0 47.0 20.0 10.0
102.0 115.0 20.0 10.0
67.0 120.0 20.0 10.0
106.0 84.0 20.0 10.0
110.0 59.0 20.0 10.0
80.0 70.0 20.0 10.0
92.0 119.0 20.0 10.0
112.0 109.0 20.0 10.0
105.0 36.0 20.0 10.0
127.0 68.0 20.0 10.0
101.0 79.0 20.0 10.0
116.0 142.0 20.0 10.0
128.0 86.0 20.0 10.0
91.0 115.0 20.0 10.0
125.0 85.0 20.0 10.0
73.0 116.0 20.0 10.0
109.0 108.0 20.0 10.0
96.0 148.0 20.0 10.0
74.0 82.0 20.0 10.0
127.0 118.0 20.0 10.0
122.0 119.0 20.0 10.0
63.0 71.0 20.0 10.0
108.0 69.0 20.0 10.0
111.0 142.0 20.0 10.0
107.0 116.0 20.0 10.0
71.0 94.0 20.0 10.0
57.0 72.0 20.0 10.0
130.0 102.0 20.0 10.0
102.0 69.0 20.0 10.0
96.0 53.0 20.0 10.0
98.0 111.0 20.0 10.0
75.0 46.0 20.0 10.0
69.0 79.0 20.0 10.0
97.0 55.0 20.0 10.0
73.0 122.0 20.0 10.0
38.0 102.0 20.0 10.0
47.0 92.0 20.0 10.0
55.0 58.0 20.0 10.0
121.0 109.0 20.0 10.0
73.0 56.0 20.0 10.0
106.0 71.0 20.0 10.0
60.0 101.0 20.0 10.0
103.0 72.0 20.0 10.0
54.0 147.0 20.0 10.0
52.0 119.0 20.0 10.0
46.0 72.0 20.0 10.0
120.0 93.0 20.0 10.0
94.0 64.0 20.0 10.0
109.0 65.0 20.0 10.0
112.0 82.0 20.0 10.0
61.0 122.0 20.0 10.0
122.0 75.0 20.0 10.0
67.0 63.0 20.0 10.0
63.0 131.0 20.0 10.0
42.0 104.0 20.0 10.0
56.0 89.0 20.0 10.0
128.0 125.0 20.0 10.0
64.0 122.0 20.0 10.0
56.0 103.0 20.0 10.0
85.0 75.0 20.0 10.0
61.0 82.0 20.0 10.0
77.0 123.0 20.0 10.0
94.0 145.0 20.0 10.0
61.0 127.0 20.0 10.0
94.0 50.0 20.0 10.0
132.0 89.0 20.0 10.0
58.0 77.0 20.0 10.0
108.0 123.0 20.0 10.0
65.0 65.0 20.0 10.0
58.0 73.0 20.0 10.0
135.0 118.0 20.0 10.0
74.0 127.0 20.0 10.0
126.0 114.0 20.0 10.0
128.0 131.0 20.0 10.0
46.0 109.0 20.0 10.0
123.0 81.0 20.0 10.0
85.0 146.0 20.0 10.0
63.0 77.0 20.0 10.0
77.0 128.0 20.0 10.0
118.0 52.0 20.0 10.0
137.0 98.0 20.0 10.0
107.0 129.0 20.0 10.0
60.0 47.0 20.0 10.0
90.0 76.0 20.0 10.0
50.0 123.0 20.0 10.0
135.0 84.0 20.0 10.0
123.0 94.0 20.0 10.0
113.0 46.0 20.0 10.0
91.0 51.0 20.0 10.0
63.0 62.0 20.0 10.0
87.0 134.0 20.0 10.0
43.0 120.0 20.0 10.0
64.0 50.0 20.0 10.0
78.0 150.0 20.0 10.0
67.0 111.0 20.0 10.0
46.0 105.0 20.0 10.0
50.0 118.0 20.0 10.0
84.0 96.0 20.0 10.0
144.0 91.0 20.0 10.0
132.0 85.0 20.0 10.0
88.0 93.0 20.0 10.0
45.0 98.0 20.0 10.0
85.0 152.0 20.0 10.0
115.0 133.0 20.0 10.0
83.0 56.0 20.0 10.0
103.0 118.0 20.0 10.0
79.0 52.0 20.0 10.0
86.0 138.0 20.0 10.0
100.0 127.0 20.0 10.0
127.0 71.0 20.0 10.0
83.0 115.0 20.0 10.0
99.0 143.0 20.0 10.0
116.0 86.0 20.0 10.0
33.0 89.0 20.0 10.0
132.0 66.0 20.0 10.0
116.0 127.0 20.0 10.0
96.0 142.0 20.0 10.0
108.0 121.0 20.0 10.0
114.0 104.0 20.0 10.0
74.0 140.0 20.0 10.0
83.0 67.0 20.0 10.0
105.0 113.0 20.0 10.0
60.0 59.0 20.0 10.0
71.0 59.0 20.0 10.0
121.0 135.0 20.0 10.0
103.0 94.0 20.0 10.0
94.0 127.0 20.0 10.0
112.0 119.0 20.0 10.0
130.0 89.0 20.0 10.0
51.0 65.0 20.0 10.0
61.0 76.0 20.0 10.0
58.0 119.0 20.0 10.0
85.0 67.0 20.0 10.0
88.0 142.0 20.0 10.0
65.0 68.0 20.0 10.0
118.0 144.0 20.0 10.0
64.0 56.0 20.0 10.0
121.0 124.0 20.0 10.0
50.0 82.0 20.0 10.0
59.0 62.0 20.0 10.0
71.0 49.0 20.0 10.0
60.0 109.0 20.0 10.0
124.0 120.0 20.0 10.0
91.0 141.0 20.0 10.0
127.0 103.0 20.0 10.0
137.0 100.0 20.0 10.0
142.0 72.0 20.0 10.0
55.0 77.0 20.0 10.0
54.0 97.0 20.0 10.0
90.0 54.0 20.0 10.0
111.0 134.0 20.0 10.0
125.0 105.0 20.0 10.0
75.0 78.0 20.0 10.0
62.0 104.0 20.0 10.0
38.0 98.0 20.0 10.0
67.0 140.0 20.0 10.0
80.0 53.0 20.0 10.0
66.0 73.0 20.0 10.0
73.0 146.0 20.0 10.0
81.0 124.0 20.0 10.0
97.0 124.0 20.0 10.0
122.0 110.0 20.0 10.0
49.0 133.0 20.0 10.0
107.0 64.0 20.0 10.0
61.0 116.0 20.0 10.0
83.0 62.0 20.0 10.0
107.0 50.0 20.0 10.0
106.0 142.0 20.0 10.0
119.0 128.0 20.0 10.0
128.0 98.0 20.0 10.0
67.0 52.0 20.0 10.0
129.0 83.0 20.0 10.0
104.0 127.0 20.0 10.0
82.0 58.0 20.0 10.0
129.0 88.0 20.0 10.0
25.0 79.0 20.0 10.0
101.0 46.0 20.0 10.0
78.0 130.0 20.0 10.0
68.0 104.0 20.0 10.0
101.0 123.0 20.0 10.0
112.0 47.0 20.0 10.0
126.0 127.0 20.0 10.0
139.0 91.0 20.0 10.0
83.0 141.0 20.0 10.0
81.0 48.0 20.0 10.0
120.0 103.0 20.0 10.0
60.0 54.0 20.0 10.0
70.0 44.0 20.0 10.0
57.0 93.0 20.0 10.0
80.0 136.0 20.0 10.0
90.0 126.0 20.0 10.0
92.0 133.0 20.0 10.0
53.0 106.0 20.0 10.0
63.0 93.0 20.0 10.0
87.0 127.0 20.0 10.0
109.0 146.0 20.0 10.0
111.0 115.0 20.0 10.0
113.0 139.0 20.0 10.0
124.0 71.0 20.0 10.0
100.0 130.0 20.0 10.0
55.0 137.0 20.0 10.0
135.0 95.0 20.0 10.0
137.0 78.0 20.0 10.0
79.0 102.0 20.0 10.0
59.0 56.0 20.0 10.0
114.0 54.0 20.0 10.0
56.0 109.0 20.0 10.0
128.0 134.0 20.0 10.0
137.0 104.0 20.0 10.0
105.0 130.0 20.0 10.0
124.0 61.0 20.0 10.0
136.0 115.0 20.0 10.0
131.0 115.0 20.0 10.0
105.0 32.0 20.0 10.0
77.0 107.0 20.0 10.0
65.0 147.0 20.0 10.0
120.0 42.0 20.0 10.0
77.0 63.0 20.0 10.0
70.0 117.0 20.0 10.0
152.0 127.0 20.0 10.0
60.0 96.0 20.0 10.0
128.0 76.0 20.0 10.0
96.0 41.0 20.0 10.0
70.0 142.0 20.0 10.0
111.0 64.0 20.0 10.0
117.0 134.0 20.0 10.0
135.0 107.0 20.0 10.0
54.0 111.0 20.0 10.0
58.0 139.0 20.0 10.0
117.0 102.0 20.0 10.0
43.0 114.0 20.0 10.0
91.0 63.0 20.0 10.0
107.0 42.0 20.0 10.0
53.0 104.0 20.0 10.0
113.0 61.0 20.0 10.0
64.0 98.0 20.0 10.0
72.0 54.0 20.0 10.0
72.0 31.0 20.0 10.0
123.0 77.0 20.0 10.0
44.0 82.0 20.0 10.0
145.0 131.0 20.0 10.0
63.0 125.0 20.0 10.0
99.0 114.0 20.0 10.0
41.0 94.0 20.0 10.0
98.0 57.0 20.0 10.0
72.0 143.0 20.0 10.0
58.0 114.0 20.0 10.0
52.0 80.0 20.0 10.0
55.0 138.0 20.0 10.0
146.0 103.0 20.0 10.0
67.0 60.0 20.0 10.0
54.0 128.0 20.0 10.0
102.0 75.0 20.0 10.0
49.0 54.0 20.0 10.0
130.0 59.0 20.0 10.0
72.0 47.0 20.0 10.0
95.0 137.0 20.0 10.0
105.0 148.0 20.0 10.0
79.0 128.0 20.0 10.0
43.0 55.0 20.0 10.0
133.0 100.0 20.0 10.0
50.0 98.0 20.0 10.0
68.0 49.0 20.0 10.0
50.0 71.0 20.0 10.0
117.0 124.0 20.0 10.0
74.0 67.0 20.0 10.0
91.0 144.0 20.0 10.0
83.0 136.0 20.0 10.0
126.0 76.0 20.0 10.0
57.0 105.0 20.0 10.0
90.0 137.0 20.0 10.0
48.0 106.0 20.0 10.0
95.0 59.0 20.0 10.0
134.0 76.0 20.0 10.0
43.0 90.0 20.0 10.0
87.0 70.0 20.0 10.0
64.0 116.0 20.0 10.0
100.0 46.0 20.0 10.0
55.0 131.0 20.0 10.0
137.0 63.0 20.0 10.0
61.0 130.0 20.0 10.0
92.0 75.0 20.0 10.0
101.0 138.0 20.0 10.0
131.0 98.0 20.0 10.0
117.0 120.0 20.0 10.0
52.0 96.0 20.0 10.0
124.0 46.0 20.0 10.0
36.0 96.0 20.0 10.0
49.0 121.0 20.0 10.0
110.0 40.0 20.0 10.0
128.0 126.0 20.0 10.0
93.0 139.0 20.0 10.0
58.0 84.0 20.0 10.0
71.0 64.0 20.0 10.0
78.0 55.0 20.0 10.0
121.0 94.0 20.0 10.0
48.0 73.0 20.0 10.0
50.0 105.0 20.0 10.0
103.0 145.0 20.0 10.0
75.0 43.0 20.0 10.0
118.0 67.0 20.0 10.0
84.0 132.0 20.0 10.0
47.0 142.0 20.0 10.0
41.0 89.0 20.0 10.0
83.0 30.0 20.0 10.0
88.0 48.0 20.0 10.0
134.0 68.0 20.0 10.0
97.0 138.0 20.0 10.0
126.0 53.0 20.0 10.0
69.0 52.0 20.0 10.0
99.0 150.0 20.0 10.0
106.0 89.0 20.0 10.0
47.0 76.0 20.0 10.0
48.0 66.0 20.0 10.0
36.0 99.0 20.0 10.0
99.0 36.0 20.0 10.0
138.0 113.0 20.0 10.0
66.0 138.0 20.0 10.0
136.0 152.0 20.0 10.0
48.0 59.0 20.0 10.0
118.0 89.0 20.0 10.0
102.0 142.0 20.0 10.0
134.0 126.0 20.0 10.0
96.0 131.0 20.0 10.0
114.0 144.0 20.0 10.0
65.0 128.0 20.0 10.0
61.0 140.0 20.0 10.0
114.0 141.0 20.0 10.0
122.0 106.0 20.0 10.0
49.0 80.0 20.0 10.0
145.0 97.0 20.0 10.0
43.0 115.0 20.0 10.0
49.0 110.0 20.0 10.0
122.0 83.0 20.0 10.0
110.0 48.0 20.0 10.0
145.0 80.0 20.0 10.0
146.0 143.0 20.0 10.0
65.0 145.0 20.0 10.0
104.0 134.0 20.0 10.0
57.0 101.0 20.0 10.0
131.0 61.0 20.0 10.0
63.0 69.0 20.0 10.0
39.0 75.0 20.0 10.0
121.0 64.0 20.0 10.0
66.0 159.0 20.0 10.0
56.0 53.0 20.0 10.0
89.0 134.0 20.0 10.0
59.0 69.0 20.0 10.0
125.0 148.0 20.0 10.0
36.0 74.0 20.0 10.0
67.0 58.0 20.0 10.0
149.0 99.0 20.0 10.0
118.0 46.0 20.0 10.0
130.0 55.0 20.0 10.0
58.0 59.0 20.0 10.0
36.0 109.0 20.0 10.0
56.0 76.0 20.0 10.0
150.0 85.0 20.0 10.0
152.0 88.0 20.0 10.0
61.0 36.0 20.0 10.0
135.0 133.0 20.0 10.0
51.0 75.0 20.0 10.0
71.0 147.0 20.0 10.0
77.0 146.0 20.0 10.0
70.0 156.0 20.0 10.0
53.0 39.0 20.0 10.0
133.0 109.0 20.0 10.0
84.0 129.0 20.0 10.0
86.0 37.0 20.0 10.0
44.0 95.0 20.0 10.0
49.0 112.0 20.0 10.0
38.0 69.0 20.0 10.0
91.0 37.0 20.0 10.0
59.0 149.0 20.0 10.0
119.0 107.0 20.0 10.0
106.0 108.0 20.0 10.0
122.0 130.0 20.0 10.0
89.0 145.0 20.0 10.0
58.0 130.0 20.0 10.0
75.0 134.0 20.0 10.0
114.0 64.0 20.0 10.0
87.0 39.0 20.0 10.0
63.0 110.0 20.0 10.0
122.0 43.0 20.0 10.0
75.0 153.0 20.0 10.0
63.0 58.0 20.0 10.0
118.0 54.0 20.0 10.0
104.0 40.0 20.0 10.0
50.0 100.0 20.0 10.0
131.0 51.0 20.0 10.0
130.0 140.0 20.0 10.0
125.0 56.0 20.0 10.0
55.0 118.0 20.0 10.0
67.0 154.0 20.0 10.0
108.0 59.0 20.0 10.0
77.0 48.0 20.0 10.0
136.0 121.0 20.0 10.0
50.0 90.0 20.0 10.0
127.0 122.0 20.0 10.0
45.0 137.0 20.0 10.0
53.0 87.0 20.0 10.0
106.0 156.0 20.0 10.0
141.0 96.0 20.0 10.0
33.0 52.0 20.0 10.0
47.0 115.0 20.0 10.0
82.0 38.0 20.0 10.0
113.0 125.0 20.0 10.0
76.0 58.0 20.0 10.0
110.0 125.0 20.0 10.0
35.0 124.0 20.0 10.0
41.0 92.0 20.0 10.0
78.0 143.0 20.0 10.0
137.0 85.0 20.0 10.0
71.0 135.0 20.0 10.0
89.0 132.0 20.0 10.0
88.0 153.0 20.0 10.0
83.0 40.0 20.0 10.0
65.0 44.0 20.0 10.0
114.0 67.0 20.0 10.0
70.0 38.0 20.0 10.0
106.0 132.0 20.0 10.0
119.0 135.0 20.0 10.0
133.0 129.0 20.0 10.0
51.0 108.0 20.0 10.0
121.0 111.0 20.0 10.0
82.0 144.0 20.0 10.0
93.0 160.0 20.0 10.0
59.0 88.0 20.0 10.0
51.0 55.0 20.0 10.0
136.0 61.0 20.0 10.0
141.0 111.0 20.0 10.0
107.0 141.0 20.0 10.0
101.0 151.0 20.0 10.0
83.0 41.0 20.0 10.0
49.0 56.0 20.0 10.0
89.0 42.0 20.0 10.0
47.0 84.0 20.0 10.0
38.0 123.0 20.0 10.0
58.0 133.0 20.0 10.0
142.0 83.0 20.0 10.0
139.0 132.0 20.0 10.0
48.0 124.0 20.0 10.0
94.0 130.0 20.0 10.0
60.0 79.0 20.0 10.0
121.0 157.0 20.0 10.0
49.0 126.0 20.0 10.0
107.0 44.0 20.0 10.0
109.0 152.0 20.0 10.0
89.0 85.0 20.0 10.0
54.0 94.0 20.0 10.0
42.0 82.0 20.0 10.0
33.0 82.0 20.0 10.0
128.0 80.0 20.0 10.0
37.0 101.0 20.0 10.0
110.0 30.0 20.0 10.0
90.0 57.0 20.0 10.0
59.0 124.0 20.0 10.0
149.0 105.0 20.0 10.0
140.0 93.0 20.0 10.0
139.0 88.0 20.0 10.0
68.0 33.0 20.0 10.0
123.0 91.0 20.0 10.0
112.0 98.0 20.0 10.0
104.0 52.0 20.0 10.0
118.0 70.0 20.0 10.0
62.0 66.0 20.0 10.0
129.0 95.0 20.0 10.0
136.0 123.0 20.0 10.0
110.0 61.0 20.0 10.0
116.0 139.0 20.0 10.0
131.0 63.0 20.0 10.0
59.0 29.0 20.0 10.0
138.0 81.0 20.0 10.0
129.0 93.0 20.0 10.0
62.0 47.0 20.0 10.0
131.0 76.0 20.0 10.0
160.0 103.0 20.0 10.0
44.0 55.0 20.0 10.0
70.0 36.0 20.0 10.0
130.0 53.0 20.0 10.0
110.0 43.0 20.0 10.0
32.0 135.0 20.0 10.0
67.0 133.0 20.0 10.0
29.0 115.0 20.0 10.0
33.0 99.0 20.0 10.0
72.0 82.0 20.0 10.0
76.0 53.0 20.0 10.0
65.0 133.0 20.0 10.0
45.0 92.0 20.0 10.0
53.0 92.0 20.0 10.0
77.0 139.0 20.0 10.0
36.0 85.0 20.0 10.0
65.0 53.0 20.0 10.0
63.0 141.0 20.0 10.0
131.0 106.0 20.0 10.0
55.0 63.0 20.0 10.0
34.0 71.0 20.0 10.0
27.0 72.0 20.0 10.0
55.0 114.0 20.0 10.0
125.0 108.0 20.0 10.0
120.0 147.0 20.0 10.0
97.0 158.0 20.0 10.0
92.0 48.0 20.0 10.0
62.0 150.0 20.0 10.0
117.0 39.0 20.0 10.0
106.0 49.0 20.0 10.0
100.0 70.0 20.0 10.0
123.0 87.0 20.0 10.0
132.0 46.0 20.0 10.0
127.0 137.0 20.0 10.0
104.0 119.0 20.0 10.0
26.0 117.0 20.0 10.0
112.0 130.0 20.0 10.0
95.0 154.0 20.0 10.0
141.0 102.0 20.0 10.0
41.0 64.0 20.0 10.0
133.0 120.0 20.0 10.0
42.0 78.0 20.0 10.0
122.0 113.0 20.0 10.0
44.0 76.0 20.0 10.0
45.0 106.0 20.0 10.0
133.0 125.0 20.0 10.0
36.0 116.0 20.0 10.0
40.0 82.0 20.0 10.0
144.0 117.0 20.0 10.0
142.0 42.0 20.0 10.0
53.0 50.0 20.0 10.0
77.0 40.0 20.0 10.0
128.0 73.0 20.0 10.0
135.0 87.0 20.0 10.0
52.0 115.0 20.0 10.0
129.0 149.0 20.0 10.0
28.0 86.0 20.0 10.0
75.0 136.0 20.0 10.0
128.0 101.0 20.0 10.0
149.0 79.0 20.0 10.0
145.0 68.0 20.0 10.0
42.0 112.0 20.0 10.0
43.0 100.0 20.0 10.0
46.0 63.0 20.0 10.0
79.0 125.0 20.0 10.0
119.0 85.0 20.0 10.0
126.0 147.0 20.0 10.0
43.0 82.0 20.0 10.0
38.0 105.0 20.0 10.0
141.0 116.0 20.0 10.0
83.0 147.0 20.0 10.0
112.0 40.0 20.0 10.0
38.0 80.0 20.0 10.0
121.0 60.0 20.0 10.0
128.0 32.0 20.0 10.0
51.0 88.0 20.0 10.0
152.0 111.0 20.0 10.0
134.0 33.0 20.0 10.0
54.0 82.0 20.0 10.0
42.0 109.0 20.0 10.0
47.0 110.0 20.0 10.0
66.0 150.0 20.0 10.0
60.0 145.0 20.0 10.0
142.0 77.0 20.0 10.0
31.0 63.0 20.0 10.0
133.0 93.0 20.0 10.0
104.0 53.0 20.0 10.0
131.0 104.0 20.0 10.0
67.0 88.0 20.0 10.0
126.0 80.0 20.0 10.0
42.0 73.0 20.0 10.0
119.0 49.0 20.0 10.0
44.0 130.0 20.0 10.0
145.0 106.0 20.0 10.0
143.0 106.0 20.0 10.0
72.0 154.0 20.0 10.0
50.0 63.0 20.0 10.0
52.0 134.0 20.0 10.0
136.0 77.0 20.0 10.0
92.0 31.0 20.0 10.0
124.0 66.0 20.0 10.0
148.0 96.0 20.0 10.0
135.0 116.0 20.0 10.0
115.0 119.0 20.0 10.0
63.0 133.0 20.0 10.0
137.0 69.0 20.0 10.0
126.0 65.0 20.0 10.0
95.0 151.0 20.0 10.0
146.0 122.0 20.0 10.0
147.0 91.0 20.0 10.0
153.0 94.0 20.0 10.0
132.0 81.0 20.0 10.0
72.0 128.0 20.0 10.0
111.0 70.0 20.0 10.0
68.0 30.0 20.0 10.0
144.0 74.0 20.0 10.0
129.0 119.0 20.0 10.0
39.0 66.0 20.0 10.0
50.0 128.0 20.0 10.0
126.0 131.0 20.0 10.0
109.0 150.0 20.0 10.0
61.0 54.0 20.0 10.0
40.0 128.0 20.0 10.0
67.0 47.0 20.0 10.0
42.0 70.0 20.0 10.0
132.0 112.0 20.0 10.0
135.0 74.0 20.0 10.0
27.0 89.0 20.0 10.0
72.0 42.0 20.0 10.0
138.0 136.0 20.0 10.0
32.0 94.0 20.0 10.0
136.0 72.0 20.0 10.0
104.0 146.0 20.0 10.0
139.0 105.0 20.0 10.0
116.0 151.0 20.0 10.0
69.0 139.0 20.0 10.0
73.0 60.0 20.0 10.0
77.0 25.0 20.0 10.0
47.0 51.0 20.0 10.0
48.0 90.0 20.0 10.0
80.0 155.0 20.0 10.0
110.0 137.0 20.0 10.0
