1000
498.0 596.0 20.0 10.0
411.0 716.0 20.0 10.0
606.0 501.0 20.0 10.0
543.0 538.0 20.0 10.0
417.0 565.0 20.0 10.0
334.0 741.0 20.0 10.0
261.0 763.0 20.0 10.0
346.0 528.0 20.0 10.0
720.0 461.0 20.0 10.0
344.0 820.0 20.0 10.0
548.0 666.0 20.0 10.0
389.0 707.0 20.0 10.0
578.0 722.0 20.0 10.0
555.0 432.0 20.0 10.0
499.0 368.0 20.0 10.0
614.0 404.0 20.0 10.0
620.0 312.0 20.0 10.0
480.0 523.0 20.0 10.0
277.0 493.0 20.0 10.0
684.0 544.0 20.0 10.0
569.0 544.0 20.0 10.0
761.0 584.0 20.0 10.0
398.0 787.0 20.0 10.0
829.0 423.0 20.0 10.0
592.0 708.0 20.0 10.0
562.0 396.0 20.0 10.0
205.0 782.0 20.0 10.0
452.0 509.0 20.0 10.0
372.0 813.0 20.0 10.0
606.0 776.0 20.0 10.0
931.0 396.0 20.0 10.0
587.0 478.0 20.0 10.0
289.0 859.0 20.0 10.0
394.0 830.0 20.0 10.0
400.0 744.0 20.0 10.0
623.0 447.0 20.0 10.0
308.0 874.0 20.0 10.0
391.0 845.0 20.0 10.0
815.0 593.0 20.0 10.0
564.0 701.0 20.0 10.0
567.0 482.0 20.0 10.0
575.0 684.0 20.0 10.0
388.0 897.0 20.0 10.0
631.0 808.0 20.0 10.0
873.0 390.0 20.0 10.0
251.0 894.0 20.0 10.0
461.0 489.0 20.0 10.0
632.0 281.0 20.0 10.0
650.0 499.0 20.0 10.0
1002.0 408.0 20.0 10.0
298.0 891.0 20.0 10.0
619.0 420.0 20.0 10.0
220.0 459.0 20.0 10.0
426.0 771.0 20.0 10.0
582.0 715.0 20.0 10.0
423.0 493.0 20.0 10.0
858.0 415.0 20.0 10.0
851.0 393.0 20.0 10.0
909.0 365.0 20.0 10.0
235.0 486.0 20.0 10.0
400.0 830.0 20.0 10.0
867.0 599.0 20.0 10.0
441.0 310.0 20.0 10.0
870.0 411.0 20.0 10.0
820.0 628.0 20.0 10.0
364.0 716.0 20.0 10.0
437.0 497.0 20.0 10.0
333.0 893.0 20.0 10.0
793.0 594.0 20.0 10.0
487.0 627.0 20.0 10.0
170.0 802.0 20.0 10.0
748.0 435.0 20.0 10.0
650.0 365.0 20.0 10.0
447.0 808.0 20.0 10.0
222.0 762.0 20.0 10.0
208.0 469.0 20.0 10.0
798.0 577.0 20.0 10.0
972.0 395.0 20.0 10.0
603.0 696.0 20.0 10.0
525.0 463.0 20.0 10.0
964.0 369.0 20.0 10.0
467.0 469.0 20.0 10.0
464.0 452.0 20.0 10.0
418.0 281.0 20.0 10.0
999.0 369.0 20.0 10.0
237.0 917.0 20.0 10.0
1064.0 345.0 20.0 10.0
393.0 754.0 20.0 10.0
440.0 575.0 20.0 10.0
873.0 660.0 20.0 10.0
391.0 938.0 20.0 10.0
170.0 433.0 20.0 10.0
388.0 876.0 20.0 10.0
649.0 428.0 20.0 10.0
290.0 922.0 20.0 10.0
634.0 430.0 20.0 10.0
908.0 397.0 20.0 10.0
663.0 504.0 20.0 10.0
382.0 924.0 20.0 10.0
384.0 551.0 20.0 10.0
677.0 501.0 20.0 10.0
447.0 488.0 20.0 10.0
373.0 570.0 20.0 10.0
677.0 317.0 20.0 10.0
182.0 432.0 20.0 10.0
263.0 881.0 20.0 10.0
1052.0 418.0 20.0 10.0
627.0 234.0 20.0 10.0
436.0 275.0 20.0 10.0
592.0 492.0 20.0 10.0
130.0 406.0 20.0 10.0
1052.0 404.0 20.0 10.0
396.0 871.0 20.0 10.0
413.0 452.0 20.0 10.0
448.0 467.0 20.0 10.0
301.0 758.0 20.0 10.0
254.0 956.0 20.0 10.0
412.0 788.0 20.0 10.0
395.0 976.0 20.0 10.0
417.0 568.0 20.0 10.0
146.0 821.0 20.0 10.0
463.0 843.0 20.0 10.0
492.0 472.0 20.0 10.0
454.0 413.0 20.0 10.0
405.0 871.0 20.0 10.0
329.0 853.0 20.0 10.0
330.0 949.0 20.0 10.0
98.0 381.0 20.0 10.0
921.0 685.0 20.0 10.0
899.0 365.0 20.0 10.0
203.0 484.0 20.0 10.0
762.0 449.0 20.0 10.0
316.0 845.0 20.0 10.0
870.0 364.0 20.0 10.0
655.0 417.0 20.0 10.0
337.0 542.0 20.0 10.0
641.0 177.0 20.0 10.0
391.0 553.0 20.0 10.0
964.0 407.0 20.0 10.0
445.0 451.0 20.0 10.0
1103.0 342.0 20.0 10.0
583.0 467.0 20.0 10.0
462.0 646.0 20.0 10.0
623.0 177.0 20.0 10.0
703.0 272.0 20.0 10.0
1114.0 330.0 20.0 10.0
450.0 369.0 20.0 10.0
977.0 349.0 20.0 10.0
623.0 273.0 20.0 10.0
296.0 862.0 20.0 10.0
318.0 719.0 20.0 10.0
602.0 455.0 20.0 10.0
939.0 392.0 20.0 10.0
276.0 931.0 20.0 10.0
484.0 446.0 20.0 10.0
696.0 292.0 20.0 10.0
753.0 464.0 20.0 10.0
319.0 885.0 20.0 10.0
846.0 661.0 20.0 10.0
401.0 280.0 20.0 10.0
671.0 477.0 20.0 10.0
427.0 246.0 20.0 10.0
619.0 130.0 20.0 10.0
399.0 586.0 20.0 10.0
616.0 86.0 20.0 10.0
353.0 829.0 20.0 10.0
614.0 263.0 20.0 10.0
413.0 583.0 20.0 10.0
139.0 426.0 20.0 10.0
939.0 704.0 20.0 10.0
246.0 881.0 20.0 10.0
778.0 583.0 20.0 10.0
1092.0 327.0 20.0 10.0
938.0 342.0 20.0 10.0
331.0 579.0 20.0 10.0
349.0 542.0 20.0 10.0
611.0 52.0 20.0 10.0
552.0 562.0 20.0 10.0
405.0 548.0 20.0 10.0
480.0 599.0 20.0 10.0
567.0 573.0 20.0 10.0
1095.0 424.0 20.0 10.0
1126.0 327.0 20.0 10.0
831.0 576.0 20.0 10.0
1096.0 404.0 20.0 10.0
619.0 277.0 20.0 10.0
713.0 243.0 20.0 10.0
430.0 411.0 20.0 10.0
778.0 477.0 20.0 10.0
1004.0 313.0 20.0 10.0
611.0 217.0 20.0 10.0
1105.0 325.0 20.0 10.0
671.0 418.0 20.0 10.0
898.0 377.0 20.0 10.0
326.0 1000.0 20.0 10.0
606.0 508.0 20.0 10.0
473.0 866.0 20.0 10.0
616.0 376.0 20.0 10.0
112.0 413.0 20.0 10.0
273.0 908.0 20.0 10.0
190.0 766.0 20.0 10.0
397.0 898.0 20.0 10.0
375.0 949.0 20.0 10.0
366.0 251.0 20.0 10.0
379.0 872.0 20.0 10.0
260.0 935.0 20.0 10.0
585.0 564.0 20.0 10.0
575.0 569.0 20.0 10.0
1017.0 319.0 20.0 10.0
396.0 1006.0 20.0 10.0
439.0 429.0 20.0 10.0
409.0 277.0 20.0 10.0
544.0 697.0 20.0 10.0
453.0 332.0 20.0 10.0
386.0 447.0 20.0 10.0
652.0 141.0 20.0 10.0
1007.0 336.0 20.0 10.0
319.0 947.0 20.0 10.0
320.0 544.0 20.0 10.0
416.0 906.0 20.0 10.0
380.0 245.0 20.0 10.0
515.0 615.0 20.0 10.0
853.0 642.0 20.0 10.0
503.0 423.0 20.0 10.0
825.0 576.0 20.0 10.0
667.0 335.0 20.0 10.0
718.0 237.0 20.0 10.0
475.0 874.0 20.0 10.0
626.0 814.0 20.0 10.0
399.0 411.0 20.0 10.0
392.0 286.0 20.0 10.0
577.0 737.0 20.0 10.0
399.0 737.0 20.0 10.0
271.0 968.0 20.0 10.0
255.0 997.0 20.0 10.0
435.0 801.0 20.0 10.0
363.0 557.0 20.0 10.0
301.0 533.0 20.0 10.0
213.0 895.0 20.0 10.0
577.0 463.0 20.0 10.0
215.0 919.0 20.0 10.0
532.0 627.0 20.0 10.0
614.0 797.0 20.0 10.0
243.0 939.0 20.0 10.0
379.0 802.0 20.0 10.0
459.0 299.0 20.0 10.0
674.0 511.0 20.0 10.0
418.0 222.0 20.0 10.0
159.0 764.0 20.0 10.0
352.0 265.0 20.0 10.0
538.0 464.0 20.0 10.0
616.0 816.0 20.0 10.0
349.0 524.0 20.0 10.0
1085.0 396.0 20.0 10.0
285.0 895.0 20.0 10.0
1140.0 404.0 20.0 10.0
1159.0 318.0 20.0 10.0
861.0 683.0 20.0 10.0
1043.0 425.0 20.0 10.0
620.0 142.0 20.0 10.0
1165.0 402.0 20.0 10.0
1169.0 408.0 20.0 10.0
135.0 763.0 20.0 10.0
404.0 895.0 20.0 10.0
433.0 818.0 20.0 10.0
922.0 344.0 20.0 10.0
492.0 434.0 20.0 10.0
935.0 404.0 20.0 10.0
898.0 599.0 20.0 10.0
611.0 445.0 20.0 10.0
887.0 339.0 20.0 10.0
988.0 345.0 20.0 10.0
1028.0 280.0 20.0 10.0
1139.0 310.0 20.0 10.0
427.0 593.0 20.0 10.0
441.0 658.0 20.0 10.0
278.0 724.0 20.0 10.0
174.0 475.0 20.0 10.0
630.0 751.0 20.0 10.0
632.0 201.0 20.0 10.0
686.0 456.0 20.0 10.0
822.0 564.0 20.0 10.0
219.0 1012.0 20.0 10.0
731.0 228.0 20.0 10.0
1075.0 446.0 20.0 10.0
660.0 775.0 20.0 10.0
306.0 974.0 20.0 10.0
328.0 1038.0 20.0 10.0
331.0 1066.0 20.0 10.0
382.0 724.0 20.0 10.0
218.0 884.0 20.0 10.0
617.0 54.0 20.0 10.0
902.0 615.0 20.0 10.0
347.0 827.0 20.0 10.0
1191.0 305.0 20.0 10.0
959.0 317.0 20.0 10.0
70.0 361.0 20.0 10.0
243.0 480.0 20.0 10.0
464.0 599.0 20.0 10.0
314.0 979.0 20.0 10.0
459.0 821.0 20.0 10.0
955.0 703.0 20.0 10.0
684.0 398.0 20.0 10.0
1000.0 320.0 20.0 10.0
978.0 721.0 20.0 10.0
325.0 255.0 20.0 10.0
628.0 710.0 20.0 10.0
703.0 504.0 20.0 10.0
522.0 414.0 20.0 10.0
858.0 573.0 20.0 10.0
476.0 843.0 20.0 10.0
458.0 273.0 20.0 10.0
641.0 777.0 20.0 10.0
619.0 721.0 20.0 10.0
729.0 246.0 20.0 10.0
662.0 788.0 20.0 10.0
367.0 401.0 20.0 10.0
623.0 246.0 20.0 10.0
304.0 740.0 20.0 10.0
360.0 542.0 20.0 10.0
354.0 737.0 20.0 10.0
637.0 246.0 20.0 10.0
676.0 394.0 20.0 10.0
1063.0 443.0 20.0 10.0
647.0 131.0 20.0 10.0
475.0 654.0 20.0 10.0
452.0 473.0 20.0 10.0
378.0 836.0 20.0 10.0
1007.0 389.0 20.0 10.0
904.0 603.0 20.0 10.0
405.0 421.0 20.0 10.0
307.0 574.0 20.0 10.0
330.0 734.0 20.0 10.0
46.0 349.0 20.0 10.0
388.0 940.0 20.0 10.0
304.0 582.0 20.0 10.0
358.0 840.0 20.0 10.0
462.0 834.0 20.0 10.0
826.0 597.0 20.0 10.0
743.0 220.0 20.0 10.0
388.0 429.0 20.0 10.0
1101.0 465.0 20.0 10.0
1002.0 396.0 20.0 10.0
460.0 672.0 20.0 10.0
267.0 962.0 20.0 10.0
902.0 682.0 20.0 10.0
274.0 775.0 20.0 10.0
229.0 980.0 20.0 10.0
922.0 705.0 20.0 10.0
257.0 795.0 20.0 10.0
545.0 451.0 20.0 10.0
640.0 396.0 20.0 10.0
162.0 412.0 20.0 10.0
431.0 933.0 20.0 10.0
317.0 505.0 20.0 10.0
250.0 731.0 20.0 10.0
1048.0 251.0 20.0 10.0
387.0 580.0 20.0 10.0
585.0 771.0 20.0 10.0
612.0 60.0 20.0 10.0
693.0 810.0 20.0 10.0
390.0 415.0 20.0 10.0
841.0 610.0 20.0 10.0
387.0 969.0 20.0 10.0
382.0 589.0 20.0 10.0
1067.0 224.0 20.0 10.0
684.0 790.0 20.0 10.0
257.0 729.0 20.0 10.0
403.0 1026.0 20.0 10.0
463.0 432.0 20.0 10.0
184.0 800.0 20.0 10.0
665.0 521.0 20.0 10.0
716.0 835.0 20.0 10.0
656.0 335.0 20.0 10.0
681.0 821.0 20.0 10.0
1190.0 323.0 20.0 10.0
942.0 724.0 20.0 10.0
584.0 800.0 20.0 10.0
190.0 1061.0 20.0 10.0
504.0 399.0 20.0 10.0
669.0 798.0 20.0 10.0
365.0 831.0 20.0 10.0
170.0 783.0 20.0 10.0
318.0 835.0 20.0 10.0
1115.0 396.0 20.0 10.0
361.0 406.0 20.0 10.0
218.0 475.0 20.0 10.0
1031.0 377.0 20.0 10.0
225.0 993.0 20.0 10.0
540.0 487.0 20.0 10.0
991.0 404.0 20.0 10.0
558.0 366.0 20.0 10.0
428.0 272.0 20.0 10.0
292.0 865.0 20.0 10.0
523.0 603.0 20.0 10.0
55.0 349.0 20.0 10.0
1138.0 343.0 20.0 10.0
505.0 452.0 20.0 10.0
610.0 480.0 20.0 10.0
640.0 848.0 20.0 10.0
430.0 599.0 20.0 10.0
795.0 447.0 20.0 10.0
339.0 220.0 20.0 10.0
648.0 829.0 20.0 10.0
320.0 1066.0 20.0 10.0
443.0 782.0 20.0 10.0
1046.0 292.0 20.0 10.0
929.0 629.0 20.0 10.0
354.0 583.0 20.0 10.0
320.0 245.0 20.0 10.0
883.0 653.0 20.0 10.0
936.0 612.0 20.0 10.0
708.0 383.0 20.0 10.0
446.0 854.0 20.0 10.0
171.0 1099.0 20.0 10.0
198.0 1043.0 20.0 10.0
1185.0 304.0 20.0 10.0
332.0 401.0 20.0 10.0
209.0 1025.0 20.0 10.0
410.0 389.0 20.0 10.0
555.0 343.0 20.0 10.0
734.0 859.0 20.0 10.0
679.0 404.0 20.0 10.0
578.0 590.0 20.0 10.0
683.0 312.0 20.0 10.0
687.0 492.0 20.0 10.0
390.0 737.0 20.0 10.0
1073.0 268.0 20.0 10.0
1094.0 470.0 20.0 10.0
604.0 178.0 20.0 10.0
184.0 936.0 20.0 10.0
402.0 906.0 20.0 10.0
274.0 920.0 20.0 10.0
451.0 656.0 20.0 10.0
913.0 340.0 20.0 10.0
226.0 789.0 20.0 10.0
366.0 262.0 20.0 10.0
848.0 572.0 20.0 10.0
244.0 728.0 20.0 10.0
376.0 602.0 20.0 10.0
1098.0 262.0 20.0 10.0
948.0 704.0 20.0 10.0
497.0 332.0 20.0 10.0
461.0 886.0 20.0 10.0
291.0 490.0 20.0 10.0
645.0 718.0 20.0 10.0
25.0 343.0 20.0 10.0
508.0 382.0 20.0 10.0
307.0 1006.0 20.0 10.0
445.0 445.0 20.0 10.0
476.0 622.0 20.0 10.0
331.0 980.0 20.0 10.0
869.0 683.0 20.0 10.0
834.0 654.0 20.0 10.0
901.0 675.0 20.0 10.0
53.0 344.0 20.0 10.0
324.0 507.0 20.0 10.0
190.0 940.0 20.0 10.0
199.0 1019.0 20.0 10.0
929.0 373.0 20.0 10.0
379.0 966.0 20.0 10.0
1086.0 333.0 20.0 10.0
379.0 754.0 20.0 10.0
572.0 675.0 20.0 10.0
1129.0 436.0 20.0 10.0
635.0 511.0 20.0 10.0
589.0 554.0 20.0 10.0
514.0 410.0 20.0 10.0
155.0 1129.0 20.0 10.0
378.0 265.0 20.0 10.0
1119.0 438.0 20.0 10.0
841.0 642.0 20.0 10.0
626.0 370.0 20.0 10.0
1073.0 430.0 20.0 10.0
529.0 632.0 20.0 10.0
1166.0 396.0 20.0 10.0
1174.0 399.0 20.0 10.0
592.0 143.0 20.0 10.0
626.0 467.0 20.0 10.0
482.0 404.0 20.0 10.0
536.0 614.0 20.0 10.0
360.0 594.0 20.0 10.0
323.0 529.0 20.0 10.0
706.0 472.0 20.0 10.0
991.0 356.0 20.0 10.0
891.0 695.0 20.0 10.0
150.0 466.0 20.0 10.0
945.0 694.0 20.0 10.0
565.0 371.0 20.0 10.0
221.0 769.0 20.0 10.0
890.0 599.0 20.0 10.0
609.0 193.0 20.0 10.0
205.0 807.0 20.0 10.0
402.0 483.0 20.0 10.0
579.0 682.0 20.0 10.0
300.0 224.0 20.0 10.0
711.0 488.0 20.0 10.0
627.0 397.0 20.0 10.0
781.0 587.0 20.0 10.0
584.0 829.0 20.0 10.0
700.0 845.0 20.0 10.0
429.0 479.0 20.0 10.0
612.0 731.0 20.0 10.0
312.0 916.0 20.0 10.0
1089.0 419.0 20.0 10.0
1073.0 389.0 20.0 10.0
183.0 772.0 20.0 10.0
175.0 1090.0 20.0 10.0
515.0 351.0 20.0 10.0
595.0 736.0 20.0 10.0
716.0 486.0 20.0 10.0
369.0 547.0 20.0 10.0
1066.0 233.0 20.0 10.0
648.0 839.0 20.0 10.0
691.0 370.0 20.0 10.0
251.0 1002.0 20.0 10.0
591.0 117.0 20.0 10.0
375.0 390.0 20.0 10.0
735.0 211.0 20.0 10.0
150.0 778.0 20.0 10.0
273.0 521.0 20.0 10.0
634.0 340.0 20.0 10.0
843.0 652.0 20.0 10.0
1142.0 318.0 20.0 10.0
418.0 933.0 20.0 10.0
886.0 373.0 20.0 10.0
476.0 680.0 20.0 10.0
323.0 975.0 20.0 10.0
1196.0 399.0 20.0 10.0
657.0 766.0 20.0 10.0
439.0 424.0 20.0 10.0
314.0 383.0 20.0 10.0
544.0 729.0 20.0 10.0
673.0 346.0 20.0 10.0
444.0 413.0 20.0 10.0
577.0 562.0 20.0 10.0
961.0 628.0 20.0 10.0
638.0 739.0 20.0 10.0
323.0 1033.0 20.0 10.0
700.0 496.0 20.0 10.0
433.0 854.0 20.0 10.0
1084.0 245.0 20.0 10.0
575.0 764.0 20.0 10.0
220.0 968.0 20.0 10.0
952.0 696.0 20.0 10.0
599.0 848.0 20.0 10.0
309.0 757.0 20.0 10.0
408.0 254.0 20.0 10.0
837.0 650.0 20.0 10.0
871.0 654.0 20.0 10.0
857.0 669.0 20.0 10.0
599.0 151.0 20.0 10.0
245.0 1019.0 20.0 10.0
230.0 913.0 20.0 10.0
162.0 949.0 20.0 10.0
651.0 729.0 20.0 10.0
1121.0 418.0 20.0 10.0
350.0 865.0 20.0 10.0
645.0 370.0 20.0 10.0
305.0 485.0 20.0 10.0
415.0 237.0 20.0 10.0
650.0 180.0 20.0 10.0
623.0 380.0 20.0 10.0
880.0 341.0 20.0 10.0
178.0 780.0 20.0 10.0
168.0 1091.0 20.0 10.0
379.0 482.0 20.0 10.0
745.0 190.0 20.0 10.0
569.0 366.0 20.0 10.0
214.0 728.0 20.0 10.0
1129.0 349.0 20.0 10.0
395.0 257.0 20.0 10.0
291.0 725.0 20.0 10.0
308.0 397.0 20.0 10.0
1148.0 429.0 20.0 10.0
270.0 531.0 20.0 10.0
984.0 638.0 20.0 10.0
772.0 416.0 20.0 10.0
1051.0 362.0 20.0 10.0
182.0 463.0 20.0 10.0
1109.0 420.0 20.0 10.0
691.0 847.0 20.0 10.0
140.0 790.0 20.0 10.0
994.0 742.0 20.0 10.0
676.0 415.0 20.0 10.0
614.0 519.0 20.0 10.0
646.0 255.0 20.0 10.0
617.0 367.0 20.0 10.0
1124.0 475.0 20.0 10.0
413.0 895.0 20.0 10.0
515.0 396.0 20.0 10.0
1077.0 416.0 20.0 10.0
236.0 1027.0 20.0 10.0
395.0 479.0 20.0 10.0
961.0 382.0 20.0 10.0
596.0 672.0 20.0 10.0
472.0 914.0 20.0 10.0
655.0 145.0 20.0 10.0
570.0 413.0 20.0 10.0
217.0 905.0 20.0 10.0
403.0 604.0 20.0 10.0
392.0 1026.0 20.0 10.0
438.0 378.0 20.0 10.0
503.0 388.0 20.0 10.0
958.0 404.0 20.0 10.0
336.0 569.0 20.0 10.0
617.0 111.0 20.0 10.0
291.0 548.0 20.0 10.0
356.0 217.0 20.0 10.0
571.0 344.0 20.0 10.0
807.0 613.0 20.0 10.0
932.0 347.0 20.0 10.0
347.0 236.0 20.0 10.0
442.0 284.0 20.0 10.0
367.0 273.0 20.0 10.0
392.0 439.0 20.0 10.0
418.0 379.0 20.0 10.0
313.0 196.0 20.0 10.0
159.0 1107.0 20.0 10.0
362.0 220.0 20.0 10.0
233.0 764.0 20.0 10.0
433.0 881.0 20.0 10.0
372.0 383.0 20.0 10.0
157.0 414.0 20.0 10.0
538.0 720.0 20.0 10.0
408.0 937.0 20.0 10.0
455.0 385.0 20.0 10.0
659.0 102.0 20.0 10.0
195.0 987.0 20.0 10.0
598.0 459.0 20.0 10.0
591.0 111.0 20.0 10.0
934.0 320.0 20.0 10.0
342.0 387.0 20.0 10.0
433.0 455.0 20.0 10.0
261.0 961.0 20.0 10.0
292.0 231.0 20.0 10.0
431.0 349.0 20.0 10.0
487.0 869.0 20.0 10.0
194.0 812.0 20.0 10.0
1003.0 295.0 20.0 10.0
621.0 26.0 20.0 10.0
296.0 365.0 20.0 10.0
654.0 94.0 20.0 10.0
1141.0 390.0 20.0 10.0
268.0 879.0 20.0 10.0
226.0 737.0 20.0 10.0
924.0 632.0 20.0 10.0
298.0 576.0 20.0 10.0
440.0 387.0 20.0 10.0
420.0 825.0 20.0 10.0
283.0 916.0 20.0 10.0
693.0 460.0 20.0 10.0
621.0 794.0 20.0 10.0
470.0 427.0 20.0 10.0
627.0 697.0 20.0 10.0
414.0 297.0 20.0 10.0
1095.0 461.0 20.0 10.0
1109.0 307.0 20.0 10.0
368.0 600.0 20.0 10.0
1161.0 447.0 20.0 10.0
373.0 465.0 20.0 10.0
1115.0 414.0 20.0 10.0
868.0 620.0 20.0 10.0
618.0 437.0 20.0 10.0
611.0 806.0 20.0 10.0
414.0 962.0 20.0 10.0
440.0 843.0 20.0 10.0
489.0 397.0 20.0 10.0
658.0 151.0 20.0 10.0
601.0 580.0 20.0 10.0
457.0 501.0 20.0 10.0
1131.0 304.0 20.0 10.0
558.0 717.0 20.0 10.0
305.0 542.0 20.0 10.0
398.0 210.0 20.0 10.0
294.0 935.0 20.0 10.0
851.0 602.0 20.0 10.0
746.0 226.0 20.0 10.0
637.0 840.0 20.0 10.0
886.0 413.0 20.0 10.0
293.0 956.0 20.0 10.0
236.0 804.0 20.0 10.0
818.0 461.0 20.0 10.0
247.0 1031.0 20.0 10.0
325.0 371.0 20.0 10.0
264.0 790.0 20.0 10.0
973.0 297.0 20.0 10.0
1188.0 313.0 20.0 10.0
1198.0 394.0 20.0 10.0
176.0 1037.0 20.0 10.0
187.0 722.0 20.0 10.0
430.0 430.0 20.0 10.0
140.0 394.0 20.0 10.0
1049.0 390.0 20.0 10.0
104.0 388.0 20.0 10.0
1055.0 232.0 20.0 10.0
328.0 843.0 20.0 10.0
219.0 734.0 20.0 10.0
1093.0 448.0 20.0 10.0
621.0 284.0 20.0 10.0
151.0 1118.0 20.0 10.0
614.0 249.0 20.0 10.0
966.0 724.0 20.0 10.0
726.0 222.0 20.0 10.0
439.0 880.0 20.0 10.0
271.0 730.0 20.0 10.0
399.0 761.0 20.0 10.0
302.0 991.0 20.0 10.0
715.0 493.0 20.0 10.0
252.0 950.0 20.0 10.0
331.0 924.0 20.0 10.0
189.0 913.0 20.0 10.0
668.0 746.0 20.0 10.0
1096.0 247.0 20.0 10.0
361.0 892.0 20.0 10.0
635.0 747.0 20.0 10.0
299.0 1020.0 20.0 10.0
448.0 380.0 20.0 10.0
465.0 664.0 20.0 10.0
773.0 421.0 20.0 10.0
924.0 594.0 20.0 10.0
313.0 525.0 20.0 10.0
162.0 792.0 20.0 10.0
371.0 404.0 20.0 10.0
147.0 1111.0 20.0 10.0
1214.0 299.0 20.0 10.0
741.0 882.0 20.0 10.0
178.0 1067.0 20.0 10.0
640.0 432.0 20.0 10.0
370.0 757.0 20.0 10.0
38.0 329.0 20.0 10.0
549.0 758.0 20.0 10.0
400.0 430.0 20.0 10.0
651.0 876.0 20.0 10.0
663.0 122.0 20.0 10.0
222.0 716.0 20.0 10.0
642.0 152.0 20.0 10.0
289.0 1028.0 20.0 10.0
87.0 405.0 20.0 10.0
387.0 803.0 20.0 10.0
1118.0 460.0 20.0 10.0
1093.0 211.0 20.0 10.0
350.0 769.0 20.0 10.0
339.0 759.0 20.0 10.0
881.0 706.0 20.0 10.0
952.0 369.0 20.0 10.0
779.0 602.0 20.0 10.0
426.0 844.0 20.0 10.0
730.0 211.0 20.0 10.0
427.0 352.0 20.0 10.0
191.0 919.0 20.0 10.0
253.0 926.0 20.0 10.0
626.0 829.0 20.0 10.0
760.0 204.0 20.0 10.0
720.0 362.0 20.0 10.0
790.0 591.0 20.0 10.0
688.0 777.0 20.0 10.0
653.0 112.0 20.0 10.0
893.0 375.0 20.0 10.0
124.0 785.0 20.0 10.0
122.0 803.0 20.0 10.0
286.0 397.0 20.0 10.0
400.0 358.0 20.0 10.0
361.0 356.0 20.0 10.0
476.0 377.0 20.0 10.0
704.0 351.0 20.0 10.0
498.0 357.0 20.0 10.0
650.0 418.0 20.0 10.0
818.0 581.0 20.0 10.0
604.0 191.0 20.0 10.0
1016.0 319.0 20.0 10.0
1169.0 299.0 20.0 10.0
142.0 1150.0 20.0 10.0
1058.0 270.0 20.0 10.0
628.0 849.0 20.0 10.0
476.0 644.0 20.0 10.0
399.0 1030.0 20.0 10.0
132.0 1135.0 20.0 10.0
587.0 91.0 20.0 10.0
140.0 810.0 20.0 10.0
904.0 658.0 20.0 10.0
341.0 193.0 20.0 10.0
435.0 341.0 20.0 10.0
241.0 893.0 20.0 10.0
1156.0 288.0 20.0 10.0
278.0 1056.0 20.0 10.0
285.0 514.0 20.0 10.0
661.0 749.0 20.0 10.0
786.0 435.0 20.0 10.0
590.0 855.0 20.0 10.0
791.0 456.0 20.0 10.0
91.0 808.0 20.0 10.0
155.0 408.0 20.0 10.0
607.0 565.0 20.0 10.0
205.0 1044.0 20.0 10.0
573.0 792.0 20.0 10.0
594.0 677.0 20.0 10.0
503.0 644.0 20.0 10.0
423.0 411.0 20.0 10.0
504.0 575.0 20.0 10.0
405.0 740.0 20.0 10.0
207.0 993.0 20.0 10.0
124.0 778.0 20.0 10.0
1192.0 413.0 20.0 10.0
322.0 223.0 20.0 10.0
98.0 821.0 20.0 10.0
811.0 468.0 20.0 10.0
1067.0 426.0 20.0 10.0
399.0 968.0 20.0 10.0
664.0 113.0 20.0 10.0
552.0 775.0 20.0 10.0
227.0 1052.0 20.0 10.0
593.0 747.0 20.0 10.0
732.0 482.0 20.0 10.0
377.0 197.0 20.0 10.0
335.0 242.0 20.0 10.0
129.0 1167.0 20.0 10.0
480.0 452.0 20.0 10.0
268.0 484.0 20.0 10.0
134.0 402.0 20.0 10.0
950.0 363.0 20.0 10.0
160.0 827.0 20.0 10.0
381.0 233.0 20.0 10.0
376.0 419.0 20.0 10.0
1135.0 315.0 20.0 10.0
309.0 1059.0 20.0 10.0
1187.0 457.0 20.0 10.0
474.0 856.0 20.0 10.0
323.0 769.0 20.0 10.0
161.0 1123.0 20.0 10.0
1034.0 297.0 20.0 10.0
922.0 605.0 20.0 10.0
951.0 689.0 20.0 10.0
396.0 857.0 20.0 10.0
69.0 814.0 20.0 10.0
607.0 25.0 20.0 10.0
276.0 214.0 20.0 10.0
430.0 397.0 20.0 10.0
1007.0 639.0 20.0 10.0
618.0 337.0 20.0 10.0
511.0 665.0 20.0 10.0
314.0 598.0 20.0 10.0
655.0 477.0 20.0 10.0
1163.0 306.0 20.0 10.0
299.0 177.0 20.0 10.0
625.0 205.0 20.0 10.0
485.0 365.0 20.0 10.0
318.0 1038.0 20.0 10.0
506.0 365.0 20.0 10.0
470.0 678.0 20.0 10.0
1115.0 317.0 20.0 10.0
382.0 460.0 20.0 10.0
422.0 850.0 20.0 10.0
452.0 882.0 20.0 10.0
313.0 360.0 20.0 10.0
275.0 544.0 20.0 10.0
1185.0 449.0 20.0 10.0
135.0 838.0 20.0 10.0
507.0 350.0 20.0 10.0
616.0 150.0 20.0 10.0
224.0 898.0 20.0 10.0
594.0 126.0 20.0 10.0
222.0 463.0 20.0 10.0
721.0 861.0 20.0 10.0
288.0 381.0 20.0 10.0
584.0 851.0 20.0 10.0
696.0 406.0 20.0 10.0
332.0 503.0 20.0 10.0
146.0 420.0 20.0 10.0
884.0 634.0 20.0 10.0
473.0 702.0 20.0 10.0
522.0 358.0 20.0 10.0
817.0 631.0 20.0 10.0
408.0 611.0 20.0 10.0
657.0 868.0 20.0 10.0
621.0 152.0 20.0 10.0
392.0 807.0 20.0 10.0
548.0 753.0 20.0 10.0
329.0 174.0 20.0 10.0
110.0 387.0 20.0 10.0
702.0 869.0 20.0 10.0
1028.0 352.0 20.0 10.0
311.0 1072.0 20.0 10.0
620.0 845.0 20.0 10.0
303.0 173.0 20.0 10.0
233.0 900.0 20.0 10.0
302.0 591.0 20.0 10.0
539.0 746.0 20.0 10.0
423.0 450.0 20.0 10.0
273.0 587.0 20.0 10.0
374.0 426.0 20.0 10.0
468.0 636.0 20.0 10.0
793.0 405.0 20.0 10.0
761.0 890.0 20.0 10.0
286.0 1058.0 20.0 10.0
134.0 389.0 20.0 10.0
865.0 599.0 20.0 10.0
466.0 513.0 20.0 10.0
286.0 190.0 20.0 10.0
315.0 540.0 20.0 10.0
982.0 363.0 20.0 10.0
1192.0 290.0 20.0 10.0
436.0 357.0 20.0 10.0
563.0 787.0 20.0 10.0
198.0 767.0 20.0 10.0
458.0 621.0 20.0 10.0
953.0 634.0 20.0 10.0
343.0 610.0 20.0 10.0
1075.0 205.0 20.0 10.0
898.0 391.0 20.0 10.0
1001.0 332.0 20.0 10.0
219.0 956.0 20.0 10.0
1087.0 209.0 20.0 10.0
1107.0 381.0 20.0 10.0
851.0 594.0 20.0 10.0
170.0 957.0 20.0 10.0
316.0 570.0 20.0 10.0
471.0 642.0 20.0 10.0
279.0 875.0 20.0 10.0
999.0 731.0 20.0 10.0
439.0 653.0 20.0 10.0
1011.0 350.0 20.0 10.0
715.0 827.0 20.0 10.0
1169.0 344.0 20.0 10.0
403.0 555.0 20.0 10.0
240.0 1057.0 20.0 10.0
722.0 253.0 20.0 10.0
659.0 62.0 20.0 10.0
1147.0 478.0 20.0 10.0
382.0 257.0 20.0 10.0
454.0 272.0 20.0 10.0
200.0 976.0 20.0 10.0
692.0 526.0 20.0 10.0
258.0 993.0 20.0 10.0
131.0 836.0 20.0 10.0
272.0 580.0 20.0 10.0
788.0 430.0 20.0 10.0
813.0 436.0 20.0 10.0
661.0 378.0 20.0 10.0
880.0 569.0 20.0 10.0
508.0 635.0 20.0 10.0
703.0 388.0 20.0 10.0
700.0 515.0 20.0 10.0
623.0 800.0 20.0 10.0
605.0 752.0 20.0 10.0
297.0 515.0 20.0 10.0
854.0 589.0 20.0 10.0
291.0 183.0 20.0 10.0
564.0 742.0 20.0 10.0
778.0 454.0 20.0 10.0
873.0 672.0 20.0 10.0
797.0 484.0 20.0 10.0
661.0 36.0 20.0 10.0
484.0 901.0 20.0 10.0
708.0 271.0 20.0 10.0
314.0 511.0 20.0 10.0
420.0 669.0 20.0 10.0
344.0 197.0 20.0 10.0
200.0 743.0 20.0 10.0
560.0 410.0 20.0 10.0
906.0 323.0 20.0 10.0
286.0 1017.0 20.0 10.0
300.0 1096.0 20.0 10.0
974.0 708.0 20.0 10.0
640.0 821.0 20.0 10.0
188.0 1046.0 20.0 10.0
523.0 369.0 20.0 10.0
451.0 691.0 20.0 10.0
406.0 215.0 20.0 10.0
400.0 925.0 20.0 10.0
486.0 336.0 20.0 10.0
872.0 382.0 20.0 10.0
1123.0 427.0 20.0 10.0
373.0 897.0 20.0 10.0
652.0 36.0 20.0 10.0
224.0 909.0 20.0 10.0
357.0 362.0 20.0 10.0
425.0 561.0 20.0 10.0
366.0 743.0 20.0 10.0
422.0 385.0 20.0 10.0
118.0 371.0 20.0 10.0
1115.0 226.0 20.0 10.0
467.0 858.0 20.0 10.0
642.0 874.0 20.0 10.0
1206.0 459.0 20.0 10.0
1082.0 461.0 20.0 10.0
927.0 693.0 20.0 10.0
1143.0 328.0 20.0 10.0
497.0 412.0 20.0 10.0
394.0 968.0 20.0 10.0
627.0 152.0 20.0 10.0
637.0 102.0 20.0 10.0
1047.0 357.0 20.0 10.0
832.0 621.0 20.0 10.0
801.0 477.0 20.0 10.0
586.0 588.0 20.0 10.0
623.0 506.0 20.0 10.0
924.0 376.0 20.0 10.0
97.0 804.0 20.0 10.0
79.0 383.0 20.0 10.0
