1000
4387.0 874.0 20.0 10.0
3192.0 818.0 20.0 10.0
1386.0 1309.0 20.0 10.0
4986.0 1633.0 20.0 10.0
4111.0 1060.0 20.0 10.0
4112.0 1037.0 20.0 10.0
240.0 1507.0 20.0 10.0
5493.0 1921.0 20.0 10.0
5460.0 1901.0 20.0 10.0
3178.0 858.0 20.0 10.0
903.0 1391.0 20.0 10.0
4317.0 974.0 20.0 10.0
4760.0 855.0 20.0 10.0
144.0 1527.0 20.0 10.0
622.0 2120.0 20.0 10.0
3792.0 1022.0 20.0 10.0
3195.0 846.0 20.0 10.0
4788.0 559.0 20.0 10.0
3482.0 1424.0 20.0 10.0
2759.0 193.0 20.0 10.0
368.0 2550.0 20.0 10.0
4783.0 1493.0 20.0 10.0
3754.0 1005.0 20.0 10.0
2620.0 1124.0 20.0 10.0
3563.0 557.0 20.0 10.0
4087.0 1369.0 20.0 10.0
4029.0 1370.0 20.0 10.0
3625.0 831.0 20.0 10.0
4030.0 1435.0 20.0 10.0
115.0 1492.0 20.0 10.0
5382.0 1846.0 20.0 10.0
5053.0 1747.0 20.0 10.0
5049.0 1719.0 20.0 10.0
319.0 2499.0 20.0 10.0
2691.0 230.0 20.0 10.0
716.0 2463.0 20.0 10.0
772.0 2458.0 20.0 10.0
4516.0 774.0 20.0 10.0
2738.0 164.0 20.0 10.0
4813.0 567.0 20.0 10.0
909.0 2143.0 20.0 10.0
4092.0 1396.0 20.0 10.0
5373.0 1840.0 20.0 10.0
59.0 1497.0 20.0 10.0
78.0 1493.0 20.0 10.0
3915.0 1358.0 20.0 10.0
5149.0 256.0 20.0 10.0
745.0 2143.0 20.0 10.0
2669.0 1167.0 20.0 10.0
3594.0 1003.0 20.0 10.0
3576.0 1026.0 20.0 10.0
5161.0 192.0 20.0 10.0
5084.0 1672.0 20.0 10.0
3613.0 223.0 20.0 10.0
3506.0 1427.0 20.0 10.0
3502.0 1407.0 20.0 10.0
3512.0 1387.0 20.0 10.0
3853.0 1432.0 20.0 10.0
3611.0 788.0 20.0 10.0
2174.0 1168.0 20.0 10.0
5569.0 1974.0 20.0 10.0
5156.0 1472.0 20.0 10.0
4088.0 1413.0 20.0 10.0
4105.0 1395.0 20.0 10.0
3219.0 943.0 20.0 10.0
3218.0 968.0 20.0 10.0
266.0 1489.0 20.0 10.0
942.0 2524.0 20.0 10.0
1108.0 1347.0 20.0 10.0
2238.0 1158.0 20.0 10.0
2249.0 1175.0 20.0 10.0
4719.0 1456.0 20.0 10.0
826.0 2452.0 20.0 10.0
5288.0 1812.0 20.0 10.0
532.0 2079.0 20.0 10.0
536.0 2099.0 20.0 10.0
4716.0 1488.0 20.0 10.0
3923.0 1036.0 20.0 10.0
3218.0 856.0 20.0 10.0
1142.0 1352.0 20.0 10.0
1321.0 1351.0 20.0 10.0
4589.0 910.0 20.0 10.0
4582.0 919.0 20.0 10.0
4567.0 940.0 20.0 10.0
2282.0 1199.0 20.0 10.0
3796.0 1376.0 20.0 10.0
3801.0 1367.0 20.0 10.0
3800.0 1344.0 20.0 10.0
3564.0 338.0 20.0 10.0
5185.0 1793.0 20.0 10.0
107.0 1493.0 20.0 10.0
386.0 2534.0 20.0 10.0
408.0 2490.0 20.0 10.0
3179.0 874.0 20.0 10.0
3198.0 875.0 20.0 10.0
3190.0 904.0 20.0 10.0
328.0 1483.0 20.0 10.0
5330.0 1842.0 20.0 10.0
3598.0 305.0 20.0 10.0
4402.0 930.0 20.0 10.0
3792.0 1383.0 20.0 10.0
1190.0 2741.0 20.0 10.0
1164.0 2716.0 20.0 10.0
2034.0 1232.0 20.0 10.0
790.0 2152.0 20.0 10.0
2054.0 1146.0 20.0 10.0
2829.0 271.0 20.0 10.0
2811.0 292.0 20.0 10.0
233.0 2825.0 20.0 10.0
2682.0 250.0 20.0 10.0
4240.0 1078.0 20.0 10.0
4231.0 1054.0 20.0 10.0
3467.0 1034.0 20.0 10.0
770.0 2202.0 20.0 10.0
4195.0 1378.0 20.0 10.0
5145.0 1647.0 20.0 10.0
5165.0 1660.0 20.0 10.0
2732.0 243.0 20.0 10.0
2757.0 254.0 20.0 10.0
885.0 2181.0 20.0 10.0
3986.0 1536.0 20.0 10.0
3574.0 1007.0 20.0 10.0
4316.0 1084.0 20.0 10.0
4302.0 1083.0 20.0 10.0
3920.0 1008.0 20.0 10.0
2683.0 116.0 20.0 10.0
2690.0 126.0 20.0 10.0
5009.0 1851.0 20.0 10.0
2754.0 132.0 20.0 10.0
2760.0 155.0 20.0 10.0
2762.0 169.0 20.0 10.0
5079.0 1789.0 20.0 10.0
5101.0 1523.0 20.0 10.0
4208.0 1433.0 20.0 10.0
5539.0 1935.0 20.0 10.0
2601.0 1130.0 20.0 10.0
2829.0 241.0 20.0 10.0
5151.0 205.0 20.0 10.0
3203.0 974.0 20.0 10.0
3598.0 746.0 20.0 10.0
496.0 2486.0 20.0 10.0
935.0 2533.0 20.0 10.0
296.0 2690.0 20.0 10.0
317.0 2654.0 20.0 10.0
5118.0 1758.0 20.0 10.0
944.0 2464.0 20.0 10.0
3189.0 974.0 20.0 10.0
730.0 1414.0 20.0 10.0
3558.0 1370.0 20.0 10.0
3546.0 1347.0 20.0 10.0
2670.0 25.0 20.0 10.0
2685.0 48.0 20.0 10.0
5145.0 228.0 20.0 10.0
4995.0 359.0 20.0 10.0
4555.0 919.0 20.0 10.0
3122.0 967.0 20.0 10.0
5214.0 155.0 20.0 10.0
3843.0 1492.0 20.0 10.0
3846.0 1479.0 20.0 10.0
5016.0 1661.0 20.0 10.0
3562.0 706.0 20.0 10.0
3589.0 705.0 20.0 10.0
835.0 2401.0 20.0 10.0
2531.0 1168.0 20.0 10.0
3534.0 1324.0 20.0 10.0
5129.0 238.0 20.0 10.0
5110.0 250.0 20.0 10.0
3614.0 293.0 20.0 10.0
3603.0 283.0 20.0 10.0
3579.0 572.0 20.0 10.0
3996.0 1550.0 20.0 10.0
4132.0 1056.0 20.0 10.0
3513.0 1341.0 20.0 10.0
4772.0 502.0 20.0 10.0
3576.0 464.0 20.0 10.0
189.0 2507.0 20.0 10.0
2135.0 1175.0 20.0 10.0
3522.0 657.0 20.0 10.0
1247.0 1302.0 20.0 10.0
1257.0 1303.0 20.0 10.0
4496.0 1331.0 20.0 10.0
4478.0 1314.0 20.0 10.0
1210.0 1330.0 20.0 10.0
3530.0 1381.0 20.0 10.0
1426.0 1312.0 20.0 10.0
1527.0 1297.0 20.0 10.0
805.0 2470.0 20.0 10.0
291.0 2484.0 20.0 10.0
339.0 2482.0 20.0 10.0
3524.0 300.0 20.0 10.0
69.0 2499.0 20.0 10.0
93.0 2480.0 20.0 10.0
2726.0 295.0 20.0 10.0
2742.0 303.0 20.0 10.0
2786.0 221.0 20.0 10.0
5087.0 1480.0 20.0 10.0
5077.0 1483.0 20.0 10.0
241.0 2798.0 20.0 10.0
974.0 2301.0 20.0 10.0
826.0 2148.0 20.0 10.0
437.0 2309.0 20.0 10.0
846.0 2250.0 20.0 10.0
812.0 2218.0 20.0 10.0
909.0 2524.0 20.0 10.0
3544.0 586.0 20.0 10.0
916.0 2303.0 20.0 10.0
884.0 2305.0 20.0 10.0
2806.0 1121.0 20.0 10.0
4963.0 1838.0 20.0 10.0
384.0 2241.0 20.0 10.0
2664.0 89.0 20.0 10.0
2689.0 98.0 20.0 10.0
3472.0 1223.0 20.0 10.0
2239.0 1229.0 20.0 10.0
3575.0 542.0 20.0 10.0
2006.0 1225.0 20.0 10.0
3558.0 1313.0 20.0 10.0
414.0 2375.0 20.0 10.0
3543.0 1205.0 20.0 10.0
4956.0 1812.0 20.0 10.0
4797.0 534.0 20.0 10.0
4489.0 953.0 20.0 10.0
4459.0 951.0 20.0 10.0
4406.0 967.0 20.0 10.0
2749.0 308.0 20.0 10.0
2816.0 323.0 20.0 10.0
4279.0 1049.0 20.0 10.0
2205.0 1210.0 20.0 10.0
5038.0 1704.0 20.0 10.0
704.0 2506.0 20.0 10.0
722.0 2489.0 20.0 10.0
2925.0 488.0 20.0 10.0
3852.0 1380.0 20.0 10.0
685.0 2185.0 20.0 10.0
1572.0 1265.0 20.0 10.0
2912.0 1092.0 20.0 10.0
2832.0 257.0 20.0 10.0
577.0 1437.0 20.0 10.0
5113.0 415.0 20.0 10.0
5097.0 422.0 20.0 10.0
2632.0 1128.0 20.0 10.0
2639.0 1118.0 20.0 10.0
2148.0 1173.0 20.0 10.0
4826.0 474.0 20.0 10.0
2696.0 72.0 20.0 10.0
4690.0 873.0 20.0 10.0
4940.0 474.0 20.0 10.0
4744.0 548.0 20.0 10.0
4538.0 933.0 20.0 10.0
2729.0 172.0 20.0 10.0
1600.0 1275.0 20.0 10.0
1630.0 1282.0 20.0 10.0
1737.0 1267.0 20.0 10.0
3158.0 989.0 20.0 10.0
5125.0 1747.0 20.0 10.0
724.0 2165.0 20.0 10.0
636.0 2518.0 20.0 10.0
1706.0 1270.0 20.0 10.0
4677.0 1489.0 20.0 10.0
5179.0 177.0 20.0 10.0
5003.0 425.0 20.0 10.0
4983.0 433.0 20.0 10.0
4962.0 441.0 20.0 10.0
540.0 2134.0 20.0 10.0
4750.0 881.0 20.0 10.0
3575.0 503.0 20.0 10.0
4768.0 510.0 20.0 10.0
4749.0 532.0 20.0 10.0
3075.0 1078.0 20.0 10.0
4653.0 1419.0 20.0 10.0
892.0 2250.0 20.0 10.0
2876.0 416.0 20.0 10.0
345.0 1464.0 20.0 10.0
370.0 1457.0 20.0 10.0
795.0 1357.0 20.0 10.0
4439.0 974.0 20.0 10.0
927.0 2461.0 20.0 10.0
2152.0 1282.0 20.0 10.0
3541.0 1175.0 20.0 10.0
4343.0 1281.0 20.0 10.0
5043.0 1689.0 20.0 10.0
3841.0 1503.0 20.0 10.0
2898.0 435.0 20.0 10.0
3205.0 814.0 20.0 10.0
237.0 2808.0 20.0 10.0
3684.0 1018.0 20.0 10.0
929.0 2215.0 20.0 10.0
908.0 2217.0 20.0 10.0
1312.0 1355.0 20.0 10.0
2808.0 259.0 20.0 10.0
4317.0 1077.0 20.0 10.0
768.0 2503.0 20.0 10.0
2744.0 273.0 20.0 10.0
5507.0 1921.0 20.0 10.0
5139.0 215.0 20.0 10.0
4499.0 802.0 20.0 10.0
4940.0 1826.0 20.0 10.0
1217.0 2787.0 20.0 10.0
3976.0 1453.0 20.0 10.0
249.0 2783.0 20.0 10.0
2872.0 350.0 20.0 10.0
227.0 1475.0 20.0 10.0
1536.0 1277.0 20.0 10.0
5003.0 351.0 20.0 10.0
2711.0 257.0 20.0 10.0
837.0 2128.0 20.0 10.0
2248.0 1223.0 20.0 10.0
2270.0 1207.0 20.0 10.0
2296.0 1179.0 20.0 10.0
1168.0 1325.0 20.0 10.0
5458.0 1897.0 20.0 10.0
5441.0 1888.0 20.0 10.0
2787.0 1102.0 20.0 10.0
5422.0 1837.0 20.0 10.0
2508.0 1138.0 20.0 10.0
988.0 2586.0 20.0 10.0
3991.0 1443.0 20.0 10.0
4005.0 1417.0 20.0 10.0
4806.0 476.0 20.0 10.0
4789.0 490.0 20.0 10.0
3005.0 1069.0 20.0 10.0
5072.0 1713.0 20.0 10.0
4478.0 818.0 20.0 10.0
318.0 1450.0 20.0 10.0
338.0 1458.0 20.0 10.0
5036.0 411.0 20.0 10.0
4977.0 1767.0 20.0 10.0
4645.0 899.0 20.0 10.0
764.0 1412.0 20.0 10.0
4565.0 742.0 20.0 10.0
4539.0 764.0 20.0 10.0
5329.0 1867.0 20.0 10.0
2170.0 1272.0 20.0 10.0
2188.0 1260.0 20.0 10.0
4007.0 1638.0 20.0 10.0
463.0 1452.0 20.0 10.0
865.0 2472.0 20.0 10.0
5148.0 1755.0 20.0 10.0
4802.0 877.0 20.0 10.0
4779.0 882.0 20.0 10.0
5073.0 1648.0 20.0 10.0
978.0 1379.0 20.0 10.0
1054.0 1365.0 20.0 10.0
1214.0 2750.0 20.0 10.0
551.0 2481.0 20.0 10.0
531.0 2240.0 20.0 10.0
103.0 1532.0 20.0 10.0
3979.0 1475.0 20.0 10.0
3852.0 1442.0 20.0 10.0
4926.0 458.0 20.0 10.0
3577.0 428.0 20.0 10.0
2414.0 1160.0 20.0 10.0
2533.0 1142.0 20.0 10.0
3494.0 1282.0 20.0 10.0
5085.0 1506.0 20.0 10.0
4971.0 1652.0 20.0 10.0
416.0 1430.0 20.0 10.0
4957.0 1688.0 20.0 10.0
553.0 2176.0 20.0 10.0
3599.0 316.0 20.0 10.0
4739.0 861.0 20.0 10.0
2791.0 326.0 20.0 10.0
5418.0 1879.0 20.0 10.0
5093.0 1748.0 20.0 10.0
25.0 1518.0 20.0 10.0
1166.0 2757.0 20.0 10.0
1139.0 2749.0 20.0 10.0
1146.0 2722.0 20.0 10.0
4035.0 1422.0 20.0 10.0
4027.0 1397.0 20.0 10.0
1127.0 2769.0 20.0 10.0
2094.0 1159.0 20.0 10.0
5040.0 1491.0 20.0 10.0
3971.0 1449.0 20.0 10.0
3545.0 1268.0 20.0 10.0
4790.0 576.0 20.0 10.0
4759.0 575.0 20.0 10.0
4705.0 612.0 20.0 10.0
5098.0 1692.0 20.0 10.0
4583.0 895.0 20.0 10.0
4005.0 1573.0 20.0 10.0
2011.0 1158.0 20.0 10.0
486.0 1454.0 20.0 10.0
2031.0 1157.0 20.0 10.0
3523.0 1318.0 20.0 10.0
3535.0 1296.0 20.0 10.0
5547.0 1958.0 20.0 10.0
263.0 2469.0 20.0 10.0
3798.0 999.0 20.0 10.0
3808.0 1002.0 20.0 10.0
4417.0 875.0 20.0 10.0
4356.0 933.0 20.0 10.0
3976.0 1471.0 20.0 10.0
2176.0 1183.0 20.0 10.0
5173.0 1741.0 20.0 10.0
5244.0 1769.0 20.0 10.0
1003.0 1365.0 20.0 10.0
2707.0 149.0 20.0 10.0
4283.0 1090.0 20.0 10.0
4920.0 1517.0 20.0 10.0
625.0 2532.0 20.0 10.0
4200.0 1415.0 20.0 10.0
4204.0 1399.0 20.0 10.0
4216.0 1376.0 20.0 10.0
4196.0 1351.0 20.0 10.0
832.0 1402.0 20.0 10.0
5068.0 303.0 20.0 10.0
5049.0 313.0 20.0 10.0
5182.0 1717.0 20.0 10.0
4298.0 1309.0 20.0 10.0
5396.0 1840.0 20.0 10.0
442.0 2487.0 20.0 10.0
226.0 2822.0 20.0 10.0
3696.0 1266.0 20.0 10.0
3641.0 1237.0 20.0 10.0
3585.0 1204.0 20.0 10.0
4620.0 688.0 20.0 10.0
1046.0 2630.0 20.0 10.0
842.0 1371.0 20.0 10.0
2765.0 320.0 20.0 10.0
2785.0 307.0 20.0 10.0
4739.0 891.0 20.0 10.0
4720.0 892.0 20.0 10.0
3848.0 1441.0 20.0 10.0
4892.0 1558.0 20.0 10.0
4501.0 797.0 20.0 10.0
4102.0 1044.0 20.0 10.0
5131.0 226.0 20.0 10.0
4940.0 451.0 20.0 10.0
4914.0 462.0 20.0 10.0
179.0 2467.0 20.0 10.0
1184.0 1323.0 20.0 10.0
4840.0 461.0 20.0 10.0
4939.0 1850.0 20.0 10.0
2652.0 71.0 20.0 10.0
87.0 1524.0 20.0 10.0
2177.0 1269.0 20.0 10.0
5229.0 1757.0 20.0 10.0
310.0 1482.0 20.0 10.0
358.0 1474.0 20.0 10.0
340.0 2617.0 20.0 10.0
364.0 2576.0 20.0 10.0
4476.0 1343.0 20.0 10.0
853.0 2434.0 20.0 10.0
1176.0 1371.0 20.0 10.0
3239.0 1035.0 20.0 10.0
2651.0 83.0 20.0 10.0
2664.0 97.0 20.0 10.0
144.0 1485.0 20.0 10.0
915.0 1365.0 20.0 10.0
4513.0 783.0 20.0 10.0
3543.0 832.0 20.0 10.0
1328.0 1326.0 20.0 10.0
5172.0 187.0 20.0 10.0
768.0 2486.0 20.0 10.0
4410.0 929.0 20.0 10.0
4391.0 943.0 20.0 10.0
4834.0 868.0 20.0 10.0
3194.0 949.0 20.0 10.0
273.0 2441.0 20.0 10.0
5193.0 239.0 20.0 10.0
4595.0 938.0 20.0 10.0
4845.0 865.0 20.0 10.0
4386.0 886.0 20.0 10.0
4384.0 897.0 20.0 10.0
3553.0 295.0 20.0 10.0
4792.0 475.0 20.0 10.0
3552.0 1009.0 20.0 10.0
4248.0 1333.0 20.0 10.0
4408.0 1266.0 20.0 10.0
5113.0 1827.0 20.0 10.0
5125.0 1475.0 20.0 10.0
5083.0 275.0 20.0 10.0
5056.0 302.0 20.0 10.0
111.0 1514.0 20.0 10.0
5130.0 1519.0 20.0 10.0
5099.0 1829.0 20.0 10.0
3988.0 1529.0 20.0 10.0
3984.0 1515.0 20.0 10.0
5124.0 1679.0 20.0 10.0
5110.0 1658.0 20.0 10.0
34.0 2522.0 20.0 10.0
44.0 2497.0 20.0 10.0
1104.0 1358.0 20.0 10.0
4582.0 956.0 20.0 10.0
3204.0 990.0 20.0 10.0
4967.0 1845.0 20.0 10.0
2830.0 278.0 20.0 10.0
958.0 2298.0 20.0 10.0
4938.0 411.0 20.0 10.0
4925.0 422.0 20.0 10.0
4889.0 458.0 20.0 10.0
820.0 2181.0 20.0 10.0
435.0 2396.0 20.0 10.0
3847.0 1472.0 20.0 10.0
3588.0 1169.0 20.0 10.0
4897.0 1598.0 20.0 10.0
4896.0 1573.0 20.0 10.0
4840.0 1534.0 20.0 10.0
5065.0 1766.0 20.0 10.0
3527.0 1298.0 20.0 10.0
3532.0 1261.0 20.0 10.0
3535.0 1217.0 20.0 10.0
3527.0 1171.0 20.0 10.0
3473.0 1126.0 20.0 10.0
2718.0 263.0 20.0 10.0
3996.0 1592.0 20.0 10.0
5083.0 426.0 20.0 10.0
5068.0 432.0 20.0 10.0
605.0 2475.0 20.0 10.0
1210.0 2765.0 20.0 10.0
3777.0 1002.0 20.0 10.0
4294.0 1139.0 20.0 10.0
4273.0 1113.0 20.0 10.0
4330.0 1180.0 20.0 10.0
5039.0 321.0 20.0 10.0
988.0 1389.0 20.0 10.0
938.0 2301.0 20.0 10.0
124.0 2477.0 20.0 10.0
3514.0 1219.0 20.0 10.0
3523.0 1218.0 20.0 10.0
3532.0 1241.0 20.0 10.0
794.0 2495.0 20.0 10.0
5521.0 1941.0 20.0 10.0
2769.0 1104.0 20.0 10.0
2887.0 1086.0 20.0 10.0
4587.0 1379.0 20.0 10.0
2698.0 281.0 20.0 10.0
800.0 1414.0 20.0 10.0
3900.0 1026.0 20.0 10.0
5396.0 1873.0 20.0 10.0
1132.0 2696.0 20.0 10.0
2236.0 1199.0 20.0 10.0
1559.0 1293.0 20.0 10.0
2067.0 1217.0 20.0 10.0
2181.0 1199.0 20.0 10.0
3148.0 809.0 20.0 10.0
3157.0 842.0 20.0 10.0
4975.0 1782.0 20.0 10.0
3479.0 1368.0 20.0 10.0
4520.0 1337.0 20.0 10.0
4453.0 1293.0 20.0 10.0
4021.0 1457.0 20.0 10.0
4767.0 887.0 20.0 10.0
3633.0 919.0 20.0 10.0
3658.0 922.0 20.0 10.0
3672.0 969.0 20.0 10.0
400.0 2259.0 20.0 10.0
403.0 2273.0 20.0 10.0
5120.0 1734.0 20.0 10.0
1590.0 1283.0 20.0 10.0
409.0 1485.0 20.0 10.0
415.0 1474.0 20.0 10.0
3661.0 1261.0 20.0 10.0
347.0 1442.0 20.0 10.0
843.0 2351.0 20.0 10.0
849.0 2301.0 20.0 10.0
3584.0 1252.0 20.0 10.0
5104.0 1489.0 20.0 10.0
5075.0 1494.0 20.0 10.0
2853.0 370.0 20.0 10.0
2871.0 390.0 20.0 10.0
4689.0 1465.0 20.0 10.0
3555.0 247.0 20.0 10.0
3627.0 281.0 20.0 10.0
2639.0 1156.0 20.0 10.0
3573.0 571.0 20.0 10.0
3575.0 586.0 20.0 10.0
3578.0 625.0 20.0 10.0
3581.0 665.0 20.0 10.0
3533.0 317.0 20.0 10.0
3541.0 329.0 20.0 10.0
4867.0 857.0 20.0 10.0
1230.0 2751.0 20.0 10.0
904.0 2462.0 20.0 10.0
3163.0 857.0 20.0 10.0
3560.0 1236.0 20.0 10.0
441.0 2331.0 20.0 10.0
453.0 2352.0 20.0 10.0
221.0 2468.0 20.0 10.0
4885.0 477.0 20.0 10.0
4853.0 497.0 20.0 10.0
4421.0 985.0 20.0 10.0
4875.0 1607.0 20.0 10.0
160.0 2481.0 20.0 10.0
326.0 1444.0 20.0 10.0
2677.0 225.0 20.0 10.0
25.0 2483.0 20.0 10.0
2755.0 292.0 20.0 10.0
4676.0 1440.0 20.0 10.0
392.0 2256.0 20.0 10.0
4787.0 512.0 20.0 10.0
4758.0 539.0 20.0 10.0
4731.0 569.0 20.0 10.0
5129.0 1740.0 20.0 10.0
5101.0 1731.0 20.0 10.0
1097.0 2671.0 20.0 10.0
4144.0 1033.0 20.0 10.0
4995.0 1815.0 20.0 10.0
4977.0 1797.0 20.0 10.0
2497.0 1142.0 20.0 10.0
1244.0 1341.0 20.0 10.0
2702.0 300.0 20.0 10.0
5400.0 1833.0 20.0 10.0
1233.0 2768.0 20.0 10.0
4962.0 1820.0 20.0 10.0
4962.0 1801.0 20.0 10.0
3583.0 346.0 20.0 10.0
901.0 2159.0 20.0 10.0
529.0 2061.0 20.0 10.0
3978.0 1422.0 20.0 10.0
1366.0 1332.0 20.0 10.0
2045.0 1181.0 20.0 10.0
1599.0 1299.0 20.0 10.0
758.0 1369.0 20.0 10.0
3495.0 1217.0 20.0 10.0
3504.0 1218.0 20.0 10.0
597.0 2169.0 20.0 10.0
601.0 2195.0 20.0 10.0
2164.0 1161.0 20.0 10.0
2205.0 1164.0 20.0 10.0
3159.0 819.0 20.0 10.0
3171.0 833.0 20.0 10.0
4006.0 1031.0 20.0 10.0
462.0 1470.0 20.0 10.0
46.0 1511.0 20.0 10.0
67.0 1506.0 20.0 10.0
4011.0 1437.0 20.0 10.0
202.0 2483.0 20.0 10.0
3554.0 394.0 20.0 10.0
3581.0 395.0 20.0 10.0
398.0 1451.0 20.0 10.0
3055.0 1061.0 20.0 10.0
3030.0 1054.0 20.0 10.0
3547.0 224.0 20.0 10.0
5411.0 1870.0 20.0 10.0
1118.0 2685.0 20.0 10.0
4972.0 477.0 20.0 10.0
848.0 2104.0 20.0 10.0
3997.0 1600.0 20.0 10.0
5141.0 1770.0 20.0 10.0
2070.0 1152.0 20.0 10.0
5061.0 1491.0 20.0 10.0
872.0 2256.0 20.0 10.0
4557.0 739.0 20.0 10.0
772.0 2172.0 20.0 10.0
455.0 1453.0 20.0 10.0
4371.0 914.0 20.0 10.0
742.0 2167.0 20.0 10.0
3141.0 960.0 20.0 10.0
4810.0 435.0 20.0 10.0
4808.0 457.0 20.0 10.0
4707.0 899.0 20.0 10.0
772.0 1379.0 20.0 10.0
2215.0 1162.0 20.0 10.0
407.0 1461.0 20.0 10.0
854.0 2142.0 20.0 10.0
839.0 2157.0 20.0 10.0
984.0 1362.0 20.0 10.0
3550.0 1368.0 20.0 10.0
3562.0 270.0 20.0 10.0
4290.0 1063.0 20.0 10.0
4265.0 1070.0 20.0 10.0
4985.0 1840.0 20.0 10.0
5155.0 398.0 20.0 10.0
5133.0 407.0 20.0 10.0
765.0 1361.0 20.0 10.0
361.0 2564.0 20.0 10.0
5164.0 1500.0 20.0 10.0
5136.0 1490.0 20.0 10.0
4617.0 891.0 20.0 10.0
4366.0 965.0 20.0 10.0
3172.0 951.0 20.0 10.0
50.0 2480.0 20.0 10.0
2196.0 1199.0 20.0 10.0
2219.0 1184.0 20.0 10.0
3500.0 1257.0 20.0 10.0
3526.0 1256.0 20.0 10.0
3849.0 1462.0 20.0 10.0
867.0 2490.0 20.0 10.0
4219.0 1079.0 20.0 10.0
268.0 1474.0 20.0 10.0
282.0 1469.0 20.0 10.0
967.0 2271.0 20.0 10.0
5350.0 1827.0 20.0 10.0
5324.0 1826.0 20.0 10.0
3642.0 876.0 20.0 10.0
2829.0 301.0 20.0 10.0
819.0 1361.0 20.0 10.0
3569.0 276.0 20.0 10.0
5491.0 1914.0 20.0 10.0
1323.0 1295.0 20.0 10.0
5191.0 173.0 20.0 10.0
3622.0 859.0 20.0 10.0
4783.0 475.0 20.0 10.0
351.0 2596.0 20.0 10.0
5123.0 1520.0 20.0 10.0
1284.0 1335.0 20.0 10.0
3132.0 822.0 20.0 10.0
3144.0 835.0 20.0 10.0
3518.0 1366.0 20.0 10.0
3966.0 1411.0 20.0 10.0
2191.0 1176.0 20.0 10.0
1250.0 2786.0 20.0 10.0
3159.0 846.0 20.0 10.0
161.0 1494.0 20.0 10.0
3122.0 1052.0 20.0 10.0
4384.0 1245.0 20.0 10.0
1190.0 1366.0 20.0 10.0
3997.0 1438.0 20.0 10.0
3463.0 1382.0 20.0 10.0
5473.0 1907.0 20.0 10.0
4993.0 1746.0 20.0 10.0
262.0 2756.0 20.0 10.0
278.0 2723.0 20.0 10.0
5353.0 1840.0 20.0 10.0
5067.0 1654.0 20.0 10.0
4350.0 979.0 20.0 10.0
4293.0 990.0 20.0 10.0
4217.0 1044.0 20.0 10.0
3981.0 1484.0 20.0 10.0
3852.0 1411.0 20.0 10.0
4568.0 747.0 20.0 10.0
421.0 2443.0 20.0 10.0
4596.0 711.0 20.0 10.0
1394.0 1322.0 20.0 10.0
5138.0 1827.0 20.0 10.0
3607.0 304.0 20.0 10.0
2652.0 1142.0 20.0 10.0
4416.0 922.0 20.0 10.0
4684.0 897.0 20.0 10.0
519.0 1445.0 20.0 10.0
3417.0 1083.0 20.0 10.0
3358.0 1043.0 20.0 10.0
660.0 2468.0 20.0 10.0
3123.0 839.0 20.0 10.0
5156.0 1515.0 20.0 10.0
2721.0 274.0 20.0 10.0
439.0 1428.0 20.0 10.0
957.0 1365.0 20.0 10.0
1235.0 2776.0 20.0 10.0
638.0 1430.0 20.0 10.0
700.0 1421.0 20.0 10.0
4616.0 948.0 20.0 10.0
3123.0 785.0 20.0 10.0
4629.0 916.0 20.0 10.0
4602.0 909.0 20.0 10.0
5188.0 1784.0 20.0 10.0
5168.0 1772.0 20.0 10.0
845.0 2123.0 20.0 10.0
4150.0 1387.0 20.0 10.0
4142.0 1361.0 20.0 10.0
133.0 1490.0 20.0 10.0
149.0 1514.0 20.0 10.0
4575.0 903.0 20.0 10.0
5169.0 229.0 20.0 10.0
5197.0 169.0 20.0 10.0
3560.0 1210.0 20.0 10.0
5026.0 330.0 20.0 10.0
4948.0 1780.0 20.0 10.0
3688.0 1267.0 20.0 10.0
5094.0 254.0 20.0 10.0
415.0 2295.0 20.0 10.0
431.0 2324.0 20.0 10.0
5372.0 1855.0 20.0 10.0
4815.0 560.0 20.0 10.0
4507.0 935.0 20.0 10.0
4956.0 482.0 20.0 10.0
5052.0 438.0 20.0 10.0
4002.0 1620.0 20.0 10.0
1165.0 1375.0 20.0 10.0
5174.0 1704.0 20.0 10.0
5043.0 1738.0 20.0 10.0
1061.0 2645.0 20.0 10.0
540.0 2121.0 20.0 10.0
546.0 2147.0 20.0 10.0
4629.0 948.0 20.0 10.0
635.0 2451.0 20.0 10.0
4032.0 1415.0 20.0 10.0
944.0 2118.0 20.0 10.0
936.0 2135.0 20.0 10.0
922.0 2160.0 20.0 10.0
906.0 2190.0 20.0 10.0
876.0 2216.0 20.0 10.0
1295.0 1299.0 20.0 10.0
4947.0 1690.0 20.0 10.0
5004.0 1491.0 20.0 10.0
3558.0 1173.0 20.0 10.0
2792.0 347.0 20.0 10.0
5130.0 1811.0 20.0 10.0
5103.0 1804.0 20.0 10.0
891.0 2190.0 20.0 10.0
413.0 1435.0 20.0 10.0
4707.0 871.0 20.0 10.0
3617.0 236.0 20.0 10.0
3614.0 246.0 20.0 10.0
3609.0 264.0 20.0 10.0
2669.0 1157.0 20.0 10.0
2674.0 1132.0 20.0 10.0
5535.0 1945.0 20.0 10.0
2220.0 1241.0 20.0 10.0
92.0 1494.0 20.0 10.0
561.0 2209.0 20.0 10.0
1227.0 2801.0 20.0 10.0
1194.0 2773.0 20.0 10.0
5542.0 1925.0 20.0 10.0
4266.0 1108.0 20.0 10.0
3184.0 782.0 20.0 10.0
3610.0 199.0 20.0 10.0
4997.0 1872.0 20.0 10.0
5008.0 1644.0 20.0 10.0
4807.0 495.0 20.0 10.0
979.0 2562.0 20.0 10.0
950.0 2555.0 20.0 10.0
4270.0 1043.0 20.0 10.0
3042.0 649.0 20.0 10.0
5289.0 1799.0 20.0 10.0
5275.0 1798.0 20.0 10.0
4969.0 1865.0 20.0 10.0
1071.0 2628.0 20.0 10.0
3545.0 656.0 20.0 10.0
1179.0 1325.0 20.0 10.0
1234.0 1340.0 20.0 10.0
5225.0 1770.0 20.0 10.0
3513.0 278.0 20.0 10.0
3825.0 1335.0 20.0 10.0
2846.0 345.0 20.0 10.0
3192.0 802.0 20.0 10.0
1572.0 1313.0 20.0 10.0
5369.0 1871.0 20.0 10.0
5354.0 1848.0 20.0 10.0
288.0 2448.0 20.0 10.0
312.0 2464.0 20.0 10.0
4398.0 988.0 20.0 10.0
240.0 1480.0 20.0 10.0
4956.0 1800.0 20.0 10.0
4467.0 1321.0 20.0 10.0
4954.0 1609.0 20.0 10.0
4962.0 389.0 20.0 10.0
2767.0 289.0 20.0 10.0
3580.0 1168.0 20.0 10.0
3864.0 1374.0 20.0 10.0
478.0 2312.0 20.0 10.0
878.0 1367.0 20.0 10.0
793.0 1362.0 20.0 10.0
1071.0 1354.0 20.0 10.0
3187.0 831.0 20.0 10.0
5093.0 1667.0 20.0 10.0
4685.0 1503.0 20.0 10.0
4701.0 1485.0 20.0 10.0
781.0 1363.0 20.0 10.0
4812.0 489.0 20.0 10.0
5111.0 1711.0 20.0 10.0
244.0 2486.0 20.0 10.0
3894.0 1027.0 20.0 10.0
5394.0 1861.0 20.0 10.0
2046.0 1157.0 20.0 10.0
2069.0 1164.0 20.0 10.0
4365.0 1304.0 20.0 10.0
1215.0 1356.0 20.0 10.0
5013.0 1725.0 20.0 10.0
620.0 2104.0 20.0 10.0
2149.0 1214.0 20.0 10.0
2635.0 46.0 20.0 10.0
2648.0 65.0 20.0 10.0
631.0 2509.0 20.0 10.0
2487.0 1146.0 20.0 10.0
3550.0 577.0 20.0 10.0
4993.0 1862.0 20.0 10.0
4943.0 1797.0 20.0 10.0
3248.0 965.0 20.0 10.0
391.0 2485.0 20.0 10.0
3546.0 1340.0 20.0 10.0
3540.0 1325.0 20.0 10.0
1015.0 1371.0 20.0 10.0
4924.0 1808.0 20.0 10.0
5094.0 1726.0 20.0 10.0
191.0 1492.0 20.0 10.0
226.0 1491.0 20.0 10.0
643.0 2187.0 20.0 10.0
1025.0 2615.0 20.0 10.0
4921.0 1491.0 20.0 10.0
956.0 2121.0 20.0 10.0
2642.0 25.0 20.0 10.0
5108.0 1702.0 20.0 10.0
5119.0 1711.0 20.0 10.0
5062.0 1680.0 20.0 10.0
3568.0 655.0 20.0 10.0
2703.0 250.0 20.0 10.0
4988.0 1502.0 20.0 10.0
4964.0 1491.0 20.0 10.0
2864.0 328.0 20.0 10.0
2127.0 1160.0 20.0 10.0
306.0 2672.0 20.0 10.0
3474.0 1372.0 20.0 10.0
3495.0 1356.0 20.0 10.0
4279.0 1033.0 20.0 10.0
5172.0 1675.0 20.0 10.0
5517.0 1925.0 20.0 10.0
4651.0 661.0 20.0 10.0
5604.0 2011.0 20.0 10.0
5588.0 1993.0 20.0 10.0
4903.0 1497.0 20.0 10.0
3559.0 315.0 20.0 10.0
3750.0 1293.0 20.0 10.0
793.0 1395.0 20.0 10.0
809.0 1374.0 20.0 10.0
4873.0 1580.0 20.0 10.0
503.0 2275.0 20.0 10.0
3552.0 840.0 20.0 10.0
3575.0 844.0 20.0 10.0
3600.0 850.0 20.0 10.0
3858.0 1345.0 20.0 10.0
3805.0 1320.0 20.0 10.0
609.0 2144.0 20.0 10.0
3525.0 1358.0 20.0 10.0
3523.0 1334.0 20.0 10.0
3532.0 1280.0 20.0 10.0
4946.0 1669.0 20.0 10.0
4945.0 1647.0 20.0 10.0
4316.0 1330.0 20.0 10.0
4822.0 872.0 20.0 10.0
3154.0 962.0 20.0 10.0
3174.0 974.0 20.0 10.0
4245.0 1049.0 20.0 10.0
3546.0 1243.0 20.0 10.0
5091.0 264.0 20.0 10.0
3971.0 1371.0 20.0 10.0
4831.0 1494.0 20.0 10.0
4640.0 948.0 20.0 10.0
2801.0 235.0 20.0 10.0
651.0 2516.0 20.0 10.0
654.0 2495.0 20.0 10.0
5204.0 196.0 20.0 10.0
5182.0 207.0 20.0 10.0
4387.0 964.0 20.0 10.0
5364.0 1836.0 20.0 10.0
1272.0 1302.0 20.0 10.0
3552.0 1016.0 20.0 10.0
2651.0 1122.0 20.0 10.0
1558.0 1275.0 20.0 10.0
4200.0 1055.0 20.0 10.0
2042.0 1140.0 20.0 10.0
2927.0 481.0 20.0 10.0
5412.0 1896.0 20.0 10.0
4605.0 955.0 20.0 10.0
4592.0 952.0 20.0 10.0
2734.0 274.0 20.0 10.0
2210.0 1246.0 20.0 10.0
342.0 2591.0 20.0 10.0
3573.0 295.0 20.0 10.0
395.0 1480.0 20.0 10.0
5104.0 1505.0 20.0 10.0
3802.0 1045.0 20.0 10.0
4209.0 1056.0 20.0 10.0
1846.0 1251.0 20.0 10.0
1957.0 1234.0 20.0 10.0
4254.0 1098.0 20.0 10.0
128.0 1526.0 20.0 10.0
133.0 1499.0 20.0 10.0
3607.0 1186.0 20.0 10.0
4416.0 949.0 20.0 10.0
3021.0 627.0 20.0 10.0
3055.0 677.0 20.0 10.0
3089.0 730.0 20.0 10.0
2032.0 1135.0 20.0 10.0
2938.0 508.0 20.0 10.0
2478.0 1150.0 20.0 10.0
1053.0 2612.0 20.0 10.0
2840.0 248.0 20.0 10.0
4808.0 536.0 20.0 10.0
270.0 2741.0 20.0 10.0
5027.0 428.0 20.0 10.0
584.0 2495.0 20.0 10.0
1354.0 1297.0 20.0 10.0
435.0 1472.0 20.0 10.0
1341.0 1343.0 20.0 10.0
5178.0 1687.0 20.0 10.0
2168.0 1252.0 20.0 10.0
3593.0 334.0 20.0 10.0
3580.0 362.0 20.0 10.0
3909.0 1057.0 20.0 10.0
3982.0 1525.0 20.0 10.0
4876.0 1492.0 20.0 10.0
5582.0 1984.0 20.0 10.0
3991.0 1574.0 20.0 10.0
3989.0 1557.0 20.0 10.0
727.0 2192.0 20.0 10.0
4283.0 1375.0 20.0 10.0
4277.0 1367.0 20.0 10.0
4261.0 1359.0 20.0 10.0
2611.0 1126.0 20.0 10.0
3979.0 1488.0 20.0 10.0
2737.0 138.0 20.0 10.0
875.0 2465.0 20.0 10.0
839.0 2469.0 20.0 10.0
2786.0 270.0 20.0 10.0
938.0 2437.0 20.0 10.0
2956.0 529.0 20.0 10.0
2988.0 578.0 20.0 10.0
