1000
113.0 123.0 20.0 10.0
120.0 87.0 20.0 10.0
135.0 108.0 20.0 10.0
83.0 89.0 20.0 10.0
75.0 143.0 20.0 10.0
92.0 132.0 20.0 10.0
134.0 87.0 20.0 10.0
150.0 114.0 20.0 10.0
120.0 83.0 20.0 10.0
127.0 96.0 20.0 10.0
115.0 108.0 20.0 10.0
101.0 78.0 20.0 10.0
123.0 74.0 20.0 10.0
159.0 104.0 20.0 10.0
128.0 119.0 20.0 10.0
147.0 141.0 20.0 10.0
95.0 131.0 20.0 10.0
95.0 98.0 20.0 10.0
131.0 126.0 20.0 10.0
104.0 131.0 20.0 10.0
164.0 92.0 20.0 10.0
98.0 129.0 20.0 10.0
110.0 106.0 20.0 10.0
190.0 187.0 20.0 10.0
137.0 177.0 20.0 10.0
123.0 94.0 20.0 10.0
145.0 71.0 20.0 10.0
124.0 75.0 20.0 10.0
141.0 89.0 20.0 10.0
96.0 68.0 20.0 10.0
97.0 99.0 20.0 10.0
144.0 131.0 20.0 10.0
167.0 78.0 20.0 10.0
118.0 106.0 20.0 10.0
97.0 93.0 20.0 10.0
168.0 93.0 20.0 10.0
120.0 152.0 20.0 10.0
139.0 103.0 20.0 10.0
153.0 157.0 20.0 10.0
159.0 71.0 20.0 10.0
122.0 107.0 20.0 10.0
84.0 91.0 20.0 10.0
94.0 89.0 20.0 10.0
107.0 46.0 20.0 10.0
124.0 84.0 20.0 10.0
106.0 64.0 20.0 10.0
87.0 106.0 20.0 10.0
95.0 58.0 20.0 10.0
107.0 132.0 20.0 10.0
39.0 99.0 20.0 10.0
109.0 135.0 20.0 10.0
139.0 109.0 20.0 10.0
165.0 65.0 20.0 10.0
160.0 88.0 20.0 10.0
124.0 85.0 20.0 10.0
151.0 117.0 20.0 10.0
122.0 131.0 20.0 10.0
121.0 139.0 20.0 10.0
183.0 80.0 20.0 10.0
147.0 115.0 20.0 10.0
126.0 25.0 20.0 10.0
115.0 59.0 20.0 10.0
176.0 116.0 20.0 10.0
101.0 133.0 20.0 10.0
141.0 95.0 20.0 10.0
80.0 92.0 20.0 10.0
149.0 78.0 20.0 10.0
136.0 161.0 20.0 10.0
80.0 73.0 20.0 10.0
136.0 152.0 20.0 10.0
97.0 101.0 20.0 10.0
80.0 87.0 20.0 10.0
133.0 112.0 20.0 10.0
140.0 105.0 20.0 10.0
86.0 92.0 20.0 10.0
131.0 53.0 20.0 10.0
117.0 85.0 20.0 10.0
129.0 122.0 20.0 10.0
109.0 119.0 20.0 10.0
135.0 152.0 20.0 10.0
110.0 73.0 20.0 10.0
111.0 79.0 20.0 10.0
138.0 112.0 20.0 10.0
161.0 92.0 20.0 10.0
147.0 102.0 20.0 10.0
153.0 114.0 20.0 10.0
146.0 153.0 20.0 10.0
81.0 69.0 20.0 10.0
128.0 100.0 20.0 10.0
135.0 53.0 20.0 10.0
99.0 161.0 20.0 10.0
176.0 95.0 20.0 10.0
116.0 126.0 20.0 10.0
148.0 111.0 20.0 10.0
104.0 49.0 20.0 10.0
152.0 128.0 20.0 10.0
61.0 130.0 20.0 10.0
95.0 81.0 20.0 10.0
112.0 105.0 20.0 10.0
105.0 62.0 20.0 10.0
108.0 93.0 20.0 10.0
128.0 163.0 20.0 10.0
114.0 86.0 20.0 10.0
53.0 87.0 20.0 10.0
89.0 124.0 20.0 10.0
142.0 149.0 20.0 10.0
120.0 108.0 20.0 10.0
142.0 142.0 20.0 10.0
107.0 151.0 20.0 10.0
178.0 75.0 20.0 10.0
152.0 106.0 20.0 10.0
133.0 97.0 20.0 10.0
126.0 108.0 20.0 10.0
68.0 120.0 20.0 10.0
132.0 102.0 20.0 10.0
89.0 59.0 20.0 10.0
133.0 65.0 20.0 10.0
148.0 80.0 20.0 10.0
101.0 135.0 20.0 10.0
150.0 47.0 20.0 10.0
95.0 128.0 20.0 10.0
131.0 74.0 20.0 10.0
109.0 126.0 20.0 10.0
132.0 118.0 20.0 10.0
155.0 74.0 20.0 10.0
90.0 119.0 20.0 10.0
140.0 57.0 20.0 10.0
153.0 123.0 20.0 10.0
144.0 86.0 20.0 10.0
191.0 94.0 20.0 10.0
125.0 113.0 20.0 10.0
143.0 62.0 20.0 10.0
160.0 122.0 20.0 10.0
118.0 155.0 20.0 10.0
130.0 92.0 20.0 10.0
85.0 85.0 20.0 10.0
146.0 67.0 20.0 10.0
78.0 62.0 20.0 10.0
188.0 68.0 20.0 10.0
127.0 69.0 20.0 10.0
85.0 141.0 20.0 10.0
118.0 80.0 20.0 10.0
131.0 116.0 20.0 10.0
113.0 55.0 20.0 10.0
82.0 109.0 20.0 10.0
155.0 67.0 20.0 10.0
81.0 114.0 20.0 10.0
106.0 137.0 20.0 10.0
84.0 135.0 20.0 10.0
157.0 114.0 20.0 10.0
154.0 156.0 20.0 10.0
127.0 152.0 20.0 10.0
97.0 144.0 20.0 10.0
97.0 88.0 20.0 10.0
137.0 84.0 20.0 10.0
131.0 102.0 20.0 10.0
105.0 88.0 20.0 10.0
147.0 75.0 20.0 10.0
86.0 126.0 20.0 10.0
114.0 94.0 20.0 10.0
98.0 94.0 20.0 10.0
136.0 169.0 20.0 10.0
127.0 187.0 20.0 10.0
76.0 107.0 20.0 10.0
99.0 144.0 20.0 10.0
158.0 137.0 20.0 10.0
46.0 116.0 20.0 10.0
158.0 152.0 20.0 10.0
159.0 164.0 20.0 10.0
102.0 141.0 20.0 10.0
152.0 135.0 20.0 10.0
173.0 131.0 20.0 10.0
79.0 114.0 20.0 10.0
112.0 158.0 20.0 10.0
144.0 138.0 20.0 10.0
168.0 105.0 20.0 10.0
164.0 150.0 20.0 10.0
165.0 116.0 20.0 10.0
83.0 102.0 20.0 10.0
125.0 96.0 20.0 10.0
139.0 75.0 20.0 10.0
148.0 127.0 20.0 10.0
94.0 72.0 20.0 10.0
85.0 95.0 20.0 10.0
55.0 111.0 20.0 10.0
122.0 99.0 20.0 10.0
120.0 102.0 20.0 10.0
108.0 141.0 20.0 10.0
114.0 147.0 20.0 10.0
98.0 114.0 20.0 10.0
153.0 145.0 20.0 10.0
166.0 89.0 20.0 10.0
162.0 115.0 20.0 10.0
120.0 134.0 20.0 10.0
83.0 105.0 20.0 10.0
119.0 147.0 20.0 10.0
89.0 107.0 20.0 10.0
169.0 100.0 20.0 10.0
71.0 65.0 20.0 10.0
167.0 135.0 20.0 10.0
116.0 111.0 20.0 10.0
88.0 73.0 20.0 10.0
123.0 126.0 20.0 10.0
135.0 84.0 20.0 10.0
140.0 63.0 20.0 10.0
71.0 88.0 20.0 10.0
84.0 144.0 20.0 10.0
112.0 72.0 20.0 10.0
140.0 91.0 20.0 10.0
126.0 160.0 20.0 10.0
91.0 139.0 20.0 10.0
176.0 125.0 20.0 10.0
119.0 130.0 20.0 10.0
119.0 100.0 20.0 10.0
107.0 158.0 20.0 10.0
134.0 103.0 20.0 10.0
82.0 75.0 20.0 10.0
154.0 53.0 20.0 10.0
91.0 125.0 20.0 10.0
151.0 133.0 20.0 10.0
111.0 106.0 20.0 10.0
91.0 102.0 20.0 10.0
136.0 141.0 20.0 10.0
142.0 160.0 20.0 10.0
136.0 93.0 20.0 10.0
115.0 103.0 20.0 10.0
94.0 104.0 20.0 10.0
94.0 124.0 20.0 10.0
167.0 147.0 20.0 10.0
142.0 109.0 20.0 10.0
129.0 77.0 20.0 10.0
153.0 139.0 20.0 10.0
150.0 85.0 20.0 10.0
152.0 125.0 20.0 10.0
130.0 38.0 20.0 10.0
128.0 99.0 20.0 10.0
115.0 118.0 20.0 10.0
117.0 123.0 20.0 10.0
84.0 120.0 20.0 10.0
129.0 115.0 20.0 10.0
129.0 147.0 20.0 10.0
110.0 127.0 20.0 10.0
116.0 76.0 20.0 10.0
125.0 123.0 20.0 10.0
122.0 147.0 20.0 10.0
108.0 97.0 20.0 10.0
125.0 110.0 20.0 10.0
158.0 145.0 20.0 10.0
152.0 119.0 20.0 10.0
134.0 58.0 20.0 10.0
109.0 76.0 20.0 10.0
140.0 66.0 20.0 10.0
104.0 118.0 20.0 10.0
183.0 91.0 20.0 10.0
161.0 102.0 20.0 10.0
105.0 152.0 20.0 10.0
110.0 64.0 20.0 10.0
182.0 147.0 20.0 10.0
136.0 108.0 20.0 10.0
168.0 144.0 20.0 10.0
148.0 70.0 20.0 10.0
127.0 80.0 20.0 10.0
160.0 140.0 20.0 10.0
106.0 69.0 20.0 10.0
144.0 73.0 20.0 10.0
141.0 77.0 20.0 10.0
123.0 116.0 20.0 10.0
136.0 134.0 20.0 10.0
144.0 98.0 20.0 10.0
95.0 121.0 20.0 10.0
154.0 76.0 20.0 10.0
130.0 126.0 20.0 10.0
107.0 90.0 20.0 10.0
123.0 162.0 20.0 10.0
77.0 77.0 20.0 10.0
110.0 85.0 20.0 10.0
140.0 136.0 20.0 10.0
167.0 96.0 20.0 10.0
116.0 52.0 20.0 10.0
56.0 143.0 20.0 10.0
153.0 93.0 20.0 10.0
102.0 167.0 20.0 10.0
154.0 100.0 20.0 10.0
108.0 50.0 20.0 10.0
108.0 111.0 20.0 10.0
86.0 123.0 20.0 10.0
36.0 79.0 20.0 10.0
138.0 122.0 20.0 10.0
104.0 133.0 20.0 10.0
126.0 130.0 20.0 10.0
125.0 90.0 20.0 10.0
96.0 96.0 20.0 10.0
84.0 111.0 20.0 10.0
107.0 122.0 20.0 10.0
68.0 133.0 20.0 10.0
140.0 122.0 20.0 10.0
141.0 155.0 20.0 10.0
102.0 92.0 20.0 10.0
126.0 119.0 20.0 10.0
178.0 129.0 20.0 10.0
72.0 100.0 20.0 10.0
72.0 141.0 20.0 10.0
140.0 73.0 20.0 10.0
115.0 91.0 20.0 10.0
74.0 153.0 20.0 10.0
149.0 79.0 20.0 10.0
81.0 64.0 20.0 10.0
149.0 129.0 20.0 10.0
113.0 111.0 20.0 10.0
145.0 59.0 20.0 10.0
115.0 114.0 20.0 10.0
93.0 117.0 20.0 10.0
128.0 133.0 20.0 10.0
104.0 116.0 20.0 10.0
117.0 88.0 20.0 10.0
137.0 92.0 20.0 10.0
106.0 145.0 20.0 10.0
80.0 105.0 20.0 10.0
112.0 129.0 20.0 10.0
110.0 111.0 20.0 10.0
111.0 110.0 20.0 10.0
131.0 78.0 20.0 10.0
85.0 88.0 20.0 10.0
146.0 127.0 20.0 10.0
102.0 109.0 20.0 10.0
128.0 138.0 20.0 10.0
152.0 80.0 20.0 10.0
82.0 116.0 20.0 10.0
107.0 98.0 20.0 10.0
128.0 85.0 20.0 10.0
152.0 57.0 20.0 10.0
118.0 124.0 20.0 10.0
123.0 105.0 20.0 10.0
132.0 109.0 20.0 10.0
143.0 77.0 20.0 10.0
110.0 146.0 20.0 10.0
182.0 84.0 20.0 10.0
102.0 64.0 20.0 10.0
166.0 101.0 20.0 10.0
129.0 128.0 20.0 10.0
92.0 87.0 20.0 10.0
150.0 150.0 20.0 10.0
73.0 112.0 20.0 10.0
144.0 94.0 20.0 10.0
151.0 112.0 20.0 10.0
137.0 90.0 20.0 10.0
142.0 56.0 20.0 10.0
124.0 43.0 20.0 10.0
91.0 78.0 20.0 10.0
148.0 96.0 20.0 10.0
89.0 114.0 20.0 10.0
159.0 131.0 20.0 10.0
189.0 81.0 20.0 10.0
119.0 92.0 20.0 10.0
117.0 82.0 20.0 10.0
118.0 73.0 20.0 10.0
125.0 101.0 20.0 10.0
158.0 89.0 20.0 10.0
142.0 118.0 20.0 10.0
135.0 81.0 20.0 10.0
123.0 70.0 20.0 10.0
112.0 123.0 20.0 10.0
128.0 59.0 20.0 10.0
126.0 104.0 20.0 10.0
113.0 139.0 20.0 10.0
99.0 106.0 20.0 10.0
156.0 141.0 20.0 10.0
196.0 66.0 20.0 10.0
135.0 129.0 20.0 10.0
95.0 106.0 20.0 10.0
87.0 83.0 20.0 10.0
155.0 78.0 20.0 10.0
99.0 108.0 20.0 10.0
101.0 93.0 20.0 10.0
114.0 129.0 20.0 10.0
120.0 115.0 20.0 10.0
104.0 45.0 20.0 10.0
133.0 47.0 20.0 10.0
176.0 112.0 20.0 10.0
167.0 82.0 20.0 10.0
118.0 140.0 20.0 10.0
103.0 52.0 20.0 10.0
77.0 91.0 20.0 10.0
132.0 90.0 20.0 10.0
139.0 124.0 20.0 10.0
102.0 58.0 20.0 10.0
93.0 98.0 20.0 10.0
165.0 155.0 20.0 10.0
147.0 117.0 20.0 10.0
134.0 78.0 20.0 10.0
188.0 122.0 20.0 10.0
100.0 82.0 20.0 10.0
171.0 100.0 20.0 10.0
150.0 87.0 20.0 10.0
105.0 100.0 20.0 10.0
155.0 57.0 20.0 10.0
151.0 103.0 20.0 10.0
80.0 118.0 20.0 10.0
166.0 188.0 20.0 10.0
134.0 42.0 20.0 10.0
61.0 133.0 20.0 10.0
127.0 126.0 20.0 10.0
148.0 93.0 20.0 10.0
141.0 146.0 20.0 10.0
90.0 148.0 20.0 10.0
159.0 101.0 20.0 10.0
161.0 129.0 20.0 10.0
71.0 82.0 20.0 10.0
131.0 68.0 20.0 10.0
151.0 169.0 20.0 10.0
91.0 85.0 20.0 10.0
143.0 140.0 20.0 10.0
140.0 160.0 20.0 10.0
158.0 117.0 20.0 10.0
120.0 128.0 20.0 10.0
156.0 108.0 20.0 10.0
123.0 132.0 20.0 10.0
150.0 100.0 20.0 10.0
116.0 120.0 20.0 10.0
165.0 61.0 20.0 10.0
149.0 126.0 20.0 10.0
105.0 82.0 20.0 10.0
100.0 49.0 20.0 10.0
78.0 95.0 20.0 10.0
142.0 85.0 20.0 10.0
25.0 238.0 20.0 10.0
134.0 60.0 20.0 10.0
98.0 77.0 20.0 10.0
121.0 119.0 20.0 10.0
100.0 112.0 20.0 10.0
116.0 93.0 20.0 10.0
156.0 77.0 20.0 10.0
76.0 119.0 20.0 10.0
189.0 95.0 20.0 10.0
64.0 126.0 20.0 10.0
62.0 93.0 20.0 10.0
153.0 73.0 20.0 10.0
136.0 67.0 20.0 10.0
102.0 159.0 20.0 10.0
123.0 100.0 20.0 10.0
69.0 111.0 20.0 10.0
114.0 79.0 20.0 10.0
169.0 65.0 20.0 10.0
161.0 118.0 20.0 10.0
92.0 69.0 20.0 10.0
93.0 78.0 20.0 10.0
77.0 93.0 20.0 10.0
70.0 139.0 20.0 10.0
110.0 117.0 20.0 10.0
95.0 143.0 20.0 10.0
143.0 124.0 20.0 10.0
161.0 110.0 20.0 10.0
107.0 65.0 20.0 10.0
117.0 112.0 20.0 10.0
88.0 118.0 20.0 10.0
159.0 107.0 20.0 10.0
113.0 109.0 20.0 10.0
82.0 111.0 20.0 10.0
83.0 125.0 20.0 10.0
87.0 75.0 20.0 10.0
128.0 80.0 20.0 10.0
137.0 128.0 20.0 10.0
119.0 69.0 20.0 10.0
121.0 98.0 20.0 10.0
180.0 96.0 20.0 10.0
120.0 143.0 20.0 10.0
112.0 117.0 20.0 10.0
86.0 136.0 20.0 10.0
138.0 97.0 20.0 10.0
96.0 114.0 20.0 10.0
98.0 117.0 20.0 10.0
90.0 87.0 20.0 10.0
134.0 94.0 20.0 10.0
156.0 33.0 20.0 10.0
133.0 125.0 20.0 10.0
138.0 86.0 20.0 10.0
160.0 79.0 20.0 10.0
175.0 137.0 20.0 10.0
75.0 114.0 20.0 10.0
85.0 54.0 20.0 10.0
145.0 113.0 20.0 10.0
136.0 91.0 20.0 10.0
97.0 82.0 20.0 10.0
157.0 99.0 20.0 10.0
150.0 91.0 20.0 10.0
132.0 70.0 20.0 10.0
25.0 44.0 20.0 10.0
138.0 68.0 20.0 10.0
125.0 134.0 20.0 10.0
67.0 99.0 20.0 10.0
154.0 109.0 20.0 10.0
114.0 67.0 20.0 10.0
158.0 61.0 20.0 10.0
133.0 129.0 20.0 10.0
145.0 110.0 20.0 10.0
94.0 75.0 20.0 10.0
53.0 47.0 20.0 10.0
162.0 133.0 20.0 10.0
142.0 80.0 20.0 10.0
213.0 93.0 20.0 10.0
85.0 102.0 20.0 10.0
137.0 98.0 20.0 10.0
126.0 87.0 20.0 10.0
98.0 66.0 20.0 10.0
105.0 96.0 20.0 10.0
135.0 112.0 20.0 10.0
170.0 109.0 20.0 10.0
105.0 74.0 20.0 10.0
114.0 70.0 20.0 10.0
163.0 108.0 20.0 10.0
84.0 170.0 20.0 10.0
119.0 141.0 20.0 10.0
122.0 112.0 20.0 10.0
158.0 58.0 20.0 10.0
149.0 62.0 20.0 10.0
96.0 148.0 20.0 10.0
145.0 79.0 20.0 10.0
127.0 121.0 20.0 10.0
131.0 94.0 20.0 10.0
113.0 152.0 20.0 10.0
100.0 117.0 20.0 10.0
96.0 140.0 20.0 10.0
129.0 109.0 20.0 10.0
87.0 162.0 20.0 10.0
74.0 124.0 20.0 10.0
83.0 93.0 20.0 10.0
137.0 120.0 20.0 10.0
112.0 93.0 20.0 10.0
122.0 89.0 20.0 10.0
146.0 50.0 20.0 10.0
94.0 134.0 20.0 10.0
109.0 104.0 20.0 10.0
139.0 133.0 20.0 10.0
166.0 141.0 20.0 10.0
165.0 79.0 20.0 10.0
89.0 176.0 20.0 10.0
112.0 115.0 20.0 10.0
124.0 141.0 20.0 10.0
106.0 120.0 20.0 10.0
129.0 73.0 20.0 10.0
133.0 140.0 20.0 10.0
160.0 149.0 20.0 10.0
168.0 116.0 20.0 10.0
74.0 129.0 20.0 10.0
69.0 124.0 20.0 10.0
116.0 135.0 20.0 10.0
168.0 107.0 20.0 10.0
124.0 35.0 20.0 10.0
86.0 131.0 20.0 10.0
93.0 137.0 20.0 10.0
147.0 133.0 20.0 10.0
129.0 90.0 20.0 10.0
154.0 102.0 20.0 10.0
92.0 66.0 20.0 10.0
106.0 79.0 20.0 10.0
96.0 34.0 20.0 10.0
164.0 85.0 20.0 10.0
112.0 62.0 20.0 10.0
76.0 150.0 20.0 10.0
146.0 87.0 20.0 10.0
130.0 65.0 20.0 10.0
105.0 147.0 20.0 10.0
126.0 73.0 20.0 10.0
139.0 131.0 20.0 10.0
132.0 100.0 20.0 10.0
108.0 89.0 20.0 10.0
114.0 123.0 20.0 10.0
100.0 103.0 20.0 10.0
136.0 137.0 20.0 10.0
154.0 131.0 20.0 10.0
124.0 78.0 20.0 10.0
78.0 122.0 20.0 10.0
160.0 98.0 20.0 10.0
94.0 101.0 20.0 10.0
143.0 164.0 20.0 10.0
127.0 148.0 20.0 10.0
157.0 131.0 20.0 10.0
175.0 120.0 20.0 10.0
115.0 158.0 20.0 10.0
138.0 147.0 20.0 10.0
124.0 153.0 20.0 10.0
75.0 53.0 20.0 10.0
80.0 148.0 20.0 10.0
163.0 105.0 20.0 10.0
152.0 98.0 20.0 10.0
104.0 130.0 20.0 10.0
107.0 72.0 20.0 10.0
151.0 65.0 20.0 10.0
85.0 72.0 20.0 10.0
162.0 102.0 20.0 10.0
149.0 106.0 20.0 10.0
62.0 121.0 20.0 10.0
117.0 96.0 20.0 10.0
154.0 135.0 20.0 10.0
123.0 171.0 20.0 10.0
65.0 71.0 20.0 10.0
120.0 123.0 20.0 10.0
102.0 86.0 20.0 10.0
166.0 75.0 20.0 10.0
86.0 101.0 20.0 10.0
122.0 104.0 20.0 10.0
145.0 91.0 20.0 10.0
171.0 96.0 20.0 10.0
112.0 76.0 20.0 10.0
178.0 86.0 20.0 10.0
128.0 128.0 20.0 10.0
120.0 93.0 20.0 10.0
120.0 167.0 20.0 10.0
151.0 97.0 20.0 10.0
109.0 80.0 20.0 10.0
128.0 88.0 20.0 10.0
130.0 151.0 20.0 10.0
82.0 139.0 20.0 10.0
183.0 67.0 20.0 10.0
131.0 95.0 20.0 10.0
91.0 132.0 20.0 10.0
45.0 171.0 20.0 10.0
104.0 103.0 20.0 10.0
164.0 51.0 20.0 10.0
177.0 101.0 20.0 10.0
113.0 88.0 20.0 10.0
136.0 159.0 20.0 10.0
118.0 70.0 20.0 10.0
167.0 125.0 20.0 10.0
93.0 55.0 20.0 10.0
87.0 109.0 20.0 10.0
101.0 141.0 20.0 10.0
98.0 84.0 20.0 10.0
166.0 102.0 20.0 10.0
102.0 126.0 20.0 10.0
125.0 137.0 20.0 10.0
129.0 103.0 20.0 10.0
73.0 135.0 20.0 10.0
139.0 89.0 20.0 10.0
110.0 68.0 20.0 10.0
132.0 173.0 20.0 10.0
127.0 88.0 20.0 10.0
105.0 98.0 20.0 10.0
71.0 77.0 20.0 10.0
111.0 90.0 20.0 10.0
125.0 41.0 20.0 10.0
70.0 88.0 20.0 10.0
118.0 142.0 20.0 10.0
104.0 89.0 20.0 10.0
79.0 99.0 20.0 10.0
103.0 76.0 20.0 10.0
92.0 136.0 20.0 10.0
134.0 117.0 20.0 10.0
45.0 90.0 20.0 10.0
91.0 93.0 20.0 10.0
182.0 121.0 20.0 10.0
105.0 110.0 20.0 10.0
150.0 95.0 20.0 10.0
93.0 83.0 20.0 10.0
84.0 49.0 20.0 10.0
115.0 62.0 20.0 10.0
142.0 116.0 20.0 10.0
177.0 82.0 20.0 10.0
79.0 126.0 20.0 10.0
106.0 93.0 20.0 10.0
114.0 102.0 20.0 10.0
81.0 112.0 20.0 10.0
107.0 96.0 20.0 10.0
123.0 59.0 20.0 10.0
130.0 67.0 20.0 10.0
117.0 104.0 20.0 10.0
161.0 156.0 20.0 10.0
100.0 123.0 20.0 10.0
88.0 69.0 20.0 10.0
190.0 101.0 20.0 10.0
113.0 83.0 20.0 10.0
165.0 111.0 20.0 10.0
126.0 65.0 20.0 10.0
102.0 116.0 20.0 10.0
110.0 120.0 20.0 10.0
121.0 156.0 20.0 10.0
100.0 110.0 20.0 10.0
101.0 88.0 20.0 10.0
103.0 104.0 20.0 10.0
178.0 91.0 20.0 10.0
72.0 93.0 20.0 10.0
129.0 124.0 20.0 10.0
66.0 123.0 20.0 10.0
166.0 127.0 20.0 10.0
100.0 71.0 20.0 10.0
119.0 111.0 20.0 10.0
99.0 95.0 20.0 10.0
94.0 148.0 20.0 10.0
105.0 128.0 20.0 10.0
116.0 103.0 20.0 10.0
173.0 104.0 20.0 10.0
97.0 137.0 20.0 10.0
126.0 60.0 20.0 10.0
111.0 124.0 20.0 10.0
47.0 64.0 20.0 10.0
80.0 146.0 20.0 10.0
159.0 112.0 20.0 10.0
125.0 105.0 20.0 10.0
142.0 96.0 20.0 10.0
169.0 73.0 20.0 10.0
56.0 115.0 20.0 10.0
106.0 107.0 20.0 10.0
129.0 54.0 20.0 10.0
147.0 69.0 20.0 10.0
89.0 78.0 20.0 10.0
75.0 86.0 20.0 10.0
139.0 70.0 20.0 10.0
143.0 84.0 20.0 10.0
64.0 103.0 20.0 10.0
111.0 152.0 20.0 10.0
117.0 94.0 20.0 10.0
162.0 139.0 20.0 10.0
149.0 65.0 20.0 10.0
137.0 127.0 20.0 10.0
75.0 102.0 20.0 10.0
119.0 119.0 20.0 10.0
89.0 94.0 20.0 10.0
100.0 79.0 20.0 10.0
123.0 86.0 20.0 10.0
107.0 103.0 20.0 10.0
112.0 148.0 20.0 10.0
134.0 148.0 20.0 10.0
131.0 84.0 20.0 10.0
103.0 98.0 20.0 10.0
100.0 119.0 20.0 10.0
127.0 93.0 20.0 10.0
176.0 109.0 20.0 10.0
145.0 131.0 20.0 10.0
102.0 82.0 20.0 10.0
151.0 119.0 20.0 10.0
126.0 129.0 20.0 10.0
156.0 104.0 20.0 10.0
79.0 83.0 20.0 10.0
127.0 142.0 20.0 10.0
106.0 124.0 20.0 10.0
164.0 37.0 20.0 10.0
99.0 159.0 20.0 10.0
114.0 100.0 20.0 10.0
89.0 66.0 20.0 10.0
154.0 106.0 20.0 10.0
116.0 99.0 20.0 10.0
96.0 91.0 20.0 10.0
105.0 126.0 20.0 10.0
88.0 102.0 20.0 10.0
107.0 155.0 20.0 10.0
155.0 153.0 20.0 10.0
138.0 134.0 20.0 10.0
123.0 121.0 20.0 10.0
67.0 120.0 20.0 10.0
91.0 65.0 20.0 10.0
109.0 86.0 20.0 10.0
151.0 106.0 20.0 10.0
67.0 97.0 20.0 10.0
135.0 73.0 20.0 10.0
128.0 155.0 20.0 10.0
132.0 89.0 20.0 10.0
109.0 96.0 20.0 10.0
65.0 82.0 20.0 10.0
77.0 116.0 20.0 10.0
91.0 113.0 20.0 10.0
104.0 86.0 20.0 10.0
175.0 118.0 20.0 10.0
155.0 60.0 20.0 10.0
140.0 110.0 20.0 10.0
185.0 112.0 20.0 10.0
112.0 137.0 20.0 10.0
137.0 154.0 20.0 10.0
141.0 128.0 20.0 10.0
109.0 83.0 20.0 10.0
129.0 145.0 20.0 10.0
140.0 78.0 20.0 10.0
163.0 82.0 20.0 10.0
136.0 59.0 20.0 10.0
99.0 81.0 20.0 10.0
104.0 136.0 20.0 10.0
135.0 96.0 20.0 10.0
147.0 104.0 20.0 10.0
67.0 103.0 20.0 10.0
117.0 138.0 20.0 10.0
174.0 108.0 20.0 10.0
128.0 175.0 20.0 10.0
162.0 125.0 20.0 10.0
110.0 141.0 20.0 10.0
87.0 95.0 20.0 10.0
140.0 85.0 20.0 10.0
76.0 134.0 20.0 10.0
85.0 104.0 20.0 10.0
110.0 57.0 20.0 10.0
86.0 116.0 20.0 10.0
104.0 114.0 20.0 10.0
119.0 131.0 20.0 10.0
110.0 154.0 20.0 10.0
211.0 68.0 20.0 10.0
84.0 150.0 20.0 10.0
155.0 86.0 20.0 10.0
142.0 113.0 20.0 10.0
74.0 157.0 20.0 10.0
64.0 108.0 20.0 10.0
168.0 111.0 20.0 10.0
134.0 75.0 20.0 10.0
154.0 121.0 20.0 10.0
92.0 143.0 20.0 10.0
139.0 54.0 20.0 10.0
137.0 107.0 20.0 10.0
129.0 121.0 20.0 10.0
127.0 139.0 20.0 10.0
137.0 113.0 20.0 10.0
108.0 107.0 20.0 10.0
143.0 147.0 20.0 10.0
119.0 103.0 20.0 10.0
160.0 82.0 20.0 10.0
137.0 116.0 20.0 10.0
111.0 66.0 20.0 10.0
162.0 33.0 20.0 10.0
101.0 129.0 20.0 10.0
167.0 131.0 20.0 10.0
92.0 101.0 20.0 10.0
82.0 147.0 20.0 10.0
97.0 154.0 20.0 10.0
156.0 169.0 20.0 10.0
82.0 114.0 20.0 10.0
73.0 82.0 20.0 10.0
130.0 88.0 20.0 10.0
116.0 146.0 20.0 10.0
112.0 145.0 20.0 10.0
171.0 74.0 20.0 10.0
130.0 97.0 20.0 10.0
102.0 101.0 20.0 10.0
146.0 64.0 20.0 10.0
141.0 132.0 20.0 10.0
120.0 127.0 20.0 10.0
134.0 114.0 20.0 10.0
117.0 67.0 20.0 10.0
171.0 86.0 20.0 10.0
70.0 133.0 20.0 10.0
121.0 114.0 20.0 10.0
147.0 98.0 20.0 10.0
130.0 131.0 20.0 10.0
97.0 125.0 20.0 10.0
89.0 105.0 20.0 10.0
81.0 79.0 20.0 10.0
128.0 105.0 20.0 10.0
146.0 107.0 20.0 10.0
106.0 85.0 20.0 10.0
148.0 118.0 20.0 10.0
141.0 101.0 20.0 10.0
147.0 122.0 20.0 10.0
151.0 127.0 20.0 10.0
165.0 87.0 20.0 10.0
164.0 126.0 20.0 10.0
130.0 110.0 20.0 10.0
178.0 116.0 20.0 10.0
188.0 108.0 20.0 10.0
159.0 154.0 20.0 10.0
96.0 45.0 20.0 10.0
75.0 137.0 20.0 10.0
148.0 112.0 20.0 10.0
156.0 123.0 20.0 10.0
120.0 82.0 20.0 10.0
111.0 102.0 20.0 10.0
50.0 81.0 20.0 10.0
84.0 154.0 20.0 10.0
140.0 92.0 20.0 10.0
133.0 108.0 20.0 10.0
135.0 117.0 20.0 10.0
137.0 147.0 20.0 10.0
106.0 105.0 20.0 10.0
118.0 77.0 20.0 10.0
106.0 139.0 20.0 10.0
125.0 62.0 20.0 10.0
157.0 93.0 20.0 10.0
149.0 138.0 20.0 10.0
51.0 83.0 20.0 10.0
92.0 121.0 20.0 10.0
136.0 121.0 20.0 10.0
119.0 56.0 20.0 10.0
121.0 50.0 20.0 10.0
116.0 116.0 20.0 10.0
162.0 61.0 20.0 10.0
130.0 82.0 20.0 10.0
107.0 114.0 20.0 10.0
125.0 80.0 20.0 10.0
131.0 120.0 20.0 10.0
133.0 120.0 20.0 10.0
97.0 123.0 20.0 10.0
102.0 73.0 20.0 10.0
72.0 118.0 20.0 10.0
99.0 120.0 20.0 10.0
86.0 111.0 20.0 10.0
207.0 98.0 20.0 10.0
106.0 115.0 20.0 10.0
154.0 95.0 20.0 10.0
169.0 153.0 20.0 10.0
91.0 109.0 20.0 10.0
109.0 129.0 20.0 10.0
201.0 137.0 20.0 10.0
123.0 98.0 20.0 10.0
128.0 94.0 20.0 10.0
58.0 77.0 20.0 10.0
108.0 162.0 20.0 10.0
138.0 131.0 20.0 10.0
87.0 140.0 20.0 10.0
157.0 126.0 20.0 10.0
108.0 133.0 20.0 10.0
92.0 89.0 20.0 10.0
101.0 121.0 20.0 10.0
133.0 133.0 20.0 10.0
127.0 146.0 20.0 10.0
158.0 104.0 20.0 10.0
144.0 125.0 20.0 10.0
101.0 96.0 20.0 10.0
92.0 111.0 20.0 10.0
178.0 65.0 20.0 10.0
65.0 96.0 20.0 10.0
116.0 78.0 20.0 10.0
125.0 83.0 20.0 10.0
89.0 128.0 20.0 10.0
133.0 154.0 20.0 10.0
108.0 125.0 20.0 10.0
97.0 75.0 20.0 10.0
166.0 120.0 20.0 10.0
134.0 99.0 20.0 10.0
144.0 102.0 20.0 10.0
121.0 66.0 20.0 10.0
124.0 128.0 20.0 10.0
74.0 80.0 20.0 10.0
153.0 111.0 20.0 10.0
114.0 133.0 20.0 10.0
99.0 101.0 20.0 10.0
132.0 107.0 20.0 10.0
89.0 121.0 20.0 10.0
47.0 110.0 20.0 10.0
120.0 96.0 20.0 10.0
121.0 71.0 20.0 10.0
107.0 78.0 20.0 10.0
137.0 87.0 20.0 10.0
162.0 161.0 20.0 10.0
175.0 81.0 20.0 10.0
149.0 99.0 20.0 10.0
88.0 113.0 20.0 10.0
111.0 96.0 20.0 10.0
135.0 122.0 20.0 10.0
152.0 88.0 20.0 10.0
107.0 121.0 20.0 10.0
123.0 92.0 20.0 10.0
93.0 130.0 20.0 10.0
105.0 76.0 20.0 10.0
115.0 132.0 20.0 10.0
79.0 113.0 20.0 10.0
165.0 117.0 20.0 10.0
114.0 112.0 20.0 10.0
164.0 95.0 20.0 10.0
50.0 92.0 20.0 10.0
144.0 104.0 20.0 10.0
108.0 53.0 20.0 10.0
76.0 100.0 20.0 10.0
130.0 106.0 20.0 10.0
116.0 57.0 20.0 10.0
117.0 109.0 20.0 10.0
142.0 53.0 20.0 10.0
123.0 118.0 20.0 10.0
169.0 47.0 20.0 10.0
68.0 117.0 20.0 10.0
129.0 157.0 20.0 10.0
137.0 101.0 20.0 10.0
97.0 135.0 20.0 10.0
152.0 113.0 20.0 10.0
152.0 140.0 20.0 10.0
115.0 168.0 20.0 10.0
114.0 141.0 20.0 10.0
146.0 110.0 20.0 10.0
172.0 158.0 20.0 10.0
158.0 78.0 20.0 10.0
94.0 55.0 20.0 10.0
145.0 121.0 20.0 10.0
148.0 154.0 20.0 10.0
87.0 81.0 20.0 10.0
134.0 106.0 20.0 10.0
120.0 163.0 20.0 10.0
110.0 77.0 20.0 10.0
127.0 113.0 20.0 10.0
137.0 73.0 20.0 10.0
116.0 89.0 20.0 10.0
113.0 91.0 20.0 10.0
103.0 120.0 20.0 10.0
152.0 84.0 20.0 10.0
114.0 98.0 20.0 10.0
134.0 68.0 20.0 10.0
66.0 114.0 20.0 10.0
100.0 69.0 20.0 10.0
118.0 161.0 20.0 10.0
123.0 64.0 20.0 10.0
155.0 82.0 20.0 10.0
101.0 55.0 20.0 10.0
127.0 141.0 20.0 10.0
74.0 119.0 20.0 10.0
132.0 130.0 20.0 10.0
131.0 96.0 20.0 10.0
115.0 129.0 20.0 10.0
177.0 149.0 20.0 10.0
