1000
5323.0 1320.0 20.0 10.0
4726.0 2368.0 20.0 10.0
3752.0 5515.0 20.0 10.0
3756.0 5485.0 20.0 10.0
6223.0 638.0 20.0 10.0
5794.0 772.0 20.0 10.0
4881.0 2039.0 20.0 10.0
1275.0 5644.0 20.0 10.0
1284.0 5640.0 20.0 10.0
1294.0 5635.0 20.0 10.0
1136.0 6071.0 20.0 10.0
4254.0 5555.0 20.0 10.0
4236.0 5536.0 20.0 10.0
5229.0 424.0 20.0 10.0
1133.0 5872.0 20.0 10.0
5228.0 149.0 20.0 10.0
3665.0 5526.0 20.0 10.0
4877.0 2204.0 20.0 10.0
3971.0 5412.0 20.0 10.0
6132.0 724.0 20.0 10.0
6110.0 716.0 20.0 10.0
4935.0 2060.0 20.0 10.0
4919.0 2065.0 20.0 10.0
4913.0 2089.0 20.0 10.0
316.0 5172.0 20.0 10.0
1640.0 5848.0 20.0 10.0
5116.0 1623.0 20.0 10.0
164.0 5626.0 20.0 10.0
1215.0 5951.0 20.0 10.0
6260.0 623.0 20.0 10.0
576.0 5452.0 20.0 10.0
5199.0 239.0 20.0 10.0
1851.0 5321.0 20.0 10.0
1837.0 5316.0 20.0 10.0
5182.0 269.0 20.0 10.0
310.0 5455.0 20.0 10.0
331.0 5454.0 20.0 10.0
5800.0 707.0 20.0 10.0
5792.0 720.0 20.0 10.0
5786.0 734.0 20.0 10.0
3594.0 5270.0 20.0 10.0
280.0 5473.0 20.0 10.0
312.0 5479.0 20.0 10.0
3773.0 5637.0 20.0 10.0
3958.0 5688.0 20.0 10.0
3952.0 5678.0 20.0 10.0
1313.0 5370.0 20.0 10.0
2192.0 5242.0 20.0 10.0
2180.0 5236.0 20.0 10.0
2161.0 5221.0 20.0 10.0
1616.0 6098.0 20.0 10.0
1613.0 6074.0 20.0 10.0
1621.0 6033.0 20.0 10.0
3175.0 4925.0 20.0 10.0
1720.0 5347.0 20.0 10.0
1226.0 5358.0 20.0 10.0
1324.0 5370.0 20.0 10.0
1424.0 5382.0 20.0 10.0
3708.0 4041.0 20.0 10.0
3647.0 4130.0 20.0 10.0
205.0 5606.0 20.0 10.0
213.0 5579.0 20.0 10.0
241.0 5576.0 20.0 10.0
1822.0 5279.0 20.0 10.0
1827.0 5289.0 20.0 10.0
1835.0 5301.0 20.0 10.0
3444.0 4929.0 20.0 10.0
3438.0 4937.0 20.0 10.0
3432.0 4948.0 20.0 10.0
182.0 5491.0 20.0 10.0
207.0 5481.0 20.0 10.0
1719.0 5402.0 20.0 10.0
1819.0 5269.0 20.0 10.0
4387.0 3163.0 20.0 10.0
4375.0 3172.0 20.0 10.0
301.0 5126.0 20.0 10.0
333.0 5123.0 20.0 10.0
5537.0 1243.0 20.0 10.0
3374.0 5107.0 20.0 10.0
1099.0 6052.0 20.0 10.0
5257.0 782.0 20.0 10.0
73.0 4950.0 20.0 10.0
1601.0 5861.0 20.0 10.0
1941.0 5309.0 20.0 10.0
1635.0 5907.0 20.0 10.0
1615.0 5890.0 20.0 10.0
3331.0 5120.0 20.0 10.0
4320.0 3099.0 20.0 10.0
4302.0 3127.0 20.0 10.0
5148.0 189.0 20.0 10.0
80.0 5627.0 20.0 10.0
83.0 4959.0 20.0 10.0
100.0 4976.0 20.0 10.0
1678.0 5317.0 20.0 10.0
870.0 5345.0 20.0 10.0
891.0 5361.0 20.0 10.0
911.0 5355.0 20.0 10.0
351.0 5163.0 20.0 10.0
364.0 5159.0 20.0 10.0
385.0 5163.0 20.0 10.0
413.0 5164.0 20.0 10.0
5689.0 899.0 20.0 10.0
5674.0 917.0 20.0 10.0
3653.0 5190.0 20.0 10.0
3706.0 4068.0 20.0 10.0
784.0 5285.0 20.0 10.0
810.0 5292.0 20.0 10.0
318.0 4922.0 20.0 10.0
5241.0 463.0 20.0 10.0
5214.0 464.0 20.0 10.0
5222.0 169.0 20.0 10.0
5637.0 1225.0 20.0 10.0
959.0 5290.0 20.0 10.0
3727.0 5168.0 20.0 10.0
3707.0 5147.0 20.0 10.0
326.0 5528.0 20.0 10.0
1696.0 5485.0 20.0 10.0
1679.0 5545.0 20.0 10.0
3989.0 5401.0 20.0 10.0
3974.0 5394.0 20.0 10.0
5511.0 1203.0 20.0 10.0
5566.0 1256.0 20.0 10.0
5652.0 984.0 20.0 10.0
5658.0 1012.0 20.0 10.0
5635.0 1058.0 20.0 10.0
4242.0 3139.0 20.0 10.0
4211.0 3164.0 20.0 10.0
4236.0 3154.0 20.0 10.0
1155.0 6047.0 20.0 10.0
1612.0 6057.0 20.0 10.0
3996.0 5429.0 20.0 10.0
3898.0 5575.0 20.0 10.0
4866.0 2210.0 20.0 10.0
4847.0 2220.0 20.0 10.0
4828.0 2227.0 20.0 10.0
5686.0 1007.0 20.0 10.0
5642.0 1192.0 20.0 10.0
5633.0 1199.0 20.0 10.0
5624.0 1206.0 20.0 10.0
1964.0 5353.0 20.0 10.0
3243.0 4902.0 20.0 10.0
3590.0 5166.0 20.0 10.0
69.0 4993.0 20.0 10.0
89.0 5014.0 20.0 10.0
599.0 5408.0 20.0 10.0
5312.0 1282.0 20.0 10.0
3957.0 3764.0 20.0 10.0
1505.0 5956.0 20.0 10.0
1493.0 5933.0 20.0 10.0
1492.0 5917.0 20.0 10.0
1492.0 5893.0 20.0 10.0
1505.0 5871.0 20.0 10.0
1511.0 5842.0 20.0 10.0
3820.0 5351.0 20.0 10.0
3808.0 5343.0 20.0 10.0
3784.0 5324.0 20.0 10.0
3731.0 5305.0 20.0 10.0
3675.0 5287.0 20.0 10.0
1936.0 5289.0 20.0 10.0
120.0 4997.0 20.0 10.0
149.0 5014.0 20.0 10.0
1077.0 6138.0 20.0 10.0
1092.0 6122.0 20.0 10.0
1109.0 6103.0 20.0 10.0
1124.0 6083.0 20.0 10.0
1466.0 5818.0 20.0 10.0
544.0 5420.0 20.0 10.0
1688.0 5324.0 20.0 10.0
1698.0 5330.0 20.0 10.0
1709.0 5337.0 20.0 10.0
5212.0 722.0 20.0 10.0
3796.0 5464.0 20.0 10.0
4361.0 3006.0 20.0 10.0
4354.0 3039.0 20.0 10.0
2562.0 5070.0 20.0 10.0
950.0 5294.0 20.0 10.0
927.0 5307.0 20.0 10.0
877.0 5305.0 20.0 10.0
855.0 5318.0 20.0 10.0
843.0 5343.0 20.0 10.0
4154.0 3380.0 20.0 10.0
1672.0 5661.0 20.0 10.0
1653.0 5647.0 20.0 10.0
1638.0 5640.0 20.0 10.0
125.0 5608.0 20.0 10.0
145.0 5598.0 20.0 10.0
168.0 5597.0 20.0 10.0
186.0 5578.0 20.0 10.0
78.0 5092.0 20.0 10.0
107.0 5083.0 20.0 10.0
1945.0 5352.0 20.0 10.0
1928.0 5358.0 20.0 10.0
625.0 5426.0 20.0 10.0
611.0 5409.0 20.0 10.0
3516.0 5164.0 20.0 10.0
3958.0 5396.0 20.0 10.0
3939.0 5382.0 20.0 10.0
3918.0 5372.0 20.0 10.0
3769.0 3949.0 20.0 10.0
4250.0 3232.0 20.0 10.0
4296.0 3237.0 20.0 10.0
6124.0 680.0 20.0 10.0
174.0 5052.0 20.0 10.0
204.0 5065.0 20.0 10.0
239.0 5079.0 20.0 10.0
493.0 5427.0 20.0 10.0
520.0 5428.0 20.0 10.0
569.0 5406.0 20.0 10.0
620.0 5384.0 20.0 10.0
308.0 5466.0 20.0 10.0
325.0 5475.0 20.0 10.0
3017.0 4842.0 20.0 10.0
2924.0 4891.0 20.0 10.0
2829.0 4937.0 20.0 10.0
5776.0 757.0 20.0 10.0
1126.0 6056.0 20.0 10.0
90.0 5078.0 20.0 10.0
4236.0 5515.0 20.0 10.0
4218.0 5517.0 20.0 10.0
1160.0 6071.0 20.0 10.0
670.0 5362.0 20.0 10.0
724.0 5341.0 20.0 10.0
780.0 5320.0 20.0 10.0
1371.0 5849.0 20.0 10.0
3356.0 5123.0 20.0 10.0
5232.0 486.0 20.0 10.0
1205.0 5379.0 20.0 10.0
3584.0 4219.0 20.0 10.0
3758.0 5451.0 20.0 10.0
3756.0 5415.0 20.0 10.0
2054.0 5276.0 20.0 10.0
5516.0 1151.0 20.0 10.0
5504.0 1168.0 20.0 10.0
5491.0 1188.0 20.0 10.0
868.0 5253.0 20.0 10.0
873.0 5271.0 20.0 10.0
872.0 5282.0 20.0 10.0
869.0 5296.0 20.0 10.0
3746.0 3996.0 20.0 10.0
3769.0 3988.0 20.0 10.0
3765.0 3966.0 20.0 10.0
5199.0 437.0 20.0 10.0
5207.0 477.0 20.0 10.0
4169.0 3334.0 20.0 10.0
4154.0 3352.0 20.0 10.0
992.0 5340.0 20.0 10.0
5065.0 1732.0 20.0 10.0
5088.0 1746.0 20.0 10.0
5044.0 1820.0 20.0 10.0
1320.0 5663.0 20.0 10.0
1309.0 5638.0 20.0 10.0
3398.0 4492.0 20.0 10.0
5593.0 1078.0 20.0 10.0
5581.0 1108.0 20.0 10.0
1191.0 5984.0 20.0 10.0
3832.0 5515.0 20.0 10.0
3807.0 5486.0 20.0 10.0
579.0 5457.0 20.0 10.0
263.0 5470.0 20.0 10.0
277.0 4973.0 20.0 10.0
5551.0 1175.0 20.0 10.0
5555.0 1197.0 20.0 10.0
3791.0 4019.0 20.0 10.0
3765.0 4016.0 20.0 10.0
4882.0 2130.0 20.0 10.0
3839.0 5615.0 20.0 10.0
3828.0 5594.0 20.0 10.0
3819.0 5575.0 20.0 10.0
3819.0 5548.0 20.0 10.0
3819.0 5518.0 20.0 10.0
5705.0 964.0 20.0 10.0
5769.0 970.0 20.0 10.0
1805.0 5295.0 20.0 10.0
282.0 5114.0 20.0 10.0
3363.0 5024.0 20.0 10.0
1269.0 5874.0 20.0 10.0
1110.0 6060.0 20.0 10.0
1121.0 6033.0 20.0 10.0
1146.0 6032.0 20.0 10.0
1161.0 6019.0 20.0 10.0
1177.0 6005.0 20.0 10.0
1199.0 5975.0 20.0 10.0
4294.0 3244.0 20.0 10.0
1599.0 5709.0 20.0 10.0
4873.0 2097.0 20.0 10.0
4897.0 2111.0 20.0 10.0
5254.0 1289.0 20.0 10.0
3670.0 5502.0 20.0 10.0
3673.0 5487.0 20.0 10.0
3675.0 5469.0 20.0 10.0
3678.0 5451.0 20.0 10.0
3687.0 5426.0 20.0 10.0
73.0 5033.0 20.0 10.0
5257.0 1244.0 20.0 10.0
5261.0 1293.0 20.0 10.0
5261.0 1345.0 20.0 10.0
5263.0 1397.0 20.0 10.0
1710.0 5448.0 20.0 10.0
1728.0 5429.0 20.0 10.0
3929.0 5391.0 20.0 10.0
3885.0 5366.0 20.0 10.0
3837.0 5344.0 20.0 10.0
5164.0 103.0 20.0 10.0
5165.0 131.0 20.0 10.0
5164.0 163.0 20.0 10.0
5172.0 198.0 20.0 10.0
3936.0 3759.0 20.0 10.0
3999.0 5391.0 20.0 10.0
1336.0 5349.0 20.0 10.0
4118.0 3365.0 20.0 10.0
4123.0 3378.0 20.0 10.0
1666.0 5701.0 20.0 10.0
1640.0 5707.0 20.0 10.0
5780.0 750.0 20.0 10.0
5771.0 769.0 20.0 10.0
1308.0 5406.0 20.0 10.0
1331.0 5399.0 20.0 10.0
1314.0 5621.0 20.0 10.0
4002.0 3774.0 20.0 10.0
5915.0 867.0 20.0 10.0
5201.0 288.0 20.0 10.0
5184.0 311.0 20.0 10.0
824.0 5337.0 20.0 10.0
4394.0 2956.0 20.0 10.0
3601.0 5140.0 20.0 10.0
3618.0 5135.0 20.0 10.0
2755.0 4986.0 20.0 10.0
2732.0 4981.0 20.0 10.0
2634.0 5023.0 20.0 10.0
2536.0 5064.0 20.0 10.0
2437.0 5103.0 20.0 10.0
340.0 5166.0 20.0 10.0
25.0 4998.0 20.0 10.0
46.0 5015.0 20.0 10.0
3317.0 5097.0 20.0 10.0
3313.0 5073.0 20.0 10.0
4156.0 5498.0 20.0 10.0
4132.0 5487.0 20.0 10.0
3342.0 5139.0 20.0 10.0
1333.0 5838.0 20.0 10.0
3632.0 4152.0 20.0 10.0
5690.0 1021.0 20.0 10.0
1897.0 5349.0 20.0 10.0
3944.0 3794.0 20.0 10.0
3918.0 3780.0 20.0 10.0
3889.0 3785.0 20.0 10.0
3455.0 4390.0 20.0 10.0
4752.0 2320.0 20.0 10.0
4746.0 2333.0 20.0 10.0
4763.0 2352.0 20.0 10.0
3668.0 5167.0 20.0 10.0
5137.0 170.0 20.0 10.0
1884.0 5345.0 20.0 10.0
1868.0 5335.0 20.0 10.0
5681.0 1220.0 20.0 10.0
1636.0 5835.0 20.0 10.0
3753.0 5174.0 20.0 10.0
3730.0 5160.0 20.0 10.0
5246.0 99.0 20.0 10.0
5233.0 115.0 20.0 10.0
5233.0 130.0 20.0 10.0
5221.0 514.0 20.0 10.0
5233.0 550.0 20.0 10.0
5241.0 589.0 20.0 10.0
5499.0 1216.0 20.0 10.0
5520.0 1232.0 20.0 10.0
3643.0 5116.0 20.0 10.0
3636.0 5124.0 20.0 10.0
117.0 5073.0 20.0 10.0
3647.0 4158.0 20.0 10.0
5716.0 902.0 20.0 10.0
5698.0 925.0 20.0 10.0
5678.0 968.0 20.0 10.0
1439.0 5815.0 20.0 10.0
528.0 5395.0 20.0 10.0
537.0 5395.0 20.0 10.0
3682.0 5494.0 20.0 10.0
3680.0 5483.0 20.0 10.0
1627.0 5829.0 20.0 10.0
1605.0 5828.0 20.0 10.0
3181.0 4713.0 20.0 10.0
1224.0 5814.0 20.0 10.0
228.0 5538.0 20.0 10.0
250.0 5525.0 20.0 10.0
1356.0 5360.0 20.0 10.0
3804.0 5336.0 20.0 10.0
5220.0 319.0 20.0 10.0
3336.0 4574.0 20.0 10.0
5713.0 883.0 20.0 10.0
5736.0 872.0 20.0 10.0
5738.0 901.0 20.0 10.0
4613.0 2595.0 20.0 10.0
388.0 5480.0 20.0 10.0
430.0 5466.0 20.0 10.0
474.0 5448.0 20.0 10.0
3952.0 5407.0 20.0 10.0
6004.0 804.0 20.0 10.0
5980.0 812.0 20.0 10.0
5938.0 847.0 20.0 10.0
5893.0 880.0 20.0 10.0
4119.0 5477.0 20.0 10.0
3849.0 5638.0 20.0 10.0
4299.0 3186.0 20.0 10.0
4282.0 3167.0 20.0 10.0
4261.0 3187.0 20.0 10.0
4247.0 3216.0 20.0 10.0
4312.0 3179.0 20.0 10.0
4304.0 3209.0 20.0 10.0
4280.0 3233.0 20.0 10.0
4256.0 3259.0 20.0 10.0
4233.0 3281.0 20.0 10.0
4193.0 3308.0 20.0 10.0
4135.0 3400.0 20.0 10.0
1494.0 5909.0 20.0 10.0
173.0 5094.0 20.0 10.0
1641.0 6180.0 20.0 10.0
545.0 5447.0 20.0 10.0
5204.0 335.0 20.0 10.0
5211.0 211.0 20.0 10.0
795.0 5328.0 20.0 10.0
4682.0 2450.0 20.0 10.0
412.0 5145.0 20.0 10.0
585.0 5446.0 20.0 10.0
300.0 5000.0 20.0 10.0
1056.0 5937.0 20.0 10.0
3694.0 4060.0 20.0 10.0
3681.0 5350.0 20.0 10.0
1119.0 5907.0 20.0 10.0
323.0 4997.0 20.0 10.0
350.0 5009.0 20.0 10.0
1164.0 5853.0 20.0 10.0
140.0 5084.0 20.0 10.0
1530.0 5894.0 20.0 10.0
1504.0 5899.0 20.0 10.0
867.0 5381.0 20.0 10.0
5244.0 628.0 20.0 10.0
5249.0 667.0 20.0 10.0
5252.0 705.0 20.0 10.0
5256.0 744.0 20.0 10.0
3318.0 5165.0 20.0 10.0
5211.0 536.0 20.0 10.0
3916.0 5623.0 20.0 10.0
3710.0 4095.0 20.0 10.0
1696.0 5364.0 20.0 10.0
1716.0 5356.0 20.0 10.0
5540.0 1216.0 20.0 10.0
4963.0 2100.0 20.0 10.0
5781.0 817.0 20.0 10.0
3992.0 3775.0 20.0 10.0
1605.0 5919.0 20.0 10.0
3700.0 4119.0 20.0 10.0
5145.0 1569.0 20.0 10.0
5124.0 1587.0 20.0 10.0
5624.0 1264.0 20.0 10.0
5609.0 1247.0 20.0 10.0
5600.0 1240.0 20.0 10.0
5819.0 934.0 20.0 10.0
1292.0 5340.0 20.0 10.0
1317.0 5341.0 20.0 10.0
1300.0 5365.0 20.0 10.0
4783.0 2387.0 20.0 10.0
4776.0 2381.0 20.0 10.0
4756.0 2375.0 20.0 10.0
4735.0 2390.0 20.0 10.0
6081.0 723.0 20.0 10.0
6057.0 742.0 20.0 10.0
6020.0 777.0 20.0 10.0
2239.0 5180.0 20.0 10.0
2138.0 5217.0 20.0 10.0
2038.0 5253.0 20.0 10.0
5581.0 1236.0 20.0 10.0
3667.0 5515.0 20.0 10.0
4187.0 3401.0 20.0 10.0
5658.0 1182.0 20.0 10.0
3969.0 3652.0 20.0 10.0
3367.0 5078.0 20.0 10.0
4453.0 2868.0 20.0 10.0
4405.0 2954.0 20.0 10.0
6088.0 707.0 20.0 10.0
1893.0 5329.0 20.0 10.0
1911.0 5352.0 20.0 10.0
5535.0 1300.0 20.0 10.0
5763.0 791.0 20.0 10.0
5753.0 818.0 20.0 10.0
5733.0 848.0 20.0 10.0
272.0 4944.0 20.0 10.0
3865.0 5547.0 20.0 10.0
5122.0 1646.0 20.0 10.0
4816.0 2207.0 20.0 10.0
4771.0 2286.0 20.0 10.0
321.0 5503.0 20.0 10.0
1501.0 5975.0 20.0 10.0
1493.0 5950.0 20.0 10.0
4257.0 5510.0 20.0 10.0
51.0 4999.0 20.0 10.0
73.0 5018.0 20.0 10.0
102.0 5031.0 20.0 10.0
139.0 5049.0 20.0 10.0
3894.0 3811.0 20.0 10.0
5268.0 1150.0 20.0 10.0
5250.0 1172.0 20.0 10.0
5254.0 1196.0 20.0 10.0
1076.0 5922.0 20.0 10.0
1096.0 5909.0 20.0 10.0
1291.0 5836.0 20.0 10.0
1280.0 5791.0 20.0 10.0
1294.0 5742.0 20.0 10.0
1312.0 5692.0 20.0 10.0
1331.0 5643.0 20.0 10.0
1349.0 5591.0 20.0 10.0
4935.0 2044.0 20.0 10.0
1183.0 5884.0 20.0 10.0
1188.0 5860.0 20.0 10.0
180.0 5027.0 20.0 10.0
209.0 5049.0 20.0 10.0
3394.0 5091.0 20.0 10.0
1382.0 5516.0 20.0 10.0
3692.0 5398.0 20.0 10.0
3525.0 5174.0 20.0 10.0
4189.0 3394.0 20.0 10.0
4163.0 3406.0 20.0 10.0
4925.0 2112.0 20.0 10.0
1358.0 5405.0 20.0 10.0
1120.0 5891.0 20.0 10.0
931.0 5342.0 20.0 10.0
936.0 5315.0 20.0 10.0
1032.0 5330.0 20.0 10.0
1129.0 5344.0 20.0 10.0
4312.0 3153.0 20.0 10.0
983.0 5340.0 20.0 10.0
965.0 5344.0 20.0 10.0
943.0 5345.0 20.0 10.0
232.0 5475.0 20.0 10.0
1465.0 5920.0 20.0 10.0
1475.0 5912.0 20.0 10.0
111.0 5032.0 20.0 10.0
1703.0 5380.0 20.0 10.0
3664.0 5440.0 20.0 10.0
3723.0 5136.0 20.0 10.0
6084.0 753.0 20.0 10.0
1740.0 5386.0 20.0 10.0
1733.0 5360.0 20.0 10.0
1713.0 5423.0 20.0 10.0
2248.0 5162.0 20.0 10.0
155.0 5057.0 20.0 10.0
5132.0 1671.0 20.0 10.0
1676.0 5893.0 20.0 10.0
1659.0 5873.0 20.0 10.0
1643.0 5854.0 20.0 10.0
1616.0 5853.0 20.0 10.0
531.0 5458.0 20.0 10.0
5480.0 1194.0 20.0 10.0
86.0 5640.0 20.0 10.0
106.0 5629.0 20.0 10.0
4130.0 5479.0 20.0 10.0
1624.0 5988.0 20.0 10.0
1621.0 5940.0 20.0 10.0
4332.0 3205.0 20.0 10.0
4303.0 3229.0 20.0 10.0
4270.0 3256.0 20.0 10.0
1937.0 5332.0 20.0 10.0
3961.0 3656.0 20.0 10.0
3999.0 3619.0 20.0 10.0
4000.0 3640.0 20.0 10.0
4500.0 2784.0 20.0 10.0
1662.0 6065.0 20.0 10.0
3297.0 5064.0 20.0 10.0
1683.0 5849.0 20.0 10.0
1669.0 5850.0 20.0 10.0
1654.0 5843.0 20.0 10.0
3664.0 5422.0 20.0 10.0
3662.0 5400.0 20.0 10.0
5142.0 25.0 20.0 10.0
5150.0 44.0 20.0 10.0
5153.0 62.0 20.0 10.0
5159.0 81.0 20.0 10.0
854.0 5361.0 20.0 10.0
3976.0 3756.0 20.0 10.0
3379.0 4496.0 20.0 10.0
3389.0 4472.0 20.0 10.0
186.0 5064.0 20.0 10.0
3192.0 4955.0 20.0 10.0
3207.0 4933.0 20.0 10.0
1095.0 6025.0 20.0 10.0
5187.0 354.0 20.0 10.0
5193.0 395.0 20.0 10.0
3742.0 5182.0 20.0 10.0
3314.0 4975.0 20.0 10.0
5251.0 1149.0 20.0 10.0
3858.0 5633.0 20.0 10.0
5790.0 796.0 20.0 10.0
107.0 5618.0 20.0 10.0
1223.0 5944.0 20.0 10.0
3317.0 4578.0 20.0 10.0
3321.0 4554.0 20.0 10.0
4106.0 5474.0 20.0 10.0
4076.0 5461.0 20.0 10.0
4045.0 5448.0 20.0 10.0
3264.0 4928.0 20.0 10.0
3900.0 5602.0 20.0 10.0
3876.0 5587.0 20.0 10.0
3872.0 5561.0 20.0 10.0
4227.0 5520.0 20.0 10.0
6158.0 655.0 20.0 10.0
4305.0 3066.0 20.0 10.0
1741.0 5413.0 20.0 10.0
3795.0 5716.0 20.0 10.0
3788.0 5698.0 20.0 10.0
3785.0 5682.0 20.0 10.0
3781.0 5665.0 20.0 10.0
3776.0 5646.0 20.0 10.0
1145.0 5906.0 20.0 10.0
1165.0 5886.0 20.0 10.0
105.0 5657.0 20.0 10.0
1624.0 6209.0 20.0 10.0
1618.0 6184.0 20.0 10.0
1611.0 6159.0 20.0 10.0
1611.0 6135.0 20.0 10.0
1612.0 6110.0 20.0 10.0
3655.0 5105.0 20.0 10.0
4205.0 5536.0 20.0 10.0
4190.0 5517.0 20.0 10.0
4179.0 5507.0 20.0 10.0
5776.0 791.0 20.0 10.0
210.0 5102.0 20.0 10.0
1958.0 5365.0 20.0 10.0
3687.0 5168.0 20.0 10.0
1668.0 5670.0 20.0 10.0
3143.0 4800.0 20.0 10.0
3116.0 4809.0 20.0 10.0
3110.0 4790.0 20.0 10.0
3904.0 5588.0 20.0 10.0
3888.0 5572.0 20.0 10.0
1667.0 5371.0 20.0 10.0
1688.0 5364.0 20.0 10.0
6106.0 748.0 20.0 10.0
3190.0 4914.0 20.0 10.0
2338.0 5142.0 20.0 10.0
4254.0 3156.0 20.0 10.0
4242.0 3184.0 20.0 10.0
3425.0 4961.0 20.0 10.0
1348.0 5364.0 20.0 10.0
1330.0 5374.0 20.0 10.0
1305.0 5388.0 20.0 10.0
456.0 5108.0 20.0 10.0
1101.0 6102.0 20.0 10.0
325.0 4897.0 20.0 10.0
336.0 4921.0 20.0 10.0
346.0 4945.0 20.0 10.0
350.0 4960.0 20.0 10.0
1731.0 5372.0 20.0 10.0
6305.0 591.0 20.0 10.0
6285.0 604.0 20.0 10.0
4135.0 3373.0 20.0 10.0
2267.0 5195.0 20.0 10.0
5252.0 980.0 20.0 10.0
5253.0 1022.0 20.0 10.0
5247.0 1062.0 20.0 10.0
5248.0 1104.0 20.0 10.0
3297.0 5070.0 20.0 10.0
3320.0 5060.0 20.0 10.0
3342.0 5063.0 20.0 10.0
5530.0 1286.0 20.0 10.0
1949.0 5357.0 20.0 10.0
863.0 5399.0 20.0 10.0
860.0 5389.0 20.0 10.0
852.0 5369.0 20.0 10.0
5682.0 880.0 20.0 10.0
3227.0 4891.0 20.0 10.0
3204.0 4899.0 20.0 10.0
3214.0 4881.0 20.0 10.0
3162.0 4837.0 20.0 10.0
2265.0 5183.0 20.0 10.0
2800.0 4988.0 20.0 10.0
3520.0 4305.0 20.0 10.0
1609.0 5834.0 20.0 10.0
237.0 5605.0 20.0 10.0
4956.0 2074.0 20.0 10.0
3554.0 5158.0 20.0 10.0
3567.0 5182.0 20.0 10.0
3315.0 5132.0 20.0 10.0
5571.0 1212.0 20.0 10.0
548.0 5396.0 20.0 10.0
561.0 5396.0 20.0 10.0
582.0 5391.0 20.0 10.0
2778.0 4974.0 20.0 10.0
338.0 5523.0 20.0 10.0
2775.0 5003.0 20.0 10.0
3650.0 5181.0 20.0 10.0
3630.0 5177.0 20.0 10.0
3639.0 5149.0 20.0 10.0
4638.0 2533.0 20.0 10.0
5191.0 1632.0 20.0 10.0
5181.0 1634.0 20.0 10.0
5160.0 1643.0 20.0 10.0
4954.0 2100.0 20.0 10.0
4936.0 2103.0 20.0 10.0
3645.0 5161.0 20.0 10.0
3616.0 5162.0 20.0 10.0
294.0 4991.0 20.0 10.0
3411.0 4515.0 20.0 10.0
3730.0 5372.0 20.0 10.0
3702.0 5332.0 20.0 10.0
4374.0 2979.0 20.0 10.0
5229.0 415.0 20.0 10.0
266.0 5116.0 20.0 10.0
278.0 5116.0 20.0 10.0
339.0 5109.0 20.0 10.0
3778.0 5476.0 20.0 10.0
3782.0 5451.0 20.0 10.0
3325.0 5155.0 20.0 10.0
3920.0 3753.0 20.0 10.0
3330.0 5151.0 20.0 10.0
4074.0 3493.0 20.0 10.0
4013.0 3584.0 20.0 10.0
767.0 5316.0 20.0 10.0
1527.0 5919.0 20.0 10.0
1630.0 5368.0 20.0 10.0
5253.0 88.0 20.0 10.0
3874.0 5551.0 20.0 10.0
260.0 4955.0 20.0 10.0
4317.0 3072.0 20.0 10.0
3951.0 3675.0 20.0 10.0
3890.0 3767.0 20.0 10.0
3830.0 3859.0 20.0 10.0
5671.0 1220.0 20.0 10.0
5160.0 225.0 20.0 10.0
1089.0 6076.0 20.0 10.0
6248.0 630.0 20.0 10.0
1366.0 5540.0 20.0 10.0
1687.0 5869.0 20.0 10.0
5285.0 1331.0 20.0 10.0
5262.0 1320.0 20.0 10.0
310.0 5121.0 20.0 10.0
6176.0 710.0 20.0 10.0
6158.0 715.0 20.0 10.0
6141.0 720.0 20.0 10.0
1500.0 5397.0 20.0 10.0
1517.0 5385.0 20.0 10.0
1527.0 5376.0 20.0 10.0
1144.0 5866.0 20.0 10.0
1159.0 5858.0 20.0 10.0
5315.0 1391.0 20.0 10.0
4405.0 2943.0 20.0 10.0
3813.0 5759.0 20.0 10.0
3802.0 5737.0 20.0 10.0
5658.0 1220.0 20.0 10.0
3941.0 5661.0 20.0 10.0
3929.0 5642.0 20.0 10.0
6260.0 564.0 20.0 10.0
6245.0 576.0 20.0 10.0
6233.0 589.0 20.0 10.0
4860.0 2127.0 20.0 10.0
6266.0 617.0 20.0 10.0
3312.0 5175.0 20.0 10.0
6116.0 748.0 20.0 10.0
5204.0 1499.0 20.0 10.0
5219.0 1522.0 20.0 10.0
5176.0 1597.0 20.0 10.0
5656.0 922.0 20.0 10.0
5667.0 942.0 20.0 10.0
3765.0 5616.0 20.0 10.0
1677.0 5691.0 20.0 10.0
1668.0 5687.0 20.0 10.0
5845.0 913.0 20.0 10.0
5795.0 948.0 20.0 10.0
5743.0 984.0 20.0 10.0
6191.0 640.0 20.0 10.0
4199.0 5512.0 20.0 10.0
5544.0 1173.0 20.0 10.0
4172.0 5514.0 20.0 10.0
4165.0 5506.0 20.0 10.0
1641.0 5664.0 20.0 10.0
1621.0 5722.0 20.0 10.0
1601.0 5779.0 20.0 10.0
1559.0 5796.0 20.0 10.0
1513.0 5810.0 20.0 10.0
593.0 5435.0 20.0 10.0
3678.0 5385.0 20.0 10.0
3699.0 5366.0 20.0 10.0
4199.0 3372.0 20.0 10.0
4180.0 3372.0 20.0 10.0
1324.0 5423.0 20.0 10.0
1396.0 5820.0 20.0 10.0
1421.0 5828.0 20.0 10.0
1376.0 5833.0 20.0 10.0
5227.0 301.0 20.0 10.0
5177.0 233.0 20.0 10.0
5135.0 1570.0 20.0 10.0
348.0 5510.0 20.0 10.0
369.0 5498.0 20.0 10.0
158.0 5051.0 20.0 10.0
5172.0 179.0 20.0 10.0
2659.0 5029.0 20.0 10.0
5230.0 720.0 20.0 10.0
5257.0 722.0 20.0 10.0
1835.0 5325.0 20.0 10.0
1660.0 5605.0 20.0 10.0
1627.0 6086.0 20.0 10.0
3756.0 5539.0 20.0 10.0
1650.0 6056.0 20.0 10.0
1646.0 6045.0 20.0 10.0
5263.0 1450.0 20.0 10.0
6095.0 712.0 20.0 10.0
363.0 5506.0 20.0 10.0
5140.0 1653.0 20.0 10.0
1446.0 5403.0 20.0 10.0
3585.0 4246.0 20.0 10.0
5216.0 189.0 20.0 10.0
5181.0 158.0 20.0 10.0
5182.0 171.0 20.0 10.0
6220.0 602.0 20.0 10.0
6205.0 617.0 20.0 10.0
125.0 5021.0 20.0 10.0
141.0 5035.0 20.0 10.0
156.0 5043.0 20.0 10.0
5239.0 1003.0 20.0 10.0
5243.0 1012.0 20.0 10.0
3560.0 5208.0 20.0 10.0
3985.0 3628.0 20.0 10.0
5036.0 1834.0 20.0 10.0
1216.0 5837.0 20.0 10.0
1247.0 5815.0 20.0 10.0
1634.0 6158.0 20.0 10.0
1625.0 6133.0 20.0 10.0
1617.0 6107.0 20.0 10.0
5578.0 1055.0 20.0 10.0
245.0 4934.0 20.0 10.0
3947.0 5382.0 20.0 10.0
330.0 5168.0 20.0 10.0
5257.0 821.0 20.0 10.0
5256.0 861.0 20.0 10.0
5255.0 901.0 20.0 10.0
127.0 5003.0 20.0 10.0
5225.0 310.0 20.0 10.0
5245.0 106.0 20.0 10.0
1924.0 5352.0 20.0 10.0
1143.0 6058.0 20.0 10.0
1160.0 6033.0 20.0 10.0
428.0 5122.0 20.0 10.0
442.0 5151.0 20.0 10.0
4009.0 3660.0 20.0 10.0
3989.0 3658.0 20.0 10.0
4865.0 2061.0 20.0 10.0
1641.0 5689.0 20.0 10.0
5645.0 1219.0 20.0 10.0
272.0 5514.0 20.0 10.0
292.0 5533.0 20.0 10.0
316.0 5527.0 20.0 10.0
4593.0 2616.0 20.0 10.0
4547.0 2700.0 20.0 10.0
647.0 5229.0 20.0 10.0
253.0 5102.0 20.0 10.0
301.0 5104.0 20.0 10.0
369.0 5127.0 20.0 10.0
5254.0 1298.0 20.0 10.0
5113.0 1605.0 20.0 10.0
6167.0 693.0 20.0 10.0
290.0 5468.0 20.0 10.0
5228.0 1496.0 20.0 10.0
4011.0 5431.0 20.0 10.0
1725.0 5417.0 20.0 10.0
1739.0 5392.0 20.0 10.0
3705.0 5170.0 20.0 10.0
5228.0 434.0 20.0 10.0
5227.0 444.0 20.0 10.0
832.0 5363.0 20.0 10.0
1480.0 5889.0 20.0 10.0
208.0 5075.0 20.0 10.0
3252.0 4635.0 20.0 10.0
1656.0 6134.0 20.0 10.0
1666.0 6108.0 20.0 10.0
1648.0 6084.0 20.0 10.0
1628.0 6061.0 20.0 10.0
5268.0 72.0 20.0 10.0
3542.0 5192.0 20.0 10.0
1577.0 5819.0 20.0 10.0
332.0 4973.0 20.0 10.0
355.0 4978.0 20.0 10.0
365.0 4999.0 20.0 10.0
377.0 5023.0 20.0 10.0
400.0 5048.0 20.0 10.0
426.0 5077.0 20.0 10.0
764.0 5302.0 20.0 10.0
778.0 5315.0 20.0 10.0
797.0 5315.0 20.0 10.0
818.0 5319.0 20.0 10.0
254.0 5586.0 20.0 10.0
269.0 5570.0 20.0 10.0
292.0 5555.0 20.0 10.0
5719.0 882.0 20.0 10.0
5522.0 1283.0 20.0 10.0
5529.0 1274.0 20.0 10.0
1430.0 5390.0 20.0 10.0
3397.0 5043.0 20.0 10.0
3423.0 5052.0 20.0 10.0
3414.0 5072.0 20.0 10.0
1459.0 5941.0 20.0 10.0
1468.0 5927.0 20.0 10.0
807.0 5346.0 20.0 10.0
3464.0 5118.0 20.0 10.0
4407.0 2966.0 20.0 10.0
4401.0 2987.0 20.0 10.0
4382.0 3015.0 20.0 10.0
5527.0 1162.0 20.0 10.0
5473.0 1218.0 20.0 10.0
5421.0 1276.0 20.0 10.0
5368.0 1333.0 20.0 10.0
6139.0 668.0 20.0 10.0
462.0 5129.0 20.0 10.0
487.0 5140.0 20.0 10.0
518.0 5175.0 20.0 10.0
4358.0 3185.0 20.0 10.0
4862.0 2075.0 20.0 10.0
5232.0 65.0 20.0 10.0
5238.0 84.0 20.0 10.0
5238.0 97.0 20.0 10.0
5234.0 995.0 20.0 10.0
1647.0 5583.0 20.0 10.0
5670.0 899.0 20.0 10.0
1129.0 6105.0 20.0 10.0
3853.0 5539.0 20.0 10.0
4999.0 1896.0 20.0 10.0
4953.0 1972.0 20.0 10.0
4907.0 2049.0 20.0 10.0
3920.0 3809.0 20.0 10.0
473.0 5119.0 20.0 10.0
254.0 5472.0 20.0 10.0
6152.0 718.0 20.0 10.0
5528.0 1261.0 20.0 10.0
5229.0 292.0 20.0 10.0
3571.0 4267.0 20.0 10.0
3574.0 4242.0 20.0 10.0
5299.0 1307.0 20.0 10.0
1330.0 5607.0 20.0 10.0
1609.0 6096.0 20.0 10.0
3395.0 5011.0 20.0 10.0
3409.0 5031.0 20.0 10.0
417.0 5130.0 20.0 10.0
1225.0 5900.0 20.0 10.0
1237.0 5914.0 20.0 10.0
1248.0 5912.0 20.0 10.0
1480.0 5411.0 20.0 10.0
4221.0 5557.0 20.0 10.0
1386.0 5488.0 20.0 10.0
1405.0 5436.0 20.0 10.0
5266.0 922.0 20.0 10.0
5253.0 941.0 20.0 10.0
5821.0 746.0 20.0 10.0
5804.0 761.0 20.0 10.0
947.0 5280.0 20.0 10.0
943.0 5289.0 20.0 10.0
3607.0 5269.0 20.0 10.0
3622.0 5248.0 20.0 10.0
3569.0 5207.0 20.0 10.0
3588.0 5137.0 20.0 10.0
3439.0 4966.0 20.0 10.0
3444.0 4991.0 20.0 10.0
3422.0 4976.0 20.0 10.0
3420.0 4998.0 20.0 10.0
3422.0 5025.0 20.0 10.0
1583.0 5388.0 20.0 10.0
1607.0 5377.0 20.0 10.0
1618.0 5782.0 20.0 10.0
1461.0 5851.0 20.0 10.0
1479.0 5870.0 20.0 10.0
3786.0 5172.0 20.0 10.0
3766.0 5177.0 20.0 10.0
1593.0 5877.0 20.0 10.0
1444.0 5935.0 20.0 10.0
3989.0 3783.0 20.0 10.0
3970.0 3785.0 20.0 10.0
3772.0 5627.0 20.0 10.0
3768.0 5607.0 20.0 10.0
3764.0 5585.0 20.0 10.0
3760.0 5562.0 20.0 10.0
5630.0 1218.0 20.0 10.0
5614.0 1216.0 20.0 10.0
5596.0 1218.0 20.0 10.0
349.0 5477.0 20.0 10.0
3398.0 4507.0 20.0 10.0
1831.0 5282.0 20.0 10.0
4021.0 5448.0 20.0 10.0
4010.0 5439.0 20.0 10.0
784.0 5332.0 20.0 10.0
3163.0 4943.0 20.0 10.0
3168.0 4934.0 20.0 10.0
597.0 5206.0 20.0 10.0
676.0 5236.0 20.0 10.0
757.0 5267.0 20.0 10.0
840.0 5298.0 20.0 10.0
6278.0 549.0 20.0 10.0
1443.0 5958.0 20.0 10.0
2825.0 4996.0 20.0 10.0
314.0 5540.0 20.0 10.0
3923.0 5606.0 20.0 10.0
333.0 4946.0 20.0 10.0
5744.0 948.0 20.0 10.0
5735.0 951.0 20.0 10.0
5724.0 955.0 20.0 10.0
