1000
5298.0 1687.0 20.0 10.0
5287.0 1678.0 20.0 10.0
5274.0 1669.0 20.0 10.0
5260.0 1659.0 20.0 10.0
2309.0 1800.0 20.0 10.0
2307.0 1771.0 20.0 10.0
4857.0 1453.0 20.0 10.0
4883.0 1435.0 20.0 10.0
811.0 1824.0 20.0 10.0
4006.0 1280.0 20.0 10.0
5739.0 1572.0 20.0 10.0
3898.0 1529.0 20.0 10.0
3903.0 1501.0 20.0 10.0
3909.0 1307.0 20.0 10.0
896.0 1701.0 20.0 10.0
916.0 1721.0 20.0 10.0
941.0 1699.0 20.0 10.0
971.0 1683.0 20.0 10.0
1001.0 1666.0 20.0 10.0
1028.0 1642.0 20.0 10.0
2289.0 1784.0 20.0 10.0
6329.0 896.0 20.0 10.0
6321.0 909.0 20.0 10.0
5976.0 1824.0 20.0 10.0
4968.0 1419.0 20.0 10.0
4326.0 1196.0 20.0 10.0
5377.0 1303.0 20.0 10.0
4978.0 263.0 20.0 10.0
4956.0 287.0 20.0 10.0
4960.0 343.0 20.0 10.0
653.0 1650.0 20.0 10.0
5041.0 697.0 20.0 10.0
2299.0 1971.0 20.0 10.0
287.0 2665.0 20.0 10.0
2120.0 1557.0 20.0 10.0
4177.0 1594.0 20.0 10.0
174.0 1349.0 20.0 10.0
6173.0 1143.0 20.0 10.0
6158.0 1147.0 20.0 10.0
1413.0 1589.0 20.0 10.0
5060.0 1692.0 20.0 10.0
5040.0 1680.0 20.0 10.0
5023.0 1664.0 20.0 10.0
5311.0 1238.0 20.0 10.0
5279.0 1246.0 20.0 10.0
5347.0 1288.0 20.0 10.0
5414.0 1332.0 20.0 10.0
836.0 1809.0 20.0 10.0
839.0 1800.0 20.0 10.0
6088.0 1192.0 20.0 10.0
6284.0 2077.0 20.0 10.0
1433.0 1651.0 20.0 10.0
5238.0 1767.0 20.0 10.0
5236.0 1757.0 20.0 10.0
5227.0 1743.0 20.0 10.0
4226.0 1615.0 20.0 10.0
6339.0 2092.0 20.0 10.0
1438.0 1575.0 20.0 10.0
1468.0 1585.0 20.0 10.0
6805.0 750.0 20.0 10.0
5712.0 1598.0 20.0 10.0
4702.0 1489.0 20.0 10.0
927.0 1747.0 20.0 10.0
5116.0 1433.0 20.0 10.0
3698.0 1381.0 20.0 10.0
6270.0 952.0 20.0 10.0
2282.0 2009.0 20.0 10.0
4588.0 1100.0 20.0 10.0
5261.0 1861.0 20.0 10.0
3797.0 1524.0 20.0 10.0
2144.0 2026.0 20.0 10.0
5017.0 323.0 20.0 10.0
1228.0 1561.0 20.0 10.0
342.0 1744.0 20.0 10.0
351.0 1738.0 20.0 10.0
5439.0 1305.0 20.0 10.0
6631.0 839.0 20.0 10.0
5272.0 1828.0 20.0 10.0
5253.0 1818.0 20.0 10.0
2113.0 2039.0 20.0 10.0
5041.0 1524.0 20.0 10.0
5040.0 1550.0 20.0 10.0
5040.0 1570.0 20.0 10.0
1599.0 1653.0 20.0 10.0
415.0 1459.0 20.0 10.0
6269.0 1247.0 20.0 10.0
5217.0 1353.0 20.0 10.0
659.0 1485.0 20.0 10.0
671.0 1490.0 20.0 10.0
5148.0 1606.0 20.0 10.0
6187.0 2018.0 20.0 10.0
6169.0 2001.0 20.0 10.0
931.0 1740.0 20.0 10.0
842.0 1855.0 20.0 10.0
847.0 1832.0 20.0 10.0
4737.0 1038.0 20.0 10.0
6077.0 1197.0 20.0 10.0
6045.0 1182.0 20.0 10.0
6289.0 936.0 20.0 10.0
523.0 1726.0 20.0 10.0
695.0 1502.0 20.0 10.0
1565.0 1593.0 20.0 10.0
1587.0 1593.0 20.0 10.0
1610.0 1594.0 20.0 10.0
4903.0 91.0 20.0 10.0
230.0 1773.0 20.0 10.0
5152.0 1547.0 20.0 10.0
6607.0 840.0 20.0 10.0
5172.0 1585.0 20.0 10.0
3851.0 1553.0 20.0 10.0
3901.0 1314.0 20.0 10.0
5239.0 1895.0 20.0 10.0
3940.0 1228.0 20.0 10.0
4582.0 1518.0 20.0 10.0
4608.0 1497.0 20.0 10.0
4987.0 1843.0 20.0 10.0
4990.0 1814.0 20.0 10.0
5013.0 1799.0 20.0 10.0
439.0 1380.0 20.0 10.0
442.0 1403.0 20.0 10.0
6568.0 2401.0 20.0 10.0
4413.0 1197.0 20.0 10.0
6036.0 958.0 20.0 10.0
6179.0 918.0 20.0 10.0
5199.0 1667.0 20.0 10.0
5941.0 1050.0 20.0 10.0
6293.0 2145.0 20.0 10.0
6288.0 2136.0 20.0 10.0
4156.0 1669.0 20.0 10.0
4159.0 1648.0 20.0 10.0
4184.0 1639.0 20.0 10.0
4225.0 1528.0 20.0 10.0
1506.0 1602.0 20.0 10.0
6616.0 2408.0 20.0 10.0
6600.0 2402.0 20.0 10.0
6584.0 2378.0 20.0 10.0
6561.0 2378.0 20.0 10.0
6536.0 2361.0 20.0 10.0
5189.0 1627.0 20.0 10.0
993.0 1562.0 20.0 10.0
998.0 1571.0 20.0 10.0
1015.0 1583.0 20.0 10.0
3686.0 1405.0 20.0 10.0
3043.0 1543.0 20.0 10.0
2089.0 1537.0 20.0 10.0
2816.0 1552.0 20.0 10.0
2334.0 1797.0 20.0 10.0
5135.0 1378.0 20.0 10.0
5052.0 1403.0 20.0 10.0
1693.0 1616.0 20.0 10.0
6316.0 2055.0 20.0 10.0
4975.0 458.0 20.0 10.0
170.0 2717.0 20.0 10.0
855.0 1783.0 20.0 10.0
3940.0 1234.0 20.0 10.0
4981.0 111.0 20.0 10.0
1048.0 1574.0 20.0 10.0
1132.0 1580.0 20.0 10.0
2285.0 1954.0 20.0 10.0
6889.0 714.0 20.0 10.0
2304.0 1758.0 20.0 10.0
6141.0 1213.0 20.0 10.0
6113.0 1200.0 20.0 10.0
632.0 1493.0 20.0 10.0
6485.0 2310.0 20.0 10.0
6190.0 1139.0 20.0 10.0
2243.0 1588.0 20.0 10.0
5738.0 1525.0 20.0 10.0
5735.0 1547.0 20.0 10.0
6930.0 715.0 20.0 10.0
394.0 1520.0 20.0 10.0
1221.0 1584.0 20.0 10.0
6407.0 2204.0 20.0 10.0
4986.0 1694.0 20.0 10.0
6481.0 881.0 20.0 10.0
365.0 1713.0 20.0 10.0
380.0 1711.0 20.0 10.0
391.0 1707.0 20.0 10.0
1282.0 1571.0 20.0 10.0
89.0 1346.0 20.0 10.0
4180.0 1506.0 20.0 10.0
392.0 1491.0 20.0 10.0
840.0 1574.0 20.0 10.0
1410.0 1654.0 20.0 10.0
1419.0 1654.0 20.0 10.0
4982.0 1836.0 20.0 10.0
4987.0 765.0 20.0 10.0
3040.0 1516.0 20.0 10.0
3265.0 1479.0 20.0 10.0
5957.0 1071.0 20.0 10.0
5928.0 1078.0 20.0 10.0
4952.0 74.0 20.0 10.0
4952.0 109.0 20.0 10.0
4949.0 147.0 20.0 10.0
4951.0 189.0 20.0 10.0
5012.0 310.0 20.0 10.0
5901.0 1746.0 20.0 10.0
3863.0 1554.0 20.0 10.0
6336.0 2163.0 20.0 10.0
6297.0 2125.0 20.0 10.0
4962.0 1004.0 20.0 10.0
4015.0 1307.0 20.0 10.0
3949.0 1236.0 20.0 10.0
3962.0 1244.0 20.0 10.0
5799.0 1618.0 20.0 10.0
5790.0 1641.0 20.0 10.0
3320.0 1504.0 20.0 10.0
3297.0 1521.0 20.0 10.0
3282.0 1500.0 20.0 10.0
1452.0 1638.0 20.0 10.0
6518.0 2339.0 20.0 10.0
4635.0 1513.0 20.0 10.0
6313.0 887.0 20.0 10.0
4178.0 1121.0 20.0 10.0
4185.0 1134.0 20.0 10.0
4192.0 1149.0 20.0 10.0
2228.0 1571.0 20.0 10.0
2327.0 1718.0 20.0 10.0
432.0 1464.0 20.0 10.0
438.0 1486.0 20.0 10.0
5916.0 1758.0 20.0 10.0
118.0 1300.0 20.0 10.0
2143.0 1624.0 20.0 10.0
224.0 1784.0 20.0 10.0
251.0 2607.0 20.0 10.0
1250.0 1566.0 20.0 10.0
6069.0 1162.0 20.0 10.0
4530.0 1106.0 20.0 10.0
4525.0 1140.0 20.0 10.0
454.0 1505.0 20.0 10.0
5974.0 1061.0 20.0 10.0
3175.0 1534.0 20.0 10.0
3353.0 1569.0 20.0 10.0
784.0 1542.0 20.0 10.0
5946.0 1064.0 20.0 10.0
401.0 1709.0 20.0 10.0
4978.0 326.0 20.0 10.0
5705.0 1582.0 20.0 10.0
5130.0 1177.0 20.0 10.0
5206.0 1210.0 20.0 10.0
4894.0 1090.0 20.0 10.0
4975.0 1117.0 20.0 10.0
6210.0 1195.0 20.0 10.0
6195.0 1217.0 20.0 10.0
2253.0 1958.0 20.0 10.0
2273.0 1937.0 20.0 10.0
5296.0 1226.0 20.0 10.0
4895.0 41.0 20.0 10.0
4898.0 66.0 20.0 10.0
4204.0 1593.0 20.0 10.0
6205.0 1998.0 20.0 10.0
5488.0 1274.0 20.0 10.0
6393.0 2185.0 20.0 10.0
5118.0 1390.0 20.0 10.0
845.0 1541.0 20.0 10.0
5211.0 1705.0 20.0 10.0
4828.0 1087.0 20.0 10.0
5244.0 1791.0 20.0 10.0
4990.0 1868.0 20.0 10.0
2081.0 2274.0 20.0 10.0
4953.0 137.0 20.0 10.0
4939.0 160.0 20.0 10.0
396.0 1722.0 20.0 10.0
4945.0 260.0 20.0 10.0
104.0 2663.0 20.0 10.0
580.0 1663.0 20.0 10.0
6125.0 1956.0 20.0 10.0
234.0 2632.0 20.0 10.0
2012.0 2189.0 20.0 10.0
4506.0 979.0 20.0 10.0
4993.0 1688.0 20.0 10.0
5002.0 1682.0 20.0 10.0
792.0 1839.0 20.0 10.0
6259.0 959.0 20.0 10.0
6243.0 975.0 20.0 10.0
4536.0 1529.0 20.0 10.0
4223.0 1605.0 20.0 10.0
6026.0 1150.0 20.0 10.0
6009.0 1173.0 20.0 10.0
172.0 1782.0 20.0 10.0
2083.0 1529.0 20.0 10.0
113.0 1361.0 20.0 10.0
506.0 1715.0 20.0 10.0
1539.0 1561.0 20.0 10.0
1514.0 1569.0 20.0 10.0
1524.0 1582.0 20.0 10.0
4163.0 1623.0 20.0 10.0
1329.0 1578.0 20.0 10.0
861.0 1552.0 20.0 10.0
5016.0 1858.0 20.0 10.0
4952.0 961.0 20.0 10.0
5151.0 1585.0 20.0 10.0
5163.0 1562.0 20.0 10.0
5053.0 946.0 20.0 10.0
5029.0 954.0 20.0 10.0
214.0 2603.0 20.0 10.0
647.0 1658.0 20.0 10.0
5225.0 1189.0 20.0 10.0
421.0 1408.0 20.0 10.0
4165.0 1100.0 20.0 10.0
2200.0 1619.0 20.0 10.0
5588.0 1386.0 20.0 10.0
5577.0 1408.0 20.0 10.0
5564.0 1430.0 20.0 10.0
6362.0 2154.0 20.0 10.0
2070.0 1571.0 20.0 10.0
2085.0 1560.0 20.0 10.0
6044.0 926.0 20.0 10.0
6032.0 949.0 20.0 10.0
2088.0 2161.0 20.0 10.0
4954.0 84.0 20.0 10.0
5306.0 1230.0 20.0 10.0
5819.0 1681.0 20.0 10.0
5765.0 1631.0 20.0 10.0
5260.0 1631.0 20.0 10.0
5821.0 1664.0 20.0 10.0
4539.0 1075.0 20.0 10.0
4757.0 1061.0 20.0 10.0
4854.0 1075.0 20.0 10.0
6282.0 967.0 20.0 10.0
6267.0 967.0 20.0 10.0
5009.0 327.0 20.0 10.0
5002.0 338.0 20.0 10.0
5001.0 351.0 20.0 10.0
2011.0 2235.0 20.0 10.0
2023.0 2214.0 20.0 10.0
6094.0 1229.0 20.0 10.0
3972.0 1506.0 20.0 10.0
4170.0 1608.0 20.0 10.0
6118.0 1216.0 20.0 10.0
5255.0 1183.0 20.0 10.0
2124.0 2083.0 20.0 10.0
2148.0 2052.0 20.0 10.0
195.0 1781.0 20.0 10.0
6620.0 824.0 20.0 10.0
6600.0 833.0 20.0 10.0
2124.0 2032.0 20.0 10.0
5672.0 1145.0 20.0 10.0
5695.0 1151.0 20.0 10.0
6106.0 1022.0 20.0 10.0
6096.0 1027.0 20.0 10.0
4904.0 60.0 20.0 10.0
3186.0 1536.0 20.0 10.0
5218.0 1583.0 20.0 10.0
25.0 1814.0 20.0 10.0
3204.0 1538.0 20.0 10.0
2145.0 1562.0 20.0 10.0
2176.0 1649.0 20.0 10.0
2171.0 1623.0 20.0 10.0
6130.0 1225.0 20.0 10.0
3786.0 1512.0 20.0 10.0
6213.0 1235.0 20.0 10.0
288.0 1769.0 20.0 10.0
783.0 1553.0 20.0 10.0
2100.0 2111.0 20.0 10.0
5814.0 1628.0 20.0 10.0
1549.0 1580.0 20.0 10.0
110.0 1800.0 20.0 10.0
2034.0 1605.0 20.0 10.0
375.0 1514.0 20.0 10.0
6316.0 2087.0 20.0 10.0
6302.0 2080.0 20.0 10.0
5120.0 1406.0 20.0 10.0
4963.0 148.0 20.0 10.0
4962.0 174.0 20.0 10.0
4940.0 193.0 20.0 10.0
4951.0 233.0 20.0 10.0
4557.0 1522.0 20.0 10.0
1312.0 1587.0 20.0 10.0
3822.0 1564.0 20.0 10.0
5250.0 1601.0 20.0 10.0
1970.0 2280.0 20.0 10.0
1980.0 2264.0 20.0 10.0
5988.0 1015.0 20.0 10.0
5965.0 1031.0 20.0 10.0
1962.0 2334.0 20.0 10.0
85.0 1360.0 20.0 10.0
4552.0 1524.0 20.0 10.0
4986.0 578.0 20.0 10.0
4989.0 638.0 20.0 10.0
6204.0 2024.0 20.0 10.0
6245.0 1239.0 20.0 10.0
232.0 1356.0 20.0 10.0
442.0 1759.0 20.0 10.0
442.0 1735.0 20.0 10.0
441.0 1722.0 20.0 10.0
442.0 1698.0 20.0 10.0
4234.0 1230.0 20.0 10.0
4216.0 1250.0 20.0 10.0
6348.0 2171.0 20.0 10.0
721.0 1517.0 20.0 10.0
5724.0 1576.0 20.0 10.0
1968.0 2311.0 20.0 10.0
1974.0 2292.0 20.0 10.0
1982.0 2272.0 20.0 10.0
1989.0 2253.0 20.0 10.0
2704.0 1567.0 20.0 10.0
3321.0 1593.0 20.0 10.0
6450.0 2278.0 20.0 10.0
284.0 1763.0 20.0 10.0
294.0 1760.0 20.0 10.0
2264.0 1906.0 20.0 10.0
2291.0 1892.0 20.0 10.0
2287.0 1863.0 20.0 10.0
5020.0 704.0 20.0 10.0
2346.0 1785.0 20.0 10.0
5068.0 1444.0 20.0 10.0
2106.0 2045.0 20.0 10.0
6107.0 1002.0 20.0 10.0
1995.0 2243.0 20.0 10.0
5668.0 1561.0 20.0 10.0
5687.0 1578.0 20.0 10.0
2129.0 1651.0 20.0 10.0
4334.0 1173.0 20.0 10.0
6492.0 877.0 20.0 10.0
6589.0 2425.0 20.0 10.0
6581.0 2414.0 20.0 10.0
5064.0 695.0 20.0 10.0
6241.0 2063.0 20.0 10.0
5718.0 1159.0 20.0 10.0
5716.0 1183.0 20.0 10.0
5691.0 1197.0 20.0 10.0
5614.0 1223.0 20.0 10.0
5688.0 1595.0 20.0 10.0
5664.0 1581.0 20.0 10.0
1514.0 1631.0 20.0 10.0
1524.0 1608.0 20.0 10.0
1540.0 1626.0 20.0 10.0
6559.0 2389.0 20.0 10.0
6906.0 727.0 20.0 10.0
4906.0 136.0 20.0 10.0
6096.0 1219.0 20.0 10.0
5020.0 1608.0 20.0 10.0
5028.0 1608.0 20.0 10.0
6360.0 932.0 20.0 10.0
4871.0 99.0 20.0 10.0
1405.0 1589.0 20.0 10.0
2159.0 1989.0 20.0 10.0
5252.0 1654.0 20.0 10.0
5239.0 1648.0 20.0 10.0
3953.0 1532.0 20.0 10.0
6361.0 885.0 20.0 10.0
6350.0 893.0 20.0 10.0
642.0 1666.0 20.0 10.0
1484.0 1581.0 20.0 10.0
5939.0 1093.0 20.0 10.0
5915.0 1108.0 20.0 10.0
4995.0 1784.0 20.0 10.0
5001.0 1774.0 20.0 10.0
5007.0 1748.0 20.0 10.0
4562.0 1044.0 20.0 10.0
4538.0 1052.0 20.0 10.0
1226.0 1581.0 20.0 10.0
4988.0 1796.0 20.0 10.0
6180.0 1000.0 20.0 10.0
6117.0 1024.0 20.0 10.0
6051.0 1048.0 20.0 10.0
6147.0 1171.0 20.0 10.0
6140.0 1151.0 20.0 10.0
5238.0 1627.0 20.0 10.0
5216.0 1638.0 20.0 10.0
308.0 1752.0 20.0 10.0
5027.0 1816.0 20.0 10.0
6156.0 1135.0 20.0 10.0
6149.0 1142.0 20.0 10.0
4518.0 1066.0 20.0 10.0
4528.0 1086.0 20.0 10.0
5109.0 1443.0 20.0 10.0
381.0 1399.0 20.0 10.0
414.0 1414.0 20.0 10.0
4995.0 886.0 20.0 10.0
2145.0 1517.0 20.0 10.0
4945.0 242.0 20.0 10.0
4983.0 150.0 20.0 10.0
809.0 1555.0 20.0 10.0
887.0 1560.0 20.0 10.0
967.0 1567.0 20.0 10.0
3901.0 1349.0 20.0 10.0
6787.0 749.0 20.0 10.0
5830.0 1670.0 20.0 10.0
238.0 1770.0 20.0 10.0
250.0 1768.0 20.0 10.0
4639.0 1474.0 20.0 10.0
6631.0 2473.0 20.0 10.0
6616.0 2456.0 20.0 10.0
6599.0 2436.0 20.0 10.0
4560.0 1482.0 20.0 10.0
4978.0 376.0 20.0 10.0
4967.0 401.0 20.0 10.0
5949.0 1786.0 20.0 10.0
5941.0 1778.0 20.0 10.0
5929.0 1769.0 20.0 10.0
429.0 1415.0 20.0 10.0
263.0 2648.0 20.0 10.0
1318.0 1577.0 20.0 10.0
1359.0 1583.0 20.0 10.0
162.0 1334.0 20.0 10.0
6534.0 866.0 20.0 10.0
6511.0 868.0 20.0 10.0
2297.0 1959.0 20.0 10.0
2296.0 1930.0 20.0 10.0
2285.0 1903.0 20.0 10.0
2099.0 2277.0 20.0 10.0
1038.0 1596.0 20.0 10.0
662.0 1478.0 20.0 10.0
2184.0 1978.0 20.0 10.0
2202.0 1938.0 20.0 10.0
2226.0 1898.0 20.0 10.0
2253.0 1860.0 20.0 10.0
2283.0 1822.0 20.0 10.0
5237.0 1839.0 20.0 10.0
259.0 2560.0 20.0 10.0
238.0 2582.0 20.0 10.0
6305.0 921.0 20.0 10.0
5022.0 1829.0 20.0 10.0
940.0 1644.0 20.0 10.0
943.0 1671.0 20.0 10.0
5012.0 1674.0 20.0 10.0
6650.0 2420.0 20.0 10.0
6316.0 2176.0 20.0 10.0
6308.0 2168.0 20.0 10.0
6299.0 2153.0 20.0 10.0
1056.0 1616.0 20.0 10.0
1091.0 1593.0 20.0 10.0
6235.0 1242.0 20.0 10.0
6310.0 2190.0 20.0 10.0
401.0 1514.0 20.0 10.0
4891.0 81.0 20.0 10.0
460.0 1480.0 20.0 10.0
475.0 1460.0 20.0 10.0
496.0 1455.0 20.0 10.0
1998.0 2219.0 20.0 10.0
6372.0 2201.0 20.0 10.0
1339.0 1615.0 20.0 10.0
2279.0 2029.0 20.0 10.0
5047.0 954.0 20.0 10.0
5017.0 963.0 20.0 10.0
5305.0 1696.0 20.0 10.0
5219.0 1730.0 20.0 10.0
6626.0 2412.0 20.0 10.0
2798.0 1572.0 20.0 10.0
6349.0 947.0 20.0 10.0
6904.0 717.0 20.0 10.0
6880.0 721.0 20.0 10.0
6861.0 727.0 20.0 10.0
1369.0 1599.0 20.0 10.0
6345.0 2178.0 20.0 10.0
2097.0 2254.0 20.0 10.0
2038.0 2190.0 20.0 10.0
2375.0 1633.0 20.0 10.0
4528.0 1065.0 20.0 10.0
676.0 1641.0 20.0 10.0
1311.0 1621.0 20.0 10.0
421.0 1720.0 20.0 10.0
2923.0 1561.0 20.0 10.0
2928.0 1534.0 20.0 10.0
2062.0 2163.0 20.0 10.0
4515.0 1000.0 20.0 10.0
6871.0 718.0 20.0 10.0
3809.0 1501.0 20.0 10.0
5282.0 1620.0 20.0 10.0
5233.0 1194.0 20.0 10.0
1987.0 2224.0 20.0 10.0
6273.0 2115.0 20.0 10.0
6255.0 2088.0 20.0 10.0
6213.0 2046.0 20.0 10.0
5798.0 1161.0 20.0 10.0
5769.0 1169.0 20.0 10.0
908.0 1801.0 20.0 10.0
4655.0 1509.0 20.0 10.0
4679.0 1504.0 20.0 10.0
4908.0 122.0 20.0 10.0
3307.0 1544.0 20.0 10.0
6074.0 1031.0 20.0 10.0
678.0 1503.0 20.0 10.0
393.0 1668.0 20.0 10.0
3311.0 1479.0 20.0 10.0
3288.0 1478.0 20.0 10.0
3278.0 1479.0 20.0 10.0
65.0 2639.0 20.0 10.0
6373.0 879.0 20.0 10.0
670.0 1612.0 20.0 10.0
4257.0 1548.0 20.0 10.0
5231.0 1714.0 20.0 10.0
688.0 1514.0 20.0 10.0
748.0 1533.0 20.0 10.0
5726.0 1551.0 20.0 10.0
2149.0 1527.0 20.0 10.0
5151.0 1438.0 20.0 10.0
5130.0 1459.0 20.0 10.0
5144.0 1484.0 20.0 10.0
5126.0 1510.0 20.0 10.0
5096.0 1478.0 20.0 10.0
3975.0 1253.0 20.0 10.0
6593.0 2397.0 20.0 10.0
6336.0 900.0 20.0 10.0
3805.0 1494.0 20.0 10.0
3838.0 1489.0 20.0 10.0
3777.0 1474.0 20.0 10.0
800.0 1871.0 20.0 10.0
6139.0 978.0 20.0 10.0
6130.0 985.0 20.0 10.0
6274.0 2075.0 20.0 10.0
6265.0 2071.0 20.0 10.0
2003.0 1472.0 20.0 10.0
4919.0 157.0 20.0 10.0
5234.0 1616.0 20.0 10.0
1898.0 1593.0 20.0 10.0
1926.0 1603.0 20.0 10.0
2043.0 1502.0 20.0 10.0
2061.0 1514.0 20.0 10.0
871.0 1730.0 20.0 10.0
882.0 1720.0 20.0 10.0
3060.0 1562.0 20.0 10.0
6418.0 2242.0 20.0 10.0
6528.0 861.0 20.0 10.0
4214.0 1190.0 20.0 10.0
4212.0 1217.0 20.0 10.0
4777.0 1470.0 20.0 10.0
5155.0 1462.0 20.0 10.0
2333.0 1828.0 20.0 10.0
4929.0 1025.0 20.0 10.0
2271.0 1746.0 20.0 10.0
2272.0 1770.0 20.0 10.0
5221.0 1720.0 20.0 10.0
2327.0 1819.0 20.0 10.0
2182.0 1578.0 20.0 10.0
1000.0 1612.0 20.0 10.0
6119.0 1958.0 20.0 10.0
3717.0 1459.0 20.0 10.0
3659.0 1442.0 20.0 10.0
2027.0 1491.0 20.0 10.0
3366.0 1622.0 20.0 10.0
3164.0 1522.0 20.0 10.0
1027.0 1622.0 20.0 10.0
350.0 1512.0 20.0 10.0
2074.0 1532.0 20.0 10.0
159.0 2688.0 20.0 10.0
2270.0 1971.0 20.0 10.0
4913.0 98.0 20.0 10.0
1436.0 1590.0 20.0 10.0
6506.0 2331.0 20.0 10.0
6475.0 2301.0 20.0 10.0
6442.0 2269.0 20.0 10.0
6408.0 2236.0 20.0 10.0
2365.0 1650.0 20.0 10.0
2358.0 1672.0 20.0 10.0
2345.0 1664.0 20.0 10.0
2364.0 1610.0 20.0 10.0
5061.0 1712.0 20.0 10.0
2016.0 2194.0 20.0 10.0
2024.0 2168.0 20.0 10.0
6840.0 735.0 20.0 10.0
6819.0 744.0 20.0 10.0
6794.0 754.0 20.0 10.0
6767.0 764.0 20.0 10.0
3332.0 1541.0 20.0 10.0
6181.0 936.0 20.0 10.0
6171.0 943.0 20.0 10.0
6159.0 955.0 20.0 10.0
6146.0 970.0 20.0 10.0
2126.0 1645.0 20.0 10.0
2152.0 1645.0 20.0 10.0
6324.0 945.0 20.0 10.0
6302.0 954.0 20.0 10.0
415.0 1512.0 20.0 10.0
428.0 1509.0 20.0 10.0
195.0 1344.0 20.0 10.0
4529.0 1166.0 20.0 10.0
6110.0 1217.0 20.0 10.0
2300.0 1953.0 20.0 10.0
5859.0 1120.0 20.0 10.0
5845.0 1141.0 20.0 10.0
3827.0 1558.0 20.0 10.0
5169.0 1622.0 20.0 10.0
5023.0 886.0 20.0 10.0
4877.0 93.0 20.0 10.0
5254.0 1840.0 20.0 10.0
5247.0 1811.0 20.0 10.0
445.0 1460.0 20.0 10.0
6008.0 961.0 20.0 10.0
6019.0 981.0 20.0 10.0
491.0 1677.0 20.0 10.0
541.0 1657.0 20.0 10.0
591.0 1635.0 20.0 10.0
642.0 1614.0 20.0 10.0
5013.0 697.0 20.0 10.0
4989.0 701.0 20.0 10.0
4627.0 1123.0 20.0 10.0
6124.0 1205.0 20.0 10.0
6106.0 1189.0 20.0 10.0
5007.0 378.0 20.0 10.0
366.0 1400.0 20.0 10.0
283.0 1373.0 20.0 10.0
323.0 1386.0 20.0 10.0
5263.0 1881.0 20.0 10.0
136.0 1795.0 20.0 10.0
164.0 1788.0 20.0 10.0
213.0 1789.0 20.0 10.0
5970.0 1167.0 20.0 10.0
5930.0 1159.0 20.0 10.0
5888.0 1150.0 20.0 10.0
6202.0 1234.0 20.0 10.0
6514.0 2343.0 20.0 10.0
4638.0 1150.0 20.0 10.0
4638.0 1133.0 20.0 10.0
4609.0 1149.0 20.0 10.0
4706.0 1128.0 20.0 10.0
4801.0 1109.0 20.0 10.0
3326.0 1567.0 20.0 10.0
440.0 1422.0 20.0 10.0
1436.0 1581.0 20.0 10.0
87.0 1805.0 20.0 10.0
2217.0 1596.0 20.0 10.0
2253.0 1608.0 20.0 10.0
5556.0 1409.0 20.0 10.0
2075.0 2136.0 20.0 10.0
103.0 1309.0 20.0 10.0
128.0 1318.0 20.0 10.0
154.0 1325.0 20.0 10.0
5297.0 1329.0 20.0 10.0
4956.0 121.0 20.0 10.0
5535.0 1250.0 20.0 10.0
5457.0 1278.0 20.0 10.0
4200.0 1164.0 20.0 10.0
4207.0 1187.0 20.0 10.0
3810.0 1574.0 20.0 10.0
2176.0 1531.0 20.0 10.0
2371.0 1640.0 20.0 10.0
4981.0 517.0 20.0 10.0
6463.0 888.0 20.0 10.0
6414.0 909.0 20.0 10.0
650.0 1640.0 20.0 10.0
4563.0 1106.0 20.0 10.0
4549.0 1130.0 20.0 10.0
4534.0 1155.0 20.0 10.0
4511.0 1172.0 20.0 10.0
2478.0 1596.0 20.0 10.0
2590.0 1582.0 20.0 10.0
342.0 1713.0 20.0 10.0
6384.0 2206.0 20.0 10.0
5008.0 826.0 20.0 10.0
4330.0 1502.0 20.0 10.0
4254.0 1505.0 20.0 10.0
143.0 2714.0 20.0 10.0
5041.0 1579.0 20.0 10.0
5047.0 1544.0 20.0 10.0
5052.0 1509.0 20.0 10.0
5057.0 1476.0 20.0 10.0
4989.0 981.0 20.0 10.0
68.0 1315.0 20.0 10.0
2159.0 1483.0 20.0 10.0
2183.0 1499.0 20.0 10.0
2196.0 1522.0 20.0 10.0
5692.0 1134.0 20.0 10.0
5718.0 1119.0 20.0 10.0
5718.0 1133.0 20.0 10.0
5718.0 1145.0 20.0 10.0
505.0 1440.0 20.0 10.0
523.0 1452.0 20.0 10.0
577.0 1472.0 20.0 10.0
5010.0 517.0 20.0 10.0
5071.0 942.0 20.0 10.0
5983.0 1078.0 20.0 10.0
2097.0 2232.0 20.0 10.0
6597.0 840.0 20.0 10.0
4937.0 45.0 20.0 10.0
267.0 1763.0 20.0 10.0
5146.0 1423.0 20.0 10.0
5149.0 1453.0 20.0 10.0
5033.0 1739.0 20.0 10.0
6346.0 849.0 20.0 10.0
6338.0 873.0 20.0 10.0
3707.0 1395.0 20.0 10.0
3811.0 1366.0 20.0 10.0
412.0 1735.0 20.0 10.0
420.0 1711.0 20.0 10.0
430.0 1684.0 20.0 10.0
451.0 1668.0 20.0 10.0
6585.0 844.0 20.0 10.0
6558.0 850.0 20.0 10.0
5265.0 1917.0 20.0 10.0
5264.0 1891.0 20.0 10.0
5154.0 1410.0 20.0 10.0
5475.0 1380.0 20.0 10.0
3913.0 1337.0 20.0 10.0
2167.0 2017.0 20.0 10.0
5252.0 1869.0 20.0 10.0
1597.0 1643.0 20.0 10.0
1598.0 1617.0 20.0 10.0
411.0 1687.0 20.0 10.0
6114.0 1962.0 20.0 10.0
6110.0 1951.0 20.0 10.0
6099.0 1931.0 20.0 10.0
6077.0 1912.0 20.0 10.0
6027.0 1869.0 20.0 10.0
1411.0 1660.0 20.0 10.0
3887.0 1548.0 20.0 10.0
4719.0 1464.0 20.0 10.0
292.0 1344.0 20.0 10.0
4229.0 1545.0 20.0 10.0
4227.0 1516.0 20.0 10.0
451.0 1393.0 20.0 10.0
448.0 1415.0 20.0 10.0
468.0 1432.0 20.0 10.0
5995.0 1838.0 20.0 10.0
49.0 1813.0 20.0 10.0
1558.0 1621.0 20.0 10.0
4967.0 168.0 20.0 10.0
5812.0 1657.0 20.0 10.0
5802.0 1649.0 20.0 10.0
1435.0 1606.0 20.0 10.0
488.0 1702.0 20.0 10.0
4251.0 1556.0 20.0 10.0
208.0 1353.0 20.0 10.0
245.0 1361.0 20.0 10.0
470.0 1709.0 20.0 10.0
448.0 1712.0 20.0 10.0
4550.0 1082.0 20.0 10.0
358.0 1386.0 20.0 10.0
5001.0 365.0 20.0 10.0
4187.0 1574.0 20.0 10.0
4198.0 1548.0 20.0 10.0
4912.0 147.0 20.0 10.0
4919.0 172.0 20.0 10.0
2143.0 1607.0 20.0 10.0
3491.0 1442.0 20.0 10.0
280.0 1347.0 20.0 10.0
302.0 1353.0 20.0 10.0
319.0 1363.0 20.0 10.0
337.0 1374.0 20.0 10.0
244.0 1775.0 20.0 10.0
2820.0 1579.0 20.0 10.0
67.0 1809.0 20.0 10.0
4974.0 139.0 20.0 10.0
3844.0 1541.0 20.0 10.0
143.0 1320.0 20.0 10.0
6077.0 1019.0 20.0 10.0
4118.0 1248.0 20.0 10.0
3603.0 1423.0 20.0 10.0
5223.0 1586.0 20.0 10.0
5213.0 1610.0 20.0 10.0
5596.0 1381.0 20.0 10.0
4921.0 70.0 20.0 10.0
6228.0 2064.0 20.0 10.0
5872.0 1131.0 20.0 10.0
2152.0 1502.0 20.0 10.0
142.0 1355.0 20.0 10.0
3988.0 1263.0 20.0 10.0
3342.0 1592.0 20.0 10.0
6169.0 1220.0 20.0 10.0
4171.0 1110.0 20.0 10.0
800.0 1832.0 20.0 10.0
6388.0 870.0 20.0 10.0
4521.0 1013.0 20.0 10.0
4525.0 1029.0 20.0 10.0
4530.0 1047.0 20.0 10.0
6738.0 776.0 20.0 10.0
6708.0 789.0 20.0 10.0
6675.0 803.0 20.0 10.0
6640.0 818.0 20.0 10.0
6279.0 1204.0 20.0 10.0
6254.0 1210.0 20.0 10.0
6225.0 1218.0 20.0 10.0
188.0 1796.0 20.0 10.0
4895.0 104.0 20.0 10.0
5071.0 1611.0 20.0 10.0
2013.0 1480.0 20.0 10.0
5710.0 1578.0 20.0 10.0
5652.0 1528.0 20.0 10.0
5713.0 1209.0 20.0 10.0
3792.0 1340.0 20.0 10.0
2262.0 1841.0 20.0 10.0
6309.0 911.0 20.0 10.0
5030.0 1638.0 20.0 10.0
5045.0 1611.0 20.0 10.0
4315.0 1223.0 20.0 10.0
4218.0 1224.0 20.0 10.0
1466.0 1595.0 20.0 10.0
1505.0 1592.0 20.0 10.0
6009.0 998.0 20.0 10.0
3789.0 1521.0 20.0 10.0
4730.0 1058.0 20.0 10.0
4732.0 1076.0 20.0 10.0
4726.0 1101.0 20.0 10.0
5003.0 963.0 20.0 10.0
700.0 1509.0 20.0 10.0
4106.0 1233.0 20.0 10.0
4145.0 1636.0 20.0 10.0
3328.0 1616.0 20.0 10.0
3353.0 1611.0 20.0 10.0
3366.0 1593.0 20.0 10.0
3378.0 1461.0 20.0 10.0
5595.0 1478.0 20.0 10.0
5536.0 1429.0 20.0 10.0
5134.0 1404.0 20.0 10.0
5891.0 1739.0 20.0 10.0
5873.0 1730.0 20.0 10.0
4736.0 1051.0 20.0 10.0
4747.0 1077.0 20.0 10.0
2148.0 1513.0 20.0 10.0
2172.0 1523.0 20.0 10.0
2199.0 1537.0 20.0 10.0
2214.0 1553.0 20.0 10.0
70.0 2606.0 20.0 10.0
94.0 2628.0 20.0 10.0
127.0 2644.0 20.0 10.0
164.0 2652.0 20.0 10.0
197.0 2633.0 20.0 10.0
3932.0 1221.0 20.0 10.0
4968.0 150.0 20.0 10.0
6670.0 2510.0 20.0 10.0
6654.0 2499.0 20.0 10.0
6643.0 2488.0 20.0 10.0
5257.0 1831.0 20.0 10.0
808.0 1849.0 20.0 10.0
816.0 1830.0 20.0 10.0
825.0 1815.0 20.0 10.0
95.0 1320.0 20.0 10.0
120.0 1336.0 20.0 10.0
3893.0 1309.0 20.0 10.0
4892.0 25.0 20.0 10.0
6212.0 1138.0 20.0 10.0
4110.0 1507.0 20.0 10.0
4040.0 1508.0 20.0 10.0
1447.0 1646.0 20.0 10.0
1472.0 1642.0 20.0 10.0
1493.0 1637.0 20.0 10.0
3873.0 1526.0 20.0 10.0
5848.0 1675.0 20.0 10.0
2111.0 1546.0 20.0 10.0
1976.0 2228.0 20.0 10.0
872.0 1761.0 20.0 10.0
3875.0 1494.0 20.0 10.0
5054.0 1146.0 20.0 10.0
470.0 1664.0 20.0 10.0
4405.0 1497.0 20.0 10.0
5061.0 1703.0 20.0 10.0
5753.0 1474.0 20.0 10.0
696.0 1596.0 20.0 10.0
4950.0 309.0 20.0 10.0
4956.0 317.0 20.0 10.0
2099.0 2194.0 20.0 10.0
2096.0 2184.0 20.0 10.0
4109.0 1256.0 20.0 10.0
4115.0 1279.0 20.0 10.0
5747.0 1481.0 20.0 10.0
5743.0 1490.0 20.0 10.0
5740.0 1505.0 20.0 10.0
2096.0 2239.0 20.0 10.0
2096.0 2223.0 20.0 10.0
2096.0 2204.0 20.0 10.0
3152.0 1497.0 20.0 10.0
5192.0 1739.0 20.0 10.0
6277.0 1226.0 20.0 10.0
872.0 1777.0 20.0 10.0
4801.0 1450.0 20.0 10.0
25.0 2568.0 20.0 10.0
46.0 2586.0 20.0 10.0
5924.0 1778.0 20.0 10.0
3801.0 1582.0 20.0 10.0
5011.0 709.0 20.0 10.0
6238.0 1137.0 20.0 10.0
2033.0 2175.0 20.0 10.0
2049.0 2159.0 20.0 10.0
4153.0 1630.0 20.0 10.0
4224.0 1497.0 20.0 10.0
5248.0 1800.0 20.0 10.0
5241.0 1778.0 20.0 10.0
5254.0 1918.0 20.0 10.0
5713.0 1552.0 20.0 10.0
208.0 1792.0 20.0 10.0
752.0 1576.0 20.0 10.0
3801.0 1343.0 20.0 10.0
6121.0 1158.0 20.0 10.0
6096.0 1164.0 20.0 10.0
6634.0 818.0 20.0 10.0
2281.0 2013.0 20.0 10.0
2282.0 1995.0 20.0 10.0
184.0 2673.0 20.0 10.0
958.0 1718.0 20.0 10.0
892.0 1791.0 20.0 10.0
1714.0 1597.0 20.0 10.0
1820.0 1601.0 20.0 10.0
4980.0 830.0 20.0 10.0
4969.0 895.0 20.0 10.0
4511.0 988.0 20.0 10.0
140.0 1312.0 20.0 10.0
896.0 1747.0 20.0 10.0
6880.0 701.0 20.0 10.0
743.0 1543.0 20.0 10.0
760.0 1546.0 20.0 10.0
5005.0 1730.0 20.0 10.0
5011.0 1722.0 20.0 10.0
5017.0 1695.0 20.0 10.0
6780.0 756.0 20.0 10.0
5080.0 933.0 20.0 10.0
6215.0 2028.0 20.0 10.0
4482.0 1490.0 20.0 10.0
5322.0 1694.0 20.0 10.0
