1000
93.0 75.0 20.0 10.0
131.0 145.0 20.0 10.0
70.0 161.0 20.0 10.0
152.0 93.0 20.0 10.0
140.0 120.0 20.0 10.0
150.0 135.0 20.0 10.0
133.0 146.0 20.0 10.0
87.0 116.0 20.0 10.0
62.0 96.0 20.0 10.0
134.0 173.0 20.0 10.0
112.0 114.0 20.0 10.0
68.0 130.0 20.0 10.0
115.0 99.0 20.0 10.0
135.0 46.0 20.0 10.0
144.0 72.0 20.0 10.0
70.0 84.0 20.0 10.0
118.0 158.0 20.0 10.0
113.0 127.0 20.0 10.0
89.0 119.0 20.0 10.0
109.0 104.0 20.0 10.0
154.0 94.0 20.0 10.0
118.0 83.0 20.0 10.0
137.0 57.0 20.0 10.0
118.0 80.0 20.0 10.0
130.0 74.0 20.0 10.0
140.0 150.0 20.0 10.0
114.0 108.0 20.0 10.0
184.0 129.0 20.0 10.0
122.0 125.0 20.0 10.0
118.0 113.0 20.0 10.0
161.0 138.0 20.0 10.0
86.0 153.0 20.0 10.0
125.0 123.0 20.0 10.0
163.0 100.0 20.0 10.0
135.0 150.0 20.0 10.0
144.0 88.0 20.0 10.0
95.0 86.0 20.0 10.0
151.0 87.0 20.0 10.0
84.0 130.0 20.0 10.0
93.0 122.0 20.0 10.0
142.0 84.0 20.0 10.0
144.0 101.0 20.0 10.0
171.0 78.0 20.0 10.0
127.0 138.0 20.0 10.0
86.0 90.0 20.0 10.0
91.0 107.0 20.0 10.0
154.0 120.0 20.0 10.0
113.0 83.0 20.0 10.0
157.0 58.0 20.0 10.0
127.0 106.0 20.0 10.0
173.0 104.0 20.0 10.0
172.0 72.0 20.0 10.0
147.0 128.0 20.0 10.0
66.0 131.0 20.0 10.0
134.0 83.0 20.0 10.0
166.0 73.0 20.0 10.0
181.0 69.0 20.0 10.0
172.0 115.0 20.0 10.0
85.0 134.0 20.0 10.0
95.0 121.0 20.0 10.0
95.0 124.0 20.0 10.0
104.0 150.0 20.0 10.0
124.0 127.0 20.0 10.0
108.0 99.0 20.0 10.0
108.0 151.0 20.0 10.0
158.0 76.0 20.0 10.0
162.0 166.0 20.0 10.0
150.0 101.0 20.0 10.0
157.0 84.0 20.0 10.0
79.0 75.0 20.0 10.0
126.0 140.0 20.0 10.0
79.0 110.0 20.0 10.0
95.0 133.0 20.0 10.0
170.0 113.0 20.0 10.0
136.0 134.0 20.0 10.0
133.0 140.0 20.0 10.0
128.0 113.0 20.0 10.0
115.0 120.0 20.0 10.0
106.0 62.0 20.0 10.0
141.0 88.0 20.0 10.0
99.0 159.0 20.0 10.0
141.0 157.0 20.0 10.0
130.0 72.0 20.0 10.0
147.0 83.0 20.0 10.0
134.0 94.0 20.0 10.0
129.0 161.0 20.0 10.0
82.0 107.0 20.0 10.0
153.0 72.0 20.0 10.0
147.0 118.0 20.0 10.0
158.0 141.0 20.0 10.0
149.0 144.0 20.0 10.0
86.0 158.0 20.0 10.0
71.0 119.0 20.0 10.0
73.0 114.0 20.0 10.0
122.0 127.0 20.0 10.0
147.0 116.0 20.0 10.0
119.0 76.0 20.0 10.0
92.0 86.0 20.0 10.0
133.0 107.0 20.0 10.0
99.0 128.0 20.0 10.0
97.0 94.0 20.0 10.0
160.0 110.0 20.0 10.0
105.0 87.0 20.0 10.0
124.0 76.0 20.0 10.0
95.0 81.0 20.0 10.0
102.0 91.0 20.0 10.0
168.0 119.0 20.0 10.0
184.0 133.0 20.0 10.0
129.0 155.0 20.0 10.0
170.0 142.0 20.0 10.0
159.0 148.0 20.0 10.0
158.0 138.0 20.0 10.0
88.0 69.0 20.0 10.0
120.0 131.0 20.0 10.0
111.0 77.0 20.0 10.0
139.0 182.0 20.0 10.0
166.0 112.0 20.0 10.0
111.0 133.0 20.0 10.0
122.0 135.0 20.0 10.0
125.0 71.0 20.0 10.0
144.0 167.0 20.0 10.0
137.0 146.0 20.0 10.0
150.0 71.0 20.0 10.0
128.0 80.0 20.0 10.0
149.0 94.0 20.0 10.0
155.0 99.0 20.0 10.0
106.0 148.0 20.0 10.0
175.0 132.0 20.0 10.0
108.0 128.0 20.0 10.0
129.0 157.0 20.0 10.0
113.0 138.0 20.0 10.0
110.0 164.0 20.0 10.0
117.0 144.0 20.0 10.0
159.0 155.0 20.0 10.0
95.0 104.0 20.0 10.0
81.0 155.0 20.0 10.0
91.0 96.0 20.0 10.0
55.0 126.0 20.0 10.0
139.0 125.0 20.0 10.0
164.0 89.0 20.0 10.0
126.0 109.0 20.0 10.0
88.0 171.0 20.0 10.0
139.0 65.0 20.0 10.0
148.0 153.0 20.0 10.0
141.0 53.0 20.0 10.0
82.0 114.0 20.0 10.0
107.0 142.0 20.0 10.0
124.0 159.0 20.0 10.0
137.0 167.0 20.0 10.0
96.0 188.0 20.0 10.0
178.0 82.0 20.0 10.0
131.0 143.0 20.0 10.0
149.0 155.0 20.0 10.0
70.0 164.0 20.0 10.0
122.0 72.0 20.0 10.0
118.0 105.0 20.0 10.0
61.0 68.0 20.0 10.0
120.0 73.0 20.0 10.0
102.0 132.0 20.0 10.0
103.0 94.0 20.0 10.0
146.0 109.0 20.0 10.0
150.0 128.0 20.0 10.0
171.0 118.0 20.0 10.0
134.0 92.0 20.0 10.0
137.0 120.0 20.0 10.0
128.0 101.0 20.0 10.0
125.0 150.0 20.0 10.0
90.0 153.0 20.0 10.0
82.0 74.0 20.0 10.0
122.0 115.0 20.0 10.0
84.0 95.0 20.0 10.0
84.0 142.0 20.0 10.0
157.0 117.0 20.0 10.0
112.0 88.0 20.0 10.0
141.0 113.0 20.0 10.0
82.0 161.0 20.0 10.0
164.0 112.0 20.0 10.0
152.0 163.0 20.0 10.0
159.0 152.0 20.0 10.0
140.0 147.0 20.0 10.0
148.0 54.0 20.0 10.0
149.0 113.0 20.0 10.0
59.0 79.0 20.0 10.0
75.0 153.0 20.0 10.0
103.0 124.0 20.0 10.0
163.0 185.0 20.0 10.0
76.0 48.0 20.0 10.0
96.0 152.0 20.0 10.0
123.0 139.0 20.0 10.0
148.0 87.0 20.0 10.0
159.0 131.0 20.0 10.0
127.0 125.0 20.0 10.0
76.0 114.0 20.0 10.0
104.0 100.0 20.0 10.0
123.0 118.0 20.0 10.0
118.0 119.0 20.0 10.0
134.0 82.0 20.0 10.0
153.0 158.0 20.0 10.0
167.0 140.0 20.0 10.0
133.0 25.0 20.0 10.0
124.0 117.0 20.0 10.0
123.0 136.0 20.0 10.0
82.0 179.0 20.0 10.0
148.0 167.0 20.0 10.0
101.0 103.0 20.0 10.0
146.0 161.0 20.0 10.0
135.0 112.0 20.0 10.0
121.0 110.0 20.0 10.0
104.0 158.0 20.0 10.0
112.0 81.0 20.0 10.0
172.0 122.0 20.0 10.0
175.0 88.0 20.0 10.0
106.0 131.0 20.0 10.0
98.0 83.0 20.0 10.0
107.0 69.0 20.0 10.0
89.0 131.0 20.0 10.0
189.0 126.0 20.0 10.0
133.0 123.0 20.0 10.0
105.0 109.0 20.0 10.0
94.0 94.0 20.0 10.0
164.0 160.0 20.0 10.0
150.0 35.0 20.0 10.0
94.0 137.0 20.0 10.0
83.0 90.0 20.0 10.0
120.0 91.0 20.0 10.0
160.0 91.0 20.0 10.0
171.0 158.0 20.0 10.0
98.0 155.0 20.0 10.0
103.0 136.0 20.0 10.0
173.0 136.0 20.0 10.0
108.0 109.0 20.0 10.0
154.0 112.0 20.0 10.0
177.0 99.0 20.0 10.0
82.0 141.0 20.0 10.0
146.0 130.0 20.0 10.0
119.0 129.0 20.0 10.0
163.0 106.0 20.0 10.0
87.0 137.0 20.0 10.0
108.0 144.0 20.0 10.0
100.0 125.0 20.0 10.0
156.0 138.0 20.0 10.0
139.0 127.0 20.0 10.0
90.0 125.0 20.0 10.0
131.0 104.0 20.0 10.0
109.0 113.0 20.0 10.0
79.0 128.0 20.0 10.0
150.0 82.0 20.0 10.0
141.0 168.0 20.0 10.0
165.0 127.0 20.0 10.0
101.0 147.0 20.0 10.0
131.0 103.0 20.0 10.0
125.0 141.0 20.0 10.0
135.0 72.0 20.0 10.0
143.0 125.0 20.0 10.0
140.0 145.0 20.0 10.0
90.0 86.0 20.0 10.0
164.0 82.0 20.0 10.0
169.0 136.0 20.0 10.0
151.0 134.0 20.0 10.0
78.0 116.0 20.0 10.0
128.0 103.0 20.0 10.0
93.0 101.0 20.0 10.0
125.0 162.0 20.0 10.0
144.0 130.0 20.0 10.0
145.0 172.0 20.0 10.0
144.0 128.0 20.0 10.0
132.0 159.0 20.0 10.0
157.0 119.0 20.0 10.0
88.0 176.0 20.0 10.0
166.0 98.0 20.0 10.0
76.0 118.0 20.0 10.0
109.0 143.0 20.0 10.0
133.0 96.0 20.0 10.0
164.0 114.0 20.0 10.0
119.0 87.0 20.0 10.0
144.0 97.0 20.0 10.0
121.0 81.0 20.0 10.0
117.0 114.0 20.0 10.0
110.0 95.0 20.0 10.0
137.0 84.0 20.0 10.0
141.0 68.0 20.0 10.0
85.0 116.0 20.0 10.0
137.0 141.0 20.0 10.0
104.0 130.0 20.0 10.0
141.0 161.0 20.0 10.0
97.0 90.0 20.0 10.0
102.0 105.0 20.0 10.0
154.0 166.0 20.0 10.0
147.0 104.0 20.0 10.0
69.0 94.0 20.0 10.0
160.0 150.0 20.0 10.0
111.0 119.0 20.0 10.0
108.0 97.0 20.0 10.0
114.0 98.0 20.0 10.0
109.0 152.0 20.0 10.0
127.0 164.0 20.0 10.0
88.0 140.0 20.0 10.0
143.0 58.0 20.0 10.0
208.0 114.0 20.0 10.0
125.0 73.0 20.0 10.0
129.0 114.0 20.0 10.0
89.0 85.0 20.0 10.0
123.0 107.0 20.0 10.0
99.0 131.0 20.0 10.0
125.0 81.0 20.0 10.0
135.0 77.0 20.0 10.0
98.0 146.0 20.0 10.0
76.0 120.0 20.0 10.0
144.0 107.0 20.0 10.0
123.0 163.0 20.0 10.0
151.0 115.0 20.0 10.0
197.0 140.0 20.0 10.0
55.0 53.0 20.0 10.0
121.0 99.0 20.0 10.0
163.0 133.0 20.0 10.0
137.0 194.0 20.0 10.0
112.0 121.0 20.0 10.0
142.0 115.0 20.0 10.0
98.0 148.0 20.0 10.0
106.0 136.0 20.0 10.0
141.0 71.0 20.0 10.0
116.0 156.0 20.0 10.0
138.0 38.0 20.0 10.0
99.0 139.0 20.0 10.0
82.0 112.0 20.0 10.0
103.0 79.0 20.0 10.0
134.0 86.0 20.0 10.0
146.0 90.0 20.0 10.0
98.0 97.0 20.0 10.0
149.0 120.0 20.0 10.0
72.0 153.0 20.0 10.0
167.0 96.0 20.0 10.0
154.0 68.0 20.0 10.0
128.0 69.0 20.0 10.0
152.0 100.0 20.0 10.0
171.0 147.0 20.0 10.0
67.0 118.0 20.0 10.0
87.0 102.0 20.0 10.0
139.0 103.0 20.0 10.0
107.0 137.0 20.0 10.0
158.0 72.0 20.0 10.0
118.0 66.0 20.0 10.0
162.0 117.0 20.0 10.0
177.0 143.0 20.0 10.0
120.0 103.0 20.0 10.0
146.0 97.0 20.0 10.0
102.0 65.0 20.0 10.0
126.0 125.0 20.0 10.0
107.0 171.0 20.0 10.0
118.0 140.0 20.0 10.0
137.0 95.0 20.0 10.0
84.0 118.0 20.0 10.0
171.0 107.0 20.0 10.0
119.0 99.0 20.0 10.0
99.0 142.0 20.0 10.0
126.0 86.0 20.0 10.0
127.0 104.0 20.0 10.0
105.0 126.0 20.0 10.0
128.0 77.0 20.0 10.0
139.0 74.0 20.0 10.0
93.0 98.0 20.0 10.0
64.0 89.0 20.0 10.0
128.0 119.0 20.0 10.0
124.0 106.0 20.0 10.0
120.0 113.0 20.0 10.0
117.0 69.0 20.0 10.0
88.0 136.0 20.0 10.0
140.0 118.0 20.0 10.0
94.0 130.0 20.0 10.0
109.0 89.0 20.0 10.0
174.0 105.0 20.0 10.0
161.0 78.0 20.0 10.0
30.0 192.0 20.0 10.0
185.0 91.0 20.0 10.0
160.0 106.0 20.0 10.0
166.0 168.0 20.0 10.0
64.0 110.0 20.0 10.0
149.0 77.0 20.0 10.0
132.0 166.0 20.0 10.0
149.0 126.0 20.0 10.0
153.0 95.0 20.0 10.0
125.0 95.0 20.0 10.0
111.0 58.0 20.0 10.0
104.0 71.0 20.0 10.0
112.0 139.0 20.0 10.0
162.0 47.0 20.0 10.0
116.0 103.0 20.0 10.0
155.0 122.0 20.0 10.0
143.0 154.0 20.0 10.0
115.0 76.0 20.0 10.0
120.0 123.0 20.0 10.0
132.0 64.0 20.0 10.0
104.0 98.0 20.0 10.0
117.0 110.0 20.0 10.0
137.0 156.0 20.0 10.0
94.0 139.0 20.0 10.0
126.0 63.0 20.0 10.0
140.0 95.0 20.0 10.0
115.0 122.0 20.0 10.0
113.0 91.0 20.0 10.0
128.0 142.0 20.0 10.0
91.0 161.0 20.0 10.0
200.0 93.0 20.0 10.0
88.0 125.0 20.0 10.0
96.0 96.0 20.0 10.0
76.0 108.0 20.0 10.0
143.0 146.0 20.0 10.0
87.0 82.0 20.0 10.0
162.0 170.0 20.0 10.0
166.0 103.0 20.0 10.0
104.0 147.0 20.0 10.0
119.0 85.0 20.0 10.0
178.0 117.0 20.0 10.0
158.0 168.0 20.0 10.0
109.0 141.0 20.0 10.0
117.0 162.0 20.0 10.0
92.0 91.0 20.0 10.0
130.0 67.0 20.0 10.0
119.0 138.0 20.0 10.0
113.0 103.0 20.0 10.0
72.0 79.0 20.0 10.0
168.0 148.0 20.0 10.0
104.0 133.0 20.0 10.0
161.0 54.0 20.0 10.0
75.0 68.0 20.0 10.0
74.0 125.0 20.0 10.0
137.0 110.0 20.0 10.0
133.0 119.0 20.0 10.0
65.0 117.0 20.0 10.0
112.0 136.0 20.0 10.0
112.0 106.0 20.0 10.0
78.0 152.0 20.0 10.0
121.0 105.0 20.0 10.0
129.0 110.0 20.0 10.0
134.0 62.0 20.0 10.0
131.0 107.0 20.0 10.0
176.0 76.0 20.0 10.0
87.0 98.0 20.0 10.0
127.0 148.0 20.0 10.0
111.0 84.0 20.0 10.0
100.0 163.0 20.0 10.0
135.0 122.0 20.0 10.0
125.0 87.0 20.0 10.0
113.0 87.0 20.0 10.0
25.0 142.0 20.0 10.0
142.0 101.0 20.0 10.0
185.0 100.0 20.0 10.0
97.0 107.0 20.0 10.0
114.0 80.0 20.0 10.0
124.0 84.0 20.0 10.0
75.0 111.0 20.0 10.0
109.0 85.0 20.0 10.0
140.0 137.0 20.0 10.0
139.10000610351562 127.0 20.0 10.0
100.0 121.0 20.0 10.0
178.0 88.0 20.0 10.0
108.0 150.0 20.0 10.0
81.0 119.0 20.0 10.0
110.0 99.0 20.0 10.0
120.0 162.0 20.0 10.0
133.0 130.0 20.0 10.0
100.0 127.0 20.0 10.0
103.0 120.0 20.0 10.0
138.0 185.0 20.0 10.0
134.0 154.0 20.0 10.0
127.0 160.0 20.0 10.0
110.0 116.0 20.0 10.0
143.0 126.0 20.0 10.0
177.0 146.0 20.0 10.0
83.0 121.0 20.0 10.0
60.0 139.0 20.0 10.0
141.0 110.0 20.0 10.0
95.0 111.0 20.0 10.0
152.0 148.0 20.0 10.0
123.0 132.0 20.0 10.0
104.0 117.0 20.0 10.0
117.0 130.0 20.0 10.0
124.0 110.0 20.0 10.0
120.0 155.0 20.0 10.0
104.0 114.0 20.0 10.0
123.0 192.0 20.0 10.0
138.0 101.0 20.0 10.0
89.0 113.0 20.0 10.0
138.0 161.0 20.0 10.0
147.0 92.0 20.0 10.0
99.0 99.0 20.0 10.0
104.0 144.0 20.0 10.0
92.0 107.0 20.0 10.0
114.0 41.0 20.0 10.0
111.0 90.0 20.0 10.0
143.0 136.0 20.0 10.0
181.0 120.0 20.0 10.0
152.0 105.0 20.0 10.0
102.0 113.0 20.0 10.0
143.0 121.0 20.0 10.0
127.0 123.0 20.0 10.0
149.0 68.0 20.0 10.0
160.0 127.0 20.0 10.0
96.0 73.0 20.0 10.0
131.0 91.0 20.0 10.0
153.0 154.0 20.0 10.0
119.0 89.0 20.0 10.0
77.0 84.0 20.0 10.0
166.0 118.0 20.0 10.0
156.0 81.0 20.0 10.0
114.0 100.0 20.0 10.0
167.0 88.0 20.0 10.0
122.0 114.0 20.0 10.0
180.0 138.0 20.0 10.0
157.0 88.0 20.0 10.0
170.0 110.0 20.0 10.0
69.0 107.0 20.0 10.0
166.0 108.0 20.0 10.0
121.0 118.0 20.0 10.0
84.0 81.0 20.0 10.0
172.0 144.0 20.0 10.0
78.0 80.0 20.0 10.0
155.0 87.0 20.0 10.0
79.0 86.0 20.0 10.0
144.0 94.0 20.0 10.0
100.0 134.0 20.0 10.0
119.0 119.0 20.0 10.0
143.0 70.0 20.0 10.0
164.0 133.0 20.0 10.0
100.0 91.0 20.0 10.0
138.0 112.0 20.0 10.0
95.0 158.0 20.0 10.0
139.0 72.0 20.0 10.0
121.0 74.0 20.0 10.0
107.0 74.0 20.0 10.0
128.0 132.0 20.0 10.0
138.0 109.0 20.0 10.0
173.0 69.0 20.0 10.0
137.0 122.0 20.0 10.0
165.0 93.0 20.0 10.0
193.0 140.0 20.0 10.0
129.0 121.0 20.0 10.0
97.0 122.0 20.0 10.0
132.0 155.0 20.0 10.0
162.0 84.0 20.0 10.0
136.0 100.0 20.0 10.0
69.0 135.0 20.0 10.0
161.0 130.0 20.0 10.0
130.0 175.0 20.0 10.0
189.0 178.0 20.0 10.0
152.0 126.0 20.0 10.0
172.0 129.0 20.0 10.0
121.0 154.0 20.0 10.0
167.0 106.0 20.0 10.0
130.0 128.0 20.0 10.0
78.0 100.0 20.0 10.0
149.0 134.0 20.0 10.0
101.0 116.0 20.0 10.0
156.0 65.0 20.0 10.0
153.0 143.0 20.0 10.0
136.0 144.0 20.0 10.0
73.0 132.0 20.0 10.0
131.0 81.0 20.0 10.0
136.0 136.0 20.0 10.0
146.0 72.0 20.0 10.0
80.0 125.0 20.0 10.0
149.0 103.0 20.0 10.0
109.0 93.0 20.0 10.0
118.0 133.0 20.0 10.0
130.0 101.0 20.0 10.0
107.0 53.0 20.0 10.0
103.0 110.0 20.0 10.0
67.0 112.0 20.0 10.0
155.0 110.0 20.0 10.0
128.0 145.0 20.0 10.0
112.0 105.0 20.0 10.0
155.0 127.0 20.0 10.0
161.0 146.0 20.0 10.0
146.0 107.0 20.0 10.0
123.0 142.0 20.0 10.0
138.0 87.0 20.0 10.0
161.0 121.0 20.0 10.0
112.0 157.0 20.0 10.0
117.0 146.0 20.0 10.0
140.0 92.0 20.0 10.0
143.0 163.0 20.0 10.0
168.0 128.0 20.0 10.0
185.0 110.0 20.0 10.0
140.0 154.0 20.0 10.0
80.0 80.0 20.0 10.0
125.0 112.0 20.0 10.0
85.0 112.0 20.0 10.0
135.0 128.0 20.0 10.0
135.0 119.0 20.0 10.0
127.0 94.0 20.0 10.0
73.0 142.0 20.0 10.0
125.0 129.0 20.0 10.0
101.0 94.0 20.0 10.0
127.0 128.0 20.0 10.0
84.0 88.0 20.0 10.0
132.0 111.0 20.0 10.0
165.0 130.0 20.0 10.0
108.0 80.0 20.0 10.0
76.0 139.0 20.0 10.0
188.0 132.0 20.0 10.0
129.0 106.0 20.0 10.0
147.0 74.0 20.0 10.0
118.0 94.0 20.0 10.0
31.0 163.0 20.0 10.0
121.0 139.0 20.0 10.0
145.0 104.0 20.0 10.0
147.0 145.0 20.0 10.0
93.0 151.0 20.0 10.0
132.0 86.0 20.0 10.0
157.0 135.0 20.0 10.0
57.0 158.0 20.0 10.0
93.0 72.0 20.0 10.0
105.0 154.0 20.0 10.0
160.0 97.0 20.0 10.0
159.0 126.0 20.0 10.0
168.0 83.0 20.0 10.0
73.0 139.0 20.0 10.0
124.0 133.0 20.0 10.0
129.0 84.0 20.0 10.0
109.0 112.0 20.0 10.0
101.0 151.0 20.0 10.0
145.0 135.0 20.0 10.0
135.0 105.0 20.0 10.0
114.0 142.0 20.0 10.0
167.0 126.0 20.0 10.0
100.0 110.0 20.0 10.0
130.0 171.0 20.0 10.0
119.0 175.0 20.0 10.0
123.0 79.0 20.0 10.0
178.0 103.0 20.0 10.0
129.0 167.0 20.0 10.0
113.0 140.0 20.0 10.0
108.0 105.0 20.0 10.0
146.0 70.0 20.0 10.0
145.0 112.0 20.0 10.0
127.0 115.0 20.0 10.0
90.0 135.0 20.0 10.0
136.0 116.0 20.0 10.0
100.0 151.0 20.0 10.0
126.0 119.0 20.0 10.0
106.0 89.0 20.0 10.0
115.0 127.0 20.0 10.0
136.0 120.0 20.0 10.0
82.0 146.0 20.0 10.0
105.0 138.0 20.0 10.0
145.0 80.0 20.0 10.0
124.0 120.0 20.0 10.0
178.0 92.0 20.0 10.0
132.0 66.0 20.0 10.0
159.0 72.0 20.0 10.0
151.0 120.0 20.0 10.0
109.0 121.0 20.0 10.0
86.0 146.0 20.0 10.0
128.0 152.0 20.0 10.0
90.0 131.0 20.0 10.0
174.0 168.0 20.0 10.0
91.0 142.0 20.0 10.0
123.0 101.0 20.0 10.0
133.0 108.0 20.0 10.0
124.0 96.0 20.0 10.0
152.0 90.0 20.0 10.0
150.0 111.0 20.0 10.0
88.0 174.0 20.0 10.0
148.0 131.0 20.0 10.0
125.0 165.0 20.0 10.0
147.0 130.0 20.0 10.0
147.0 65.0 20.0 10.0
66.0 52.0 20.0 10.0
143.0 130.0 20.0 10.0
154.0 110.0 20.0 10.0
151.0 103.0 20.0 10.0
111.0 123.0 20.0 10.0
140.0 83.0 20.0 10.0
146.0 148.0 20.0 10.0
201.0 57.0 20.0 10.0
94.0 119.0 20.0 10.0
152.0 132.0 20.0 10.0
94.0 105.0 20.0 10.0
111.0 196.0 20.0 10.0
183.0 117.0 20.0 10.0
121.0 120.0 20.0 10.0
131.0 100.0 20.0 10.0
85.0 105.0 20.0 10.0
111.0 149.0 20.0 10.0
115.0 162.0 20.0 10.0
142.0 134.0 20.0 10.0
117.0 135.0 20.0 10.0
148.0 99.0 20.0 10.0
169.0 100.0 20.0 10.0
108.0 180.0 20.0 10.0
138.0 151.0 20.0 10.0
137.0 117.0 20.0 10.0
178.0 140.0 20.0 10.0
83.0 116.0 20.0 10.0
109.0 122.0 20.0 10.0
150.0 76.0 20.0 10.0
161.0 114.0 20.0 10.0
135.0 133.0 20.0 10.0
159.0 93.0 20.0 10.0
78.0 123.0 20.0 10.0
145.0 90.0 20.0 10.0
132.0 128.0 20.0 10.0
95.0 153.0 20.0 10.0
101.0 181.0 20.0 10.0
122.0 103.0 20.0 10.0
82.0 135.0 20.0 10.0
102.0 82.0 20.0 10.0
136.0 113.0 20.0 10.0
145.0 74.0 20.0 10.0
129.0 119.0 20.0 10.0
124.0 98.0 20.0 10.0
151.0 137.0 20.0 10.0
137.0 97.0 20.0 10.0
93.0 172.0 20.0 10.0
175.0 112.0 20.0 10.0
91.0 104.0 20.0 10.0
114.0 124.0 20.0 10.0
177.0 129.0 20.0 10.0
149.0 140.0 20.0 10.0
41.0 96.0 20.0 10.0
167.0 109.0 20.0 10.0
167.0 146.0 20.0 10.0
176.0 104.0 20.0 10.0
147.0 126.0 20.0 10.0
130.0 94.0 20.0 10.0
128.0 128.0 20.0 10.0
107.0 190.0 20.0 10.0
124.0 92.0 20.0 10.0
115.0 104.0 20.0 10.0
86.0 97.0 20.0 10.0
156.0 98.0 20.0 10.0
107.0 92.0 20.0 10.0
132.0 115.0 20.0 10.0
151.0 98.0 20.0 10.0
135.0 143.0 20.0 10.0
112.0 45.0 20.0 10.0
95.0 161.0 20.0 10.0
156.0 121.0 20.0 10.0
81.0 103.0 20.0 10.0
144.0 111.0 20.0 10.0
61.0 54.0 20.0 10.0
145.0 97.0 20.0 10.0
148.0 148.0 20.0 10.0
113.0 172.0 20.0 10.0
96.0 144.0 20.0 10.0
147.0 157.0 20.0 10.0
157.0 91.0 20.0 10.0
181.0 92.0 20.0 10.0
160.0 129.0 20.0 10.0
181.0 82.0 20.0 10.0
104.0 91.0 20.0 10.0
151.0 108.0 20.0 10.0
103.0 162.0 20.0 10.0
99.0 145.0 20.0 10.0
90.0 158.0 20.0 10.0
153.0 89.0 20.0 10.0
117.0 100.0 20.0 10.0
115.0 191.0 20.0 10.0
71.0 102.0 20.0 10.0
59.0 119.0 20.0 10.0
153.0 125.0 20.0 10.0
130.0 135.0 20.0 10.0
156.0 148.0 20.0 10.0
117.0 115.0 20.0 10.0
126.0 92.0 20.0 10.0
95.0 74.0 20.0 10.0
65.0 112.0 20.0 10.0
150.0 90.0 20.0 10.0
77.0 141.0 20.0 10.0
119.0 152.0 20.0 10.0
95.0 128.0 20.0 10.0
85.0 79.0 20.0 10.0
65.0 95.0 20.0 10.0
92.0 166.0 20.0 10.0
136.0 152.0 20.0 10.0
95.0 117.0 20.0 10.0
131.0 153.0 20.0 10.0
131.0 189.0 20.0 10.0
85.0 101.0 20.0 10.0
132.0 100.0 20.0 10.0
97.0 133.0 20.0 10.0
105.0 143.0 20.0 10.0
114.0 88.0 20.0 10.0
147.0 80.0 20.0 10.0
84.0 124.0 20.0 10.0
119.0 142.0 20.0 10.0
131.0 148.0 20.0 10.0
153.0 81.0 20.0 10.0
139.0 171.0 20.0 10.0
104.0 103.0 20.0 10.0
144.0 77.0 20.0 10.0
109.0 160.0 20.0 10.0
112.0 131.0 20.0 10.0
123.0 106.0 20.0 10.0
125.0 100.0 20.0 10.0
121.0 134.0 20.0 10.0
131.0 69.0 20.0 10.0
77.0 106.0 20.0 10.0
121.0 85.0 20.0 10.0
168.0 122.0 20.0 10.0
101.0 86.0 20.0 10.0
161.0 195.0 20.0 10.0
165.0 78.0 20.0 10.0
86.0 122.0 20.0 10.0
113.0 74.0 20.0 10.0
25.0 246.0 20.0 10.0
117.0 93.0 20.0 10.0
89.0 56.0 20.0 10.0
95.0 102.0 20.0 10.0
137.0 64.0 20.0 10.0
126.0 114.0 20.0 10.0
159.0 161.0 20.0 10.0
108.0 83.0 20.0 10.0
153.0 140.0 20.0 10.0
74.0 123.0 20.0 10.0
157.0 115.0 20.0 10.0
118.0 96.0 20.0 10.0
158.0 98.0 20.0 10.0
141.0 107.0 20.0 10.0
108.0 158.0 20.0 10.0
107.0 194.0 20.0 10.0
144.0 117.0 20.0 10.0
139.0 184.0 20.0 10.0
132.0 110.0 20.0 10.0
162.0 98.0 20.0 10.0
151.0 171.0 20.0 10.0
121.0 152.0 20.0 10.0
112.0 90.0 20.0 10.0
89.0 106.0 20.0 10.0
125.0 156.0 20.0 10.0
98.0 121.0 20.0 10.0
116.0 92.0 20.0 10.0
121.0 178.0 20.0 10.0
123.0 150.0 20.0 10.0
69.0 97.0 20.0 10.0
164.0 139.0 20.0 10.0
69.0 122.0 20.0 10.0
96.0 142.0 20.0 10.0
173.0 122.0 20.0 10.0
100.0 74.0 20.0 10.0
89.0 126.0 20.0 10.0
97.0 99.0 20.0 10.0
166.0 90.0 20.0 10.0
85.0 64.0 20.0 10.0
151.0 156.0 20.0 10.0
103.0 179.0 20.0 10.0
132.0 141.0 20.0 10.0
150.0 118.0 20.0 10.0
116.0 151.0 20.0 10.0
90.0 102.0 20.0 10.0
120.0 146.0 20.0 10.0
144.0 164.0 20.0 10.0
141.0 78.0 20.0 10.0
109.0 107.0 20.0 10.0
100.0 118.0 20.0 10.0
98.0 60.0 20.0 10.0
92.0 116.0 20.0 10.0
114.0 114.0 20.0 10.0
83.0 46.0 20.0 10.0
149.0 132.0 20.0 10.0
104.0 109.0 20.0 10.0
164.0 164.0 20.0 10.0
167.0 134.0 20.0 10.0
155.0 129.0 20.0 10.0
149.0 181.0 20.0 10.0
92.0 148.0 20.0 10.0
112.0 144.0 20.0 10.0
111.0 177.0 20.0 10.0
118.0 107.0 20.0 10.0
130.0 112.0 20.0 10.0
114.0 129.0 20.0 10.0
115.0 89.0 20.0 10.0
173.0 100.0 20.0 10.0
170.0 138.0 20.0 10.0
165.0 90.0 20.0 10.0
164.0 136.0 20.0 10.0
112.0 72.0 20.0 10.0
144.0 61.0 20.0 10.0
89.0 142.0 20.0 10.0
155.0 106.0 20.0 10.0
103.0 128.0 20.0 10.0
97.0 125.0 20.0 10.0
117.0 124.0 20.0 10.0
121.0 111.0 20.0 10.0
72.0 117.0 20.0 10.0
149.0 107.0 20.0 10.0
135.0 155.0 20.0 10.0
102.0 124.0 20.0 10.0
168.0 132.0 20.0 10.0
83.0 147.0 20.0 10.0
145.0 138.0 20.0 10.0
113.0 153.0 20.0 10.0
78.0 182.0 20.0 10.0
152.0 77.0 20.0 10.0
123.0 91.0 20.0 10.0
100.0 105.0 20.0 10.0
71.0 42.0 20.0 10.0
127.0 135.0 20.0 10.0
101.0 141.0 20.0 10.0
103.0 145.0 20.0 10.0
98.0 127.0 20.0 10.0
140.0 78.0 20.0 10.0
120.0 59.0 20.0 10.0
99.0 112.0 20.0 10.0
130.0 123.0 20.0 10.0
127.0 171.0 20.0 10.0
133.0 74.0 20.0 10.0
95.0 114.0 20.0 10.0
92.0 108.0 20.0 10.0
131.0 89.0 20.0 10.0
144.0 141.0 20.0 10.0
175.0 124.0 20.0 10.0
158.0 103.0 20.0 10.0
129.0 89.0 20.0 10.0
115.0 135.0 20.0 10.0
118.0 121.0 20.0 10.0
171.0 89.0 20.0 10.0
130.0 132.0 20.0 10.0
108.0 126.0 20.0 10.0
109.0 132.0 20.0 10.0
77.0 111.0 20.0 10.0
106.0 125.0 20.0 10.0
119.0 121.0 20.0 10.0
52.0 150.0 20.0 10.0
153.0 146.0 20.0 10.0
121.0 147.0 20.0 10.0
174.0 119.0 20.0 10.0
165.0 143.0 20.0 10.0
97.0 63.0 20.0 10.0
169.0 102.0 20.0 10.0
158.0 106.0 20.0 10.0
146.0 124.0 20.0 10.0
96.0 109.0 20.0 10.0
130.0 87.0 20.0 10.0
121.0 83.0 20.0 10.0
98.0 115.0 20.0 10.0
110.0 126.0 20.0 10.0
132.0 136.0 20.0 10.0
145.0 85.0 20.0 10.0
135.0 161.0 20.0 10.0
134.0 134.0 20.0 10.0
105.0 122.0 20.0 10.0
65.0 104.0 20.0 10.0
175.0 157.0 20.0 10.0
106.0 111.0 20.0 10.0
84.0 108.0 20.0 10.0
119.0 111.0 20.0 10.0
154.0 114.0 20.0 10.0
172.0 109.0 20.0 10.0
91.0 119.0 20.0 10.0
122.0 149.0 20.0 10.0
114.0 134.0 20.0 10.0
158.0 145.0 20.0 10.0
165.0 149.0 20.0 10.0
139.0 134.0 20.0 10.0
98.0 136.0 20.0 10.0
58.0 143.0 20.0 10.0
100.0 129.0 20.0 10.0
90.0 60.0 20.0 10.0
123.0 144.0 20.0 10.0
138.0 106.0 20.0 10.0
160.0 133.0 20.0 10.0
110.0 169.0 20.0 10.0
186.0 146.0 20.0 10.0
112.0 162.0 20.0 10.0
168.0 116.0 20.0 10.0
64.0 79.0 20.0 10.0
204.0 127.0 20.0 10.0
92.0 111.0 20.0 10.0
132.0 142.0 20.0 10.0
127.0 88.0 20.0 10.0
187.0 125.0 20.0 10.0
137.0 91.0 20.0 10.0
120.0 117.0 20.0 10.0
117.0 153.0 20.0 10.0
121.0 61.0 20.0 10.0
95.0 134.0 20.0 10.0
92.0 146.0 20.0 10.0
147.0 111.0 20.0 10.0
106.0 160.0 20.0 10.0
164.0 154.0 20.0 10.0
106.0 66.0 20.0 10.0
188.0 105.0 20.0 10.0
162.0 109.0 20.0 10.0
92.0 93.0 20.0 10.0
142.0 149.0 20.0 10.0
110.0 110.0 20.0 10.0
104.0 76.0 20.0 10.0
142.0 129.0 20.0 10.0
111.0 68.0 20.0 10.0
124.0 112.0 20.0 10.0
112.0 151.0 20.0 10.0
113.0 117.0 20.0 10.0
133.0 115.0 20.0 10.0
121.0 184.0 20.0 10.0
111.0 66.0 20.0 10.0
129.0 124.0 20.0 10.0
160.0 141.0 20.0 10.0
138.0 114.0 20.0 10.0
81.0 97.0 20.0 10.0
