1000
102.0 105.0 20.0 10.0
91.0 83.0 20.0 10.0
99.0 90.0 20.0 10.0
94.0 97.0 20.0 10.0
92.0 102.0 20.0 10.0
93.0 90.0 20.0 10.0
102.0 83.0 20.0 10.0
106.0 95.0 20.0 10.0
96.0 94.0 20.0 10.0
85.0 86.0 20.0 10.0
104.0 113.0 20.0 10.0
90.0 79.0 20.0 10.0
94.0 102.0 20.0 10.0
87.0 74.0 20.0 10.0
100.0 99.0 20.0 10.0
84.0 94.0 20.0 10.0
103.0 92.0 20.0 10.0
85.0 100.0 20.0 10.0
73.0 89.0 20.0 10.0
92.0 114.0 20.0 10.0
90.0 93.0 20.0 10.0
96.0 90.0 20.0 10.0
117.0 100.0 20.0 10.0
98.0 100.0 20.0 10.0
90.0 111.0 20.0 10.0
78.0 114.0 20.0 10.0
87.0 116.0 20.0 10.0
78.0 87.0 20.0 10.0
114.0 90.0 20.0 10.0
125.0 88.0 20.0 10.0
107.0 102.0 20.0 10.0
93.0 83.0 20.0 10.0
89.0 116.0 20.0 10.0
108.0 123.0 20.0 10.0
118.0 97.0 20.0 10.0
103.0 86.0 20.0 10.0
68.0 82.0 20.0 10.0
72.0 83.0 20.0 10.0
94.0 92.0 20.0 10.0
110.0 76.0 20.0 10.0
98.0 111.0 20.0 10.0
103.0 125.0 20.0 10.0
104.0 98.0 20.0 10.0
106.0 81.0 20.0 10.0
66.0 85.0 20.0 10.0
76.0 113.0 20.0 10.0
100.0 71.0 20.0 10.0
88.0 78.0 20.0 10.0
86.0 90.0 20.0 10.0
107.0 90.0 20.0 10.0
101.0 85.0 20.0 10.0
85.0 96.0 20.0 10.0
79.0 110.0 20.0 10.0
77.0 104.0 20.0 10.0
82.0 105.0 20.0 10.0
97.0 115.0 20.0 10.0
84.0 117.0 20.0 10.0
117.0 89.0 20.0 10.0
89.0 73.0 20.0 10.0
88.0 72.0 20.0 10.0
96.0 120.0 20.0 10.0
115.0 77.0 20.0 10.0
116.0 88.0 20.0 10.0
103.0 116.0 20.0 10.0
92.0 110.0 20.0 10.0
85.0 114.0 20.0 10.0
75.0 85.0 20.0 10.0
87.0 79.0 20.0 10.0
107.0 111.0 20.0 10.0
92.0 103.0 20.0 10.0
101.0 107.0 20.0 10.0
117.0 86.0 20.0 10.0
114.0 99.0 20.0 10.0
79.0 118.0 20.0 10.0
70.0 95.0 20.0 10.0
74.0 98.0 20.0 10.0
110.0 94.0 20.0 10.0
94.0 78.0 20.0 10.0
114.0 71.0 20.0 10.0
110.0 55.0 20.0 10.0
69.0 74.0 20.0 10.0
70.0 104.0 20.0 10.0
116.0 111.0 20.0 10.0
98.0 74.0 20.0 10.0
77.0 101.0 20.0 10.0
60.0 98.0 20.0 10.0
76.0 91.0 20.0 10.0
85.0 98.0 20.0 10.0
112.0 113.0 20.0 10.0
82.0 90.0 20.0 10.0
71.0 115.0 20.0 10.0
92.0 133.0 20.0 10.0
129.0 71.0 20.0 10.0
81.0 93.0 20.0 10.0
94.0 86.0 20.0 10.0
88.0 124.0 20.0 10.0
105.0 122.0 20.0 10.0
109.0 96.0 20.0 10.0
77.0 120.0 20.0 10.0
84.0 65.0 20.0 10.0
80.0 84.0 20.0 10.0
76.0 114.0 20.0 10.0
127.0 106.0 20.0 10.0
93.0 64.0 20.0 10.0
125.0 103.0 20.0 10.0
82.0 128.0 20.0 10.0
115.0 110.0 20.0 10.0
92.0 117.0 20.0 10.0
69.0 77.0 20.0 10.0
89.0 85.0 20.0 10.0
66.0 69.0 20.0 10.0
109.0 108.0 20.0 10.0
77.0 102.0 20.0 10.0
85.0 56.0 20.0 10.0
84.0 86.0 20.0 10.0
114.0 67.0 20.0 10.0
86.0 109.0 20.0 10.0
112.0 137.0 20.0 10.0
91.0 87.0 20.0 10.0
120.0 104.0 20.0 10.0
110.0 63.0 20.0 10.0
81.0 101.0 20.0 10.0
86.0 134.0 20.0 10.0
108.0 106.0 20.0 10.0
106.0 87.0 20.0 10.0
72.0 110.0 20.0 10.0
121.0 54.0 20.0 10.0
61.0 85.0 20.0 10.0
96.0 49.0 20.0 10.0
106.0 108.0 20.0 10.0
91.0 70.0 20.0 10.0
94.0 60.0 20.0 10.0
63.0 78.0 20.0 10.0
98.0 66.0 20.0 10.0
74.0 70.0 20.0 10.0
94.0 114.0 20.0 10.0
115.0 104.0 20.0 10.0
69.0 115.0 20.0 10.0
106.0 68.0 20.0 10.0
78.0 68.0 20.0 10.0
58.0 113.0 20.0 10.0
71.0 66.0 20.0 10.0
112.0 117.0 20.0 10.0
119.0 95.0 20.0 10.0
123.0 86.0 20.0 10.0
109.0 103.0 20.0 10.0
87.0 127.0 20.0 10.0
111.0 122.0 20.0 10.0
51.0 132.0 20.0 10.0
112.0 109.0 20.0 10.0
96.0 64.0 20.0 10.0
93.0 96.0 20.0 10.0
134.0 84.0 20.0 10.0
86.0 99.0 20.0 10.0
84.0 123.0 20.0 10.0
132.0 100.0 20.0 10.0
123.0 110.0 20.0 10.0
72.0 108.0 20.0 10.0
89.0 105.0 20.0 10.0
123.0 82.0 20.0 10.0
64.0 100.0 20.0 10.0
69.0 82.0 20.0 10.0
97.0 86.0 20.0 10.0
78.0 93.0 20.0 10.0
56.0 66.0 20.0 10.0
104.0 127.0 20.0 10.0
68.0 69.0 20.0 10.0
103.0 138.0 20.0 10.0
107.0 92.0 20.0 10.0
72.0 84.0 20.0 10.0
63.0 103.0 20.0 10.0
66.0 93.0 20.0 10.0
120.0 116.0 20.0 10.0
91.0 79.0 20.0 10.0
88.0 87.0 20.0 10.0
58.0 90.0 20.0 10.0
94.0 72.0 20.0 10.0
103.0 99.0 20.0 10.0
96.0 137.0 20.0 10.0
94.0 80.0 20.0 10.0
85.0 109.0 20.0 10.0
108.0 76.0 20.0 10.0
57.0 110.0 20.0 10.0
54.0 70.0 20.0 10.0
74.0 143.0 20.0 10.0
60.0 54.0 20.0 10.0
71.0 55.0 20.0 10.0
114.0 88.0 20.0 10.0
83.0 58.0 20.0 10.0
64.0 120.0 20.0 10.0
104.0 78.0 20.0 10.0
90.0 109.0 20.0 10.0
142.0 82.0 20.0 10.0
95.0 130.0 20.0 10.0
121.0 73.0 20.0 10.0
91.0 97.0 20.0 10.0
82.0 123.0 20.0 10.0
131.0 77.0 20.0 10.0
76.0 47.0 20.0 10.0
121.0 101.0 20.0 10.0
99.0 83.0 20.0 10.0
98.0 128.0 20.0 10.0
100.0 139.0 20.0 10.0
97.0 109.0 20.0 10.0
98.0 69.0 20.0 10.0
121.0 122.0 20.0 10.0
107.0 72.0 20.0 10.0
136.0 96.0 20.0 10.0
107.0 120.0 20.0 10.0
116.0 76.0 20.0 10.0
117.0 104.0 20.0 10.0
63.0 83.0 20.0 10.0
111.0 100.0 20.0 10.0
102.0 119.0 20.0 10.0
71.0 125.0 20.0 10.0
116.0 106.0 20.0 10.0
92.0 70.0 20.0 10.0
91.0 127.0 20.0 10.0
101.0 74.0 20.0 10.0
123.0 106.0 20.0 10.0
95.0 110.0 20.0 10.0
78.0 61.0 20.0 10.0
71.0 78.0 20.0 10.0
115.0 57.0 20.0 10.0
69.0 98.0 20.0 10.0
115.0 94.0 20.0 10.0
124.0 69.0 20.0 10.0
74.0 91.0 20.0 10.0
120.0 132.0 20.0 10.0
88.0 120.0 20.0 10.0
44.0 96.0 20.0 10.0
115.0 115.0 20.0 10.0
96.0 81.0 20.0 10.0
94.0 51.0 20.0 10.0
123.0 100.0 20.0 10.0
103.0 103.0 20.0 10.0
102.0 111.0 20.0 10.0
75.0 102.0 20.0 10.0
96.0 62.0 20.0 10.0
118.0 126.0 20.0 10.0
128.0 115.0 20.0 10.0
80.0 134.0 20.0 10.0
107.0 96.0 20.0 10.0
58.0 96.0 20.0 10.0
89.0 147.0 20.0 10.0
133.0 70.0 20.0 10.0
129.0 76.0 20.0 10.0
133.0 91.0 20.0 10.0
98.0 133.0 20.0 10.0
127.0 75.0 20.0 10.0
97.0 88.0 20.0 10.0
111.0 127.0 20.0 10.0
79.0 81.0 20.0 10.0
53.0 117.0 20.0 10.0
97.0 66.0 20.0 10.0
77.0 72.0 20.0 10.0
119.0 107.0 20.0 10.0
54.0 79.0 20.0 10.0
112.0 114.0 20.0 10.0
94.0 111.0 20.0 10.0
58.0 49.0 20.0 10.0
117.0 82.0 20.0 10.0
79.0 60.0 20.0 10.0
83.0 129.0 20.0 10.0
116.0 52.0 20.0 10.0
129.0 98.0 20.0 10.0
130.0 82.0 20.0 10.0
123.0 94.0 20.0 10.0
116.0 125.0 20.0 10.0
102.0 40.0 20.0 10.0
130.0 84.0 20.0 10.0
110.0 104.0 20.0 10.0
103.0 50.0 20.0 10.0
54.0 120.0 20.0 10.0
66.0 118.0 20.0 10.0
93.0 127.0 20.0 10.0
75.0 76.0 20.0 10.0
53.0 103.0 20.0 10.0
105.0 93.0 20.0 10.0
65.0 66.0 20.0 10.0
75.0 95.0 20.0 10.0
113.0 73.0 20.0 10.0
92.0 122.0 20.0 10.0
113.0 36.0 20.0 10.0
65.0 108.0 20.0 10.0
80.0 115.0 20.0 10.0
97.0 51.0 20.0 10.0
104.0 67.0 20.0 10.0
129.0 68.0 20.0 10.0
89.0 122.0 20.0 10.0
125.0 75.0 20.0 10.0
112.0 70.0 20.0 10.0
57.0 106.0 20.0 10.0
93.0 61.0 20.0 10.0
87.0 111.0 20.0 10.0
110.0 72.0 20.0 10.0
58.0 102.0 20.0 10.0
74.0999984741211 98.0 20.0 10.0
112.0 98.0 20.0 10.0
117.0 67.0 20.0 10.0
108.0 64.0 20.0 10.0
135.0 105.0 20.0 10.0
82.0 108.0 20.0 10.0
99.0 65.0 20.0 10.0
120.0 138.0 20.0 10.0
78.0 72.0 20.0 10.0
130.0 92.0 20.0 10.0
108.0 94.0 20.0 10.0
65.0 87.0 20.0 10.0
142.0 62.0 20.0 10.0
90.0 63.0 20.0 10.0
63.0 108.0 20.0 10.0
135.0 85.0 20.0 10.0
94.0 118.0 20.0 10.0
101.0 51.0 20.0 10.0
94.0 74.0 20.0 10.0
127.0 88.0 20.0 10.0
123.0 134.0 20.0 10.0
141.0 90.0 20.0 10.0
113.0 107.0 20.0 10.0
55.0 63.0 20.0 10.0
66.0 126.0 20.0 10.0
121.0 117.0 20.0 10.0
75.0 120.0 20.0 10.0
98.0 131.0 20.0 10.0
95.0 136.0 20.0 10.0
133.0 99.0 20.0 10.0
84.0 90.0 20.0 10.0
120.0 70.0 20.0 10.0
105.0 89.0 20.0 10.0
125.0 90.0 20.0 10.0
125.0 98.0 20.0 10.0
132.0 115.0 20.0 10.0
106.0 110.0 20.0 10.0
120.0 64.0 20.0 10.0
78.0 102.0 20.0 10.0
83.0 120.0 20.0 10.0
68.0 122.0 20.0 10.0
108.0 107.0 20.0 10.0
69.0 93.0 20.0 10.0
119.0 134.0 20.0 10.0
111.0 118.0 20.0 10.0
61.0 70.0 20.0 10.0
58.0 108.0 20.0 10.0
123.0 111.0 20.0 10.0
126.0 70.0 20.0 10.0
47.0 92.0 20.0 10.0
82.0 63.0 20.0 10.0
143.0 104.0 20.0 10.0
133.0 75.0 20.0 10.0
103.0 55.0 20.0 10.0
149.0 89.0 20.0 10.0
77.0 35.0 20.0 10.0
135.0 125.0 20.0 10.0
121.0 59.0 20.0 10.0
114.0 133.0 20.0 10.0
129.0 58.0 20.0 10.0
69.0 101.0 20.0 10.0
89.0 98.0 20.0 10.0
81.0 86.0 20.0 10.0
125.0 140.0 20.0 10.0
117.0 130.0 20.0 10.0
59.0 75.0 20.0 10.0
115.0999984741211 94.0 20.0 10.0
129.0 121.0 20.0 10.0
48.0 86.0 20.0 10.0
131.0 57.0 20.0 10.0
69.0 88.0 20.0 10.0
62.0 97.0 20.0 10.0
111.0 86.0 20.0 10.0
83.0 126.0 20.0 10.0
126.0 66.0 20.0 10.0
133.0 126.0 20.0 10.0
121.0 67.0 20.0 10.0
76.0 133.0 20.0 10.0
109.0 135.0 20.0 10.0
61.0 132.0 20.0 10.0
114.0 125.0 20.0 10.0
51.0 95.0 20.0 10.0
95.0 69.0 20.0 10.0
90.0 61.0 20.0 10.0
73.0 77.0 20.0 10.0
71.0 102.0 20.0 10.0
66.0 59.0 20.0 10.0
129.0 94.0 20.0 10.0
135.0 113.0 20.0 10.0
136.0 77.0 20.0 10.0
135.0 115.0 20.0 10.0
109.0 81.0 20.0 10.0
84.0 82.0 20.0 10.0
123.0 79.0 20.0 10.0
97.0 136.0 20.0 10.0
76.0 107.0 20.0 10.0
117.0 64.0 20.0 10.0
76.0 64.0 20.0 10.0
85.0 72.0 20.0 10.0
55.0 139.0 20.0 10.0
127.0 81.0 20.0 10.0
62.0 112.0 20.0 10.0
61.0 74.0 20.0 10.0
104.0 85.0 20.0 10.0
52.0 75.0 20.0 10.0
80.0 49.0 20.0 10.0
94.0 55.0 20.0 10.0
110.0 60.0 20.0 10.0
54.0 91.0 20.0 10.0
91.0 137.0 20.0 10.0
68.0 67.0 20.0 10.0
91.0 89.0 20.0 10.0
110.0 89.0 20.0 10.0
49.0 96.0 20.0 10.0
102.0 58.0 20.0 10.0
105.0 71.0 20.0 10.0
62.0 115.0 20.0 10.0
93.0 142.0 20.0 10.0
69.0 58.0 20.0 10.0
140.0 69.0 20.0 10.0
114.0 61.0 20.0 10.0
105.0 115.0 20.0 10.0
138.0 116.0 20.0 10.0
94.0 122.0 20.0 10.0
85.0 122.0 20.0 10.0
70.0 80.0 20.0 10.0
62.0 89.0 20.0 10.0
38.0 137.0 20.0 10.0
120.0 108.0 20.0 10.0
141.0 97.0 20.0 10.0
61.0 50.0 20.0 10.0
61.0 68.0 20.0 10.0
120.0 61.0 20.0 10.0
79.0 120.0 20.0 10.0
73.0 94.0 20.0 10.0
115.0 130.0 20.0 10.0
131.0 89.0 20.0 10.0
76.0 49.0 20.0 10.0
105.0 134.0 20.0 10.0
112.0 78.0 20.0 10.0
127.0 108.0 20.0 10.0
136.0 101.0 20.0 10.0
114.0 126.0 20.0 10.0
152.0 114.0 20.0 10.0
70.0 132.0 20.0 10.0
126.0 102.0 20.0 10.0
45.0 84.0 20.0 10.0
123.0 107.0 20.0 10.0
81.0 81.0 20.0 10.0
98.0 42.0 20.0 10.0
127.0 52.0 20.0 10.0
79.0 141.0 20.0 10.0
155.0 85.0 20.0 10.0
66.0 133.0 20.0 10.0
115.0 140.0 20.0 10.0
132.0 72.0 20.0 10.0
139.0 136.0 20.0 10.0
95.0 126.0 20.0 10.0
118.0 76.0 20.0 10.0
72.0 112.0 20.0 10.0
72.0 128.0 20.0 10.0
133.0 133.0 20.0 10.0
134.0 56.0 20.0 10.0
145.0 96.0 20.0 10.0
125.0 36.0 20.0 10.0
79.0 57.0 20.0 10.0
93.0 46.0 20.0 10.0
146.0 76.0 20.0 10.0
81.0 113.0 20.0 10.0
115.0 48.0 20.0 10.0
60.0 130.0 20.0 10.0
34.0 92.0 20.0 10.0
85.0 67.0 20.0 10.0
66.0 77.0 20.0 10.0
137.0 117.0 20.0 10.0
67.0 135.0 20.0 10.0
124.0 62.0 20.0 10.0
87.0 108.0 20.0 10.0
76.0 82.0 20.0 10.0
113.0 64.0 20.0 10.0
111.0 130.0 20.0 10.0
75.0 44.0 20.0 10.0
135.0 91.0 20.0 10.0
113.0 46.0 20.0 10.0
66.0 116.0 20.0 10.0
154.0 93.0 20.0 10.0
71.0 121.0 20.0 10.0
55.0 83.0 20.0 10.0
99.0 61.0 20.0 10.0
125.0 128.0 20.0 10.0
50.0 90.0 20.0 10.0
100.0 156.0 20.0 10.0
97.0 149.0 20.0 10.0
136.0 74.0 20.0 10.0
125.0 94.0 20.0 10.0
72.0 69.0 20.0 10.0
110.0 56.0 20.0 10.0
69.0 65.0 20.0 10.0
102.0 64.0 20.0 10.0
132.0 107.0 20.0 10.0
101.0 48.0 20.0 10.0
119.0 63.0 20.0 10.0
118.0 74.0 20.0 10.0
50.0 113.0 20.0 10.0
127.0 136.0 20.0 10.0
148.0 83.0 20.0 10.0
62.0 82.0 20.0 10.0
86.0 61.0 20.0 10.0
125.0 116.0 20.0 10.0
50.0 68.0 20.0 10.0
122.0 78.0 20.0 10.0
87.0 64.0 20.0 10.0
56.0 82.0 20.0 10.0
54.0 76.0 20.0 10.0
128.0 105.0 20.0 10.0
64.0 126.0 20.0 10.0
104.0 59.0 20.0 10.0
138.0 128.0 20.0 10.0
140.0 104.0 20.0 10.0
69.0 39.0 20.0 10.0
144.0 71.0 20.0 10.0
117.0 150.0 20.0 10.0
99.0 145.0 20.0 10.0
125.0 72.0 20.0 10.0
107.0 133.0 20.0 10.0
108.0 139.0 20.0 10.0
120.0 89.0 20.0 10.0
47.0 117.0 20.0 10.0
111.0 45.0 20.0 10.0
136.0 107.0 20.0 10.0
91.0 55.0 20.0 10.0
135.0 145.0 20.0 10.0
123.0 124.0 20.0 10.0
138.0 80.0 20.0 10.0
77.0 117.0 20.0 10.0
109.0 52.0 20.0 10.0
111.0 78.0 20.0 10.0
70.0 113.0 20.0 10.0
81.0 159.0 20.0 10.0
109.0 114.0 20.0 10.0
48.0 72.0 20.0 10.0
40.0 86.0 20.0 10.0
145.0 111.0 20.0 10.0
74.0 111.0 20.0 10.0
86.0 44.0 20.0 10.0
46.0 95.0 20.0 10.0
77.0 139.0 20.0 10.0
120.0 91.0 20.0 10.0
111.0 133.0 20.0 10.0
95.0 147.0 20.0 10.0
131.0 116.0 20.0 10.0
109.0 149.0 20.0 10.0
145.0 85.0 20.0 10.0
131.0 140.0 20.0 10.0
58.0 92.0 20.0 10.0
90.0 69.0 20.0 10.0
67.0 89.0 20.0 10.0
109.0 118.0 20.0 10.0
74.0 54.0 20.0 10.0
121.0 50.0 20.0 10.0
43.0 76.0 20.0 10.0
90.0 50.0 20.0 10.0
108.0 130.0 20.0 10.0
35.0 138.0 20.0 10.0
31.0 101.0 20.0 10.0
43.0 107.0 20.0 10.0
58.0 124.0 20.0 10.0
58.0 54.0 20.0 10.0
128.0 85.0 20.0 10.0
25.0 69.0 20.0 10.0
130.0 131.0 20.0 10.0
72.0 146.0 20.0 10.0
120.0 163.0 20.0 10.0
115.0 135.0 20.0 10.0
49.0 80.0 20.0 10.0
96.0 160.0 20.0 10.0
107.0 45.0 20.0 10.0
125.0 64.0 20.0 10.0
105.0 72.0 20.0 10.0
120.0 86.0 20.0 10.0
69.0 112.0 20.0 10.0
140.0 65.0 20.0 10.0
76.0 67.0 20.0 10.0
81.0 120.0 20.0 10.0
44.0 65.0 20.0 10.0
87.0 141.0 20.0 10.0
82.0 46.0 20.0 10.0
58.0 78.0 20.0 10.0
131.0 103.0 20.0 10.0
140.0 77.0 20.0 10.0
53.0 98.0 20.0 10.0
107.0 80.0 20.0 10.0
40.0 106.0 20.0 10.0
106.0 143.0 20.0 10.0
75.0 122.0 20.0 10.0
84.0 137.0 20.0 10.0
43.0 101.0 20.0 10.0
58.0 76.0 20.0 10.0
138.0 88.0 20.0 10.0
136.0 88.0 20.0 10.0
91.0 141.0 20.0 10.0
131.0 118.0 20.0 10.0
104.0 47.0 20.0 10.0
140.0 82.0 20.0 10.0
66.0 138.0 20.0 10.0
59.0 105.0 20.0 10.0
135.0 66.0 20.0 10.0
108.0 35.0 20.0 10.0
81.0 150.0 20.0 10.0
79.0 37.0 20.0 10.0
53.0 80.0 20.0 10.0
132.0 120.0 20.0 10.0
125.0 120.0 20.0 10.0
121.0 130.0 20.0 10.0
82.0 77.0 20.0 10.0
54.0 86.0 20.0 10.0
145.0 100.0 20.0 10.0
39.0 121.0 20.0 10.0
59.0 94.0 20.0 10.0
100.0 132.0 20.0 10.0
84.0 48.0 20.0 10.0
94.0 57.0 20.0 10.0
105.0 34.0 20.0 10.0
65.0 116.0 20.0 10.0
124.0 122.0 20.0 10.0
48.0 99.0 20.0 10.0
62.0 156.0 20.0 10.0
130.0 50.0 20.0 10.0
72.0 63.0 20.0 10.0
72.0 86.0 20.0 10.0
72.0 141.0 20.0 10.0
42.0 82.0 20.0 10.0
53.0 135.0 20.0 10.0
84.0 51.0 20.0 10.0
72.0 56.0 20.0 10.0
36.0 120.0 20.0 10.0
50.0 76.0 20.0 10.0
89.0 45.0 20.0 10.0
104.0 141.0 20.0 10.0
91.0 37.0 20.0 10.0
41.0 72.0 20.0 10.0
67.0 144.0 20.0 10.0
50.0 103.0 20.0 10.0
107.0 55.0 20.0 10.0
54.0 127.0 20.0 10.0
142.0 91.0 20.0 10.0
50.0 128.0 20.0 10.0
56.0 87.0 20.0 10.0
56.0 73.0 20.0 10.0
32.0 48.0 20.0 10.0
146.0 91.0 20.0 10.0
65.0 62.0 20.0 10.0
136.0 94.0 20.0 10.0
70.0 48.0 20.0 10.0
145.0 122.0 20.0 10.0
131.0 61.0 20.0 10.0
141.0 130.0 20.0 10.0
132.0 128.0 20.0 10.0
138.0 97.0 20.0 10.0
55.0 68.0 20.0 10.0
96.0 42.0 20.0 10.0
76.0 130.0 20.0 10.0
84.0 133.0 20.0 10.0
101.0 56.0 20.0 10.0
56.0 113.0 20.0 10.0
81.0 50.0 20.0 10.0
69.0 84.0 20.0 10.0
95.0 144.0 20.0 10.0
135.0 123.0 20.0 10.0
76.0 63.0 20.0 10.0
65.0 151.0 20.0 10.0
47.0 109.0 20.0 10.0
94.0 39.0 20.0 10.0
77.0 135.0 20.0 10.0
63.0 139.0 20.0 10.0
105.0 62.0 20.0 10.0
61.0 81.0 20.0 10.0
106.0 43.0 20.0 10.0
113.0 32.0 20.0 10.0
137.0 63.0 20.0 10.0
59.0 89.0 20.0 10.0
51.0 81.0 20.0 10.0
141.0 48.0 20.0 10.0
113.0 103.0 20.0 10.0
50.0 100.0 20.0 10.0
135.0 109.0 20.0 10.0
80.0 58.0 20.0 10.0
58.0 67.0 20.0 10.0
90.0 91.0 20.0 10.0
98.0 46.0 20.0 10.0
148.0 95.0 20.0 10.0
98.0 118.0 20.0 10.0
130.0 125.0 20.0 10.0
65.0 98.0 20.0 10.0
90.0 46.0 20.0 10.0
128.0 111.0 20.0 10.0
123.0 126.0 20.0 10.0
67.0 57.0 20.0 10.0
50.0 91.0 20.0 10.0
61.0 56.0 20.0 10.0
144.0 145.0 20.0 10.0
63.0 135.0 20.0 10.0
122.0 30.0 20.0 10.0
60.0 136.0 20.0 10.0
100.0 63.0 20.0 10.0
66.0 111.0 20.0 10.0
133.0 87.0 20.0 10.0
106.0 51.0 20.0 10.0
111.0 83.0 20.0 10.0
74.0 66.0 20.0 10.0
131.0 95.0 20.0 10.0
75.0 145.0 20.0 10.0
64.0 133.0 20.0 10.0
84.0 73.0 20.0 10.0
84.0 55.0 20.0 10.0
126.0 124.0 20.0 10.0
79.0 31.0 20.0 10.0
92.0 42.0 20.0 10.0
95.0 44.0 20.0 10.0
95.0 31.0 20.0 10.0
44.0 89.0 20.0 10.0
130.0 79.0 20.0 10.0
119.0 47.0 20.0 10.0
134.0 95.0 20.0 10.0
55.0 98.0 20.0 10.0
60.0 109.0 20.0 10.0
80.0 112.0 20.0 10.0
130.0 100.0 20.0 10.0
52.0 125.0 20.0 10.0
128.0 148.0 20.0 10.0
35.0 82.0 20.0 10.0
105.0 120.0 20.0 10.0
84.0 143.0 20.0 10.0
29.0 92.0 20.0 10.0
111.0 141.0 20.0 10.0
67.0 106.0 20.0 10.0
63.0 48.0 20.0 10.0
64.0 131.0 20.0 10.0
150.0 115.0 20.0 10.0
141.0 112.0 20.0 10.0
83.0 111.0 20.0 10.0
65.0 81.0 20.0 10.0
71.0 39.0 20.0 10.0
129.0 144.0 20.0 10.0
73.0 130.0 20.0 10.0
45.0 96.0 20.0 10.0
105.0 145.0 20.0 10.0
58.0 132.0 20.0 10.0
62.0 128.0 20.0 10.0
126.0 131.0 20.0 10.0
141.0 84.0 20.0 10.0
59.0 61.0 20.0 10.0
153.0 97.0 20.0 10.0
131.0 112.0 20.0 10.0
52.0 105.0 20.0 10.0
62.0 154.0 20.0 10.0
36.0 65.0 20.0 10.0
124.0 130.0 20.0 10.0
162.0 92.0 20.0 10.0
79.0 129.0 20.0 10.0
116.0 73.0 20.0 10.0
37.0 69.0 20.0 10.0
112.0 125.0 20.0 10.0
76.0 127.0 20.0 10.0
55.0 58.0 20.0 10.0
148.0 112.0 20.0 10.0
54.0 111.0 20.0 10.0
38.0 89.0 20.0 10.0
29.0 69.0 20.0 10.0
113.0 142.0 20.0 10.0
80.0 160.0 20.0 10.0
54.0 130.0 20.0 10.0
49.0 135.0 20.0 10.0
128.0 62.0 20.0 10.0
85.0 150.0 20.0 10.0
121.0 72.0 20.0 10.0
95.0 154.0 20.0 10.0
138.0 102.0 20.0 10.0
38.0 79.0 20.0 10.0
132.0 106.0 20.0 10.0
124.0 45.0 20.0 10.0
46.0 114.0 20.0 10.0
66.0 103.0 20.0 10.0
140.0 73.0 20.0 10.0
73.0 85.0 20.0 10.0
55.0 131.0 20.0 10.0
71.0 60.0 20.0 10.0
106.0 149.0 20.0 10.0
50.0 40.0 20.0 10.0
83.0 79.0 20.0 10.0
103.0 130.0 20.0 10.0
118.0 118.0 20.0 10.0
59.0 72.0 20.0 10.0
73.0 133.0 20.0 10.0
65.0 83.0 20.0 10.0
107.0 51.0 20.0 10.0
120.0 140.0 20.0 10.0
50.0 47.0 20.0 10.0
49.0 88.0 20.0 10.0
108.0 141.0 20.0 10.0
73.0 43.0 20.0 10.0
104.0 39.0 20.0 10.0
51.0 53.0 20.0 10.0
41.0 89.0 20.0 10.0
69.0 43.0 20.0 10.0
128.0 66.0 20.0 10.0
137.0 92.0 20.0 10.0
120.0 120.0 20.0 10.0
51.0 67.0 20.0 10.0
147.0 103.0 20.0 10.0
118.0 122.0 20.0 10.0
79.0 42.0 20.0 10.0
161.0 101.0 20.0 10.0
100.0 143.0 20.0 10.0
60.0 127.0 20.0 10.0
148.0 101.0 20.0 10.0
94.0 152.0 20.0 10.0
74.0 144.0 20.0 10.0
127.0 119.0 20.0 10.0
136.0 59.0 20.0 10.0
92.0 112.0 20.0 10.0
113.0 48.0 20.0 10.0
132.0 64.0 20.0 10.0
57.0 62.0 20.0 10.0
163.0 109.0 20.0 10.0
81.0 61.0 20.0 10.0
119.0 44.0 20.0 10.0
144.0 109.0 20.0 10.0
38.0 102.0 20.0 10.0
128.0 113.0 20.0 10.0
149.0 99.0 20.0 10.0
72.0 164.0 20.0 10.0
141.0 78.0 20.0 10.0
31.0 132.0 20.0 10.0
57.0 136.0 20.0 10.0
118.0 54.0 20.0 10.0
114.0 135.0 20.0 10.0
145.0 106.0 20.0 10.0
45.0 48.0 20.0 10.0
143.0 126.0 20.0 10.0
68.0999984741211 69.0 20.0 10.0
54.0 102.0 20.0 10.0
120.0 81.0 20.0 10.0
50.0 115.0 20.0 10.0
56.0 121.0 20.0 10.0
51.0 119.0 20.0 10.0
114.0 149.0 20.0 10.0
128.0 58.0 20.0 10.0
63.0 91.0 20.0 10.0
127.0 124.0 20.0 10.0
47.0 123.0 20.0 10.0
145.0 84.0 20.0 10.0
148.0 72.0 20.0 10.0
150.0 138.0 20.0 10.0
44.0 100.0 20.0 10.0
127.0 154.0 20.0 10.0
52.0 107.0 20.0 10.0
142.0 87.0 20.0 10.0
124.0 57.0 20.0 10.0
69.0 120.0 20.0 10.0
134.0 120.0 20.0 10.0
43.0 120.0 20.0 10.0
73.0 151.0 20.0 10.0
64.0 72.0 20.0 10.0
100.0 54.0 20.0 10.0
111.0 58.0 20.0 10.0
140.0 126.0 20.0 10.0
66.0 50.0 20.0 10.0
88.0 132.0 20.0 10.0
56.0 102.0 20.0 10.0
101.0 47.0 20.0 10.0
141.0 137.0 20.0 10.0
110.0 152.0 20.0 10.0
108.0 25.0 20.0 10.0
169.0 119.0 20.0 10.0
36.0 117.0 20.0 10.0
28.0 86.0 20.0 10.0
92.0 145.0 20.0 10.0
91.0 139.0 20.0 10.0
103.0 152.0 20.0 10.0
158.0 130.0 20.0 10.0
118.0 143.0 20.0 10.0
125.0 55.0 20.0 10.0
65.0 109.0 20.0 10.0
116.0 138.0 20.0 10.0
128.0 133.0 20.0 10.0
114.0 54.0 20.0 10.0
143.0 78.0 20.0 10.0
135.0 36.0 20.0 10.0
82.0 142.0 20.0 10.0
136.0 120.0 20.0 10.0
114.0 158.0 20.0 10.0
106.0 58.0 20.0 10.0
122.0 114.0 20.0 10.0
102.0 110.0 20.0 10.0
87.0 48.0 20.0 10.0
141.0 58.0 20.0 10.0
132.0 47.0 20.0 10.0
81.0 69.0 20.0 10.0
85.0 139.0 20.0 10.0
75.0 53.0 20.0 10.0
89.0 60.0 20.0 10.0
53.0 45.0 20.0 10.0
38.0 74.0 20.0 10.0
56.0 118.0 20.0 10.0
41.0 59.0 20.0 10.0
33.0 112.0 20.0 10.0
54.0 60.0 20.0 10.0
68.0 45.0 20.0 10.0
87.0 31.0 20.0 10.0
83.0 33.0 20.0 10.0
116.0 61.0 20.0 10.0
63.0 51.0 20.0 10.0
77.0 126.0 20.0 10.0
154.0 85.0 20.0 10.0
87.0 52.0 20.0 10.0
142.0 116.0 20.0 10.0
105.0 154.0 20.0 10.0
89.0 56.0 20.0 10.0
139.0 52.0 20.0 10.0
99.0 123.0 20.0 10.0
146.0 71.0 20.0 10.0
35.0 115.0 20.0 10.0
156.0 78.0 20.0 10.0
154.0 56.0 20.0 10.0
155.0 95.0 20.0 10.0
69.0 150.0 20.0 10.0
143.0 93.0 20.0 10.0
106.0 137.0 20.0 10.0
73.0 49.0 20.0 10.0
140.0 61.0 20.0 10.0
146.0 68.0 20.0 10.0
86.0 162.0 20.0 10.0
46.0 106.0 20.0 10.0
138.0 113.0 20.0 10.0
140.0 100.0 20.0 10.0
53.0 109.0 20.0 10.0
85.0 25.0 20.0 10.0
140.0 107.0 20.0 10.0
62.0 64.0 20.0 10.0
115.0 153.0 20.0 10.0
40.0 93.0 20.0 10.0
126.0 86.0 20.0 10.0
65.0 145.0 20.0 10.0
59.0 140.0 20.0 10.0
56.0 49.0 20.0 10.0
138.0 133.0 20.0 10.0
152.0 90.0 20.0 10.0
73.0 75.0 20.0 10.0
96.0 141.0 20.0 10.0
134.0 45.0 20.0 10.0
81.0 155.0 20.0 10.0
61.0 124.0 20.0 10.0
76.0 153.0 20.0 10.0
26.0 114.0 20.0 10.0
38.0 153.0 20.0 10.0
167.0 72.0 20.0 10.0
110.0 45.0 20.0 10.0
48.0 62.0 20.0 10.0
40.0 97.0 20.0 10.0
163.0 118.0 20.0 10.0
116.0 123.0 20.0 10.0
70.0 53.0 20.0 10.0
115.0 44.0 20.0 10.0
86.0 143.0 20.0 10.0
51.0 72.0 20.0 10.0
134.0 131.0 20.0 10.0
86.0 165.0 20.0 10.0
72.0 59.0 20.0 10.0
88.0 43.0 20.0 10.0
123.0 158.0 20.0 10.0
85.0 40.0 20.0 10.0
57.0 84.0 20.0 10.0
64.0 161.0 20.0 10.0
102.0 122.0 20.0 10.0
152.0 107.0 20.0 10.0
129.0 143.0 20.0 10.0
133.0 67.0 20.0 10.0
155.0 126.0 20.0 10.0
144.0 51.0 20.0 10.0
47.0 111.0 20.0 10.0
58.0 145.0 20.0 10.0
56.0 37.0 20.0 10.0
72.0 37.0 20.0 10.0
146.0 54.0 20.0 10.0
46.0 105.0 20.0 10.0
144.0 120.0 20.0 10.0
76.0 137.0 20.0 10.0
103.0 136.0 20.0 10.0
59.0 85.0 20.0 10.0
118.0 58.0 20.0 10.0
78.0 44.0 20.0 10.0
137.0 104.0 20.0 10.0
156.0 141.0 20.0 10.0
94.0 159.0 20.0 10.0
42.0 127.0 20.0 10.0
66.0 48.0 20.0 10.0
30.0 88.0 20.0 10.0
96.0 124.0 20.0 10.0
50.0 83.0 20.0 10.0
94.0 84.0 20.0 10.0
87.0 145.0 20.0 10.0
119.0 42.0 20.0 10.0
