1000
93.0 93.0 20.0 10.0
84.0 107.0 20.0 10.0
81.0 98.0 20.0 10.0
98.0 100.0 20.0 10.0
93.0 101.0 20.0 10.0
95.0 85.0 20.0 10.0
93.0 111.0 20.0 10.0
87.0 90.0 20.0 10.0
87.0 105.0 20.0 10.0
79.0 101.0 20.0 10.0
113.0 109.0 20.0 10.0
83.0 103.0 20.0 10.0
115.0 126.0 20.0 10.0
101.0 91.0 20.0 10.0
107.0 111.0 20.0 10.0
96.0 109.0 20.0 10.0
106.0 94.0 20.0 10.0
101.0 88.0 20.0 10.0
92.0 106.0 20.0 10.0
83.0 74.0 20.0 10.0
94.0 108.0 20.0 10.0
85.0 103.0 20.0 10.0
111.0 102.0 20.0 10.0
85.0 99.0 20.0 10.0
91.0 91.0 20.0 10.0
98.0 75.0 20.0 10.0
82.0 109.0 20.0 10.0
115.0 83.0 20.0 10.0
88.0 96.0 20.0 10.0
104.0 110.0 20.0 10.0
101.0 74.0 20.0 10.0
116.0 111.0 20.0 10.0
107.0 93.0 20.0 10.0
78.0 84.0 20.0 10.0
103.0 111.0 20.0 10.0
96.0 91.0 20.0 10.0
124.0 114.0 20.0 10.0
90.0 110.0 20.0 10.0
134.0 100.0 20.0 10.0
101.0 122.0 20.0 10.0
113.0 104.0 20.0 10.0
98.0 119.0 20.0 10.0
87.0 144.0 20.0 10.0
104.0 129.0 20.0 10.0
101.0 105.0 20.0 10.0
126.0 110.0 20.0 10.0
75.0 95.0 20.0 10.0
89.0 91.0 20.0 10.0
114.0 102.0 20.0 10.0
91.0 121.0 20.0 10.0
76.0 99.0 20.0 10.0
108.0 113.0 20.0 10.0
104.0 114.0 20.0 10.0
79.0 112.0 20.0 10.0
108.0 110.0 20.0 10.0
92.0 116.0 20.0 10.0
96.0 79.0 20.0 10.0
97.0 98.0 20.0 10.0
87.0 70.0 20.0 10.0
87.0 98.0 20.0 10.0
80.0 90.0 20.0 10.0
78.0 104.0 20.0 10.0
116.0 69.0 20.0 10.0
104.0 113.0 20.0 10.0
101.0 78.0 20.0 10.0
89.0 120.0 20.0 10.0
114.0 95.0 20.0 10.0
89.0 84.0 20.0 10.0
73.0 96.0 20.0 10.0
72.0 76.0 20.0 10.0
98.0 92.0 20.0 10.0
107.0 83.0 20.0 10.0
67.0 80.0 20.0 10.0
108.0 104.0 20.0 10.0
90.0 102.0 20.0 10.0
70.0 72.0 20.0 10.0
102.0 99.0 20.0 10.0
125.0 102.0 20.0 10.0
113.0 89.0 20.0 10.0
89.0 98.0 20.0 10.0
121.0 110.0 20.0 10.0
109.0 66.0 20.0 10.0
83.0 120.0 20.0 10.0
82.0 96.0 20.0 10.0
107.0 95.0 20.0 10.0
118.0 103.0 20.0 10.0
95.0 116.0 20.0 10.0
97.0 115.0 20.0 10.0
85.0 75.0 20.0 10.0
83.0 79.0 20.0 10.0
112.0 75.0 20.0 10.0
132.0 90.0 20.0 10.0
69.0 92.0 20.0 10.0
72.0 112.0 20.0 10.0
73.0 121.0 20.0 10.0
113.0 90.0 20.0 10.0
69.0 122.0 20.0 10.0
80.0 85.0 20.0 10.0
122.0 103.0 20.0 10.0
109.0 96.0 20.0 10.0
102.0 97.0 20.0 10.0
95.0 125.0 20.0 10.0
98.0 102.0 20.0 10.0
107.0 125.0 20.0 10.0
112.0 126.0 20.0 10.0
115.0 120.0 20.0 10.0
120.0 122.0 20.0 10.0
99.0 85.0 20.0 10.0
100.0 70.0 20.0 10.0
83.0 82.0 20.0 10.0
70.0 130.0 20.0 10.0
112.0 78.0 20.0 10.0
93.0 128.0 20.0 10.0
106.0 98.0 20.0 10.0
100.0 94.0 20.0 10.0
91.0 141.0 20.0 10.0
71.0 80.0 20.0 10.0
76.0 115.0 20.0 10.0
107.0 128.0 20.0 10.0
62.0 85.0 20.0 10.0
76.0 83.0 20.0 10.0
123.0 78.0 20.0 10.0
57.0 106.0 20.0 10.0
113.0 125.0 20.0 10.0
115.0 105.0 20.0 10.0
110.0 124.0 20.0 10.0
99.0 131.0 20.0 10.0
82.0 107.0 20.0 10.0
79.0 98.0 20.0 10.0
69.0 129.0 20.0 10.0
103.0 139.0 20.0 10.0
121.0 112.0 20.0 10.0
77.0 111.0 20.0 10.0
115.0 113.0 20.0 10.0
99.0 117.0 20.0 10.0
56.0 79.0 20.0 10.0
70.0 83.0 20.0 10.0
95.0 100.0 20.0 10.0
98.0 80.0 20.0 10.0
77.0 108.0 20.0 10.0
81.0 88.0 20.0 10.0
112.0 140.0 20.0 10.0
62.0 99.0 20.0 10.0
96.0 129.0 20.0 10.0
130.0 105.0 20.0 10.0
86.0 132.0 20.0 10.0
130.0 100.0 20.0 10.0
97.0 103.0 20.0 10.0
94.0 80.0 20.0 10.0
103.0 126.0 20.0 10.0
109.0 81.0 20.0 10.0
125.0 91.0 20.0 10.0
92.0 112.0 20.0 10.0
64.0 134.0 20.0 10.0
134.0 122.0 20.0 10.0
63.0 91.0 20.0 10.0
124.0 95.0 20.0 10.0
159.0 98.0 20.0 10.0
80.0 122.0 20.0 10.0
76.0 97.0 20.0 10.0
79.0 148.0 20.0 10.0
107.0 120.0 20.0 10.0
109.0 138.0 20.0 10.0
113.0 119.0 20.0 10.0
111.0 116.0 20.0 10.0
110.0 83.0 20.0 10.0
115.0 101.0 20.0 10.0
113.0 92.0 20.0 10.0
87.0 54.0 20.0 10.0
100.0 135.0 20.0 10.0
72.0 88.0 20.0 10.0
62.0 130.0 20.0 10.0
112.0 128.0 20.0 10.0
72.0 70.0 20.0 10.0
104.0 119.0 20.0 10.0
98.0 63.0 20.0 10.0
116.0 83.0 20.0 10.0
80.0 120.0 20.0 10.0
110.0 63.0 20.0 10.0
79.0 74.0 20.0 10.0
74.0 62.0 20.0 10.0
65.0 128.0 20.0 10.0
86.0 113.0 20.0 10.0
80.0 93.0 20.0 10.0
80.0 95.0 20.0 10.0
64.0 79.0 20.0 10.0
117.0 72.0 20.0 10.0
120.0 81.0 20.0 10.0
78.0 138.0 20.0 10.0
107.0 66.0 20.0 10.0
123.0 114.0 20.0 10.0
124.0 100.0 20.0 10.0
118.0 117.0 20.0 10.0
110.0 70.0 20.0 10.0
57.0 117.0 20.0 10.0
78.0 131.0 20.0 10.0
92.0 66.0 20.0 10.0
116.0 107.0 20.0 10.0
128.0 124.0 20.0 10.0
129.0 128.0 20.0 10.0
90.0 127.0 20.0 10.0
89.0 131.0 20.0 10.0
87.0 100.0 20.0 10.0
64.0 130.0 20.0 10.0
131.0 126.0 20.0 10.0
107.0 89.0 20.0 10.0
95.0 119.0 20.0 10.0
78.0 77.0 20.0 10.0
80.0 103.0 20.0 10.0
120.0 131.0 20.0 10.0
76.0 106.0 20.0 10.0
94.0 87.0 20.0 10.0
77.0 129.0 20.0 10.0
118.0 107.0 20.0 10.0
88.0 76.0 20.0 10.0
70.0 124.0 20.0 10.0
91.0 64.0 20.0 10.0
112.0 138.0 20.0 10.0
104.0 79.0 20.0 10.0
130.0 94.0 20.0 10.0
90.0 77.0 20.0 10.0
142.0 122.0 20.0 10.0
81.0 146.0 20.0 10.0
54.0 72.0 20.0 10.0
111.0 88.0 20.0 10.0
116.0 74.0 20.0 10.0
62.0 101.0 20.0 10.0
116.0 93.0 20.0 10.0
94.0 73.0 20.0 10.0
98.0 107.0 20.0 10.0
76.0 91.0 20.0 10.0
60.0 80.0 20.0 10.0
84.0 68.0 20.0 10.0
71.0 100.0 20.0 10.0
74.0 83.0 20.0 10.0
107.0 102.0 20.0 10.0
114.0 72.0 20.0 10.0
91.0 74.0 20.0 10.0
62.0 54.0 20.0 10.0
82.0 150.0 20.0 10.0
84.0 140.0 20.0 10.0
93.0 136.0 20.0 10.0
95.0 127.0 20.0 10.0
84.0 111.0 20.0 10.0
139.0 126.0 20.0 10.0
119.0 96.0 20.0 10.0
105.0 110.0 20.0 10.0
79.0 116.0 20.0 10.0
45.0 96.0 20.0 10.0
100.0 115.0 20.0 10.0
113.0 113.0 20.0 10.0
82.0 66.0 20.0 10.0
130.0 110.0 20.0 10.0
103.0 85.0 20.0 10.0
114.0 62.0 20.0 10.0
125.0 141.0 20.0 10.0
71.0 94.0 20.0 10.0
112.0 86.0 20.0 10.0
134.0 111.0 20.0 10.0
122.0 72.0 20.0 10.0
43.0 111.0 20.0 10.0
74.0 144.0 20.0 10.0
118.0 88.0 20.0 10.0
85.0 121.0 20.0 10.0
122.0 76.0 20.0 10.0
93.0 85.0 20.0 10.0
68.0 105.0 20.0 10.0
65.0 116.0 20.0 10.0
90.0 146.0 20.0 10.0
51.0 106.0 20.0 10.0
153.0 78.0 20.0 10.0
138.0 122.0 20.0 10.0
116.0 138.0 20.0 10.0
112.0 130.0 20.0 10.0
108.0 126.0 20.0 10.0
127.0 85.0 20.0 10.0
73.0 73.0 20.0 10.0
119.0 122.0 20.0 10.0
132.0 76.0 20.0 10.0
63.0 125.0 20.0 10.0
69.0 139.0 20.0 10.0
72.0 124.0 20.0 10.0
78.0 72.0 20.0 10.0
116.0 95.0 20.0 10.0
51.0 94.0 20.0 10.0
78.0 120.0 20.0 10.0
44.0 122.0 20.0 10.0
71.0 52.0 20.0 10.0
91.0 106.0 20.0 10.0
72.0 62.0 20.0 10.0
81.0 68.0 20.0 10.0
127.0 79.0 20.0 10.0
53.0 122.0 20.0 10.0
81.0 75.0 20.0 10.0
86.0 109.0 20.0 10.0
110.0 133.0 20.0 10.0
139.0 116.0 20.0 10.0
68.0 133.0 20.0 10.0
151.0 99.0 20.0 10.0
61.0 92.0 20.0 10.0
66.0 100.0 20.0 10.0
82.0 71.0 20.0 10.0
62.0 127.0 20.0 10.0
123.0 79.0 20.0 10.0
95.0 152.0 20.0 10.0
117.0 80.0 20.0 10.0
57.0 142.0 20.0 10.0
93.0 157.0 20.0 10.0
54.0 133.0 20.0 10.0
51.0 90.0 20.0 10.0
66.0 85.0 20.0 10.0
83.0 56.0 20.0 10.0
133.0 66.0 20.0 10.0
132.0 104.0 20.0 10.0
74.0 106.0 20.0 10.0
43.0 97.0 20.0 10.0
108.0 78.0 20.0 10.0
150.0 78.0 20.0 10.0
121.0 117.0 20.0 10.0
77.0 116.0 20.0 10.0
74.0 131.0 20.0 10.0
98.0 122.0 20.0 10.0
70.0 109.0 20.0 10.0
74.0 80.0 20.0 10.0
132.0 128.0 20.0 10.0
51.0 74.0 20.0 10.0
49.0 61.0 20.0 10.0
63.0 71.0 20.0 10.0
57.0 111.0 20.0 10.0
105.0 141.0 20.0 10.0
118.0 121.0 20.0 10.0
110.0 79.0 20.0 10.0
70.0 120.0 20.0 10.0
56.0 115.0 20.0 10.0
62.0 106.0 20.0 10.0
75.0 65.0 20.0 10.0
75.0 72.0 20.0 10.0
59.0 128.0 20.0 10.0
60.0 68.0 20.0 10.0
100.0 127.0 20.0 10.0
125.0 97.0 20.0 10.0
86.0 116.0 20.0 10.0
120.0 83.0 20.0 10.0
105.0 80.0 20.0 10.0
58.0 89.0 20.0 10.0
61.0 114.0 20.0 10.0
122.0 120.0 20.0 10.0
106.0 72.0 20.0 10.0
66.0 109.0 20.0 10.0
73.0 133.0 20.0 10.0
95.0 54.0 20.0 10.0
62.0 134.0 20.0 10.0
100.0 137.0 20.0 10.0
59.0 86.0 20.0 10.0
113.0 116.0 20.0 10.0
73.0 154.0 20.0 10.0
85.0 94.0 20.0 10.0
140.0 74.0 20.0 10.0
105.0 76.0 20.0 10.0
149.0 113.0 20.0 10.0
109.0 135.0 20.0 10.0
87.0 77.0 20.0 10.0
91.0 138.0 20.0 10.0
133.0 102.0 20.0 10.0
74.0 47.0 20.0 10.0
129.0 74.0 20.0 10.0
119.0 90.0 20.0 10.0
96.0 45.0 20.0 10.0
83.0 78.0 20.0 10.0
126.0 83.0 20.0 10.0
85.0 63.0 20.0 10.0
86.0 87.0 20.0 10.0
136.0 97.0 20.0 10.0
104.0 117.0 20.0 10.0
110.0 74.0 20.0 10.0
64.0 121.0 20.0 10.0
114.0 57.0 20.0 10.0
83.0 113.0 20.0 10.0
104.0 154.0 20.0 10.0
90.0 96.0 20.0 10.0
145.0 108.0 20.0 10.0
98.0 88.0 20.0 10.0
148.0 103.0 20.0 10.0
117.0 59.0 20.0 10.0
68.0 87.0 20.0 10.0
126.0 106.0 20.0 10.0
75.0 135.0 20.0 10.0
102.0 86.0 20.0 10.0
65.0 126.0 20.0 10.0
52.0 111.0 20.0 10.0
94.0 71.0 20.0 10.0
57.0 76.0 20.0 10.0
66.0 68.0 20.0 10.0
139.0 100.0 20.0 10.0
62.0 88.0 20.0 10.0
83.0 136.0 20.0 10.0
60.0 130.0 20.0 10.0
61.0 90.0 20.0 10.0
125.0 127.0 20.0 10.0
105.0 147.0 20.0 10.0
104.0 64.0 20.0 10.0
137.0 65.0 20.0 10.0
65.0 66.0 20.0 10.0
82.0 48.0 20.0 10.0
130.0 65.0 20.0 10.0
80.0 58.0 20.0 10.0
116.0 53.0 20.0 10.0
132.0 114.0 20.0 10.0
67.0 92.0 20.0 10.0
103.0 157.0 20.0 10.0
66.0 141.0 20.0 10.0
154.0 113.0 20.0 10.0
87.0 137.0 20.0 10.0
57.0 103.0 20.0 10.0
105.0 137.0 20.0 10.0
84.0 116.0 20.0 10.0
118.0 130.0 20.0 10.0
92.0 76.0 20.0 10.0
133.0 107.0 20.0 10.0
104.0 69.0 20.0 10.0
40.0 108.0 20.0 10.0
132.0 80.0 20.0 10.0
141.0 118.0 20.0 10.0
81.0 141.0 20.0 10.0
70.0 55.0 20.0 10.0
131.0 118.0 20.0 10.0
122.0 82.0 20.0 10.0
87.0 50.0 20.0 10.0
81.0 41.0 20.0 10.0
137.0 85.0 20.0 10.0
131.0 141.0 20.0 10.0
80.0 144.0 20.0 10.0
122.0 130.0 20.0 10.0
92.0 124.0 20.0 10.0
107.0 61.0 20.0 10.0
130.0 85.0 20.0 10.0
100.0 63.0 20.0 10.0
145.0 79.0 20.0 10.0
163.0 130.0 20.0 10.0
63.0 105.0 20.0 10.0
91.0 130.0 20.0 10.0
73.0 115.0 20.0 10.0
130.0 117.0 20.0 10.0
127.0 112.0 20.0 10.0
77.0 54.0 20.0 10.0
88.0 41.0 20.0 10.0
97.0 50.0 20.0 10.0
118.0 78.0 20.0 10.0
49.0 105.0 20.0 10.0
128.0 118.0 20.0 10.0
143.0 136.0 20.0 10.0
125.0 145.0 20.0 10.0
79.0 133.0 20.0 10.0
90.0 143.0 20.0 10.0
120.0 127.0 20.0 10.0
75.0 101.0 20.0 10.0
121.0 84.0 20.0 10.0
140.0 142.0 20.0 10.0
31.0 56.0 20.0 10.0
140.0 82.0 20.0 10.0
60.0 141.0 20.0 10.0
94.0 147.0 20.0 10.0
139.0 148.0 20.0 10.0
133.0 97.0 20.0 10.0
77.0 127.0 20.0 10.0
121.0 152.0 20.0 10.0
70.0 137.0 20.0 10.0
128.0 126.0 20.0 10.0
48.0 110.0 20.0 10.0
84.0 84.0 20.0 10.0
67.0 153.0 20.0 10.0
86.0 151.0 20.0 10.0
83.0 127.0 20.0 10.0
55.0 73.0 20.0 10.0
115.0 128.0 20.0 10.0
118.0 68.0 20.0 10.0
135.0 105.0 20.0 10.0
120.0 134.0 20.0 10.0
70.0 78.0 20.0 10.0
132.0 94.0 20.0 10.0
90.0 60.0 20.0 10.0
101.0 93.0 20.0 10.0
109.0 71.0 20.0 10.0
104.0 123.0 20.0 10.0
95.0 49.0 20.0 10.0
94.0 96.0 20.0 10.0
117.0 135.0 20.0 10.0
75.0 60.0 20.0 10.0
98.0 99.0 20.0 10.0
107.0 139.0 20.0 10.0
145.0 98.0 20.0 10.0
86.0 83.0 20.0 10.0
75.0 68.0 20.0 10.0
72.0 133.0 20.0 10.0
98.0 42.0 20.0 10.0
97.0 66.0 20.0 10.0
83.0 144.0 20.0 10.0
67.0 99.0 20.0 10.0
81.0 73.0 20.0 10.0
91.0 164.0 20.0 10.0
145.0 92.0 20.0 10.0
143.0 86.0 20.0 10.0
55.0 77.0 20.0 10.0
141.0 83.0 20.0 10.0
138.0 83.0 20.0 10.0
89.0 160.0 20.0 10.0
133.0 54.0 20.0 10.0
121.0 94.0 20.0 10.0
109.0 54.0 20.0 10.0
30.0 72.0 20.0 10.0
90.0 153.0 20.0 10.0
100.0 56.0 20.0 10.0
49.0 82.0 20.0 10.0
125.0 138.0 20.0 10.0
59.0 106.0 20.0 10.0
56.0 39.0 20.0 10.0
133.0 130.0 20.0 10.0
115.0 148.0 20.0 10.0
126.0 119.0 20.0 10.0
52.0 91.0 20.0 10.0
50.0 87.0 20.0 10.0
77.0 78.0 20.0 10.0
152.0 124.0 20.0 10.0
108.0 142.0 20.0 10.0
123.0 60.0 20.0 10.0
42.0 73.0 20.0 10.0
142.0 146.0 20.0 10.0
151.0 117.0 20.0 10.0
140.0 105.0 20.0 10.0
124.0 69.0 20.0 10.0
108.0 152.0 20.0 10.0
78.0 141.0 20.0 10.0
116.0 141.0 20.0 10.0
103.0 60.0 20.0 10.0
100.0 58.0 20.0 10.0
148.0 95.0 20.0 10.0
72.0 142.0 20.0 10.0
132.0 68.0 20.0 10.0
55.0 119.0 20.0 10.0
107.0 137.0 20.0 10.0
68.0 137.0 20.0 10.0
132.0 122.0 20.0 10.0
98.0 147.0 20.0 10.0
117.0 126.0 20.0 10.0
35.0 115.0 20.0 10.0
89.0 67.0 20.0 10.0
68.0 152.0 20.0 10.0
87.0 66.0 20.0 10.0
94.0 62.0 20.0 10.0
137.0 115.0 20.0 10.0
124.0 85.0 20.0 10.0
40.0 83.0 20.0 10.0
108.0 125.0 20.0 10.0
78.0 150.0 20.0 10.0
103.0 100.0 20.0 10.0
118.0 66.0 20.0 10.0
96.0 144.0 20.0 10.0
134.0 92.0 20.0 10.0
59.0 151.0 20.0 10.0
121.0 147.0 20.0 10.0
128.0 57.0 20.0 10.0
121.0 108.0 20.0 10.0
136.0 80.0 20.0 10.0
132.0 173.0 20.0 10.0
134.0 48.0 20.0 10.0
116.0 77.0 20.0 10.0
123.0 45.0 20.0 10.0
118.0 70.0 20.0 10.0
67.0 111.0 20.0 10.0
80.0 84.0 20.0 10.0
128.0 75.0 20.0 10.0
55.0 109.0 20.0 10.0
70.0 150.0 20.0 10.0
105.0 83.0 20.0 10.0
125.0 88.0 20.0 10.0
154.0 84.0 20.0 10.0
57.0 99.0 20.0 10.0
121.0 67.0 20.0 10.0
146.0 114.0 20.0 10.0
145.0 118.0 20.0 10.0
97.0 151.0 20.0 10.0
132.0 111.0 20.0 10.0
132.0 109.0 20.0 10.0
57.0 131.0 20.0 10.0
66.0 75.0 20.0 10.0
145.0 105.0 20.0 10.0
64.0 101.0 20.0 10.0
56.0 113.0 20.0 10.0
77.0 136.0 20.0 10.0
65.0 80.0 20.0 10.0
128.0 70.0 20.0 10.0
125.0 159.0 20.0 10.0
126.0 94.0 20.0 10.0
138.0 139.0 20.0 10.0
148.0 124.0 20.0 10.0
85.0 134.0 20.0 10.0
141.0 108.0 20.0 10.0
113.0 79.0 20.0 10.0
39.0 88.0 20.0 10.0
48.0 102.0 20.0 10.0
135.0 56.0 20.0 10.0
34.0 118.0 20.0 10.0
150.0 95.0 20.0 10.0
118.0 99.0 20.0 10.0
85.0 143.0 20.0 10.0
59.0 62.0 20.0 10.0
62.0 62.0 20.0 10.0
84.0 146.0 20.0 10.0
66.0 120.0 20.0 10.0
128.0 103.0 20.0 10.0
98.0 140.0 20.0 10.0
113.0 151.0 20.0 10.0
100.0 79.0 20.0 10.0
44.0 100.0 20.0 10.0
138.0 99.0 20.0 10.0
59.0 121.0 20.0 10.0
126.0 124.0 20.0 10.0
110.0 30.0 20.0 10.0
117.0 157.0 20.0 10.0
106.0 136.0 20.0 10.0
61.0 109.0 20.0 10.0
144.0 131.0 20.0 10.0
99.0 157.0 20.0 10.0
51.0 86.0 20.0 10.0
109.0 159.0 20.0 10.0
38.0 107.0 20.0 10.0
70.0 147.0 20.0 10.0
40.0 147.0 20.0 10.0
92.0 56.0 20.0 10.0
42.0 79.0 20.0 10.0
102.0 65.0 20.0 10.0
63.0 148.0 20.0 10.0
35.0 92.0 20.0 10.0
130.0 72.0 20.0 10.0
51.0 96.0 20.0 10.0
87.0 46.0 20.0 10.0
137.0 88.0 20.0 10.0
85.0 59.0 20.0 10.0
82.0 128.0 20.0 10.0
72.0 108.0 20.0 10.0
120.0 53.0 20.0 10.0
123.0 107.0 20.0 10.0
68.0 49.0 20.0 10.0
137.0 91.0 20.0 10.0
141.0 103.0 20.0 10.0
114.0 168.0 20.0 10.0
72.0 85.0 20.0 10.0
117.0 63.0 20.0 10.0
104.0 62.0 20.0 10.0
68.0 86.0 20.0 10.0
131.0 79.0 20.0 10.0
149.0 140.0 20.0 10.0
42.0 143.0 20.0 10.0
48.0 156.0 20.0 10.0
107.0 59.0 20.0 10.0
129.0 139.0 20.0 10.0
138.0 129.0 20.0 10.0
69.0 156.0 20.0 10.0
174.0 119.0 20.0 10.0
64.0 118.0 20.0 10.0
98.0 51.0 20.0 10.0
147.0 119.0 20.0 10.0
134.0 79.0 20.0 10.0
63.0 81.0 20.0 10.0
52.0 87.0 20.0 10.0
140.0 77.0 20.0 10.0
138.0 136.0 20.0 10.0
103.0 49.0 20.0 10.0
109.0 119.0 20.0 10.0
51.0 78.0 20.0 10.0
53.0 101.0 20.0 10.0
132.0 83.0 20.0 10.0
68.0 78.0 20.0 10.0
129.0 91.0 20.0 10.0
75.0 54.0 20.0 10.0
52.0 124.0 20.0 10.0
144.0 69.0 20.0 10.0
76.0 63.0 20.0 10.0
102.0 40.0 20.0 10.0
54.0 115.0 20.0 10.0
102.0 67.0 20.0 10.0
65.0 54.0 20.0 10.0
100.0 68.0 20.0 10.0
64.0 60.0 20.0 10.0
99.0 39.0 20.0 10.0
123.0 127.0 20.0 10.0
125.0 61.0 20.0 10.0
92.0 61.0 20.0 10.0
110.0 59.0 20.0 10.0
124.0 66.0 20.0 10.0
75.0 145.0 20.0 10.0
73.0 43.0 20.0 10.0
76.0 76.0 20.0 10.0
116.0 132.0 20.0 10.0
131.0 59.0 20.0 10.0
144.0 72.0 20.0 10.0
144.0 88.0 20.0 10.0
92.0 79.0 20.0 10.0
107.0 69.0 20.0 10.0
163.0 117.0 20.0 10.0
76.0 162.0 20.0 10.0
57.0 69.0 20.0 10.0
54.0 117.0 20.0 10.0
120.0 135.0 20.0 10.0
95.0 155.0 20.0 10.0
143.0 103.0 20.0 10.0
67.0 71.0 20.0 10.0
171.0 123.0 20.0 10.0
127.0 142.0 20.0 10.0
33.0 98.0 20.0 10.0
123.0 146.0 20.0 10.0
68.0 119.0 20.0 10.0
111.0 103.0 20.0 10.0
100.0 153.0 20.0 10.0
69.0 100.0 20.0 10.0
85.0 54.0 20.0 10.0
52.0 120.0 20.0 10.0
112.0 58.0 20.0 10.0
102.0 133.0 20.0 10.0
129.0 38.0 20.0 10.0
50.0 123.0 20.0 10.0
128.0 45.0 20.0 10.0
138.0 78.0 20.0 10.0
108.0 39.0 20.0 10.0
95.0 68.0 20.0 10.0
98.0 162.0 20.0 10.0
111.0 171.0 20.0 10.0
83.0 58.0 20.0 10.0
116.0 64.0 20.0 10.0
49.0 107.0 20.0 10.0
152.0 110.0 20.0 10.0
44.0 82.0 20.0 10.0
93.0 58.0 20.0 10.0
63.0 123.0 20.0 10.0
37.0 109.0 20.0 10.0
56.0 128.0 20.0 10.0
72.0 151.0 20.0 10.0
151.0 106.0 20.0 10.0
65.0 46.0 20.0 10.0
24.0 81.0 20.0 10.0
70.0 143.0 20.0 10.0
85.0 156.0 20.0 10.0
70.0 67.0 20.0 10.0
51.0 115.0 20.0 10.0
72.0 59.0 20.0 10.0
65.0 133.0 20.0 10.0
63.0 96.0 20.0 10.0
131.0 72.0 20.0 10.0
64.0 113.0 20.0 10.0
126.0 54.0 20.0 10.0
42.0 107.0 20.0 10.0
113.0 51.0 20.0 10.0
83.0 63.0 20.0 10.0
47.0 77.0 20.0 10.0
87.0 128.0 20.0 10.0
157.0 94.0 20.0 10.0
57.0 122.0 20.0 10.0
123.0 102.0 20.0 10.0
60.0 121.0 20.0 10.0
149.0 70.0 20.0 10.0
73.0 51.0 20.0 10.0
56.0 55.0 20.0 10.0
125.0 73.0 20.0 10.0
100.0 145.0 20.0 10.0
65.0 76.0 20.0 10.0
98.0 132.0 20.0 10.0
80.0 152.0 20.0 10.0
90.0 64.0 20.0 10.0
115.0 143.0 20.0 10.0
90.0 47.0 20.0 10.0
54.0 83.0 20.0 10.0
135.0 89.0 20.0 10.0
107.0 154.0 20.0 10.0
55.0 59.0 20.0 10.0
121.0 73.0 20.0 10.0
51.0 100.0 20.0 10.0
114.0 40.0 20.0 10.0
62.0 72.0 20.0 10.0
61.0 76.0 20.0 10.0
48.0 41.0 20.0 10.0
81.0 136.0 20.0 10.0
130.0 153.0 20.0 10.0
127.0 67.0 20.0 10.0
75.0 71.0 20.0 10.0
118.0 86.0 20.0 10.0
127.0 109.0 20.0 10.0
110.0 57.0 20.0 10.0
61.0 125.0 20.0 10.0
106.0 145.0 20.0 10.0
80.0 129.0 20.0 10.0
118.0 48.0 20.0 10.0
44.0 117.0 20.0 10.0
138.0 43.0 20.0 10.0
129.0 77.0 20.0 10.0
51.0 141.0 20.0 10.0
130.0 112.0 20.0 10.0
71.0 48.0 20.0 10.0
154.0 115.0 20.0 10.0
129.0 69.0 20.0 10.0
91.0 150.0 20.0 10.0
101.0 151.0 20.0 10.0
133.0 75.0 20.0 10.0
49.0 114.0 20.0 10.0
33.0 127.0 20.0 10.0
43.0 148.0 20.0 10.0
52.0 62.0 20.0 10.0
135.0 75.0 20.0 10.0
123.0 70.0 20.0 10.0
142.0 62.0 20.0 10.0
39.0 103.0 20.0 10.0
124.0 116.0 20.0 10.0
92.0 46.0 20.0 10.0
131.0 87.0 20.0 10.0
139.0 55.0 20.0 10.0
123.0 140.0 20.0 10.0
118.0 148.0 20.0 10.0
46.0 134.0 20.0 10.0
155.0 96.0 20.0 10.0
29.0 133.0 20.0 10.0
135.0 148.0 20.0 10.0
114.0 146.0 20.0 10.0
149.0 74.0 20.0 10.0
147.0 111.0 20.0 10.0
142.0 96.0 20.0 10.0
160.0 111.0 20.0 10.0
143.0 139.0 20.0 10.0
145.0 54.0 20.0 10.0
139.0 114.0 20.0 10.0
70.0 105.0 20.0 10.0
104.0 58.0 20.0 10.0
65.0 63.0 20.0 10.0
76.0 36.0 20.0 10.0
155.0 73.0 20.0 10.0
97.0 165.0 20.0 10.0
103.0 54.0 20.0 10.0
79.0 57.0 20.0 10.0
42.0 125.0 20.0 10.0
53.0 138.0 20.0 10.0
125.0 108.0 20.0 10.0
46.0 99.0 20.0 10.0
53.0 98.0 20.0 10.0
87.0 59.0 20.0 10.0
55.0 69.0 20.0 10.0
149.0 129.0 20.0 10.0
64.0 68.0 20.0 10.0
67.0 59.0 20.0 10.0
86.0 81.0 20.0 10.0
139.0 120.0 20.0 10.0
123.0 54.0 20.0 10.0
123.0 91.0 20.0 10.0
51.0 70.0 20.0 10.0
136.0 109.0 20.0 10.0
45.0 67.0 20.0 10.0
74.0 118.0 20.0 10.0
106.0 39.0 20.0 10.0
153.0 81.0 20.0 10.0
33.0 71.0 20.0 10.0
149.0 84.0 20.0 10.0
118.0 74.0 20.0 10.0
112.0 65.0 20.0 10.0
135.0 71.0 20.0 10.0
76.0 122.0 20.0 10.0
155.0 63.0 20.0 10.0
95.0 167.0 20.0 10.0
155.0 67.0 20.0 10.0
44.0 88.0 20.0 10.0
36.0 79.0 20.0 10.0
142.0 99.0 20.0 10.0
119.0 62.0 20.0 10.0
115.0 156.0 20.0 10.0
44.0 103.0 20.0 10.0
122.0 123.0 20.0 10.0
52.0 81.0 20.0 10.0
91.0 49.0 20.0 10.0
116.0 122.0 20.0 10.0
119.0 137.0 20.0 10.0
149.0 100.0 20.0 10.0
156.0 91.0 20.0 10.0
159.0 138.0 20.0 10.0
69.0 74.0 20.0 10.0
98.0 61.0 20.0 10.0
76.0 42.0 20.0 10.0
58.0 66.0 20.0 10.0
94.0 133.0 20.0 10.0
140.0 152.0 20.0 10.0
123.0 35.0 20.0 10.0
55.0 93.0 20.0 10.0
124.0 122.0 20.0 10.0
58.0 100.0 20.0 10.0
130.0 50.0 20.0 10.0
33.0 141.0 20.0 10.0
163.0 108.0 20.0 10.0
118.0 113.0 20.0 10.0
145.0 65.0 20.0 10.0
144.0 60.0 20.0 10.0
42.0 106.0 20.0 10.0
153.0 124.0 20.0 10.0
79.0 62.0 20.0 10.0
55.0 106.0 20.0 10.0
85.0 68.0 20.0 10.0
38.0 76.0 20.0 10.0
114.0 137.0 20.0 10.0
36.0 101.0 20.0 10.0
136.0 39.0 20.0 10.0
107.0 47.0 20.0 10.0
89.0 52.0 20.0 10.0
59.0 94.0 20.0 10.0
135.0 131.0 20.0 10.0
104.0 43.0 20.0 10.0
105.0 162.0 20.0 10.0
95.0 57.0 20.0 10.0
156.0 107.0 20.0 10.0
86.0 127.0 20.0 10.0
62.0 45.0 20.0 10.0
130.0 149.0 20.0 10.0
143.0 115.0 20.0 10.0
58.0 137.0 20.0 10.0
136.0 68.0 20.0 10.0
94.0 166.0 20.0 10.0
63.0 111.0 20.0 10.0
41.0 134.0 20.0 10.0
153.0 138.0 20.0 10.0
58.0 73.0 20.0 10.0
54.0 79.0 20.0 10.0
69.0 88.0 20.0 10.0
108.0 157.0 20.0 10.0
44.0 93.0 20.0 10.0
34.0 109.0 20.0 10.0
127.0 83.0 20.0 10.0
58.0 146.0 20.0 10.0
99.0 48.0 20.0 10.0
78.0 142.0 20.0 10.0
168.0 86.0 20.0 10.0
108.0 48.0 20.0 10.0
77.0 47.0 20.0 10.0
112.0 147.0 20.0 10.0
141.0 88.0 20.0 10.0
156.0 117.0 20.0 10.0
150.0 134.0 20.0 10.0
163.0 105.0 20.0 10.0
164.0 84.0 20.0 10.0
135.0 103.0 20.0 10.0
118.0 150.0 20.0 10.0
36.0 120.0 20.0 10.0
84.0 73.0 20.0 10.0
69.0 41.0 20.0 10.0
46.0 111.0 20.0 10.0
81.0 168.0 20.0 10.0
47.0 149.0 20.0 10.0
86.0 122.0 20.0 10.0
76.0 87.0 20.0 10.0
39.0 120.0 20.0 10.0
31.0 96.0 20.0 10.0
175.0 97.0 20.0 10.0
62.0 97.0 20.0 10.0
94.0 141.0 20.0 10.0
143.0 84.0 20.0 10.0
129.0 79.0 20.0 10.0
99.0 73.0 20.0 10.0
42.0 122.0 20.0 10.0
93.0 40.0 20.0 10.0
165.0 97.0 20.0 10.0
70.0 56.0 20.0 10.0
77.0 51.0 20.0 10.0
144.0 133.0 20.0 10.0
77.0 118.0 20.0 10.0
52.0 66.0 20.0 10.0
139.0 134.0 20.0 10.0
110.0 145.0 20.0 10.0
55.0 127.0 20.0 10.0
100.0 141.0 20.0 10.0
43.0 116.0 20.0 10.0
88.0 141.0 20.0 10.0
119.0 42.0 20.0 10.0
102.0 143.0 20.0 10.0
63.0 52.0 20.0 10.0
93.0 144.0 20.0 10.0
129.0 96.0 20.0 10.0
131.0 137.0 20.0 10.0
121.0 56.0 20.0 10.0
49.0 72.0 20.0 10.0
58.0 59.0 20.0 10.0
107.0 74.0 20.0 10.0
111.0 55.0 20.0 10.0
112.0 100.0 20.0 10.0
56.0 125.0 20.0 10.0
139.0 92.0 20.0 10.0
47.0 47.0 20.0 10.0
48.0 96.0 20.0 10.0
148.0 68.0 20.0 10.0
49.0 92.0 20.0 10.0
98.0 59.0 20.0 10.0
146.0 71.0 20.0 10.0
103.0 46.0 20.0 10.0
95.0 25.0 20.0 10.0
61.0 145.0 20.0 10.0
100.0 125.0 20.0 10.0
126.0 133.0 20.0 10.0
86.0 135.0 20.0 10.0
107.0 52.0 20.0 10.0
