1000
486.0 473.0 20.0 10.0
446.0 524.0 20.0 10.0
451.0 552.0 20.0 10.0
625.0 509.0 20.0 10.0
378.0 405.0 20.0 10.0
777.0 549.0 20.0 10.0
618.0 438.0 20.0 10.0
297.0 334.0 20.0 10.0
893.0 618.0 20.0 10.0
412.0 474.0 20.0 10.0
566.0 576.0 20.0 10.0
999.0 686.0 20.0 10.0
1023.0 707.0 20.0 10.0
223.0 269.0 20.0 10.0
875.0 482.0 20.0 10.0
506.0 643.0 20.0 10.0
901.0 651.0 20.0 10.0
608.0 367.0 20.0 10.0
172.0 210.0 20.0 10.0
296.0 390.0 20.0 10.0
593.0 299.0 20.0 10.0
902.0 467.0 20.0 10.0
599.0 445.0 20.0 10.0
400.0 431.0 20.0 10.0
924.0 665.0 20.0 10.0
1094.0 740.0 20.0 10.0
432.0 503.0 20.0 10.0
944.0 686.0 20.0 10.0
1154.0 782.0 20.0 10.0
879.0 539.0 20.0 10.0
391.0 514.0 20.0 10.0
968.0 403.0 20.0 10.0
392.0 530.0 20.0 10.0
946.0 709.0 20.0 10.0
1051.0 351.0 20.0 10.0
339.0 489.0 20.0 10.0
868.0 505.0 20.0 10.0
770.0 635.0 20.0 10.0
1125.0 755.0 20.0 10.0
1166.0 775.0 20.0 10.0
949.0 609.0 20.0 10.0
234.0 386.0 20.0 10.0
786.0 512.0 20.0 10.0
971.0 619.0 20.0 10.0
568.0 404.0 20.0 10.0
346.0 375.0 20.0 10.0
581.0 455.0 20.0 10.0
274.0 512.0 20.0 10.0
303.0 489.0 20.0 10.0
476.0 690.0 20.0 10.0
123.0 174.0 20.0 10.0
764.0 719.0 20.0 10.0
761.0 803.0 20.0 10.0
991.0 355.0 20.0 10.0
910.0 678.0 20.0 10.0
849.0 532.0 20.0 10.0
251.0 390.0 20.0 10.0
848.0 545.0 20.0 10.0
1013.0 342.0 20.0 10.0
1208.0 788.0 20.0 10.0
1004.0 603.0 20.0 10.0
402.0 493.0 20.0 10.0
800.0 482.0 20.0 10.0
418.0 519.0 20.0 10.0
800.0 453.0 20.0 10.0
1044.0 591.0 20.0 10.0
398.0 392.0 20.0 10.0
1053.0 281.0 20.0 10.0
383.0 482.0 20.0 10.0
972.0 597.0 20.0 10.0
180.0 390.0 20.0 10.0
260.0 305.0 20.0 10.0
358.0 520.0 20.0 10.0
322.0 362.0 20.0 10.0
1032.0 329.0 20.0 10.0
215.0 394.0 20.0 10.0
234.0 531.0 20.0 10.0
264.0 322.0 20.0 10.0
1015.0 388.0 20.0 10.0
404.0 565.0 20.0 10.0
365.0 601.0 20.0 10.0
579.0 236.0 20.0 10.0
198.0 249.0 20.0 10.0
224.0 400.0 20.0 10.0
1013.0 308.0 20.0 10.0
1020.0 263.0 20.0 10.0
746.0 823.0 20.0 10.0
449.0 581.0 20.0 10.0
398.0 528.0 20.0 10.0
241.0 369.0 20.0 10.0
805.0 423.0 20.0 10.0
450.0 694.0 20.0 10.0
226.0 285.0 20.0 10.0
915.0 604.0 20.0 10.0
1046.0 285.0 20.0 10.0
760.0 877.0 20.0 10.0
764.0 947.0 20.0 10.0
547.0 377.0 20.0 10.0
1223.0 798.0 20.0 10.0
765.0 1002.0 20.0 10.0
395.0 362.0 20.0 10.0
178.0 245.0 20.0 10.0
1125.0 302.0 20.0 10.0
1040.0 744.0 20.0 10.0
1209.0 805.0 20.0 10.0
356.0 529.0 20.0 10.0
554.0 603.0 20.0 10.0
175.0 230.0 20.0 10.0
327.0 635.0 20.0 10.0
1077.0 797.0 20.0 10.0
293.0 665.0 20.0 10.0
424.0 561.0 20.0 10.0
499.0 675.0 20.0 10.0
921.0 455.0 20.0 10.0
145.0 165.0 20.0 10.0
423.0 728.0 20.0 10.0
1062.0 378.0 20.0 10.0
1119.0 774.0 20.0 10.0
264.0 687.0 20.0 10.0
202.0 534.0 20.0 10.0
763.0 515.0 20.0 10.0
1076.0 583.0 20.0 10.0
568.0 187.0 20.0 10.0
969.0 750.0 20.0 10.0
396.0 356.0 20.0 10.0
1078.0 267.0 20.0 10.0
416.0 373.0 20.0 10.0
744.0 917.0 20.0 10.0
540.0 624.0 20.0 10.0
396.0 516.0 20.0 10.0
151.0 180.0 20.0 10.0
1050.0 605.0 20.0 10.0
1146.0 759.0 20.0 10.0
1075.0 575.0 20.0 10.0
877.0 597.0 20.0 10.0
831.0 565.0 20.0 10.0
864.0 631.0 20.0 10.0
583.0 388.0 20.0 10.0
1083.0 365.0 20.0 10.0
226.0 532.0 20.0 10.0
410.0 729.0 20.0 10.0
1096.0 606.0 20.0 10.0
879.0 653.0 20.0 10.0
1116.0 757.0 20.0 10.0
926.0 600.0 20.0 10.0
1106.0 257.0 20.0 10.0
1026.0 586.0 20.0 10.0
306.0 346.0 20.0 10.0
171.0 253.0 20.0 10.0
236.0 520.0 20.0 10.0
481.0 665.0 20.0 10.0
893.0 539.0 20.0 10.0
1093.0 236.0 20.0 10.0
1018.0 280.0 20.0 10.0
744.0 514.0 20.0 10.0
411.0 584.0 20.0 10.0
559.0 142.0 20.0 10.0
740.0 506.0 20.0 10.0
1132.0 746.0 20.0 10.0
207.0 513.0 20.0 10.0
243.0 511.0 20.0 10.0
207.0 236.0 20.0 10.0
374.0 487.0 20.0 10.0
460.0 537.0 20.0 10.0
323.0 540.0 20.0 10.0
1105.0 207.0 20.0 10.0
746.0 835.0 20.0 10.0
346.0 495.0 20.0 10.0
1097.0 575.0 20.0 10.0
394.0 336.0 20.0 10.0
564.0 335.0 20.0 10.0
530.0 649.0 20.0 10.0
388.0 408.0 20.0 10.0
1054.0 688.0 20.0 10.0
93.0 146.0 20.0 10.0
1019.0 232.0 20.0 10.0
410.0 720.0 20.0 10.0
1181.0 815.0 20.0 10.0
575.0 366.0 20.0 10.0
1065.0 766.0 20.0 10.0
1124.0 239.0 20.0 10.0
1085.0 327.0 20.0 10.0
1273.0 818.0 20.0 10.0
278.0 297.0 20.0 10.0
621.0 420.0 20.0 10.0
204.0 370.0 20.0 10.0
97.0 155.0 20.0 10.0
1108.0 578.0 20.0 10.0
1159.0 786.0 20.0 10.0
1242.0 828.0 20.0 10.0
404.0 598.0 20.0 10.0
1037.0 565.0 20.0 10.0
1074.0 283.0 20.0 10.0
119.0 125.0 20.0 10.0
203.0 527.0 20.0 10.0
1037.0 238.0 20.0 10.0
1092.0 363.0 20.0 10.0
1147.0 228.0 20.0 10.0
931.0 698.0 20.0 10.0
1026.0 619.0 20.0 10.0
748.0 737.0 20.0 10.0
350.0 556.0 20.0 10.0
1304.0 830.0 20.0 10.0
1099.0 583.0 20.0 10.0
195.0 410.0 20.0 10.0
879.0 707.0 20.0 10.0
1000.0 285.0 20.0 10.0
1198.0 255.0 20.0 10.0
1071.0 602.0 20.0 10.0
209.0 549.0 20.0 10.0
522.0 362.0 20.0 10.0
549.0 383.0 20.0 10.0
367.0 539.0 20.0 10.0
536.0 613.0 20.0 10.0
1089.0 388.0 20.0 10.0
444.0 734.0 20.0 10.0
1316.0 836.0 20.0 10.0
389.0 330.0 20.0 10.0
836.0 543.0 20.0 10.0
752.0 1039.0 20.0 10.0
1116.0 591.0 20.0 10.0
406.0 327.0 20.0 10.0
400.0 303.0 20.0 10.0
1034.0 706.0 20.0 10.0
882.0 757.0 20.0 10.0
571.0 194.0 20.0 10.0
1091.0 377.0 20.0 10.0
308.0 473.0 20.0 10.0
82.0 159.0 20.0 10.0
1347.0 846.0 20.0 10.0
1101.0 368.0 20.0 10.0
326.0 572.0 20.0 10.0
151.0 188.0 20.0 10.0
1118.0 312.0 20.0 10.0
585.0 419.0 20.0 10.0
241.0 705.0 20.0 10.0
547.0 300.0 20.0 10.0
949.0 684.0 20.0 10.0
222.0 499.0 20.0 10.0
328.0 343.0 20.0 10.0
90.0 92.0 20.0 10.0
776.0 1046.0 20.0 10.0
1107.0 688.0 20.0 10.0
1058.0 551.0 20.0 10.0
1241.0 808.0 20.0 10.0
394.0 415.0 20.0 10.0
465.0 717.0 20.0 10.0
818.0 440.0 20.0 10.0
180.0 543.0 20.0 10.0
1059.0 773.0 20.0 10.0
1036.0 243.0 20.0 10.0
789.0 1077.0 20.0 10.0
375.0 744.0 20.0 10.0
1120.0 198.0 20.0 10.0
394.0 630.0 20.0 10.0
197.0 268.0 20.0 10.0
511.0 337.0 20.0 10.0
394.0 401.0 20.0 10.0
544.0 363.0 20.0 10.0
252.0 703.0 20.0 10.0
750.0 747.0 20.0 10.0
141.0 554.0 20.0 10.0
139.0 396.0 20.0 10.0
1145.0 168.0 20.0 10.0
80.0 66.0 20.0 10.0
446.0 609.0 20.0 10.0
393.0 623.0 20.0 10.0
549.0 106.0 20.0 10.0
1137.0 696.0 20.0 10.0
461.0 554.0 20.0 10.0
327.0 528.0 20.0 10.0
273.0 686.0 20.0 10.0
1032.0 376.0 20.0 10.0
579.0 403.0 20.0 10.0
614.0 415.0 20.0 10.0
1066.0 720.0 20.0 10.0
390.0 588.0 20.0 10.0
1202.0 790.0 20.0 10.0
537.0 76.0 20.0 10.0
727.0 950.0 20.0 10.0
1074.0 230.0 20.0 10.0
1074.0 361.0 20.0 10.0
1260.0 212.0 20.0 10.0
1055.0 260.0 20.0 10.0
376.0 759.0 20.0 10.0
1002.0 242.0 20.0 10.0
1374.0 851.0 20.0 10.0
1155.0 685.0 20.0 10.0
1084.0 198.0 20.0 10.0
818.0 400.0 20.0 10.0
184.0 354.0 20.0 10.0
1299.0 182.0 20.0 10.0
398.0 539.0 20.0 10.0
784.0 1082.0 20.0 10.0
329.0 581.0 20.0 10.0
1243.0 789.0 20.0 10.0
1089.0 190.0 20.0 10.0
59.0 52.0 20.0 10.0
914.0 629.0 20.0 10.0
1199.0 820.0 20.0 10.0
1291.0 193.0 20.0 10.0
939.0 469.0 20.0 10.0
749.0 977.0 20.0 10.0
1148.0 304.0 20.0 10.0
782.0 1104.0 20.0 10.0
751.0 654.0 20.0 10.0
1178.0 773.0 20.0 10.0
125.0 237.0 20.0 10.0
1122.0 208.0 20.0 10.0
463.0 690.0 20.0 10.0
523.0 346.0 20.0 10.0
392.0 316.0 20.0 10.0
602.0 337.0 20.0 10.0
177.0 533.0 20.0 10.0
211.0 557.0 20.0 10.0
601.0 311.0 20.0 10.0
1096.0 728.0 20.0 10.0
1096.0 159.0 20.0 10.0
1021.0 703.0 20.0 10.0
528.0 49.0 20.0 10.0
784.0 560.0 20.0 10.0
822.0 465.0 20.0 10.0
1305.0 181.0 20.0 10.0
1035.0 260.0 20.0 10.0
78.0 136.0 20.0 10.0
921.0 621.0 20.0 10.0
1050.0 724.0 20.0 10.0
1132.0 354.0 20.0 10.0
1166.0 741.0 20.0 10.0
144.0 230.0 20.0 10.0
1188.0 679.0 20.0 10.0
1081.0 334.0 20.0 10.0
383.0 593.0 20.0 10.0
156.0 349.0 20.0 10.0
396.0 755.0 20.0 10.0
1242.0 851.0 20.0 10.0
1140.0 174.0 20.0 10.0
376.0 548.0 20.0 10.0
263.0 702.0 20.0 10.0
743.0 866.0 20.0 10.0
1270.0 795.0 20.0 10.0
772.0 830.0 20.0 10.0
1117.0 614.0 20.0 10.0
1266.0 847.0 20.0 10.0
168.0 266.0 20.0 10.0
516.0 25.0 20.0 10.0
751.0 631.0 20.0 10.0
542.0 117.0 20.0 10.0
1260.0 814.0 20.0 10.0
985.0 777.0 20.0 10.0
1000.0 259.0 20.0 10.0
1082.0 789.0 20.0 10.0
418.0 308.0 20.0 10.0
1166.0 144.0 20.0 10.0
116.0 224.0 20.0 10.0
984.0 785.0 20.0 10.0
201.0 239.0 20.0 10.0
1324.0 155.0 20.0 10.0
1248.0 798.0 20.0 10.0
457.0 572.0 20.0 10.0
1068.0 254.0 20.0 10.0
152.0 558.0 20.0 10.0
1031.0 259.0 20.0 10.0
551.0 295.0 20.0 10.0
92.0 169.0 20.0 10.0
1099.0 247.0 20.0 10.0
753.0 614.0 20.0 10.0
174.0 268.0 20.0 10.0
1284.0 196.0 20.0 10.0
440.0 603.0 20.0 10.0
66.0 123.0 20.0 10.0
195.0 240.0 20.0 10.0
994.0 815.0 20.0 10.0
148.0 345.0 20.0 10.0
1127.0 356.0 20.0 10.0
591.0 432.0 20.0 10.0
317.0 577.0 20.0 10.0
774.0 838.0 20.0 10.0
94.0 228.0 20.0 10.0
211.0 260.0 20.0 10.0
192.0 379.0 20.0 10.0
1227.0 807.0 20.0 10.0
1102.0 560.0 20.0 10.0
888.0 791.0 20.0 10.0
380.0 381.0 20.0 10.0
238.0 314.0 20.0 10.0
1019.0 597.0 20.0 10.0
149.0 254.0 20.0 10.0
1096.0 166.0 20.0 10.0
428.0 625.0 20.0 10.0
171.0 537.0 20.0 10.0
1002.0 840.0 20.0 10.0
319.0 313.0 20.0 10.0
1278.0 876.0 20.0 10.0
201.0 377.0 20.0 10.0
786.0 872.0 20.0 10.0
370.0 572.0 20.0 10.0
738.0 664.0 20.0 10.0
897.0 457.0 20.0 10.0
1183.0 762.0 20.0 10.0
747.0 614.0 20.0 10.0
842.0 555.0 20.0 10.0
555.0 169.0 20.0 10.0
874.0 622.0 20.0 10.0
396.0 373.0 20.0 10.0
403.0 457.0 20.0 10.0
417.0 762.0 20.0 10.0
1208.0 782.0 20.0 10.0
1194.0 685.0 20.0 10.0
265.0 379.0 20.0 10.0
532.0 264.0 20.0 10.0
849.0 661.0 20.0 10.0
867.0 514.0 20.0 10.0
574.0 206.0 20.0 10.0
1216.0 757.0 20.0 10.0
781.0 858.0 20.0 10.0
555.0 304.0 20.0 10.0
300.0 536.0 20.0 10.0
285.0 463.0 20.0 10.0
1142.0 804.0 20.0 10.0
442.0 565.0 20.0 10.0
1120.0 595.0 20.0 10.0
58.0 138.0 20.0 10.0
958.0 734.0 20.0 10.0
1108.0 166.0 20.0 10.0
1089.0 173.0 20.0 10.0
795.0 402.0 20.0 10.0
793.0 904.0 20.0 10.0
346.0 392.0 20.0 10.0
308.0 301.0 20.0 10.0
1095.0 330.0 20.0 10.0
730.0 841.0 20.0 10.0
186.0 576.0 20.0 10.0
797.0 931.0 20.0 10.0
1296.0 894.0 20.0 10.0
1185.0 772.0 20.0 10.0
970.0 695.0 20.0 10.0
741.0 891.0 20.0 10.0
738.0 520.0 20.0 10.0
566.0 161.0 20.0 10.0
1214.0 777.0 20.0 10.0
788.0 1068.0 20.0 10.0
1351.0 157.0 20.0 10.0
731.0 492.0 20.0 10.0
1221.0 692.0 20.0 10.0
547.0 270.0 20.0 10.0
105.0 142.0 20.0 10.0
115.0 556.0 20.0 10.0
755.0 564.0 20.0 10.0
1034.0 232.0 20.0 10.0
722.0 977.0 20.0 10.0
173.0 373.0 20.0 10.0
81.0 121.0 20.0 10.0
776.0 985.0 20.0 10.0
751.0 973.0 20.0 10.0
138.0 345.0 20.0 10.0
887.0 798.0 20.0 10.0
529.0 276.0 20.0 10.0
422.0 717.0 20.0 10.0
138.0 386.0 20.0 10.0
389.0 557.0 20.0 10.0
558.0 115.0 20.0 10.0
778.0 977.0 20.0 10.0
930.0 645.0 20.0 10.0
118.0 336.0 20.0 10.0
432.0 719.0 20.0 10.0
1231.0 830.0 20.0 10.0
114.0 402.0 20.0 10.0
110.0 100.0 20.0 10.0
740.0 895.0 20.0 10.0
347.0 786.0 20.0 10.0
99.0 398.0 20.0 10.0
1234.0 231.0 20.0 10.0
291.0 600.0 20.0 10.0
1093.0 553.0 20.0 10.0
520.0 56.0 20.0 10.0
1215.0 675.0 20.0 10.0
178.0 215.0 20.0 10.0
362.0 547.0 20.0 10.0
1236.0 785.0 20.0 10.0
788.0 433.0 20.0 10.0
746.0 1068.0 20.0 10.0
566.0 203.0 20.0 10.0
1093.0 592.0 20.0 10.0
871.0 786.0 20.0 10.0
835.0 446.0 20.0 10.0
386.0 778.0 20.0 10.0
325.0 367.0 20.0 10.0
1110.0 844.0 20.0 10.0
742.0 530.0 20.0 10.0
66.0 101.0 20.0 10.0
413.0 450.0 20.0 10.0
992.0 810.0 20.0 10.0
1120.0 623.0 20.0 10.0
789.0 530.0 20.0 10.0
992.0 633.0 20.0 10.0
853.0 639.0 20.0 10.0
1271.0 870.0 20.0 10.0
1123.0 868.0 20.0 10.0
361.0 617.0 20.0 10.0
565.0 399.0 20.0 10.0
919.0 665.0 20.0 10.0
746.0 633.0 20.0 10.0
767.0 579.0 20.0 10.0
889.0 837.0 20.0 10.0
790.0 1116.0 20.0 10.0
329.0 559.0 20.0 10.0
1112.0 328.0 20.0 10.0
787.0 999.0 20.0 10.0
750.0 1074.0 20.0 10.0
524.0 671.0 20.0 10.0
837.0 579.0 20.0 10.0
1349.0 850.0 20.0 10.0
418.0 768.0 20.0 10.0
1157.0 153.0 20.0 10.0
279.0 469.0 20.0 10.0
392.0 787.0 20.0 10.0
1225.0 849.0 20.0 10.0
1139.0 883.0 20.0 10.0
138.0 245.0 20.0 10.0
1007.0 237.0 20.0 10.0
745.0 838.0 20.0 10.0
1044.0 581.0 20.0 10.0
473.0 551.0 20.0 10.0
561.0 179.0 20.0 10.0
784.0 885.0 20.0 10.0
112.0 564.0 20.0 10.0
1119.0 369.0 20.0 10.0
879.0 642.0 20.0 10.0
175.0 366.0 20.0 10.0
1169.0 915.0 20.0 10.0
40.0 115.0 20.0 10.0
1007.0 864.0 20.0 10.0
67.0 66.0 20.0 10.0
1227.0 681.0 20.0 10.0
1067.0 798.0 20.0 10.0
386.0 753.0 20.0 10.0
357.0 566.0 20.0 10.0
907.0 640.0 20.0 10.0
891.0 868.0 20.0 10.0
1080.0 230.0 20.0 10.0
1036.0 375.0 20.0 10.0
997.0 802.0 20.0 10.0
173.0 524.0 20.0 10.0
386.0 627.0 20.0 10.0
827.0 415.0 20.0 10.0
1032.0 323.0 20.0 10.0
459.0 679.0 20.0 10.0
426.0 461.0 20.0 10.0
315.0 290.0 20.0 10.0
147.0 538.0 20.0 10.0
1296.0 193.0 20.0 10.0
1039.0 209.0 20.0 10.0
1036.0 327.0 20.0 10.0
201.0 542.0 20.0 10.0
382.0 812.0 20.0 10.0
1346.0 132.0 20.0 10.0
318.0 805.0 20.0 10.0
1009.0 345.0 20.0 10.0
791.0 1143.0 20.0 10.0
793.0 1161.0 20.0 10.0
891.0 821.0 20.0 10.0
249.0 711.0 20.0 10.0
764.0 1069.0 20.0 10.0
786.0 1015.0 20.0 10.0
1128.0 610.0 20.0 10.0
917.0 483.0 20.0 10.0
1169.0 943.0 20.0 10.0
187.0 406.0 20.0 10.0
413.0 432.0 20.0 10.0
73.0 398.0 20.0 10.0
1151.0 909.0 20.0 10.0
1128.0 874.0 20.0 10.0
99.0 337.0 20.0 10.0
144.0 263.0 20.0 10.0
485.0 492.0 20.0 10.0
365.0 362.0 20.0 10.0
1053.0 580.0 20.0 10.0
1160.0 349.0 20.0 10.0
799.0 950.0 20.0 10.0
1154.0 614.0 20.0 10.0
1120.0 729.0 20.0 10.0
495.0 702.0 20.0 10.0
1134.0 315.0 20.0 10.0
1254.0 210.0 20.0 10.0
161.0 583.0 20.0 10.0
50.0 150.0 20.0 10.0
613.0 395.0 20.0 10.0
1127.0 321.0 20.0 10.0
1232.0 237.0 20.0 10.0
1189.0 941.0 20.0 10.0
66.0 397.0 20.0 10.0
95.0 323.0 20.0 10.0
895.0 847.0 20.0 10.0
278.0 540.0 20.0 10.0
891.0 861.0 20.0 10.0
247.0 522.0 20.0 10.0
64.0 331.0 20.0 10.0
62.0 76.0 20.0 10.0
262.0 265.0 20.0 10.0
272.0 373.0 20.0 10.0
45.0 50.0 20.0 10.0
37.0 330.0 20.0 10.0
365.0 647.0 20.0 10.0
1166.0 929.0 20.0 10.0
871.0 734.0 20.0 10.0
73.0 129.0 20.0 10.0
163.0 407.0 20.0 10.0
1057.0 318.0 20.0 10.0
1146.0 185.0 20.0 10.0
811.0 396.0 20.0 10.0
107.0 379.0 20.0 10.0
183.0 557.0 20.0 10.0
81.0 369.0 20.0 10.0
738.0 908.0 20.0 10.0
1255.0 681.0 20.0 10.0
1162.0 828.0 20.0 10.0
429.0 446.0 20.0 10.0
384.0 309.0 20.0 10.0
369.0 770.0 20.0 10.0
442.0 480.0 20.0 10.0
1249.0 868.0 20.0 10.0
140.0 224.0 20.0 10.0
459.0 594.0 20.0 10.0
520.0 326.0 20.0 10.0
541.0 337.0 20.0 10.0
786.0 897.0 20.0 10.0
385.0 652.0 20.0 10.0
1150.0 354.0 20.0 10.0
301.0 553.0 20.0 10.0
539.0 389.0 20.0 10.0
1185.0 849.0 20.0 10.0
363.0 475.0 20.0 10.0
1334.0 167.0 20.0 10.0
880.0 861.0 20.0 10.0
835.0 390.0 20.0 10.0
614.0 522.0 20.0 10.0
1016.0 206.0 20.0 10.0
735.0 1093.0 20.0 10.0
739.0 872.0 20.0 10.0
1030.0 291.0 20.0 10.0
223.0 377.0 20.0 10.0
583.0 362.0 20.0 10.0
1101.0 274.0 20.0 10.0
1277.0 794.0 20.0 10.0
375.0 776.0 20.0 10.0
486.0 695.0 20.0 10.0
1134.0 576.0 20.0 10.0
791.0 1139.0 20.0 10.0
432.0 432.0 20.0 10.0
949.0 450.0 20.0 10.0
301.0 577.0 20.0 10.0
1197.0 928.0 20.0 10.0
706.0 968.0 20.0 10.0
59.0 107.0 20.0 10.0
597.0 423.0 20.0 10.0
193.0 209.0 20.0 10.0
215.0 525.0 20.0 10.0
197.0 217.0 20.0 10.0
323.0 483.0 20.0 10.0
846.0 420.0 20.0 10.0
1143.0 189.0 20.0 10.0
391.0 795.0 20.0 10.0
232.0 287.0 20.0 10.0
1280.0 803.0 20.0 10.0
547.0 590.0 20.0 10.0
551.0 278.0 20.0 10.0
746.0 1001.0 20.0 10.0
1321.0 183.0 20.0 10.0
1118.0 228.0 20.0 10.0
112.0 341.0 20.0 10.0
1146.0 894.0 20.0 10.0
503.0 295.0 20.0 10.0
1215.0 770.0 20.0 10.0
830.0 424.0 20.0 10.0
89.0 333.0 20.0 10.0
1096.0 828.0 20.0 10.0
1179.0 679.0 20.0 10.0
391.0 743.0 20.0 10.0
950.0 713.0 20.0 10.0
234.0 319.0 20.0 10.0
1382.0 140.0 20.0 10.0
1165.0 174.0 20.0 10.0
109.0 207.0 20.0 10.0
1193.0 729.0 20.0 10.0
392.0 653.0 20.0 10.0
1033.0 726.0 20.0 10.0
1138.0 683.0 20.0 10.0
1083.0 205.0 20.0 10.0
264.0 272.0 20.0 10.0
570.0 373.0 20.0 10.0
497.0 305.0 20.0 10.0
861.0 612.0 20.0 10.0
814.0 598.0 20.0 10.0
1118.0 259.0 20.0 10.0
620.0 373.0 20.0 10.0
793.0 1103.0 20.0 10.0
457.0 434.0 20.0 10.0
1210.0 963.0 20.0 10.0
409.0 744.0 20.0 10.0
797.0 628.0 20.0 10.0
241.0 281.0 20.0 10.0
1055.0 721.0 20.0 10.0
1113.0 356.0 20.0 10.0
1040.0 203.0 20.0 10.0
1007.0 822.0 20.0 10.0
1408.0 126.0 20.0 10.0
606.0 501.0 20.0 10.0
351.0 482.0 20.0 10.0
272.0 314.0 20.0 10.0
904.0 490.0 20.0 10.0
451.0 419.0 20.0 10.0
1192.0 934.0 20.0 10.0
1080.0 201.0 20.0 10.0
1053.0 624.0 20.0 10.0
755.0 1101.0 20.0 10.0
330.0 537.0 20.0 10.0
111.0 394.0 20.0 10.0
1193.0 841.0 20.0 10.0
883.0 440.0 20.0 10.0
351.0 666.0 20.0 10.0
1057.0 715.0 20.0 10.0
431.0 541.0 20.0 10.0
115.0 370.0 20.0 10.0
1322.0 163.0 20.0 10.0
438.0 448.0 20.0 10.0
1184.0 797.0 20.0 10.0
54.0 43.0 20.0 10.0
1307.0 887.0 20.0 10.0
802.0 547.0 20.0 10.0
1053.0 371.0 20.0 10.0
1262.0 226.0 20.0 10.0
797.0 924.0 20.0 10.0
1330.0 181.0 20.0 10.0
533.0 641.0 20.0 10.0
746.0 606.0 20.0 10.0
86.0 222.0 20.0 10.0
169.0 218.0 20.0 10.0
759.0 980.0 20.0 10.0
123.0 207.0 20.0 10.0
1117.0 217.0 20.0 10.0
844.0 652.0 20.0 10.0
1020.0 180.0 20.0 10.0
719.0 970.0 20.0 10.0
887.0 469.0 20.0 10.0
1163.0 148.0 20.0 10.0
1206.0 868.0 20.0 10.0
1215.0 679.0 20.0 10.0
423.0 704.0 20.0 10.0
297.0 543.0 20.0 10.0
790.0 1038.0 20.0 10.0
941.0 680.0 20.0 10.0
113.0 213.0 20.0 10.0
572.0 358.0 20.0 10.0
845.0 631.0 20.0 10.0
1047.0 629.0 20.0 10.0
708.0 992.0 20.0 10.0
910.0 705.0 20.0 10.0
44.0 398.0 20.0 10.0
564.0 593.0 20.0 10.0
1131.0 593.0 20.0 10.0
369.0 503.0 20.0 10.0
461.0 449.0 20.0 10.0
297.0 824.0 20.0 10.0
744.0 1094.0 20.0 10.0
784.0 1009.0 20.0 10.0
1193.0 740.0 20.0 10.0
718.0 1003.0 20.0 10.0
346.0 759.0 20.0 10.0
512.0 299.0 20.0 10.0
58.0 39.0 20.0 10.0
33.0 122.0 20.0 10.0
68.0 77.0 20.0 10.0
1305.0 894.0 20.0 10.0
1113.0 630.0 20.0 10.0
1175.0 123.0 20.0 10.0
815.0 379.0 20.0 10.0
119.0 573.0 20.0 10.0
44.0 382.0 20.0 10.0
144.0 208.0 20.0 10.0
269.0 620.0 20.0 10.0
111.0 107.0 20.0 10.0
756.0 497.0 20.0 10.0
1079.0 700.0 20.0 10.0
899.0 869.0 20.0 10.0
159.0 341.0 20.0 10.0
1093.0 823.0 20.0 10.0
724.0 899.0 20.0 10.0
1132.0 778.0 20.0 10.0
504.0 666.0 20.0 10.0
732.0 860.0 20.0 10.0
742.0 860.0 20.0 10.0
744.0 768.0 20.0 10.0
1101.0 132.0 20.0 10.0
926.0 497.0 20.0 10.0
888.0 433.0 20.0 10.0
1124.0 548.0 20.0 10.0
323.0 509.0 20.0 10.0
1386.0 139.0 20.0 10.0
1359.0 148.0 20.0 10.0
489.0 454.0 20.0 10.0
275.0 484.0 20.0 10.0
1354.0 173.0 20.0 10.0
152.0 548.0 20.0 10.0
1000.0 215.0 20.0 10.0
998.0 830.0 20.0 10.0
304.0 658.0 20.0 10.0
87.0 192.0 20.0 10.0
1185.0 345.0 20.0 10.0
939.0 611.0 20.0 10.0
381.0 357.0 20.0 10.0
94.0 579.0 20.0 10.0
44.0 107.0 20.0 10.0
104.0 76.0 20.0 10.0
73.0 331.0 20.0 10.0
332.0 351.0 20.0 10.0
923.0 727.0 20.0 10.0
557.0 311.0 20.0 10.0
565.0 134.0 20.0 10.0
310.0 496.0 20.0 10.0
1156.0 761.0 20.0 10.0
568.0 386.0 20.0 10.0
276.0 617.0 20.0 10.0
158.0 180.0 20.0 10.0
748.0 1103.0 20.0 10.0
59.0 216.0 20.0 10.0
1203.0 780.0 20.0 10.0
391.0 293.0 20.0 10.0
257.0 245.0 20.0 10.0
851.0 398.0 20.0 10.0
588.0 424.0 20.0 10.0
1295.0 879.0 20.0 10.0
1009.0 336.0 20.0 10.0
988.0 333.0 20.0 10.0
1137.0 220.0 20.0 10.0
375.0 356.0 20.0 10.0
562.0 301.0 20.0 10.0
748.0 818.0 20.0 10.0
793.0 1064.0 20.0 10.0
721.0 529.0 20.0 10.0
411.0 340.0 20.0 10.0
975.0 717.0 20.0 10.0
571.0 167.0 20.0 10.0
374.0 822.0 20.0 10.0
400.0 278.0 20.0 10.0
308.0 601.0 20.0 10.0
1159.0 299.0 20.0 10.0
556.0 274.0 20.0 10.0
152.0 400.0 20.0 10.0
792.0 522.0 20.0 10.0
1061.0 754.0 20.0 10.0
692.0 989.0 20.0 10.0
1185.0 754.0 20.0 10.0
254.0 238.0 20.0 10.0
975.0 779.0 20.0 10.0
1339.0 843.0 20.0 10.0
393.0 455.0 20.0 10.0
248.0 215.0 20.0 10.0
1275.0 809.0 20.0 10.0
1119.0 734.0 20.0 10.0
587.0 268.0 20.0 10.0
721.0 519.0 20.0 10.0
236.0 375.0 20.0 10.0
979.0 589.0 20.0 10.0
381.0 543.0 20.0 10.0
283.0 597.0 20.0 10.0
892.0 896.0 20.0 10.0
862.0 400.0 20.0 10.0
119.0 147.0 20.0 10.0
1271.0 841.0 20.0 10.0
248.0 360.0 20.0 10.0
832.0 678.0 20.0 10.0
263.0 287.0 20.0 10.0
1133.0 801.0 20.0 10.0
592.0 526.0 20.0 10.0
314.0 318.0 20.0 10.0
510.0 242.0 20.0 10.0
390.0 442.0 20.0 10.0
243.0 305.0 20.0 10.0
1091.0 622.0 20.0 10.0
868.0 813.0 20.0 10.0
276.0 378.0 20.0 10.0
1112.0 317.0 20.0 10.0
41.0 66.0 20.0 10.0
612.0 339.0 20.0 10.0
491.0 446.0 20.0 10.0
782.0 972.0 20.0 10.0
893.0 486.0 20.0 10.0
216.0 264.0 20.0 10.0
369.0 804.0 20.0 10.0
1378.0 863.0 20.0 10.0
246.0 628.0 20.0 10.0
521.0 238.0 20.0 10.0
360.0 384.0 20.0 10.0
54.0 211.0 20.0 10.0
341.0 566.0 20.0 10.0
1266.0 220.0 20.0 10.0
218.0 715.0 20.0 10.0
1075.0 733.0 20.0 10.0
1288.0 828.0 20.0 10.0
807.0 570.0 20.0 10.0
180.0 507.0 20.0 10.0
57.0 159.0 20.0 10.0
259.0 608.0 20.0 10.0
1136.0 900.0 20.0 10.0
937.0 638.0 20.0 10.0
1157.0 586.0 20.0 10.0
1303.0 798.0 20.0 10.0
836.0 685.0 20.0 10.0
755.0 743.0 20.0 10.0
1208.0 831.0 20.0 10.0
1017.0 843.0 20.0 10.0
318.0 471.0 20.0 10.0
1096.0 564.0 20.0 10.0
780.0 925.0 20.0 10.0
843.0 429.0 20.0 10.0
768.0 1034.0 20.0 10.0
733.0 553.0 20.0 10.0
935.0 725.0 20.0 10.0
895.0 891.0 20.0 10.0
1129.0 564.0 20.0 10.0
1398.0 880.0 20.0 10.0
885.0 780.0 20.0 10.0
461.0 444.0 20.0 10.0
1119.0 140.0 20.0 10.0
440.0 724.0 20.0 10.0
488.0 272.0 20.0 10.0
203.0 291.0 20.0 10.0
1089.0 725.0 20.0 10.0
27.0 203.0 20.0 10.0
959.0 694.0 20.0 10.0
253.0 223.0 20.0 10.0
730.0 541.0 20.0 10.0
979.0 770.0 20.0 10.0
1163.0 308.0 20.0 10.0
568.0 330.0 20.0 10.0
428.0 350.0 20.0 10.0
383.0 581.0 20.0 10.0
564.0 414.0 20.0 10.0
1235.0 821.0 20.0 10.0
1042.0 218.0 20.0 10.0
1412.0 119.0 20.0 10.0
130.0 575.0 20.0 10.0
1211.0 744.0 20.0 10.0
722.0 567.0 20.0 10.0
1245.0 753.0 20.0 10.0
545.0 142.0 20.0 10.0
1093.0 207.0 20.0 10.0
25.0 139.0 20.0 10.0
780.0 649.0 20.0 10.0
752.0 1008.0 20.0 10.0
1202.0 837.0 20.0 10.0
958.0 647.0 20.0 10.0
65.0 205.0 20.0 10.0
830.0 379.0 20.0 10.0
1105.0 853.0 20.0 10.0
544.0 184.0 20.0 10.0
1426.0 98.0 20.0 10.0
849.0 684.0 20.0 10.0
1363.0 868.0 20.0 10.0
377.0 539.0 20.0 10.0
1233.0 792.0 20.0 10.0
728.0 924.0 20.0 10.0
1327.0 906.0 20.0 10.0
339.0 633.0 20.0 10.0
715.0 881.0 20.0 10.0
352.0 837.0 20.0 10.0
1057.0 765.0 20.0 10.0
1161.0 592.0 20.0 10.0
153.0 353.0 20.0 10.0
192.0 571.0 20.0 10.0
371.0 638.0 20.0 10.0
245.0 193.0 20.0 10.0
1171.0 769.0 20.0 10.0
1374.0 137.0 20.0 10.0
326.0 325.0 20.0 10.0
800.0 622.0 20.0 10.0
1042.0 178.0 20.0 10.0
708.0 937.0 20.0 10.0
748.0 774.0 20.0 10.0
1041.0 304.0 20.0 10.0
39.0 326.0 20.0 10.0
50.0 327.0 20.0 10.0
858.0 832.0 20.0 10.0
1152.0 597.0 20.0 10.0
124.0 167.0 20.0 10.0
729.0 919.0 20.0 10.0
253.0 476.0 20.0 10.0
736.0 943.0 20.0 10.0
924.0 688.0 20.0 10.0
991.0 594.0 20.0 10.0
352.0 766.0 20.0 10.0
755.0 605.0 20.0 10.0
381.0 285.0 20.0 10.0
278.0 501.0 20.0 10.0
1072.0 563.0 20.0 10.0
232.0 725.0 20.0 10.0
919.0 650.0 20.0 10.0
1223.0 237.0 20.0 10.0
408.0 611.0 20.0 10.0
