1000
3097.0 811.0 20.0 10.0
4291.0 952.0 20.0 10.0
1269.0 2649.0 20.0 10.0
4718.0 930.0 20.0 10.0
4727.0 954.0 20.0 10.0
4750.0 967.0 20.0 10.0
4690.0 981.0 20.0 10.0
4440.0 1047.0 20.0 10.0
4448.0 1038.0 20.0 10.0
4311.0 978.0 20.0 10.0
1317.0 458.0 20.0 10.0
1349.0 477.0 20.0 10.0
4817.0 916.0 20.0 10.0
4809.0 940.0 20.0 10.0
4600.0 1061.0 20.0 10.0
4580.0 1053.0 20.0 10.0
4558.0 1045.0 20.0 10.0
4549.0 1025.0 20.0 10.0
4065.0 950.0 20.0 10.0
5227.0 145.0 20.0 10.0
5214.0 157.0 20.0 10.0
5197.0 177.0 20.0 10.0
868.0 498.0 20.0 10.0
902.0 491.0 20.0 10.0
956.0 470.0 20.0 10.0
1237.0 2151.0 20.0 10.0
1231.0 2168.0 20.0 10.0
1224.0 2189.0 20.0 10.0
1836.0 469.0 20.0 10.0
1824.0 475.0 20.0 10.0
537.0 2625.0 20.0 10.0
588.0 2614.0 20.0 10.0
640.0 2603.0 20.0 10.0
1211.0 454.0 20.0 10.0
1196.0 385.0 20.0 10.0
1189.0 416.0 20.0 10.0
288.0 89.0 20.0 10.0
294.0 221.0 20.0 10.0
318.0 219.0 20.0 10.0
336.0 216.0 20.0 10.0
852.0 515.0 20.0 10.0
5156.0 224.0 20.0 10.0
500.0 643.0 20.0 10.0
524.0 640.0 20.0 10.0
1264.0 481.0 20.0 10.0
817.0 2606.0 20.0 10.0
841.0 2590.0 20.0 10.0
873.0 2597.0 20.0 10.0
5286.0 1891.0 20.0 10.0
5281.0 1866.0 20.0 10.0
1280.0 2726.0 20.0 10.0
1265.0 2709.0 20.0 10.0
2609.0 1378.0 20.0 10.0
2623.0 1332.0 20.0 10.0
2636.0 1286.0 20.0 10.0
4782.0 887.0 20.0 10.0
4439.0 1141.0 20.0 10.0
4439.0 1122.0 20.0 10.0
4439.0 1101.0 20.0 10.0
1174.0 2369.0 20.0 10.0
1147.0 2391.0 20.0 10.0
673.0 329.0 20.0 10.0
684.0 324.0 20.0 10.0
2029.0 2941.0 20.0 10.0
4925.0 996.0 20.0 10.0
5308.0 1615.0 20.0 10.0
1235.0 2888.0 20.0 10.0
725.0 208.0 20.0 10.0
25.0 48.0 20.0 10.0
49.0 51.0 20.0 10.0
2425.0 661.0 20.0 10.0
2435.0 688.0 20.0 10.0
4733.0 988.0 20.0 10.0
3997.0 954.0 20.0 10.0
3906.0 941.0 20.0 10.0
332.0 2700.0 20.0 10.0
2101.0 2956.0 20.0 10.0
1032.0 2699.0 20.0 10.0
2993.0 2577.0 20.0 10.0
1745.0 501.0 20.0 10.0
1741.0 526.0 20.0 10.0
5157.0 1618.0 20.0 10.0
282.0 2617.0 20.0 10.0
1134.0 2586.0 20.0 10.0
266.0 2709.0 20.0 10.0
307.0 2696.0 20.0 10.0
1015.0 453.0 20.0 10.0
2061.0 2985.0 20.0 10.0
2042.0 2971.0 20.0 10.0
2022.0 2953.0 20.0 10.0
1184.0 2287.0 20.0 10.0
2525.0 1981.0 20.0 10.0
365.0 2666.0 20.0 10.0
4999.0 1445.0 20.0 10.0
4943.0 1403.0 20.0 10.0
4659.0 849.0 20.0 10.0
4633.0 891.0 20.0 10.0
4605.0 936.0 20.0 10.0
646.0 306.0 20.0 10.0
2417.0 1965.0 20.0 10.0
1101.0 3017.0 20.0 10.0
1122.0 2997.0 20.0 10.0
343.0 217.0 20.0 10.0
353.0 212.0 20.0 10.0
1194.0 2351.0 20.0 10.0
945.0 341.0 20.0 10.0
1006.0 397.0 20.0 10.0
965.0 364.0 20.0 10.0
2342.0 2493.0 20.0 10.0
5077.0 1571.0 20.0 10.0
1602.0 552.0 20.0 10.0
774.0 2484.0 20.0 10.0
774.0 2504.0 20.0 10.0
786.0 2538.0 20.0 10.0
2648.0 1477.0 20.0 10.0
5205.0 811.0 20.0 10.0
5197.0 828.0 20.0 10.0
2629.0 1258.0 20.0 10.0
2649.0 1237.0 20.0 10.0
4764.0 721.0 20.0 10.0
4744.0 738.0 20.0 10.0
4715.0 774.0 20.0 10.0
4686.0 811.0 20.0 10.0
5091.0 1554.0 20.0 10.0
5100.0 1531.0 20.0 10.0
5100.0 1504.0 20.0 10.0
4828.0 1315.0 20.0 10.0
4769.0 1269.0 20.0 10.0
4709.0 1222.0 20.0 10.0
3054.0 2610.0 20.0 10.0
3021.0 2616.0 20.0 10.0
2990.0 2609.0 20.0 10.0
1617.0 549.0 20.0 10.0
1630.0 532.0 20.0 10.0
1536.0 513.0 20.0 10.0
4725.0 981.0 20.0 10.0
2796.0 777.0 20.0 10.0
536.0 204.0 20.0 10.0
593.0 224.0 20.0 10.0
2562.0 1533.0 20.0 10.0
4459.0 1154.0 20.0 10.0
5197.0 149.0 20.0 10.0
5192.0 168.0 20.0 10.0
5185.0 182.0 20.0 10.0
5178.0 198.0 20.0 10.0
4768.0 1012.0 20.0 10.0
4936.0 516.0 20.0 10.0
5248.0 1752.0 20.0 10.0
848.0 2618.0 20.0 10.0
1660.0 581.0 20.0 10.0
819.0 325.0 20.0 10.0
880.0 349.0 20.0 10.0
942.0 374.0 20.0 10.0
2686.0 774.0 20.0 10.0
4233.0 983.0 20.0 10.0
1157.0 386.0 20.0 10.0
1184.0 393.0 20.0 10.0
1212.0 402.0 20.0 10.0
1235.0 413.0 20.0 10.0
1094.0 2517.0 20.0 10.0
1079.0 2538.0 20.0 10.0
1056.0 2592.0 20.0 10.0
1102.0 2626.0 20.0 10.0
2671.0 1075.0 20.0 10.0
2695.0 1088.0 20.0 10.0
2710.0 1040.0 20.0 10.0
1571.0 2805.0 20.0 10.0
4177.0 986.0 20.0 10.0
4087.0 970.0 20.0 10.0
1091.0 2971.0 20.0 10.0
69.0 54.0 20.0 10.0
89.0 58.0 20.0 10.0
111.0 73.0 20.0 10.0
136.0 68.0 20.0 10.0
169.0 79.0 20.0 10.0
2408.0 2619.0 20.0 10.0
2533.0 2051.0 20.0 10.0
2531.0 2028.0 20.0 10.0
2528.0 2012.0 20.0 10.0
2526.0 1993.0 20.0 10.0
1100.0 2959.0 20.0 10.0
1183.0 2594.0 20.0 10.0
2223.0 653.0 20.0 10.0
2470.0 2640.0 20.0 10.0
5097.0 936.0 20.0 10.0
987.0 2521.0 20.0 10.0
1002.0 2543.0 20.0 10.0
1022.0 2566.0 20.0 10.0
1040.0 2595.0 20.0 10.0
1058.0 2628.0 20.0 10.0
1021.0 2609.0 20.0 10.0
675.0 150.0 20.0 10.0
1222.0 440.0 20.0 10.0
705.0 149.0 20.0 10.0
1214.0 2213.0 20.0 10.0
190.0 2726.0 20.0 10.0
2370.0 2578.0 20.0 10.0
575.0 206.0 20.0 10.0
1818.0 477.0 20.0 10.0
2841.0 2512.0 20.0 10.0
2834.0 2542.0 20.0 10.0
25.0 2722.0 20.0 10.0
4837.0 965.0 20.0 10.0
1240.0 2678.0 20.0 10.0
2207.0 610.0 20.0 10.0
5063.0 1580.0 20.0 10.0
3815.0 926.0 20.0 10.0
1263.0 490.0 20.0 10.0
5142.0 265.0 20.0 10.0
5145.0 249.0 20.0 10.0
5133.0 252.0 20.0 10.0
2535.0 1716.0 20.0 10.0
2541.0 1696.0 20.0 10.0
5542.0 1711.0 20.0 10.0
45.0 2765.0 20.0 10.0
66.0 2742.0 20.0 10.0
92.0 2750.0 20.0 10.0
4756.0 834.0 20.0 10.0
2542.0 2702.0 20.0 10.0
5230.0 119.0 20.0 10.0
5223.0 141.0 20.0 10.0
2523.0 1828.0 20.0 10.0
1198.0 2791.0 20.0 10.0
1182.0 2783.0 20.0 10.0
3449.0 874.0 20.0 10.0
4318.0 942.0 20.0 10.0
4323.0 954.0 20.0 10.0
4341.0 968.0 20.0 10.0
1136.0 2368.0 20.0 10.0
1110.0 2381.0 20.0 10.0
1124.0 2405.0 20.0 10.0
778.0 2408.0 20.0 10.0
777.0 2428.0 20.0 10.0
2914.0 2628.0 20.0 10.0
4847.0 937.0 20.0 10.0
927.0 333.0 20.0 10.0
890.0 305.0 20.0 10.0
853.0 281.0 20.0 10.0
1208.0 2344.0 20.0 10.0
1156.0 324.0 20.0 10.0
1169.0 346.0 20.0 10.0
1193.0 365.0 20.0 10.0
1223.0 2327.0 20.0 10.0
1209.0 2337.0 20.0 10.0
2344.0 2464.0 20.0 10.0
1963.0 737.0 20.0 10.0
1988.0 724.0 20.0 10.0
1986.0 703.0 20.0 10.0
2667.0 2531.0 20.0 10.0
2678.0 2559.0 20.0 10.0
2690.0 2588.0 20.0 10.0
2659.0 2604.0 20.0 10.0
2532.0 1977.0 20.0 10.0
2527.0 1957.0 20.0 10.0
2505.0 1942.0 20.0 10.0
932.0 512.0 20.0 10.0
5476.0 1798.0 20.0 10.0
801.0 2435.0 20.0 10.0
777.0 2448.0 20.0 10.0
775.0 2471.0 20.0 10.0
4547.0 1083.0 20.0 10.0
5492.0 1708.0 20.0 10.0
213.0 2723.0 20.0 10.0
227.0 2718.0 20.0 10.0
1840.0 2845.0 20.0 10.0
2005.0 2922.0 20.0 10.0
1962.0 2911.0 20.0 10.0
660.0 89.0 20.0 10.0
665.0 110.0 20.0 10.0
4412.0 1100.0 20.0 10.0
4418.0 1093.0 20.0 10.0
692.0 292.0 20.0 10.0
4886.0 1360.0 20.0 10.0
5165.0 847.0 20.0 10.0
5145.0 856.0 20.0 10.0
5119.0 872.0 20.0 10.0
5557.0 1782.0 20.0 10.0
1126.0 505.0 20.0 10.0
1141.0 484.0 20.0 10.0
1138.0 454.0 20.0 10.0
2071.0 2974.0 20.0 10.0
2052.0 2965.0 20.0 10.0
3357.0 862.0 20.0 10.0
3263.0 849.0 20.0 10.0
322.0 2711.0 20.0 10.0
5249.0 1784.0 20.0 10.0
1224.0 2702.0 20.0 10.0
907.0 312.0 20.0 10.0
3767.0 893.0 20.0 10.0
3777.0 898.0 20.0 10.0
3801.0 904.0 20.0 10.0
5333.0 1596.0 20.0 10.0
669.0 124.0 20.0 10.0
1132.0 435.0 20.0 10.0
1166.0 446.0 20.0 10.0
5082.0 1488.0 20.0 10.0
5055.0 1486.0 20.0 10.0
4428.0 1086.0 20.0 10.0
4998.0 1016.0 20.0 10.0
4987.0 1002.0 20.0 10.0
719.0 2369.0 20.0 10.0
725.0 2384.0 20.0 10.0
4876.0 983.0 20.0 10.0
402.0 208.0 20.0 10.0
410.0 187.0 20.0 10.0
428.0 171.0 20.0 10.0
482.0 187.0 20.0 10.0
2349.0 2635.0 20.0 10.0
5266.0 868.0 20.0 10.0
5240.0 855.0 20.0 10.0
4248.0 979.0 20.0 10.0
1286.0 438.0 20.0 10.0
1160.0 391.0 20.0 10.0
3394.0 770.0 20.0 10.0
3365.0 774.0 20.0 10.0
676.0 2583.0 20.0 10.0
693.0 2596.0 20.0 10.0
853.0 2574.0 20.0 10.0
1228.0 403.0 20.0 10.0
968.0 2489.0 20.0 10.0
996.0 2500.0 20.0 10.0
110.0 2752.0 20.0 10.0
5093.0 309.0 20.0 10.0
2429.0 2035.0 20.0 10.0
2437.0 2025.0 20.0 10.0
847.0 270.0 20.0 10.0
873.0 282.0 20.0 10.0
2292.0 2691.0 20.0 10.0
4299.0 948.0 20.0 10.0
4307.0 971.0 20.0 10.0
4319.0 999.0 20.0 10.0
4340.0 997.0 20.0 10.0
155.0 2735.0 20.0 10.0
5243.0 877.0 20.0 10.0
5220.0 877.0 20.0 10.0
1656.0 571.0 20.0 10.0
2496.0 1921.0 20.0 10.0
411.0 152.0 20.0 10.0
5173.0 1798.0 20.0 10.0
5178.0 1774.0 20.0 10.0
328.0 2593.0 20.0 10.0
340.0 2603.0 20.0 10.0
355.0 2618.0 20.0 10.0
5439.0 1724.0 20.0 10.0
4479.0 1167.0 20.0 10.0
3632.0 900.0 20.0 10.0
1205.0 2240.0 20.0 10.0
571.0 215.0 20.0 10.0
358.0 2597.0 20.0 10.0
381.0 2610.0 20.0 10.0
995.0 2717.0 20.0 10.0
1022.0 2702.0 20.0 10.0
1781.0 454.0 20.0 10.0
3383.0 762.0 20.0 10.0
1196.0 2564.0 20.0 10.0
4760.0 938.0 20.0 10.0
2641.0 1207.0 20.0 10.0
4438.0 1088.0 20.0 10.0
4439.0 1070.0 20.0 10.0
4818.0 977.0 20.0 10.0
3033.0 781.0 20.0 10.0
3011.0 790.0 20.0 10.0
3022.0 816.0 20.0 10.0
2999.0 830.0 20.0 10.0
2976.0 817.0 20.0 10.0
2878.0 807.0 20.0 10.0
2781.0 797.0 20.0 10.0
4768.0 989.0 20.0 10.0
4772.0 966.0 20.0 10.0
4740.0 707.0 20.0 10.0
1150.0 2745.0 20.0 10.0
5444.0 1684.0 20.0 10.0
5427.0 1704.0 20.0 10.0
4811.0 817.0 20.0 10.0
899.0 529.0 20.0 10.0
926.0 516.0 20.0 10.0
956.0 501.0 20.0 10.0
925.0 465.0 20.0 10.0
5237.0 1750.0 20.0 10.0
5209.0 1746.0 20.0 10.0
5219.0 1721.0 20.0 10.0
2471.0 1919.0 20.0 10.0
2499.0 1910.0 20.0 10.0
2512.0 1870.0 20.0 10.0
1948.0 772.0 20.0 10.0
1949.0 762.0 20.0 10.0
1952.0 751.0 20.0 10.0
832.0 2621.0 20.0 10.0
2464.0 1894.0 20.0 10.0
1242.0 2910.0 20.0 10.0
5637.0 1746.0 20.0 10.0
2559.0 2713.0 20.0 10.0
5306.0 1566.0 20.0 10.0
5306.0 1590.0 20.0 10.0
5296.0 1614.0 20.0 10.0
5279.0 1621.0 20.0 10.0
5545.0 1732.0 20.0 10.0
5518.0 1724.0 20.0 10.0
235.0 112.0 20.0 10.0
263.0 114.0 20.0 10.0
283.0 125.0 20.0 10.0
891.0 2626.0 20.0 10.0
909.0 2597.0 20.0 10.0
949.0 2591.0 20.0 10.0
276.0 2670.0 20.0 10.0
294.0 2654.0 20.0 10.0
313.0 2635.0 20.0 10.0
1585.0 543.0 20.0 10.0
5261.0 1817.0 20.0 10.0
5256.0 1802.0 20.0 10.0
1065.0 2659.0 20.0 10.0
1277.0 2877.0 20.0 10.0
1256.0 2871.0 20.0 10.0
1238.0 2855.0 20.0 10.0
958.0 489.0 20.0 10.0
1440.0 513.0 20.0 10.0
5217.0 823.0 20.0 10.0
5236.0 1775.0 20.0 10.0
4341.0 1029.0 20.0 10.0
4358.0 1020.0 20.0 10.0
3355.0 770.0 20.0 10.0
4582.0 957.0 20.0 10.0
4577.0 981.0 20.0 10.0
1554.0 2794.0 20.0 10.0
1498.0 2779.0 20.0 10.0
1441.0 2763.0 20.0 10.0
1384.0 2746.0 20.0 10.0
1325.0 2728.0 20.0 10.0
985.0 478.0 20.0 10.0
1087.0 2632.0 20.0 10.0
2449.0 581.0 20.0 10.0
2455.0 591.0 20.0 10.0
2478.0 602.0 20.0 10.0
2457.0 618.0 20.0 10.0
2481.0 634.0 20.0 10.0
2480.0 661.0 20.0 10.0
2463.0 683.0 20.0 10.0
2486.0 698.0 20.0 10.0
2494.0 719.0 20.0 10.0
3724.0 914.0 20.0 10.0
1123.0 2596.0 20.0 10.0
1103.0 2607.0 20.0 10.0
4608.0 917.0 20.0 10.0
1194.0 2285.0 20.0 10.0
1627.0 2820.0 20.0 10.0
5294.0 872.0 20.0 10.0
5185.0 1761.0 20.0 10.0
689.0 326.0 20.0 10.0
711.0 319.0 20.0 10.0
906.0 521.0 20.0 10.0
2609.0 2613.0 20.0 10.0
2635.0 2627.0 20.0 10.0
5214.0 1766.0 20.0 10.0
376.0 96.0 20.0 10.0
383.0 105.0 20.0 10.0
390.0 115.0 20.0 10.0
397.0 126.0 20.0 10.0
404.0 139.0 20.0 10.0
1172.0 473.0 20.0 10.0
1145.0 461.0 20.0 10.0
1210.0 2837.0 20.0 10.0
387.0 2686.0 20.0 10.0
397.0 2663.0 20.0 10.0
443.0 2650.0 20.0 10.0
5264.0 824.0 20.0 10.0
1860.0 2864.0 20.0 10.0
1843.0 2882.0 20.0 10.0
1818.0 2868.0 20.0 10.0
2350.0 2526.0 20.0 10.0
2248.0 639.0 20.0 10.0
2276.0 638.0 20.0 10.0
2277.0 666.0 20.0 10.0
1139.0 2784.0 20.0 10.0
2198.0 2672.0 20.0 10.0
732.0 2402.0 20.0 10.0
2083.0 2930.0 20.0 10.0
2046.0 2926.0 20.0 10.0
2421.0 2070.0 20.0 10.0
1223.0 426.0 20.0 10.0
5274.0 831.0 20.0 10.0
5249.0 833.0 20.0 10.0
5224.0 846.0 20.0 10.0
5196.0 864.0 20.0 10.0
5160.0 871.0 20.0 10.0
51.0 2762.0 20.0 10.0
1025.0 2690.0 20.0 10.0
5010.0 1036.0 20.0 10.0
4998.0 1028.0 20.0 10.0
4985.0 1019.0 20.0 10.0
4967.0 1008.0 20.0 10.0
1153.0 2985.0 20.0 10.0
5498.0 1780.0 20.0 10.0
2208.0 2638.0 20.0 10.0
2235.0 2652.0 20.0 10.0
2018.0 625.0 20.0 10.0
2594.0 1422.0 20.0 10.0
2887.0 2652.0 20.0 10.0
961.0 2737.0 20.0 10.0
4715.0 937.0 20.0 10.0
1822.0 507.0 20.0 10.0
1798.0 493.0 20.0 10.0
1771.0 512.0 20.0 10.0
2369.0 716.0 20.0 10.0
2396.0 705.0 20.0 10.0
4440.0 949.0 20.0 10.0
4440.0 961.0 20.0 10.0
4440.0 974.0 20.0 10.0
4440.0 998.0 20.0 10.0
5461.0 1731.0 20.0 10.0
3764.0 946.0 20.0 10.0
3776.0 946.0 20.0 10.0
877.0 536.0 20.0 10.0
2519.0 558.0 20.0 10.0
2515.0 567.0 20.0 10.0
2069.0 2946.0 20.0 10.0
5027.0 397.0 20.0 10.0
2466.0 1964.0 20.0 10.0
2484.0 1947.0 20.0 10.0
5191.0 1805.0 20.0 10.0
5190.0 1779.0 20.0 10.0
5189.0 1755.0 20.0 10.0
2646.0 1116.0 20.0 10.0
2651.0 1142.0 20.0 10.0
2679.0 1137.0 20.0 10.0
2415.0 2490.0 20.0 10.0
2402.0 2515.0 20.0 10.0
4765.0 1039.0 20.0 10.0
4767.0 1025.0 20.0 10.0
2750.0 826.0 20.0 10.0
5239.0 135.0 20.0 10.0
2423.0 2534.0 20.0 10.0
2393.0 2547.0 20.0 10.0
5028.0 1041.0 20.0 10.0
2862.0 2565.0 20.0 10.0
1084.0 2690.0 20.0 10.0
797.0 224.0 20.0 10.0
820.0 237.0 20.0 10.0
818.0 258.0 20.0 10.0
783.0 235.0 20.0 10.0
747.0 221.0 20.0 10.0
1893.0 2903.0 20.0 10.0
1868.0 2885.0 20.0 10.0
1100.0 2986.0 20.0 10.0
1527.0 488.0 20.0 10.0
3335.0 786.0 20.0 10.0
30.0 2772.0 20.0 10.0
4481.0 1184.0 20.0 10.0
5170.0 203.0 20.0 10.0
5165.0 212.0 20.0 10.0
2796.0 2582.0 20.0 10.0
2760.0 2586.0 20.0 10.0
2725.0 2587.0 20.0 10.0
2108.0 634.0 20.0 10.0
2012.0 610.0 20.0 10.0
1916.0 590.0 20.0 10.0
1821.0 571.0 20.0 10.0
2581.0 1467.0 20.0 10.0
2454.0 1939.0 20.0 10.0
653.0 282.0 20.0 10.0
666.0 304.0 20.0 10.0
2401.0 2577.0 20.0 10.0
4740.0 899.0 20.0 10.0
4764.0 908.0 20.0 10.0
3061.0 2640.0 20.0 10.0
981.0 2482.0 20.0 10.0
748.0 2582.0 20.0 10.0
805.0 2571.0 20.0 10.0
867.0 2571.0 20.0 10.0
1139.0 2720.0 20.0 10.0
310.0 132.0 20.0 10.0
5330.0 1566.0 20.0 10.0
5107.0 932.0 20.0 10.0
5083.0 919.0 20.0 10.0
5062.0 900.0 20.0 10.0
5038.0 900.0 20.0 10.0
5010.0 900.0 20.0 10.0
4976.0 901.0 20.0 10.0
4923.0 917.0 20.0 10.0
4869.0 935.0 20.0 10.0
2379.0 1965.0 20.0 10.0
5120.0 1579.0 20.0 10.0
5109.0 1569.0 20.0 10.0
1806.0 443.0 20.0 10.0
1115.0 2676.0 20.0 10.0
2418.0 2078.0 20.0 10.0
2964.0 2626.0 20.0 10.0
276.0 80.0 20.0 10.0
1752.0 531.0 20.0 10.0
4244.0 1011.0 20.0 10.0
4267.0 1003.0 20.0 10.0
107.0 2710.0 20.0 10.0
205.0 91.0 20.0 10.0
243.0 105.0 20.0 10.0
2235.0 616.0 20.0 10.0
1768.0 2855.0 20.0 10.0
1635.0 561.0 20.0 10.0
44.0 2722.0 20.0 10.0
490.0 2638.0 20.0 10.0
3359.0 801.0 20.0 10.0
4901.0 989.0 20.0 10.0
2413.0 2101.0 20.0 10.0
680.0 2625.0 20.0 10.0
542.0 643.0 20.0 10.0
558.0 634.0 20.0 10.0
4522.0 1071.0 20.0 10.0
1204.0 2818.0 20.0 10.0
1184.0 2802.0 20.0 10.0
1161.0 2762.0 20.0 10.0
4799.0 828.0 20.0 10.0
4714.0 993.0 20.0 10.0
4486.0 1092.0 20.0 10.0
5533.0 1774.0 20.0 10.0
5416.0 1711.0 20.0 10.0
2612.0 1494.0 20.0 10.0
2589.0 1489.0 20.0 10.0
4814.0 967.0 20.0 10.0
3228.0 812.0 20.0 10.0
3206.0 823.0 20.0 10.0
3169.0 837.0 20.0 10.0
3073.0 827.0 20.0 10.0
1203.0 2692.0 20.0 10.0
645.0 264.0 20.0 10.0
2425.0 2057.0 20.0 10.0
2441.0 2035.0 20.0 10.0
2457.0 2011.0 20.0 10.0
2471.0 1982.0 20.0 10.0
2502.0 1816.0 20.0 10.0
1456.0 2777.0 20.0 10.0
1816.0 422.0 20.0 10.0
1812.0 437.0 20.0 10.0
1788.0 447.0 20.0 10.0
1766.0 462.0 20.0 10.0
1755.0 478.0 20.0 10.0
2648.0 1504.0 20.0 10.0
4797.0 1280.0 20.0 10.0
5485.0 1797.0 20.0 10.0
4440.0 1020.0 20.0 10.0
5282.0 828.0 20.0 10.0
5274.0 1844.0 20.0 10.0
5265.0 1825.0 20.0 10.0
2109.0 2942.0 20.0 10.0
1145.0 380.0 20.0 10.0
577.0 665.0 20.0 10.0
586.0 657.0 20.0 10.0
596.0 646.0 20.0 10.0
608.0 634.0 20.0 10.0
5004.0 427.0 20.0 10.0
4982.0 456.0 20.0 10.0
4959.0 485.0 20.0 10.0
1076.0 431.0 20.0 10.0
3303.0 786.0 20.0 10.0
375.0 2639.0 20.0 10.0
1965.0 688.0 20.0 10.0
1971.0 665.0 20.0 10.0
1977.0 641.0 20.0 10.0
1991.0 622.0 20.0 10.0
2410.0 1973.0 20.0 10.0
34.0 25.0 20.0 10.0
56.0 29.0 20.0 10.0
71.0 36.0 20.0 10.0
1204.0 2270.0 20.0 10.0
5612.0 1744.0 20.0 10.0
5590.0 1740.0 20.0 10.0
1940.0 720.0 20.0 10.0
124.0 2736.0 20.0 10.0
5194.0 836.0 20.0 10.0
4770.0 996.0 20.0 10.0
2591.0 1537.0 20.0 10.0
2572.0 1514.0 20.0 10.0
726.0 295.0 20.0 10.0
761.0 298.0 20.0 10.0
2632.0 1186.0 20.0 10.0
2663.0 1187.0 20.0 10.0
4440.0 981.0 20.0 10.0
1245.0 2890.0 20.0 10.0
1224.0 2868.0 20.0 10.0
4856.0 1327.0 20.0 10.0
675.0 141.0 20.0 10.0
681.0 161.0 20.0 10.0
691.0 185.0 20.0 10.0
739.0 2423.0 20.0 10.0
2522.0 2688.0 20.0 10.0
2499.0 2674.0 20.0 10.0
1455.0 2710.0 20.0 10.0
1441.0 2714.0 20.0 10.0
1424.0 2732.0 20.0 10.0
1405.0 2753.0 20.0 10.0
2300.0 680.0 20.0 10.0
2203.0 657.0 20.0 10.0
2500.0 616.0 20.0 10.0
1191.0 2578.0 20.0 10.0
4760.0 853.0 20.0 10.0
4784.0 867.0 20.0 10.0
760.0 2473.0 20.0 10.0
4994.0 968.0 20.0 10.0
4983.0 987.0 20.0 10.0
1258.0 462.0 20.0 10.0
3796.0 892.0 20.0 10.0
880.0 542.0 20.0 10.0
301.0 99.0 20.0 10.0
316.0 110.0 20.0 10.0
333.0 123.0 20.0 10.0
1795.0 526.0 20.0 10.0
3823.0 900.0 20.0 10.0
1916.0 2899.0 20.0 10.0
5511.0 1764.0 20.0 10.0
5493.0 1753.0 20.0 10.0
5472.0 1740.0 20.0 10.0
5450.0 1719.0 20.0 10.0
4735.0 687.0 20.0 10.0
2284.0 2718.0 20.0 10.0
595.0 300.0 20.0 10.0
610.0 302.0 20.0 10.0
628.0 304.0 20.0 10.0
341.0 2700.0 20.0 10.0
4796.0 929.0 20.0 10.0
4772.0 931.0 20.0 10.0
4744.0 935.0 20.0 10.0
4776.0 704.0 20.0 10.0
5468.0 1808.0 20.0 10.0
5457.0 1782.0 20.0 10.0
1263.0 470.0 20.0 10.0
1259.0 444.0 20.0 10.0
5008.0 989.0 20.0 10.0
1255.0 422.0 20.0 10.0
352.0 2681.0 20.0 10.0
2625.0 2656.0 20.0 10.0
596.0 619.0 20.0 10.0
612.0 610.0 20.0 10.0
646.0 606.0 20.0 10.0
682.0 591.0 20.0 10.0
720.0 575.0 20.0 10.0
762.0 559.0 20.0 10.0
2574.0 1734.0 20.0 10.0
2559.0 1726.0 20.0 10.0
1173.0 2623.0 20.0 10.0
2147.0 2967.0 20.0 10.0
337.0 2653.0 20.0 10.0
2579.0 1661.0 20.0 10.0
2300.0 2623.0 20.0 10.0
2286.0 2659.0 20.0 10.0
2258.0 2679.0 20.0 10.0
2025.0 584.0 20.0 10.0
1146.0 2308.0 20.0 10.0
1173.0 2324.0 20.0 10.0
4961.0 1392.0 20.0 10.0
4937.0 1387.0 20.0 10.0
4910.0 1378.0 20.0 10.0
296.0 2624.0 20.0 10.0
5259.0 1770.0 20.0 10.0
5243.0 1762.0 20.0 10.0
574.0 2642.0 20.0 10.0
1026.0 2670.0 20.0 10.0
1055.0 2680.0 20.0 10.0
2539.0 1973.0 20.0 10.0
563.0 298.0 20.0 10.0
582.0 298.0 20.0 10.0
4629.0 994.0 20.0 10.0
4569.0 1008.0 20.0 10.0
3046.0 2564.0 20.0 10.0
1140.0 2419.0 20.0 10.0
1124.0 2437.0 20.0 10.0
1101.0 2487.0 20.0 10.0
623.0 620.0 20.0 10.0
4674.0 1183.0 20.0 10.0
4647.0 1174.0 20.0 10.0
4848.0 970.0 20.0 10.0
329.0 141.0 20.0 10.0
377.0 154.0 20.0 10.0
2344.0 2441.0 20.0 10.0
1595.0 515.0 20.0 10.0
1606.0 522.0 20.0 10.0
5119.0 838.0 20.0 10.0
5107.0 850.0 20.0 10.0
5095.0 862.0 20.0 10.0
540.0 618.0 20.0 10.0
1158.0 431.0 20.0 10.0
2445.0 571.0 20.0 10.0
5319.0 1572.0 20.0 10.0
3541.0 887.0 20.0 10.0
1895.0 2869.0 20.0 10.0
371.0 77.0 20.0 10.0
1193.0 343.0 20.0 10.0
3272.0 795.0 20.0 10.0
3240.0 807.0 20.0 10.0
2629.0 2594.0 20.0 10.0
4987.0 448.0 20.0 10.0
2634.0 1497.0 20.0 10.0
5135.0 818.0 20.0 10.0
5127.0 827.0 20.0 10.0
5369.0 1675.0 20.0 10.0
5345.0 1663.0 20.0 10.0
5300.0 1638.0 20.0 10.0
2883.0 2623.0 20.0 10.0
5515.0 1691.0 20.0 10.0
1188.0 2270.0 20.0 10.0
1175.0 2307.0 20.0 10.0
1161.0 2347.0 20.0 10.0
1121.0 493.0 20.0 10.0
2410.0 1957.0 20.0 10.0
2423.0 1954.0 20.0 10.0
2438.0 1947.0 20.0 10.0
5422.0 1667.0 20.0 10.0
5412.0 1693.0 20.0 10.0
5388.0 1687.0 20.0 10.0
1942.0 2914.0 20.0 10.0
990.0 2615.0 20.0 10.0
3983.0 1008.0 20.0 10.0
4913.0 546.0 20.0 10.0
4890.0 577.0 20.0 10.0
4865.0 608.0 20.0 10.0
1122.0 2969.0 20.0 10.0
2590.0 752.0 20.0 10.0
2494.0 730.0 20.0 10.0
4428.0 1184.0 20.0 10.0
4430.0 1171.0 20.0 10.0
4434.0 1156.0 20.0 10.0
2226.0 2683.0 20.0 10.0
1161.0 463.0 20.0 10.0
1187.0 458.0 20.0 10.0
888.0 2575.0 20.0 10.0
4797.0 851.0 20.0 10.0
4805.0 838.0 20.0 10.0
2214.0 606.0 20.0 10.0
3154.0 2532.0 20.0 10.0
3132.0 2553.0 20.0 10.0
966.0 2467.0 20.0 10.0
664.0 208.0 20.0 10.0
710.0 209.0 20.0 10.0
1099.0 2362.0 20.0 10.0
1091.0 2708.0 20.0 10.0
2027.0 669.0 20.0 10.0
4611.0 1133.0 20.0 10.0
4584.0 1123.0 20.0 10.0
4508.0 1022.0 20.0 10.0
267.0 72.0 20.0 10.0
2437.0 2510.0 20.0 10.0
1168.0 2813.0 20.0 10.0
1185.0 2774.0 20.0 10.0
1195.0 2734.0 20.0 10.0
852.0 2644.0 20.0 10.0
867.0 2636.0 20.0 10.0
511.0 658.0 20.0 10.0
529.0 652.0 20.0 10.0
4425.0 1203.0 20.0 10.0
2507.0 1972.0 20.0 10.0
4461.0 1086.0 20.0 10.0
3941.0 1000.0 20.0 10.0
3949.0 974.0 20.0 10.0
3960.0 956.0 20.0 10.0
3975.0 946.0 20.0 10.0
1150.0 2962.0 20.0 10.0
1125.0 2943.0 20.0 10.0
1122.0 2912.0 20.0 10.0
1133.0 2880.0 20.0 10.0
1150.0 2847.0 20.0 10.0
2469.0 2660.0 20.0 10.0
2440.0 2640.0 20.0 10.0
3164.0 2607.0 20.0 10.0
3138.0 2592.0 20.0 10.0
3110.0 2576.0 20.0 10.0
3074.0 2583.0 20.0 10.0
779.0 2602.0 20.0 10.0
611.0 2641.0 20.0 10.0
624.0 2623.0 20.0 10.0
3561.0 869.0 20.0 10.0
5115.0 280.0 20.0 10.0
966.0 2744.0 20.0 10.0
976.0 2731.0 20.0 10.0
2397.0 1961.0 20.0 10.0
760.0 2491.0 20.0 10.0
2726.0 991.0 20.0 10.0
2740.0 943.0 20.0 10.0
2755.0 895.0 20.0 10.0
2768.0 846.0 20.0 10.0
2523.0 1666.0 20.0 10.0
2532.0 1664.0 20.0 10.0
2551.0 1652.0 20.0 10.0
2556.0 1606.0 20.0 10.0
2563.0 1560.0 20.0 10.0
1957.0 704.0 20.0 10.0
1717.0 2840.0 20.0 10.0
1664.0 2825.0 20.0 10.0
1610.0 2809.0 20.0 10.0
2491.0 1856.0 20.0 10.0
3044.0 773.0 20.0 10.0
1043.0 2734.0 20.0 10.0
5568.0 1736.0 20.0 10.0
678.0 224.0 20.0 10.0
5183.0 837.0 20.0 10.0
1113.0 483.0 20.0 10.0
1126.0 476.0 20.0 10.0
5310.0 825.0 20.0 10.0
1036.0 2726.0 20.0 10.0
1063.0 2714.0 20.0 10.0
2073.0 2890.0 20.0 10.0
2057.0 2894.0 20.0 10.0
2030.0 2900.0 20.0 10.0
2266.0 2636.0 20.0 10.0
5097.0 896.0 20.0 10.0
739.0 2435.0 20.0 10.0
748.0 2446.0 20.0 10.0
348.0 172.0 20.0 10.0
359.0 183.0 20.0 10.0
372.0 203.0 20.0 10.0
396.0 181.0 20.0 10.0
1266.0 2930.0 20.0 10.0
3957.0 1009.0 20.0 10.0
3963.0 986.0 20.0 10.0
1173.0 2611.0 20.0 10.0
1162.0 2640.0 20.0 10.0
1145.0 2663.0 20.0 10.0
1094.0 2659.0 20.0 10.0
583.0 626.0 20.0 10.0
1257.0 2910.0 20.0 10.0
3798.0 944.0 20.0 10.0
4830.0 899.0 20.0 10.0
4824.0 907.0 20.0 10.0
4944.0 908.0 20.0 10.0
796.0 2604.0 20.0 10.0
4960.0 476.0 20.0 10.0
5071.0 338.0 20.0 10.0
5049.0 368.0 20.0 10.0
1098.0 2345.0 20.0 10.0
4838.0 639.0 20.0 10.0
4807.0 671.0 20.0 10.0
4949.0 1002.0 20.0 10.0
5477.0 1773.0 20.0 10.0
5463.0 1758.0 20.0 10.0
5444.0 1737.0 20.0 10.0
1267.0 2883.0 20.0 10.0
2130.0 2963.0 20.0 10.0
2245.0 2590.0 20.0 10.0
2271.0 2607.0 20.0 10.0
1725.0 551.0 20.0 10.0
2004.0 654.0 20.0 10.0
1255.0 2656.0 20.0 10.0
2857.0 2601.0 20.0 10.0
4799.0 693.0 20.0 10.0
1404.0 518.0 20.0 10.0
1418.0 495.0 20.0 10.0
1442.0 494.0 20.0 10.0
2288.0 2594.0 20.0 10.0
762.0 554.0 20.0 10.0
779.0 549.0 20.0 10.0
806.0 538.0 20.0 10.0
2533.0 1943.0 20.0 10.0
2523.0 1921.0 20.0 10.0
1153.0 361.0 20.0 10.0
1172.0 372.0 20.0 10.0
5056.0 1599.0 20.0 10.0
5059.0 1590.0 20.0 10.0
4812.0 954.0 20.0 10.0
2527.0 1785.0 20.0 10.0
2532.0 1742.0 20.0 10.0
351.0 136.0 20.0 10.0
658.0 209.0 20.0 10.0
649.0 244.0 20.0 10.0
706.0 271.0 20.0 10.0
3982.0 973.0 20.0 10.0
307.0 104.0 20.0 10.0
5222.0 1738.0 20.0 10.0
2519.0 575.0 20.0 10.0
2500.0 579.0 20.0 10.0
2501.0 590.0 20.0 10.0
1619.0 506.0 20.0 10.0
1641.0 528.0 20.0 10.0
2677.0 1208.0 20.0 10.0
261.0 144.0 20.0 10.0
5255.0 1610.0 20.0 10.0
5208.0 1582.0 20.0 10.0
5160.0 1554.0 20.0 10.0
5109.0 1528.0 20.0 10.0
90.0 45.0 20.0 10.0
111.0 56.0 20.0 10.0
1664.0 491.0 20.0 10.0
1641.0 498.0 20.0 10.0
2890.0 2560.0 20.0 10.0
5125.0 1589.0 20.0 10.0
5470.0 1773.0 20.0 10.0
2361.0 2560.0 20.0 10.0
2375.0 2597.0 20.0 10.0
2340.0 2605.0 20.0 10.0
2617.0 1306.0 20.0 10.0
929.0 2577.0 20.0 10.0
991.0 2586.0 20.0 10.0
5073.0 876.0 20.0 10.0
5025.0 887.0 20.0 10.0
5185.0 1730.0 20.0 10.0
5198.0 1702.0 20.0 10.0
5178.0 1661.0 20.0 10.0
2832.0 2576.0 20.0 10.0
2998.0 2528.0 20.0 10.0
3015.0 2554.0 20.0 10.0
2197.0 2727.0 20.0 10.0
2211.0 2709.0 20.0 10.0
5463.0 1700.0 20.0 10.0
5208.0 167.0 20.0 10.0
5162.0 1594.0 20.0 10.0
5137.0 1573.0 20.0 10.0
