1000
706.0 801.0 20.0 10.0
577.0 766.0 20.0 10.0
805.0 684.0 20.0 10.0
917.0 599.0 20.0 10.0
649.0 923.0 20.0 10.0
1024.0 516.0 20.0 10.0
1117.0 429.0 20.0 10.0
1094.0 507.0 20.0 10.0
449.0 732.0 20.0 10.0
683.0 816.0 20.0 10.0
789.0 878.0 20.0 10.0
1160.0 503.0 20.0 10.0
962.0 579.0 20.0 10.0
368.0 742.0 20.0 10.0
1174.0 345.0 20.0 10.0
798.0 594.0 20.0 10.0
793.0 505.0 20.0 10.0
689.0 765.0 20.0 10.0
870.0 927.0 20.0 10.0
384.0 678.0 20.0 10.0
611.0 1037.0 20.0 10.0
741.0 786.0 20.0 10.0
920.0 983.0 20.0 10.0
659.0 970.0 20.0 10.0
941.0 944.0 20.0 10.0
1200.0 390.0 20.0 10.0
626.0 1105.0 20.0 10.0
945.0 1031.0 20.0 10.0
1187.0 292.0 20.0 10.0
827.0 944.0 20.0 10.0
946.0 590.0 20.0 10.0
670.0 733.0 20.0 10.0
797.0 659.0 20.0 10.0
777.0 779.0 20.0 10.0
997.0 583.0 20.0 10.0
1254.0 353.0 20.0 10.0
332.0 758.0 20.0 10.0
562.0 1134.0 20.0 10.0
977.0 932.0 20.0 10.0
644.0 947.0 20.0 10.0
585.0 963.0 20.0 10.0
959.0 1055.0 20.0 10.0
1203.0 503.0 20.0 10.0
799.0 924.0 20.0 10.0
801.0 561.0 20.0 10.0
519.0 1224.0 20.0 10.0
772.0 433.0 20.0 10.0
427.0 756.0 20.0 10.0
401.0 772.0 20.0 10.0
478.0 1276.0 20.0 10.0
762.0 380.0 20.0 10.0
816.0 660.0 20.0 10.0
553.0 748.0 20.0 10.0
973.0 1069.0 20.0 10.0
1220.0 500.0 20.0 10.0
1229.0 376.0 20.0 10.0
526.0 1002.0 20.0 10.0
1271.0 369.0 20.0 10.0
477.0 1032.0 20.0 10.0
321.0 641.0 20.0 10.0
860.0 1010.0 20.0 10.0
889.0 1059.0 20.0 10.0
989.0 968.0 20.0 10.0
1336.0 350.0 20.0 10.0
480.0 1253.0 20.0 10.0
1291.0 330.0 20.0 10.0
586.0 1062.0 20.0 10.0
1202.0 241.0 20.0 10.0
262.0 609.0 20.0 10.0
877.0 1039.0 20.0 10.0
798.0 791.0 20.0 10.0
948.0 1007.0 20.0 10.0
661.0 828.0 20.0 10.0
802.0 776.0 20.0 10.0
995.0 954.0 20.0 10.0
669.0 1008.0 20.0 10.0
1013.0 987.0 20.0 10.0
364.0 708.0 20.0 10.0
637.0 1165.0 20.0 10.0
529.0 738.0 20.0 10.0
938.0 573.0 20.0 10.0
437.0 1322.0 20.0 10.0
1222.0 482.0 20.0 10.0
979.0 1018.0 20.0 10.0
542.0 1176.0 20.0 10.0
719.0 820.0 20.0 10.0
1122.0 487.0 20.0 10.0
537.0 1161.0 20.0 10.0
645.0 848.0 20.0 10.0
1230.0 278.0 20.0 10.0
290.0 688.0 20.0 10.0
1266.0 484.0 20.0 10.0
529.0 1214.0 20.0 10.0
401.0 1363.0 20.0 10.0
254.0 685.0 20.0 10.0
439.0 1049.0 20.0 10.0
230.0 600.0 20.0 10.0
371.0 1401.0 20.0 10.0
646.0 1142.0 20.0 10.0
300.0 617.0 20.0 10.0
781.0 363.0 20.0 10.0
666.0 992.0 20.0 10.0
965.0 1022.0 20.0 10.0
329.0 698.0 20.0 10.0
645.0 1196.0 20.0 10.0
553.0 1178.0 20.0 10.0
652.0 1218.0 20.0 10.0
337.0 706.0 20.0 10.0
760.0 408.0 20.0 10.0
1279.0 217.0 20.0 10.0
1033.0 972.0 20.0 10.0
1319.0 166.0 20.0 10.0
426.0 693.0 20.0 10.0
869.0 1035.0 20.0 10.0
786.0 474.0 20.0 10.0
997.0 562.0 20.0 10.0
1346.0 124.0 20.0 10.0
228.0 610.0 20.0 10.0
1298.0 317.0 20.0 10.0
448.0 1056.0 20.0 10.0
1013.0 544.0 20.0 10.0
521.0 1199.0 20.0 10.0
628.0 1204.0 20.0 10.0
1265.0 503.0 20.0 10.0
1031.0 985.0 20.0 10.0
964.0 562.0 20.0 10.0
796.0 903.0 20.0 10.0
1395.0 331.0 20.0 10.0
404.0 653.0 20.0 10.0
228.0 671.0 20.0 10.0
390.0 754.0 20.0 10.0
1028.0 549.0 20.0 10.0
1065.0 997.0 20.0 10.0
817.0 938.0 20.0 10.0
467.0 1304.0 20.0 10.0
307.0 764.0 20.0 10.0
230.0 581.0 20.0 10.0
194.0 667.0 20.0 10.0
1337.0 290.0 20.0 10.0
647.0 968.0 20.0 10.0
1098.0 997.0 20.0 10.0
559.0 1071.0 20.0 10.0
750.0 351.0 20.0 10.0
1436.0 328.0 20.0 10.0
1005.0 1022.0 20.0 10.0
533.0 1066.0 20.0 10.0
665.0 754.0 20.0 10.0
293.0 624.0 20.0 10.0
522.0 1247.0 20.0 10.0
797.0 957.0 20.0 10.0
334.0 781.0 20.0 10.0
291.0 745.0 20.0 10.0
348.0 637.0 20.0 10.0
996.0 1043.0 20.0 10.0
1054.0 1005.0 20.0 10.0
409.0 745.0 20.0 10.0
912.0 1103.0 20.0 10.0
895.0 921.0 20.0 10.0
1036.0 959.0 20.0 10.0
509.0 1179.0 20.0 10.0
992.0 1031.0 20.0 10.0
624.0 954.0 20.0 10.0
315.0 608.0 20.0 10.0
823.0 654.0 20.0 10.0
568.0 1083.0 20.0 10.0
884.0 952.0 20.0 10.0
378.0 785.0 20.0 10.0
504.0 1302.0 20.0 10.0
449.0 1276.0 20.0 10.0
370.0 726.0 20.0 10.0
1374.0 269.0 20.0 10.0
1304.0 373.0 20.0 10.0
1013.0 564.0 20.0 10.0
423.0 1293.0 20.0 10.0
1435.0 309.0 20.0 10.0
660.0 1250.0 20.0 10.0
806.0 479.0 20.0 10.0
407.0 1066.0 20.0 10.0
615.0 1232.0 20.0 10.0
726.0 839.0 20.0 10.0
174.0 657.0 20.0 10.0
323.0 609.0 20.0 10.0
810.0 770.0 20.0 10.0
516.0 1267.0 20.0 10.0
813.0 871.0 20.0 10.0
815.0 961.0 20.0 10.0
666.0 1258.0 20.0 10.0
310.0 791.0 20.0 10.0
1306.0 355.0 20.0 10.0
817.0 776.0 20.0 10.0
760.0 783.0 20.0 10.0
838.0 763.0 20.0 10.0
950.0 1064.0 20.0 10.0
1258.0 509.0 20.0 10.0
504.0 1352.0 20.0 10.0
379.0 618.0 20.0 10.0
1296.0 468.0 20.0 10.0
828.0 871.0 20.0 10.0
1330.0 302.0 20.0 10.0
600.0 1072.0 20.0 10.0
367.0 765.0 20.0 10.0
828.0 667.0 20.0 10.0
442.0 1054.0 20.0 10.0
830.0 994.0 20.0 10.0
826.0 639.0 20.0 10.0
570.0 988.0 20.0 10.0
1309.0 191.0 20.0 10.0
753.0 375.0 20.0 10.0
1066.0 990.0 20.0 10.0
494.0 1034.0 20.0 10.0
230.0 747.0 20.0 10.0
557.0 974.0 20.0 10.0
1193.0 306.0 20.0 10.0
547.0 1158.0 20.0 10.0
281.0 797.0 20.0 10.0
345.0 693.0 20.0 10.0
1260.0 237.0 20.0 10.0
838.0 1023.0 20.0 10.0
845.0 639.0 20.0 10.0
180.0 745.0 20.0 10.0
438.0 719.0 20.0 10.0
1434.0 319.0 20.0 10.0
794.0 535.0 20.0 10.0
1238.0 520.0 20.0 10.0
842.0 1048.0 20.0 10.0
1352.0 131.0 20.0 10.0
934.0 1141.0 20.0 10.0
1287.0 203.0 20.0 10.0
346.0 732.0 20.0 10.0
1229.0 484.0 20.0 10.0
324.0 709.0 20.0 10.0
494.0 1354.0 20.0 10.0
808.0 946.0 20.0 10.0
973.0 961.0 20.0 10.0
674.0 1239.0 20.0 10.0
431.0 740.0 20.0 10.0
338.0 685.0 20.0 10.0
819.0 884.0 20.0 10.0
757.0 328.0 20.0 10.0
246.0 755.0 20.0 10.0
245.0 812.0 20.0 10.0
1004.0 1031.0 20.0 10.0
797.0 989.0 20.0 10.0
259.0 670.0 20.0 10.0
637.0 1128.0 20.0 10.0
828.0 907.0 20.0 10.0
327.0 692.0 20.0 10.0
990.0 1093.0 20.0 10.0
241.0 802.0 20.0 10.0
205.0 555.0 20.0 10.0
790.0 770.0 20.0 10.0
185.0 543.0 20.0 10.0
215.0 586.0 20.0 10.0
136.0 745.0 20.0 10.0
294.0 694.0 20.0 10.0
1001.0 920.0 20.0 10.0
983.0 554.0 20.0 10.0
468.0 1062.0 20.0 10.0
353.0 762.0 20.0 10.0
490.0 1339.0 20.0 10.0
622.0 918.0 20.0 10.0
459.0 1266.0 20.0 10.0
365.0 695.0 20.0 10.0
761.0 799.0 20.0 10.0
687.0 791.0 20.0 10.0
448.0 1262.0 20.0 10.0
966.0 536.0 20.0 10.0
1469.0 310.0 20.0 10.0
487.0 1016.0 20.0 10.0
479.0 1373.0 20.0 10.0
1001.0 1055.0 20.0 10.0
542.0 1203.0 20.0 10.0
315.0 585.0 20.0 10.0
760.0 290.0 20.0 10.0
437.0 710.0 20.0 10.0
404.0 683.0 20.0 10.0
849.0 871.0 20.0 10.0
333.0 749.0 20.0 10.0
1365.0 88.0 20.0 10.0
555.0 1207.0 20.0 10.0
1336.0 137.0 20.0 10.0
810.0 446.0 20.0 10.0
481.0 1398.0 20.0 10.0
793.0 799.0 20.0 10.0
301.0 756.0 20.0 10.0
826.0 389.0 20.0 10.0
503.0 1221.0 20.0 10.0
180.0 537.0 20.0 10.0
657.0 719.0 20.0 10.0
839.0 332.0 20.0 10.0
369.0 808.0 20.0 10.0
795.0 766.0 20.0 10.0
1197.0 320.0 20.0 10.0
631.0 1233.0 20.0 10.0
1339.0 345.0 20.0 10.0
256.0 817.0 20.0 10.0
302.0 799.0 20.0 10.0
937.0 998.0 20.0 10.0
1003.0 931.0 20.0 10.0
843.0 284.0 20.0 10.0
304.0 590.0 20.0 10.0
841.0 890.0 20.0 10.0
601.0 986.0 20.0 10.0
1472.0 323.0 20.0 10.0
553.0 775.0 20.0 10.0
661.0 1278.0 20.0 10.0
1136.0 462.0 20.0 10.0
667.0 997.0 20.0 10.0
1367.0 355.0 20.0 10.0
1033.0 531.0 20.0 10.0
293.0 680.0 20.0 10.0
1178.0 280.0 20.0 10.0
652.0 849.0 20.0 10.0
191.0 750.0 20.0 10.0
668.0 1286.0 20.0 10.0
1025.0 979.0 20.0 10.0
102.0 754.0 20.0 10.0
216.0 806.0 20.0 10.0
855.0 306.0 20.0 10.0
1206.0 326.0 20.0 10.0
1094.0 1005.0 20.0 10.0
164.0 522.0 20.0 10.0
836.0 304.0 20.0 10.0
833.0 251.0 20.0 10.0
880.0 1059.0 20.0 10.0
283.0 589.0 20.0 10.0
250.0 796.0 20.0 10.0
372.0 1382.0 20.0 10.0
728.0 329.0 20.0 10.0
258.0 574.0 20.0 10.0
583.0 1097.0 20.0 10.0
139.0 648.0 20.0 10.0
205.0 810.0 20.0 10.0
1221.0 306.0 20.0 10.0
778.0 481.0 20.0 10.0
646.0 747.0 20.0 10.0
958.0 1166.0 20.0 10.0
208.0 761.0 20.0 10.0
1334.0 377.0 20.0 10.0
512.0 1023.0 20.0 10.0
704.0 319.0 20.0 10.0
502.0 1399.0 20.0 10.0
1405.0 250.0 20.0 10.0
1328.0 312.0 20.0 10.0
847.0 970.0 20.0 10.0
1464.0 296.0 20.0 10.0
1219.0 198.0 20.0 10.0
267.0 678.0 20.0 10.0
269.0 661.0 20.0 10.0
1250.0 473.0 20.0 10.0
703.0 302.0 20.0 10.0
849.0 245.0 20.0 10.0
256.0 676.0 20.0 10.0
651.0 1003.0 20.0 10.0
1232.0 162.0 20.0 10.0
1023.0 592.0 20.0 10.0
1247.0 133.0 20.0 10.0
564.0 984.0 20.0 10.0
488.0 1328.0 20.0 10.0
581.0 1015.0 20.0 10.0
517.0 718.0 20.0 10.0
1273.0 529.0 20.0 10.0
218.0 819.0 20.0 10.0
372.0 1427.0 20.0 10.0
352.0 591.0 20.0 10.0
1384.0 98.0 20.0 10.0
1254.0 253.0 20.0 10.0
360.0 598.0 20.0 10.0
897.0 1098.0 20.0 10.0
192.0 569.0 20.0 10.0
1297.0 510.0 20.0 10.0
1386.0 63.0 20.0 10.0
1407.0 68.0 20.0 10.0
1500.0 310.0 20.0 10.0
179.0 576.0 20.0 10.0
959.0 962.0 20.0 10.0
1218.0 299.0 20.0 10.0
1010.0 926.0 20.0 10.0
828.0 983.0 20.0 10.0
659.0 710.0 20.0 10.0
1239.0 470.0 20.0 10.0
1215.0 292.0 20.0 10.0
871.0 1046.0 20.0 10.0
1215.0 282.0 20.0 10.0
299.0 764.0 20.0 10.0
1031.0 1083.0 20.0 10.0
652.0 705.0 20.0 10.0
1140.0 401.0 20.0 10.0
349.0 1430.0 20.0 10.0
473.0 1420.0 20.0 10.0
1056.0 543.0 20.0 10.0
567.0 1042.0 20.0 10.0
364.0 656.0 20.0 10.0
1142.0 408.0 20.0 10.0
875.0 1078.0 20.0 10.0
777.0 901.0 20.0 10.0
700.0 746.0 20.0 10.0
770.0 297.0 20.0 10.0
1303.0 172.0 20.0 10.0
198.0 661.0 20.0 10.0
620.0 1136.0 20.0 10.0
514.0 1336.0 20.0 10.0
854.0 254.0 20.0 10.0
855.0 212.0 20.0 10.0
1304.0 198.0 20.0 10.0
182.0 564.0 20.0 10.0
383.0 1388.0 20.0 10.0
1364.0 333.0 20.0 10.0
854.0 297.0 20.0 10.0
1327.0 176.0 20.0 10.0
111.0 756.0 20.0 10.0
555.0 1005.0 20.0 10.0
750.0 334.0 20.0 10.0
1068.0 969.0 20.0 10.0
666.0 791.0 20.0 10.0
130.0 645.0 20.0 10.0
910.0 1133.0 20.0 10.0
986.0 1051.0 20.0 10.0
795.0 1012.0 20.0 10.0
1303.0 505.0 20.0 10.0
394.0 702.0 20.0 10.0
1322.0 290.0 20.0 10.0
444.0 1081.0 20.0 10.0
760.0 258.0 20.0 10.0
152.0 575.0 20.0 10.0
1249.0 109.0 20.0 10.0
786.0 513.0 20.0 10.0
181.0 766.0 20.0 10.0
609.0 1163.0 20.0 10.0
672.0 1292.0 20.0 10.0
1218.0 215.0 20.0 10.0
681.0 1040.0 20.0 10.0
325.0 1453.0 20.0 10.0
888.0 943.0 20.0 10.0
455.0 1028.0 20.0 10.0
1460.0 302.0 20.0 10.0
863.0 266.0 20.0 10.0
867.0 761.0 20.0 10.0
677.0 1027.0 20.0 10.0
838.0 366.0 20.0 10.0
724.0 293.0 20.0 10.0
1051.0 494.0 20.0 10.0
1295.0 369.0 20.0 10.0
1118.0 1004.0 20.0 10.0
384.0 776.0 20.0 10.0
743.0 323.0 20.0 10.0
1159.0 381.0 20.0 10.0
1328.0 496.0 20.0 10.0
480.0 1340.0 20.0 10.0
1362.0 271.0 20.0 10.0
399.0 721.0 20.0 10.0
157.0 542.0 20.0 10.0
1305.0 528.0 20.0 10.0
1429.0 230.0 20.0 10.0
856.0 185.0 20.0 10.0
291.0 632.0 20.0 10.0
628.0 854.0 20.0 10.0
359.0 665.0 20.0 10.0
410.0 1344.0 20.0 10.0
784.0 947.0 20.0 10.0
473.0 1047.0 20.0 10.0
867.0 884.0 20.0 10.0
545.0 1162.0 20.0 10.0
628.0 978.0 20.0 10.0
959.0 1159.0 20.0 10.0
91.0 635.0 20.0 10.0
158.0 756.0 20.0 10.0
1489.0 300.0 20.0 10.0
860.0 988.0 20.0 10.0
992.0 529.0 20.0 10.0
462.0 1022.0 20.0 10.0
509.0 696.0 20.0 10.0
414.0 1062.0 20.0 10.0
311.0 715.0 20.0 10.0
947.0 965.0 20.0 10.0
894.0 884.0 20.0 10.0
906.0 1084.0 20.0 10.0
1377.0 63.0 20.0 10.0
1059.0 968.0 20.0 10.0
544.0 1092.0 20.0 10.0
416.0 1069.0 20.0 10.0
353.0 784.0 20.0 10.0
992.0 979.0 20.0 10.0
628.0 920.0 20.0 10.0
558.0 955.0 20.0 10.0
1339.0 166.0 20.0 10.0
470.0 1308.0 20.0 10.0
750.0 232.0 20.0 10.0
68.0 624.0 20.0 10.0
490.0 1202.0 20.0 10.0
520.0 1240.0 20.0 10.0
1028.0 946.0 20.0 10.0
104.0 736.0 20.0 10.0
343.0 1416.0 20.0 10.0
802.0 1019.0 20.0 10.0
823.0 421.0 20.0 10.0
1016.0 911.0 20.0 10.0
512.0 1430.0 20.0 10.0
505.0 1385.0 20.0 10.0
497.0 1435.0 20.0 10.0
858.0 624.0 20.0 10.0
505.0 724.0 20.0 10.0
1021.0 934.0 20.0 10.0
1067.0 954.0 20.0 10.0
297.0 700.0 20.0 10.0
1363.0 94.0 20.0 10.0
1318.0 198.0 20.0 10.0
819.0 537.0 20.0 10.0
302.0 688.0 20.0 10.0
1527.0 300.0 20.0 10.0
1226.0 257.0 20.0 10.0
1193.0 277.0 20.0 10.0
849.0 312.0 20.0 10.0
869.0 610.0 20.0 10.0
1328.0 531.0 20.0 10.0
1404.0 45.0 20.0 10.0
503.0 1257.0 20.0 10.0
937.0 579.0 20.0 10.0
920.0 914.0 20.0 10.0
552.0 1064.0 20.0 10.0
709.0 753.0 20.0 10.0
878.0 598.0 20.0 10.0
463.0 1280.0 20.0 10.0
930.0 1129.0 20.0 10.0
489.0 1428.0 20.0 10.0
1002.0 970.0 20.0 10.0
466.0 1050.0 20.0 10.0
1309.0 318.0 20.0 10.0
678.0 741.0 20.0 10.0
304.0 1470.0 20.0 10.0
953.0 1059.0 20.0 10.0
984.0 559.0 20.0 10.0
1295.0 172.0 20.0 10.0
1468.0 295.0 20.0 10.0
350.0 1399.0 20.0 10.0
1199.0 330.0 20.0 10.0
461.0 1009.0 20.0 10.0
537.0 992.0 20.0 10.0
421.0 1078.0 20.0 10.0
890.0 1096.0 20.0 10.0
1364.0 144.0 20.0 10.0
1120.0 400.0 20.0 10.0
324.0 620.0 20.0 10.0
1286.0 520.0 20.0 10.0
1144.0 447.0 20.0 10.0
657.0 1221.0 20.0 10.0
273.0 758.0 20.0 10.0
442.0 1300.0 20.0 10.0
515.0 1414.0 20.0 10.0
332.0 565.0 20.0 10.0
746.0 308.0 20.0 10.0
531.0 958.0 20.0 10.0
658.0 1176.0 20.0 10.0
741.0 289.0 20.0 10.0
469.0 1434.0 20.0 10.0
482.0 1457.0 20.0 10.0
423.0 1268.0 20.0 10.0
646.0 1035.0 20.0 10.0
750.0 365.0 20.0 10.0
891.0 758.0 20.0 10.0
109.0 640.0 20.0 10.0
956.0 609.0 20.0 10.0
431.0 1039.0 20.0 10.0
463.0 1466.0 20.0 10.0
154.0 564.0 20.0 10.0
1002.0 1099.0 20.0 10.0
676.0 708.0 20.0 10.0
246.0 735.0 20.0 10.0
713.0 733.0 20.0 10.0
654.0 789.0 20.0 10.0
689.0 1067.0 20.0 10.0
651.0 1027.0 20.0 10.0
146.0 651.0 20.0 10.0
662.0 1232.0 20.0 10.0
347.0 759.0 20.0 10.0
379.0 714.0 20.0 10.0
1299.0 179.0 20.0 10.0
1372.0 347.0 20.0 10.0
652.0 744.0 20.0 10.0
1018.0 1066.0 20.0 10.0
334.0 611.0 20.0 10.0
415.0 706.0 20.0 10.0
212.0 724.0 20.0 10.0
666.0 1203.0 20.0 10.0
985.0 1040.0 20.0 10.0
554.0 753.0 20.0 10.0
516.0 1442.0 20.0 10.0
405.0 1311.0 20.0 10.0
457.0 1299.0 20.0 10.0
1044.0 596.0 20.0 10.0
860.0 604.0 20.0 10.0
787.0 547.0 20.0 10.0
312.0 542.0 20.0 10.0
129.0 756.0 20.0 10.0
425.0 684.0 20.0 10.0
960.0 1034.0 20.0 10.0
577.0 1124.0 20.0 10.0
279.0 819.0 20.0 10.0
636.0 789.0 20.0 10.0
1032.0 918.0 20.0 10.0
1263.0 531.0 20.0 10.0
685.0 1059.0 20.0 10.0
359.0 674.0 20.0 10.0
55.0 626.0 20.0 10.0
1005.0 1077.0 20.0 10.0
1399.0 343.0 20.0 10.0
678.0 1282.0 20.0 10.0
875.0 247.0 20.0 10.0
451.0 1087.0 20.0 10.0
884.0 1067.0 20.0 10.0
962.0 927.0 20.0 10.0
683.0 1069.0 20.0 10.0
980.0 1187.0 20.0 10.0
750.0 357.0 20.0 10.0
801.0 743.0 20.0 10.0
1357.0 306.0 20.0 10.0
1145.0 439.0 20.0 10.0
686.0 1216.0 20.0 10.0
1241.0 509.0 20.0 10.0
1352.0 533.0 20.0 10.0
391.0 1364.0 20.0 10.0
789.0 638.0 20.0 10.0
966.0 940.0 20.0 10.0
723.0 301.0 20.0 10.0
668.0 760.0 20.0 10.0
1261.0 115.0 20.0 10.0
591.0 1011.0 20.0 10.0
1360.0 293.0 20.0 10.0
557.0 1054.0 20.0 10.0
1495.0 297.0 20.0 10.0
1258.0 470.0 20.0 10.0
641.0 678.0 20.0 10.0
872.0 870.0 20.0 10.0
921.0 1163.0 20.0 10.0
831.0 1022.0 20.0 10.0
361.0 702.0 20.0 10.0
297.0 720.0 20.0 10.0
1146.0 427.0 20.0 10.0
851.0 912.0 20.0 10.0
1219.0 516.0 20.0 10.0
863.0 756.0 20.0 10.0
295.0 1492.0 20.0 10.0
1055.0 1104.0 20.0 10.0
545.0 1214.0 20.0 10.0
1371.0 73.0 20.0 10.0
29.0 621.0 20.0 10.0
1127.0 1003.0 20.0 10.0
779.0 405.0 20.0 10.0
332.0 671.0 20.0 10.0
1046.0 994.0 20.0 10.0
341.0 568.0 20.0 10.0
888.0 752.0 20.0 10.0
176.0 762.0 20.0 10.0
535.0 1086.0 20.0 10.0
674.0 1007.0 20.0 10.0
605.0 921.0 20.0 10.0
930.0 1190.0 20.0 10.0
658.0 808.0 20.0 10.0
825.0 280.0 20.0 10.0
510.0 1079.0 20.0 10.0
637.0 652.0 20.0 10.0
680.0 282.0 20.0 10.0
1023.0 1079.0 20.0 10.0
347.0 1422.0 20.0 10.0
1030.0 1119.0 20.0 10.0
887.0 606.0 20.0 10.0
310.0 664.0 20.0 10.0
458.0 1492.0 20.0 10.0
292.0 1481.0 20.0 10.0
841.0 190.0 20.0 10.0
940.0 1168.0 20.0 10.0
975.0 556.0 20.0 10.0
755.0 392.0 20.0 10.0
637.0 659.0 20.0 10.0
372.0 650.0 20.0 10.0
1267.0 228.0 20.0 10.0
1230.0 306.0 20.0 10.0
1016.0 600.0 20.0 10.0
549.0 760.0 20.0 10.0
1169.0 322.0 20.0 10.0
544.0 1001.0 20.0 10.0
1236.0 289.0 20.0 10.0
432.0 1282.0 20.0 10.0
291.0 709.0 20.0 10.0
225.0 834.0 20.0 10.0
330.0 1440.0 20.0 10.0
82.0 638.0 20.0 10.0
1301.0 148.0 20.0 10.0
1518.0 292.0 20.0 10.0
484.0 1057.0 20.0 10.0
944.0 918.0 20.0 10.0
641.0 815.0 20.0 10.0
1299.0 481.0 20.0 10.0
1410.0 81.0 20.0 10.0
1360.0 300.0 20.0 10.0
1307.0 144.0 20.0 10.0
822.0 513.0 20.0 10.0
176.0 813.0 20.0 10.0
1277.0 208.0 20.0 10.0
287.0 646.0 20.0 10.0
632.0 656.0 20.0 10.0
473.0 1399.0 20.0 10.0
721.0 265.0 20.0 10.0
447.0 1071.0 20.0 10.0
1051.0 544.0 20.0 10.0
331.0 617.0 20.0 10.0
1284.0 178.0 20.0 10.0
1164.0 393.0 20.0 10.0
853.0 760.0 20.0 10.0
462.0 1364.0 20.0 10.0
783.0 965.0 20.0 10.0
1238.0 174.0 20.0 10.0
520.0 733.0 20.0 10.0
470.0 1429.0 20.0 10.0
1317.0 300.0 20.0 10.0
295.0 600.0 20.0 10.0
646.0 682.0 20.0 10.0
1387.0 75.0 20.0 10.0
34.0 612.0 20.0 10.0
133.0 533.0 20.0 10.0
707.0 841.0 20.0 10.0
820.0 548.0 20.0 10.0
1489.0 279.0 20.0 10.0
1048.0 1137.0 20.0 10.0
323.0 543.0 20.0 10.0
645.0 726.0 20.0 10.0
1055.0 933.0 20.0 10.0
1023.0 578.0 20.0 10.0
737.0 254.0 20.0 10.0
891.0 767.0 20.0 10.0
457.0 1418.0 20.0 10.0
252.0 805.0 20.0 10.0
1098.0 970.0 20.0 10.0
1375.0 120.0 20.0 10.0
1186.0 261.0 20.0 10.0
454.0 1508.0 20.0 10.0
1317.0 321.0 20.0 10.0
864.0 280.0 20.0 10.0
978.0 579.0 20.0 10.0
264.0 691.0 20.0 10.0
633.0 639.0 20.0 10.0
507.0 1257.0 20.0 10.0
1070.0 539.0 20.0 10.0
568.0 957.0 20.0 10.0
651.0 1167.0 20.0 10.0
1282.0 460.0 20.0 10.0
929.0 1003.0 20.0 10.0
862.0 188.0 20.0 10.0
533.0 761.0 20.0 10.0
354.0 694.0 20.0 10.0
88.0 626.0 20.0 10.0
1339.0 266.0 20.0 10.0
834.0 226.0 20.0 10.0
744.0 332.0 20.0 10.0
1245.0 361.0 20.0 10.0
765.0 412.0 20.0 10.0
258.0 753.0 20.0 10.0
394.0 1081.0 20.0 10.0
909.0 956.0 20.0 10.0
659.0 1170.0 20.0 10.0
688.0 277.0 20.0 10.0
467.0 1457.0 20.0 10.0
410.0 664.0 20.0 10.0
76.0 728.0 20.0 10.0
1386.0 289.0 20.0 10.0
1293.0 475.0 20.0 10.0
673.0 1195.0 20.0 10.0
657.0 687.0 20.0 10.0
1258.0 108.0 20.0 10.0
882.0 574.0 20.0 10.0
648.0 840.0 20.0 10.0
817.0 806.0 20.0 10.0
998.0 537.0 20.0 10.0
494.0 1282.0 20.0 10.0
360.0 1399.0 20.0 10.0
276.0 808.0 20.0 10.0
345.0 751.0 20.0 10.0
949.0 1209.0 20.0 10.0
661.0 1199.0 20.0 10.0
532.0 1200.0 20.0 10.0
1079.0 1114.0 20.0 10.0
650.0 1248.0 20.0 10.0
843.0 660.0 20.0 10.0
625.0 937.0 20.0 10.0
490.0 1467.0 20.0 10.0
1024.0 972.0 20.0 10.0
1018.0 977.0 20.0 10.0
786.0 570.0 20.0 10.0
1201.0 211.0 20.0 10.0
670.0 1245.0 20.0 10.0
1046.0 1106.0 20.0 10.0
705.0 721.0 20.0 10.0
1297.0 489.0 20.0 10.0
620.0 817.0 20.0 10.0
685.0 1316.0 20.0 10.0
161.0 555.0 20.0 10.0
273.0 767.0 20.0 10.0
521.0 1363.0 20.0 10.0
219.0 723.0 20.0 10.0
712.0 267.0 20.0 10.0
64.0 631.0 20.0 10.0
500.0 1005.0 20.0 10.0
342.0 774.0 20.0 10.0
1057.0 1098.0 20.0 10.0
304.0 519.0 20.0 10.0
778.0 271.0 20.0 10.0
751.0 296.0 20.0 10.0
672.0 838.0 20.0 10.0
1228.0 515.0 20.0 10.0
74.0 759.0 20.0 10.0
732.0 226.0 20.0 10.0
665.0 943.0 20.0 10.0
1055.0 982.0 20.0 10.0
898.0 962.0 20.0 10.0
858.0 230.0 20.0 10.0
1445.0 207.0 20.0 10.0
1426.0 42.0 20.0 10.0
714.0 295.0 20.0 10.0
979.0 528.0 20.0 10.0
998.0 506.0 20.0 10.0
464.0 1375.0 20.0 10.0
843.0 965.0 20.0 10.0
880.0 265.0 20.0 10.0
611.0 959.0 20.0 10.0
943.0 911.0 20.0 10.0
626.0 643.0 20.0 10.0
193.0 824.0 20.0 10.0
430.0 1300.0 20.0 10.0
1511.0 269.0 20.0 10.0
1312.0 149.0 20.0 10.0
332.0 1409.0 20.0 10.0
514.0 762.0 20.0 10.0
826.0 775.0 20.0 10.0
1220.0 172.0 20.0 10.0
840.0 1014.0 20.0 10.0
665.0 1048.0 20.0 10.0
242.0 559.0 20.0 10.0
306.0 1465.0 20.0 10.0
726.0 796.0 20.0 10.0
1341.0 183.0 20.0 10.0
283.0 656.0 20.0 10.0
957.0 565.0 20.0 10.0
613.0 1258.0 20.0 10.0
899.0 1125.0 20.0 10.0
1355.0 378.0 20.0 10.0
464.0 1034.0 20.0 10.0
695.0 1207.0 20.0 10.0
446.0 686.0 20.0 10.0
884.0 743.0 20.0 10.0
806.0 895.0 20.0 10.0
818.0 981.0 20.0 10.0
782.0 540.0 20.0 10.0
644.0 1009.0 20.0 10.0
1081.0 930.0 20.0 10.0
479.0 1492.0 20.0 10.0
1206.0 276.0 20.0 10.0
1289.0 514.0 20.0 10.0
695.0 1092.0 20.0 10.0
652.0 1066.0 20.0 10.0
617.0 1226.0 20.0 10.0
475.0 1390.0 20.0 10.0
168.0 542.0 20.0 10.0
197.0 754.0 20.0 10.0
200.0 846.0 20.0 10.0
402.0 1100.0 20.0 10.0
180.0 826.0 20.0 10.0
771.0 351.0 20.0 10.0
381.0 1076.0 20.0 10.0
440.0 1389.0 20.0 10.0
1023.0 1120.0 20.0 10.0
975.0 541.0 20.0 10.0
382.0 647.0 20.0 10.0
897.0 1087.0 20.0 10.0
832.0 977.0 20.0 10.0
1480.0 277.0 20.0 10.0
235.0 691.0 20.0 10.0
625.0 745.0 20.0 10.0
1153.0 427.0 20.0 10.0
998.0 968.0 20.0 10.0
1251.0 292.0 20.0 10.0
276.0 792.0 20.0 10.0
254.0 681.0 20.0 10.0
1036.0 925.0 20.0 10.0
890.0 891.0 20.0 10.0
393.0 737.0 20.0 10.0
587.0 1022.0 20.0 10.0
182.0 721.0 20.0 10.0
750.0 271.0 20.0 10.0
1131.0 405.0 20.0 10.0
1219.0 251.0 20.0 10.0
1084.0 1011.0 20.0 10.0
778.0 451.0 20.0 10.0
366.0 1096.0 20.0 10.0
862.0 656.0 20.0 10.0
739.0 259.0 20.0 10.0
530.0 1182.0 20.0 10.0
577.0 1118.0 20.0 10.0
842.0 344.0 20.0 10.0
1348.0 275.0 20.0 10.0
783.0 324.0 20.0 10.0
1329.0 508.0 20.0 10.0
375.0 704.0 20.0 10.0
849.0 774.0 20.0 10.0
858.0 271.0 20.0 10.0
1458.0 298.0 20.0 10.0
867.0 241.0 20.0 10.0
501.0 1332.0 20.0 10.0
687.0 1094.0 20.0 10.0
483.0 1353.0 20.0 10.0
791.0 383.0 20.0 10.0
903.0 1119.0 20.0 10.0
520.0 1274.0 20.0 10.0
1260.0 269.0 20.0 10.0
665.0 1091.0 20.0 10.0
758.0 775.0 20.0 10.0
572.0 1141.0 20.0 10.0
1444.0 25.0 20.0 10.0
305.0 676.0 20.0 10.0
700.0 266.0 20.0 10.0
675.0 1319.0 20.0 10.0
1043.0 1080.0 20.0 10.0
1400.0 269.0 20.0 10.0
825.0 958.0 20.0 10.0
870.0 1001.0 20.0 10.0
475.0 1366.0 20.0 10.0
735.0 260.0 20.0 10.0
1187.0 325.0 20.0 10.0
886.0 1017.0 20.0 10.0
1135.0 468.0 20.0 10.0
1325.0 152.0 20.0 10.0
386.0 791.0 20.0 10.0
218.0 761.0 20.0 10.0
25.0 624.0 20.0 10.0
559.0 1106.0 20.0 10.0
949.0 1148.0 20.0 10.0
356.0 637.0 20.0 10.0
574.0 1033.0 20.0 10.0
1547.0 295.0 20.0 10.0
871.0 587.0 20.0 10.0
1291.0 349.0 20.0 10.0
230.0 539.0 20.0 10.0
1143.0 1007.0 20.0 10.0
817.0 1040.0 20.0 10.0
661.0 1243.0 20.0 10.0
695.0 724.0 20.0 10.0
431.0 661.0 20.0 10.0
445.0 1396.0 20.0 10.0
991.0 1211.0 20.0 10.0
535.0 743.0 20.0 10.0
797.0 453.0 20.0 10.0
267.0 704.0 20.0 10.0
502.0 1058.0 20.0 10.0
691.0 242.0 20.0 10.0
652.0 1092.0 20.0 10.0
358.0 802.0 20.0 10.0
238.0 588.0 20.0 10.0
1096.0 949.0 20.0 10.0
763.0 757.0 20.0 10.0
1288.0 156.0 20.0 10.0
498.0 1287.0 20.0 10.0
822.0 225.0 20.0 10.0
1363.0 339.0 20.0 10.0
1040.0 1143.0 20.0 10.0
1448.0 29.0 20.0 10.0
454.0 1452.0 20.0 10.0
1255.0 516.0 20.0 10.0
1553.0 299.0 20.0 10.0
1083.0 985.0 20.0 10.0
488.0 1193.0 20.0 10.0
977.0 1057.0 20.0 10.0
632.0 1261.0 20.0 10.0
215.0 735.0 20.0 10.0
1023.0 554.0 20.0 10.0
355.0 1418.0 20.0 10.0
620.0 960.0 20.0 10.0
289.0 593.0 20.0 10.0
739.0 301.0 20.0 10.0
806.0 752.0 20.0 10.0
541.0 1238.0 20.0 10.0
681.0 1268.0 20.0 10.0
386.0 1358.0 20.0 10.0
1284.0 510.0 20.0 10.0
1049.0 551.0 20.0 10.0
875.0 1027.0 20.0 10.0
1406.0 284.0 20.0 10.0
891.0 591.0 20.0 10.0
1114.0 1025.0 20.0 10.0
1166.0 430.0 20.0 10.0
867.0 620.0 20.0 10.0
514.0 1460.0 20.0 10.0
1330.0 132.0 20.0 10.0
541.0 1245.0 20.0 10.0
431.0 1419.0 20.0 10.0
629.0 736.0 20.0 10.0
1290.0 464.0 20.0 10.0
289.0 529.0 20.0 10.0
769.0 821.0 20.0 10.0
704.0 282.0 20.0 10.0
546.0 1268.0 20.0 10.0
529.0 976.0 20.0 10.0
