1000
133.0 75.0 20.0 10.0
113.0 52.0 20.0 10.0
113.0 172.0 20.0 10.0
88.0 98.0 20.0 10.0
110.0 89.0 20.0 10.0
84.0 90.0 20.0 10.0
104.0 141.0 20.0 10.0
93.0 66.0 20.0 10.0
108.0 112.0 20.0 10.0
126.0 55.0 20.0 10.0
100.0 132.0 20.0 10.0
154.0 159.0 20.0 10.0
105.0 64.0 20.0 10.0
98.0 128.0 20.0 10.0
156.0 124.0 20.0 10.0
160.0 99.0 20.0 10.0
94.0 172.0 20.0 10.0
142.0 145.0 20.0 10.0
142.0 126.0 20.0 10.0
110.0 130.0 20.0 10.0
167.0 93.0 20.0 10.0
135.0 75.0 20.0 10.0
102.0 80.0 20.0 10.0
105.0 105.0 20.0 10.0
145.0 175.0 20.0 10.0
108.0 104.0 20.0 10.0
180.0 134.0 20.0 10.0
111.0 65.0 20.0 10.0
157.0 81.0 20.0 10.0
139.0 93.0 20.0 10.0
102.0 77.0 20.0 10.0
127.0 81.0 20.0 10.0
145.0 90.0 20.0 10.0
105.0 115.0 20.0 10.0
185.0 119.0 20.0 10.0
122.0 68.0 20.0 10.0
51.0 162.0 20.0 10.0
158.0 142.0 20.0 10.0
123.0 129.0 20.0 10.0
154.0 116.0 20.0 10.0
105.0 134.0 20.0 10.0
137.0 168.0 20.0 10.0
111.0 104.0 20.0 10.0
134.0 154.0 20.0 10.0
112.0 110.0 20.0 10.0
142.0 158.0 20.0 10.0
127.0 108.0 20.0 10.0
149.0 102.0 20.0 10.0
119.0 122.0 20.0 10.0
130.0 156.0 20.0 10.0
117.0 134.0 20.0 10.0
96.0 88.0 20.0 10.0
75.0 124.0 20.0 10.0
127.0 113.0 20.0 10.0
109.0 86.0 20.0 10.0
121.0 147.0 20.0 10.0
71.0 104.0 20.0 10.0
103.0 110.0 20.0 10.0
64.0 110.0 20.0 10.0
132.0 92.0 20.0 10.0
97.0 158.0 20.0 10.0
114.0 58.0 20.0 10.0
138.0 58.0 20.0 10.0
91.0 131.0 20.0 10.0
119.0 76.0 20.0 10.0
104.0 146.0 20.0 10.0
134.0 129.0 20.0 10.0
137.0 90.0 20.0 10.0
94.0 87.0 20.0 10.0
103.0 53.0 20.0 10.0
114.0 131.0 20.0 10.0
126.0 116.0 20.0 10.0
150.0 97.0 20.0 10.0
72.0 100.0 20.0 10.0
63.0 108.0 20.0 10.0
137.0 130.0 20.0 10.0
134.0 146.0 20.0 10.0
157.0 105.0 20.0 10.0
141.0 131.0 20.0 10.0
141.0 98.0 20.0 10.0
121.0 137.0 20.0 10.0
130.0 117.0 20.0 10.0
175.0 109.0 20.0 10.0
131.0 58.0 20.0 10.0
135.0 112.0 20.0 10.0
127.0 119.0 20.0 10.0
134.0 136.0 20.0 10.0
112.0 125.0 20.0 10.0
123.0 83.0 20.0 10.0
141.0 88.0 20.0 10.0
114.0 129.0 20.0 10.0
110.0 121.0 20.0 10.0
149.0 76.0 20.0 10.0
119.0 90.0 20.0 10.0
158.0 107.0 20.0 10.0
109.0 54.0 20.0 10.0
131.0 137.0 20.0 10.0
126.0 70.0 20.0 10.0
128.0 173.0 20.0 10.0
138.0 61.0 20.0 10.0
97.0 48.0 20.0 10.0
93.0 72.0 20.0 10.0
120.0 116.0 20.0 10.0
134.0 167.0 20.0 10.0
89.0 104.0 20.0 10.0
120.0 139.0 20.0 10.0
144.0 75.0 20.0 10.0
163.0 134.0 20.0 10.0
123.0 87.0 20.0 10.0
149.0 115.0 20.0 10.0
135.0 173.0 20.0 10.0
96.0 106.0 20.0 10.0
112.0 87.0 20.0 10.0
133.0 40.0 20.0 10.0
110.0 106.0 20.0 10.0
162.0 78.0 20.0 10.0
158.0 181.0 20.0 10.0
48.0 133.0 20.0 10.0
144.0 148.0 20.0 10.0
101.0 118.0 20.0 10.0
139.0 86.0 20.0 10.0
83.0 106.0 20.0 10.0
125.0 105.0 20.0 10.0
101.0 127.0 20.0 10.0
161.0 116.0 20.0 10.0
71.0 133.0 20.0 10.0
142.0 60.0 20.0 10.0
120.0 98.0 20.0 10.0
155.0 56.0 20.0 10.0
92.0 137.0 20.0 10.0
143.0 118.0 20.0 10.0
81.0 114.0 20.0 10.0
79.0 113.0 20.0 10.0
150.0 120.0 20.0 10.0
74.0 144.0 20.0 10.0
54.0 102.0 20.0 10.0
129.0 101.0 20.0 10.0
133.0 141.0 20.0 10.0
144.0 163.0 20.0 10.0
115.0 122.0 20.0 10.0
71.0 90.0 20.0 10.0
95.0 152.0 20.0 10.0
75.0 133.0 20.0 10.0
109.0 135.0 20.0 10.0
141.0 113.0 20.0 10.0
111.0 118.0 20.0 10.0
132.0 94.0 20.0 10.0
101.0 135.0 20.0 10.0
132.0 100.0 20.0 10.0
67.0 121.0 20.0 10.0
120.0 137.0 20.0 10.0
61.0 115.0 20.0 10.0
104.0 179.0 20.0 10.0
130.0 144.0 20.0 10.0
138.0 71.0 20.0 10.0
141.0 123.0 20.0 10.0
109.0 115.0 20.0 10.0
138.0 101.0 20.0 10.0
110.0 118.0 20.0 10.0
93.0 92.0 20.0 10.0
87.0 131.0 20.0 10.0
132.0 95.0 20.0 10.0
110.0 81.0 20.0 10.0
129.0 78.0 20.0 10.0
133.0 150.0 20.0 10.0
138.0 139.0 20.0 10.0
151.0 92.0 20.0 10.0
150.0 105.0 20.0 10.0
91.0 112.0 20.0 10.0
151.0 101.0 20.0 10.0
107.0 90.0 20.0 10.0
142.0 108.0 20.0 10.0
93.0 116.0 20.0 10.0
121.0 174.0 20.0 10.0
137.0 143.0 20.0 10.0
101.0 94.0 20.0 10.0
126.0 90.0 20.0 10.0
134.0 116.0 20.0 10.0
118.0 127.0 20.0 10.0
105.0 119.0 20.0 10.0
155.0 87.0 20.0 10.0
105.0 107.0 20.0 10.0
153.0 121.0 20.0 10.0
126.0 93.0 20.0 10.0
66.0 110.0 20.0 10.0
159.0 52.0 20.0 10.0
79.0 132.0 20.0 10.0
176.0 141.0 20.0 10.0
99.0 98.0 20.0 10.0
117.0 147.0 20.0 10.0
157.0 117.0 20.0 10.0
99.0 172.0 20.0 10.0
124.0 76.0 20.0 10.0
166.0 113.0 20.0 10.0
136.0 114.0 20.0 10.0
132.0 143.0 20.0 10.0
122.0 143.0 20.0 10.0
67.0 91.0 20.0 10.0
117.0 150.0 20.0 10.0
124.0 131.0 20.0 10.0
108.0 99.0 20.0 10.0
112.0 113.0 20.0 10.0
117.0 120.0 20.0 10.0
172.0 120.0 20.0 10.0
142.0 65.0 20.0 10.0
147.0 140.0 20.0 10.0
105.0 130.0 20.0 10.0
161.0 94.0 20.0 10.0
93.0 125.0 20.0 10.0
96.0 138.0 20.0 10.0
108.0 50.0 20.0 10.0
147.0 98.0 20.0 10.0
66.0 140.0 20.0 10.0
120.0 80.0 20.0 10.0
155.0 107.0 20.0 10.0
121.0 126.0 20.0 10.0
86.0 81.0 20.0 10.0
148.0 113.0 20.0 10.0
140.0 33.0 20.0 10.0
146.0 96.0 20.0 10.0
112.0 107.0 20.0 10.0
89.0 125.0 20.0 10.0
144.0 88.0 20.0 10.0
117.0 118.0 20.0 10.0
124.0 127.0 20.0 10.0
139.0 124.0 20.0 10.0
130.0 154.0 20.0 10.0
136.0 120.0 20.0 10.0
117.0 109.0 20.0 10.0
125.0 122.0 20.0 10.0
57.0 149.0 20.0 10.0
123.0 117.0 20.0 10.0
67.0 153.0 20.0 10.0
124.0 100.0 20.0 10.0
72.0 128.0 20.0 10.0
84.0 87.0 20.0 10.0
136.0 141.0 20.0 10.0
109.0 168.0 20.0 10.0
141.0 105.0 20.0 10.0
127.0 125.0 20.0 10.0
171.0 118.0 20.0 10.0
141.0 150.0 20.0 10.0
170.0 180.0 20.0 10.0
138.0 120.0 20.0 10.0
109.0 124.0 20.0 10.0
135.0 70.0 20.0 10.0
78.0 80.0 20.0 10.0
139.0 95.0 20.0 10.0
90.0 135.0 20.0 10.0
118.0 65.0 20.0 10.0
92.0 118.0 20.0 10.0
102.0 167.0 20.0 10.0
124.0 136.0 20.0 10.0
153.0 143.0 20.0 10.0
133.0 80.0 20.0 10.0
114.0 118.0 20.0 10.0
101.0 164.0 20.0 10.0
106.0 118.0 20.0 10.0
144.0 131.0 20.0 10.0
155.0 96.0 20.0 10.0
140.0 96.0 20.0 10.0
179.0 100.0 20.0 10.0
97.0 81.0 20.0 10.0
148.0 90.0 20.0 10.0
96.0 146.0 20.0 10.0
100.0 83.0 20.0 10.0
76.0 106.0 20.0 10.0
80.0 83.0 20.0 10.0
123.0 134.0 20.0 10.0
156.0 143.0 20.0 10.0
123.0 97.0 20.0 10.0
111.0 142.0 20.0 10.0
125.0 94.0 20.0 10.0
52.0 103.0 20.0 10.0
87.0 104.0 20.0 10.0
134.0 156.0 20.0 10.0
108.0 69.0 20.0 10.0
107.0 116.0 20.0 10.0
77.0 52.0 20.0 10.0
148.0 151.0 20.0 10.0
83.0 140.0 20.0 10.0
134.0 119.0 20.0 10.0
126.0 149.0 20.0 10.0
118.0 112.0 20.0 10.0
66.0 159.0 20.0 10.0
102.0 92.0 20.0 10.0
137.0 107.0 20.0 10.0
115.0 94.0 20.0 10.0
133.0 163.0 20.0 10.0
82.0 99.0 20.0 10.0
118.0 152.0 20.0 10.0
80.0 61.0 20.0 10.0
151.0 107.0 20.0 10.0
103.0 87.0 20.0 10.0
115.0 141.0 20.0 10.0
163.0 124.0 20.0 10.0
93.0 112.0 20.0 10.0
77.0 108.0 20.0 10.0
68.0 88.0 20.0 10.0
153.0 87.0 20.0 10.0
112.0 103.0 20.0 10.0
98.0 94.0 20.0 10.0
65.0 90.0 20.0 10.0
96.0 141.0 20.0 10.0
89.0 181.0 20.0 10.0
188.0 124.0 20.0 10.0
85.0 65.0 20.0 10.0
148.0 61.0 20.0 10.0
83.0 135.0 20.0 10.0
135.0 128.0 20.0 10.0
154.0 75.0 20.0 10.0
142.0 55.0 20.0 10.0
72.0 153.0 20.0 10.0
117.0 115.0 20.0 10.0
105.0 86.0 20.0 10.0
112.0 85.0 20.0 10.0
102.0 157.0 20.0 10.0
69.0 139.0 20.0 10.0
167.0 160.0 20.0 10.0
111.0 141.0 20.0 10.0
131.0 114.0 20.0 10.0
103.0 120.0 20.0 10.0
133.0 118.0 20.0 10.0
127.0 120.0 20.0 10.0
80.0 123.0 20.0 10.0
138.0 157.0 20.0 10.0
108.0 107.0 20.0 10.0
77.0 154.0 20.0 10.0
163.0 140.0 20.0 10.0
100.0 143.0 20.0 10.0
142.0 164.0 20.0 10.0
103.0 48.0 20.0 10.0
78.0 105.0 20.0 10.0
112.0 152.0 20.0 10.0
146.0 157.0 20.0 10.0
189.0 120.0 20.0 10.0
147.0 94.0 20.0 10.0
99.0 151.0 20.0 10.0
140.0 120.0 20.0 10.0
124.0 178.0 20.0 10.0
129.0 178.0 20.0 10.0
105.0 123.0 20.0 10.0
106.0 111.0 20.0 10.0
123.0 121.0 20.0 10.0
181.0 118.0 20.0 10.0
117.0 172.0 20.0 10.0
183.0 137.0 20.0 10.0
95.0 92.0 20.0 10.0
170.0 143.0 20.0 10.0
122.0 124.0 20.0 10.0
104.0 66.0 20.0 10.0
92.0 108.0 20.0 10.0
76.0 92.0 20.0 10.0
89.0 92.0 20.0 10.0
144.0 124.0 20.0 10.0
104.0 113.0 20.0 10.0
119.0 87.0 20.0 10.0
112.0 124.0 20.0 10.0
137.0 102.0 20.0 10.0
116.0 90.0 20.0 10.0
123.0 158.0 20.0 10.0
146.0 68.0 20.0 10.0
58.0 92.0 20.0 10.0
90.0 159.0 20.0 10.0
168.0 102.0 20.0 10.0
108.0 84.0 20.0 10.0
85.0 94.0 20.0 10.0
142.0 67.0 20.0 10.0
156.0 150.0 20.0 10.0
109.0 63.0 20.0 10.0
82.0 119.0 20.0 10.0
123.0 133.0 20.0 10.0
127.0 133.0 20.0 10.0
107.0 96.0 20.0 10.0
121.0 101.0 20.0 10.0
144.0 146.0 20.0 10.0
133.0 108.0 20.0 10.0
117.0 88.0 20.0 10.0
127.0 78.0 20.0 10.0
119.0 158.0 20.0 10.0
55.0 140.0 20.0 10.0
70.0 126.0 20.0 10.0
138.0 156.0 20.0 10.0
155.0 142.0 20.0 10.0
175.0 122.0 20.0 10.0
108.0 135.0 20.0 10.0
169.0 125.0 20.0 10.0
97.0 122.0 20.0 10.0
154.0 138.0 20.0 10.0
130.0 124.0 20.0 10.0
132.0 123.0 20.0 10.0
137.0 91.0 20.0 10.0
212.0 76.0 20.0 10.0
149.0 134.0 20.0 10.0
158.0 128.0 20.0 10.0
98.0 88.0 20.0 10.0
103.0 116.0 20.0 10.0
178.0 114.0 20.0 10.0
88.0 87.0 20.0 10.0
147.0 137.0 20.0 10.0
98.0 163.0 20.0 10.0
126.0 62.0 20.0 10.0
99.0 110.0 20.0 10.0
106.0 145.0 20.0 10.0
106.0 138.0 20.0 10.0
98.0 115.0 20.0 10.0
114.0 87.0 20.0 10.0
82.0 93.0 20.0 10.0
78.0 116.0 20.0 10.0
162.0 124.0 20.0 10.0
149.0 100.0 20.0 10.0
87.0 71.0 20.0 10.0
136.0 122.0 20.0 10.0
152.0 115.0 20.0 10.0
165.0 115.0 20.0 10.0
68.0 146.0 20.0 10.0
79.0 125.0 20.0 10.0
89.0 142.0 20.0 10.0
128.0 164.0 20.0 10.0
119.0 105.0 20.0 10.0
168.0 146.0 20.0 10.0
188.0 89.0 20.0 10.0
72.0 78.0 20.0 10.0
136.0 87.0 20.0 10.0
133.0 138.0 20.0 10.0
179.0 151.0 20.0 10.0
98.0 135.0 20.0 10.0
125.0 126.0 20.0 10.0
163.0 65.0 20.0 10.0
102.0 138.0 20.0 10.0
74.0 146.0 20.0 10.0
67.0 103.0 20.0 10.0
127.0 121.0 20.0 10.0
82.0 154.0 20.0 10.0
128.0 137.0 20.0 10.0
150.0 109.0 20.0 10.0
98.0 103.0 20.0 10.0
122.0 141.0 20.0 10.0
134.0 73.0 20.0 10.0
113.0 69.0 20.0 10.0
63.0 121.0 20.0 10.0
159.0 132.0 20.0 10.0
97.0 116.0 20.0 10.0
145.0 87.0 20.0 10.0
117.0 99.0 20.0 10.0
99.0 155.0 20.0 10.0
125.0 143.0 20.0 10.0
90.0 128.0 20.0 10.0
119.0 108.0 20.0 10.0
146.0 143.0 20.0 10.0
129.0 136.0 20.0 10.0
159.0 100.0 20.0 10.0
152.0 97.0 20.0 10.0
122.0 110.0 20.0 10.0
140.0 141.0 20.0 10.0
91.0 99.0 20.0 10.0
155.0 188.0 20.0 10.0
89.0 94.0 20.0 10.0
121.0 83.0 20.0 10.0
155.0 166.0 20.0 10.0
98.0 161.0 20.0 10.0
56.0 76.0 20.0 10.0
78.0 76.0 20.0 10.0
112.0 112.0 20.0 10.0
160.0 95.0 20.0 10.0
105.0 149.0 20.0 10.0
123.0 149.0 20.0 10.0
93.0 83.0 20.0 10.0
116.0 81.0 20.0 10.0
76.0 192.0 20.0 10.0
141.0 116.0 20.0 10.0
82.0 146.0 20.0 10.0
95.0 96.0 20.0 10.0
159.0 127.0 20.0 10.0
147.0 84.0 20.0 10.0
87.0 114.0 20.0 10.0
118.0 92.0 20.0 10.0
88.0 117.0 20.0 10.0
180.0 83.0 20.0 10.0
96.0 93.0 20.0 10.0
105.0 165.0 20.0 10.0
76.0 140.0 20.0 10.0
136.0 139.0 20.0 10.0
166.0 58.0 20.0 10.0
85.0 125.0 20.0 10.0
169.0 119.0 20.0 10.0
106.0 144.0 20.0 10.0
104.0 96.0 20.0 10.0
136.0 93.0 20.0 10.0
115.0 104.0 20.0 10.0
145.0 82.0 20.0 10.0
115.0 125.0 20.0 10.0
162.0 99.0 20.0 10.0
82.0 144.0 20.0 10.0
100.0 120.0 20.0 10.0
121.0 127.0 20.0 10.0
71.0 74.0 20.0 10.0
152.0 136.0 20.0 10.0
145.0 108.0 20.0 10.0
108.0 92.0 20.0 10.0
89.0 108.0 20.0 10.0
144.0 135.0 20.0 10.0
59.0 128.0 20.0 10.0
152.0 128.0 20.0 10.0
81.0 137.0 20.0 10.0
138.0 126.0 20.0 10.0
113.0 80.0 20.0 10.0
98.0 142.0 20.0 10.0
119.0 116.0 20.0 10.0
88.0 134.0 20.0 10.0
118.0 155.0 20.0 10.0
109.0 95.0 20.0 10.0
114.0 98.0 20.0 10.0
138.0 112.0 20.0 10.0
140.0 129.0 20.0 10.0
104.0 97.0 20.0 10.0
77.0 85.0 20.0 10.0
96.0 110.0 20.0 10.0
140.0 101.0 20.0 10.0
90.0 172.0 20.0 10.0
157.0 89.0 20.0 10.0
128.0 153.0 20.0 10.0
195.0 97.0 20.0 10.0
114.0 149.0 20.0 10.0
86.0 102.0 20.0 10.0
104.0 77.0 20.0 10.0
85.0 144.0 20.0 10.0
142.0 80.0 20.0 10.0
100.0 115.0 20.0 10.0
162.0 85.0 20.0 10.0
149.0 177.0 20.0 10.0
146.0 122.0 20.0 10.0
63.0 112.0 20.0 10.0
144.0 113.0 20.0 10.0
108.0 79.0 20.0 10.0
161.0 70.0 20.0 10.0
159.0 103.0 20.0 10.0
215.0 65.0 20.0 10.0
127.0 91.0 20.0 10.0
69.0 62.0 20.0 10.0
100.0 67.0 20.0 10.0
168.0 130.0 20.0 10.0
107.0 102.0 20.0 10.0
196.0 93.0 20.0 10.0
99.0 76.0 20.0 10.0
137.0 133.0 20.0 10.0
161.0 72.0 20.0 10.0
106.0 157.0 20.0 10.0
131.0 131.0 20.0 10.0
85.0 96.0 20.0 10.0
86.0 73.0 20.0 10.0
92.0 156.0 20.0 10.0
131.0 121.0 20.0 10.0
96.0 97.0 20.0 10.0
120.0 111.0 20.0 10.0
134.0 103.0 20.0 10.0
48.0 119.0 20.0 10.0
85.0 128.0 20.0 10.0
129.0 127.0 20.0 10.0
101.0 105.0 20.0 10.0
129.0 162.0 20.0 10.0
125.0 88.0 20.0 10.0
96.0 161.0 20.0 10.0
165.0 93.0 20.0 10.0
99.0 78.0 20.0 10.0
80.0 106.0 20.0 10.0
117.0 127.0 20.0 10.0
82.0 100.0 20.0 10.0
89.0 88.0 20.0 10.0
83.0 129.0 20.0 10.0
135.0 126.0 20.0 10.0
140.0 152.0 20.0 10.0
95.0 120.0 20.0 10.0
91.0 146.0 20.0 10.0
85.0 98.0 20.0 10.0
145.0 78.0 20.0 10.0
114.0 92.0 20.0 10.0
134.0 127.0 20.0 10.0
108.0 145.0 20.0 10.0
98.0 138.0 20.0 10.0
128.0 145.0 20.0 10.0
131.0 107.0 20.0 10.0
126.0 39.0 20.0 10.0
46.0 123.0 20.0 10.0
159.0 117.0 20.0 10.0
121.0 118.0 20.0 10.0
109.0 161.0 20.0 10.0
118.0 105.0 20.0 10.0
97.0 118.0 20.0 10.0
147.0 132.0 20.0 10.0
116.0 108.0 20.0 10.0
76.0 167.0 20.0 10.0
93.0 101.0 20.0 10.0
183.0 126.0 20.0 10.0
85.0 172.0 20.0 10.0
94.0 114.0 20.0 10.0
125.0 151.0 20.0 10.0
96.0 103.0 20.0 10.0
134.0 114.0 20.0 10.0
92.0 144.0 20.0 10.0
92.0 132.0 20.0 10.0
102.0 122.0 20.0 10.0
106.0 84.0 20.0 10.0
170.0 90.0 20.0 10.0
120.0 150.0 20.0 10.0
116.0 76.0 20.0 10.0
131.0 65.0 20.0 10.0
135.0 165.0 20.0 10.0
96.0 200.0 20.0 10.0
96.0 140.0 20.0 10.0
157.0 131.0 20.0 10.0
149.0 122.0 20.0 10.0
186.0 143.0 20.0 10.0
113.0 160.0 20.0 10.0
115.0 114.0 20.0 10.0
86.0 106.0 20.0 10.0
130.0 146.0 20.0 10.0
111.0 98.0 20.0 10.0
148.0 108.0 20.0 10.0
89.0 82.0 20.0 10.0
108.0 66.0 20.0 10.0
96.0 108.0 20.0 10.0
100.0 125.0 20.0 10.0
176.0 92.0 20.0 10.0
138.0 104.0 20.0 10.0
128.0 107.0 20.0 10.0
86.0 136.0 20.0 10.0
117.0 121.0 20.0 10.0
112.0 74.0 20.0 10.0
97.0 85.0 20.0 10.0
114.0 144.0 20.0 10.0
71.0 144.0 20.0 10.0
143.0 95.0 20.0 10.0
110.0 139.0 20.0 10.0
99.0 109.0 20.0 10.0
105.0 60.0 20.0 10.0
161.0 108.0 20.0 10.0
117.0 129.0 20.0 10.0
130.0 93.0 20.0 10.0
130.0 96.0 20.0 10.0
113.0 106.0 20.0 10.0
148.0 100.0 20.0 10.0
95.0 110.0 20.0 10.0
87.0 73.0 20.0 10.0
143.0 120.0 20.0 10.0
146.0 82.0 20.0 10.0
73.0 107.0 20.0 10.0
90.0 101.0 20.0 10.0
121.0 93.0 20.0 10.0
71.0 119.0 20.0 10.0
178.0 147.0 20.0 10.0
80.0 121.0 20.0 10.0
143.0 112.0 20.0 10.0
147.0 110.0 20.0 10.0
170.0 137.0 20.0 10.0
148.0 125.0 20.0 10.0
114.0 127.0 20.0 10.0
111.0 160.0 20.0 10.0
173.0 105.0 20.0 10.0
142.0 129.0 20.0 10.0
122.0 71.0 20.0 10.0
128.0 140.0 20.0 10.0
132.0 134.0 20.0 10.0
131.0 106.0 20.0 10.0
135.0 153.0 20.0 10.0
137.0 81.0 20.0 10.0
85.0 112.0 20.0 10.0
110.0 132.0 20.0 10.0
112.0 138.0 20.0 10.0
127.0 155.0 20.0 10.0
94.0 119.0 20.0 10.0
129.0 91.0 20.0 10.0
146.0 87.0 20.0 10.0
136.0 83.0 20.0 10.0
125.0 102.0 20.0 10.0
107.0 124.0 20.0 10.0
82.0 79.0 20.0 10.0
125.0 112.0 20.0 10.0
166.0 135.0 20.0 10.0
69.0 119.0 20.0 10.0
107.0 87.0 20.0 10.0
121.0 82.0 20.0 10.0
141.0 118.0 20.0 10.0
124.0 65.0 20.0 10.0
124.0 156.0 20.0 10.0
58.0 83.0 20.0 10.0
115.0 162.0 20.0 10.0
76.0 89.0 20.0 10.0
119.0 141.0 20.0 10.0
116.0 155.0 20.0 10.0
124.0 174.0 20.0 10.0
143.0 105.0 20.0 10.0
61.0 74.0 20.0 10.0
62.0 94.0 20.0 10.0
163.0 151.0 20.0 10.0
71.0 147.0 20.0 10.0
100.0 150.0 20.0 10.0
81.0 95.0 20.0 10.0
70.0 115.0 20.0 10.0
51.0 90.0 20.0 10.0
178.0 128.0 20.0 10.0
185.0 110.0 20.0 10.0
85.0 115.0 20.0 10.0
112.0 145.0 20.0 10.0
157.0 65.0 20.0 10.0
72.0 130.0 20.0 10.0
104.0 127.0 20.0 10.0
124.0 110.0 20.0 10.0
79.0 119.0 20.0 10.0
74.0 114.0 20.0 10.0
118.0 73.0 20.0 10.0
32.0 145.0 20.0 10.0
121.0 88.0 20.0 10.0
114.0 77.0 20.0 10.0
80.0 116.0 20.0 10.0
93.0 68.0 20.0 10.0
136.0 103.0 20.0 10.0
123.0 114.0 20.0 10.0
101.0 99.0 20.0 10.0
139.0 117.0 20.0 10.0
116.0 51.0 20.0 10.0
55.0 69.0 20.0 10.0
117.0 94.0 20.0 10.0
137.0 183.0 20.0 10.0
126.0 114.0 20.0 10.0
86.0 140.0 20.0 10.0
125.0 82.0 20.0 10.0
136.0 134.0 20.0 10.0
80.0 140.0 20.0 10.0
78.0 138.0 20.0 10.0
79.0 128.0 20.0 10.0
126.0 83.0 20.0 10.0
93.0 149.0 20.0 10.0
68.0 142.0 20.0 10.0
95.0 69.0 20.0 10.0
110.0 182.0 20.0 10.0
147.0 145.0 20.0 10.0
139.0 163.0 20.0 10.0
130.0 98.0 20.0 10.0
102.0 126.0 20.0 10.0
73.0 88.0 20.0 10.0
126.0 101.0 20.0 10.0
129.0 106.0 20.0 10.0
112.0 137.0 20.0 10.0
77.0 69.0 20.0 10.0
139.0 171.0 20.0 10.0
120.0 144.0 20.0 10.0
182.0 86.0 20.0 10.0
201.0 155.0 20.0 10.0
92.0 124.0 20.0 10.0
110.0 108.0 20.0 10.0
110.0 101.0 20.0 10.0
132.0 88.0 20.0 10.0
102.0 143.0 20.0 10.0
104.0 101.0 20.0 10.0
175.0 82.0 20.0 10.0
133.0 110.0 20.0 10.0
91.0 81.0 20.0 10.0
155.0 164.0 20.0 10.0
150.0 153.0 20.0 10.0
132.0 114.0 20.0 10.0
101.0 71.0 20.0 10.0
113.0 116.0 20.0 10.0
157.0 75.0 20.0 10.0
165.0 91.0 20.0 10.0
142.0 157.0 20.0 10.0
100.0 130.0 20.0 10.0
104.0 82.0 20.0 10.0
148.0 94.0 20.0 10.0
155.0 80.0 20.0 10.0
136.0 92.0 20.0 10.0
102.0 90.0 20.0 10.0
158.0 82.0 20.0 10.0
123.0 138.0 20.0 10.0
58.0 128.0 20.0 10.0
106.0 125.0 20.0 10.0
124.0 146.0 20.0 10.0
121.0 103.0 20.0 10.0
96.0 125.0 20.0 10.0
91.0 64.0 20.0 10.0
91.0 124.0 20.0 10.0
152.0 146.0 20.0 10.0
177.0 78.0 20.0 10.0
160.0 129.0 20.0 10.0
147.0 112.0 20.0 10.0
80.0 109.0 20.0 10.0
158.0 156.0 20.0 10.0
152.0 108.0 20.0 10.0
117.0 62.0 20.0 10.0
119.0 101.0 20.0 10.0
111.0 131.0 20.0 10.0
174.0 125.0 20.0 10.0
132.0 83.0 20.0 10.0
122.0 90.0 20.0 10.0
102.0 111.0 20.0 10.0
150.0 131.0 20.0 10.0
61.0 87.0 20.0 10.0
98.0 147.0 20.0 10.0
110.0 136.0 20.0 10.0
105.0 169.0 20.0 10.0
108.0 151.0 20.0 10.0
153.0 170.0 20.0 10.0
158.0 135.0 20.0 10.0
170.0 130.0 20.0 10.0
158.0 113.0 20.0 10.0
128.0 109.0 20.0 10.0
154.0 111.0 20.0 10.0
94.0 128.0 20.0 10.0
66.0 76.0 20.0 10.0
158.0 146.0 20.0 10.0
118.0 135.0 20.0 10.0
66.0 81.0 20.0 10.0
115.0 97.0 20.0 10.0
99.0 139.0 20.0 10.0
161.0 168.0 20.0 10.0
119.0 82.0 20.0 10.0
89.0 141.0 20.0 10.0
57.0 125.0 20.0 10.0
51.0 87.0 20.0 10.0
118.0 130.0 20.0 10.0
103.0 101.0 20.0 10.0
159.0 149.0 20.0 10.0
162.0 107.0 20.0 10.0
131.0 87.0 20.0 10.0
127.0 146.0 20.0 10.0
135.0 132.0 20.0 10.0
136.0 110.0 20.0 10.0
99.0 178.0 20.0 10.0
106.0 94.0 20.0 10.0
59.0 153.0 20.0 10.0
99.0 136.0 20.0 10.0
159.0 97.0 20.0 10.0
177.0 104.0 20.0 10.0
123.0 93.0 20.0 10.0
80.0 74.0 20.0 10.0
154.0 103.0 20.0 10.0
126.0 50.0 20.0 10.0
149.0 142.0 20.0 10.0
141.0 83.0 20.0 10.0
158.0 126.0 20.0 10.0
114.0 164.0 20.0 10.0
199.0 103.0 20.0 10.0
97.0 97.0 20.0 10.0
156.0 113.0 20.0 10.0
92.0 164.0 20.0 10.0
130.0 83.0 20.0 10.0
131.0 118.0 20.0 10.0
153.0 84.0 20.0 10.0
111.0 94.0 20.0 10.0
92.0 103.0 20.0 10.0
115.0 103.0 20.0 10.0
56.0 155.0 20.0 10.0
84.0 109.0 20.0 10.0
86.0 148.0 20.0 10.0
126.0 73.0 20.0 10.0
85.0 160.0 20.0 10.0
64.0 144.0 20.0 10.0
131.0 150.0 20.0 10.0
140.0 110.0 20.0 10.0
129.0 157.0 20.0 10.0
88.0 154.0 20.0 10.0
123.0 104.0 20.0 10.0
42.0 124.0 20.0 10.0
123.0 125.0 20.0 10.0
96.0 122.0 20.0 10.0
117.0 143.0 20.0 10.0
165.0 105.0 20.0 10.0
164.0 134.0 20.0 10.0
129.0 130.0 20.0 10.0
159.0 160.0 20.0 10.0
130.0 129.0 20.0 10.0
162.0 119.0 20.0 10.0
95.0 125.0 20.0 10.0
141.0 138.0 20.0 10.0
91.0 85.0 20.0 10.0
159.0 123.0 20.0 10.0
155.0 73.0 20.0 10.0
91.0 120.0 20.0 10.0
154.0 129.0 20.0 10.0
70.0 106.0 20.0 10.0
91.0 149.0 20.0 10.0
91.0 94.0 20.0 10.0
108.0 139.0 20.0 10.0
120.0 129.0 20.0 10.0
114.0 96.0 20.0 10.0
136.0 88.0 20.0 10.0
145.0 152.0 20.0 10.0
145.0 136.0 20.0 10.0
96.0 113.0 20.0 10.0
152.0 125.0 20.0 10.0
80.0 100.0 20.0 10.0
121.0 107.0 20.0 10.0
78.0 130.0 20.0 10.0
174.0 71.0 20.0 10.0
106.0 160.0 20.0 10.0
150.0 110.0 20.0 10.0
146.0 75.0 20.0 10.0
109.0 122.0 20.0 10.0
93.0 130.0 20.0 10.0
141.0 134.0 20.0 10.0
77.0 119.0 20.0 10.0
166.0 118.0 20.0 10.0
151.0 140.0 20.0 10.0
101.0 102.0 20.0 10.0
121.0 114.0 20.0 10.0
92.0 59.0 20.0 10.0
151.0 81.0 20.0 10.0
102.0 71.0 20.0 10.0
139.0 136.0 20.0 10.0
108.0 142.0 20.0 10.0
62.0 98.0 20.0 10.0
114.0 103.0 20.0 10.0
123.0 95.0 20.0 10.0
142.0 102.0 20.0 10.0
57.0 105.0 20.0 10.0
133.0 98.0 20.0 10.0
181.0 161.0 20.0 10.0
136.0 55.0 20.0 10.0
126.0 67.0 20.0 10.0
139.0 65.0 20.0 10.0
113.0 157.0 20.0 10.0
201.0 112.0 20.0 10.0
106.0 110.0 20.0 10.0
115.0 140.0 20.0 10.0
25.0 48.0 20.0 10.0
112.0 64.0 20.0 10.0
149.0 106.0 20.0 10.0
136.0 116.0 20.0 10.0
90.0 169.0 20.0 10.0
54.0 95.0 20.0 10.0
110.0 148.0 20.0 10.0
126.0 98.0 20.0 10.0
90.0 106.0 20.0 10.0
153.0 59.0 20.0 10.0
107.0 122.0 20.0 10.0
121.0 64.0 20.0 10.0
92.0 154.0 20.0 10.0
83.0 25.0 20.0 10.0
84.0 103.0 20.0 10.0
75.0 119.0 20.0 10.0
80.0 87.0 20.0 10.0
116.0 86.0 20.0 10.0
104.0 134.0 20.0 10.0
179.0 96.0 20.0 10.0
123.0 167.0 20.0 10.0
160.0 139.0 20.0 10.0
112.0 76.0 20.0 10.0
171.0 115.0 20.0 10.0
105.0 128.0 20.0 10.0
91.0 77.0 20.0 10.0
153.0 117.0 20.0 10.0
105.0 99.0 20.0 10.0
174.0 131.0 20.0 10.0
130.0 103.0 20.0 10.0
52.0 116.0 20.0 10.0
114.0 132.0 20.0 10.0
129.0 113.0 20.0 10.0
116.0 130.0 20.0 10.0
154.0 124.0 20.0 10.0
142.0 91.0 20.0 10.0
126.0 58.0 20.0 10.0
66.0 146.0 20.0 10.0
133.0 122.0 20.0 10.0
76.0 111.0 20.0 10.0
158.0 104.0 20.0 10.0
114.0 145.0 20.0 10.0
182.0 146.0 20.0 10.0
111.0 174.0 20.0 10.0
149.0 117.0 20.0 10.0
36.0 117.0 20.0 10.0
86.0 117.0 20.0 10.0
167.0 84.0 20.0 10.0
91.0 141.0 20.0 10.0
151.0 74.0 20.0 10.0
109.0 77.0 20.0 10.0
153.0 112.0 20.0 10.0
136.0 78.0 20.0 10.0
78.0 149.0 20.0 10.0
91.0 58.0 20.0 10.0
124.0 163.0 20.0 10.0
144.0 132.0 20.0 10.0
125.0 107.0 20.0 10.0
109.0 154.0 20.0 10.0
141.0 172.0 20.0 10.0
141.0 142.0 20.0 10.0
102.0 95.0 20.0 10.0
110.0 43.0 20.0 10.0
74.0 136.0 20.0 10.0
127.0 137.0 20.0 10.0
135.0 66.0 20.0 10.0
60.0 136.0 20.0 10.0
147.0 129.0 20.0 10.0
161.0 145.0 20.0 10.0
163.0 76.0 20.0 10.0
96.0 80.0 20.0 10.0
155.0 43.0 20.0 10.0
82.0 133.0 20.0 10.0
125.0 118.0 20.0 10.0
146.0 124.0 20.0 10.0
116.0 101.0 20.0 10.0
