1000
5011.0 2137.0 20.0 10.0
1585.0 998.0 20.0 10.0
4767.0 1902.0 20.0 10.0
4745.0 1901.0 20.0 10.0
4668.0 95.0 20.0 10.0
500.0 2940.0 20.0 10.0
3408.0 1624.0 20.0 10.0
5697.0 1620.0 20.0 10.0
5340.0 1530.0 20.0 10.0
2703.0 1627.0 20.0 10.0
223.0 223.0 20.0 10.0
4583.0 1768.0 20.0 10.0
480.0 390.0 20.0 10.0
3573.0 1589.0 20.0 10.0
5472.0 1569.0 20.0 10.0
5538.0 1477.0 20.0 10.0
1948.0 1780.0 20.0 10.0
4652.0 343.0 20.0 10.0
2867.0 1933.0 20.0 10.0
5556.0 1625.0 20.0 10.0
5560.0 1615.0 20.0 10.0
5509.0 1481.0 20.0 10.0
5748.0 1628.0 20.0 10.0
4498.0 564.0 20.0 10.0
3619.0 1576.0 20.0 10.0
3630.0 1577.0 20.0 10.0
3643.0 1579.0 20.0 10.0
5898.0 1394.0 20.0 10.0
4599.0 270.0 20.0 10.0
2276.0 1690.0 20.0 10.0
2260.0 1669.0 20.0 10.0
2218.0 1691.0 20.0 10.0
4841.0 1816.0 20.0 10.0
4527.0 1087.0 20.0 10.0
5990.0 1665.0 20.0 10.0
1845.0 1187.0 20.0 10.0
4636.0 2054.0 20.0 10.0
1559.0 1012.0 20.0 10.0
4708.0 371.0 20.0 10.0
236.0 319.0 20.0 10.0
841.0 641.0 20.0 10.0
4628.0 1994.0 20.0 10.0
3559.0 1882.0 20.0 10.0
3561.0 1869.0 20.0 10.0
3572.0 1841.0 20.0 10.0
4677.0 2192.0 20.0 10.0
4669.0 2166.0 20.0 10.0
4666.0 2135.0 20.0 10.0
4648.0 2110.0 20.0 10.0
4684.0 306.0 20.0 10.0
4700.0 1561.0 20.0 10.0
4798.0 1948.0 20.0 10.0
3611.0 1816.0 20.0 10.0
1736.0 1900.0 20.0 10.0
5663.0 1619.0 20.0 10.0
4618.0 2088.0 20.0 10.0
4833.0 1991.0 20.0 10.0
4817.0 1965.0 20.0 10.0
4598.0 1877.0 20.0 10.0
4834.0 1551.0 20.0 10.0
3625.0 1852.0 20.0 10.0
2556.0 2564.0 20.0 10.0
4484.0 1067.0 20.0 10.0
5682.0 1416.0 20.0 10.0
4555.0 1891.0 20.0 10.0
4676.0 1825.0 20.0 10.0
1260.0 864.0 20.0 10.0
2583.0 2416.0 20.0 10.0
4578.0 302.0 20.0 10.0
4841.0 1934.0 20.0 10.0
1911.0 1223.0 20.0 10.0
1989.0 1268.0 20.0 10.0
2592.0 2492.0 20.0 10.0
6047.0 1676.0 20.0 10.0
6032.0 1674.0 20.0 10.0
743.0 550.0 20.0 10.0
806.0 586.0 20.0 10.0
681.0 515.0 20.0 10.0
5773.0 1407.0 20.0 10.0
5756.0 1413.0 20.0 10.0
72.0 170.0 20.0 10.0
4913.0 2073.0 20.0 10.0
2939.0 1774.0 20.0 10.0
1731.0 1944.0 20.0 10.0
1763.0 1941.0 20.0 10.0
4136.0 1377.0 20.0 10.0
3648.0 1821.0 20.0 10.0
394.0 2806.0 20.0 10.0
5436.0 1485.0 20.0 10.0
4983.0 2112.0 20.0 10.0
519.0 2964.0 20.0 10.0
2289.0 1436.0 20.0 10.0
359.0 283.0 20.0 10.0
2743.0 2304.0 20.0 10.0
75.0 96.0 20.0 10.0
197.0 227.0 20.0 10.0
1395.0 957.0 20.0 10.0
4697.0 1572.0 20.0 10.0
4675.0 1551.0 20.0 10.0
2834.0 1971.0 20.0 10.0
2833.0 1945.0 20.0 10.0
2844.0 1937.0 20.0 10.0
278.0 2972.0 20.0 10.0
539.0 425.0 20.0 10.0
2012.0 1801.0 20.0 10.0
2052.0 1778.0 20.0 10.0
5834.0 1412.0 20.0 10.0
5813.0 1425.0 20.0 10.0
2642.0 2326.0 20.0 10.0
1696.0 1075.0 20.0 10.0
1676.0 1093.0 20.0 10.0
1754.0 1136.0 20.0 10.0
4476.0 1695.0 20.0 10.0
4788.0 1903.0 20.0 10.0
4822.0 1917.0 20.0 10.0
4519.0 1812.0 20.0 10.0
4290.0 1403.0 20.0 10.0
4298.0 1379.0 20.0 10.0
4550.0 316.0 20.0 10.0
2899.0 1954.0 20.0 10.0
5935.0 1659.0 20.0 10.0
1841.0 1876.0 20.0 10.0
5658.0 1621.0 20.0 10.0
4617.0 1792.0 20.0 10.0
4022.0 1478.0 20.0 10.0
5822.0 1440.0 20.0 10.0
460.0 2795.0 20.0 10.0
2574.0 2470.0 20.0 10.0
2570.0 2537.0 20.0 10.0
4686.0 2226.0 20.0 10.0
4067.0 1397.0 20.0 10.0
4404.0 1212.0 20.0 10.0
2371.0 1663.0 20.0 10.0
2864.0 1994.0 20.0 10.0
2890.0 1973.0 20.0 10.0
3026.0 1663.0 20.0 10.0
3118.0 1682.0 20.0 10.0
2651.0 2363.0 20.0 10.0
3604.0 1636.0 20.0 10.0
2601.0 1558.0 20.0 10.0
2684.0 1579.0 20.0 10.0
2767.0 1601.0 20.0 10.0
2851.0 1622.0 20.0 10.0
5824.0 1653.0 20.0 10.0
4577.0 1561.0 20.0 10.0
4545.0 1553.0 20.0 10.0
5923.0 1399.0 20.0 10.0
2835.0 2053.0 20.0 10.0
2854.0 2028.0 20.0 10.0
4388.0 1378.0 20.0 10.0
4691.0 2251.0 20.0 10.0
160.0 2924.0 20.0 10.0
3540.0 1722.0 20.0 10.0
4536.0 433.0 20.0 10.0
4692.0 1543.0 20.0 10.0
3530.0 1736.0 20.0 10.0
4829.0 1793.0 20.0 10.0
6021.0 1672.0 20.0 10.0
4836.0 1890.0 20.0 10.0
391.0 352.0 20.0 10.0
4593.0 458.0 20.0 10.0
1143.0 786.0 20.0 10.0
4085.0 1399.0 20.0 10.0
4073.0 1400.0 20.0 10.0
1410.0 1000.0 20.0 10.0
1432.0 1007.0 20.0 10.0
4581.0 261.0 20.0 10.0
4439.0 1277.0 20.0 10.0
1371.0 978.0 20.0 10.0
1390.0 986.0 20.0 10.0
4373.0 1593.0 20.0 10.0
4477.0 1560.0 20.0 10.0
3633.0 1641.0 20.0 10.0
3645.0 1625.0 20.0 10.0
3667.0 1575.0 20.0 10.0
4787.0 1871.0 20.0 10.0
4309.0 1440.0 20.0 10.0
2300.0 1645.0 20.0 10.0
2591.0 2470.0 20.0 10.0
4534.0 1865.0 20.0 10.0
4821.0 1763.0 20.0 10.0
4662.0 1963.0 20.0 10.0
3036.0 1666.0 20.0 10.0
4374.0 1193.0 20.0 10.0
2787.0 2133.0 20.0 10.0
2511.0 2658.0 20.0 10.0
2521.0 2639.0 20.0 10.0
4700.0 385.0 20.0 10.0
3505.0 1589.0 20.0 10.0
3532.0 1588.0 20.0 10.0
4894.0 1828.0 20.0 10.0
2776.0 2241.0 20.0 10.0
4575.0 1545.0 20.0 10.0
3562.0 1859.0 20.0 10.0
5816.0 1647.0 20.0 10.0
5797.0 1634.0 20.0 10.0
1351.0 971.0 20.0 10.0
3534.0 1772.0 20.0 10.0
4864.0 1810.0 20.0 10.0
2866.0 1910.0 20.0 10.0
4543.0 1075.0 20.0 10.0
302.0 2900.0 20.0 10.0
4133.0 1598.0 20.0 10.0
5469.0 1585.0 20.0 10.0
208.0 2816.0 20.0 10.0
1003.0 705.0 20.0 10.0
4476.0 661.0 20.0 10.0
4472.0 670.0 20.0 10.0
5194.0 1547.0 20.0 10.0
4154.0 1613.0 20.0 10.0
4514.0 1689.0 20.0 10.0
3627.0 1648.0 20.0 10.0
4649.0 2153.0 20.0 10.0
4815.0 1900.0 20.0 10.0
353.0 273.0 20.0 10.0
2608.0 2297.0 20.0 10.0
2626.0 2292.0 20.0 10.0
2646.0 2309.0 20.0 10.0
4548.0 1744.0 20.0 10.0
2946.0 1869.0 20.0 10.0
2973.0 1857.0 20.0 10.0
4658.0 93.0 20.0 10.0
4639.0 1789.0 20.0 10.0
4525.0 549.0 20.0 10.0
4425.0 1168.0 20.0 10.0
4359.0 1159.0 20.0 10.0
1542.0 1011.0 20.0 10.0
791.0 614.0 20.0 10.0
810.0 631.0 20.0 10.0
1402.0 965.0 20.0 10.0
118.0 138.0 20.0 10.0
134.0 154.0 20.0 10.0
4521.0 1795.0 20.0 10.0
4545.0 1824.0 20.0 10.0
1339.0 969.0 20.0 10.0
4515.0 1903.0 20.0 10.0
4115.0 1388.0 20.0 10.0
4107.0 1558.0 20.0 10.0
415.0 387.0 20.0 10.0
3785.0 1542.0 20.0 10.0
3046.0 1685.0 20.0 10.0
3081.0 1690.0 20.0 10.0
2239.0 1399.0 20.0 10.0
4431.0 1071.0 20.0 10.0
1681.0 1134.0 20.0 10.0
128.0 145.0 20.0 10.0
2761.0 2191.0 20.0 10.0
2782.0 2172.0 20.0 10.0
5643.0 1610.0 20.0 10.0
4495.0 1207.0 20.0 10.0
4678.0 396.0 20.0 10.0
4612.0 233.0 20.0 10.0
283.0 332.0 20.0 10.0
4211.0 1463.0 20.0 10.0
4203.0 1440.0 20.0 10.0
4444.0 1110.0 20.0 10.0
400.0 2837.0 20.0 10.0
62.0 182.0 20.0 10.0
85.0 181.0 20.0 10.0
1929.0 1234.0 20.0 10.0
5407.0 1572.0 20.0 10.0
5343.0 1559.0 20.0 10.0
5277.0 1546.0 20.0 10.0
483.0 2910.0 20.0 10.0
4630.0 2141.0 20.0 10.0
2744.0 2285.0 20.0 10.0
4498.0 1765.0 20.0 10.0
4123.0 1524.0 20.0 10.0
555.0 409.0 20.0 10.0
3563.0 1706.0 20.0 10.0
4772.0 1884.0 20.0 10.0
4657.0 403.0 20.0 10.0
4626.0 426.0 20.0 10.0
1936.0 1866.0 20.0 10.0
1941.0 1858.0 20.0 10.0
4781.0 1932.0 20.0 10.0
192.0 213.0 20.0 10.0
5864.0 1419.0 20.0 10.0
815.0 605.0 20.0 10.0
302.0 321.0 20.0 10.0
2514.0 2647.0 20.0 10.0
4275.0 1051.0 20.0 10.0
4249.0 1066.0 20.0 10.0
4848.0 1999.0 20.0 10.0
4423.0 1371.0 20.0 10.0
2505.0 2669.0 20.0 10.0
3509.0 1640.0 20.0 10.0
4599.0 1755.0 20.0 10.0
6105.0 1673.0 20.0 10.0
4433.0 1015.0 20.0 10.0
4438.0 1036.0 20.0 10.0
2175.0 1711.0 20.0 10.0
4617.0 1934.0 20.0 10.0
4632.0 1926.0 20.0 10.0
4851.0 1910.0 20.0 10.0
5928.0 1392.0 20.0 10.0
4448.0 1356.0 20.0 10.0
54.0 2852.0 20.0 10.0
2769.0 2307.0 20.0 10.0
2622.0 2440.0 20.0 10.0
3524.0 1608.0 20.0 10.0
3567.0 1599.0 20.0 10.0
3616.0 1586.0 20.0 10.0
2524.0 2675.0 20.0 10.0
2519.0 2652.0 20.0 10.0
202.0 2882.0 20.0 10.0
2917.0 1938.0 20.0 10.0
4440.0 1056.0 20.0 10.0
4441.0 1073.0 20.0 10.0
4695.0 1929.0 20.0 10.0
4125.0 1572.0 20.0 10.0
1789.0 1896.0 20.0 10.0
218.0 3013.0 20.0 10.0
4491.0 1633.0 20.0 10.0
4499.0 1657.0 20.0 10.0
3082.0 1680.0 20.0 10.0
5056.0 1547.0 20.0 10.0
4619.0 1971.0 20.0 10.0
4625.0 1962.0 20.0 10.0
151.0 173.0 20.0 10.0
169.0 192.0 20.0 10.0
1719.0 1899.0 20.0 10.0
4897.0 1817.0 20.0 10.0
62.0 2881.0 20.0 10.0
33.0 2871.0 20.0 10.0
30.0 2841.0 20.0 10.0
1373.0 971.0 20.0 10.0
4584.0 328.0 20.0 10.0
4564.0 391.0 20.0 10.0
4137.0 1619.0 20.0 10.0
3061.0 1663.0 20.0 10.0
4133.0 1306.0 20.0 10.0
2780.0 2210.0 20.0 10.0
3494.0 1617.0 20.0 10.0
2598.0 2455.0 20.0 10.0
1852.0 1899.0 20.0 10.0
391.0 2952.0 20.0 10.0
411.0 2931.0 20.0 10.0
4547.0 261.0 20.0 10.0
4242.0 1576.0 20.0 10.0
2674.0 2290.0 20.0 10.0
4685.0 1785.0 20.0 10.0
4380.0 1242.0 20.0 10.0
374.0 2817.0 20.0 10.0
4405.0 1632.0 20.0 10.0
1598.0 1049.0 20.0 10.0
2957.0 1793.0 20.0 10.0
2985.0 1802.0 20.0 10.0
1778.0 1136.0 20.0 10.0
478.0 429.0 20.0 10.0
4657.0 2180.0 20.0 10.0
4425.0 1250.0 20.0 10.0
4409.0 1269.0 20.0 10.0
777.0 610.0 20.0 10.0
5555.0 1605.0 20.0 10.0
2183.0 1737.0 20.0 10.0
4569.0 1706.0 20.0 10.0
2437.0 1513.0 20.0 10.0
2837.0 1636.0 20.0 10.0
2868.0 1642.0 20.0 10.0
2902.0 1638.0 20.0 10.0
2937.0 1643.0 20.0 10.0
507.0 460.0 20.0 10.0
529.0 447.0 20.0 10.0
3639.0 1655.0 20.0 10.0
4558.0 490.0 20.0 10.0
4611.0 434.0 20.0 10.0
901.0 660.0 20.0 10.0
3570.0 1627.0 20.0 10.0
4522.0 468.0 20.0 10.0
4617.0 201.0 20.0 10.0
4655.0 115.0 20.0 10.0
4649.0 140.0 20.0 10.0
51.0 72.0 20.0 10.0
4823.0 1816.0 20.0 10.0
1216.0 826.0 20.0 10.0
1922.0 1236.0 20.0 10.0
4661.0 112.0 20.0 10.0
748.0 616.0 20.0 10.0
4667.0 322.0 20.0 10.0
4658.0 337.0 20.0 10.0
4654.0 366.0 20.0 10.0
4525.0 453.0 20.0 10.0
4542.0 458.0 20.0 10.0
4520.0 525.0 20.0 10.0
4467.0 1258.0 20.0 10.0
4589.0 293.0 20.0 10.0
4550.0 404.0 20.0 10.0
4551.0 414.0 20.0 10.0
4756.0 1785.0 20.0 10.0
4698.0 349.0 20.0 10.0
5894.0 1413.0 20.0 10.0
5875.0 1416.0 20.0 10.0
5844.0 1424.0 20.0 10.0
4361.0 1274.0 20.0 10.0
5655.0 1451.0 20.0 10.0
5608.0 1457.0 20.0 10.0
4927.0 1550.0 20.0 10.0
1365.0 974.0 20.0 10.0
415.0 324.0 20.0 10.0
421.0 333.0 20.0 10.0
4452.0 690.0 20.0 10.0
3481.0 1577.0 20.0 10.0
1746.0 1928.0 20.0 10.0
4898.0 2035.0 20.0 10.0
4884.0 2027.0 20.0 10.0
2134.0 1733.0 20.0 10.0
2765.0 2270.0 20.0 10.0
114.0 192.0 20.0 10.0
3014.0 1681.0 20.0 10.0
5493.0 1582.0 20.0 10.0
4899.0 2049.0 20.0 10.0
4324.0 1326.0 20.0 10.0
4930.0 1808.0 20.0 10.0
4905.0 1814.0 20.0 10.0
4876.0 1821.0 20.0 10.0
2598.0 2478.0 20.0 10.0
4689.0 2240.0 20.0 10.0
5915.0 1408.0 20.0 10.0
4666.0 1937.0 20.0 10.0
4792.0 1814.0 20.0 10.0
4758.0 1813.0 20.0 10.0
4724.0 1814.0 20.0 10.0
4690.0 394.0 20.0 10.0
3599.0 1770.0 20.0 10.0
3584.0 1745.0 20.0 10.0
3601.0 1719.0 20.0 10.0
3621.0 1674.0 20.0 10.0
4438.0 1153.0 20.0 10.0
541.0 2980.0 20.0 10.0
3519.0 1604.0 20.0 10.0
3554.0 1597.0 20.0 10.0
5061.0 2211.0 20.0 10.0
2896.0 1911.0 20.0 10.0
2929.0 1915.0 20.0 10.0
2179.0 1331.0 20.0 10.0
4435.0 721.0 20.0 10.0
5040.0 2190.0 20.0 10.0
208.0 2986.0 20.0 10.0
203.0 2953.0 20.0 10.0
4625.0 242.0 20.0 10.0
3904.0 1510.0 20.0 10.0
4443.0 1093.0 20.0 10.0
3515.0 1646.0 20.0 10.0
5688.0 1443.0 20.0 10.0
5682.0 1461.0 20.0 10.0
4913.0 2051.0 20.0 10.0
5009.0 2133.0 20.0 10.0
4980.0 1521.0 20.0 10.0
1192.0 832.0 20.0 10.0
1203.0 836.0 20.0 10.0
2386.0 1477.0 20.0 10.0
2363.0 1476.0 20.0 10.0
445.0 2821.0 20.0 10.0
434.0 2852.0 20.0 10.0
5700.0 1443.0 20.0 10.0
1953.0 1237.0 20.0 10.0
6004.0 1669.0 20.0 10.0
5971.0 1664.0 20.0 10.0
4688.0 1813.0 20.0 10.0
6080.0 1675.0 20.0 10.0
6057.0 1675.0 20.0 10.0
5560.0 1467.0 20.0 10.0
2114.0 1310.0 20.0 10.0
4168.0 1470.0 20.0 10.0
4479.0 1118.0 20.0 10.0
4479.0 1140.0 20.0 10.0
4851.0 1819.0 20.0 10.0
4556.0 1722.0 20.0 10.0
2794.0 2237.0 20.0 10.0
4618.0 267.0 20.0 10.0
3622.0 1827.0 20.0 10.0
2526.0 2624.0 20.0 10.0
2532.0 2615.0 20.0 10.0
2089.0 1796.0 20.0 10.0
2088.0 1774.0 20.0 10.0
5702.0 1414.0 20.0 10.0
4625.0 2041.0 20.0 10.0
4631.0 2025.0 20.0 10.0
392.0 2892.0 20.0 10.0
425.0 2900.0 20.0 10.0
457.0 2883.0 20.0 10.0
1671.0 1067.0 20.0 10.0
3576.0 1794.0 20.0 10.0
3601.0 1788.0 20.0 10.0
1762.0 1904.0 20.0 10.0
5559.0 1494.0 20.0 10.0
4781.0 1877.0 20.0 10.0
1490.0 992.0 20.0 10.0
4636.0 177.0 20.0 10.0
4646.0 1984.0 20.0 10.0
27.0 2998.0 20.0 10.0
44.0 2982.0 20.0 10.0
68.0 2965.0 20.0 10.0
93.0 2945.0 20.0 10.0
4994.0 2122.0 20.0 10.0
1605.0 1026.0 20.0 10.0
235.0 250.0 20.0 10.0
258.0 265.0 20.0 10.0
4541.0 1862.0 20.0 10.0
103.0 188.0 20.0 10.0
5964.0 1387.0 20.0 10.0
5952.0 1390.0 20.0 10.0
2789.0 2091.0 20.0 10.0
2819.0 2081.0 20.0 10.0
4867.0 1557.0 20.0 10.0
3557.0 1906.0 20.0 10.0
1500.0 995.0 20.0 10.0
1521.0 1003.0 20.0 10.0
2642.0 2423.0 20.0 10.0
4619.0 221.0 20.0 10.0
195.0 2761.0 20.0 10.0
4973.0 1547.0 20.0 10.0
1956.0 1839.0 20.0 10.0
3643.0 1752.0 20.0 10.0
4374.0 1286.0 20.0 10.0
287.0 320.0 20.0 10.0
310.0 342.0 20.0 10.0
1800.0 1873.0 20.0 10.0
5066.0 2195.0 20.0 10.0
4571.0 1852.0 20.0 10.0
2744.0 2235.0 20.0 10.0
2750.0 2213.0 20.0 10.0
4275.0 1390.0 20.0 10.0
4680.0 1919.0 20.0 10.0
4249.0 1552.0 20.0 10.0
1582.0 989.0 20.0 10.0
354.0 2794.0 20.0 10.0
4888.0 1550.0 20.0 10.0
4691.0 2149.0 20.0 10.0
4415.0 745.0 20.0 10.0
4655.0 2154.0 20.0 10.0
4646.0 2128.0 20.0 10.0
3560.0 1587.0 20.0 10.0
512.0 2920.0 20.0 10.0
503.0 438.0 20.0 10.0
5812.0 1439.0 20.0 10.0
914.0 643.0 20.0 10.0
4112.0 1315.0 20.0 10.0
4622.0 2050.0 20.0 10.0
1741.0 1895.0 20.0 10.0
2744.0 2363.0 20.0 10.0
2740.0 2342.0 20.0 10.0
2743.0 2329.0 20.0 10.0
1990.0 1797.0 20.0 10.0
1587.0 1008.0 20.0 10.0
5760.0 1448.0 20.0 10.0
4617.0 2068.0 20.0 10.0
1815.0 1827.0 20.0 10.0
3651.0 1852.0 20.0 10.0
5107.0 1548.0 20.0 10.0
5019.0 1549.0 20.0 10.0
4725.0 1945.0 20.0 10.0
5416.0 1492.0 20.0 10.0
5398.0 1501.0 20.0 10.0
2746.0 2258.0 20.0 10.0
5943.0 1646.0 20.0 10.0
3600.0 1747.0 20.0 10.0
4308.0 1342.0 20.0 10.0
270.0 262.0 20.0 10.0
283.0 268.0 20.0 10.0
2606.0 2428.0 20.0 10.0
449.0 437.0 20.0 10.0
468.0 454.0 20.0 10.0
484.0 461.0 20.0 10.0
3484.0 1594.0 20.0 10.0
63.0 83.0 20.0 10.0
4463.0 1229.0 20.0 10.0
3880.0 1526.0 20.0 10.0
4543.0 1846.0 20.0 10.0
2780.0 2313.0 20.0 10.0
2788.0 2289.0 20.0 10.0
4508.0 1100.0 20.0 10.0
4490.0 1113.0 20.0 10.0
1807.0 1836.0 20.0 10.0
4640.0 393.0 20.0 10.0
4446.0 1129.0 20.0 10.0
4242.0 1124.0 20.0 10.0
265.0 313.0 20.0 10.0
238.0 242.0 20.0 10.0
2068.0 1751.0 20.0 10.0
306.0 359.0 20.0 10.0
320.0 345.0 20.0 10.0
1832.0 1180.0 20.0 10.0
4441.0 693.0 20.0 10.0
4627.0 1897.0 20.0 10.0
4547.0 1884.0 20.0 10.0
435.0 354.0 20.0 10.0
4125.0 1631.0 20.0 10.0
5370.0 1514.0 20.0 10.0
2117.0 1773.0 20.0 10.0
2563.0 1547.0 20.0 10.0
2539.0 1547.0 20.0 10.0
2517.0 1550.0 20.0 10.0
2520.0 1535.0 20.0 10.0
3555.0 1782.0 20.0 10.0
5228.0 1544.0 20.0 10.0
1415.0 984.0 20.0 10.0
512.0 2841.0 20.0 10.0
4919.0 2057.0 20.0 10.0
1556.0 1037.0 20.0 10.0
4615.0 175.0 20.0 10.0
4921.0 1826.0 20.0 10.0
3593.0 1625.0 20.0 10.0
5863.0 1374.0 20.0 10.0
5838.0 1385.0 20.0 10.0
2803.0 2294.0 20.0 10.0
2439.0 1608.0 20.0 10.0
4428.0 713.0 20.0 10.0
25.0 2812.0 20.0 10.0
767.0 632.0 20.0 10.0
4999.0 2125.0 20.0 10.0
5081.0 2197.0 20.0 10.0
1888.0 1851.0 20.0 10.0
1897.0 1828.0 20.0 10.0
4301.0 1424.0 20.0 10.0
446.0 382.0 20.0 10.0
4240.0 1409.0 20.0 10.0
3556.0 1848.0 20.0 10.0
3560.0 1834.0 20.0 10.0
4461.0 1353.0 20.0 10.0
3453.0 1618.0 20.0 10.0
4534.0 1888.0 20.0 10.0
4441.0 1248.0 20.0 10.0
126.0 197.0 20.0 10.0
4132.0 1499.0 20.0 10.0
381.0 2863.0 20.0 10.0
2137.0 1338.0 20.0 10.0
5862.0 1652.0 20.0 10.0
5846.0 1642.0 20.0 10.0
4959.0 1527.0 20.0 10.0
1072.0 746.0 20.0 10.0
4517.0 1196.0 20.0 10.0
3412.0 1611.0 20.0 10.0
4158.0 1233.0 20.0 10.0
270.0 2926.0 20.0 10.0
4434.0 1264.0 20.0 10.0
2695.0 2270.0 20.0 10.0
1186.0 809.0 20.0 10.0
2102.0 1786.0 20.0 10.0
2562.0 2427.0 20.0 10.0
1650.0 1111.0 20.0 10.0
1462.0 990.0 20.0 10.0
3598.0 1647.0 20.0 10.0
1782.0 1921.0 20.0 10.0
2780.0 2339.0 20.0 10.0
261.0 2947.0 20.0 10.0
1744.0 1955.0 20.0 10.0
2907.0 1841.0 20.0 10.0
2919.0 1862.0 20.0 10.0
4231.0 1585.0 20.0 10.0
5587.0 1601.0 20.0 10.0
3225.0 1662.0 20.0 10.0
4285.0 1022.0 20.0 10.0
5077.0 2207.0 20.0 10.0
537.0 2826.0 20.0 10.0
464.0 425.0 20.0 10.0
2121.0 1318.0 20.0 10.0
1685.0 1968.0 20.0 10.0
2856.0 1625.0 20.0 10.0
2881.0 1624.0 20.0 10.0
4800.0 1904.0 20.0 10.0
5509.0 1580.0 20.0 10.0
1329.0 966.0 20.0 10.0
4564.0 1895.0 20.0 10.0
4652.0 25.0 20.0 10.0
4656.0 48.0 20.0 10.0
4406.0 1371.0 20.0 10.0
4406.0 1335.0 20.0 10.0
4388.0 1351.0 20.0 10.0
4364.0 1367.0 20.0 10.0
2441.0 1562.0 20.0 10.0
2584.0 2508.0 20.0 10.0
203.0 2786.0 20.0 10.0
1947.0 1849.0 20.0 10.0
2745.0 2313.0 20.0 10.0
4457.0 1139.0 20.0 10.0
4426.0 1184.0 20.0 10.0
2503.0 2675.0 20.0 10.0
3752.0 1573.0 20.0 10.0
3055.0 1705.0 20.0 10.0
1822.0 1887.0 20.0 10.0
1857.0 1877.0 20.0 10.0
1892.0 1863.0 20.0 10.0
869.0 653.0 20.0 10.0
5456.0 1497.0 20.0 10.0
3771.0 1558.0 20.0 10.0
4496.0 1731.0 20.0 10.0
4514.0 1719.0 20.0 10.0
4644.0 350.0 20.0 10.0
2499.0 2534.0 20.0 10.0
257.0 2893.0 20.0 10.0
2872.0 1997.0 20.0 10.0
302.0 290.0 20.0 10.0
2215.0 1396.0 20.0 10.0
2722.0 2222.0 20.0 10.0
5911.0 1696.0 20.0 10.0
5896.0 1676.0 20.0 10.0
5883.0 1663.0 20.0 10.0
4618.0 209.0 20.0 10.0
4476.0 1544.0 20.0 10.0
4446.0 1552.0 20.0 10.0
4345.0 1549.0 20.0 10.0
4506.0 1040.0 20.0 10.0
3484.0 1615.0 20.0 10.0
4798.0 2008.0 20.0 10.0
2130.0 1327.0 20.0 10.0
1846.0 1903.0 20.0 10.0
2151.0 1309.0 20.0 10.0
2316.0 1665.0 20.0 10.0
5051.0 2173.0 20.0 10.0
5784.0 1398.0 20.0 10.0
4300.0 1034.0 20.0 10.0
3572.0 1806.0 20.0 10.0
5814.0 1377.0 20.0 10.0
5795.0 1389.0 20.0 10.0
4890.0 1802.0 20.0 10.0
1975.0 1805.0 20.0 10.0
2427.0 1586.0 20.0 10.0
4505.0 1139.0 20.0 10.0
2095.0 1757.0 20.0 10.0
150.0 2954.0 20.0 10.0
5529.0 1593.0 20.0 10.0
3638.0 1808.0 20.0 10.0
4621.0 2055.0 20.0 10.0
1702.0 1958.0 20.0 10.0
1723.0 1947.0 20.0 10.0
3558.0 1889.0 20.0 10.0
4868.0 1928.0 20.0 10.0
4682.0 78.0 20.0 10.0
4486.0 1256.0 20.0 10.0
4622.0 259.0 20.0 10.0
1972.0 1777.0 20.0 10.0
1421.0 946.0 20.0 10.0
765.0 618.0 20.0 10.0
90.0 2902.0 20.0 10.0
4565.0 327.0 20.0 10.0
4238.0 1526.0 20.0 10.0
4865.0 1536.0 20.0 10.0
4470.0 1351.0 20.0 10.0
4564.0 282.0 20.0 10.0
89.0 109.0 20.0 10.0
3617.0 1622.0 20.0 10.0
4642.0 1947.0 20.0 10.0
4649.0 1932.0 20.0 10.0
4334.0 1376.0 20.0 10.0
1387.0 1011.0 20.0 10.0
5434.0 1514.0 20.0 10.0
4796.0 1788.0 20.0 10.0
1112.0 772.0 20.0 10.0
2406.0 1553.0 20.0 10.0
1215.0 841.0 20.0 10.0
4980.0 1567.0 20.0 10.0
4961.0 1557.0 20.0 10.0
1937.0 1221.0 20.0 10.0
4474.0 678.0 20.0 10.0
4704.0 289.0 20.0 10.0
104.0 123.0 20.0 10.0
4661.0 1912.0 20.0 10.0
272.0 2908.0 20.0 10.0
240.0 2920.0 20.0 10.0
368.0 301.0 20.0 10.0
377.0 324.0 20.0 10.0
2588.0 2450.0 20.0 10.0
5969.0 1640.0 20.0 10.0
4640.0 1960.0 20.0 10.0
2714.0 1647.0 20.0 10.0
2713.0 1622.0 20.0 10.0
4687.0 345.0 20.0 10.0
4678.0 374.0 20.0 10.0
4855.0 1789.0 20.0 10.0
4457.0 675.0 20.0 10.0
3512.0 1745.0 20.0 10.0
3556.0 1814.0 20.0 10.0
4115.0 1554.0 20.0 10.0
1694.0 1109.0 20.0 10.0
4358.0 1334.0 20.0 10.0
4338.0 1350.0 20.0 10.0
2613.0 2444.0 20.0 10.0
2629.0 2405.0 20.0 10.0
3428.0 1620.0 20.0 10.0
4377.0 823.0 20.0 10.0
4386.0 1587.0 20.0 10.0
1957.0 1786.0 20.0 10.0
4713.0 2164.0 20.0 10.0
200.0 2919.0 20.0 10.0
4467.0 1086.0 20.0 10.0
322.0 331.0 20.0 10.0
5400.0 1515.0 20.0 10.0
2066.0 1311.0 20.0 10.0
2750.0 2306.0 20.0 10.0
2753.0 2177.0 20.0 10.0
4138.0 1548.0 20.0 10.0
4494.0 1062.0 20.0 10.0
4474.0 1080.0 20.0 10.0
458.0 2912.0 20.0 10.0
4221.0 1138.0 20.0 10.0
5913.0 1656.0 20.0 10.0
5892.0 1650.0 20.0 10.0
4743.0 1991.0 20.0 10.0
4754.0 1965.0 20.0 10.0
4785.0 1982.0 20.0 10.0
1927.0 1838.0 20.0 10.0
2898.0 1929.0 20.0 10.0
3592.0 1692.0 20.0 10.0
4486.0 596.0 20.0 10.0
4451.0 669.0 20.0 10.0
3585.0 1588.0 20.0 10.0
2901.0 1824.0 20.0 10.0
4657.0 71.0 20.0 10.0
4711.0 1863.0 20.0 10.0
2378.0 1639.0 20.0 10.0
2358.0 1621.0 20.0 10.0
2338.0 1619.0 20.0 10.0
2372.0 1587.0 20.0 10.0
4497.0 1785.0 20.0 10.0
4464.0 1095.0 20.0 10.0
4455.0 1111.0 20.0 10.0
4535.0 1898.0 20.0 10.0
4430.0 1349.0 20.0 10.0
367.0 296.0 20.0 10.0
4351.0 1198.0 20.0 10.0
2630.0 2337.0 20.0 10.0
2158.0 1342.0 20.0 10.0
119.0 2922.0 20.0 10.0
44.0 64.0 20.0 10.0
3622.0 1752.0 20.0 10.0
1835.0 1903.0 20.0 10.0
4110.0 1411.0 20.0 10.0
4096.0 1396.0 20.0 10.0
2497.0 2711.0 20.0 10.0
206.0 2848.0 20.0 10.0
4641.0 1890.0 20.0 10.0
4648.0 1854.0 20.0 10.0
4650.0 1817.0 20.0 10.0
5779.0 1432.0 20.0 10.0
1853.0 1825.0 20.0 10.0
808.0 669.0 20.0 10.0
3440.0 1628.0 20.0 10.0
3456.0 1630.0 20.0 10.0
257.0 329.0 20.0 10.0
4350.0 1183.0 20.0 10.0
3487.0 1637.0 20.0 10.0
5422.0 1492.0 20.0 10.0
91.0 183.0 20.0 10.0
781.0 638.0 20.0 10.0
1666.0 1129.0 20.0 10.0
2630.0 2464.0 20.0 10.0
2632.0 2442.0 20.0 10.0
5504.0 1586.0 20.0 10.0
4641.0 242.0 20.0 10.0
1577.0 1027.0 20.0 10.0
4633.0 365.0 20.0 10.0
5080.0 1564.0 20.0 10.0
1875.0 1820.0 20.0 10.0
4817.0 1993.0 20.0 10.0
4802.0 1773.0 20.0 10.0
2607.0 2394.0 20.0 10.0
4399.0 1191.0 20.0 10.0
2960.0 1815.0 20.0 10.0
4642.0 2179.0 20.0 10.0
1686.0 1918.0 20.0 10.0
1710.0 1909.0 20.0 10.0
5925.0 1658.0 20.0 10.0
4602.0 242.0 20.0 10.0
4605.0 269.0 20.0 10.0
217.0 242.0 20.0 10.0
2562.0 2482.0 20.0 10.0
1867.0 1823.0 20.0 10.0
4305.0 1367.0 20.0 10.0
4276.0 1376.0 20.0 10.0
1231.0 847.0 20.0 10.0
1262.0 848.0 20.0 10.0
4203.0 1150.0 20.0 10.0
3535.0 1621.0 20.0 10.0
5808.0 1646.0 20.0 10.0
1237.0 849.0 20.0 10.0
4336.0 902.0 20.0 10.0
4292.0 983.0 20.0 10.0
5060.0 2181.0 20.0 10.0
5036.0 2159.0 20.0 10.0
2415.0 1566.0 20.0 10.0
4439.0 1669.0 20.0 10.0
4458.0 1702.0 20.0 10.0
4478.0 1735.0 20.0 10.0
519.0 2863.0 20.0 10.0
489.0 2864.0 20.0 10.0
4267.0 1045.0 20.0 10.0
4952.0 2085.0 20.0 10.0
4471.0 1656.0 20.0 10.0
4751.0 300.0 20.0 10.0
4734.0 312.0 20.0 10.0
4714.0 326.0 20.0 10.0
348.0 347.0 20.0 10.0
4936.0 2078.0 20.0 10.0
3565.0 1789.0 20.0 10.0
3583.0 1764.0 20.0 10.0
3561.0 1927.0 20.0 10.0
1771.0 1932.0 20.0 10.0
4522.0 494.0 20.0 10.0
4127.0 1620.0 20.0 10.0
4124.0 1596.0 20.0 10.0
1938.0 1779.0 20.0 10.0
2673.0 2318.0 20.0 10.0
25.0 41.0 20.0 10.0
37.0 58.0 20.0 10.0
4555.0 335.0 20.0 10.0
4560.0 357.0 20.0 10.0
738.0 626.0 20.0 10.0
757.0 621.0 20.0 10.0
5880.0 1655.0 20.0 10.0
5869.0 1655.0 20.0 10.0
4835.0 1981.0 20.0 10.0
3539.0 1851.0 20.0 10.0
2141.0 1354.0 20.0 10.0
2544.0 2590.0 20.0 10.0
3787.0 1581.0 20.0 10.0
796.0 642.0 20.0 10.0
4683.0 2211.0 20.0 10.0
347.0 321.0 20.0 10.0
4805.0 1904.0 20.0 10.0
4459.0 1727.0 20.0 10.0
4480.0 1217.0 20.0 10.0
4642.0 2082.0 20.0 10.0
5690.0 1419.0 20.0 10.0
4763.0 1891.0 20.0 10.0
4272.0 1370.0 20.0 10.0
167.0 215.0 20.0 10.0
182.0 228.0 20.0 10.0
2077.0 1750.0 20.0 10.0
2476.0 2705.0 20.0 10.0
2495.0 2690.0 20.0 10.0
4429.0 1623.0 20.0 10.0
4606.0 292.0 20.0 10.0
5740.0 1436.0 20.0 10.0
1970.0 1821.0 20.0 10.0
138.0 202.0 20.0 10.0
153.0 211.0 20.0 10.0
1441.0 985.0 20.0 10.0
853.0 595.0 20.0 10.0
870.0 624.0 20.0 10.0
935.0 664.0 20.0 10.0
5568.0 1631.0 20.0 10.0
3333.0 1642.0 20.0 10.0
3442.0 1620.0 20.0 10.0
258.0 316.0 20.0 10.0
3635.0 1753.0 20.0 10.0
4671.0 90.0 20.0 10.0
4689.0 2176.0 20.0 10.0
1291.0 869.0 20.0 10.0
1367.0 913.0 20.0 10.0
1444.0 958.0 20.0 10.0
1554.0 1076.0 20.0 10.0
1551.0 1051.0 20.0 10.0
1698.0 1063.0 20.0 10.0
2797.0 2262.0 20.0 10.0
5916.0 1643.0 20.0 10.0
2665.0 2311.0 20.0 10.0
2811.0 2109.0 20.0 10.0
5467.0 1579.0 20.0 10.0
5442.0 1580.0 20.0 10.0
4675.0 2108.0 20.0 10.0
503.0 412.0 20.0 10.0
560.0 446.0 20.0 10.0
619.0 481.0 20.0 10.0
4467.0 1570.0 20.0 10.0
3066.0 1740.0 20.0 10.0
3018.0 1799.0 20.0 10.0
1844.0 1827.0 20.0 10.0
2519.0 2520.0 20.0 10.0
2537.0 2507.0 20.0 10.0
2549.0 2495.0 20.0 10.0
2355.0 1640.0 20.0 10.0
367.0 2910.0 20.0 10.0
2719.0 1622.0 20.0 10.0
2738.0 1609.0 20.0 10.0
5795.0 1425.0 20.0 10.0
4691.0 47.0 20.0 10.0
4685.0 69.0 20.0 10.0
4738.0 1552.0 20.0 10.0
4642.0 1553.0 20.0 10.0
4340.0 1307.0 20.0 10.0
5951.0 1693.0 20.0 10.0
5934.0 1676.0 20.0 10.0
5915.0 1661.0 20.0 10.0
4385.0 1165.0 20.0 10.0
4393.0 1179.0 20.0 10.0
395.0 370.0 20.0 10.0
2107.0 1303.0 20.0 10.0
1827.0 1829.0 20.0 10.0
352.0 2857.0 20.0 10.0
3594.0 1809.0 20.0 10.0
2786.0 2117.0 20.0 10.0
227.0 233.0 20.0 10.0
2885.0 1967.0 20.0 10.0
1450.0 932.0 20.0 10.0
817.0 674.0 20.0 10.0
822.0 646.0 20.0 10.0
3643.0 1667.0 20.0 10.0
2576.0 2483.0 20.0 10.0
