1000
79.0 3504.0 20.0 10.0
1355.0 2913.0 20.0 10.0
363.0 3525.0 20.0 10.0
215.0 3526.0 20.0 10.0
120.0 1402.0 20.0 10.0
212.0 3946.0 20.0 10.0
210.0 3931.0 20.0 10.0
4378.0 236.0 20.0 10.0
47.0 1895.0 20.0 10.0
67.0 1875.0 20.0 10.0
4289.0 238.0 20.0 10.0
1458.0 2596.0 20.0 10.0
1471.0 2566.0 20.0 10.0
2749.0 1622.0 20.0 10.0
722.0 2021.0 20.0 10.0
735.0 2000.0 20.0 10.0
112.0 3562.0 20.0 10.0
145.0 3548.0 20.0 10.0
191.0 3540.0 20.0 10.0
460.0 3402.0 20.0 10.0
4332.0 232.0 20.0 10.0
1539.0 2494.0 20.0 10.0
744.0 3565.0 20.0 10.0
938.0 2087.0 20.0 10.0
1594.0 2021.0 20.0 10.0
1584.0 2090.0 20.0 10.0
1576.0 2159.0 20.0 10.0
550.0 1647.0 20.0 10.0
609.0 1617.0 20.0 10.0
685.0 1611.0 20.0 10.0
2433.0 1464.0 20.0 10.0
375.0 3744.0 20.0 10.0
2441.0 1483.0 20.0 10.0
1147.0 920.0 20.0 10.0
1151.0 932.0 20.0 10.0
2628.0 1624.0 20.0 10.0
2806.0 1938.0 20.0 10.0
947.0 2097.0 20.0 10.0
1458.0 2734.0 20.0 10.0
1431.0 2755.0 20.0 10.0
1447.0 2714.0 20.0 10.0
1983.0 1634.0 20.0 10.0
1911.0 1656.0 20.0 10.0
1151.0 1087.0 20.0 10.0
2749.0 1339.0 20.0 10.0
2781.0 1318.0 20.0 10.0
371.0 3213.0 20.0 10.0
371.0 3229.0 20.0 10.0
869.0 1797.0 20.0 10.0
1001.0 665.0 20.0 10.0
990.0 675.0 20.0 10.0
487.0 3457.0 20.0 10.0
3961.0 518.0 20.0 10.0
3946.0 534.0 20.0 10.0
3925.0 558.0 20.0 10.0
855.0 2283.0 20.0 10.0
264.0 1731.0 20.0 10.0
295.0 1726.0 20.0 10.0
1182.0 956.0 20.0 10.0
848.0 412.0 20.0 10.0
873.0 466.0 20.0 10.0
175.0 3050.0 20.0 10.0
1916.0 1629.0 20.0 10.0
2669.0 1780.0 20.0 10.0
706.0 66.0 20.0 10.0
629.0 1617.0 20.0 10.0
3129.0 1077.0 20.0 10.0
3149.0 1071.0 20.0 10.0
816.0 290.0 20.0 10.0
542.0 1619.0 20.0 10.0
1828.0 3534.0 20.0 10.0
1838.0 3504.0 20.0 10.0
2828.0 1288.0 20.0 10.0
900.0 2036.0 20.0 10.0
1559.0 2623.0 20.0 10.0
771.0 1977.0 20.0 10.0
2738.0 1623.0 20.0 10.0
1107.0 979.0 20.0 10.0
1199.0 1163.0 20.0 10.0
1180.0 1182.0 20.0 10.0
288.0 3155.0 20.0 10.0
1585.0 2618.0 20.0 10.0
228.0 3018.0 20.0 10.0
898.0 1812.0 20.0 10.0
2627.0 1815.0 20.0 10.0
984.0 3558.0 20.0 10.0
122.0 4000.0 20.0 10.0
369.0 3282.0 20.0 10.0
3470.0 907.0 20.0 10.0
1247.0 3558.0 20.0 10.0
1229.0 3603.0 20.0 10.0
1213.0 3604.0 20.0 10.0
1618.0 2530.0 20.0 10.0
310.0 1495.0 20.0 10.0
1528.0 1490.0 20.0 10.0
1521.0 1499.0 20.0 10.0
4289.0 223.0 20.0 10.0
238.0 1780.0 20.0 10.0
264.0 1776.0 20.0 10.0
315.0 1753.0 20.0 10.0
1389.0 2748.0 20.0 10.0
1413.0 2735.0 20.0 10.0
1406.0 2710.0 20.0 10.0
945.0 3659.0 20.0 10.0
967.0 3649.0 20.0 10.0
246.0 1434.0 20.0 10.0
243.0 1462.0 20.0 10.0
2400.0 1484.0 20.0 10.0
2419.0 1506.0 20.0 10.0
84.0 1396.0 20.0 10.0
108.0 1411.0 20.0 10.0
135.0 1425.0 20.0 10.0
2610.0 1692.0 20.0 10.0
340.0 3471.0 20.0 10.0
896.0 2152.0 20.0 10.0
2235.0 1460.0 20.0 10.0
3204.0 1126.0 20.0 10.0
1405.0 2820.0 20.0 10.0
1418.0 2791.0 20.0 10.0
272.0 3530.0 20.0 10.0
1263.0 3753.0 20.0 10.0
1235.0 3733.0 20.0 10.0
732.0 172.0 20.0 10.0
1158.0 3711.0 20.0 10.0
3859.0 584.0 20.0 10.0
3825.0 647.0 20.0 10.0
3820.0 678.0 20.0 10.0
805.0 1958.0 20.0 10.0
1077.0 3674.0 20.0 10.0
2345.0 1529.0 20.0 10.0
912.0 2055.0 20.0 10.0
918.0 2011.0 20.0 10.0
926.0 1967.0 20.0 10.0
1886.0 3440.0 20.0 10.0
833.0 345.0 20.0 10.0
1252.0 3757.0 20.0 10.0
2564.0 1532.0 20.0 10.0
555.0 1590.0 20.0 10.0
2823.0 1952.0 20.0 10.0
3640.0 790.0 20.0 10.0
2807.0 1922.0 20.0 10.0
929.0 2077.0 20.0 10.0
4223.0 429.0 20.0 10.0
499.0 1568.0 20.0 10.0
866.0 2260.0 20.0 10.0
876.0 2237.0 20.0 10.0
715.0 106.0 20.0 10.0
715.0 132.0 20.0 10.0
742.0 1995.0 20.0 10.0
1019.0 1578.0 20.0 10.0
1346.0 3777.0 20.0 10.0
268.0 3439.0 20.0 10.0
280.0 3447.0 20.0 10.0
1048.0 3648.0 20.0 10.0
82.0 1877.0 20.0 10.0
2890.0 1966.0 20.0 10.0
238.0 3059.0 20.0 10.0
974.0 3578.0 20.0 10.0
786.0 2131.0 20.0 10.0
801.0 2115.0 20.0 10.0
2905.0 1242.0 20.0 10.0
4466.0 147.0 20.0 10.0
915.0 1790.0 20.0 10.0
1587.0 2773.0 20.0 10.0
1574.0 2753.0 20.0 10.0
159.0 1812.0 20.0 10.0
933.0 1922.0 20.0 10.0
4136.0 439.0 20.0 10.0
1116.0 3663.0 20.0 10.0
1256.0 1375.0 20.0 10.0
1245.0 1385.0 20.0 10.0
216.0 1795.0 20.0 10.0
821.0 359.0 20.0 10.0
229.0 3035.0 20.0 10.0
198.0 3028.0 20.0 10.0
2959.0 1184.0 20.0 10.0
1216.0 3742.0 20.0 10.0
1189.0 3734.0 20.0 10.0
4482.0 134.0 20.0 10.0
835.0 3649.0 20.0 10.0
4026.0 669.0 20.0 10.0
4002.0 667.0 20.0 10.0
3972.0 671.0 20.0 10.0
3939.0 676.0 20.0 10.0
3637.0 692.0 20.0 10.0
3858.0 610.0 20.0 10.0
3369.0 1134.0 20.0 10.0
3359.0 1133.0 20.0 10.0
3340.0 1130.0 20.0 10.0
667.0 25.0 20.0 10.0
1121.0 3726.0 20.0 10.0
1133.0 3701.0 20.0 10.0
3241.0 1128.0 20.0 10.0
3224.0 1107.0 20.0 10.0
1631.0 2000.0 20.0 10.0
852.0 2067.0 20.0 10.0
2179.0 1467.0 20.0 10.0
2168.0 1490.0 20.0 10.0
258.0 1741.0 20.0 10.0
271.0 1738.0 20.0 10.0
4354.0 253.0 20.0 10.0
326.0 1746.0 20.0 10.0
3637.0 803.0 20.0 10.0
3109.0 1086.0 20.0 10.0
279.0 3800.0 20.0 10.0
299.0 3765.0 20.0 10.0
321.0 3728.0 20.0 10.0
4234.0 389.0 20.0 10.0
3143.0 1056.0 20.0 10.0
1581.0 1641.0 20.0 10.0
261.0 1448.0 20.0 10.0
256.0 1477.0 20.0 10.0
489.0 1676.0 20.0 10.0
642.0 3335.0 20.0 10.0
2850.0 1929.0 20.0 10.0
2827.0 1922.0 20.0 10.0
2813.0 1896.0 20.0 10.0
2267.0 1452.0 20.0 10.0
2254.0 1475.0 20.0 10.0
2226.0 1479.0 20.0 10.0
2204.0 1495.0 20.0 10.0
2182.0 1510.0 20.0 10.0
1106.0 3598.0 20.0 10.0
1088.0 3626.0 20.0 10.0
4210.0 594.0 20.0 10.0
3841.0 653.0 20.0 10.0
1158.0 1003.0 20.0 10.0
1155.0 1044.0 20.0 10.0
4360.0 247.0 20.0 10.0
1611.0 1879.0 20.0 10.0
1326.0 3764.0 20.0 10.0
3585.0 848.0 20.0 10.0
3572.0 825.0 20.0 10.0
3826.0 670.0 20.0 10.0
3189.0 1079.0 20.0 10.0
3176.0 1104.0 20.0 10.0
3199.0 1095.0 20.0 10.0
3175.0 1078.0 20.0 10.0
813.0 2103.0 20.0 10.0
826.0 2090.0 20.0 10.0
93.0 3582.0 20.0 10.0
217.0 1421.0 20.0 10.0
3661.0 765.0 20.0 10.0
924.0 578.0 20.0 10.0
472.0 1665.0 20.0 10.0
3452.0 898.0 20.0 10.0
4303.0 267.0 20.0 10.0
871.0 3637.0 20.0 10.0
3600.0 827.0 20.0 10.0
641.0 3427.0 20.0 10.0
2850.0 1958.0 20.0 10.0
1071.0 1008.0 20.0 10.0
2612.0 1775.0 20.0 10.0
483.0 1640.0 20.0 10.0
710.0 79.0 20.0 10.0
2710.0 1365.0 20.0 10.0
618.0 3412.0 20.0 10.0
285.0 1489.0 20.0 10.0
337.0 1506.0 20.0 10.0
390.0 1525.0 20.0 10.0
1739.0 3563.0 20.0 10.0
1772.0 3565.0 20.0 10.0
1803.0 3557.0 20.0 10.0
1524.0 3831.0 20.0 10.0
1716.0 3440.0 20.0 10.0
1688.0 3459.0 20.0 10.0
1682.0 3491.0 20.0 10.0
1690.0 3524.0 20.0 10.0
777.0 226.0 20.0 10.0
776.0 258.0 20.0 10.0
329.0 3777.0 20.0 10.0
3880.0 652.0 20.0 10.0
1581.0 2611.0 20.0 10.0
2647.0 1872.0 20.0 10.0
867.0 1940.0 20.0 10.0
1518.0 1673.0 20.0 10.0
275.0 1732.0 20.0 10.0
159.0 3014.0 20.0 10.0
4397.0 223.0 20.0 10.0
1455.0 1568.0 20.0 10.0
96.0 3510.0 20.0 10.0
121.0 3515.0 20.0 10.0
905.0 2098.0 20.0 10.0
796.0 308.0 20.0 10.0
548.0 1624.0 20.0 10.0
3289.0 1149.0 20.0 10.0
619.0 3369.0 20.0 10.0
364.0 1524.0 20.0 10.0
373.0 3792.0 20.0 10.0
343.0 3784.0 20.0 10.0
327.0 3758.0 20.0 10.0
1439.0 2922.0 20.0 10.0
1436.0 2897.0 20.0 10.0
4108.0 599.0 20.0 10.0
633.0 3350.0 20.0 10.0
164.0 1438.0 20.0 10.0
1548.0 2704.0 20.0 10.0
1449.0 2745.0 20.0 10.0
2790.0 1294.0 20.0 10.0
2821.0 1290.0 20.0 10.0
1342.0 2934.0 20.0 10.0
1569.0 2746.0 20.0 10.0
1073.0 941.0 20.0 10.0
1098.0 1004.0 20.0 10.0
752.0 1989.0 20.0 10.0
497.0 1546.0 20.0 10.0
203.0 3944.0 20.0 10.0
890.0 2167.0 20.0 10.0
523.0 1725.0 20.0 10.0
519.0 1710.0 20.0 10.0
2265.0 1502.0 20.0 10.0
1697.0 1718.0 20.0 10.0
1623.0 1738.0 20.0 10.0
1618.0 1809.0 20.0 10.0
762.0 1606.0 20.0 10.0
830.0 328.0 20.0 10.0
927.0 553.0 20.0 10.0
1578.0 3877.0 20.0 10.0
1503.0 2690.0 20.0 10.0
1547.0 3847.0 20.0 10.0
949.0 3691.0 20.0 10.0
971.0 3675.0 20.0 10.0
991.0 3655.0 20.0 10.0
1461.0 2888.0 20.0 10.0
838.0 2046.0 20.0 10.0
4213.0 591.0 20.0 10.0
4188.0 597.0 20.0 10.0
1446.0 2849.0 20.0 10.0
300.0 1459.0 20.0 10.0
159.0 1803.0 20.0 10.0
179.0 1798.0 20.0 10.0
436.0 1521.0 20.0 10.0
444.0 1545.0 20.0 10.0
1287.0 3508.0 20.0 10.0
4336.0 272.0 20.0 10.0
220.0 1450.0 20.0 10.0
2239.0 1453.0 20.0 10.0
4281.0 247.0 20.0 10.0
4266.0 266.0 20.0 10.0
4062.0 468.0 20.0 10.0
1497.0 2682.0 20.0 10.0
1510.0 2663.0 20.0 10.0
850.0 1924.0 20.0 10.0
361.0 3252.0 20.0 10.0
2271.0 1552.0 20.0 10.0
1624.0 1991.0 20.0 10.0
1609.0 1976.0 20.0 10.0
1603.0 1951.0 20.0 10.0
2855.0 1269.0 20.0 10.0
2669.0 1624.0 20.0 10.0
892.0 2127.0 20.0 10.0
116.0 1417.0 20.0 10.0
3665.0 649.0 20.0 10.0
3654.0 665.0 20.0 10.0
3641.0 682.0 20.0 10.0
4066.0 678.0 20.0 10.0
3867.0 676.0 20.0 10.0
1645.0 1817.0 20.0 10.0
3905.0 683.0 20.0 10.0
3319.0 1128.0 20.0 10.0
2684.0 1623.0 20.0 10.0
458.0 1664.0 20.0 10.0
3013.0 1165.0 20.0 10.0
465.0 3506.0 20.0 10.0
806.0 288.0 20.0 10.0
2431.0 1452.0 20.0 10.0
2405.0 1460.0 20.0 10.0
68.0 1865.0 20.0 10.0
1149.0 878.0 20.0 10.0
111.0 1822.0 20.0 10.0
3559.0 854.0 20.0 10.0
1560.0 2479.0 20.0 10.0
1561.0 2505.0 20.0 10.0
3690.0 741.0 20.0 10.0
2636.0 1683.0 20.0 10.0
1433.0 2586.0 20.0 10.0
1445.0 2580.0 20.0 10.0
1304.0 3499.0 20.0 10.0
1595.0 2727.0 20.0 10.0
743.0 2177.0 20.0 10.0
431.0 3638.0 20.0 10.0
407.0 3635.0 20.0 10.0
380.0 3629.0 20.0 10.0
2794.0 1849.0 20.0 10.0
2299.0 1473.0 20.0 10.0
899.0 521.0 20.0 10.0
1152.0 3492.0 20.0 10.0
1145.0 3506.0 20.0 10.0
340.0 1733.0 20.0 10.0
2728.0 1723.0 20.0 10.0
337.0 3679.0 20.0 10.0
354.0 3667.0 20.0 10.0
361.0 3645.0 20.0 10.0
2787.0 1882.0 20.0 10.0
2755.0 1870.0 20.0 10.0
875.0 2055.0 20.0 10.0
874.0 2250.0 20.0 10.0
1154.0 938.0 20.0 10.0
1587.0 2487.0 20.0 10.0
1259.0 3725.0 20.0 10.0
1238.0 3715.0 20.0 10.0
1873.0 1632.0 20.0 10.0
3608.0 792.0 20.0 10.0
4093.0 714.0 20.0 10.0
1606.0 2632.0 20.0 10.0
652.0 3374.0 20.0 10.0
637.0 3391.0 20.0 10.0
291.0 1453.0 20.0 10.0
4147.0 600.0 20.0 10.0
4121.0 607.0 20.0 10.0
224.0 3567.0 20.0 10.0
3698.0 637.0 20.0 10.0
3675.0 633.0 20.0 10.0
341.0 3688.0 20.0 10.0
3856.0 670.0 20.0 10.0
4500.0 120.0 20.0 10.0
748.0 122.0 20.0 10.0
715.0 97.0 20.0 10.0
842.0 366.0 20.0 10.0
855.0 385.0 20.0 10.0
2249.0 1425.0 20.0 10.0
4357.0 263.0 20.0 10.0
509.0 1689.0 20.0 10.0
295.0 3455.0 20.0 10.0
314.0 3464.0 20.0 10.0
1026.0 1687.0 20.0 10.0
1033.0 1660.0 20.0 10.0
1014.0 1641.0 20.0 10.0
4223.0 594.0 20.0 10.0
1600.0 1654.0 20.0 10.0
1592.0 1664.0 20.0 10.0
1582.0 1688.0 20.0 10.0
1556.0 1696.0 20.0 10.0
49.0 3544.0 20.0 10.0
1482.0 2603.0 20.0 10.0
1504.0 2506.0 20.0 10.0
2410.0 1442.0 20.0 10.0
1462.0 2624.0 20.0 10.0
396.0 3496.0 20.0 10.0
423.0 3514.0 20.0 10.0
3723.0 738.0 20.0 10.0
4102.0 688.0 20.0 10.0
4084.0 684.0 20.0 10.0
1144.0 1132.0 20.0 10.0
1161.0 1202.0 20.0 10.0
305.0 1734.0 20.0 10.0
329.0 1722.0 20.0 10.0
4276.0 230.0 20.0 10.0
4275.0 242.0 20.0 10.0
1892.0 1615.0 20.0 10.0
1128.0 3608.0 20.0 10.0
187.0 1423.0 20.0 10.0
3855.0 595.0 20.0 10.0
3842.0 619.0 20.0 10.0
4223.0 395.0 20.0 10.0
4209.0 402.0 20.0 10.0
4184.0 404.0 20.0 10.0
4158.0 407.0 20.0 10.0
1542.0 2692.0 20.0 10.0
1351.0 3784.0 20.0 10.0
1149.0 871.0 20.0 10.0
860.0 2107.0 20.0 10.0
1475.0 3827.0 20.0 10.0
507.0 1664.0 20.0 10.0
527.0 1651.0 20.0 10.0
948.0 1805.0 20.0 10.0
938.0 1778.0 20.0 10.0
2720.0 1340.0 20.0 10.0
1462.0 2660.0 20.0 10.0
501.0 3502.0 20.0 10.0
176.0 1443.0 20.0 10.0
900.0 2119.0 20.0 10.0
1420.0 2698.0 20.0 10.0
381.0 3307.0 20.0 10.0
289.0 3179.0 20.0 10.0
313.0 3195.0 20.0 10.0
1632.0 1956.0 20.0 10.0
381.0 3602.0 20.0 10.0
403.0 3559.0 20.0 10.0
742.0 126.0 20.0 10.0
735.0 153.0 20.0 10.0
753.0 175.0 20.0 10.0
755.0 212.0 20.0 10.0
1212.0 1326.0 20.0 10.0
2380.0 1594.0 20.0 10.0
4384.0 258.0 20.0 10.0
4372.0 261.0 20.0 10.0
894.0 3627.0 20.0 10.0
1527.0 2419.0 20.0 10.0
488.0 1668.0 20.0 10.0
3946.0 643.0 20.0 10.0
599.0 3470.0 20.0 10.0
573.0 3464.0 20.0 10.0
557.0 3502.0 20.0 10.0
484.0 3486.0 20.0 10.0
457.0 3432.0 20.0 10.0
310.0 3223.0 20.0 10.0
338.0 3237.0 20.0 10.0
1010.0 1627.0 20.0 10.0
2600.0 1740.0 20.0 10.0
596.0 3483.0 20.0 10.0
1033.0 791.0 20.0 10.0
4293.0 264.0 20.0 10.0
2714.0 1723.0 20.0 10.0
2700.0 1722.0 20.0 10.0
2438.0 1588.0 20.0 10.0
4157.0 603.0 20.0 10.0
848.0 2085.0 20.0 10.0
3632.0 771.0 20.0 10.0
1492.0 1529.0 20.0 10.0
1474.0 1548.0 20.0 10.0
207.0 3567.0 20.0 10.0
933.0 1829.0 20.0 10.0
4162.0 593.0 20.0 10.0
271.0 3168.0 20.0 10.0
4348.0 246.0 20.0 10.0
4329.0 249.0 20.0 10.0
988.0 3574.0 20.0 10.0
989.0 3601.0 20.0 10.0
978.0 3626.0 20.0 10.0
908.0 3604.0 20.0 10.0
386.0 3811.0 20.0 10.0
1504.0 1499.0 20.0 10.0
1567.0 2225.0 20.0 10.0
25.0 3547.0 20.0 10.0
1709.0 3551.0 20.0 10.0
200.0 3077.0 20.0 10.0
3560.0 780.0 20.0 10.0
3537.0 808.0 20.0 10.0
2405.0 1576.0 20.0 10.0
1394.0 2803.0 20.0 10.0
3208.0 1155.0 20.0 10.0
3219.0 1132.0 20.0 10.0
145.0 1828.0 20.0 10.0
179.0 1815.0 20.0 10.0
261.0 3121.0 20.0 10.0
2655.0 1624.0 20.0 10.0
2642.0 1625.0 20.0 10.0
1515.0 3851.0 20.0 10.0
1490.0 3832.0 20.0 10.0
1445.0 3815.0 20.0 10.0
70.0 3595.0 20.0 10.0
1434.0 1589.0 20.0 10.0
2458.0 1562.0 20.0 10.0
2446.0 1562.0 20.0 10.0
2426.0 1555.0 20.0 10.0
956.0 639.0 20.0 10.0
962.0 647.0 20.0 10.0
3283.0 1124.0 20.0 10.0
3433.0 915.0 20.0 10.0
3436.0 895.0 20.0 10.0
1025.0 816.0 20.0 10.0
2871.0 1948.0 20.0 10.0
4394.0 205.0 20.0 10.0
183.0 1453.0 20.0 10.0
206.0 1461.0 20.0 10.0
4105.0 391.0 20.0 10.0
462.0 1689.0 20.0 10.0
2759.0 1732.0 20.0 10.0
191.0 1802.0 20.0 10.0
3235.0 997.0 20.0 10.0
1567.0 2318.0 20.0 10.0
1160.0 963.0 20.0 10.0
2639.0 1411.0 20.0 10.0
1049.0 878.0 20.0 10.0
3604.0 729.0 20.0 10.0
3583.0 754.0 20.0 10.0
3401.0 1137.0 20.0 10.0
3390.0 1136.0 20.0 10.0
1171.0 1019.0 20.0 10.0
746.0 108.0 20.0 10.0
438.0 3407.0 20.0 10.0
838.0 3582.0 20.0 10.0
768.0 3561.0 20.0 10.0
698.0 3542.0 20.0 10.0
627.0 3522.0 20.0 10.0
873.0 2082.0 20.0 10.0
791.0 1965.0 20.0 10.0
818.0 1945.0 20.0 10.0
2643.0 1859.0 20.0 10.0
2637.0 1844.0 20.0 10.0
2631.0 1824.0 20.0 10.0
2622.0 1799.0 20.0 10.0
2625.0 1767.0 20.0 10.0
2617.0 1731.0 20.0 10.0
840.0 1601.0 20.0 10.0
987.0 1797.0 20.0 10.0
2872.0 1237.0 20.0 10.0
873.0 1811.0 20.0 10.0
1550.0 2570.0 20.0 10.0
948.0 637.0 20.0 10.0
227.0 1732.0 20.0 10.0
805.0 320.0 20.0 10.0
2191.0 1539.0 20.0 10.0
2775.0 1864.0 20.0 10.0
175.0 3591.0 20.0 10.0
1469.0 2738.0 20.0 10.0
1455.0 2718.0 20.0 10.0
172.0 3034.0 20.0 10.0
184.0 3052.0 20.0 10.0
1208.0 3717.0 20.0 10.0
1174.0 3707.0 20.0 10.0
1111.0 3679.0 20.0 10.0
2933.0 1218.0 20.0 10.0
1608.0 2530.0 20.0 10.0
1500.0 1664.0 20.0 10.0
1155.0 898.0 20.0 10.0
1175.0 1274.0 20.0 10.0
1189.0 1346.0 20.0 10.0
1419.0 1614.0 20.0 10.0
1487.0 1654.0 20.0 10.0
2423.0 1480.0 20.0 10.0
1557.0 2728.0 20.0 10.0
949.0 2045.0 20.0 10.0
1256.0 1398.0 20.0 10.0
3900.0 669.0 20.0 10.0
3860.0 628.0 20.0 10.0
218.0 3887.0 20.0 10.0
237.0 3859.0 20.0 10.0
3926.0 653.0 20.0 10.0
834.0 2037.0 20.0 10.0
2576.0 1558.0 20.0 10.0
2569.0 1508.0 20.0 10.0
2568.0 1455.0 20.0 10.0
2494.0 1482.0 20.0 10.0
1534.0 2455.0 20.0 10.0
3350.0 948.0 20.0 10.0
3264.0 1001.0 20.0 10.0
3178.0 1055.0 20.0 10.0
3094.0 1111.0 20.0 10.0
817.0 301.0 20.0 10.0
821.0 327.0 20.0 10.0
2716.0 1615.0 20.0 10.0
885.0 2193.0 20.0 10.0
353.0 1771.0 20.0 10.0
924.0 2049.0 20.0 10.0
4168.0 365.0 20.0 10.0
4244.0 589.0 20.0 10.0
4231.0 590.0 20.0 10.0
4116.0 399.0 20.0 10.0
1269.0 3518.0 20.0 10.0
367.0 3482.0 20.0 10.0
1512.0 2703.0 20.0 10.0
1509.0 2689.0 20.0 10.0
235.0 1783.0 20.0 10.0
346.0 3744.0 20.0 10.0
82.0 3540.0 20.0 10.0
2759.0 1622.0 20.0 10.0
1501.0 1510.0 20.0 10.0
1427.0 2780.0 20.0 10.0
129.0 1815.0 20.0 10.0
727.0 3609.0 20.0 10.0
749.0 3593.0 20.0 10.0
2139.0 1545.0 20.0 10.0
1547.0 2606.0 20.0 10.0
917.0 1594.0 20.0 10.0
1556.0 3868.0 20.0 10.0
1505.0 2633.0 20.0 10.0
2401.0 1545.0 20.0 10.0
2343.0 1556.0 20.0 10.0
1499.0 2704.0 20.0 10.0
1579.0 2494.0 20.0 10.0
1259.0 3517.0 20.0 10.0
1248.0 3529.0 20.0 10.0
1224.0 3544.0 20.0 10.0
1439.0 2595.0 20.0 10.0
1453.0 2580.0 20.0 10.0
4019.0 490.0 20.0 10.0
1137.0 945.0 20.0 10.0
1144.0 956.0 20.0 10.0
1160.0 977.0 20.0 10.0
352.0 1751.0 20.0 10.0
2413.0 1430.0 20.0 10.0
1598.0 2682.0 20.0 10.0
716.0 2017.0 20.0 10.0
3623.0 705.0 20.0 10.0
3678.0 622.0 20.0 10.0
2435.0 1413.0 20.0 10.0
2425.0 1429.0 20.0 10.0
210.0 2984.0 20.0 10.0
216.0 3007.0 20.0 10.0
155.0 3609.0 20.0 10.0
198.0 1452.0 20.0 10.0
2158.0 1514.0 20.0 10.0
1447.0 2824.0 20.0 10.0
1449.0 2794.0 20.0 10.0
1449.0 2758.0 20.0 10.0
127.0 3625.0 20.0 10.0
144.0 3611.0 20.0 10.0
2122.0 1565.0 20.0 10.0
1127.0 3540.0 20.0 10.0
156.0 3038.0 20.0 10.0
4241.0 312.0 20.0 10.0
1063.0 1009.0 20.0 10.0
4293.0 292.0 20.0 10.0
4261.0 297.0 20.0 10.0
4214.0 329.0 20.0 10.0
787.0 341.0 20.0 10.0
798.0 347.0 20.0 10.0
618.0 3354.0 20.0 10.0
1293.0 3756.0 20.0 10.0
1276.0 3727.0 20.0 10.0
876.0 437.0 20.0 10.0
1128.0 3553.0 20.0 10.0
3895.0 659.0 20.0 10.0
3928.0 624.0 20.0 10.0
1441.0 2874.0 20.0 10.0
1583.0 2303.0 20.0 10.0
2849.0 1989.0 20.0 10.0
230.0 3871.0 20.0 10.0
862.0 1594.0 20.0 10.0
184.0 3917.0 20.0 10.0
126.0 3523.0 20.0 10.0
155.0 3525.0 20.0 10.0
849.0 3645.0 20.0 10.0
2689.0 1715.0 20.0 10.0
2673.0 1733.0 20.0 10.0
3546.0 831.0 20.0 10.0
3521.0 843.0 20.0 10.0
1584.0 3864.0 20.0 10.0
1563.0 3855.0 20.0 10.0
1528.0 3851.0 20.0 10.0
237.0 1472.0 20.0 10.0
2784.0 1901.0 20.0 10.0
1619.0 2700.0 20.0 10.0
4341.0 207.0 20.0 10.0
722.0 2002.0 20.0 10.0
1396.0 3796.0 20.0 10.0
2043.0 1589.0 20.0 10.0
1494.0 2542.0 20.0 10.0
2401.0 1604.0 20.0 10.0
1324.0 3777.0 20.0 10.0
892.0 1785.0 20.0 10.0
1009.0 731.0 20.0 10.0
2679.0 1753.0 20.0 10.0
2659.0 1717.0 20.0 10.0
1545.0 1661.0 20.0 10.0
1537.0 1688.0 20.0 10.0
1555.0 1703.0 20.0 10.0
398.0 3330.0 20.0 10.0
1370.0 2737.0 20.0 10.0
4448.0 163.0 20.0 10.0
4426.0 180.0 20.0 10.0
4395.0 192.0 20.0 10.0
656.0 89.0 20.0 10.0
674.0 107.0 20.0 10.0
689.0 124.0 20.0 10.0
1579.0 2604.0 20.0 10.0
1226.0 1402.0 20.0 10.0
1200.0 1420.0 20.0 10.0
1379.0 2868.0 20.0 10.0
1392.0 2845.0 20.0 10.0
4144.0 593.0 20.0 10.0
4133.0 426.0 20.0 10.0
143.0 1438.0 20.0 10.0
164.0 1448.0 20.0 10.0
1067.0 3607.0 20.0 10.0
665.0 3364.0 20.0 10.0
2738.0 1842.0 20.0 10.0
602.0 3372.0 20.0 10.0
1634.0 3431.0 20.0 10.0
2866.0 1937.0 20.0 10.0
4070.0 445.0 20.0 10.0
4078.0 610.0 20.0 10.0
4031.0 616.0 20.0 10.0
3983.0 624.0 20.0 10.0
2591.0 1716.0 20.0 10.0
1120.0 1068.0 20.0 10.0
71.0 3543.0 20.0 10.0
105.0 3546.0 20.0 10.0
842.0 1929.0 20.0 10.0
872.0 1913.0 20.0 10.0
312.0 1466.0 20.0 10.0
3932.0 636.0 20.0 10.0
196.0 1721.0 20.0 10.0
905.0 1895.0 20.0 10.0
2698.0 1622.0 20.0 10.0
1547.0 2673.0 20.0 10.0
978.0 1683.0 20.0 10.0
987.0 1635.0 20.0 10.0
994.0 1585.0 20.0 10.0
2604.0 1757.0 20.0 10.0
1361.0 2889.0 20.0 10.0
1067.0 1556.0 20.0 10.0
1139.0 1524.0 20.0 10.0
1209.0 1494.0 20.0 10.0
1280.0 1534.0 20.0 10.0
1349.0 1573.0 20.0 10.0
758.0 2160.0 20.0 10.0
855.0 1818.0 20.0 10.0
362.0 3802.0 20.0 10.0
321.0 3300.0 20.0 10.0
1660.0 3442.0 20.0 10.0
1111.0 3548.0 20.0 10.0
1118.0 3570.0 20.0 10.0
223.0 1791.0 20.0 10.0
2165.0 1533.0 20.0 10.0
962.0 1780.0 20.0 10.0
970.0 1731.0 20.0 10.0
4364.0 210.0 20.0 10.0
251.0 3842.0 20.0 10.0
258.0 3830.0 20.0 10.0
1569.0 2681.0 20.0 10.0
1560.0 2655.0 20.0 10.0
1431.0 2605.0 20.0 10.0
338.0 3488.0 20.0 10.0
1581.0 2538.0 20.0 10.0
1560.0 2550.0 20.0 10.0
1544.0 2532.0 20.0 10.0
968.0 658.0 20.0 10.0
977.0 669.0 20.0 10.0
951.0 1829.0 20.0 10.0
831.0 1823.0 20.0 10.0
842.0 1821.0 20.0 10.0
2198.0 1574.0 20.0 10.0
2126.0 1593.0 20.0 10.0
2054.0 1613.0 20.0 10.0
881.0 2216.0 20.0 10.0
1267.0 3565.0 20.0 10.0
3594.0 820.0 20.0 10.0
3319.0 1119.0 20.0 10.0
3310.0 1122.0 20.0 10.0
3293.0 1121.0 20.0 10.0
3266.0 1129.0 20.0 10.0
208.0 3033.0 20.0 10.0
206.0 3063.0 20.0 10.0
232.0 3090.0 20.0 10.0
781.0 2154.0 20.0 10.0
682.0 44.0 20.0 10.0
1176.0 1047.0 20.0 10.0
1177.0 1072.0 20.0 10.0
3376.0 1134.0 20.0 10.0
24.0 1897.0 20.0 10.0
46.0 1880.0 20.0 10.0
2740.0 1724.0 20.0 10.0
1464.0 2526.0 20.0 10.0
1473.0 2515.0 20.0 10.0
288.0 1760.0 20.0 10.0
4149.0 706.0 20.0 10.0
4130.0 696.0 20.0 10.0
837.0 354.0 20.0 10.0
1089.0 993.0 20.0 10.0
418.0 1504.0 20.0 10.0
427.0 1512.0 20.0 10.0
1162.0 928.0 20.0 10.0
428.0 3380.0 20.0 10.0
1427.0 2898.0 20.0 10.0
1187.0 3609.0 20.0 10.0
1345.0 2911.0 20.0 10.0
687.0 52.0 20.0 10.0
697.0 67.0 20.0 10.0
702.0 99.0 20.0 10.0
734.0 133.0 20.0 10.0
378.0 3235.0 20.0 10.0
111.0 3501.0 20.0 10.0
133.0 3508.0 20.0 10.0
419.0 1651.0 20.0 10.0
1555.0 2291.0 20.0 10.0
1541.0 2355.0 20.0 10.0
2246.0 1436.0 20.0 10.0
497.0 1537.0 20.0 10.0
575.0 3434.0 20.0 10.0
1026.0 784.0 20.0 10.0
974.0 696.0 20.0 10.0
1000.0 756.0 20.0 10.0
2900.0 1236.0 20.0 10.0
593.0 3431.0 20.0 10.0
2363.0 1573.0 20.0 10.0
2372.0 1549.0 20.0 10.0
2608.0 1616.0 20.0 10.0
944.0 673.0 20.0 10.0
135.0 1813.0 20.0 10.0
149.0 1809.0 20.0 10.0
1411.0 2812.0 20.0 10.0
1957.0 1617.0 20.0 10.0
1981.0 1606.0 20.0 10.0
1146.0 841.0 20.0 10.0
1148.0 854.0 20.0 10.0
898.0 2134.0 20.0 10.0
1723.0 1708.0 20.0 10.0
2393.0 1595.0 20.0 10.0
2378.0 1577.0 20.0 10.0
4211.0 431.0 20.0 10.0
76.0 1859.0 20.0 10.0
90.0 1854.0 20.0 10.0
115.0 1841.0 20.0 10.0
4106.0 451.0 20.0 10.0
1489.0 2497.0 20.0 10.0
1517.0 1643.0 20.0 10.0
1597.0 2532.0 20.0 10.0
214.0 3910.0 20.0 10.0
2608.0 1651.0 20.0 10.0
2591.0 1604.0 20.0 10.0
2985.0 1189.0 20.0 10.0
113.0 4012.0 20.0 10.0
4120.0 404.0 20.0 10.0
700.0 1605.0 20.0 10.0
915.0 2072.0 20.0 10.0
4046.0 674.0 20.0 10.0
4116.0 692.0 20.0 10.0
798.0 2068.0 20.0 10.0
816.0 2057.0 20.0 10.0
828.0 2057.0 20.0 10.0
757.0 145.0 20.0 10.0
428.0 1702.0 20.0 10.0
4487.0 109.0 20.0 10.0
1196.0 3564.0 20.0 10.0
748.0 187.0 20.0 10.0
1545.0 1526.0 20.0 10.0
1390.0 2721.0 20.0 10.0
1289.0 3759.0 20.0 10.0
1097.0 3653.0 20.0 10.0
1836.0 3471.0 20.0 10.0
1810.0 3449.0 20.0 10.0
1781.0 3435.0 20.0 10.0
1747.0 3431.0 20.0 10.0
1537.0 2640.0 20.0 10.0
1095.0 1548.0 20.0 10.0
802.0 1951.0 20.0 10.0
1166.0 1517.0 20.0 10.0
4091.0 416.0 20.0 10.0
1368.0 2892.0 20.0 10.0
4109.0 393.0 20.0 10.0
343.0 3265.0 20.0 10.0
1352.0 3771.0 20.0 10.0
937.0 1876.0 20.0 10.0
1519.0 1525.0 20.0 10.0
369.0 1726.0 20.0 10.0
200.0 1827.0 20.0 10.0
2263.0 1449.0 20.0 10.0
886.0 2143.0 20.0 10.0
1116.0 1562.0 20.0 10.0
4458.0 153.0 20.0 10.0
3422.0 887.0 20.0 10.0
2319.0 1472.0 20.0 10.0
2295.0 1462.0 20.0 10.0
2276.0 1458.0 20.0 10.0
1190.0 3589.0 20.0 10.0
1165.0 3588.0 20.0 10.0
423.0 1662.0 20.0 10.0
433.0 1659.0 20.0 10.0
445.0 1662.0 20.0 10.0
1587.0 2734.0 20.0 10.0
1571.0 2711.0 20.0 10.0
336.0 3824.0 20.0 10.0
335.0 3809.0 20.0 10.0
2688.0 1785.0 20.0 10.0
2696.0 1757.0 20.0 10.0
1136.0 3522.0 20.0 10.0
1447.0 2865.0 20.0 10.0
325.0 3292.0 20.0 10.0
351.0 3299.0 20.0 10.0
142.0 3028.0 20.0 10.0
218.0 1729.0 20.0 10.0
239.0 1733.0 20.0 10.0
604.0 3397.0 20.0 10.0
2722.0 1811.0 20.0 10.0
2704.0 1781.0 20.0 10.0
243.0 3543.0 20.0 10.0
302.0 3534.0 20.0 10.0
3265.0 1108.0 20.0 10.0
3246.0 1101.0 20.0 10.0
961.0 3594.0 20.0 10.0
3888.0 682.0 20.0 10.0
1446.0 2836.0 20.0 10.0
135.0 3985.0 20.0 10.0
148.0 3968.0 20.0 10.0
163.0 3950.0 20.0 10.0
179.0 3930.0 20.0 10.0
197.0 3909.0 20.0 10.0
2832.0 1969.0 20.0 10.0
1008.0 658.0 20.0 10.0
864.0 2182.0 20.0 10.0
877.0 2162.0 20.0 10.0
4195.0 433.0 20.0 10.0
4174.0 441.0 20.0 10.0
4143.0 449.0 20.0 10.0
3959.0 536.0 20.0 10.0
3898.0 584.0 20.0 10.0
3835.0 635.0 20.0 10.0
3772.0 690.0 20.0 10.0
1841.0 1676.0 20.0 10.0
1769.0 1697.0 20.0 10.0
1048.0 796.0 20.0 10.0
554.0 3440.0 20.0 10.0
1510.0 2480.0 20.0 10.0
2725.0 1622.0 20.0 10.0
2711.0 1622.0 20.0 10.0
1865.0 3459.0 20.0 10.0
869.0 3557.0 20.0 10.0
894.0 3561.0 20.0 10.0
907.0 3577.0 20.0 10.0
76.0 3647.0 20.0 10.0
96.0 3638.0 20.0 10.0
116.0 3627.0 20.0 10.0
788.0 2181.0 20.0 10.0
1573.0 1642.0 20.0 10.0
1106.0 3708.0 20.0 10.0
1444.0 2689.0 20.0 10.0
3070.0 1132.0 20.0 10.0
