1000
1055.0 787.0 20.0 10.0
943.0 663.0 20.0 10.0
1014.0 645.0 20.0 10.0
850.0 690.0 20.0 10.0
819.0 560.0 20.0 10.0
961.0 600.0 20.0 10.0
1097.0 797.0 20.0 10.0
1165.0 908.0 20.0 10.0
958.0 568.0 20.0 10.0
980.0 541.0 20.0 10.0
1002.0 594.0 20.0 10.0
801.0 478.0 20.0 10.0
764.0 729.0 20.0 10.0
1180.0 1002.0 20.0 10.0
999.0 498.0 20.0 10.0
1053.0 523.0 20.0 10.0
1187.0 1096.0 20.0 10.0
1219.0 995.0 20.0 10.0
822.0 713.0 20.0 10.0
798.0 532.0 20.0 10.0
841.0 642.0 20.0 10.0
696.0 481.0 20.0 10.0
792.0 505.0 20.0 10.0
1282.0 1001.0 20.0 10.0
1084.0 624.0 20.0 10.0
827.0 610.0 20.0 10.0
988.0 497.0 20.0 10.0
1188.0 1183.0 20.0 10.0
695.0 739.0 20.0 10.0
586.0 411.0 20.0 10.0
786.0 401.0 20.0 10.0
917.0 697.0 20.0 10.0
482.0 340.0 20.0 10.0
963.0 541.0 20.0 10.0
1345.0 1087.0 20.0 10.0
1402.0 1170.0 20.0 10.0
448.0 314.0 20.0 10.0
1192.0 1263.0 20.0 10.0
647.0 466.0 20.0 10.0
703.0 773.0 20.0 10.0
806.0 738.0 20.0 10.0
1448.0 1241.0 20.0 10.0
1180.0 1135.0 20.0 10.0
821.0 627.0 20.0 10.0
680.0 810.0 20.0 10.0
1018.0 460.0 20.0 10.0
1149.0 601.0 20.0 10.0
954.0 701.0 20.0 10.0
782.0 530.0 20.0 10.0
385.0 273.0 20.0 10.0
535.0 393.0 20.0 10.0
848.0 596.0 20.0 10.0
1488.0 1298.0 20.0 10.0
1184.0 1032.0 20.0 10.0
305.0 215.0 20.0 10.0
1215.0 1107.0 20.0 10.0
1200.0 579.0 20.0 10.0
965.0 736.0 20.0 10.0
1239.0 1108.0 20.0 10.0
1078.0 786.0 20.0 10.0
1355.0 1055.0 20.0 10.0
1183.0 1115.0 20.0 10.0
438.0 309.0 20.0 10.0
1367.0 1037.0 20.0 10.0
1097.0 462.0 20.0 10.0
1176.0 1301.0 20.0 10.0
405.0 283.0 20.0 10.0
995.0 454.0 20.0 10.0
892.0 724.0 20.0 10.0
643.0 429.0 20.0 10.0
345.0 249.0 20.0 10.0
774.0 554.0 20.0 10.0
634.0 752.0 20.0 10.0
1137.0 407.0 20.0 10.0
620.0 450.0 20.0 10.0
1083.0 489.0 20.0 10.0
1191.0 918.0 20.0 10.0
963.0 764.0 20.0 10.0
1249.0 557.0 20.0 10.0
628.0 391.0 20.0 10.0
1210.0 1012.0 20.0 10.0
648.0 812.0 20.0 10.0
942.0 718.0 20.0 10.0
824.0 577.0 20.0 10.0
771.0 334.0 20.0 10.0
1118.0 625.0 20.0 10.0
765.0 283.0 20.0 10.0
265.0 185.0 20.0 10.0
1171.0 361.0 20.0 10.0
1447.0 1071.0 20.0 10.0
605.0 831.0 20.0 10.0
772.0 527.0 20.0 10.0
1114.0 786.0 20.0 10.0
1388.0 1080.0 20.0 10.0
1271.0 533.0 20.0 10.0
1154.0 1335.0 20.0 10.0
736.0 753.0 20.0 10.0
759.0 510.0 20.0 10.0
1443.0 1225.0 20.0 10.0
1136.0 1363.0 20.0 10.0
1404.0 1054.0 20.0 10.0
1175.0 1166.0 20.0 10.0
579.0 767.0 20.0 10.0
1503.0 1348.0 20.0 10.0
1199.0 324.0 20.0 10.0
495.0 383.0 20.0 10.0
812.0 593.0 20.0 10.0
905.0 726.0 20.0 10.0
350.0 234.0 20.0 10.0
784.0 757.0 20.0 10.0
823.0 690.0 20.0 10.0
1243.0 997.0 20.0 10.0
872.0 751.0 20.0 10.0
770.0 250.0 20.0 10.0
1420.0 1106.0 20.0 10.0
1319.0 1019.0 20.0 10.0
671.0 837.0 20.0 10.0
1457.0 1285.0 20.0 10.0
568.0 842.0 20.0 10.0
630.0 446.0 20.0 10.0
961.0 769.0 20.0 10.0
1037.0 644.0 20.0 10.0
1199.0 1337.0 20.0 10.0
1042.0 570.0 20.0 10.0
1522.0 1104.0 20.0 10.0
786.0 367.0 20.0 10.0
1177.0 1058.0 20.0 10.0
942.0 640.0 20.0 10.0
1213.0 1375.0 20.0 10.0
1196.0 1394.0 20.0 10.0
1191.0 1445.0 20.0 10.0
797.0 543.0 20.0 10.0
538.0 782.0 20.0 10.0
229.0 161.0 20.0 10.0
976.0 710.0 20.0 10.0
1444.0 1273.0 20.0 10.0
849.0 775.0 20.0 10.0
1238.0 1021.0 20.0 10.0
1375.0 1110.0 20.0 10.0
825.0 681.0 20.0 10.0
954.0 519.0 20.0 10.0
237.0 166.0 20.0 10.0
1211.0 1380.0 20.0 10.0
598.0 405.0 20.0 10.0
824.0 551.0 20.0 10.0
1219.0 1131.0 20.0 10.0
1176.0 580.0 20.0 10.0
826.0 794.0 20.0 10.0
751.0 293.0 20.0 10.0
1180.0 1216.0 20.0 10.0
1255.0 992.0 20.0 10.0
505.0 796.0 20.0 10.0
1159.0 1234.0 20.0 10.0
1060.0 496.0 20.0 10.0
350.0 259.0 20.0 10.0
1260.0 1015.0 20.0 10.0
767.0 772.0 20.0 10.0
1116.0 436.0 20.0 10.0
892.0 755.0 20.0 10.0
794.0 442.0 20.0 10.0
202.0 154.0 20.0 10.0
1131.0 792.0 20.0 10.0
1465.0 1257.0 20.0 10.0
662.0 738.0 20.0 10.0
1545.0 1126.0 20.0 10.0
511.0 790.0 20.0 10.0
718.0 780.0 20.0 10.0
606.0 392.0 20.0 10.0
1482.0 1154.0 20.0 10.0
788.0 479.0 20.0 10.0
1167.0 1323.0 20.0 10.0
1516.0 1183.0 20.0 10.0
767.0 361.0 20.0 10.0
1327.0 1015.0 20.0 10.0
1160.0 1190.0 20.0 10.0
897.0 765.0 20.0 10.0
659.0 835.0 20.0 10.0
1289.0 551.0 20.0 10.0
323.0 197.0 20.0 10.0
1078.0 551.0 20.0 10.0
1191.0 1224.0 20.0 10.0
782.0 448.0 20.0 10.0
1283.0 544.0 20.0 10.0
1556.0 1118.0 20.0 10.0
1513.0 1167.0 20.0 10.0
751.0 499.0 20.0 10.0
577.0 359.0 20.0 10.0
1194.0 600.0 20.0 10.0
331.0 251.0 20.0 10.0
1575.0 1118.0 20.0 10.0
1338.0 1041.0 20.0 10.0
1159.0 1057.0 20.0 10.0
422.0 292.0 20.0 10.0
620.0 831.0 20.0 10.0
889.0 781.0 20.0 10.0
1278.0 1010.0 20.0 10.0
1505.0 1176.0 20.0 10.0
1484.0 1268.0 20.0 10.0
1173.0 1247.0 20.0 10.0
1194.0 1132.0 20.0 10.0
727.0 473.0 20.0 10.0
888.0 808.0 20.0 10.0
798.0 718.0 20.0 10.0
796.0 449.0 20.0 10.0
1530.0 1334.0 20.0 10.0
744.0 334.0 20.0 10.0
425.0 297.0 20.0 10.0
1111.0 464.0 20.0 10.0
856.0 552.0 20.0 10.0
1233.0 1117.0 20.0 10.0
1199.0 562.0 20.0 10.0
1135.0 1358.0 20.0 10.0
461.0 378.0 20.0 10.0
543.0 771.0 20.0 10.0
577.0 847.0 20.0 10.0
1158.0 386.0 20.0 10.0
511.0 767.0 20.0 10.0
739.0 547.0 20.0 10.0
1198.0 1293.0 20.0 10.0
664.0 460.0 20.0 10.0
992.0 422.0 20.0 10.0
630.0 739.0 20.0 10.0
574.0 387.0 20.0 10.0
1355.0 1033.0 20.0 10.0
1287.0 984.0 20.0 10.0
907.0 774.0 20.0 10.0
406.0 290.0 20.0 10.0
996.0 514.0 20.0 10.0
1200.0 936.0 20.0 10.0
757.0 301.0 20.0 10.0
1165.0 1022.0 20.0 10.0
547.0 782.0 20.0 10.0
971.0 572.0 20.0 10.0
203.0 134.0 20.0 10.0
1158.0 1163.0 20.0 10.0
171.0 109.0 20.0 10.0
1366.0 1021.0 20.0 10.0
1210.0 1148.0 20.0 10.0
537.0 856.0 20.0 10.0
1218.0 1422.0 20.0 10.0
1401.0 1029.0 20.0 10.0
1252.0 1163.0 20.0 10.0
1543.0 1194.0 20.0 10.0
615.0 848.0 20.0 10.0
1282.0 1179.0 20.0 10.0
749.0 516.0 20.0 10.0
431.0 378.0 20.0 10.0
759.0 429.0 20.0 10.0
1137.0 608.0 20.0 10.0
1153.0 1080.0 20.0 10.0
816.0 631.0 20.0 10.0
1042.0 644.0 20.0 10.0
1153.0 779.0 20.0 10.0
327.0 242.0 20.0 10.0
1009.0 572.0 20.0 10.0
1221.0 1355.0 20.0 10.0
1224.0 565.0 20.0 10.0
638.0 729.0 20.0 10.0
1472.0 1289.0 20.0 10.0
1555.0 1363.0 20.0 10.0
303.0 230.0 20.0 10.0
975.0 720.0 20.0 10.0
1576.0 1134.0 20.0 10.0
521.0 795.0 20.0 10.0
1077.0 505.0 20.0 10.0
948.0 495.0 20.0 10.0
262.0 192.0 20.0 10.0
1479.0 1276.0 20.0 10.0
1067.0 819.0 20.0 10.0
1184.0 1256.0 20.0 10.0
1269.0 1196.0 20.0 10.0
1226.0 1456.0 20.0 10.0
1515.0 1388.0 20.0 10.0
512.0 871.0 20.0 10.0
1228.0 1447.0 20.0 10.0
1171.0 1280.0 20.0 10.0
1180.0 773.0 20.0 10.0
1189.0 1122.0 20.0 10.0
769.0 508.0 20.0 10.0
795.0 339.0 20.0 10.0
1541.0 1208.0 20.0 10.0
594.0 857.0 20.0 10.0
1191.0 1483.0 20.0 10.0
1027.0 588.0 20.0 10.0
562.0 391.0 20.0 10.0
288.0 230.0 20.0 10.0
941.0 588.0 20.0 10.0
811.0 812.0 20.0 10.0
584.0 874.0 20.0 10.0
1123.0 432.0 20.0 10.0
676.0 790.0 20.0 10.0
1240.0 1144.0 20.0 10.0
1506.0 1291.0 20.0 10.0
551.0 861.0 20.0 10.0
1229.0 1161.0 20.0 10.0
619.0 390.0 20.0 10.0
323.0 214.0 20.0 10.0
1205.0 774.0 20.0 10.0
1223.0 292.0 20.0 10.0
1542.0 1167.0 20.0 10.0
1185.0 1374.0 20.0 10.0
1322.0 542.0 20.0 10.0
1197.0 1151.0 20.0 10.0
1071.0 501.0 20.0 10.0
606.0 351.0 20.0 10.0
1523.0 1190.0 20.0 10.0
1235.0 1478.0 20.0 10.0
1489.0 1279.0 20.0 10.0
403.0 270.0 20.0 10.0
773.0 718.0 20.0 10.0
1244.0 981.0 20.0 10.0
385.0 269.0 20.0 10.0
1205.0 1160.0 20.0 10.0
862.0 508.0 20.0 10.0
753.0 539.0 20.0 10.0
1158.0 1144.0 20.0 10.0
1043.0 814.0 20.0 10.0
1200.0 760.0 20.0 10.0
510.0 371.0 20.0 10.0
1534.0 1203.0 20.0 10.0
1584.0 1124.0 20.0 10.0
596.0 868.0 20.0 10.0
747.0 273.0 20.0 10.0
1620.0 1132.0 20.0 10.0
940.0 726.0 20.0 10.0
1455.0 1254.0 20.0 10.0
1194.0 983.0 20.0 10.0
582.0 377.0 20.0 10.0
1128.0 1082.0 20.0 10.0
333.0 207.0 20.0 10.0
662.0 827.0 20.0 10.0
759.0 333.0 20.0 10.0
1229.0 780.0 20.0 10.0
1045.0 651.0 20.0 10.0
1267.0 1152.0 20.0 10.0
945.0 751.0 20.0 10.0
380.0 257.0 20.0 10.0
589.0 866.0 20.0 10.0
796.0 688.0 20.0 10.0
1237.0 1102.0 20.0 10.0
1348.0 1020.0 20.0 10.0
1140.0 412.0 20.0 10.0
1079.0 807.0 20.0 10.0
1219.0 1401.0 20.0 10.0
1091.0 769.0 20.0 10.0
630.0 837.0 20.0 10.0
1219.0 1363.0 20.0 10.0
759.0 515.0 20.0 10.0
276.0 189.0 20.0 10.0
1271.0 1224.0 20.0 10.0
1199.0 1160.0 20.0 10.0
557.0 895.0 20.0 10.0
1202.0 1367.0 20.0 10.0
766.0 776.0 20.0 10.0
830.0 790.0 20.0 10.0
613.0 360.0 20.0 10.0
179.0 131.0 20.0 10.0
1513.0 1320.0 20.0 10.0
748.0 556.0 20.0 10.0
1069.0 648.0 20.0 10.0
1074.0 495.0 20.0 10.0
1088.0 470.0 20.0 10.0
566.0 882.0 20.0 10.0
147.0 115.0 20.0 10.0
667.0 775.0 20.0 10.0
1524.0 1181.0 20.0 10.0
619.0 820.0 20.0 10.0
1057.0 825.0 20.0 10.0
361.0 232.0 20.0 10.0
1230.0 1167.0 20.0 10.0
1218.0 1188.0 20.0 10.0
619.0 416.0 20.0 10.0
963.0 651.0 20.0 10.0
732.0 271.0 20.0 10.0
570.0 403.0 20.0 10.0
707.0 547.0 20.0 10.0
1218.0 305.0 20.0 10.0
1292.0 1205.0 20.0 10.0
1609.0 1126.0 20.0 10.0
304.0 165.0 20.0 10.0
563.0 893.0 20.0 10.0
1163.0 1007.0 20.0 10.0
544.0 851.0 20.0 10.0
1129.0 1389.0 20.0 10.0
875.0 777.0 20.0 10.0
920.0 652.0 20.0 10.0
737.0 310.0 20.0 10.0
999.0 422.0 20.0 10.0
533.0 913.0 20.0 10.0
603.0 751.0 20.0 10.0
1195.0 335.0 20.0 10.0
1634.0 1129.0 20.0 10.0
1564.0 1206.0 20.0 10.0
1147.0 1186.0 20.0 10.0
1070.0 568.0 20.0 10.0
982.0 557.0 20.0 10.0
871.0 724.0 20.0 10.0
1514.0 1325.0 20.0 10.0
1309.0 548.0 20.0 10.0
1215.0 1449.0 20.0 10.0
756.0 316.0 20.0 10.0
1561.0 1223.0 20.0 10.0
506.0 381.0 20.0 10.0
1184.0 1514.0 20.0 10.0
1185.0 1478.0 20.0 10.0
736.0 259.0 20.0 10.0
1468.0 1325.0 20.0 10.0
1303.0 1190.0 20.0 10.0
593.0 343.0 20.0 10.0
1350.0 529.0 20.0 10.0
1260.0 532.0 20.0 10.0
782.0 415.0 20.0 10.0
732.0 726.0 20.0 10.0
872.0 484.0 20.0 10.0
1166.0 380.0 20.0 10.0
213.0 137.0 20.0 10.0
1228.0 767.0 20.0 10.0
611.0 464.0 20.0 10.0
804.0 683.0 20.0 10.0
469.0 370.0 20.0 10.0
1538.0 1358.0 20.0 10.0
1031.0 426.0 20.0 10.0
753.0 335.0 20.0 10.0
1188.0 1281.0 20.0 10.0
1188.0 359.0 20.0 10.0
1507.0 1297.0 20.0 10.0
1541.0 1352.0 20.0 10.0
946.0 743.0 20.0 10.0
140.0 102.0 20.0 10.0
830.0 544.0 20.0 10.0
1531.0 1343.0 20.0 10.0
940.0 746.0 20.0 10.0
860.0 485.0 20.0 10.0
1168.0 1078.0 20.0 10.0
1396.0 1132.0 20.0 10.0
894.0 689.0 20.0 10.0
738.0 725.0 20.0 10.0
201.0 141.0 20.0 10.0
744.0 317.0 20.0 10.0
1053.0 847.0 20.0 10.0
817.0 800.0 20.0 10.0
542.0 896.0 20.0 10.0
832.0 525.0 20.0 10.0
1168.0 1300.0 20.0 10.0
707.0 448.0 20.0 10.0
1313.0 973.0 20.0 10.0
1230.0 1210.0 20.0 10.0
1074.0 821.0 20.0 10.0
1478.0 1254.0 20.0 10.0
1127.0 449.0 20.0 10.0
754.0 244.0 20.0 10.0
122.0 99.0 20.0 10.0
145.0 85.0 20.0 10.0
973.0 789.0 20.0 10.0
1616.0 1149.0 20.0 10.0
647.0 848.0 20.0 10.0
1385.0 1076.0 20.0 10.0
709.0 752.0 20.0 10.0
1241.0 266.0 20.0 10.0
1514.0 1381.0 20.0 10.0
960.0 754.0 20.0 10.0
726.0 569.0 20.0 10.0
1132.0 1184.0 20.0 10.0
538.0 375.0 20.0 10.0
1165.0 1240.0 20.0 10.0
977.0 528.0 20.0 10.0
1158.0 381.0 20.0 10.0
880.0 769.0 20.0 10.0
235.0 179.0 20.0 10.0
659.0 746.0 20.0 10.0
1372.0 1115.0 20.0 10.0
1193.0 1426.0 20.0 10.0
682.0 542.0 20.0 10.0
1308.0 974.0 20.0 10.0
964.0 797.0 20.0 10.0
1108.0 530.0 20.0 10.0
1593.0 1247.0 20.0 10.0
135.0 107.0 20.0 10.0
1048.0 546.0 20.0 10.0
1310.0 531.0 20.0 10.0
726.0 318.0 20.0 10.0
1511.0 1176.0 20.0 10.0
776.0 483.0 20.0 10.0
1117.0 407.0 20.0 10.0
479.0 809.0 20.0 10.0
1524.0 1419.0 20.0 10.0
106.0 73.0 20.0 10.0
1119.0 1208.0 20.0 10.0
1193.0 1055.0 20.0 10.0
735.0 246.0 20.0 10.0
1158.0 1343.0 20.0 10.0
1487.0 1087.0 20.0 10.0
964.0 511.0 20.0 10.0
1205.0 1044.0 20.0 10.0
986.0 598.0 20.0 10.0
198.0 150.0 20.0 10.0
751.0 210.0 20.0 10.0
1181.0 1051.0 20.0 10.0
1033.0 435.0 20.0 10.0
1593.0 1216.0 20.0 10.0
1173.0 1499.0 20.0 10.0
284.0 143.0 20.0 10.0
773.0 695.0 20.0 10.0
1183.0 1356.0 20.0 10.0
1475.0 1259.0 20.0 10.0
1034.0 395.0 20.0 10.0
1619.0 1161.0 20.0 10.0
313.0 227.0 20.0 10.0
628.0 758.0 20.0 10.0
629.0 406.0 20.0 10.0
320.0 231.0 20.0 10.0
1228.0 595.0 20.0 10.0
869.0 472.0 20.0 10.0
374.0 229.0 20.0 10.0
1293.0 512.0 20.0 10.0
1206.0 295.0 20.0 10.0
1234.0 1386.0 20.0 10.0
1384.0 1067.0 20.0 10.0
1214.0 314.0 20.0 10.0
1649.0 1164.0 20.0 10.0
989.0 725.0 20.0 10.0
778.0 344.0 20.0 10.0
1214.0 544.0 20.0 10.0
980.0 667.0 20.0 10.0
1094.0 757.0 20.0 10.0
1277.0 1170.0 20.0 10.0
1245.0 1004.0 20.0 10.0
1244.0 1186.0 20.0 10.0
880.0 458.0 20.0 10.0
593.0 379.0 20.0 10.0
550.0 775.0 20.0 10.0
1564.0 1366.0 20.0 10.0
1240.0 766.0 20.0 10.0
358.0 204.0 20.0 10.0
1101.0 1222.0 20.0 10.0
1234.0 294.0 20.0 10.0
726.0 231.0 20.0 10.0
753.0 180.0 20.0 10.0
1132.0 510.0 20.0 10.0
1134.0 444.0 20.0 10.0
1257.0 777.0 20.0 10.0
571.0 380.0 20.0 10.0
519.0 771.0 20.0 10.0
516.0 927.0 20.0 10.0
988.0 551.0 20.0 10.0
1154.0 427.0 20.0 10.0
851.0 459.0 20.0 10.0
599.0 326.0 20.0 10.0
1533.0 1362.0 20.0 10.0
1536.0 1444.0 20.0 10.0
612.0 457.0 20.0 10.0
601.0 336.0 20.0 10.0
805.0 833.0 20.0 10.0
1534.0 1349.0 20.0 10.0
694.0 433.0 20.0 10.0
171.0 136.0 20.0 10.0
1210.0 936.0 20.0 10.0
1165.0 1272.0 20.0 10.0
740.0 493.0 20.0 10.0
654.0 859.0 20.0 10.0
734.0 432.0 20.0 10.0
1254.0 250.0 20.0 10.0
578.0 448.0 20.0 10.0
833.0 530.0 20.0 10.0
880.0 829.0 20.0 10.0
1645.0 1141.0 20.0 10.0
299.0 238.0 20.0 10.0
123.0 66.0 20.0 10.0
1143.0 616.0 20.0 10.0
1412.0 1089.0 20.0 10.0
1164.0 606.0 20.0 10.0
728.0 525.0 20.0 10.0
1325.0 968.0 20.0 10.0
1104.0 811.0 20.0 10.0
271.0 128.0 20.0 10.0
1063.0 548.0 20.0 10.0
1654.0 1182.0 20.0 10.0
1228.0 1040.0 20.0 10.0
1333.0 514.0 20.0 10.0
1643.0 1158.0 20.0 10.0
1235.0 1486.0 20.0 10.0
737.0 555.0 20.0 10.0
720.0 231.0 20.0 10.0
753.0 728.0 20.0 10.0
1257.0 959.0 20.0 10.0
1518.0 1091.0 20.0 10.0
1235.0 272.0 20.0 10.0
534.0 385.0 20.0 10.0
790.0 556.0 20.0 10.0
524.0 869.0 20.0 10.0
1140.0 1212.0 20.0 10.0
1435.0 1069.0 20.0 10.0
1225.0 1211.0 20.0 10.0
1586.0 1252.0 20.0 10.0
983.0 576.0 20.0 10.0
1083.0 528.0 20.0 10.0
594.0 321.0 20.0 10.0
1556.0 1380.0 20.0 10.0
484.0 791.0 20.0 10.0
189.0 115.0 20.0 10.0
1197.0 756.0 20.0 10.0
1182.0 1540.0 20.0 10.0
838.0 802.0 20.0 10.0
709.0 736.0 20.0 10.0
928.0 762.0 20.0 10.0
88.0 49.0 20.0 10.0
1031.0 840.0 20.0 10.0
1427.0 1043.0 20.0 10.0
1333.0 544.0 20.0 10.0
406.0 384.0 20.0 10.0
770.0 225.0 20.0 10.0
982.0 703.0 20.0 10.0
716.0 206.0 20.0 10.0
797.0 706.0 20.0 10.0
1556.0 1386.0 20.0 10.0
874.0 801.0 20.0 10.0
584.0 371.0 20.0 10.0
1050.0 580.0 20.0 10.0
1228.0 1023.0 20.0 10.0
1238.0 1192.0 20.0 10.0
1314.0 496.0 20.0 10.0
594.0 364.0 20.0 10.0
557.0 342.0 20.0 10.0
1480.0 1356.0 20.0 10.0
1093.0 775.0 20.0 10.0
985.0 523.0 20.0 10.0
1182.0 1405.0 20.0 10.0
576.0 363.0 20.0 10.0
708.0 565.0 20.0 10.0
1380.0 1074.0 20.0 10.0
1475.0 1089.0 20.0 10.0
980.0 660.0 20.0 10.0
349.0 193.0 20.0 10.0
1548.0 1393.0 20.0 10.0
767.0 425.0 20.0 10.0
1177.0 592.0 20.0 10.0
1269.0 985.0 20.0 10.0
1468.0 1245.0 20.0 10.0
792.0 548.0 20.0 10.0
230.0 175.0 20.0 10.0
1649.0 1172.0 20.0 10.0
1124.0 1227.0 20.0 10.0
1318.0 505.0 20.0 10.0
1210.0 1388.0 20.0 10.0
1358.0 513.0 20.0 10.0
973.0 821.0 20.0 10.0
978.0 758.0 20.0 10.0
1285.0 1220.0 20.0 10.0
1093.0 555.0 20.0 10.0
657.0 826.0 20.0 10.0
1181.0 600.0 20.0 10.0
1278.0 989.0 20.0 10.0
777.0 300.0 20.0 10.0
745.0 414.0 20.0 10.0
793.0 637.0 20.0 10.0
1211.0 340.0 20.0 10.0
83.0 48.0 20.0 10.0
1028.0 600.0 20.0 10.0
900.0 688.0 20.0 10.0
109.0 54.0 20.0 10.0
1206.0 1187.0 20.0 10.0
254.0 168.0 20.0 10.0
582.0 467.0 20.0 10.0
1008.0 423.0 20.0 10.0
1655.0 1139.0 20.0 10.0
783.0 271.0 20.0 10.0
1138.0 489.0 20.0 10.0
639.0 747.0 20.0 10.0
1514.0 1102.0 20.0 10.0
204.0 145.0 20.0 10.0
549.0 374.0 20.0 10.0
1002.0 394.0 20.0 10.0
691.0 427.0 20.0 10.0
1588.0 1394.0 20.0 10.0
1171.0 765.0 20.0 10.0
1562.0 1231.0 20.0 10.0
1123.0 1202.0 20.0 10.0
1262.0 1024.0 20.0 10.0
1300.0 1200.0 20.0 10.0
1136.0 1058.0 20.0 10.0
1584.0 1382.0 20.0 10.0
697.0 795.0 20.0 10.0
939.0 775.0 20.0 10.0
958.0 489.0 20.0 10.0
748.0 154.0 20.0 10.0
1581.0 1388.0 20.0 10.0
641.0 780.0 20.0 10.0
869.0 768.0 20.0 10.0
1555.0 1107.0 20.0 10.0
1257.0 589.0 20.0 10.0
1059.0 817.0 20.0 10.0
1084.0 644.0 20.0 10.0
1057.0 854.0 20.0 10.0
1226.0 973.0 20.0 10.0
1603.0 1147.0 20.0 10.0
1250.0 1218.0 20.0 10.0
1149.0 491.0 20.0 10.0
369.0 206.0 20.0 10.0
837.0 513.0 20.0 10.0
1464.0 1071.0 20.0 10.0
621.0 464.0 20.0 10.0
680.0 807.0 20.0 10.0
1522.0 1317.0 20.0 10.0
605.0 429.0 20.0 10.0
1001.0 538.0 20.0 10.0
857.0 475.0 20.0 10.0
1124.0 812.0 20.0 10.0
82.0 57.0 20.0 10.0
1182.0 1472.0 20.0 10.0
1121.0 803.0 20.0 10.0
1200.0 1063.0 20.0 10.0
703.0 792.0 20.0 10.0
593.0 451.0 20.0 10.0
262.0 213.0 20.0 10.0
1223.0 1406.0 20.0 10.0
1532.0 1304.0 20.0 10.0
697.0 800.0 20.0 10.0
621.0 363.0 20.0 10.0
249.0 217.0 20.0 10.0
583.0 890.0 20.0 10.0
715.0 561.0 20.0 10.0
1314.0 1215.0 20.0 10.0
1540.0 1102.0 20.0 10.0
870.0 439.0 20.0 10.0
830.0 486.0 20.0 10.0
1258.0 244.0 20.0 10.0
1156.0 1363.0 20.0 10.0
862.0 527.0 20.0 10.0
337.0 221.0 20.0 10.0
1146.0 414.0 20.0 10.0
1019.0 398.0 20.0 10.0
410.0 383.0 20.0 10.0
554.0 439.0 20.0 10.0
1530.0 1417.0 20.0 10.0
828.0 822.0 20.0 10.0
1139.0 1180.0 20.0 10.0
763.0 306.0 20.0 10.0
974.0 782.0 20.0 10.0
554.0 335.0 20.0 10.0
1256.0 1233.0 20.0 10.0
981.0 508.0 20.0 10.0
837.0 829.0 20.0 10.0
577.0 833.0 20.0 10.0
1174.0 411.0 20.0 10.0
1540.0 1183.0 20.0 10.0
1264.0 222.0 20.0 10.0
293.0 203.0 20.0 10.0
1245.0 1510.0 20.0 10.0
1166.0 1377.0 20.0 10.0
1185.0 1503.0 20.0 10.0
1233.0 1431.0 20.0 10.0
205.0 164.0 20.0 10.0
1098.0 511.0 20.0 10.0
1605.0 1417.0 20.0 10.0
288.0 212.0 20.0 10.0
1545.0 1440.0 20.0 10.0
804.0 586.0 20.0 10.0
1479.0 1350.0 20.0 10.0
1186.0 332.0 20.0 10.0
1041.0 865.0 20.0 10.0
216.0 212.0 20.0 10.0
1205.0 1252.0 20.0 10.0
1197.0 1421.0 20.0 10.0
1278.0 586.0 20.0 10.0
824.0 506.0 20.0 10.0
562.0 335.0 20.0 10.0
1241.0 1411.0 20.0 10.0
1218.0 756.0 20.0 10.0
559.0 457.0 20.0 10.0
1187.0 1562.0 20.0 10.0
759.0 260.0 20.0 10.0
1007.0 532.0 20.0 10.0
1120.0 1374.0 20.0 10.0
636.0 781.0 20.0 10.0
601.0 769.0 20.0 10.0
1245.0 1454.0 20.0 10.0
1227.0 591.0 20.0 10.0
1677.0 1181.0 20.0 10.0
1146.0 622.0 20.0 10.0
956.0 484.0 20.0 10.0
558.0 431.0 20.0 10.0
1273.0 1182.0 20.0 10.0
977.0 479.0 20.0 10.0
583.0 776.0 20.0 10.0
606.0 762.0 20.0 10.0
593.0 829.0 20.0 10.0
1447.0 1130.0 20.0 10.0
393.0 386.0 20.0 10.0
693.0 825.0 20.0 10.0
99.0 82.0 20.0 10.0
765.0 561.0 20.0 10.0
1523.0 1405.0 20.0 10.0
1279.0 601.0 20.0 10.0
1009.0 400.0 20.0 10.0
1095.0 745.0 20.0 10.0
644.0 880.0 20.0 10.0
969.0 637.0 20.0 10.0
992.0 482.0 20.0 10.0
1118.0 816.0 20.0 10.0
1139.0 1352.0 20.0 10.0
952.0 624.0 20.0 10.0
1061.0 634.0 20.0 10.0
1014.0 470.0 20.0 10.0
1265.0 1252.0 20.0 10.0
834.0 785.0 20.0 10.0
1481.0 1378.0 20.0 10.0
809.0 807.0 20.0 10.0
1492.0 1379.0 20.0 10.0
1684.0 1197.0 20.0 10.0
1254.0 1153.0 20.0 10.0
1280.0 1034.0 20.0 10.0
1015.0 493.0 20.0 10.0
1253.0 583.0 20.0 10.0
1037.0 810.0 20.0 10.0
1445.0 1048.0 20.0 10.0
1080.0 850.0 20.0 10.0
1136.0 1231.0 20.0 10.0
759.0 339.0 20.0 10.0
953.0 774.0 20.0 10.0
851.0 445.0 20.0 10.0
784.0 425.0 20.0 10.0
1104.0 1390.0 20.0 10.0
1128.0 402.0 20.0 10.0
494.0 883.0 20.0 10.0
735.0 219.0 20.0 10.0
728.0 484.0 20.0 10.0
739.0 268.0 20.0 10.0
992.0 706.0 20.0 10.0
1304.0 1234.0 20.0 10.0
67.0 58.0 20.0 10.0
1231.0 324.0 20.0 10.0
1167.0 357.0 20.0 10.0
619.0 789.0 20.0 10.0
546.0 362.0 20.0 10.0
1413.0 1097.0 20.0 10.0
1198.0 1469.0 20.0 10.0
1015.0 442.0 20.0 10.0
1122.0 1106.0 20.0 10.0
579.0 298.0 20.0 10.0
685.0 531.0 20.0 10.0
1384.0 1033.0 20.0 10.0
1038.0 409.0 20.0 10.0
1207.0 1213.0 20.0 10.0
1252.0 278.0 20.0 10.0
774.0 375.0 20.0 10.0
1240.0 1369.0 20.0 10.0
662.0 812.0 20.0 10.0
1132.0 773.0 20.0 10.0
1168.0 796.0 20.0 10.0
1193.0 1396.0 20.0 10.0
42.0 38.0 20.0 10.0
693.0 403.0 20.0 10.0
1276.0 227.0 20.0 10.0
1093.0 643.0 20.0 10.0
968.0 619.0 20.0 10.0
1061.0 647.0 20.0 10.0
763.0 247.0 20.0 10.0
1139.0 1388.0 20.0 10.0
1109.0 728.0 20.0 10.0
1372.0 519.0 20.0 10.0
769.0 461.0 20.0 10.0
1171.0 1403.0 20.0 10.0
1531.0 1315.0 20.0 10.0
1179.0 1555.0 20.0 10.0
1172.0 615.0 20.0 10.0
1135.0 623.0 20.0 10.0
1273.0 579.0 20.0 10.0
878.0 445.0 20.0 10.0
982.0 810.0 20.0 10.0
998.0 771.0 20.0 10.0
497.0 808.0 20.0 10.0
1229.0 1510.0 20.0 10.0
1653.0 1148.0 20.0 10.0
1597.0 1227.0 20.0 10.0
239.0 200.0 20.0 10.0
1189.0 1176.0 20.0 10.0
1190.0 626.0 20.0 10.0
739.0 186.0 20.0 10.0
1516.0 1371.0 20.0 10.0
110.0 92.0 20.0 10.0
992.0 745.0 20.0 10.0
805.0 603.0 20.0 10.0
962.0 843.0 20.0 10.0
1110.0 1189.0 20.0 10.0
437.0 376.0 20.0 10.0
384.0 280.0 20.0 10.0
876.0 411.0 20.0 10.0
1612.0 1407.0 20.0 10.0
702.0 519.0 20.0 10.0
1437.0 1109.0 20.0 10.0
1165.0 1395.0 20.0 10.0
562.0 472.0 20.0 10.0
1165.0 1428.0 20.0 10.0
1185.0 305.0 20.0 10.0
1681.0 1151.0 20.0 10.0
857.0 527.0 20.0 10.0
948.0 572.0 20.0 10.0
1114.0 648.0 20.0 10.0
975.0 701.0 20.0 10.0
1108.0 544.0 20.0 10.0
715.0 538.0 20.0 10.0
1190.0 795.0 20.0 10.0
690.0 569.0 20.0 10.0
1249.0 589.0 20.0 10.0
1205.0 1358.0 20.0 10.0
1591.0 1374.0 20.0 10.0
1462.0 1268.0 20.0 10.0
525.0 349.0 20.0 10.0
666.0 466.0 20.0 10.0
1165.0 470.0 20.0 10.0
647.0 441.0 20.0 10.0
1347.0 539.0 20.0 10.0
794.0 414.0 20.0 10.0
116.0 84.0 20.0 10.0
885.0 668.0 20.0 10.0
1138.0 1154.0 20.0 10.0
767.0 217.0 20.0 10.0
1181.0 1448.0 20.0 10.0
236.0 173.0 20.0 10.0
825.0 461.0 20.0 10.0
985.0 518.0 20.0 10.0
1167.0 330.0 20.0 10.0
223.0 210.0 20.0 10.0
650.0 793.0 20.0 10.0
302.0 175.0 20.0 10.0
1129.0 1204.0 20.0 10.0
1206.0 1178.0 20.0 10.0
1608.0 1274.0 20.0 10.0
1062.0 795.0 20.0 10.0
1343.0 531.0 20.0 10.0
1680.0 1163.0 20.0 10.0
1191.0 1020.0 20.0 10.0
1243.0 1111.0 20.0 10.0
1106.0 757.0 20.0 10.0
793.0 314.0 20.0 10.0
966.0 463.0 20.0 10.0
1203.0 588.0 20.0 10.0
1453.0 1272.0 20.0 10.0
527.0 766.0 20.0 10.0
860.0 419.0 20.0 10.0
1203.0 345.0 20.0 10.0
1267.0 970.0 20.0 10.0
1118.0 1152.0 20.0 10.0
781.0 254.0 20.0 10.0
744.0 346.0 20.0 10.0
819.0 462.0 20.0 10.0
840.0 575.0 20.0 10.0
1174.0 1471.0 20.0 10.0
25.0 25.0 20.0 10.0
1234.0 1011.0 20.0 10.0
730.0 479.0 20.0 10.0
1581.0 1232.0 20.0 10.0
1394.0 1138.0 20.0 10.0
1344.0 1033.0 20.0 10.0
757.0 786.0 20.0 10.0
1122.0 1415.0 20.0 10.0
1262.0 1135.0 20.0 10.0
1625.0 1244.0 20.0 10.0
902.0 739.0 20.0 10.0
1622.0 1265.0 20.0 10.0
542.0 910.0 20.0 10.0
1640.0 1184.0 20.0 10.0
1396.0 1049.0 20.0 10.0
485.0 770.0 20.0 10.0
1204.0 593.0 20.0 10.0
775.0 397.0 20.0 10.0
1042.0 374.0 20.0 10.0
681.0 418.0 20.0 10.0
1458.0 1052.0 20.0 10.0
1548.0 1208.0 20.0 10.0
538.0 314.0 20.0 10.0
713.0 461.0 20.0 10.0
1257.0 1111.0 20.0 10.0
190.0 197.0 20.0 10.0
46.0 40.0 20.0 10.0
1204.0 950.0 20.0 10.0
1024.0 516.0 20.0 10.0
476.0 801.0 20.0 10.0
702.0 475.0 20.0 10.0
607.0 852.0 20.0 10.0
1311.0 1010.0 20.0 10.0
1064.0 502.0 20.0 10.0
1575.0 1390.0 20.0 10.0
1225.0 1400.0 20.0 10.0
1592.0 1412.0 20.0 10.0
1145.0 1207.0 20.0 10.0
887.0 692.0 20.0 10.0
879.0 662.0 20.0 10.0
1197.0 1253.0 20.0 10.0
762.0 194.0 20.0 10.0
1190.0 1239.0 20.0 10.0
1295.0 578.0 20.0 10.0
713.0 567.0 20.0 10.0
709.0 206.0 20.0 10.0
1105.0 469.0 20.0 10.0
1277.0 557.0 20.0 10.0
1073.0 777.0 20.0 10.0
1506.0 1377.0 20.0 10.0
887.0 672.0 20.0 10.0
603.0 732.0 20.0 10.0
