1000
59.0 106.0 20.0 10.0
124.0 133.0 20.0 10.0
106.0 130.0 20.0 10.0
116.0 111.0 20.0 10.0
153.0 147.0 20.0 10.0
71.0 120.0 20.0 10.0
115.0 54.0 20.0 10.0
127.0 191.0 20.0 10.0
96.0 89.0 20.0 10.0
87.0 170.0 20.0 10.0
128.0 147.0 20.0 10.0
147.0 119.0 20.0 10.0
112.0 140.0 20.0 10.0
88.0 161.0 20.0 10.0
145.0 142.0 20.0 10.0
112.0 176.0 20.0 10.0
137.0 112.0 20.0 10.0
60.0 150.0 20.0 10.0
152.0 112.0 20.0 10.0
116.0 112.0 20.0 10.0
143.0 121.0 20.0 10.0
107.0 91.0 20.0 10.0
35.0 75.0 20.0 10.0
123.0 110.0 20.0 10.0
121.0 91.0 20.0 10.0
115.0 66.0 20.0 10.0
81.0 97.0 20.0 10.0
131.0 163.0 20.0 10.0
75.0 90.0 20.0 10.0
122.0 103.0 20.0 10.0
124.0 77.0 20.0 10.0
88.0 137.0 20.0 10.0
101.0 111.0 20.0 10.0
164.0 117.0 20.0 10.0
153.0 94.0 20.0 10.0
108.0 82.0 20.0 10.0
188.0 73.0 20.0 10.0
93.0 90.0 20.0 10.0
107.0 123.0 20.0 10.0
105.0 102.0 20.0 10.0
147.0 66.0 20.0 10.0
125.0 140.0 20.0 10.0
174.0 88.0 20.0 10.0
84.0 146.0 20.0 10.0
64.0 117.0 20.0 10.0
144.0 63.0 20.0 10.0
161.0 145.0 20.0 10.0
146.0 147.0 20.0 10.0
111.0 147.0 20.0 10.0
120.0 137.0 20.0 10.0
132.0 142.0 20.0 10.0
153.0 140.0 20.0 10.0
173.0 94.0 20.0 10.0
137.0 129.0 20.0 10.0
89.0 124.0 20.0 10.0
181.0 143.0 20.0 10.0
156.0 141.0 20.0 10.0
167.0 144.0 20.0 10.0
170.0 82.0 20.0 10.0
94.0 149.0 20.0 10.0
156.0 109.0 20.0 10.0
151.0 156.0 20.0 10.0
171.0 194.0 20.0 10.0
96.0 128.0 20.0 10.0
159.0 109.0 20.0 10.0
176.0 128.0 20.0 10.0
135.0 156.0 20.0 10.0
76.0 130.0 20.0 10.0
160.0 100.0 20.0 10.0
149.0 156.0 20.0 10.0
120.0 149.0 20.0 10.0
147.0 108.0 20.0 10.0
108.0 183.0 20.0 10.0
133.0 99.0 20.0 10.0
133.0 66.0 20.0 10.0
149.0 131.0 20.0 10.0
105.0 100.0 20.0 10.0
86.0 85.0 20.0 10.0
158.0 125.0 20.0 10.0
150.0 120.0 20.0 10.0
130.0 159.0 20.0 10.0
73.0 141.0 20.0 10.0
75.0 135.0 20.0 10.0
136.0 176.0 20.0 10.0
126.0 123.0 20.0 10.0
146.0 80.0 20.0 10.0
124.0 195.0 20.0 10.0
65.0 102.0 20.0 10.0
116.0 89.0 20.0 10.0
132.0 117.0 20.0 10.0
173.0 101.0 20.0 10.0
98.0 108.0 20.0 10.0
137.0 174.0 20.0 10.0
122.0 76.0 20.0 10.0
132.0 159.0 20.0 10.0
158.0 100.0 20.0 10.0
108.0 171.0 20.0 10.0
165.0 126.0 20.0 10.0
148.0 153.0 20.0 10.0
138.0 143.0 20.0 10.0
107.0 168.0 20.0 10.0
152.0 181.0 20.0 10.0
124.0 129.0 20.0 10.0
103.0 143.0 20.0 10.0
126.0 177.0 20.0 10.0
87.0 126.0 20.0 10.0
150.0 109.0 20.0 10.0
126.0 88.0 20.0 10.0
62.0 94.0 20.0 10.0
51.0 155.0 20.0 10.0
128.0 70.0 20.0 10.0
58.0 130.0 20.0 10.0
100.0 91.0 20.0 10.0
134.0 150.0 20.0 10.0
121.0 108.0 20.0 10.0
118.0 163.0 20.0 10.0
119.0 143.0 20.0 10.0
96.0 93.0 20.0 10.0
102.0 78.0 20.0 10.0
147.0 111.0 20.0 10.0
114.0 124.0 20.0 10.0
79.0 98.0 20.0 10.0
112.0 148.0 20.0 10.0
141.0 107.0 20.0 10.0
77.0 142.0 20.0 10.0
91.0 96.0 20.0 10.0
93.0 174.0 20.0 10.0
124.0 105.0 20.0 10.0
150.0 128.0 20.0 10.0
150.0 86.0 20.0 10.0
125.0 98.0 20.0 10.0
149.0 99.0 20.0 10.0
127.0 152.0 20.0 10.0
166.0 117.0 20.0 10.0
128.0 102.0 20.0 10.0
96.0 125.0 20.0 10.0
159.0 138.0 20.0 10.0
133.0 145.0 20.0 10.0
99.0 170.0 20.0 10.0
103.0 142.0 20.0 10.0
161.0 116.0 20.0 10.0
108.0 100.0 20.0 10.0
102.0 121.0 20.0 10.0
135.0 130.0 20.0 10.0
110.0 173.0 20.0 10.0
162.0 120.0 20.0 10.0
131.0 120.0 20.0 10.0
154.0 106.0 20.0 10.0
161.0 160.0 20.0 10.0
106.0 164.0 20.0 10.0
139.0 134.0 20.0 10.0
138.0 76.0 20.0 10.0
116.0 108.0 20.0 10.0
118.0 134.0 20.0 10.0
143.0 187.0 20.0 10.0
114.0 130.0 20.0 10.0
138.0 179.0 20.0 10.0
173.0 107.0 20.0 10.0
79.0 76.0 20.0 10.0
96.0 145.0 20.0 10.0
175.0 170.0 20.0 10.0
60.0 116.0 20.0 10.0
163.0 141.0 20.0 10.0
154.0 152.0 20.0 10.0
144.0 118.0 20.0 10.0
105.0 154.0 20.0 10.0
150.0 84.0 20.0 10.0
126.0 126.0 20.0 10.0
84.0 149.0 20.0 10.0
112.0 118.0 20.0 10.0
94.0 83.0 20.0 10.0
90.0 90.0 20.0 10.0
130.0 146.0 20.0 10.0
102.0 146.0 20.0 10.0
98.0 112.0 20.0 10.0
25.0 256.0 20.0 10.0
131.0 141.0 20.0 10.0
152.0 113.0 20.0 10.0
91.0 135.0 20.0 10.0
130.0 135.0 20.0 10.0
96.0 119.0 20.0 10.0
96.0 130.0 20.0 10.0
135.0 128.0 20.0 10.0
114.0 52.0 20.0 10.0
148.0 141.0 20.0 10.0
124.0 88.0 20.0 10.0
140.0 85.0 20.0 10.0
122.0 156.0 20.0 10.0
89.0 114.0 20.0 10.0
153.0 158.0 20.0 10.0
64.0 124.0 20.0 10.0
116.0 160.0 20.0 10.0
105.0 116.0 20.0 10.0
101.0 132.0 20.0 10.0
155.0 88.0 20.0 10.0
98.0 129.0 20.0 10.0
96.0 116.0 20.0 10.0
143.0 161.0 20.0 10.0
98.0 165.0 20.0 10.0
101.0 95.0 20.0 10.0
138.0 138.0 20.0 10.0
178.0 152.0 20.0 10.0
135.0 112.0 20.0 10.0
121.0 94.0 20.0 10.0
113.0 160.0 20.0 10.0
152.0 57.0 20.0 10.0
114.0 151.0 20.0 10.0
184.0 164.0 20.0 10.0
145.0 114.0 20.0 10.0
108.0 108.0 20.0 10.0
83.0 115.0 20.0 10.0
85.0 108.0 20.0 10.0
111.0 50.0 20.0 10.0
92.0 95.0 20.0 10.0
107.0 109.0 20.0 10.0
81.0 129.0 20.0 10.0
163.0 148.0 20.0 10.0
105.0 162.0 20.0 10.0
92.0 152.0 20.0 10.0
66.0 123.0 20.0 10.0
79.0 83.0 20.0 10.0
137.0 153.0 20.0 10.0
184.0 88.0 20.0 10.0
159.0 119.0 20.0 10.0
136.0 82.0 20.0 10.0
129.0 94.0 20.0 10.0
70.0 163.0 20.0 10.0
69.0 136.0 20.0 10.0
121.0 175.0 20.0 10.0
156.0 124.0 20.0 10.0
115.0 152.0 20.0 10.0
88.0 93.0 20.0 10.0
89.0 168.0 20.0 10.0
109.0 100.0 20.0 10.0
151.0 165.0 20.0 10.0
130.0 65.0 20.0 10.0
66.0 107.0 20.0 10.0
106.0 125.0 20.0 10.0
106.0 113.0 20.0 10.0
88.0 94.0 20.0 10.0
169.0 174.0 20.0 10.0
132.0 86.0 20.0 10.0
126.0 162.0 20.0 10.0
73.0 114.0 20.0 10.0
96.0 100.0 20.0 10.0
89.0 83.0 20.0 10.0
102.0 187.0 20.0 10.0
121.0 114.0 20.0 10.0
140.0 127.0 20.0 10.0
166.0 75.0 20.0 10.0
137.0 132.0 20.0 10.0
111.0 120.0 20.0 10.0
110.0 125.0 20.0 10.0
128.0 109.0 20.0 10.0
149.0 89.0 20.0 10.0
129.0 179.0 20.0 10.0
151.0 145.0 20.0 10.0
101.0 138.0 20.0 10.0
161.0 55.0 20.0 10.0
137.0 147.0 20.0 10.0
98.0 155.0 20.0 10.0
127.0 169.0 20.0 10.0
120.0 105.0 20.0 10.0
120.0 109.0 20.0 10.0
125.0 174.0 20.0 10.0
47.0 149.0 20.0 10.0
134.0 148.0 20.0 10.0
111.0 116.0 20.0 10.0
133.0 154.0 20.0 10.0
100.0 161.0 20.0 10.0
113.0 111.0 20.0 10.0
150.0 140.0 20.0 10.0
89.0 98.0 20.0 10.0
178.0 121.0 20.0 10.0
143.0 86.0 20.0 10.0
123.0 189.0 20.0 10.0
116.0 127.0 20.0 10.0
131.0 97.0 20.0 10.0
81.0 145.0 20.0 10.0
128.0 129.0 20.0 10.0
111.0 79.0 20.0 10.0
89.0 145.0 20.0 10.0
75.0 61.0 20.0 10.0
130.0 106.0 20.0 10.0
113.0 163.0 20.0 10.0
108.0 105.0 20.0 10.0
84.0 100.0 20.0 10.0
109.0 151.0 20.0 10.0
74.0 164.0 20.0 10.0
149.0 166.0 20.0 10.0
101.0 97.0 20.0 10.0
145.0 127.0 20.0 10.0
133.0 102.0 20.0 10.0
93.0 122.0 20.0 10.0
160.0 73.0 20.0 10.0
113.0 113.0 20.0 10.0
175.0 177.0 20.0 10.0
116.0 147.0 20.0 10.0
97.0 106.0 20.0 10.0
128.0 146.0 20.0 10.0
122.0 88.0 20.0 10.0
66.0 125.0 20.0 10.0
127.0 130.0 20.0 10.0
135.0 104.0 20.0 10.0
196.0 152.0 20.0 10.0
161.0 105.0 20.0 10.0
109.0 155.0 20.0 10.0
129.0 144.0 20.0 10.0
148.0 77.0 20.0 10.0
70.0 130.0 20.0 10.0
150.0 194.0 20.0 10.0
94.0 103.0 20.0 10.0
150.0 114.0 20.0 10.0
116.0 143.0 20.0 10.0
134.0 138.0 20.0 10.0
114.0 82.0 20.0 10.0
115.0 134.0 20.0 10.0
125.0 151.0 20.0 10.0
136.0 105.0 20.0 10.0
128.0 118.0 20.0 10.0
153.0 84.0 20.0 10.0
164.0 127.0 20.0 10.0
93.0 164.0 20.0 10.0
137.0 118.0 20.0 10.0
93.0 145.0 20.0 10.0
118.0 172.0 20.0 10.0
119.0 126.0 20.0 10.0
136.0 87.0 20.0 10.0
76.0 145.0 20.0 10.0
108.0 143.0 20.0 10.0
84.0 75.0 20.0 10.0
83.0 122.0 20.0 10.0
177.0 125.0 20.0 10.0
86.0 90.0 20.0 10.0
151.0 100.0 20.0 10.0
177.0 145.0 20.0 10.0
150.0 125.0 20.0 10.0
114.0 108.0 20.0 10.0
189.0 136.0 20.0 10.0
131.0 102.0 20.0 10.0
102.0 79.0 20.0 10.0
116.0 163.0 20.0 10.0
96.0 114.0 20.0 10.0
97.0 86.0 20.0 10.0
162.0 155.0 20.0 10.0
95.0 177.0 20.0 10.0
105.0 91.0 20.0 10.0
123.0 148.0 20.0 10.0
169.0 90.0 20.0 10.0
138.0 160.0 20.0 10.0
94.0 112.0 20.0 10.0
153.0 160.0 20.0 10.0
75.0 86.0 20.0 10.0
131.0 107.0 20.0 10.0
164.0 154.0 20.0 10.0
154.0 116.0 20.0 10.0
120.0 155.0 20.0 10.0
185.0 48.0 20.0 10.0
137.0 94.0 20.0 10.0
88.0 118.0 20.0 10.0
120.0 95.0 20.0 10.0
140.0 104.0 20.0 10.0
158.0 80.0 20.0 10.0
115.0 96.0 20.0 10.0
83.0 109.0 20.0 10.0
150.0 64.0 20.0 10.0
141.0 130.0 20.0 10.0
95.0 121.0 20.0 10.0
92.0 132.0 20.0 10.0
107.0 180.0 20.0 10.0
124.0 159.0 20.0 10.0
54.0 121.0 20.0 10.0
184.0 111.0 20.0 10.0
167.0 130.0 20.0 10.0
115.0 116.0 20.0 10.0
126.0 97.0 20.0 10.0
104.0 107.0 20.0 10.0
109.0 157.0 20.0 10.0
123.0 139.0 20.0 10.0
90.0 151.0 20.0 10.0
143.0 152.0 20.0 10.0
119.0 40.0 20.0 10.0
125.0 107.0 20.0 10.0
147.0 101.0 20.0 10.0
129.0 128.0 20.0 10.0
135.0 183.0 20.0 10.0
112.0 102.0 20.0 10.0
91.0 173.0 20.0 10.0
89.0 70.0 20.0 10.0
177.0 160.0 20.0 10.0
162.0 122.0 20.0 10.0
73.0 137.0 20.0 10.0
128.0 88.0 20.0 10.0
131.0 75.0 20.0 10.0
132.0 56.0 20.0 10.0
119.0 100.0 20.0 10.0
103.0 127.0 20.0 10.0
129.0 124.0 20.0 10.0
99.0 72.0 20.0 10.0
159.0 158.0 20.0 10.0
186.0 107.0 20.0 10.0
154.0 125.0 20.0 10.0
106.0 149.0 20.0 10.0
83.0 135.0 20.0 10.0
85.0 134.0 20.0 10.0
133.0 182.0 20.0 10.0
86.0 99.0 20.0 10.0
115.0 176.0 20.0 10.0
147.0 115.0 20.0 10.0
76.0 116.0 20.0 10.0
89.0 130.0 20.0 10.0
76.0 157.0 20.0 10.0
132.0 136.0 20.0 10.0
88.0 153.0 20.0 10.0
160.0 127.0 20.0 10.0
65.0 134.0 20.0 10.0
146.0 152.0 20.0 10.0
114.0 68.0 20.0 10.0
105.0 87.0 20.0 10.0
68.0 145.0 20.0 10.0
104.0 130.0 20.0 10.0
97.0 179.0 20.0 10.0
139.0 109.0 20.0 10.0
127.0 136.0 20.0 10.0
152.0 134.0 20.0 10.0
117.0 75.0 20.0 10.0
112.0 125.0 20.0 10.0
99.0 125.0 20.0 10.0
132.0 138.0 20.0 10.0
135.0 114.0 20.0 10.0
92.0 161.0 20.0 10.0
131.0 68.0 20.0 10.0
116.0 149.0 20.0 10.0
103.0 105.0 20.0 10.0
117.0 120.0 20.0 10.0
113.0 155.0 20.0 10.0
169.0 130.0 20.0 10.0
155.0 128.0 20.0 10.0
150.0 178.0 20.0 10.0
61.0 175.0 20.0 10.0
137.0 108.0 20.0 10.0
158.0 92.0 20.0 10.0
96.0 166.0 20.0 10.0
135.0 122.0 20.0 10.0
130.0 102.0 20.0 10.0
78.0 195.0 20.0 10.0
71.0 68.0 20.0 10.0
88.0 131.0 20.0 10.0
101.0 153.0 20.0 10.0
121.0 184.0 20.0 10.0
86.0 161.0 20.0 10.0
78.0 107.0 20.0 10.0
89.0 117.0 20.0 10.0
131.0 132.0 20.0 10.0
103.0 84.0 20.0 10.0
164.0 134.0 20.0 10.0
142.0 90.0 20.0 10.0
131.0 153.0 20.0 10.0
135.0 136.0 20.0 10.0
113.0 79.0 20.0 10.0
132.0 93.0 20.0 10.0
92.0 127.0 20.0 10.0
127.0 171.0 20.0 10.0
99.0 151.0 20.0 10.0
117.0 115.0 20.0 10.0
88.0 108.0 20.0 10.0
131.0 129.0 20.0 10.0
53.0 91.0 20.0 10.0
119.0 141.0 20.0 10.0
103.0 136.0 20.0 10.0
151.0 103.0 20.0 10.0
155.0 154.0 20.0 10.0
143.0 133.0 20.0 10.0
78.0 135.0 20.0 10.0
103.0 104.0 20.0 10.0
164.0 120.0 20.0 10.0
78.0 137.0 20.0 10.0
106.0 81.0 20.0 10.0
116.0 117.0 20.0 10.0
133.0 134.0 20.0 10.0
109.0 138.0 20.0 10.0
118.0 148.0 20.0 10.0
166.0 113.0 20.0 10.0
130.0 98.0 20.0 10.0
149.0 103.0 20.0 10.0
80.0 163.0 20.0 10.0
144.0 96.0 20.0 10.0
95.0 92.0 20.0 10.0
160.0 133.0 20.0 10.0
144.0 130.0 20.0 10.0
75.0 94.0 20.0 10.0
153.0 105.0 20.0 10.0
67.0 68.0 20.0 10.0
108.0 133.0 20.0 10.0
98.0 77.0 20.0 10.0
123.0 128.0 20.0 10.0
103.0 123.0 20.0 10.0
97.0 125.0 20.0 10.0
79.0 178.0 20.0 10.0
126.0 144.0 20.0 10.0
120.0 80.0 20.0 10.0
93.0 116.0 20.0 10.0
100.0 95.0 20.0 10.0
198.0 133.0 20.0 10.0
121.0 142.0 20.0 10.0
135.0 158.0 20.0 10.0
171.0 166.0 20.0 10.0
120.0 148.0 20.0 10.0
155.0 72.0 20.0 10.0
152.0 123.0 20.0 10.0
84.0 131.0 20.0 10.0
75.0 80.0 20.0 10.0
151.0 34.0 20.0 10.0
119.0 98.0 20.0 10.0
117.0 124.0 20.0 10.0
146.0 174.0 20.0 10.0
103.0 168.0 20.0 10.0
152.0 97.0 20.0 10.0
155.0 146.0 20.0 10.0
126.0 102.0 20.0 10.0
108.0 71.0 20.0 10.0
103.0 134.0 20.0 10.0
86.0 198.0 20.0 10.0
122.0 115.0 20.0 10.0
49.0 114.0 20.0 10.0
179.0 132.0 20.0 10.0
142.0 111.0 20.0 10.0
124.0 118.0 20.0 10.0
112.0 170.0 20.0 10.0
135.0 91.0 20.0 10.0
86.0 136.0 20.0 10.0
73.0 99.0 20.0 10.0
133.0 126.0 20.0 10.0
79.0 90.0 20.0 10.0
165.0 116.0 20.0 10.0
86.0 153.0 20.0 10.0
95.0 73.0 20.0 10.0
124.0 182.0 20.0 10.0
140.0 103.0 20.0 10.0
118.0 104.0 20.0 10.0
96.0 98.0 20.0 10.0
133.0 51.0 20.0 10.0
92.0 117.0 20.0 10.0
127.0 157.0 20.0 10.0
74.0 128.0 20.0 10.0
130.0 92.0 20.0 10.0
208.0 49.0 20.0 10.0
106.0 176.0 20.0 10.0
154.0 109.0 20.0 10.0
134.0 80.0 20.0 10.0
165.0 104.0 20.0 10.0
135.0 167.0 20.0 10.0
93.0 131.0 20.0 10.0
96.0 136.0 20.0 10.0
116.0 180.0 20.0 10.0
77.0 104.0 20.0 10.0
164.0 93.0 20.0 10.0
162.0 128.0 20.0 10.0
110.0 126.0 20.0 10.0
108.0 97.0 20.0 10.0
133.0 168.0 20.0 10.0
122.0 153.0 20.0 10.0
91.0 144.0 20.0 10.0
135.0 170.0 20.0 10.0
158.0 83.0 20.0 10.0
83.0 156.0 20.0 10.0
151.0 155.0 20.0 10.0
128.0 111.0 20.0 10.0
101.0 75.0 20.0 10.0
95.0 53.0 20.0 10.0
144.0 84.0 20.0 10.0
120.0 162.0 20.0 10.0
155.0 133.0 20.0 10.0
92.0 111.0 20.0 10.0
79.0 141.0 20.0 10.0
41.0 97.0 20.0 10.0
106.0 140.0 20.0 10.0
122.0 133.0 20.0 10.0
176.0 141.0 20.0 10.0
100.0 148.0 20.0 10.0
154.0 129.0 20.0 10.0
147.0 135.0 20.0 10.0
115.0 169.0 20.0 10.0
143.0 114.0 20.0 10.0
113.0 120.0 20.0 10.0
138.0 91.0 20.0 10.0
58.0 171.0 20.0 10.0
114.0 145.0 20.0 10.0
98.0 118.0 20.0 10.0
93.0 127.0 20.0 10.0
142.0 166.0 20.0 10.0
140.0 143.0 20.0 10.0
146.0 103.0 20.0 10.0
127.0 154.0 20.0 10.0
128.0 78.0 20.0 10.0
134.0 97.0 20.0 10.0
120.0 70.0 20.0 10.0
161.0 135.0 20.0 10.0
108.0 93.0 20.0 10.0
160.0 111.0 20.0 10.0
112.0 112.0 20.0 10.0
165.0 124.0 20.0 10.0
65.0 87.0 20.0 10.0
124.0 74.0 20.0 10.0
141.0 147.0 20.0 10.0
54.0 143.0 20.0 10.0
154.0 165.0 20.0 10.0
123.0 132.0 20.0 10.0
155.0 162.0 20.0 10.0
120.0 169.0 20.0 10.0
96.0 109.0 20.0 10.0
88.0 96.0 20.0 10.0
112.0 104.0 20.0 10.0
124.0 80.0 20.0 10.0
83.0 111.0 20.0 10.0
156.0 103.0 20.0 10.0
117.0 140.0 20.0 10.0
160.0 147.0 20.0 10.0
72.0 71.0 20.0 10.0
106.0 95.0 20.0 10.0
131.0 145.0 20.0 10.0
147.0 153.0 20.0 10.0
105.0 114.0 20.0 10.0
62.0 153.0 20.0 10.0
119.0 88.0 20.0 10.0
79.0 103.0 20.0 10.0
107.0 150.0 20.0 10.0
156.0 147.0 20.0 10.0
120.0 120.0 20.0 10.0
134.0 176.0 20.0 10.0
142.0 173.0 20.0 10.0
178.0 105.0 20.0 10.0
158.0 149.0 20.0 10.0
108.0 88.0 20.0 10.0
159.0 114.0 20.0 10.0
130.0 118.0 20.0 10.0
104.0 126.0 20.0 10.0
114.0 105.0 20.0 10.0
152.0 120.0 20.0 10.0
126.0 94.0 20.0 10.0
117.0 72.0 20.0 10.0
113.0 76.0 20.0 10.0
108.0 190.0 20.0 10.0
143.0 134.0 20.0 10.0
123.0 25.0 20.0 10.0
148.0 129.0 20.0 10.0
164.0 91.0 20.0 10.0
134.0 108.0 20.0 10.0
55.0 146.0 20.0 10.0
116.0 173.0 20.0 10.0
74.0 125.0 20.0 10.0
205.0 163.0 20.0 10.0
183.0 126.0 20.0 10.0
131.0 82.0 20.0 10.0
134.0 119.0 20.0 10.0
77.0 156.0 20.0 10.0
104.0 139.0 20.0 10.0
99.0 101.0 20.0 10.0
65.0 120.0 20.0 10.0
162.0 103.0 20.0 10.0
93.0 136.0 20.0 10.0
124.0 69.0 20.0 10.0
120.0 160.0 20.0 10.0
94.0 113.0 20.0 10.0
105.0 177.0 20.0 10.0
101.0 119.0 20.0 10.0
152.0 110.0 20.0 10.0
84.0 141.0 20.0 10.0
100.0 164.0 20.0 10.0
122.0 173.0 20.0 10.0
68.0 114.0 20.0 10.0
139.0 120.0 20.0 10.0
116.0 140.0 20.0 10.0
155.0 98.0 20.0 10.0
143.0 73.0 20.0 10.0
163.0 138.0 20.0 10.0
128.0 113.0 20.0 10.0
158.0 142.0 20.0 10.0
127.0 61.0 20.0 10.0
131.0 151.0 20.0 10.0
97.0 116.0 20.0 10.0
74.0 101.0 20.0 10.0
132.0 124.0 20.0 10.0
122.0 118.0 20.0 10.0
88.0 146.0 20.0 10.0
98.0 173.0 20.0 10.0
152.0 129.0 20.0 10.0
151.0 91.0 20.0 10.0
129.0 125.0 20.0 10.0
72.0 124.0 20.0 10.0
117.0 80.0 20.0 10.0
125.0 147.0 20.0 10.0
184.0 122.0 20.0 10.0
148.0 121.0 20.0 10.0
61.0 88.0 20.0 10.0
88.0 128.0 20.0 10.0
109.0 118.0 20.0 10.0
99.0 139.0 20.0 10.0
149.0 58.0 20.0 10.0
109.0 146.0 20.0 10.0
129.0 115.0 20.0 10.0
97.0 141.0 20.0 10.0
109.0 112.0 20.0 10.0
117.0 128.0 20.0 10.0
116.0 170.0 20.0 10.0
150.0 148.0 20.0 10.0
171.0 88.0 20.0 10.0
89.0 126.0 20.0 10.0
64.0 126.0 20.0 10.0
97.0 93.0 20.0 10.0
111.0 106.0 20.0 10.0
126.0 83.0 20.0 10.0
106.0 104.0 20.0 10.0
163.0 136.0 20.0 10.0
99.0 121.0 20.0 10.0
83.0 126.0 20.0 10.0
123.0 144.0 20.0 10.0
127.0 74.0 20.0 10.0
109.0 123.0 20.0 10.0
144.0 123.0 20.0 10.0
114.0 129.0 20.0 10.0
86.0 154.0 20.0 10.0
103.0 74.0 20.0 10.0
122.0 171.0 20.0 10.0
80.0 131.0 20.0 10.0
107.0 153.0 20.0 10.0
164.0 147.0 20.0 10.0
115.0 104.0 20.0 10.0
132.0 174.0 20.0 10.0
96.0 77.0 20.0 10.0
133.0 129.0 20.0 10.0
162.0 150.0 20.0 10.0
69.0 108.0 20.0 10.0
123.0 137.0 20.0 10.0
115.0 84.0 20.0 10.0
145.0 156.0 20.0 10.0
144.0 143.0 20.0 10.0
118.0 120.0 20.0 10.0
149.0 91.0 20.0 10.0
25.0 206.0 20.0 10.0
181.0 73.0 20.0 10.0
98.0 150.0 20.0 10.0
88.0 73.0 20.0 10.0
89.0 140.0 20.0 10.0
125.0 149.0 20.0 10.0
106.0 172.0 20.0 10.0
84.0 79.0 20.0 10.0
115.0 141.0 20.0 10.0
135.0 82.0 20.0 10.0
85.0 124.0 20.0 10.0
86.0 164.0 20.0 10.0
169.0 114.0 20.0 10.0
84.0 167.0 20.0 10.0
167.0 137.0 20.0 10.0
105.0 134.0 20.0 10.0
123.0 123.0 20.0 10.0
103.0 111.0 20.0 10.0
110.0 135.0 20.0 10.0
143.0 126.0 20.0 10.0
98.0 157.0 20.0 10.0
60.0 127.0 20.0 10.0
117.0 122.0 20.0 10.0
100.0 143.0 20.0 10.0
138.0 117.0 20.0 10.0
134.0 72.0 20.0 10.0
121.0 99.0 20.0 10.0
116.0 132.0 20.0 10.0
117.0 94.0 20.0 10.0
127.0 108.0 20.0 10.0
149.0 129.0 20.0 10.0
103.0 87.0 20.0 10.0
139.0 195.0 20.0 10.0
137.0 135.0 20.0 10.0
81.0 122.0 20.0 10.0
95.0 79.0 20.0 10.0
112.0 144.0 20.0 10.0
93.0 105.0 20.0 10.0
119.0 118.0 20.0 10.0
135.0 102.0 20.0 10.0
125.0 114.0 20.0 10.0
74.0 147.0 20.0 10.0
114.0 116.0 20.0 10.0
87.0 127.0 20.0 10.0
146.0 141.0 20.0 10.0
49.0 192.0 20.0 10.0
118.0 166.0 20.0 10.0
144.0 163.0 20.0 10.0
70.0 100.0 20.0 10.0
123.0 120.0 20.0 10.0
112.0 136.0 20.0 10.0
132.0 74.0 20.0 10.0
117.0 91.0 20.0 10.0
106.0 118.0 20.0 10.0
131.0 137.0 20.0 10.0
95.0 132.0 20.0 10.0
147.0 145.0 20.0 10.0
57.0 162.0 20.0 10.0
84.0 143.0 20.0 10.0
43.0 142.0 20.0 10.0
119.0 146.0 20.0 10.0
91.0 84.0 20.0 10.0
77.0 101.0 20.0 10.0
66.0 64.0 20.0 10.0
124.0 164.0 20.0 10.0
147.0 96.0 20.0 10.0
161.0 113.0 20.0 10.0
214.0 138.0 20.0 10.0
156.0 119.0 20.0 10.0
128.0 200.0 20.0 10.0
158.0 179.0 20.0 10.0
86.0 115.0 20.0 10.0
91.0 138.0 20.0 10.0
126.0 119.0 20.0 10.0
107.0 114.0 20.0 10.0
125.0 155.0 20.0 10.0
125.0 102.0 20.0 10.0
142.0 155.0 20.0 10.0
80.0 116.0 20.0 10.0
100.0 128.0 20.0 10.0
145.0 151.0 20.0 10.0
166.0 142.0 20.0 10.0
103.0 133.0 20.0 10.0
141.0 94.0 20.0 10.0
129.0 132.0 20.0 10.0
127.0 184.0 20.0 10.0
65.0 142.0 20.0 10.0
83.0 105.0 20.0 10.0
87.0 111.0 20.0 10.0
137.0 126.0 20.0 10.0
80.0 172.0 20.0 10.0
131.0 78.0 20.0 10.0
143.0 159.0 20.0 10.0
114.0 167.0 20.0 10.0
69.0 83.0 20.0 10.0
89.0 101.0 20.0 10.0
119.0 79.0 20.0 10.0
99.0 116.0 20.0 10.0
91.0 169.0 20.0 10.0
96.0 83.0 20.0 10.0
178.0 131.0 20.0 10.0
116.0 154.0 20.0 10.0
139.0 155.0 20.0 10.0
152.0 106.0 20.0 10.0
141.0 156.0 20.0 10.0
144.0 147.0 20.0 10.0
153.0 126.0 20.0 10.0
74.0 107.0 20.0 10.0
142.0 141.0 20.0 10.0
170.0 179.0 20.0 10.0
150.0 152.0 20.0 10.0
104.0 120.0 20.0 10.0
127.0 114.0 20.0 10.0
106.0 143.0 20.0 10.0
148.0 124.0 20.0 10.0
80.0 117.0 20.0 10.0
169.0 124.0 20.0 10.0
71.0 133.0 20.0 10.0
159.0 166.0 20.0 10.0
121.0 139.0 20.0 10.0
180.0 157.0 20.0 10.0
70.0 154.0 20.0 10.0
127.0 142.0 20.0 10.0
140.0 188.0 20.0 10.0
133.0 165.0 20.0 10.0
114.0 139.0 20.0 10.0
125.0 99.0 20.0 10.0
90.0 154.0 20.0 10.0
106.0 76.0 20.0 10.0
101.0 115.0 20.0 10.0
142.0 129.0 20.0 10.0
135.0 86.0 20.0 10.0
81.0 102.0 20.0 10.0
78.0 150.0 20.0 10.0
82.0 131.0 20.0 10.0
129.0 134.0 20.0 10.0
114.0 120.0 20.0 10.0
73.0 108.0 20.0 10.0
106.0 107.0 20.0 10.0
138.0 113.0 20.0 10.0
166.0 97.0 20.0 10.0
73.0 158.0 20.0 10.0
72.0 127.0 20.0 10.0
152.0 132.0 20.0 10.0
70.0 145.0 20.0 10.0
131.0 148.0 20.0 10.0
136.0 88.0 20.0 10.0
79.0 156.0 20.0 10.0
133.0 122.0 20.0 10.0
143.0 113.0 20.0 10.0
77.0 123.0 20.0 10.0
110.0 86.0 20.0 10.0
103.0 116.0 20.0 10.0
60.0 165.0 20.0 10.0
124.0 108.0 20.0 10.0
99.0 145.0 20.0 10.0
110.0 130.0 20.0 10.0
85.0 83.0 20.0 10.0
94.0 140.0 20.0 10.0
144.0 106.0 20.0 10.0
137.0 124.0 20.0 10.0
110.0 131.0 20.0 10.0
121.0 84.0 20.0 10.0
136.0 100.0 20.0 10.0
144.0 80.0 20.0 10.0
115.0 137.0 20.0 10.0
75.0 117.0 20.0 10.0
78.0 112.0 20.0 10.0
113.0 90.0 20.0 10.0
81.0 134.0 20.0 10.0
104.0 147.0 20.0 10.0
109.0 163.0 20.0 10.0
139.0 95.0 20.0 10.0
91.0 142.0 20.0 10.0
80.0 120.0 20.0 10.0
102.0 85.0 20.0 10.0
92.0 156.0 20.0 10.0
177.0 123.0 20.0 10.0
189.0 156.0 20.0 10.0
81.0 147.0 20.0 10.0
97.0 172.0 20.0 10.0
92.0 99.0 20.0 10.0
108.0 140.0 20.0 10.0
91.0 121.0 20.0 10.0
147.0 93.0 20.0 10.0
121.0 177.0 20.0 10.0
112.0 60.0 20.0 10.0
163.0 83.0 20.0 10.0
67.0 104.0 20.0 10.0
105.0 119.0 20.0 10.0
136.0 149.0 20.0 10.0
91.0 113.0 20.0 10.0
96.0 151.0 20.0 10.0
114.0 157.0 20.0 10.0
102.0 68.0 20.0 10.0
130.0 121.0 20.0 10.0
105.0 152.0 20.0 10.0
114.0 101.0 20.0 10.0
96.0 161.0 20.0 10.0
123.0 58.0 20.0 10.0
120.0 76.0 20.0 10.0
46.0 137.0 20.0 10.0
99.0 134.0 20.0 10.0
106.0 127.0 20.0 10.0
110.0 160.0 20.0 10.0
114.0 122.0 20.0 10.0
110.0 150.0 20.0 10.0
72.0 93.0 20.0 10.0
109.0 127.0 20.0 10.0
126.0 164.0 20.0 10.0
102.0 150.0 20.0 10.0
99.0 122.0 20.0 10.0
140.0 116.0 20.0 10.0
152.0 143.0 20.0 10.0
75.0 114.0 20.0 10.0
135.0 141.0 20.0 10.0
107.0 157.0 20.0 10.0
93.0 101.0 20.0 10.0
80.0 148.0 20.0 10.0
128.0 121.0 20.0 10.0
157.0 121.0 20.0 10.0
136.0 95.0 20.0 10.0
110.0 142.0 20.0 10.0
60.0 154.0 20.0 10.0
129.0 168.0 20.0 10.0
83.0 123.0 20.0 10.0
143.0 101.0 20.0 10.0
122.0 113.0 20.0 10.0
170.0 146.0 20.0 10.0
94.0 158.0 20.0 10.0
127.0 137.0 20.0 10.0
142.0 135.0 20.0 10.0
117.0 133.0 20.0 10.0
137.0 140.0 20.0 10.0
101.0 183.0 20.0 10.0
112.0 188.0 20.0 10.0
89.0 148.0 20.0 10.0
172.0 132.0 20.0 10.0
115.0 163.0 20.0 10.0
129.0 104.0 20.0 10.0
132.0 115.0 20.0 10.0
106.0 96.0 20.0 10.0
122.0 158.0 20.0 10.0
85.0 144.0 20.0 10.0
94.0 95.0 20.0 10.0
90.0 157.0 20.0 10.0
117.0 65.0 20.0 10.0
79.0 113.0 20.0 10.0
117.0 102.0 20.0 10.0
146.0 100.0 20.0 10.0
161.0 88.0 20.0 10.0
86.0 120.0 20.0 10.0
126.0 118.0 20.0 10.0
75.0 123.0 20.0 10.0
115.0 93.0 20.0 10.0
144.0 137.0 20.0 10.0
97.0 133.0 20.0 10.0
95.0 126.0 20.0 10.0
75.0 165.0 20.0 10.0
128.0 97.0 20.0 10.0
128.0 96.0 20.0 10.0
