1000
119.0 108.0 20.0 10.0
98.0 90.0 20.0 10.0
91.0 86.0 20.0 10.0
106.0 104.0 20.0 10.0
151.0 95.0 20.0 10.0
117.0 141.0 20.0 10.0
96.0 127.0 20.0 10.0
83.0 119.0 20.0 10.0
120.0 82.0 20.0 10.0
85.0 94.0 20.0 10.0
95.0 61.0 20.0 10.0
125.0 105.0 20.0 10.0
128.0 112.0 20.0 10.0
63.0 117.0 20.0 10.0
131.0 170.0 20.0 10.0
75.0 99.0 20.0 10.0
66.0 127.0 20.0 10.0
49.0 109.0 20.0 10.0
86.0 115.0 20.0 10.0
130.0 80.0 20.0 10.0
72.0 120.0 20.0 10.0
84.0 55.0 20.0 10.0
122.0 90.0 20.0 10.0
159.0 113.0 20.0 10.0
111.0 159.0 20.0 10.0
96.0 68.0 20.0 10.0
121.0 104.0 20.0 10.0
40.0 153.0 20.0 10.0
86.0 143.0 20.0 10.0
114.0 118.0 20.0 10.0
73.0 93.0 20.0 10.0
55.0 97.0 20.0 10.0
79.0 97.0 20.0 10.0
127.0 140.0 20.0 10.0
130.0 103.0 20.0 10.0
149.0 114.0 20.0 10.0
109.0 122.0 20.0 10.0
83.0 109.0 20.0 10.0
130.0 137.0 20.0 10.0
98.0 176.0 20.0 10.0
115.0 114.0 20.0 10.0
117.0 189.0 20.0 10.0
82.0 116.0 20.0 10.0
102.0 122.0 20.0 10.0
136.0 109.0 20.0 10.0
166.0 116.0 20.0 10.0
155.0 54.0 20.0 10.0
104.0 124.0 20.0 10.0
110.0 118.0 20.0 10.0
107.0 38.0 20.0 10.0
72.0 66.0 20.0 10.0
121.0 101.0 20.0 10.0
157.0 105.0 20.0 10.0
56.0 130.0 20.0 10.0
94.0 94.0 20.0 10.0
136.0 105.0 20.0 10.0
183.0 88.0 20.0 10.0
119.0 97.0 20.0 10.0
117.0 148.0 20.0 10.0
43.0 102.0 20.0 10.0
70.0 76.0 20.0 10.0
48.0 99.0 20.0 10.0
61.0 62.0 20.0 10.0
114.0 166.0 20.0 10.0
88.0 89.0 20.0 10.0
96.0 81.0 20.0 10.0
129.0 156.0 20.0 10.0
102.0 104.0 20.0 10.0
131.0 126.0 20.0 10.0
82.0 106.0 20.0 10.0
144.0 106.0 20.0 10.0
130.0 100.0 20.0 10.0
86.0 25.0 20.0 10.0
99.0 72.0 20.0 10.0
83.0 103.0 20.0 10.0
113.0 121.0 20.0 10.0
107.0 55.0 20.0 10.0
112.0 146.0 20.0 10.0
116.0 34.0 20.0 10.0
116.0 90.0 20.0 10.0
115.0 92.0 20.0 10.0
149.0 49.0 20.0 10.0
159.0 73.0 20.0 10.0
108.0 129.0 20.0 10.0
112.0 59.0 20.0 10.0
124.0 72.0 20.0 10.0
129.0 92.0 20.0 10.0
138.0 76.0 20.0 10.0
148.0 123.0 20.0 10.0
111.0 163.0 20.0 10.0
91.0 131.0 20.0 10.0
115.0 131.0 20.0 10.0
114.0 77.0 20.0 10.0
100.0 114.0 20.0 10.0
119.0 77.0 20.0 10.0
102.0 141.0 20.0 10.0
94.0 134.0 20.0 10.0
67.0 109.0 20.0 10.0
142.0 36.0 20.0 10.0
146.0 128.0 20.0 10.0
80.0 133.0 20.0 10.0
135.0 100.0 20.0 10.0
57.0 72.0 20.0 10.0
113.0 107.0 20.0 10.0
133.0 160.0 20.0 10.0
121.0 111.0 20.0 10.0
114.0 145.0 20.0 10.0
107.0 133.0 20.0 10.0
85.0 140.0 20.0 10.0
125.0 91.0 20.0 10.0
72.0 111.0 20.0 10.0
97.0 100.0 20.0 10.0
130.0 131.0 20.0 10.0
27.0 95.0 20.0 10.0
136.0 121.0 20.0 10.0
117.0 117.0 20.0 10.0
63.0 111.0 20.0 10.0
31.0 65.0 20.0 10.0
165.0 119.0 20.0 10.0
70.0 88.0 20.0 10.0
123.0 86.0 20.0 10.0
87.0 124.0 20.0 10.0
112.0 88.0 20.0 10.0
89.0 78.0 20.0 10.0
147.0 87.0 20.0 10.0
138.0 92.0 20.0 10.0
100.0 111.0 20.0 10.0
118.0 86.0 20.0 10.0
98.0 94.0 20.0 10.0
41.0 71.0 20.0 10.0
154.0 88.0 20.0 10.0
113.0 80.0 20.0 10.0
123.0 62.0 20.0 10.0
111.0 50.0 20.0 10.0
164.0 104.0 20.0 10.0
99.0 162.0 20.0 10.0
91.0 127.0 20.0 10.0
81.0 89.0 20.0 10.0
93.0 83.0 20.0 10.0
154.0 100.0 20.0 10.0
79.0 135.0 20.0 10.0
58.0 96.0 20.0 10.0
111.0 25.0 20.0 10.0
104.0 134.0 20.0 10.0
134.0 110.0 20.0 10.0
125.0 117.0 20.0 10.0
84.0 93.0 20.0 10.0
124.0 115.0 20.0 10.0
57.0 113.0 20.0 10.0
53.0 95.0 20.0 10.0
49.0 79.0 20.0 10.0
90.0 89.0 20.0 10.0
129.0 82.0 20.0 10.0
110.0 102.0 20.0 10.0
145.0 145.0 20.0 10.0
46.0 93.0 20.0 10.0
112.0 176.0 20.0 10.0
67.0 141.0 20.0 10.0
97.0 66.0 20.0 10.0
111.0 92.0 20.0 10.0
73.0 121.0 20.0 10.0
137.0 125.0 20.0 10.0
125.0 64.0 20.0 10.0
92.0 125.0 20.0 10.0
118.0 162.0 20.0 10.0
74.0 58.0 20.0 10.0
94.0 141.0 20.0 10.0
124.0 111.0 20.0 10.0
127.0 93.0 20.0 10.0
42.0 100.0 20.0 10.0
103.0 68.0 20.0 10.0
163.0 145.0 20.0 10.0
131.0 75.0 20.0 10.0
54.0 106.0 20.0 10.0
160.0 122.0 20.0 10.0
138.0 57.0 20.0 10.0
147.0 82.0 20.0 10.0
57.0 77.0 20.0 10.0
95.0 36.0 20.0 10.0
60.0 130.0 20.0 10.0
152.0 135.0 20.0 10.0
62.0 122.0 20.0 10.0
179.0 94.0 20.0 10.0
74.0 117.0 20.0 10.0
165.0 83.0 20.0 10.0
92.0 116.0 20.0 10.0
57.0 160.0 20.0 10.0
82.0 84.0 20.0 10.0
103.0 92.0 20.0 10.0
94.0 78.0 20.0 10.0
155.0 95.0 20.0 10.0
137.0 135.0 20.0 10.0
132.0 128.0 20.0 10.0
50.0 84.0 20.0 10.0
115.0 80.0 20.0 10.0
101.0 117.0 20.0 10.0
85.0 79.0 20.0 10.0
89.0 149.0 20.0 10.0
129.0 83.0 20.0 10.0
175.0 118.0 20.0 10.0
135.0 60.0 20.0 10.0
147.0 92.0 20.0 10.0
131.0 89.0 20.0 10.0
55.0 123.0 20.0 10.0
126.0 146.0 20.0 10.0
132.0 30.0 20.0 10.0
110.0 74.0 20.0 10.0
123.0 41.0 20.0 10.0
75.0 82.0 20.0 10.0
131.0 162.0 20.0 10.0
100.0 53.0 20.0 10.0
75.0 53.0 20.0 10.0
99.0 145.0 20.0 10.0
88.0 107.0 20.0 10.0
102.0 81.0 20.0 10.0
170.0 82.0 20.0 10.0
99.0 132.0 20.0 10.0
146.0 108.0 20.0 10.0
125.0 108.0 20.0 10.0
74.0 108.0 20.0 10.0
92.0 82.0 20.0 10.0
115.0 96.0 20.0 10.0
118.0 126.0 20.0 10.0
83.0 67.0 20.0 10.0
117.0 129.0 20.0 10.0
133.0 85.0 20.0 10.0
121.0 97.0 20.0 10.0
161.0 95.0 20.0 10.0
79.0 117.0 20.0 10.0
141.0 89.0 20.0 10.0
108.0 93.0 20.0 10.0
134.0 132.0 20.0 10.0
109.0 67.0 20.0 10.0
130.0 48.0 20.0 10.0
108.0 112.0 20.0 10.0
142.0 88.0 20.0 10.0
71.0 80.0 20.0 10.0
89.0 134.0 20.0 10.0
128.0 115.0 20.0 10.0
78.0 61.0 20.0 10.0
79.0 47.0 20.0 10.0
97.0 90.0 20.0 10.0
92.0 75.0 20.0 10.0
75.0 89.0 20.0 10.0
67.0 93.0 20.0 10.0
112.0 95.0 20.0 10.0
78.0 96.0 20.0 10.0
72.0 71.0 20.0 10.0
94.0 161.0 20.0 10.0
72.0 187.0 20.0 10.0
104.0 39.0 20.0 10.0
122.0 106.0 20.0 10.0
119.0 96.0 20.0 10.0
32.0 106.0 20.0 10.0
147.0 73.0 20.0 10.0
93.0 107.0 20.0 10.0
75.0 103.0 20.0 10.0
129.0 87.0 20.0 10.0
94.0 120.0 20.0 10.0
105.0 116.0 20.0 10.0
108.0 69.0 20.0 10.0
141.0 148.0 20.0 10.0
115.0 72.0 20.0 10.0
140.0 62.0 20.0 10.0
100.0 99.0 20.0 10.0
106.0 127.0 20.0 10.0
119.0 50.0 20.0 10.0
74.0 76.0 20.0 10.0
126.0 132.0 20.0 10.0
109.0 96.0 20.0 10.0
128.0 99.0 20.0 10.0
130.0 135.0 20.0 10.0
144.0 186.0 20.0 10.0
90.0 62.0 20.0 10.0
105.0 111.0 20.0 10.0
72.0 130.0 20.0 10.0
151.0 130.0 20.0 10.0
72.0 97.0 20.0 10.0
125.0 41.0 20.0 10.0
80.0 110.0 20.0 10.0
61.0 141.0 20.0 10.0
125.0 119.0 20.0 10.0
119.0 154.0 20.0 10.0
100.0 128.0 20.0 10.0
79.0 70.0 20.0 10.0
121.0 115.0 20.0 10.0
91.0 121.0 20.0 10.0
92.0 66.0 20.0 10.0
119.0 89.0 20.0 10.0
144.0 126.0 20.0 10.0
119.0 119.0 20.0 10.0
95.0 104.0 20.0 10.0
145.0 44.0 20.0 10.0
90.0 69.0 20.0 10.0
94.0 112.0 20.0 10.0
53.0 58.0 20.0 10.0
86.0 57.0 20.0 10.0
88.0 113.0 20.0 10.0
115.0 84.0 20.0 10.0
137.0 115.0 20.0 10.0
69.0 113.0 20.0 10.0
154.0 83.0 20.0 10.0
71.0 104.0 20.0 10.0
101.0 109.0 20.0 10.0
149.0 136.0 20.0 10.0
117.0 103.0 20.0 10.0
146.0 130.0 20.0 10.0
90.0 91.0 20.0 10.0
77.0 73.0 20.0 10.0
156.0 103.0 20.0 10.0
105.0 101.0 20.0 10.0
77.0 108.0 20.0 10.0
97.0 77.0 20.0 10.0
118.0 110.0 20.0 10.0
151.0 123.0 20.0 10.0
105.0 97.0 20.0 10.0
126.0 121.0 20.0 10.0
143.0 111.0 20.0 10.0
119.0 75.0 20.0 10.0
148.0 63.0 20.0 10.0
117.0 120.0 20.0 10.0
65.0 91.0 20.0 10.0
154.0 118.0 20.0 10.0
151.0 64.0 20.0 10.0
185.0 156.0 20.0 10.0
131.0 100.0 20.0 10.0
120.0 105.0 20.0 10.0
88.0 92.0 20.0 10.0
120.0 86.0 20.0 10.0
110.0 56.0 20.0 10.0
105.0 136.0 20.0 10.0
70.0 90.0 20.0 10.0
69.0 120.0 20.0 10.0
90.0 54.0 20.0 10.0
78.0 79.0 20.0 10.0
160.0 120.0 20.0 10.0
93.0 127.0 20.0 10.0
100.0 62.0 20.0 10.0
131.0 59.0 20.0 10.0
75.0 119.0 20.0 10.0
105.0 56.0 20.0 10.0
63.0 85.0 20.0 10.0
144.0 97.0 20.0 10.0
99.0 78.0 20.0 10.0
77.0 57.0 20.0 10.0
133.0 66.0 20.0 10.0
97.0 122.0 20.0 10.0
92.0 45.0 20.0 10.0
127.0 106.0 20.0 10.0
137.0 82.0 20.0 10.0
95.0 116.0 20.0 10.0
98.0 157.0 20.0 10.0
86.0 73.0 20.0 10.0
152.0 91.0 20.0 10.0
188.0 97.0 20.0 10.0
164.0 115.0 20.0 10.0
108.0 53.0 20.0 10.0
180.0 140.0 20.0 10.0
77.0 52.0 20.0 10.0
50.0 101.0 20.0 10.0
103.0 74.0 20.0 10.0
138.0 137.0 20.0 10.0
106.0 107.0 20.0 10.0
101.0 135.0 20.0 10.0
106.0 123.0 20.0 10.0
115.0 87.0 20.0 10.0
98.0 107.0 20.0 10.0
96.0 183.0 20.0 10.0
93.0 101.0 20.0 10.0
101.0 79.0 20.0 10.0
143.0 101.0 20.0 10.0
113.0 130.0 20.0 10.0
147.0 78.0 20.0 10.0
69.0 100.0 20.0 10.0
166.0 103.0 20.0 10.0
133.0 106.0 20.0 10.0
110.0 105.0 20.0 10.0
126.0 97.0 20.0 10.0
127.0 134.0 20.0 10.0
105.0 73.0 20.0 10.0
88.0 169.0 20.0 10.0
63.0 130.0 20.0 10.0
109.0 144.0 20.0 10.0
138.0 111.0 20.0 10.0
116.0 76.0 20.0 10.0
58.0 111.0 20.0 10.0
84.0 126.0 20.0 10.0
64.0 72.0 20.0 10.0
41.0 117.0 20.0 10.0
118.0 91.0 20.0 10.0
125.0 151.0 20.0 10.0
105.0 118.0 20.0 10.0
60.0 113.0 20.0 10.0
129.0 58.0 20.0 10.0
56.0 90.0 20.0 10.0
88.0 87.0 20.0 10.0
86.0 162.0 20.0 10.0
87.0 46.0 20.0 10.0
126.0 117.0 20.0 10.0
159.0 109.0 20.0 10.0
157.0 87.0 20.0 10.0
142.0 133.0 20.0 10.0
96.0 138.0 20.0 10.0
101.0 71.0 20.0 10.0
53.0 137.0 20.0 10.0
90.0 104.0 20.0 10.0
162.0 124.0 20.0 10.0
100.0 86.0 20.0 10.0
79.0 113.0 20.0 10.0
85.0 111.0 20.0 10.0
125.0 83.0 20.0 10.0
66.0 154.0 20.0 10.0
66.0 75.0 20.0 10.0
84.0 62.0 20.0 10.0
102.0 119.0 20.0 10.0
79.0 75.0 20.0 10.0
150.0 69.0 20.0 10.0
73.0 80.0 20.0 10.0
151.0 84.0 20.0 10.0
109.0 95.0 20.0 10.0
105.0 90.0 20.0 10.0
95.0 103.0 20.0 10.0
87.0 104.0 20.0 10.0
134.0 143.0 20.0 10.0
71.0 83.0 20.0 10.0
98.0 54.0 20.0 10.0
131.0 90.0 20.0 10.0
108.0 89.0 20.0 10.0
123.0 78.0 20.0 10.0
55.0 116.0 20.0 10.0
74.0 139.0 20.0 10.0
81.0 68.0 20.0 10.0
120.0 141.0 20.0 10.0
77.0 93.0 20.0 10.0
56.0 136.0 20.0 10.0
93.0 47.0 20.0 10.0
73.0 88.0 20.0 10.0
106.0 181.0 20.0 10.0
81.0 131.0 20.0 10.0
131.0 64.0 20.0 10.0
103.0 120.0 20.0 10.0
102.0 101.0 20.0 10.0
119.0 72.0 20.0 10.0
77.0 149.0 20.0 10.0
57.0 83.0 20.0 10.0
57.0 86.0 20.0 10.0
83.0 88.0 20.0 10.0
109.0 90.0 20.0 10.0
109.0 142.0 20.0 10.0
93.0 70.0 20.0 10.0
126.0 136.0 20.0 10.0
154.0 132.0 20.0 10.0
128.0 78.0 20.0 10.0
124.0 146.0 20.0 10.0
116.0 82.0 20.0 10.0
88.0 117.0 20.0 10.0
122.0 128.0 20.0 10.0
113.0 69.0 20.0 10.0
146.0 110.0 20.0 10.0
130.0 144.0 20.0 10.0
131.0 78.0 20.0 10.0
66.0 73.0 20.0 10.0
121.0 83.0 20.0 10.0
99.0 47.0 20.0 10.0
74.0 106.0 20.0 10.0
116.0 110.0 20.0 10.0
80.0 57.0 20.0 10.0
144.0 58.0 20.0 10.0
129.0 104.0 20.0 10.0
97.0 143.0 20.0 10.0
64.0 107.0 20.0 10.0
158.0 95.0 20.0 10.0
124.0 95.0 20.0 10.0
149.0 95.0 20.0 10.0
120.0 116.0 20.0 10.0
143.0 124.0 20.0 10.0
131.0 94.0 20.0 10.0
63.0 174.0 20.0 10.0
152.0 137.0 20.0 10.0
95.0 55.0 20.0 10.0
130.0 84.0 20.0 10.0
91.0 94.0 20.0 10.0
73.0 124.0 20.0 10.0
138.0 75.0 20.0 10.0
91.0 53.0 20.0 10.0
92.0 81.0 20.0 10.0
134.0 136.0 20.0 10.0
114.0 126.0 20.0 10.0
95.0 107.0 20.0 10.0
69.0 104.0 20.0 10.0
97.0 120.0 20.0 10.0
110.0 103.0 20.0 10.0
75.0 65.0 20.0 10.0
68.0 157.0 20.0 10.0
138.0 115.0 20.0 10.0
94.0 86.0 20.0 10.0
146.0 73.0 20.0 10.0
79.0 95.0 20.0 10.0
171.0 133.0 20.0 10.0
67.0 115.0 20.0 10.0
125.0 70.0 20.0 10.0
81.0 120.0 20.0 10.0
46.0 137.0 20.0 10.0
144.0 118.0 20.0 10.0
126.0 66.0 20.0 10.0
112.0 100.0 20.0 10.0
127.0 109.0 20.0 10.0
116.0 104.0 20.0 10.0
135.0 102.0 20.0 10.0
102.0 95.0 20.0 10.0
83.0 77.0 20.0 10.0
70.0 123.0 20.0 10.0
90.0 94.0 20.0 10.0
116.0 97.0 20.0 10.0
135.0 157.0 20.0 10.0
88.0 53.0 20.0 10.0
97.0 95.0 20.0 10.0
121.0 55.0 20.0 10.0
105.0 145.0 20.0 10.0
130.0 115.0 20.0 10.0
145.0 135.0 20.0 10.0
163.0 95.0 20.0 10.0
133.0 93.0 20.0 10.0
68.0 131.0 20.0 10.0
129.0 120.0 20.0 10.0
25.0 111.0 20.0 10.0
135.0 123.0 20.0 10.0
70.0 127.0 20.0 10.0
126.0 62.0 20.0 10.0
97.0 153.0 20.0 10.0
102.0 49.0 20.0 10.0
138.0 103.0 20.0 10.0
118.0 69.0 20.0 10.0
165.0 58.0 20.0 10.0
111.0 107.0 20.0 10.0
110.0 109.0 20.0 10.0
97.0 148.0 20.0 10.0
85.0 74.0 20.0 10.0
135.0 115.0 20.0 10.0
118.0 145.0 20.0 10.0
121.0 118.0 20.0 10.0
114.0 52.0 20.0 10.0
105.0 114.0 20.0 10.0
114.0 43.0 20.0 10.0
91.0 113.0 20.0 10.0
57.0 101.0 20.0 10.0
130.0 110.0 20.0 10.0
84.0 98.0 20.0 10.0
74.0 100.0 20.0 10.0
112.0 97.0 20.0 10.0
115.0 119.0 20.0 10.0
57.0 91.0 20.0 10.0
81.0 92.0 20.0 10.0
128.0 161.0 20.0 10.0
154.0 110.0 20.0 10.0
158.0 128.0 20.0 10.0
96.0 72.0 20.0 10.0
75.0 124.0 20.0 10.0
108.0 81.0 20.0 10.0
166.0 158.0 20.0 10.0
111.0 151.0 20.0 10.0
86.0 100.0 20.0 10.0
104.0 128.0 20.0 10.0
67.0 87.0 20.0 10.0
102.0 105.0 20.0 10.0
131.0 149.0 20.0 10.0
148.0 105.0 20.0 10.0
131.0 120.0 20.0 10.0
93.0 139.0 20.0 10.0
65.0 165.0 20.0 10.0
83.0 95.0 20.0 10.0
78.0 126.0 20.0 10.0
82.0 125.0 20.0 10.0
113.0 89.0 20.0 10.0
82.0 99.0 20.0 10.0
107.0 84.0 20.0 10.0
104.0 117.0 20.0 10.0
81.0 80.0 20.0 10.0
148.0 36.0 20.0 10.0
111.0 127.0 20.0 10.0
119.0 134.0 20.0 10.0
135.0 71.0 20.0 10.0
69.0 80.0 20.0 10.0
96.0 41.0 20.0 10.0
90.0 77.0 20.0 10.0
78.0 123.0 20.0 10.0
53.0 100.0 20.0 10.0
94.0 123.0 20.0 10.0
157.0 138.0 20.0 10.0
61.0 155.0 20.0 10.0
151.0 143.0 20.0 10.0
116.0 50.0 20.0 10.0
99.0 135.0 20.0 10.0
82.0 63.0 20.0 10.0
129.0 61.0 20.0 10.0
139.0 107.0 20.0 10.0
93.0 91.0 20.0 10.0
131.0 71.0 20.0 10.0
143.0 105.0 20.0 10.0
68.0 57.0 20.0 10.0
97.0 129.0 20.0 10.0
100.0 75.0 20.0 10.0
106.0 162.0 20.0 10.0
123.0 59.0 20.0 10.0
98.0 83.0 20.0 10.0
101.0 98.0 20.0 10.0
90.0 73.0 20.0 10.0
133.0 127.0 20.0 10.0
89.0 173.0 20.0 10.0
64.0 113.0 20.0 10.0
81.0 122.0 20.0 10.0
127.0 91.0 20.0 10.0
71.0 61.0 20.0 10.0
121.0 99.0 20.0 10.0
121.0 74.0 20.0 10.0
60.0 123.0 20.0 10.0
101.0 46.0 20.0 10.0
129.0 142.0 20.0 10.0
124.0 42.0 20.0 10.0
173.0 57.0 20.0 10.0
113.0 81.0 20.0 10.0
87.0 138.0 20.0 10.0
79.0 86.0 20.0 10.0
108.0 111.0 20.0 10.0
67.0 78.0 20.0 10.0
107.0 97.0 20.0 10.0
81.0 144.0 20.0 10.0
95.0 131.0 20.0 10.0
142.0 85.0 20.0 10.0
94.0 64.0 20.0 10.0
99.0 140.0 20.0 10.0
78.0 94.0 20.0 10.0
80.0 125.0 20.0 10.0
100.0 122.0 20.0 10.0
81.0 128.0 20.0 10.0
98.0 116.0 20.0 10.0
75.0 37.0 20.0 10.0
96.0 164.0 20.0 10.0
84.0 122.0 20.0 10.0
138.0 63.0 20.0 10.0
138.0 85.0 20.0 10.0
160.0 89.0 20.0 10.0
82.0 153.0 20.0 10.0
73.0 85.0 20.0 10.0
85.0 119.0 20.0 10.0
145.0 148.0 20.0 10.0
127.0 34.0 20.0 10.0
116.0 152.0 20.0 10.0
141.0 112.0 20.0 10.0
81.0 140.0 20.0 10.0
96.0 117.0 20.0 10.0
134.0 36.0 20.0 10.0
103.0 139.0 20.0 10.0
112.0 124.0 20.0 10.0
146.0 112.0 20.0 10.0
85.0 73.0 20.0 10.0
71.0 101.0 20.0 10.0
77.0 82.0 20.0 10.0
97.0 102.0 20.0 10.0
119.0 112.0 20.0 10.0
73.0 103.0 20.0 10.0
113.0 115.0 20.0 10.0
144.0 96.0 20.0 10.0
121.0 148.0 20.0 10.0
161.0 105.0 20.0 10.0
63.0 61.0 20.0 10.0
127.0 82.0 20.0 10.0
134.0 99.0 20.0 10.0
142.0 82.0 20.0 10.0
115.0 129.0 20.0 10.0
109.0 87.0 20.0 10.0
155.0 113.0 20.0 10.0
44.0 130.0 20.0 10.0
87.0 153.0 20.0 10.0
138.0 94.0 20.0 10.0
126.0 102.0 20.0 10.0
82.0 74.0 20.0 10.0
117.0 51.0 20.0 10.0
99.0 74.0 20.0 10.0
110.0 70.0 20.0 10.0
144.0 160.0 20.0 10.0
75.0 108.0 20.0 10.0
92.0 88.0 20.0 10.0
118.0 67.0 20.0 10.0
158.0 64.0 20.0 10.0
151.0 108.0 20.0 10.0
91.0 138.0 20.0 10.0
123.0 176.0 20.0 10.0
107.0 125.0 20.0 10.0
111.0 113.0 20.0 10.0
123.0 156.0 20.0 10.0
93.0 118.0 20.0 10.0
174.0 95.0 20.0 10.0
104.0 100.0 20.0 10.0
85.0 107.0 20.0 10.0
109.0 114.0 20.0 10.0
87.0 70.0 20.0 10.0
121.0 138.0 20.0 10.0
122.0 122.0 20.0 10.0
114.0 134.0 20.0 10.0
60.0 25.0 20.0 10.0
89.0 144.0 20.0 10.0
63.0 80.0 20.0 10.0
107.0 95.0 20.0 10.0
137.0 146.0 20.0 10.0
99.0 97.0 20.0 10.0
90.0 82.0 20.0 10.0
91.0 64.0 20.0 10.0
117.0 47.0 20.0 10.0
100.0 131.0 20.0 10.0
92.0 112.0 20.0 10.0
97.0 138.0 20.0 10.0
94.0 88.0 20.0 10.0
87.0 96.0 20.0 10.0
98.0 49.0 20.0 10.0
79.0 100.0 20.0 10.0
128.0 127.0 20.0 10.0
147.0 115.0 20.0 10.0
152.0 120.0 20.0 10.0
68.0 60.0 20.0 10.0
135.0 77.0 20.0 10.0
130.0 129.0 20.0 10.0
54.0 112.0 20.0 10.0
108.0 85.0 20.0 10.0
142.0 120.0 20.0 10.0
148.0 97.0 20.0 10.0
152.0 105.0 20.0 10.0
136.0 79.0 20.0 10.0
135.0 117.0 20.0 10.0
72.0 115.0 20.0 10.0
105.0 61.0 20.0 10.0
78.0 83.0 20.0 10.0
101.0 151.0 20.0 10.0
140.0 140.0 20.0 10.0
143.0 56.0 20.0 10.0
103.0 65.0 20.0 10.0
172.0 86.0 20.0 10.0
96.0 75.0 20.0 10.0
140.0 120.0 20.0 10.0
132.0 118.0 20.0 10.0
116.0 67.0 20.0 10.0
118.0 99.0 20.0 10.0
73.0 95.0 20.0 10.0
47.0 82.0 20.0 10.0
150.0 132.0 20.0 10.0
86.0 67.0 20.0 10.0
87.0 74.0 20.0 10.0
141.0 113.0 20.0 10.0
77.0 87.0 20.0 10.0
106.0 142.0 20.0 10.0
60.0 105.0 20.0 10.0
159.0 99.0 20.0 10.0
72.0 106.0 20.0 10.0
120.0 64.0 20.0 10.0
150.0 88.0 20.0 10.0
41.0 81.0 20.0 10.0
106.0 64.0 20.0 10.0
181.0 138.0 20.0 10.0
85.0 89.0 20.0 10.0
160.0 75.0 20.0 10.0
56.0 57.0 20.0 10.0
84.0 59.0 20.0 10.0
142.0 72.0 20.0 10.0
57.0 87.0 20.0 10.0
112.0 74.0 20.0 10.0
114.0 140.0 20.0 10.0
110.0 54.0 20.0 10.0
83.0 160.0 20.0 10.0
80.0 81.0 20.0 10.0
142.0 79.0 20.0 10.0
112.0 105.0 20.0 10.0
122.0 92.0 20.0 10.0
124.0 82.0 20.0 10.0
28.0 157.0 20.0 10.0
79.0 129.0 20.0 10.0
126.0 125.0 20.0 10.0
128.0 86.0 20.0 10.0
68.0 100.0 20.0 10.0
95.0 148.0 20.0 10.0
108.0 107.0 20.0 10.0
57.0 107.0 20.0 10.0
49.0 160.0 20.0 10.0
116.0 108.0 20.0 10.0
113.0 64.0 20.0 10.0
147.0 75.0 20.0 10.0
77.0 132.0 20.0 10.0
137.0 69.0 20.0 10.0
127.0 57.0 20.0 10.0
79.0 110.0 20.0 10.0
114.0 115.0 20.0 10.0
163.0 44.0 20.0 10.0
111.0 86.0 20.0 10.0
163.0 109.0 20.0 10.0
69.0 89.0 20.0 10.0
91.0 135.0 20.0 10.0
55.0 102.0 20.0 10.0
126.0 74.0 20.0 10.0
116.0 95.0 20.0 10.0
141.0 99.0 20.0 10.0
157.0 39.0 20.0 10.0
106.0 52.0 20.0 10.0
128.0 41.0 20.0 10.0
114.0 60.0 20.0 10.0
86.0 133.0 20.0 10.0
112.0 136.0 20.0 10.0
67.0 68.0 20.0 10.0
124.0 107.0 20.0 10.0
88.0 82.0 20.0 10.0
163.0 91.0 20.0 10.0
103.0 144.0 20.0 10.0
144.0 104.0 20.0 10.0
128.0 72.0 20.0 10.0
48.0 87.0 20.0 10.0
135.0 95.0 20.0 10.0
101.0 113.0 20.0 10.0
66.0 121.0 20.0 10.0
149.0 129.0 20.0 10.0
65.0 130.0 20.0 10.0
102.0 99.0 20.0 10.0
109.0 47.0 20.0 10.0
135.0 27.0 20.0 10.0
113.0 47.0 20.0 10.0
157.0 92.0 20.0 10.0
133.0 124.0 20.0 10.0
132.0 50.0 20.0 10.0
77.0 167.0 20.0 10.0
98.0 125.0 20.0 10.0
101.0 94.0 20.0 10.0
124.0 96.0 20.0 10.0
106.0 150.0 20.0 10.0
148.0 93.0 20.0 10.0
94.0 98.0 20.0 10.0
92.0 109.0 20.0 10.0
91.0 101.0 20.0 10.0
156.0 164.0 20.0 10.0
105.0 82.0 20.0 10.0
131.0 68.0 20.0 10.0
121.0 79.0 20.0 10.0
93.0 71.0 20.0 10.0
167.0 116.0 20.0 10.0
116.0 112.0 20.0 10.0
95.0 98.0 20.0 10.0
107.0 92.0 20.0 10.0
94.0 84.0 20.0 10.0
47.0 109.0 20.0 10.0
118.0 62.0 20.0 10.0
99.0 68.0 20.0 10.0
117.0 87.0 20.0 10.0
150.0 81.0 20.0 10.0
97.0 150.0 20.0 10.0
124.0 141.0 20.0 10.0
110.0 80.0 20.0 10.0
153.0 81.0 20.0 10.0
88.0 100.0 20.0 10.0
78.0 99.0 20.0 10.0
88.0 69.0 20.0 10.0
141.0 160.0 20.0 10.0
53.0 147.0 20.0 10.0
129.0 70.0 20.0 10.0
130.0 124.0 20.0 10.0
53.0 66.0 20.0 10.0
122.0 88.0 20.0 10.0
104.0 138.0 20.0 10.0
124.0 76.0 20.0 10.0
52.0 129.0 20.0 10.0
58.0 139.0 20.0 10.0
128.0 124.0 20.0 10.0
152.0 128.0 20.0 10.0
102.0 61.0 20.0 10.0
155.0 102.0 20.0 10.0
157.0 155.0 20.0 10.0
130.0 153.0 20.0 10.0
91.0 57.0 20.0 10.0
64.0 99.0 20.0 10.0
70.0 66.0 20.0 10.0
101.0 56.0 20.0 10.0
136.0 129.0 20.0 10.0
113.0 58.0 20.0 10.0
106.0 144.0 20.0 10.0
87.0 127.0 20.0 10.0
140.0 121.0 20.0 10.0
89.0 80.0 20.0 10.0
84.0 82.0 20.0 10.0
62.0 108.0 20.0 10.0
119.0 121.0 20.0 10.0
105.0 132.0 20.0 10.0
107.0 78.0 20.0 10.0
100.0 101.0 20.0 10.0
75.0 135.0 20.0 10.0
116.0 101.0 20.0 10.0
119.0 93.0 20.0 10.0
134.0 139.0 20.0 10.0
105.0 139.0 20.0 10.0
89.0 142.0 20.0 10.0
104.0 94.0 20.0 10.0
111.0 119.0 20.0 10.0
95.0 90.0 20.0 10.0
108.0 105.0 20.0 10.0
75.0 128.0 20.0 10.0
67.0 128.0 20.0 10.0
105.0 87.0 20.0 10.0
148.0 143.0 20.0 10.0
96.0 49.0 20.0 10.0
86.0 86.0 20.0 10.0
107.0 99.0 20.0 10.0
100.0 104.0 20.0 10.0
74.0 159.0 20.0 10.0
103.0 41.0 20.0 10.0
118.0 28.0 20.0 10.0
114.0 99.0 20.0 10.0
104.0 76.0 20.0 10.0
101.0 143.0 20.0 10.0
116.0 57.0 20.0 10.0
181.0 96.0 20.0 10.0
163.0 117.0 20.0 10.0
161.0 84.0 20.0 10.0
106.0 76.0 20.0 10.0
68.0 85.0 20.0 10.0
124.0 103.0 20.0 10.0
78.0 103.0 20.0 10.0
50.0 43.0 20.0 10.0
104.0 79.0 20.0 10.0
121.0 68.0 20.0 10.0
104.0 84.0 20.0 10.0
53.0 88.0 20.0 10.0
133.0 137.0 20.0 10.0
119.0 110.0 20.0 10.0
104.0 109.0 20.0 10.0
143.0 91.0 20.0 10.0
51.0 136.0 20.0 10.0
91.0 154.0 20.0 10.0
101.0 84.0 20.0 10.0
59.0 83.0 20.0 10.0
66.0 123.0 20.0 10.0
127.0 123.0 20.0 10.0
157.0 83.0 20.0 10.0
104.0 112.0 20.0 10.0
87.0 63.0 20.0 10.0
118.0 107.0 20.0 10.0
81.0 76.0 20.0 10.0
61.0 86.0 20.0 10.0
117.0 131.0 20.0 10.0
140.0 100.0 20.0 10.0
62.0 79.0 20.0 10.0
102.0 112.0 20.0 10.0
137.0 99.0 20.0 10.0
67.0 82.0 20.0 10.0
90.0 120.0 20.0 10.0
87.0 105.0 20.0 10.0
77.0 114.0 20.0 10.0
62.0 149.0 20.0 10.0
177.0 84.0 20.0 10.0
110.0 78.0 20.0 10.0
132.0 79.0 20.0 10.0
92.0 64.0 20.0 10.0
130.0 112.0 20.0 10.0
86.0 132.0 20.0 10.0
98.0 115.0 20.0 10.0
189.0 71.0 20.0 10.0
116.0 64.0 20.0 10.0
88.0 98.0 20.0 10.0
145.0 88.0 20.0 10.0
111.0 133.0 20.0 10.0
90.0 27.0 20.0 10.0
73.0 150.0 20.0 10.0
129.0 109.0 20.0 10.0
110.0 64.0 20.0 10.0
102.0 88.0 20.0 10.0
106.0 121.0 20.0 10.0
113.0 150.0 20.0 10.0
155.0 107.0 20.0 10.0
146.0 64.0 20.0 10.0
66.0 57.0 20.0 10.0
117.0 125.0 20.0 10.0
101.0 90.0 20.0 10.0
89.0 49.0 20.0 10.0
75.0 70.0 20.0 10.0
120.0 133.0 20.0 10.0
114.0 76.0 20.0 10.0
133.0 84.0 20.0 10.0
106.0 105.0 20.0 10.0
108.0 119.0 20.0 10.0
131.0 132.0 20.0 10.0
93.0 67.0 20.0 10.0
117.0 136.0 20.0 10.0
108.0 138.0 20.0 10.0
92.0 107.0 20.0 10.0
84.0 51.0 20.0 10.0
107.0 67.0 20.0 10.0
121.0 94.0 20.0 10.0
140.0 67.0 20.0 10.0
93.0 105.0 20.0 10.0
51.0 79.0 20.0 10.0
75.0 132.0 20.0 10.0
100.0 116.0 20.0 10.0
131.0 35.0 20.0 10.0
89.0 96.0 20.0 10.0
94.0 114.0 20.0 10.0
57.0 120.0 20.0 10.0
122.0 132.0 20.0 10.0
