1000
93.0 94.0 20.0 10.0
95.0 93.0 20.0 10.0
95.0 94.0 20.0 10.0
87.0 92.0 20.0 10.0
93.0 88.0 20.0 10.0
98.0 83.0 20.0 10.0
92.0 89.0 20.0 10.0
92.0 96.0 20.0 10.0
86.0 96.0 20.0 10.0
96.0 87.0 20.0 10.0
93.0 102.0 20.0 10.0
103.0 90.0 20.0 10.0
90.0 88.0 20.0 10.0
91.0 79.0 20.0 10.0
98.0 103.0 20.0 10.0
100.0 97.0 20.0 10.0
118.0 96.0 20.0 10.0
93.0 93.0 20.0 10.0
92.0 93.0 20.0 10.0
86.0 87.0 20.0 10.0
84.0 92.0 20.0 10.0
98.0 97.0 20.0 10.0
87.0 103.0 20.0 10.0
95.0 109.0 20.0 10.0
91.0 99.0 20.0 10.0
88.0 103.0 20.0 10.0
84.0 79.0 20.0 10.0
85.0 109.0 20.0 10.0
88.0 117.0 20.0 10.0
101.0 86.0 20.0 10.0
93.0 87.0 20.0 10.0
75.0 97.0 20.0 10.0
96.0 97.0 20.0 10.0
109.0 82.0 20.0 10.0
103.0 86.0 20.0 10.0
99.0 92.0 20.0 10.0
90.0 91.0 20.0 10.0
86.0 93.0 20.0 10.0
96.0 113.0 20.0 10.0
96.0 104.0 20.0 10.0
68.0 90.0 20.0 10.0
72.0 99.0 20.0 10.0
86.0 85.0 20.0 10.0
122.0 103.0 20.0 10.0
98.0 110.0 20.0 10.0
81.0 92.0 20.0 10.0
105.0 96.0 20.0 10.0
114.0 70.0 20.0 10.0
76.0 96.0 20.0 10.0
107.0 102.0 20.0 10.0
86.0 81.0 20.0 10.0
82.0 113.0 20.0 10.0
101.0 79.0 20.0 10.0
87.0 83.0 20.0 10.0
86.0 107.0 20.0 10.0
99.0 81.0 20.0 10.0
79.0 90.0 20.0 10.0
111.0 84.0 20.0 10.0
79.0 85.0 20.0 10.0
91.0 108.0 20.0 10.0
85.0 116.0 20.0 10.0
97.0 90.0 20.0 10.0
83.0 103.0 20.0 10.0
115.0 98.0 20.0 10.0
103.0 73.0 20.0 10.0
104.0 101.0 20.0 10.0
98.0 109.0 20.0 10.0
85.0 119.0 20.0 10.0
96.0 131.0 20.0 10.0
81.0 118.0 20.0 10.0
120.0 104.0 20.0 10.0
101.0 102.0 20.0 10.0
93.0 99.0 20.0 10.0
104.0 106.0 20.0 10.0
111.0 80.0 20.0 10.0
97.0 86.0 20.0 10.0
66.0 92.0 20.0 10.0
115.0 105.0 20.0 10.0
98.0 99.0 20.0 10.0
74.0 67.0 20.0 10.0
99.0 90.0 20.0 10.0
109.0 97.0 20.0 10.0
76.0 91.0 20.0 10.0
105.0 123.0 20.0 10.0
80.0 91.0 20.0 10.0
109.0 96.0 20.0 10.0
104.0 125.0 20.0 10.0
92.0 111.0 20.0 10.0
107.0 99.0 20.0 10.0
70.0 111.0 20.0 10.0
107.0 70.0 20.0 10.0
85.0 78.0 20.0 10.0
111.0 92.0 20.0 10.0
122.0 89.0 20.0 10.0
88.0 73.0 20.0 10.0
84.0 99.0 20.0 10.0
67.0 102.0 20.0 10.0
110.0 99.0 20.0 10.0
121.0 75.0 20.0 10.0
94.0 97.0 20.0 10.0
88.0 54.0 20.0 10.0
116.0 110.0 20.0 10.0
88.0 82.0 20.0 10.0
108.0 116.0 20.0 10.0
97.0 67.0 20.0 10.0
115.0 103.0 20.0 10.0
97.0 119.0 20.0 10.0
92.0 116.0 20.0 10.0
77.0 95.0 20.0 10.0
119.0 101.0 20.0 10.0
55.0 74.0 20.0 10.0
70.0 108.0 20.0 10.0
97.0 93.0 20.0 10.0
113.0 90.0 20.0 10.0
98.0 123.0 20.0 10.0
114.0 107.0 20.0 10.0
96.0 129.0 20.0 10.0
81.0 82.0 20.0 10.0
58.0 106.0 20.0 10.0
103.0 76.0 20.0 10.0
98.0 64.0 20.0 10.0
106.0 90.0 20.0 10.0
84.0 121.0 20.0 10.0
93.0 119.0 20.0 10.0
88.0 138.0 20.0 10.0
91.0 81.0 20.0 10.0
65.0 102.0 20.0 10.0
96.0 120.0 20.0 10.0
64.0 66.0 20.0 10.0
94.0 70.0 20.0 10.0
94.0 79.0 20.0 10.0
95.0 116.0 20.0 10.0
66.0 103.0 20.0 10.0
77.0 62.0 20.0 10.0
85.0 88.0 20.0 10.0
105.0999984741211 123.0 20.0 10.0
66.0 81.0 20.0 10.0
109.0 74.0 20.0 10.0
70.0 83.0 20.0 10.0
86.0 114.0 20.0 10.0
98.0 76.0 20.0 10.0
94.0 107.0 20.0 10.0
105.0 112.0 20.0 10.0
56.0 125.0 20.0 10.0
106.0 95.0 20.0 10.0
128.0 83.0 20.0 10.0
92.0 132.0 20.0 10.0
101.0 56.0 20.0 10.0
102.0 116.0 20.0 10.0
86.0 79.0 20.0 10.0
95.0 107.0 20.0 10.0
109.0 88.0 20.0 10.0
58.0 101.0 20.0 10.0
107.0 76.0 20.0 10.0
86.0 57.0 20.0 10.0
94.0 113.0 20.0 10.0
126.0 91.0 20.0 10.0
116.0 69.0 20.0 10.0
78.0 99.0 20.0 10.0
88.0 96.0 20.0 10.0
123.0 120.0 20.0 10.0
91.0 68.0 20.0 10.0
113.0 103.0 20.0 10.0
103.0 114.0 20.0 10.0
79.0 115.0 20.0 10.0
91.0 127.0 20.0 10.0
73.0 86.0 20.0 10.0
104.0 88.0 20.0 10.0
65.0 116.0 20.0 10.0
54.0 98.0 20.0 10.0
55.0 104.0 20.0 10.0
111.0 81.0 20.0 10.0
59.0 120.0 20.0 10.0
100.0 113.0 20.0 10.0
76.0 58.0 20.0 10.0
97.0 80.0 20.0 10.0
120.0 69.0 20.0 10.0
88.0 79.0 20.0 10.0
96.0 101.0 20.0 10.0
79.0 107.0 20.0 10.0
119.0 111.0 20.0 10.0
119.0 80.0 20.0 10.0
114.0 84.0 20.0 10.0
73.0 113.0 20.0 10.0
122.0 108.0 20.0 10.0
117.0 93.0 20.0 10.0
99.0 53.0 20.0 10.0
128.0 114.0 20.0 10.0
98.0 70.0 20.0 10.0
128.0 119.0 20.0 10.0
79.0 113.0 20.0 10.0
63.0 112.0 20.0 10.0
97.0 74.0 20.0 10.0
73.0 123.0 20.0 10.0
120.0 111.0 20.0 10.0
109.0 55.0 20.0 10.0
113.0 73.0 20.0 10.0
103.0 117.0 20.0 10.0
105.0 98.0 20.0 10.0
61.0 125.0 20.0 10.0
70.0 103.0 20.0 10.0
114.0 96.0 20.0 10.0
103.0 81.0 20.0 10.0
62.0 71.0 20.0 10.0
103.0 66.0 20.0 10.0
70.0 86.0 20.0 10.0
78.0 131.0 20.0 10.0
86.0 100.0 20.0 10.0
102.0 121.0 20.0 10.0
78.0 82.0 20.0 10.0
132.0 99.0 20.0 10.0
64.0 87.0 20.0 10.0
74.0 79.0 20.0 10.0
91.0 61.0 20.0 10.0
113.0 118.0 20.0 10.0
110.0 114.0 20.0 10.0
119.0 78.0 20.0 10.0
124.0 115.0 20.0 10.0
87.0 75.0 20.0 10.0
98.0 104.0 20.0 10.0
92.0 76.0 20.0 10.0
117.0 116.0 20.0 10.0
79.0 63.0 20.0 10.0
71.0 117.0 20.0 10.0
108.0 63.0 20.0 10.0
106.0 74.0 20.0 10.0
125.0 61.0 20.0 10.0
82.0 86.0 20.0 10.0
57.0 88.0 20.0 10.0
110.0 119.0 20.0 10.0
114.0 64.0 20.0 10.0
76.0 78.0 20.0 10.0
121.0 87.0 20.0 10.0
101.0 67.0 20.0 10.0
55.0 96.0 20.0 10.0
61.0 88.0 20.0 10.0
93.0 63.0 20.0 10.0
92.0 119.0 20.0 10.0
65.0 84.0 20.0 10.0
89.0 63.0 20.0 10.0
86.0 130.0 20.0 10.0
61.0 97.0 20.0 10.0
93.0 82.0 20.0 10.0
81.0 116.0 20.0 10.0
102.0 92.0 20.0 10.0
41.0 90.0 20.0 10.0
128.0 75.0 20.0 10.0
130.0 84.0 20.0 10.0
54.0 108.0 20.0 10.0
96.0 76.0 20.0 10.0
88.0 68.0 20.0 10.0
106.0 51.0 20.0 10.0
131.0 87.0 20.0 10.0
83.0 100.0 20.0 10.0
60.0 114.0 20.0 10.0
61.0 94.0 20.0 10.0
81.0 135.0 20.0 10.0
79.0 103.0 20.0 10.0
107.0 127.0 20.0 10.0
75.0 94.0 20.0 10.0
104.0 83.0 20.0 10.0
117.0 125.0 20.0 10.0
119.0 117.0 20.0 10.0
96.0 115.0 20.0 10.0
74.0 72.0 20.0 10.0
137.0 64.0 20.0 10.0
83.0 68.0 20.0 10.0
100.0 74.0 20.0 10.0
58.0 103.0 20.0 10.0
132.0 88.0 20.0 10.0
54.0 114.0 20.0 10.0
106.0 91.0 20.0 10.0
117.0 106.0 20.0 10.0
62.0 99.0 20.0 10.0
68.0 88.0 20.0 10.0
99.0 108.0 20.0 10.0
73.0 101.0 20.0 10.0
53.0 96.0 20.0 10.0
122.0 92.0 20.0 10.0
65.0 78.0 20.0 10.0
133.0 108.0 20.0 10.0
99.0 128.0 20.0 10.0
79.0 128.0 20.0 10.0
102.0 75.0 20.0 10.0
113.0 62.0 20.0 10.0
117.0 66.0 20.0 10.0
131.0 92.0 20.0 10.0
80.0 120.0 20.0 10.0
116.0 73.0 20.0 10.0
90.0 70.0 20.0 10.0
84.0 128.0 20.0 10.0
58.0 85.0 20.0 10.0
100.0 86.0 20.0 10.0
75.0 76.0 20.0 10.0
123.0 134.0 20.0 10.0
112.0 121.0 20.0 10.0
61.0 122.0 20.0 10.0
102.0 63.0 20.0 10.0
93.0 65.0 20.0 10.0
62.0 75.0 20.0 10.0
125.0 128.0 20.0 10.0
97.0 52.0 20.0 10.0
99.0 132.0 20.0 10.0
56.0 77.0 20.0 10.0
68.0 119.0 20.0 10.0
121.0 122.0 20.0 10.0
58.0 120.0 20.0 10.0
73.0 81.0 20.0 10.0
122.0 116.0 20.0 10.0
86.0 122.0 20.0 10.0
85.0 98.0 20.0 10.0
122.0 99.0 20.0 10.0
58.0 64.0 20.0 10.0
116.0 113.0 20.0 10.0
90.0 121.0 20.0 10.0
122.0 68.0 20.0 10.0
92.0 90.0 20.0 10.0
65.0 127.0 20.0 10.0
69.0 95.0 20.0 10.0
49.0 101.0 20.0 10.0
61.0 103.0 20.0 10.0
127.0 85.0 20.0 10.0
110.0 103.0 20.0 10.0
70.0 80.0 20.0 10.0
95.0 73.0 20.0 10.0
122.0 84.0 20.0 10.0
108.0 60.0 20.0 10.0
84.0 136.0 20.0 10.0
102.0 137.0 20.0 10.0
128.0 116.0 20.0 10.0
122.0 60.0 20.0 10.0
70.0 75.0 20.0 10.0
79.0 73.0 20.0 10.0
142.0 116.0 20.0 10.0
136.0 117.0 20.0 10.0
133.0 107.0 20.0 10.0
57.0 85.0 20.0 10.0
70.0 70.0 20.0 10.0
60.0 98.0 20.0 10.0
109.0 140.0 20.0 10.0
49.0 79.0 20.0 10.0
89.0 90.0 20.0 10.0
120.0 81.0 20.0 10.0
100.0 130.0 20.0 10.0
139.0 113.0 20.0 10.0
52.0 114.0 20.0 10.0
79.0 52.0 20.0 10.0
52.0 51.0 20.0 10.0
51.0 99.0 20.0 10.0
67.0 84.0 20.0 10.0
79.0 136.0 20.0 10.0
126.0 81.0 20.0 10.0
52.0 82.0 20.0 10.0
113.0 101.0 20.0 10.0
75.0 75.0 20.0 10.0
84.0 55.0 20.0 10.0
111.0 133.0 20.0 10.0
117.0 80.0 20.0 10.0
75.0 88.0 20.0 10.0
70.0 106.0 20.0 10.0
123.0 74.0 20.0 10.0
66.0 96.0 20.0 10.0
94.0 128.0 20.0 10.0
39.0 104.0 20.0 10.0
82.0 48.0 20.0 10.0
75.0 122.0 20.0 10.0
70.0 45.0 20.0 10.0
80.0 76.0 20.0 10.0
113.0 115.0 20.0 10.0
85.0 144.0 20.0 10.0
129.0 80.0 20.0 10.0
126.0 57.0 20.0 10.0
101.0 115.0 20.0 10.0
99.0 115.0 20.0 10.0
126.0 116.0 20.0 10.0
114.0 75.0 20.0 10.0
110.0 69.0 20.0 10.0
74.0 120.0 20.0 10.0
80.0 121.0 20.0 10.0
45.0 75.0 20.0 10.0
67.0 87.0 20.0 10.0
73.0 92.0 20.0 10.0
141.0 101.0 20.0 10.0
117.0 72.0 20.0 10.0
110.0 128.0 20.0 10.0
125.0 143.0 20.0 10.0
144.0 123.0 20.0 10.0
70.0 62.0 20.0 10.0
44.0 113.0 20.0 10.0
81.0 64.0 20.0 10.0
101.0 109.0 20.0 10.0
122.0 136.0 20.0 10.0
88.0 72.0 20.0 10.0
77.0 107.0 20.0 10.0
78.0 46.0 20.0 10.0
53.0 123.0 20.0 10.0
90.0 48.0 20.0 10.0
130.0 44.0 20.0 10.0
134.0 113.0 20.0 10.0
70.0 128.0 20.0 10.0
126.0 79.0 20.0 10.0
104.0 52.0 20.0 10.0
126.0 122.0 20.0 10.0
128.0 110.0 20.0 10.0
125.0 78.0 20.0 10.0
113.0 83.0 20.0 10.0
130.0 96.0 20.0 10.0
134.0 69.0 20.0 10.0
114.0 112.0 20.0 10.0
102.0 78.0 20.0 10.0
97.0 60.0 20.0 10.0
66.0 114.0 20.0 10.0
116.0 85.0 20.0 10.0
88.0 42.0 20.0 10.0
119.0 84.0 20.0 10.0
138.0 72.0 20.0 10.0
96.0 123.0 20.0 10.0
140.0 79.0 20.0 10.0
145.0 120.0 20.0 10.0
91.0 62.0 20.0 10.0
76.0 80.0 20.0 10.0
68.0 75.0 20.0 10.0
133.0 57.0 20.0 10.0
126.0 98.0 20.0 10.0
41.0 120.0 20.0 10.0
87.0 51.0 20.0 10.0
125.0 105.0 20.0 10.0
131.0 78.0 20.0 10.0
101.0 61.0 20.0 10.0
131.0 64.0 20.0 10.0
104.0 133.0 20.0 10.0
109.0 111.0 20.0 10.0
47.0 90.0 20.0 10.0
123.0 51.0 20.0 10.0
119.0 135.0 20.0 10.0
56.0 97.0 20.0 10.0
55.0 63.0 20.0 10.0
92.0 55.0 20.0 10.0
81.0 60.0 20.0 10.0
134.0 82.0 20.0 10.0
56.0 92.0 20.0 10.0
61.0 81.0 20.0 10.0
121.0 66.0 20.0 10.0
87.0 130.0 20.0 10.0
109.0 102.0 20.0 10.0
138.0 94.0 20.0 10.0
66.0 122.0 20.0 10.0
68.0 133.0 20.0 10.0
120.0 129.0 20.0 10.0
105.0 120.0 20.0 10.0
34.0 85.0 20.0 10.0
120.0 57.0 20.0 10.0
72.0 109.0 20.0 10.0
103.0 71.0 20.0 10.0
61.0 83.0 20.0 10.0
137.0 119.0 20.0 10.0
135.0 84.0 20.0 10.0
60.0 100.0 20.0 10.0
106.0 71.0 20.0 10.0
61.0 91.0 20.0 10.0
55.0 70.0 20.0 10.0
62.0 143.0 20.0 10.0
76.0 115.0 20.0 10.0
82.0 115.0 20.0 10.0
76.0 49.0 20.0 10.0
126.0 68.0 20.0 10.0
96.0 57.0 20.0 10.0
76.0 126.0 20.0 10.0
56.0 103.0 20.0 10.0
105.0 58.0 20.0 10.0
131.0 102.0 20.0 10.0
54.0 78.0 20.0 10.0
122.0 81.0 20.0 10.0
121.0 77.0 20.0 10.0
92.0 138.0 20.0 10.0
67.0 57.0 20.0 10.0
54.0 90.0 20.0 10.0
77.0 109.0 20.0 10.0
97.0 143.0 20.0 10.0
140.0 117.0 20.0 10.0
115.0 118.0 20.0 10.0
49.0 75.0 20.0 10.0
105.0 118.0 20.0 10.0
90.0 50.0 20.0 10.0
101.0 58.0 20.0 10.0
117.0 64.0 20.0 10.0
104.0 127.0 20.0 10.0
53.0 83.0 20.0 10.0
63.0 95.0 20.0 10.0
131.0 104.0 20.0 10.0
57.0 50.0 20.0 10.0
85.0 39.0 20.0 10.0
52.0 55.0 20.0 10.0
75.0 69.0 20.0 10.0
113.0 127.0 20.0 10.0
57.0 87.0 20.0 10.0
115.0 99.0 20.0 10.0
140.0 75.0 20.0 10.0
90.0 83.0 20.0 10.0
71.0 114.0 20.0 10.0
49.0 82.0 20.0 10.0
71.0 53.0 20.0 10.0
82.0 125.0 20.0 10.0
72.0 148.0 20.0 10.0
76.0 103.0 20.0 10.0
50.0 76.0 20.0 10.0
127.0 70.0 20.0 10.0
120.0999984741211 81.0 20.0 10.0
139.0 78.0 20.0 10.0
95.0 52.0 20.0 10.0
125.0 36.0 20.0 10.0
102.0 84.0 20.0 10.0
131.0 116.0 20.0 10.0
88.0 140.0 20.0 10.0
74.0 62.0 20.0 10.0
53.0 107.0 20.0 10.0
53.0 100.0 20.0 10.0
107.0 110.0 20.0 10.0
127.0 63.0 20.0 10.0
61.0 57.0 20.0 10.0
56.0 57.0 20.0 10.0
108.0 57.0 20.0 10.0
113.0 97.0 20.0 10.0
68.0 116.0 20.0 10.0
52.0 102.0 20.0 10.0
134.0 75.0 20.0 10.0
82.0 70.0 20.0 10.0
140.0 92.0 20.0 10.0
118.0 104.0 20.0 10.0
128.0 142.0 20.0 10.0
62.0 109.0 20.0 10.0
138.0 89.0 20.0 10.0
122.0 127.0 20.0 10.0
83.0 58.0 20.0 10.0
75.0 111.0 20.0 10.0
111.0 116.0 20.0 10.0
95.0 134.0 20.0 10.0
126.0 50.0 20.0 10.0
133.0 101.0 20.0 10.0
55.0 68.0 20.0 10.0
140.0 95.0 20.0 10.0
87.0 59.0 20.0 10.0
46.0 98.0 20.0 10.0
43.0 66.0 20.0 10.0
66.0 120.0 20.0 10.0
102.0 130.0 20.0 10.0
63.0 105.0 20.0 10.0
72.0 132.0 20.0 10.0
132.0 109.0 20.0 10.0
45.0 109.0 20.0 10.0
85.0 141.0 20.0 10.0
116.0 68.0 20.0 10.0
69.0 91.0 20.0 10.0
116.0 55.0 20.0 10.0
125.0 64.0 20.0 10.0
103.0 56.0 20.0 10.0
102.0 53.0 20.0 10.0
78.0 40.0 20.0 10.0
137.0 109.0 20.0 10.0
67.0 76.0 20.0 10.0
66.0 68.0 20.0 10.0
134.0 104.0 20.0 10.0
98.0 58.0 20.0 10.0
42.0 86.0 20.0 10.0
107.0 61.0 20.0 10.0
91.0 41.0 20.0 10.0
142.0 80.0 20.0 10.0
43.0 72.0 20.0 10.0
61.0 52.0 20.0 10.0
64.0 126.0 20.0 10.0
111.0 62.0 20.0 10.0
50.0 83.0 20.0 10.0
144.0 81.0 20.0 10.0
64.0 39.0 20.0 10.0
86.0 95.0 20.0 10.0
97.0 121.0 20.0 10.0
91.0 126.0 20.0 10.0
72.0 60.0 20.0 10.0
70.0 55.0 20.0 10.0
97.0 46.0 20.0 10.0
60.0 127.0 20.0 10.0
89.0 107.0 20.0 10.0
108.0 53.0 20.0 10.0
43.0 114.0 20.0 10.0
80.0 110.0 20.0 10.0
118.0 138.0 20.0 10.0
69.0 144.0 20.0 10.0
113.0 91.0 20.0 10.0
52.0 96.0 20.0 10.0
71.0 124.0 20.0 10.0
131.0 54.0 20.0 10.0
62.0 131.0 20.0 10.0
118.0 129.0 20.0 10.0
99.0 51.0 20.0 10.0
53.0 111.0 20.0 10.0
50.0 119.0 20.0 10.0
88.0 87.0 20.0 10.0
43.0 92.0 20.0 10.0
116.0 139.0 20.0 10.0
78.0 66.0 20.0 10.0
58.0 130.0 20.0 10.0
88.0 27.0 20.0 10.0
102.0 46.0 20.0 10.0
130.0 62.0 20.0 10.0
134.0 110.0 20.0 10.0
137.0 56.0 20.0 10.0
71.0 67.0 20.0 10.0
50.0 116.0 20.0 10.0
74.0 50.0 20.0 10.0
119.0 75.0 20.0 10.0
116.0 128.0 20.0 10.0
62.0 79.0 20.0 10.0
131.0 61.0 20.0 10.0
127.0 123.0 20.0 10.0
119.0 121.0 20.0 10.0
63.0 91.0 20.0 10.0
114.0 38.0 20.0 10.0
137.0 86.0 20.0 10.0
42.0 98.0 20.0 10.0
122.0 151.0 20.0 10.0
69.0 126.0 20.0 10.0
115.0 80.0 20.0 10.0
135.0 96.0 20.0 10.0
146.0 79.0 20.0 10.0
128.0 64.0 20.0 10.0
131.0 134.0 20.0 10.0
145.0 87.0 20.0 10.0
130.0 111.0 20.0 10.0
59.0 74.0 20.0 10.0
146.0 87.0 20.0 10.0
74.0 111.0 20.0 10.0
76.0 123.0 20.0 10.0
121.0 139.0 20.0 10.0
114.0 60.0 20.0 10.0
94.0 138.0 20.0 10.0
72.0 127.0 20.0 10.0
60.0 72.0 20.0 10.0
74.0 146.0 20.0 10.0
123.0 94.0 20.0 10.0
146.0 84.0 20.0 10.0
42.0 121.0 20.0 10.0
63.0 121.0 20.0 10.0
76.0 141.0 20.0 10.0
27.0 84.0 20.0 10.0
63.0 117.0 20.0 10.0
93.0 46.0 20.0 10.0
82.0 132.0 20.0 10.0
57.0 62.0 20.0 10.0
127.0 108.0 20.0 10.0
68.0 137.0 20.0 10.0
105.0 139.0 20.0 10.0
150.0 93.0 20.0 10.0
85.0 52.0 20.0 10.0
137.0 60.0 20.0 10.0
63.0 70.0 20.0 10.0
110.0 40.0 20.0 10.0
38.0 115.0 20.0 10.0
110.0 57.0 20.0 10.0
108.0 130.0 20.0 10.0
81.0 144.0 20.0 10.0
55.0 121.0 20.0 10.0
94.0 50.0 20.0 10.0
53.0 92.0 20.0 10.0
74.0 59.0 20.0 10.0
97.0 139.0 20.0 10.0
107.0 134.0 20.0 10.0
70.0 87.0 20.0 10.0
59.0 38.0 20.0 10.0
140.0 97.0 20.0 10.0
126.0 53.0 20.0 10.0
132.0 127.0 20.0 10.0
88.0 136.0 20.0 10.0
46.0 101.0 20.0 10.0
135.0 120.0 20.0 10.0
82.0 110.0 20.0 10.0
136.0 67.0 20.0 10.0
55.0 133.0 20.0 10.0
126.0 75.0 20.0 10.0
50.0 112.0 20.0 10.0
128.0 66.0 20.0 10.0
60.0 104.0 20.0 10.0
85.0 160.0 20.0 10.0
101.0 150.0 20.0 10.0
147.0 97.0 20.0 10.0
70.0 59.0 20.0 10.0
105.0 65.0 20.0 10.0
59.0 133.0 20.0 10.0
77.0 44.0 20.0 10.0
142.0 96.0 20.0 10.0
136.0 43.0 20.0 10.0
43.0 79.0 20.0 10.0
76.0 149.0 20.0 10.0
67.0 153.0 20.0 10.0
93.0 152.0 20.0 10.0
77.0 75.0 20.0 10.0
84.0 74.0 20.0 10.0
96.0 31.0 20.0 10.0
113.0 49.0 20.0 10.0
78.0 55.0 20.0 10.0
57.0 75.0 20.0 10.0
98.0 44.0 20.0 10.0
57.0 118.0 20.0 10.0
63.0 80.0 20.0 10.0
146.0 93.0 20.0 10.0
143.0 134.0 20.0 10.0
85.0 63.0 20.0 10.0
131.0 114.0 20.0 10.0
120.0 146.0 20.0 10.0
137.0 106.0 20.0 10.0
103.0 148.0 20.0 10.0
57.0 61.0 20.0 10.0
93.0 125.0 20.0 10.0
116.0 147.0 20.0 10.0
131.0 120.0 20.0 10.0
153.0 111.0 20.0 10.0
130.0 93.0 20.0 10.0
60.0 77.0 20.0 10.0
52.0 62.0 20.0 10.0
136.0 45.0 20.0 10.0
152.0 86.0 20.0 10.0
145.0 69.0 20.0 10.0
131.0 56.0 20.0 10.0
120.0 65.0 20.0 10.0
78.0 138.0 20.0 10.0
96.0 152.0 20.0 10.0
64.0 145.0 20.0 10.0
113.0 66.0 20.0 10.0
111.0 139.0 20.0 10.0
134.0 122.0 20.0 10.0
141.0 105.0 20.0 10.0
111.0 43.0 20.0 10.0
82.0 145.0 20.0 10.0
72.0 69.0 20.0 10.0
136.0 126.0 20.0 10.0
125.0 88.0 20.0 10.0
56.0 120.0 20.0 10.0
109.0 125.0 20.0 10.0
87.0 149.0 20.0 10.0
102.0 150.0 20.0 10.0
132.0 86.0 20.0 10.0
137.0 123.0 20.0 10.0
35.0 70.0 20.0 10.0
37.0 120.0 20.0 10.0
88.0 126.0 20.0 10.0
111.0 128.0 20.0 10.0
144.0 105.0 20.0 10.0
150.0 99.0 20.0 10.0
62.0 140.0 20.0 10.0
93.0 39.0 20.0 10.0
102.0 143.0 20.0 10.0
66.0 105.0 20.0 10.0
91.0 151.0 20.0 10.0
123.0 44.0 20.0 10.0
86.0 41.0 20.0 10.0
142.0 70.0 20.0 10.0
98.0 155.0 20.0 10.0
136.0 91.0 20.0 10.0
73.0 137.0 20.0 10.0
160.0 93.0 20.0 10.0
60.0 82.0 20.0 10.0
53.0 116.0 20.0 10.0
110.0 154.0 20.0 10.0
51.0 91.0 20.0 10.0
120.0 96.0 20.0 10.0
46.0 124.0 20.0 10.0
38.0 79.0 20.0 10.0
27.0 82.0 20.0 10.0
66.0 59.0 20.0 10.0
58.0 79.0 20.0 10.0
45.0 91.0 20.0 10.0
46.0 86.0 20.0 10.0
123.0 48.0 20.0 10.0
137.0 144.0 20.0 10.0
150.0 59.0 20.0 10.0
52.0 87.0 20.0 10.0
128.0 40.0 20.0 10.0
146.0 41.0 20.0 10.0
45.0 95.0 20.0 10.0
133.0 121.0 20.0 10.0
32.0 105.0 20.0 10.0
126.0 125.0 20.0 10.0
120.0 41.0 20.0 10.0
117.0 53.0 20.0 10.0
30.0 99.0 20.0 10.0
154.0 90.0 20.0 10.0
149.0 70.0 20.0 10.0
114.0 121.0 20.0 10.0
104.0 110.0 20.0 10.0
41.0 57.0 20.0 10.0
148.0 115.0 20.0 10.0
126.0 136.0 20.0 10.0
147.0 70.0 20.0 10.0
87.0 131.0 20.0 10.0
123.0 70.0 20.0 10.0
76.0 128.0 20.0 10.0
92.0 37.0 20.0 10.0
43.0 108.0 20.0 10.0
57.0 116.0 20.0 10.0
122.0 117.0 20.0 10.0
46.0 114.0 20.0 10.0
81.0 43.0 20.0 10.0
74.0 105.0 20.0 10.0
62.0 134.0 20.0 10.0
60.0 116.0 20.0 10.0
113.0 131.0 20.0 10.0
145.0 101.0 20.0 10.0
146.0 126.0 20.0 10.0
52.0 152.0 20.0 10.0
57.0 69.0 20.0 10.0
43.0 103.0 20.0 10.0
143.0 108.0 20.0 10.0
50.0 86.0 20.0 10.0
106.0 41.0 20.0 10.0
126.0 74.0 20.0 10.0
125.0 101.0 20.0 10.0
34.0 95.0 20.0 10.0
58.0 67.0 20.0 10.0
136.0 79.0 20.0 10.0
88.0 153.0 20.0 10.0
144.0 67.0 20.0 10.0
78.0 153.0 20.0 10.0
108.0 107.0 20.0 10.0
102.0 57.0 20.0 10.0
78.0 134.0 20.0 10.0
63.0 137.0 20.0 10.0
120.0 119.0 20.0 10.0
136.0 71.0 20.0 10.0
33.0 76.0 20.0 10.0
69.0 51.0 20.0 10.0
78.0 61.0 20.0 10.0
143.0 114.0 20.0 10.0
141.0 53.0 20.0 10.0
77.0 144.0 20.0 10.0
111.0 86.0 20.0 10.0
56.0 83.0 20.0 10.0
87.0 48.0 20.0 10.0
143.0 106.0 20.0 10.0
78.0 150.0 20.0 10.0
107.0 138.0 20.0 10.0
27.0 114.0 20.0 10.0
59.0 110.0 20.0 10.0
30.0 124.0 20.0 10.0
100.0 142.0 20.0 10.0
37.0 127.0 20.0 10.0
137.0 130.0 20.0 10.0
130.0 37.0 20.0 10.0
58.0 112.0 20.0 10.0
32.0 91.0 20.0 10.0
79.0 53.0 20.0 10.0
140.0 118.0 20.0 10.0
121.0 42.0 20.0 10.0
111.0 156.0 20.0 10.0
117.0 145.0 20.0 10.0
69.0 40.0 20.0 10.0
43.0 106.0 20.0 10.0
52.0 128.0 20.0 10.0
37.0 103.0 20.0 10.0
151.0 106.0 20.0 10.0
90.0 146.0 20.0 10.0
47.0 116.0 20.0 10.0
50.0 104.0 20.0 10.0
114.0 57.0 20.0 10.0
57.0 137.0 20.0 10.0
146.0 96.0 20.0 10.0
99.0 42.0 20.0 10.0
58.0 137.0 20.0 10.0
28.0 79.0 20.0 10.0
39.0 98.0 20.0 10.0
65.0 137.0 20.0 10.0
65.0 139.0 20.0 10.0
70.0 39.0 20.0 10.0
58.0 108.0 20.0 10.0
128.0 134.0 20.0 10.0
94.0 44.0 20.0 10.0
46.0 156.0 20.0 10.0
109.0 136.0 20.0 10.0
113.0 47.0 20.0 10.0
103.0 134.0 20.0 10.0
37.0 82.0 20.0 10.0
69.0 123.0 20.0 10.0
43.0 70.0 20.0 10.0
107.0 143.0 20.0 10.0
126.0 94.0 20.0 10.0
132.0 97.0 20.0 10.0
74.0 53.0 20.0 10.0
138.0 84.0 20.0 10.0
88.0 145.0 20.0 10.0
45.0 129.0 20.0 10.0
128.0 106.0 20.0 10.0
131.0 77.0 20.0 10.0
97.0 133.0 20.0 10.0
74.0 135.0 20.0 10.0
137.0 132.0 20.0 10.0
87.0 134.0 20.0 10.0
52.0 130.0 20.0 10.0
121.0 149.0 20.0 10.0
67.0 64.0 20.0 10.0
70.0 136.0 20.0 10.0
110.0 150.0 20.0 10.0
106.0 46.0 20.0 10.0
68.0 25.0 20.0 10.0
113.0 125.0 20.0 10.0
35.0 44.0 20.0 10.0
45.0 105.0 20.0 10.0
148.0 94.0 20.0 10.0
120.0 131.0 20.0 10.0
64.0 128.0 20.0 10.0
136.0 104.0 20.0 10.0
68.0 69.0 20.0 10.0
108.0 33.0 20.0 10.0
64.0 48.0 20.0 10.0
67.0 98.0 20.0 10.0
76.0 35.0 20.0 10.0
51.0 72.0 20.0 10.0
53.0 69.0 20.0 10.0
128.0 102.0 20.0 10.0
58.0 56.0 20.0 10.0
115.0 72.0 20.0 10.0
106.0 145.0 20.0 10.0
128.0 88.0 20.0 10.0
97.0 72.0 20.0 10.0
136.0 136.0 20.0 10.0
140.0 81.0 20.0 10.0
72.0 141.0 20.0 10.0
119.0 108.0 20.0 10.0
72.0 139.0 20.0 10.0
71.0 64.0 20.0 10.0
121.0 54.0 20.0 10.0
132.0 75.0 20.0 10.0
47.0 44.0 20.0 10.0
84.0 45.0 20.0 10.0
164.0 113.0 20.0 10.0
119.0 115.0 20.0 10.0
50.0 68.0 20.0 10.0
135.0 93.0 20.0 10.0
128.0 156.0 20.0 10.0
63.0 32.0 20.0 10.0
63.0 47.0 20.0 10.0
147.0 74.0 20.0 10.0
62.0 59.0 20.0 10.0
61.0 56.0 20.0 10.0
61.0 61.0 20.0 10.0
143.0 74.0 20.0 10.0
98.0 147.0 20.0 10.0
36.0 73.0 20.0 10.0
101.0 40.0 20.0 10.0
61.0 111.0 20.0 10.0
112.0 45.0 20.0 10.0
161.0 104.0 20.0 10.0
99.0 138.0 20.0 10.0
97.0 36.0 20.0 10.0
85.0 163.0 20.0 10.0
64.0 133.0 20.0 10.0
96.0 51.0 20.0 10.0
121.0 61.0 20.0 10.0
60.0 70.0 20.0 10.0
85.0 67.0 20.0 10.0
109.0 51.0 20.0 10.0
114.0 52.0 20.0 10.0
32.0 86.0 20.0 10.0
67.0 54.0 20.0 10.0
80.0 68.0 20.0 10.0
93.0 57.0 20.0 10.0
50.0 57.0 20.0 10.0
50.0 97.0 20.0 10.0
142.0 99.0 20.0 10.0
34.0 49.0 20.0 10.0
151.0 65.0 20.0 10.0
95.0 142.0 20.0 10.0
84.0 49.0 20.0 10.0
108.0 37.0 20.0 10.0
87.0 61.0 20.0 10.0
156.0 96.0 20.0 10.0
46.0 53.0 20.0 10.0
115.0 49.0 20.0 10.0
140.0 76.0 20.0 10.0
128.0 130.0 20.0 10.0
57.0 54.0 20.0 10.0
100.0 35.0 20.0 10.0
38.0 82.0 20.0 10.0
74.0 41.0 20.0 10.0
80.0 49.0 20.0 10.0
63.0 54.0 20.0 10.0
68.0 142.0 20.0 10.0
45.0 34.0 20.0 10.0
78.0 57.0 20.0 10.0
134.0 146.0 20.0 10.0
99.0 140.0 20.0 10.0
98.0 49.0 20.0 10.0
158.0 72.0 20.0 10.0
71.0 73.0 20.0 10.0
58.0 128.0 20.0 10.0
25.0 92.0 20.0 10.0
42.0 32.0 20.0 10.0
53.0 47.0 20.0 10.0
93.0 137.0 20.0 10.0
123.0 127.0 20.0 10.0
91.0 143.0 20.0 10.0
122.0 131.0 20.0 10.0
29.0 74.0 20.0 10.0
