1000
2047.0 1918.0 20.0 10.0
1437.0 1343.0 20.0 10.0
3363.0 3336.0 20.0 10.0
2191.0 3243.0 20.0 10.0
2204.0 3256.0 20.0 10.0
3361.0 2679.0 20.0 10.0
1506.0 1337.0 20.0 10.0
1489.0 1347.0 20.0 10.0
918.0 3142.0 20.0 10.0
3338.0 2682.0 20.0 10.0
3321.0 2654.0 20.0 10.0
3278.0 2627.0 20.0 10.0
510.0 3425.0 20.0 10.0
2623.0 2253.0 20.0 10.0
3251.0 2735.0 20.0 10.0
3241.0 2718.0 20.0 10.0
2626.0 3560.0 20.0 10.0
850.0 3010.0 20.0 10.0
846.0 2993.0 20.0 10.0
1686.0 3304.0 20.0 10.0
1454.0 3301.0 20.0 10.0
3447.0 2714.0 20.0 10.0
1917.0 1832.0 20.0 10.0
2778.0 3535.0 20.0 10.0
2038.0 3233.0 20.0 10.0
2022.0 3243.0 20.0 10.0
2002.0 3266.0 20.0 10.0
2099.0 1721.0 20.0 10.0
241.0 3502.0 20.0 10.0
269.0 3515.0 20.0 10.0
318.0 3500.0 20.0 10.0
368.0 3485.0 20.0 10.0
2828.0 3433.0 20.0 10.0
1388.0 1443.0 20.0 10.0
2274.0 1591.0 20.0 10.0
541.0 2535.0 20.0 10.0
2753.0 3481.0 20.0 10.0
2086.0 1822.0 20.0 10.0
1320.0 3342.0 20.0 10.0
828.0 2978.0 20.0 10.0
2235.0 1929.0 20.0 10.0
1001.0 3736.0 20.0 10.0
1109.0 1008.0 20.0 10.0
357.0 2610.0 20.0 10.0
3290.0 2604.0 20.0 10.0
421.0 3470.0 20.0 10.0
342.0 3469.0 20.0 10.0
1974.0 3284.0 20.0 10.0
2428.0 2142.0 20.0 10.0
2365.0 2107.0 20.0 10.0
2053.0 1811.0 20.0 10.0
723.0 2939.0 20.0 10.0
1379.0 1736.0 20.0 10.0
1429.0 1669.0 20.0 10.0
1515.0 1692.0 20.0 10.0
788.0 3013.0 20.0 10.0
2297.0 1958.0 20.0 10.0
915.0 3650.0 20.0 10.0
897.0 3629.0 20.0 10.0
1418.0 1743.0 20.0 10.0
630.0 2505.0 20.0 10.0
1604.0 3375.0 20.0 10.0
1543.0 3370.0 20.0 10.0
857.0 2308.0 20.0 10.0
860.0 2268.0 20.0 10.0
633.0 3361.0 20.0 10.0
614.0 3384.0 20.0 10.0
1157.0 1080.0 20.0 10.0
410.0 3424.0 20.0 10.0
758.0 3319.0 20.0 10.0
301.0 165.0 20.0 10.0
311.0 179.0 20.0 10.0
341.0 206.0 20.0 10.0
63.0 3601.0 20.0 10.0
2405.0 2142.0 20.0 10.0
2164.0 1792.0 20.0 10.0
2156.0 1770.0 20.0 10.0
1051.0 3481.0 20.0 10.0
882.0 850.0 20.0 10.0
899.0 877.0 20.0 10.0
947.0 942.0 20.0 10.0
3185.0 2646.0 20.0 10.0
508.0 3236.0 20.0 10.0
513.0 3252.0 20.0 10.0
1288.0 1393.0 20.0 10.0
139.0 2766.0 20.0 10.0
2082.0 1810.0 20.0 10.0
1241.0 1316.0 20.0 10.0
1243.0 1331.0 20.0 10.0
824.0 2853.0 20.0 10.0
800.0 2842.0 20.0 10.0
1313.0 3405.0 20.0 10.0
1671.0 3430.0 20.0 10.0
1666.0 3381.0 20.0 10.0
239.0 2665.0 20.0 10.0
1907.0 3247.0 20.0 10.0
3184.0 3461.0 20.0 10.0
1116.0 1087.0 20.0 10.0
1123.0 1110.0 20.0 10.0
1183.0 3270.0 20.0 10.0
1488.0 1781.0 20.0 10.0
3186.0 3494.0 20.0 10.0
2069.0 1648.0 20.0 10.0
1224.0 3406.0 20.0 10.0
528.0 3395.0 20.0 10.0
509.0 3461.0 20.0 10.0
888.0 3675.0 20.0 10.0
736.0 2909.0 20.0 10.0
3475.0 3560.0 20.0 10.0
1335.0 3382.0 20.0 10.0
3031.0 3266.0 20.0 10.0
2099.0 1533.0 20.0 10.0
1458.0 1539.0 20.0 10.0
1442.0 1557.0 20.0 10.0
571.0 3257.0 20.0 10.0
2301.0 1587.0 20.0 10.0
1463.0 1351.0 20.0 10.0
432.0 504.0 20.0 10.0
1813.0 1880.0 20.0 10.0
1832.0 1866.0 20.0 10.0
1861.0 1861.0 20.0 10.0
1107.0 994.0 20.0 10.0
478.0 364.0 20.0 10.0
1436.0 1377.0 20.0 10.0
1411.0 1403.0 20.0 10.0
1143.0 3246.0 20.0 10.0
1161.0 3257.0 20.0 10.0
449.0 2547.0 20.0 10.0
3629.0 3522.0 20.0 10.0
3602.0 3509.0 20.0 10.0
3299.0 2610.0 20.0 10.0
3269.0 2600.0 20.0 10.0
3233.0 2598.0 20.0 10.0
545.0 351.0 20.0 10.0
524.0 369.0 20.0 10.0
889.0 3151.0 20.0 10.0
2869.0 2336.0 20.0 10.0
1331.0 3434.0 20.0 10.0
1492.0 3272.0 20.0 10.0
2512.0 3466.0 20.0 10.0
2529.0 3440.0 20.0 10.0
1241.0 3304.0 20.0 10.0
2112.0 1958.0 20.0 10.0
946.0 3118.0 20.0 10.0
934.0 3129.0 20.0 10.0
2076.0 1696.0 20.0 10.0
425.0 321.0 20.0 10.0
540.0 248.0 20.0 10.0
3419.0 3337.0 20.0 10.0
3392.0 3335.0 20.0 10.0
2288.0 1585.0 20.0 10.0
1977.0 1713.0 20.0 10.0
806.0 2864.0 20.0 10.0
544.0 395.0 20.0 10.0
3146.0 2586.0 20.0 10.0
704.0 2360.0 20.0 10.0
2299.0 3410.0 20.0 10.0
1432.0 1316.0 20.0 10.0
3315.0 2613.0 20.0 10.0
1987.0 1678.0 20.0 10.0
419.0 3163.0 20.0 10.0
527.0 396.0 20.0 10.0
265.0 129.0 20.0 10.0
138.0 3544.0 20.0 10.0
1464.0 1777.0 20.0 10.0
2115.0 1900.0 20.0 10.0
2073.0 1886.0 20.0 10.0
2947.0 2453.0 20.0 10.0
1405.0 1612.0 20.0 10.0
2191.0 1415.0 20.0 10.0
2961.0 2388.0 20.0 10.0
244.0 111.0 20.0 10.0
2777.0 3428.0 20.0 10.0
2054.0 3288.0 20.0 10.0
2099.0 1507.0 20.0 10.0
837.0 2746.0 20.0 10.0
2784.0 2353.0 20.0 10.0
673.0 559.0 20.0 10.0
3199.0 3429.0 20.0 10.0
3191.0 3395.0 20.0 10.0
3254.0 2692.0 20.0 10.0
589.0 2486.0 20.0 10.0
772.0 3275.0 20.0 10.0
736.0 3302.0 20.0 10.0
1278.0 1893.0 20.0 10.0
364.0 125.0 20.0 10.0
189.0 61.0 20.0 10.0
200.0 70.0 20.0 10.0
2098.0 3267.0 20.0 10.0
518.0 509.0 20.0 10.0
1314.0 3378.0 20.0 10.0
2153.0 1482.0 20.0 10.0
1104.0 3468.0 20.0 10.0
188.0 2732.0 20.0 10.0
611.0 2463.0 20.0 10.0
1115.0 1057.0 20.0 10.0
1452.0 1784.0 20.0 10.0
2180.0 1436.0 20.0 10.0
1128.0 3235.0 20.0 10.0
2355.0 1910.0 20.0 10.0
349.0 3509.0 20.0 10.0
3252.0 2758.0 20.0 10.0
1851.0 1887.0 20.0 10.0
2857.0 3353.0 20.0 10.0
2864.0 3381.0 20.0 10.0
2381.0 1917.0 20.0 10.0
1424.0 1456.0 20.0 10.0
2581.0 3448.0 20.0 10.0
2633.0 3457.0 20.0 10.0
3058.0 3324.0 20.0 10.0
1433.0 3394.0 20.0 10.0
554.0 3406.0 20.0 10.0
2273.0 3414.0 20.0 10.0
2258.0 1598.0 20.0 10.0
3210.0 2578.0 20.0 10.0
1442.0 3272.0 20.0 10.0
3163.0 2619.0 20.0 10.0
646.0 3445.0 20.0 10.0
2815.0 3414.0 20.0 10.0
2127.0 1508.0 20.0 10.0
589.0 3455.0 20.0 10.0
1984.0 1876.0 20.0 10.0
3602.0 3318.0 20.0 10.0
2172.0 1751.0 20.0 10.0
854.0 3192.0 20.0 10.0
826.0 3216.0 20.0 10.0
3205.0 2671.0 20.0 10.0
254.0 2686.0 20.0 10.0
1178.0 2009.0 20.0 10.0
3540.0 3490.0 20.0 10.0
212.0 81.0 20.0 10.0
1952.0 3200.0 20.0 10.0
1940.0 3213.0 20.0 10.0
2215.0 3280.0 20.0 10.0
704.0 3607.0 20.0 10.0
2428.0 3414.0 20.0 10.0
2405.0 2167.0 20.0 10.0
1684.0 1740.0 20.0 10.0
1767.0 1763.0 20.0 10.0
3000.0 3370.0 20.0 10.0
2977.0 3389.0 20.0 10.0
2945.0 3379.0 20.0 10.0
2969.0 3356.0 20.0 10.0
814.0 3572.0 20.0 10.0
790.0 3550.0 20.0 10.0
1192.0 3299.0 20.0 10.0
692.0 3579.0 20.0 10.0
3345.0 2621.0 20.0 10.0
3322.0 2616.0 20.0 10.0
2111.0 1643.0 20.0 10.0
1640.0 3569.0 20.0 10.0
2230.0 1774.0 20.0 10.0
3630.0 3485.0 20.0 10.0
1338.0 3445.0 20.0 10.0
1358.0 3430.0 20.0 10.0
2354.0 1558.0 20.0 10.0
2335.0 1565.0 20.0 10.0
2561.0 2220.0 20.0 10.0
3020.0 2360.0 20.0 10.0
1491.0 1356.0 20.0 10.0
1468.0 1370.0 20.0 10.0
1165.0 2031.0 20.0 10.0
568.0 3411.0 20.0 10.0
521.0 3433.0 20.0 10.0
1654.0 3503.0 20.0 10.0
2709.0 3546.0 20.0 10.0
2313.0 1574.0 20.0 10.0
2780.0 3496.0 20.0 10.0
474.0 2529.0 20.0 10.0
740.0 2317.0 20.0 10.0
2920.0 3424.0 20.0 10.0
2757.0 3536.0 20.0 10.0
2748.0 3512.0 20.0 10.0
826.0 2926.0 20.0 10.0
820.0 2896.0 20.0 10.0
1586.0 3354.0 20.0 10.0
1654.0 3578.0 20.0 10.0
1666.0 3554.0 20.0 10.0
1682.0 3524.0 20.0 10.0
1674.0 3479.0 20.0 10.0
1452.0 1239.0 20.0 10.0
441.0 511.0 20.0 10.0
454.0 506.0 20.0 10.0
2963.0 2467.0 20.0 10.0
793.0 2987.0 20.0 10.0
2208.0 1946.0 20.0 10.0
2110.0 1786.0 20.0 10.0
2947.0 3348.0 20.0 10.0
1426.0 3190.0 20.0 10.0
1848.0 1902.0 20.0 10.0
2871.0 3481.0 20.0 10.0
2851.0 3459.0 20.0 10.0
578.0 393.0 20.0 10.0
2280.0 1411.0 20.0 10.0
415.0 230.0 20.0 10.0
3264.0 2758.0 20.0 10.0
3260.0 2735.0 20.0 10.0
1204.0 3444.0 20.0 10.0
3414.0 2693.0 20.0 10.0
3579.0 3484.0 20.0 10.0
3601.0 3473.0 20.0 10.0
3279.0 2706.0 20.0 10.0
3267.0 2700.0 20.0 10.0
591.0 3365.0 20.0 10.0
851.0 2506.0 20.0 10.0
852.0 2468.0 20.0 10.0
2499.0 3494.0 20.0 10.0
849.0 3043.0 20.0 10.0
1724.0 3658.0 20.0 10.0
1719.0 3640.0 20.0 10.0
786.0 2974.0 20.0 10.0
806.0 2965.0 20.0 10.0
868.0 3620.0 20.0 10.0
3194.0 3524.0 20.0 10.0
1435.0 1327.0 20.0 10.0
407.0 266.0 20.0 10.0
447.0 296.0 20.0 10.0
2842.0 2388.0 20.0 10.0
486.0 503.0 20.0 10.0
1069.0 3474.0 20.0 10.0
1387.0 1588.0 20.0 10.0
691.0 3329.0 20.0 10.0
2940.0 2469.0 20.0 10.0
770.0 3534.0 20.0 10.0
335.0 62.0 20.0 10.0
3024.0 3378.0 20.0 10.0
3000.0 3390.0 20.0 10.0
2240.0 1447.0 20.0 10.0
3406.0 2729.0 20.0 10.0
1772.0 1797.0 20.0 10.0
432.0 3189.0 20.0 10.0
451.0 3210.0 20.0 10.0
745.0 2900.0 20.0 10.0
754.0 2883.0 20.0 10.0
2105.0 1697.0 20.0 10.0
482.0 2598.0 20.0 10.0
495.0 2587.0 20.0 10.0
169.0 3587.0 20.0 10.0
1156.0 1986.0 20.0 10.0
1213.0 1926.0 20.0 10.0
653.0 3430.0 20.0 10.0
539.0 222.0 20.0 10.0
486.0 345.0 20.0 10.0
179.0 3534.0 20.0 10.0
223.0 3527.0 20.0 10.0
981.0 3720.0 20.0 10.0
967.0 3699.0 20.0 10.0
939.0 3675.0 20.0 10.0
904.0 3648.0 20.0 10.0
3501.0 3316.0 20.0 10.0
2721.0 3549.0 20.0 10.0
1157.0 1058.0 20.0 10.0
1179.0 1072.0 20.0 10.0
2685.0 3456.0 20.0 10.0
507.0 342.0 20.0 10.0
3547.0 3351.0 20.0 10.0
3585.0 3348.0 20.0 10.0
2142.0 1412.0 20.0 10.0
1865.0 3337.0 20.0 10.0
1838.0 3325.0 20.0 10.0
3230.0 2681.0 20.0 10.0
40.0 2835.0 20.0 10.0
876.0 2502.0 20.0 10.0
2197.0 1411.0 20.0 10.0
3250.0 2685.0 20.0 10.0
2412.0 2160.0 20.0 10.0
519.0 2556.0 20.0 10.0
2062.0 1845.0 20.0 10.0
1345.0 1509.0 20.0 10.0
1106.0 1067.0 20.0 10.0
426.0 2570.0 20.0 10.0
1030.0 1047.0 20.0 10.0
2607.0 2248.0 20.0 10.0
2548.0 2213.0 20.0 10.0
409.0 232.0 20.0 10.0
830.0 3586.0 20.0 10.0
460.0 3218.0 20.0 10.0
1986.0 3298.0 20.0 10.0
1481.0 1304.0 20.0 10.0
1456.0 1318.0 20.0 10.0
1219.0 3434.0 20.0 10.0
2367.0 1906.0 20.0 10.0
2843.0 3318.0 20.0 10.0
1076.0 3477.0 20.0 10.0
1091.0 3456.0 20.0 10.0
552.0 365.0 20.0 10.0
489.0 2415.0 20.0 10.0
1669.0 3323.0 20.0 10.0
579.0 498.0 20.0 10.0
374.0 2595.0 20.0 10.0
400.0 2581.0 20.0 10.0
1094.0 1147.0 20.0 10.0
1145.0 1217.0 20.0 10.0
1195.0 1289.0 20.0 10.0
1245.0 1361.0 20.0 10.0
561.0 3195.0 20.0 10.0
1706.0 3594.0 20.0 10.0
486.0 3250.0 20.0 10.0
1765.0 3328.0 20.0 10.0
531.0 2425.0 20.0 10.0
3258.0 3395.0 20.0 10.0
2481.0 3514.0 20.0 10.0
1422.0 3366.0 20.0 10.0
1399.0 3389.0 20.0 10.0
501.0 3475.0 20.0 10.0
701.0 3582.0 20.0 10.0
881.0 2430.0 20.0 10.0
853.0 2429.0 20.0 10.0
854.0 2388.0 20.0 10.0
396.0 182.0 20.0 10.0
1524.0 3391.0 20.0 10.0
582.0 378.0 20.0 10.0
762.0 2869.0 20.0 10.0
1459.0 1670.0 20.0 10.0
343.0 2613.0 20.0 10.0
514.0 2571.0 20.0 10.0
275.0 154.0 20.0 10.0
296.0 161.0 20.0 10.0
2969.0 2343.0 20.0 10.0
2954.0 2362.0 20.0 10.0
1704.0 3474.0 20.0 10.0
2622.0 3494.0 20.0 10.0
2698.0 3523.0 20.0 10.0
638.0 2480.0 20.0 10.0
1436.0 1358.0 20.0 10.0
519.0 2426.0 20.0 10.0
548.0 2431.0 20.0 10.0
579.0 2437.0 20.0 10.0
381.0 152.0 20.0 10.0
331.0 3522.0 20.0 10.0
1431.0 3226.0 20.0 10.0
2053.0 1590.0 20.0 10.0
2384.0 2124.0 20.0 10.0
1418.0 1424.0 20.0 10.0
1392.0 1436.0 20.0 10.0
1370.0 1472.0 20.0 10.0
3066.0 2517.0 20.0 10.0
1480.0 1692.0 20.0 10.0
511.0 491.0 20.0 10.0
1113.0 1039.0 20.0 10.0
2119.0 1547.0 20.0 10.0
2371.0 3381.0 20.0 10.0
3413.0 2735.0 20.0 10.0
328.0 45.0 20.0 10.0
607.0 2487.0 20.0 10.0
2488.0 2178.0 20.0 10.0
3032.0 2362.0 20.0 10.0
439.0 3181.0 20.0 10.0
2977.0 2352.0 20.0 10.0
419.0 3178.0 20.0 10.0
1464.0 1385.0 20.0 10.0
1315.0 3327.0 20.0 10.0
2110.0 1765.0 20.0 10.0
2106.0 1743.0 20.0 10.0
530.0 3274.0 20.0 10.0
1427.0 1729.0 20.0 10.0
1434.0 1710.0 20.0 10.0
2090.0 1865.0 20.0 10.0
557.0 3177.0 20.0 10.0
775.0 3254.0 20.0 10.0
3517.0 3520.0 20.0 10.0
237.0 2702.0 20.0 10.0
430.0 252.0 20.0 10.0
2632.0 2258.0 20.0 10.0
3011.0 3316.0 20.0 10.0
2983.0 3324.0 20.0 10.0
1189.0 1067.0 20.0 10.0
573.0 417.0 20.0 10.0
2023.0 1631.0 20.0 10.0
765.0 3266.0 20.0 10.0
2271.0 1929.0 20.0 10.0
82.0 3585.0 20.0 10.0
3632.0 3272.0 20.0 10.0
2399.0 3428.0 20.0 10.0
596.0 3468.0 20.0 10.0
723.0 3587.0 20.0 10.0
716.0 3560.0 20.0 10.0
527.0 3170.0 20.0 10.0
1488.0 3310.0 20.0 10.0
1470.0 3332.0 20.0 10.0
1332.0 1561.0 20.0 10.0
1769.0 1784.0 20.0 10.0
256.0 117.0 20.0 10.0
1449.0 1262.0 20.0 10.0
1447.0 1278.0 20.0 10.0
1445.0 1296.0 20.0 10.0
2350.0 3370.0 20.0 10.0
995.0 1009.0 20.0 10.0
900.0 3160.0 20.0 10.0
1923.0 3322.0 20.0 10.0
2517.0 3417.0 20.0 10.0
3512.0 3553.0 20.0 10.0
82.0 3573.0 20.0 10.0
323.0 25.0 20.0 10.0
311.0 197.0 20.0 10.0
842.0 3000.0 20.0 10.0
622.0 473.0 20.0 10.0
613.0 505.0 20.0 10.0
660.0 565.0 20.0 10.0
707.0 627.0 20.0 10.0
372.0 237.0 20.0 10.0
663.0 585.0 20.0 10.0
2395.0 2138.0 20.0 10.0
3057.0 2511.0 20.0 10.0
241.0 2698.0 20.0 10.0
2849.0 3333.0 20.0 10.0
1600.0 1716.0 20.0 10.0
1383.0 3415.0 20.0 10.0
1969.0 1685.0 20.0 10.0
3007.0 2358.0 20.0 10.0
474.0 3241.0 20.0 10.0
2239.0 3289.0 20.0 10.0
2992.0 2355.0 20.0 10.0
536.0 270.0 20.0 10.0
2135.0 1638.0 20.0 10.0
3489.0 3535.0 20.0 10.0
2375.0 3411.0 20.0 10.0
2119.0 1686.0 20.0 10.0
2101.0 1687.0 20.0 10.0
1397.0 1466.0 20.0 10.0
1429.0 3206.0 20.0 10.0
3525.0 3330.0 20.0 10.0
2175.0 1997.0 20.0 10.0
1280.0 1396.0 20.0 10.0
505.0 218.0 20.0 10.0
2381.0 3399.0 20.0 10.0
710.0 2378.0 20.0 10.0
772.0 2314.0 20.0 10.0
24.0 3545.0 20.0 10.0
1426.0 1774.0 20.0 10.0
882.0 3652.0 20.0 10.0
186.0 3572.0 20.0 10.0
894.0 3134.0 20.0 10.0
68.0 3547.0 20.0 10.0
2350.0 3451.0 20.0 10.0
2375.0 3447.0 20.0 10.0
371.0 138.0 20.0 10.0
1080.0 1122.0 20.0 10.0
541.0 2574.0 20.0 10.0
560.0 2558.0 20.0 10.0
574.0 2524.0 20.0 10.0
450.0 463.0 20.0 10.0
460.0 481.0 20.0 10.0
2861.0 3486.0 20.0 10.0
502.0 380.0 20.0 10.0
426.0 3444.0 20.0 10.0
563.0 3219.0 20.0 10.0
3564.0 3471.0 20.0 10.0
1323.0 1590.0 20.0 10.0
1276.0 1413.0 20.0 10.0
3079.0 2467.0 20.0 10.0
3066.0 2482.0 20.0 10.0
3042.0 2497.0 20.0 10.0
3016.0 2489.0 20.0 10.0
2959.0 2454.0 20.0 10.0
1662.0 3408.0 20.0 10.0
1270.0 1864.0 20.0 10.0
2386.0 1982.0 20.0 10.0
1995.0 1698.0 20.0 10.0
250.0 3541.0 20.0 10.0
515.0 3288.0 20.0 10.0
546.0 321.0 20.0 10.0
545.0 347.0 20.0 10.0
2235.0 1750.0 20.0 10.0
2088.0 3249.0 20.0 10.0
684.0 3357.0 20.0 10.0
2066.0 3272.0 20.0 10.0
2028.0 3287.0 20.0 10.0
1669.0 3350.0 20.0 10.0
723.0 2954.0 20.0 10.0
697.0 3442.0 20.0 10.0
677.0 3443.0 20.0 10.0
2501.0 2186.0 20.0 10.0
1725.0 3362.0 20.0 10.0
2810.0 2356.0 20.0 10.0
854.0 3607.0 20.0 10.0
180.0 3576.0 20.0 10.0
1406.0 3414.0 20.0 10.0
1200.0 2053.0 20.0 10.0
700.0 3331.0 20.0 10.0
659.0 3360.0 20.0 10.0
3466.0 2752.0 20.0 10.0
2310.0 3423.0 20.0 10.0
2352.0 1973.0 20.0 10.0
2125.0 1523.0 20.0 10.0
2251.0 1446.0 20.0 10.0
2317.0 1944.0 20.0 10.0
1729.0 3486.0 20.0 10.0
487.0 3404.0 20.0 10.0
314.0 2644.0 20.0 10.0
357.0 2615.0 20.0 10.0
2093.0 1551.0 20.0 10.0
2073.0 1561.0 20.0 10.0
2072.0 1735.0 20.0 10.0
2128.0 1913.0 20.0 10.0
473.0 3449.0 20.0 10.0
3421.0 2722.0 20.0 10.0
3391.0 2707.0 20.0 10.0
1294.0 3443.0 20.0 10.0
773.0 3522.0 20.0 10.0
747.0 3512.0 20.0 10.0
1988.0 1671.0 20.0 10.0
2742.0 3570.0 20.0 10.0
770.0 2852.0 20.0 10.0
1882.0 3267.0 20.0 10.0
2137.0 1786.0 20.0 10.0
331.0 181.0 20.0 10.0
614.0 3443.0 20.0 10.0
583.0 3436.0 20.0 10.0
1337.0 1544.0 20.0 10.0
901.0 3139.0 20.0 10.0
2954.0 3408.0 20.0 10.0
2937.0 3382.0 20.0 10.0
2898.0 3399.0 20.0 10.0
2857.0 3405.0 20.0 10.0
687.0 2391.0 20.0 10.0
1100.0 3426.0 20.0 10.0
2282.0 1591.0 20.0 10.0
3236.0 2709.0 20.0 10.0
850.0 813.0 20.0 10.0
2204.0 1934.0 20.0 10.0
921.0 3691.0 20.0 10.0
1695.0 3337.0 20.0 10.0
1754.0 3354.0 20.0 10.0
497.0 2432.0 20.0 10.0
1296.0 1435.0 20.0 10.0
1435.0 1770.0 20.0 10.0
1402.0 1762.0 20.0 10.0
2331.0 1980.0 20.0 10.0
2324.0 1970.0 20.0 10.0
2998.0 3297.0 20.0 10.0
547.0 3190.0 20.0 10.0
550.0 263.0 20.0 10.0
546.0 282.0 20.0 10.0
541.0 305.0 20.0 10.0
640.0 3391.0 20.0 10.0
2184.0 1625.0 20.0 10.0
2141.0 1644.0 20.0 10.0
958.0 3700.0 20.0 10.0
532.0 3382.0 20.0 10.0
2288.0 3325.0 20.0 10.0
519.0 244.0 20.0 10.0
2455.0 3449.0 20.0 10.0
847.0 2986.0 20.0 10.0
673.0 2406.0 20.0 10.0
735.0 2361.0 20.0 10.0
152.0 3529.0 20.0 10.0
1290.0 1886.0 20.0 10.0
3282.0 3415.0 20.0 10.0
2255.0 1439.0 20.0 10.0
525.0 2486.0 20.0 10.0
537.0 2465.0 20.0 10.0
2847.0 2355.0 20.0 10.0
2829.0 2358.0 20.0 10.0
3022.0 3283.0 20.0 10.0
824.0 2707.0 20.0 10.0
834.0 2665.0 20.0 10.0
538.0 3306.0 20.0 10.0
504.0 3275.0 20.0 10.0
1694.0 3563.0 20.0 10.0
613.0 548.0 20.0 10.0
615.0 575.0 20.0 10.0
637.0 588.0 20.0 10.0
2317.0 3346.0 20.0 10.0
798.0 2315.0 20.0 10.0
1684.0 3664.0 20.0 10.0
665.0 3395.0 20.0 10.0
3199.0 3362.0 20.0 10.0
39.0 3607.0 20.0 10.0
640.0 2448.0 20.0 10.0
25.0 2847.0 20.0 10.0
1861.0 3294.0 20.0 10.0
2140.0 3232.0 20.0 10.0
2121.0 3248.0 20.0 10.0
2091.0 1839.0 20.0 10.0
1482.0 3365.0 20.0 10.0
3127.0 2552.0 20.0 10.0
878.0 3172.0 20.0 10.0
2973.0 3296.0 20.0 10.0
1486.0 1670.0 20.0 10.0
1663.0 3645.0 20.0 10.0
1684.0 3289.0 20.0 10.0
380.0 2603.0 20.0 10.0
586.0 368.0 20.0 10.0
569.0 444.0 20.0 10.0
1096.0 2046.0 20.0 10.0
2733.0 2341.0 20.0 10.0
2725.0 2336.0 20.0 10.0
1279.0 3320.0 20.0 10.0
1146.0 2006.0 20.0 10.0
3629.0 3467.0 20.0 10.0
3094.0 2541.0 20.0 10.0
2262.0 3306.0 20.0 10.0
2610.0 3611.0 20.0 10.0
2615.0 3593.0 20.0 10.0
1101.0 2034.0 20.0 10.0
2190.0 3293.0 20.0 10.0
3155.0 3472.0 20.0 10.0
753.0 3280.0 20.0 10.0
745.0 3600.0 20.0 10.0
2338.0 3406.0 20.0 10.0
1241.0 3415.0 20.0 10.0
1267.0 3394.0 20.0 10.0
419.0 358.0 20.0 10.0
439.0 347.0 20.0 10.0
2884.0 2359.0 20.0 10.0
1694.0 3598.0 20.0 10.0
2416.0 1919.0 20.0 10.0
2390.0 1917.0 20.0 10.0
198.0 3550.0 20.0 10.0
3275.0 2745.0 20.0 10.0
2207.0 1391.0 20.0 10.0
1682.0 3623.0 20.0 10.0
1038.0 2104.0 20.0 10.0
1131.0 1160.0 20.0 10.0
3193.0 2602.0 20.0 10.0
3170.0 2599.0 20.0 10.0
3623.0 3297.0 20.0 10.0
2907.0 3396.0 20.0 10.0
2029.0 1642.0 20.0 10.0
2045.0 1656.0 20.0 10.0
2045.0 1684.0 20.0 10.0
687.0 3412.0 20.0 10.0
3448.0 2760.0 20.0 10.0
3428.0 2749.0 20.0 10.0
1206.0 3294.0 20.0 10.0
1224.0 3302.0 20.0 10.0
2222.0 1456.0 20.0 10.0
2203.0 1465.0 20.0 10.0
920.0 2214.0 20.0 10.0
979.0 2160.0 20.0 10.0
2191.0 2025.0 20.0 10.0
2192.0 2014.0 20.0 10.0
598.0 585.0 20.0 10.0
1105.0 2045.0 20.0 10.0
1112.0 2037.0 20.0 10.0
1891.0 3315.0 20.0 10.0
1151.0 3434.0 20.0 10.0
1117.0 1067.0 20.0 10.0
3175.0 3340.0 20.0 10.0
1345.0 1513.0 20.0 10.0
3180.0 2575.0 20.0 10.0
552.0 2443.0 20.0 10.0
1185.0 3419.0 20.0 10.0
1237.0 1337.0 20.0 10.0
2078.0 1780.0 20.0 10.0
1435.0 3248.0 20.0 10.0
799.0 3244.0 20.0 10.0
843.0 2625.0 20.0 10.0
512.0 2594.0 20.0 10.0
532.0 2576.0 20.0 10.0
1825.0 3304.0 20.0 10.0
275.0 2672.0 20.0 10.0
2033.0 1620.0 20.0 10.0
856.0 2349.0 20.0 10.0
901.0 3678.0 20.0 10.0
833.0 3229.0 20.0 10.0
819.0 3233.0 20.0 10.0
728.0 2961.0 20.0 10.0
733.0 2933.0 20.0 10.0
752.0 2914.0 20.0 10.0
1342.0 1527.0 20.0 10.0
636.0 2472.0 20.0 10.0
1442.0 1586.0 20.0 10.0
1413.0 1581.0 20.0 10.0
1440.0 1687.0 20.0 10.0
2725.0 3488.0 20.0 10.0
845.0 3022.0 20.0 10.0
831.0 2793.0 20.0 10.0
227.0 95.0 20.0 10.0
1119.0 2002.0 20.0 10.0
1123.0 2030.0 20.0 10.0
1135.0 2023.0 20.0 10.0
414.0 3464.0 20.0 10.0
2908.0 3366.0 20.0 10.0
1211.0 3285.0 20.0 10.0
1210.0 3316.0 20.0 10.0
1941.0 3303.0 20.0 10.0
152.0 2757.0 20.0 10.0
80.0 2812.0 20.0 10.0
1098.0 1059.0 20.0 10.0
2093.0 1661.0 20.0 10.0
447.0 3460.0 20.0 10.0
480.0 491.0 20.0 10.0
1413.0 1772.0 20.0 10.0
3562.0 3416.0 20.0 10.0
113.0 2784.0 20.0 10.0
2868.0 3412.0 20.0 10.0
457.0 2412.0 20.0 10.0
479.0 2417.0 20.0 10.0
2303.0 2072.0 20.0 10.0
2239.0 2035.0 20.0 10.0
319.0 3532.0 20.0 10.0
1491.0 1290.0 20.0 10.0
580.0 3269.0 20.0 10.0
1044.0 1077.0 20.0 10.0
287.0 149.0 20.0 10.0
1136.0 1188.0 20.0 10.0
466.0 365.0 20.0 10.0
3005.0 3344.0 20.0 10.0
3567.0 3378.0 20.0 10.0
2194.0 1440.0 20.0 10.0
2184.0 1448.0 20.0 10.0
2162.0 1460.0 20.0 10.0
426.0 270.0 20.0 10.0
751.0 2315.0 20.0 10.0
414.0 213.0 20.0 10.0
2137.0 1444.0 20.0 10.0
1927.0 3229.0 20.0 10.0
2478.0 3427.0 20.0 10.0
492.0 3447.0 20.0 10.0
1490.0 3286.0 20.0 10.0
544.0 495.0 20.0 10.0
2213.0 1752.0 20.0 10.0
2197.0 1753.0 20.0 10.0
2177.0 1774.0 20.0 10.0
320.0 222.0 20.0 10.0
68.0 2816.0 20.0 10.0
90.0 2800.0 20.0 10.0
754.0 688.0 20.0 10.0
802.0 751.0 20.0 10.0
2901.0 2422.0 20.0 10.0
2144.0 1439.0 20.0 10.0
3300.0 3352.0 20.0 10.0
2412.0 3391.0 20.0 10.0
2029.0 1882.0 20.0 10.0
1889.0 3338.0 20.0 10.0
2377.0 1553.0 20.0 10.0
3469.0 3445.0 20.0 10.0
3498.0 3451.0 20.0 10.0
674.0 3449.0 20.0 10.0
1697.0 3547.0 20.0 10.0
2330.0 3355.0 20.0 10.0
1362.0 3362.0 20.0 10.0
2739.0 3448.0 20.0 10.0
2784.0 3440.0 20.0 10.0
3332.0 3343.0 20.0 10.0
501.0 264.0 20.0 10.0
1635.0 3417.0 20.0 10.0
1806.0 1891.0 20.0 10.0
1822.0 1853.0 20.0 10.0
1844.0 1844.0 20.0 10.0
245.0 122.0 20.0 10.0
57.0 2812.0 20.0 10.0
72.0 2807.0 20.0 10.0
673.0 537.0 20.0 10.0
1516.0 1328.0 20.0 10.0
1414.0 1554.0 20.0 10.0
3220.0 2695.0 20.0 10.0
3543.0 3520.0 20.0 10.0
2403.0 2152.0 20.0 10.0
1200.0 2031.0 20.0 10.0
573.0 2552.0 20.0 10.0
679.0 3340.0 20.0 10.0
3266.0 3360.0 20.0 10.0
1645.0 3310.0 20.0 10.0
3075.0 2504.0 20.0 10.0
3078.0 3304.0 20.0 10.0
3062.0 3314.0 20.0 10.0
501.0 2512.0 20.0 10.0
558.0 2476.0 20.0 10.0
613.0 2440.0 20.0 10.0
2311.0 3397.0 20.0 10.0
1800.0 3316.0 20.0 10.0
1782.0 3342.0 20.0 10.0
987.0 3724.0 20.0 10.0
1132.0 1088.0 20.0 10.0
101.0 3556.0 20.0 10.0
325.0 170.0 20.0 10.0
2337.0 1914.0 20.0 10.0
2305.0 1920.0 20.0 10.0
2265.0 3411.0 20.0 10.0
2268.0 1431.0 20.0 10.0
1111.0 1023.0 20.0 10.0
803.0 2788.0 20.0 10.0
812.0 2748.0 20.0 10.0
1945.0 1729.0 20.0 10.0
3230.0 3415.0 20.0 10.0
2167.0 1744.0 20.0 10.0
2563.0 3470.0 20.0 10.0
875.0 2414.0 20.0 10.0
840.0 3206.0 20.0 10.0
2225.0 1351.0 20.0 10.0
2217.0 1370.0 20.0 10.0
3147.0 3334.0 20.0 10.0
852.0 2545.0 20.0 10.0
1897.0 1758.0 20.0 10.0
850.0 3068.0 20.0 10.0
219.0 2698.0 20.0 10.0
1342.0 3339.0 20.0 10.0
2329.0 1930.0 20.0 10.0
3072.0 2523.0 20.0 10.0
454.0 336.0 20.0 10.0
2587.0 3573.0 20.0 10.0
2610.0 3563.0 20.0 10.0
2616.0 3530.0 20.0 10.0
1714.0 3619.0 20.0 10.0
1316.0 1583.0 20.0 10.0
1326.0 1570.0 20.0 10.0
1180.0 2037.0 20.0 10.0
574.0 3298.0 20.0 10.0
575.0 3343.0 20.0 10.0
602.0 3394.0 20.0 10.0
483.0 2456.0 20.0 10.0
2770.0 3509.0 20.0 10.0
407.0 3151.0 20.0 10.0
3232.0 3355.0 20.0 10.0
543.0 3146.0 20.0 10.0
3559.0 3456.0 20.0 10.0
1693.0 3505.0 20.0 10.0
3272.0 3330.0 20.0 10.0
41.0 3548.0 20.0 10.0
2256.0 2048.0 20.0 10.0
1981.0 1662.0 20.0 10.0
2361.0 1927.0 20.0 10.0
1120.0 3446.0 20.0 10.0
1286.0 1420.0 20.0 10.0
3128.0 3482.0 20.0 10.0
2472.0 3528.0 20.0 10.0
816.0 2971.0 20.0 10.0
830.0 2952.0 20.0 10.0
1718.0 3464.0 20.0 10.0
36.0 2839.0 20.0 10.0
51.0 2828.0 20.0 10.0
2966.0 3377.0 20.0 10.0
145.0 2767.0 20.0 10.0
2395.0 3494.0 20.0 10.0
2416.0 3487.0 20.0 10.0
2164.0 1633.0 20.0 10.0
1812.0 3355.0 20.0 10.0
2438.0 3473.0 20.0 10.0
398.0 354.0 20.0 10.0
522.0 280.0 20.0 10.0
232.0 2694.0 20.0 10.0
718.0 3504.0 20.0 10.0
700.0 3473.0 20.0 10.0
1635.0 3594.0 20.0 10.0
1326.0 1802.0 20.0 10.0
1307.0 3432.0 20.0 10.0
3601.0 3289.0 20.0 10.0
1843.0 1807.0 20.0 10.0
2130.0 1634.0 20.0 10.0
344.0 81.0 20.0 10.0
354.0 102.0 20.0 10.0
1411.0 1750.0 20.0 10.0
2707.0 2319.0 20.0 10.0
2726.0 2295.0 20.0 10.0
2726.0 2317.0 20.0 10.0
2667.0 2283.0 20.0 10.0
3441.0 2743.0 20.0 10.0
849.0 2585.0 20.0 10.0
3260.0 2596.0 20.0 10.0
3221.0 2577.0 20.0 10.0
3530.0 3460.0 20.0 10.0
823.0 2834.0 20.0 10.0
795.0 2827.0 20.0 10.0
2326.0 1586.0 20.0 10.0
544.0 2550.0 20.0 10.0
2315.0 1970.0 20.0 10.0
27.0 3572.0 20.0 10.0
2942.0 2344.0 20.0 10.0
1403.0 3342.0 20.0 10.0
2012.0 1658.0 20.0 10.0
2053.0 1716.0 20.0 10.0
2059.0 1752.0 20.0 10.0
743.0 3572.0 20.0 10.0
731.0 2928.0 20.0 10.0
409.0 314.0 20.0 10.0
55.0 3599.0 20.0 10.0
1840.0 1817.0 20.0 10.0
1849.0 1788.0 20.0 10.0
1299.0 1906.0 20.0 10.0
1251.0 3310.0 20.0 10.0
588.0 583.0 20.0 10.0
2223.0 1610.0 20.0 10.0
401.0 3486.0 20.0 10.0
139.0 2759.0 20.0 10.0
2197.0 1919.0 20.0 10.0
2157.0 1911.0 20.0 10.0
168.0 2745.0 20.0 10.0
201.0 2724.0 20.0 10.0
2183.0 1474.0 20.0 10.0
1718.0 3434.0 20.0 10.0
1695.0 3448.0 20.0 10.0
726.0 3534.0 20.0 10.0
3053.0 3313.0 20.0 10.0
3036.0 3331.0 20.0 10.0
462.0 507.0 20.0 10.0
2878.0 3505.0 20.0 10.0
1127.0 1134.0 20.0 10.0
2799.0 3446.0 20.0 10.0
2222.0 3407.0 20.0 10.0
2240.0 3408.0 20.0 10.0
1499.0 1269.0 20.0 10.0
3507.0 3582.0 20.0 10.0
2924.0 2342.0 20.0 10.0
2904.0 2338.0 20.0 10.0
2364.0 1974.0 20.0 10.0
2345.0 1952.0 20.0 10.0
2688.0 3490.0 20.0 10.0
