1000
798.0 609.0 20.0 10.0
817.0 533.0 20.0 10.0
751.0 696.0 20.0 10.0
876.0 786.0 20.0 10.0
995.0 879.0 20.0 10.0
636.0 734.0 20.0 10.0
520.0 771.0 20.0 10.0
665.0 598.0 20.0 10.0
587.0 494.0 20.0 10.0
423.0 811.0 20.0 10.0
1077.0 995.0 20.0 10.0
1084.0 848.0 20.0 10.0
626.0 639.0 20.0 10.0
340.0 847.0 20.0 10.0
851.0 558.0 20.0 10.0
902.0 507.0 20.0 10.0
813.0 588.0 20.0 10.0
1123.0 839.0 20.0 10.0
525.0 393.0 20.0 10.0
1136.0 845.0 20.0 10.0
1072.0 1087.0 20.0 10.0
603.0 624.0 20.0 10.0
940.0 486.0 20.0 10.0
831.0 462.0 20.0 10.0
1174.0 1076.0 20.0 10.0
579.0 444.0 20.0 10.0
465.0 329.0 20.0 10.0
1252.0 1161.0 20.0 10.0
844.0 400.0 20.0 10.0
265.0 874.0 20.0 10.0
586.0 424.0 20.0 10.0
1180.0 834.0 20.0 10.0
1075.0 1156.0 20.0 10.0
527.0 470.0 20.0 10.0
508.0 314.0 20.0 10.0
1114.0 826.0 20.0 10.0
771.0 712.0 20.0 10.0
616.0 744.0 20.0 10.0
489.0 240.0 20.0 10.0
1317.0 1199.0 20.0 10.0
204.0 909.0 20.0 10.0
841.0 419.0 20.0 10.0
864.0 816.0 20.0 10.0
1062.0 1113.0 20.0 10.0
914.0 486.0 20.0 10.0
1305.0 1219.0 20.0 10.0
484.0 347.0 20.0 10.0
481.0 318.0 20.0 10.0
496.0 375.0 20.0 10.0
1279.0 1225.0 20.0 10.0
927.0 769.0 20.0 10.0
481.0 812.0 20.0 10.0
563.0 417.0 20.0 10.0
302.0 878.0 20.0 10.0
1094.0 1019.0 20.0 10.0
743.0 661.0 20.0 10.0
366.0 797.0 20.0 10.0
401.0 860.0 20.0 10.0
640.0 751.0 20.0 10.0
1328.0 1240.0 20.0 10.0
381.0 906.0 20.0 10.0
846.0 374.0 20.0 10.0
588.0 652.0 20.0 10.0
175.0 940.0 20.0 10.0
1305.0 1254.0 20.0 10.0
763.0 677.0 20.0 10.0
1072.0 1136.0 20.0 10.0
1244.0 1093.0 20.0 10.0
471.0 176.0 20.0 10.0
1376.0 1236.0 20.0 10.0
585.0 420.0 20.0 10.0
1292.0 1111.0 20.0 10.0
970.0 745.0 20.0 10.0
945.0 753.0 20.0 10.0
472.0 444.0 20.0 10.0
1430.0 1270.0 20.0 10.0
438.0 297.0 20.0 10.0
856.0 348.0 20.0 10.0
161.0 915.0 20.0 10.0
760.0 644.0 20.0 10.0
833.0 389.0 20.0 10.0
555.0 674.0 20.0 10.0
551.0 390.0 20.0 10.0
810.0 502.0 20.0 10.0
1051.0 1167.0 20.0 10.0
573.0 405.0 20.0 10.0
419.0 425.0 20.0 10.0
564.0 371.0 20.0 10.0
464.0 842.0 20.0 10.0
156.0 936.0 20.0 10.0
1009.0 722.0 20.0 10.0
1320.0 1121.0 20.0 10.0
878.0 545.0 20.0 10.0
1204.0 1080.0 20.0 10.0
331.0 795.0 20.0 10.0
1159.0 813.0 20.0 10.0
1334.0 1248.0 20.0 10.0
824.0 502.0 20.0 10.0
1194.0 1072.0 20.0 10.0
1212.0 827.0 20.0 10.0
1057.0 1150.0 20.0 10.0
905.0 803.0 20.0 10.0
558.0 426.0 20.0 10.0
160.0 969.0 20.0 10.0
1091.0 1113.0 20.0 10.0
393.0 400.0 20.0 10.0
1265.0 1189.0 20.0 10.0
764.0 624.0 20.0 10.0
445.0 425.0 20.0 10.0
1229.0 784.0 20.0 10.0
801.0 511.0 20.0 10.0
379.0 944.0 20.0 10.0
335.0 772.0 20.0 10.0
312.0 866.0 20.0 10.0
124.0 954.0 20.0 10.0
1307.0 1268.0 20.0 10.0
740.0 628.0 20.0 10.0
1350.0 1274.0 20.0 10.0
366.0 375.0 20.0 10.0
960.0 785.0 20.0 10.0
606.0 686.0 20.0 10.0
1046.0 1209.0 20.0 10.0
1078.0 1226.0 20.0 10.0
584.0 676.0 20.0 10.0
1081.0 1283.0 20.0 10.0
1191.0 1109.0 20.0 10.0
1451.0 1289.0 20.0 10.0
834.0 510.0 20.0 10.0
900.0 526.0 20.0 10.0
430.0 307.0 20.0 10.0
877.0 808.0 20.0 10.0
462.0 143.0 20.0 10.0
527.0 696.0 20.0 10.0
447.0 286.0 20.0 10.0
1411.0 1253.0 20.0 10.0
440.0 324.0 20.0 10.0
301.0 857.0 20.0 10.0
831.0 477.0 20.0 10.0
826.0 449.0 20.0 10.0
1109.0 1135.0 20.0 10.0
506.0 717.0 20.0 10.0
1087.0 1271.0 20.0 10.0
557.0 478.0 20.0 10.0
381.0 408.0 20.0 10.0
122.0 919.0 20.0 10.0
447.0 762.0 20.0 10.0
1338.0 1218.0 20.0 10.0
867.0 535.0 20.0 10.0
616.0 764.0 20.0 10.0
1337.0 1125.0 20.0 10.0
588.0 467.0 20.0 10.0
879.0 515.0 20.0 10.0
155.0 950.0 20.0 10.0
581.0 407.0 20.0 10.0
414.0 276.0 20.0 10.0
871.0 303.0 20.0 10.0
1346.0 1210.0 20.0 10.0
580.0 708.0 20.0 10.0
1071.0 1264.0 20.0 10.0
737.0 637.0 20.0 10.0
448.0 127.0 20.0 10.0
309.0 783.0 20.0 10.0
789.0 718.0 20.0 10.0
886.0 824.0 20.0 10.0
463.0 134.0 20.0 10.0
309.0 743.0 20.0 10.0
530.0 462.0 20.0 10.0
908.0 543.0 20.0 10.0
557.0 733.0 20.0 10.0
1194.0 1138.0 20.0 10.0
985.0 791.0 20.0 10.0
766.0 660.0 20.0 10.0
1038.0 1195.0 20.0 10.0
934.0 541.0 20.0 10.0
491.0 735.0 20.0 10.0
504.0 370.0 20.0 10.0
865.0 848.0 20.0 10.0
942.0 466.0 20.0 10.0
513.0 443.0 20.0 10.0
1088.0 1174.0 20.0 10.0
957.0 441.0 20.0 10.0
1049.0 1184.0 20.0 10.0
1034.0 1259.0 20.0 10.0
211.0 868.0 20.0 10.0
318.0 862.0 20.0 10.0
928.0 824.0 20.0 10.0
593.0 733.0 20.0 10.0
743.0 721.0 20.0 10.0
1469.0 1293.0 20.0 10.0
403.0 756.0 20.0 10.0
179.0 924.0 20.0 10.0
1047.0 702.0 20.0 10.0
386.0 753.0 20.0 10.0
473.0 300.0 20.0 10.0
332.0 748.0 20.0 10.0
858.0 837.0 20.0 10.0
503.0 698.0 20.0 10.0
367.0 222.0 20.0 10.0
1159.0 825.0 20.0 10.0
632.0 761.0 20.0 10.0
322.0 778.0 20.0 10.0
536.0 755.0 20.0 10.0
334.0 810.0 20.0 10.0
513.0 358.0 20.0 10.0
797.0 727.0 20.0 10.0
1285.0 1115.0 20.0 10.0
901.0 809.0 20.0 10.0
578.0 424.0 20.0 10.0
855.0 385.0 20.0 10.0
1037.0 1207.0 20.0 10.0
1296.0 1090.0 20.0 10.0
330.0 188.0 20.0 10.0
454.0 829.0 20.0 10.0
354.0 930.0 20.0 10.0
944.0 846.0 20.0 10.0
1345.0 1094.0 20.0 10.0
1101.0 1208.0 20.0 10.0
873.0 564.0 20.0 10.0
1206.0 1131.0 20.0 10.0
1084.0 1335.0 20.0 10.0
1234.0 1077.0 20.0 10.0
841.0 486.0 20.0 10.0
269.0 902.0 20.0 10.0
345.0 755.0 20.0 10.0
801.0 474.0 20.0 10.0
563.0 684.0 20.0 10.0
926.0 468.0 20.0 10.0
588.0 774.0 20.0 10.0
1382.0 1135.0 20.0 10.0
530.0 669.0 20.0 10.0
870.0 838.0 20.0 10.0
162.0 860.0 20.0 10.0
1019.0 1227.0 20.0 10.0
436.0 841.0 20.0 10.0
1321.0 1129.0 20.0 10.0
1288.0 759.0 20.0 10.0
1340.0 734.0 20.0 10.0
1025.0 1307.0 20.0 10.0
891.0 282.0 20.0 10.0
365.0 940.0 20.0 10.0
1038.0 715.0 20.0 10.0
1098.0 1309.0 20.0 10.0
1355.0 1272.0 20.0 10.0
1026.0 711.0 20.0 10.0
340.0 179.0 20.0 10.0
405.0 829.0 20.0 10.0
417.0 851.0 20.0 10.0
891.0 860.0 20.0 10.0
948.0 431.0 20.0 10.0
105.0 972.0 20.0 10.0
1330.0 1307.0 20.0 10.0
736.0 741.0 20.0 10.0
1113.0 1238.0 20.0 10.0
1375.0 1088.0 20.0 10.0
134.0 857.0 20.0 10.0
936.0 439.0 20.0 10.0
1200.0 788.0 20.0 10.0
444.0 254.0 20.0 10.0
1273.0 764.0 20.0 10.0
1135.0 800.0 20.0 10.0
1103.0 1011.0 20.0 10.0
434.0 89.0 20.0 10.0
1352.0 1135.0 20.0 10.0
1417.0 1140.0 20.0 10.0
118.0 960.0 20.0 10.0
400.0 298.0 20.0 10.0
1087.0 1364.0 20.0 10.0
124.0 860.0 20.0 10.0
658.0 764.0 20.0 10.0
1456.0 1301.0 20.0 10.0
1082.0 1318.0 20.0 10.0
353.0 390.0 20.0 10.0
1383.0 1098.0 20.0 10.0
148.0 953.0 20.0 10.0
1347.0 1340.0 20.0 10.0
725.0 738.0 20.0 10.0
723.0 650.0 20.0 10.0
87.0 923.0 20.0 10.0
564.0 672.0 20.0 10.0
1389.0 707.0 20.0 10.0
1086.0 1375.0 20.0 10.0
318.0 152.0 20.0 10.0
1071.0 1298.0 20.0 10.0
894.0 894.0 20.0 10.0
843.0 850.0 20.0 10.0
531.0 781.0 20.0 10.0
1110.0 1337.0 20.0 10.0
419.0 773.0 20.0 10.0
530.0 774.0 20.0 10.0
1077.0 690.0 20.0 10.0
1011.0 1340.0 20.0 10.0
1099.0 682.0 20.0 10.0
1376.0 1107.0 20.0 10.0
1273.0 1099.0 20.0 10.0
284.0 749.0 20.0 10.0
274.0 890.0 20.0 10.0
134.0 952.0 20.0 10.0
1101.0 1298.0 20.0 10.0
1123.0 1263.0 20.0 10.0
475.0 195.0 20.0 10.0
1276.0 1253.0 20.0 10.0
1309.0 1135.0 20.0 10.0
1087.0 1370.0 20.0 10.0
1469.0 1280.0 20.0 10.0
306.0 815.0 20.0 10.0
132.0 866.0 20.0 10.0
472.0 746.0 20.0 10.0
285.0 758.0 20.0 10.0
576.0 797.0 20.0 10.0
458.0 872.0 20.0 10.0
91.0 861.0 20.0 10.0
1345.0 1333.0 20.0 10.0
578.0 468.0 20.0 10.0
350.0 398.0 20.0 10.0
585.0 813.0 20.0 10.0
1114.0 1265.0 20.0 10.0
793.0 709.0 20.0 10.0
1322.0 1275.0 20.0 10.0
1042.0 704.0 20.0 10.0
378.0 419.0 20.0 10.0
427.0 262.0 20.0 10.0
339.0 953.0 20.0 10.0
463.0 160.0 20.0 10.0
841.0 432.0 20.0 10.0
1113.0 857.0 20.0 10.0
406.0 279.0 20.0 10.0
461.0 327.0 20.0 10.0
1391.0 1324.0 20.0 10.0
415.0 267.0 20.0 10.0
375.0 976.0 20.0 10.0
957.0 860.0 20.0 10.0
778.0 640.0 20.0 10.0
1425.0 1369.0 20.0 10.0
970.0 880.0 20.0 10.0
439.0 143.0 20.0 10.0
1302.0 739.0 20.0 10.0
533.0 731.0 20.0 10.0
1237.0 763.0 20.0 10.0
1401.0 1094.0 20.0 10.0
1088.0 1405.0 20.0 10.0
737.0 598.0 20.0 10.0
900.0 501.0 20.0 10.0
561.0 677.0 20.0 10.0
581.0 612.0 20.0 10.0
496.0 459.0 20.0 10.0
82.0 978.0 20.0 10.0
303.0 790.0 20.0 10.0
1217.0 1066.0 20.0 10.0
417.0 750.0 20.0 10.0
579.0 848.0 20.0 10.0
1413.0 1107.0 20.0 10.0
933.0 848.0 20.0 10.0
582.0 875.0 20.0 10.0
1016.0 1211.0 20.0 10.0
578.0 769.0 20.0 10.0
462.0 827.0 20.0 10.0
346.0 417.0 20.0 10.0
1079.0 685.0 20.0 10.0
293.0 718.0 20.0 10.0
399.0 827.0 20.0 10.0
1001.0 741.0 20.0 10.0
1108.0 667.0 20.0 10.0
845.0 361.0 20.0 10.0
376.0 281.0 20.0 10.0
1027.0 748.0 20.0 10.0
1293.0 1268.0 20.0 10.0
884.0 275.0 20.0 10.0
247.0 925.0 20.0 10.0
1253.0 1096.0 20.0 10.0
444.0 92.0 20.0 10.0
368.0 755.0 20.0 10.0
580.0 372.0 20.0 10.0
449.0 308.0 20.0 10.0
306.0 159.0 20.0 10.0
973.0 443.0 20.0 10.0
1065.0 1163.0 20.0 10.0
1444.0 1145.0 20.0 10.0
354.0 415.0 20.0 10.0
1283.0 1271.0 20.0 10.0
467.0 449.0 20.0 10.0
844.0 368.0 20.0 10.0
924.0 490.0 20.0 10.0
1484.0 1327.0 20.0 10.0
1447.0 1393.0 20.0 10.0
254.0 738.0 20.0 10.0
334.0 953.0 20.0 10.0
1325.0 1155.0 20.0 10.0
487.0 727.0 20.0 10.0
358.0 999.0 20.0 10.0
899.0 770.0 20.0 10.0
1410.0 1355.0 20.0 10.0
1422.0 680.0 20.0 10.0
807.0 581.0 20.0 10.0
1401.0 1251.0 20.0 10.0
1043.0 1229.0 20.0 10.0
421.0 123.0 20.0 10.0
461.0 262.0 20.0 10.0
1083.0 1333.0 20.0 10.0
1152.0 783.0 20.0 10.0
449.0 843.0 20.0 10.0
323.0 159.0 20.0 10.0
1057.0 1181.0 20.0 10.0
970.0 485.0 20.0 10.0
976.0 433.0 20.0 10.0
948.0 769.0 20.0 10.0
1171.0 841.0 20.0 10.0
1001.0 402.0 20.0 10.0
1044.0 1174.0 20.0 10.0
285.0 732.0 20.0 10.0
354.0 970.0 20.0 10.0
306.0 128.0 20.0 10.0
442.0 316.0 20.0 10.0
288.0 725.0 20.0 10.0
1196.0 847.0 20.0 10.0
286.0 877.0 20.0 10.0
1423.0 1377.0 20.0 10.0
439.0 67.0 20.0 10.0
1021.0 1346.0 20.0 10.0
1275.0 1189.0 20.0 10.0
713.0 632.0 20.0 10.0
1124.0 1284.0 20.0 10.0
1203.0 841.0 20.0 10.0
435.0 307.0 20.0 10.0
1412.0 1141.0 20.0 10.0
1259.0 1073.0 20.0 10.0
454.0 867.0 20.0 10.0
993.0 484.0 20.0 10.0
340.0 742.0 20.0 10.0
493.0 340.0 20.0 10.0
397.0 835.0 20.0 10.0
132.0 975.0 20.0 10.0
1503.0 1292.0 20.0 10.0
1102.0 1134.0 20.0 10.0
167.0 969.0 20.0 10.0
1064.0 719.0 20.0 10.0
901.0 553.0 20.0 10.0
229.0 718.0 20.0 10.0
238.0 749.0 20.0 10.0
1320.0 748.0 20.0 10.0
1103.0 678.0 20.0 10.0
1119.0 1157.0 20.0 10.0
1528.0 1308.0 20.0 10.0
986.0 803.0 20.0 10.0
1370.0 1298.0 20.0 10.0
839.0 498.0 20.0 10.0
565.0 656.0 20.0 10.0
1112.0 1031.0 20.0 10.0
133.0 914.0 20.0 10.0
152.0 947.0 20.0 10.0
422.0 54.0 20.0 10.0
525.0 779.0 20.0 10.0
1181.0 800.0 20.0 10.0
960.0 464.0 20.0 10.0
1122.0 673.0 20.0 10.0
1046.0 692.0 20.0 10.0
318.0 147.0 20.0 10.0
335.0 987.0 20.0 10.0
509.0 666.0 20.0 10.0
106.0 868.0 20.0 10.0
213.0 697.0 20.0 10.0
1309.0 748.0 20.0 10.0
445.0 229.0 20.0 10.0
1159.0 778.0 20.0 10.0
911.0 918.0 20.0 10.0
1106.0 1145.0 20.0 10.0
511.0 330.0 20.0 10.0
155.0 965.0 20.0 10.0
865.0 834.0 20.0 10.0
183.0 877.0 20.0 10.0
483.0 210.0 20.0 10.0
474.0 269.0 20.0 10.0
1104.0 1196.0 20.0 10.0
399.0 240.0 20.0 10.0
95.0 912.0 20.0 10.0
866.0 320.0 20.0 10.0
421.0 285.0 20.0 10.0
731.0 575.0 20.0 10.0
1205.0 1163.0 20.0 10.0
323.0 417.0 20.0 10.0
839.0 390.0 20.0 10.0
579.0 622.0 20.0 10.0
894.0 277.0 20.0 10.0
1041.0 1244.0 20.0 10.0
1001.0 815.0 20.0 10.0
1375.0 1151.0 20.0 10.0
1376.0 1303.0 20.0 10.0
142.0 991.0 20.0 10.0
559.0 342.0 20.0 10.0
421.0 97.0 20.0 10.0
1192.0 1165.0 20.0 10.0
128.0 858.0 20.0 10.0
1086.0 1149.0 20.0 10.0
1442.0 1262.0 20.0 10.0
1505.0 1313.0 20.0 10.0
861.0 279.0 20.0 10.0
329.0 372.0 20.0 10.0
1035.0 1188.0 20.0 10.0
951.0 413.0 20.0 10.0
1258.0 735.0 20.0 10.0
431.0 255.0 20.0 10.0
1060.0 1130.0 20.0 10.0
1020.0 377.0 20.0 10.0
1203.0 1100.0 20.0 10.0
910.0 832.0 20.0 10.0
855.0 462.0 20.0 10.0
1536.0 1330.0 20.0 10.0
314.0 753.0 20.0 10.0
1511.0 1345.0 20.0 10.0
1301.0 1101.0 20.0 10.0
419.0 212.0 20.0 10.0
403.0 32.0 20.0 10.0
1054.0 751.0 20.0 10.0
790.0 448.0 20.0 10.0
872.0 355.0 20.0 10.0
601.0 631.0 20.0 10.0
237.0 718.0 20.0 10.0
877.0 433.0 20.0 10.0
506.0 331.0 20.0 10.0
1315.0 1111.0 20.0 10.0
1120.0 1329.0 20.0 10.0
570.0 383.0 20.0 10.0
1133.0 652.0 20.0 10.0
209.0 752.0 20.0 10.0
1466.0 1155.0 20.0 10.0
967.0 402.0 20.0 10.0
203.0 750.0 20.0 10.0
1089.0 1158.0 20.0 10.0
132.0 947.0 20.0 10.0
56.0 986.0 20.0 10.0
847.0 334.0 20.0 10.0
402.0 193.0 20.0 10.0
552.0 433.0 20.0 10.0
1401.0 1107.0 20.0 10.0
405.0 290.0 20.0 10.0
1190.0 814.0 20.0 10.0
1231.0 845.0 20.0 10.0
842.0 330.0 20.0 10.0
1288.0 1306.0 20.0 10.0
1350.0 1217.0 20.0 10.0
117.0 841.0 20.0 10.0
566.0 804.0 20.0 10.0
736.0 587.0 20.0 10.0
412.0 237.0 20.0 10.0
898.0 922.0 20.0 10.0
63.0 863.0 20.0 10.0
298.0 132.0 20.0 10.0
805.0 740.0 20.0 10.0
724.0 677.0 20.0 10.0
858.0 316.0 20.0 10.0
364.0 388.0 20.0 10.0
1364.0 1076.0 20.0 10.0
1228.0 1122.0 20.0 10.0
1430.0 692.0 20.0 10.0
426.0 406.0 20.0 10.0
666.0 784.0 20.0 10.0
306.0 760.0 20.0 10.0
980.0 902.0 20.0 10.0
1001.0 416.0 20.0 10.0
40.0 864.0 20.0 10.0
354.0 420.0 20.0 10.0
1057.0 1176.0 20.0 10.0
1145.0 829.0 20.0 10.0
1452.0 1403.0 20.0 10.0
725.0 556.0 20.0 10.0
1226.0 1114.0 20.0 10.0
344.0 819.0 20.0 10.0
331.0 938.0 20.0 10.0
339.0 199.0 20.0 10.0
561.0 834.0 20.0 10.0
1439.0 1400.0 20.0 10.0
325.0 383.0 20.0 10.0
477.0 449.0 20.0 10.0
301.0 119.0 20.0 10.0
890.0 762.0 20.0 10.0
1325.0 1294.0 20.0 10.0
1083.0 1348.0 20.0 10.0
1072.0 1290.0 20.0 10.0
1082.0 1024.0 20.0 10.0
377.0 269.0 20.0 10.0
991.0 750.0 20.0 10.0
402.0 791.0 20.0 10.0
1042.0 1272.0 20.0 10.0
410.0 71.0 20.0 10.0
1090.0 1395.0 20.0 10.0
1222.0 1118.0 20.0 10.0
837.0 455.0 20.0 10.0
724.0 729.0 20.0 10.0
565.0 604.0 20.0 10.0
535.0 369.0 20.0 10.0
281.0 802.0 20.0 10.0
1064.0 1108.0 20.0 10.0
1004.0 1366.0 20.0 10.0
272.0 766.0 20.0 10.0
500.0 452.0 20.0 10.0
783.0 492.0 20.0 10.0
1273.0 717.0 20.0 10.0
1263.0 746.0 20.0 10.0
1217.0 823.0 20.0 10.0
575.0 837.0 20.0 10.0
865.0 874.0 20.0 10.0
550.0 854.0 20.0 10.0
430.0 864.0 20.0 10.0
861.0 472.0 20.0 10.0
378.0 743.0 20.0 10.0
374.0 836.0 20.0 10.0
537.0 679.0 20.0 10.0
242.0 918.0 20.0 10.0
347.0 194.0 20.0 10.0
301.0 748.0 20.0 10.0
1444.0 1398.0 20.0 10.0
589.0 383.0 20.0 10.0
1307.0 1308.0 20.0 10.0
280.0 140.0 20.0 10.0
1463.0 676.0 20.0 10.0
1294.0 1210.0 20.0 10.0
871.0 872.0 20.0 10.0
209.0 701.0 20.0 10.0
845.0 406.0 20.0 10.0
981.0 380.0 20.0 10.0
890.0 330.0 20.0 10.0
182.0 860.0 20.0 10.0
367.0 282.0 20.0 10.0
1532.0 1360.0 20.0 10.0
1472.0 1406.0 20.0 10.0
457.0 99.0 20.0 10.0
1150.0 640.0 20.0 10.0
1014.0 825.0 20.0 10.0
107.0 915.0 20.0 10.0
974.0 468.0 20.0 10.0
94.0 966.0 20.0 10.0
728.0 565.0 20.0 10.0
869.0 443.0 20.0 10.0
1469.0 1145.0 20.0 10.0
1047.0 1239.0 20.0 10.0
270.0 854.0 20.0 10.0
1354.0 1356.0 20.0 10.0
59.0 922.0 20.0 10.0
388.0 220.0 20.0 10.0
572.0 347.0 20.0 10.0
269.0 863.0 20.0 10.0
630.0 783.0 20.0 10.0
1400.0 1326.0 20.0 10.0
717.0 657.0 20.0 10.0
1449.0 660.0 20.0 10.0
348.0 814.0 20.0 10.0
1267.0 760.0 20.0 10.0
1004.0 806.0 20.0 10.0
63.0 999.0 20.0 10.0
596.0 399.0 20.0 10.0
812.0 482.0 20.0 10.0
373.0 758.0 20.0 10.0
1029.0 804.0 20.0 10.0
1023.0 1268.0 20.0 10.0
541.0 403.0 20.0 10.0
528.0 799.0 20.0 10.0
834.0 485.0 20.0 10.0
977.0 803.0 20.0 10.0
907.0 311.0 20.0 10.0
997.0 452.0 20.0 10.0
1210.0 798.0 20.0 10.0
557.0 864.0 20.0 10.0
568.0 789.0 20.0 10.0
191.0 684.0 20.0 10.0
1438.0 1106.0 20.0 10.0
394.0 739.0 20.0 10.0
421.0 872.0 20.0 10.0
465.0 140.0 20.0 10.0
1111.0 852.0 20.0 10.0
993.0 447.0 20.0 10.0
1029.0 834.0 20.0 10.0
994.0 1366.0 20.0 10.0
487.0 436.0 20.0 10.0
857.0 896.0 20.0 10.0
1012.0 1380.0 20.0 10.0
1163.0 850.0 20.0 10.0
355.0 249.0 20.0 10.0
348.0 410.0 20.0 10.0
850.0 861.0 20.0 10.0
1224.0 1096.0 20.0 10.0
459.0 824.0 20.0 10.0
1268.0 1114.0 20.0 10.0
762.0 714.0 20.0 10.0
452.0 67.0 20.0 10.0
635.0 807.0 20.0 10.0
1143.0 837.0 20.0 10.0
1375.0 1133.0 20.0 10.0
395.0 892.0 20.0 10.0
973.0 767.0 20.0 10.0
1001.0 465.0 20.0 10.0
107.0 874.0 20.0 10.0
1486.0 655.0 20.0 10.0
706.0 646.0 20.0 10.0
123.0 948.0 20.0 10.0
892.0 559.0 20.0 10.0
1244.0 812.0 20.0 10.0
382.0 767.0 20.0 10.0
244.0 853.0 20.0 10.0
225.0 856.0 20.0 10.0
325.0 154.0 20.0 10.0
172.0 680.0 20.0 10.0
505.0 287.0 20.0 10.0
1490.0 1156.0 20.0 10.0
583.0 344.0 20.0 10.0
370.0 968.0 20.0 10.0
1456.0 683.0 20.0 10.0
242.0 952.0 20.0 10.0
342.0 359.0 20.0 10.0
837.0 471.0 20.0 10.0
1275.0 727.0 20.0 10.0
546.0 889.0 20.0 10.0
1379.0 1230.0 20.0 10.0
868.0 292.0 20.0 10.0
410.0 304.0 20.0 10.0
1206.0 827.0 20.0 10.0
1284.0 719.0 20.0 10.0
1361.0 1263.0 20.0 10.0
443.0 449.0 20.0 10.0
547.0 758.0 20.0 10.0
894.0 403.0 20.0 10.0
448.0 40.0 20.0 10.0
1325.0 1280.0 20.0 10.0
924.0 514.0 20.0 10.0
454.0 116.0 20.0 10.0
1019.0 1374.0 20.0 10.0
1182.0 1133.0 20.0 10.0
1127.0 1181.0 20.0 10.0
556.0 707.0 20.0 10.0
1028.0 394.0 20.0 10.0
1280.0 1301.0 20.0 10.0
595.0 838.0 20.0 10.0
1060.0 1207.0 20.0 10.0
522.0 363.0 20.0 10.0
864.0 385.0 20.0 10.0
405.0 407.0 20.0 10.0
1501.0 632.0 20.0 10.0
1468.0 1429.0 20.0 10.0
377.0 853.0 20.0 10.0
1079.0 751.0 20.0 10.0
1219.0 1154.0 20.0 10.0
382.0 969.0 20.0 10.0
805.0 709.0 20.0 10.0
1090.0 1432.0 20.0 10.0
1458.0 1421.0 20.0 10.0
775.0 467.0 20.0 10.0
912.0 785.0 20.0 10.0
348.0 964.0 20.0 10.0
507.0 791.0 20.0 10.0
307.0 170.0 20.0 10.0
380.0 755.0 20.0 10.0
1020.0 1216.0 20.0 10.0
583.0 794.0 20.0 10.0
1096.0 1334.0 20.0 10.0
1073.0 1324.0 20.0 10.0
1549.0 1325.0 20.0 10.0
476.0 166.0 20.0 10.0
509.0 705.0 20.0 10.0
1461.0 1282.0 20.0 10.0
1461.0 1272.0 20.0 10.0
1527.0 1333.0 20.0 10.0
991.0 424.0 20.0 10.0
519.0 449.0 20.0 10.0
290.0 772.0 20.0 10.0
466.0 169.0 20.0 10.0
298.0 165.0 20.0 10.0
1097.0 1100.0 20.0 10.0
1188.0 857.0 20.0 10.0
412.0 900.0 20.0 10.0
53.0 990.0 20.0 10.0
1016.0 1396.0 20.0 10.0
343.0 992.0 20.0 10.0
478.0 292.0 20.0 10.0
1343.0 1114.0 20.0 10.0
1475.0 1430.0 20.0 10.0
440.0 206.0 20.0 10.0
453.0 76.0 20.0 10.0
1570.0 1336.0 20.0 10.0
1337.0 1301.0 20.0 10.0
900.0 374.0 20.0 10.0
1359.0 1366.0 20.0 10.0
1058.0 1324.0 20.0 10.0
338.0 366.0 20.0 10.0
773.0 626.0 20.0 10.0
502.0 420.0 20.0 10.0
377.0 718.0 20.0 10.0
967.0 450.0 20.0 10.0
564.0 644.0 20.0 10.0
1557.0 1345.0 20.0 10.0
356.0 741.0 20.0 10.0
349.0 761.0 20.0 10.0
1241.0 1142.0 20.0 10.0
757.0 622.0 20.0 10.0
1369.0 1390.0 20.0 10.0
872.0 271.0 20.0 10.0
906.0 942.0 20.0 10.0
898.0 916.0 20.0 10.0
1021.0 1364.0 20.0 10.0
648.0 575.0 20.0 10.0
1161.0 631.0 20.0 10.0
412.0 383.0 20.0 10.0
893.0 883.0 20.0 10.0
1318.0 713.0 20.0 10.0
1334.0 725.0 20.0 10.0
838.0 305.0 20.0 10.0
1037.0 355.0 20.0 10.0
1024.0 403.0 20.0 10.0
708.0 621.0 20.0 10.0
1128.0 807.0 20.0 10.0
323.0 979.0 20.0 10.0
1238.0 1133.0 20.0 10.0
1293.0 1329.0 20.0 10.0
1322.0 1076.0 20.0 10.0
1081.0 1301.0 20.0 10.0
312.0 764.0 20.0 10.0
721.0 541.0 20.0 10.0
1318.0 1341.0 20.0 10.0
313.0 182.0 20.0 10.0
1017.0 761.0 20.0 10.0
343.0 1014.0 20.0 10.0
900.0 254.0 20.0 10.0
1323.0 1368.0 20.0 10.0
897.0 311.0 20.0 10.0
504.0 278.0 20.0 10.0
940.0 448.0 20.0 10.0
1332.0 1233.0 20.0 10.0
775.0 701.0 20.0 10.0
556.0 458.0 20.0 10.0
938.0 837.0 20.0 10.0
154.0 994.0 20.0 10.0
1183.0 818.0 20.0 10.0
1255.0 1060.0 20.0 10.0
575.0 863.0 20.0 10.0
1339.0 1147.0 20.0 10.0
233.0 927.0 20.0 10.0
483.0 760.0 20.0 10.0
1307.0 1337.0 20.0 10.0
349.0 1024.0 20.0 10.0
280.0 896.0 20.0 10.0
389.0 256.0 20.0 10.0
101.0 986.0 20.0 10.0
1308.0 1127.0 20.0 10.0
1408.0 1350.0 20.0 10.0
1093.0 1456.0 20.0 10.0
1480.0 1449.0 20.0 10.0
1350.0 1129.0 20.0 10.0
381.0 797.0 20.0 10.0
576.0 819.0 20.0 10.0
417.0 758.0 20.0 10.0
906.0 378.0 20.0 10.0
890.0 250.0 20.0 10.0
891.0 307.0 20.0 10.0
254.0 927.0 20.0 10.0
950.0 865.0 20.0 10.0
309.0 805.0 20.0 10.0
1364.0 1162.0 20.0 10.0
902.0 946.0 20.0 10.0
455.0 168.0 20.0 10.0
999.0 430.0 20.0 10.0
434.0 64.0 20.0 10.0
581.0 880.0 20.0 10.0
1539.0 1351.0 20.0 10.0
537.0 455.0 20.0 10.0
475.0 786.0 20.0 10.0
394.0 919.0 20.0 10.0
161.0 863.0 20.0 10.0
1036.0 1234.0 20.0 10.0
722.0 747.0 20.0 10.0
422.0 25.0 20.0 10.0
1291.0 1202.0 20.0 10.0
870.0 899.0 20.0 10.0
593.0 346.0 20.0 10.0
904.0 958.0 20.0 10.0
431.0 157.0 20.0 10.0
717.0 531.0 20.0 10.0
288.0 95.0 20.0 10.0
1105.0 1002.0 20.0 10.0
929.0 935.0 20.0 10.0
780.0 686.0 20.0 10.0
556.0 347.0 20.0 10.0
1360.0 723.0 20.0 10.0
570.0 898.0 20.0 10.0
371.0 846.0 20.0 10.0
1064.0 708.0 20.0 10.0
372.0 902.0 20.0 10.0
333.0 174.0 20.0 10.0
1131.0 1281.0 20.0 10.0
1453.0 1423.0 20.0 10.0
431.0 415.0 20.0 10.0
1497.0 1444.0 20.0 10.0
592.0 864.0 20.0 10.0
1487.0 1454.0 20.0 10.0
879.0 244.0 20.0 10.0
331.0 238.0 20.0 10.0
273.0 149.0 20.0 10.0
821.0 427.0 20.0 10.0
1336.0 1390.0 20.0 10.0
981.0 450.0 20.0 10.0
94.0 959.0 20.0 10.0
1236.0 822.0 20.0 10.0
272.0 158.0 20.0 10.0
721.0 754.0 20.0 10.0
959.0 400.0 20.0 10.0
963.0 447.0 20.0 10.0
324.0 401.0 20.0 10.0
497.0 250.0 20.0 10.0
821.0 707.0 20.0 10.0
1214.0 1128.0 20.0 10.0
1278.0 1181.0 20.0 10.0
1170.0 632.0 20.0 10.0
1433.0 1157.0 20.0 10.0
800.0 429.0 20.0 10.0
695.0 522.0 20.0 10.0
1114.0 671.0 20.0 10.0
721.0 775.0 20.0 10.0
399.0 77.0 20.0 10.0
1301.0 1295.0 20.0 10.0
1286.0 745.0 20.0 10.0
1325.0 1243.0 20.0 10.0
584.0 905.0 20.0 10.0
516.0 736.0 20.0 10.0
1468.0 642.0 20.0 10.0
402.0 70.0 20.0 10.0
842.0 437.0 20.0 10.0
67.0 976.0 20.0 10.0
287.0 177.0 20.0 10.0
394.0 418.0 20.0 10.0
565.0 380.0 20.0 10.0
210.0 740.0 20.0 10.0
259.0 122.0 20.0 10.0
1129.0 851.0 20.0 10.0
165.0 880.0 20.0 10.0
1462.0 1103.0 20.0 10.0
59.0 933.0 20.0 10.0
1076.0 738.0 20.0 10.0
102.0 849.0 20.0 10.0
1371.0 1103.0 20.0 10.0
1024.0 1287.0 20.0 10.0
1012.0 374.0 20.0 10.0
911.0 357.0 20.0 10.0
997.0 1225.0 20.0 10.0
560.0 489.0 20.0 10.0
25.0 864.0 20.0 10.0
423.0 279.0 20.0 10.0
712.0 507.0 20.0 10.0
1006.0 1240.0 20.0 10.0
468.0 271.0 20.0 10.0
1361.0 1112.0 20.0 10.0
1225.0 1150.0 20.0 10.0
343.0 264.0 20.0 10.0
1133.0 871.0 20.0 10.0
1334.0 699.0 20.0 10.0
439.0 872.0 20.0 10.0
1245.0 817.0 20.0 10.0
758.0 734.0 20.0 10.0
1350.0 700.0 20.0 10.0
1555.0 1352.0 20.0 10.0
980.0 798.0 20.0 10.0
450.0 859.0 20.0 10.0
76.0 848.0 20.0 10.0
884.0 523.0 20.0 10.0
178.0 745.0 20.0 10.0
461.0 112.0 20.0 10.0
100.0 935.0 20.0 10.0
729.0 703.0 20.0 10.0
1009.0 1406.0 20.0 10.0
994.0 1401.0 20.0 10.0
350.0 199.0 20.0 10.0
1094.0 1420.0 20.0 10.0
915.0 894.0 20.0 10.0
226.0 937.0 20.0 10.0
587.0 899.0 20.0 10.0
1022.0 810.0 20.0 10.0
986.0 733.0 20.0 10.0
499.0 430.0 20.0 10.0
645.0 771.0 20.0 10.0
80.0 1004.0 20.0 10.0
366.0 897.0 20.0 10.0
856.0 782.0 20.0 10.0
1453.0 1172.0 20.0 10.0
646.0 796.0 20.0 10.0
876.0 855.0 20.0 10.0
66.0 968.0 20.0 10.0
463.0 89.0 20.0 10.0
535.0 725.0 20.0 10.0
1442.0 655.0 20.0 10.0
968.0 412.0 20.0 10.0
224.0 962.0 20.0 10.0
328.0 249.0 20.0 10.0
960.0 888.0 20.0 10.0
535.0 414.0 20.0 10.0
1182.0 766.0 20.0 10.0
1306.0 1233.0 20.0 10.0
247.0 910.0 20.0 10.0
1158.0 805.0 20.0 10.0
845.0 309.0 20.0 10.0
1288.0 1299.0 20.0 10.0
1198.0 775.0 20.0 10.0
834.0 367.0 20.0 10.0
1250.0 1157.0 20.0 10.0
841.0 343.0 20.0 10.0
102.0 859.0 20.0 10.0
