1000
294.0 4152.0 20.0 10.0
308.0 4126.0 20.0 10.0
3832.0 2770.0 20.0 10.0
1793.0 1230.0 20.0 10.0
3975.0 375.0 20.0 10.0
2479.0 2131.0 20.0 10.0
3863.0 795.0 20.0 10.0
3457.0 1574.0 20.0 10.0
4299.0 819.0 20.0 10.0
4274.0 819.0 20.0 10.0
4245.0 840.0 20.0 10.0
4206.0 853.0 20.0 10.0
4305.0 3572.0 20.0 10.0
4297.0 3553.0 20.0 10.0
3434.0 1785.0 20.0 10.0
3452.0 1852.0 20.0 10.0
4084.0 3065.0 20.0 10.0
4060.0 3034.0 20.0 10.0
4036.0 3001.0 20.0 10.0
3357.0 1920.0 20.0 10.0
3366.0 1902.0 20.0 10.0
3346.0 1886.0 20.0 10.0
3354.0 1856.0 20.0 10.0
1241.0 1034.0 20.0 10.0
1249.0 1038.0 20.0 10.0
2760.0 2516.0 20.0 10.0
3858.0 2764.0 20.0 10.0
3931.0 951.0 20.0 10.0
2893.0 1836.0 20.0 10.0
947.0 4001.0 20.0 10.0
502.0 3650.0 20.0 10.0
493.0 3667.0 20.0 10.0
477.0 3691.0 20.0 10.0
493.0 3721.0 20.0 10.0
501.0 3755.0 20.0 10.0
509.0 3790.0 20.0 10.0
404.0 4060.0 20.0 10.0
446.0 4040.0 20.0 10.0
4092.0 3168.0 20.0 10.0
3814.0 2986.0 20.0 10.0
3812.0 2965.0 20.0 10.0
2671.0 2925.0 20.0 10.0
2645.0 2920.0 20.0 10.0
630.0 760.0 20.0 10.0
3939.0 2899.0 20.0 10.0
701.0 833.0 20.0 10.0
690.0 4150.0 20.0 10.0
3700.0 1290.0 20.0 10.0
3678.0 1299.0 20.0 10.0
3663.0 1277.0 20.0 10.0
2280.0 1986.0 20.0 10.0
669.0 677.0 20.0 10.0
1989.0 1348.0 20.0 10.0
2377.0 1942.0 20.0 10.0
2393.0 1918.0 20.0 10.0
3424.0 1808.0 20.0 10.0
3537.0 2183.0 20.0 10.0
2326.0 2215.0 20.0 10.0
2343.0 2206.0 20.0 10.0
3679.0 1241.0 20.0 10.0
594.0 4244.0 20.0 10.0
228.0 4145.0 20.0 10.0
3869.0 2700.0 20.0 10.0
3859.0 2691.0 20.0 10.0
3845.0 2674.0 20.0 10.0
3829.0 2652.0 20.0 10.0
3810.0 2630.0 20.0 10.0
3789.0 2606.0 20.0 10.0
4392.0 562.0 20.0 10.0
2506.0 3010.0 20.0 10.0
4369.0 588.0 20.0 10.0
4340.0 583.0 20.0 10.0
2985.0 1631.0 20.0 10.0
3717.0 1154.0 20.0 10.0
3715.0 1163.0 20.0 10.0
4117.0 3059.0 20.0 10.0
4307.0 516.0 20.0 10.0
4305.0 530.0 20.0 10.0
4278.0 560.0 20.0 10.0
707.0 894.0 20.0 10.0
4161.0 3165.0 20.0 10.0
4150.0 3146.0 20.0 10.0
91.0 4210.0 20.0 10.0
427.0 3658.0 20.0 10.0
456.0 3666.0 20.0 10.0
4009.0 2966.0 20.0 10.0
3976.0 2930.0 20.0 10.0
3942.0 2888.0 20.0 10.0
3899.0 2814.0 20.0 10.0
3853.0 2739.0 20.0 10.0
3698.0 2393.0 20.0 10.0
1820.0 1214.0 20.0 10.0
1086.0 970.0 20.0 10.0
1026.0 941.0 20.0 10.0
2987.0 1726.0 20.0 10.0
692.0 4117.0 20.0 10.0
675.0 4096.0 20.0 10.0
841.0 769.0 20.0 10.0
4167.0 3150.0 20.0 10.0
2556.0 2846.0 20.0 10.0
2630.0 2041.0 20.0 10.0
695.0 691.0 20.0 10.0
717.0 709.0 20.0 10.0
2758.0 2101.0 20.0 10.0
2831.0 1958.0 20.0 10.0
2820.0 1935.0 20.0 10.0
2593.0 2970.0 20.0 10.0
4131.0 703.0 20.0 10.0
4129.0 728.0 20.0 10.0
4123.0 754.0 20.0 10.0
4098.0 772.0 20.0 10.0
2712.0 2633.0 20.0 10.0
2711.0 2618.0 20.0 10.0
2731.0 2570.0 20.0 10.0
2749.0 2519.0 20.0 10.0
2767.0 2466.0 20.0 10.0
755.0 741.0 20.0 10.0
756.0 763.0 20.0 10.0
4386.0 544.0 20.0 10.0
4363.0 562.0 20.0 10.0
2939.0 1364.0 20.0 10.0
4060.0 31.0 20.0 10.0
694.0 719.0 20.0 10.0
2625.0 1865.0 20.0 10.0
2647.0 1877.0 20.0 10.0
3388.0 1899.0 20.0 10.0
2571.0 2071.0 20.0 10.0
3586.0 1388.0 20.0 10.0
3581.0 1384.0 20.0 10.0
3519.0 1480.0 20.0 10.0
3528.0 2151.0 20.0 10.0
3479.0 2057.0 20.0 10.0
462.0 4006.0 20.0 10.0
2946.0 1371.0 20.0 10.0
3937.0 376.0 20.0 10.0
3578.0 1449.0 20.0 10.0
194.0 3751.0 20.0 10.0
208.0 3769.0 20.0 10.0
237.0 3786.0 20.0 10.0
268.0 3806.0 20.0 10.0
302.0 3827.0 20.0 10.0
336.0 3849.0 20.0 10.0
373.0 3872.0 20.0 10.0
413.0 3895.0 20.0 10.0
2760.0 2040.0 20.0 10.0
2766.0 2031.0 20.0 10.0
2775.0 2021.0 20.0 10.0
2675.0 1676.0 20.0 10.0
2708.0 1684.0 20.0 10.0
2615.0 1644.0 20.0 10.0
2523.0 1604.0 20.0 10.0
3911.0 995.0 20.0 10.0
3900.0 996.0 20.0 10.0
3880.0 1000.0 20.0 10.0
3853.0 1005.0 20.0 10.0
3826.0 1006.0 20.0 10.0
2364.0 2172.0 20.0 10.0
2389.0 2160.0 20.0 10.0
2414.0 2171.0 20.0 10.0
2435.0 2157.0 20.0 10.0
3687.0 2450.0 20.0 10.0
1971.0 1328.0 20.0 10.0
3974.0 318.0 20.0 10.0
2976.0 1488.0 20.0 10.0
2973.0 1501.0 20.0 10.0
2961.0 1523.0 20.0 10.0
2953.0 1552.0 20.0 10.0
2984.0 1466.0 20.0 10.0
2980.0 1476.0 20.0 10.0
3813.0 2745.0 20.0 10.0
4485.0 338.0 20.0 10.0
4467.0 356.0 20.0 10.0
3669.0 2420.0 20.0 10.0
1973.0 1369.0 20.0 10.0
321.0 4097.0 20.0 10.0
362.0 4079.0 20.0 10.0
2817.0 2518.0 20.0 10.0
3914.0 333.0 20.0 10.0
4244.0 3360.0 20.0 10.0
965.0 913.0 20.0 10.0
4267.0 3395.0 20.0 10.0
4071.0 763.0 20.0 10.0
4063.0 790.0 20.0 10.0
4201.0 3307.0 20.0 10.0
798.0 805.0 20.0 10.0
3964.0 445.0 20.0 10.0
3941.0 511.0 20.0 10.0
3921.0 588.0 20.0 10.0
2292.0 1498.0 20.0 10.0
2712.0 1985.0 20.0 10.0
2714.0 1976.0 20.0 10.0
4560.0 282.0 20.0 10.0
2640.0 2775.0 20.0 10.0
4363.0 818.0 20.0 10.0
4335.0 824.0 20.0 10.0
4307.0 830.0 20.0 10.0
4272.0 3500.0 20.0 10.0
3985.0 2901.0 20.0 10.0
2849.0 2487.0 20.0 10.0
3995.0 2908.0 20.0 10.0
2844.0 1991.0 20.0 10.0
2834.0 1965.0 20.0 10.0
2544.0 2801.0 20.0 10.0
3766.0 1295.0 20.0 10.0
3750.0 1296.0 20.0 10.0
3860.0 1086.0 20.0 10.0
3850.0 1088.0 20.0 10.0
2451.0 2147.0 20.0 10.0
3951.0 941.0 20.0 10.0
3924.0 935.0 20.0 10.0
3899.0 960.0 20.0 10.0
4441.0 388.0 20.0 10.0
4273.0 3402.0 20.0 10.0
2622.0 2785.0 20.0 10.0
2601.0 3012.0 20.0 10.0
2589.0 1829.0 20.0 10.0
2595.0 1849.0 20.0 10.0
3932.0 600.0 20.0 10.0
3909.0 625.0 20.0 10.0
3903.0 665.0 20.0 10.0
3884.0 746.0 20.0 10.0
3812.0 2894.0 20.0 10.0
3398.0 1880.0 20.0 10.0
2605.0 1856.0 20.0 10.0
489.0 3815.0 20.0 10.0
2628.0 2027.0 20.0 10.0
2658.0 2010.0 20.0 10.0
2689.0 1984.0 20.0 10.0
2543.0 1827.0 20.0 10.0
3984.0 420.0 20.0 10.0
2802.0 2356.0 20.0 10.0
2818.0 2299.0 20.0 10.0
2835.0 2238.0 20.0 10.0
3617.0 2319.0 20.0 10.0
2492.0 1589.0 20.0 10.0
4184.0 3394.0 20.0 10.0
4194.0 3297.0 20.0 10.0
3762.0 2583.0 20.0 10.0
2621.0 2043.0 20.0 10.0
4268.0 653.0 20.0 10.0
2614.0 2053.0 20.0 10.0
3344.0 1826.0 20.0 10.0
25.0 4214.0 20.0 10.0
46.0 4233.0 20.0 10.0
66.0 4222.0 20.0 10.0
1780.0 1227.0 20.0 10.0
3812.0 2932.0 20.0 10.0
3812.0 2913.0 20.0 10.0
4246.0 3450.0 20.0 10.0
3109.0 1858.0 20.0 10.0
3125.0 1835.0 20.0 10.0
3148.0 1844.0 20.0 10.0
3165.0 1832.0 20.0 10.0
3182.0 1808.0 20.0 10.0
3201.0 1783.0 20.0 10.0
640.0 3987.0 20.0 10.0
2722.0 1951.0 20.0 10.0
2754.0 1918.0 20.0 10.0
2786.0 1883.0 20.0 10.0
654.0 4075.0 20.0 10.0
622.0 4077.0 20.0 10.0
272.0 658.0 20.0 10.0
286.0 682.0 20.0 10.0
2344.0 1915.0 20.0 10.0
3649.0 2336.0 20.0 10.0
3636.0 2327.0 20.0 10.0
3621.0 2304.0 20.0 10.0
1210.0 1023.0 20.0 10.0
1036.0 918.0 20.0 10.0
4153.0 3142.0 20.0 10.0
4017.0 240.0 20.0 10.0
3688.0 2384.0 20.0 10.0
1000.0 934.0 20.0 10.0
3562.0 2325.0 20.0 10.0
4002.0 3073.0 20.0 10.0
3492.0 2122.0 20.0 10.0
3490.0 2111.0 20.0 10.0
2582.0 2976.0 20.0 10.0
4248.0 596.0 20.0 10.0
4219.0 637.0 20.0 10.0
2934.0 1454.0 20.0 10.0
2941.0 1502.0 20.0 10.0
2856.0 2023.0 20.0 10.0
32.0 4245.0 20.0 10.0
2718.0 1908.0 20.0 10.0
2704.0 1888.0 20.0 10.0
2692.0 1875.0 20.0 10.0
2685.0 1869.0 20.0 10.0
2727.0 1864.0 20.0 10.0
4320.0 776.0 20.0 10.0
2933.0 1355.0 20.0 10.0
2918.0 1382.0 20.0 10.0
2926.0 1416.0 20.0 10.0
2380.0 1533.0 20.0 10.0
2410.0 1539.0 20.0 10.0
4157.0 870.0 20.0 10.0
4144.0 875.0 20.0 10.0
4115.0 884.0 20.0 10.0
553.0 4197.0 20.0 10.0
560.0 4181.0 20.0 10.0
570.0 4155.0 20.0 10.0
2513.0 1897.0 20.0 10.0
2544.0 1893.0 20.0 10.0
3985.0 2915.0 20.0 10.0
3918.0 597.0 20.0 10.0
2779.0 2015.0 20.0 10.0
3091.0 1884.0 20.0 10.0
719.0 721.0 20.0 10.0
3966.0 2882.0 20.0 10.0
3947.0 2866.0 20.0 10.0
37.0 581.0 20.0 10.0
3744.0 1301.0 20.0 10.0
3734.0 1281.0 20.0 10.0
3719.0 1268.0 20.0 10.0
3707.0 1232.0 20.0 10.0
3707.0 1254.0 20.0 10.0
3713.0 1283.0 20.0 10.0
419.0 3630.0 20.0 10.0
117.0 4197.0 20.0 10.0
2332.0 1970.0 20.0 10.0
933.0 996.0 20.0 10.0
3928.0 2950.0 20.0 10.0
3927.0 2938.0 20.0 10.0
3931.0 2924.0 20.0 10.0
647.0 646.0 20.0 10.0
658.0 661.0 20.0 10.0
209.0 640.0 20.0 10.0
223.0 645.0 20.0 10.0
262.0 658.0 20.0 10.0
4040.0 911.0 20.0 10.0
4013.0 922.0 20.0 10.0
1334.0 1099.0 20.0 10.0
1337.0 1077.0 20.0 10.0
2825.0 2551.0 20.0 10.0
3447.0 1864.0 20.0 10.0
4427.0 398.0 20.0 10.0
915.0 901.0 20.0 10.0
3314.0 1875.0 20.0 10.0
3335.0 1855.0 20.0 10.0
4009.0 291.0 20.0 10.0
902.0 1005.0 20.0 10.0
913.0 1001.0 20.0 10.0
781.0 3953.0 20.0 10.0
748.0 3974.0 20.0 10.0
4400.0 434.0 20.0 10.0
552.0 736.0 20.0 10.0
516.0 726.0 20.0 10.0
2791.0 2056.0 20.0 10.0
2798.0 2031.0 20.0 10.0
3385.0 1931.0 20.0 10.0
4059.0 54.0 20.0 10.0
919.0 3901.0 20.0 10.0
867.0 889.0 20.0 10.0
1257.0 1068.0 20.0 10.0
1274.0 1050.0 20.0 10.0
931.0 872.0 20.0 10.0
956.0 875.0 20.0 10.0
962.0 885.0 20.0 10.0
3864.0 926.0 20.0 10.0
3814.0 2959.0 20.0 10.0
3812.0 2949.0 20.0 10.0
245.0 672.0 20.0 10.0
4049.0 816.0 20.0 10.0
4000.0 863.0 20.0 10.0
2556.0 2963.0 20.0 10.0
2580.0 2958.0 20.0 10.0
917.0 1000.0 20.0 10.0
925.0 996.0 20.0 10.0
798.0 891.0 20.0 10.0
2790.0 2040.0 20.0 10.0
2810.0 2012.0 20.0 10.0
2812.0 1975.0 20.0 10.0
915.0 3989.0 20.0 10.0
888.0 3980.0 20.0 10.0
2403.0 1547.0 20.0 10.0
4251.0 659.0 20.0 10.0
4226.0 659.0 20.0 10.0
4188.0 681.0 20.0 10.0
4145.0 727.0 20.0 10.0
499.0 3624.0 20.0 10.0
496.0 3642.0 20.0 10.0
2963.0 1710.0 20.0 10.0
2989.0 1707.0 20.0 10.0
3936.0 428.0 20.0 10.0
3942.0 459.0 20.0 10.0
4104.0 3091.0 20.0 10.0
3852.0 937.0 20.0 10.0
3829.0 952.0 20.0 10.0
3829.0 974.0 20.0 10.0
3684.0 2382.0 20.0 10.0
4277.0 3507.0 20.0 10.0
2606.0 3033.0 20.0 10.0
916.0 881.0 20.0 10.0
869.0 852.0 20.0 10.0
821.0 823.0 20.0 10.0
772.0 797.0 20.0 10.0
722.0 783.0 20.0 10.0
657.0 760.0 20.0 10.0
3862.0 2741.0 20.0 10.0
4130.0 3222.0 20.0 10.0
4109.0 3196.0 20.0 10.0
4077.0 3141.0 20.0 10.0
4043.0 3083.0 20.0 10.0
4010.0 3021.0 20.0 10.0
3976.0 2955.0 20.0 10.0
2762.0 1697.0 20.0 10.0
4122.0 3274.0 20.0 10.0
4122.0 3257.0 20.0 10.0
4143.0 3237.0 20.0 10.0
4266.0 609.0 20.0 10.0
4046.0 141.0 20.0 10.0
4041.0 155.0 20.0 10.0
4033.0 179.0 20.0 10.0
2420.0 1909.0 20.0 10.0
2450.0 1905.0 20.0 10.0
2481.0 1901.0 20.0 10.0
2815.0 2505.0 20.0 10.0
2820.0 2487.0 20.0 10.0
1665.0 1227.0 20.0 10.0
1598.0 1196.0 20.0 10.0
1531.0 1165.0 20.0 10.0
1465.0 1136.0 20.0 10.0
1401.0 1106.0 20.0 10.0
2735.0 1691.0 20.0 10.0
3852.0 919.0 20.0 10.0
3837.0 943.0 20.0 10.0
2751.0 2134.0 20.0 10.0
2317.0 1920.0 20.0 10.0
3857.0 2829.0 20.0 10.0
2565.0 3067.0 20.0 10.0
2568.0 3047.0 20.0 10.0
2571.0 3024.0 20.0 10.0
3865.0 803.0 20.0 10.0
2983.0 1282.0 20.0 10.0
2647.0 2969.0 20.0 10.0
2642.0 2944.0 20.0 10.0
2381.0 1546.0 20.0 10.0
2963.0 1265.0 20.0 10.0
2966.0 1290.0 20.0 10.0
2968.0 1314.0 20.0 10.0
2969.0 1336.0 20.0 10.0
2964.0 1359.0 20.0 10.0
2845.0 2200.0 20.0 10.0
2851.0 2177.0 20.0 10.0
2866.0 2113.0 20.0 10.0
2879.0 2046.0 20.0 10.0
2887.0 1977.0 20.0 10.0
2788.0 1831.0 20.0 10.0
2766.0 1840.0 20.0 10.0
2744.0 1851.0 20.0 10.0
2732.0 1860.0 20.0 10.0
4064.0 62.0 20.0 10.0
4057.0 80.0 20.0 10.0
268.0 668.0 20.0 10.0
4067.0 45.0 20.0 10.0
2937.0 1588.0 20.0 10.0
3707.0 1212.0 20.0 10.0
518.0 3826.0 20.0 10.0
527.0 3863.0 20.0 10.0
532.0 3903.0 20.0 10.0
4251.0 3488.0 20.0 10.0
4253.0 3458.0 20.0 10.0
4233.0 3433.0 20.0 10.0
4214.0 3404.0 20.0 10.0
2785.0 2412.0 20.0 10.0
2753.0 2115.0 20.0 10.0
2933.0 1389.0 20.0 10.0
4033.0 3046.0 20.0 10.0
4019.0 319.0 20.0 10.0
4516.0 307.0 20.0 10.0
4501.0 322.0 20.0 10.0
727.0 887.0 20.0 10.0
739.0 884.0 20.0 10.0
4065.0 902.0 20.0 10.0
4549.0 280.0 20.0 10.0
4533.0 293.0 20.0 10.0
589.0 744.0 20.0 10.0
3824.0 930.0 20.0 10.0
2912.0 1276.0 20.0 10.0
3895.0 711.0 20.0 10.0
3642.0 2334.0 20.0 10.0
490.0 4018.0 20.0 10.0
4282.0 3523.0 20.0 10.0
2597.0 2990.0 20.0 10.0
4093.0 3080.0 20.0 10.0
2555.0 1928.0 20.0 10.0
2562.0 1902.0 20.0 10.0
3092.0 1681.0 20.0 10.0
3082.0 1683.0 20.0 10.0
695.0 3980.0 20.0 10.0
3445.0 1635.0 20.0 10.0
3439.0 1662.0 20.0 10.0
3430.0 1679.0 20.0 10.0
984.0 3890.0 20.0 10.0
2364.0 2196.0 20.0 10.0
3471.0 1620.0 20.0 10.0
3455.0 1628.0 20.0 10.0
3794.0 1102.0 20.0 10.0
3894.0 975.0 20.0 10.0
3811.0 2705.0 20.0 10.0
3807.0 2664.0 20.0 10.0
4078.0 766.0 20.0 10.0
4120.0 726.0 20.0 10.0
2277.0 1489.0 20.0 10.0
2766.0 2490.0 20.0 10.0
3960.0 348.0 20.0 10.0
4404.0 421.0 20.0 10.0
4381.0 445.0 20.0 10.0
4357.0 471.0 20.0 10.0
4331.0 498.0 20.0 10.0
3873.0 937.0 20.0 10.0
3857.0 964.0 20.0 10.0
2757.0 1704.0 20.0 10.0
3950.0 910.0 20.0 10.0
4351.0 475.0 20.0 10.0
4340.0 487.0 20.0 10.0
4319.0 504.0 20.0 10.0
4313.0 515.0 20.0 10.0
3382.0 1864.0 20.0 10.0
625.0 3983.0 20.0 10.0
2773.0 1856.0 20.0 10.0
2818.0 1848.0 20.0 10.0
2858.0 1806.0 20.0 10.0
2900.0 1765.0 20.0 10.0
2804.0 1724.0 20.0 10.0
587.0 4189.0 20.0 10.0
3716.0 2502.0 20.0 10.0
4080.0 3050.0 20.0 10.0
4060.0 3053.0 20.0 10.0
4000.0 335.0 20.0 10.0
3992.0 351.0 20.0 10.0
3986.0 378.0 20.0 10.0
3963.0 403.0 20.0 10.0
2845.0 1931.0 20.0 10.0
2834.0 1910.0 20.0 10.0
2820.0 1891.0 20.0 10.0
4173.0 3280.0 20.0 10.0
4448.0 376.0 20.0 10.0
4225.0 3337.0 20.0 10.0
4204.0 3311.0 20.0 10.0
3017.0 1688.0 20.0 10.0
4296.0 837.0 20.0 10.0
4276.0 834.0 20.0 10.0
3884.0 803.0 20.0 10.0
3865.0 831.0 20.0 10.0
3844.0 918.0 20.0 10.0
3397.0 1852.0 20.0 10.0
3419.0 1864.0 20.0 10.0
3335.0 1763.0 20.0 10.0
477.0 3931.0 20.0 10.0
499.0 3945.0 20.0 10.0
542.0 3970.0 20.0 10.0
4047.0 3137.0 20.0 10.0
3920.0 563.0 20.0 10.0
3939.0 574.0 20.0 10.0
2288.0 1496.0 20.0 10.0
2318.0 1501.0 20.0 10.0
3843.0 2888.0 20.0 10.0
3816.0 2885.0 20.0 10.0
3813.0 2871.0 20.0 10.0
3812.0 2845.0 20.0 10.0
3810.0 2814.0 20.0 10.0
3808.0 2781.0 20.0 10.0
2536.0 2096.0 20.0 10.0
2543.0 2089.0 20.0 10.0
2264.0 1487.0 20.0 10.0
2183.0 1451.0 20.0 10.0
2103.0 1415.0 20.0 10.0
2025.0 1380.0 20.0 10.0
1950.0 1350.0 20.0 10.0
1877.0 1319.0 20.0 10.0
1804.0 1288.0 20.0 10.0
1734.0 1258.0 20.0 10.0
1993.0 1384.0 20.0 10.0
3997.0 2959.0 20.0 10.0
835.0 776.0 20.0 10.0
2546.0 3084.0 20.0 10.0
557.0 780.0 20.0 10.0
2896.0 1298.0 20.0 10.0
2912.0 1322.0 20.0 10.0
2566.0 3086.0 20.0 10.0
684.0 4157.0 20.0 10.0
672.0 4131.0 20.0 10.0
644.0 4112.0 20.0 10.0
3580.0 2306.0 20.0 10.0
4049.0 3115.0 20.0 10.0
3898.0 737.0 20.0 10.0
57.0 3672.0 20.0 10.0
71.0 3681.0 20.0 10.0
88.0 3693.0 20.0 10.0
108.0 3706.0 20.0 10.0
130.0 3720.0 20.0 10.0
682.0 4191.0 20.0 10.0
673.0 4174.0 20.0 10.0
2599.0 2051.0 20.0 10.0
2983.0 1584.0 20.0 10.0
2634.0 2872.0 20.0 10.0
2645.0 2834.0 20.0 10.0
2655.0 2795.0 20.0 10.0
2663.0 2754.0 20.0 10.0
2676.0 2711.0 20.0 10.0
2693.0 2664.0 20.0 10.0
2668.0 1987.0 20.0 10.0
2675.0 1959.0 20.0 10.0
3407.0 1838.0 20.0 10.0
3978.0 2906.0 20.0 10.0
620.0 4179.0 20.0 10.0
2878.0 1384.0 20.0 10.0
2890.0 1402.0 20.0 10.0
2907.0 1429.0 20.0 10.0
606.0 3985.0 20.0 10.0
2844.0 1317.0 20.0 10.0
2855.0 1340.0 20.0 10.0
2867.0 1363.0 20.0 10.0
3675.0 2372.0 20.0 10.0
3660.0 2356.0 20.0 10.0
2798.0 2001.0 20.0 10.0
4054.0 25.0 20.0 10.0
3420.0 1830.0 20.0 10.0
3416.0 1855.0 20.0 10.0
3406.0 1870.0 20.0 10.0
418.0 3902.0 20.0 10.0
431.0 3909.0 20.0 10.0
185.0 3738.0 20.0 10.0
2577.0 1842.0 20.0 10.0
4326.0 813.0 20.0 10.0
4267.0 3381.0 20.0 10.0
4257.0 3373.0 20.0 10.0
3917.0 322.0 20.0 10.0
3927.0 351.0 20.0 10.0
2771.0 2065.0 20.0 10.0
153.0 3734.0 20.0 10.0
180.0 3751.0 20.0 10.0
2765.0 2085.0 20.0 10.0
4002.0 3079.0 20.0 10.0
4017.0 3055.0 20.0 10.0
3639.0 2366.0 20.0 10.0
3622.0 2334.0 20.0 10.0
3576.0 2244.0 20.0 10.0
753.0 881.0 20.0 10.0
771.0 861.0 20.0 10.0
3912.0 634.0 20.0 10.0
4189.0 3296.0 20.0 10.0
3314.0 1798.0 20.0 10.0
3338.0 1794.0 20.0 10.0
2313.0 1516.0 20.0 10.0
2347.0 1525.0 20.0 10.0
3137.0 1857.0 20.0 10.0
310.0 4167.0 20.0 10.0
329.0 4148.0 20.0 10.0
2591.0 2778.0 20.0 10.0
2614.0 2792.0 20.0 10.0
3960.0 918.0 20.0 10.0
3941.0 909.0 20.0 10.0
3579.0 2277.0 20.0 10.0
4233.0 602.0 20.0 10.0
822.0 850.0 20.0 10.0
818.0 875.0 20.0 10.0
4473.0 346.0 20.0 10.0
2568.0 1839.0 20.0 10.0
2586.0 1847.0 20.0 10.0
2960.0 1388.0 20.0 10.0
3866.0 762.0 20.0 10.0
3876.0 769.0 20.0 10.0
3976.0 345.0 20.0 10.0
1955.0 1319.0 20.0 10.0
639.0 749.0 20.0 10.0
650.0 755.0 20.0 10.0
674.0 772.0 20.0 10.0
2372.0 1526.0 20.0 10.0
4285.0 613.0 20.0 10.0
4258.0 635.0 20.0 10.0
1819.0 1239.0 20.0 10.0
3485.0 2088.0 20.0 10.0
2948.0 1414.0 20.0 10.0
2924.0 1431.0 20.0 10.0
2302.0 1936.0 20.0 10.0
2332.0 1942.0 20.0 10.0
4025.0 221.0 20.0 10.0
4016.0 271.0 20.0 10.0
3771.0 1072.0 20.0 10.0
3765.0 1101.0 20.0 10.0
4328.0 518.0 20.0 10.0
2912.0 1352.0 20.0 10.0
3979.0 310.0 20.0 10.0
3980.0 340.0 20.0 10.0
960.0 4000.0 20.0 10.0
925.0 3995.0 20.0 10.0
3623.0 2370.0 20.0 10.0
657.0 4145.0 20.0 10.0
4493.0 345.0 20.0 10.0
864.0 4007.0 20.0 10.0
843.0 3983.0 20.0 10.0
2953.0 1422.0 20.0 10.0
4241.0 3516.0 20.0 10.0
25.0 576.0 20.0 10.0
2564.0 2780.0 20.0 10.0
4014.0 274.0 20.0 10.0
2726.0 1677.0 20.0 10.0
2526.0 3000.0 20.0 10.0
2546.0 2989.0 20.0 10.0
2564.0 2977.0 20.0 10.0
54.0 587.0 20.0 10.0
1010.0 3881.0 20.0 10.0
996.0 3901.0 20.0 10.0
2595.0 2952.0 20.0 10.0
2604.0 2928.0 20.0 10.0
1001.0 4014.0 20.0 10.0
3574.0 1459.0 20.0 10.0
2231.0 1471.0 20.0 10.0
954.0 991.0 20.0 10.0
1890.0 1279.0 20.0 10.0
1921.0 1297.0 20.0 10.0
4112.0 709.0 20.0 10.0
948.0 3904.0 20.0 10.0
928.0 3908.0 20.0 10.0
3657.0 1305.0 20.0 10.0
259.0 4093.0 20.0 10.0
281.0 4109.0 20.0 10.0
473.0 4047.0 20.0 10.0
151.0 4198.0 20.0 10.0
162.0 4185.0 20.0 10.0
175.0 4158.0 20.0 10.0
207.0 4139.0 20.0 10.0
243.0 4123.0 20.0 10.0
3610.0 2298.0 20.0 10.0
3600.0 2274.0 20.0 10.0
455.0 3920.0 20.0 10.0
597.0 798.0 20.0 10.0
637.0 816.0 20.0 10.0
678.0 833.0 20.0 10.0
2513.0 1827.0 20.0 10.0
2534.0 1828.0 20.0 10.0
4228.0 612.0 20.0 10.0
3879.0 2761.0 20.0 10.0
2552.0 1832.0 20.0 10.0
2618.0 2901.0 20.0 10.0
4327.0 797.0 20.0 10.0
4298.0 797.0 20.0 10.0
3580.0 1428.0 20.0 10.0
3582.0 1408.0 20.0 10.0
940.0 949.0 20.0 10.0
966.0 965.0 20.0 10.0
3101.0 1886.0 20.0 10.0
2577.0 2966.0 20.0 10.0
2842.0 2465.0 20.0 10.0
2815.0 2472.0 20.0 10.0
2800.0 2459.0 20.0 10.0
3903.0 780.0 20.0 10.0
752.0 731.0 20.0 10.0
789.0 907.0 20.0 10.0
2608.0 2062.0 20.0 10.0
648.0 4172.0 20.0 10.0
3931.0 323.0 20.0 10.0
281.0 702.0 20.0 10.0
2983.0 1308.0 20.0 10.0
2977.0 1321.0 20.0 10.0
3334.0 1905.0 20.0 10.0
3876.0 993.0 20.0 10.0
2820.0 2530.0 20.0 10.0
976.0 3920.0 20.0 10.0
953.0 3944.0 20.0 10.0
1959.0 1360.0 20.0 10.0
2460.0 2141.0 20.0 10.0
2487.0 2124.0 20.0 10.0
2515.0 2107.0 20.0 10.0
75.0 4213.0 20.0 10.0
4087.0 803.0 20.0 10.0
4315.0 636.0 20.0 10.0
4290.0 644.0 20.0 10.0
2890.0 1907.0 20.0 10.0
3858.0 2847.0 20.0 10.0
2759.0 2531.0 20.0 10.0
105.0 602.0 20.0 10.0
4259.0 3380.0 20.0 10.0
4136.0 694.0 20.0 10.0
543.0 777.0 20.0 10.0
3069.0 1685.0 20.0 10.0
3056.0 1686.0 20.0 10.0
3040.0 1687.0 20.0 10.0
3025.0 1689.0 20.0 10.0
901.0 4031.0 20.0 10.0
889.0 4019.0 20.0 10.0
2434.0 1564.0 20.0 10.0
333.0 687.0 20.0 10.0
3705.0 1195.0 20.0 10.0
3643.0 1290.0 20.0 10.0
3454.0 1789.0 20.0 10.0
3430.0 1794.0 20.0 10.0
1942.0 1329.0 20.0 10.0
1960.0 1336.0 20.0 10.0
3999.0 3111.0 20.0 10.0
3999.0 3092.0 20.0 10.0
2793.0 2439.0 20.0 10.0
3896.0 946.0 20.0 10.0
1871.0 1272.0 20.0 10.0
698.0 772.0 20.0 10.0
3431.0 1961.0 20.0 10.0
2857.0 2016.0 20.0 10.0
2851.0 2007.0 20.0 10.0
1801.0 1201.0 20.0 10.0
534.0 3946.0 20.0 10.0
534.0 3992.0 20.0 10.0
583.0 3997.0 20.0 10.0
595.0 4044.0 20.0 10.0
586.0 4085.0 20.0 10.0
138.0 615.0 20.0 10.0
2575.0 2834.0 20.0 10.0
2584.0 2824.0 20.0 10.0
2598.0 2810.0 20.0 10.0
2305.0 1978.0 20.0 10.0
4051.0 108.0 20.0 10.0
3949.0 379.0 20.0 10.0
2934.0 1533.0 20.0 10.0
3978.0 2889.0 20.0 10.0
3436.0 1997.0 20.0 10.0
4139.0 875.0 20.0 10.0
3422.0 1629.0 20.0 10.0
3417.0 1636.0 20.0 10.0
3416.0 1657.0 20.0 10.0
3416.0 1685.0 20.0 10.0
3396.0 1669.0 20.0 10.0
2653.0 2996.0 20.0 10.0
145.0 4176.0 20.0 10.0
2523.0 2837.0 20.0 10.0
2548.0 2827.0 20.0 10.0
2571.0 2816.0 20.0 10.0
2584.0 2796.0 20.0 10.0
4087.0 3054.0 20.0 10.0
2785.0 1705.0 20.0 10.0
3897.0 749.0 20.0 10.0
3514.0 1857.0 20.0 10.0
3490.0 1861.0 20.0 10.0
3471.0 1863.0 20.0 10.0
3459.0 1864.0 20.0 10.0
2755.0 1857.0 20.0 10.0
2546.0 3025.0 20.0 10.0
2564.0 3010.0 20.0 10.0
2573.0 2998.0 20.0 10.0
1780.0 1194.0 20.0 10.0
1792.0 1209.0 20.0 10.0
1804.0 1218.0 20.0 10.0
1831.0 1226.0 20.0 10.0
1838.0 1247.0 20.0 10.0
1860.0 1262.0 20.0 10.0
1576.0 1184.0 20.0 10.0
584.0 4126.0 20.0 10.0
592.0 4164.0 20.0 10.0
2639.0 1857.0 20.0 10.0
4288.0 3532.0 20.0 10.0
944.0 976.0 20.0 10.0
616.0 746.0 20.0 10.0
634.0 746.0 20.0 10.0
3728.0 1299.0 20.0 10.0
1629.0 1210.0 20.0 10.0
3116.0 1760.0 20.0 10.0
3006.0 1758.0 20.0 10.0
688.0 701.0 20.0 10.0
275.0 4183.0 20.0 10.0
283.0 4168.0 20.0 10.0
2862.0 2044.0 20.0 10.0
3928.0 2838.0 20.0 10.0
2356.0 1958.0 20.0 10.0
4274.0 3492.0 20.0 10.0
284.0 656.0 20.0 10.0
291.0 663.0 20.0 10.0
303.0 673.0 20.0 10.0
344.0 687.0 20.0 10.0
376.0 702.0 20.0 10.0
410.0 717.0 20.0 10.0
446.0 732.0 20.0 10.0
4153.0 3060.0 20.0 10.0
4130.0 3061.0 20.0 10.0
2688.0 2709.0 20.0 10.0
2763.0 2504.0 20.0 10.0
4041.0 140.0 20.0 10.0
93.0 595.0 20.0 10.0
4320.0 577.0 20.0 10.0
4311.0 598.0 20.0 10.0
4186.0 860.0 20.0 10.0
4162.0 868.0 20.0 10.0
3835.0 1090.0 20.0 10.0
3818.0 1095.0 20.0 10.0
4103.0 3057.0 20.0 10.0
3713.0 1174.0 20.0 10.0
903.0 3911.0 20.0 10.0
879.0 3920.0 20.0 10.0
849.0 3930.0 20.0 10.0
817.0 3941.0 20.0 10.0
3000.0 1693.0 20.0 10.0
795.0 3978.0 20.0 10.0
3225.0 1763.0 20.0 10.0
622.0 729.0 20.0 10.0
2689.0 2699.0 20.0 10.0
2691.0 2686.0 20.0 10.0
4197.0 651.0 20.0 10.0
3964.0 304.0 20.0 10.0
3958.0 335.0 20.0 10.0
3959.0 368.0 20.0 10.0
3948.0 411.0 20.0 10.0
2591.0 2821.0 20.0 10.0
2637.0 2910.0 20.0 10.0
2653.0 2893.0 20.0 10.0
2361.0 1906.0 20.0 10.0
2370.0 1910.0 20.0 10.0
482.0 746.0 20.0 10.0
519.0 762.0 20.0 10.0
4004.0 326.0 20.0 10.0
3987.0 386.0 20.0 10.0
4192.0 3436.0 20.0 10.0
4187.0 3412.0 20.0 10.0
480.0 718.0 20.0 10.0
445.0 709.0 20.0 10.0
411.0 701.0 20.0 10.0
376.0 694.0 20.0 10.0
73.0 594.0 20.0 10.0
96.0 601.0 20.0 10.0
122.0 609.0 20.0 10.0
153.0 620.0 20.0 10.0
187.0 632.0 20.0 10.0
4140.0 3131.0 20.0 10.0
4123.0 3113.0 20.0 10.0
3853.0 2838.0 20.0 10.0
3828.0 2833.0 20.0 10.0
2879.0 1365.0 20.0 10.0
2888.0 1389.0 20.0 10.0
2896.0 1404.0 20.0 10.0
4038.0 158.0 20.0 10.0
3318.0 1835.0 20.0 10.0
1149.0 997.0 20.0 10.0
1632.0 1204.0 20.0 10.0
1643.0 1217.0 20.0 10.0
4213.0 3381.0 20.0 10.0
4192.0 3371.0 20.0 10.0
4173.0 3336.0 20.0 10.0
4157.0 3294.0 20.0 10.0
4140.0 3247.0 20.0 10.0
4295.0 829.0 20.0 10.0
2284.0 1959.0 20.0 10.0
2612.0 1916.0 20.0 10.0
2612.0 1887.0 20.0 10.0
460.0 3622.0 20.0 10.0
2379.0 2197.0 20.0 10.0
2401.0 2183.0 20.0 10.0
744.0 782.0 20.0 10.0
2963.0 1603.0 20.0 10.0
2976.0 1655.0 20.0 10.0
2399.0 1563.0 20.0 10.0
593.0 4223.0 20.0 10.0
594.0 4199.0 20.0 10.0
2692.0 1976.0 20.0 10.0
2697.0 1948.0 20.0 10.0
4209.0 640.0 20.0 10.0
4207.0 666.0 20.0 10.0
1805.0 1234.0 20.0 10.0
2737.0 1700.0 20.0 10.0
707.0 827.0 20.0 10.0
724.0 846.0 20.0 10.0
3839.0 1064.0 20.0 10.0
2946.0 1584.0 20.0 10.0
2667.0 2957.0 20.0 10.0
3433.0 1864.0 20.0 10.0
637.0 624.0 20.0 10.0
3117.0 1871.0 20.0 10.0
3942.0 545.0 20.0 10.0
441.0 3644.0 20.0 10.0
2840.0 2275.0 20.0 10.0
2835.0 2263.0 20.0 10.0
3565.0 2305.0 20.0 10.0
4009.0 2899.0 20.0 10.0
717.0 3958.0 20.0 10.0
2577.0 1888.0 20.0 10.0
2902.0 1932.0 20.0 10.0
762.0 928.0 20.0 10.0
771.0 923.0 20.0 10.0
779.0 915.0 20.0 10.0
710.0 867.0 20.0 10.0
2402.0 2177.0 20.0 10.0
4284.0 3424.0 20.0 10.0
3958.0 943.0 20.0 10.0
1004.0 4005.0 20.0 10.0
985.0 4005.0 20.0 10.0
2328.0 1907.0 20.0 10.0
2353.0 1907.0 20.0 10.0
2527.0 3043.0 20.0 10.0
2389.0 2184.0 20.0 10.0
4266.0 834.0 20.0 10.0
817.0 789.0 20.0 10.0
405.0 693.0 20.0 10.0
993.0 962.0 20.0 10.0
739.0 731.0 20.0 10.0
2591.0 1867.0 20.0 10.0
2983.0 1566.0 20.0 10.0
2965.0 1579.0 20.0 10.0
260.0 642.0 20.0 10.0
725.0 3991.0 20.0 10.0
3690.0 1183.0 20.0 10.0
3714.0 1199.0 20.0 10.0
3688.0 1204.0 20.0 10.0
924.0 3963.0 20.0 10.0
