1000
103.0 65.0 20.0 10.0
86.0 71.0 20.0 10.0
88.0 55.0 20.0 10.0
92.0 148.0 20.0 10.0
87.0 82.0 20.0 10.0
168.0 139.0 20.0 10.0
161.0 163.0 20.0 10.0
121.0 124.0 20.0 10.0
74.0 118.0 20.0 10.0
121.0 145.0 20.0 10.0
117.0 128.0 20.0 10.0
121.0 172.0 20.0 10.0
96.0 166.0 20.0 10.0
97.0 103.0 20.0 10.0
58.0 68.0 20.0 10.0
117.0 157.0 20.0 10.0
52.0 181.0 20.0 10.0
133.0 66.0 20.0 10.0
97.0 153.0 20.0 10.0
72.0 152.0 20.0 10.0
110.0 108.0 20.0 10.0
121.0 54.0 20.0 10.0
74.0 81.0 20.0 10.0
149.0 117.0 20.0 10.0
78.0 133.0 20.0 10.0
58.0 81.0 20.0 10.0
94.0 74.0 20.0 10.0
84.0 125.0 20.0 10.0
90.0 127.0 20.0 10.0
67.0 90.0 20.0 10.0
118.0 167.0 20.0 10.0
47.0 89.0 20.0 10.0
128.0 86.0 20.0 10.0
94.0 128.0 20.0 10.0
37.0 116.0 20.0 10.0
82.0 155.0 20.0 10.0
131.0 141.0 20.0 10.0
67.0 121.0 20.0 10.0
140.0 129.0 20.0 10.0
96.0 104.0 20.0 10.0
62.0 114.0 20.0 10.0
110.0 73.0 20.0 10.0
186.0 139.0 20.0 10.0
110.0 133.0 20.0 10.0
137.0 171.0 20.0 10.0
90.0 89.0 20.0 10.0
119.0 79.0 20.0 10.0
92.0 167.0 20.0 10.0
71.0 126.0 20.0 10.0
78.0 112.0 20.0 10.0
126.0 81.0 20.0 10.0
81.0 135.0 20.0 10.0
110.0 104.0 20.0 10.0
57.0 119.0 20.0 10.0
54.0 74.0 20.0 10.0
148.0 110.0 20.0 10.0
70.0 109.0 20.0 10.0
135.0 139.0 20.0 10.0
136.0 106.0 20.0 10.0
65.0 101.0 20.0 10.0
68.0 30.0 20.0 10.0
80.0 90.0 20.0 10.0
151.0 139.0 20.0 10.0
78.0 116.0 20.0 10.0
32.0 121.0 20.0 10.0
93.0 91.0 20.0 10.0
45.0 145.0 20.0 10.0
65.0 127.0 20.0 10.0
82.0 99.0 20.0 10.0
119.0 104.0 20.0 10.0
69.0 76.0 20.0 10.0
155.0 150.0 20.0 10.0
111.0 148.0 20.0 10.0
120.0 74.0 20.0 10.0
78.0 138.0 20.0 10.0
128.0 129.0 20.0 10.0
94.0 137.0 20.0 10.0
54.0 102.0 20.0 10.0
122.0 183.0 20.0 10.0
99.0 163.0 20.0 10.0
125.0 115.0 20.0 10.0
103.0 155.0 20.0 10.0
149.0 83.0 20.0 10.0
124.0 123.0 20.0 10.0
84.0 127.0 20.0 10.0
40.0 113.0 20.0 10.0
33.0 135.0 20.0 10.0
131.0 158.0 20.0 10.0
112.0 121.0 20.0 10.0
167.0 34.0 20.0 10.0
113.0 96.0 20.0 10.0
48.0 108.0 20.0 10.0
71.0 123.0 20.0 10.0
106.0 66.0 20.0 10.0
68.0 129.0 20.0 10.0
106.0 122.0 20.0 10.0
101.0 126.0 20.0 10.0
118.0 121.0 20.0 10.0
152.0 75.0 20.0 10.0
105.0 59.0 20.0 10.0
92.0 97.0 20.0 10.0
91.0 172.0 20.0 10.0
86.0 119.0 20.0 10.0
114.0 148.0 20.0 10.0
163.0 146.0 20.0 10.0
114.0 98.0 20.0 10.0
99.0 155.0 20.0 10.0
121.0 109.0 20.0 10.0
134.0 100.0 20.0 10.0
98.0 142.0 20.0 10.0
137.0 180.0 20.0 10.0
128.0 104.0 20.0 10.0
138.0 109.0 20.0 10.0
70.0 97.0 20.0 10.0
128.0 93.0 20.0 10.0
58.0 112.0 20.0 10.0
86.0 143.0 20.0 10.0
109.0 155.0 20.0 10.0
72.0 145.0 20.0 10.0
131.0 145.0 20.0 10.0
89.0 103.0 20.0 10.0
143.0 107.0 20.0 10.0
65.0 166.0 20.0 10.0
62.0 138.0 20.0 10.0
93.0 141.0 20.0 10.0
121.0 149.0 20.0 10.0
92.0 104.0 20.0 10.0
81.0 180.0 20.0 10.0
116.0 152.0 20.0 10.0
55.0 87.0 20.0 10.0
110.0 76.0 20.0 10.0
101.0 125.0 20.0 10.0
109.0 89.0 20.0 10.0
79.0 153.0 20.0 10.0
120.0 112.0 20.0 10.0
140.0 145.0 20.0 10.0
109.0 94.0 20.0 10.0
77.0 110.0 20.0 10.0
55.0 55.0 20.0 10.0
141.0 120.0 20.0 10.0
63.0 136.0 20.0 10.0
37.0 137.0 20.0 10.0
114.0 131.0 20.0 10.0
88.0 125.0 20.0 10.0
67.0 95.0 20.0 10.0
79.0 130.0 20.0 10.0
82.0 105.0 20.0 10.0
91.0 183.0 20.0 10.0
105.0 108.0 20.0 10.0
86.0 177.0 20.0 10.0
57.0 136.0 20.0 10.0
101.0 112.0 20.0 10.0
60.0 156.0 20.0 10.0
83.0 168.0 20.0 10.0
103.0 102.0 20.0 10.0
74.0 110.0 20.0 10.0
69.0 116.0 20.0 10.0
153.0 172.0 20.0 10.0
110.0 64.0 20.0 10.0
57.0 131.0 20.0 10.0
177.0 65.0 20.0 10.0
57.0 124.0 20.0 10.0
48.0 158.0 20.0 10.0
115.0 135.0 20.0 10.0
136.0 75.0 20.0 10.0
118.0 33.0 20.0 10.0
101.0 94.0 20.0 10.0
98.0 125.0 20.0 10.0
92.0 120.0 20.0 10.0
123.0 89.0 20.0 10.0
126.0 133.0 20.0 10.0
99.0 134.0 20.0 10.0
90.0 108.0 20.0 10.0
71.0 68.0 20.0 10.0
126.0 105.0 20.0 10.0
100.0 169.0 20.0 10.0
80.0 57.0 20.0 10.0
59.0 130.0 20.0 10.0
74.0 105.0 20.0 10.0
85.0 147.0 20.0 10.0
25.0 176.0 20.0 10.0
32.0 126.0 20.0 10.0
126.0 148.0 20.0 10.0
109.0 139.0 20.0 10.0
86.0 96.0 20.0 10.0
132.0 69.0 20.0 10.0
96.0 80.0 20.0 10.0
92.0 114.0 20.0 10.0
104.0 126.0 20.0 10.0
124.0 157.0 20.0 10.0
92.0 121.0 20.0 10.0
52.0 123.0 20.0 10.0
132.0 122.0 20.0 10.0
110.0 69.0 20.0 10.0
149.0 108.0 20.0 10.0
116.0 68.0 20.0 10.0
89.0 173.0 20.0 10.0
85.0 170.0 20.0 10.0
101.0 120.0 20.0 10.0
111.0 83.0 20.0 10.0
62.0 153.0 20.0 10.0
68.0 118.0 20.0 10.0
99.0 76.0 20.0 10.0
67.0 180.0 20.0 10.0
29.0 112.0 20.0 10.0
123.0 143.0 20.0 10.0
70.0 137.0 20.0 10.0
54.0 89.0 20.0 10.0
87.0 92.0 20.0 10.0
63.0 111.0 20.0 10.0
95.0 131.0 20.0 10.0
107.0 115.0 20.0 10.0
85.0 80.0 20.0 10.0
131.0 155.0 20.0 10.0
127.0 76.0 20.0 10.0
85.0 136.0 20.0 10.0
129.0 97.0 20.0 10.0
52.0 146.0 20.0 10.0
88.0 52.0 20.0 10.0
65.0 140.0 20.0 10.0
124.0 132.0 20.0 10.0
81.0 94.0 20.0 10.0
89.0 162.0 20.0 10.0
127.0 99.0 20.0 10.0
57.0 148.0 20.0 10.0
113.0 124.0 20.0 10.0
130.0 99.0 20.0 10.0
69.0 71.0 20.0 10.0
132.0 92.0 20.0 10.0
97.0 115.0 20.0 10.0
68.0 149.0 20.0 10.0
109.0 157.0 20.0 10.0
60.0 100.0 20.0 10.0
120.0 127.0 20.0 10.0
81.0 108.0 20.0 10.0
82.0 69.0 20.0 10.0
70.0 107.0 20.0 10.0
53.0 96.0 20.0 10.0
93.0 146.0 20.0 10.0
77.0 100.0 20.0 10.0
96.0 128.0 20.0 10.0
114.0 102.0 20.0 10.0
87.0 84.0 20.0 10.0
132.0 152.0 20.0 10.0
88.0 141.0 20.0 10.0
80.0 82.0 20.0 10.0
88.0 78.0 20.0 10.0
61.0 106.0 20.0 10.0
101.0 86.0 20.0 10.0
88.0 109.0 20.0 10.0
98.0 136.0 20.0 10.0
77.0 120.0 20.0 10.0
91.0 61.0 20.0 10.0
111.0 105.0 20.0 10.0
110.0 125.0 20.0 10.0
61.0 89.0 20.0 10.0
151.0 77.0 20.0 10.0
94.0 143.0 20.0 10.0
127.0 138.0 20.0 10.0
136.0 93.0 20.0 10.0
157.0 96.0 20.0 10.0
81.0 68.0 20.0 10.0
90.0 92.0 20.0 10.0
101.0 128.0 20.0 10.0
50.0 75.0 20.0 10.0
121.0 142.0 20.0 10.0
115.0 143.0 20.0 10.0
45.0 126.0 20.0 10.0
67.0 146.0 20.0 10.0
72.0 84.0 20.0 10.0
105.0 106.0 20.0 10.0
123.0 127.0 20.0 10.0
54.0 124.0 20.0 10.0
40.0 95.0 20.0 10.0
75.0 173.0 20.0 10.0
53.0 92.0 20.0 10.0
92.0 134.0 20.0 10.0
89.0 71.0 20.0 10.0
84.0 82.0 20.0 10.0
111.0 155.0 20.0 10.0
69.0 65.0 20.0 10.0
58.0 71.0 20.0 10.0
156.0 98.0 20.0 10.0
81.0 95.0 20.0 10.0
114.0 105.0 20.0 10.0
106.0 172.0 20.0 10.0
83.0 116.0 20.0 10.0
102.0 99.0 20.0 10.0
135.0 97.0 20.0 10.0
76.0 141.0 20.0 10.0
116.0 140.0 20.0 10.0
45.0 112.0 20.0 10.0
65.0 153.0 20.0 10.0
115.0 90.0 20.0 10.0
131.0 93.0 20.0 10.0
67.0 97.0 20.0 10.0
166.0 123.0 20.0 10.0
106.0 99.0 20.0 10.0
72.0 156.0 20.0 10.0
122.0 83.0 20.0 10.0
162.0 112.0 20.0 10.0
175.0 122.0 20.0 10.0
85.0 96.0 20.0 10.0
159.0 87.0 20.0 10.0
74.0 77.0 20.0 10.0
108.0 127.0 20.0 10.0
114.0 145.0 20.0 10.0
50.0 90.0 20.0 10.0
43.0 92.0 20.0 10.0
94.0 53.0 20.0 10.0
107.0 99.0 20.0 10.0
40.0 121.0 20.0 10.0
80.0 86.0 20.0 10.0
63.0 122.0 20.0 10.0
69.0 107.0 20.0 10.0
63.0 66.0 20.0 10.0
81.0 80.0 20.0 10.0
81.0 98.0 20.0 10.0
62.0 84.0 20.0 10.0
93.0 124.0 20.0 10.0
106.0 87.0 20.0 10.0
58.0 142.0 20.0 10.0
87.0 115.0 20.0 10.0
105.0 166.0 20.0 10.0
131.0 163.0 20.0 10.0
85.0 123.0 20.0 10.0
66.0 106.0 20.0 10.0
126.0 169.0 20.0 10.0
74.0 149.0 20.0 10.0
131.0 176.0 20.0 10.0
102.0 105.0 20.0 10.0
82.0 103.0 20.0 10.0
91.0 144.0 20.0 10.0
117.0 66.0 20.0 10.0
47.0 108.0 20.0 10.0
125.0 140.0 20.0 10.0
108.0 101.0 20.0 10.0
94.0 109.0 20.0 10.0
79.0 61.0 20.0 10.0
63.0 148.0 20.0 10.0
135.0 116.0 20.0 10.0
113.0 113.0 20.0 10.0
103.0 96.0 20.0 10.0
88.0 128.0 20.0 10.0
96.0 160.0 20.0 10.0
103.0 104.0 20.0 10.0
100.0 102.0 20.0 10.0
77.0 122.0 20.0 10.0
81.0 71.0 20.0 10.0
66.0 128.0 20.0 10.0
98.0 132.0 20.0 10.0
58.0 83.0 20.0 10.0
92.0 85.0 20.0 10.0
90.0 94.0 20.0 10.0
81.0 122.0 20.0 10.0
104.0 150.0 20.0 10.0
102.0 149.0 20.0 10.0
125.0 86.0 20.0 10.0
118.0 144.0 20.0 10.0
57.0 133.0 20.0 10.0
96.0 142.0 20.0 10.0
46.0 106.0 20.0 10.0
104.0 95.0 20.0 10.0
76.0 91.0 20.0 10.0
69.0 124.0 20.0 10.0
47.0 104.0 20.0 10.0
88.0 94.0 20.0 10.0
90.0 134.0 20.0 10.0
118.0 86.0 20.0 10.0
90.0 178.0 20.0 10.0
133.0 121.0 20.0 10.0
147.0 88.0 20.0 10.0
120.0 70.0 20.0 10.0
115.0 132.0 20.0 10.0
76.0 166.0 20.0 10.0
100.0 81.0 20.0 10.0
88.0 143.0 20.0 10.0
109.0 115.0 20.0 10.0
118.0 132.0 20.0 10.0
107.0 107.0 20.0 10.0
79.0 123.0 20.0 10.0
140.0 153.0 20.0 10.0
111.0 85.0 20.0 10.0
93.0 50.0 20.0 10.0
98.0 71.0 20.0 10.0
84.0 71.0 20.0 10.0
91.0 88.0 20.0 10.0
90.0 148.0 20.0 10.0
115.0 127.0 20.0 10.0
151.0 92.0 20.0 10.0
88.0 131.0 20.0 10.0
88.0 152.0 20.0 10.0
76.0 94.0 20.0 10.0
175.0 125.0 20.0 10.0
102.0 168.0 20.0 10.0
94.0 157.0 20.0 10.0
97.0 94.0 20.0 10.0
121.0 112.0 20.0 10.0
133.0 90.0 20.0 10.0
83.0 64.0 20.0 10.0
95.0 154.0 20.0 10.0
122.0 91.0 20.0 10.0
90.0 164.0 20.0 10.0
98.0 58.0 20.0 10.0
122.0 99.0 20.0 10.0
144.0 61.0 20.0 10.0
120.0 160.0 20.0 10.0
92.0 109.0 20.0 10.0
106.0 168.0 20.0 10.0
92.0 78.0 20.0 10.0
40.0 130.0 20.0 10.0
78.0 145.0 20.0 10.0
165.0 155.0 20.0 10.0
90.0 73.0 20.0 10.0
91.0 155.0 20.0 10.0
64.0 128.0 20.0 10.0
49.0 140.0 20.0 10.0
115.0 109.0 20.0 10.0
95.0 137.0 20.0 10.0
104.0 77.0 20.0 10.0
123.0 155.0 20.0 10.0
105.0 152.0 20.0 10.0
90.0 115.0 20.0 10.0
99.0 74.0 20.0 10.0
71.0 143.0 20.0 10.0
61.0 135.0 20.0 10.0
132.0 133.0 20.0 10.0
98.0 108.0 20.0 10.0
116.0 122.0 20.0 10.0
85.0 89.0 20.0 10.0
79.0 94.0 20.0 10.0
84.0 112.0 20.0 10.0
108.0 180.0 20.0 10.0
131.0 108.0 20.0 10.0
91.0 90.0 20.0 10.0
128.0 133.0 20.0 10.0
55.0 85.0 20.0 10.0
102.0 97.0 20.0 10.0
67.0 56.0 20.0 10.0
113.0 43.0 20.0 10.0
116.0 116.0 20.0 10.0
85.0 132.0 20.0 10.0
121.0 116.0 20.0 10.0
138.0 149.0 20.0 10.0
82.0 142.0 20.0 10.0
119.0 101.0 20.0 10.0
101.0 82.0 20.0 10.0
63.0 76.0 20.0 10.0
70.0 135.0 20.0 10.0
64.0 72.0 20.0 10.0
49.0 91.0 20.0 10.0
66.0 158.0 20.0 10.0
125.0 126.0 20.0 10.0
102.0 109.0 20.0 10.0
115.0 171.0 20.0 10.0
83.0 117.0 20.0 10.0
52.0 94.0 20.0 10.0
124.0 135.0 20.0 10.0
111.0 92.0 20.0 10.0
119.0 96.0 20.0 10.0
104.0 145.0 20.0 10.0
108.0 130.0 20.0 10.0
146.0 107.0 20.0 10.0
93.0 126.0 20.0 10.0
96.0 68.0 20.0 10.0
111.0 126.0 20.0 10.0
95.0 111.0 20.0 10.0
50.0 114.0 20.0 10.0
152.0 116.0 20.0 10.0
104.0 108.0 20.0 10.0
84.0 88.0 20.0 10.0
155.0 132.0 20.0 10.0
170.0 119.0 20.0 10.0
69.0 142.0 20.0 10.0
135.0 37.0 20.0 10.0
125.0 79.0 20.0 10.0
75.0 160.0 20.0 10.0
109.0 90.0 20.0 10.0
54.0 130.0 20.0 10.0
51.0 104.0 20.0 10.0
65.0 131.0 20.0 10.0
65.0 98.0 20.0 10.0
98.0 140.0 20.0 10.0
71.0 161.0 20.0 10.0
83.0 88.0 20.0 10.0
89.0 81.0 20.0 10.0
107.0 102.0 20.0 10.0
84.0 93.0 20.0 10.0
107.0 79.0 20.0 10.0
117.0 118.0 20.0 10.0
92.0 76.0 20.0 10.0
112.0 79.0 20.0 10.0
55.0 122.0 20.0 10.0
162.0 127.0 20.0 10.0
69.0 82.0 20.0 10.0
133.0 136.0 20.0 10.0
127.0 127.0 20.0 10.0
77.0 109.0 20.0 10.0
159.0 99.0 20.0 10.0
101.0 110.0 20.0 10.0
85.0 165.0 20.0 10.0
121.0 123.0 20.0 10.0
101.0 135.0 20.0 10.0
100.0 138.0 20.0 10.0
99.0 180.0 20.0 10.0
97.0 106.0 20.0 10.0
96.0 182.0 20.0 10.0
73.0 151.0 20.0 10.0
124.0 84.0 20.0 10.0
156.0 129.0 20.0 10.0
99.0 115.0 20.0 10.0
63.0 109.0 20.0 10.0
100.0 95.0 20.0 10.0
72.0 87.0 20.0 10.0
96.0 77.0 20.0 10.0
67.0 141.0 20.0 10.0
57.0 146.0 20.0 10.0
143.0 118.0 20.0 10.0
150.0 135.0 20.0 10.0
69.0 140.0 20.0 10.0
99.0 149.0 20.0 10.0
107.0 83.0 20.0 10.0
129.0 119.0 20.0 10.0
130.0 126.0 20.0 10.0
96.0 49.0 20.0 10.0
89.0 160.0 20.0 10.0
112.0 146.0 20.0 10.0
73.0 182.0 20.0 10.0
154.0 114.0 20.0 10.0
135.0 106.0 20.0 10.0
134.0 169.0 20.0 10.0
108.0 148.0 20.0 10.0
93.0 116.0 20.0 10.0
68.0 126.0 20.0 10.0
106.0 124.0 20.0 10.0
103.0 71.0 20.0 10.0
129.0 150.0 20.0 10.0
84.0 138.0 20.0 10.0
57.0 128.0 20.0 10.0
60.0 76.0 20.0 10.0
92.0 106.0 20.0 10.0
142.0 116.0 20.0 10.0
77.0 114.0 20.0 10.0
140.0 132.0 20.0 10.0
108.0 149.0 20.0 10.0
37.0 78.0 20.0 10.0
60.0 161.0 20.0 10.0
147.0 80.0 20.0 10.0
137.0 119.0 20.0 10.0
128.0 125.0 20.0 10.0
110.0 158.0 20.0 10.0
112.0 110.0 20.0 10.0
131.0 89.0 20.0 10.0
78.0 107.0 20.0 10.0
103.0 137.0 20.0 10.0
104.0 118.0 20.0 10.0
125.0 111.0 20.0 10.0
86.0 125.0 20.0 10.0
110.0 161.0 20.0 10.0
92.0 48.0 20.0 10.0
76.0 98.0 20.0 10.0
64.0 93.0 20.0 10.0
108.0 109.0 20.0 10.0
106.0 53.0 20.0 10.0
104.0 44.0 20.0 10.0
144.0 144.0 20.0 10.0
92.0 139.0 20.0 10.0
117.0 80.0 20.0 10.0
119.0 121.0 20.0 10.0
91.0 111.0 20.0 10.0
63.099998474121094 122.0 20.0 10.0
95.0 88.0 20.0 10.0
94.0 123.0 20.0 10.0
104.0 91.0 20.0 10.0
109.0 120.0 20.0 10.0
87.0 164.0 20.0 10.0
81.0 165.0 20.0 10.0
56.0 114.0 20.0 10.0
99.0 122.0 20.0 10.0
126.0 160.0 20.0 10.0
95.0 114.0 20.0 10.0
69.0 133.0 20.0 10.0
57.0 97.0 20.0 10.0
144.0 99.0 20.0 10.0
111.0 169.0 20.0 10.0
76.0 149.0 20.0 10.0
48.0 124.0 20.0 10.0
72.0 157.0 20.0 10.0
129.0 88.0 20.0 10.0
74.0 102.0 20.0 10.0
129.0 101.0 20.0 10.0
127.0 117.0 20.0 10.0
97.0 84.0 20.0 10.0
33.0 84.0 20.0 10.0
93.0 65.0 20.0 10.0
65.0 156.0 20.0 10.0
123.0 148.0 20.0 10.0
108.0 143.0 20.0 10.0
115.0 100.0 20.0 10.0
146.0 124.0 20.0 10.0
81.0 125.0 20.0 10.0
148.0 103.0 20.0 10.0
97.0 74.0 20.0 10.0
79.0 104.0 20.0 10.0
81.0 138.0 20.0 10.0
137.0 91.0 20.0 10.0
163.0 125.0 20.0 10.0
157.0 120.0 20.0 10.0
135.0 92.0 20.0 10.0
44.0 119.0 20.0 10.0
120.0 117.0 20.0 10.0
80.0 167.0 20.0 10.0
128.0 145.0 20.0 10.0
59.0 86.0 20.0 10.0
142.0 135.0 20.0 10.0
106.0 69.0 20.0 10.0
111.0 89.0 20.0 10.0
138.0 111.0 20.0 10.0
140.0 161.0 20.0 10.0
75.0 124.0 20.0 10.0
83.0 128.0 20.0 10.0
102.0 177.0 20.0 10.0
121.0 134.0 20.0 10.0
63.0 116.0 20.0 10.0
140.0 114.0 20.0 10.0
134.0 72.0 20.0 10.0
92.0 113.0 20.0 10.0
96.0 100.0 20.0 10.0
95.0 92.0 20.0 10.0
56.0 156.0 20.0 10.0
152.0 106.0 20.0 10.0
133.0 73.0 20.0 10.0
147.0 92.0 20.0 10.0
123.0 102.0 20.0 10.0
111.0 139.0 20.0 10.0
73.0 130.0 20.0 10.0
75.0 147.0 20.0 10.0
107.0 110.0 20.0 10.0
32.0 58.0 20.0 10.0
117.0 109.0 20.0 10.0
118.0 95.0 20.0 10.0
81.0 116.0 20.0 10.0
129.0 113.0 20.0 10.0
81.0 75.0 20.0 10.0
96.0 64.0 20.0 10.0
127.0 120.0 20.0 10.0
130.0 132.0 20.0 10.0
50.0 98.0 20.0 10.0
105.0 132.0 20.0 10.0
143.0 94.0 20.0 10.0
77.0 67.0 20.0 10.0
76.0 96.0 20.0 10.0
104.0 157.0 20.0 10.0
118.0 136.0 20.0 10.0
102.0 131.0 20.0 10.0
109.0 176.0 20.0 10.0
81.0 175.0 20.0 10.0
61.0 93.0 20.0 10.0
79.0 121.0 20.0 10.0
132.0 146.0 20.0 10.0
99.0 97.0 20.0 10.0
52.0 164.0 20.0 10.0
78.0 130.0 20.0 10.0
33.0 151.0 20.0 10.0
102.0 133.0 20.0 10.0
59.0 102.0 20.0 10.0
71.0 102.0 20.0 10.0
137.0 156.0 20.0 10.0
117.0 112.0 20.0 10.0
99.0 113.0 20.0 10.0
103.0 135.0 20.0 10.0
154.0 120.0 20.0 10.0
69.0 95.0 20.0 10.0
65.0 163.0 20.0 10.0
102.0 111.0 20.0 10.0
95.0 117.0 20.0 10.0
115.0 70.0 20.0 10.0
127.0 175.0 20.0 10.0
110.0 119.0 20.0 10.0
153.0 95.0 20.0 10.0
117.0 44.0 20.0 10.0
89.0 112.0 20.0 10.0
89.0 104.0 20.0 10.0
58.0 162.0 20.0 10.0
133.0 117.0 20.0 10.0
89.0 59.0 20.0 10.0
51.0 111.0 20.0 10.0
97.0 150.0 20.0 10.0
74.0 74.0 20.0 10.0
82.0 104.0 20.0 10.0
85.0 110.0 20.0 10.0
141.0 108.0 20.0 10.0
159.0 108.0 20.0 10.0
97.0 98.0 20.0 10.0
139.0 118.0 20.0 10.0
61.0 127.0 20.0 10.0
98.0 110.0 20.0 10.0
133.0 130.0 20.0 10.0
30.0 177.0 20.0 10.0
113.0 140.0 20.0 10.0
95.0 119.0 20.0 10.0
140.0 62.0 20.0 10.0
122.0 85.0 20.0 10.0
123.0 97.0 20.0 10.0
72.0 129.0 20.0 10.0
70.0 89.0 20.0 10.0
96.0 90.0 20.0 10.0
67.0 63.0 20.0 10.0
83.0 106.0 20.0 10.0
56.0 105.0 20.0 10.0
86.0 104.0 20.0 10.0
121.0 158.0 20.0 10.0
49.0 38.0 20.0 10.0
107.0 127.0 20.0 10.0
138.0 135.0 20.0 10.0
82.0 85.0 20.0 10.0
153.0 70.0 20.0 10.0
141.0 115.0 20.0 10.0
126.0 107.0 20.0 10.0
116.0 93.0 20.0 10.0
110.0 136.0 20.0 10.0
103.0 75.0 20.0 10.0
108.0 152.0 20.0 10.0
92.0 154.0 20.0 10.0
74.0 142.0 20.0 10.0
105.0 135.0 20.0 10.0
81.0 148.0 20.0 10.0
69.0 168.0 20.0 10.0
81.0 110.0 20.0 10.0
118.0 115.0 20.0 10.0
85.0 103.0 20.0 10.0
73.0 101.0 20.0 10.0
100.0 157.0 20.0 10.0
146.0 159.0 20.0 10.0
122.0 164.0 20.0 10.0
49.0 121.0 20.0 10.0
72.0 105.0 20.0 10.0
57.0 117.0 20.0 10.0
75.0 127.0 20.0 10.0
91.0 99.0 20.0 10.0
96.0 138.0 20.0 10.0
104.0 109.0 20.0 10.0
80.0 143.0 20.0 10.0
103.0 162.0 20.0 10.0
115.0 87.0 20.0 10.0
73.0 160.0 20.0 10.0
86.0 58.0 20.0 10.0
89.0 83.0 20.0 10.0
37.0 102.0 20.0 10.0
88.0 119.0 20.0 10.0
100.0 143.0 20.0 10.0
108.0 105.0 20.0 10.0
114.0 80.0 20.0 10.0
67.0 87.0 20.0 10.0
125.0 153.0 20.0 10.0
123.0 110.0 20.0 10.0
47.0 98.0 20.0 10.0
129.0 111.0 20.0 10.0
152.0 132.0 20.0 10.0
114.0 111.0 20.0 10.0
97.0 119.0 20.0 10.0
120.0 50.0 20.0 10.0
97.0 82.0 20.0 10.0
111.0 165.0 20.0 10.0
88.0 123.0 20.0 10.0
86.0 65.0 20.0 10.0
123.0 134.0 20.0 10.0
66.0 136.0 20.0 10.0
51.0 118.0 20.0 10.0
106.0 25.0 20.0 10.0
148.0 67.0 20.0 10.0
106.0 97.0 20.0 10.0
160.0 83.0 20.0 10.0
127.0 57.0 20.0 10.0
116.0 161.0 20.0 10.0
113.0 59.0 20.0 10.0
62.0 130.0 20.0 10.0
107.0 135.0 20.0 10.0
101.0 141.0 20.0 10.0
127.0 71.0 20.0 10.0
106.0 76.0 20.0 10.0
108.0 137.0 20.0 10.0
134.0 143.0 20.0 10.0
137.0 131.0 20.0 10.0
58.0 108.0 20.0 10.0
96.0 126.0 20.0 10.0
87.0 150.0 20.0 10.0
122.0 104.0 20.0 10.0
73.0 108.0 20.0 10.0
113.0 99.0 20.0 10.0
121.0 115.0 20.0 10.0
64.0 145.0 20.0 10.0
115.0 95.0 20.0 10.0
152.0 98.0 20.0 10.0
57.0 84.0 20.0 10.0
105.0 92.0 20.0 10.0
113.0 117.0 20.0 10.0
104.0 105.0 20.0 10.0
141.0 138.0 20.0 10.0
88.0 67.0 20.0 10.0
131.0 81.0 20.0 10.0
73.0 82.0 20.0 10.0
105.0 163.0 20.0 10.0
147.0 127.0 20.0 10.0
69.0 112.0 20.0 10.0
120.0 93.0 20.0 10.0
44.0 143.0 20.0 10.0
100.0 174.0 20.0 10.0
74.0 66.0 20.0 10.0
47.0 122.0 20.0 10.0
141.0 43.0 20.0 10.0
134.0 113.0 20.0 10.0
145.0 89.0 20.0 10.0
86.0 118.0 20.0 10.0
110.0 144.0 20.0 10.0
84.0 149.0 20.0 10.0
95.0 98.0 20.0 10.0
145.0 170.0 20.0 10.0
118.0 153.0 20.0 10.0
126.0 96.0 20.0 10.0
133.0 103.0 20.0 10.0
110.0 113.0 20.0 10.0
109.0 116.0 20.0 10.0
59.0 107.0 20.0 10.0
62.0 140.0 20.0 10.0
76.0 87.0 20.0 10.0
122.0 126.0 20.0 10.0
99.0 159.0 20.0 10.0
90.0 76.0 20.0 10.0
45.0 135.0 20.0 10.0
73.0 96.0 20.0 10.0
129.0 169.0 20.0 10.0
89.0 126.0 20.0 10.0
84.0 99.0 20.0 10.0
106.0 139.0 20.0 10.0
113.0 150.0 20.0 10.0
77.0 89.0 20.0 10.0
103.0 116.0 20.0 10.0
132.0 173.0 20.0 10.0
73.0 114.0 20.0 10.0
70.0 106.0 20.0 10.0
62.0 102.0 20.0 10.0
148.0 95.0 20.0 10.0
96.0 146.0 20.0 10.0
131.0 111.0 20.0 10.0
82.0 138.0 20.0 10.0
136.0 103.0 20.0 10.0
73.0 78.0 20.0 10.0
122.0 147.0 20.0 10.0
61.0 145.0 20.0 10.0
156.0 158.0 20.0 10.0
104.0 120.0 20.0 10.0
130.0 123.0 20.0 10.0
58.0 122.0 20.0 10.0
158.0 127.0 20.0 10.0
103.0 133.0 20.0 10.0
113.0 91.0 20.0 10.0
90.0 118.0 20.0 10.0
108.0 81.0 20.0 10.0
135.0 166.0 20.0 10.0
74.0 88.0 20.0 10.0
88.0 133.0 20.0 10.0
86.0 132.0 20.0 10.0
66.0 130.0 20.0 10.0
81.0 119.0 20.0 10.0
110.0 78.0 20.0 10.0
101.0 77.0 20.0 10.0
128.0 136.0 20.0 10.0
27.0 109.0 20.0 10.0
134.0 81.0 20.0 10.0
76.0 71.0 20.0 10.0
95.0 85.0 20.0 10.0
118.0 67.0 20.0 10.0
75.0 132.0 20.0 10.0
86.0 107.0 20.0 10.0
82.0 136.0 20.0 10.0
96.0 156.0 20.0 10.0
88.0 101.0 20.0 10.0
50.0 71.0 20.0 10.0
96.0 143.0 20.0 10.0
142.0 125.0 20.0 10.0
128.0 156.0 20.0 10.0
60.0 115.0 20.0 10.0
148.0 144.0 20.0 10.0
76.0 138.0 20.0 10.0
86.0 158.0 20.0 10.0
59.0 95.0 20.0 10.0
113.0 173.0 20.0 10.0
64.0 118.0 20.0 10.0
107.0 141.0 20.0 10.0
87.0 163.0 20.0 10.0
55.0 142.0 20.0 10.0
124.0 93.0 20.0 10.0
121.0 156.0 20.0 10.0
126.0 43.0 20.0 10.0
135.0 128.0 20.0 10.0
123.0 72.0 20.0 10.0
135.0 83.0 20.0 10.0
93.0 152.0 20.0 10.0
141.0 93.0 20.0 10.0
90.0 138.0 20.0 10.0
66.0 109.0 20.0 10.0
115.0 119.0 20.0 10.0
119.0 111.0 20.0 10.0
108.0 124.0 20.0 10.0
122.0 139.0 20.0 10.0
41.0 144.0 20.0 10.0
52.0 108.0 20.0 10.0
122.0 121.0 20.0 10.0
92.0 129.0 20.0 10.0
123.0 95.0 20.0 10.0
109.0 82.0 20.0 10.0
155.0 155.0 20.0 10.0
123.0 119.0 20.0 10.0
45.0 110.0 20.0 10.0
88.0 138.0 20.0 10.0
37.0 146.0 20.0 10.0
148.0 102.0 20.0 10.0
127.0 89.0 20.0 10.0
151.0 65.0 20.0 10.0
149.0 112.0 20.0 10.0
108.0 162.0 20.0 10.0
69.0 93.0 20.0 10.0
115.0 165.0 20.0 10.0
86.0 140.0 20.0 10.0
125.0 51.0 20.0 10.0
96.0 134.0 20.0 10.0
99.0 124.0 20.0 10.0
104.0 142.0 20.0 10.0
138.0 125.0 20.0 10.0
97.0 148.0 20.0 10.0
53.0 135.0 20.0 10.0
140.0 135.0 20.0 10.0
90.0 135.0 20.0 10.0
137.0 136.0 20.0 10.0
105.0 157.0 20.0 10.0
129.0 114.0 20.0 10.0
144.0 141.0 20.0 10.0
86.0 99.0 20.0 10.0
110.0 67.0 20.0 10.0
111.0 153.0 20.0 10.0
113.0 133.0 20.0 10.0
108.0 88.0 20.0 10.0
134.0 110.0 20.0 10.0
75.0 125.0 20.0 10.0
55.0 111.0 20.0 10.0
65.0 115.0 20.0 10.0
116.0 105.0 20.0 10.0
41.0 87.0 20.0 10.0
90.0 156.0 20.0 10.0
160.0 142.0 20.0 10.0
52.0 84.0 20.0 10.0
101.0 68.0 20.0 10.0
53.0 116.0 20.0 10.0
142.0 109.0 20.0 10.0
85.0 157.0 20.0 10.0
120.0 129.0 20.0 10.0
127.0 68.0 20.0 10.0
67.0 134.0 20.0 10.0
74.0 137.0 20.0 10.0
120.0 88.0 20.0 10.0
93.0 110.0 20.0 10.0
118.0 124.0 20.0 10.0
52.0 167.0 20.0 10.0
66.0 145.0 20.0 10.0
77.0 128.0 20.0 10.0
62.0 66.0 20.0 10.0
125.0 137.0 20.0 10.0
117.0 126.0 20.0 10.0
131.0 137.0 20.0 10.0
76.0 134.0 20.0 10.0
62.0 80.0 20.0 10.0
140.0 100.0 20.0 10.0
97.0 97.0 20.0 10.0
75.0 174.0 20.0 10.0
101.0 116.0 20.0 10.0
68.0 69.0 20.0 10.0
118.0 150.0 20.0 10.0
100.0 90.0 20.0 10.0
71.0 164.0 20.0 10.0
28.0 106.0 20.0 10.0
120.0 76.0 20.0 10.0
115.0 138.0 20.0 10.0
96.0 174.0 20.0 10.0
94.0 121.0 20.0 10.0
35.0 113.0 20.0 10.0
43.0 86.0 20.0 10.0
80.0 65.0 20.0 10.0
115.0 120.0 20.0 10.0
123.0 105.0 20.0 10.0
93.0 94.0 20.0 10.0
58.0 151.0 20.0 10.0
116.0 84.0 20.0 10.0
155.0 59.0 20.0 10.0
53.0 157.0 20.0 10.0
88.0 147.0 20.0 10.0
83.0 93.0 20.0 10.0
115.0 114.0 20.0 10.0
137.0 99.0 20.0 10.0
88.0 116.0 20.0 10.0
