1000
111.0 82.0 20.0 10.0
139.0 111.0 20.0 10.0
82.0 102.0 20.0 10.0
177.0 85.0 20.0 10.0
108.0 132.0 20.0 10.0
175.0 103.0 20.0 10.0
66.0 138.0 20.0 10.0
109.0 155.0 20.0 10.0
133.0 205.0 20.0 10.0
91.0 115.0 20.0 10.0
179.0 103.0 20.0 10.0
181.0 108.0 20.0 10.0
101.0 143.0 20.0 10.0
171.0 143.0 20.0 10.0
117.0 107.0 20.0 10.0
167.0 165.0 20.0 10.0
102.0 123.0 20.0 10.0
151.0 128.0 20.0 10.0
120.0 158.0 20.0 10.0
112.0 97.0 20.0 10.0
173.0 73.0 20.0 10.0
133.0 106.0 20.0 10.0
140.0 139.0 20.0 10.0
102.0 83.0 20.0 10.0
117.0 149.0 20.0 10.0
105.0 84.0 20.0 10.0
119.0 65.0 20.0 10.0
153.0 72.0 20.0 10.0
126.0 126.0 20.0 10.0
131.0 149.0 20.0 10.0
172.0 150.0 20.0 10.0
163.0 137.0 20.0 10.0
51.0 104.0 20.0 10.0
161.0 73.0 20.0 10.0
152.0 107.0 20.0 10.0
104.0 140.0 20.0 10.0
157.0 85.0 20.0 10.0
80.0 116.0 20.0 10.0
89.0 104.0 20.0 10.0
123.0 139.0 20.0 10.0
117.0 177.0 20.0 10.0
142.0 132.0 20.0 10.0
186.0 145.0 20.0 10.0
103.0 121.0 20.0 10.0
114.0 123.0 20.0 10.0
152.0 97.0 20.0 10.0
156.0 76.0 20.0 10.0
189.0 104.0 20.0 10.0
136.0 166.0 20.0 10.0
120.0 149.0 20.0 10.0
130.0 108.0 20.0 10.0
185.0 143.0 20.0 10.0
143.0 99.0 20.0 10.0
151.0 108.0 20.0 10.0
105.0 132.0 20.0 10.0
89.0 149.0 20.0 10.0
129.0 111.0 20.0 10.0
176.0 125.0 20.0 10.0
131.0 62.0 20.0 10.0
170.0 107.0 20.0 10.0
131.0 83.0 20.0 10.0
106.0 146.0 20.0 10.0
165.0 167.0 20.0 10.0
95.0 113.0 20.0 10.0
114.0 110.0 20.0 10.0
127.0 128.0 20.0 10.0
161.0 80.0 20.0 10.0
65.0 126.0 20.0 10.0
84.0 120.0 20.0 10.0
111.0 126.0 20.0 10.0
149.0 143.0 20.0 10.0
156.0 145.0 20.0 10.0
189.0 161.0 20.0 10.0
139.0 94.0 20.0 10.0
151.0 67.0 20.0 10.0
186.0 104.0 20.0 10.0
124.0 121.0 20.0 10.0
194.0 90.0 20.0 10.0
179.0 105.0 20.0 10.0
86.0 132.0 20.0 10.0
110.0 107.0 20.0 10.0
121.0 161.0 20.0 10.0
127.0 48.0 20.0 10.0
95.0 115.0 20.0 10.0
143.0 136.0 20.0 10.0
142.0 153.0 20.0 10.0
87.0 139.0 20.0 10.0
82.0 128.0 20.0 10.0
109.0 176.0 20.0 10.0
146.0 156.0 20.0 10.0
156.0 143.0 20.0 10.0
160.0 98.0 20.0 10.0
126.0 146.0 20.0 10.0
141.0 171.0 20.0 10.0
142.0 123.0 20.0 10.0
146.0 87.0 20.0 10.0
116.0 105.0 20.0 10.0
109.0 125.0 20.0 10.0
134.0 54.0 20.0 10.0
163.0 140.0 20.0 10.0
129.0 148.0 20.0 10.0
172.0 139.0 20.0 10.0
98.0 80.0 20.0 10.0
141.0 124.0 20.0 10.0
145.0 120.0 20.0 10.0
123.0 130.0 20.0 10.0
130.0 122.0 20.0 10.0
149.0 178.0 20.0 10.0
117.0 123.0 20.0 10.0
165.0 50.0 20.0 10.0
88.0 136.0 20.0 10.0
127.0 152.0 20.0 10.0
172.0 87.0 20.0 10.0
125.0 133.0 20.0 10.0
141.0 111.0 20.0 10.0
136.0 95.0 20.0 10.0
126.0 129.0 20.0 10.0
103.0 153.0 20.0 10.0
143.0 128.0 20.0 10.0
98.0 124.0 20.0 10.0
136.0 125.0 20.0 10.0
91.0 158.0 20.0 10.0
116.0 100.0 20.0 10.0
107.0 97.0 20.0 10.0
174.0 92.0 20.0 10.0
148.0 62.0 20.0 10.0
111.0 168.0 20.0 10.0
130.0 99.0 20.0 10.0
146.0 110.0 20.0 10.0
168.0 98.0 20.0 10.0
82.0 85.0 20.0 10.0
142.0 127.0 20.0 10.0
121.0 103.0 20.0 10.0
142.0 60.0 20.0 10.0
106.0 129.0 20.0 10.0
148.0 145.0 20.0 10.0
118.0 140.0 20.0 10.0
139.0 142.0 20.0 10.0
181.0 85.0 20.0 10.0
132.0 127.0 20.0 10.0
85.0 108.0 20.0 10.0
128.0 138.0 20.0 10.0
120.0 63.0 20.0 10.0
143.0 130.0 20.0 10.0
109.0 101.0 20.0 10.0
114.0 81.0 20.0 10.0
159.0 174.0 20.0 10.0
185.0 124.0 20.0 10.0
174.0 104.0 20.0 10.0
99.0 148.0 20.0 10.0
160.0 130.0 20.0 10.0
124.0 189.0 20.0 10.0
156.0 108.0 20.0 10.0
150.0 131.0 20.0 10.0
158.0 147.0 20.0 10.0
141.0 168.0 20.0 10.0
125.0 159.0 20.0 10.0
85.0 136.0 20.0 10.0
132.0 117.0 20.0 10.0
132.0 171.0 20.0 10.0
129.0 142.0 20.0 10.0
77.0 144.0 20.0 10.0
115.0 138.0 20.0 10.0
135.0 147.0 20.0 10.0
164.0 163.0 20.0 10.0
77.0 146.0 20.0 10.0
138.0 101.0 20.0 10.0
149.0 111.0 20.0 10.0
123.0 175.0 20.0 10.0
106.0 138.0 20.0 10.0
113.0 156.0 20.0 10.0
167.0 117.0 20.0 10.0
142.0 83.0 20.0 10.0
188.0 192.0 20.0 10.0
128.0 163.0 20.0 10.0
170.0 64.0 20.0 10.0
120.0 111.0 20.0 10.0
170.0 147.0 20.0 10.0
84.0 117.0 20.0 10.0
151.0 138.0 20.0 10.0
144.0 168.0 20.0 10.0
79.0 74.0 20.0 10.0
84.0 95.0 20.0 10.0
128.0 124.0 20.0 10.0
165.0 92.0 20.0 10.0
176.0 119.0 20.0 10.0
131.0 115.0 20.0 10.0
159.0 77.0 20.0 10.0
167.0 100.0 20.0 10.0
119.0 120.0 20.0 10.0
176.0 111.0 20.0 10.0
118.0 147.0 20.0 10.0
156.0 111.0 20.0 10.0
101.0 120.0 20.0 10.0
121.0 118.0 20.0 10.0
124.0 93.0 20.0 10.0
141.0 78.0 20.0 10.0
165.0 126.0 20.0 10.0
106.0 34.0 20.0 10.0
142.0 142.0 20.0 10.0
128.0 115.0 20.0 10.0
133.0 150.0 20.0 10.0
48.0 158.0 20.0 10.0
192.0 138.0 20.0 10.0
133.0 174.0 20.0 10.0
102.0 142.0 20.0 10.0
177.0 184.0 20.0 10.0
126.0 81.0 20.0 10.0
97.0 132.0 20.0 10.0
93.0 91.0 20.0 10.0
90.0 148.0 20.0 10.0
137.0 74.0 20.0 10.0
115.0 171.0 20.0 10.0
108.0 159.0 20.0 10.0
164.0 190.0 20.0 10.0
115.0 59.0 20.0 10.0
119.0 128.0 20.0 10.0
142.0 139.0 20.0 10.0
134.0 167.0 20.0 10.0
129.0 118.0 20.0 10.0
145.0 127.0 20.0 10.0
145.0 152.0 20.0 10.0
143.0 191.0 20.0 10.0
120.0 81.0 20.0 10.0
153.0 166.0 20.0 10.0
149.0 95.0 20.0 10.0
185.0 128.0 20.0 10.0
157.0 105.0 20.0 10.0
129.0 102.0 20.0 10.0
110.0 136.0 20.0 10.0
156.0 95.0 20.0 10.0
99.0 134.0 20.0 10.0
127.0 117.0 20.0 10.0
103.0 136.0 20.0 10.0
177.0 91.0 20.0 10.0
100.0 134.0 20.0 10.0
182.0 89.0 20.0 10.0
137.0 178.0 20.0 10.0
112.0 167.0 20.0 10.0
135.0 101.0 20.0 10.0
97.0 110.0 20.0 10.0
164.0 151.0 20.0 10.0
103.0 94.0 20.0 10.0
92.0 166.0 20.0 10.0
137.0 96.0 20.0 10.0
158.0 120.0 20.0 10.0
129.0 105.0 20.0 10.0
69.0 96.0 20.0 10.0
102.0 99.0 20.0 10.0
136.0 155.0 20.0 10.0
173.0 128.0 20.0 10.0
95.0 110.0 20.0 10.0
165.0 108.0 20.0 10.0
112.0 150.0 20.0 10.0
128.0 131.0 20.0 10.0
146.0 128.0 20.0 10.0
137.0 70.0 20.0 10.0
89.0 132.0 20.0 10.0
79.0 98.0 20.0 10.0
157.0 100.0 20.0 10.0
111.0 51.0 20.0 10.0
161.0 128.0 20.0 10.0
187.0 120.0 20.0 10.0
169.0 137.0 20.0 10.0
111.0 176.0 20.0 10.0
108.0 93.0 20.0 10.0
154.0 137.0 20.0 10.0
117.0 169.0 20.0 10.0
127.0 132.0 20.0 10.0
111.0 136.0 20.0 10.0
182.0 122.0 20.0 10.0
148.0 80.0 20.0 10.0
212.0 135.0 20.0 10.0
135.0 88.0 20.0 10.0
116.0 143.0 20.0 10.0
120.0 99.0 20.0 10.0
133.0 141.0 20.0 10.0
210.0 115.0 20.0 10.0
101.0 111.0 20.0 10.0
150.0 138.0 20.0 10.0
135.0 95.0 20.0 10.0
161.0 144.0 20.0 10.0
111.0 129.0 20.0 10.0
132.0 89.0 20.0 10.0
116.0 136.0 20.0 10.0
135.0 112.0 20.0 10.0
124.0 114.0 20.0 10.0
117.0 99.0 20.0 10.0
112.0 143.0 20.0 10.0
161.0 156.0 20.0 10.0
115.0 114.0 20.0 10.0
133.0 169.0 20.0 10.0
172.0 106.0 20.0 10.0
132.0 98.0 20.0 10.0
163.0 115.0 20.0 10.0
90.0 97.0 20.0 10.0
160.0 147.0 20.0 10.0
95.0 71.0 20.0 10.0
157.0 163.0 20.0 10.0
123.0 168.0 20.0 10.0
197.0 107.0 20.0 10.0
110.0 123.0 20.0 10.0
125.0 143.0 20.0 10.0
204.0 114.0 20.0 10.0
134.0 102.0 20.0 10.0
146.0 161.0 20.0 10.0
179.0 139.0 20.0 10.0
98.0 121.0 20.0 10.0
120.0 145.0 20.0 10.0
201.0 141.0 20.0 10.0
148.0 82.0 20.0 10.0
105.0 125.0 20.0 10.0
131.0 93.0 20.0 10.0
167.0 107.0 20.0 10.0
147.0 110.0 20.0 10.0
155.0 149.0 20.0 10.0
132.0 121.0 20.0 10.0
97.0 66.0 20.0 10.0
149.0 109.0 20.0 10.0
186.0 141.0 20.0 10.0
131.0 165.0 20.0 10.0
144.0 194.0 20.0 10.0
92.0 112.0 20.0 10.0
162.0 147.0 20.0 10.0
155.0 189.0 20.0 10.0
117.0 131.0 20.0 10.0
149.0 56.0 20.0 10.0
144.0 114.0 20.0 10.0
213.0 144.0 20.0 10.0
134.0 122.0 20.0 10.0
163.0 128.0 20.0 10.0
196.0 135.0 20.0 10.0
134.0 182.0 20.0 10.0
133.0 84.0 20.0 10.0
170.0 119.0 20.0 10.0
113.0 126.0 20.0 10.0
195.0 153.0 20.0 10.0
108.0 103.0 20.0 10.0
166.0 130.0 20.0 10.0
157.0 115.0 20.0 10.0
148.0 119.0 20.0 10.0
115.0 90.0 20.0 10.0
92.0 102.0 20.0 10.0
139.0 159.0 20.0 10.0
116.0 120.0 20.0 10.0
108.0 150.0 20.0 10.0
173.0 112.0 20.0 10.0
135.0 132.0 20.0 10.0
151.0 154.0 20.0 10.0
120.0 48.0 20.0 10.0
155.0 164.0 20.0 10.0
141.0 100.0 20.0 10.0
154.0 106.0 20.0 10.0
130.0 120.0 20.0 10.0
191.0 107.0 20.0 10.0
93.0 127.0 20.0 10.0
150.0 117.0 20.0 10.0
117.0 144.0 20.0 10.0
147.0 179.0 20.0 10.0
166.0 68.0 20.0 10.0
115.0 150.0 20.0 10.0
145.0 139.0 20.0 10.0
167.0 175.0 20.0 10.0
137.0 133.0 20.0 10.0
141.0 150.0 20.0 10.0
71.0 126.0 20.0 10.0
167.0 112.0 20.0 10.0
132.0 59.0 20.0 10.0
168.0 198.0 20.0 10.0
96.0 104.0 20.0 10.0
150.0 136.0 20.0 10.0
136.0 163.0 20.0 10.0
161.0 109.0 20.0 10.0
141.0 116.0 20.0 10.0
213.0 90.0 20.0 10.0
149.0 162.0 20.0 10.0
141.0 147.0 20.0 10.0
139.0 156.0 20.0 10.0
127.0 149.0 20.0 10.0
187.0 163.0 20.0 10.0
182.0 117.0 20.0 10.0
161.0 123.0 20.0 10.0
126.0 106.0 20.0 10.0
84.0 156.0 20.0 10.0
132.0 103.0 20.0 10.0
138.0 161.0 20.0 10.0
171.0 124.0 20.0 10.0
158.0 170.0 20.0 10.0
94.0 144.0 20.0 10.0
87.0 105.0 20.0 10.0
107.0 114.0 20.0 10.0
101.0 74.0 20.0 10.0
169.0 78.0 20.0 10.0
171.0 122.0 20.0 10.0
94.0 122.0 20.0 10.0
130.0 170.0 20.0 10.0
137.0 112.0 20.0 10.0
114.0 74.0 20.0 10.0
153.0 136.0 20.0 10.0
174.0 136.0 20.0 10.0
126.0999984741211 126.0 20.0 10.0
188.0 95.0 20.0 10.0
147.0 101.0 20.0 10.0
131.0 96.0 20.0 10.0
111.0 116.0 20.0 10.0
177.0 140.0 20.0 10.0
141.0 158.0 20.0 10.0
128.0 113.0 20.0 10.0
65.0 149.0 20.0 10.0
72.0 115.0 20.0 10.0
123.0 91.0 20.0 10.0
120.0 136.0 20.0 10.0
179.0 152.0 20.0 10.0
161.0 120.0 20.0 10.0
129.0 146.0 20.0 10.0
182.0 91.0 20.0 10.0
161.0 100.0 20.0 10.0
91.0 163.0 20.0 10.0
110.0 86.0 20.0 10.0
133.0 111.0 20.0 10.0
137.0 103.0 20.0 10.0
122.0 164.0 20.0 10.0
191.0 159.0 20.0 10.0
175.0 194.0 20.0 10.0
140.0 135.0 20.0 10.0
94.0 99.0 20.0 10.0
89.0 103.0 20.0 10.0
144.0 170.0 20.0 10.0
121.0 187.0 20.0 10.0
154.0 142.0 20.0 10.0
94.0 171.0 20.0 10.0
214.0 119.0 20.0 10.0
159.0 137.0 20.0 10.0
152.0 119.0 20.0 10.0
166.0 127.0 20.0 10.0
109.0 96.0 20.0 10.0
135.0 71.0 20.0 10.0
106.0 107.0 20.0 10.0
132.0 124.0 20.0 10.0
120.0 113.0 20.0 10.0
62.0 61.0 20.0 10.0
113.0 166.0 20.0 10.0
107.0 85.0 20.0 10.0
165.0 184.0 20.0 10.0
95.0 151.0 20.0 10.0
143.0 108.0 20.0 10.0
130.0 126.0 20.0 10.0
167.0 93.0 20.0 10.0
141.0 165.0 20.0 10.0
151.0 105.0 20.0 10.0
170.0 145.0 20.0 10.0
114.0 159.0 20.0 10.0
116.0 95.0 20.0 10.0
96.0 141.0 20.0 10.0
149.0 75.0 20.0 10.0
179.0 81.0 20.0 10.0
83.0 94.0 20.0 10.0
126.0 98.0 20.0 10.0
145.0 65.0 20.0 10.0
162.0 104.0 20.0 10.0
130.0 129.0 20.0 10.0
124.0 151.0 20.0 10.0
131.0 142.0 20.0 10.0
106.0 153.0 20.0 10.0
147.0 108.0 20.0 10.0
132.0 198.0 20.0 10.0
161.0 126.0 20.0 10.0
191.0 116.0 20.0 10.0
111.0 119.0 20.0 10.0
141.10000610351562 147.0 20.0 10.0
127.0 109.0 20.0 10.0
165.0 115.0 20.0 10.0
91.0 143.0 20.0 10.0
144.0 86.0 20.0 10.0
151.0 163.0 20.0 10.0
119.0 72.0 20.0 10.0
115.0 116.0 20.0 10.0
89.0 123.0 20.0 10.0
130.0 107.0 20.0 10.0
153.0 159.0 20.0 10.0
105.0 156.0 20.0 10.0
174.0 147.0 20.0 10.0
143.0 89.0 20.0 10.0
147.0 154.0 20.0 10.0
95.0 145.0 20.0 10.0
105.0 111.0 20.0 10.0
122.0 133.0 20.0 10.0
110.0 133.0 20.0 10.0
140.0 104.0 20.0 10.0
147.0 141.0 20.0 10.0
159.0 49.0 20.0 10.0
144.0 118.0 20.0 10.0
154.0 128.0 20.0 10.0
79.0 138.0 20.0 10.0
170.0 129.0 20.0 10.0
136.0 145.0 20.0 10.0
161.0 198.0 20.0 10.0
136.0 98.0 20.0 10.0
154.0 159.0 20.0 10.0
177.0 122.0 20.0 10.0
115.0 145.0 20.0 10.0
130.0 182.0 20.0 10.0
95.0 118.0 20.0 10.0
136.0 115.0 20.0 10.0
139.0 91.0 20.0 10.0
148.0 126.0 20.0 10.0
110.0 171.0 20.0 10.0
126.0 133.0 20.0 10.0
82.0 112.0 20.0 10.0
137.0 128.0 20.0 10.0
176.0 116.0 20.0 10.0
222.0 127.0 20.0 10.0
165.0 81.0 20.0 10.0
147.0 122.0 20.0 10.0
148.0 172.0 20.0 10.0
112.0 132.0 20.0 10.0
190.0 25.0 20.0 10.0
137.0 111.0 20.0 10.0
149.0 149.0 20.0 10.0
146.0 151.0 20.0 10.0
132.0 144.0 20.0 10.0
74.0 164.0 20.0 10.0
115.0 164.0 20.0 10.0
157.0 177.0 20.0 10.0
113.0 121.0 20.0 10.0
135.0 130.0 20.0 10.0
172.0 145.0 20.0 10.0
150.0 92.0 20.0 10.0
193.0 144.0 20.0 10.0
152.0 130.0 20.0 10.0
155.0 123.0 20.0 10.0
145.0 78.0 20.0 10.0
105.0 108.0 20.0 10.0
142.0 106.0 20.0 10.0
133.0 134.0 20.0 10.0
181.0 134.0 20.0 10.0
189.0 113.0 20.0 10.0
73.0 154.0 20.0 10.0
144.0 156.0 20.0 10.0
120.0 95.0 20.0 10.0
164.0 173.0 20.0 10.0
123.0 111.0 20.0 10.0
115.0 153.0 20.0 10.0
108.0 90.0 20.0 10.0
191.0 128.0 20.0 10.0
119.0 115.0 20.0 10.0
116.0 110.0 20.0 10.0
189.0 121.0 20.0 10.0
134.0 116.0 20.0 10.0
102.0 184.0 20.0 10.0
177.0 133.0 20.0 10.0
157.0 141.0 20.0 10.0
122.0 181.0 20.0 10.0
98.0 169.0 20.0 10.0
165.0 142.0 20.0 10.0
185.0 127.0 20.0 10.0
122.0 156.0 20.0 10.0
185.0 99.0 20.0 10.0
162.0 113.0 20.0 10.0
122.0 116.0 20.0 10.0
25.0 270.0 20.0 10.0
153.0 92.0 20.0 10.0
167.0 123.0 20.0 10.0
136.0 84.0 20.0 10.0
149.0 156.0 20.0 10.0
137.0 141.0 20.0 10.0
151.0 152.0 20.0 10.0
84.0 167.0 20.0 10.0
140.0 117.0 20.0 10.0
124.0 100.0 20.0 10.0
108.0 177.0 20.0 10.0
123.0 125.0 20.0 10.0
72.0 113.0 20.0 10.0
99.0 102.0 20.0 10.0
161.0 84.0 20.0 10.0
178.0 75.0 20.0 10.0
99.0 131.0 20.0 10.0
111.0 74.0 20.0 10.0
100.0 116.0 20.0 10.0
162.0 122.0 20.0 10.0
99.0 117.0 20.0 10.0
118.0 167.0 20.0 10.0
104.0 117.0 20.0 10.0
158.0 70.0 20.0 10.0
138.0 154.0 20.0 10.0
172.0 115.0 20.0 10.0
200.0 109.0 20.0 10.0
152.0 127.0 20.0 10.0
182.0 146.0 20.0 10.0
160.0 118.0 20.0 10.0
168.0 85.0 20.0 10.0
178.0 100.0 20.0 10.0
142.0 137.0 20.0 10.0
159.0 160.0 20.0 10.0
98.0 127.0 20.0 10.0
132.0 109.0 20.0 10.0
134.0 142.0 20.0 10.0
125.0 61.0 20.0 10.0
104.0 127.0 20.0 10.0
151.0 174.0 20.0 10.0
155.0 103.0 20.0 10.0
159.0 140.0 20.0 10.0
107.0 109.0 20.0 10.0
119.0 134.0 20.0 10.0
172.0 158.0 20.0 10.0
167.0 141.0 20.0 10.0
164.0 121.0 20.0 10.0
88.0 144.0 20.0 10.0
175.0 144.0 20.0 10.0
123.0 146.0 20.0 10.0
123.0 132.0 20.0 10.0
135.0 121.0 20.0 10.0
121.0 192.0 20.0 10.0
119.0 151.0 20.0 10.0
113.0 132.0 20.0 10.0
138.0 136.0 20.0 10.0
114.0 106.0 20.0 10.0
149.0 118.0 20.0 10.0
158.0 129.0 20.0 10.0
133.0 143.0 20.0 10.0
89.0 114.0 20.0 10.0
109.0 147.0 20.0 10.0
156.0 155.0 20.0 10.0
77.0 132.0 20.0 10.0
139.0 78.0 20.0 10.0
134.0 118.0 20.0 10.0
136.0 123.0 20.0 10.0
91.0 154.0 20.0 10.0
187.0 140.0 20.0 10.0
149.0 112.0 20.0 10.0
170.0 131.0 20.0 10.0
157.0 136.0 20.0 10.0
153.0 122.0 20.0 10.0
69.0 147.0 20.0 10.0
126.0 162.0 20.0 10.0
99.0 201.0 20.0 10.0
114.0 128.0 20.0 10.0
146.0 137.0 20.0 10.0
174.0 154.0 20.0 10.0
122.0 75.0 20.0 10.0
125.0 130.0 20.0 10.0
100.0 159.0 20.0 10.0
130.0 174.0 20.0 10.0
153.0 101.0 20.0 10.0
210.0 178.0 20.0 10.0
174.0 165.0 20.0 10.0
123.0 137.0 20.0 10.0
200.0 220.0 20.0 10.0
127.0 141.0 20.0 10.0
151.0 145.0 20.0 10.0
105.0 101.0 20.0 10.0
124.0 118.0 20.0 10.0
100.0 106.0 20.0 10.0
146.0 126.0 20.0 10.0
142.0 135.0 20.0 10.0
142.0 93.0 20.0 10.0
138.0 119.0 20.0 10.0
164.0 84.0 20.0 10.0
103.0 125.0 20.0 10.0
145.0 90.0 20.0 10.0
159.0 164.0 20.0 10.0
112.0 136.0 20.0 10.0
125.0 167.0 20.0 10.0
180.0 149.0 20.0 10.0
121.0 175.0 20.0 10.0
107.0 69.0 20.0 10.0
92.0 175.0 20.0 10.0
67.0 168.0 20.0 10.0
133.0 115.0 20.0 10.0
103.0 113.0 20.0 10.0
117.0 147.0 20.0 10.0
164.0 112.0 20.0 10.0
115.0 101.0 20.0 10.0
130.0 112.0 20.0 10.0
123.0 106.0 20.0 10.0
111.0 95.0 20.0 10.0
147.0 167.0 20.0 10.0
141.0 121.0 20.0 10.0
188.0 102.0 20.0 10.0
106.0 165.0 20.0 10.0
114.0 94.0 20.0 10.0
165.0 71.0 20.0 10.0
117.0 161.0 20.0 10.0
138.0 128.0 20.0 10.0
126.0 76.0 20.0 10.0
101.0 149.0 20.0 10.0
136.0 160.0 20.0 10.0
135.0 170.0 20.0 10.0
138.0 163.0 20.0 10.0
174.0 131.0 20.0 10.0
125.0 136.0 20.0 10.0
164.0 159.0 20.0 10.0
173.0 126.0 20.0 10.0
142.0 88.0 20.0 10.0
148.0 187.0 20.0 10.0
172.0 114.0 20.0 10.0
140.0 178.0 20.0 10.0
149.0 129.0 20.0 10.0
140.0 106.0 20.0 10.0
153.0 85.0 20.0 10.0
121.0 126.0 20.0 10.0
120.0 139.0 20.0 10.0
94.0 107.0 20.0 10.0
135.0 175.0 20.0 10.0
135.0 157.0 20.0 10.0
156.0 149.0 20.0 10.0
147.0 163.0 20.0 10.0
148.0 72.0 20.0 10.0
127.0 94.0 20.0 10.0
99.0 107.0 20.0 10.0
133.0 160.0 20.0 10.0
167.0 135.0 20.0 10.0
136.0 138.0 20.0 10.0
140.0 121.0 20.0 10.0
136.0 101.0 20.0 10.0
119.0 129.0 20.0 10.0
148.0 115.0 20.0 10.0
139.0 144.0 20.0 10.0
101.0 145.0 20.0 10.0
188.0 115.0 20.0 10.0
150.0 121.0 20.0 10.0
131.0 161.0 20.0 10.0
127.0 165.0 20.0 10.0
196.0 164.0 20.0 10.0
169.0 157.0 20.0 10.0
188.0 124.0 20.0 10.0
140.0 109.0 20.0 10.0
148.0 92.0 20.0 10.0
25.0 144.0 20.0 10.0
155.0 121.0 20.0 10.0
156.0 157.0 20.0 10.0
71.0 132.0 20.0 10.0
160.0 134.0 20.0 10.0
179.0 124.0 20.0 10.0
162.0 160.0 20.0 10.0
93.0 135.0 20.0 10.0
131.0 159.0 20.0 10.0
141.0 126.0 20.0 10.0
147.0 147.0 20.0 10.0
144.0 134.0 20.0 10.0
97.0 146.0 20.0 10.0
93.0 125.0 20.0 10.0
89.0 158.0 20.0 10.0
95.0 165.0 20.0 10.0
166.0 154.0 20.0 10.0
120.0 79.0 20.0 10.0
194.0 142.0 20.0 10.0
123.0 119.0 20.0 10.0
121.0 108.0 20.0 10.0
194.0 150.0 20.0 10.0
96.0 81.0 20.0 10.0
133.0 138.0 20.0 10.0
128.0 93.0 20.0 10.0
93.0 108.0 20.0 10.0
123.0 142.0 20.0 10.0
129.0 161.0 20.0 10.0
169.0 92.0 20.0 10.0
122.0 96.0 20.0 10.0
104.0 138.0 20.0 10.0
90.0 81.0 20.0 10.0
136.0 75.0 20.0 10.0
119.0 163.0 20.0 10.0
111.0 139.0 20.0 10.0
93.0 120.0 20.0 10.0
83.0 147.0 20.0 10.0
159.0 134.0 20.0 10.0
129.0 136.0 20.0 10.0
160.0 141.0 20.0 10.0
60.0 137.0 20.0 10.0
139.0 152.0 20.0 10.0
172.0 179.0 20.0 10.0
114.0 121.0 20.0 10.0
171.0 152.0 20.0 10.0
116.0 112.0 20.0 10.0
158.0 108.0 20.0 10.0
155.0 116.0 20.0 10.0
102.0 119.0 20.0 10.0
75.0 118.0 20.0 10.0
99.0 137.0 20.0 10.0
107.0 118.0 20.0 10.0
124.0 134.0 20.0 10.0
122.0 121.0 20.0 10.0
175.0 106.0 20.0 10.0
117.0 126.0 20.0 10.0
160.0 152.0 20.0 10.0
140.0 105.0 20.0 10.0
140.0 124.0 20.0 10.0
104.0 150.0 20.0 10.0
138.0 117.0 20.0 10.0
103.0 132.0 20.0 10.0
136.0 135.0 20.0 10.0
110.0 149.0 20.0 10.0
159.0 143.0 20.0 10.0
144.0 102.0 20.0 10.0
101.0 210.0 20.0 10.0
153.0 184.0 20.0 10.0
150.0 96.0 20.0 10.0
150.0 84.0 20.0 10.0
163.0 133.0 20.0 10.0
158.0 88.0 20.0 10.0
197.0 113.0 20.0 10.0
103.0 97.0 20.0 10.0
104.0 104.0 20.0 10.0
99.0 164.0 20.0 10.0
125.0 77.0 20.0 10.0
139.0 129.0 20.0 10.0
182.0 102.0 20.0 10.0
152.0 73.0 20.0 10.0
142.0 129.0 20.0 10.0
76.0 168.0 20.0 10.0
187.0 137.0 20.0 10.0
128.0 100.0 20.0 10.0
116.0 140.0 20.0 10.0
176.0 115.0 20.0 10.0
185.0 113.0 20.0 10.0
172.0 84.0 20.0 10.0
124.0 80.0 20.0 10.0
150.0 141.0 20.0 10.0
147.10000610351562 101.0 20.0 10.0
92.0 84.0 20.0 10.0
171.0 96.0 20.0 10.0
120.0 108.0 20.0 10.0
203.0 151.0 20.0 10.0
155.0 133.0 20.0 10.0
124.0 155.0 20.0 10.0
182.0 138.0 20.0 10.0
98.0 91.0 20.0 10.0
167.0 121.0 20.0 10.0
177.0 96.0 20.0 10.0
186.0 89.0 20.0 10.0
135.0 106.0 20.0 10.0
82.0 108.0 20.0 10.0
110.0 147.0 20.0 10.0
123.0 153.0 20.0 10.0
126.0 142.0 20.0 10.0
113.0 139.0 20.0 10.0
114.0 88.0 20.0 10.0
127.0 91.0 20.0 10.0
85.0 125.0 20.0 10.0
180.0 156.0 20.0 10.0
108.0 106.0 20.0 10.0
133.0 154.0 20.0 10.0
77.0 85.0 20.0 10.0
152.0 156.0 20.0 10.0
143.0 73.0 20.0 10.0
136.0 142.0 20.0 10.0
140.0 97.0 20.0 10.0
106.0 119.0 20.0 10.0
125.0 147.0 20.0 10.0
124.0 110.0 20.0 10.0
87.0 115.0 20.0 10.0
71.0 178.0 20.0 10.0
126.0 155.0 20.0 10.0
164.0 148.0 20.0 10.0
195.0 116.0 20.0 10.0
148.0 140.0 20.0 10.0
135.0 126.0 20.0 10.0
153.0 178.0 20.0 10.0
169.0 163.0 20.0 10.0
108.0 134.0 20.0 10.0
152.0 80.0 20.0 10.0
96.0 64.0 20.0 10.0
97.0 148.0 20.0 10.0
137.0 113.0 20.0 10.0
105.0 190.0 20.0 10.0
148.0 105.0 20.0 10.0
110.0 183.0 20.0 10.0
102.0 167.0 20.0 10.0
140.0 84.0 20.0 10.0
199.0 121.0 20.0 10.0
142.0 158.0 20.0 10.0
69.0 133.0 20.0 10.0
107.0 128.0 20.0 10.0
128.0 121.0 20.0 10.0
123.0 127.0 20.0 10.0
152.0 123.0 20.0 10.0
97.0 125.0 20.0 10.0
161.0 152.0 20.0 10.0
135.0 153.0 20.0 10.0
168.0 161.0 20.0 10.0
143.0 159.0 20.0 10.0
142.0 115.0 20.0 10.0
61.0 131.0 20.0 10.0
55.0 125.0 20.0 10.0
88.0 41.0 20.0 10.0
131.0 146.0 20.0 10.0
139.0 190.0 20.0 10.0
107.0 168.0 20.0 10.0
105.0 133.0 20.0 10.0
156.0 134.0 20.0 10.0
109.0 100.0 20.0 10.0
101.0 96.0 20.0 10.0
178.0 141.0 20.0 10.0
147.0 93.0 20.0 10.0
109.0 122.0 20.0 10.0
142.0 107.0 20.0 10.0
104.0 88.0 20.0 10.0
158.0 166.0 20.0 10.0
144.0 161.0 20.0 10.0
115.0 184.0 20.0 10.0
116.0 198.0 20.0 10.0
117.0 92.0 20.0 10.0
175.0 93.0 20.0 10.0
173.0 139.0 20.0 10.0
111.0 203.0 20.0 10.0
170.0 132.0 20.0 10.0
164.0 142.0 20.0 10.0
136.0 188.0 20.0 10.0
157.0 128.0 20.0 10.0
138.0 97.0 20.0 10.0
99.0 100.0 20.0 10.0
147.0 131.0 20.0 10.0
145.0 148.0 20.0 10.0
99.0 177.0 20.0 10.0
180.0 113.0 20.0 10.0
196.0 131.0 20.0 10.0
135.0 80.0 20.0 10.0
145.0 190.0 20.0 10.0
145.0 108.0 20.0 10.0
133.0 124.0 20.0 10.0
116.0 79.0 20.0 10.0
147.0 102.0 20.0 10.0
130.0 139.0 20.0 10.0
90.0 127.0 20.0 10.0
183.0 162.0 20.0 10.0
119.0 175.0 20.0 10.0
79.0 134.0 20.0 10.0
184.0 86.0 20.0 10.0
118.0 157.0 20.0 10.0
143.0 112.0 20.0 10.0
83.0 133.0 20.0 10.0
124.0 83.0 20.0 10.0
170.0 151.0 20.0 10.0
138.0 106.0 20.0 10.0
173.0 158.0 20.0 10.0
108.0 164.0 20.0 10.0
169.0 104.0 20.0 10.0
81.0 169.0 20.0 10.0
153.0 117.0 20.0 10.0
176.0 76.0 20.0 10.0
111.0 185.0 20.0 10.0
131.0 131.0 20.0 10.0
97.0 95.0 20.0 10.0
170.0 111.0 20.0 10.0
119.0 100.0 20.0 10.0
137.0 172.0 20.0 10.0
71.0 158.0 20.0 10.0
145.0 115.0 20.0 10.0
155.0 153.0 20.0 10.0
129.0 86.0 20.0 10.0
27.0 93.0 20.0 10.0
154.0 152.0 20.0 10.0
182.0 153.0 20.0 10.0
113.0 115.0 20.0 10.0
166.0 122.0 20.0 10.0
105.0 92.0 20.0 10.0
185.0 135.0 20.0 10.0
115.0 166.0 20.0 10.0
130.0 71.0 20.0 10.0
132.0 139.0 20.0 10.0
97.0 184.0 20.0 10.0
168.0 115.0 20.0 10.0
121.0 94.0 20.0 10.0
104.0 153.0 20.0 10.0
132.0 73.0 20.0 10.0
133.0 100.0 20.0 10.0
165.0 132.0 20.0 10.0
172.0 154.0 20.0 10.0
131.0 155.0 20.0 10.0
183.0 119.0 20.0 10.0
182.0 110.0 20.0 10.0
96.0 101.0 20.0 10.0
155.0 127.0 20.0 10.0
158.0 112.0 20.0 10.0
167.0 136.0 20.0 10.0
111.0 124.0 20.0 10.0
100.0 175.0 20.0 10.0
119.0 104.0 20.0 10.0
149.0 135.0 20.0 10.0
163.0 117.0 20.0 10.0
178.0 154.0 20.0 10.0
194.0 125.0 20.0 10.0
162.0 105.0 20.0 10.0
107.0 143.0 20.0 10.0
145.0 145.0 20.0 10.0
107.0 87.0 20.0 10.0
145.0 140.0 20.0 10.0
153.0 168.0 20.0 10.0
189.0 133.0 20.0 10.0
158.0 91.0 20.0 10.0
186.0 110.0 20.0 10.0
158.0 126.0 20.0 10.0
127.0 178.0 20.0 10.0
111.0 140.0 20.0 10.0
141.0 170.0 20.0 10.0
123.0 141.0 20.0 10.0
167.0 103.0 20.0 10.0
132.0 51.0 20.0 10.0
121.0 88.0 20.0 10.0
109.0 138.0 20.0 10.0
