1000
737.0 647.0 20.0 10.0
666.0 648.0 20.0 10.0
776.0 561.0 20.0 10.0
568.0 541.0 20.0 10.0
470.0 453.0 20.0 10.0
700.0 737.0 20.0 10.0
782.0 750.0 20.0 10.0
674.0 818.0 20.0 10.0
873.0 779.0 20.0 10.0
808.0 630.0 20.0 10.0
869.0 854.0 20.0 10.0
574.0 684.0 20.0 10.0
948.0 927.0 20.0 10.0
815.0 504.0 20.0 10.0
958.0 803.0 20.0 10.0
504.0 728.0 20.0 10.0
386.0 369.0 20.0 10.0
666.0 784.0 20.0 10.0
874.0 605.0 20.0 10.0
745.0 684.0 20.0 10.0
420.0 435.0 20.0 10.0
519.0 708.0 20.0 10.0
812.0 532.0 20.0 10.0
646.0 822.0 20.0 10.0
465.0 715.0 20.0 10.0
806.0 786.0 20.0 10.0
707.0 648.0 20.0 10.0
843.0 508.0 20.0 10.0
377.0 416.0 20.0 10.0
309.0 290.0 20.0 10.0
649.0 894.0 20.0 10.0
938.0 578.0 20.0 10.0
620.0 835.0 20.0 10.0
238.0 216.0 20.0 10.0
1001.0 552.0 20.0 10.0
794.0 494.0 20.0 10.0
801.0 443.0 20.0 10.0
661.0 570.0 20.0 10.0
435.0 767.0 20.0 10.0
1032.0 534.0 20.0 10.0
188.0 174.0 20.0 10.0
636.0 820.0 20.0 10.0
643.0 849.0 20.0 10.0
381.0 798.0 20.0 10.0
342.0 398.0 20.0 10.0
837.0 652.0 20.0 10.0
546.0 517.0 20.0 10.0
854.0 449.0 20.0 10.0
1044.0 516.0 20.0 10.0
546.0 475.0 20.0 10.0
874.0 432.0 20.0 10.0
871.0 485.0 20.0 10.0
621.0 962.0 20.0 10.0
338.0 821.0 20.0 10.0
520.0 671.0 20.0 10.0
455.0 431.0 20.0 10.0
541.0 428.0 20.0 10.0
667.0 505.0 20.0 10.0
1010.0 819.0 20.0 10.0
923.0 888.0 20.0 10.0
908.0 572.0 20.0 10.0
1061.0 501.0 20.0 10.0
1029.0 567.0 20.0 10.0
272.0 255.0 20.0 10.0
596.0 1022.0 20.0 10.0
431.0 421.0 20.0 10.0
577.0 1073.0 20.0 10.0
189.0 151.0 20.0 10.0
679.0 650.0 20.0 10.0
675.0 748.0 20.0 10.0
366.0 336.0 20.0 10.0
535.0 450.0 20.0 10.0
479.0 745.0 20.0 10.0
465.0 666.0 20.0 10.0
768.0 518.0 20.0 10.0
1002.0 993.0 20.0 10.0
682.0 760.0 20.0 10.0
844.0 525.0 20.0 10.0
795.0 460.0 20.0 10.0
1023.0 548.0 20.0 10.0
1038.0 828.0 20.0 10.0
536.0 493.0 20.0 10.0
454.0 755.0 20.0 10.0
557.0 1106.0 20.0 10.0
527.0 426.0 20.0 10.0
1050.0 558.0 20.0 10.0
816.0 771.0 20.0 10.0
870.0 571.0 20.0 10.0
1061.0 830.0 20.0 10.0
650.0 516.0 20.0 10.0
1012.0 523.0 20.0 10.0
1030.0 1025.0 20.0 10.0
812.0 441.0 20.0 10.0
896.0 937.0 20.0 10.0
660.0 666.0 20.0 10.0
1094.0 834.0 20.0 10.0
427.0 664.0 20.0 10.0
767.0 543.0 20.0 10.0
1002.0 808.0 20.0 10.0
521.0 507.0 20.0 10.0
830.0 503.0 20.0 10.0
784.0 536.0 20.0 10.0
497.0 746.0 20.0 10.0
393.0 776.0 20.0 10.0
508.0 445.0 20.0 10.0
442.0 673.0 20.0 10.0
442.0 425.0 20.0 10.0
518.0 402.0 20.0 10.0
976.0 917.0 20.0 10.0
661.0 636.0 20.0 10.0
1085.0 493.0 20.0 10.0
483.0 398.0 20.0 10.0
676.0 442.0 20.0 10.0
903.0 978.0 20.0 10.0
319.0 381.0 20.0 10.0
407.0 785.0 20.0 10.0
1048.0 584.0 20.0 10.0
359.0 775.0 20.0 10.0
1018.0 970.0 20.0 10.0
426.0 674.0 20.0 10.0
1122.0 476.0 20.0 10.0
825.0 395.0 20.0 10.0
1042.0 506.0 20.0 10.0
840.0 638.0 20.0 10.0
905.0 799.0 20.0 10.0
1097.0 556.0 20.0 10.0
757.0 660.0 20.0 10.0
1061.0 537.0 20.0 10.0
888.0 425.0 20.0 10.0
1129.0 555.0 20.0 10.0
801.0 407.0 20.0 10.0
798.0 381.0 20.0 10.0
1084.0 1010.0 20.0 10.0
528.0 419.0 20.0 10.0
634.0 859.0 20.0 10.0
1134.0 1042.0 20.0 10.0
643.0 548.0 20.0 10.0
410.0 418.0 20.0 10.0
167.0 141.0 20.0 10.0
864.0 490.0 20.0 10.0
145.0 110.0 20.0 10.0
619.0 892.0 20.0 10.0
1009.0 935.0 20.0 10.0
852.0 490.0 20.0 10.0
922.0 1004.0 20.0 10.0
899.0 402.0 20.0 10.0
1019.0 936.0 20.0 10.0
418.0 720.0 20.0 10.0
359.0 333.0 20.0 10.0
601.0 918.0 20.0 10.0
1021.0 810.0 20.0 10.0
1124.0 1024.0 20.0 10.0
857.0 482.0 20.0 10.0
1179.0 1073.0 20.0 10.0
584.0 937.0 20.0 10.0
668.0 844.0 20.0 10.0
754.0 719.0 20.0 10.0
443.0 649.0 20.0 10.0
698.0 668.0 20.0 10.0
907.0 966.0 20.0 10.0
257.0 233.0 20.0 10.0
989.0 825.0 20.0 10.0
1043.0 1029.0 20.0 10.0
1039.0 1041.0 20.0 10.0
640.0 640.0 20.0 10.0
836.0 580.0 20.0 10.0
627.0 534.0 20.0 10.0
734.0 665.0 20.0 10.0
1030.0 1014.0 20.0 10.0
692.0 770.0 20.0 10.0
153.0 112.0 20.0 10.0
811.0 480.0 20.0 10.0
759.0 698.0 20.0 10.0
804.0 397.0 20.0 10.0
916.0 404.0 20.0 10.0
763.0 471.0 20.0 10.0
404.0 794.0 20.0 10.0
884.0 409.0 20.0 10.0
947.0 1070.0 20.0 10.0
1074.0 487.0 20.0 10.0
460.0 354.0 20.0 10.0
512.0 363.0 20.0 10.0
1054.0 546.0 20.0 10.0
674.0 849.0 20.0 10.0
1070.0 1084.0 20.0 10.0
911.0 988.0 20.0 10.0
669.0 772.0 20.0 10.0
923.0 1024.0 20.0 10.0
468.0 370.0 20.0 10.0
642.0 467.0 20.0 10.0
155.0 107.0 20.0 10.0
242.0 245.0 20.0 10.0
689.0 636.0 20.0 10.0
841.0 567.0 20.0 10.0
909.0 375.0 20.0 10.0
505.0 312.0 20.0 10.0
827.0 485.0 20.0 10.0
612.0 915.0 20.0 10.0
350.0 816.0 20.0 10.0
418.0 640.0 20.0 10.0
1018.0 1033.0 20.0 10.0
501.0 699.0 20.0 10.0
1064.0 601.0 20.0 10.0
829.0 410.0 20.0 10.0
957.0 1109.0 20.0 10.0
541.0 386.0 20.0 10.0
942.0 1031.0 20.0 10.0
557.0 1113.0 20.0 10.0
682.0 379.0 20.0 10.0
342.0 341.0 20.0 10.0
692.0 338.0 20.0 10.0
965.0 1117.0 20.0 10.0
877.0 591.0 20.0 10.0
1053.0 943.0 20.0 10.0
1152.0 463.0 20.0 10.0
1118.0 479.0 20.0 10.0
678.0 348.0 20.0 10.0
438.0 732.0 20.0 10.0
577.0 954.0 20.0 10.0
606.0 999.0 20.0 10.0
1001.0 824.0 20.0 10.0
155.0 144.0 20.0 10.0
655.0 761.0 20.0 10.0
399.0 399.0 20.0 10.0
1020.0 537.0 20.0 10.0
564.0 699.0 20.0 10.0
909.0 1017.0 20.0 10.0
872.0 403.0 20.0 10.0
897.0 470.0 20.0 10.0
504.0 335.0 20.0 10.0
498.0 502.0 20.0 10.0
496.0 692.0 20.0 10.0
867.0 665.0 20.0 10.0
449.0 432.0 20.0 10.0
507.0 272.0 20.0 10.0
518.0 730.0 20.0 10.0
426.0 394.0 20.0 10.0
126.0 120.0 20.0 10.0
384.0 726.0 20.0 10.0
1147.0 468.0 20.0 10.0
248.0 227.0 20.0 10.0
869.0 498.0 20.0 10.0
903.0 959.0 20.0 10.0
637.0 427.0 20.0 10.0
1045.0 842.0 20.0 10.0
311.0 321.0 20.0 10.0
283.0 313.0 20.0 10.0
585.0 1051.0 20.0 10.0
476.0 754.0 20.0 10.0
414.0 391.0 20.0 10.0
1102.0 461.0 20.0 10.0
869.0 603.0 20.0 10.0
802.0 584.0 20.0 10.0
623.0 990.0 20.0 10.0
686.0 752.0 20.0 10.0
754.0 753.0 20.0 10.0
588.0 1023.0 20.0 10.0
894.0 674.0 20.0 10.0
915.0 416.0 20.0 10.0
193.0 185.0 20.0 10.0
934.0 356.0 20.0 10.0
240.0 240.0 20.0 10.0
488.0 281.0 20.0 10.0
446.0 773.0 20.0 10.0
1015.0 1021.0 20.0 10.0
812.0 564.0 20.0 10.0
358.0 735.0 20.0 10.0
1105.0 840.0 20.0 10.0
539.0 1136.0 20.0 10.0
637.0 926.0 20.0 10.0
870.0 417.0 20.0 10.0
887.0 366.0 20.0 10.0
882.0 463.0 20.0 10.0
511.0 751.0 20.0 10.0
669.0 852.0 20.0 10.0
636.0 433.0 20.0 10.0
921.0 1015.0 20.0 10.0
358.0 728.0 20.0 10.0
631.0 442.0 20.0 10.0
857.0 602.0 20.0 10.0
386.0 822.0 20.0 10.0
453.0 346.0 20.0 10.0
905.0 1047.0 20.0 10.0
801.0 368.0 20.0 10.0
669.0 473.0 20.0 10.0
1035.0 818.0 20.0 10.0
177.0 166.0 20.0 10.0
1010.0 845.0 20.0 10.0
431.0 650.0 20.0 10.0
792.0 427.0 20.0 10.0
1092.0 1122.0 20.0 10.0
811.0 358.0 20.0 10.0
1073.0 1055.0 20.0 10.0
393.0 679.0 20.0 10.0
1165.0 457.0 20.0 10.0
873.0 513.0 20.0 10.0
341.0 815.0 20.0 10.0
352.0 307.0 20.0 10.0
1028.0 1065.0 20.0 10.0
718.0 676.0 20.0 10.0
925.0 1033.0 20.0 10.0
1206.0 1095.0 20.0 10.0
324.0 836.0 20.0 10.0
143.0 155.0 20.0 10.0
532.0 453.0 20.0 10.0
1016.0 502.0 20.0 10.0
1004.0 943.0 20.0 10.0
762.0 430.0 20.0 10.0
898.0 445.0 20.0 10.0
363.0 675.0 20.0 10.0
652.0 547.0 20.0 10.0
1081.0 818.0 20.0 10.0
768.0 391.0 20.0 10.0
641.0 490.0 20.0 10.0
502.0 237.0 20.0 10.0
841.0 610.0 20.0 10.0
693.0 802.0 20.0 10.0
255.0 226.0 20.0 10.0
619.0 543.0 20.0 10.0
775.0 354.0 20.0 10.0
181.0 144.0 20.0 10.0
952.0 1111.0 20.0 10.0
1015.0 845.0 20.0 10.0
1116.0 818.0 20.0 10.0
755.0 786.0 20.0 10.0
489.0 429.0 20.0 10.0
1122.0 564.0 20.0 10.0
758.0 812.0 20.0 10.0
825.0 459.0 20.0 10.0
802.0 456.0 20.0 10.0
758.0 817.0 20.0 10.0
871.0 528.0 20.0 10.0
516.0 476.0 20.0 10.0
1040.0 1058.0 20.0 10.0
371.0 379.0 20.0 10.0
1018.0 564.0 20.0 10.0
1114.0 823.0 20.0 10.0
643.0 873.0 20.0 10.0
109.0 72.0 20.0 10.0
747.0 713.0 20.0 10.0
762.0 839.0 20.0 10.0
1111.0 430.0 20.0 10.0
377.0 723.0 20.0 10.0
733.0 730.0 20.0 10.0
385.0 793.0 20.0 10.0
893.0 494.0 20.0 10.0
644.0 928.0 20.0 10.0
843.0 388.0 20.0 10.0
697.0 302.0 20.0 10.0
882.0 387.0 20.0 10.0
618.0 849.0 20.0 10.0
1132.0 850.0 20.0 10.0
492.0 335.0 20.0 10.0
439.0 320.0 20.0 10.0
433.0 449.0 20.0 10.0
847.0 470.0 20.0 10.0
158.0 167.0 20.0 10.0
395.0 734.0 20.0 10.0
1130.0 825.0 20.0 10.0
170.0 157.0 20.0 10.0
1007.0 928.0 20.0 10.0
928.0 820.0 20.0 10.0
382.0 417.0 20.0 10.0
922.0 456.0 20.0 10.0
789.0 541.0 20.0 10.0
669.0 442.0 20.0 10.0
777.0 406.0 20.0 10.0
336.0 306.0 20.0 10.0
1136.0 551.0 20.0 10.0
1090.0 541.0 20.0 10.0
578.0 1057.0 20.0 10.0
1082.0 857.0 20.0 10.0
817.0 413.0 20.0 10.0
870.0 644.0 20.0 10.0
613.0 1022.0 20.0 10.0
910.0 479.0 20.0 10.0
1102.0 1070.0 20.0 10.0
1122.0 1091.0 20.0 10.0
1047.0 483.0 20.0 10.0
598.0 844.0 20.0 10.0
1065.0 1059.0 20.0 10.0
518.0 316.0 20.0 10.0
418.0 680.0 20.0 10.0
388.0 427.0 20.0 10.0
391.0 807.0 20.0 10.0
101.0 134.0 20.0 10.0
301.0 841.0 20.0 10.0
1174.0 830.0 20.0 10.0
851.0 615.0 20.0 10.0
487.0 680.0 20.0 10.0
1053.0 1059.0 20.0 10.0
901.0 644.0 20.0 10.0
548.0 522.0 20.0 10.0
559.0 1078.0 20.0 10.0
1141.0 854.0 20.0 10.0
637.0 775.0 20.0 10.0
399.0 661.0 20.0 10.0
473.0 772.0 20.0 10.0
762.0 829.0 20.0 10.0
124.0 73.0 20.0 10.0
479.0 702.0 20.0 10.0
967.0 1143.0 20.0 10.0
608.0 877.0 20.0 10.0
1026.0 868.0 20.0 10.0
485.0 776.0 20.0 10.0
407.0 634.0 20.0 10.0
594.0 863.0 20.0 10.0
168.0 115.0 20.0 10.0
761.0 693.0 20.0 10.0
1088.0 1082.0 20.0 10.0
394.0 720.0 20.0 10.0
897.0 795.0 20.0 10.0
939.0 1065.0 20.0 10.0
548.0 1144.0 20.0 10.0
1054.0 1084.0 20.0 10.0
1213.0 1095.0 20.0 10.0
66.0 110.0 20.0 10.0
472.0 762.0 20.0 10.0
595.0 847.0 20.0 10.0
262.0 314.0 20.0 10.0
844.0 381.0 20.0 10.0
1037.0 1092.0 20.0 10.0
486.0 489.0 20.0 10.0
473.0 691.0 20.0 10.0
479.0 309.0 20.0 10.0
912.0 1051.0 20.0 10.0
934.0 1069.0 20.0 10.0
428.0 798.0 20.0 10.0
688.0 350.0 20.0 10.0
1008.0 529.0 20.0 10.0
505.0 282.0 20.0 10.0
713.0 671.0 20.0 10.0
1035.0 954.0 20.0 10.0
542.0 347.0 20.0 10.0
269.0 859.0 20.0 10.0
629.0 404.0 20.0 10.0
1163.0 543.0 20.0 10.0
349.0 729.0 20.0 10.0
308.0 827.0 20.0 10.0
1067.0 1090.0 20.0 10.0
928.0 645.0 20.0 10.0
840.0 357.0 20.0 10.0
423.0 290.0 20.0 10.0
566.0 1072.0 20.0 10.0
609.0 850.0 20.0 10.0
473.0 803.0 20.0 10.0
1031.0 964.0 20.0 10.0
476.0 250.0 20.0 10.0
1201.0 831.0 20.0 10.0
154.0 161.0 20.0 10.0
685.0 331.0 20.0 10.0
1121.0 1042.0 20.0 10.0
584.0 882.0 20.0 10.0
497.0 420.0 20.0 10.0
1164.0 873.0 20.0 10.0
154.0 120.0 20.0 10.0
244.0 869.0 20.0 10.0
181.0 113.0 20.0 10.0
466.0 284.0 20.0 10.0
851.0 359.0 20.0 10.0
953.0 1099.0 20.0 10.0
595.0 898.0 20.0 10.0
1059.0 1075.0 20.0 10.0
1075.0 568.0 20.0 10.0
784.0 553.0 20.0 10.0
766.0 584.0 20.0 10.0
505.0 245.0 20.0 10.0
577.0 1096.0 20.0 10.0
85.0 43.0 20.0 10.0
376.0 383.0 20.0 10.0
830.0 362.0 20.0 10.0
108.0 45.0 20.0 10.0
1237.0 1114.0 20.0 10.0
1033.0 807.0 20.0 10.0
895.0 338.0 20.0 10.0
221.0 227.0 20.0 10.0
943.0 841.0 20.0 10.0
1041.0 987.0 20.0 10.0
773.0 733.0 20.0 10.0
589.0 896.0 20.0 10.0
736.0 701.0 20.0 10.0
129.0 153.0 20.0 10.0
701.0 794.0 20.0 10.0
837.0 366.0 20.0 10.0
1066.0 494.0 20.0 10.0
929.0 350.0 20.0 10.0
834.0 392.0 20.0 10.0
750.0 774.0 20.0 10.0
536.0 1129.0 20.0 10.0
435.0 672.0 20.0 10.0
1024.0 836.0 20.0 10.0
691.0 757.0 20.0 10.0
809.0 815.0 20.0 10.0
242.0 874.0 20.0 10.0
1070.0 858.0 20.0 10.0
1084.0 541.0 20.0 10.0
1051.0 516.0 20.0 10.0
913.0 693.0 20.0 10.0
827.0 807.0 20.0 10.0
1146.0 573.0 20.0 10.0
977.0 1155.0 20.0 10.0
1092.0 483.0 20.0 10.0
529.0 397.0 20.0 10.0
229.0 202.0 20.0 10.0
1228.0 828.0 20.0 10.0
927.0 1097.0 20.0 10.0
306.0 331.0 20.0 10.0
930.0 1055.0 20.0 10.0
907.0 792.0 20.0 10.0
1043.0 940.0 20.0 10.0
783.0 527.0 20.0 10.0
1071.0 556.0 20.0 10.0
770.0 330.0 20.0 10.0
129.0 136.0 20.0 10.0
521.0 521.0 20.0 10.0
675.0 667.0 20.0 10.0
1129.0 412.0 20.0 10.0
633.0 391.0 20.0 10.0
552.0 678.0 20.0 10.0
969.0 1093.0 20.0 10.0
919.0 667.0 20.0 10.0
473.0 258.0 20.0 10.0
814.0 647.0 20.0 10.0
1130.0 445.0 20.0 10.0
443.0 319.0 20.0 10.0
903.0 337.0 20.0 10.0
924.0 986.0 20.0 10.0
1075.0 507.0 20.0 10.0
840.0 773.0 20.0 10.0
566.0 905.0 20.0 10.0
416.0 825.0 20.0 10.0
1096.0 498.0 20.0 10.0
858.0 646.0 20.0 10.0
1031.0 1044.0 20.0 10.0
521.0 432.0 20.0 10.0
1143.0 428.0 20.0 10.0
454.0 799.0 20.0 10.0
682.0 780.0 20.0 10.0
699.0 270.0 20.0 10.0
430.0 290.0 20.0 10.0
494.0 208.0 20.0 10.0
439.0 715.0 20.0 10.0
136.0 78.0 20.0 10.0
445.0 442.0 20.0 10.0
823.0 815.0 20.0 10.0
937.0 701.0 20.0 10.0
124.0 84.0 20.0 10.0
629.0 465.0 20.0 10.0
176.0 82.0 20.0 10.0
314.0 332.0 20.0 10.0
893.0 522.0 20.0 10.0
423.0 430.0 20.0 10.0
878.0 373.0 20.0 10.0
660.0 838.0 20.0 10.0
645.0 922.0 20.0 10.0
43.0 88.0 20.0 10.0
765.0 856.0 20.0 10.0
357.0 419.0 20.0 10.0
574.0 870.0 20.0 10.0
582.0 1018.0 20.0 10.0
604.0 986.0 20.0 10.0
1176.0 455.0 20.0 10.0
570.0 910.0 20.0 10.0
847.0 831.0 20.0 10.0
854.0 324.0 20.0 10.0
401.0 786.0 20.0 10.0
822.0 519.0 20.0 10.0
676.0 414.0 20.0 10.0
1174.0 472.0 20.0 10.0
442.0 826.0 20.0 10.0
543.0 322.0 20.0 10.0
445.0 821.0 20.0 10.0
393.0 660.0 20.0 10.0
948.0 646.0 20.0 10.0
550.0 928.0 20.0 10.0
792.0 434.0 20.0 10.0
793.0 412.0 20.0 10.0
579.0 1047.0 20.0 10.0
741.0 572.0 20.0 10.0
304.0 858.0 20.0 10.0
647.0 480.0 20.0 10.0
879.0 644.0 20.0 10.0
794.0 383.0 20.0 10.0
148.0 81.0 20.0 10.0
244.0 202.0 20.0 10.0
1037.0 558.0 20.0 10.0
639.0 953.0 20.0 10.0
897.0 362.0 20.0 10.0
944.0 329.0 20.0 10.0
432.0 713.0 20.0 10.0
975.0 1173.0 20.0 10.0
286.0 263.0 20.0 10.0
211.0 232.0 20.0 10.0
787.0 401.0 20.0 10.0
193.0 212.0 20.0 10.0
539.0 402.0 20.0 10.0
570.0 970.0 20.0 10.0
625.0 949.0 20.0 10.0
406.0 714.0 20.0 10.0
717.0 632.0 20.0 10.0
860.0 296.0 20.0 10.0
410.0 671.0 20.0 10.0
538.0 1170.0 20.0 10.0
706.0 277.0 20.0 10.0
562.0 937.0 20.0 10.0
927.0 804.0 20.0 10.0
365.0 844.0 20.0 10.0
935.0 679.0 20.0 10.0
288.0 309.0 20.0 10.0
419.0 750.0 20.0 10.0
1087.0 464.0 20.0 10.0
932.0 570.0 20.0 10.0
1151.0 1069.0 20.0 10.0
486.0 718.0 20.0 10.0
746.0 601.0 20.0 10.0
1233.0 1118.0 20.0 10.0
419.0 264.0 20.0 10.0
860.0 844.0 20.0 10.0
1099.0 575.0 20.0 10.0
497.0 213.0 20.0 10.0
919.0 1072.0 20.0 10.0
688.0 292.0 20.0 10.0
799.0 772.0 20.0 10.0
642.0 366.0 20.0 10.0
938.0 910.0 20.0 10.0
511.0 775.0 20.0 10.0
864.0 271.0 20.0 10.0
281.0 838.0 20.0 10.0
1060.0 978.0 20.0 10.0
1168.0 867.0 20.0 10.0
1110.0 873.0 20.0 10.0
119.0 140.0 20.0 10.0
893.0 1068.0 20.0 10.0
131.0 87.0 20.0 10.0
831.0 646.0 20.0 10.0
756.0 544.0 20.0 10.0
943.0 1092.0 20.0 10.0
118.0 91.0 20.0 10.0
687.0 259.0 20.0 10.0
1032.0 800.0 20.0 10.0
486.0 741.0 20.0 10.0
344.0 730.0 20.0 10.0
918.0 314.0 20.0 10.0
964.0 1134.0 20.0 10.0
490.0 767.0 20.0 10.0
1186.0 446.0 20.0 10.0
168.0 87.0 20.0 10.0
432.0 297.0 20.0 10.0
1159.0 1040.0 20.0 10.0
564.0 1137.0 20.0 10.0
1069.0 1051.0 20.0 10.0
425.0 785.0 20.0 10.0
516.0 376.0 20.0 10.0
556.0 1081.0 20.0 10.0
839.0 829.0 20.0 10.0
1023.0 1009.0 20.0 10.0
1178.0 1088.0 20.0 10.0
884.0 640.0 20.0 10.0
1065.0 965.0 20.0 10.0
906.0 386.0 20.0 10.0
904.0 455.0 20.0 10.0
309.0 834.0 20.0 10.0
1168.0 545.0 20.0 10.0
650.0 532.0 20.0 10.0
1206.0 1088.0 20.0 10.0
213.0 184.0 20.0 10.0
965.0 1100.0 20.0 10.0
1109.0 1151.0 20.0 10.0
885.0 878.0 20.0 10.0
403.0 440.0 20.0 10.0
781.0 597.0 20.0 10.0
986.0 1140.0 20.0 10.0
299.0 362.0 20.0 10.0
986.0 1187.0 20.0 10.0
649.0 929.0 20.0 10.0
887.0 445.0 20.0 10.0
1130.0 880.0 20.0 10.0
756.0 807.0 20.0 10.0
735.0 582.0 20.0 10.0
1193.0 543.0 20.0 10.0
399.0 410.0 20.0 10.0
694.0 314.0 20.0 10.0
597.0 1046.0 20.0 10.0
646.0 442.0 20.0 10.0
1164.0 1056.0 20.0 10.0
903.0 1078.0 20.0 10.0
1038.0 932.0 20.0 10.0
530.0 945.0 20.0 10.0
201.0 167.0 20.0 10.0
1048.0 987.0 20.0 10.0
686.0 298.0 20.0 10.0
1109.0 1103.0 20.0 10.0
1106.0 869.0 20.0 10.0
760.0 498.0 20.0 10.0
1017.0 571.0 20.0 10.0
1183.0 1060.0 20.0 10.0
409.0 240.0 20.0 10.0
1209.0 542.0 20.0 10.0
206.0 164.0 20.0 10.0
962.0 1052.0 20.0 10.0
376.0 813.0 20.0 10.0
411.0 437.0 20.0 10.0
1146.0 473.0 20.0 10.0
1067.0 933.0 20.0 10.0
353.0 359.0 20.0 10.0
1146.0 420.0 20.0 10.0
542.0 313.0 20.0 10.0
623.0 782.0 20.0 10.0
579.0 856.0 20.0 10.0
315.0 824.0 20.0 10.0
1207.0 833.0 20.0 10.0
1236.0 840.0 20.0 10.0
412.0 367.0 20.0 10.0
756.0 551.0 20.0 10.0
682.0 270.0 20.0 10.0
696.0 831.0 20.0 10.0
542.0 950.0 20.0 10.0
313.0 390.0 20.0 10.0
1120.0 553.0 20.0 10.0
284.0 386.0 20.0 10.0
930.0 1079.0 20.0 10.0
841.0 786.0 20.0 10.0
359.0 787.0 20.0 10.0
411.0 263.0 20.0 10.0
396.0 366.0 20.0 10.0
934.0 799.0 20.0 10.0
1148.0 1063.0 20.0 10.0
373.0 793.0 20.0 10.0
25.0 78.0 20.0 10.0
1197.0 1096.0 20.0 10.0
809.0 764.0 20.0 10.0
550.0 702.0 20.0 10.0
1184.0 545.0 20.0 10.0
838.0 644.0 20.0 10.0
820.0 323.0 20.0 10.0
761.0 508.0 20.0 10.0
939.0 382.0 20.0 10.0
266.0 845.0 20.0 10.0
981.0 1150.0 20.0 10.0
696.0 848.0 20.0 10.0
1040.0 861.0 20.0 10.0
875.0 256.0 20.0 10.0
485.0 315.0 20.0 10.0
1113.0 475.0 20.0 10.0
461.0 226.0 20.0 10.0
661.0 770.0 20.0 10.0
1078.0 467.0 20.0 10.0
1201.0 846.0 20.0 10.0
938.0 690.0 20.0 10.0
1079.0 1114.0 20.0 10.0
560.0 928.0 20.0 10.0
1053.0 953.0 20.0 10.0
811.0 383.0 20.0 10.0
378.0 441.0 20.0 10.0
897.0 383.0 20.0 10.0
855.0 809.0 20.0 10.0
1170.0 448.0 20.0 10.0
92.0 117.0 20.0 10.0
949.0 903.0 20.0 10.0
455.0 749.0 20.0 10.0
274.0 354.0 20.0 10.0
510.0 409.0 20.0 10.0
942.0 445.0 20.0 10.0
1100.0 510.0 20.0 10.0
651.0 412.0 20.0 10.0
597.0 912.0 20.0 10.0
960.0 1145.0 20.0 10.0
1071.0 1077.0 20.0 10.0
685.0 453.0 20.0 10.0
370.0 799.0 20.0 10.0
1063.0 461.0 20.0 10.0
561.0 1098.0 20.0 10.0
1056.0 809.0 20.0 10.0
105.0 99.0 20.0 10.0
27.0 69.0 20.0 10.0
1166.0 1092.0 20.0 10.0
637.0 655.0 20.0 10.0
657.0 487.0 20.0 10.0
712.0 569.0 20.0 10.0
837.0 791.0 20.0 10.0
742.0 741.0 20.0 10.0
798.0 480.0 20.0 10.0
1193.0 877.0 20.0 10.0
1086.0 605.0 20.0 10.0
101.0 104.0 20.0 10.0
1114.0 537.0 20.0 10.0
365.0 656.0 20.0 10.0
834.0 298.0 20.0 10.0
699.0 870.0 20.0 10.0
140.0 120.0 20.0 10.0
800.0 796.0 20.0 10.0
918.0 460.0 20.0 10.0
950.0 816.0 20.0 10.0
998.0 930.0 20.0 10.0
915.0 493.0 20.0 10.0
1062.0 821.0 20.0 10.0
648.0 785.0 20.0 10.0
293.0 387.0 20.0 10.0
934.0 294.0 20.0 10.0
523.0 1147.0 20.0 10.0
1229.0 856.0 20.0 10.0
1095.0 444.0 20.0 10.0
696.0 568.0 20.0 10.0
1254.0 1132.0 20.0 10.0
1195.0 1111.0 20.0 10.0
627.0 367.0 20.0 10.0
1156.0 563.0 20.0 10.0
376.0 394.0 20.0 10.0
991.0 1179.0 20.0 10.0
186.0 194.0 20.0 10.0
766.0 445.0 20.0 10.0
642.0 888.0 20.0 10.0
1037.0 575.0 20.0 10.0
549.0 1094.0 20.0 10.0
447.0 333.0 20.0 10.0
221.0 883.0 20.0 10.0
691.0 792.0 20.0 10.0
970.0 829.0 20.0 10.0
1154.0 551.0 20.0 10.0
96.0 123.0 20.0 10.0
1037.0 587.0 20.0 10.0
1160.0 403.0 20.0 10.0
1025.0 521.0 20.0 10.0
1094.0 1064.0 20.0 10.0
788.0 600.0 20.0 10.0
821.0 331.0 20.0 10.0
953.0 358.0 20.0 10.0
924.0 816.0 20.0 10.0
47.0 88.0 20.0 10.0
731.0 541.0 20.0 10.0
773.0 324.0 20.0 10.0
725.0 712.0 20.0 10.0
713.0 246.0 20.0 10.0
653.0 453.0 20.0 10.0
774.0 421.0 20.0 10.0
1169.0 484.0 20.0 10.0
966.0 1175.0 20.0 10.0
1115.0 436.0 20.0 10.0
696.0 235.0 20.0 10.0
930.0 1050.0 20.0 10.0
878.0 688.0 20.0 10.0
714.0 539.0 20.0 10.0
905.0 635.0 20.0 10.0
451.0 693.0 20.0 10.0
460.0 785.0 20.0 10.0
783.0 329.0 20.0 10.0
883.0 681.0 20.0 10.0
74.0 119.0 20.0 10.0
1048.0 463.0 20.0 10.0
171.0 151.0 20.0 10.0
672.0 878.0 20.0 10.0
770.0 876.0 20.0 10.0
906.0 451.0 20.0 10.0
328.0 795.0 20.0 10.0
753.0 478.0 20.0 10.0
490.0 190.0 20.0 10.0
415.0 370.0 20.0 10.0
784.0 498.0 20.0 10.0
684.0 234.0 20.0 10.0
395.0 840.0 20.0 10.0
785.0 303.0 20.0 10.0
353.0 382.0 20.0 10.0
838.0 279.0 20.0 10.0
405.0 650.0 20.0 10.0
638.0 675.0 20.0 10.0
907.0 677.0 20.0 10.0
1120.0 1169.0 20.0 10.0
648.0 802.0 20.0 10.0
98.0 56.0 20.0 10.0
396.0 758.0 20.0 10.0
1026.0 817.0 20.0 10.0
1083.0 954.0 20.0 10.0
1084.0 966.0 20.0 10.0
644.0 527.0 20.0 10.0
1206.0 1067.0 20.0 10.0
461.0 825.0 20.0 10.0
677.0 321.0 20.0 10.0
355.0 833.0 20.0 10.0
1070.0 1042.0 20.0 10.0
1200.0 447.0 20.0 10.0
888.0 577.0 20.0 10.0
82.0 51.0 20.0 10.0
909.0 412.0 20.0 10.0
650.0 955.0 20.0 10.0
613.0 989.0 20.0 10.0
1191.0 436.0 20.0 10.0
539.0 288.0 20.0 10.0
714.0 525.0 20.0 10.0
455.0 207.0 20.0 10.0
1173.0 579.0 20.0 10.0
642.0 632.0 20.0 10.0
401.0 641.0 20.0 10.0
402.0 349.0 20.0 10.0
638.0 442.0 20.0 10.0
106.0 148.0 20.0 10.0
920.0 349.0 20.0 10.0
535.0 262.0 20.0 10.0
637.0 412.0 20.0 10.0
281.0 321.0 20.0 10.0
66.0 25.0 20.0 10.0
550.0 956.0 20.0 10.0
539.0 673.0 20.0 10.0
1127.0 535.0 20.0 10.0
530.0 368.0 20.0 10.0
1078.0 550.0 20.0 10.0
1083.0 1113.0 20.0 10.0
227.0 876.0 20.0 10.0
539.0 1125.0 20.0 10.0
380.0 717.0 20.0 10.0
106.0 50.0 20.0 10.0
926.0 366.0 20.0 10.0
1132.0 418.0 20.0 10.0
425.0 841.0 20.0 10.0
166.0 173.0 20.0 10.0
467.0 697.0 20.0 10.0
1186.0 539.0 20.0 10.0
1226.0 1111.0 20.0 10.0
457.0 260.0 20.0 10.0
316.0 291.0 20.0 10.0
617.0 442.0 20.0 10.0
229.0 892.0 20.0 10.0
1174.0 556.0 20.0 10.0
937.0 1096.0 20.0 10.0
994.0 1211.0 20.0 10.0
1090.0 1106.0 20.0 10.0
982.0 1124.0 20.0 10.0
1105.0 1148.0 20.0 10.0
1016.0 1060.0 20.0 10.0
324.0 315.0 20.0 10.0
781.0 486.0 20.0 10.0
949.0 1088.0 20.0 10.0
1112.0 1022.0 20.0 10.0
1072.0 1107.0 20.0 10.0
346.0 811.0 20.0 10.0
718.0 711.0 20.0 10.0
897.0 588.0 20.0 10.0
453.0 263.0 20.0 10.0
538.0 1142.0 20.0 10.0
1070.0 575.0 20.0 10.0
875.0 883.0 20.0 10.0
134.0 56.0 20.0 10.0
1228.0 539.0 20.0 10.0
839.0 334.0 20.0 10.0
399.0 680.0 20.0 10.0
795.0 469.0 20.0 10.0
911.0 1004.0 20.0 10.0
341.0 345.0 20.0 10.0
927.0 584.0 20.0 10.0
323.0 733.0 20.0 10.0
505.0 255.0 20.0 10.0
742.0 452.0 20.0 10.0
263.0 372.0 20.0 10.0
92.0 43.0 20.0 10.0
74.0 94.0 20.0 10.0
1115.0 1142.0 20.0 10.0
1047.0 979.0 20.0 10.0
964.0 657.0 20.0 10.0
829.0 665.0 20.0 10.0
399.0 239.0 20.0 10.0
614.0 647.0 20.0 10.0
510.0 739.0 20.0 10.0
250.0 869.0 20.0 10.0
305.0 786.0 20.0 10.0
696.0 825.0 20.0 10.0
329.0 776.0 20.0 10.0
1041.0 994.0 20.0 10.0
125.0 61.0 20.0 10.0
530.0 1167.0 20.0 10.0
514.0 288.0 20.0 10.0
703.0 773.0 20.0 10.0
456.0 818.0 20.0 10.0
409.0 679.0 20.0 10.0
824.0 557.0 20.0 10.0
913.0 340.0 20.0 10.0
849.0 644.0 20.0 10.0
409.0 408.0 20.0 10.0
1261.0 851.0 20.0 10.0
893.0 652.0 20.0 10.0
518.0 676.0 20.0 10.0
1057.0 813.0 20.0 10.0
304.0 738.0 20.0 10.0
486.0 498.0 20.0 10.0
1055.0 1034.0 20.0 10.0
1077.0 843.0 20.0 10.0
684.0 566.0 20.0 10.0
1197.0 469.0 20.0 10.0
1173.0 1076.0 20.0 10.0
687.0 305.0 20.0 10.0
194.0 220.0 20.0 10.0
143.0 88.0 20.0 10.0
343.0 304.0 20.0 10.0
1082.0 1135.0 20.0 10.0
886.0 377.0 20.0 10.0
751.0 445.0 20.0 10.0
493.0 259.0 20.0 10.0
272.0 237.0 20.0 10.0
950.0 1140.0 20.0 10.0
940.0 646.0 20.0 10.0
371.0 355.0 20.0 10.0
772.0 366.0 20.0 10.0
