1000
107.0 171.0 20.0 10.0
146.0 194.0 20.0 10.0
189.0 159.0 20.0 10.0
100.0 105.0 20.0 10.0
89.0 139.0 20.0 10.0
111.0 150.0 20.0 10.0
139.0 116.0 20.0 10.0
128.0 165.0 20.0 10.0
146.0 156.0 20.0 10.0
128.0 138.0 20.0 10.0
123.0 126.0 20.0 10.0
134.0 164.0 20.0 10.0
156.0 106.0 20.0 10.0
141.0 138.0 20.0 10.0
168.0 108.0 20.0 10.0
144.0 183.0 20.0 10.0
136.0 156.0 20.0 10.0
173.0 125.0 20.0 10.0
167.0 197.0 20.0 10.0
118.0 87.0 20.0 10.0
102.0 183.0 20.0 10.0
96.0 126.0 20.0 10.0
146.0 166.0 20.0 10.0
148.0 137.0 20.0 10.0
85.0 133.0 20.0 10.0
140.0 147.0 20.0 10.0
167.0 186.0 20.0 10.0
116.0 161.0 20.0 10.0
175.0 157.0 20.0 10.0
102.0 155.0 20.0 10.0
136.0 135.0 20.0 10.0
116.0 182.0 20.0 10.0
92.0 127.0 20.0 10.0
108.0 201.0 20.0 10.0
149.0 188.0 20.0 10.0
166.0 178.0 20.0 10.0
135.0 148.0 20.0 10.0
127.0 172.0 20.0 10.0
90.0 126.0 20.0 10.0
175.0 136.0 20.0 10.0
33.0 118.0 20.0 10.0
147.0 128.0 20.0 10.0
177.0 107.0 20.0 10.0
147.0 103.0 20.0 10.0
122.0 51.0 20.0 10.0
86.0 153.0 20.0 10.0
150.0 118.0 20.0 10.0
187.0 169.0 20.0 10.0
161.0 140.0 20.0 10.0
133.0 129.0 20.0 10.0
148.0 140.0 20.0 10.0
181.0 126.0 20.0 10.0
117.0 184.0 20.0 10.0
118.0 143.0 20.0 10.0
101.0 173.0 20.0 10.0
113.0 153.0 20.0 10.0
122.0 116.0 20.0 10.0
72.0 142.0 20.0 10.0
102.0 179.0 20.0 10.0
124.0 149.0 20.0 10.0
191.0 180.0 20.0 10.0
100.0 165.0 20.0 10.0
104.0 119.0 20.0 10.0
161.0 142.0 20.0 10.0
106.0 99.0 20.0 10.0
168.0 182.0 20.0 10.0
132.0 143.0 20.0 10.0
157.0 144.0 20.0 10.0
84.0 146.0 20.0 10.0
180.0 123.0 20.0 10.0
167.0 187.0 20.0 10.0
97.0 115.0 20.0 10.0
94.0 194.0 20.0 10.0
154.0 126.0 20.0 10.0
91.0 196.0 20.0 10.0
169.0 72.0 20.0 10.0
138.0 193.0 20.0 10.0
124.0 133.0 20.0 10.0
154.0 154.0 20.0 10.0
179.0 179.0 20.0 10.0
167.0 143.0 20.0 10.0
146.0 106.0 20.0 10.0
169.0 136.0 20.0 10.0
62.0 185.0 20.0 10.0
201.0 164.0 20.0 10.0
110.0 162.0 20.0 10.0
141.0 190.0 20.0 10.0
137.0 147.0 20.0 10.0
173.0 139.0 20.0 10.0
78.0 130.0 20.0 10.0
125.0 197.0 20.0 10.0
92.0 149.0 20.0 10.0
116.0 129.0 20.0 10.0
144.0 158.0 20.0 10.0
148.0 152.0 20.0 10.0
100.0 116.0 20.0 10.0
138.0 168.0 20.0 10.0
194.0 141.0 20.0 10.0
146.0 171.0 20.0 10.0
152.0 161.0 20.0 10.0
95.0 204.0 20.0 10.0
131.0 166.0 20.0 10.0
136.0 122.0 20.0 10.0
72.0 158.0 20.0 10.0
127.0 191.0 20.0 10.0
113.0 214.0 20.0 10.0
95.0 159.0 20.0 10.0
142.0 119.0 20.0 10.0
188.0 120.0 20.0 10.0
117.0 117.0 20.0 10.0
83.0 193.0 20.0 10.0
178.0 73.0 20.0 10.0
113.0 123.0 20.0 10.0
104.0 130.0 20.0 10.0
157.0 193.0 20.0 10.0
95.0 177.0 20.0 10.0
113.0 143.0 20.0 10.0
171.0 128.0 20.0 10.0
137.0 107.0 20.0 10.0
167.0 157.0 20.0 10.0
101.0 133.0 20.0 10.0
150.0 129.0 20.0 10.0
134.0 109.0 20.0 10.0
147.0 118.0 20.0 10.0
122.0 168.0 20.0 10.0
120.0 73.0 20.0 10.0
97.0 147.0 20.0 10.0
134.0 123.0 20.0 10.0
89.0 114.0 20.0 10.0
160.0 179.0 20.0 10.0
125.0 140.0 20.0 10.0
135.0 94.0 20.0 10.0
171.10000610351562 128.0 20.0 10.0
141.0 156.0 20.0 10.0
141.0 114.0 20.0 10.0
79.0 156.0 20.0 10.0
115.0 123.0 20.0 10.0
196.0 122.0 20.0 10.0
146.0 178.0 20.0 10.0
126.0 174.0 20.0 10.0
137.0 173.0 20.0 10.0
110.0 142.0 20.0 10.0
121.0 100.0 20.0 10.0
107.0 140.0 20.0 10.0
103.0 164.0 20.0 10.0
73.0 161.0 20.0 10.0
118.0 149.0 20.0 10.0
124.0 187.0 20.0 10.0
154.0 168.0 20.0 10.0
162.0 145.0 20.0 10.0
93.0 136.0 20.0 10.0
162.0 166.0 20.0 10.0
155.0 139.0 20.0 10.0
69.0 131.0 20.0 10.0
109.0 125.0 20.0 10.0
75.0 107.0 20.0 10.0
75.0 152.0 20.0 10.0
119.0 119.0 20.0 10.0
176.0 171.0 20.0 10.0
116.0 109.0 20.0 10.0
120.0 162.0 20.0 10.0
105.0 140.0 20.0 10.0
113.0 176.0 20.0 10.0
86.0 168.0 20.0 10.0
101.0 158.0 20.0 10.0
177.0 151.0 20.0 10.0
115.0 189.0 20.0 10.0
169.0 122.0 20.0 10.0
79.0 171.0 20.0 10.0
130.0 164.0 20.0 10.0
103.0 33.0 20.0 10.0
108.0 181.0 20.0 10.0
115.0 143.0 20.0 10.0
129.0 146.0 20.0 10.0
205.0 143.0 20.0 10.0
109.0 190.0 20.0 10.0
102.0 91.0 20.0 10.0
117.0 101.0 20.0 10.0
111.0 201.0 20.0 10.0
189.0 129.0 20.0 10.0
155.0 187.0 20.0 10.0
145.0 137.0 20.0 10.0
166.0 107.0 20.0 10.0
96.0 138.0 20.0 10.0
127.0 107.0 20.0 10.0
132.0 107.0 20.0 10.0
146.0 132.0 20.0 10.0
111.0 118.0 20.0 10.0
171.0 145.0 20.0 10.0
158.0 172.0 20.0 10.0
180.0 159.0 20.0 10.0
114.0 165.0 20.0 10.0
189.0 171.0 20.0 10.0
138.0 157.0 20.0 10.0
137.0 137.0 20.0 10.0
127.0 183.0 20.0 10.0
125.0 163.0 20.0 10.0
126.0 154.0 20.0 10.0
97.0 110.0 20.0 10.0
148.0 142.0 20.0 10.0
108.0 128.0 20.0 10.0
159.0 149.0 20.0 10.0
102.0 122.0 20.0 10.0
109.0 113.0 20.0 10.0
131.0 130.0 20.0 10.0
167.0 147.0 20.0 10.0
98.0 177.0 20.0 10.0
130.0 190.0 20.0 10.0
170.0 130.0 20.0 10.0
132.0 176.0 20.0 10.0
98.0 161.0 20.0 10.0
133.0 96.0 20.0 10.0
83.0 170.0 20.0 10.0
173.0 176.0 20.0 10.0
89.0 120.0 20.0 10.0
152.0 120.0 20.0 10.0
157.0 109.0 20.0 10.0
120.0 185.0 20.0 10.0
113.0 51.0 20.0 10.0
151.0 149.0 20.0 10.0
122.0 138.0 20.0 10.0
126.0 184.0 20.0 10.0
115.0 152.0 20.0 10.0
115.0 119.0 20.0 10.0
105.0 114.0 20.0 10.0
171.0 125.0 20.0 10.0
106.0 139.0 20.0 10.0
76.0 168.0 20.0 10.0
130.0 141.0 20.0 10.0
156.0 97.0 20.0 10.0
81.0 151.0 20.0 10.0
131.0 120.0 20.0 10.0
93.0 215.0 20.0 10.0
196.0 174.0 20.0 10.0
132.0 117.0 20.0 10.0
90.0 174.0 20.0 10.0
143.0 129.0 20.0 10.0
155.0 135.0 20.0 10.0
115.0 185.0 20.0 10.0
157.0 113.0 20.0 10.0
152.0 178.0 20.0 10.0
80.0 178.0 20.0 10.0
130.0 168.0 20.0 10.0
118.0 150.0 20.0 10.0
126.0 121.0 20.0 10.0
109.0 130.0 20.0 10.0
105.0 168.0 20.0 10.0
100.0 186.0 20.0 10.0
89.0 158.0 20.0 10.0
123.0 166.0 20.0 10.0
130.0 160.0 20.0 10.0
121.0 180.0 20.0 10.0
137.0 99.0 20.0 10.0
102.0 142.0 20.0 10.0
134.0 153.0 20.0 10.0
176.0 145.0 20.0 10.0
174.0 158.0 20.0 10.0
121.0 183.0 20.0 10.0
118.0 141.0 20.0 10.0
137.0 131.0 20.0 10.0
188.0 141.0 20.0 10.0
154.0 147.0 20.0 10.0
126.0 112.0 20.0 10.0
158.0 69.0 20.0 10.0
99.0 144.0 20.0 10.0
135.0 159.0 20.0 10.0
142.0 175.0 20.0 10.0
64.0 157.0 20.0 10.0
128.0 136.0 20.0 10.0
178.0 135.0 20.0 10.0
135.0 107.0 20.0 10.0
138.0 210.0 20.0 10.0
149.0 134.0 20.0 10.0
97.0 120.0 20.0 10.0
105.0 161.0 20.0 10.0
112.0 210.0 20.0 10.0
157.0 149.0 20.0 10.0
137.0 166.0 20.0 10.0
129.0 126.0 20.0 10.0
118.0 160.0 20.0 10.0
143.0 193.0 20.0 10.0
130.0 119.0 20.0 10.0
220.0 164.0 20.0 10.0
132.0 184.0 20.0 10.0
113.0 133.0 20.0 10.0
93.0 152.0 20.0 10.0
137.0 124.0 20.0 10.0
134.0 151.0 20.0 10.0
164.0 119.0 20.0 10.0
75.0 129.0 20.0 10.0
156.0 174.0 20.0 10.0
121.0 143.0 20.0 10.0
79.0 125.0 20.0 10.0
139.0 100.0 20.0 10.0
154.0 160.0 20.0 10.0
164.0 162.0 20.0 10.0
103.0 182.0 20.0 10.0
149.0 113.0 20.0 10.0
96.0 155.0 20.0 10.0
116.0 163.0 20.0 10.0
112.0 145.0 20.0 10.0
146.0 161.0 20.0 10.0
167.0 126.0 20.0 10.0
183.0 157.0 20.0 10.0
166.0 171.0 20.0 10.0
142.0 166.0 20.0 10.0
173.0 140.0 20.0 10.0
158.0 129.0 20.0 10.0
134.0 207.0 20.0 10.0
101.0 138.0 20.0 10.0
104.0 120.0 20.0 10.0
147.0 99.0 20.0 10.0
121.0 154.0 20.0 10.0
168.0 106.0 20.0 10.0
113.0 147.0 20.0 10.0
157.0 132.0 20.0 10.0
114.0 117.0 20.0 10.0
143.0 192.0 20.0 10.0
126.0 164.0 20.0 10.0
90.0 178.0 20.0 10.0
114.0 138.0 20.0 10.0
111.0 169.0 20.0 10.0
126.0 142.0 20.0 10.0
182.0 168.0 20.0 10.0
103.0 144.0 20.0 10.0
129.0 200.0 20.0 10.0
137.0 105.0 20.0 10.0
101.0 131.0 20.0 10.0
88.0 169.0 20.0 10.0
118.0 120.0 20.0 10.0
108.0 147.0 20.0 10.0
163.0 148.0 20.0 10.0
180.0 129.0 20.0 10.0
124.0 169.0 20.0 10.0
160.0 126.0 20.0 10.0
168.0 158.0 20.0 10.0
62.0 192.0 20.0 10.0
110.0 103.0 20.0 10.0
127.0 168.0 20.0 10.0
147.0 174.0 20.0 10.0
142.0 143.0 20.0 10.0
71.0 153.0 20.0 10.0
68.0 148.0 20.0 10.0
126.0 181.0 20.0 10.0
136.0 177.0 20.0 10.0
93.0 199.0 20.0 10.0
148.0 116.0 20.0 10.0
118.0 213.0 20.0 10.0
153.0 181.0 20.0 10.0
144.0 100.0 20.0 10.0
109.0 136.0 20.0 10.0
91.0 185.0 20.0 10.0
151.0 137.0 20.0 10.0
112.0 138.0 20.0 10.0
90.0 145.0 20.0 10.0
69.0 91.0 20.0 10.0
130.0 85.0 20.0 10.0
150.0 161.0 20.0 10.0
109.0 157.0 20.0 10.0
159.0 95.0 20.0 10.0
148.0 178.0 20.0 10.0
116.0 111.0 20.0 10.0
146.0 150.0 20.0 10.0
107.0 107.0 20.0 10.0
84.0 178.0 20.0 10.0
161.0 114.0 20.0 10.0
156.0 167.0 20.0 10.0
120.0 131.0 20.0 10.0
121.0 121.0 20.0 10.0
106.0 125.0 20.0 10.0
146.0 154.0 20.0 10.0
154.0 149.0 20.0 10.0
167.0 154.0 20.0 10.0
146.0 146.0 20.0 10.0
39.0 168.0 20.0 10.0
101.0 147.0 20.0 10.0
93.0 100.0 20.0 10.0
176.0 163.0 20.0 10.0
123.0 150.0 20.0 10.0
98.0 168.0 20.0 10.0
69.0 127.0 20.0 10.0
122.0 135.0 20.0 10.0
135.0 172.0 20.0 10.0
128.0 97.0 20.0 10.0
175.0 25.0 20.0 10.0
101.0 79.0 20.0 10.0
151.0 189.0 20.0 10.0
140.0 159.0 20.0 10.0
127.0 89.0 20.0 10.0
48.0 191.0 20.0 10.0
106.0 165.0 20.0 10.0
120.0 169.0 20.0 10.0
130.0 129.0 20.0 10.0
133.0 91.0 20.0 10.0
129.0 186.0 20.0 10.0
184.0 87.0 20.0 10.0
108.0 163.0 20.0 10.0
136.0 191.0 20.0 10.0
140.0 95.0 20.0 10.0
175.0 139.0 20.0 10.0
98.0 154.0 20.0 10.0
122.0 211.0 20.0 10.0
148.0 182.0 20.0 10.0
106.0 198.0 20.0 10.0
118.0 114.0 20.0 10.0
78.0 115.0 20.0 10.0
128.0 143.0 20.0 10.0
103.0 196.0 20.0 10.0
171.0 167.0 20.0 10.0
158.0 161.0 20.0 10.0
82.0 201.0 20.0 10.0
133.0 106.0 20.0 10.0
166.0 120.0 20.0 10.0
132.0 151.0 20.0 10.0
90.0 166.0 20.0 10.0
162.0 107.0 20.0 10.0
126.0 132.0 20.0 10.0
158.0 142.0 20.0 10.0
154.0 92.0 20.0 10.0
128.0 148.0 20.0 10.0
104.0 137.0 20.0 10.0
141.0 140.0 20.0 10.0
97.0 149.0 20.0 10.0
124.0 157.0 20.0 10.0
129.0 104.0 20.0 10.0
132.0 181.0 20.0 10.0
124.0 175.0 20.0 10.0
109.0 149.0 20.0 10.0
90.0 148.0 20.0 10.0
104.0 185.0 20.0 10.0
142.0 184.0 20.0 10.0
137.0 148.0 20.0 10.0
105.0 178.0 20.0 10.0
81.0 133.0 20.0 10.0
76.0 156.0 20.0 10.0
141.0 124.0 20.0 10.0
155.0 155.0 20.0 10.0
159.0 130.0 20.0 10.0
164.0 117.0 20.0 10.0
126.0 210.0 20.0 10.0
149.0 164.0 20.0 10.0
151.0 169.0 20.0 10.0
86.0 203.0 20.0 10.0
105.0 148.0 20.0 10.0
187.0 125.0 20.0 10.0
100.0 93.0 20.0 10.0
127.0 170.0 20.0 10.0
161.0 150.0 20.0 10.0
163.0 132.0 20.0 10.0
105.0 110.0 20.0 10.0
137.0 183.0 20.0 10.0
108.0 183.0 20.0 10.0
105.0 193.0 20.0 10.0
127.0 160.0 20.0 10.0
117.0 180.0 20.0 10.0
113.0 132.0 20.0 10.0
130.0 175.0 20.0 10.0
146.0 190.0 20.0 10.0
149.0 159.0 20.0 10.0
88.0 134.0 20.0 10.0
165.0 124.0 20.0 10.0
143.0 94.0 20.0 10.0
92.0 144.0 20.0 10.0
152.0 85.0 20.0 10.0
134.0 135.0 20.0 10.0
172.0 97.0 20.0 10.0
173.0 122.0 20.0 10.0
104.0 159.0 20.0 10.0
121.0 104.0 20.0 10.0
117.0 170.0 20.0 10.0
145.0 168.0 20.0 10.0
172.0 174.0 20.0 10.0
154.0 131.0 20.0 10.0
124.0 162.0 20.0 10.0
127.0 145.0 20.0 10.0
83.0 136.0 20.0 10.0
119.0 194.0 20.0 10.0
157.0 121.0 20.0 10.0
161.0 148.0 20.0 10.0
108.0 161.0 20.0 10.0
90.0 152.0 20.0 10.0
189.0 139.0 20.0 10.0
135.0 203.0 20.0 10.0
129.0 117.0 20.0 10.0
129.0 116.0 20.0 10.0
114.0 156.0 20.0 10.0
103.0 136.0 20.0 10.0
109.0 173.0 20.0 10.0
159.0 87.0 20.0 10.0
137.0 120.0 20.0 10.0
150.0 178.0 20.0 10.0
152.0 165.0 20.0 10.0
156.0 182.0 20.0 10.0
167.0 129.0 20.0 10.0
109.0 160.0 20.0 10.0
99.0 98.0 20.0 10.0
86.0 148.0 20.0 10.0
128.0 174.0 20.0 10.0
74.0 116.0 20.0 10.0
92.0 161.0 20.0 10.0
166.0 139.0 20.0 10.0
148.0 125.0 20.0 10.0
132.0 140.0 20.0 10.0
131.0 158.0 20.0 10.0
176.0 149.0 20.0 10.0
112.0 141.0 20.0 10.0
117.0 167.0 20.0 10.0
123.0 171.0 20.0 10.0
85.0 123.0 20.0 10.0
172.0 143.0 20.0 10.0
164.0 149.0 20.0 10.0
179.0 139.0 20.0 10.0
112.0 101.0 20.0 10.0
170.0 113.0 20.0 10.0
87.0 122.0 20.0 10.0
151.0 139.0 20.0 10.0
163.0 131.0 20.0 10.0
158.0 189.0 20.0 10.0
120.0 165.0 20.0 10.0
127.0 128.0 20.0 10.0
83.0 140.0 20.0 10.0
157.0 202.0 20.0 10.0
95.0 92.0 20.0 10.0
141.0 177.0 20.0 10.0
184.0 162.0 20.0 10.0
183.0 116.0 20.0 10.0
124.0 120.0 20.0 10.0
98.0 73.0 20.0 10.0
136.0 118.0 20.0 10.0
187.0 183.0 20.0 10.0
126.0 188.0 20.0 10.0
102.0 79.0 20.0 10.0
211.0 126.0 20.0 10.0
119.0 72.0 20.0 10.0
69.0 108.0 20.0 10.0
150.0 184.0 20.0 10.0
145.0 194.0 20.0 10.0
154.0 203.0 20.0 10.0
160.0 154.0 20.0 10.0
180.0 119.0 20.0 10.0
120.0 197.0 20.0 10.0
116.0 82.0 20.0 10.0
162.0 161.0 20.0 10.0
170.0 110.0 20.0 10.0
134.0 189.0 20.0 10.0
71.0 169.0 20.0 10.0
147.0 139.0 20.0 10.0
167.0 167.0 20.0 10.0
109.0 153.0 20.0 10.0
155.0 104.0 20.0 10.0
119.0 158.0 20.0 10.0
99.0 137.0 20.0 10.0
132.0 155.0 20.0 10.0
146.0 148.0 20.0 10.0
148.0 131.0 20.0 10.0
122.0 129.0 20.0 10.0
157.0 150.0 20.0 10.0
179.0 143.0 20.0 10.0
93.0 155.0 20.0 10.0
175.0 163.0 20.0 10.0
114.0 174.0 20.0 10.0
171.0 171.0 20.0 10.0
101.0 153.0 20.0 10.0
151.0 154.0 20.0 10.0
107.0 154.0 20.0 10.0
180.0 200.0 20.0 10.0
181.0 178.0 20.0 10.0
137.0 197.0 20.0 10.0
143.0 187.0 20.0 10.0
135.0 136.0 20.0 10.0
120.0 177.0 20.0 10.0
160.0 124.0 20.0 10.0
145.0 153.0 20.0 10.0
161.0 132.0 20.0 10.0
124.0 109.0 20.0 10.0
59.0 197.0 20.0 10.0
92.0 121.0 20.0 10.0
122.0 190.0 20.0 10.0
105.0 123.0 20.0 10.0
142.0 130.0 20.0 10.0
169.0 159.0 20.0 10.0
151.0 156.0 20.0 10.0
114.0 135.0 20.0 10.0
127.0 116.0 20.0 10.0
113.0 151.0 20.0 10.0
163.0 135.0 20.0 10.0
93.0 188.0 20.0 10.0
82.0 127.0 20.0 10.0
95.0 158.0 20.0 10.0
116.0 128.0 20.0 10.0
113.0 161.0 20.0 10.0
122.0 123.0 20.0 10.0
76.0 126.0 20.0 10.0
25.0 185.0 20.0 10.0
134.0 142.0 20.0 10.0
133.0 169.0 20.0 10.0
132.0 216.0 20.0 10.0
113.0 174.0 20.0 10.0
165.0 140.0 20.0 10.0
137.0 158.0 20.0 10.0
196.0 155.0 20.0 10.0
134.0 179.0 20.0 10.0
177.0 180.0 20.0 10.0
140.0 173.0 20.0 10.0
158.0 163.0 20.0 10.0
118.0 168.0 20.0 10.0
88.0 104.0 20.0 10.0
161.0 117.0 20.0 10.0
97.0 173.0 20.0 10.0
158.0 185.0 20.0 10.0
161.0 134.0 20.0 10.0
156.0 160.0 20.0 10.0
120.0 149.0 20.0 10.0
156.0 162.0 20.0 10.0
129.0 95.0 20.0 10.0
174.0 213.0 20.0 10.0
139.0 143.0 20.0 10.0
129.0 196.0 20.0 10.0
141.0 173.0 20.0 10.0
117.0 177.0 20.0 10.0
156.0 154.0 20.0 10.0
176.0 130.0 20.0 10.0
125.0 114.0 20.0 10.0
203.0 170.0 20.0 10.0
190.0 165.0 20.0 10.0
110.0 179.0 20.0 10.0
129.0 198.0 20.0 10.0
111.0 135.0 20.0 10.0
118.0 187.0 20.0 10.0
130.0 136.0 20.0 10.0
161.0 187.0 20.0 10.0
84.0 112.0 20.0 10.0
106.0 204.0 20.0 10.0
150.0 106.0 20.0 10.0
157.0 169.0 20.0 10.0
141.0 121.0 20.0 10.0
120.0 157.0 20.0 10.0
169.0 147.0 20.0 10.0
88.0 181.0 20.0 10.0
149.0 145.0 20.0 10.0
164.0 186.0 20.0 10.0
142.0 131.0 20.0 10.0
167.0 116.0 20.0 10.0
142.0 159.0 20.0 10.0
145.0 146.0 20.0 10.0
141.0 127.0 20.0 10.0
125.0 105.0 20.0 10.0
144.0 84.0 20.0 10.0
120.0 144.0 20.0 10.0
149.0 151.0 20.0 10.0
163.0 158.0 20.0 10.0
133.0 128.0 20.0 10.0
184.0 144.0 20.0 10.0
139.0 165.0 20.0 10.0
139.0 121.0 20.0 10.0
95.0 141.0 20.0 10.0
150.0 142.0 20.0 10.0
143.0 125.0 20.0 10.0
100.0 112.0 20.0 10.0
115.0 80.0 20.0 10.0
173.0 148.0 20.0 10.0
122.0 140.0 20.0 10.0
105.0 190.0 20.0 10.0
164.0 194.0 20.0 10.0
155.0 121.0 20.0 10.0
93.0 156.0 20.0 10.0
196.0 187.0 20.0 10.0
133.0 157.0 20.0 10.0
109.0 170.0 20.0 10.0
118.0 125.0 20.0 10.0
124.0 136.0 20.0 10.0
153.0 140.0 20.0 10.0
167.0 160.0 20.0 10.0
162.0 171.0 20.0 10.0
122.0 154.0 20.0 10.0
170.0 150.0 20.0 10.0
152.0 118.0 20.0 10.0
79.0 207.0 20.0 10.0
141.10000610351562 156.0 20.0 10.0
135.0 123.0 20.0 10.0
145.0 142.0 20.0 10.0
100.0 170.0 20.0 10.0
85.0 119.0 20.0 10.0
170.0 162.0 20.0 10.0
94.0 132.0 20.0 10.0
128.0 109.0 20.0 10.0
86.0 150.0 20.0 10.0
172.0 181.0 20.0 10.0
148.0 167.0 20.0 10.0
138.0 139.0 20.0 10.0
194.0 129.0 20.0 10.0
121.0 174.0 20.0 10.0
117.0 134.0 20.0 10.0
129.0 155.0 20.0 10.0
157.0 157.0 20.0 10.0
79.0 167.0 20.0 10.0
140.0 170.0 20.0 10.0
113.0 126.0 20.0 10.0
125.0 144.0 20.0 10.0
113.0 121.0 20.0 10.0
137.0 207.0 20.0 10.0
125.0 151.0 20.0 10.0
167.0 134.0 20.0 10.0
114.0 139.0 20.0 10.0
104.0 156.0 20.0 10.0
114.0 160.0 20.0 10.0
210.0 162.0 20.0 10.0
115.0 147.0 20.0 10.0
132.0 148.0 20.0 10.0
108.0 150.0 20.0 10.0
159.0 152.0 20.0 10.0
108.0 143.0 20.0 10.0
175.0 177.0 20.0 10.0
121.0 202.0 20.0 10.0
132.0 199.0 20.0 10.0
122.0 132.0 20.0 10.0
144.0 198.0 20.0 10.0
127.0 162.0 20.0 10.0
137.0 141.0 20.0 10.0
123.0 112.0 20.0 10.0
155.0 123.0 20.0 10.0
119.0 172.0 20.0 10.0
146.0 134.0 20.0 10.0
101.0 135.0 20.0 10.0
120.0 141.0 20.0 10.0
155.0 114.0 20.0 10.0
155.0 144.0 20.0 10.0
137.0 154.0 20.0 10.0
174.0 129.0 20.0 10.0
136.0 144.0 20.0 10.0
182.0 157.0 20.0 10.0
111.0 184.0 20.0 10.0
98.0 135.0 20.0 10.0
165.0 113.0 20.0 10.0
105.0 152.0 20.0 10.0
145.0 155.0 20.0 10.0
59.0 113.0 20.0 10.0
96.0 146.0 20.0 10.0
152.0 199.0 20.0 10.0
146.0 127.0 20.0 10.0
125.0 129.0 20.0 10.0
119.0 176.0 20.0 10.0
122.0 185.0 20.0 10.0
146.0 114.0 20.0 10.0
156.0 112.0 20.0 10.0
133.0 112.0 20.0 10.0
126.0 152.0 20.0 10.0
153.0 137.0 20.0 10.0
127.0 196.0 20.0 10.0
120.0 138.0 20.0 10.0
137.0 112.0 20.0 10.0
172.0 156.0 20.0 10.0
115.0 92.0 20.0 10.0
126.0 139.0 20.0 10.0
98.0 151.0 20.0 10.0
131.0 170.0 20.0 10.0
118.0 139.0 20.0 10.0
109.0 134.0 20.0 10.0
82.0 119.0 20.0 10.0
135.0 152.0 20.0 10.0
107.0 104.0 20.0 10.0
138.0 182.0 20.0 10.0
123.0 143.0 20.0 10.0
148.0 112.0 20.0 10.0
150.0 144.0 20.0 10.0
213.0 186.0 20.0 10.0
100.0 149.0 20.0 10.0
165.0 182.0 20.0 10.0
111.0 82.0 20.0 10.0
111.0 114.0 20.0 10.0
167.0 100.0 20.0 10.0
90.0 155.0 20.0 10.0
89.0 176.0 20.0 10.0
83.0 163.0 20.0 10.0
127.0 211.0 20.0 10.0
134.0 134.0 20.0 10.0
120.0 106.0 20.0 10.0
146.0 125.0 20.0 10.0
150.0 198.0 20.0 10.0
166.0 202.0 20.0 10.0
102.0 174.0 20.0 10.0
142.0 152.0 20.0 10.0
121.0 109.0 20.0 10.0
130.0 154.0 20.0 10.0
72.0 173.0 20.0 10.0
154.0 116.0 20.0 10.0
184.0 166.0 20.0 10.0
182.0 150.0 20.0 10.0
128.0 180.0 20.0 10.0
63.0 173.0 20.0 10.0
130.0 94.0 20.0 10.0
149.0 156.0 20.0 10.0
93.0 126.0 20.0 10.0
91.0 138.0 20.0 10.0
180.0 170.0 20.0 10.0
134.0 172.0 20.0 10.0
133.0 166.0 20.0 10.0
145.0 129.0 20.0 10.0
114.0 88.0 20.0 10.0
131.0 139.0 20.0 10.0
161.0 162.0 20.0 10.0
188.0 78.0 20.0 10.0
169.0 174.0 20.0 10.0
167.0 162.0 20.0 10.0
144.0 163.0 20.0 10.0
126.0 127.0 20.0 10.0
112.0 191.0 20.0 10.0
114.0 164.0 20.0 10.0
67.0 100.0 20.0 10.0
98.0 165.0 20.0 10.0
100.0 119.0 20.0 10.0
127.0 100.0 20.0 10.0
173.0 189.0 20.0 10.0
142.0 145.0 20.0 10.0
167.0 179.0 20.0 10.0
118.0 154.0 20.0 10.0
192.0 136.0 20.0 10.0
143.0 107.0 20.0 10.0
178.0 134.0 20.0 10.0
188.0 144.0 20.0 10.0
165.0 142.0 20.0 10.0
143.0 150.0 20.0 10.0
107.0 176.0 20.0 10.0
114.0 171.0 20.0 10.0
147.0 163.0 20.0 10.0
107.0 151.0 20.0 10.0
101.0 101.0 20.0 10.0
118.0 191.0 20.0 10.0
131.0 208.0 20.0 10.0
119.0 196.0 20.0 10.0
90.0 110.0 20.0 10.0
135.0 170.0 20.0 10.0
153.0 155.0 20.0 10.0
94.0 111.0 20.0 10.0
169.0 185.0 20.0 10.0
156.0 190.0 20.0 10.0
113.0 157.0 20.0 10.0
137.0 134.0 20.0 10.0
162.0 153.0 20.0 10.0
120.0 193.0 20.0 10.0
75.0 162.0 20.0 10.0
164.0 105.0 20.0 10.0
150.0 124.0 20.0 10.0
110.0 145.0 20.0 10.0
159.0 116.0 20.0 10.0
109.0 166.0 20.0 10.0
140.0 165.0 20.0 10.0
102.0 126.0 20.0 10.0
113.0 154.0 20.0 10.0
129.0 150.0 20.0 10.0
103.0 151.0 20.0 10.0
103.0 170.0 20.0 10.0
159.0 100.0 20.0 10.0
130.0 156.0 20.0 10.0
117.0 207.0 20.0 10.0
93.0 129.0 20.0 10.0
123.0 117.0 20.0 10.0
135.0 99.0 20.0 10.0
106.0 127.0 20.0 10.0
124.0 153.0 20.0 10.0
107.0 131.0 20.0 10.0
148.0 173.0 20.0 10.0
124.0 124.0 20.0 10.0
179.0 154.0 20.0 10.0
134.0 160.0 20.0 10.0
137.0 115.0 20.0 10.0
160.0 166.0 20.0 10.0
203.0 111.0 20.0 10.0
143.0 113.0 20.0 10.0
101.0 145.0 20.0 10.0
131.0 183.0 20.0 10.0
149.0 148.0 20.0 10.0
183.0 127.0 20.0 10.0
152.0 174.0 20.0 10.0
164.0 176.0 20.0 10.0
91.0 130.0 20.0 10.0
141.0 208.0 20.0 10.0
163.0 128.0 20.0 10.0
154.0 108.0 20.0 10.0
148.0 121.0 20.0 10.0
93.0 143.0 20.0 10.0
74.0 92.0 20.0 10.0
90.0 163.0 20.0 10.0
111.0 105.0 20.0 10.0
139.0 112.0 20.0 10.0
138.0 126.0 20.0 10.0
135.0 181.0 20.0 10.0
128.0 113.0 20.0 10.0
121.0 178.0 20.0 10.0
120.0 126.0 20.0 10.0
98.0 191.0 20.0 10.0
135.0 133.0 20.0 10.0
138.0 160.0 20.0 10.0
152.0 148.0 20.0 10.0
111.0 181.0 20.0 10.0
174.0 117.0 20.0 10.0
160.0 135.0 20.0 10.0
135.0 175.0 20.0 10.0
137.0 161.0 20.0 10.0
194.0 147.0 20.0 10.0
139.0 131.0 20.0 10.0
109.0 185.0 20.0 10.0
103.0 102.0 20.0 10.0
159.0 104.0 20.0 10.0
139.0 154.0 20.0 10.0
65.0 125.0 20.0 10.0
140.0 104.0 20.0 10.0
127.0 134.0 20.0 10.0
153.0 100.0 20.0 10.0
146.0 173.0 20.0 10.0
177.0 197.0 20.0 10.0
121.0 157.0 20.0 10.0
141.0 198.0 20.0 10.0
121.0 158.0 20.0 10.0
175.0 131.0 20.0 10.0
133.0 155.0 20.0 10.0
181.0 166.0 20.0 10.0
109.0 111.0 20.0 10.0
164.0 83.0 20.0 10.0
171.0 154.0 20.0 10.0
169.0 178.0 20.0 10.0
98.0 122.0 20.0 10.0
136.0 127.0 20.0 10.0
145.0 151.0 20.0 10.0
159.0 171.0 20.0 10.0
189.0 147.0 20.0 10.0
137.0 78.0 20.0 10.0
153.0 213.0 20.0 10.0
142.0 134.0 20.0 10.0
137.0 188.0 20.0 10.0
85.0 111.0 20.0 10.0
112.0 166.0 20.0 10.0
101.0 192.0 20.0 10.0
104.0 146.0 20.0 10.0
149.0 132.0 20.0 10.0
109.0 89.0 20.0 10.0
134.0 115.0 20.0 10.0
123.0 148.0 20.0 10.0
170.0 181.0 20.0 10.0
130.0 178.0 20.0 10.0
109.0 209.0 20.0 10.0
188.0 205.0 20.0 10.0
77.0 150.0 20.0 10.0
146.0 76.0 20.0 10.0
180.0 112.0 20.0 10.0
115.0 134.0 20.0 10.0
153.0 124.0 20.0 10.0
182.0 144.0 20.0 10.0
122.0 106.0 20.0 10.0
97.0 192.0 20.0 10.0
138.0 170.0 20.0 10.0
162.0 125.0 20.0 10.0
117.0 147.0 20.0 10.0
135.0 116.0 20.0 10.0
180.0 147.0 20.0 10.0
185.0 204.0 20.0 10.0
143.0 138.0 20.0 10.0
88.0 132.0 20.0 10.0
107.0 118.0 20.0 10.0
147.0 143.0 20.0 10.0
181.0 132.0 20.0 10.0
98.0 118.0 20.0 10.0
153.0 172.0 20.0 10.0
124.0 152.0 20.0 10.0
187.0 161.0 20.0 10.0
152.0 159.0 20.0 10.0
117.0 165.0 20.0 10.0
157.0 103.0 20.0 10.0
118.0 124.0 20.0 10.0
136.0 129.0 20.0 10.0
89.0 148.0 20.0 10.0
127.0 154.0 20.0 10.0
131.0 133.0 20.0 10.0
125.0 97.0 20.0 10.0
174.0 120.0 20.0 10.0
159.0 195.0 20.0 10.0
186.0 150.0 20.0 10.0
169.0 133.0 20.0 10.0
147.0 169.0 20.0 10.0
73.0 177.0 20.0 10.0
112.0 130.0 20.0 10.0
102.0 176.0 20.0 10.0
154.0 165.0 20.0 10.0
114.0 104.0 20.0 10.0
83.0 148.0 20.0 10.0
88.0 198.0 20.0 10.0
106.0 134.0 20.0 10.0
123.0 191.0 20.0 10.0
94.0 121.0 20.0 10.0
148.0 177.0 20.0 10.0
194.0 93.0 20.0 10.0
113.0 110.0 20.0 10.0
147.0 210.0 20.0 10.0
164.0 122.0 20.0 10.0
99.0 163.0 20.0 10.0
166.0 155.0 20.0 10.0
156.0 125.0 20.0 10.0
136.0 163.0 20.0 10.0
67.0 139.0 20.0 10.0
112.0 124.0 20.0 10.0
