1000
1995.0 724.0 20.0 10.0
1969.0 736.0 20.0 10.0
3159.0 1563.0 20.0 10.0
162.0 2528.0 20.0 10.0
2090.0 1655.0 20.0 10.0
2116.0 1496.0 20.0 10.0
1664.0 181.0 20.0 10.0
1687.0 223.0 20.0 10.0
2028.0 1579.0 20.0 10.0
2069.0 1910.0 20.0 10.0
2076.0 1877.0 20.0 10.0
3467.0 1562.0 20.0 10.0
1923.0 642.0 20.0 10.0
4059.0 1708.0 20.0 10.0
1077.0 1791.0 20.0 10.0
1878.0 650.0 20.0 10.0
1907.0 643.0 20.0 10.0
221.0 2684.0 20.0 10.0
1014.0 2008.0 20.0 10.0
1944.0 661.0 20.0 10.0
1988.0 721.0 20.0 10.0
2036.0 784.0 20.0 10.0
6506.0 2400.0 20.0 10.0
6514.0 2387.0 20.0 10.0
2158.0 1476.0 20.0 10.0
2037.0 1962.0 20.0 10.0
4249.0 1093.0 20.0 10.0
6247.0 2277.0 20.0 10.0
4617.0 1462.0 20.0 10.0
2854.0 1479.0 20.0 10.0
2739.0 1457.0 20.0 10.0
230.0 2141.0 20.0 10.0
2007.0 1531.0 20.0 10.0
431.0 2084.0 20.0 10.0
7044.0 2424.0 20.0 10.0
149.0 2541.0 20.0 10.0
4301.0 1780.0 20.0 10.0
4295.0 1799.0 20.0 10.0
4322.0 1794.0 20.0 10.0
338.0 2113.0 20.0 10.0
358.0 2113.0 20.0 10.0
2036.0 1988.0 20.0 10.0
3063.0 1534.0 20.0 10.0
3090.0 1524.0 20.0 10.0
2098.0 1509.0 20.0 10.0
2016.0 1743.0 20.0 10.0
2026.0 1732.0 20.0 10.0
2049.0 1719.0 20.0 10.0
3172.0 1509.0 20.0 10.0
365.0 2420.0 20.0 10.0
454.0 2072.0 20.0 10.0
6332.0 2272.0 20.0 10.0
5369.0 2041.0 20.0 10.0
6993.0 2432.0 20.0 10.0
1719.0 296.0 20.0 10.0
4100.0 1605.0 20.0 10.0
1305.0 1889.0 20.0 10.0
2080.0 1990.0 20.0 10.0
138.0 2304.0 20.0 10.0
1607.0 224.0 20.0 10.0
6478.0 2287.0 20.0 10.0
355.0 2132.0 20.0 10.0
6547.0 2351.0 20.0 10.0
2837.0 1508.0 20.0 10.0
2825.0 1485.0 20.0 10.0
6265.0 2376.0 20.0 10.0
6515.0 2290.0 20.0 10.0
1082.0 1815.0 20.0 10.0
1930.0 175.0 20.0 10.0
993.0 2044.0 20.0 10.0
826.0 2032.0 20.0 10.0
1712.0 268.0 20.0 10.0
1784.0 545.0 20.0 10.0
2078.0 1842.0 20.0 10.0
2081.0 1802.0 20.0 10.0
6509.0 2323.0 20.0 10.0
6479.0 2326.0 20.0 10.0
2059.0 1822.0 20.0 10.0
486.0 2117.0 20.0 10.0
6694.0 2493.0 20.0 10.0
4587.0 1524.0 20.0 10.0
5801.0 2134.0 20.0 10.0
2141.0 966.0 20.0 10.0
6562.0 2410.0 20.0 10.0
6534.0 2398.0 20.0 10.0
1466.0 1802.0 20.0 10.0
4154.0 1296.0 20.0 10.0
755.0 2057.0 20.0 10.0
2175.0 1446.0 20.0 10.0
2735.0 1477.0 20.0 10.0
2018.0 1533.0 20.0 10.0
2040.0 1534.0 20.0 10.0
425.0 2145.0 20.0 10.0
25.0 2163.0 20.0 10.0
76.0 2328.0 20.0 10.0
2083.0 1756.0 20.0 10.0
6720.0 2513.0 20.0 10.0
2074.0 1934.0 20.0 10.0
2107.0 1605.0 20.0 10.0
473.0 2148.0 20.0 10.0
6995.0 2428.0 20.0 10.0
454.0 2086.0 20.0 10.0
6711.0 2506.0 20.0 10.0
6185.0 2227.0 20.0 10.0
362.0 2333.0 20.0 10.0
459.0 2323.0 20.0 10.0
2093.0 1531.0 20.0 10.0
419.0 2167.0 20.0 10.0
411.0 2143.0 20.0 10.0
464.0 2318.0 20.0 10.0
466.0 2309.0 20.0 10.0
4548.0 1852.0 20.0 10.0
4538.0 1850.0 20.0 10.0
557.0 2119.0 20.0 10.0
1556.0 1713.0 20.0 10.0
1570.0 1726.0 20.0 10.0
5812.0 2178.0 20.0 10.0
1396.0 1749.0 20.0 10.0
7005.0 2442.0 20.0 10.0
2538.0 1363.0 20.0 10.0
2546.0 1389.0 20.0 10.0
245.0 2780.0 20.0 10.0
4479.0 921.0 20.0 10.0
1577.0 70.0 20.0 10.0
1596.0 95.0 20.0 10.0
1623.0 116.0 20.0 10.0
1646.0 146.0 20.0 10.0
2032.0 1619.0 20.0 10.0
4176.0 1744.0 20.0 10.0
4251.0 1558.0 20.0 10.0
4266.0 1557.0 20.0 10.0
6642.0 2463.0 20.0 10.0
147.0 2160.0 20.0 10.0
1970.0 400.0 20.0 10.0
4612.0 1465.0 20.0 10.0
6173.0 2267.0 20.0 10.0
1408.0 1801.0 20.0 10.0
1327.0 1879.0 20.0 10.0
3421.0 1573.0 20.0 10.0
253.0 2369.0 20.0 10.0
270.0 2366.0 20.0 10.0
1965.0 1622.0 20.0 10.0
3460.0 1635.0 20.0 10.0
2161.0 1543.0 20.0 10.0
2117.0 1717.0 20.0 10.0
2104.0 1691.0 20.0 10.0
5780.0 2174.0 20.0 10.0
5775.0 2145.0 20.0 10.0
4504.0 891.0 20.0 10.0
4497.0 900.0 20.0 10.0
481.0 2076.0 20.0 10.0
2003.0 743.0 20.0 10.0
2224.0 1423.0 20.0 10.0
3903.0 1686.0 20.0 10.0
6494.0 2366.0 20.0 10.0
6445.0 2331.0 20.0 10.0
430.0 2308.0 20.0 10.0
455.0 2292.0 20.0 10.0
1560.0 25.0 20.0 10.0
1568.0 46.0 20.0 10.0
1977.0 477.0 20.0 10.0
1985.0 525.0 20.0 10.0
1023.0 1978.0 20.0 10.0
87.0 2155.0 20.0 10.0
1628.0 249.0 20.0 10.0
1647.0 268.0 20.0 10.0
2095.0 1475.0 20.0 10.0
5174.0 1980.0 20.0 10.0
2552.0 1536.0 20.0 10.0
2553.0 1518.0 20.0 10.0
6910.0 2321.0 20.0 10.0
2002.0 598.0 20.0 10.0
4432.0 976.0 20.0 10.0
6721.0 2319.0 20.0 10.0
533.0 2057.0 20.0 10.0
540.0 2072.0 20.0 10.0
1824.0 577.0 20.0 10.0
4225.0 1569.0 20.0 10.0
1580.0 212.0 20.0 10.0
4694.0 1453.0 20.0 10.0
1945.0 292.0 20.0 10.0
1946.0 306.0 20.0 10.0
1161.0 1912.0 20.0 10.0
1593.0 1711.0 20.0 10.0
1758.0 1671.0 20.0 10.0
5646.0 2117.0 20.0 10.0
1657.0 282.0 20.0 10.0
1522.0 1787.0 20.0 10.0
2216.0 1055.0 20.0 10.0
3933.0 1733.0 20.0 10.0
3860.0 1733.0 20.0 10.0
159.0 2514.0 20.0 10.0
4641.0 1500.0 20.0 10.0
2368.0 1513.0 20.0 10.0
4374.0 1112.0 20.0 10.0
4368.0 1090.0 20.0 10.0
4362.0 1070.0 20.0 10.0
1001.0 1989.0 20.0 10.0
1000.0 1915.0 20.0 10.0
1002.0 1924.0 20.0 10.0
2230.0 1534.0 20.0 10.0
4335.0 1087.0 20.0 10.0
4315.0 1109.0 20.0 10.0
6216.0 2204.0 20.0 10.0
6189.0 2209.0 20.0 10.0
3172.0 1556.0 20.0 10.0
4319.0 1564.0 20.0 10.0
4282.0 1577.0 20.0 10.0
3468.0 1702.0 20.0 10.0
2005.0 623.0 20.0 10.0
4597.0 1527.0 20.0 10.0
3704.0 1631.0 20.0 10.0
4644.0 1483.0 20.0 10.0
4636.0 1445.0 20.0 10.0
54.0 2335.0 20.0 10.0
1588.0 1744.0 20.0 10.0
4669.0 1467.0 20.0 10.0
6867.0 2327.0 20.0 10.0
2086.0 1675.0 20.0 10.0
6506.0 2339.0 20.0 10.0
6236.0 2200.0 20.0 10.0
1696.0 315.0 20.0 10.0
241.0 2456.0 20.0 10.0
1580.0 101.0 20.0 10.0
6500.0 2292.0 20.0 10.0
2069.0 1783.0 20.0 10.0
3420.0 1597.0 20.0 10.0
2210.0 1059.0 20.0 10.0
2216.0 1083.0 20.0 10.0
216.0 2477.0 20.0 10.0
3478.0 1668.0 20.0 10.0
3197.0 1520.0 20.0 10.0
1558.0 1604.0 20.0 10.0
6556.0 2388.0 20.0 10.0
6703.0 2321.0 20.0 10.0
2972.0 1501.0 20.0 10.0
2083.0 1823.0 20.0 10.0
3875.0 1718.0 20.0 10.0
3878.0 1690.0 20.0 10.0
2044.0 1661.0 20.0 10.0
2066.0 1661.0 20.0 10.0
1612.0 236.0 20.0 10.0
1882.0 590.0 20.0 10.0
1754.0 515.0 20.0 10.0
444.0 2058.0 20.0 10.0
1245.0 1879.0 20.0 10.0
1191.0 1847.0 20.0 10.0
1186.0 1868.0 20.0 10.0
1181.0 1891.0 20.0 10.0
185.0 2273.0 20.0 10.0
1930.0 1599.0 20.0 10.0
5022.0 1967.0 20.0 10.0
5012.0 1954.0 20.0 10.0
268.0 2256.0 20.0 10.0
1934.0 327.0 20.0 10.0
2056.0 1989.0 20.0 10.0
6227.0 2291.0 20.0 10.0
6199.0 2293.0 20.0 10.0
4488.0 910.0 20.0 10.0
6880.0 2410.0 20.0 10.0
1065.0 1783.0 20.0 10.0
4474.0 1809.0 20.0 10.0
4345.0 1776.0 20.0 10.0
1527.0 1648.0 20.0 10.0
567.0 2216.0 20.0 10.0
1589.0 207.0 20.0 10.0
1597.0 219.0 20.0 10.0
4095.0 1595.0 20.0 10.0
1673.0 1707.0 20.0 10.0
129.0 2554.0 20.0 10.0
624.0 2173.0 20.0 10.0
2002.0 1591.0 20.0 10.0
2036.0 1949.0 20.0 10.0
743.0 2077.0 20.0 10.0
1812.0 549.0 20.0 10.0
1330.0 1846.0 20.0 10.0
4510.0 929.0 20.0 10.0
4487.0 936.0 20.0 10.0
2562.0 1533.0 20.0 10.0
2563.0 1522.0 20.0 10.0
1572.0 1632.0 20.0 10.0
1589.0 1645.0 20.0 10.0
1567.0 1664.0 20.0 10.0
358.0 2446.0 20.0 10.0
6310.0 2398.0 20.0 10.0
2036.0 1694.0 20.0 10.0
1558.0 207.0 20.0 10.0
4745.0 1891.0 20.0 10.0
4731.0 1876.0 20.0 10.0
4380.0 988.0 20.0 10.0
1968.0 409.0 20.0 10.0
1968.0 432.0 20.0 10.0
1698.0 1711.0 20.0 10.0
1770.0 531.0 20.0 10.0
2289.0 1184.0 20.0 10.0
2296.0 1195.0 20.0 10.0
2302.0 1216.0 20.0 10.0
1544.0 1694.0 20.0 10.0
5374.0 2023.0 20.0 10.0
5369.0 2051.0 20.0 10.0
5388.0 2060.0 20.0 10.0
2542.0 1508.0 20.0 10.0
262.0 2697.0 20.0 10.0
1036.0 1993.0 20.0 10.0
3494.0 1707.0 20.0 10.0
1343.0 1874.0 20.0 10.0
6698.0 2321.0 20.0 10.0
6669.0 2321.0 20.0 10.0
6333.0 2399.0 20.0 10.0
2050.0 1935.0 20.0 10.0
2026.0 1516.0 20.0 10.0
4201.0 1743.0 20.0 10.0
181.0 2145.0 20.0 10.0
6735.0 2531.0 20.0 10.0
6725.0 2515.0 20.0 10.0
6252.0 2301.0 20.0 10.0
4250.0 1180.0 20.0 10.0
4049.0 1443.0 20.0 10.0
4220.0 1203.0 20.0 10.0
4192.0 1230.0 20.0 10.0
4165.0 1260.0 20.0 10.0
4628.0 1455.0 20.0 10.0
6887.0 2324.0 20.0 10.0
3831.0 1653.0 20.0 10.0
4436.0 967.0 20.0 10.0
2094.0 1587.0 20.0 10.0
2203.0 1525.0 20.0 10.0
5522.0 2084.0 20.0 10.0
3452.0 1666.0 20.0 10.0
3466.0 1649.0 20.0 10.0
1820.0 438.0 20.0 10.0
459.0 2063.0 20.0 10.0
4532.0 1844.0 20.0 10.0
4514.0 1845.0 20.0 10.0
1171.0 1901.0 20.0 10.0
2415.0 1515.0 20.0 10.0
2662.0 1470.0 20.0 10.0
102.0 2319.0 20.0 10.0
130.0 2309.0 20.0 10.0
1037.0 2021.0 20.0 10.0
4561.0 1484.0 20.0 10.0
1521.0 1638.0 20.0 10.0
1995.0 1592.0 20.0 10.0
492.0 2183.0 20.0 10.0
1419.0 1796.0 20.0 10.0
4507.0 1835.0 20.0 10.0
4489.0 1825.0 20.0 10.0
1070.0 1791.0 20.0 10.0
2405.0 1550.0 20.0 10.0
2600.0 1311.0 20.0 10.0
2603.0 1321.0 20.0 10.0
1790.0 536.0 20.0 10.0
6792.0 2329.0 20.0 10.0
2387.0 1531.0 20.0 10.0
4473.0 926.0 20.0 10.0
2036.0 1889.0 20.0 10.0
2036.0 1867.0 20.0 10.0
2039.0 1848.0 20.0 10.0
2116.0 1502.0 20.0 10.0
4858.0 1910.0 20.0 10.0
207.0 2673.0 20.0 10.0
3405.0 1546.0 20.0 10.0
2131.0 1755.0 20.0 10.0
2126.0 1731.0 20.0 10.0
331.0 2383.0 20.0 10.0
1275.0 1912.0 20.0 10.0
6307.0 2387.0 20.0 10.0
4335.0 1759.0 20.0 10.0
3886.0 1666.0 20.0 10.0
1997.0 1761.0 20.0 10.0
4625.0 1535.0 20.0 10.0
1302.0 1815.0 20.0 10.0
1320.0 1820.0 20.0 10.0
1583.0 1669.0 20.0 10.0
4602.0 1843.0 20.0 10.0
4045.0 1661.0 20.0 10.0
4353.0 1862.0 20.0 10.0
4348.0 1853.0 20.0 10.0
4342.0 1843.0 20.0 10.0
3418.0 1586.0 20.0 10.0
367.0 2410.0 20.0 10.0
6587.0 2316.0 20.0 10.0
210.0 2496.0 20.0 10.0
1684.0 1683.0 20.0 10.0
7023.0 2404.0 20.0 10.0
1963.0 341.0 20.0 10.0
1561.0 1622.0 20.0 10.0
233.0 2700.0 20.0 10.0
157.0 2290.0 20.0 10.0
4362.0 1570.0 20.0 10.0
428.0 2017.0 20.0 10.0
440.0 2024.0 20.0 10.0
2071.0 1964.0 20.0 10.0
4216.0 1179.0 20.0 10.0
6604.0 2428.0 20.0 10.0
4416.0 997.0 20.0 10.0
4410.0 1004.0 20.0 10.0
4212.0 1602.0 20.0 10.0
1661.0 279.0 20.0 10.0
6220.0 2318.0 20.0 10.0
1930.0 210.0 20.0 10.0
4073.0 1659.0 20.0 10.0
1499.0 1644.0 20.0 10.0
2451.0 1354.0 20.0 10.0
4567.0 1521.0 20.0 10.0
1982.0 1769.0 20.0 10.0
4512.0 1518.0 20.0 10.0
63.0 2721.0 20.0 10.0
511.0 2258.0 20.0 10.0
1608.0 1658.0 20.0 10.0
6838.0 2376.0 20.0 10.0
200.0 2484.0 20.0 10.0
3854.0 1742.0 20.0 10.0
6327.0 2387.0 20.0 10.0
352.0 2227.0 20.0 10.0
263.0 2138.0 20.0 10.0
2410.0 1541.0 20.0 10.0
5164.0 2003.0 20.0 10.0
1805.0 464.0 20.0 10.0
4635.0 1471.0 20.0 10.0
1876.0 157.0 20.0 10.0
6233.0 2369.0 20.0 10.0
6253.0 2360.0 20.0 10.0
4299.0 1832.0 20.0 10.0
4325.0 1822.0 20.0 10.0
4244.0 1130.0 20.0 10.0
2031.0 1717.0 20.0 10.0
3909.0 1659.0 20.0 10.0
1668.0 295.0 20.0 10.0
1804.0 601.0 20.0 10.0
2115.0 1695.0 20.0 10.0
1598.0 1689.0 20.0 10.0
1572.0 1694.0 20.0 10.0
1604.0 57.0 20.0 10.0
1767.0 574.0 20.0 10.0
1780.0 586.0 20.0 10.0
59.0 2771.0 20.0 10.0
2038.0 1675.0 20.0 10.0
2091.0 1554.0 20.0 10.0
1518.0 1657.0 20.0 10.0
1531.0 1678.0 20.0 10.0
2586.0 1480.0 20.0 10.0
482.0 2289.0 20.0 10.0
1695.0 288.0 20.0 10.0
3133.0 1528.0 20.0 10.0
1303.0 1839.0 20.0 10.0
3926.0 1560.0 20.0 10.0
3946.0 1568.0 20.0 10.0
6585.0 2414.0 20.0 10.0
1625.0 94.0 20.0 10.0
1989.0 1593.0 20.0 10.0
1078.0 1946.0 20.0 10.0
6832.0 2398.0 20.0 10.0
6797.0 2383.0 20.0 10.0
6754.0 2364.0 20.0 10.0
1959.0 715.0 20.0 10.0
154.0 2756.0 20.0 10.0
4216.0 1743.0 20.0 10.0
216.0 2258.0 20.0 10.0
6301.0 2416.0 20.0 10.0
6299.0 2357.0 20.0 10.0
1801.0 561.0 20.0 10.0
4560.0 1861.0 20.0 10.0
2081.0 1866.0 20.0 10.0
51.0 2315.0 20.0 10.0
4986.0 1943.0 20.0 10.0
190.0 2772.0 20.0 10.0
1703.0 514.0 20.0 10.0
1718.0 524.0 20.0 10.0
1736.0 543.0 20.0 10.0
6966.0 2376.0 20.0 10.0
411.0 2171.0 20.0 10.0
1604.0 221.0 20.0 10.0
1960.0 364.0 20.0 10.0
1961.0 388.0 20.0 10.0
4152.0 1629.0 20.0 10.0
2299.0 1524.0 20.0 10.0
6261.0 2275.0 20.0 10.0
7028.0 2418.0 20.0 10.0
1492.0 1639.0 20.0 10.0
586.0 2121.0 20.0 10.0
618.0 2138.0 20.0 10.0
680.0 2129.0 20.0 10.0
2262.0 1162.0 20.0 10.0
1299.0 1863.0 20.0 10.0
449.0 2084.0 20.0 10.0
475.0 2084.0 20.0 10.0
4218.0 1143.0 20.0 10.0
1615.0 85.0 20.0 10.0
5653.0 2136.0 20.0 10.0
1352.0 1865.0 20.0 10.0
3169.0 1528.0 20.0 10.0
434.0 2350.0 20.0 10.0
4088.0 1710.0 20.0 10.0
3960.0 1676.0 20.0 10.0
6344.0 2447.0 20.0 10.0
6631.0 2328.0 20.0 10.0
2064.0 1696.0 20.0 10.0
4595.0 1471.0 20.0 10.0
2249.0 1162.0 20.0 10.0
1841.0 604.0 20.0 10.0
1873.0 622.0 20.0 10.0
1894.0 154.0 20.0 10.0
1886.0 180.0 20.0 10.0
4072.0 1402.0 20.0 10.0
4475.0 1528.0 20.0 10.0
4436.0 1533.0 20.0 10.0
282.0 2133.0 20.0 10.0
298.0 2134.0 20.0 10.0
3149.0 1572.0 20.0 10.0
6537.0 2309.0 20.0 10.0
1903.0 573.0 20.0 10.0
1906.0 600.0 20.0 10.0
3414.0 1617.0 20.0 10.0
2623.0 1407.0 20.0 10.0
2642.0 1423.0 20.0 10.0
5742.0 2133.0 20.0 10.0
5619.0 2103.0 20.0 10.0
5495.0 2072.0 20.0 10.0
2534.0 1547.0 20.0 10.0
2077.0 1955.0 20.0 10.0
2511.0 1490.0 20.0 10.0
6720.0 2338.0 20.0 10.0
1573.0 114.0 20.0 10.0
2855.0 1498.0 20.0 10.0
4241.0 1196.0 20.0 10.0
1736.0 317.0 20.0 10.0
1761.0 369.0 20.0 10.0
1796.0 423.0 20.0 10.0
1831.0 481.0 20.0 10.0
1869.0 540.0 20.0 10.0
259.0 2456.0 20.0 10.0
980.0 1995.0 20.0 10.0
35.0 2709.0 20.0 10.0
475.0 2306.0 20.0 10.0
555.0 2073.0 20.0 10.0
562.0 2096.0 20.0 10.0
6782.0 2377.0 20.0 10.0
6752.0 2374.0 20.0 10.0
4181.0 1615.0 20.0 10.0
6316.0 2365.0 20.0 10.0
6290.0 2377.0 20.0 10.0
1285.0 1905.0 20.0 10.0
117.0 2755.0 20.0 10.0
1597.0 199.0 20.0 10.0
223.0 2793.0 20.0 10.0
220.0 2763.0 20.0 10.0
2059.0 835.0 20.0 10.0
4671.0 1492.0 20.0 10.0
1772.0 416.0 20.0 10.0
1778.0 433.0 20.0 10.0
5396.0 2064.0 20.0 10.0
5401.0 2060.0 20.0 10.0
3917.0 1716.0 20.0 10.0
3927.0 1695.0 20.0 10.0
3931.0 1671.0 20.0 10.0
2046.0 1798.0 20.0 10.0
513.0 2054.0 20.0 10.0
6525.0 2367.0 20.0 10.0
6674.0 2488.0 20.0 10.0
4482.0 1506.0 20.0 10.0
1844.0 1634.0 20.0 10.0
2399.0 1505.0 20.0 10.0
6994.0 2402.0 20.0 10.0
4603.0 1528.0 20.0 10.0
1405.0 1752.0 20.0 10.0
1385.0 1775.0 20.0 10.0
1395.0 1782.0 20.0 10.0
118.0 2653.0 20.0 10.0
88.0 2666.0 20.0 10.0
2719.0 1475.0 20.0 10.0
6245.0 2337.0 20.0 10.0
6151.0 2223.0 20.0 10.0
4141.0 1292.0 20.0 10.0
4551.0 1856.0 20.0 10.0
1952.0 328.0 20.0 10.0
1953.0 345.0 20.0 10.0
38.0 2161.0 20.0 10.0
59.0 2159.0 20.0 10.0
148.0 2146.0 20.0 10.0
198.0 2144.0 20.0 10.0
5802.0 2154.0 20.0 10.0
366.0 2324.0 20.0 10.0
2042.0 1598.0 20.0 10.0
2092.0 1645.0 20.0 10.0
1956.0 369.0 20.0 10.0
6573.0 2424.0 20.0 10.0
6183.0 2256.0 20.0 10.0
6185.0 2283.0 20.0 10.0
386.0 2397.0 20.0 10.0
1638.0 157.0 20.0 10.0
2822.0 1470.0 20.0 10.0
370.0 2116.0 20.0 10.0
383.0 2119.0 20.0 10.0
5828.0 2181.0 20.0 10.0
1595.0 1621.0 20.0 10.0
4469.0 943.0 20.0 10.0
1785.0 443.0 20.0 10.0
1628.0 1715.0 20.0 10.0
1617.0 1697.0 20.0 10.0
3192.0 1496.0 20.0 10.0
5242.0 2008.0 20.0 10.0
2077.0 1492.0 20.0 10.0
2074.0 1508.0 20.0 10.0
6338.0 2404.0 20.0 10.0
1430.0 1778.0 20.0 10.0
1450.0 1789.0 20.0 10.0
1455.0 1760.0 20.0 10.0
4207.0 1153.0 20.0 10.0
4251.0 1082.0 20.0 10.0
3395.0 1538.0 20.0 10.0
1738.0 498.0 20.0 10.0
2042.0 1838.0 20.0 10.0
6317.0 2438.0 20.0 10.0
1005.0 1940.0 20.0 10.0
1580.0 76.0 20.0 10.0
4353.0 1805.0 20.0 10.0
4347.0 1800.0 20.0 10.0
468.0 2129.0 20.0 10.0
2127.0 931.0 20.0 10.0
2172.0 1007.0 20.0 10.0
2025.0 1539.0 20.0 10.0
1416.0 1815.0 20.0 10.0
5115.0 1976.0 20.0 10.0
268.0 2434.0 20.0 10.0
297.0 2245.0 20.0 10.0
308.0 2242.0 20.0 10.0
325.0 2224.0 20.0 10.0
371.0 2214.0 20.0 10.0
6141.0 2243.0 20.0 10.0
4615.0 1531.0 20.0 10.0
1375.0 1852.0 20.0 10.0
7016.0 2430.0 20.0 10.0
4091.0 1683.0 20.0 10.0
178.0 2513.0 20.0 10.0
414.0 2327.0 20.0 10.0
2121.0 1488.0 20.0 10.0
6437.0 2290.0 20.0 10.0
135.0 2521.0 20.0 10.0
345.0 2372.0 20.0 10.0
370.0 2357.0 20.0 10.0
2005.0 1753.0 20.0 10.0
6357.0 2418.0 20.0 10.0
2439.0 1502.0 20.0 10.0
6950.0 2396.0 20.0 10.0
146.0 2787.0 20.0 10.0
1925.0 159.0 20.0 10.0
2308.0 1241.0 20.0 10.0
6259.0 2192.0 20.0 10.0
1093.0 1878.0 20.0 10.0
2277.0 1165.0 20.0 10.0
4357.0 1550.0 20.0 10.0
1967.0 699.0 20.0 10.0
2020.0 1566.0 20.0 10.0
836.0 2055.0 20.0 10.0
915.0 2018.0 20.0 10.0
3492.0 1693.0 20.0 10.0
6260.0 2250.0 20.0 10.0
6219.0 2247.0 20.0 10.0
6103.0 2221.0 20.0 10.0
2110.0 1710.0 20.0 10.0
296.0 2410.0 20.0 10.0
1919.0 114.0 20.0 10.0
2107.0 1460.0 20.0 10.0
1580.0 187.0 20.0 10.0
4540.0 1872.0 20.0 10.0
4530.0 1852.0 20.0 10.0
6525.0 2382.0 20.0 10.0
4369.0 1571.0 20.0 10.0
178.0 2396.0 20.0 10.0
199.0 2390.0 20.0 10.0
1500.0 1799.0 20.0 10.0
2158.0 967.0 20.0 10.0
35.0 2341.0 20.0 10.0
2091.0 1725.0 20.0 10.0
2086.0 1701.0 20.0 10.0
457.0 2034.0 20.0 10.0
485.0 2044.0 20.0 10.0
2049.0 1538.0 20.0 10.0
1811.0 456.0 20.0 10.0
2076.0 1836.0 20.0 10.0
2071.0 1536.0 20.0 10.0
2283.0 1174.0 20.0 10.0
1095.0 1809.0 20.0 10.0
1702.0 327.0 20.0 10.0
2020.0 1704.0 20.0 10.0
6340.0 2426.0 20.0 10.0
3329.0 1567.0 20.0 10.0
3209.0 1546.0 20.0 10.0
6391.0 2299.0 20.0 10.0
2611.0 1358.0 20.0 10.0
4083.0 1660.0 20.0 10.0
4111.0 1625.0 20.0 10.0
4125.0 1644.0 20.0 10.0
522.0 2147.0 20.0 10.0
1589.0 123.0 20.0 10.0
6248.0 2196.0 20.0 10.0
1093.0 1845.0 20.0 10.0
3454.0 1621.0 20.0 10.0
4120.0 1328.0 20.0 10.0
4095.0 1365.0 20.0 10.0
4228.0 1124.0 20.0 10.0
2026.0 729.0 20.0 10.0
5896.0 2174.0 20.0 10.0
4252.0 1219.0 20.0 10.0
468.0 2189.0 20.0 10.0
518.0 2172.0 20.0 10.0
568.0 2155.0 20.0 10.0
2862.0 1501.0 20.0 10.0
6474.0 2296.0 20.0 10.0
6609.0 2444.0 20.0 10.0
248.0 2376.0 20.0 10.0
2107.0 1440.0 20.0 10.0
253.0 2442.0 20.0 10.0
4400.0 1019.0 20.0 10.0
4392.0 1024.0 20.0 10.0
4370.0 1044.0 20.0 10.0
2121.0 1707.0 20.0 10.0
2047.0 1530.0 20.0 10.0
6757.0 2342.0 20.0 10.0
1957.0 1597.0 20.0 10.0
1976.0 1597.0 20.0 10.0
6723.0 2352.0 20.0 10.0
1613.0 1721.0 20.0 10.0
1515.0 1621.0 20.0 10.0
1091.0 1819.0 20.0 10.0
1088.0 1840.0 20.0 10.0
1090.0 1868.0 20.0 10.0
6215.0 2223.0 20.0 10.0
6205.0 2245.0 20.0 10.0
1940.0 255.0 20.0 10.0
1613.0 138.0 20.0 10.0
1745.0 505.0 20.0 10.0
1921.0 133.0 20.0 10.0
67.0 2688.0 20.0 10.0
6963.0 2406.0 20.0 10.0
7085.0 2429.0 20.0 10.0
7058.0 2429.0 20.0 10.0
2043.0 1808.0 20.0 10.0
2085.0 1573.0 20.0 10.0
1022.0 1925.0 20.0 10.0
1900.0 561.0 20.0 10.0
1508.0 1650.0 20.0 10.0
3445.0 1579.0 20.0 10.0
3435.0 1604.0 20.0 10.0
176.0 2676.0 20.0 10.0
2841.0 1495.0 20.0 10.0
3460.0 1567.0 20.0 10.0
6497.0 2305.0 20.0 10.0
3578.0 1609.0 20.0 10.0
1594.0 128.0 20.0 10.0
2357.0 1320.0 20.0 10.0
5651.0 2111.0 20.0 10.0
168.0 2147.0 20.0 10.0
3952.0 1596.0 20.0 10.0
337.0 2139.0 20.0 10.0
378.0 2144.0 20.0 10.0
1232.0 1944.0 20.0 10.0
1243.0 1936.0 20.0 10.0
1580.0 41.0 20.0 10.0
4130.0 1307.0 20.0 10.0
4470.0 934.0 20.0 10.0
330.0 2385.0 20.0 10.0
2602.0 1326.0 20.0 10.0
2606.0 1334.0 20.0 10.0
138.0 2549.0 20.0 10.0
1833.0 456.0 20.0 10.0
4148.0 1750.0 20.0 10.0
2163.0 980.0 20.0 10.0
365.0 2338.0 20.0 10.0
4007.0 1529.0 20.0 10.0
3989.0 1575.0 20.0 10.0
3971.0 1624.0 20.0 10.0
4057.0 1637.0 20.0 10.0
6228.0 2397.0 20.0 10.0
959.0 1998.0 20.0 10.0
4341.0 1784.0 20.0 10.0
4377.0 1020.0 20.0 10.0
4028.0 1484.0 20.0 10.0
4664.0 1498.0 20.0 10.0
3156.0 1545.0 20.0 10.0
3184.0 1555.0 20.0 10.0
2046.0 857.0 20.0 10.0
3187.0 1503.0 20.0 10.0
1818.0 419.0 20.0 10.0
2138.0 1712.0 20.0 10.0
3479.0 1675.0 20.0 10.0
4458.0 950.0 20.0 10.0
1360.0 1862.0 20.0 10.0
3961.0 1570.0 20.0 10.0
6630.0 2319.0 20.0 10.0
2081.0 856.0 20.0 10.0
6664.0 2473.0 20.0 10.0
236.0 2385.0 20.0 10.0
3452.0 1587.0 20.0 10.0
6290.0 2329.0 20.0 10.0
6274.0 2352.0 20.0 10.0
2179.0 1038.0 20.0 10.0
1354.0 1855.0 20.0 10.0
1386.0 1836.0 20.0 10.0
6163.0 2216.0 20.0 10.0
6136.0 2222.0 20.0 10.0
3888.0 1729.0 20.0 10.0
3908.0 1715.0 20.0 10.0
1285.0 1820.0 20.0 10.0
4384.0 1026.0 20.0 10.0
4357.0 1034.0 20.0 10.0
4657.0 1459.0 20.0 10.0
212.0 2394.0 20.0 10.0
6349.0 2411.0 20.0 10.0
1757.0 564.0 20.0 10.0
6832.0 2328.0 20.0 10.0
389.0 2124.0 20.0 10.0
2122.0 960.0 20.0 10.0
2033.0 1728.0 20.0 10.0
3462.0 1601.0 20.0 10.0
387.0 2327.0 20.0 10.0
409.0 2310.0 20.0 10.0
190.0 2742.0 20.0 10.0
1535.0 1669.0 20.0 10.0
6463.0 2370.0 20.0 10.0
2037.0 1837.0 20.0 10.0
4546.0 1505.0 20.0 10.0
252.0 2766.0 20.0 10.0
2644.0 1492.0 20.0 10.0
1292.0 1895.0 20.0 10.0
199.0 2703.0 20.0 10.0
1727.0 340.0 20.0 10.0
1415.0 1757.0 20.0 10.0
6864.0 2405.0 20.0 10.0
4398.0 1519.0 20.0 10.0
4193.0 1744.0 20.0 10.0
4146.0 1317.0 20.0 10.0
4103.0 1660.0 20.0 10.0
505.0 2075.0 20.0 10.0
501.0 2097.0 20.0 10.0
529.0 2108.0 20.0 10.0
410.0 2375.0 20.0 10.0
6678.0 2341.0 20.0 10.0
2614.0 1363.0 20.0 10.0
2617.0 1384.0 20.0 10.0
6982.0 2400.0 20.0 10.0
1476.0 1769.0 20.0 10.0
1935.0 239.0 20.0 10.0
1940.0 271.0 20.0 10.0
4443.0 967.0 20.0 10.0
4427.0 985.0 20.0 10.0
4303.0 1810.0 20.0 10.0
4580.0 1494.0 20.0 10.0
1908.0 195.0 20.0 10.0
4351.0 1066.0 20.0 10.0
6776.0 2356.0 20.0 10.0
6329.0 2407.0 20.0 10.0
405.0 2122.0 20.0 10.0
4247.0 1107.0 20.0 10.0
1301.0 1896.0 20.0 10.0
4615.0 1490.0 20.0 10.0
4169.0 1747.0 20.0 10.0
156.0 2623.0 20.0 10.0
151.0 2652.0 20.0 10.0
6233.0 2402.0 20.0 10.0
6234.0 2391.0 20.0 10.0
68.0 2157.0 20.0 10.0
112.0 2152.0 20.0 10.0
138.0 2150.0 20.0 10.0
4676.0 1446.0 20.0 10.0
4651.0 1454.0 20.0 10.0
94.0 2573.0 20.0 10.0
2121.0 1724.0 20.0 10.0
4366.0 1785.0 20.0 10.0
4350.0 1789.0 20.0 10.0
2073.0 1731.0 20.0 10.0
419.0 2204.0 20.0 10.0
1077.0 1801.0 20.0 10.0
326.0 2404.0 20.0 10.0
6938.0 2388.0 20.0 10.0
1011.0 2019.0 20.0 10.0
1995.0 573.0 20.0 10.0
6569.0 2390.0 20.0 10.0
3462.0 1691.0 20.0 10.0
2070.0 1595.0 20.0 10.0
1088.0 1898.0 20.0 10.0
1084.0 1923.0 20.0 10.0
4251.0 1064.0 20.0 10.0
5140.0 1994.0 20.0 10.0
2160.0 1714.0 20.0 10.0
4295.0 1130.0 20.0 10.0
4275.0 1155.0 20.0 10.0
2013.0 647.0 20.0 10.0
1483.0 1793.0 20.0 10.0
2562.0 1495.0 20.0 10.0
6237.0 2379.0 20.0 10.0
2089.0 1747.0 20.0 10.0
570.0 2142.0 20.0 10.0
5347.0 2061.0 20.0 10.0
249.0 2244.0 20.0 10.0
283.0 2233.0 20.0 10.0
417.0 1999.0 20.0 10.0
2078.0 1793.0 20.0 10.0
6779.0 2329.0 20.0 10.0
6743.0 2330.0 20.0 10.0
6688.0 2332.0 20.0 10.0
6234.0 2421.0 20.0 10.0
6522.0 2303.0 20.0 10.0
2562.0 1472.0 20.0 10.0
2088.0 1614.0 20.0 10.0
2065.0 1572.0 20.0 10.0
6672.0 2478.0 20.0 10.0
1485.0 1755.0 20.0 10.0
1502.0 1779.0 20.0 10.0
5176.0 2009.0 20.0 10.0
1393.0 1810.0 20.0 10.0
2141.0 1743.0 20.0 10.0
758.0 2093.0 20.0 10.0
549.0 2231.0 20.0 10.0
4359.0 1883.0 20.0 10.0
1257.0 1926.0 20.0 10.0
6912.0 2339.0 20.0 10.0
6890.0 2342.0 20.0 10.0
991.0 1952.0 20.0 10.0
971.0 1971.0 20.0 10.0
992.0 1991.0 20.0 10.0
7051.0 2428.0 20.0 10.0
83.0 2749.0 20.0 10.0
2279.0 1513.0 20.0 10.0
6472.0 2346.0 20.0 10.0
6464.0 2348.0 20.0 10.0
4246.0 1589.0 20.0 10.0
3432.0 1558.0 20.0 10.0
2015.0 675.0 20.0 10.0
298.0 2355.0 20.0 10.0
5984.0 2192.0 20.0 10.0
5864.0 2162.0 20.0 10.0
2204.0 1043.0 20.0 10.0
1003.0 1961.0 20.0 10.0
995.0 1981.0 20.0 10.0
4338.0 1832.0 20.0 10.0
1961.0 351.0 20.0 10.0
6707.0 2347.0 20.0 10.0
113.0 2564.0 20.0 10.0
224.0 2384.0 20.0 10.0
1660.0 493.0 20.0 10.0
1678.0 497.0 20.0 10.0
1689.0 506.0 20.0 10.0
4247.0 1113.0 20.0 10.0
5609.0 2141.0 20.0 10.0
5633.0 2138.0 20.0 10.0
6774.0 2362.0 20.0 10.0
2170.0 1454.0 20.0 10.0
43.0 2793.0 20.0 10.0
2212.0 1523.0 20.0 10.0
2286.0 1549.0 20.0 10.0
1810.0 594.0 20.0 10.0
4234.0 1160.0 20.0 10.0
6967.0 2426.0 20.0 10.0
6935.0 2409.0 20.0 10.0
6899.0 2388.0 20.0 10.0
4414.0 1558.0 20.0 10.0
4406.0 1558.0 20.0 10.0
4396.0 1540.0 20.0 10.0
1939.0 243.0 20.0 10.0
181.0 2505.0 20.0 10.0
210.0 2369.0 20.0 10.0
3867.0 1723.0 20.0 10.0
3875.0 1699.0 20.0 10.0
2221.0 1557.0 20.0 10.0
462.0 2107.0 20.0 10.0
195.0 2496.0 20.0 10.0
234.0 2356.0 20.0 10.0
380.0 2322.0 20.0 10.0
25.0 2806.0 20.0 10.0
1298.0 1820.0 20.0 10.0
3925.0 1583.0 20.0 10.0
1247.0 1933.0 20.0 10.0
6511.0 2297.0 20.0 10.0
1764.0 526.0 20.0 10.0
4129.0 1754.0 20.0 10.0
999.0 2036.0 20.0 10.0
1005.0 2027.0 20.0 10.0
2289.0 1371.0 20.0 10.0
981.0 2056.0 20.0 10.0
986.0 2050.0 20.0 10.0
2017.0 1588.0 20.0 10.0
330.0 2341.0 20.0 10.0
4384.0 1059.0 20.0 10.0
228.0 2129.0 20.0 10.0
251.0 2129.0 20.0 10.0
268.0 2130.0 20.0 10.0
4380.0 1009.0 20.0 10.0
4691.0 1495.0 20.0 10.0
3900.0 1738.0 20.0 10.0
4350.0 1529.0 20.0 10.0
3931.0 1714.0 20.0 10.0
1929.0 142.0 20.0 10.0
1930.0 166.0 20.0 10.0
1929.0 186.0 20.0 10.0
2608.0 1341.0 20.0 10.0
6550.0 2391.0 20.0 10.0
2000.0 693.0 20.0 10.0
2000.0 700.0 20.0 10.0
