1000
1007.0 931.0 20.0 10.0
1111.0 1035.0 20.0 10.0
1107.0 1061.0 20.0 10.0
994.0 996.0 20.0 10.0
1121.0 1075.0 20.0 10.0
912.0 814.0 20.0 10.0
1199.0 1145.0 20.0 10.0
764.0 814.0 20.0 10.0
1289.0 1240.0 20.0 10.0
1103.0 1094.0 20.0 10.0
1325.0 1327.0 20.0 10.0
1354.0 1248.0 20.0 10.0
1140.0 1021.0 20.0 10.0
632.0 780.0 20.0 10.0
697.0 879.0 20.0 10.0
1084.0 1061.0 20.0 10.0
503.0 751.0 20.0 10.0
990.0 770.0 20.0 10.0
1367.0 1303.0 20.0 10.0
1183.0 1028.0 20.0 10.0
396.0 753.0 20.0 10.0
1249.0 1012.0 20.0 10.0
1362.0 1412.0 20.0 10.0
929.0 687.0 20.0 10.0
635.0 943.0 20.0 10.0
1161.0 998.0 20.0 10.0
429.0 701.0 20.0 10.0
1068.0 725.0 20.0 10.0
607.0 740.0 20.0 10.0
982.0 1061.0 20.0 10.0
947.0 561.0 20.0 10.0
318.0 761.0 20.0 10.0
975.0 1125.0 20.0 10.0
327.0 742.0 20.0 10.0
955.0 524.0 20.0 10.0
1133.0 686.0 20.0 10.0
242.0 770.0 20.0 10.0
963.0 441.0 20.0 10.0
975.0 523.0 20.0 10.0
1355.0 1444.0 20.0 10.0
1346.0 1344.0 20.0 10.0
1286.0 1000.0 20.0 10.0
1000.0 486.0 20.0 10.0
578.0 986.0 20.0 10.0
1399.0 1482.0 20.0 10.0
455.0 747.0 20.0 10.0
610.0 757.0 20.0 10.0
600.0 951.0 20.0 10.0
1063.0 1087.0 20.0 10.0
1085.0 688.0 20.0 10.0
1056.0 1104.0 20.0 10.0
1306.0 1001.0 20.0 10.0
1198.0 647.0 20.0 10.0
956.0 418.0 20.0 10.0
1124.0 700.0 20.0 10.0
655.0 879.0 20.0 10.0
1118.0 1107.0 20.0 10.0
1443.0 1347.0 20.0 10.0
179.0 776.0 20.0 10.0
964.0 411.0 20.0 10.0
1396.0 1354.0 20.0 10.0
628.0 889.0 20.0 10.0
926.0 520.0 20.0 10.0
1257.0 612.0 20.0 10.0
964.0 382.0 20.0 10.0
1157.0 1033.0 20.0 10.0
356.0 655.0 20.0 10.0
299.0 623.0 20.0 10.0
1153.0 660.0 20.0 10.0
1178.0 622.0 20.0 10.0
1416.0 1255.0 20.0 10.0
525.0 1029.0 20.0 10.0
252.0 597.0 20.0 10.0
983.0 409.0 20.0 10.0
1318.0 982.0 20.0 10.0
988.0 388.0 20.0 10.0
978.0 343.0 20.0 10.0
1165.0 632.0 20.0 10.0
786.0 823.0 20.0 10.0
671.0 871.0 20.0 10.0
601.0 781.0 20.0 10.0
588.0 705.0 20.0 10.0
262.0 730.0 20.0 10.0
607.0 997.0 20.0 10.0
738.0 798.0 20.0 10.0
960.0 494.0 20.0 10.0
567.0 673.0 20.0 10.0
934.0 528.0 20.0 10.0
1174.0 697.0 20.0 10.0
1449.0 1274.0 20.0 10.0
965.0 1157.0 20.0 10.0
1384.0 1464.0 20.0 10.0
1381.0 1507.0 20.0 10.0
1497.0 1390.0 20.0 10.0
211.0 571.0 20.0 10.0
1518.0 1405.0 20.0 10.0
472.0 751.0 20.0 10.0
599.0 768.0 20.0 10.0
673.0 893.0 20.0 10.0
919.0 663.0 20.0 10.0
1184.0 1002.0 20.0 10.0
416.0 732.0 20.0 10.0
1302.0 582.0 20.0 10.0
1136.0 1105.0 20.0 10.0
1378.0 1444.0 20.0 10.0
1124.0 1058.0 20.0 10.0
1501.0 1372.0 20.0 10.0
1127.0 1123.0 20.0 10.0
423.0 760.0 20.0 10.0
1363.0 1336.0 20.0 10.0
1206.0 1213.0 20.0 10.0
1084.0 665.0 20.0 10.0
1100.0 736.0 20.0 10.0
1212.0 1276.0 20.0 10.0
1146.0 997.0 20.0 10.0
1167.0 1028.0 20.0 10.0
186.0 551.0 20.0 10.0
551.0 645.0 20.0 10.0
480.0 1047.0 20.0 10.0
1236.0 1161.0 20.0 10.0
603.0 1034.0 20.0 10.0
1329.0 1360.0 20.0 10.0
967.0 544.0 20.0 10.0
970.0 1188.0 20.0 10.0
937.0 663.0 20.0 10.0
215.0 728.0 20.0 10.0
1357.0 985.0 20.0 10.0
355.0 771.0 20.0 10.0
621.0 887.0 20.0 10.0
989.0 261.0 20.0 10.0
353.0 743.0 20.0 10.0
507.0 1061.0 20.0 10.0
1214.0 1176.0 20.0 10.0
1137.0 979.0 20.0 10.0
239.0 719.0 20.0 10.0
1402.0 1386.0 20.0 10.0
712.0 791.0 20.0 10.0
1132.0 1132.0 20.0 10.0
1285.0 596.0 20.0 10.0
1420.0 1494.0 20.0 10.0
544.0 999.0 20.0 10.0
1195.0 692.0 20.0 10.0
490.0 1068.0 20.0 10.0
1218.0 1198.0 20.0 10.0
1009.0 347.0 20.0 10.0
1120.0 1012.0 20.0 10.0
1098.0 1118.0 20.0 10.0
1317.0 552.0 20.0 10.0
262.0 597.0 20.0 10.0
1400.0 971.0 20.0 10.0
1091.0 1046.0 20.0 10.0
908.0 670.0 20.0 10.0
998.0 190.0 20.0 10.0
1383.0 1472.0 20.0 10.0
1225.0 1201.0 20.0 10.0
903.0 490.0 20.0 10.0
753.0 783.0 20.0 10.0
728.0 781.0 20.0 10.0
1261.0 1178.0 20.0 10.0
514.0 1010.0 20.0 10.0
1139.0 1135.0 20.0 10.0
1182.0 612.0 20.0 10.0
998.0 291.0 20.0 10.0
1159.0 1119.0 20.0 10.0
903.0 511.0 20.0 10.0
1448.0 1514.0 20.0 10.0
1465.0 1255.0 20.0 10.0
1217.0 1030.0 20.0 10.0
1384.0 1264.0 20.0 10.0
999.0 381.0 20.0 10.0
1046.0 1114.0 20.0 10.0
1114.0 1134.0 20.0 10.0
1522.0 1421.0 20.0 10.0
580.0 778.0 20.0 10.0
948.0 498.0 20.0 10.0
1281.0 581.0 20.0 10.0
1214.0 624.0 20.0 10.0
1233.0 641.0 20.0 10.0
130.0 780.0 20.0 10.0
173.0 723.0 20.0 10.0
704.0 907.0 20.0 10.0
323.0 623.0 20.0 10.0
1171.0 973.0 20.0 10.0
1103.0 651.0 20.0 10.0
749.0 834.0 20.0 10.0
1415.0 1515.0 20.0 10.0
1299.0 1266.0 20.0 10.0
974.0 293.0 20.0 10.0
1446.0 1521.0 20.0 10.0
994.0 794.0 20.0 10.0
1394.0 1492.0 20.0 10.0
318.0 787.0 20.0 10.0
735.0 856.0 20.0 10.0
1540.0 1421.0 20.0 10.0
384.0 721.0 20.0 10.0
1427.0 968.0 20.0 10.0
887.0 465.0 20.0 10.0
986.0 312.0 20.0 10.0
1293.0 610.0 20.0 10.0
1009.0 154.0 20.0 10.0
1451.0 1265.0 20.0 10.0
1216.0 1241.0 20.0 10.0
962.0 391.0 20.0 10.0
311.0 639.0 20.0 10.0
733.0 765.0 20.0 10.0
663.0 913.0 20.0 10.0
472.0 725.0 20.0 10.0
1484.0 1268.0 20.0 10.0
959.0 347.0 20.0 10.0
696.0 776.0 20.0 10.0
229.0 713.0 20.0 10.0
1369.0 1337.0 20.0 10.0
1551.0 1395.0 20.0 10.0
1007.0 350.0 20.0 10.0
1119.0 617.0 20.0 10.0
360.0 754.0 20.0 10.0
451.0 1048.0 20.0 10.0
1216.0 1246.0 20.0 10.0
1263.0 634.0 20.0 10.0
753.0 756.0 20.0 10.0
1287.0 1276.0 20.0 10.0
1223.0 688.0 20.0 10.0
616.0 971.0 20.0 10.0
970.0 257.0 20.0 10.0
994.0 364.0 20.0 10.0
234.0 575.0 20.0 10.0
316.0 733.0 20.0 10.0
581.0 723.0 20.0 10.0
925.0 545.0 20.0 10.0
1427.0 1521.0 20.0 10.0
1578.0 1452.0 20.0 10.0
457.0 1059.0 20.0 10.0
931.0 642.0 20.0 10.0
399.0 671.0 20.0 10.0
1204.0 587.0 20.0 10.0
179.0 549.0 20.0 10.0
1400.0 1322.0 20.0 10.0
1269.0 1169.0 20.0 10.0
286.0 719.0 20.0 10.0
1383.0 1326.0 20.0 10.0
445.0 1069.0 20.0 10.0
1479.0 1360.0 20.0 10.0
587.0 1026.0 20.0 10.0
1392.0 1469.0 20.0 10.0
959.0 533.0 20.0 10.0
190.0 554.0 20.0 10.0
1609.0 1475.0 20.0 10.0
1345.0 1471.0 20.0 10.0
718.0 743.0 20.0 10.0
464.0 1097.0 20.0 10.0
462.0 1093.0 20.0 10.0
210.0 778.0 20.0 10.0
1220.0 1334.0 20.0 10.0
1279.0 1012.0 20.0 10.0
456.0 697.0 20.0 10.0
569.0 763.0 20.0 10.0
994.0 1020.0 20.0 10.0
1254.0 688.0 20.0 10.0
1591.0 1416.0 20.0 10.0
411.0 683.0 20.0 10.0
1388.0 1333.0 20.0 10.0
963.0 1223.0 20.0 10.0
1450.0 1244.0 20.0 10.0
670.0 919.0 20.0 10.0
1025.0 1125.0 20.0 10.0
996.0 150.0 20.0 10.0
1192.0 1018.0 20.0 10.0
1227.0 564.0 20.0 10.0
518.0 1007.0 20.0 10.0
1226.0 1388.0 20.0 10.0
349.0 760.0 20.0 10.0
1413.0 1348.0 20.0 10.0
294.0 596.0 20.0 10.0
951.0 1255.0 20.0 10.0
1007.0 132.0 20.0 10.0
949.0 465.0 20.0 10.0
1380.0 1544.0 20.0 10.0
1020.0 98.0 20.0 10.0
634.0 883.0 20.0 10.0
954.0 310.0 20.0 10.0
580.0 1036.0 20.0 10.0
1016.0 250.0 20.0 10.0
383.0 641.0 20.0 10.0
1160.0 689.0 20.0 10.0
1289.0 635.0 20.0 10.0
988.0 214.0 20.0 10.0
557.0 1070.0 20.0 10.0
443.0 668.0 20.0 10.0
259.0 705.0 20.0 10.0
583.0 734.0 20.0 10.0
147.0 780.0 20.0 10.0
907.0 643.0 20.0 10.0
360.0 702.0 20.0 10.0
970.0 1235.0 20.0 10.0
958.0 1187.0 20.0 10.0
1091.0 647.0 20.0 10.0
970.0 499.0 20.0 10.0
1063.0 1106.0 20.0 10.0
1400.0 1491.0 20.0 10.0
1529.0 1415.0 20.0 10.0
1232.0 602.0 20.0 10.0
1425.0 959.0 20.0 10.0
1626.0 1433.0 20.0 10.0
1112.0 631.0 20.0 10.0
1429.0 1384.0 20.0 10.0
974.0 414.0 20.0 10.0
539.0 1102.0 20.0 10.0
1113.0 1161.0 20.0 10.0
1371.0 1432.0 20.0 10.0
1515.0 1363.0 20.0 10.0
569.0 1054.0 20.0 10.0
943.0 623.0 20.0 10.0
963.0 1231.0 20.0 10.0
992.0 116.0 20.0 10.0
1426.0 1530.0 20.0 10.0
1474.0 1269.0 20.0 10.0
400.0 781.0 20.0 10.0
1145.0 1048.0 20.0 10.0
938.0 500.0 20.0 10.0
1076.0 702.0 20.0 10.0
1143.0 660.0 20.0 10.0
952.0 1271.0 20.0 10.0
971.0 803.0 20.0 10.0
1657.0 1445.0 20.0 10.0
1441.0 1412.0 20.0 10.0
1242.0 545.0 20.0 10.0
1014.0 87.0 20.0 10.0
134.0 786.0 20.0 10.0
1032.0 313.0 20.0 10.0
1415.0 1525.0 20.0 10.0
547.0 767.0 20.0 10.0
781.0 799.0 20.0 10.0
965.0 829.0 20.0 10.0
994.0 182.0 20.0 10.0
377.0 801.0 20.0 10.0
1200.0 692.0 20.0 10.0
425.0 643.0 20.0 10.0
88.0 776.0 20.0 10.0
95.0 795.0 20.0 10.0
1249.0 589.0 20.0 10.0
1430.0 1561.0 20.0 10.0
1456.0 1557.0 20.0 10.0
1028.0 328.0 20.0 10.0
1227.0 650.0 20.0 10.0
971.0 510.0 20.0 10.0
567.0 959.0 20.0 10.0
1306.0 1287.0 20.0 10.0
1018.0 125.0 20.0 10.0
650.0 893.0 20.0 10.0
981.0 184.0 20.0 10.0
389.0 727.0 20.0 10.0
466.0 1081.0 20.0 10.0
1473.0 1537.0 20.0 10.0
101.0 792.0 20.0 10.0
1295.0 1178.0 20.0 10.0
1295.0 603.0 20.0 10.0
1271.0 1012.0 20.0 10.0
1188.0 1025.0 20.0 10.0
620.0 964.0 20.0 10.0
768.0 836.0 20.0 10.0
372.0 667.0 20.0 10.0
1179.0 661.0 20.0 10.0
1138.0 590.0 20.0 10.0
1449.0 1572.0 20.0 10.0
292.0 805.0 20.0 10.0
687.0 914.0 20.0 10.0
1336.0 572.0 20.0 10.0
211.0 764.0 20.0 10.0
1130.0 737.0 20.0 10.0
951.0 645.0 20.0 10.0
1415.0 1396.0 20.0 10.0
949.0 1297.0 20.0 10.0
891.0 628.0 20.0 10.0
1484.0 1287.0 20.0 10.0
1023.0 57.0 20.0 10.0
1450.0 1402.0 20.0 10.0
986.0 302.0 20.0 10.0
417.0 1069.0 20.0 10.0
488.0 1083.0 20.0 10.0
944.0 400.0 20.0 10.0
628.0 878.0 20.0 10.0
211.0 771.0 20.0 10.0
1007.0 766.0 20.0 10.0
220.0 715.0 20.0 10.0
742.0 857.0 20.0 10.0
1218.0 615.0 20.0 10.0
413.0 626.0 20.0 10.0
593.0 895.0 20.0 10.0
1091.0 638.0 20.0 10.0
972.0 555.0 20.0 10.0
1021.0 322.0 20.0 10.0
669.0 935.0 20.0 10.0
1277.0 1019.0 20.0 10.0
734.0 739.0 20.0 10.0
1209.0 1011.0 20.0 10.0
1149.0 972.0 20.0 10.0
966.0 356.0 20.0 10.0
1158.0 736.0 20.0 10.0
1438.0 1265.0 20.0 10.0
748.0 820.0 20.0 10.0
1404.0 1521.0 20.0 10.0
1418.0 1426.0 20.0 10.0
1366.0 1441.0 20.0 10.0
1114.0 1000.0 20.0 10.0
700.0 789.0 20.0 10.0
1034.0 1094.0 20.0 10.0
1207.0 1044.0 20.0 10.0
1542.0 1386.0 20.0 10.0
725.0 820.0 20.0 10.0
1440.0 1431.0 20.0 10.0
555.0 716.0 20.0 10.0
1011.0 321.0 20.0 10.0
500.0 1019.0 20.0 10.0
1332.0 557.0 20.0 10.0
536.0 621.0 20.0 10.0
1290.0 1177.0 20.0 10.0
673.0 940.0 20.0 10.0
168.0 537.0 20.0 10.0
1149.0 1083.0 20.0 10.0
1115.0 620.0 20.0 10.0
1498.0 1252.0 20.0 10.0
1008.0 359.0 20.0 10.0
155.0 531.0 20.0 10.0
962.0 469.0 20.0 10.0
1151.0 696.0 20.0 10.0
239.0 575.0 20.0 10.0
1334.0 996.0 20.0 10.0
201.0 778.0 20.0 10.0
337.0 620.0 20.0 10.0
987.0 481.0 20.0 10.0
1026.0 215.0 20.0 10.0
1095.0 724.0 20.0 10.0
654.0 951.0 20.0 10.0
1491.0 1258.0 20.0 10.0
1524.0 1391.0 20.0 10.0
266.0 580.0 20.0 10.0
445.0 719.0 20.0 10.0
1146.0 564.0 20.0 10.0
303.0 766.0 20.0 10.0
1153.0 540.0 20.0 10.0
1515.0 1292.0 20.0 10.0
240.0 691.0 20.0 10.0
542.0 659.0 20.0 10.0
1011.0 955.0 20.0 10.0
568.0 903.0 20.0 10.0
1387.0 1320.0 20.0 10.0
1018.0 452.0 20.0 10.0
1360.0 1470.0 20.0 10.0
1383.0 979.0 20.0 10.0
1222.0 559.0 20.0 10.0
925.0 487.0 20.0 10.0
598.0 1062.0 20.0 10.0
1298.0 1034.0 20.0 10.0
929.0 358.0 20.0 10.0
1029.0 69.0 20.0 10.0
959.0 328.0 20.0 10.0
995.0 385.0 20.0 10.0
781.0 847.0 20.0 10.0
222.0 728.0 20.0 10.0
1283.0 625.0 20.0 10.0
369.0 615.0 20.0 10.0
383.0 798.0 20.0 10.0
1334.0 1006.0 20.0 10.0
1482.0 1236.0 20.0 10.0
1167.0 1094.0 20.0 10.0
1026.0 187.0 20.0 10.0
277.0 620.0 20.0 10.0
1406.0 1282.0 20.0 10.0
1200.0 594.0 20.0 10.0
1505.0 1255.0 20.0 10.0
942.0 286.0 20.0 10.0
1234.0 1428.0 20.0 10.0
192.0 718.0 20.0 10.0
1039.0 425.0 20.0 10.0
1025.0 1132.0 20.0 10.0
447.0 1053.0 20.0 10.0
437.0 1112.0 20.0 10.0
948.0 398.0 20.0 10.0
59.0 764.0 20.0 10.0
1470.0 1609.0 20.0 10.0
1454.0 1407.0 20.0 10.0
1196.0 602.0 20.0 10.0
910.0 839.0 20.0 10.0
921.0 458.0 20.0 10.0
567.0 702.0 20.0 10.0
413.0 619.0 20.0 10.0
1429.0 1287.0 20.0 10.0
960.0 847.0 20.0 10.0
1164.0 975.0 20.0 10.0
973.0 474.0 20.0 10.0
744.0 730.0 20.0 10.0
542.0 624.0 20.0 10.0
1261.0 628.0 20.0 10.0
263.0 778.0 20.0 10.0
246.0 607.0 20.0 10.0
488.0 1077.0 20.0 10.0
913.0 487.0 20.0 10.0
336.0 744.0 20.0 10.0
1010.0 1138.0 20.0 10.0
1516.0 1413.0 20.0 10.0
953.0 367.0 20.0 10.0
893.0 653.0 20.0 10.0
921.0 536.0 20.0 10.0
1325.0 1385.0 20.0 10.0
1049.0 284.0 20.0 10.0
1213.0 1035.0 20.0 10.0
969.0 1279.0 20.0 10.0
1171.0 733.0 20.0 10.0
235.0 699.0 20.0 10.0
1400.0 1280.0 20.0 10.0
963.0 230.0 20.0 10.0
1313.0 1255.0 20.0 10.0
913.0 332.0 20.0 10.0
1429.0 960.0 20.0 10.0
685.0 902.0 20.0 10.0
1011.0 264.0 20.0 10.0
908.0 308.0 20.0 10.0
169.0 789.0 20.0 10.0
974.0 1305.0 20.0 10.0
1236.0 1187.0 20.0 10.0
1362.0 561.0 20.0 10.0
1324.0 564.0 20.0 10.0
1536.0 1258.0 20.0 10.0
539.0 635.0 20.0 10.0
751.0 856.0 20.0 10.0
879.0 631.0 20.0 10.0
1224.0 532.0 20.0 10.0
931.0 547.0 20.0 10.0
1225.0 1431.0 20.0 10.0
1161.0 1111.0 20.0 10.0
587.0 1021.0 20.0 10.0
1221.0 1468.0 20.0 10.0
935.0 1281.0 20.0 10.0
799.0 816.0 20.0 10.0
648.0 886.0 20.0 10.0
180.0 703.0 20.0 10.0
1233.0 1463.0 20.0 10.0
1515.0 1275.0 20.0 10.0
66.0 792.0 20.0 10.0
682.0 941.0 20.0 10.0
1249.0 547.0 20.0 10.0
903.0 457.0 20.0 10.0
590.0 1011.0 20.0 10.0
1337.0 1465.0 20.0 10.0
1241.0 586.0 20.0 10.0
1488.0 1639.0 20.0 10.0
1273.0 585.0 20.0 10.0
1485.0 1635.0 20.0 10.0
772.0 871.0 20.0 10.0
420.0 621.0 20.0 10.0
1483.0 1578.0 20.0 10.0
475.0 737.0 20.0 10.0
799.0 853.0 20.0 10.0
540.0 972.0 20.0 10.0
139.0 717.0 20.0 10.0
958.0 636.0 20.0 10.0
1461.0 1460.0 20.0 10.0
1312.0 590.0 20.0 10.0
1044.0 1077.0 20.0 10.0
1603.0 1474.0 20.0 10.0
1290.0 1306.0 20.0 10.0
1549.0 1364.0 20.0 10.0
1373.0 1262.0 20.0 10.0
496.0 1038.0 20.0 10.0
1082.0 1133.0 20.0 10.0
1493.0 1251.0 20.0 10.0
330.0 648.0 20.0 10.0
1364.0 1285.0 20.0 10.0
285.0 621.0 20.0 10.0
974.0 409.0 20.0 10.0
1507.0 1236.0 20.0 10.0
983.0 759.0 20.0 10.0
1059.0 268.0 20.0 10.0
601.0 716.0 20.0 10.0
1430.0 1591.0 20.0 10.0
65.0 805.0 20.0 10.0
1240.0 1033.0 20.0 10.0
404.0 632.0 20.0 10.0
1383.0 1279.0 20.0 10.0
672.0 964.0 20.0 10.0
767.0 769.0 20.0 10.0
583.0 757.0 20.0 10.0
1360.0 536.0 20.0 10.0
1002.0 1119.0 20.0 10.0
1623.0 1492.0 20.0 10.0
1542.0 1285.0 20.0 10.0
476.0 1093.0 20.0 10.0
233.0 782.0 20.0 10.0
1632.0 1494.0 20.0 10.0
1150.0 959.0 20.0 10.0
1003.0 1149.0 20.0 10.0
1179.0 740.0 20.0 10.0
1017.0 462.0 20.0 10.0
1059.0 402.0 20.0 10.0
78.0 801.0 20.0 10.0
545.0 911.0 20.0 10.0
1282.0 693.0 20.0 10.0
593.0 987.0 20.0 10.0
569.0 745.0 20.0 10.0
1018.0 1152.0 20.0 10.0
217.0 786.0 20.0 10.0
1388.0 522.0 20.0 10.0
1234.0 1497.0 20.0 10.0
1152.0 702.0 20.0 10.0
1265.0 676.0 20.0 10.0
1104.0 1184.0 20.0 10.0
1251.0 638.0 20.0 10.0
118.0 713.0 20.0 10.0
1424.0 1333.0 20.0 10.0
359.0 812.0 20.0 10.0
468.0 702.0 20.0 10.0
986.0 819.0 20.0 10.0
982.0 393.0 20.0 10.0
1181.0 953.0 20.0 10.0
1257.0 571.0 20.0 10.0
1158.0 677.0 20.0 10.0
1531.0 1266.0 20.0 10.0
1555.0 1437.0 20.0 10.0
1376.0 1242.0 20.0 10.0
951.0 472.0 20.0 10.0
953.0 850.0 20.0 10.0
1525.0 1413.0 20.0 10.0
1070.0 388.0 20.0 10.0
968.0 263.0 20.0 10.0
899.0 656.0 20.0 10.0
397.0 722.0 20.0 10.0
652.0 911.0 20.0 10.0
680.0 759.0 20.0 10.0
1577.0 1418.0 20.0 10.0
1095.0 1110.0 20.0 10.0
323.0 639.0 20.0 10.0
1038.0 1123.0 20.0 10.0
965.0 1259.0 20.0 10.0
416.0 1079.0 20.0 10.0
1236.0 1022.0 20.0 10.0
1287.0 608.0 20.0 10.0
40.0 814.0 20.0 10.0
1671.0 1462.0 20.0 10.0
276.0 822.0 20.0 10.0
1443.0 1588.0 20.0 10.0
913.0 508.0 20.0 10.0
723.0 830.0 20.0 10.0
1330.0 956.0 20.0 10.0
1297.0 679.0 20.0 10.0
533.0 1131.0 20.0 10.0
390.0 716.0 20.0 10.0
1177.0 748.0 20.0 10.0
1031.0 337.0 20.0 10.0
993.0 159.0 20.0 10.0
190.0 732.0 20.0 10.0
578.0 1015.0 20.0 10.0
1252.0 646.0 20.0 10.0
956.0 1311.0 20.0 10.0
1185.0 1017.0 20.0 10.0
1468.0 1530.0 20.0 10.0
319.0 588.0 20.0 10.0
923.0 323.0 20.0 10.0
949.0 439.0 20.0 10.0
1244.0 681.0 20.0 10.0
1189.0 952.0 20.0 10.0
54.0 774.0 20.0 10.0
32.0 765.0 20.0 10.0
1401.0 1242.0 20.0 10.0
688.0 966.0 20.0 10.0
1361.0 1360.0 20.0 10.0
369.0 698.0 20.0 10.0
25.0 773.0 20.0 10.0
1473.0 1487.0 20.0 10.0
1300.0 668.0 20.0 10.0
605.0 901.0 20.0 10.0
1316.0 1409.0 20.0 10.0
1085.0 739.0 20.0 10.0
1546.0 1408.0 20.0 10.0
1400.0 1462.0 20.0 10.0
1236.0 1048.0 20.0 10.0
1482.0 1630.0 20.0 10.0
73.0 800.0 20.0 10.0
1683.0 1453.0 20.0 10.0
888.0 485.0 20.0 10.0
558.0 1037.0 20.0 10.0
699.0 935.0 20.0 10.0
1407.0 1307.0 20.0 10.0
1140.0 1088.0 20.0 10.0
975.0 1260.0 20.0 10.0
1223.0 1365.0 20.0 10.0
925.0 1302.0 20.0 10.0
715.0 801.0 20.0 10.0
1435.0 960.0 20.0 10.0
1463.0 951.0 20.0 10.0
964.0 255.0 20.0 10.0
1382.0 1574.0 20.0 10.0
268.0 799.0 20.0 10.0
153.0 702.0 20.0 10.0
1029.0 108.0 20.0 10.0
1003.0 94.0 20.0 10.0
571.0 1002.0 20.0 10.0
1237.0 1527.0 20.0 10.0
942.0 863.0 20.0 10.0
960.0 662.0 20.0 10.0
1217.0 1501.0 20.0 10.0
528.0 607.0 20.0 10.0
1305.0 1017.0 20.0 10.0
1007.0 66.0 20.0 10.0
136.0 518.0 20.0 10.0
986.0 548.0 20.0 10.0
1563.0 1264.0 20.0 10.0
1285.0 1324.0 20.0 10.0
1509.0 1593.0 20.0 10.0
1375.0 1536.0 20.0 10.0
923.0 293.0 20.0 10.0
945.0 470.0 20.0 10.0
394.0 729.0 20.0 10.0
1564.0 1409.0 20.0 10.0
1376.0 516.0 20.0 10.0
526.0 634.0 20.0 10.0
984.0 179.0 20.0 10.0
1026.0 221.0 20.0 10.0
1273.0 1342.0 20.0 10.0
1455.0 1612.0 20.0 10.0
1485.0 1510.0 20.0 10.0
1376.0 1332.0 20.0 10.0
352.0 680.0 20.0 10.0
332.0 754.0 20.0 10.0
1139.0 1157.0 20.0 10.0
63.0 771.0 20.0 10.0
882.0 490.0 20.0 10.0
731.0 873.0 20.0 10.0
1546.0 1436.0 20.0 10.0
1172.0 1140.0 20.0 10.0
1301.0 560.0 20.0 10.0
1633.0 1481.0 20.0 10.0
1434.0 1617.0 20.0 10.0
905.0 503.0 20.0 10.0
234.0 795.0 20.0 10.0
1641.0 1512.0 20.0 10.0
987.0 91.0 20.0 10.0
1422.0 1406.0 20.0 10.0
297.0 572.0 20.0 10.0
1338.0 1382.0 20.0 10.0
936.0 1295.0 20.0 10.0
554.0 730.0 20.0 10.0
559.0 1059.0 20.0 10.0
1249.0 1017.0 20.0 10.0
238.0 779.0 20.0 10.0
786.0 785.0 20.0 10.0
930.0 373.0 20.0 10.0
1483.0 1568.0 20.0 10.0
1258.0 1360.0 20.0 10.0
445.0 726.0 20.0 10.0
1403.0 1511.0 20.0 10.0
221.0 598.0 20.0 10.0
1015.0 51.0 20.0 10.0
522.0 1117.0 20.0 10.0
574.0 778.0 20.0 10.0
328.0 785.0 20.0 10.0
1027.0 25.0 20.0 10.0
1107.0 1114.0 20.0 10.0
517.0 649.0 20.0 10.0
282.0 633.0 20.0 10.0
1704.0 1455.0 20.0 10.0
879.0 640.0 20.0 10.0
1127.0 601.0 20.0 10.0
311.0 807.0 20.0 10.0
1316.0 1382.0 20.0 10.0
373.0 652.0 20.0 10.0
414.0 778.0 20.0 10.0
916.0 1319.0 20.0 10.0
275.0 765.0 20.0 10.0
1448.0 1506.0 20.0 10.0
451.0 1119.0 20.0 10.0
251.0 770.0 20.0 10.0
565.0 1041.0 20.0 10.0
1571.0 1397.0 20.0 10.0
160.0 536.0 20.0 10.0
1333.0 989.0 20.0 10.0
625.0 968.0 20.0 10.0
247.0 798.0 20.0 10.0
55.0 813.0 20.0 10.0
969.0 1313.0 20.0 10.0
607.0 1024.0 20.0 10.0
1065.0 261.0 20.0 10.0
526.0 979.0 20.0 10.0
763.0 758.0 20.0 10.0
1184.0 989.0 20.0 10.0
986.0 1166.0 20.0 10.0
1085.0 374.0 20.0 10.0
1468.0 1588.0 20.0 10.0
1433.0 1368.0 20.0 10.0
724.0 879.0 20.0 10.0
1208.0 980.0 20.0 10.0
1101.0 670.0 20.0 10.0
1009.0 254.0 20.0 10.0
760.0 740.0 20.0 10.0
1333.0 581.0 20.0 10.0
1264.0 564.0 20.0 10.0
611.0 877.0 20.0 10.0
982.0 1161.0 20.0 10.0
552.0 785.0 20.0 10.0
1012.0 223.0 20.0 10.0
1339.0 964.0 20.0 10.0
937.0 366.0 20.0 10.0
1115.0 1096.0 20.0 10.0
1424.0 1341.0 20.0 10.0
1388.0 1597.0 20.0 10.0
1024.0 230.0 20.0 10.0
357.0 601.0 20.0 10.0
1450.0 1340.0 20.0 10.0
993.0 501.0 20.0 10.0
1448.0 952.0 20.0 10.0
1415.0 525.0 20.0 10.0
1427.0 1367.0 20.0 10.0
235.0 735.0 20.0 10.0
976.0 491.0 20.0 10.0
525.0 1129.0 20.0 10.0
730.0 709.0 20.0 10.0
40.0 796.0 20.0 10.0
145.0 800.0 20.0 10.0
1446.0 1304.0 20.0 10.0
610.0 1061.0 20.0 10.0
1413.0 1507.0 20.0 10.0
1413.0 1550.0 20.0 10.0
470.0 1089.0 20.0 10.0
1384.0 971.0 20.0 10.0
211.0 808.0 20.0 10.0
1464.0 1583.0 20.0 10.0
916.0 349.0 20.0 10.0
209.0 785.0 20.0 10.0
1276.0 995.0 20.0 10.0
1292.0 667.0 20.0 10.0
296.0 618.0 20.0 10.0
215.0 558.0 20.0 10.0
953.0 683.0 20.0 10.0
367.0 709.0 20.0 10.0
914.0 793.0 20.0 10.0
1115.0 637.0 20.0 10.0
759.0 764.0 20.0 10.0
885.0 442.0 20.0 10.0
878.0 498.0 20.0 10.0
1444.0 1361.0 20.0 10.0
1574.0 1376.0 20.0 10.0
1483.0 1612.0 20.0 10.0
1502.0 1664.0 20.0 10.0
775.0 746.0 20.0 10.0
1055.0 409.0 20.0 10.0
736.0 707.0 20.0 10.0
1584.0 1405.0 20.0 10.0
336.0 692.0 20.0 10.0
1532.0 1246.0 20.0 10.0
1459.0 1452.0 20.0 10.0
1224.0 1268.0 20.0 10.0
1234.0 535.0 20.0 10.0
277.0 599.0 20.0 10.0
1427.0 1554.0 20.0 10.0
911.0 619.0 20.0 10.0
1371.0 1467.0 20.0 10.0
1300.0 1003.0 20.0 10.0
1420.0 1224.0 20.0 10.0
1279.0 675.0 20.0 10.0
953.0 1282.0 20.0 10.0
147.0 793.0 20.0 10.0
398.0 760.0 20.0 10.0
1343.0 969.0 20.0 10.0
1545.0 1446.0 20.0 10.0
1519.0 1244.0 20.0 10.0
551.0 756.0 20.0 10.0
311.0 597.0 20.0 10.0
1442.0 1559.0 20.0 10.0
436.0 1095.0 20.0 10.0
186.0 808.0 20.0 10.0
533.0 748.0 20.0 10.0
1575.0 1449.0 20.0 10.0
1324.0 666.0 20.0 10.0
424.0 1089.0 20.0 10.0
294.0 717.0 20.0 10.0
573.0 684.0 20.0 10.0
1019.0 785.0 20.0 10.0
598.0 1014.0 20.0 10.0
1573.0 1387.0 20.0 10.0
1655.0 1509.0 20.0 10.0
547.0 915.0 20.0 10.0
1475.0 1237.0 20.0 10.0
1296.0 557.0 20.0 10.0
944.0 613.0 20.0 10.0
1017.0 361.0 20.0 10.0
1153.0 572.0 20.0 10.0
1015.0 163.0 20.0 10.0
426.0 1063.0 20.0 10.0
543.0 904.0 20.0 10.0
1310.0 1181.0 20.0 10.0
583.0 913.0 20.0 10.0
441.0 1117.0 20.0 10.0
487.0 1107.0 20.0 10.0
249.0 559.0 20.0 10.0
1510.0 1301.0 20.0 10.0
1514.0 1685.0 20.0 10.0
1284.0 545.0 20.0 10.0
585.0 1056.0 20.0 10.0
421.0 1135.0 20.0 10.0
1157.0 569.0 20.0 10.0
298.0 606.0 20.0 10.0
1683.0 1445.0 20.0 10.0
946.0 1342.0 20.0 10.0
144.0 722.0 20.0 10.0
1229.0 1001.0 20.0 10.0
1393.0 1381.0 20.0 10.0
1002.0 1136.0 20.0 10.0
969.0 327.0 20.0 10.0
1489.0 1557.0 20.0 10.0
894.0 463.0 20.0 10.0
305.0 564.0 20.0 10.0
708.0 961.0 20.0 10.0
665.0 988.0 20.0 10.0
875.0 423.0 20.0 10.0
604.0 984.0 20.0 10.0
164.0 819.0 20.0 10.0
348.0 639.0 20.0 10.0
938.0 1300.0 20.0 10.0
708.0 755.0 20.0 10.0
957.0 290.0 20.0 10.0
938.0 1326.0 20.0 10.0
1008.0 461.0 20.0 10.0
1222.0 1306.0 20.0 10.0
1303.0 990.0 20.0 10.0
1318.0 609.0 20.0 10.0
1150.0 734.0 20.0 10.0
1418.0 1291.0 20.0 10.0
916.0 267.0 20.0 10.0
474.0 760.0 20.0 10.0
1261.0 1045.0 20.0 10.0
1429.0 1542.0 20.0 10.0
414.0 1128.0 20.0 10.0
983.0 264.0 20.0 10.0
147.0 700.0 20.0 10.0
1397.0 1287.0 20.0 10.0
978.0 234.0 20.0 10.0
1456.0 1396.0 20.0 10.0
1321.0 591.0 20.0 10.0
1229.0 1284.0 20.0 10.0
271.0 605.0 20.0 10.0
1401.0 1550.0 20.0 10.0
922.0 379.0 20.0 10.0
1216.0 689.0 20.0 10.0
1292.0 660.0 20.0 10.0
1401.0 499.0 20.0 10.0
368.0 729.0 20.0 10.0
374.0 764.0 20.0 10.0
1468.0 1425.0 20.0 10.0
120.0 695.0 20.0 10.0
945.0 283.0 20.0 10.0
953.0 318.0 20.0 10.0
1165.0 550.0 20.0 10.0
1498.0 1657.0 20.0 10.0
677.0 931.0 20.0 10.0
1075.0 239.0 20.0 10.0
1380.0 1568.0 20.0 10.0
1376.0 1492.0 20.0 10.0
1304.0 527.0 20.0 10.0
568.0 1083.0 20.0 10.0
1200.0 743.0 20.0 10.0
288.0 790.0 20.0 10.0
996.0 102.0 20.0 10.0
1481.0 944.0 20.0 10.0
295.0 738.0 20.0 10.0
509.0 1054.0 20.0 10.0
730.0 883.0 20.0 10.0
545.0 969.0 20.0 10.0
1294.0 974.0 20.0 10.0
1097.0 1148.0 20.0 10.0
1598.0 1381.0 20.0 10.0
1151.0 977.0 20.0 10.0
963.0 1343.0 20.0 10.0
1538.0 1301.0 20.0 10.0
992.0 235.0 20.0 10.0
1120.0 582.0 20.0 10.0
698.0 922.0 20.0 10.0
1530.0 1227.0 20.0 10.0
1151.0 1159.0 20.0 10.0
519.0 1154.0 20.0 10.0
979.0 156.0 20.0 10.0
992.0 483.0 20.0 10.0
198.0 701.0 20.0 10.0
1072.0 650.0 20.0 10.0
1284.0 1186.0 20.0 10.0
1410.0 1378.0 20.0 10.0
1400.0 1296.0 20.0 10.0
1456.0 953.0 20.0 10.0
989.0 228.0 20.0 10.0
1112.0 666.0 20.0 10.0
1220.0 1529.0 20.0 10.0
1341.0 974.0 20.0 10.0
1470.0 1478.0 20.0 10.0
701.0 957.0 20.0 10.0
1323.0 599.0 20.0 10.0
640.0 933.0 20.0 10.0
1078.0 1034.0 20.0 10.0
994.0 68.0 20.0 10.0
941.0 836.0 20.0 10.0
1283.0 1335.0 20.0 10.0
956.0 228.0 20.0 10.0
1707.0 1466.0 20.0 10.0
