1000
107.0 97.0 20.0 10.0
150.0 145.0 20.0 10.0
121.0 92.0 20.0 10.0
105.0 127.0 20.0 10.0
172.0 125.0 20.0 10.0
98.0 79.0 20.0 10.0
121.0 97.0 20.0 10.0
103.0 145.0 20.0 10.0
146.0 142.0 20.0 10.0
123.0 84.0 20.0 10.0
135.0 61.0 20.0 10.0
106.0 85.0 20.0 10.0
135.0 110.0 20.0 10.0
112.0 74.0 20.0 10.0
104.0 109.0 20.0 10.0
139.0 122.0 20.0 10.0
132.0 87.0 20.0 10.0
194.0 139.0 20.0 10.0
152.0 140.0 20.0 10.0
136.0 135.0 20.0 10.0
153.0 158.0 20.0 10.0
152.0 98.0 20.0 10.0
114.0 50.0 20.0 10.0
158.0 89.0 20.0 10.0
91.0 108.0 20.0 10.0
122.0 124.0 20.0 10.0
166.0 139.0 20.0 10.0
166.0 76.0 20.0 10.0
133.0 62.0 20.0 10.0
122.0 136.0 20.0 10.0
131.0 89.0 20.0 10.0
177.0 171.0 20.0 10.0
141.0 119.0 20.0 10.0
105.0 95.0 20.0 10.0
159.0 151.0 20.0 10.0
108.0 109.0 20.0 10.0
157.0 107.0 20.0 10.0
143.0 66.0 20.0 10.0
79.0 71.0 20.0 10.0
96.0 143.0 20.0 10.0
116.0 128.0 20.0 10.0
132.0 72.0 20.0 10.0
162.0 144.0 20.0 10.0
56.0 68.0 20.0 10.0
100.0 54.0 20.0 10.0
173.0 95.0 20.0 10.0
109.0 97.0 20.0 10.0
113.0 157.0 20.0 10.0
146.0 40.0 20.0 10.0
111.0 68.0 20.0 10.0
138.0 174.0 20.0 10.0
117.0 155.0 20.0 10.0
124.0 109.0 20.0 10.0
161.0 102.0 20.0 10.0
89.0 112.0 20.0 10.0
123.0 92.0 20.0 10.0
95.0 168.0 20.0 10.0
113.0 109.0 20.0 10.0
122.0 104.0 20.0 10.0
134.0 138.0 20.0 10.0
114.0 40.0 20.0 10.0
130.0 122.0 20.0 10.0
173.0 86.0 20.0 10.0
174.0 127.0 20.0 10.0
182.0 87.0 20.0 10.0
123.0 67.0 20.0 10.0
162.0 170.0 20.0 10.0
134.0 140.0 20.0 10.0
167.0 161.0 20.0 10.0
94.0 164.0 20.0 10.0
135.0 73.0 20.0 10.0
152.0 76.0 20.0 10.0
133.0 106.0 20.0 10.0
110.0 150.0 20.0 10.0
133.0 156.0 20.0 10.0
144.0 76.0 20.0 10.0
147.0 139.0 20.0 10.0
131.0 78.0 20.0 10.0
144.0 118.0 20.0 10.0
118.0 130.0 20.0 10.0
151.0 106.0 20.0 10.0
47.0 169.0 20.0 10.0
126.0 129.0 20.0 10.0
90.0 77.0 20.0 10.0
182.0 144.0 20.0 10.0
90.0 100.0 20.0 10.0
86.0 87.0 20.0 10.0
168.0 102.0 20.0 10.0
147.0 111.0 20.0 10.0
142.0 61.0 20.0 10.0
158.0 95.0 20.0 10.0
93.0 117.0 20.0 10.0
111.0 92.0 20.0 10.0
109.0 162.0 20.0 10.0
144.0 132.0 20.0 10.0
106.0 112.0 20.0 10.0
153.0 87.0 20.0 10.0
187.0 102.0 20.0 10.0
130.0 64.0 20.0 10.0
108.0 162.0 20.0 10.0
55.0 112.0 20.0 10.0
135.0 136.0 20.0 10.0
154.0 131.0 20.0 10.0
103.0 150.0 20.0 10.0
116.0 63.0 20.0 10.0
142.0 94.0 20.0 10.0
108.0 104.0 20.0 10.0
149.0 128.0 20.0 10.0
93.0 146.0 20.0 10.0
167.0 125.0 20.0 10.0
128.0 113.0 20.0 10.0
122.0 147.0 20.0 10.0
133.0 102.0 20.0 10.0
136.0 98.0 20.0 10.0
144.0 110.0 20.0 10.0
132.0 140.0 20.0 10.0
125.0 46.0 20.0 10.0
147.0 117.0 20.0 10.0
158.0 118.0 20.0 10.0
71.0 93.0 20.0 10.0
119.0 90.0 20.0 10.0
116.0 99.0 20.0 10.0
100.0 175.0 20.0 10.0
114.0 101.0 20.0 10.0
85.0 105.0 20.0 10.0
93.0 78.0 20.0 10.0
120.0 147.0 20.0 10.0
94.0 131.0 20.0 10.0
117.0 105.0 20.0 10.0
149.0 84.0 20.0 10.0
100.0 92.0 20.0 10.0
61.0 132.0 20.0 10.0
103.0 148.0 20.0 10.0
133.0 90.0 20.0 10.0
89.0 131.0 20.0 10.0
138.0 62.0 20.0 10.0
172.0 138.0 20.0 10.0
130.0 154.0 20.0 10.0
144.0 101.0 20.0 10.0
78.0 147.0 20.0 10.0
118.0 158.0 20.0 10.0
185.0 97.0 20.0 10.0
138.0 57.0 20.0 10.0
144.0 92.0 20.0 10.0
122.0 132.0 20.0 10.0
117.0 115.0 20.0 10.0
134.0 94.0 20.0 10.0
85.0 100.0 20.0 10.0
70.0 88.0 20.0 10.0
30.0 131.0 20.0 10.0
121.0 164.0 20.0 10.0
83.0 100.0 20.0 10.0
94.0 111.0 20.0 10.0
59.0 91.0 20.0 10.0
155.0 91.0 20.0 10.0
88.0 125.0 20.0 10.0
92.0 113.0 20.0 10.0
115.0 95.0 20.0 10.0
102.0 127.0 20.0 10.0
86.0 138.0 20.0 10.0
111.0 120.0 20.0 10.0
154.0 112.0 20.0 10.0
82.0 104.0 20.0 10.0
127.0 126.0 20.0 10.0
58.0 125.0 20.0 10.0
136.0 124.0 20.0 10.0
115.0 133.0 20.0 10.0
139.0 118.0 20.0 10.0
138.0 103.0 20.0 10.0
117.0 86.0 20.0 10.0
119.0 104.0 20.0 10.0
116.0 75.0 20.0 10.0
71.0 109.0 20.0 10.0
123.0 70.0 20.0 10.0
138.0 145.0 20.0 10.0
140.0 110.0 20.0 10.0
95.0 87.0 20.0 10.0
119.0 119.0 20.0 10.0
111.0 141.0 20.0 10.0
110.0 136.0 20.0 10.0
138.0 75.0 20.0 10.0
119.0 149.0 20.0 10.0
81.0 132.0 20.0 10.0
97.0 70.0 20.0 10.0
128.0 110.0 20.0 10.0
128.0 89.0 20.0 10.0
102.0 110.0 20.0 10.0
123.0 72.0 20.0 10.0
121.0 109.0 20.0 10.0
99.0 95.0 20.0 10.0
108.0 117.0 20.0 10.0
169.0 119.0 20.0 10.0
102.0 117.0 20.0 10.0
114.0 166.0 20.0 10.0
118.0 87.0 20.0 10.0
111.0 109.0 20.0 10.0
143.0 73.0 20.0 10.0
120.0 122.0 20.0 10.0
119.0 130.0 20.0 10.0
94.0 80.0 20.0 10.0
127.0 107.0 20.0 10.0
95.0 82.0 20.0 10.0
130.0 101.0 20.0 10.0
90.0 128.0 20.0 10.0
82.0 116.0 20.0 10.0
150.0 130.0 20.0 10.0
78.0 102.0 20.0 10.0
159.0 105.0 20.0 10.0
140.0 106.0 20.0 10.0
140.0 163.0 20.0 10.0
146.0 130.0 20.0 10.0
170.0 109.0 20.0 10.0
146.0 85.0 20.0 10.0
98.0 187.0 20.0 10.0
141.0 94.0 20.0 10.0
90.0 85.0 20.0 10.0
154.10000610351562 112.0 20.0 10.0
111.0 175.0 20.0 10.0
96.0 116.0 20.0 10.0
179.0 128.0 20.0 10.0
182.0 168.0 20.0 10.0
106.0 90.0 20.0 10.0
107.0 179.0 20.0 10.0
89.0 123.0 20.0 10.0
138.0 80.0 20.0 10.0
91.0 96.0 20.0 10.0
83.0 98.0 20.0 10.0
126.0 104.0 20.0 10.0
110.0 61.0 20.0 10.0
101.0 131.0 20.0 10.0
97.0 128.0 20.0 10.0
176.0 121.0 20.0 10.0
150.0 121.0 20.0 10.0
89.0 150.0 20.0 10.0
98.0 96.0 20.0 10.0
129.0 83.0 20.0 10.0
166.0 100.0 20.0 10.0
125.0 114.0 20.0 10.0
101.0 82.0 20.0 10.0
142.0 125.0 20.0 10.0
85.0 151.0 20.0 10.0
112.0 96.0 20.0 10.0
114.0 141.0 20.0 10.0
124.0 101.0 20.0 10.0
63.0 97.0 20.0 10.0
92.0 60.0 20.0 10.0
94.0 44.0 20.0 10.0
131.0 80.0 20.0 10.0
141.0 108.0 20.0 10.0
128.0 66.0 20.0 10.0
106.0 77.0 20.0 10.0
156.0 98.0 20.0 10.0
118.0 163.0 20.0 10.0
148.0 107.0 20.0 10.0
114.0 113.0 20.0 10.0
77.0 85.0 20.0 10.0
86.0 154.0 20.0 10.0
91.0 106.0 20.0 10.0
158.0 98.0 20.0 10.0
201.0 134.0 20.0 10.0
115.0 122.0 20.0 10.0
96.0 108.0 20.0 10.0
120.0 141.0 20.0 10.0
117.0 174.0 20.0 10.0
136.0 145.0 20.0 10.0
176.0 104.0 20.0 10.0
120.0 172.0 20.0 10.0
81.0 126.0 20.0 10.0
112.0 139.0 20.0 10.0
97.0 152.0 20.0 10.0
119.0 117.0 20.0 10.0
77.0 183.0 20.0 10.0
125.0 100.0 20.0 10.0
111.0 154.0 20.0 10.0
153.0 100.0 20.0 10.0
92.0 125.0 20.0 10.0
139.0 171.0 20.0 10.0
162.0 118.0 20.0 10.0
103.0 105.0 20.0 10.0
118.0 71.0 20.0 10.0
107.0 91.0 20.0 10.0
148.0 86.0 20.0 10.0
127.0 77.0 20.0 10.0
83.0 111.0 20.0 10.0
164.0 101.0 20.0 10.0
103.0 163.0 20.0 10.0
104.0 121.0 20.0 10.0
142.0 122.0 20.0 10.0
119.0 106.0 20.0 10.0
102.0 97.0 20.0 10.0
81.0 136.0 20.0 10.0
89.0 92.0 20.0 10.0
99.0 169.0 20.0 10.0
103.0 94.0 20.0 10.0
79.0 97.0 20.0 10.0
132.0 162.0 20.0 10.0
88.0 164.0 20.0 10.0
112.0 151.0 20.0 10.0
80.0 112.0 20.0 10.0
126.0 164.0 20.0 10.0
100.0 89.0 20.0 10.0
104.0 68.0 20.0 10.0
110.0 123.0 20.0 10.0
132.0 166.0 20.0 10.0
172.0 133.0 20.0 10.0
92.0 142.0 20.0 10.0
120.0 116.0 20.0 10.0
178.0 149.0 20.0 10.0
74.0 117.0 20.0 10.0
113.0 111.0 20.0 10.0
101.0 152.0 20.0 10.0
118.0 79.0 20.0 10.0
68.0 95.0 20.0 10.0
147.0 106.0 20.0 10.0
157.0 96.0 20.0 10.0
91.0 103.0 20.0 10.0
75.0 123.0 20.0 10.0
40.0 123.0 20.0 10.0
107.0 122.0 20.0 10.0
127.0 144.0 20.0 10.0
156.0 208.0 20.0 10.0
110.0 90.0 20.0 10.0
130.0 108.0 20.0 10.0
189.0 28.0 20.0 10.0
85.0 44.0 20.0 10.0
131.0 82.0 20.0 10.0
127.0 82.0 20.0 10.0
77.0 79.0 20.0 10.0
136.0 89.0 20.0 10.0
99.0 76.0 20.0 10.0
159.0 68.0 20.0 10.0
105.0 66.0 20.0 10.0
81.0 124.0 20.0 10.0
103.0 158.0 20.0 10.0
102.0 74.0 20.0 10.0
67.0 123.0 20.0 10.0
168.0 103.0 20.0 10.0
119.0 115.0 20.0 10.0
147.0 101.0 20.0 10.0
126.0 86.0 20.0 10.0
141.0 98.0 20.0 10.0
164.0 123.0 20.0 10.0
101.0 123.0 20.0 10.0
95.0 149.0 20.0 10.0
200.0 103.0 20.0 10.0
155.0 143.0 20.0 10.0
64.0 146.0 20.0 10.0
108.0 94.0 20.0 10.0
115.0 87.0 20.0 10.0
77.0 132.0 20.0 10.0
163.0 151.0 20.0 10.0
177.0 84.0 20.0 10.0
87.0 134.0 20.0 10.0
87.0 128.0 20.0 10.0
141.0 141.0 20.0 10.0
113.0 92.0 20.0 10.0
83.0 108.0 20.0 10.0
117.0 181.0 20.0 10.0
83.0 90.0 20.0 10.0
104.0 100.0 20.0 10.0
75.0 164.0 20.0 10.0
102.0 84.0 20.0 10.0
126.0 144.0 20.0 10.0
95.0 98.0 20.0 10.0
134.0 136.0 20.0 10.0
120.0 101.0 20.0 10.0
119.0 167.0 20.0 10.0
160.0 77.0 20.0 10.0
119.0 96.0 20.0 10.0
128.0 87.0 20.0 10.0
136.0 170.0 20.0 10.0
114.0 99.0 20.0 10.0
161.0 105.0 20.0 10.0
115.0 147.0 20.0 10.0
62.0 135.0 20.0 10.0
76.0 99.0 20.0 10.0
71.0 141.0 20.0 10.0
110.0 144.0 20.0 10.0
106.0 83.0 20.0 10.0
122.0 92.0 20.0 10.0
86.0 123.0 20.0 10.0
100.0 80.0 20.0 10.0
155.0 134.0 20.0 10.0
90.0 120.0 20.0 10.0
107.0 74.0 20.0 10.0
123.0 122.0 20.0 10.0
152.0 84.0 20.0 10.0
152.0 143.0 20.0 10.0
103.0 166.0 20.0 10.0
100.0 157.0 20.0 10.0
168.0 176.0 20.0 10.0
114.0 158.0 20.0 10.0
169.0 72.0 20.0 10.0
139.0 104.0 20.0 10.0
112.0 143.0 20.0 10.0
106.0 72.0 20.0 10.0
145.0 96.0 20.0 10.0
152.0 92.0 20.0 10.0
116.0 95.0 20.0 10.0
79.0 87.0 20.0 10.0
77.0 87.0 20.0 10.0
63.0 130.0 20.0 10.0
132.0 115.0 20.0 10.0
148.0 148.0 20.0 10.0
83.0 117.0 20.0 10.0
128.0 151.0 20.0 10.0
111.0 105.0 20.0 10.0
136.0 72.0 20.0 10.0
139.0 91.0 20.0 10.0
159.0 112.0 20.0 10.0
120.0 158.0 20.0 10.0
70.0 159.0 20.0 10.0
65.0 105.0 20.0 10.0
150.0 125.0 20.0 10.0
126.0 148.0 20.0 10.0
131.0 119.0 20.0 10.0
139.0 60.0 20.0 10.0
59.0 104.0 20.0 10.0
146.0 127.0 20.0 10.0
145.0 116.0 20.0 10.0
101.0 57.0 20.0 10.0
107.0 106.0 20.0 10.0
150.0 119.0 20.0 10.0
98.0 121.0 20.0 10.0
133.0 128.0 20.0 10.0
158.0 68.0 20.0 10.0
92.0 139.0 20.0 10.0
127.0 96.0 20.0 10.0
103.0 120.0 20.0 10.0
85.0 125.0 20.0 10.0
108.0 71.0 20.0 10.0
166.0 96.0 20.0 10.0
98.0 101.0 20.0 10.0
110.0 160.0 20.0 10.0
161.0 146.0 20.0 10.0
136.0 76.0 20.0 10.0
134.0 170.0 20.0 10.0
88.0 152.0 20.0 10.0
97.0 88.0 20.0 10.0
111.0 52.0 20.0 10.0
140.0 113.0 20.0 10.0
64.0 191.0 20.0 10.0
115.0 108.0 20.0 10.0
153.0 107.0 20.0 10.0
137.0 137.0 20.0 10.0
105.0 133.0 20.0 10.0
135.0 65.0 20.0 10.0
124.0 114.0 20.0 10.0
82.0 81.0 20.0 10.0
146.0 112.0 20.0 10.0
145.0 114.0 20.0 10.0
120.0 86.0 20.0 10.0
132.0 95.0 20.0 10.0
114.0 86.0 20.0 10.0
81.0 65.0 20.0 10.0
100.0 116.0 20.0 10.0
134.0 78.0 20.0 10.0
73.0 109.0 20.0 10.0
121.0 114.0 20.0 10.0
118.0 137.0 20.0 10.0
164.0 68.0 20.0 10.0
101.0 154.0 20.0 10.0
73.0 88.0 20.0 10.0
79.0 94.0 20.0 10.0
159.0 131.0 20.0 10.0
63.0 124.0 20.0 10.0
76.0 43.0 20.0 10.0
104.0 75.0 20.0 10.0
98.0 93.0 20.0 10.0
117.0 113.0 20.0 10.0
164.0 84.0 20.0 10.0
103.0 128.0 20.0 10.0
119.0 125.0 20.0 10.0
102.0 180.0 20.0 10.0
115.0 153.0 20.0 10.0
77.0 115.0 20.0 10.0
140.0 80.0 20.0 10.0
86.0 109.0 20.0 10.0
105.0 115.0 20.0 10.0
127.0 146.0 20.0 10.0
148.0 98.0 20.0 10.0
71.0 53.0 20.0 10.0
118.0 120.0 20.0 10.0
117.0 83.0 20.0 10.0
87.0 97.0 20.0 10.0
85.0 83.0 20.0 10.0
137.0 132.0 20.0 10.0
123.0 129.0 20.0 10.0
100.0 105.0 20.0 10.0
73.0 144.0 20.0 10.0
87.0 107.0 20.0 10.0
141.0 84.0 20.0 10.0
24.0 128.0 20.0 10.0
160.0 169.0 20.0 10.0
96.0 159.0 20.0 10.0
91.0 98.0 20.0 10.0
172.0 119.0 20.0 10.0
105.0 130.0 20.0 10.0
143.0 149.0 20.0 10.0
212.0 109.0 20.0 10.0
108.0 157.0 20.0 10.0
88.0 155.0 20.0 10.0
96.0 122.0 20.0 10.0
66.0 116.0 20.0 10.0
70.0 124.0 20.0 10.0
131.0 105.0 20.0 10.0
104.0 103.0 20.0 10.0
150.0 132.0 20.0 10.0
99.0 142.0 20.0 10.0
132.0 98.0 20.0 10.0
131.0 127.0 20.0 10.0
147.0 99.0 20.0 10.0
109.0 106.0 20.0 10.0
36.0 134.0 20.0 10.0
140.0 89.0 20.0 10.0
95.0 90.0 20.0 10.0
105.0 116.0 20.0 10.0
144.0 135.0 20.0 10.0
138.0 68.0 20.0 10.0
115.0 136.0 20.0 10.0
96.0 136.0 20.0 10.0
148.0 91.0 20.0 10.0
93.0 121.0 20.0 10.0
117.0 142.0 20.0 10.0
138.0 92.0 20.0 10.0
128.0 98.0 20.0 10.0
130.0 166.0 20.0 10.0
163.0 106.0 20.0 10.0
165.0 113.0 20.0 10.0
119.0 138.0 20.0 10.0
117.0 61.0 20.0 10.0
95.0 71.0 20.0 10.0
176.0 78.0 20.0 10.0
124.0 171.0 20.0 10.0
139.0 127.0 20.0 10.0
87.0 114.0 20.0 10.0
140.0 102.0 20.0 10.0
157.0 137.0 20.0 10.0
145.0 151.0 20.0 10.0
129.0 147.0 20.0 10.0
99.0 118.0 20.0 10.0
153.0 57.0 20.0 10.0
128.0 136.0 20.0 10.0
72.0 160.0 20.0 10.0
101.0 208.0 20.0 10.0
127.0 154.0 20.0 10.0
82.0 102.0 20.0 10.0
184.0 99.0 20.0 10.0
106.0 107.0 20.0 10.0
112.0 133.0 20.0 10.0
82.0 118.0 20.0 10.0
193.0 123.0 20.0 10.0
149.0 75.0 20.0 10.0
147.0 124.0 20.0 10.0
108.0 148.0 20.0 10.0
78.0 138.0 20.0 10.0
85.0 72.0 20.0 10.0
91.0 111.0 20.0 10.0
106.0 135.0 20.0 10.0
152.0 89.0 20.0 10.0
129.0 128.0 20.0 10.0
66.0 127.0 20.0 10.0
142.0 132.0 20.0 10.0
108.0 133.0 20.0 10.0
94.0 115.0 20.0 10.0
175.0 131.0 20.0 10.0
161.0 54.0 20.0 10.0
141.0 85.0 20.0 10.0
133.0 152.0 20.0 10.0
87.0 118.0 20.0 10.0
34.0 112.0 20.0 10.0
103.0 136.0 20.0 10.0
91.0 139.0 20.0 10.0
106.0 103.0 20.0 10.0
78.0 129.0 20.0 10.0
137.0 95.0 20.0 10.0
145.0 139.0 20.0 10.0
104.0 171.0 20.0 10.0
138.0 43.0 20.0 10.0
103.0 102.0 20.0 10.0
146.0 62.0 20.0 10.0
140.0 124.0 20.0 10.0
154.0 138.0 20.0 10.0
126.0 123.0 20.0 10.0
131.0 159.0 20.0 10.0
124.0 90.0 20.0 10.0
119.0 135.0 20.0 10.0
172.0 161.0 20.0 10.0
124.0 66.0 20.0 10.0
135.0 115.0 20.0 10.0
137.0 127.0 20.0 10.0
131.0 123.0 20.0 10.0
132.0 110.0 20.0 10.0
112.0 65.0 20.0 10.0
144.0 160.0 20.0 10.0
106.0 124.0 20.0 10.0
101.0 144.0 20.0 10.0
108.0 46.0 20.0 10.0
97.0 122.0 20.0 10.0
113.0 84.0 20.0 10.0
137.0 143.0 20.0 10.0
93.0 135.0 20.0 10.0
99.0 134.0 20.0 10.0
94.0 57.0 20.0 10.0
155.0 121.0 20.0 10.0
126.0 136.0 20.0 10.0
115.0 68.0 20.0 10.0
83.0 121.0 20.0 10.0
177.0 81.0 20.0 10.0
59.0 107.0 20.0 10.0
117.0 132.0 20.0 10.0
162.0 128.0 20.0 10.0
100.0 112.0 20.0 10.0
139.0 114.0 20.0 10.0
124.0 134.0 20.0 10.0
47.0 162.0 20.0 10.0
109.0 59.0 20.0 10.0
75.0 157.0 20.0 10.0
109.0 168.0 20.0 10.0
112.0 123.0 20.0 10.0
89.0 146.0 20.0 10.0
152.0 104.0 20.0 10.0
129.0 105.0 20.0 10.0
91.0 130.0 20.0 10.0
124.0 127.0 20.0 10.0
87.0 94.0 20.0 10.0
92.0 89.0 20.0 10.0
94.0 160.0 20.0 10.0
123.0 164.0 20.0 10.0
98.0 88.0 20.0 10.0
124.0 137.0 20.0 10.0
90.0 83.0 20.0 10.0
128.0 80.0 20.0 10.0
123.0 136.0 20.0 10.0
157.0 63.0 20.0 10.0
128.0 101.0 20.0 10.0
161.0 99.0 20.0 10.0
121.0 126.0 20.0 10.0
94.0 98.0 20.0 10.0
147.0 75.0 20.0 10.0
131.0 133.0 20.0 10.0
143.0 48.0 20.0 10.0
121.0 143.0 20.0 10.0
133.0 101.0 20.0 10.0
95.0 107.0 20.0 10.0
81.0 129.0 20.0 10.0
85.0 148.0 20.0 10.0
89.0 98.0 20.0 10.0
145.0 70.0 20.0 10.0
116.0 82.0 20.0 10.0
115.0 71.0 20.0 10.0
119.0 73.0 20.0 10.0
125.0 117.0 20.0 10.0
90.0 200.0 20.0 10.0
186.0 122.0 20.0 10.0
160.0 71.0 20.0 10.0
149.0 158.0 20.0 10.0
162.0 87.0 20.0 10.0
105.0 97.0 20.0 10.0
103.0 132.0 20.0 10.0
99.0 100.0 20.0 10.0
60.0 110.0 20.0 10.0
142.0 78.0 20.0 10.0
77.0 117.0 20.0 10.0
150.0 102.0 20.0 10.0
113.0 75.0 20.0 10.0
164.0 159.0 20.0 10.0
133.0 94.0 20.0 10.0
149.0 138.0 20.0 10.0
118.0 108.0 20.0 10.0
133.0 88.0 20.0 10.0
100.0 115.0 20.0 10.0
132.0 136.0 20.0 10.0
159.0 90.0 20.0 10.0
97.0 72.0 20.0 10.0
177.0 107.0 20.0 10.0
136.0 117.0 20.0 10.0
118.0 110.0 20.0 10.0
96.0 127.0 20.0 10.0
130.0 138.0 20.0 10.0
168.0 134.0 20.0 10.0
144.0 123.0 20.0 10.0
114.0 115.0 20.0 10.0
153.0 117.0 20.0 10.0
66.0 45.0 20.0 10.0
157.0 77.0 20.0 10.0
90.0 25.0 20.0 10.0
133.0 124.0 20.0 10.0
129.0 175.0 20.0 10.0
70.0 101.0 20.0 10.0
150.0 104.0 20.0 10.0
77.0 124.0 20.0 10.0
105.0 92.0 20.0 10.0
163.0 115.0 20.0 10.0
156.0 82.0 20.0 10.0
156.0 125.0 20.0 10.0
140.0 135.0 20.0 10.0
108.0 55.0 20.0 10.0
120.0 105.0 20.0 10.0
68.0 109.0 20.0 10.0
125.0 81.0 20.0 10.0
97.0 104.0 20.0 10.0
128.0 116.0 20.0 10.0
143.0 126.0 20.0 10.0
143.0 105.0 20.0 10.0
144.0 90.0 20.0 10.0
135.0 123.0 20.0 10.0
151.0 171.0 20.0 10.0
120.0 65.0 20.0 10.0
115.0 105.0 20.0 10.0
121.0 155.0 20.0 10.0
107.0 158.0 20.0 10.0
170.0 74.0 20.0 10.0
78.0 133.0 20.0 10.0
138.0 135.0 20.0 10.0
126.0 175.0 20.0 10.0
68.0 120.0 20.0 10.0
86.0 158.0 20.0 10.0
159.0 82.0 20.0 10.0
89.0 141.0 20.0 10.0
160.0 84.0 20.0 10.0
155.0 99.0 20.0 10.0
139.0 84.0 20.0 10.0
177.0 140.0 20.0 10.0
142.0 102.0 20.0 10.0
121.0 63.0 20.0 10.0
126.0 125.0 20.0 10.0
119.0 128.0 20.0 10.0
135.0 128.0 20.0 10.0
143.0 180.0 20.0 10.0
118.0 113.0 20.0 10.0
91.0 90.0 20.0 10.0
53.0 107.0 20.0 10.0
136.0 150.0 20.0 10.0
116.0 145.0 20.0 10.0
85.0 133.0 20.0 10.0
185.0 77.0 20.0 10.0
148.0 134.0 20.0 10.0
93.0 138.0 20.0 10.0
138.0 152.0 20.0 10.0
136.0 100.0 20.0 10.0
108.0 69.0 20.0 10.0
139.0 95.0 20.0 10.0
108.0 127.0 20.0 10.0
116.0 73.0 20.0 10.0
108.0 102.0 20.0 10.0
173.0 108.0 20.0 10.0
149.0 134.0 20.0 10.0
134.0 131.0 20.0 10.0
114.0 125.0 20.0 10.0
125.0 143.0 20.0 10.0
148.0 150.0 20.0 10.0
104.0 125.0 20.0 10.0
96.0 102.0 20.0 10.0
105.0 63.0 20.0 10.0
109.0 119.0 20.0 10.0
115.0 93.0 20.0 10.0
103.0 155.0 20.0 10.0
74.0 96.0 20.0 10.0
150.0 110.0 20.0 10.0
173.0 131.0 20.0 10.0
87.0 168.0 20.0 10.0
144.0 65.0 20.0 10.0
92.0 72.0 20.0 10.0
139.0 100.0 20.0 10.0
115.0 79.0 20.0 10.0
142.0 87.0 20.0 10.0
123.0 99.0 20.0 10.0
72.0 116.0 20.0 10.0
79.0 110.0 20.0 10.0
102.0 108.0 20.0 10.0
138.0 108.0 20.0 10.0
131.0 149.0 20.0 10.0
121.0 112.0 20.0 10.0
156.0 111.0 20.0 10.0
125.0 112.0 20.0 10.0
92.0 145.0 20.0 10.0
126.0 89.0 20.0 10.0
209.0 131.0 20.0 10.0
94.0 138.0 20.0 10.0
157.0 123.0 20.0 10.0
128.0 64.0 20.0 10.0
139.0 132.0 20.0 10.0
79.0 60.0 20.0 10.0
125.0 109.0 20.0 10.0
92.0 98.0 20.0 10.0
119.0 51.0 20.0 10.0
101.0 66.0 20.0 10.0
108.0 63.0 20.0 10.0
104.0 77.0 20.0 10.0
126.0 93.0 20.0 10.0
176.0 113.0 20.0 10.0
111.0 78.0 20.0 10.0
87.0 76.0 20.0 10.0
154.0 90.0 20.0 10.0
107.0 125.0 20.0 10.0
140.0 146.0 20.0 10.0
121.0 124.0 20.0 10.0
136.0 152.0 20.0 10.0
148.0 89.0 20.0 10.0
162.0 166.0 20.0 10.0
174.0 114.0 20.0 10.0
164.0 130.0 20.0 10.0
170.0 92.0 20.0 10.0
132.0 80.0 20.0 10.0
158.0 75.0 20.0 10.0
118.0 146.0 20.0 10.0
125.0 133.0 20.0 10.0
127.0 168.0 20.0 10.0
133.0 68.0 20.0 10.0
192.0 179.0 20.0 10.0
102.0 114.0 20.0 10.0
133.0 188.0 20.0 10.0
117.0 124.0 20.0 10.0
101.0 71.0 20.0 10.0
86.0 91.0 20.0 10.0
53.0 128.0 20.0 10.0
165.0 128.0 20.0 10.0
83.0 138.0 20.0 10.0
66.0 114.0 20.0 10.0
124.0 124.0 20.0 10.0
110.0 101.0 20.0 10.0
108.0 79.0 20.0 10.0
98.0 108.0 20.0 10.0
91.0 132.0 20.0 10.0
148.0 110.0 20.0 10.0
137.0 119.0 20.0 10.0
160.0 127.0 20.0 10.0
122.0 108.0 20.0 10.0
105.0999984741211 115.0 20.0 10.0
147.0 78.0 20.0 10.0
152.0 155.0 20.0 10.0
129.0 114.0 20.0 10.0
120.0 109.0 20.0 10.0
129.0 134.0 20.0 10.0
161.0 122.0 20.0 10.0
138.0 51.0 20.0 10.0
154.0 123.0 20.0 10.0
167.0 113.0 20.0 10.0
143.0 152.0 20.0 10.0
163.0 94.0 20.0 10.0
167.0 127.0 20.0 10.0
138.0 115.0 20.0 10.0
88.0 174.0 20.0 10.0
134.0 126.0 20.0 10.0
158.0 124.0 20.0 10.0
167.0 89.0 20.0 10.0
169.0 159.0 20.0 10.0
157.0 150.0 20.0 10.0
101.0 119.0 20.0 10.0
85.0 78.0 20.0 10.0
142.0 137.0 20.0 10.0
171.0 128.0 20.0 10.0
126.0 138.0 20.0 10.0
111.0 146.0 20.0 10.0
136.0 141.0 20.0 10.0
185.0 127.0 20.0 10.0
112.0 103.0 20.0 10.0
122.0 88.0 20.0 10.0
90.0 117.0 20.0 10.0
156.0 49.0 20.0 10.0
137.0 77.0 20.0 10.0
110.0 117.0 20.0 10.0
129.0 96.0 20.0 10.0
137.0 182.0 20.0 10.0
159.0 153.0 20.0 10.0
123.0 152.0 20.0 10.0
168.0 84.0 20.0 10.0
94.0 103.0 20.0 10.0
93.0 179.0 20.0 10.0
152.0 129.0 20.0 10.0
143.0 95.0 20.0 10.0
87.0 160.0 20.0 10.0
130.0 143.0 20.0 10.0
82.0 142.0 20.0 10.0
72.0 154.0 20.0 10.0
62.0 92.0 20.0 10.0
148.0 141.0 20.0 10.0
144.0 145.0 20.0 10.0
157.0 105.0 20.0 10.0
122.0 117.0 20.0 10.0
127.0 90.0 20.0 10.0
101.0 104.0 20.0 10.0
175.0 95.0 20.0 10.0
143.0 169.0 20.0 10.0
103.0 142.0 20.0 10.0
114.0 118.0 20.0 10.0
142.0 72.0 20.0 10.0
127.0 79.0 20.0 10.0
131.0 96.0 20.0 10.0
123.0 78.0 20.0 10.0
76.0 121.0 20.0 10.0
176.0 76.0 20.0 10.0
143.0 85.0 20.0 10.0
110.0 115.0 20.0 10.0
91.0 76.0 20.0 10.0
123.0 80.0 20.0 10.0
83.0 64.0 20.0 10.0
184.0 87.0 20.0 10.0
140.0 138.0 20.0 10.0
95.0 124.0 20.0 10.0
138.0 88.0 20.0 10.0
103.0 92.0 20.0 10.0
176.0 100.0 20.0 10.0
151.0 115.0 20.0 10.0
131.0 120.0 20.0 10.0
103.0 81.0 20.0 10.0
127.0 118.0 20.0 10.0
175.0 98.0 20.0 10.0
80.0 106.0 20.0 10.0
111.0 121.0 20.0 10.0
94.0 84.0 20.0 10.0
144.0 115.0 20.0 10.0
112.0 84.0 20.0 10.0
125.0 119.0 20.0 10.0
101.0 163.0 20.0 10.0
132.0 145.0 20.0 10.0
115.0 103.0 20.0 10.0
209.0 94.0 20.0 10.0
112.0 129.0 20.0 10.0
98.0 148.0 20.0 10.0
136.0 107.0 20.0 10.0
69.0 86.0 20.0 10.0
130.0 99.0 20.0 10.0
121.0 118.0 20.0 10.0
105.0 176.0 20.0 10.0
131.0 117.0 20.0 10.0
156.0 108.0 20.0 10.0
97.0 126.0 20.0 10.0
149.0 71.0 20.0 10.0
179.0 155.0 20.0 10.0
113.0 97.0 20.0 10.0
84.0 70.0 20.0 10.0
136.0 85.0 20.0 10.0
134.0 155.0 20.0 10.0
127.0 119.0 20.0 10.0
104.0 184.0 20.0 10.0
161.0 132.0 20.0 10.0
135.0 82.0 20.0 10.0
188.0 96.0 20.0 10.0
111.0 71.0 20.0 10.0
117.0 103.0 20.0 10.0
92.0 92.0 20.0 10.0
177.0 119.0 20.0 10.0
140.0 67.0 20.0 10.0
85.0 60.0 20.0 10.0
111.0 84.0 20.0 10.0
64.0 101.0 20.0 10.0
105.0 122.0 20.0 10.0
140.0 156.0 20.0 10.0
103.0 87.0 20.0 10.0
114.0 129.0 20.0 10.0
107.0 144.0 20.0 10.0
96.0 111.0 20.0 10.0
86.0 131.0 20.0 10.0
110.0 137.0 20.0 10.0
135.0 103.0 20.0 10.0
158.0 174.0 20.0 10.0
161.0 137.0 20.0 10.0
115.0 89.0 20.0 10.0
74.0 110.0 20.0 10.0
114.0 130.0 20.0 10.0
125.0 77.0 20.0 10.0
70.0 131.0 20.0 10.0
110.0 111.0 20.0 10.0
143.0 187.0 20.0 10.0
122.0 144.0 20.0 10.0
78.0 114.0 20.0 10.0
111.0 132.0 20.0 10.0
81.0 35.0 20.0 10.0
97.0 118.0 20.0 10.0
208.0 117.0 20.0 10.0
103.0 90.0 20.0 10.0
108.0 131.0 20.0 10.0
146.0 84.0 20.0 10.0
149.0 50.0 20.0 10.0
88.0 104.0 20.0 10.0
80.0 141.0 20.0 10.0
109.0 86.0 20.0 10.0
156.0 74.0 20.0 10.0
95.0 120.0 20.0 10.0
68.0 127.0 20.0 10.0
80.0 91.0 20.0 10.0
164.0 108.0 20.0 10.0
96.0 129.0 20.0 10.0
103.0 143.0 20.0 10.0
45.0 129.0 20.0 10.0
121.0 70.0 20.0 10.0
116.0 120.0 20.0 10.0
88.0 64.0 20.0 10.0
84.0 92.0 20.0 10.0
121.0 96.0 20.0 10.0
141.0 129.0 20.0 10.0
98.0 115.0 20.0 10.0
97.0 83.0 20.0 10.0
109.0 108.0 20.0 10.0
147.0 109.0 20.0 10.0
117.0 151.0 20.0 10.0
129.0 126.0 20.0 10.0
138.0 117.0 20.0 10.0
