1000
91.0 97.0 20.0 10.0
103.0 85.0 20.0 10.0
100.0 103.0 20.0 10.0
88.0 90.0 20.0 10.0
94.0 89.0 20.0 10.0
100.0 88.0 20.0 10.0
95.0 92.0 20.0 10.0
97.0 76.0 20.0 10.0
112.0 97.0 20.0 10.0
84.0 81.0 20.0 10.0
95.0 85.0 20.0 10.0
91.0 85.0 20.0 10.0
99.0 101.0 20.0 10.0
97.0 82.0 20.0 10.0
101.0 92.0 20.0 10.0
97.0 91.0 20.0 10.0
93.0 85.0 20.0 10.0
98.0 76.0 20.0 10.0
86.0 79.0 20.0 10.0
92.0 95.0 20.0 10.0
90.0 82.0 20.0 10.0
98.0 88.0 20.0 10.0
89.0 99.0 20.0 10.0
90.0 80.0 20.0 10.0
106.0 78.0 20.0 10.0
112.0 84.0 20.0 10.0
100.0 93.0 20.0 10.0
128.0 107.0 20.0 10.0
88.0 93.0 20.0 10.0
110.0 74.0 20.0 10.0
95.0 76.0 20.0 10.0
109.0 96.0 20.0 10.0
97.0 106.0 20.0 10.0
95.0 102.0 20.0 10.0
76.0 73.0 20.0 10.0
87.0 66.0 20.0 10.0
105.0 83.0 20.0 10.0
92.0 67.0 20.0 10.0
111.0 91.0 20.0 10.0
106.0 93.0 20.0 10.0
75.0 91.0 20.0 10.0
95.0 105.0 20.0 10.0
74.0 100.0 20.0 10.0
70.0 95.0 20.0 10.0
103.0 67.0 20.0 10.0
107.0 96.0 20.0 10.0
74.0 88.0 20.0 10.0
87.0 115.0 20.0 10.0
110.0 86.0 20.0 10.0
87.0 60.0 20.0 10.0
93.0 77.0 20.0 10.0
77.0 101.0 20.0 10.0
88.0 97.0 20.0 10.0
83.0 66.0 20.0 10.0
106.0 92.0 20.0 10.0
75.0 83.0 20.0 10.0
109.0 78.0 20.0 10.0
106.0 105.0 20.0 10.0
77.0 102.0 20.0 10.0
81.0 104.0 20.0 10.0
95.0 86.0 20.0 10.0
124.0 102.0 20.0 10.0
81.0 91.0 20.0 10.0
82.0 95.0 20.0 10.0
113.0 105.0 20.0 10.0
93.0 100.0 20.0 10.0
81.0 68.0 20.0 10.0
91.0 89.0 20.0 10.0
96.0 68.0 20.0 10.0
109.0 94.0 20.0 10.0
119.0 116.0 20.0 10.0
84.0 102.0 20.0 10.0
107.0 94.0 20.0 10.0
133.0 103.0 20.0 10.0
103.0 99.0 20.0 10.0
79.0 127.0 20.0 10.0
113.0 76.0 20.0 10.0
97.0 94.0 20.0 10.0
101.0 100.0 20.0 10.0
104.0 103.0 20.0 10.0
109.0 113.0 20.0 10.0
80.0 97.0 20.0 10.0
102.0 66.0 20.0 10.0
96.0 74.0 20.0 10.0
118.0 72.0 20.0 10.0
101.0 111.0 20.0 10.0
101.0 87.0 20.0 10.0
91.0 110.0 20.0 10.0
72.0 102.0 20.0 10.0
73.0 92.0 20.0 10.0
94.0 125.0 20.0 10.0
88.0 79.0 20.0 10.0
59.0 118.0 20.0 10.0
72.0 71.0 20.0 10.0
98.0 113.0 20.0 10.0
106.0 71.0 20.0 10.0
67.0 105.0 20.0 10.0
96.0 63.0 20.0 10.0
86.0 117.0 20.0 10.0
97.0 97.0 20.0 10.0
85.0 87.0 20.0 10.0
76.0 93.0 20.0 10.0
116.0 98.0 20.0 10.0
75.0 76.0 20.0 10.0
80.0 95.0 20.0 10.0
92.0 69.0 20.0 10.0
68.0 60.0 20.0 10.0
94.0 77.0 20.0 10.0
103.0 90.0 20.0 10.0
71.0 84.0 20.0 10.0
100.0 83.0 20.0 10.0
131.0 96.0 20.0 10.0
66.0 83.0 20.0 10.0
90.0 64.0 20.0 10.0
85.0 57.0 20.0 10.0
75.0 95.0 20.0 10.0
82.0 79.0 20.0 10.0
80.0 117.0 20.0 10.0
94.0 88.0 20.0 10.0
87.0 99.0 20.0 10.0
97.0 52.0 20.0 10.0
92.0 109.0 20.0 10.0
68.0 85.0 20.0 10.0
77.0 80.0 20.0 10.0
79.0 105.0 20.0 10.0
82.0 109.0 20.0 10.0
116.0 88.0 20.0 10.0
79.0 102.0 20.0 10.0
111.0 67.0 20.0 10.0
100.0 62.0 20.0 10.0
108.0 112.0 20.0 10.0
87.0 88.0 20.0 10.0
102.0 83.0 20.0 10.0
79.0 113.0 20.0 10.0
122.0 81.0 20.0 10.0
97.0 80.0 20.0 10.0
68.0 71.0 20.0 10.0
93.0 49.0 20.0 10.0
80.0 82.0 20.0 10.0
117.0 83.0 20.0 10.0
100.0 70.0 20.0 10.0
108.0 100.0 20.0 10.0
111.0 81.0 20.0 10.0
103.0 78.0 20.0 10.0
104.0 118.0 20.0 10.0
118.0 69.0 20.0 10.0
76.0 65.0 20.0 10.0
53.0 91.0 20.0 10.0
113.0 119.0 20.0 10.0
112.0 68.0 20.0 10.0
101.0 77.0 20.0 10.0
114.0 95.0 20.0 10.0
78.0 118.0 20.0 10.0
88.0 109.0 20.0 10.0
67.0 110.0 20.0 10.0
78.0 78.0 20.0 10.0
102.0 74.0 20.0 10.0
107.0 46.0 20.0 10.0
82.0 83.0 20.0 10.0
129.0 66.0 20.0 10.0
58.0 110.0 20.0 10.0
83.0 94.0 20.0 10.0
108.0 66.0 20.0 10.0
113.0 53.0 20.0 10.0
132.0 72.0 20.0 10.0
78.0 96.0 20.0 10.0
80.0 76.0 20.0 10.0
138.0 73.0 20.0 10.0
127.0 51.0 20.0 10.0
70.0 105.0 20.0 10.0
89.0 118.0 20.0 10.0
91.0 62.0 20.0 10.0
94.0 79.0 20.0 10.0
94.0 72.0 20.0 10.0
70.0 76.0 20.0 10.0
88.0 75.0 20.0 10.0
72.0 66.0 20.0 10.0
84.0 77.0 20.0 10.0
123.0 62.0 20.0 10.0
92.0 64.0 20.0 10.0
103.0 80.0 20.0 10.0
109.0 52.0 20.0 10.0
61.0 82.0 20.0 10.0
74.0 54.0 20.0 10.0
106.0 80.0 20.0 10.0
125.0 68.0 20.0 10.0
108.0 77.0 20.0 10.0
70.0 82.0 20.0 10.0
71.0 48.0 20.0 10.0
92.0 131.0 20.0 10.0
77.0 109.0 20.0 10.0
107.0 63.0 20.0 10.0
120.0 118.0 20.0 10.0
119.0 84.0 20.0 10.0
107.0 82.0 20.0 10.0
95.0 129.0 20.0 10.0
120.0 72.0 20.0 10.0
84.0 67.0 20.0 10.0
72.0 95.0 20.0 10.0
114.0 108.0 20.0 10.0
93.0 114.0 20.0 10.0
141.0 77.0 20.0 10.0
108.0 79.0 20.0 10.0
78.0 84.0 20.0 10.0
89.0 80.0 20.0 10.0
66.0 71.0 20.0 10.0
120.0 90.0 20.0 10.0
123.0 77.0 20.0 10.0
94.0 61.0 20.0 10.0
122.0 105.0 20.0 10.0
109.0 132.0 20.0 10.0
80.0 107.0 20.0 10.0
86.0 82.0 20.0 10.0
117.0 111.0 20.0 10.0
125.0 97.0 20.0 10.0
132.0 97.0 20.0 10.0
63.0 109.0 20.0 10.0
76.0 106.0 20.0 10.0
97.0 86.0 20.0 10.0
121.0 82.0 20.0 10.0
114.0 56.0 20.0 10.0
91.0 105.0 20.0 10.0
85.0 72.0 20.0 10.0
69.0 115.0 20.0 10.0
74.0 61.0 20.0 10.0
79.0 88.0 20.0 10.0
102.0 114.0 20.0 10.0
118.0 114.0 20.0 10.0
113.0 101.0 20.0 10.0
84.0 104.0 20.0 10.0
55.0 77.0 20.0 10.0
76.0 102.0 20.0 10.0
118.0 99.0 20.0 10.0
94.0 107.0 20.0 10.0
87.0 127.0 20.0 10.0
110.0 61.0 20.0 10.0
117.0 105.0 20.0 10.0
86.0 62.0 20.0 10.0
89.0 82.0 20.0 10.0
77.0 98.0 20.0 10.0
90.0 58.0 20.0 10.0
116.0 106.0 20.0 10.0
85.0 45.0 20.0 10.0
71.0 81.0 20.0 10.0
80.0 92.0 20.0 10.0
83.0 61.0 20.0 10.0
105.0 85.0 20.0 10.0
65.0 103.0 20.0 10.0
88.0 51.0 20.0 10.0
117.0 132.0 20.0 10.0
131.0 78.0 20.0 10.0
115.0 101.0 20.0 10.0
112.0 78.0 20.0 10.0
110.0 87.0 20.0 10.0
111.0 72.0 20.0 10.0
124.0 86.0 20.0 10.0
52.0 88.0 20.0 10.0
89.0 42.0 20.0 10.0
125.0 59.0 20.0 10.0
89.0 61.0 20.0 10.0
81.0 59.0 20.0 10.0
126.0 99.0 20.0 10.0
100.0 84.0 20.0 10.0
112.0 106.0 20.0 10.0
92.0 84.0 20.0 10.0
101.0 96.0 20.0 10.0
95.0 59.0 20.0 10.0
100.0 109.0 20.0 10.0
90.0 103.0 20.0 10.0
53.0 82.0 20.0 10.0
112.0 102.0 20.0 10.0
68.0 93.0 20.0 10.0
74.0 66.0 20.0 10.0
68.0 97.0 20.0 10.0
126.0 78.0 20.0 10.0
81.0 56.0 20.0 10.0
100.0 71.0 20.0 10.0
136.0 85.0 20.0 10.0
82.0 115.0 20.0 10.0
99.0 46.0 20.0 10.0
77.0 86.0 20.0 10.0
111.0 53.0 20.0 10.0
71.0 116.0 20.0 10.0
108.0 54.0 20.0 10.0
103.0 107.0 20.0 10.0
97.0 100.0 20.0 10.0
85.0 50.0 20.0 10.0
65.0 82.0 20.0 10.0
95.0 123.0 20.0 10.0
91.0 119.0 20.0 10.0
86.0 104.0 20.0 10.0
85.0 66.0 20.0 10.0
73.0 111.0 20.0 10.0
120.0 53.0 20.0 10.0
89.0 86.0 20.0 10.0
64.0 75.0 20.0 10.0
111.0 58.0 20.0 10.0
124.0 64.0 20.0 10.0
120.0 104.0 20.0 10.0
100.0 121.0 20.0 10.0
111.0 56.0 20.0 10.0
55.0 89.0 20.0 10.0
57.0 95.0 20.0 10.0
112.0 50.0 20.0 10.0
126.0 75.0 20.0 10.0
123.0 90.0 20.0 10.0
64.0 113.0 20.0 10.0
80.0 52.0 20.0 10.0
95.0 114.0 20.0 10.0
135.0 89.0 20.0 10.0
53.0 98.0 20.0 10.0
51.0 95.0 20.0 10.0
91.0 123.0 20.0 10.0
117.0 92.0 20.0 10.0
105.0 60.0 20.0 10.0
69.0 84.0 20.0 10.0
114.0 45.0 20.0 10.0
83.0 117.0 20.0 10.0
57.0 92.0 20.0 10.0
104.0 128.0 20.0 10.0
55.0 84.0 20.0 10.0
69.0 62.0 20.0 10.0
80.0 138.0 20.0 10.0
66.0 63.0 20.0 10.0
67.0 78.0 20.0 10.0
66.0 120.0 20.0 10.0
74.0 71.0 20.0 10.0
111.0 74.0 20.0 10.0
144.0 92.0 20.0 10.0
106.0 113.0 20.0 10.0
79.0 74.0 20.0 10.0
95.0 109.0 20.0 10.0
117.0 81.0 20.0 10.0
103.0 54.0 20.0 10.0
135.0 104.0 20.0 10.0
114.0 117.0 20.0 10.0
137.0 101.0 20.0 10.0
111.0 129.0 20.0 10.0
133.0 110.0 20.0 10.0
128.0 121.0 20.0 10.0
44.0 93.0 20.0 10.0
46.0 108.0 20.0 10.0
79.0 47.0 20.0 10.0
104.0 87.0 20.0 10.0
60.0 82.0 20.0 10.0
71.0 53.0 20.0 10.0
81.0 100.0 20.0 10.0
78.0 57.0 20.0 10.0
116.0 63.0 20.0 10.0
102.0 51.0 20.0 10.0
93.0 68.0 20.0 10.0
63.0 97.0 20.0 10.0
130.0 74.0 20.0 10.0
79.0 111.0 20.0 10.0
93.0 59.0 20.0 10.0
88.0 121.0 20.0 10.0
77.0 131.0 20.0 10.0
79.0 59.0 20.0 10.0
69.0 55.0 20.0 10.0
56.0 65.0 20.0 10.0
118.0 44.0 20.0 10.0
109.0 70.0 20.0 10.0
61.0 77.0 20.0 10.0
63.0 100.0 20.0 10.0
43.0 99.0 20.0 10.0
107.0 103.0 20.0 10.0
131.0 105.0 20.0 10.0
72.0 88.0 20.0 10.0
89.0 44.0 20.0 10.0
96.0 51.0 20.0 10.0
52.0 103.0 20.0 10.0
71.0 92.0 20.0 10.0
126.0 103.0 20.0 10.0
104.0 114.0 20.0 10.0
99.0 90.0 20.0 10.0
101.0 106.0 20.0 10.0
127.0 60.0 20.0 10.0
51.0 47.0 20.0 10.0
78.0 134.0 20.0 10.0
42.0 114.0 20.0 10.0
93.0 53.0 20.0 10.0
131.0 85.0 20.0 10.0
65.0 65.0 20.0 10.0
123.0 69.0 20.0 10.0
46.0 77.0 20.0 10.0
105.0 108.0 20.0 10.0
131.0 56.0 20.0 10.0
107.0 147.0 20.0 10.0
131.0 66.0 20.0 10.0
134.0 89.0 20.0 10.0
127.0 91.0 20.0 10.0
77.0 91.0 20.0 10.0
83.0 75.0 20.0 10.0
58.0 87.0 20.0 10.0
99.0 50.0 20.0 10.0
52.0 100.0 20.0 10.0
74.0 46.0 20.0 10.0
91.0 93.0 20.0 10.0
72.0 62.0 20.0 10.0
55.0 63.0 20.0 10.0
103.0 57.0 20.0 10.0
62.0 68.0 20.0 10.0
81.0 113.0 20.0 10.0
106.0 63.0 20.0 10.0
121.0 84.0 20.0 10.0
120.0 58.0 20.0 10.0
68.0 67.0 20.0 10.0
105.0 38.0 20.0 10.0
101.0 58.0 20.0 10.0
102.0 122.0 20.0 10.0
101.0 37.0 20.0 10.0
105.0 63.0 20.0 10.0
60.0 74.0 20.0 10.0
123.0 49.0 20.0 10.0
119.0 109.0 20.0 10.0
124.0 81.0 20.0 10.0
111.0 117.0 20.0 10.0
57.0 80.0 20.0 10.0
107.0 117.0 20.0 10.0
102.0 132.0 20.0 10.0
94.0 121.0 20.0 10.0
70.0 69.0 20.0 10.0
117.0 55.0 20.0 10.0
81.0 119.0 20.0 10.0
111.0 109.0 20.0 10.0
130.0 92.0 20.0 10.0
59.0 84.0 20.0 10.0
82.0 127.0 20.0 10.0
134.0 61.0 20.0 10.0
83.0 90.0 20.0 10.0
131.0 62.0 20.0 10.0
109.0 122.0 20.0 10.0
115.0 67.0 20.0 10.0
104.0 101.0 20.0 10.0
119.0 63.0 20.0 10.0
69.0 88.0 20.0 10.0
71.0 130.0 20.0 10.0
101.0 118.0 20.0 10.0
120.0 96.0 20.0 10.0
107.0 52.0 20.0 10.0
123.0 65.0 20.0 10.0
130.0 124.0 20.0 10.0
117.0 75.0 20.0 10.0
65.0 79.0 20.0 10.0
59.0 96.0 20.0 10.0
143.0 106.0 20.0 10.0
121.0 116.0 20.0 10.0
77.0 122.0 20.0 10.0
87.0 111.0 20.0 10.0
85.0 63.0 20.0 10.0
83.0 69.0 20.0 10.0
128.0 87.0 20.0 10.0
121.0 78.0 20.0 10.0
111.0 134.0 20.0 10.0
119.0 65.0 20.0 10.0
150.0 59.0 20.0 10.0
69.0 128.0 20.0 10.0
89.0 67.0 20.0 10.0
108.0 128.0 20.0 10.0
139.0 63.0 20.0 10.0
84.0 122.0 20.0 10.0
129.0 54.0 20.0 10.0
109.0 116.0 20.0 10.0
94.0 135.0 20.0 10.0
132.0 93.0 20.0 10.0
143.0 63.0 20.0 10.0
52.0 77.0 20.0 10.0
99.0 151.0 20.0 10.0
108.0 60.0 20.0 10.0
121.0 61.0 20.0 10.0
123.0 93.0 20.0 10.0
144.0 80.0 20.0 10.0
52.0 79.0 20.0 10.0
103.0 92.0 20.0 10.0
116.0 134.0 20.0 10.0
122.0 133.0 20.0 10.0
34.0 89.0 20.0 10.0
128.0 81.0 20.0 10.0
125.0 105.0 20.0 10.0
122.0 130.0 20.0 10.0
130.0 71.0 20.0 10.0
56.0 70.0 20.0 10.0
131.0 99.0 20.0 10.0
85.0 40.0 20.0 10.0
150.0 79.0 20.0 10.0
140.0 62.0 20.0 10.0
69.0 123.0 20.0 10.0
116.0 118.0 20.0 10.0
141.0 67.0 20.0 10.0
135.0 77.0 20.0 10.0
144.0 108.0 20.0 10.0
147.0 68.0 20.0 10.0
106.0 123.0 20.0 10.0
113.0 139.0 20.0 10.0
43.0 78.0 20.0 10.0
112.0 65.0 20.0 10.0
110.0 45.0 20.0 10.0
133.0 51.0 20.0 10.0
152.0 96.0 20.0 10.0
61.0 87.0 20.0 10.0
56.0 73.0 20.0 10.0
105.0 32.0 20.0 10.0
126.0 129.0 20.0 10.0
98.0 117.0 20.0 10.0
136.0 81.0 20.0 10.0
114.0 114.0 20.0 10.0
116.0 47.0 20.0 10.0
155.0 55.0 20.0 10.0
129.0 115.0 20.0 10.0
40.0 90.0 20.0 10.0
73.0 77.0 20.0 10.0
132.0 126.0 20.0 10.0
51.0 78.0 20.0 10.0
86.0 141.0 20.0 10.0
100.0 53.0 20.0 10.0
69.0 49.0 20.0 10.0
94.0 47.0 20.0 10.0
113.0 42.0 20.0 10.0
59.0 106.0 20.0 10.0
120.0 112.0 20.0 10.0
53.0 78.0 20.0 10.0
107.0 137.0 20.0 10.0
145.0 81.0 20.0 10.0
88.0 137.0 20.0 10.0
75.0 52.0 20.0 10.0
46.0 79.0 20.0 10.0
41.0 86.0 20.0 10.0
96.0 147.0 20.0 10.0
89.0 128.0 20.0 10.0
67.0 114.0 20.0 10.0
133.0 49.0 20.0 10.0
70.0 56.0 20.0 10.0
137.0 92.0 20.0 10.0
83.0 133.0 20.0 10.0
102.0 127.0 20.0 10.0
91.0 39.0 20.0 10.0
90.0 131.0 20.0 10.0
54.0 115.0 20.0 10.0
115.0 125.0 20.0 10.0
115.0 84.0 20.0 10.0
55.0 135.0 20.0 10.0
154.0 72.0 20.0 10.0
61.0 93.0 20.0 10.0
144.0 62.0 20.0 10.0
107.0 132.0 20.0 10.0
124.0 44.0 20.0 10.0
117.0 95.0 20.0 10.0
95.0 35.0 20.0 10.0
129.0 91.0 20.0 10.0
159.0 69.0 20.0 10.0
81.0 129.0 20.0 10.0
122.0 51.0 20.0 10.0
84.0 108.0 20.0 10.0
63.0 54.0 20.0 10.0
122.0 114.0 20.0 10.0
86.0 30.0 20.0 10.0
79.0 44.0 20.0 10.0
47.0 127.0 20.0 10.0
68.0 89.0 20.0 10.0
149.0 102.0 20.0 10.0
57.0 101.0 20.0 10.0
102.0 138.0 20.0 10.0
67.0 102.0 20.0 10.0
128.0 94.0 20.0 10.0
98.0 138.0 20.0 10.0
125.0 101.0 20.0 10.0
56.0 100.0 20.0 10.0
128.0 79.0 20.0 10.0
131.0 112.0 20.0 10.0
86.0 134.0 20.0 10.0
64.0 99.0 20.0 10.0
95.0 138.0 20.0 10.0
123.0 38.0 20.0 10.0
130.0 121.0 20.0 10.0
135.0 95.0 20.0 10.0
76.0 59.0 20.0 10.0
58.0 52.0 20.0 10.0
64.0 61.0 20.0 10.0
105.0 42.0 20.0 10.0
141.0 95.0 20.0 10.0
93.0 56.0 20.0 10.0
50.0 84.0 20.0 10.0
106.0 120.0 20.0 10.0
49.0 62.0 20.0 10.0
73.0 132.0 20.0 10.0
135.0 97.0 20.0 10.0
93.0 119.0 20.0 10.0
156.0 83.0 20.0 10.0
84.0 52.0 20.0 10.0
64.0 46.0 20.0 10.0
134.0 75.0 20.0 10.0
51.0 108.0 20.0 10.0
132.0 54.0 20.0 10.0
108.0 88.0 20.0 10.0
57.0 128.0 20.0 10.0
121.0 68.0 20.0 10.0
99.0 124.0 20.0 10.0
87.0 119.0 20.0 10.0
123.0 119.0 20.0 10.0
90.0 55.0 20.0 10.0
127.0 85.0 20.0 10.0
62.0 117.0 20.0 10.0
58.0 49.0 20.0 10.0
64.0 126.0 20.0 10.0
133.0 108.0 20.0 10.0
100.0 48.0 20.0 10.0
130.0 82.0 20.0 10.0
59.0 91.0 20.0 10.0
53.0 62.0 20.0 10.0
125.0 109.0 20.0 10.0
98.0 57.0 20.0 10.0
106.0 124.0 20.0 10.0
88.0 49.0 20.0 10.0
137.0 78.0 20.0 10.0
80.0 42.0 20.0 10.0
143.0 93.0 20.0 10.0
65.0 122.0 20.0 10.0
69.0 59.0 20.0 10.0
114.0 93.0 20.0 10.0
88.0 73.0 20.0 10.0
58.0 68.0 20.0 10.0
137.0 87.0 20.0 10.0
114.0 128.0 20.0 10.0
98.0 124.0 20.0 10.0
56.0 116.0 20.0 10.0
73.0 128.0 20.0 10.0
113.0 87.0 20.0 10.0
128.0 110.0 20.0 10.0
65.0 67.0 20.0 10.0
30.0 110.0 20.0 10.0
80.0 123.0 20.0 10.0
53.0 120.0 20.0 10.0
50.0 98.0 20.0 10.0
143.0 100.0 20.0 10.0
40.0 75.0 20.0 10.0
51.0 90.0 20.0 10.0
98.0 134.0 20.0 10.0
113.0 126.0 20.0 10.0
148.0 71.0 20.0 10.0
100.0 40.0 20.0 10.0
105.0 50.0 20.0 10.0
54.0 142.0 20.0 10.0
112.0 126.0 20.0 10.0
101.0 29.0 20.0 10.0
59.0 104.0 20.0 10.0
153.0 82.0 20.0 10.0
79.0 98.0 20.0 10.0
94.0 51.0 20.0 10.0
78.0 71.0 20.0 10.0
126.0 45.0 20.0 10.0
146.0 65.0 20.0 10.0
154.0 87.0 20.0 10.0
93.0 36.0 20.0 10.0
46.0 112.0 20.0 10.0
105.0 67.0 20.0 10.0
147.0 102.0 20.0 10.0
84.0 131.0 20.0 10.0
48.0 92.0 20.0 10.0
143.0 86.0 20.0 10.0
37.0 73.0 20.0 10.0
154.0 68.0 20.0 10.0
129.0 60.0 20.0 10.0
61.0 123.0 20.0 10.0
110.0 42.0 20.0 10.0
86.0 69.0 20.0 10.0
41.0 64.0 20.0 10.0
61.0 56.0 20.0 10.0
119.0 27.0 20.0 10.0
52.0 66.0 20.0 10.0
73.0 58.0 20.0 10.0
106.0 139.0 20.0 10.0
35.0 69.0 20.0 10.0
59.0 59.0 20.0 10.0
112.0 46.0 20.0 10.0
111.0 122.0 20.0 10.0
70.0 51.0 20.0 10.0
52.0 70.0 20.0 10.0
61.0 51.0 20.0 10.0
140.0 100.0 20.0 10.0
46.0 71.0 20.0 10.0
66.0 88.0 20.0 10.0
126.0 80.0 20.0 10.0
128.0 69.0 20.0 10.0
120.0 101.0 20.0 10.0
66.0 136.0 20.0 10.0
128.0 62.0 20.0 10.0
139.0 112.0 20.0 10.0
60.0 88.0 20.0 10.0
121.0 56.0 20.0 10.0
90.0 101.0 20.0 10.0
63.0 105.0 20.0 10.0
139.0 100.0 20.0 10.0
77.0 129.0 20.0 10.0
125.0 122.0 20.0 10.0
41.0 45.0 20.0 10.0
60.0 44.0 20.0 10.0
81.0 133.0 20.0 10.0
78.0 25.0 20.0 10.0
129.0 97.0 20.0 10.0
76.0 134.0 20.0 10.0
121.0 113.0 20.0 10.0
125.0 71.0 20.0 10.0
54.0 103.0 20.0 10.0
133.0 79.0 20.0 10.0
142.0 117.0 20.0 10.0
75.0 28.0 20.0 10.0
134.0 100.0 20.0 10.0
122.0 102.0 20.0 10.0
61.0 70.0 20.0 10.0
70.0 54.0 20.0 10.0
123.0 99.0 20.0 10.0
136.0 131.0 20.0 10.0
87.0 122.0 20.0 10.0
85.0 42.0 20.0 10.0
145.0 77.0 20.0 10.0
127.0 111.0 20.0 10.0
77.0 40.0 20.0 10.0
129.0 116.0 20.0 10.0
76.0 43.0 20.0 10.0
66.0 133.0 20.0 10.0
117.0 38.0 20.0 10.0
72.0 80.0 20.0 10.0
80.0 143.0 20.0 10.0
83.0 48.0 20.0 10.0
59.0 45.0 20.0 10.0
142.0 112.0 20.0 10.0
139.0 90.0 20.0 10.0
64.0 60.0 20.0 10.0
42.0 69.0 20.0 10.0
118.0 129.0 20.0 10.0
144.0 89.0 20.0 10.0
58.0 72.0 20.0 10.0
48.0 96.0 20.0 10.0
137.0 47.0 20.0 10.0
74.0 118.0 20.0 10.0
65.0 109.0 20.0 10.0
34.0 103.0 20.0 10.0
137.0 53.0 20.0 10.0
41.0 108.0 20.0 10.0
139.0 104.0 20.0 10.0
133.0 76.0 20.0 10.0
122.0 32.0 20.0 10.0
144.0 124.0 20.0 10.0
148.0 115.0 20.0 10.0
165.0 72.0 20.0 10.0
100.0 134.0 20.0 10.0
128.0 49.0 20.0 10.0
130.0 133.0 20.0 10.0
103.0 28.0 20.0 10.0
59.0 99.0 20.0 10.0
138.0 103.0 20.0 10.0
155.0 106.0 20.0 10.0
42.0 104.0 20.0 10.0
162.0 98.0 20.0 10.0
117.0 120.0 20.0 10.0
77.0 139.0 20.0 10.0
59.0 124.0 20.0 10.0
77.0 65.0 20.0 10.0
65.0 118.0 20.0 10.0
73.0 31.0 20.0 10.0
143.0 72.0 20.0 10.0
44.0 88.0 20.0 10.0
123.0 57.0 20.0 10.0
64.0 41.0 20.0 10.0
123.0 116.0 20.0 10.0
130.0 40.0 20.0 10.0
62.0 107.0 20.0 10.0
63.0 71.0 20.0 10.0
139.0 117.0 20.0 10.0
63.0 127.0 20.0 10.0
133.0 114.0 20.0 10.0
54.0 93.0 20.0 10.0
102.0 136.0 20.0 10.0
54.0 56.0 20.0 10.0
65.0 93.0 20.0 10.0
54.0 51.0 20.0 10.0
99.0 68.0 20.0 10.0
120.0 135.0 20.0 10.0
95.0 30.0 20.0 10.0
103.0 122.0 20.0 10.0
54.0 110.0 20.0 10.0
64.0 48.0 20.0 10.0
146.0 94.0 20.0 10.0
102.0 62.0 20.0 10.0
103.0 46.0 20.0 10.0
135.0 141.0 20.0 10.0
150.0 83.0 20.0 10.0
87.0 37.0 20.0 10.0
115.0 59.0 20.0 10.0
124.0 54.0 20.0 10.0
95.0 54.0 20.0 10.0
87.0 48.0 20.0 10.0
88.0 131.0 20.0 10.0
146.0 70.0 20.0 10.0
65.0 131.0 20.0 10.0
55.0 61.0 20.0 10.0
53.0 33.0 20.0 10.0
39.0 94.0 20.0 10.0
80.0 34.0 20.0 10.0
102.0 64.0 20.0 10.0
70.0 45.0 20.0 10.0
130.0 139.0 20.0 10.0
66.0 125.0 20.0 10.0
96.0 133.0 20.0 10.0
63.0 90.0 20.0 10.0
152.0 86.0 20.0 10.0
133.0 91.0 20.0 10.0
98.0 148.0 20.0 10.0
74.0 123.0 20.0 10.0
136.0 74.0 20.0 10.0
40.0 112.0 20.0 10.0
62.0 59.0 20.0 10.0
47.0 104.0 20.0 10.0
96.0 118.0 20.0 10.0
100.0 44.0 20.0 10.0
37.0 78.0 20.0 10.0
69.0 28.0 20.0 10.0
138.0 93.0 20.0 10.0
57.0 55.0 20.0 10.0
42.0 62.0 20.0 10.0
114.0 61.0 20.0 10.0
124.0 134.0 20.0 10.0
147.0 83.0 20.0 10.0
114.0 133.0 20.0 10.0
102.0 33.0 20.0 10.0
80.0 135.0 20.0 10.0
40.0 59.0 20.0 10.0
39.0 98.0 20.0 10.0
136.0 71.0 20.0 10.0
132.0 68.0 20.0 10.0
71.0 121.0 20.0 10.0
134.0 87.0 20.0 10.0
119.0 148.0 20.0 10.0
68.0 42.0 20.0 10.0
98.0 38.0 20.0 10.0
60.0 113.0 20.0 10.0
63.0 119.0 20.0 10.0
80.0 62.0 20.0 10.0
41.0 118.0 20.0 10.0
136.0 65.0 20.0 10.0
117.0 89.0 20.0 10.0
47.0 103.0 20.0 10.0
61.0 112.0 20.0 10.0
68.0 107.0 20.0 10.0
146.0 97.0 20.0 10.0
63.0 52.0 20.0 10.0
90.0 140.0 20.0 10.0
39.0 63.0 20.0 10.0
80.0 153.0 20.0 10.0
60.0 129.0 20.0 10.0
83.0 120.0 20.0 10.0
66.0 127.0 20.0 10.0
101.0 131.0 20.0 10.0
51.0 85.0 20.0 10.0
140.0 121.0 20.0 10.0
74.0 108.0 20.0 10.0
122.0 46.0 20.0 10.0
97.0 26.0 20.0 10.0
136.0 121.0 20.0 10.0
49.0 73.0 20.0 10.0
70.0 39.0 20.0 10.0
49.0 76.0 20.0 10.0
55.0 71.0 20.0 10.0
110.0 40.0 20.0 10.0
102.0 42.0 20.0 10.0
54.0 59.0 20.0 10.0
77.0 144.0 20.0 10.0
69.0 133.0 20.0 10.0
37.0 66.0 20.0 10.0
133.0 118.0 20.0 10.0
84.0 34.0 20.0 10.0
122.0 64.0 20.0 10.0
156.0 119.0 20.0 10.0
33.0 96.0 20.0 10.0
138.0 57.0 20.0 10.0
51.0 126.0 20.0 10.0
120.0 49.0 20.0 10.0
95.0 43.0 20.0 10.0
110.0 35.0 20.0 10.0
119.0 54.0 20.0 10.0
55.0 86.0 20.0 10.0
86.0 25.0 20.0 10.0
93.0 45.0 20.0 10.0
48.0 89.0 20.0 10.0
118.0 136.0 20.0 10.0
98.0 127.0 20.0 10.0
140.0 88.0 20.0 10.0
32.0 85.0 20.0 10.0
122.0 108.0 20.0 10.0
134.0 64.0 20.0 10.0
47.0 64.0 20.0 10.0
97.0 109.0 20.0 10.0
53.0 52.0 20.0 10.0
44.0 111.0 20.0 10.0
106.0 136.0 20.0 10.0
155.0 110.0 20.0 10.0
110.0 55.0 20.0 10.0
113.0 40.0 20.0 10.0
109.0 31.0 20.0 10.0
62.0 130.0 20.0 10.0
76.0 36.0 20.0 10.0
120.0 139.0 20.0 10.0
59.0 42.0 20.0 10.0
115.0 43.0 20.0 10.0
144.0 57.0 20.0 10.0
50.0 72.0 20.0 10.0
138.0 109.0 20.0 10.0
45.0 115.0 20.0 10.0
159.0 65.0 20.0 10.0
115.0 25.0 20.0 10.0
37.0 87.0 20.0 10.0
56.0 120.0 20.0 10.0
57.0 125.0 20.0 10.0
104.0 131.0 20.0 10.0
126.0 125.0 20.0 10.0
28.0 115.0 20.0 10.0
138.0 83.0 20.0 10.0
107.0 42.0 20.0 10.0
55.0 95.0 20.0 10.0
66.0 75.0 20.0 10.0
93.0 31.0 20.0 10.0
28.0 124.0 20.0 10.0
76.0 48.0 20.0 10.0
136.0 51.0 20.0 10.0
159.0 123.0 20.0 10.0
114.0 63.0 20.0 10.0
47.0 123.0 20.0 10.0
53.0 112.0 20.0 10.0
64.0 53.0 20.0 10.0
138.0 42.0 20.0 10.0
146.0 72.0 20.0 10.0
127.0 118.0 20.0 10.0
117.0 122.0 20.0 10.0
150.0 119.0 20.0 10.0
76.0 114.0 20.0 10.0
125.0 118.0 20.0 10.0
156.0 105.0 20.0 10.0
120.0 35.0 20.0 10.0
48.0 118.0 20.0 10.0
130.0 130.0 20.0 10.0
147.0 97.0 20.0 10.0
126.0 38.0 20.0 10.0
44.0 121.0 20.0 10.0
105.0 142.0 20.0 10.0
116.0 51.0 20.0 10.0
40.0 57.0 20.0 10.0
70.0 30.0 20.0 10.0
57.0 46.0 20.0 10.0
57.0 83.0 20.0 10.0
150.0 96.0 20.0 10.0
58.0 75.0 20.0 10.0
81.0 32.0 20.0 10.0
112.0 112.0 20.0 10.0
98.0 143.0 20.0 10.0
118.0 126.0 20.0 10.0
91.0 42.0 20.0 10.0
91.0 145.0 20.0 10.0
74.0 121.0 20.0 10.0
50.0 45.0 20.0 10.0
152.0 92.0 20.0 10.0
87.0 146.0 20.0 10.0
67.0 122.0 20.0 10.0
85.0 112.0 20.0 10.0
77.0 147.0 20.0 10.0
45.0 83.0 20.0 10.0
71.0 113.0 20.0 10.0
50.0 58.0 20.0 10.0
84.0 55.0 20.0 10.0
83.0 143.0 20.0 10.0
62.0 65.0 20.0 10.0
55.0 108.0 20.0 10.0
114.0 48.0 20.0 10.0
32.0 47.0 20.0 10.0
24.0 92.0 20.0 10.0
136.0 119.0 20.0 10.0
66.0 57.0 20.0 10.0
109.0 136.0 20.0 10.0
151.0 89.0 20.0 10.0
155.0 78.0 20.0 10.0
141.0 53.0 20.0 10.0
74.0 134.0 20.0 10.0
89.0 108.0 20.0 10.0
138.0 80.0 20.0 10.0
45.0 87.0 20.0 10.0
93.0 164.0 20.0 10.0
73.0 114.0 20.0 10.0
140.0 49.0 20.0 10.0
101.0 113.0 20.0 10.0
46.0 85.0 20.0 10.0
49.0 83.0 20.0 10.0
125.0 50.0 20.0 10.0
156.0 97.0 20.0 10.0
69.0 152.0 20.0 10.0
89.0 134.0 20.0 10.0
50.0 120.0 20.0 10.0
137.0 128.0 20.0 10.0
80.0 25.0 20.0 10.0
82.0 39.0 20.0 10.0
141.0 103.0 20.0 10.0
116.0 140.0 20.0 10.0
