1000
3111.0 340.0 20.0 10.0
2848.0 225.0 20.0 10.0
2845.0 237.0 20.0 10.0
3442.0 2219.0 20.0 10.0
1974.0 1696.0 20.0 10.0
3578.0 2388.0 20.0 10.0
1904.0 2429.0 20.0 10.0
3925.0 2149.0 20.0 10.0
3901.0 2136.0 20.0 10.0
3851.0 2127.0 20.0 10.0
3797.0 2116.0 20.0 10.0
3736.0 2107.0 20.0 10.0
718.0 3566.0 20.0 10.0
1788.0 2382.0 20.0 10.0
1784.0 2409.0 20.0 10.0
1945.0 2972.0 20.0 10.0
3928.0 2111.0 20.0 10.0
770.0 3505.0 20.0 10.0
799.0 3487.0 20.0 10.0
3281.0 2059.0 20.0 10.0
681.0 3580.0 20.0 10.0
690.0 3571.0 20.0 10.0
4198.0 2207.0 20.0 10.0
4172.0 2194.0 20.0 10.0
4148.0 2184.0 20.0 10.0
4125.0 2175.0 20.0 10.0
2121.0 1361.0 20.0 10.0
2090.0 1716.0 20.0 10.0
2716.0 842.0 20.0 10.0
2712.0 866.0 20.0 10.0
3730.0 2119.0 20.0 10.0
3707.0 2105.0 20.0 10.0
2647.0 2948.0 20.0 10.0
3075.0 395.0 20.0 10.0
3058.0 411.0 20.0 10.0
3034.0 442.0 20.0 10.0
3007.0 475.0 20.0 10.0
2980.0 511.0 20.0 10.0
1798.0 2533.0 20.0 10.0
1813.0 2533.0 20.0 10.0
1848.0 2524.0 20.0 10.0
980.0 3284.0 20.0 10.0
1994.0 1656.0 20.0 10.0
884.0 3351.0 20.0 10.0
902.0 3336.0 20.0 10.0
2007.0 1686.0 20.0 10.0
2727.0 3062.0 20.0 10.0
2734.0 3082.0 20.0 10.0
2720.0 3065.0 20.0 10.0
2702.0 3043.0 20.0 10.0
2700.0 824.0 20.0 10.0
2206.0 2565.0 20.0 10.0
2194.0 2541.0 20.0 10.0
2192.0 2611.0 20.0 10.0
1780.0 2541.0 20.0 10.0
129.0 4072.0 20.0 10.0
2247.0 1568.0 20.0 10.0
2066.0 2801.0 20.0 10.0
2122.0 2603.0 20.0 10.0
2132.0 2589.0 20.0 10.0
2387.0 1730.0 20.0 10.0
2448.0 1735.0 20.0 10.0
2509.0 1742.0 20.0 10.0
2582.0 1784.0 20.0 10.0
2656.0 1827.0 20.0 10.0
2731.0 1869.0 20.0 10.0
2806.0 1911.0 20.0 10.0
2878.0 1955.0 20.0 10.0
2937.0 59.0 20.0 10.0
2928.0 81.0 20.0 10.0
1718.0 2441.0 20.0 10.0
2750.0 787.0 20.0 10.0
1924.0 1696.0 20.0 10.0
1034.0 3296.0 20.0 10.0
1020.0 3271.0 20.0 10.0
2196.0 2472.0 20.0 10.0
632.0 3638.0 20.0 10.0
686.0 3591.0 20.0 10.0
2784.0 1931.0 20.0 10.0
2797.0 1912.0 20.0 10.0
2431.0 2012.0 20.0 10.0
2358.0 2095.0 20.0 10.0
1772.0 2582.0 20.0 10.0
1783.0 2578.0 20.0 10.0
1811.0 2573.0 20.0 10.0
1886.0 2509.0 20.0 10.0
2367.0 1604.0 20.0 10.0
2412.0 1647.0 20.0 10.0
2459.0 1690.0 20.0 10.0
4313.0 2199.0 20.0 10.0
4290.0 2193.0 20.0 10.0
3028.0 468.0 20.0 10.0
39.0 4173.0 20.0 10.0
1150.0 3135.0 20.0 10.0
1178.0 3134.0 20.0 10.0
380.0 3980.0 20.0 10.0
390.0 3960.0 20.0 10.0
3448.0 2270.0 20.0 10.0
3635.0 2129.0 20.0 10.0
3595.0 2123.0 20.0 10.0
3553.0 2120.0 20.0 10.0
3501.0 2106.0 20.0 10.0
2328.0 1473.0 20.0 10.0
2346.0 1492.0 20.0 10.0
2352.0 1521.0 20.0 10.0
2362.0 1552.0 20.0 10.0
2368.0 1587.0 20.0 10.0
2205.0 2332.0 20.0 10.0
2199.0 2402.0 20.0 10.0
2835.0 618.0 20.0 10.0
2837.0 664.0 20.0 10.0
159.0 4059.0 20.0 10.0
350.0 3849.0 20.0 10.0
2649.0 945.0 20.0 10.0
2724.0 2541.0 20.0 10.0
2718.0 2532.0 20.0 10.0
1966.0 2919.0 20.0 10.0
2159.0 3089.0 20.0 10.0
2165.0 3069.0 20.0 10.0
4302.0 2174.0 20.0 10.0
3060.0 421.0 20.0 10.0
3053.0 432.0 20.0 10.0
2730.0 1260.0 20.0 10.0
3634.0 2059.0 20.0 10.0
3607.0 2055.0 20.0 10.0
2944.0 25.0 20.0 10.0
3380.0 2225.0 20.0 10.0
3573.0 2497.0 20.0 10.0
3622.0 2559.0 20.0 10.0
3604.0 2535.0 20.0 10.0
4057.0 2039.0 20.0 10.0
2330.0 3088.0 20.0 10.0
2652.0 2014.0 20.0 10.0
2655.0 1989.0 20.0 10.0
2722.0 1650.0 20.0 10.0
2700.0 1673.0 20.0 10.0
2672.0 1698.0 20.0 10.0
2664.0 1164.0 20.0 10.0
2664.0 1176.0 20.0 10.0
2664.0 1193.0 20.0 10.0
2659.0 1221.0 20.0 10.0
2662.0 1256.0 20.0 10.0
2611.0 839.0 20.0 10.0
2628.0 858.0 20.0 10.0
2646.0 878.0 20.0 10.0
2655.0 1339.0 20.0 10.0
2605.0 1588.0 20.0 10.0
2592.0 1625.0 20.0 10.0
2566.0 1725.0 20.0 10.0
2540.0 1827.0 20.0 10.0
2506.0 1929.0 20.0 10.0
2209.0 2496.0 20.0 10.0
2572.0 2958.0 20.0 10.0
2659.0 1631.0 20.0 10.0
2673.0 1654.0 20.0 10.0
2669.0 1669.0 20.0 10.0
2661.0 1683.0 20.0 10.0
2634.0 1690.0 20.0 10.0
2625.0 1724.0 20.0 10.0
2612.0 1758.0 20.0 10.0
2330.0 3190.0 20.0 10.0
3973.0 2158.0 20.0 10.0
2578.0 1795.0 20.0 10.0
2741.0 2553.0 20.0 10.0
956.0 3312.0 20.0 10.0
2846.0 470.0 20.0 10.0
2354.0 1731.0 20.0 10.0
2747.0 1224.0 20.0 10.0
2739.0 1241.0 20.0 10.0
2149.0 1392.0 20.0 10.0
2332.0 1724.0 20.0 10.0
2277.0 1718.0 20.0 10.0
3949.0 2144.0 20.0 10.0
1602.0 2631.0 20.0 10.0
1621.0 2616.0 20.0 10.0
4153.0 2176.0 20.0 10.0
4141.0 2176.0 20.0 10.0
1918.0 1665.0 20.0 10.0
1941.0 1673.0 20.0 10.0
2696.0 3009.0 20.0 10.0
1973.0 1673.0 20.0 10.0
2866.0 821.0 20.0 10.0
2856.0 836.0 20.0 10.0
2847.0 846.0 20.0 10.0
3674.0 2450.0 20.0 10.0
465.0 3922.0 20.0 10.0
471.0 3897.0 20.0 10.0
474.0 3873.0 20.0 10.0
476.0 3845.0 20.0 10.0
467.0 3813.0 20.0 10.0
891.0 3401.0 20.0 10.0
919.0 3377.0 20.0 10.0
2671.0 2846.0 20.0 10.0
2559.0 1781.0 20.0 10.0
3490.0 2290.0 20.0 10.0
2729.0 2309.0 20.0 10.0
2709.0 2321.0 20.0 10.0
907.0 3306.0 20.0 10.0
934.0 3306.0 20.0 10.0
954.0 3297.0 20.0 10.0
3429.0 2300.0 20.0 10.0
2167.0 2660.0 20.0 10.0
2854.0 294.0 20.0 10.0
1982.0 2903.0 20.0 10.0
1998.0 2885.0 20.0 10.0
2015.0 2868.0 20.0 10.0
3728.0 2008.0 20.0 10.0
3262.0 2062.0 20.0 10.0
2356.0 1439.0 20.0 10.0
2354.0 1465.0 20.0 10.0
2918.0 110.0 20.0 10.0
1412.0 2897.0 20.0 10.0
1422.0 2892.0 20.0 10.0
2270.0 1532.0 20.0 10.0
2300.0 1547.0 20.0 10.0
1663.0 2368.0 20.0 10.0
1685.0 2380.0 20.0 10.0
1706.0 2392.0 20.0 10.0
3964.0 2124.0 20.0 10.0
2126.0 1365.0 20.0 10.0
2141.0 1383.0 20.0 10.0
2051.0 1303.0 20.0 10.0
2657.0 2958.0 20.0 10.0
2190.0 2993.0 20.0 10.0
3357.0 2088.0 20.0 10.0
3731.0 2023.0 20.0 10.0
2950.0 515.0 20.0 10.0
2946.0 528.0 20.0 10.0
2953.0 550.0 20.0 10.0
2923.0 587.0 20.0 10.0
2222.0 1463.0 20.0 10.0
2238.0 1478.0 20.0 10.0
2281.0 1517.0 20.0 10.0
2323.0 1560.0 20.0 10.0
1943.0 1214.0 20.0 10.0
1964.0 1231.0 20.0 10.0
2178.0 2589.0 20.0 10.0
3609.0 2525.0 20.0 10.0
2181.0 1534.0 20.0 10.0
2193.0 1536.0 20.0 10.0
3577.0 2528.0 20.0 10.0
3575.0 2513.0 20.0 10.0
2687.0 2713.0 20.0 10.0
2693.0 2658.0 20.0 10.0
2793.0 1578.0 20.0 10.0
2838.0 977.0 20.0 10.0
2829.0 976.0 20.0 10.0
3507.0 2335.0 20.0 10.0
323.0 3875.0 20.0 10.0
3924.0 2098.0 20.0 10.0
3626.0 2043.0 20.0 10.0
2829.0 553.0 20.0 10.0
3671.0 2097.0 20.0 10.0
3601.0 2090.0 20.0 10.0
1769.0 2597.0 20.0 10.0
1923.0 2442.0 20.0 10.0
2735.0 1650.0 20.0 10.0
2719.0 1659.0 20.0 10.0
3817.0 2113.0 20.0 10.0
2686.0 1358.0 20.0 10.0
2658.0 1363.0 20.0 10.0
2651.0 1395.0 20.0 10.0
2684.0 838.0 20.0 10.0
2701.0 858.0 20.0 10.0
2706.0 871.0 20.0 10.0
4083.0 2168.0 20.0 10.0
3440.0 2294.0 20.0 10.0
2667.0 1389.0 20.0 10.0
2074.0 1717.0 20.0 10.0
2084.0 1714.0 20.0 10.0
2662.0 2896.0 20.0 10.0
2664.0 2869.0 20.0 10.0
2674.0 2819.0 20.0 10.0
201.0 4017.0 20.0 10.0
2678.0 2794.0 20.0 10.0
2247.0 1575.0 20.0 10.0
3724.0 2438.0 20.0 10.0
3703.0 2426.0 20.0 10.0
2344.0 1417.0 20.0 10.0
4401.0 2216.0 20.0 10.0
4388.0 2215.0 20.0 10.0
1730.0 2390.0 20.0 10.0
1757.0 2398.0 20.0 10.0
1428.0 2894.0 20.0 10.0
1448.0 2886.0 20.0 10.0
2097.0 1398.0 20.0 10.0
2127.0 1402.0 20.0 10.0
2785.0 219.0 20.0 10.0
2806.0 234.0 20.0 10.0
2826.0 248.0 20.0 10.0
3560.0 2166.0 20.0 10.0
3525.0 2143.0 20.0 10.0
3486.0 2118.0 20.0 10.0
2678.0 1713.0 20.0 10.0
2667.0 1718.0 20.0 10.0
2663.0 1299.0 20.0 10.0
2662.0 1344.0 20.0 10.0
2715.0 1884.0 20.0 10.0
1714.0 2398.0 20.0 10.0
2146.0 1444.0 20.0 10.0
2173.0 1432.0 20.0 10.0
2813.0 182.0 20.0 10.0
2825.0 201.0 20.0 10.0
2881.0 247.0 20.0 10.0
2860.0 256.0 20.0 10.0
2848.0 266.0 20.0 10.0
130.0 4061.0 20.0 10.0
143.0 4058.0 20.0 10.0
2696.0 2320.0 20.0 10.0
1021.0 3324.0 20.0 10.0
1024.0 3314.0 20.0 10.0
3550.0 2161.0 20.0 10.0
482.0 3830.0 20.0 10.0
2713.0 3061.0 20.0 10.0
2667.0 3047.0 20.0 10.0
2665.0 3022.0 20.0 10.0
2655.0 2993.0 20.0 10.0
2946.0 45.0 20.0 10.0
2167.0 2168.0 20.0 10.0
389.0 3850.0 20.0 10.0
2529.0 1784.0 20.0 10.0
3913.0 1916.0 20.0 10.0
3895.0 1938.0 20.0 10.0
2606.0 2971.0 20.0 10.0
2770.0 1607.0 20.0 10.0
2757.0 1616.0 20.0 10.0
2530.0 1917.0 20.0 10.0
548.0 3695.0 20.0 10.0
2706.0 1876.0 20.0 10.0
1948.0 2877.0 20.0 10.0
1967.0 2863.0 20.0 10.0
2078.0 2819.0 20.0 10.0
2104.0 2797.0 20.0 10.0
2116.0 2754.0 20.0 10.0
2141.0 2707.0 20.0 10.0
3133.0 310.0 20.0 10.0
3118.0 329.0 20.0 10.0
3100.0 357.0 20.0 10.0
2204.0 2950.0 20.0 10.0
409.0 3812.0 20.0 10.0
1057.0 3216.0 20.0 10.0
1862.0 2512.0 20.0 10.0
1718.0 2421.0 20.0 10.0
2607.0 2983.0 20.0 10.0
2521.0 1925.0 20.0 10.0
2823.0 555.0 20.0 10.0
2830.0 563.0 20.0 10.0
3974.0 2087.0 20.0 10.0
3950.0 2092.0 20.0 10.0
2333.0 1452.0 20.0 10.0
902.0 3351.0 20.0 10.0
919.0 3334.0 20.0 10.0
2927.0 67.0 20.0 10.0
2921.0 91.0 20.0 10.0
3497.0 2062.0 20.0 10.0
3476.0 2075.0 20.0 10.0
3450.0 2092.0 20.0 10.0
3005.0 501.0 20.0 10.0
2812.0 886.0 20.0 10.0
2081.0 2201.0 20.0 10.0
2791.0 150.0 20.0 10.0
2801.0 165.0 20.0 10.0
156.0 4071.0 20.0 10.0
2284.0 2179.0 20.0 10.0
2211.0 2262.0 20.0 10.0
2226.0 1711.0 20.0 10.0
2740.0 1632.0 20.0 10.0
2695.0 2630.0 20.0 10.0
2694.0 2603.0 20.0 10.0
2692.0 2544.0 20.0 10.0
2659.0 3012.0 20.0 10.0
270.0 3963.0 20.0 10.0
308.0 3929.0 20.0 10.0
216.0 3992.0 20.0 10.0
2510.0 1770.0 20.0 10.0
3571.0 2550.0 20.0 10.0
2891.0 783.0 20.0 10.0
2109.0 1347.0 20.0 10.0
2842.0 478.0 20.0 10.0
358.0 3851.0 20.0 10.0
3257.0 2043.0 20.0 10.0
2990.0 543.0 20.0 10.0
2980.0 547.0 20.0 10.0
1604.0 2400.0 20.0 10.0
2745.0 1866.0 20.0 10.0
2736.0 1868.0 20.0 10.0
406.0 3926.0 20.0 10.0
408.0 3901.0 20.0 10.0
420.0 3873.0 20.0 10.0
2719.0 1282.0 20.0 10.0
2705.0 1312.0 20.0 10.0
2687.0 1349.0 20.0 10.0
2805.0 836.0 20.0 10.0
3081.0 384.0 20.0 10.0
2668.0 2946.0 20.0 10.0
2846.0 856.0 20.0 10.0
2836.0 859.0 20.0 10.0
2824.0 872.0 20.0 10.0
1970.0 2966.0 20.0 10.0
1980.0 2939.0 20.0 10.0
1999.0 2912.0 20.0 10.0
2892.0 268.0 20.0 10.0
2876.0 297.0 20.0 10.0
1100.0 3183.0 20.0 10.0
1110.0 3213.0 20.0 10.0
2150.0 3087.0 20.0 10.0
2147.0 3061.0 20.0 10.0
2170.0 3043.0 20.0 10.0
2058.0 2773.0 20.0 10.0
2053.0 2795.0 20.0 10.0
2723.0 927.0 20.0 10.0
2722.0 966.0 20.0 10.0
2717.0 1007.0 20.0 10.0
398.0 3820.0 20.0 10.0
432.0 3807.0 20.0 10.0
343.0 3867.0 20.0 10.0
119.0 4078.0 20.0 10.0
2879.0 803.0 20.0 10.0
2633.0 842.0 20.0 10.0
2648.0 862.0 20.0 10.0
2655.0 879.0 20.0 10.0
2653.0 902.0 20.0 10.0
2659.0 928.0 20.0 10.0
2668.0 955.0 20.0 10.0
2677.0 984.0 20.0 10.0
2694.0 1016.0 20.0 10.0
3940.0 2113.0 20.0 10.0
4234.0 2224.0 20.0 10.0
577.0 3685.0 20.0 10.0
2173.0 2561.0 20.0 10.0
3940.0 1911.0 20.0 10.0
3923.0 1927.0 20.0 10.0
2081.0 2188.0 20.0 10.0
2174.0 3057.0 20.0 10.0
2837.0 575.0 20.0 10.0
2257.0 1573.0 20.0 10.0
2272.0 1575.0 20.0 10.0
2867.0 668.0 20.0 10.0
2840.0 712.0 20.0 10.0
2823.0 773.0 20.0 10.0
2625.0 1459.0 20.0 10.0
2628.0 1490.0 20.0 10.0
2618.0 1526.0 20.0 10.0
1733.0 2427.0 20.0 10.0
1745.0 2421.0 20.0 10.0
1762.0 2417.0 20.0 10.0
2941.0 37.0 20.0 10.0
434.0 3871.0 20.0 10.0
2160.0 2222.0 20.0 10.0
2837.0 220.0 20.0 10.0
4317.0 2207.0 20.0 10.0
2281.0 2157.0 20.0 10.0
2073.0 2936.0 20.0 10.0
4278.0 2193.0 20.0 10.0
4263.0 2189.0 20.0 10.0
4231.0 2185.0 20.0 10.0
3660.0 2613.0 20.0 10.0
3653.0 2602.0 20.0 10.0
3636.0 2580.0 20.0 10.0
2859.0 325.0 20.0 10.0
1658.0 2593.0 20.0 10.0
2773.0 1630.0 20.0 10.0
2763.0 1635.0 20.0 10.0
2023.0 2937.0 20.0 10.0
2037.0 2913.0 20.0 10.0
2045.0 2886.0 20.0 10.0
2838.0 422.0 20.0 10.0
2322.0 3209.0 20.0 10.0
2724.0 819.0 20.0 10.0
2928.0 622.0 20.0 10.0
184.0 4121.0 20.0 10.0
196.0 4097.0 20.0 10.0
198.0 4065.0 20.0 10.0
2119.0 1436.0 20.0 10.0
2922.0 630.0 20.0 10.0
2895.0 627.0 20.0 10.0
479.0 3766.0 20.0 10.0
527.0 3725.0 20.0 10.0
2938.0 53.0 20.0 10.0
1379.0 2949.0 20.0 10.0
2301.0 1425.0 20.0 10.0
2099.0 2880.0 20.0 10.0
2102.0 2862.0 20.0 10.0
2100.0 2836.0 20.0 10.0
2337.0 3104.0 20.0 10.0
3478.0 2189.0 20.0 10.0
2634.0 1843.0 20.0 10.0
2317.0 2910.0 20.0 10.0
2696.0 2386.0 20.0 10.0
81.0 4091.0 20.0 10.0
99.0 4085.0 20.0 10.0
1736.0 2637.0 20.0 10.0
2737.0 903.0 20.0 10.0
2059.0 1696.0 20.0 10.0
2083.0 1681.0 20.0 10.0
2129.0 1690.0 20.0 10.0
2176.0 1701.0 20.0 10.0
3574.0 2377.0 20.0 10.0
3721.0 1980.0 20.0 10.0
2011.0 2836.0 20.0 10.0
3824.0 2126.0 20.0 10.0
2406.0 1724.0 20.0 10.0
2427.0 1712.0 20.0 10.0
3755.0 2015.0 20.0 10.0
3720.0 2017.0 20.0 10.0
3673.0 2031.0 20.0 10.0
2843.0 172.0 20.0 10.0
2842.0 196.0 20.0 10.0
2843.0 216.0 20.0 10.0
2741.0 2524.0 20.0 10.0
3854.0 1970.0 20.0 10.0
3827.0 1983.0 20.0 10.0
3798.0 1995.0 20.0 10.0
170.0 4039.0 20.0 10.0
3695.0 2114.0 20.0 10.0
2194.0 2641.0 20.0 10.0
493.0 3782.0 20.0 10.0
521.0 3751.0 20.0 10.0
548.0 3718.0 20.0 10.0
2733.0 852.0 20.0 10.0
2735.0 877.0 20.0 10.0
3523.0 2375.0 20.0 10.0
1698.0 2400.0 20.0 10.0
4061.0 2050.0 20.0 10.0
4039.0 2061.0 20.0 10.0
4020.0 2077.0 20.0 10.0
3997.0 2081.0 20.0 10.0
3447.0 2289.0 20.0 10.0
3440.0 2281.0 20.0 10.0
3430.0 2261.0 20.0 10.0
3112.0 300.0 20.0 10.0
303.0 3840.0 20.0 10.0
491.0 3945.0 20.0 10.0
1603.0 2385.0 20.0 10.0
1630.0 2397.0 20.0 10.0
2085.0 2932.0 20.0 10.0
70.0 4093.0 20.0 10.0
2196.0 2967.0 20.0 10.0
2203.0 2940.0 20.0 10.0
2209.0 2912.0 20.0 10.0
2217.0 2883.0 20.0 10.0
2227.0 2849.0 20.0 10.0
2238.0 2812.0 20.0 10.0
2882.0 266.0 20.0 10.0
4042.0 2078.0 20.0 10.0
2259.0 2239.0 20.0 10.0
2241.0 2223.0 20.0 10.0
2340.0 3157.0 20.0 10.0
2336.0 3137.0 20.0 10.0
1900.0 1592.0 20.0 10.0
1898.0 1617.0 20.0 10.0
1923.0 1608.0 20.0 10.0
1948.0 1621.0 20.0 10.0
1972.0 1636.0 20.0 10.0
2064.0 1320.0 20.0 10.0
1940.0 2437.0 20.0 10.0
1965.0 2445.0 20.0 10.0
2046.0 2384.0 20.0 10.0
2323.0 1453.0 20.0 10.0
1988.0 1695.0 20.0 10.0
2643.0 1728.0 20.0 10.0
25.0 4128.0 20.0 10.0
44.0 4111.0 20.0 10.0
63.0 4099.0 20.0 10.0
2708.0 849.0 20.0 10.0
2087.0 2907.0 20.0 10.0
3751.0 2507.0 20.0 10.0
3741.0 2499.0 20.0 10.0
3728.0 2489.0 20.0 10.0
3708.0 2473.0 20.0 10.0
3692.0 2450.0 20.0 10.0
3674.0 2423.0 20.0 10.0
3652.0 2399.0 20.0 10.0
3630.0 2373.0 20.0 10.0
3606.0 2351.0 20.0 10.0
3580.0 2329.0 20.0 10.0
2183.0 3018.0 20.0 10.0
2835.0 412.0 20.0 10.0
2671.0 929.0 20.0 10.0
2008.0 1270.0 20.0 10.0
2767.0 945.0 20.0 10.0
2650.0 3043.0 20.0 10.0
2656.0 3018.0 20.0 10.0
3674.0 2061.0 20.0 10.0
3659.0 2062.0 20.0 10.0
2096.0 2899.0 20.0 10.0
4092.0 2085.0 20.0 10.0
3254.0 2071.0 20.0 10.0
1732.0 2421.0 20.0 10.0
961.0 3368.0 20.0 10.0
970.0 3354.0 20.0 10.0
976.0 3336.0 20.0 10.0
982.0 3304.0 20.0 10.0
2713.0 2526.0 20.0 10.0
2715.0 2503.0 20.0 10.0
4190.0 2203.0 20.0 10.0
2700.0 2230.0 20.0 10.0
3923.0 1917.0 20.0 10.0
3904.0 1942.0 20.0 10.0
3878.0 1957.0 20.0 10.0
859.0 3433.0 20.0 10.0
2211.0 2666.0 20.0 10.0
2230.0 2720.0 20.0 10.0
2248.0 2774.0 20.0 10.0
2273.0 2820.0 20.0 10.0
2295.0 2866.0 20.0 10.0
2759.0 1591.0 20.0 10.0
2749.0 1062.0 20.0 10.0
2724.0 1071.0 20.0 10.0
2135.0 1421.0 20.0 10.0
2210.0 1418.0 20.0 10.0
218.0 3983.0 20.0 10.0
229.0 3980.0 20.0 10.0
286.0 3928.0 20.0 10.0
302.0 3913.0 20.0 10.0
236.0 3993.0 20.0 10.0
709.0 3550.0 20.0 10.0
741.0 3540.0 20.0 10.0
1609.0 2371.0 20.0 10.0
1225.0 3066.0 20.0 10.0
1220.0 3071.0 20.0 10.0
1244.0 3073.0 20.0 10.0
1311.0 3011.0 20.0 10.0
3574.0 2351.0 20.0 10.0
3555.0 2342.0 20.0 10.0
3544.0 2308.0 20.0 10.0
3508.0 2276.0 20.0 10.0
3470.0 2243.0 20.0 10.0
3432.0 2191.0 20.0 10.0
3394.0 2141.0 20.0 10.0
2756.0 1053.0 20.0 10.0
398.0 3944.0 20.0 10.0
1910.0 1663.0 20.0 10.0
1977.0 2989.0 20.0 10.0
3837.0 2111.0 20.0 10.0
1820.0 2391.0 20.0 10.0
917.0 3329.0 20.0 10.0
2337.0 3033.0 20.0 10.0
2339.0 2993.0 20.0 10.0
2306.0 2117.0 20.0 10.0
2302.0 2142.0 20.0 10.0
3657.0 2165.0 20.0 10.0
3627.0 2154.0 20.0 10.0
2343.0 1550.0 20.0 10.0
2357.0 1566.0 20.0 10.0
1814.0 2418.0 20.0 10.0
1847.0 2424.0 20.0 10.0
1883.0 2432.0 20.0 10.0
2682.0 2364.0 20.0 10.0
2678.0 2301.0 20.0 10.0
2674.0 2239.0 20.0 10.0
2672.0 2177.0 20.0 10.0
2668.0 2115.0 20.0 10.0
2203.0 1387.0 20.0 10.0
2151.0 1513.0 20.0 10.0
2174.0 1524.0 20.0 10.0
2660.0 2986.0 20.0 10.0
1690.0 2578.0 20.0 10.0
2400.0 1618.0 20.0 10.0
2430.0 1653.0 20.0 10.0
2148.0 2571.0 20.0 10.0
2718.0 893.0 20.0 10.0
2568.0 2980.0 20.0 10.0
2026.0 2865.0 20.0 10.0
2012.0 1276.0 20.0 10.0
2376.0 3218.0 20.0 10.0
3917.0 1950.0 20.0 10.0
1753.0 2553.0 20.0 10.0
4040.0 2161.0 20.0 10.0
3166.0 2035.0 20.0 10.0
3070.0 2008.0 20.0 10.0
2975.0 1981.0 20.0 10.0
2634.0 1741.0 20.0 10.0
3443.0 2244.0 20.0 10.0
1969.0 1236.0 20.0 10.0
1986.0 1250.0 20.0 10.0
1701.0 2575.0 20.0 10.0
1726.0 2564.0 20.0 10.0
315.0 3905.0 20.0 10.0
346.0 3891.0 20.0 10.0
2073.0 1330.0 20.0 10.0
2093.0 1346.0 20.0 10.0
2125.0 1376.0 20.0 10.0
2160.0 1407.0 20.0 10.0
2198.0 1442.0 20.0 10.0
918.0 3317.0 20.0 10.0
2328.0 2152.0 20.0 10.0
171.0 4081.0 20.0 10.0
172.0 4052.0 20.0 10.0
187.0 4038.0 20.0 10.0
1879.0 1695.0 20.0 10.0
1899.0 1691.0 20.0 10.0
1662.0 2699.0 20.0 10.0
3701.0 2101.0 20.0 10.0
244.0 3970.0 20.0 10.0
449.0 3936.0 20.0 10.0
454.0 3915.0 20.0 10.0
3718.0 2176.0 20.0 10.0
3689.0 2167.0 20.0 10.0
4101.0 2061.0 20.0 10.0
926.0 3329.0 20.0 10.0
941.0 3314.0 20.0 10.0
968.0 3290.0 20.0 10.0
4219.0 2217.0 20.0 10.0
1917.0 1725.0 20.0 10.0
1935.0 1711.0 20.0 10.0
1951.0 1701.0 20.0 10.0
2177.0 2232.0 20.0 10.0
2192.0 2250.0 20.0 10.0
1973.0 2853.0 20.0 10.0
3457.0 2174.0 20.0 10.0
2712.0 1052.0 20.0 10.0
2598.0 1776.0 20.0 10.0
1065.0 3211.0 20.0 10.0
1080.0 3196.0 20.0 10.0
1110.0 3195.0 20.0 10.0
1656.0 2400.0 20.0 10.0
2718.0 1855.0 20.0 10.0
2210.0 2202.0 20.0 10.0
3915.0 2106.0 20.0 10.0
3898.0 2104.0 20.0 10.0
3591.0 2138.0 20.0 10.0
2341.0 3019.0 20.0 10.0
2340.0 3009.0 20.0 10.0
2007.0 1673.0 20.0 10.0
2041.0 1678.0 20.0 10.0
3690.0 2148.0 20.0 10.0
3667.0 2140.0 20.0 10.0
2750.0 1642.0 20.0 10.0
2643.0 1432.0 20.0 10.0
410.0 3917.0 20.0 10.0
2229.0 2246.0 20.0 10.0
2205.0 2229.0 20.0 10.0
351.0 3860.0 20.0 10.0
375.0 3844.0 20.0 10.0
2074.0 2924.0 20.0 10.0
4008.0 2079.0 20.0 10.0
3407.0 2256.0 20.0 10.0
2206.0 1402.0 20.0 10.0
2032.0 1297.0 20.0 10.0
2538.0 1680.0 20.0 10.0
2538.0 1691.0 20.0 10.0
3507.0 2056.0 20.0 10.0
2699.0 2448.0 20.0 10.0
2830.0 109.0 20.0 10.0
2775.0 1596.0 20.0 10.0
3719.0 2052.0 20.0 10.0
1933.0 1204.0 20.0 10.0
2034.0 1322.0 20.0 10.0
414.0 3796.0 20.0 10.0
3149.0 280.0 20.0 10.0
2956.0 68.0 20.0 10.0
1517.0 2824.0 20.0 10.0
1589.0 2762.0 20.0 10.0
3649.0 2596.0 20.0 10.0
480.0 3931.0 20.0 10.0
473.0 3919.0 20.0 10.0
1860.0 2505.0 20.0 10.0
3662.0 2139.0 20.0 10.0
2837.0 256.0 20.0 10.0
3555.0 2448.0 20.0 10.0
3539.0 2414.0 20.0 10.0
2748.0 2294.0 20.0 10.0
4221.0 2189.0 20.0 10.0
4198.0 2182.0 20.0 10.0
4163.0 2179.0 20.0 10.0
2156.0 2190.0 20.0 10.0
1909.0 2404.0 20.0 10.0
2842.0 434.0 20.0 10.0
2845.0 447.0 20.0 10.0
2842.0 489.0 20.0 10.0
2839.0 532.0 20.0 10.0
4020.0 2166.0 20.0 10.0
909.0 3357.0 20.0 10.0
3995.0 2153.0 20.0 10.0
2912.0 137.0 20.0 10.0
2905.0 165.0 20.0 10.0
2898.0 198.0 20.0 10.0
2896.0 232.0 20.0 10.0
2337.0 3069.0 20.0 10.0
1667.0 2589.0 20.0 10.0
2526.0 1742.0 20.0 10.0
2388.0 1751.0 20.0 10.0
2393.0 1745.0 20.0 10.0
2132.0 2630.0 20.0 10.0
2682.0 3043.0 20.0 10.0
3699.0 2037.0 20.0 10.0
3712.0 2059.0 20.0 10.0
2605.0 841.0 20.0 10.0
3540.0 2425.0 20.0 10.0
1628.0 2379.0 20.0 10.0
1651.0 2389.0 20.0 10.0
1675.0 2398.0 20.0 10.0
3568.0 2094.0 20.0 10.0
3540.0 2085.0 20.0 10.0
3510.0 2079.0 20.0 10.0
2691.0 2485.0 20.0 10.0
2688.0 2425.0 20.0 10.0
3868.0 2108.0 20.0 10.0
2860.0 202.0 20.0 10.0
2579.0 1959.0 20.0 10.0
2611.0 1601.0 20.0 10.0
2594.0 1581.0 20.0 10.0
982.0 3317.0 20.0 10.0
2341.0 3083.0 20.0 10.0
2949.0 172.0 20.0 10.0
2700.0 3023.0 20.0 10.0
2678.0 3006.0 20.0 10.0
1948.0 1218.0 20.0 10.0
1931.0 2892.0 20.0 10.0
949.0 3387.0 20.0 10.0
2086.0 2900.0 20.0 10.0
1803.0 2413.0 20.0 10.0
2655.0 1724.0 20.0 10.0
3773.0 2009.0 20.0 10.0
1942.0 1707.0 20.0 10.0
368.0 4001.0 20.0 10.0
2343.0 1396.0 20.0 10.0
2336.0 1420.0 20.0 10.0
4066.0 2080.0 20.0 10.0
2532.0 1715.0 20.0 10.0
2262.0 2845.0 20.0 10.0
2025.0 1285.0 20.0 10.0
2043.0 1301.0 20.0 10.0
3676.0 2187.0 20.0 10.0
3396.0 2120.0 20.0 10.0
2993.0 530.0 20.0 10.0
1934.0 2993.0 20.0 10.0
1958.0 1678.0 20.0 10.0
1981.0 1685.0 20.0 10.0
3459.0 2202.0 20.0 10.0
2805.0 1968.0 20.0 10.0
2730.0 1979.0 20.0 10.0
2188.0 3003.0 20.0 10.0
3712.0 2074.0 20.0 10.0
3700.0 2082.0 20.0 10.0
328.0 3846.0 20.0 10.0
76.0 4123.0 20.0 10.0
2529.0 2984.0 20.0 10.0
2532.0 2969.0 20.0 10.0
2352.0 3222.0 20.0 10.0
2358.0 3198.0 20.0 10.0
2345.0 3176.0 20.0 10.0
3388.0 2236.0 20.0 10.0
3399.0 2213.0 20.0 10.0
3418.0 2233.0 20.0 10.0
1984.0 2852.0 20.0 10.0
2946.0 132.0 20.0 10.0
2920.0 140.0 20.0 10.0
3762.0 2005.0 20.0 10.0
3135.0 302.0 20.0 10.0
3022.0 417.0 20.0 10.0
50.0 4158.0 20.0 10.0
69.0 4135.0 20.0 10.0
2111.0 2313.0 20.0 10.0
2129.0 2324.0 20.0 10.0
3544.0 2098.0 20.0 10.0
3515.0 2089.0 20.0 10.0
3481.0 2090.0 20.0 10.0
2759.0 784.0 20.0 10.0
2746.0 809.0 20.0 10.0
2739.0 831.0 20.0 10.0
2670.0 1208.0 20.0 10.0
2676.0 1229.0 20.0 10.0
2191.0 1351.0 20.0 10.0
2200.0 1374.0 20.0 10.0
3651.0 2428.0 20.0 10.0
1629.0 2605.0 20.0 10.0
1640.0 2602.0 20.0 10.0
2042.0 2856.0 20.0 10.0
2683.0 2976.0 20.0 10.0
321.0 3904.0 20.0 10.0
2547.0 1801.0 20.0 10.0
2002.0 2844.0 20.0 10.0
2020.0 2836.0 20.0 10.0
2046.0 2828.0 20.0 10.0
1928.0 2988.0 20.0 10.0
3565.0 2372.0 20.0 10.0
2019.0 2885.0 20.0 10.0
1004.0 3277.0 20.0 10.0
1044.0 3256.0 20.0 10.0
2534.0 1772.0 20.0 10.0
2096.0 2625.0 20.0 10.0
2105.0 2617.0 20.0 10.0
1887.0 1653.0 20.0 10.0
3579.0 2062.0 20.0 10.0
3529.0 2085.0 20.0 10.0
3531.0 2035.0 20.0 10.0
3513.0 2050.0 20.0 10.0
2682.0 2766.0 20.0 10.0
337.0 3866.0 20.0 10.0
2135.0 2181.0 20.0 10.0
2127.0 2208.0 20.0 10.0
2101.0 2157.0 20.0 10.0
2108.0 2181.0 20.0 10.0
3691.0 2010.0 20.0 10.0
3555.0 2472.0 20.0 10.0
3555.0 2462.0 20.0 10.0
2612.0 2943.0 20.0 10.0
2650.0 2919.0 20.0 10.0
2453.0 2985.0 20.0 10.0
2453.0 2973.0 20.0 10.0
2491.0 2974.0 20.0 10.0
2218.0 2420.0 20.0 10.0
2665.0 906.0 20.0 10.0
2145.0 2213.0 20.0 10.0
3663.0 2226.0 20.0 10.0
3640.0 2211.0 20.0 10.0
3619.0 2199.0 20.0 10.0
3593.0 2184.0 20.0 10.0
2269.0 2844.0 20.0 10.0
2503.0 1965.0 20.0 10.0
2506.0 1957.0 20.0 10.0
2509.0 1947.0 20.0 10.0
3749.0 2001.0 20.0 10.0
198.0 4084.0 20.0 10.0
2201.0 1718.0 20.0 10.0
2662.0 2075.0 20.0 10.0
2662.0 2052.0 20.0 10.0
2821.0 274.0 20.0 10.0
2087.0 2213.0 20.0 10.0
2097.0 2206.0 20.0 10.0
2110.0 2203.0 20.0 10.0
327.0 3833.0 20.0 10.0
354.0 3830.0 20.0 10.0
376.0 3834.0 20.0 10.0
406.0 3845.0 20.0 10.0
438.0 3842.0 20.0 10.0
2318.0 3240.0 20.0 10.0
2324.0 3217.0 20.0 10.0
2215.0 1435.0 20.0 10.0
2221.0 1453.0 20.0 10.0
2333.0 1443.0 20.0 10.0
2342.0 1467.0 20.0 10.0
2116.0 2608.0 20.0 10.0
2088.0 2896.0 20.0 10.0
2090.0 2873.0 20.0 10.0
2340.0 2966.0 20.0 10.0
2341.0 2951.0 20.0 10.0
2377.0 2963.0 20.0 10.0
2415.0 2969.0 20.0 10.0
456.0 3958.0 20.0 10.0
464.0 3936.0 20.0 10.0
1678.0 2585.0 20.0 10.0
2062.0 2821.0 20.0 10.0
2087.0 2787.0 20.0 10.0
56.0 4153.0 20.0 10.0
1955.0 3027.0 20.0 10.0
1962.0 3016.0 20.0 10.0
1973.0 2997.0 20.0 10.0
3614.0 2548.0 20.0 10.0
3597.0 2526.0 20.0 10.0
3588.0 2506.0 20.0 10.0
3570.0 2480.0 20.0 10.0
2786.0 902.0 20.0 10.0
2764.0 968.0 20.0 10.0
2742.0 1035.0 20.0 10.0
2718.0 1102.0 20.0 10.0
2700.0 1182.0 20.0 10.0
2681.0 1263.0 20.0 10.0
2193.0 3049.0 20.0 10.0
2184.0 3034.0 20.0 10.0
2299.0 1577.0 20.0 10.0
2316.0 1441.0 20.0 10.0
2909.0 254.0 20.0 10.0
3523.0 2389.0 20.0 10.0
2851.0 123.0 20.0 10.0
2845.0 148.0 20.0 10.0
98.0 4128.0 20.0 10.0
101.0 4098.0 20.0 10.0
2330.0 1571.0 20.0 10.0
2201.0 1513.0 20.0 10.0
2213.0 1531.0 20.0 10.0
2242.0 1530.0 20.0 10.0
1882.0 1619.0 20.0 10.0
2685.0 2261.0 20.0 10.0
3596.0 2405.0 20.0 10.0
2902.0 174.0 20.0 10.0
2925.0 188.0 20.0 10.0
2949.0 591.0 20.0 10.0
4372.0 2214.0 20.0 10.0
4351.0 2209.0 20.0 10.0
4327.0 2205.0 20.0 10.0
4296.0 2198.0 20.0 10.0
2853.0 364.0 20.0 10.0
2849.0 406.0 20.0 10.0
206.0 4087.0 20.0 10.0
98.0 4158.0 20.0 10.0
2819.0 973.0 20.0 10.0
2811.0 968.0 20.0 10.0
2792.0 956.0 20.0 10.0
2312.0 3219.0 20.0 10.0
2321.0 3189.0 20.0 10.0
2334.0 3163.0 20.0 10.0
2089.0 1703.0 20.0 10.0
2108.0 1702.0 20.0 10.0
2559.0 1709.0 20.0 10.0
2576.0 1732.0 20.0 10.0
2571.0 1756.0 20.0 10.0
3722.0 2038.0 20.0 10.0
