1000
144.0 143.0 20.0 10.0
140.0 130.0 20.0 10.0
139.0 77.0 20.0 10.0
113.0 171.0 20.0 10.0
121.0 59.0 20.0 10.0
78.0 135.0 20.0 10.0
128.0 105.0 20.0 10.0
80.0 120.0 20.0 10.0
88.0 95.0 20.0 10.0
83.0 160.0 20.0 10.0
66.0 100.0 20.0 10.0
138.0 90.0 20.0 10.0
166.0 136.0 20.0 10.0
147.0 136.0 20.0 10.0
176.0 120.0 20.0 10.0
123.0 61.0 20.0 10.0
146.0 125.0 20.0 10.0
97.0 168.0 20.0 10.0
95.0 94.0 20.0 10.0
99.0 130.0 20.0 10.0
195.0 117.0 20.0 10.0
110.0 117.0 20.0 10.0
122.0 121.0 20.0 10.0
143.0 130.0 20.0 10.0
138.0 169.0 20.0 10.0
121.0 101.0 20.0 10.0
120.0 154.0 20.0 10.0
69.0 169.0 20.0 10.0
75.0 137.0 20.0 10.0
140.0 113.0 20.0 10.0
136.0 124.0 20.0 10.0
106.0 184.0 20.0 10.0
99.0 143.0 20.0 10.0
102.0 107.0 20.0 10.0
105.0 144.0 20.0 10.0
112.0 118.0 20.0 10.0
158.0 129.0 20.0 10.0
167.0 119.0 20.0 10.0
106.0 101.0 20.0 10.0
142.0 90.0 20.0 10.0
96.0 99.0 20.0 10.0
135.0 146.0 20.0 10.0
86.0 150.0 20.0 10.0
138.0 156.0 20.0 10.0
130.0 65.0 20.0 10.0
147.0 150.0 20.0 10.0
77.0 119.0 20.0 10.0
136.0 111.0 20.0 10.0
168.0 88.0 20.0 10.0
118.0 112.0 20.0 10.0
160.0 122.0 20.0 10.0
96.0 92.0 20.0 10.0
83.0 172.0 20.0 10.0
105.0 85.0 20.0 10.0
131.0 49.0 20.0 10.0
130.0 110.0 20.0 10.0
130.0 99.0 20.0 10.0
84.0 58.0 20.0 10.0
111.0 201.0 20.0 10.0
89.0 105.0 20.0 10.0
128.0 96.0 20.0 10.0
140.0 126.0 20.0 10.0
109.0 121.0 20.0 10.0
118.0 117.0 20.0 10.0
124.0 81.0 20.0 10.0
128.0 116.0 20.0 10.0
132.0 130.0 20.0 10.0
87.0 172.0 20.0 10.0
102.0 143.0 20.0 10.0
80.0 128.0 20.0 10.0
163.0 91.0 20.0 10.0
92.0 127.0 20.0 10.0
139.0 110.0 20.0 10.0
109.0 101.0 20.0 10.0
157.0 133.0 20.0 10.0
122.0 135.0 20.0 10.0
118.0 124.0 20.0 10.0
135.0 180.0 20.0 10.0
126.0 139.0 20.0 10.0
127.0 144.0 20.0 10.0
76.0 94.0 20.0 10.0
98.0 98.0 20.0 10.0
90.0 103.0 20.0 10.0
96.0 133.0 20.0 10.0
100.0 80.0 20.0 10.0
158.0 156.0 20.0 10.0
113.0 158.0 20.0 10.0
80.0 139.0 20.0 10.0
67.0 94.0 20.0 10.0
96.0 144.0 20.0 10.0
154.0 98.0 20.0 10.0
128.0 93.0 20.0 10.0
90.0 111.0 20.0 10.0
138.0 179.0 20.0 10.0
150.0 68.0 20.0 10.0
135.0 98.0 20.0 10.0
113.0 165.0 20.0 10.0
119.0 92.0 20.0 10.0
93.0 143.0 20.0 10.0
116.0 139.0 20.0 10.0
114.0 129.0 20.0 10.0
82.0 114.0 20.0 10.0
101.0 140.0 20.0 10.0
51.0 84.0 20.0 10.0
90.0 88.0 20.0 10.0
96.0 139.0 20.0 10.0
70.0 117.0 20.0 10.0
159.0 115.0 20.0 10.0
62.0 123.0 20.0 10.0
109.0 132.0 20.0 10.0
90.0 145.0 20.0 10.0
73.0 166.0 20.0 10.0
151.0 123.0 20.0 10.0
99.0 168.0 20.0 10.0
148.0 90.0 20.0 10.0
121.0 122.0 20.0 10.0
142.0 116.0 20.0 10.0
130.0 117.0 20.0 10.0
111.0 123.0 20.0 10.0
80.0 81.0 20.0 10.0
150.0 83.0 20.0 10.0
151.0 77.0 20.0 10.0
111.0 40.0 20.0 10.0
96.0 107.0 20.0 10.0
110.0 93.0 20.0 10.0
100.0 104.0 20.0 10.0
109.0 158.0 20.0 10.0
74.0 95.0 20.0 10.0
127.0 92.0 20.0 10.0
96.0 176.0 20.0 10.0
65.0 130.0 20.0 10.0
128.0 125.0 20.0 10.0
125.0 128.0 20.0 10.0
135.0 136.0 20.0 10.0
136.0 182.0 20.0 10.0
88.0 146.0 20.0 10.0
135.0 109.0 20.0 10.0
118.0 126.0 20.0 10.0
78.0 137.0 20.0 10.0
118.0 139.0 20.0 10.0
105.0 108.0 20.0 10.0
124.0 115.0 20.0 10.0
144.0 146.0 20.0 10.0
90.0 131.0 20.0 10.0
92.0 114.0 20.0 10.0
134.0 129.0 20.0 10.0
147.0 140.0 20.0 10.0
174.0 132.0 20.0 10.0
118.0 145.0 20.0 10.0
129.0 145.0 20.0 10.0
165.0 83.0 20.0 10.0
39.0 95.0 20.0 10.0
155.0 67.0 20.0 10.0
85.0 172.0 20.0 10.0
156.0 151.0 20.0 10.0
104.0 110.0 20.0 10.0
101.0 159.0 20.0 10.0
163.0 95.0 20.0 10.0
155.0 158.0 20.0 10.0
107.0 135.0 20.0 10.0
121.0 139.0 20.0 10.0
103.0 153.0 20.0 10.0
151.0 134.0 20.0 10.0
151.0 126.0 20.0 10.0
165.0 106.0 20.0 10.0
72.0 75.0 20.0 10.0
94.0 105.0 20.0 10.0
88.0 113.0 20.0 10.0
139.0 158.0 20.0 10.0
120.0 129.0 20.0 10.0
118.0 131.0 20.0 10.0
72.0 152.0 20.0 10.0
141.0 88.0 20.0 10.0
90.0 155.0 20.0 10.0
91.0 152.0 20.0 10.0
163.0 147.0 20.0 10.0
144.0 79.0 20.0 10.0
126.0 77.0 20.0 10.0
75.0 115.0 20.0 10.0
133.0 148.0 20.0 10.0
115.0 106.0 20.0 10.0
127.0 85.0 20.0 10.0
119.0 157.0 20.0 10.0
102.0 99.0 20.0 10.0
145.0 145.0 20.0 10.0
116.0 136.0 20.0 10.0
107.0 90.0 20.0 10.0
142.0 143.0 20.0 10.0
110.0 130.0 20.0 10.0
96.0 112.0 20.0 10.0
74.0 162.0 20.0 10.0
100.0 88.0 20.0 10.0
155.0 142.0 20.0 10.0
83.0 125.0 20.0 10.0
54.0 88.0 20.0 10.0
131.0 140.0 20.0 10.0
99.0 114.0 20.0 10.0
105.0 180.0 20.0 10.0
145.0 118.0 20.0 10.0
78.0 126.0 20.0 10.0
189.0 82.0 20.0 10.0
100.0 116.0 20.0 10.0
57.0 141.0 20.0 10.0
118.0 168.0 20.0 10.0
124.0 151.0 20.0 10.0
144.0 138.0 20.0 10.0
113.0 102.0 20.0 10.0
117.0 109.0 20.0 10.0
117.0 71.0 20.0 10.0
76.0 148.0 20.0 10.0
115.0 154.0 20.0 10.0
101.0 137.0 20.0 10.0
128.0 120.0 20.0 10.0
81.0 112.0 20.0 10.0
141.0 172.0 20.0 10.0
141.0 105.0 20.0 10.0
106.0 154.0 20.0 10.0
135.0 127.0 20.0 10.0
80.0 134.0 20.0 10.0
114.0 138.0 20.0 10.0
124.0 139.0 20.0 10.0
105.0 92.0 20.0 10.0
135.0 119.0 20.0 10.0
114.0 123.0 20.0 10.0
70.0 104.0 20.0 10.0
96.0 157.0 20.0 10.0
83.0 144.0 20.0 10.0
106.0 121.0 20.0 10.0
47.0 150.0 20.0 10.0
57.0 137.0 20.0 10.0
100.0 107.0 20.0 10.0
124.0 131.0 20.0 10.0
121.0 103.0 20.0 10.0
86.0 136.0 20.0 10.0
125.0 135.0 20.0 10.0
120.0 124.0 20.0 10.0
68.0 91.0 20.0 10.0
165.0 123.0 20.0 10.0
137.0 114.0 20.0 10.0
131.0 87.0 20.0 10.0
124.0 159.0 20.0 10.0
103.0 136.0 20.0 10.0
73.0 93.0 20.0 10.0
122.0 88.0 20.0 10.0
142.0 146.0 20.0 10.0
104.0 187.0 20.0 10.0
131.0 143.0 20.0 10.0
116.0 123.0 20.0 10.0
135.0 132.0 20.0 10.0
121.0 133.0 20.0 10.0
58.0 148.0 20.0 10.0
117.0 189.0 20.0 10.0
111.0 149.0 20.0 10.0
170.0 128.0 20.0 10.0
88.0 136.0 20.0 10.0
96.0 130.0 20.0 10.0
143.0 120.0 20.0 10.0
130.0 103.0 20.0 10.0
42.0 81.0 20.0 10.0
78.0 102.0 20.0 10.0
72.0 114.0 20.0 10.0
90.0 77.0 20.0 10.0
126.0 120.0 20.0 10.0
120.0 75.0 20.0 10.0
61.0 129.0 20.0 10.0
103.0 134.0 20.0 10.0
151.0 131.0 20.0 10.0
108.0 127.0 20.0 10.0
116.0 98.0 20.0 10.0
100.0 121.0 20.0 10.0
55.0 106.0 20.0 10.0
77.0 109.0 20.0 10.0
147.0 112.0 20.0 10.0
92.0 129.0 20.0 10.0
70.0 98.0 20.0 10.0
113.0 112.0 20.0 10.0
133.0 158.0 20.0 10.0
131.0 80.0 20.0 10.0
102.0 128.0 20.0 10.0
145.0 97.0 20.0 10.0
190.0 171.0 20.0 10.0
84.0 149.0 20.0 10.0
99.0 140.0 20.0 10.0
102.0 126.0 20.0 10.0
105.0 111.0 20.0 10.0
91.0 162.0 20.0 10.0
156.0 118.0 20.0 10.0
87.0 98.0 20.0 10.0
139.0 142.0 20.0 10.0
185.0 128.0 20.0 10.0
90.0 66.0 20.0 10.0
62.0 165.0 20.0 10.0
103.0 76.0 20.0 10.0
91.0 68.0 20.0 10.0
128.0 152.0 20.0 10.0
107.0 78.0 20.0 10.0
165.0 127.0 20.0 10.0
103.0 111.0 20.0 10.0
117.0 73.0 20.0 10.0
118.0 98.0 20.0 10.0
96.0 89.0 20.0 10.0
105.0 68.0 20.0 10.0
94.0 84.0 20.0 10.0
133.0 117.0 20.0 10.0
152.0 122.0 20.0 10.0
149.0 100.0 20.0 10.0
75.0 85.0 20.0 10.0
134.0 101.0 20.0 10.0
103.0 158.0 20.0 10.0
148.0 113.0 20.0 10.0
82.0 134.0 20.0 10.0
160.0 151.0 20.0 10.0
96.0 102.0 20.0 10.0
101.0 86.0 20.0 10.0
153.0 101.0 20.0 10.0
96.0 97.0 20.0 10.0
173.0 117.0 20.0 10.0
105.0 156.0 20.0 10.0
81.0 117.0 20.0 10.0
83.0 97.0 20.0 10.0
148.0 118.0 20.0 10.0
176.0 149.0 20.0 10.0
120.0 102.0 20.0 10.0
158.0 123.0 20.0 10.0
114.0 135.0 20.0 10.0
122.0 83.0 20.0 10.0
168.0 86.0 20.0 10.0
76.0 122.0 20.0 10.0
120.0 180.0 20.0 10.0
95.0 150.0 20.0 10.0
99.0 201.0 20.0 10.0
96.0 137.0 20.0 10.0
139.0 98.0 20.0 10.0
113.0 82.0 20.0 10.0
168.0 131.0 20.0 10.0
101.0 134.0 20.0 10.0
92.0 138.0 20.0 10.0
73.0 73.0 20.0 10.0
141.0 147.0 20.0 10.0
106.0 170.0 20.0 10.0
118.0 140.0 20.0 10.0
147.0 120.0 20.0 10.0
149.0 80.0 20.0 10.0
25.0 256.0 20.0 10.0
108.0 119.0 20.0 10.0
104.0 162.0 20.0 10.0
95.0 147.0 20.0 10.0
172.0 144.0 20.0 10.0
147.0 107.0 20.0 10.0
159.0 138.0 20.0 10.0
127.0 102.0 20.0 10.0
99.0 161.0 20.0 10.0
160.0 135.0 20.0 10.0
150.0 108.0 20.0 10.0
149.0 44.0 20.0 10.0
123.0 129.0 20.0 10.0
137.0 87.0 20.0 10.0
71.0 130.0 20.0 10.0
101.0 123.0 20.0 10.0
86.0 93.0 20.0 10.0
104.0 168.0 20.0 10.0
134.0 120.0 20.0 10.0
150.0 111.0 20.0 10.0
81.0 97.0 20.0 10.0
102.0 90.0 20.0 10.0
70.0 116.0 20.0 10.0
112.0 88.0 20.0 10.0
69.0 112.0 20.0 10.0
111.0 126.0 20.0 10.0
146.0 89.0 20.0 10.0
79.0 95.0 20.0 10.0
81.0 114.0 20.0 10.0
169.0 119.0 20.0 10.0
137.0 120.0 20.0 10.0
65.0 108.0 20.0 10.0
103.0 87.0 20.0 10.0
146.0 111.0 20.0 10.0
129.0 127.0 20.0 10.0
150.0 147.0 20.0 10.0
121.0 107.0 20.0 10.0
88.0 130.0 20.0 10.0
116.0 160.0 20.0 10.0
132.0 153.0 20.0 10.0
142.0 153.0 20.0 10.0
54.0 123.0 20.0 10.0
172.0 136.0 20.0 10.0
120.0 131.0 20.0 10.0
111.0 87.0 20.0 10.0
179.0 99.0 20.0 10.0
140.0 95.0 20.0 10.0
89.0 149.0 20.0 10.0
150.0 115.0 20.0 10.0
71.0 107.0 20.0 10.0
109.0 153.0 20.0 10.0
127.0 135.0 20.0 10.0
150.0 150.0 20.0 10.0
101.0 109.0 20.0 10.0
72.0 123.0 20.0 10.0
97.0 61.0 20.0 10.0
74.0 138.0 20.0 10.0
105.0 97.0 20.0 10.0
147.0 143.0 20.0 10.0
72.0 79.0 20.0 10.0
117.0 114.0 20.0 10.0
136.0 106.0 20.0 10.0
84.0 100.0 20.0 10.0
113.0 62.0 20.0 10.0
141.0 158.0 20.0 10.0
156.0 121.0 20.0 10.0
140.0 102.0 20.0 10.0
73.0 192.0 20.0 10.0
82.0 100.0 20.0 10.0
145.0 137.0 20.0 10.0
138.0 173.0 20.0 10.0
96.0 109.0 20.0 10.0
136.0 114.0 20.0 10.0
130.0 174.0 20.0 10.0
116.0 85.0 20.0 10.0
121.0 119.0 20.0 10.0
211.0 96.0 20.0 10.0
135.0 161.0 20.0 10.0
119.0 69.0 20.0 10.0
74.0 150.0 20.0 10.0
79.0 101.0 20.0 10.0
61.0 88.0 20.0 10.0
116.0 125.0 20.0 10.0
156.0 95.0 20.0 10.0
84.0 103.0 20.0 10.0
102.0 119.0 20.0 10.0
107.0 81.0 20.0 10.0
182.0 137.0 20.0 10.0
82.0 118.0 20.0 10.0
105.0 142.0 20.0 10.0
101.0 78.0 20.0 10.0
126.0 25.0 20.0 10.0
136.0 94.0 20.0 10.0
123.0 150.0 20.0 10.0
83.0 147.0 20.0 10.0
139.0 123.0 20.0 10.0
136.0 103.0 20.0 10.0
91.0 154.0 20.0 10.0
146.0 171.0 20.0 10.0
70.0 155.0 20.0 10.0
83.0 93.0 20.0 10.0
87.0 90.0 20.0 10.0
71.0 180.0 20.0 10.0
132.0 115.0 20.0 10.0
101.0 117.0 20.0 10.0
78.0 107.0 20.0 10.0
163.0 131.0 20.0 10.0
142.0 132.0 20.0 10.0
100.0 149.0 20.0 10.0
107.0 157.0 20.0 10.0
85.0 124.0 20.0 10.0
152.0 140.0 20.0 10.0
115.0 139.0 20.0 10.0
37.0 79.0 20.0 10.0
160.0 142.0 20.0 10.0
104.0 132.0 20.0 10.0
111.0 76.0 20.0 10.0
139.0 80.0 20.0 10.0
124.0 63.0 20.0 10.0
114.0 149.0 20.0 10.0
148.0 127.0 20.0 10.0
157.0 164.0 20.0 10.0
86.0 121.0 20.0 10.0
131.0 89.0 20.0 10.0
104.0 118.0 20.0 10.0
97.0 70.0 20.0 10.0
147.0 114.0 20.0 10.0
98.0 121.0 20.0 10.0
105.0 172.0 20.0 10.0
87.0 104.0 20.0 10.0
91.0 81.0 20.0 10.0
109.0 139.0 20.0 10.0
85.0 144.0 20.0 10.0
125.0 134.0 20.0 10.0
116.0 96.0 20.0 10.0
112.0 97.0 20.0 10.0
126.0 100.0 20.0 10.0
96.0 82.0 20.0 10.0
160.0 119.0 20.0 10.0
136.0 149.0 20.0 10.0
113.0 140.0 20.0 10.0
81.0 91.0 20.0 10.0
104.0 94.0 20.0 10.0
131.0 168.0 20.0 10.0
57.0 182.0 20.0 10.0
133.0 67.0 20.0 10.0
138.0 104.0 20.0 10.0
141.0 99.0 20.0 10.0
181.0 108.0 20.0 10.0
130.0 134.0 20.0 10.0
155.0 169.0 20.0 10.0
93.0 112.0 20.0 10.0
133.0 78.0 20.0 10.0
70.0 86.0 20.0 10.0
153.0 150.0 20.0 10.0
75.0 256.0 20.0 10.0
133.0 124.0 20.0 10.0
87.0 75.0 20.0 10.0
83.0 55.0 20.0 10.0
82.0 128.0 20.0 10.0
76.0 95.0 20.0 10.0
48.0 129.0 20.0 10.0
81.0 152.0 20.0 10.0
116.0 93.0 20.0 10.0
139.0 52.0 20.0 10.0
70.0 95.0 20.0 10.0
149.0 157.0 20.0 10.0
153.0 113.0 20.0 10.0
80.0 108.0 20.0 10.0
115.0 126.0 20.0 10.0
148.0 71.0 20.0 10.0
129.0 59.0 20.0 10.0
123.0 116.0 20.0 10.0
88.0 124.0 20.0 10.0
148.0 111.0 20.0 10.0
110.0 98.0 20.0 10.0
127.0 83.0 20.0 10.0
89.0 142.0 20.0 10.0
165.0 178.0 20.0 10.0
109.0 125.0 20.0 10.0
84.0 128.0 20.0 10.0
95.0 125.0 20.0 10.0
114.0 126.0 20.0 10.0
110.0 164.0 20.0 10.0
125.0 121.0 20.0 10.0
122.0 110.0 20.0 10.0
132.0 62.0 20.0 10.0
140.0 188.0 20.0 10.0
71.0 121.0 20.0 10.0
163.0 98.0 20.0 10.0
88.0 89.0 20.0 10.0
106.0 114.0 20.0 10.0
144.0 101.0 20.0 10.0
68.0 125.0 20.0 10.0
119.0 119.0 20.0 10.0
111.0 152.0 20.0 10.0
111.0 174.0 20.0 10.0
101.0 93.0 20.0 10.0
106.0 165.0 20.0 10.0
138.0 108.0 20.0 10.0
110.0 141.0 20.0 10.0
109.0 92.0 20.0 10.0
87.0 132.0 20.0 10.0
87.0 142.0 20.0 10.0
124.0 164.0 20.0 10.0
115.0 74.0 20.0 10.0
108.0 113.0 20.0 10.0
99.0 125.0 20.0 10.0
168.0 111.0 20.0 10.0
78.0 89.0 20.0 10.0
128.0 156.0 20.0 10.0
141.0 132.0 20.0 10.0
162.0 153.0 20.0 10.0
99.0 97.0 20.0 10.0
110.0 106.0 20.0 10.0
142.0 151.0 20.0 10.0
113.0 132.0 20.0 10.0
93.0 121.0 20.0 10.0
92.0 97.0 20.0 10.0
134.0 111.0 20.0 10.0
157.0 126.0 20.0 10.0
78.0 154.0 20.0 10.0
61.0 118.0 20.0 10.0
107.0 103.0 20.0 10.0
142.0 73.0 20.0 10.0
99.0 108.0 20.0 10.0
90.0 183.0 20.0 10.0
83.0 152.0 20.0 10.0
143.0 159.0 20.0 10.0
68.0 127.0 20.0 10.0
28.0 107.0 20.0 10.0
79.0 146.0 20.0 10.0
140.0 148.0 20.0 10.0
121.0 113.0 20.0 10.0
116.0 150.0 20.0 10.0
86.0 107.0 20.0 10.0
109.0 89.0 20.0 10.0
125.0 164.0 20.0 10.0
141.0 120.0 20.0 10.0
90.0 114.0 20.0 10.0
138.0 127.0 20.0 10.0
105.0 115.0 20.0 10.0
141.0 70.0 20.0 10.0
49.0 104.0 20.0 10.0
148.0 167.0 20.0 10.0
111.0 115.0 20.0 10.0
150.0 186.0 20.0 10.0
151.0 164.0 20.0 10.0
148.0 100.0 20.0 10.0
143.0 125.0 20.0 10.0
81.0 125.0 20.0 10.0
135.0 143.0 20.0 10.0
167.0 146.0 20.0 10.0
104.0 148.0 20.0 10.0
150.0 118.0 20.0 10.0
104.0 104.0 20.0 10.0
109.0 67.0 20.0 10.0
107.0 98.0 20.0 10.0
92.0 90.0 20.0 10.0
110.0 167.0 20.0 10.0
148.0 123.0 20.0 10.0
106.0 107.0 20.0 10.0
73.0 119.0 20.0 10.0
114.0 92.0 20.0 10.0
166.0 108.0 20.0 10.0
165.0 121.0 20.0 10.0
160.0 101.0 20.0 10.0
171.0 60.0 20.0 10.0
46.0 148.0 20.0 10.0
66.0 160.0 20.0 10.0
114.0 175.0 20.0 10.0
88.0 93.0 20.0 10.0
138.0 152.0 20.0 10.0
111.0 137.0 20.0 10.0
81.0 60.0 20.0 10.0
93.0 196.0 20.0 10.0
77.0 127.0 20.0 10.0
107.0 131.0 20.0 10.0
157.0 128.0 20.0 10.0
132.0 103.0 20.0 10.0
127.0 146.0 20.0 10.0
120.0 165.0 20.0 10.0
93.0 94.0 20.0 10.0
121.0 95.0 20.0 10.0
156.0 124.0 20.0 10.0
116.0 121.0 20.0 10.0
136.0 153.0 20.0 10.0
143.0 122.0 20.0 10.0
125.0 84.0 20.0 10.0
128.0 110.0 20.0 10.0
115.0 167.0 20.0 10.0
115.0 191.0 20.0 10.0
72.0 101.0 20.0 10.0
171.0 163.0 20.0 10.0
102.0 130.0 20.0 10.0
151.0 97.0 20.0 10.0
196.0 144.0 20.0 10.0
116.0 100.0 20.0 10.0
75.0 104.0 20.0 10.0
110.0 69.0 20.0 10.0
120.0 149.0 20.0 10.0
107.0 94.0 20.0 10.0
63.0 155.0 20.0 10.0
91.0 125.0 20.0 10.0
95.0 116.0 20.0 10.0
145.0 152.0 20.0 10.0
130.0 160.0 20.0 10.0
137.0 117.0 20.0 10.0
115.0 93.0 20.0 10.0
110.0 54.0 20.0 10.0
60.0 142.0 20.0 10.0
106.0 160.0 20.0 10.0
114.0 145.0 20.0 10.0
120.0 80.0 20.0 10.0
119.0 150.0 20.0 10.0
75.0 138.0 20.0 10.0
112.0 127.0 20.0 10.0
129.0 165.0 20.0 10.0
124.0 100.0 20.0 10.0
108.0 154.0 20.0 10.0
68.0 104.0 20.0 10.0
85.0 126.0 20.0 10.0
92.0 111.0 20.0 10.0
145.0 162.0 20.0 10.0
101.0 156.0 20.0 10.0
91.0 107.0 20.0 10.0
130.0 128.0 20.0 10.0
70.0 139.0 20.0 10.0
79.0 131.0 20.0 10.0
121.0 155.0 20.0 10.0
123.0 173.0 20.0 10.0
70.0 110.0 20.0 10.0
165.0 79.0 20.0 10.0
121.0 128.0 20.0 10.0
115.0 102.0 20.0 10.0
108.0 74.0 20.0 10.0
95.0 163.0 20.0 10.0
173.0 101.0 20.0 10.0
126.0 87.0 20.0 10.0
82.0 177.0 20.0 10.0
140.0 86.0 20.0 10.0
94.0 103.0 20.0 10.0
156.0 136.0 20.0 10.0
111.0 118.0 20.0 10.0
143.0 108.0 20.0 10.0
75.0 110.0 20.0 10.0
130.0 146.0 20.0 10.0
115.0 118.0 20.0 10.0
129.0 142.0 20.0 10.0
67.0 76.0 20.0 10.0
106.0 119.0 20.0 10.0
121.0 162.0 20.0 10.0
57.0 130.0 20.0 10.0
65.0 116.0 20.0 10.0
158.0 163.0 20.0 10.0
82.0 107.0 20.0 10.0
143.0 149.0 20.0 10.0
65.0 113.0 20.0 10.0
152.0 100.0 20.0 10.0
153.0 124.0 20.0 10.0
42.0 103.0 20.0 10.0
164.0 102.0 20.0 10.0
131.0 125.0 20.0 10.0
98.0 97.0 20.0 10.0
121.0 105.0 20.0 10.0
101.0 104.0 20.0 10.0
116.0 78.0 20.0 10.0
146.0 104.0 20.0 10.0
138.0 160.0 20.0 10.0
133.0 98.0 20.0 10.0
109.0 134.0 20.0 10.0
155.0 136.0 20.0 10.0
112.0 92.0 20.0 10.0
80.0 99.0 20.0 10.0
93.0 129.0 20.0 10.0
160.0 90.0 20.0 10.0
102.0 101.0 20.0 10.0
118.0 162.0 20.0 10.0
102.0 114.0 20.0 10.0
118.0 102.0 20.0 10.0
129.0 122.0 20.0 10.0
112.0 87.0 20.0 10.0
94.0 87.0 20.0 10.0
82.0 132.0 20.0 10.0
137.0 123.0 20.0 10.0
94.0 140.0 20.0 10.0
129.0 113.0 20.0 10.0
154.0 140.0 20.0 10.0
103.0 72.0 20.0 10.0
103.0 140.0 20.0 10.0
139.0 119.0 20.0 10.0
99.0 137.0 20.0 10.0
70.0 159.0 20.0 10.0
60.0 98.0 20.0 10.0
83.0 168.0 20.0 10.0
106.0 150.0 20.0 10.0
126.0 115.0 20.0 10.0
73.0 126.0 20.0 10.0
95.0 107.0 20.0 10.0
127.0 127.0 20.0 10.0
87.0 102.0 20.0 10.0
133.0 103.0 20.0 10.0
150.0 95.0 20.0 10.0
134.0 139.0 20.0 10.0
108.0 106.0 20.0 10.0
123.0 103.0 20.0 10.0
131.0 157.0 20.0 10.0
148.0 147.0 20.0 10.0
82.0 145.0 20.0 10.0
128.0 74.0 20.0 10.0
117.0 106.0 20.0 10.0
68.0 129.0 20.0 10.0
93.0 171.0 20.0 10.0
116.0 89.0 20.0 10.0
122.0 147.0 20.0 10.0
139.0 137.0 20.0 10.0
108.0 123.0 20.0 10.0
100.0 82.0 20.0 10.0
66.0 109.0 20.0 10.0
160.0 106.0 20.0 10.0
102.0 96.0 20.0 10.0
125.0 125.0 20.0 10.0
114.0 56.0 20.0 10.0
102.0 121.0 20.0 10.0
134.0 162.0 20.0 10.0
129.0 97.0 20.0 10.0
137.0 163.0 20.0 10.0
117.0 83.0 20.0 10.0
153.0 155.0 20.0 10.0
112.0 159.0 20.0 10.0
142.0 91.0 20.0 10.0
102.0 173.0 20.0 10.0
25.0 64.0 20.0 10.0
91.0 93.0 20.0 10.0
110.0 186.0 20.0 10.0
114.0 161.0 20.0 10.0
130.0 62.0 20.0 10.0
64.0 112.0 20.0 10.0
128.0 149.0 20.0 10.0
57.0 133.0 20.0 10.0
59.0 117.0 20.0 10.0
152.0 91.0 20.0 10.0
75.0 127.0 20.0 10.0
98.0 108.0 20.0 10.0
121.0 125.0 20.0 10.0
77.0 163.0 20.0 10.0
114.0 167.0 20.0 10.0
110.0 144.0 20.0 10.0
38.0 122.0 20.0 10.0
67.0 124.0 20.0 10.0
92.0 105.0 20.0 10.0
178.0 90.0 20.0 10.0
87.0 126.0 20.0 10.0
108.0 146.0 20.0 10.0
92.0 159.0 20.0 10.0
84.0 141.0 20.0 10.0
121.0 89.0 20.0 10.0
150.0 71.0 20.0 10.0
137.0 129.0 20.0 10.0
114.0 69.0 20.0 10.0
120.0 117.0 20.0 10.0
159.0 107.0 20.0 10.0
125.0 97.0 20.0 10.0
124.0 147.0 20.0 10.0
147.0 75.0 20.0 10.0
86.0 156.0 20.0 10.0
114.0 131.0 20.0 10.0
108.0 109.0 20.0 10.0
124.0 206.0 20.0 10.0
105.0 129.0 20.0 10.0
65.0 159.0 20.0 10.0
151.0 133.0 20.0 10.0
143.0 99.0 20.0 10.0
137.0 73.0 20.0 10.0
161.0 109.0 20.0 10.0
61.0 105.0 20.0 10.0
90.0 135.0 20.0 10.0
160.0 131.0 20.0 10.0
81.0 120.0 20.0 10.0
149.0 171.0 20.0 10.0
140.0 125.0 20.0 10.0
91.0 123.0 20.0 10.0
132.0 152.0 20.0 10.0
106.0 124.0 20.0 10.0
114.0 104.0 20.0 10.0
143.0 134.0 20.0 10.0
155.0 102.0 20.0 10.0
144.0 28.0 20.0 10.0
140.0 133.0 20.0 10.0
25.0 188.0 20.0 10.0
147.0 87.0 20.0 10.0
87.0 120.0 20.0 10.0
82.0 78.0 20.0 10.0
134.0 83.0 20.0 10.0
111.0 109.0 20.0 10.0
58.0 80.0 20.0 10.0
171.0 179.0 20.0 10.0
124.0 123.0 20.0 10.0
109.0 185.0 20.0 10.0
138.0 134.0 20.0 10.0
142.0 139.0 20.0 10.0
138.0 111.0 20.0 10.0
131.0 161.0 20.0 10.0
112.0 96.0 20.0 10.0
107.0 142.0 20.0 10.0
99.0 85.0 20.0 10.0
123.0 107.0 20.0 10.0
100.0 72.0 20.0 10.0
111.0 68.0 20.0 10.0
147.0 77.0 20.0 10.0
78.0 113.0 20.0 10.0
156.0 68.0 20.0 10.0
146.0 41.0 20.0 10.0
76.0 125.0 20.0 10.0
115.0 146.0 20.0 10.0
136.0 121.0 20.0 10.0
87.0 168.0 20.0 10.0
151.0 158.0 20.0 10.0
59.0 147.0 20.0 10.0
139.0 161.0 20.0 10.0
102.0 75.0 20.0 10.0
125.0 108.0 20.0 10.0
87.0 69.0 20.0 10.0
134.0 132.0 20.0 10.0
95.0 135.0 20.0 10.0
146.0 130.0 20.0 10.0
97.0 73.0 20.0 10.0
121.0 116.0 20.0 10.0
118.0 148.0 20.0 10.0
170.0 125.0 20.0 10.0
76.0 90.0 20.0 10.0
100.0 126.0 20.0 10.0
143.0 95.0 20.0 10.0
95.0 160.0 20.0 10.0
142.0 106.0 20.0 10.0
132.0 96.0 20.0 10.0
123.0 153.0 20.0 10.0
132.0 108.0 20.0 10.0
167.0 114.0 20.0 10.0
118.0 89.0 20.0 10.0
124.0 87.0 20.0 10.0
111.0 136.0 20.0 10.0
125.0 118.0 20.0 10.0
89.0 83.0 20.0 10.0
140.0 90.0 20.0 10.0
131.0 74.0 20.0 10.0
114.0 117.0 20.0 10.0
115.0999984741211 118.0 20.0 10.0
34.0 136.0 20.0 10.0
54.0 116.0 20.0 10.0
153.0 128.0 20.0 10.0
62.0 125.0 20.0 10.0
80.0 144.0 20.0 10.0
99.0 83.0 20.0 10.0
127.0 95.0 20.0 10.0
146.0 95.0 20.0 10.0
64.0 173.0 20.0 10.0
105.0 82.0 20.0 10.0
174.0 112.0 20.0 10.0
82.0 104.0 20.0 10.0
123.0 127.0 20.0 10.0
87.0 109.0 20.0 10.0
131.0 91.0 20.0 10.0
88.0 150.0 20.0 10.0
127.0 106.0 20.0 10.0
118.0 135.0 20.0 10.0
109.0 84.0 20.0 10.0
67.0 156.0 20.0 10.0
92.0 149.0 20.0 10.0
122.0 100.0 20.0 10.0
92.0 156.0 20.0 10.0
155.0 104.0 20.0 10.0
124.0 166.0 20.0 10.0
97.0 149.0 20.0 10.0
61.0 99.0 20.0 10.0
108.0 114.0 20.0 10.0
57.0 69.0 20.0 10.0
123.0 124.0 20.0 10.0
89.0 86.0 20.0 10.0
146.0 151.0 20.0 10.0
85.0 155.0 20.0 10.0
132.0 135.0 20.0 10.0
100.0 124.0 20.0 10.0
117.0 130.0 20.0 10.0
150.0 145.0 20.0 10.0
153.0 110.0 20.0 10.0
131.0 120.0 20.0 10.0
118.0 95.0 20.0 10.0
138.0 144.0 20.0 10.0
123.0 143.0 20.0 10.0
114.0 81.0 20.0 10.0
80.0 86.0 20.0 10.0
87.0 86.0 20.0 10.0
161.0 87.0 20.0 10.0
136.0 82.0 20.0 10.0
116.0 90.0 20.0 10.0
92.0 131.0 20.0 10.0
159.0 104.0 20.0 10.0
87.0 79.0 20.0 10.0
98.0 131.0 20.0 10.0
101.0 68.0 20.0 10.0
184.0 81.0 20.0 10.0
116.0 157.0 20.0 10.0
155.0 85.0 20.0 10.0
147.0 68.0 20.0 10.0
99.0 152.0 20.0 10.0
107.0 138.0 20.0 10.0
118.0 134.0 20.0 10.0
99.0 155.0 20.0 10.0
96.0 123.0 20.0 10.0
157.0 112.0 20.0 10.0
150.0 156.0 20.0 10.0
89.0 119.0 20.0 10.0
89.0 100.0 20.0 10.0
71.0 144.0 20.0 10.0
85.0 104.0 20.0 10.0
122.0 79.0 20.0 10.0
143.0 178.0 20.0 10.0
131.0 124.0 20.0 10.0
112.0 61.0 20.0 10.0
122.0 112.0 20.0 10.0
138.0 69.0 20.0 10.0
79.0 116.0 20.0 10.0
125.0 176.0 20.0 10.0
162.0 143.0 20.0 10.0
121.0 80.0 20.0 10.0
170.0 109.0 20.0 10.0
130.0 151.0 20.0 10.0
137.0 85.0 20.0 10.0
126.0 67.0 20.0 10.0
91.0 135.0 20.0 10.0
73.0 141.0 20.0 10.0
118.0 70.0 20.0 10.0
172.0 134.0 20.0 10.0
135.0 101.0 20.0 10.0
109.0 128.0 20.0 10.0
96.0 120.0 20.0 10.0
156.0 109.0 20.0 10.0
125.0 144.0 20.0 10.0
79.0 157.0 20.0 10.0
158.0 110.0 20.0 10.0
82.0 68.0 20.0 10.0
170.0 73.0 20.0 10.0
44.0 108.0 20.0 10.0
108.0 50.0 20.0 10.0
61.0 137.0 20.0 10.0
91.0 149.0 20.0 10.0
119.0 145.0 20.0 10.0
80.0 110.0 20.0 10.0
104.0 102.0 20.0 10.0
101.0 151.0 20.0 10.0
129.0 106.0 20.0 10.0
61.0 135.0 20.0 10.0
138.0 147.0 20.0 10.0
138.0 166.0 20.0 10.0
142.0 135.0 20.0 10.0
121.0 141.0 20.0 10.0
