1000
5433.0 1768.0 20.0 10.0
1801.0 123.0 20.0 10.0
4712.0 1939.0 20.0 10.0
2683.0 1228.0 20.0 10.0
4671.0 1841.0 20.0 10.0
4971.0 2052.0 20.0 10.0
4469.0 1640.0 20.0 10.0
6602.0 1794.0 20.0 10.0
2675.0 1232.0 20.0 10.0
7069.0 1932.0 20.0 10.0
6139.0 1711.0 20.0 10.0
6424.0 1594.0 20.0 10.0
6414.0 1613.0 20.0 10.0
6412.0 1627.0 20.0 10.0
6410.0 1640.0 20.0 10.0
3852.0 1496.0 20.0 10.0
6801.0 1839.0 20.0 10.0
2816.0 1170.0 20.0 10.0
7099.0 1930.0 20.0 10.0
4481.0 1614.0 20.0 10.0
463.0 2481.0 20.0 10.0
5900.0 1729.0 20.0 10.0
5891.0 1731.0 20.0 10.0
6330.0 1691.0 20.0 10.0
799.0 170.0 20.0 10.0
3462.0 1408.0 20.0 10.0
3448.0 1382.0 20.0 10.0
5310.0 1876.0 20.0 10.0
2148.0 1062.0 20.0 10.0
533.0 2390.0 20.0 10.0
5400.0 1922.0 20.0 10.0
5383.0 1913.0 20.0 10.0
5365.0 1933.0 20.0 10.0
1785.0 797.0 20.0 10.0
4839.0 1993.0 20.0 10.0
4814.0 2007.0 20.0 10.0
4848.0 2555.0 20.0 10.0
448.0 2293.0 20.0 10.0
1816.0 627.0 20.0 10.0
5085.0 2846.0 20.0 10.0
560.0 2317.0 20.0 10.0
432.0 2387.0 20.0 10.0
7092.0 1930.0 20.0 10.0
6402.0 1729.0 20.0 10.0
7111.0 1941.0 20.0 10.0
6518.0 1578.0 20.0 10.0
4871.0 2630.0 20.0 10.0
996.0 141.0 20.0 10.0
2846.0 1180.0 20.0 10.0
715.0 2217.0 20.0 10.0
6150.0 1736.0 20.0 10.0
925.0 238.0 20.0 10.0
1243.0 1753.0 20.0 10.0
1227.0 1771.0 20.0 10.0
1108.0 1772.0 20.0 10.0
967.0 1993.0 20.0 10.0
930.0 70.0 20.0 10.0
2085.0 1002.0 20.0 10.0
457.0 2268.0 20.0 10.0
718.0 2149.0 20.0 10.0
153.0 2875.0 20.0 10.0
243.0 3166.0 20.0 10.0
6913.0 1881.0 20.0 10.0
393.0 3195.0 20.0 10.0
5004.0 2642.0 20.0 10.0
5081.0 2725.0 20.0 10.0
6488.0 1640.0 20.0 10.0
6481.0 1648.0 20.0 10.0
6459.0 1649.0 20.0 10.0
6464.0 1668.0 20.0 10.0
505.0 2434.0 20.0 10.0
517.0 2413.0 20.0 10.0
1154.0 388.0 20.0 10.0
6519.0 1797.0 20.0 10.0
354.0 2434.0 20.0 10.0
1549.0 649.0 20.0 10.0
3280.0 1336.0 20.0 10.0
1083.0 231.0 20.0 10.0
1629.0 608.0 20.0 10.0
4469.0 1618.0 20.0 10.0
4807.0 2091.0 20.0 10.0
893.0 2027.0 20.0 10.0
6577.0 1601.0 20.0 10.0
983.0 247.0 20.0 10.0
2467.0 1198.0 20.0 10.0
436.0 3079.0 20.0 10.0
3657.0 1453.0 20.0 10.0
5556.0 1756.0 20.0 10.0
408.0 2438.0 20.0 10.0
5262.0 1835.0 20.0 10.0
5275.0 1852.0 20.0 10.0
5246.0 1854.0 20.0 10.0
1370.0 457.0 20.0 10.0
25.0 3188.0 20.0 10.0
1781.0 747.0 20.0 10.0
4874.0 2555.0 20.0 10.0
1079.0 1765.0 20.0 10.0
3876.0 1445.0 20.0 10.0
3856.0 1462.0 20.0 10.0
5453.0 1994.0 20.0 10.0
2750.0 816.0 20.0 10.0
971.0 113.0 20.0 10.0
370.0 3179.0 20.0 10.0
403.0 3202.0 20.0 10.0
4971.0 2492.0 20.0 10.0
5134.0 1807.0 20.0 10.0
4888.0 2501.0 20.0 10.0
4903.0 2475.0 20.0 10.0
2737.0 919.0 20.0 10.0
95.0 2837.0 20.0 10.0
1033.0 176.0 20.0 10.0
571.0 2407.0 20.0 10.0
572.0 2397.0 20.0 10.0
6668.0 1803.0 20.0 10.0
2703.0 884.0 20.0 10.0
1091.0 414.0 20.0 10.0
4721.0 1732.0 20.0 10.0
49.0 3170.0 20.0 10.0
4696.0 1983.0 20.0 10.0
381.0 3062.0 20.0 10.0
6746.0 1848.0 20.0 10.0
1708.0 260.0 20.0 10.0
2722.0 1036.0 20.0 10.0
5504.0 1765.0 20.0 10.0
4881.0 2443.0 20.0 10.0
2791.0 725.0 20.0 10.0
883.0 181.0 20.0 10.0
361.0 2594.0 20.0 10.0
1085.0 250.0 20.0 10.0
1059.0 1802.0 20.0 10.0
4872.0 2023.0 20.0 10.0
1608.0 1424.0 20.0 10.0
1320.0 495.0 20.0 10.0
2715.0 743.0 20.0 10.0
1803.0 244.0 20.0 10.0
944.0 67.0 20.0 10.0
951.0 87.0 20.0 10.0
971.0 235.0 20.0 10.0
6306.0 1710.0 20.0 10.0
6290.0 1729.0 20.0 10.0
6260.0 1746.0 20.0 10.0
7061.0 1906.0 20.0 10.0
7040.0 1914.0 20.0 10.0
1489.0 536.0 20.0 10.0
1794.0 261.0 20.0 10.0
4447.0 1635.0 20.0 10.0
5048.0 2139.0 20.0 10.0
51.0 3195.0 20.0 10.0
510.0 3291.0 20.0 10.0
177.0 3114.0 20.0 10.0
1785.0 69.0 20.0 10.0
1777.0 92.0 20.0 10.0
4918.0 2065.0 20.0 10.0
6321.0 1696.0 20.0 10.0
134.0 2919.0 20.0 10.0
5055.0 2792.0 20.0 10.0
251.0 2701.0 20.0 10.0
4880.0 2607.0 20.0 10.0
4876.0 2583.0 20.0 10.0
218.0 2495.0 20.0 10.0
4847.0 2029.0 20.0 10.0
5004.0 2104.0 20.0 10.0
2768.0 830.0 20.0 10.0
2844.0 1132.0 20.0 10.0
163.0 2852.0 20.0 10.0
1074.0 1786.0 20.0 10.0
1093.0 1790.0 20.0 10.0
2113.0 1018.0 20.0 10.0
471.0 3263.0 20.0 10.0
1808.0 672.0 20.0 10.0
1830.0 678.0 20.0 10.0
1847.0 732.0 20.0 10.0
404.0 3103.0 20.0 10.0
5405.0 1896.0 20.0 10.0
4897.0 1757.0 20.0 10.0
3686.0 1451.0 20.0 10.0
4366.0 1663.0 20.0 10.0
4938.0 2078.0 20.0 10.0
6622.0 1534.0 20.0 10.0
6435.0 1712.0 20.0 10.0
3892.0 1430.0 20.0 10.0
988.0 132.0 20.0 10.0
1328.0 458.0 20.0 10.0
5532.0 1731.0 20.0 10.0
4983.0 2114.0 20.0 10.0
2103.0 1117.0 20.0 10.0
4502.0 1632.0 20.0 10.0
809.0 176.0 20.0 10.0
828.0 168.0 20.0 10.0
858.0 183.0 20.0 10.0
6845.0 1851.0 20.0 10.0
6597.0 1605.0 20.0 10.0
1062.0 407.0 20.0 10.0
1079.0 409.0 20.0 10.0
120.0 2526.0 20.0 10.0
5020.0 2648.0 20.0 10.0
3884.0 1464.0 20.0 10.0
1783.0 340.0 20.0 10.0
1784.0 383.0 20.0 10.0
3397.0 1395.0 20.0 10.0
5115.0 2908.0 20.0 10.0
4850.0 2584.0 20.0 10.0
178.0 2829.0 20.0 10.0
5104.0 2891.0 20.0 10.0
2795.0 1058.0 20.0 10.0
2816.0 1094.0 20.0 10.0
5013.0 2641.0 20.0 10.0
106.0 3202.0 20.0 10.0
875.0 25.0 20.0 10.0
5292.0 1777.0 20.0 10.0
1001.0 144.0 20.0 10.0
3655.0 1513.0 20.0 10.0
3635.0 1498.0 20.0 10.0
3613.0 1483.0 20.0 10.0
1285.0 392.0 20.0 10.0
1019.0 149.0 20.0 10.0
1029.0 167.0 20.0 10.0
1046.0 193.0 20.0 10.0
6530.0 1603.0 20.0 10.0
6551.0 1605.0 20.0 10.0
1464.0 1536.0 20.0 10.0
1460.0 538.0 20.0 10.0
1109.0 419.0 20.0 10.0
2762.0 753.0 20.0 10.0
2451.0 1182.0 20.0 10.0
2435.0 1164.0 20.0 10.0
5633.0 1707.0 20.0 10.0
5646.0 1729.0 20.0 10.0
620.0 3080.0 20.0 10.0
3539.0 1419.0 20.0 10.0
1355.0 534.0 20.0 10.0
917.0 64.0 20.0 10.0
3796.0 1506.0 20.0 10.0
4755.0 1727.0 20.0 10.0
1921.0 1198.0 20.0 10.0
5622.0 1773.0 20.0 10.0
2763.0 937.0 20.0 10.0
6202.0 1722.0 20.0 10.0
377.0 2459.0 20.0 10.0
6565.0 1602.0 20.0 10.0
229.0 3052.0 20.0 10.0
747.0 105.0 20.0 10.0
764.0 114.0 20.0 10.0
1770.0 152.0 20.0 10.0
1771.0 174.0 20.0 10.0
1771.0 197.0 20.0 10.0
1774.0 229.0 20.0 10.0
1032.0 1939.0 20.0 10.0
1097.0 1884.0 20.0 10.0
2534.0 1130.0 20.0 10.0
912.0 58.0 20.0 10.0
935.0 82.0 20.0 10.0
134.0 2522.0 20.0 10.0
151.0 2517.0 20.0 10.0
171.0 2510.0 20.0 10.0
323.0 2647.0 20.0 10.0
4914.0 2416.0 20.0 10.0
2729.0 1002.0 20.0 10.0
1726.0 228.0 20.0 10.0
4536.0 1710.0 20.0 10.0
4585.0 1753.0 20.0 10.0
365.0 2589.0 20.0 10.0
2705.0 986.0 20.0 10.0
1685.0 1399.0 20.0 10.0
1752.0 1350.0 20.0 10.0
2726.0 748.0 20.0 10.0
4882.0 2577.0 20.0 10.0
2665.0 1191.0 20.0 10.0
3931.0 1427.0 20.0 10.0
58.0 3132.0 20.0 10.0
5444.0 2008.0 20.0 10.0
2586.0 1142.0 20.0 10.0
530.0 2306.0 20.0 10.0
185.0 2502.0 20.0 10.0
2159.0 1052.0 20.0 10.0
2178.0 1077.0 20.0 10.0
1770.0 132.0 20.0 10.0
1131.0 1779.0 20.0 10.0
1145.0 1801.0 20.0 10.0
6606.0 1552.0 20.0 10.0
4919.0 2504.0 20.0 10.0
4900.0 2521.0 20.0 10.0
1317.0 420.0 20.0 10.0
6598.0 1568.0 20.0 10.0
6577.0 1561.0 20.0 10.0
3491.0 1377.0 20.0 10.0
6859.0 1855.0 20.0 10.0
5221.0 1783.0 20.0 10.0
1822.0 616.0 20.0 10.0
4830.0 2486.0 20.0 10.0
1647.0 623.0 20.0 10.0
1654.0 648.0 20.0 10.0
1179.0 432.0 20.0 10.0
4377.0 1655.0 20.0 10.0
6528.0 1620.0 20.0 10.0
1707.0 1374.0 20.0 10.0
1696.0 1391.0 20.0 10.0
293.0 2657.0 20.0 10.0
1807.0 575.0 20.0 10.0
5050.0 2710.0 20.0 10.0
5044.0 2700.0 20.0 10.0
4991.0 2059.0 20.0 10.0
1620.0 601.0 20.0 10.0
1832.0 550.0 20.0 10.0
1815.0 562.0 20.0 10.0
3591.0 1469.0 20.0 10.0
3583.0 1441.0 20.0 10.0
5332.0 1882.0 20.0 10.0
1581.0 608.0 20.0 10.0
1750.0 716.0 20.0 10.0
461.0 2483.0 20.0 10.0
5783.0 1742.0 20.0 10.0
5778.0 1757.0 20.0 10.0
1809.0 752.0 20.0 10.0
985.0 126.0 20.0 10.0
5413.0 1958.0 20.0 10.0
3832.0 1479.0 20.0 10.0
137.0 2803.0 20.0 10.0
172.0 2773.0 20.0 10.0
4692.0 1962.0 20.0 10.0
4723.0 1964.0 20.0 10.0
473.0 2271.0 20.0 10.0
5511.0 2017.0 20.0 10.0
2690.0 1181.0 20.0 10.0
4888.0 2574.0 20.0 10.0
6164.0 1721.0 20.0 10.0
903.0 2049.0 20.0 10.0
4139.0 1655.0 20.0 10.0
25.0 2942.0 20.0 10.0
39.0 2923.0 20.0 10.0
5438.0 1995.0 20.0 10.0
4990.0 2123.0 20.0 10.0
4944.0 2051.0 20.0 10.0
6419.0 1662.0 20.0 10.0
215.0 3261.0 20.0 10.0
824.0 190.0 20.0 10.0
6042.0 1720.0 20.0 10.0
6292.0 1760.0 20.0 10.0
336.0 3154.0 20.0 10.0
2573.0 1172.0 20.0 10.0
375.0 3091.0 20.0 10.0
449.0 2265.0 20.0 10.0
6130.0 1751.0 20.0 10.0
400.0 3131.0 20.0 10.0
370.0 3124.0 20.0 10.0
6377.0 1800.0 20.0 10.0
204.0 3120.0 20.0 10.0
252.0 3090.0 20.0 10.0
6504.0 1641.0 20.0 10.0
6477.0 1663.0 20.0 10.0
6448.0 1688.0 20.0 10.0
195.0 3141.0 20.0 10.0
1728.0 242.0 20.0 10.0
5030.0 2704.0 20.0 10.0
4884.0 2048.0 20.0 10.0
1065.0 262.0 20.0 10.0
1949.0 1219.0 20.0 10.0
1934.0 1201.0 20.0 10.0
3086.0 1313.0 20.0 10.0
464.0 3056.0 20.0 10.0
1332.0 485.0 20.0 10.0
6565.0 1774.0 20.0 10.0
368.0 2450.0 20.0 10.0
4123.0 1574.0 20.0 10.0
650.0 3204.0 20.0 10.0
2761.0 779.0 20.0 10.0
4097.0 1580.0 20.0 10.0
4072.0 1593.0 20.0 10.0
4678.0 1981.0 20.0 10.0
384.0 2576.0 20.0 10.0
393.0 2563.0 20.0 10.0
5026.0 2681.0 20.0 10.0
493.0 3004.0 20.0 10.0
7055.0 1945.0 20.0 10.0
2521.0 1156.0 20.0 10.0
87.0 2842.0 20.0 10.0
2707.0 772.0 20.0 10.0
5446.0 1977.0 20.0 10.0
598.0 3190.0 20.0 10.0
948.0 236.0 20.0 10.0
1849.0 501.0 20.0 10.0
6222.0 1744.0 20.0 10.0
181.0 2755.0 20.0 10.0
1887.0 1193.0 20.0 10.0
110.0 3170.0 20.0 10.0
1769.0 808.0 20.0 10.0
3773.0 1488.0 20.0 10.0
3889.0 1522.0 20.0 10.0
4004.0 1556.0 20.0 10.0
5685.0 1727.0 20.0 10.0
1029.0 273.0 20.0 10.0
1038.0 270.0 20.0 10.0
6182.0 1744.0 20.0 10.0
52.0 2905.0 20.0 10.0
4177.0 1710.0 20.0 10.0
4173.0 1700.0 20.0 10.0
6323.0 1771.0 20.0 10.0
197.0 2520.0 20.0 10.0
198.0 2501.0 20.0 10.0
616.0 2350.0 20.0 10.0
6120.0 1724.0 20.0 10.0
2705.0 756.0 20.0 10.0
7165.0 1960.0 20.0 10.0
2145.0 1076.0 20.0 10.0
7009.0 1899.0 20.0 10.0
473.0 2292.0 20.0 10.0
503.0 2294.0 20.0 10.0
1764.0 339.0 20.0 10.0
1115.0 270.0 20.0 10.0
1166.0 305.0 20.0 10.0
3246.0 1362.0 20.0 10.0
3451.0 1357.0 20.0 10.0
1350.0 452.0 20.0 10.0
2761.0 705.0 20.0 10.0
4928.0 2411.0 20.0 10.0
6236.0 1718.0 20.0 10.0
6412.0 1604.0 20.0 10.0
183.0 3274.0 20.0 10.0
2738.0 830.0 20.0 10.0
6353.0 1705.0 20.0 10.0
6323.0 1718.0 20.0 10.0
5846.0 1730.0 20.0 10.0
482.0 2450.0 20.0 10.0
143.0 2819.0 20.0 10.0
5391.0 1894.0 20.0 10.0
1175.0 405.0 20.0 10.0
1197.0 388.0 20.0 10.0
4189.0 1586.0 20.0 10.0
4908.0 2446.0 20.0 10.0
5710.0 1759.0 20.0 10.0
185.0 2810.0 20.0 10.0
5085.0 2678.0 20.0 10.0
5066.0 2669.0 20.0 10.0
1359.0 477.0 20.0 10.0
1750.0 285.0 20.0 10.0
1766.0 311.0 20.0 10.0
4739.0 1931.0 20.0 10.0
798.0 140.0 20.0 10.0
4915.0 2014.0 20.0 10.0
4891.0 2004.0 20.0 10.0
1795.0 474.0 20.0 10.0
5060.0 2686.0 20.0 10.0
5039.0 2678.0 20.0 10.0
1058.0 393.0 20.0 10.0
1772.0 588.0 20.0 10.0
1794.0 608.0 20.0 10.0
239.0 3250.0 20.0 10.0
250.0 3226.0 20.0 10.0
241.0 3196.0 20.0 10.0
1636.0 645.0 20.0 10.0
1693.0 682.0 20.0 10.0
6412.0 1713.0 20.0 10.0
6377.0 1743.0 20.0 10.0
6510.0 1834.0 20.0 10.0
1527.0 571.0 20.0 10.0
1163.0 1828.0 20.0 10.0
4810.0 1745.0 20.0 10.0
867.0 159.0 20.0 10.0
5424.0 1988.0 20.0 10.0
4896.0 2028.0 20.0 10.0
1797.0 256.0 20.0 10.0
1776.0 265.0 20.0 10.0
1783.0 302.0 20.0 10.0
300.0 2470.0 20.0 10.0
785.0 127.0 20.0 10.0
798.0 155.0 20.0 10.0
1397.0 1591.0 20.0 10.0
112.0 2513.0 20.0 10.0
4702.0 1957.0 20.0 10.0
1730.0 788.0 20.0 10.0
1756.0 797.0 20.0 10.0
4166.0 1687.0 20.0 10.0
1711.0 237.0 20.0 10.0
5503.0 1970.0 20.0 10.0
4123.0 1639.0 20.0 10.0
1689.0 218.0 20.0 10.0
1800.0 524.0 20.0 10.0
1709.0 232.0 20.0 10.0
5067.0 2792.0 20.0 10.0
1078.0 216.0 20.0 10.0
4713.0 2003.0 20.0 10.0
6385.0 1707.0 20.0 10.0
5981.0 1749.0 20.0 10.0
5914.0 1752.0 20.0 10.0
108.0 2824.0 20.0 10.0
118.0 2820.0 20.0 10.0
1552.0 641.0 20.0 10.0
6524.0 1557.0 20.0 10.0
4887.0 2621.0 20.0 10.0
4835.0 2618.0 20.0 10.0
4860.0 2607.0 20.0 10.0
6543.0 1574.0 20.0 10.0
4937.0 2456.0 20.0 10.0
630.0 3178.0 20.0 10.0
700.0 2165.0 20.0 10.0
584.0 2373.0 20.0 10.0
967.0 210.0 20.0 10.0
1585.0 1432.0 20.0 10.0
2860.0 1152.0 20.0 10.0
2736.0 946.0 20.0 10.0
48.0 3141.0 20.0 10.0
77.0 3154.0 20.0 10.0
1826.0 590.0 20.0 10.0
1790.0 145.0 20.0 10.0
7144.0 1949.0 20.0 10.0
5081.0 2831.0 20.0 10.0
5071.0 2804.0 20.0 10.0
5061.0 2774.0 20.0 10.0
5096.0 2867.0 20.0 10.0
5090.0 2855.0 20.0 10.0
235.0 2487.0 20.0 10.0
245.0 2487.0 20.0 10.0
272.0 2479.0 20.0 10.0
1150.0 414.0 20.0 10.0
935.0 236.0 20.0 10.0
143.0 2896.0 20.0 10.0
608.0 2349.0 20.0 10.0
592.0 2360.0 20.0 10.0
1699.0 218.0 20.0 10.0
4476.0 1626.0 20.0 10.0
383.0 2435.0 20.0 10.0
734.0 2170.0 20.0 10.0
2759.0 955.0 20.0 10.0
2766.0 988.0 20.0 10.0
3941.0 1416.0 20.0 10.0
6972.0 1888.0 20.0 10.0
6931.0 1875.0 20.0 10.0
473.0 3029.0 20.0 10.0
1061.0 385.0 20.0 10.0
1080.0 402.0 20.0 10.0
1099.0 410.0 20.0 10.0
1552.0 1499.0 20.0 10.0
4118.0 1611.0 20.0 10.0
7082.0 1899.0 20.0 10.0
3440.0 1404.0 20.0 10.0
4157.0 1592.0 20.0 10.0
4117.0 1588.0 20.0 10.0
7044.0 1941.0 20.0 10.0
966.0 105.0 20.0 10.0
1820.0 1301.0 20.0 10.0
1889.0 1253.0 20.0 10.0
5150.0 1771.0 20.0 10.0
3470.0 1370.0 20.0 10.0
1759.0 814.0 20.0 10.0
1770.0 359.0 20.0 10.0
2789.0 751.0 20.0 10.0
5846.0 1755.0 20.0 10.0
1782.0 165.0 20.0 10.0
1792.0 190.0 20.0 10.0
1005.0 96.0 20.0 10.0
1003.0 120.0 20.0 10.0
334.0 2632.0 20.0 10.0
345.0 2618.0 20.0 10.0
6735.0 1841.0 20.0 10.0
6720.0 1840.0 20.0 10.0
3920.0 1537.0 20.0 10.0
6405.0 1799.0 20.0 10.0
6382.0 1791.0 20.0 10.0
4468.0 1697.0 20.0 10.0
1899.0 1192.0 20.0 10.0
7082.0 1914.0 20.0 10.0
5363.0 1773.0 20.0 10.0
2910.0 1208.0 20.0 10.0
4091.0 1607.0 20.0 10.0
764.0 2185.0 20.0 10.0
959.0 102.0 20.0 10.0
5882.0 1734.0 20.0 10.0
4629.0 1721.0 20.0 10.0
4631.0 1797.0 20.0 10.0
1056.0 1796.0 20.0 10.0
4770.0 2034.0 20.0 10.0
1106.0 366.0 20.0 10.0
1220.0 337.0 20.0 10.0
436.0 2249.0 20.0 10.0
2874.0 1171.0 20.0 10.0
1944.0 1184.0 20.0 10.0
1958.0 1205.0 20.0 10.0
378.0 2488.0 20.0 10.0
366.0 2465.0 20.0 10.0
5472.0 1975.0 20.0 10.0
6413.0 1721.0 20.0 10.0
4749.0 1952.0 20.0 10.0
1778.0 561.0 20.0 10.0
4888.0 2550.0 20.0 10.0
4968.0 2101.0 20.0 10.0
5017.0 2665.0 20.0 10.0
5007.0 2622.0 20.0 10.0
2390.0 1119.0 20.0 10.0
3136.0 1316.0 20.0 10.0
5054.0 2779.0 20.0 10.0
5052.0 2762.0 20.0 10.0
2720.0 1192.0 20.0 10.0
4441.0 1642.0 20.0 10.0
4416.0 1652.0 20.0 10.0
2050.0 959.0 20.0 10.0
1323.0 468.0 20.0 10.0
1328.0 438.0 20.0 10.0
1817.0 791.0 20.0 10.0
1064.0 435.0 20.0 10.0
5553.0 1746.0 20.0 10.0
5574.0 1763.0 20.0 10.0
1154.0 438.0 20.0 10.0
1248.0 414.0 20.0 10.0
893.0 40.0 20.0 10.0
467.0 2273.0 20.0 10.0
250.0 3118.0 20.0 10.0
4993.0 2581.0 20.0 10.0
3567.0 1419.0 20.0 10.0
3185.0 1314.0 20.0 10.0
3303.0 1348.0 20.0 10.0
4107.0 1623.0 20.0 10.0
2780.0 764.0 20.0 10.0
407.0 2295.0 20.0 10.0
337.0 2423.0 20.0 10.0
6703.0 1802.0 20.0 10.0
6691.0 1805.0 20.0 10.0
1422.0 495.0 20.0 10.0
94.0 3143.0 20.0 10.0
5080.0 2865.0 20.0 10.0
570.0 2322.0 20.0 10.0
350.0 2456.0 20.0 10.0
5031.0 2100.0 20.0 10.0
5439.0 1952.0 20.0 10.0
7080.0 1909.0 20.0 10.0
1014.0 159.0 20.0 10.0
1099.0 1855.0 20.0 10.0
654.0 2274.0 20.0 10.0
4800.0 1968.0 20.0 10.0
2751.0 734.0 20.0 10.0
1052.0 188.0 20.0 10.0
1039.0 399.0 20.0 10.0
172.0 2526.0 20.0 10.0
1046.0 1797.0 20.0 10.0
6889.0 1891.0 20.0 10.0
6889.0 1863.0 20.0 10.0
4701.0 1855.0 20.0 10.0
4706.0 1864.0 20.0 10.0
4712.0 1874.0 20.0 10.0
725.0 141.0 20.0 10.0
744.0 149.0 20.0 10.0
860.0 199.0 20.0 10.0
362.0 3164.0 20.0 10.0
867.0 2032.0 20.0 10.0
5002.0 2062.0 20.0 10.0
4640.0 1992.0 20.0 10.0
5869.0 1735.0 20.0 10.0
4226.0 1620.0 20.0 10.0
1073.0 194.0 20.0 10.0
4857.0 2635.0 20.0 10.0
631.0 3144.0 20.0 10.0
751.0 2150.0 20.0 10.0
777.0 2161.0 20.0 10.0
840.0 2104.0 20.0 10.0
5052.0 2753.0 20.0 10.0
6434.0 1810.0 20.0 10.0
5208.0 1800.0 20.0 10.0
5225.0 1820.0 20.0 10.0
1578.0 675.0 20.0 10.0
6492.0 1770.0 20.0 10.0
6434.0 1757.0 20.0 10.0
2747.0 1024.0 20.0 10.0
2432.0 1135.0 20.0 10.0
147.0 2887.0 20.0 10.0
463.0 2324.0 20.0 10.0
486.0 2331.0 20.0 10.0
504.0 2311.0 20.0 10.0
4632.0 2011.0 20.0 10.0
177.0 2502.0 20.0 10.0
1759.0 432.0 20.0 10.0
6581.0 1534.0 20.0 10.0
1780.0 449.0 20.0 10.0
1421.0 1605.0 20.0 10.0
118.0 2539.0 20.0 10.0
6352.0 1781.0 20.0 10.0
519.0 2992.0 20.0 10.0
509.0 3018.0 20.0 10.0
7120.0 1937.0 20.0 10.0
153.0 3171.0 20.0 10.0
6570.0 1589.0 20.0 10.0
2729.0 774.0 20.0 10.0
1759.0 365.0 20.0 10.0
776.0 163.0 20.0 10.0
6351.0 1723.0 20.0 10.0
844.0 197.0 20.0 10.0
5647.0 1684.0 20.0 10.0
5638.0 1698.0 20.0 10.0
1144.0 358.0 20.0 10.0
1146.0 367.0 20.0 10.0
1869.0 787.0 20.0 10.0
5377.0 1947.0 20.0 10.0
410.0 2537.0 20.0 10.0
432.0 2507.0 20.0 10.0
105.0 2530.0 20.0 10.0
402.0 2414.0 20.0 10.0
330.0 2461.0 20.0 10.0
4153.0 1671.0 20.0 10.0
4864.0 2283.0 20.0 10.0
4848.0 2237.0 20.0 10.0
6429.0 1687.0 20.0 10.0
6311.0 1744.0 20.0 10.0
2696.0 1026.0 20.0 10.0
5076.0 2815.0 20.0 10.0
124.0 2914.0 20.0 10.0
1052.0 222.0 20.0 10.0
4982.0 2089.0 20.0 10.0
866.0 204.0 20.0 10.0
6115.0 1744.0 20.0 10.0
2775.0 1022.0 20.0 10.0
5290.0 1886.0 20.0 10.0
928.0 218.0 20.0 10.0
71.0 2857.0 20.0 10.0
4833.0 1969.0 20.0 10.0
2755.0 919.0 20.0 10.0
1642.0 671.0 20.0 10.0
5473.0 1962.0 20.0 10.0
1061.0 202.0 20.0 10.0
5537.0 2020.0 20.0 10.0
452.0 3237.0 20.0 10.0
1058.0 196.0 20.0 10.0
6653.0 1805.0 20.0 10.0
1306.0 535.0 20.0 10.0
4497.0 1694.0 20.0 10.0
4975.0 2539.0 20.0 10.0
5045.0 2740.0 20.0 10.0
854.0 203.0 20.0 10.0
156.0 2491.0 20.0 10.0
1723.0 205.0 20.0 10.0
5510.0 2003.0 20.0 10.0
5484.0 2013.0 20.0 10.0
4738.0 1923.0 20.0 10.0
592.0 2329.0 20.0 10.0
2804.0 733.0 20.0 10.0
1214.0 415.0 20.0 10.0
1220.0 387.0 20.0 10.0
1065.0 445.0 20.0 10.0
473.0 2482.0 20.0 10.0
424.0 2385.0 20.0 10.0
4836.0 2478.0 20.0 10.0
4844.0 2470.0 20.0 10.0
4858.0 2454.0 20.0 10.0
2765.0 792.0 20.0 10.0
377.0 2587.0 20.0 10.0
486.0 2282.0 20.0 10.0
6373.0 1804.0 20.0 10.0
1486.0 1551.0 20.0 10.0
6712.0 1799.0 20.0 10.0
2719.0 719.0 20.0 10.0
396.0 2558.0 20.0 10.0
631.0 2259.0 20.0 10.0
4718.0 1992.0 20.0 10.0
2845.0 1167.0 20.0 10.0
162.0 2800.0 20.0 10.0
6547.0 1783.0 20.0 10.0
694.0 3201.0 20.0 10.0
1292.0 1715.0 20.0 10.0
1356.0 1659.0 20.0 10.0
288.0 3159.0 20.0 10.0
569.0 3203.0 20.0 10.0
424.0 2431.0 20.0 10.0
99.0 2858.0 20.0 10.0
118.0 2836.0 20.0 10.0
1115.0 1799.0 20.0 10.0
449.0 2464.0 20.0 10.0
436.0 2448.0 20.0 10.0
5063.0 2711.0 20.0 10.0
3806.0 1492.0 20.0 10.0
5642.0 1762.0 20.0 10.0
7087.0 1927.0 20.0 10.0
6247.0 1744.0 20.0 10.0
6146.0 1701.0 20.0 10.0
190.0 2783.0 20.0 10.0
210.0 2744.0 20.0 10.0
2546.0 1155.0 20.0 10.0
6718.0 1831.0 20.0 10.0
4913.0 2043.0 20.0 10.0
1331.0 540.0 20.0 10.0
1345.0 537.0 20.0 10.0
1333.0 516.0 20.0 10.0
2722.0 732.0 20.0 10.0
3269.0 1368.0 20.0 10.0
5447.0 1954.0 20.0 10.0
5055.0 2151.0 20.0 10.0
219.0 3008.0 20.0 10.0
5482.0 1994.0 20.0 10.0
1242.0 385.0 20.0 10.0
1265.0 382.0 20.0 10.0
76.0 3179.0 20.0 10.0
1246.0 451.0 20.0 10.0
2254.0 1083.0 20.0 10.0
2284.0 1098.0 20.0 10.0
2575.0 1159.0 20.0 10.0
2607.0 1166.0 20.0 10.0
28.0 3131.0 20.0 10.0
1079.0 423.0 20.0 10.0
392.0 3067.0 20.0 10.0
4898.0 2371.0 20.0 10.0
1464.0 502.0 20.0 10.0
1476.0 515.0 20.0 10.0
586.0 2407.0 20.0 10.0
581.0 2394.0 20.0 10.0
2497.0 1142.0 20.0 10.0
4872.0 2372.0 20.0 10.0
6696.0 1848.0 20.0 10.0
6678.0 1843.0 20.0 10.0
84.0 3222.0 20.0 10.0
1836.0 536.0 20.0 10.0
511.0 3253.0 20.0 10.0
428.0 2303.0 20.0 10.0
240.0 3084.0 20.0 10.0
5487.0 1965.0 20.0 10.0
5013.0 2089.0 20.0 10.0
491.0 3247.0 20.0 10.0
466.0 3234.0 20.0 10.0
4630.0 1995.0 20.0 10.0
6600.0 1555.0 20.0 10.0
3915.0 1411.0 20.0 10.0
3904.0 1422.0 20.0 10.0
1085.0 1815.0 20.0 10.0
2755.0 857.0 20.0 10.0
2753.0 887.0 20.0 10.0
202.0 3285.0 20.0 10.0
5182.0 1840.0 20.0 10.0
5199.0 1822.0 20.0 10.0
5149.0 1792.0 20.0 10.0
1823.0 647.0 20.0 10.0
6498.0 1814.0 20.0 10.0
767.0 158.0 20.0 10.0
65.0 2888.0 20.0 10.0
77.0 2872.0 20.0 10.0
6947.0 1885.0 20.0 10.0
2752.0 727.0 20.0 10.0
6447.0 1712.0 20.0 10.0
1128.0 388.0 20.0 10.0
5153.0 1779.0 20.0 10.0
1101.0 1837.0 20.0 10.0
4727.0 1903.0 20.0 10.0
1724.0 215.0 20.0 10.0
1781.0 361.0 20.0 10.0
2029.0 1159.0 20.0 10.0
6048.0 1746.0 20.0 10.0
2949.0 1246.0 20.0 10.0
3067.0 1280.0 20.0 10.0
1618.0 1448.0 20.0 10.0
3423.0 1359.0 20.0 10.0
1757.0 789.0 20.0 10.0
1089.0 1842.0 20.0 10.0
253.0 3157.0 20.0 10.0
5468.0 2033.0 20.0 10.0
4956.0 2498.0 20.0 10.0
5369.0 1888.0 20.0 10.0
225.0 3141.0 20.0 10.0
1809.0 787.0 20.0 10.0
6365.0 1792.0 20.0 10.0
993.0 249.0 20.0 10.0
4983.0 1769.0 20.0 10.0
1630.0 1453.0 20.0 10.0
5047.0 2111.0 20.0 10.0
1063.0 220.0 20.0 10.0
1050.0 245.0 20.0 10.0
4725.0 1891.0 20.0 10.0
4708.0 1889.0 20.0 10.0
4745.0 1936.0 20.0 10.0
4777.0 1987.0 20.0 10.0
4775.0 1960.0 20.0 10.0
1837.0 778.0 20.0 10.0
2662.0 1215.0 20.0 10.0
444.0 3253.0 20.0 10.0
625.0 3111.0 20.0 10.0
181.0 3024.0 20.0 10.0
5648.0 1744.0 20.0 10.0
1769.0 104.0 20.0 10.0
1770.0 114.0 20.0 10.0
2501.0 1148.0 20.0 10.0
1046.0 454.0 20.0 10.0
2729.0 872.0 20.0 10.0
4880.0 2327.0 20.0 10.0
2765.0 924.0 20.0 10.0
1130.0 367.0 20.0 10.0
1734.0 263.0 20.0 10.0
3144.0 1293.0 20.0 10.0
3162.0 1309.0 20.0 10.0
1155.0 449.0 20.0 10.0
3287.0 1314.0 20.0 10.0
165.0 2503.0 20.0 10.0
6813.0 1840.0 20.0 10.0
4834.0 2189.0 20.0 10.0
4820.0 2141.0 20.0 10.0
3123.0 1291.0 20.0 10.0
6513.0 1758.0 20.0 10.0
4849.0 2504.0 20.0 10.0
1569.0 695.0 20.0 10.0
1553.0 672.0 20.0 10.0
337.0 2609.0 20.0 10.0
5346.0 1913.0 20.0 10.0
5319.0 1899.0 20.0 10.0
2717.0 708.0 20.0 10.0
1375.0 467.0 20.0 10.0
1010.0 134.0 20.0 10.0
491.0 2407.0 20.0 10.0
1835.0 566.0 20.0 10.0
4115.0 1564.0 20.0 10.0
90.0 3196.0 20.0 10.0
419.0 2308.0 20.0 10.0
4882.0 2600.0 20.0 10.0
572.0 2348.0 20.0 10.0
1010.0 1921.0 20.0 10.0
4906.0 2528.0 20.0 10.0
890.0 204.0 20.0 10.0
416.0 2407.0 20.0 10.0
1831.0 575.0 20.0 10.0
4856.0 2322.0 20.0 10.0
4872.0 2530.0 20.0 10.0
6764.0 1858.0 20.0 10.0
1776.0 403.0 20.0 10.0
1791.0 428.0 20.0 10.0
4793.0 2040.0 20.0 10.0
2835.0 1219.0 20.0 10.0
649.0 3170.0 20.0 10.0
5044.0 2801.0 20.0 10.0
209.0 3033.0 20.0 10.0
272.0 2684.0 20.0 10.0
4657.0 1979.0 20.0 10.0
5416.0 1973.0 20.0 10.0
199.0 3253.0 20.0 10.0
223.0 3229.0 20.0 10.0
175.0 2819.0 20.0 10.0
1474.0 534.0 20.0 10.0
5454.0 2019.0 20.0 10.0
365.0 2439.0 20.0 10.0
6478.0 1818.0 20.0 10.0
1812.0 226.0 20.0 10.0
488.0 3034.0 20.0 10.0
1167.0 1800.0 20.0 10.0
1122.0 416.0 20.0 10.0
4848.0 2561.0 20.0 10.0
454.0 2468.0 20.0 10.0
7136.0 1944.0 20.0 10.0
495.0 3277.0 20.0 10.0
5694.0 1725.0 20.0 10.0
1215.0 343.0 20.0 10.0
3290.0 1371.0 20.0 10.0
450.0 2424.0 20.0 10.0
1072.0 173.0 20.0 10.0
6705.0 1816.0 20.0 10.0
6755.0 1827.0 20.0 10.0
1017.0 249.0 20.0 10.0
4644.0 1997.0 20.0 10.0
4653.0 1988.0 20.0 10.0
4672.0 1972.0 20.0 10.0
5097.0 2875.0 20.0 10.0
6582.0 1584.0 20.0 10.0
5332.0 1918.0 20.0 10.0
1132.0 423.0 20.0 10.0
1928.0 844.0 20.0 10.0
1988.0 901.0 20.0 10.0
2741.0 799.0 20.0 10.0
3421.0 1384.0 20.0 10.0
1545.0 691.0 20.0 10.0
6948.0 1878.0 20.0 10.0
6670.0 1822.0 20.0 10.0
5067.0 1781.0 20.0 10.0
198.0 3169.0 20.0 10.0
4948.0 2083.0 20.0 10.0
5676.0 1729.0 20.0 10.0
5665.0 1732.0 20.0 10.0
4834.0 2579.0 20.0 10.0
433.0 3223.0 20.0 10.0
5624.0 1744.0 20.0 10.0
1565.0 652.0 20.0 10.0
1564.0 624.0 20.0 10.0
3110.0 1321.0 20.0 10.0
383.0 2561.0 20.0 10.0
663.0 3191.0 20.0 10.0
1092.0 364.0 20.0 10.0
1096.0 389.0 20.0 10.0
86.0 2830.0 20.0 10.0
106.0 2825.0 20.0 10.0
2572.0 1148.0 20.0 10.0
5344.0 1882.0 20.0 10.0
6908.0 1868.0 20.0 10.0
1229.0 434.0 20.0 10.0
6919.0 1867.0 20.0 10.0
4873.0 2513.0 20.0 10.0
4784.0 2086.0 20.0 10.0
2775.0 770.0 20.0 10.0
1065.0 1836.0 20.0 10.0
6462.0 1814.0 20.0 10.0
6445.0 1810.0 20.0 10.0
6426.0 1804.0 20.0 10.0
4333.0 1651.0 20.0 10.0
4436.0 1682.0 20.0 10.0
6593.0 1581.0 20.0 10.0
1844.0 511.0 20.0 10.0
1840.0 523.0 20.0 10.0
6986.0 1892.0 20.0 10.0
1064.0 175.0 20.0 10.0
4040.0 1577.0 20.0 10.0
2438.0 1146.0 20.0 10.0
2463.0 1137.0 20.0 10.0
4262.0 1631.0 20.0 10.0
