1000
621.0 771.0 20.0 10.0
637.0 776.0 20.0 10.0
4026.0 2471.0 20.0 10.0
4045.0 2452.0 20.0 10.0
4546.0 2321.0 20.0 10.0
4777.0 2017.0 20.0 10.0
7397.0 452.0 20.0 10.0
5006.0 1838.0 20.0 10.0
5011.0 1858.0 20.0 10.0
5037.0 1862.0 20.0 10.0
4507.0 2916.0 20.0 10.0
587.0 439.0 20.0 10.0
587.0 449.0 20.0 10.0
594.0 476.0 20.0 10.0
5997.0 2276.0 20.0 10.0
245.0 463.0 20.0 10.0
197.0 104.0 20.0 10.0
5940.0 2093.0 20.0 10.0
7420.0 549.0 20.0 10.0
7413.0 554.0 20.0 10.0
7394.0 563.0 20.0 10.0
6718.0 1006.0 20.0 10.0
578.0 804.0 20.0 10.0
6423.0 1188.0 20.0 10.0
6243.0 1235.0 20.0 10.0
7485.0 398.0 20.0 10.0
7321.0 599.0 20.0 10.0
7310.0 575.0 20.0 10.0
306.0 204.0 20.0 10.0
2948.0 1987.0 20.0 10.0
2963.0 1983.0 20.0 10.0
2985.0 1991.0 20.0 10.0
2766.0 2040.0 20.0 10.0
4613.0 2280.0 20.0 10.0
4631.0 2258.0 20.0 10.0
4682.0 2233.0 20.0 10.0
4733.0 2208.0 20.0 10.0
4517.0 3056.0 20.0 10.0
1450.0 1114.0 20.0 10.0
1436.0 1091.0 20.0 10.0
2250.0 1581.0 20.0 10.0
2274.0 1566.0 20.0 10.0
2720.0 1699.0 20.0 10.0
4532.0 2559.0 20.0 10.0
5992.0 1456.0 20.0 10.0
7528.0 397.0 20.0 10.0
7520.0 403.0 20.0 10.0
6684.0 1020.0 20.0 10.0
6661.0 1033.0 20.0 10.0
2314.0 1542.0 20.0 10.0
7532.0 365.0 20.0 10.0
4610.0 2778.0 20.0 10.0
7046.0 759.0 20.0 10.0
746.0 577.0 20.0 10.0
5090.0 2028.0 20.0 10.0
5132.0 2002.0 20.0 10.0
2188.0 1611.0 20.0 10.0
5858.0 2113.0 20.0 10.0
685.0 773.0 20.0 10.0
1384.0 1074.0 20.0 10.0
1377.0 1099.0 20.0 10.0
6082.0 2218.0 20.0 10.0
6062.0 2238.0 20.0 10.0
6047.0 2232.0 20.0 10.0
6016.0 2209.0 20.0 10.0
5980.0 2190.0 20.0 10.0
5941.0 2174.0 20.0 10.0
5903.0 2142.0 20.0 10.0
829.0 630.0 20.0 10.0
4000.0 2506.0 20.0 10.0
232.0 224.0 20.0 10.0
6727.0 711.0 20.0 10.0
4597.0 2150.0 20.0 10.0
4612.0 2203.0 20.0 10.0
1472.0 1009.0 20.0 10.0
4238.0 2371.0 20.0 10.0
4245.0 2350.0 20.0 10.0
4255.0 2328.0 20.0 10.0
4117.0 2343.0 20.0 10.0
5661.0 1702.0 20.0 10.0
4510.0 2475.0 20.0 10.0
4534.0 2469.0 20.0 10.0
4553.0 2451.0 20.0 10.0
124.0 76.0 20.0 10.0
142.0 42.0 20.0 10.0
863.0 786.0 20.0 10.0
900.0 779.0 20.0 10.0
3306.0 1950.0 20.0 10.0
3283.0 1939.0 20.0 10.0
4428.0 2972.0 20.0 10.0
4452.0 2956.0 20.0 10.0
4479.0 2954.0 20.0 10.0
4479.0 2923.0 20.0 10.0
4482.0 2890.0 20.0 10.0
205.0 230.0 20.0 10.0
4372.0 2109.0 20.0 10.0
219.0 466.0 20.0 10.0
234.0 466.0 20.0 10.0
259.0 463.0 20.0 10.0
287.0 457.0 20.0 10.0
4870.0 2133.0 20.0 10.0
1358.0 1128.0 20.0 10.0
6315.0 1256.0 20.0 10.0
6728.0 627.0 20.0 10.0
6722.0 650.0 20.0 10.0
1396.0 1102.0 20.0 10.0
1413.0 1092.0 20.0 10.0
6247.0 1218.0 20.0 10.0
6258.0 1237.0 20.0 10.0
6263.0 1254.0 20.0 10.0
6681.0 977.0 20.0 10.0
6657.0 989.0 20.0 10.0
6644.0 1013.0 20.0 10.0
6197.0 1400.0 20.0 10.0
4141.0 2097.0 20.0 10.0
5850.0 2062.0 20.0 10.0
4537.0 2864.0 20.0 10.0
4546.0 2846.0 20.0 10.0
7466.0 419.0 20.0 10.0
7439.0 434.0 20.0 10.0
768.0 811.0 20.0 10.0
786.0 791.0 20.0 10.0
824.0 791.0 20.0 10.0
4490.0 2330.0 20.0 10.0
4516.0 2318.0 20.0 10.0
4486.0 2539.0 20.0 10.0
4088.0 2112.0 20.0 10.0
188.0 3165.0 20.0 10.0
5973.0 2226.0 20.0 10.0
5952.0 2208.0 20.0 10.0
4012.0 2490.0 20.0 10.0
1175.0 892.0 20.0 10.0
1149.0 896.0 20.0 10.0
5691.0 1941.0 20.0 10.0
5695.0 1916.0 20.0 10.0
5667.0 1919.0 20.0 10.0
662.0 855.0 20.0 10.0
674.0 845.0 20.0 10.0
695.0 839.0 20.0 10.0
2869.0 1975.0 20.0 10.0
4561.0 2251.0 20.0 10.0
4581.0 2233.0 20.0 10.0
4609.0 2236.0 20.0 10.0
3971.0 2545.0 20.0 10.0
4622.0 2209.0 20.0 10.0
4644.0 2220.0 20.0 10.0
5960.0 2194.0 20.0 10.0
2504.0 1636.0 20.0 10.0
2519.0 1638.0 20.0 10.0
2535.0 1615.0 20.0 10.0
2545.0 1634.0 20.0 10.0
658.0 784.0 20.0 10.0
7003.0 866.0 20.0 10.0
4639.0 2807.0 20.0 10.0
4613.0 2799.0 20.0 10.0
2681.0 2044.0 20.0 10.0
2700.0 2049.0 20.0 10.0
6144.0 2267.0 20.0 10.0
7603.0 326.0 20.0 10.0
4966.0 1995.0 20.0 10.0
4151.0 2336.0 20.0 10.0
746.0 762.0 20.0 10.0
2968.0 2102.0 20.0 10.0
142.0 57.0 20.0 10.0
4442.0 3066.0 20.0 10.0
1371.0 1111.0 20.0 10.0
1399.0 1116.0 20.0 10.0
6660.0 967.0 20.0 10.0
527.0 418.0 20.0 10.0
513.0 426.0 20.0 10.0
6966.0 874.0 20.0 10.0
6956.0 876.0 20.0 10.0
4169.0 2373.0 20.0 10.0
2804.0 2065.0 20.0 10.0
6715.0 692.0 20.0 10.0
4512.0 2931.0 20.0 10.0
2916.0 2025.0 20.0 10.0
2940.0 2030.0 20.0 10.0
2933.0 2005.0 20.0 10.0
300.0 129.0 20.0 10.0
292.0 151.0 20.0 10.0
292.0 163.0 20.0 10.0
5162.0 2019.0 20.0 10.0
4454.0 3025.0 20.0 10.0
1896.0 1331.0 20.0 10.0
7372.0 569.0 20.0 10.0
7343.0 573.0 20.0 10.0
7697.0 247.0 20.0 10.0
7660.0 274.0 20.0 10.0
211.0 3144.0 20.0 10.0
4435.0 2096.0 20.0 10.0
4448.0 2097.0 20.0 10.0
4464.0 2098.0 20.0 10.0
4483.0 2098.0 20.0 10.0
4514.0 2105.0 20.0 10.0
5097.0 1785.0 20.0 10.0
5999.0 2285.0 20.0 10.0
806.0 622.0 20.0 10.0
5687.0 1691.0 20.0 10.0
210.0 466.0 20.0 10.0
1164.0 859.0 20.0 10.0
6261.0 1372.0 20.0 10.0
6246.0 1385.0 20.0 10.0
4506.0 2883.0 20.0 10.0
4495.0 2858.0 20.0 10.0
2773.0 2057.0 20.0 10.0
217.0 3177.0 20.0 10.0
6813.0 787.0 20.0 10.0
509.0 818.0 20.0 10.0
220.0 223.0 20.0 10.0
360.0 471.0 20.0 10.0
5786.0 1620.0 20.0 10.0
5762.0 1623.0 20.0 10.0
5732.0 1636.0 20.0 10.0
4570.0 2797.0 20.0 10.0
6710.0 787.0 20.0 10.0
117.0 173.0 20.0 10.0
6902.0 892.0 20.0 10.0
637.0 456.0 20.0 10.0
4515.0 2562.0 20.0 10.0
4515.0 2539.0 20.0 10.0
1510.0 1050.0 20.0 10.0
4545.0 2607.0 20.0 10.0
4553.0 2549.0 20.0 10.0
4561.0 2492.0 20.0 10.0
7060.0 758.0 20.0 10.0
4855.0 2153.0 20.0 10.0
4837.0 2156.0 20.0 10.0
45.0 3141.0 20.0 10.0
5012.0 1785.0 20.0 10.0
5007.0 1804.0 20.0 10.0
221.0 240.0 20.0 10.0
7644.0 290.0 20.0 10.0
7620.0 304.0 20.0 10.0
7595.0 319.0 20.0 10.0
7577.0 334.0 20.0 10.0
4485.0 2474.0 20.0 10.0
1341.0 1134.0 20.0 10.0
3018.0 1924.0 20.0 10.0
6425.0 1382.0 20.0 10.0
6404.0 1375.0 20.0 10.0
6998.0 914.0 20.0 10.0
215.0 181.0 20.0 10.0
226.0 197.0 20.0 10.0
310.0 154.0 20.0 10.0
1550.0 1096.0 20.0 10.0
1615.0 1133.0 20.0 10.0
1682.0 1170.0 20.0 10.0
1352.0 1113.0 20.0 10.0
5105.0 1780.0 20.0 10.0
1697.0 1213.0 20.0 10.0
1722.0 1218.0 20.0 10.0
1748.0 1208.0 20.0 10.0
1816.0 1246.0 20.0 10.0
1884.0 1283.0 20.0 10.0
3506.0 2009.0 20.0 10.0
5139.0 1819.0 20.0 10.0
5121.0 1827.0 20.0 10.0
4511.0 2919.0 20.0 10.0
5705.0 1914.0 20.0 10.0
7301.0 530.0 20.0 10.0
4930.0 2094.0 20.0 10.0
6265.0 1296.0 20.0 10.0
576.0 461.0 20.0 10.0
569.0 469.0 20.0 10.0
627.0 511.0 20.0 10.0
1289.0 949.0 20.0 10.0
1353.0 986.0 20.0 10.0
4549.0 2855.0 20.0 10.0
5114.0 1849.0 20.0 10.0
5095.0 1840.0 20.0 10.0
3863.0 2066.0 20.0 10.0
5065.0 1930.0 20.0 10.0
5059.0 1974.0 20.0 10.0
1096.0 821.0 20.0 10.0
442.0 330.0 20.0 10.0
424.0 352.0 20.0 10.0
7024.0 871.0 20.0 10.0
4943.0 2001.0 20.0 10.0
4917.0 2001.0 20.0 10.0
4902.0 2135.0 20.0 10.0
6710.0 720.0 20.0 10.0
1097.0 838.0 20.0 10.0
1161.0 876.0 20.0 10.0
7342.0 584.0 20.0 10.0
675.0 798.0 20.0 10.0
2683.0 2064.0 20.0 10.0
7435.0 458.0 20.0 10.0
7414.0 458.0 20.0 10.0
7390.0 473.0 20.0 10.0
7340.0 512.0 20.0 10.0
739.0 846.0 20.0 10.0
748.0 829.0 20.0 10.0
6828.0 780.0 20.0 10.0
6818.0 786.0 20.0 10.0
6719.0 721.0 20.0 10.0
6711.0 732.0 20.0 10.0
6558.0 1112.0 20.0 10.0
6570.0 1090.0 20.0 10.0
4313.0 2221.0 20.0 10.0
6828.0 906.0 20.0 10.0
5171.0 1975.0 20.0 10.0
5208.0 1945.0 20.0 10.0
549.0 810.0 20.0 10.0
567.0 806.0 20.0 10.0
588.0 803.0 20.0 10.0
611.0 800.0 20.0 10.0
641.0 800.0 20.0 10.0
4022.0 2137.0 20.0 10.0
7507.0 409.0 20.0 10.0
4118.0 2369.0 20.0 10.0
6734.0 641.0 20.0 10.0
6723.0 664.0 20.0 10.0
7761.0 150.0 20.0 10.0
7754.0 168.0 20.0 10.0
7752.0 199.0 20.0 10.0
7232.0 593.0 20.0 10.0
7260.0 595.0 20.0 10.0
4238.0 2382.0 20.0 10.0
4461.0 2901.0 20.0 10.0
4463.0 3005.0 20.0 10.0
4471.0 2979.0 20.0 10.0
6733.0 661.0 20.0 10.0
6720.0 683.0 20.0 10.0
4922.0 2027.0 20.0 10.0
6021.0 2317.0 20.0 10.0
6007.0 2302.0 20.0 10.0
5025.0 1841.0 20.0 10.0
6933.0 887.0 20.0 10.0
6712.0 752.0 20.0 10.0
6708.0 780.0 20.0 10.0
6700.0 813.0 20.0 10.0
5923.0 2074.0 20.0 10.0
5894.0 2075.0 20.0 10.0
6685.0 914.0 20.0 10.0
1933.0 1302.0 20.0 10.0
5236.0 1940.0 20.0 10.0
684.0 551.0 20.0 10.0
741.0 592.0 20.0 10.0
799.0 633.0 20.0 10.0
858.0 674.0 20.0 10.0
916.0 716.0 20.0 10.0
5989.0 2081.0 20.0 10.0
1954.0 1321.0 20.0 10.0
2026.0 1359.0 20.0 10.0
2098.0 1397.0 20.0 10.0
2172.0 1435.0 20.0 10.0
2246.0 1474.0 20.0 10.0
2321.0 1514.0 20.0 10.0
4579.0 2769.0 20.0 10.0
4556.0 2774.0 20.0 10.0
4538.0 2754.0 20.0 10.0
5254.0 1927.0 20.0 10.0
4032.0 2136.0 20.0 10.0
4045.0 2134.0 20.0 10.0
4065.0 2125.0 20.0 10.0
5968.0 1501.0 20.0 10.0
5943.0 1512.0 20.0 10.0
4476.0 2356.0 20.0 10.0
4499.0 2359.0 20.0 10.0
4520.0 3038.0 20.0 10.0
4518.0 3016.0 20.0 10.0
4516.0 2992.0 20.0 10.0
4122.0 2117.0 20.0 10.0
4650.0 2072.0 20.0 10.0
4673.0 2064.0 20.0 10.0
6236.0 1313.0 20.0 10.0
6155.0 1371.0 20.0 10.0
4516.0 3066.0 20.0 10.0
4440.0 3077.0 20.0 10.0
4213.0 2300.0 20.0 10.0
4234.0 2281.0 20.0 10.0
2768.0 2025.0 20.0 10.0
393.0 285.0 20.0 10.0
401.0 297.0 20.0 10.0
397.0 318.0 20.0 10.0
420.0 331.0 20.0 10.0
467.0 378.0 20.0 10.0
4188.0 2301.0 20.0 10.0
6973.0 872.0 20.0 10.0
1419.0 1022.0 20.0 10.0
6200.0 1291.0 20.0 10.0
6225.0 1279.0 20.0 10.0
6250.0 1279.0 20.0 10.0
6739.0 1016.0 20.0 10.0
6719.0 1017.0 20.0 10.0
6700.0 1028.0 20.0 10.0
3071.0 1930.0 20.0 10.0
4021.0 2450.0 20.0 10.0
4032.0 2445.0 20.0 10.0
4044.0 2438.0 20.0 10.0
4063.0 2425.0 20.0 10.0
4088.0 2399.0 20.0 10.0
1379.0 1128.0 20.0 10.0
3984.0 2073.0 20.0 10.0
4078.0 2085.0 20.0 10.0
6683.0 1056.0 20.0 10.0
6675.0 1048.0 20.0 10.0
6541.0 1092.0 20.0 10.0
6467.0 1146.0 20.0 10.0
6392.0 1200.0 20.0 10.0
667.0 745.0 20.0 10.0
641.0 781.0 20.0 10.0
4025.0 2101.0 20.0 10.0
5530.0 1756.0 20.0 10.0
440.0 470.0 20.0 10.0
421.0 454.0 20.0 10.0
433.0 430.0 20.0 10.0
473.0 426.0 20.0 10.0
293.0 197.0 20.0 10.0
334.0 240.0 20.0 10.0
4523.0 2359.0 20.0 10.0
7269.0 631.0 20.0 10.0
7276.0 609.0 20.0 10.0
5865.0 2109.0 20.0 10.0
5824.0 2076.0 20.0 10.0
666.0 849.0 20.0 10.0
937.0 769.0 20.0 10.0
6354.0 1391.0 20.0 10.0
7792.0 180.0 20.0 10.0
7778.0 188.0 20.0 10.0
305.0 460.0 20.0 10.0
322.0 448.0 20.0 10.0
357.0 441.0 20.0 10.0
4479.0 2694.0 20.0 10.0
4497.0 2686.0 20.0 10.0
7275.0 581.0 20.0 10.0
25.0 3255.0 20.0 10.0
6079.0 2235.0 20.0 10.0
995.0 764.0 20.0 10.0
974.0 759.0 20.0 10.0
1035.0 798.0 20.0 10.0
1437.0 1063.0 20.0 10.0
6360.0 1427.0 20.0 10.0
4252.0 2243.0 20.0 10.0
4645.0 2941.0 20.0 10.0
5141.0 2021.0 20.0 10.0
5118.0 2024.0 20.0 10.0
2966.0 2112.0 20.0 10.0
7290.0 554.0 20.0 10.0
7240.0 598.0 20.0 10.0
7186.0 641.0 20.0 10.0
7130.0 684.0 20.0 10.0
7072.0 728.0 20.0 10.0
6102.0 2295.0 20.0 10.0
6145.0 2243.0 20.0 10.0
6204.0 1278.0 20.0 10.0
2986.0 2063.0 20.0 10.0
2992.0 2042.0 20.0 10.0
2996.0 2024.0 20.0 10.0
3004.0 2000.0 20.0 10.0
2999.0 1973.0 20.0 10.0
193.0 229.0 20.0 10.0
7494.0 417.0 20.0 10.0
614.0 451.0 20.0 10.0
598.0 452.0 20.0 10.0
4943.0 1984.0 20.0 10.0
4918.0 1991.0 20.0 10.0
2755.0 2195.0 20.0 10.0
6080.0 1443.0 20.0 10.0
6050.0 1449.0 20.0 10.0
5079.0 1824.0 20.0 10.0
6722.0 987.0 20.0 10.0
6688.0 995.0 20.0 10.0
5136.0 1806.0 20.0 10.0
5115.0 1820.0 20.0 10.0
4512.0 2527.0 20.0 10.0
4540.0 2518.0 20.0 10.0
6017.0 1508.0 20.0 10.0
5994.0 1512.0 20.0 10.0
5074.0 1894.0 20.0 10.0
95.0 162.0 20.0 10.0
4448.0 2922.0 20.0 10.0
4100.0 2353.0 20.0 10.0
4112.0 2346.0 20.0 10.0
2470.0 1595.0 20.0 10.0
2802.0 2124.0 20.0 10.0
103.0 173.0 20.0 10.0
121.0 180.0 20.0 10.0
137.0 185.0 20.0 10.0
4785.0 2184.0 20.0 10.0
4179.0 2341.0 20.0 10.0
4187.0 2357.0 20.0 10.0
4206.0 2329.0 20.0 10.0
7773.0 190.0 20.0 10.0
6169.0 2223.0 20.0 10.0
6145.0 2215.0 20.0 10.0
339.0 465.0 20.0 10.0
6719.0 673.0 20.0 10.0
272.0 176.0 20.0 10.0
6690.0 1063.0 20.0 10.0
2200.0 1609.0 20.0 10.0
2214.0 1602.0 20.0 10.0
2240.0 1603.0 20.0 10.0
120.0 3178.0 20.0 10.0
2288.0 1602.0 20.0 10.0
2286.0 1574.0 20.0 10.0
2300.0 1556.0 20.0 10.0
6954.0 815.0 20.0 10.0
5993.0 2296.0 20.0 10.0
5994.0 2281.0 20.0 10.0
5983.0 2262.0 20.0 10.0
5968.0 2236.0 20.0 10.0
4271.0 2304.0 20.0 10.0
4885.0 2136.0 20.0 10.0
5051.0 1905.0 20.0 10.0
4017.0 2479.0 20.0 10.0
1340.0 1123.0 20.0 10.0
728.0 870.0 20.0 10.0
733.0 858.0 20.0 10.0
6793.0 810.0 20.0 10.0
2776.0 1745.0 20.0 10.0
2853.0 1780.0 20.0 10.0
2932.0 1816.0 20.0 10.0
6774.0 828.0 20.0 10.0
4527.0 2742.0 20.0 10.0
4527.0 2717.0 20.0 10.0
4536.0 2663.0 20.0 10.0
2268.0 1586.0 20.0 10.0
6238.0 1240.0 20.0 10.0
5000.0 1830.0 20.0 10.0
1625.0 1177.0 20.0 10.0
1605.0 1163.0 20.0 10.0
1592.0 1146.0 20.0 10.0
2697.0 1709.0 20.0 10.0
7704.0 222.0 20.0 10.0
7015.0 771.0 20.0 10.0
2830.0 2129.0 20.0 10.0
2851.0 2114.0 20.0 10.0
2869.0 2091.0 20.0 10.0
6091.0 2293.0 20.0 10.0
6086.0 2283.0 20.0 10.0
6063.0 2262.0 20.0 10.0
4511.0 2765.0 20.0 10.0
2861.0 2101.0 20.0 10.0
7886.0 92.0 20.0 10.0
5980.0 1477.0 20.0 10.0
3991.0 2516.0 20.0 10.0
6199.0 1420.0 20.0 10.0
297.0 182.0 20.0 10.0
675.0 750.0 20.0 10.0
2974.0 2069.0 20.0 10.0
4182.0 2344.0 20.0 10.0
6798.0 711.0 20.0 10.0
6921.0 842.0 20.0 10.0
5841.0 2098.0 20.0 10.0
5793.0 1627.0 20.0 10.0
4992.0 1789.0 20.0 10.0
154.0 81.0 20.0 10.0
184.0 90.0 20.0 10.0
217.0 123.0 20.0 10.0
254.0 159.0 20.0 10.0
4518.0 3091.0 20.0 10.0
6708.0 794.0 20.0 10.0
6227.0 1400.0 20.0 10.0
271.0 169.0 20.0 10.0
2686.0 2024.0 20.0 10.0
2706.0 2034.0 20.0 10.0
839.0 772.0 20.0 10.0
4524.0 2688.0 20.0 10.0
4514.0 2494.0 20.0 10.0
2325.0 1566.0 20.0 10.0
2341.0 1545.0 20.0 10.0
2368.0 1546.0 20.0 10.0
2395.0 1555.0 20.0 10.0
2880.0 2062.0 20.0 10.0
7653.0 282.0 20.0 10.0
6799.0 772.0 20.0 10.0
6799.0 801.0 20.0 10.0
7528.0 377.0 20.0 10.0
2795.0 2020.0 20.0 10.0
1459.0 1099.0 20.0 10.0
1479.0 1085.0 20.0 10.0
6249.0 1207.0 20.0 10.0
7488.0 576.0 20.0 10.0
7468.0 568.0 20.0 10.0
7455.0 568.0 20.0 10.0
7442.0 567.0 20.0 10.0
7423.0 573.0 20.0 10.0
7400.0 583.0 20.0 10.0
5637.0 1921.0 20.0 10.0
5606.0 1923.0 20.0 10.0
6290.0 1410.0 20.0 10.0
328.0 464.0 20.0 10.0
1905.0 1363.0 20.0 10.0
1922.0 1367.0 20.0 10.0
1944.0 1373.0 20.0 10.0
1970.0 1378.0 20.0 10.0
4238.0 2274.0 20.0 10.0
6821.0 761.0 20.0 10.0
6989.0 869.0 20.0 10.0
3264.0 1934.0 20.0 10.0
3353.0 1955.0 20.0 10.0
3442.0 1975.0 20.0 10.0
3531.0 1994.0 20.0 10.0
6106.0 2302.0 20.0 10.0
4584.0 2868.0 20.0 10.0
4581.0 2858.0 20.0 10.0
4638.0 2241.0 20.0 10.0
4662.0 2230.0 20.0 10.0
6657.0 951.0 20.0 10.0
817.0 765.0 20.0 10.0
5866.0 2120.0 20.0 10.0
5777.0 2048.0 20.0 10.0
4589.0 2374.0 20.0 10.0
4607.0 2316.0 20.0 10.0
5979.0 2081.0 20.0 10.0
4582.0 2785.0 20.0 10.0
6150.0 2250.0 20.0 10.0
6122.0 2236.0 20.0 10.0
4521.0 2826.0 20.0 10.0
4573.0 2433.0 20.0 10.0
5097.0 1862.0 20.0 10.0
5259.0 1939.0 20.0 10.0
1974.0 1345.0 20.0 10.0
6254.0 1411.0 20.0 10.0
6212.0 1411.0 20.0 10.0
6169.0 1412.0 20.0 10.0
6121.0 1417.0 20.0 10.0
6073.0 1428.0 20.0 10.0
5268.0 1893.0 20.0 10.0
5285.0 1866.0 20.0 10.0
5169.0 1906.0 20.0 10.0
2745.0 2062.0 20.0 10.0
1225.0 912.0 20.0 10.0
4467.0 2122.0 20.0 10.0
6338.0 1414.0 20.0 10.0
6322.0 1399.0 20.0 10.0
565.0 486.0 20.0 10.0
2879.0 1978.0 20.0 10.0
2219.0 1593.0 20.0 10.0
1475.0 1017.0 20.0 10.0
25.0 3164.0 20.0 10.0
56.0 3171.0 20.0 10.0
60.0 3201.0 20.0 10.0
7872.0 106.0 20.0 10.0
7859.0 116.0 20.0 10.0
7844.0 128.0 20.0 10.0
4639.0 2945.0 20.0 10.0
4626.0 2925.0 20.0 10.0
4614.0 2907.0 20.0 10.0
4756.0 1984.0 20.0 10.0
4759.0 1992.0 20.0 10.0
4764.0 2000.0 20.0 10.0
5233.0 1950.0 20.0 10.0
599.0 502.0 20.0 10.0
2060.0 1433.0 20.0 10.0
139.0 190.0 20.0 10.0
149.0 192.0 20.0 10.0
161.0 197.0 20.0 10.0
780.0 764.0 20.0 10.0
2898.0 2030.0 20.0 10.0
2919.0 1996.0 20.0 10.0
6120.0 2252.0 20.0 10.0
6097.0 2247.0 20.0 10.0
7502.0 379.0 20.0 10.0
4538.0 2795.0 20.0 10.0
2716.0 2046.0 20.0 10.0
4111.0 2101.0 20.0 10.0
4140.0 2103.0 20.0 10.0
4174.0 2096.0 20.0 10.0
4273.0 2104.0 20.0 10.0
6356.0 1368.0 20.0 10.0
6343.0 1385.0 20.0 10.0
25.0 124.0 20.0 10.0
1898.0 1278.0 20.0 10.0
1909.0 1288.0 20.0 10.0
155.0 3171.0 20.0 10.0
4200.0 2320.0 20.0 10.0
4231.0 2301.0 20.0 10.0
4265.0 2272.0 20.0 10.0
6007.0 2319.0 20.0 10.0
319.0 463.0 20.0 10.0
175.0 224.0 20.0 10.0
5959.0 2080.0 20.0 10.0
4769.0 2009.0 20.0 10.0
4429.0 3010.0 20.0 10.0
4455.0 3001.0 20.0 10.0
1862.0 1303.0 20.0 10.0
1872.0 1307.0 20.0 10.0
1893.0 1314.0 20.0 10.0
1923.0 1311.0 20.0 10.0
2831.0 2143.0 20.0 10.0
6906.0 924.0 20.0 10.0
5975.0 2085.0 20.0 10.0
5963.0 2079.0 20.0 10.0
5086.0 1877.0 20.0 10.0
2728.0 2069.0 20.0 10.0
4495.0 2350.0 20.0 10.0
7333.0 582.0 20.0 10.0
6073.0 2274.0 20.0 10.0
3614.0 1999.0 20.0 10.0
4209.0 2347.0 20.0 10.0
4235.0 2349.0 20.0 10.0
5660.0 1908.0 20.0 10.0
201.0 462.0 20.0 10.0
214.0 463.0 20.0 10.0
5029.0 1886.0 20.0 10.0
3097.0 1880.0 20.0 10.0
4500.0 2730.0 20.0 10.0
6893.0 860.0 20.0 10.0
3010.0 1853.0 20.0 10.0
4549.0 2105.0 20.0 10.0
4589.0 2093.0 20.0 10.0
4808.0 2052.0 20.0 10.0
710.0 789.0 20.0 10.0
6054.0 1481.0 20.0 10.0
86.0 3182.0 20.0 10.0
166.0 48.0 20.0 10.0
166.0 69.0 20.0 10.0
4521.0 2100.0 20.0 10.0
4942.0 2047.0 20.0 10.0
710.0 911.0 20.0 10.0
719.0 893.0 20.0 10.0
4776.0 2132.0 20.0 10.0
4799.0 2144.0 20.0 10.0
4790.0 2166.0 20.0 10.0
4515.0 2979.0 20.0 10.0
4514.0 2966.0 20.0 10.0
4511.0 2937.0 20.0 10.0
4504.0 2897.0 20.0 10.0
248.0 209.0 20.0 10.0
257.0 236.0 20.0 10.0
3986.0 2526.0 20.0 10.0
7719.0 233.0 20.0 10.0
661.0 766.0 20.0 10.0
4494.0 2554.0 20.0 10.0
4611.0 2900.0 20.0 10.0
4598.0 2885.0 20.0 10.0
4591.0 2868.0 20.0 10.0
4578.0 2845.0 20.0 10.0
4566.0 2820.0 20.0 10.0
4549.0 2790.0 20.0 10.0
340.0 253.0 20.0 10.0
353.0 269.0 20.0 10.0
372.0 286.0 20.0 10.0
331.0 288.0 20.0 10.0
720.0 836.0 20.0 10.0
6396.0 1371.0 20.0 10.0
1477.0 1027.0 20.0 10.0
1485.0 1041.0 20.0 10.0
1484.0 1061.0 20.0 10.0
2184.0 1623.0 20.0 10.0
2209.0 1629.0 20.0 10.0
6693.0 846.0 20.0 10.0
6685.0 879.0 20.0 10.0
4445.0 3053.0 20.0 10.0
4452.0 3032.0 20.0 10.0
6926.0 906.0 20.0 10.0
6897.0 912.0 20.0 10.0
6868.0 903.0 20.0 10.0
4005.0 2497.0 20.0 10.0
6276.0 1294.0 20.0 10.0
2727.0 2082.0 20.0 10.0
5052.0 1945.0 20.0 10.0
4936.0 1982.0 20.0 10.0
4820.0 2019.0 20.0 10.0
4704.0 2056.0 20.0 10.0
6132.0 2218.0 20.0 10.0
6119.0 2221.0 20.0 10.0
6104.0 2223.0 20.0 10.0
6615.0 1038.0 20.0 10.0
4253.0 2249.0 20.0 10.0
4284.0 2237.0 20.0 10.0
4342.0 2206.0 20.0 10.0
4407.0 2161.0 20.0 10.0
4989.0 1870.0 20.0 10.0
2896.0 2011.0 20.0 10.0
5785.0 2010.0 20.0 10.0
5759.0 2023.0 20.0 10.0
5727.0 2018.0 20.0 10.0
5677.0 1988.0 20.0 10.0
5625.0 1955.0 20.0 10.0
5572.0 1922.0 20.0 10.0
5516.0 1888.0 20.0 10.0
6791.0 951.0 20.0 10.0
6760.0 951.0 20.0 10.0
3031.0 1906.0 20.0 10.0
3037.0 1916.0 20.0 10.0
4489.0 2101.0 20.0 10.0
2562.0 1622.0 20.0 10.0
6200.0 1257.0 20.0 10.0
6211.0 1261.0 20.0 10.0
6386.0 1434.0 20.0 10.0
6376.0 1409.0 20.0 10.0
6353.0 1420.0 20.0 10.0
2768.0 2175.0 20.0 10.0
2795.0 2182.0 20.0 10.0
2812.0 2166.0 20.0 10.0
2823.0 2151.0 20.0 10.0
293.0 252.0 20.0 10.0
333.0 269.0 20.0 10.0
2907.0 1980.0 20.0 10.0
2949.0 1965.0 20.0 10.0
2996.0 1945.0 20.0 10.0
3044.0 1922.0 20.0 10.0
5659.0 1684.0 20.0 10.0
5632.0 1699.0 20.0 10.0
5601.0 1712.0 20.0 10.0
5501.0 1769.0 20.0 10.0
3597.0 2067.0 20.0 10.0
6932.0 936.0 20.0 10.0
6917.0 914.0 20.0 10.0
6750.0 860.0 20.0 10.0
2749.0 2056.0 20.0 10.0
4474.0 2115.0 20.0 10.0
6745.0 618.0 20.0 10.0
7787.0 148.0 20.0 10.0
1995.0 1362.0 20.0 10.0
373.0 454.0 20.0 10.0
394.0 435.0 20.0 10.0
6708.0 835.0 20.0 10.0
6727.0 849.0 20.0 10.0
231.0 138.0 20.0 10.0
2044.0 1415.0 20.0 10.0
2054.0 1394.0 20.0 10.0
4288.0 2277.0 20.0 10.0
4304.0 2244.0 20.0 10.0
134.0 47.0 20.0 10.0
157.0 65.0 20.0 10.0
2710.0 1697.0 20.0 10.0
235.0 241.0 20.0 10.0
35.0 129.0 20.0 10.0
53.0 139.0 20.0 10.0
74.0 150.0 20.0 10.0
4891.0 2129.0 20.0 10.0
4944.0 2103.0 20.0 10.0
4995.0 2078.0 20.0 10.0
5044.0 2053.0 20.0 10.0
193.0 217.0 20.0 10.0
209.0 224.0 20.0 10.0
2621.0 1672.0 20.0 10.0
187.0 209.0 20.0 10.0
5488.0 1848.0 20.0 10.0
5459.0 1856.0 20.0 10.0
5400.0 1825.0 20.0 10.0
5984.0 1485.0 20.0 10.0
5985.0 2253.0 20.0 10.0
623.0 464.0 20.0 10.0
5861.0 2077.0 20.0 10.0
6386.0 1366.0 20.0 10.0
6376.0 1371.0 20.0 10.0
1174.0 919.0 20.0 10.0
722.0 882.0 20.0 10.0
626.0 890.0 20.0 10.0
641.0 873.0 20.0 10.0
651.0 864.0 20.0 10.0
5191.0 2023.0 20.0 10.0
2971.0 2090.0 20.0 10.0
2973.0 2076.0 20.0 10.0
2984.0 2050.0 20.0 10.0
1924.0 1330.0 20.0 10.0
5204.0 1992.0 20.0 10.0
5185.0 2007.0 20.0 10.0
5005.0 1811.0 20.0 10.0
5020.0 1824.0 20.0 10.0
3199.0 1923.0 20.0 10.0
3175.0 1913.0 20.0 10.0
6633.0 994.0 20.0 10.0
5921.0 1527.0 20.0 10.0
5891.0 1542.0 20.0 10.0
5796.0 1598.0 20.0 10.0
4912.0 2112.0 20.0 10.0
4966.0 2012.0 20.0 10.0
2719.0 2039.0 20.0 10.0
2740.0 2033.0 20.0 10.0
4530.0 2353.0 20.0 10.0
4548.0 2341.0 20.0 10.0
4575.0 2326.0 20.0 10.0
5030.0 1921.0 20.0 10.0
3268.0 1961.0 20.0 10.0
6787.0 733.0 20.0 10.0
6780.0 750.0 20.0 10.0
6774.0 765.0 20.0 10.0
6773.0 795.0 20.0 10.0
6159.0 2314.0 20.0 10.0
4791.0 2071.0 20.0 10.0
4135.0 2328.0 20.0 10.0
4162.0 2308.0 20.0 10.0
4193.0 2287.0 20.0 10.0
4231.0 2269.0 20.0 10.0
7827.0 142.0 20.0 10.0
7808.0 158.0 20.0 10.0
7784.0 172.0 20.0 10.0
7758.0 193.0 20.0 10.0
7731.0 219.0 20.0 10.0
5999.0 1460.0 20.0 10.0
6927.0 879.0 20.0 10.0
6713.0 697.0 20.0 10.0
4771.0 2040.0 20.0 10.0
4796.0 2028.0 20.0 10.0
4227.0 2392.0 20.0 10.0
6149.0 2334.0 20.0 10.0
6130.0 2319.0 20.0 10.0
6975.0 906.0 20.0 10.0
697.0 876.0 20.0 10.0
5238.0 1917.0 20.0 10.0
4030.0 2076.0 20.0 10.0
4046.0 2082.0 20.0 10.0
6952.0 860.0 20.0 10.0
6937.0 873.0 20.0 10.0
7455.0 531.0 20.0 10.0
7441.0 542.0 20.0 10.0
7428.0 547.0 20.0 10.0
4550.0 2819.0 20.0 10.0
60.0 154.0 20.0 10.0
82.0 164.0 20.0 10.0
4489.0 2776.0 20.0 10.0
6738.0 870.0 20.0 10.0
6718.0 888.0 20.0 10.0
2744.0 2055.0 20.0 10.0
4526.0 2558.0 20.0 10.0
4536.0 2538.0 20.0 10.0
519.0 816.0 20.0 10.0
533.0 813.0 20.0 10.0
7436.0 541.0 20.0 10.0
2786.0 2067.0 20.0 10.0
2785.0 2047.0 20.0 10.0
2807.0 2034.0 20.0 10.0
2829.0 2010.0 20.0 10.0
2867.0 1995.0 20.0 10.0
6406.0 1383.0 20.0 10.0
6700.0 676.0 20.0 10.0
4499.0 2812.0 20.0 10.0
5729.0 1649.0 20.0 10.0
5699.0 1655.0 20.0 10.0
385.0 476.0 20.0 10.0
5092.0 1803.0 20.0 10.0
5094.0 1819.0 20.0 10.0
4623.0 2843.0 20.0 10.0
4602.0 2827.0 20.0 10.0
4587.0 2809.0 20.0 10.0
2076.0 1382.0 20.0 10.0
3113.0 1899.0 20.0 10.0
3087.0 1891.0 20.0 10.0
6703.0 1072.0 20.0 10.0
231.0 106.0 20.0 10.0
236.0 116.0 20.0 10.0
244.0 130.0 20.0 10.0
253.0 146.0 20.0 10.0
6834.0 757.0 20.0 10.0
6819.0 775.0 20.0 10.0
765.0 783.0 20.0 10.0
106.0 25.0 20.0 10.0
129.0 42.0 20.0 10.0
3598.0 2059.0 20.0 10.0
3597.0 2050.0 20.0 10.0
3605.0 2029.0 20.0 10.0
3621.0 2011.0 20.0 10.0
183.0 468.0 20.0 10.0
195.0 467.0 20.0 10.0
3710.0 2028.0 20.0 10.0
3800.0 2044.0 20.0 10.0
3892.0 2059.0 20.0 10.0
6115.0 1451.0 20.0 10.0
6093.0 1468.0 20.0 10.0
6060.0 1468.0 20.0 10.0
6025.0 1472.0 20.0 10.0
4475.0 2864.0 20.0 10.0
6138.0 2334.0 20.0 10.0
6120.0 2317.0 20.0 10.0
6379.0 1383.0 20.0 10.0
6161.0 2344.0 20.0 10.0
4229.0 2362.0 20.0 10.0
6874.0 701.0 20.0 10.0
6860.0 722.0 20.0 10.0
6846.0 740.0 20.0 10.0
5249.0 1919.0 20.0 10.0
5224.0 1919.0 20.0 10.0
747.0 789.0 20.0 10.0
286.0 223.0 20.0 10.0
6637.0 1035.0 20.0 10.0
406.0 283.0 20.0 10.0
420.0 302.0 20.0 10.0
2875.0 2007.0 20.0 10.0
3842.0 2085.0 20.0 10.0
43.0 3229.0 20.0 10.0
309.0 282.0 20.0 10.0
7307.0 523.0 20.0 10.0
3996.0 2550.0 20.0 10.0
6257.0 1183.0 20.0 10.0
6250.0 1197.0 20.0 10.0
2853.0 2062.0 20.0 10.0
4547.0 2833.0 20.0 10.0
4600.0 2776.0 20.0 10.0
4882.0 2150.0 20.0 10.0
4870.0 2151.0 20.0 10.0
5645.0 1678.0 20.0 10.0
152.0 55.0 20.0 10.0
2179.0 1614.0 20.0 10.0
6036.0 1492.0 20.0 10.0
6951.0 899.0 20.0 10.0
5013.0 1809.0 20.0 10.0
4500.0 2708.0 20.0 10.0
4606.0 2271.0 20.0 10.0
7803.0 174.0 20.0 10.0
6247.0 1260.0 20.0 10.0
6272.0 1273.0 20.0 10.0
4709.0 2192.0 20.0 10.0
4734.0 2187.0 20.0 10.0
