1000
104.0 101.0 20.0 10.0
100.0 110.0 20.0 10.0
91.0 103.0 20.0 10.0
87.0 99.0 20.0 10.0
95.0 101.0 20.0 10.0
88.0 95.0 20.0 10.0
96.0 100.0 20.0 10.0
94.0 98.0 20.0 10.0
98.0 88.0 20.0 10.0
93.0 102.0 20.0 10.0
100.0 89.0 20.0 10.0
120.0 106.0 20.0 10.0
64.0 108.0 20.0 10.0
99.0 103.0 20.0 10.0
96.0 106.0 20.0 10.0
101.0 95.0 20.0 10.0
96.0 89.0 20.0 10.0
106.0 98.0 20.0 10.0
98.0 93.0 20.0 10.0
106.0 94.0 20.0 10.0
95.0 90.0 20.0 10.0
100.0 112.0 20.0 10.0
92.0 109.0 20.0 10.0
106.0 92.0 20.0 10.0
105.0 82.0 20.0 10.0
78.0 88.0 20.0 10.0
86.0 81.0 20.0 10.0
94.0 79.0 20.0 10.0
101.0 94.0 20.0 10.0
97.0 96.0 20.0 10.0
91.0 79.0 20.0 10.0
99.0 105.0 20.0 10.0
115.0 95.0 20.0 10.0
100.0 105.0 20.0 10.0
99.0 90.0 20.0 10.0
91.0 81.0 20.0 10.0
91.0 114.0 20.0 10.0
100.0 103.0 20.0 10.0
105.0 85.0 20.0 10.0
76.0 92.0 20.0 10.0
91.0 97.0 20.0 10.0
91.0 119.0 20.0 10.0
92.0 118.0 20.0 10.0
95.0 114.0 20.0 10.0
86.0 92.0 20.0 10.0
88.0 85.0 20.0 10.0
82.0 91.0 20.0 10.0
103.0 100.0 20.0 10.0
97.0 111.0 20.0 10.0
99.0 88.0 20.0 10.0
89.0 99.0 20.0 10.0
108.0 82.0 20.0 10.0
110.0 106.0 20.0 10.0
82.0 78.0 20.0 10.0
96.0 84.0 20.0 10.0
75.0 79.0 20.0 10.0
103.0 91.0 20.0 10.0
118.0 120.0 20.0 10.0
112.0 127.0 20.0 10.0
72.0 105.0 20.0 10.0
90.0 77.0 20.0 10.0
90.0 112.0 20.0 10.0
58.0 103.0 20.0 10.0
114.0 103.0 20.0 10.0
94.0 85.0 20.0 10.0
88.0 122.0 20.0 10.0
90.0 109.0 20.0 10.0
105.0 90.0 20.0 10.0
83.0 69.0 20.0 10.0
130.0 84.0 20.0 10.0
112.0 110.0 20.0 10.0
87.0 113.0 20.0 10.0
102.0 81.0 20.0 10.0
92.0 81.0 20.0 10.0
98.0 79.0 20.0 10.0
120.0 121.0 20.0 10.0
95.0 136.0 20.0 10.0
98.0 91.0 20.0 10.0
100.0 62.0 20.0 10.0
113.0 72.0 20.0 10.0
95.0 99.0 20.0 10.0
86.0 83.0 20.0 10.0
112.0 96.0 20.0 10.0
93.0 115.0 20.0 10.0
74.0 125.0 20.0 10.0
89.0 123.0 20.0 10.0
123.0 96.0 20.0 10.0
87.0 82.0 20.0 10.0
104.0 68.0 20.0 10.0
74.0 74.0 20.0 10.0
79.0 83.0 20.0 10.0
110.0 78.0 20.0 10.0
103.0 87.0 20.0 10.0
90.0 88.0 20.0 10.0
100.0 78.0 20.0 10.0
120.0 88.0 20.0 10.0
108.0 115.0 20.0 10.0
107.0 70.0 20.0 10.0
78.0 101.0 20.0 10.0
117.0 87.0 20.0 10.0
113.0 132.0 20.0 10.0
100.0 87.0 20.0 10.0
88.0 74.0 20.0 10.0
95.0 119.0 20.0 10.0
107.0 68.0 20.0 10.0
113.0 107.0 20.0 10.0
63.0 91.0 20.0 10.0
87.0 110.0 20.0 10.0
98.0 133.0 20.0 10.0
60.0 106.0 20.0 10.0
96.0 113.0 20.0 10.0
68.0 77.0 20.0 10.0
127.0 115.0 20.0 10.0
122.0 99.0 20.0 10.0
114.0 94.0 20.0 10.0
91.0 116.0 20.0 10.0
118.0 80.0 20.0 10.0
78.0 109.0 20.0 10.0
92.0 83.0 20.0 10.0
116.0 98.0 20.0 10.0
131.0 125.0 20.0 10.0
99.0 128.0 20.0 10.0
88.0 115.0 20.0 10.0
73.0 100.0 20.0 10.0
86.0 97.0 20.0 10.0
98.0 83.0 20.0 10.0
125.0 99.0 20.0 10.0
69.0 58.0 20.0 10.0
96.0 54.0 20.0 10.0
81.0 85.0 20.0 10.0
107.0 102.0 20.0 10.0
67.0 116.0 20.0 10.0
126.0 102.0 20.0 10.0
93.0 73.0 20.0 10.0
121.0 79.0 20.0 10.0
74.0 103.0 20.0 10.0
105.0 109.0 20.0 10.0
82.0 131.0 20.0 10.0
128.0 86.0 20.0 10.0
85.0 103.0 20.0 10.0
79.0 118.0 20.0 10.0
92.0 64.0 20.0 10.0
101.0 92.0 20.0 10.0
76.0 88.0 20.0 10.0
105.0 75.0 20.0 10.0
112.0 81.0 20.0 10.0
65.0 92.0 20.0 10.0
124.0 74.0 20.0 10.0
78.0 70.0 20.0 10.0
107.0 119.0 20.0 10.0
98.0 100.0 20.0 10.0
111.0 91.0 20.0 10.0
107.0 133.0 20.0 10.0
83.0 129.0 20.0 10.0
122.0 95.0 20.0 10.0
120.0 77.0 20.0 10.0
117.0 94.0 20.0 10.0
102.0 114.0 20.0 10.0
70.0 113.0 20.0 10.0
115.0 73.0 20.0 10.0
73.0 83.0 20.0 10.0
132.0 99.0 20.0 10.0
94.0 131.0 20.0 10.0
75.0 83.0 20.0 10.0
90.0 74.0 20.0 10.0
83.0 105.0 20.0 10.0
112.0 77.0 20.0 10.0
129.0 108.0 20.0 10.0
84.0 134.0 20.0 10.0
65.0 89.0 20.0 10.0
127.0 123.0 20.0 10.0
80.0 126.0 20.0 10.0
88.0 93.0 20.0 10.0
75.0 67.0 20.0 10.0
73.0 109.0 20.0 10.0
92.0 137.0 20.0 10.0
77.0 99.0 20.0 10.0
77.0 106.0 20.0 10.0
115.0 66.0 20.0 10.0
76.0 61.0 20.0 10.0
126.0 103.0 20.0 10.0
68.0 87.0 20.0 10.0
91.0 104.0 20.0 10.0
70.0 104.0 20.0 10.0
115.0 82.0 20.0 10.0
111.0 101.0 20.0 10.0
136.0 84.0 20.0 10.0
108.0 120.0 20.0 10.0
111.0 87.0 20.0 10.0
79.0 93.0 20.0 10.0
121.0 70.0 20.0 10.0
112.0 135.0 20.0 10.0
128.0 93.0 20.0 10.0
113.0 119.0 20.0 10.0
92.0 130.0 20.0 10.0
115.0 69.0 20.0 10.0
89.0 116.0 20.0 10.0
140.0 94.0 20.0 10.0
128.0 106.0 20.0 10.0
114.0 121.0 20.0 10.0
76.0 116.0 20.0 10.0
96.0 81.0 20.0 10.0
71.0 133.0 20.0 10.0
78.0 77.0 20.0 10.0
81.0 101.0 20.0 10.0
134.0 81.0 20.0 10.0
109.0 129.0 20.0 10.0
96.0 65.0 20.0 10.0
85.0 80.0 20.0 10.0
96.0 70.0 20.0 10.0
107.0 137.0 20.0 10.0
117.0 90.0 20.0 10.0
89.0 65.0 20.0 10.0
93.0 122.0 20.0 10.0
104.0 103.0 20.0 10.0
108.0 68.0 20.0 10.0
87.0 69.0 20.0 10.0
88.0 98.0 20.0 10.0
112.0 74.0 20.0 10.0
122.0 83.0 20.0 10.0
76.0 97.0 20.0 10.0
103.0 106.0 20.0 10.0
89.0 129.0 20.0 10.0
86.0 103.0 20.0 10.0
115.0 147.0 20.0 10.0
106.0 124.0 20.0 10.0
102.0 99.0 20.0 10.0
109.0 115.0 20.0 10.0
77.0 125.0 20.0 10.0
84.0 107.0 20.0 10.0
62.0 113.0 20.0 10.0
99.0 120.0 20.0 10.0
61.0 100.0 20.0 10.0
83.0 63.0 20.0 10.0
98.0 71.0 20.0 10.0
78.0 63.0 20.0 10.0
81.0 120.0 20.0 10.0
101.0 130.0 20.0 10.0
73.0 86.0 20.0 10.0
110.0 85.0 20.0 10.0
123.0 122.0 20.0 10.0
133.0 102.0 20.0 10.0
81.0 98.0 20.0 10.0
122.0 73.0 20.0 10.0
111.0 110.0 20.0 10.0
80.0 71.0 20.0 10.0
126.0 110.0 20.0 10.0
122.0 71.0 20.0 10.0
103.0 71.0 20.0 10.0
71.0 103.0 20.0 10.0
67.0 112.0 20.0 10.0
120.0 90.0 20.0 10.0
90.0 101.0 20.0 10.0
79.0 129.0 20.0 10.0
70.0 110.0 20.0 10.0
66.0 102.0 20.0 10.0
65.0 86.0 20.0 10.0
121.0 134.0 20.0 10.0
67.0 60.0 20.0 10.0
124.0 70.0 20.0 10.0
68.0 94.0 20.0 10.0
81.0 114.0 20.0 10.0
108.0 112.0 20.0 10.0
100.0 68.0 20.0 10.0
82.0 148.0 20.0 10.0
91.0 72.0 20.0 10.0
123.0 102.0 20.0 10.0
72.0 88.0 20.0 10.0
106.0 59.0 20.0 10.0
132.0 95.0 20.0 10.0
96.0 122.0 20.0 10.0
133.0 87.0 20.0 10.0
105.0 100.0 20.0 10.0
111.0 45.0 20.0 10.0
125.0 124.0 20.0 10.0
107.0 74.0 20.0 10.0
124.0 118.0 20.0 10.0
60.0 120.0 20.0 10.0
70.0 119.0 20.0 10.0
65.0 79.0 20.0 10.0
60.0 128.0 20.0 10.0
49.0 65.0 20.0 10.0
103.0 67.0 20.0 10.0
132.0 77.0 20.0 10.0
79.0 80.0 20.0 10.0
79.0 75.0 20.0 10.0
104.0 125.0 20.0 10.0
117.0 124.0 20.0 10.0
107.0 92.0 20.0 10.0
79.0 115.0 20.0 10.0
106.0 83.0 20.0 10.0
68.0 67.0 20.0 10.0
87.0 71.0 20.0 10.0
95.0 56.0 20.0 10.0
132.0 71.0 20.0 10.0
70.0 63.0 20.0 10.0
118.0 118.0 20.0 10.0
117.0 64.0 20.0 10.0
67.0 110.0 20.0 10.0
103.0 137.0 20.0 10.0
80.0 97.0 20.0 10.0
73.0 107.0 20.0 10.0
116.0 77.0 20.0 10.0
71.0 93.0 20.0 10.0
140.0 66.0 20.0 10.0
65.0 66.0 20.0 10.0
87.0 50.0 20.0 10.0
92.0 87.0 20.0 10.0
42.0 82.0 20.0 10.0
51.0 87.0 20.0 10.0
54.0 128.0 20.0 10.0
65.0 105.0 20.0 10.0
120.0 81.0 20.0 10.0
67.0 82.0 20.0 10.0
109.0 58.0 20.0 10.0
121.0 53.0 20.0 10.0
127.0 50.0 20.0 10.0
114.0 134.0 20.0 10.0
128.0 134.0 20.0 10.0
118.0 83.0 20.0 10.0
103.0 132.0 20.0 10.0
83.0 74.0 20.0 10.0
119.0 128.0 20.0 10.0
113.0 101.0 20.0 10.0
71.0 124.0 20.0 10.0
61.0 110.0 20.0 10.0
137.0 125.0 20.0 10.0
76.0 72.0 20.0 10.0
114.0 98.0 20.0 10.0
60.0 61.0 20.0 10.0
113.0 118.0 20.0 10.0
75.0 111.0 20.0 10.0
122.0 67.0 20.0 10.0
137.0 65.0 20.0 10.0
101.0 76.0 20.0 10.0
128.0 130.0 20.0 10.0
81.0 84.0 20.0 10.0
138.0 69.0 20.0 10.0
131.0 91.0 20.0 10.0
86.0 71.0 20.0 10.0
79.0 63.0 20.0 10.0
66.0 163.0 20.0 10.0
143.0 101.0 20.0 10.0
75.0 36.0 20.0 10.0
64.0 97.0 20.0 10.0
123.0 124.0 20.0 10.0
68.0 137.0 20.0 10.0
99.0 81.0 20.0 10.0
111.0 144.0 20.0 10.0
110.0 121.0 20.0 10.0
77.0 105.0 20.0 10.0
65.0 112.0 20.0 10.0
57.0 118.0 20.0 10.0
92.0 93.0 20.0 10.0
108.0 88.0 20.0 10.0
63.0 75.0 20.0 10.0
117.0 106.0 20.0 10.0
105.0 52.0 20.0 10.0
122.0 118.0 20.0 10.0
102.0 98.0 20.0 10.0
131.0 114.0 20.0 10.0
101.0 123.0 20.0 10.0
80.0 68.0 20.0 10.0
108.0 47.0 20.0 10.0
66.0 136.0 20.0 10.0
69.0 114.0 20.0 10.0
54.0 106.0 20.0 10.0
137.0 72.0 20.0 10.0
136.0 86.0 20.0 10.0
144.0 121.0 20.0 10.0
113.0 106.0 20.0 10.0
79.0 123.0 20.0 10.0
129.0 122.0 20.0 10.0
83.0 90.0 20.0 10.0
74.0 89.0 20.0 10.0
123.0 85.0 20.0 10.0
60.0 144.0 20.0 10.0
82.0 71.0 20.0 10.0
139.0 92.0 20.0 10.0
135.0 95.0 20.0 10.0
130.0 72.0 20.0 10.0
56.0 96.0 20.0 10.0
65.0 76.0 20.0 10.0
95.0 117.0 20.0 10.0
142.0 112.0 20.0 10.0
118.0 96.0 20.0 10.0
98.0 126.0 20.0 10.0
122.0 53.0 20.0 10.0
95.0 83.0 20.0 10.0
117.0 104.0 20.0 10.0
122.0 87.0 20.0 10.0
100.0 43.0 20.0 10.0
51.0 80.0 20.0 10.0
71.0 67.0 20.0 10.0
135.0 107.0 20.0 10.0
101.0 59.0 20.0 10.0
109.0 139.0 20.0 10.0
105.0 71.0 20.0 10.0
72.0 130.0 20.0 10.0
141.0 78.0 20.0 10.0
121.0 96.0 20.0 10.0
78.0 132.0 20.0 10.0
62.0 77.0 20.0 10.0
64.0 73.0 20.0 10.0
94.0 107.0 20.0 10.0
147.0 107.0 20.0 10.0
126.0 67.0 20.0 10.0
137.0 111.0 20.0 10.0
114.0 116.0 20.0 10.0
113.0 62.0 20.0 10.0
104.0 64.0 20.0 10.0
135.0 102.0 20.0 10.0
91.0 129.0 20.0 10.0
146.0 128.0 20.0 10.0
65.0 107.0 20.0 10.0
119.0 139.0 20.0 10.0
144.0 114.0 20.0 10.0
116.0 100.0 20.0 10.0
72.0 126.0 20.0 10.0
105.0 133.0 20.0 10.0
61.0 115.0 20.0 10.0
123.0 79.0 20.0 10.0
120.0 113.0 20.0 10.0
43.0 101.0 20.0 10.0
102.0 146.0 20.0 10.0
132.0 97.0 20.0 10.0
70.0 52.0 20.0 10.0
101.0 125.0 20.0 10.0
132.0 48.0 20.0 10.0
88.0 127.0 20.0 10.0
101.0 143.0 20.0 10.0
63.0 83.0 20.0 10.0
60.0 96.0 20.0 10.0
71.0 118.0 20.0 10.0
83.0 61.0 20.0 10.0
99.0 139.0 20.0 10.0
130.0 116.0 20.0 10.0
144.0 78.0 20.0 10.0
83.0 53.0 20.0 10.0
131.0 69.0 20.0 10.0
57.0 75.0 20.0 10.0
147.0 93.0 20.0 10.0
82.0 59.0 20.0 10.0
125.0 116.0 20.0 10.0
59.0 89.0 20.0 10.0
81.0 87.0 20.0 10.0
117.0 50.0 20.0 10.0
114.0 55.0 20.0 10.0
137.0 116.0 20.0 10.0
70.0 88.0 20.0 10.0
83.0 58.0 20.0 10.0
78.0 85.0 20.0 10.0
75.0 33.0 20.0 10.0
94.0 70.0 20.0 10.0
102.0 128.0 20.0 10.0
43.0 98.0 20.0 10.0
129.0 119.0 20.0 10.0
58.0 111.0 20.0 10.0
92.0 134.0 20.0 10.0
104.0 111.0 20.0 10.0
113.0 86.0 20.0 10.0
83.0 110.0 20.0 10.0
92.0 148.0 20.0 10.0
81.0 117.0 20.0 10.0
75.0 55.0 20.0 10.0
53.0 83.0 20.0 10.0
106.0 142.0 20.0 10.0
67.0 140.0 20.0 10.0
56.0 85.0 20.0 10.0
124.0 94.0 20.0 10.0
116.0 53.0 20.0 10.0
107.0 62.0 20.0 10.0
71.0 112.0 20.0 10.0
91.0 58.0 20.0 10.0
144.0 91.0 20.0 10.0
127.0 79.0 20.0 10.0
60.0 91.0 20.0 10.0
78.0 55.0 20.0 10.0
129.0 126.0 20.0 10.0
52.0 117.0 20.0 10.0
126.0 97.0 20.0 10.0
72.0 136.0 20.0 10.0
56.0 116.0 20.0 10.0
149.0 73.0 20.0 10.0
100.0 116.0 20.0 10.0
123.0 114.0 20.0 10.0
119.0 65.0 20.0 10.0
86.0 51.0 20.0 10.0
62.0 73.0 20.0 10.0
88.0 109.0 20.0 10.0
107.0 51.0 20.0 10.0
50.0 114.0 20.0 10.0
129.0 104.0 20.0 10.0
108.0 144.0 20.0 10.0
134.0 136.0 20.0 10.0
71.0 100.0 20.0 10.0
101.0 135.0 20.0 10.0
112.0 60.0 20.0 10.0
51.0 93.0 20.0 10.0
95.0 133.0 20.0 10.0
152.0 77.0 20.0 10.0
122.0 132.0 20.0 10.0
70.0 73.0 20.0 10.0
89.0 59.0 20.0 10.0
132.0 40.0 20.0 10.0
120.0 111.0 20.0 10.0
66.0 82.0 20.0 10.0
116.0 112.0 20.0 10.0
50.0 83.0 20.0 10.0
42.0 84.0 20.0 10.0
118.0 110.0 20.0 10.0
137.0 104.0 20.0 10.0
85.0 43.0 20.0 10.0
117.0 56.0 20.0 10.0
51.0 62.0 20.0 10.0
97.0 155.0 20.0 10.0
59.0 66.0 20.0 10.0
35.0 91.0 20.0 10.0
62.0 67.0 20.0 10.0
119.0 53.0 20.0 10.0
133.0 118.0 20.0 10.0
68.0 72.0 20.0 10.0
52.0 66.0 20.0 10.0
56.0 102.0 20.0 10.0
75.0 143.0 20.0 10.0
150.0 84.0 20.0 10.0
61.0 139.0 20.0 10.0
141.0 74.0 20.0 10.0
131.0 80.0 20.0 10.0
112.0 30.0 20.0 10.0
75.0 135.0 20.0 10.0
62.0 133.0 20.0 10.0
149.0 99.0 20.0 10.0
144.0 82.0 20.0 10.0
75.0 65.0 20.0 10.0
100.0 80.0 20.0 10.0
47.0 121.0 20.0 10.0
88.0 54.0 20.0 10.0
90.0 53.0 20.0 10.0
107.0 77.0 20.0 10.0
99.0 51.0 20.0 10.0
130.0 85.0 20.0 10.0
74.0 131.0 20.0 10.0
94.0 76.0 20.0 10.0
67.0 56.0 20.0 10.0
123.0 137.0 20.0 10.0
118.0 99.0 20.0 10.0
109.0 49.0 20.0 10.0
53.0 115.0 20.0 10.0
145.0 96.0 20.0 10.0
81.0 69.0 20.0 10.0
60.0 81.0 20.0 10.0
124.0 92.0 20.0 10.0
140.0 136.0 20.0 10.0
86.0 63.0 20.0 10.0
71.0 58.0 20.0 10.0
133.0 64.0 20.0 10.0
111.0 140.0 20.0 10.0
110.0 99.0 20.0 10.0
64.0 123.0 20.0 10.0
48.0 89.0 20.0 10.0
69.0 130.0 20.0 10.0
89.0 62.0 20.0 10.0
121.0 141.0 20.0 10.0
49.0 75.0 20.0 10.0
113.0 140.0 20.0 10.0
149.0 90.0 20.0 10.0
59.0 58.0 20.0 10.0
37.0 79.0 20.0 10.0
144.0 123.0 20.0 10.0
130.0 128.0 20.0 10.0
138.0 114.0 20.0 10.0
104.0 44.0 20.0 10.0
56.0 65.0 20.0 10.0
91.0 56.0 20.0 10.0
147.0 86.0 20.0 10.0
104.0 117.0 20.0 10.0
42.0 72.0 20.0 10.0
121.0 102.0 20.0 10.0
128.0 84.0 20.0 10.0
76.0 52.0 20.0 10.0
68.0 128.0 20.0 10.0
97.0 51.0 20.0 10.0
94.0 125.0 20.0 10.0
88.0 67.0 20.0 10.0
92.0 146.0 20.0 10.0
138.0 82.0 20.0 10.0
83.0 65.0 20.0 10.0
148.0 63.0 20.0 10.0
132.0 82.0 20.0 10.0
128.0 57.0 20.0 10.0
98.0 143.0 20.0 10.0
117.0 137.0 20.0 10.0
123.0 42.0 20.0 10.0
95.0 156.0 20.0 10.0
101.0 149.0 20.0 10.0
56.0 47.0 20.0 10.0
124.0 60.0 20.0 10.0
152.0 110.0 20.0 10.0
55.0 108.0 20.0 10.0
102.0 132.0 20.0 10.0
116.0 128.0 20.0 10.0
63.0 115.0 20.0 10.0
120.0 46.0 20.0 10.0
141.0 79.0 20.0 10.0
130.0 100.0 20.0 10.0
85.0 140.0 20.0 10.0
56.0 95.0 20.0 10.0
74.0 55.0 20.0 10.0
133.0 138.0 20.0 10.0
96.0 68.0 20.0 10.0
48.0 81.0 20.0 10.0
123.0 65.0 20.0 10.0
108.0 85.0 20.0 10.0
107.0 127.0 20.0 10.0
112.0 65.0 20.0 10.0
95.0 74.0 20.0 10.0
124.0 133.0 20.0 10.0
117.0 77.0 20.0 10.0
43.0 89.0 20.0 10.0
131.0 64.0 20.0 10.0
113.0 63.0 20.0 10.0
54.0 77.0 20.0 10.0
135.0 51.0 20.0 10.0
76.0 128.0 20.0 10.0
48.0 98.0 20.0 10.0
62.0 131.0 20.0 10.0
59.0 123.0 20.0 10.0
108.0 71.0 20.0 10.0
145.0 94.0 20.0 10.0
50.0 137.0 20.0 10.0
68.0 103.0 20.0 10.0
73.0 95.0 20.0 10.0
123.0 129.0 20.0 10.0
64.0 70.0 20.0 10.0
115.0 126.0 20.0 10.0
134.0 89.0 20.0 10.0
138.0 91.0 20.0 10.0
138.0 97.0 20.0 10.0
129.0 77.0 20.0 10.0
110.0 147.0 20.0 10.0
79.0 151.0 20.0 10.0
95.0 41.0 20.0 10.0
36.0 96.0 20.0 10.0
44.0 57.0 20.0 10.0
73.0 58.0 20.0 10.0
85.0 137.0 20.0 10.0
102.0 54.0 20.0 10.0
132.0 124.0 20.0 10.0
146.0 78.0 20.0 10.0
79.0 138.0 20.0 10.0
134.0 97.0 20.0 10.0
90.0 143.0 20.0 10.0
82.0 54.0 20.0 10.0
118.0 115.0 20.0 10.0
57.0 82.0 20.0 10.0
105.0 130.0 20.0 10.0
135.0 75.0 20.0 10.0
57.0 133.0 20.0 10.0
64.0 86.0 20.0 10.0
93.0 90.0 20.0 10.0
139.0 75.0 20.0 10.0
96.0 142.0 20.0 10.0
99.0 55.0 20.0 10.0
116.0 120.0 20.0 10.0
75.0 76.0 20.0 10.0
131.0 112.0 20.0 10.0
80.0 142.0 20.0 10.0
93.0 49.0 20.0 10.0
117.0 141.0 20.0 10.0
98.0 47.0 20.0 10.0
70.0 145.0 20.0 10.0
53.0 124.0 20.0 10.0
72.0 63.0 20.0 10.0
131.0 120.0 20.0 10.0
87.0 138.0 20.0 10.0
142.0 130.0 20.0 10.0
121.0 59.0 20.0 10.0
43.0 118.0 20.0 10.0
103.0 57.0 20.0 10.0
74.0 140.0 20.0 10.0
65.0 69.0 20.0 10.0
41.0 92.0 20.0 10.0
149.0 106.0 20.0 10.0
108.0 39.0 20.0 10.0
68.0 99.0 20.0 10.0
51.0 90.0 20.0 10.0
54.0 96.0 20.0 10.0
118.0 71.0 20.0 10.0
142.0 89.0 20.0 10.0
95.0 139.0 20.0 10.0
96.0 58.0 20.0 10.0
137.0 89.0 20.0 10.0
76.0 112.0 20.0 10.0
135.0 122.0 20.0 10.0
81.0 47.0 20.0 10.0
145.0 111.0 20.0 10.0
71.0 86.0 20.0 10.0
86.0 131.0 20.0 10.0
82.0 119.0 20.0 10.0
126.0 71.0 20.0 10.0
128.0 146.0 20.0 10.0
116.0 60.0 20.0 10.0
78.0 50.0 20.0 10.0
57.0 93.0 20.0 10.0
104.0 60.0 20.0 10.0
128.0 112.0 20.0 10.0
103.0 143.0 20.0 10.0
146.0 113.0 20.0 10.0
67.0 125.0 20.0 10.0
86.0 123.0 20.0 10.0
120.0 123.0 20.0 10.0
119.0 61.0 20.0 10.0
97.0 62.0 20.0 10.0
163.0 89.0 20.0 10.0
63.0 62.0 20.0 10.0
76.0 69.0 20.0 10.0
68.0 74.0 20.0 10.0
85.0 143.0 20.0 10.0
154.0 96.0 20.0 10.0
153.0 131.0 20.0 10.0
125.0 144.0 20.0 10.0
90.0 155.0 20.0 10.0
61.0 69.0 20.0 10.0
59.0 79.0 20.0 10.0
127.0 87.0 20.0 10.0
98.0 136.0 20.0 10.0
142.0 70.0 20.0 10.0
98.0 130.0 20.0 10.0
145.0 99.0 20.0 10.0
95.0 159.0 20.0 10.0
59.0 101.0 20.0 10.0
115.0 45.0 20.0 10.0
61.0 122.0 20.0 10.0
149.0 149.0 20.0 10.0
122.0 137.0 20.0 10.0
84.0 156.0 20.0 10.0
129.0 64.0 20.0 10.0
69.0 124.0 20.0 10.0
122.0 149.0 20.0 10.0
128.0 60.0 20.0 10.0
97.0 147.0 20.0 10.0
141.0 108.0 20.0 10.0
40.0 78.0 20.0 10.0
140.0 121.0 20.0 10.0
138.0 118.0 20.0 10.0
113.0 45.0 20.0 10.0
127.0 118.0 20.0 10.0
96.0 46.0 20.0 10.0
144.0 140.0 20.0 10.0
73.0 49.0 20.0 10.0
136.0 92.0 20.0 10.0
63.0 128.0 20.0 10.0
57.0 88.0 20.0 10.0
49.0 90.0 20.0 10.0
51.0 99.0 20.0 10.0
99.0 154.0 20.0 10.0
72.0 82.0 20.0 10.0
81.0 51.0 20.0 10.0
108.0 151.0 20.0 10.0
62.0 82.0 20.0 10.0
115.0 71.0 20.0 10.0
113.0 54.0 20.0 10.0
104.0 150.0 20.0 10.0
83.0 140.0 20.0 10.0
123.0 57.0 20.0 10.0
55.0 111.0 20.0 10.0
132.0 66.0 20.0 10.0
111.0 127.0 20.0 10.0
65.0 100.0 20.0 10.0
135.0 79.0 20.0 10.0
82.0 32.0 20.0 10.0
106.0 121.0 20.0 10.0
71.0 139.0 20.0 10.0
157.0 102.0 20.0 10.0
123.0 144.0 20.0 10.0
68.0 119.0 20.0 10.0
96.0 36.0 20.0 10.0
119.0 131.0 20.0 10.0
35.0 78.0 20.0 10.0
122.0 127.0 20.0 10.0
46.0 108.0 20.0 10.0
100.0 139.0 20.0 10.0
127.0 81.0 20.0 10.0
47.0 90.0 20.0 10.0
109.0 131.0 20.0 10.0
111.0 131.0 20.0 10.0
77.0 140.0 20.0 10.0
65.0 134.0 20.0 10.0
138.0 121.0 20.0 10.0
58.0 74.0 20.0 10.0
58.0 52.0 20.0 10.0
132.0 130.0 20.0 10.0
57.0 113.0 20.0 10.0
49.0 95.0 20.0 10.0
129.0 50.0 20.0 10.0
69.0 108.0 20.0 10.0
77.0 130.0 20.0 10.0
117.0 53.0 20.0 10.0
62.0 48.0 20.0 10.0
54.0 81.0 20.0 10.0
126.0 76.0 20.0 10.0
138.0 55.0 20.0 10.0
90.0 141.0 20.0 10.0
142.0 103.0 20.0 10.0
85.0 116.0 20.0 10.0
62.0 103.0 20.0 10.0
124.0 38.0 20.0 10.0
127.0 66.0 20.0 10.0
54.0 103.0 20.0 10.0
97.0 58.0 20.0 10.0
75.0 43.0 20.0 10.0
141.0 83.0 20.0 10.0
49.0 111.0 20.0 10.0
139.0 105.0 20.0 10.0
145.0 109.0 20.0 10.0
106.0 146.0 20.0 10.0
95.0 62.0 20.0 10.0
89.0 134.0 20.0 10.0
92.0 54.0 20.0 10.0
102.0 50.0 20.0 10.0
51.0 72.0 20.0 10.0
108.0 147.0 20.0 10.0
118.0 70.0 20.0 10.0
131.0 79.0 20.0 10.0
141.0 56.0 20.0 10.0
138.0 49.0 20.0 10.0
121.0 37.0 20.0 10.0
85.0 126.0 20.0 10.0
155.0 90.0 20.0 10.0
73.0 114.0 20.0 10.0
154.0 122.0 20.0 10.0
65.0 46.0 20.0 10.0
90.0 43.0 20.0 10.0
73.0 134.0 20.0 10.0
118.0 34.0 20.0 10.0
65.0 121.0 20.0 10.0
58.0 60.0 20.0 10.0
41.0 85.0 20.0 10.0
119.0 143.0 20.0 10.0
70.0 57.0 20.0 10.0
147.0 91.0 20.0 10.0
132.0 115.0 20.0 10.0
126.0 47.0 20.0 10.0
82.0 132.0 20.0 10.0
50.0 87.0 20.0 10.0
51.0 110.0 20.0 10.0
72.0 78.0 20.0 10.0
53.0 141.0 20.0 10.0
155.0 105.0 20.0 10.0
139.0 96.0 20.0 10.0
117.0 154.0 20.0 10.0
127.0 42.0 20.0 10.0
134.0 132.0 20.0 10.0
142.0 92.0 20.0 10.0
83.0 42.0 20.0 10.0
129.0 96.0 20.0 10.0
42.0 111.0 20.0 10.0
141.0 116.0 20.0 10.0
109.0 158.0 20.0 10.0
56.0 90.0 20.0 10.0
62.0 55.0 20.0 10.0
44.0 103.0 20.0 10.0
43.0 110.0 20.0 10.0
105.0 55.0 20.0 10.0
67.0 64.0 20.0 10.0
58.0 104.0 20.0 10.0
83.0 25.0 20.0 10.0
90.0 30.0 20.0 10.0
146.0 118.0 20.0 10.0
143.0 127.0 20.0 10.0
59.0 131.0 20.0 10.0
134.0 91.0 20.0 10.0
73.0 149.0 20.0 10.0
91.0 33.0 20.0 10.0
94.0 162.0 20.0 10.0
127.0 90.0 20.0 10.0
84.0 144.0 20.0 10.0
61.0 117.0 20.0 10.0
94.0 121.0 20.0 10.0
65.0 95.0 20.0 10.0
47.0 76.0 20.0 10.0
76.0 124.0 20.0 10.0
72.0 68.0 20.0 10.0
54.0 101.0 20.0 10.0
122.0 153.0 20.0 10.0
49.0 105.0 20.0 10.0
118.0 108.0 20.0 10.0
127.0 137.0 20.0 10.0
113.0 155.0 20.0 10.0
137.0 134.0 20.0 10.0
135.0 112.0 20.0 10.0
50.0 100.0 20.0 10.0
126.0 72.0 20.0 10.0
111.0 68.0 20.0 10.0
146.0 105.0 20.0 10.0
60.0 71.0 20.0 10.0
64.0 42.0 20.0 10.0
71.0 49.0 20.0 10.0
74.0 147.0 20.0 10.0
87.0 58.0 20.0 10.0
45.0 115.0 20.0 10.0
45.0 54.0 20.0 10.0
54.0 54.0 20.0 10.0
87.0 148.0 20.0 10.0
101.0 48.0 20.0 10.0
138.0 105.0 20.0 10.0
36.0 107.0 20.0 10.0
146.0 120.0 20.0 10.0
50.0 132.0 20.0 10.0
43.0 126.0 20.0 10.0
130.0 141.0 20.0 10.0
65.0 60.0 20.0 10.0
110.0 117.0 20.0 10.0
92.0 30.0 20.0 10.0
50.0 123.0 20.0 10.0
89.0 50.0 20.0 10.0
25.0 78.0 20.0 10.0
147.0 66.0 20.0 10.0
55.0 134.0 20.0 10.0
135.0 64.0 20.0 10.0
156.0 113.0 20.0 10.0
119.0 157.0 20.0 10.0
92.0 42.0 20.0 10.0
59.0 84.0 20.0 10.0
53.0 122.0 20.0 10.0
131.0 57.0 20.0 10.0
77.0 42.0 20.0 10.0
123.0 91.0 20.0 10.0
67.0 72.0 20.0 10.0
111.0 51.0 20.0 10.0
148.0 119.0 20.0 10.0
128.0 138.0 20.0 10.0
108.0 140.0 20.0 10.0
143.0 99.0 20.0 10.0
117.0 145.0 20.0 10.0
57.0 141.0 20.0 10.0
89.0 137.0 20.0 10.0
47.0 106.0 20.0 10.0
57.0 128.0 20.0 10.0
139.0 131.0 20.0 10.0
85.0 148.0 20.0 10.0
121.0 50.0 20.0 10.0
69.0 65.0 20.0 10.0
114.0 127.0 20.0 10.0
119.0 58.0 20.0 10.0
151.0 55.0 20.0 10.0
68.0 53.0 20.0 10.0
104.0 147.0 20.0 10.0
80.0 134.0 20.0 10.0
144.0 87.0 20.0 10.0
140.0 86.0 20.0 10.0
63.0 126.0 20.0 10.0
125.0 113.0 20.0 10.0
46.0 102.0 20.0 10.0
43.0 78.0 20.0 10.0
92.0 67.0 20.0 10.0
76.0 155.0 20.0 10.0
127.0 63.0 20.0 10.0
140.0 144.0 20.0 10.0
53.0 86.0 20.0 10.0
81.0 56.0 20.0 10.0
141.0 65.0 20.0 10.0
158.0 67.0 20.0 10.0
52.0 71.0 20.0 10.0
134.0 160.0 20.0 10.0
84.0 162.0 20.0 10.0
156.0 84.0 20.0 10.0
46.0 96.0 20.0 10.0
109.0 163.0 20.0 10.0
78.0 47.0 20.0 10.0
115.0 140.0 20.0 10.0
136.0 144.0 20.0 10.0
137.0 59.0 20.0 10.0
41.0 68.0 20.0 10.0
109.0 62.0 20.0 10.0
134.0 105.0 20.0 10.0
146.0 137.0 20.0 10.0
134.0 126.0 20.0 10.0
94.0 147.0 20.0 10.0
62.0 125.0 20.0 10.0
35.0 93.0 20.0 10.0
143.0 153.0 20.0 10.0
114.0 36.0 20.0 10.0
138.0 77.0 20.0 10.0
110.0 40.0 20.0 10.0
159.0 98.0 20.0 10.0
138.0 101.0 20.0 10.0
134.0 72.0 20.0 10.0
153.0 103.0 20.0 10.0
125.0 45.0 20.0 10.0
45.0 65.0 20.0 10.0
94.0 51.0 20.0 10.0
104.0 32.0 20.0 10.0
65.0 137.0 20.0 10.0
75.0 136.0 20.0 10.0
43.0 133.0 20.0 10.0
51.0 102.0 20.0 10.0
99.0 157.0 20.0 10.0
39.0 112.0 20.0 10.0
