1000
2415.0 4433.0 20.0 10.0
2419.0 4409.0 20.0 10.0
2422.0 4388.0 20.0 10.0
2420.0 4370.0 20.0 10.0
2423.0 4342.0 20.0 10.0
3567.0 2255.0 20.0 10.0
2206.0 4611.0 20.0 10.0
2469.0 3609.0 20.0 10.0
2477.0 3587.0 20.0 10.0
2470.0 3562.0 20.0 10.0
2460.0 3538.0 20.0 10.0
2474.0 3514.0 20.0 10.0
2490.0 3484.0 20.0 10.0
2509.0 3449.0 20.0 10.0
2535.0 3417.0 20.0 10.0
2576.0 3466.0 20.0 10.0
2615.0 3515.0 20.0 10.0
2655.0 3561.0 20.0 10.0
3018.0 2503.0 20.0 10.0
2830.0 2633.0 20.0 10.0
1855.0 2617.0 20.0 10.0
708.0 2294.0 20.0 10.0
717.0 2291.0 20.0 10.0
2902.0 3259.0 20.0 10.0
2933.0 3258.0 20.0 10.0
2922.0 3260.0 20.0 10.0
2909.0 3262.0 20.0 10.0
3794.0 2307.0 20.0 10.0
4187.0 2544.0 20.0 10.0
1340.0 2509.0 20.0 10.0
1348.0 2505.0 20.0 10.0
1356.0 2499.0 20.0 10.0
1368.0 2481.0 20.0 10.0
1375.0 2492.0 20.0 10.0
1393.0 2475.0 20.0 10.0
1455.0 2494.0 20.0 10.0
2437.0 2964.0 20.0 10.0
2754.0 3519.0 20.0 10.0
2743.0 3512.0 20.0 10.0
2727.0 3503.0 20.0 10.0
2710.0 3484.0 20.0 10.0
4346.0 2037.0 20.0 10.0
4324.0 2047.0 20.0 10.0
4147.0 2210.0 20.0 10.0
4114.0 2198.0 20.0 10.0
2483.0 3579.0 20.0 10.0
2944.0 3256.0 20.0 10.0
3722.0 1723.0 20.0 10.0
4345.0 2607.0 20.0 10.0
2018.0 2699.0 20.0 10.0
554.0 2179.0 20.0 10.0
1516.0 2515.0 20.0 10.0
3967.0 1785.0 20.0 10.0
3926.0 1806.0 20.0 10.0
3885.0 1830.0 20.0 10.0
3980.0 1117.0 20.0 10.0
3991.0 1143.0 20.0 10.0
3990.0 1172.0 20.0 10.0
3991.0 1499.0 20.0 10.0
3720.0 1734.0 20.0 10.0
3716.0 1745.0 20.0 10.0
3713.0 1756.0 20.0 10.0
3711.0 1767.0 20.0 10.0
3707.0 1779.0 20.0 10.0
3616.0 1641.0 20.0 10.0
3636.0 1658.0 20.0 10.0
3651.0 1681.0 20.0 10.0
4813.0 187.0 20.0 10.0
2618.0 3692.0 20.0 10.0
2622.0 3678.0 20.0 10.0
2618.0 3652.0 20.0 10.0
4735.0 2764.0 20.0 10.0
2384.0 2781.0 20.0 10.0
733.0 2255.0 20.0 10.0
732.0 2281.0 20.0 10.0
4544.0 551.0 20.0 10.0
3090.0 3030.0 20.0 10.0
3087.0 3001.0 20.0 10.0
3141.0 2961.0 20.0 10.0
3120.0 2954.0 20.0 10.0
2392.0 3453.0 20.0 10.0
2412.0 3417.0 20.0 10.0
2430.0 3380.0 20.0 10.0
2688.0 2516.0 20.0 10.0
2693.0 2537.0 20.0 10.0
4261.0 1963.0 20.0 10.0
2953.0 3080.0 20.0 10.0
4229.0 855.0 20.0 10.0
4221.0 906.0 20.0 10.0
2139.0 4664.0 20.0 10.0
3010.0 3004.0 20.0 10.0
3733.0 1688.0 20.0 10.0
3728.0 1703.0 20.0 10.0
4309.0 922.0 20.0 10.0
4298.0 935.0 20.0 10.0
2240.0 4525.0 20.0 10.0
4726.0 2797.0 20.0 10.0
4290.0 536.0 20.0 10.0
2978.0 2961.0 20.0 10.0
2983.0 2968.0 20.0 10.0
2999.0 2983.0 20.0 10.0
2982.0 3004.0 20.0 10.0
282.0 2142.0 20.0 10.0
1577.0 2533.0 20.0 10.0
1638.0 2550.0 20.0 10.0
1327.0 2421.0 20.0 10.0
2371.0 2748.0 20.0 10.0
2393.0 2763.0 20.0 10.0
2418.0 2778.0 20.0 10.0
2496.0 2797.0 20.0 10.0
2713.0 2616.0 20.0 10.0
2461.0 4127.0 20.0 10.0
2200.0 2704.0 20.0 10.0
3695.0 2241.0 20.0 10.0
2213.0 4492.0 20.0 10.0
2241.0 4493.0 20.0 10.0
2252.0 4462.0 20.0 10.0
2277.0 4397.0 20.0 10.0
219.0 2052.0 20.0 10.0
234.0 2060.0 20.0 10.0
3246.0 2794.0 20.0 10.0
4009.0 1155.0 20.0 10.0
3246.0 2665.0 20.0 10.0
3217.0 2660.0 20.0 10.0
1074.0 2378.0 20.0 10.0
2321.0 3404.0 20.0 10.0
2349.0 3387.0 20.0 10.0
4761.0 137.0 20.0 10.0
4249.0 2049.0 20.0 10.0
3972.0 1274.0 20.0 10.0
3964.0 1286.0 20.0 10.0
3950.0 1315.0 20.0 10.0
3952.0 1180.0 20.0 10.0
4279.0 603.0 20.0 10.0
3122.0 2832.0 20.0 10.0
3169.0 2746.0 20.0 10.0
2145.0 2727.0 20.0 10.0
2381.0 2922.0 20.0 10.0
2400.0 2900.0 20.0 10.0
2428.0 2886.0 20.0 10.0
2472.0 2871.0 20.0 10.0
2463.0 2944.0 20.0 10.0
4107.0 1685.0 20.0 10.0
4091.0 1461.0 20.0 10.0
4079.0 1476.0 20.0 10.0
3022.0 3045.0 20.0 10.0
3046.0 3023.0 20.0 10.0
3068.0 3002.0 20.0 10.0
4315.0 2585.0 20.0 10.0
1137.0 2399.0 20.0 10.0
3628.0 2102.0 20.0 10.0
3619.0 2128.0 20.0 10.0
3754.0 1975.0 20.0 10.0
3752.0 1948.0 20.0 10.0
3729.0 1932.0 20.0 10.0
2855.0 3418.0 20.0 10.0
4233.0 806.0 20.0 10.0
4180.0 2062.0 20.0 10.0
4291.0 2266.0 20.0 10.0
4283.0 2246.0 20.0 10.0
4257.0 2238.0 20.0 10.0
4228.0 2224.0 20.0 10.0
3791.0 2343.0 20.0 10.0
3815.0 2346.0 20.0 10.0
2503.0 3360.0 20.0 10.0
4264.0 2016.0 20.0 10.0
4645.0 425.0 20.0 10.0
4635.0 437.0 20.0 10.0
4625.0 450.0 20.0 10.0
4043.0 2494.0 20.0 10.0
4045.0 2473.0 20.0 10.0
1879.0 2599.0 20.0 10.0
4124.0 1681.0 20.0 10.0
2230.0 4557.0 20.0 10.0
2228.0 4524.0 20.0 10.0
4388.0 2180.0 20.0 10.0
4373.0 2179.0 20.0 10.0
4348.0 2177.0 20.0 10.0
4798.0 111.0 20.0 10.0
4798.0 135.0 20.0 10.0
4168.0 2509.0 20.0 10.0
4160.0 2479.0 20.0 10.0
4224.0 2250.0 20.0 10.0
4210.0 2239.0 20.0 10.0
4114.0 1711.0 20.0 10.0
4082.0 1730.0 20.0 10.0
4045.0 1747.0 20.0 10.0
4007.0 1765.0 20.0 10.0
4654.0 413.0 20.0 10.0
4277.0 2180.0 20.0 10.0
553.0 2243.0 20.0 10.0
4830.0 151.0 20.0 10.0
4821.0 166.0 20.0 10.0
4796.0 196.0 20.0 10.0
4767.0 227.0 20.0 10.0
3744.0 2275.0 20.0 10.0
3081.0 2974.0 20.0 10.0
3080.0 2945.0 20.0 10.0
3075.0 2919.0 20.0 10.0
197.0 2126.0 20.0 10.0
4263.0 2065.0 20.0 10.0
4750.0 153.0 20.0 10.0
4757.0 159.0 20.0 10.0
4768.0 176.0 20.0 10.0
4761.0 199.0 20.0 10.0
4234.0 2180.0 20.0 10.0
2892.0 2585.0 20.0 10.0
4776.0 61.0 20.0 10.0
4770.0 84.0 20.0 10.0
4763.0 111.0 20.0 10.0
2773.0 3550.0 20.0 10.0
2769.0 3539.0 20.0 10.0
2765.0 3528.0 20.0 10.0
3632.0 2257.0 20.0 10.0
3615.0 2237.0 20.0 10.0
2464.0 3232.0 20.0 10.0
4687.0 2744.0 20.0 10.0
1315.0 2475.0 20.0 10.0
2332.0 2933.0 20.0 10.0
4317.0 2621.0 20.0 10.0
2679.0 3637.0 20.0 10.0
2304.0 2778.0 20.0 10.0
2193.0 4525.0 20.0 10.0
4061.0 2454.0 20.0 10.0
3181.0 2479.0 20.0 10.0
2180.0 4542.0 20.0 10.0
580.0 2183.0 20.0 10.0
591.0 2188.0 20.0 10.0
525.0 2237.0 20.0 10.0
541.0 2242.0 20.0 10.0
2661.0 3152.0 20.0 10.0
4756.0 253.0 20.0 10.0
4805.0 164.0 20.0 10.0
4283.0 2169.0 20.0 10.0
4261.0 2165.0 20.0 10.0
2451.0 3341.0 20.0 10.0
3554.0 2196.0 20.0 10.0
3647.0 1648.0 20.0 10.0
4169.0 2078.0 20.0 10.0
4144.0 2092.0 20.0 10.0
4122.0 2072.0 20.0 10.0
4002.0 1034.0 20.0 10.0
4077.0 1267.0 20.0 10.0
502.0 2162.0 20.0 10.0
3117.0 2924.0 20.0 10.0
3600.0 2108.0 20.0 10.0
3843.0 1856.0 20.0 10.0
3799.0 1882.0 20.0 10.0
3753.0 1908.0 20.0 10.0
4059.0 2497.0 20.0 10.0
4061.0 2479.0 20.0 10.0
1661.0 2593.0 20.0 10.0
1657.0 2586.0 20.0 10.0
1650.0 2580.0 20.0 10.0
3725.0 1713.0 20.0 10.0
779.0 2266.0 20.0 10.0
3087.0 3021.0 20.0 10.0
609.0 2199.0 20.0 10.0
665.0 2221.0 20.0 10.0
2264.0 3709.0 20.0 10.0
2275.0 3685.0 20.0 10.0
2284.0 3665.0 20.0 10.0
2296.0 3642.0 20.0 10.0
2307.0 3615.0 20.0 10.0
4239.0 685.0 20.0 10.0
3807.0 2241.0 20.0 10.0
3042.0 3105.0 20.0 10.0
336.0 2124.0 20.0 10.0
360.0 2111.0 20.0 10.0
405.0 2127.0 20.0 10.0
452.0 2144.0 20.0 10.0
3901.0 2190.0 20.0 10.0
4429.0 710.0 20.0 10.0
3250.0 2802.0 20.0 10.0
3043.0 3178.0 20.0 10.0
3042.0 3159.0 20.0 10.0
3683.0 1863.0 20.0 10.0
3686.0 1873.0 20.0 10.0
2876.0 3089.0 20.0 10.0
2714.0 2655.0 20.0 10.0
599.0 2247.0 20.0 10.0
616.0 2249.0 20.0 10.0
635.0 2251.0 20.0 10.0
3648.0 1670.0 20.0 10.0
3695.0 1821.0 20.0 10.0
3688.0 1841.0 20.0 10.0
4007.0 2158.0 20.0 10.0
3978.0 2150.0 20.0 10.0
3953.0 2165.0 20.0 10.0
4018.0 1530.0 20.0 10.0
4006.0 1542.0 20.0 10.0
256.0 2064.0 20.0 10.0
4232.0 1013.0 20.0 10.0
4187.0 1070.0 20.0 10.0
4142.0 1143.0 20.0 10.0
4096.0 1216.0 20.0 10.0
4048.0 1291.0 20.0 10.0
2420.0 3590.0 20.0 10.0
2432.0 3574.0 20.0 10.0
2445.0 3557.0 20.0 10.0
4712.0 2754.0 20.0 10.0
3526.0 2252.0 20.0 10.0
3872.0 1856.0 20.0 10.0
3604.0 2100.0 20.0 10.0
3041.0 3135.0 20.0 10.0
4009.0 2441.0 20.0 10.0
2437.0 4239.0 20.0 10.0
2446.0 4200.0 20.0 10.0
2455.0 4158.0 20.0 10.0
3225.0 2831.0 20.0 10.0
3649.0 1722.0 20.0 10.0
2706.0 3145.0 20.0 10.0
2473.0 4015.0 20.0 10.0
4247.0 1984.0 20.0 10.0
4840.0 177.0 20.0 10.0
4822.0 177.0 20.0 10.0
4794.0 171.0 20.0 10.0
3546.0 2269.0 20.0 10.0
3544.0 2243.0 20.0 10.0
2151.0 4766.0 20.0 10.0
2160.0 4739.0 20.0 10.0
3998.0 1388.0 20.0 10.0
4815.0 77.0 20.0 10.0
4804.0 103.0 20.0 10.0
1868.0 2654.0 20.0 10.0
1884.0 2657.0 20.0 10.0
1899.0 2660.0 20.0 10.0
2133.0 4740.0 20.0 10.0
4738.0 261.0 20.0 10.0
4710.0 296.0 20.0 10.0
4681.0 334.0 20.0 10.0
4651.0 373.0 20.0 10.0
2798.0 3539.0 20.0 10.0
2775.0 3529.0 20.0 10.0
1924.0 2666.0 20.0 10.0
2980.0 3080.0 20.0 10.0
2962.0 3057.0 20.0 10.0
4284.0 582.0 20.0 10.0
3866.0 1873.0 20.0 10.0
4764.0 92.0 20.0 10.0
3188.0 2785.0 20.0 10.0
3169.0 2763.0 20.0 10.0
3193.0 2751.0 20.0 10.0
3832.0 2207.0 20.0 10.0
3153.0 2838.0 20.0 10.0
2272.0 3430.0 20.0 10.0
954.0 2336.0 20.0 10.0
1013.0 2357.0 20.0 10.0
3959.0 1345.0 20.0 10.0
3947.0 1378.0 20.0 10.0
3922.0 1069.0 20.0 10.0
4159.0 2111.0 20.0 10.0
2310.0 3598.0 20.0 10.0
2318.0 3592.0 20.0 10.0
2789.0 3419.0 20.0 10.0
2047.0 2661.0 20.0 10.0
3927.0 2195.0 20.0 10.0
3972.0 1079.0 20.0 10.0
3971.0 1100.0 20.0 10.0
3969.0 1128.0 20.0 10.0
3969.0 1166.0 20.0 10.0
4162.0 2218.0 20.0 10.0
2167.0 4638.0 20.0 10.0
2400.0 3434.0 20.0 10.0
4202.0 1703.0 20.0 10.0
4179.0 1698.0 20.0 10.0
4158.0 1697.0 20.0 10.0
4087.0 2217.0 20.0 10.0
4095.0 2193.0 20.0 10.0
4063.0 2196.0 20.0 10.0
4702.0 2747.0 20.0 10.0
169.0 2066.0 20.0 10.0
4164.0 2038.0 20.0 10.0
4150.0 2069.0 20.0 10.0
4102.0 2092.0 20.0 10.0
4053.0 2116.0 20.0 10.0
4004.0 2139.0 20.0 10.0
4863.0 2871.0 20.0 10.0
4842.0 2858.0 20.0 10.0
4807.0 2843.0 20.0 10.0
4767.0 2823.0 20.0 10.0
4081.0 2222.0 20.0 10.0
2144.0 4656.0 20.0 10.0
2152.0 4641.0 20.0 10.0
2175.0 4613.0 20.0 10.0
2332.0 3567.0 20.0 10.0
2346.0 3541.0 20.0 10.0
2976.0 3089.0 20.0 10.0
3895.0 1003.0 20.0 10.0
3034.0 3148.0 20.0 10.0
3037.0 3129.0 20.0 10.0
4124.0 2521.0 20.0 10.0
4122.0 2501.0 20.0 10.0
248.0 2142.0 20.0 10.0
2714.0 2681.0 20.0 10.0
2743.0 2673.0 20.0 10.0
2660.0 2714.0 20.0 10.0
3011.0 2523.0 20.0 10.0
3028.0 2506.0 20.0 10.0
4322.0 545.0 20.0 10.0
4299.0 560.0 20.0 10.0
3963.0 2413.0 20.0 10.0
3942.0 2399.0 20.0 10.0
4252.0 2164.0 20.0 10.0
3968.0 1207.0 20.0 10.0
4273.0 2264.0 20.0 10.0
4186.0 2005.0 20.0 10.0
3231.0 2825.0 20.0 10.0
3224.0 2803.0 20.0 10.0
3222.0 2779.0 20.0 10.0
2198.0 2716.0 20.0 10.0
2269.0 2736.0 20.0 10.0
2343.0 2757.0 20.0 10.0
329.0 2113.0 20.0 10.0
2526.0 3825.0 20.0 10.0
2557.0 3829.0 20.0 10.0
2565.0 3817.0 20.0 10.0
4453.0 726.0 20.0 10.0
2658.0 2452.0 20.0 10.0
2672.0 2467.0 20.0 10.0
3913.0 1050.0 20.0 10.0
3920.0 1086.0 20.0 10.0
3930.0 1123.0 20.0 10.0
3937.0 1165.0 20.0 10.0
2376.0 2753.0 20.0 10.0
2310.0 3407.0 20.0 10.0
2404.0 4442.0 20.0 10.0
2169.0 4714.0 20.0 10.0
2174.0 4682.0 20.0 10.0
2188.0 4635.0 20.0 10.0
4240.0 680.0 20.0 10.0
4240.0 698.0 20.0 10.0
2429.0 3200.0 20.0 10.0
2442.0 3183.0 20.0 10.0
2625.0 3170.0 20.0 10.0
2644.0 3152.0 20.0 10.0
4248.0 2181.0 20.0 10.0
4774.0 151.0 20.0 10.0
2873.0 2579.0 20.0 10.0
2697.0 2550.0 20.0 10.0
2698.0 2561.0 20.0 10.0
4516.0 2700.0 20.0 10.0
4514.0 2675.0 20.0 10.0
4230.0 2170.0 20.0 10.0
4207.0 2188.0 20.0 10.0
4162.0 2193.0 20.0 10.0
3945.0 1208.0 20.0 10.0
3954.0 1254.0 20.0 10.0
2625.0 2711.0 20.0 10.0
3889.0 969.0 20.0 10.0
3896.0 993.0 20.0 10.0
3903.0 1020.0 20.0 10.0
2218.0 4539.0 20.0 10.0
2202.0 4515.0 20.0 10.0
2220.0 4506.0 20.0 10.0
2557.0 3916.0 20.0 10.0
2543.0 3898.0 20.0 10.0
2546.0 3875.0 20.0 10.0
2555.0 3847.0 20.0 10.0
3714.0 1956.0 20.0 10.0
4009.0 1398.0 20.0 10.0
3979.0 1394.0 20.0 10.0
3962.0 1416.0 20.0 10.0
1737.0 2604.0 20.0 10.0
1745.0 2610.0 20.0 10.0
1759.0 2586.0 20.0 10.0
1819.0 2603.0 20.0 10.0
4087.0 2447.0 20.0 10.0
3982.0 1335.0 20.0 10.0
3964.0 1350.0 20.0 10.0
1699.0 2569.0 20.0 10.0
24.0 2015.0 20.0 10.0
3985.0 1356.0 20.0 10.0
1289.0 2460.0 20.0 10.0
4291.0 786.0 20.0 10.0
4268.0 779.0 20.0 10.0
4240.0 779.0 20.0 10.0
1642.0 2574.0 20.0 10.0
1309.0 2467.0 20.0 10.0
4405.0 2651.0 20.0 10.0
4392.0 2643.0 20.0 10.0
3044.0 3075.0 20.0 10.0
3045.0 3040.0 20.0 10.0
3027.0 3005.0 20.0 10.0
2428.0 4325.0 20.0 10.0
4320.0 2175.0 20.0 10.0
4287.0 2175.0 20.0 10.0
2517.0 3842.0 20.0 10.0
4555.0 2720.0 20.0 10.0
4544.0 2716.0 20.0 10.0
4529.0 2698.0 20.0 10.0
892.0 2289.0 20.0 10.0
3005.0 2556.0 20.0 10.0
4455.0 2646.0 20.0 10.0
4395.0 2618.0 20.0 10.0
4185.0 2480.0 20.0 10.0
4214.0 2546.0 20.0 10.0
4156.0 2518.0 20.0 10.0
4098.0 2487.0 20.0 10.0
4044.0 2457.0 20.0 10.0
3992.0 2427.0 20.0 10.0
2711.0 2628.0 20.0 10.0
2724.0 2643.0 20.0 10.0
2399.0 4461.0 20.0 10.0
4446.0 2680.0 20.0 10.0
4428.0 2666.0 20.0 10.0
4417.0 2658.0 20.0 10.0
3114.0 2942.0 20.0 10.0
2124.0 2719.0 20.0 10.0
2140.0 2725.0 20.0 10.0
2166.0 2712.0 20.0 10.0
4077.0 1485.0 20.0 10.0
2511.0 3485.0 20.0 10.0
2530.0 3484.0 20.0 10.0
2677.0 2480.0 20.0 10.0
1457.0 2516.0 20.0 10.0
4846.0 186.0 20.0 10.0
2285.0 3422.0 20.0 10.0
2296.0 3418.0 20.0 10.0
1360.0 2447.0 20.0 10.0
1369.0 2455.0 20.0 10.0
4328.0 590.0 20.0 10.0
4317.0 612.0 20.0 10.0
4290.0 609.0 20.0 10.0
4275.0 627.0 20.0 10.0
3253.0 2830.0 20.0 10.0
646.0 2198.0 20.0 10.0
652.0 2206.0 20.0 10.0
662.0 2215.0 20.0 10.0
662.0 2245.0 20.0 10.0
689.0 2235.0 20.0 10.0
721.0 2243.0 20.0 10.0
4244.0 2029.0 20.0 10.0
4214.0 2037.0 20.0 10.0
4182.0 2046.0 20.0 10.0
3997.0 1367.0 20.0 10.0
3943.0 1445.0 20.0 10.0
3897.0 1541.0 20.0 10.0
3851.0 1639.0 20.0 10.0
3805.0 1736.0 20.0 10.0
3756.0 1835.0 20.0 10.0
1344.0 2433.0 20.0 10.0
1352.0 2440.0 20.0 10.0
2388.0 2899.0 20.0 10.0
4683.0 2788.0 20.0 10.0
4665.0 2775.0 20.0 10.0
2478.0 3925.0 20.0 10.0
2491.0 3901.0 20.0 10.0
2427.0 3584.0 20.0 10.0
4454.0 713.0 20.0 10.0
62.0 2029.0 20.0 10.0
81.0 2036.0 20.0 10.0
4211.0 959.0 20.0 10.0
4200.0 1014.0 20.0 10.0
3154.0 2469.0 20.0 10.0
2209.0 2713.0 20.0 10.0
2211.0 2743.0 20.0 10.0
2235.0 2731.0 20.0 10.0
4246.0 2571.0 20.0 10.0
4827.0 2853.0 20.0 10.0
810.0 2302.0 20.0 10.0
837.0 2290.0 20.0 10.0
2634.0 3177.0 20.0 10.0
2656.0 3175.0 20.0 10.0
2676.0 3172.0 20.0 10.0
2696.0 3169.0 20.0 10.0
4029.0 2122.0 20.0 10.0
2430.0 4292.0 20.0 10.0
2429.0 4274.0 20.0 10.0
2555.0 3510.0 20.0 10.0
2540.0 3491.0 20.0 10.0
2543.0 3464.0 20.0 10.0
2524.0 3443.0 20.0 10.0
2682.0 3143.0 20.0 10.0
2687.0 2467.0 20.0 10.0
3975.0 1812.0 20.0 10.0
3952.0 1808.0 20.0 10.0
4698.0 2790.0 20.0 10.0
4677.0 2768.0 20.0 10.0
2805.0 3418.0 20.0 10.0
2880.0 3105.0 20.0 10.0
2900.0 3084.0 20.0 10.0
3868.0 877.0 20.0 10.0
4204.0 1644.0 20.0 10.0
2974.0 2954.0 20.0 10.0
4242.0 2245.0 20.0 10.0
2705.0 2612.0 20.0 10.0
271.0 2135.0 20.0 10.0
286.0 2135.0 20.0 10.0
305.0 2128.0 20.0 10.0
4299.0 530.0 20.0 10.0
4288.0 559.0 20.0 10.0
2259.0 3720.0 20.0 10.0
2684.0 2482.0 20.0 10.0
2677.0 2506.0 20.0 10.0
2010.0 2690.0 20.0 10.0
2036.0 2683.0 20.0 10.0
2509.0 3913.0 20.0 10.0
2545.0 3828.0 20.0 10.0
3044.0 3208.0 20.0 10.0
3043.0 3194.0 20.0 10.0
2205.0 3447.0 20.0 10.0
2232.0 3450.0 20.0 10.0
4233.0 1619.0 20.0 10.0
4886.0 2884.0 20.0 10.0
860.0 2330.0 20.0 10.0
872.0 2323.0 20.0 10.0
895.0 2313.0 20.0 10.0
4897.0 71.0 20.0 10.0
4881.0 89.0 20.0 10.0
4864.0 111.0 20.0 10.0
4844.0 138.0 20.0 10.0
2327.0 2793.0 20.0 10.0
2337.0 2791.0 20.0 10.0
2355.0 2786.0 20.0 10.0
4309.0 783.0 20.0 10.0
4301.0 785.0 20.0 10.0
3984.0 2427.0 20.0 10.0
4299.0 2607.0 20.0 10.0
2203.0 4617.0 20.0 10.0
2205.0 4583.0 20.0 10.0
2442.0 2877.0 20.0 10.0
851.0 2332.0 20.0 10.0
4183.0 1649.0 20.0 10.0
4167.0 1671.0 20.0 10.0
4142.0 1688.0 20.0 10.0
4131.0 1697.0 20.0 10.0
2612.0 3183.0 20.0 10.0
2622.0 3181.0 20.0 10.0
2407.0 3349.0 20.0 10.0
3269.0 2440.0 20.0 10.0
2799.0 3394.0 20.0 10.0
2783.0 3399.0 20.0 10.0
1878.0 2618.0 20.0 10.0
1938.0 2635.0 20.0 10.0
2000.0 2656.0 20.0 10.0
2064.0 2675.0 20.0 10.0
2131.0 2694.0 20.0 10.0
4049.0 1468.0 20.0 10.0
4068.0 1486.0 20.0 10.0
4056.0 1498.0 20.0 10.0
4044.0 1509.0 20.0 10.0
4032.0 1519.0 20.0 10.0
3962.0 1558.0 20.0 10.0
3939.0 1564.0 20.0 10.0
3953.0 1588.0 20.0 10.0
3924.0 1592.0 20.0 10.0
2419.0 4382.0 20.0 10.0
3872.0 1619.0 20.0 10.0
2529.0 3924.0 20.0 10.0
2361.0 3513.0 20.0 10.0
2376.0 3485.0 20.0 10.0
3705.0 1790.0 20.0 10.0
3701.0 1802.0 20.0 10.0
2128.0 4770.0 20.0 10.0
4623.0 414.0 20.0 10.0
1917.0 2663.0 20.0 10.0
1939.0 2666.0 20.0 10.0
1967.0 2657.0 20.0 10.0
2332.0 2717.0 20.0 10.0
2349.0 2728.0 20.0 10.0
1201.0 2419.0 20.0 10.0
1265.0 2438.0 20.0 10.0
1329.0 2456.0 20.0 10.0
2695.0 2651.0 20.0 10.0
2282.0 4349.0 20.0 10.0
2303.0 4330.0 20.0 10.0
2295.0 3621.0 20.0 10.0
2308.0 3604.0 20.0 10.0
4442.0 729.0 20.0 10.0
4427.0 746.0 20.0 10.0
4392.0 798.0 20.0 10.0
4355.0 850.0 20.0 10.0
4316.0 904.0 20.0 10.0
4276.0 957.0 20.0 10.0
2529.0 3950.0 20.0 10.0
2536.0 3923.0 20.0 10.0
2749.0 3149.0 20.0 10.0
2765.0 3129.0 20.0 10.0
2124.0 4814.0 20.0 10.0
2136.0 4786.0 20.0 10.0
2140.0 4752.0 20.0 10.0
2156.0 4720.0 20.0 10.0
2577.0 2756.0 20.0 10.0
4340.0 2626.0 20.0 10.0
4320.0 2612.0 20.0 10.0
2497.0 3889.0 20.0 10.0
2907.0 3063.0 20.0 10.0
2926.0 3087.0 20.0 10.0
3941.0 1128.0 20.0 10.0
4279.0 617.0 20.0 10.0
2671.0 3638.0 20.0 10.0
2673.0 3629.0 20.0 10.0
2670.0 3611.0 20.0 10.0
2657.0 3588.0 20.0 10.0
4970.0 2920.0 20.0 10.0
4945.0 2908.0 20.0 10.0
4924.0 2890.0 20.0 10.0
4906.0 2867.0 20.0 10.0
4876.0 2860.0 20.0 10.0
4660.0 403.0 20.0 10.0
4285.0 2227.0 20.0 10.0
4136.0 2482.0 20.0 10.0
4107.0 2488.0 20.0 10.0
4083.0 2479.0 20.0 10.0
738.0 2291.0 20.0 10.0
752.0 2266.0 20.0 10.0
2363.0 4351.0 20.0 10.0
2383.0 4330.0 20.0 10.0
2410.0 4324.0 20.0 10.0
2420.0 4303.0 20.0 10.0
4201.0 2230.0 20.0 10.0
4178.0 2222.0 20.0 10.0
3594.0 2126.0 20.0 10.0
3591.0 2131.0 20.0 10.0
3534.0 2231.0 20.0 10.0
3446.0 2316.0 20.0 10.0
2753.0 3398.0 20.0 10.0
2765.0 3407.0 20.0 10.0
2819.0 3328.0 20.0 10.0
347.0 2094.0 20.0 10.0
2702.0 2584.0 20.0 10.0
3894.0 2369.0 20.0 10.0
4585.0 2737.0 20.0 10.0
3968.0 1142.0 20.0 10.0
4219.0 1633.0 20.0 10.0
4134.0 2508.0 20.0 10.0
3031.0 3160.0 20.0 10.0
2680.0 3690.0 20.0 10.0
2682.0 3672.0 20.0 10.0
4625.0 2737.0 20.0 10.0
3412.0 2357.0 20.0 10.0
4249.0 2577.0 20.0 10.0
4860.0 95.0 20.0 10.0
4847.0 119.0 20.0 10.0
4835.0 143.0 20.0 10.0
195.0 2054.0 20.0 10.0
3122.0 3065.0 20.0 10.0
3101.0 3051.0 20.0 10.0
4068.0 2469.0 20.0 10.0
3263.0 2573.0 20.0 10.0
3311.0 2487.0 20.0 10.0
4101.0 1671.0 20.0 10.0
3105.0 2943.0 20.0 10.0
4533.0 596.0 20.0 10.0
4517.0 597.0 20.0 10.0
4490.0 646.0 20.0 10.0
4461.0 696.0 20.0 10.0
4563.0 485.0 20.0 10.0
4570.0 505.0 20.0 10.0
3911.0 1566.0 20.0 10.0
3929.0 1576.0 20.0 10.0
3861.0 963.0 20.0 10.0
3880.0 979.0 20.0 10.0
2278.0 2951.0 20.0 10.0
2301.0 2951.0 20.0 10.0
2192.0 3463.0 20.0 10.0
2216.0 3461.0 20.0 10.0
2666.0 3601.0 20.0 10.0
4290.0 2063.0 20.0 10.0
4261.0 2056.0 20.0 10.0
4553.0 487.0 20.0 10.0
606.0 2250.0 20.0 10.0
2223.0 4574.0 20.0 10.0
3980.0 2172.0 20.0 10.0
2555.0 3520.0 20.0 10.0
4605.0 504.0 20.0 10.0
4595.0 506.0 20.0 10.0
3541.0 2218.0 20.0 10.0
2265.0 3702.0 20.0 10.0
3905.0 1561.0 20.0 10.0
4233.0 2063.0 20.0 10.0
4194.0 2066.0 20.0 10.0
3620.0 2059.0 20.0 10.0
3612.0 2079.0 20.0 10.0
2801.0 3585.0 20.0 10.0
4589.0 515.0 20.0 10.0
4012.0 1114.0 20.0 10.0
4008.0 1140.0 20.0 10.0
288.0 2072.0 20.0 10.0
299.0 2079.0 20.0 10.0
317.0 2090.0 20.0 10.0
4250.0 753.0 20.0 10.0
4246.0 761.0 20.0 10.0
3631.0 1742.0 20.0 10.0
3658.0 1743.0 20.0 10.0
2748.0 3182.0 20.0 10.0
3015.0 3031.0 20.0 10.0
4323.0 2053.0 20.0 10.0
4295.0 2048.0 20.0 10.0
4263.0 2048.0 20.0 10.0
4452.0 2673.0 20.0 10.0
2240.0 3446.0 20.0 10.0
2251.0 3441.0 20.0 10.0
3042.0 2507.0 20.0 10.0
3067.0 2513.0 20.0 10.0
4117.0 2493.0 20.0 10.0
4235.0 2035.0 20.0 10.0
2037.0 2655.0 20.0 10.0
2543.0 3887.0 20.0 10.0
3902.0 969.0 20.0 10.0
2656.0 2472.0 20.0 10.0
2672.0 2490.0 20.0 10.0
3657.0 1703.0 20.0 10.0
3662.0 1732.0 20.0 10.0
3664.0 1768.0 20.0 10.0
3670.0 1803.0 20.0 10.0
2780.0 3569.0 20.0 10.0
2777.0 3560.0 20.0 10.0
3065.0 2505.0 20.0 10.0
3093.0 2517.0 20.0 10.0
4292.0 691.0 20.0 10.0
3982.0 2123.0 20.0 10.0
2337.0 3393.0 20.0 10.0
2607.0 3720.0 20.0 10.0
2613.0 3704.0 20.0 10.0
4243.0 660.0 20.0 10.0
2679.0 3660.0 20.0 10.0
2676.0 3645.0 20.0 10.0
3845.0 2338.0 20.0 10.0
4858.0 2825.0 20.0 10.0
4835.0 2815.0 20.0 10.0
4814.0 2806.0 20.0 10.0
4790.0 2802.0 20.0 10.0
4760.0 2805.0 20.0 10.0
2291.0 2960.0 20.0 10.0
3877.0 928.0 20.0 10.0
3883.0 948.0 20.0 10.0
275.0 2073.0 20.0 10.0
4335.0 2593.0 20.0 10.0
4274.0 2570.0 20.0 10.0
3837.0 2346.0 20.0 10.0
4284.0 710.0 20.0 10.0
4255.0 720.0 20.0 10.0
4237.0 759.0 20.0 10.0
3999.0 1061.0 20.0 10.0
4014.0 1086.0 20.0 10.0
4233.0 2003.0 20.0 10.0
4208.0 2521.0 20.0 10.0
4187.0 2510.0 20.0 10.0
3912.0 1070.0 20.0 10.0
2917.0 2595.0 20.0 10.0
2847.0 3396.0 20.0 10.0
2833.0 3412.0 20.0 10.0
2819.0 3415.0 20.0 10.0
2378.0 3370.0 20.0 10.0
4763.0 127.0 20.0 10.0
4217.0 2067.0 20.0 10.0
4196.0 2084.0 20.0 10.0
2261.0 3434.0 20.0 10.0
103.0 2044.0 20.0 10.0
128.0 2053.0 20.0 10.0
160.0 2054.0 20.0 10.0
2332.0 2943.0 20.0 10.0
2354.0 2919.0 20.0 10.0
2472.0 3302.0 20.0 10.0
4031.0 2454.0 20.0 10.0
160.0 2037.0 20.0 10.0
3958.0 1539.0 20.0 10.0
3983.0 1550.0 20.0 10.0
2582.0 3742.0 20.0 10.0
3099.0 2917.0 20.0 10.0
4301.0 1982.0 20.0 10.0
4282.0 2000.0 20.0 10.0
3627.0 1706.0 20.0 10.0
2823.0 3363.0 20.0 10.0
2809.0 3381.0 20.0 10.0
2466.0 4114.0 20.0 10.0
2478.0 4068.0 20.0 10.0
2490.0 4021.0 20.0 10.0
2499.0 3969.0 20.0 10.0
3007.0 3056.0 20.0 10.0
2990.0 3055.0 20.0 10.0
3868.0 899.0 20.0 10.0
3872.0 913.0 20.0 10.0
4219.0 2019.0 20.0 10.0
4193.0 2028.0 20.0 10.0
2187.0 4663.0 20.0 10.0
242.0 2135.0 20.0 10.0
255.0 2136.0 20.0 10.0
2577.0 3825.0 20.0 10.0
2576.0 3814.0 20.0 10.0
2576.0 3801.0 20.0 10.0
2353.0 4328.0 20.0 10.0
3670.0 1778.0 20.0 10.0
46.0 2023.0 20.0 10.0
2458.0 3017.0 20.0 10.0
2457.0 3090.0 20.0 10.0
2460.0 3161.0 20.0 10.0
2411.0 4336.0 20.0 10.0
2295.0 3633.0 20.0 10.0
2112.0 4708.0 20.0 10.0
2126.0 4685.0 20.0 10.0
2355.0 4312.0 20.0 10.0
3663.0 1833.0 20.0 10.0
3678.0 1839.0 20.0 10.0
2197.0 4634.0 20.0 10.0
2891.0 3262.0 20.0 10.0
2871.0 3249.0 20.0 10.0
2924.0 3170.0 20.0 10.0
4104.0 1441.0 20.0 10.0
4142.0 2516.0 20.0 10.0
2427.0 4309.0 20.0 10.0
4571.0 2705.0 20.0 10.0
2281.0 3654.0 20.0 10.0
567.0 2244.0 20.0 10.0
2379.0 3646.0 20.0 10.0
3065.0 2901.0 20.0 10.0
3887.0 990.0 20.0 10.0
4671.0 386.0 20.0 10.0
2542.0 3911.0 20.0 10.0
219.0 2134.0 20.0 10.0
3698.0 1912.0 20.0 10.0
3698.0 1900.0 20.0 10.0
3706.0 1932.0 20.0 10.0
3649.0 2032.0 20.0 10.0
2796.0 3147.0 20.0 10.0
2788.0 3119.0 20.0 10.0
2814.0 3128.0 20.0 10.0
2825.0 3105.0 20.0 10.0
2852.0 3111.0 20.0 10.0
3198.0 2760.0 20.0 10.0
2577.0 3782.0 20.0 10.0
4591.0 439.0 20.0 10.0
4596.0 458.0 20.0 10.0
4267.0 652.0 20.0 10.0
4264.0 683.0 20.0 10.0
2359.0 2737.0 20.0 10.0
4932.0 25.0 20.0 10.0
4922.0 38.0 20.0 10.0
4910.0 54.0 20.0 10.0
230.0 2134.0 20.0 10.0
3356.0 2401.0 20.0 10.0
345.0 2085.0 20.0 10.0
4859.0 119.0 20.0 10.0
2560.0 3505.0 20.0 10.0
2496.0 3469.0 20.0 10.0
4249.0 1601.0 20.0 10.0
3997.0 1510.0 20.0 10.0
4010.0 2193.0 20.0 10.0
3956.0 2192.0 20.0 10.0
3828.0 1880.0 20.0 10.0
4615.0 474.0 20.0 10.0
4607.0 479.0 20.0 10.0
4593.0 484.0 20.0 10.0
3216.0 2771.0 20.0 10.0
3766.0 2198.0 20.0 10.0
325.0 2142.0 20.0 10.0
2519.0 3887.0 20.0 10.0
3100.0 2966.0 20.0 10.0
3417.0 2348.0 20.0 10.0
3428.0 2330.0 20.0 10.0
4257.0 988.0 20.0 10.0
2411.0 3601.0 20.0 10.0
3624.0 2047.0 20.0 10.0
2324.0 2936.0 20.0 10.0
2726.0 3164.0 20.0 10.0
2728.0 3133.0 20.0 10.0
2439.0 3325.0 20.0 10.0
4180.0 1675.0 20.0 10.0
4168.0 1683.0 20.0 10.0
4156.0 1690.0 20.0 10.0
4138.0 1709.0 20.0 10.0
4840.0 157.0 20.0 10.0
3898.0 1866.0 20.0 10.0
4564.0 2726.0 20.0 10.0
3976.0 1054.0 20.0 10.0
582.0 2246.0 20.0 10.0
3810.0 2217.0 20.0 10.0
3786.0 2229.0 20.0 10.0
3763.0 2224.0 20.0 10.0
2365.0 4306.0 20.0 10.0
2376.0 4296.0 20.0 10.0
2402.0 4287.0 20.0 10.0
2303.0 2954.0 20.0 10.0
2399.0 4371.0 20.0 10.0
2407.0 4347.0 20.0 10.0
4022.0 1339.0 20.0 10.0
3897.0 1597.0 20.0 10.0
3877.0 1614.0 20.0 10.0
4240.0 708.0 20.0 10.0
4239.0 727.0 20.0 10.0
2325.0 2786.0 20.0 10.0
2118.0 4710.0 20.0 10.0
2392.0 3626.0 20.0 10.0
2406.0 3609.0 20.0 10.0
2910.0 3110.0 20.0 10.0
2333.0 4263.0 20.0 10.0
2367.0 4196.0 20.0 10.0
2402.0 4127.0 20.0 10.0
2437.0 4057.0 20.0 10.0
2473.0 3986.0 20.0 10.0
4187.0 1655.0 20.0 10.0
4325.0 1982.0 20.0 10.0
4025.0 1388.0 20.0 10.0
2409.0 4419.0 20.0 10.0
2415.0 4395.0 20.0 10.0
3942.0 1139.0 20.0 10.0
4678.0 2741.0 20.0 10.0
4655.0 2749.0 20.0 10.0
