1000
91.0 83.0 20.0 10.0
102.0 108.0 20.0 10.0
93.0 96.0 20.0 10.0
85.0 93.0 20.0 10.0
97.0 89.0 20.0 10.0
86.0 94.0 20.0 10.0
100.0 79.0 20.0 10.0
96.0 97.0 20.0 10.0
80.0 95.0 20.0 10.0
93.0 101.0 20.0 10.0
89.0 83.0 20.0 10.0
102.0 92.0 20.0 10.0
97.0 91.0 20.0 10.0
97.0 86.0 20.0 10.0
107.0 112.0 20.0 10.0
94.0 103.0 20.0 10.0
96.0 90.0 20.0 10.0
78.0 97.0 20.0 10.0
85.0 96.0 20.0 10.0
74.0 84.0 20.0 10.0
106.0 91.0 20.0 10.0
84.0 89.0 20.0 10.0
78.0 109.0 20.0 10.0
98.0 101.0 20.0 10.0
107.0 79.0 20.0 10.0
94.0 71.0 20.0 10.0
88.0 78.0 20.0 10.0
92.0 86.0 20.0 10.0
83.0 90.0 20.0 10.0
106.0 82.0 20.0 10.0
83.0 82.0 20.0 10.0
102.0 94.0 20.0 10.0
71.0 63.0 20.0 10.0
84.0 85.0 20.0 10.0
94.0 81.0 20.0 10.0
99.0 81.0 20.0 10.0
102.0 84.0 20.0 10.0
100.0 90.0 20.0 10.0
88.0 95.0 20.0 10.0
93.0 89.0 20.0 10.0
78.0 84.0 20.0 10.0
101.0 100.0 20.0 10.0
88.0 68.0 20.0 10.0
94.0 105.0 20.0 10.0
89.0 105.0 20.0 10.0
119.0 87.0 20.0 10.0
84.0 55.0 20.0 10.0
91.0 74.0 20.0 10.0
95.0 97.0 20.0 10.0
103.0 83.0 20.0 10.0
110.0 106.0 20.0 10.0
83.0 108.0 20.0 10.0
91.0 89.0 20.0 10.0
103.0 112.0 20.0 10.0
113.0 90.0 20.0 10.0
108.0 95.0 20.0 10.0
93.0 99.0 20.0 10.0
80.0999984741211 95.0 20.0 10.0
105.0 76.0 20.0 10.0
77.0 71.0 20.0 10.0
106.0 87.0 20.0 10.0
76.0 102.0 20.0 10.0
98.0 87.0 20.0 10.0
71.0 94.0 20.0 10.0
114.0 105.0 20.0 10.0
107.0 93.0 20.0 10.0
114.0 114.0 20.0 10.0
74.0 98.0 20.0 10.0
111.0 80.0 20.0 10.0
84.0 117.0 20.0 10.0
93.0 68.0 20.0 10.0
92.0 97.0 20.0 10.0
89.0 70.0 20.0 10.0
82.0 67.0 20.0 10.0
102.0 97.0 20.0 10.0
84.0 106.0 20.0 10.0
110.0 96.0 20.0 10.0
85.0 119.0 20.0 10.0
112.0 56.0 20.0 10.0
90.0 92.0 20.0 10.0
93.0 115.0 20.0 10.0
119.0 100.0 20.0 10.0
93.0 82.0 20.0 10.0
90.0 121.0 20.0 10.0
107.0 102.0 20.0 10.0
81.0 99.0 20.0 10.0
85.0 115.0 20.0 10.0
91.0 114.0 20.0 10.0
100.0 117.0 20.0 10.0
75.0 125.0 20.0 10.0
105.0 59.0 20.0 10.0
81.0 96.0 20.0 10.0
104.0 89.0 20.0 10.0
71.0 113.0 20.0 10.0
100.0 92.0 20.0 10.0
77.0 98.0 20.0 10.0
87.0 106.0 20.0 10.0
83.0 78.0 20.0 10.0
95.0 77.0 20.0 10.0
102.0 87.0 20.0 10.0
129.0 90.0 20.0 10.0
122.0 98.0 20.0 10.0
91.0 78.0 20.0 10.0
78.0 128.0 20.0 10.0
105.0 99.0 20.0 10.0
114.0 125.0 20.0 10.0
88.0 89.0 20.0 10.0
74.0 104.0 20.0 10.0
107.0 81.0 20.0 10.0
53.0 75.0 20.0 10.0
90.0 91.0 20.0 10.0
81.0 92.0 20.0 10.0
76.0 121.0 20.0 10.0
117.0 74.0 20.0 10.0
85.0 71.0 20.0 10.0
83.0 119.0 20.0 10.0
74.0 81.0 20.0 10.0
120.0 85.0 20.0 10.0
103.0 108.0 20.0 10.0
114.0 103.0 20.0 10.0
132.0 83.0 20.0 10.0
110.0 88.0 20.0 10.0
79.0 83.0 20.0 10.0
101.0 82.0 20.0 10.0
103.0 129.0 20.0 10.0
54.0 106.0 20.0 10.0
95.0 59.0 20.0 10.0
73.0 76.0 20.0 10.0
87.0 85.0 20.0 10.0
67.0 78.0 20.0 10.0
81.0 102.0 20.0 10.0
127.0 63.0 20.0 10.0
75.0 106.0 20.0 10.0
71.0 101.0 20.0 10.0
104.0 119.0 20.0 10.0
91.0 100.0 20.0 10.0
98.0 110.0 20.0 10.0
99.0 74.0 20.0 10.0
69.0 98.0 20.0 10.0
117.0 110.0 20.0 10.0
115.0 102.0 20.0 10.0
64.0 84.0 20.0 10.0
118.0 83.0 20.0 10.0
78.0 82.0 20.0 10.0
100.0 110.0 20.0 10.0
81.0 85.0 20.0 10.0
95.0 94.0 20.0 10.0
98.0 83.0 20.0 10.0
67.0 86.0 20.0 10.0
91.0 104.0 20.0 10.0
96.0 84.0 20.0 10.0
120.0 83.0 20.0 10.0
99.0 121.0 20.0 10.0
82.0 72.0 20.0 10.0
62.0 66.0 20.0 10.0
128.0 110.0 20.0 10.0
79.0 104.0 20.0 10.0
59.0 95.0 20.0 10.0
114.0 104.0 20.0 10.0
89.0 98.0 20.0 10.0
136.0 86.0 20.0 10.0
129.0 102.0 20.0 10.0
73.0 110.0 20.0 10.0
114.0 96.0 20.0 10.0
105.0 114.0 20.0 10.0
66.0 103.0 20.0 10.0
109.0 126.0 20.0 10.0
103.0 113.0 20.0 10.0
99.0 115.0 20.0 10.0
77.0 93.0 20.0 10.0
85.0 64.0 20.0 10.0
67.0 107.0 20.0 10.0
94.0 128.0 20.0 10.0
97.0 100.0 20.0 10.0
90.0 66.0 20.0 10.0
112.0 75.0 20.0 10.0
77.0 92.0 20.0 10.0
108.0 96.0 20.0 10.0
107.0 121.0 20.0 10.0
78.0 117.0 20.0 10.0
82.0 75.0 20.0 10.0
63.0 116.0 20.0 10.0
91.0 86.0 20.0 10.0
96.0 86.0 20.0 10.0
80.0 78.0 20.0 10.0
115.0 72.0 20.0 10.0
86.0 82.0 20.0 10.0
83.0 105.0 20.0 10.0
101.0 85.0 20.0 10.0
63.0 86.0 20.0 10.0
139.0 97.0 20.0 10.0
68.0 100.0 20.0 10.0
69.0 81.0 20.0 10.0
129.0 65.0 20.0 10.0
105.0 124.0 20.0 10.0
100.0 103.0 20.0 10.0
61.0 60.0 20.0 10.0
115.0 73.0 20.0 10.0
82.0 88.0 20.0 10.0
111.0 121.0 20.0 10.0
101.0 95.0 20.0 10.0
130.0 75.0 20.0 10.0
112.0 80.0 20.0 10.0
118.0 85.0 20.0 10.0
133.0 125.0 20.0 10.0
55.0 84.0 20.0 10.0
104.0 103.0 20.0 10.0
99.0 71.0 20.0 10.0
73.0 87.0 20.0 10.0
104.0 91.0 20.0 10.0
49.0 68.0 20.0 10.0
65.0 106.0 20.0 10.0
85.0 68.0 20.0 10.0
67.0 129.0 20.0 10.0
67.0 73.0 20.0 10.0
70.0 74.0 20.0 10.0
126.0 83.0 20.0 10.0
69.0 92.0 20.0 10.0
84.0 61.0 20.0 10.0
60.0 78.0 20.0 10.0
97.0 77.0 20.0 10.0
86.0 93.0 20.0 10.0
129.0 72.0 20.0 10.0
74.0 96.0 20.0 10.0
97.0 112.0 20.0 10.0
64.0 82.0 20.0 10.0
113.0 129.0 20.0 10.0
88.0 76.0 20.0 10.0
83.0 67.0 20.0 10.0
69.0 75.0 20.0 10.0
60.0 109.0 20.0 10.0
84.0 121.0 20.0 10.0
71.0 109.0 20.0 10.0
62.0 90.0 20.0 10.0
130.0 84.0 20.0 10.0
112.0 82.0 20.0 10.0
108.0 55.0 20.0 10.0
125.0 122.0 20.0 10.0
111.0 47.0 20.0 10.0
76.0 82.0 20.0 10.0
129.0 88.0 20.0 10.0
103.0 98.0 20.0 10.0
140.0 74.0 20.0 10.0
100.0 66.0 20.0 10.0
59.0 87.0 20.0 10.0
106.0 109.0 20.0 10.0
98.0 98.0 20.0 10.0
121.0 140.0 20.0 10.0
105.0 62.0 20.0 10.0
58.0 78.0 20.0 10.0
119.0 123.0 20.0 10.0
65.0 53.0 20.0 10.0
68.0 118.0 20.0 10.0
109.0 116.0 20.0 10.0
63.0 107.0 20.0 10.0
97.0 82.0 20.0 10.0
115.0 123.0 20.0 10.0
72.0 59.0 20.0 10.0
75.0 140.0 20.0 10.0
94.0 62.0 20.0 10.0
123.0 116.0 20.0 10.0
80.0 141.0 20.0 10.0
93.0 50.0 20.0 10.0
80.0 118.0 20.0 10.0
50.0 105.0 20.0 10.0
88.0 81.0 20.0 10.0
119.0 78.0 20.0 10.0
72.0 134.0 20.0 10.0
132.0 72.0 20.0 10.0
130.0 93.0 20.0 10.0
96.0 58.0 20.0 10.0
62.0 102.0 20.0 10.0
126.0 113.0 20.0 10.0
134.0 81.0 20.0 10.0
87.0 63.0 20.0 10.0
45.0 117.0 20.0 10.0
70.0 56.0 20.0 10.0
95.0 115.0 20.0 10.0
122.0 63.0 20.0 10.0
99.0 57.0 20.0 10.0
107.0 85.0 20.0 10.0
111.0 102.0 20.0 10.0
79.0 131.0 20.0 10.0
132.0 104.0 20.0 10.0
144.0 113.0 20.0 10.0
78.0 142.0 20.0 10.0
94.0 131.0 20.0 10.0
107.0 72.0 20.0 10.0
63.0 63.0 20.0 10.0
48.0 87.0 20.0 10.0
87.0 100.0 20.0 10.0
124.0 112.0 20.0 10.0
65.0 60.0 20.0 10.0
107.0 99.0 20.0 10.0
113.0 91.0 20.0 10.0
82.0 58.0 20.0 10.0
75.0 113.0 20.0 10.0
76.0 96.0 20.0 10.0
68.0 136.0 20.0 10.0
149.0 106.0 20.0 10.0
113.0 68.0 20.0 10.0
115.0 99.0 20.0 10.0
52.0 96.0 20.0 10.0
105.0 47.0 20.0 10.0
51.0 78.0 20.0 10.0
93.0 79.0 20.0 10.0
65.0 110.0 20.0 10.0
127.0 109.0 20.0 10.0
105.0 116.0 20.0 10.0
96.0 74.0 20.0 10.0
108.0 64.0 20.0 10.0
53.0 105.0 20.0 10.0
96.0 68.0 20.0 10.0
130.0 81.0 20.0 10.0
105.0 68.0 20.0 10.0
49.0 102.0 20.0 10.0
66.0 98.0 20.0 10.0
70.0 130.0 20.0 10.0
107.0 97.0 20.0 10.0
102.0 128.0 20.0 10.0
98.0 66.0 20.0 10.0
81.0 61.0 20.0 10.0
92.0 139.0 20.0 10.0
116.0 79.0 20.0 10.0
68.0 77.0 20.0 10.0
124.0 80.0 20.0 10.0
76.0 128.0 20.0 10.0
145.0 78.0 20.0 10.0
68.0 49.0 20.0 10.0
67.0 123.0 20.0 10.0
61.0 82.0 20.0 10.0
74.0 101.0 20.0 10.0
84.0 136.0 20.0 10.0
77.0 116.0 20.0 10.0
98.0 129.0 20.0 10.0
73.0 78.0 20.0 10.0
133.0 89.0 20.0 10.0
72.0 63.0 20.0 10.0
116.0 116.0 20.0 10.0
86.0 58.0 20.0 10.0
67.0 83.0 20.0 10.0
79.0 67.0 20.0 10.0
122.0 94.0 20.0 10.0
73.0 73.0 20.0 10.0
96.0 130.0 20.0 10.0
125.0 114.0 20.0 10.0
45.0 68.0 20.0 10.0
52.0 103.0 20.0 10.0
119.0 89.0 20.0 10.0
124.0 78.0 20.0 10.0
101.0 124.0 20.0 10.0
116.0 92.0 20.0 10.0
126.0 68.0 20.0 10.0
125.0 93.0 20.0 10.0
90.0 142.0 20.0 10.0
102.0 67.0 20.0 10.0
122.0 82.0 20.0 10.0
133.0 122.0 20.0 10.0
67.0 90.0 20.0 10.0
102.0 116.0 20.0 10.0
83.0 74.0 20.0 10.0
87.0 131.0 20.0 10.0
80.0 41.0 20.0 10.0
68.0 88.0 20.0 10.0
113.0 135.0 20.0 10.0
56.0 124.0 20.0 10.0
108.0 91.0 20.0 10.0
74.0 115.0 20.0 10.0
65.0 65.0 20.0 10.0
123.0 110.0 20.0 10.0
50.0 72.0 20.0 10.0
83.0 40.0 20.0 10.0
92.0 57.0 20.0 10.0
137.0 102.0 20.0 10.0
137.0 104.0 20.0 10.0
75.0 76.0 20.0 10.0
108.0 79.0 20.0 10.0
75.0 53.0 20.0 10.0
55.0 100.0 20.0 10.0
120.0 120.0 20.0 10.0
103.0 56.0 20.0 10.0
118.0 129.0 20.0 10.0
114.0 84.0 20.0 10.0
93.0 54.0 20.0 10.0
58.0 101.0 20.0 10.0
38.0 91.0 20.0 10.0
65.0 79.0 20.0 10.0
89.0 55.0 20.0 10.0
47.0 60.0 20.0 10.0
121.0 55.0 20.0 10.0
47.0 98.0 20.0 10.0
86.0 65.0 20.0 10.0
77.0 58.0 20.0 10.0
96.0 56.0 20.0 10.0
89.0 61.0 20.0 10.0
80.0 62.0 20.0 10.0
149.0 98.0 20.0 10.0
56.0 110.0 20.0 10.0
83.0 132.0 20.0 10.0
73.0 91.0 20.0 10.0
99.0 53.0 20.0 10.0
61.0 73.0 20.0 10.0
50.0 71.0 20.0 10.0
113.0 87.0 20.0 10.0
59.0 63.0 20.0 10.0
115.0 120.0 20.0 10.0
131.0 56.0 20.0 10.0
81.0 132.0 20.0 10.0
103.0 122.0 20.0 10.0
48.0 125.0 20.0 10.0
51.0 92.0 20.0 10.0
64.0 88.0 20.0 10.0
58.0 83.0 20.0 10.0
91.0 54.0 20.0 10.0
90.0 130.0 20.0 10.0
95.0 120.0 20.0 10.0
65.0 47.0 20.0 10.0
125.0 88.0 20.0 10.0
137.0 74.0 20.0 10.0
116.0 118.0 20.0 10.0
100.0 142.0 20.0 10.0
75.0 68.0 20.0 10.0
104.0 78.0 20.0 10.0
135.0 91.0 20.0 10.0
127.0 75.0 20.0 10.0
80.0 111.0 20.0 10.0
87.0 72.0 20.0 10.0
57.0 112.0 20.0 10.0
97.0 80.0 20.0 10.0
67.0 71.0 20.0 10.0
95.0 44.0 20.0 10.0
116.0 89.0 20.0 10.0
100.0 58.0 20.0 10.0
60.0 98.0 20.0 10.0
134.0 75.0 20.0 10.0
42.0 80.0 20.0 10.0
56.0 75.0 20.0 10.0
49.0 92.0 20.0 10.0
143.0 92.0 20.0 10.0
59.0 122.0 20.0 10.0
57.0 64.0 20.0 10.0
71.0 123.0 20.0 10.0
126.0 103.0 20.0 10.0
106.0 131.0 20.0 10.0
57.0 103.0 20.0 10.0
84.0 129.0 20.0 10.0
117.0 60.0 20.0 10.0
122.0 68.0 20.0 10.0
80.0 138.0 20.0 10.0
74.0 112.0 20.0 10.0
102.0 60.0 20.0 10.0
70.0 79.0 20.0 10.0
76.0 119.0 20.0 10.0
70.0 132.0 20.0 10.0
129.0 113.0 20.0 10.0
72.0 82.0 20.0 10.0
127.0 115.0 20.0 10.0
112.0 38.0 20.0 10.0
63.0 68.0 20.0 10.0
40.0 98.0 20.0 10.0
70.0 46.0 20.0 10.0
107.0 105.0 20.0 10.0
87.0 140.0 20.0 10.0
89.0 58.0 20.0 10.0
46.0 83.0 20.0 10.0
79.0 44.0 20.0 10.0
84.0 112.0 20.0 10.0
92.0 128.0 20.0 10.0
69.0 67.0 20.0 10.0
134.0 100.0 20.0 10.0
52.0 66.0 20.0 10.0
110.0 114.0 20.0 10.0
70.0 116.0 20.0 10.0
110.0 122.0 20.0 10.0
56.0 65.0 20.0 10.0
53.0 81.0 20.0 10.0
54.0 98.0 20.0 10.0
53.0 71.0 20.0 10.0
113.0 77.0 20.0 10.0
62.0 99.0 20.0 10.0
121.0 142.0 20.0 10.0
78.0 133.0 20.0 10.0
132.0 119.0 20.0 10.0
102.0 126.0 20.0 10.0
63.0 109.0 20.0 10.0
92.0 51.0 20.0 10.0
119.0 73.0 20.0 10.0
68.0 59.0 20.0 10.0
95.0 63.0 20.0 10.0
79.0 112.0 20.0 10.0
60.0 89.0 20.0 10.0
84.0 127.0 20.0 10.0
45.0 105.0 20.0 10.0
77.0 42.0 20.0 10.0
57.0 115.0 20.0 10.0
58.0 48.0 20.0 10.0
81.0 126.0 20.0 10.0
72.0 129.0 20.0 10.0
70.0 127.0 20.0 10.0
116.0 69.0 20.0 10.0
131.0 99.0 20.0 10.0
108.0 43.0 20.0 10.0
132.0 89.0 20.0 10.0
120.0 58.0 20.0 10.0
92.0 61.0 20.0 10.0
102.0 139.0 20.0 10.0
58.0 95.0 20.0 10.0
135.0 123.0 20.0 10.0
63.0 128.0 20.0 10.0
135.0 66.0 20.0 10.0
86.0 54.0 20.0 10.0
69.0 140.0 20.0 10.0
85.0 134.0 20.0 10.0
125.0 102.0 20.0 10.0
116.0 142.0 20.0 10.0
58.0 105.0 20.0 10.0
125.0 66.0 20.0 10.0
69.0 110.0 20.0 10.0
110.0 51.0 20.0 10.0
64.0 74.0 20.0 10.0
92.0 111.0 20.0 10.0
115.0 88.0 20.0 10.0
56.0 69.0 20.0 10.0
111.0 124.0 20.0 10.0
71.0 50.0 20.0 10.0
137.0 81.0 20.0 10.0
71.0 43.0 20.0 10.0
126.0 63.0 20.0 10.0
80.0 53.0 20.0 10.0
48.0 65.0 20.0 10.0
42.0 91.0 20.0 10.0
69.0 114.0 20.0 10.0
57.0 80.0 20.0 10.0
114.0 60.0 20.0 10.0
108.0 125.0 20.0 10.0
118.0 96.0 20.0 10.0
66.0 52.0 20.0 10.0
96.0 123.0 20.0 10.0
87.0 128.0 20.0 10.0
99.0 65.0 20.0 10.0
121.0 104.0 20.0 10.0
143.0 102.0 20.0 10.0
113.0 53.0 20.0 10.0
66.0 116.0 20.0 10.0
124.0 75.0 20.0 10.0
131.0 127.0 20.0 10.0
124.0 59.0 20.0 10.0
118.0 69.0 20.0 10.0
92.0 121.0 20.0 10.0
64.0 132.0 20.0 10.0
30.0 90.0 20.0 10.0
65.0 93.0 20.0 10.0
100.0 108.0 20.0 10.0
33.0 95.0 20.0 10.0
66.0 138.0 20.0 10.0
130.0 78.0 20.0 10.0
115.0 66.0 20.0 10.0
66.0 100.0 20.0 10.0
100.0 133.0 20.0 10.0
110.0 129.0 20.0 10.0
63.0 121.0 20.0 10.0
124.0 72.0 20.0 10.0
44.0 76.0 20.0 10.0
138.0 134.0 20.0 10.0
46.0 76.0 20.0 10.0
44.0 29.0 20.0 10.0
58.0 108.0 20.0 10.0
58.0 114.0 20.0 10.0
86.0 120.0 20.0 10.0
98.0 43.0 20.0 10.0
82.0 49.0 20.0 10.0
125.0 70.0 20.0 10.0
69.0 120.0 20.0 10.0
99.0 55.0 20.0 10.0
100.0 46.0 20.0 10.0
60.0 142.0 20.0 10.0
56.0 56.0 20.0 10.0
46.0 70.0 20.0 10.0
65.0 137.0 20.0 10.0
49.0 118.0 20.0 10.0
87.0 136.0 20.0 10.0
136.0 83.0 20.0 10.0
134.0 64.0 20.0 10.0
116.0 59.0 20.0 10.0
74.0 121.0 20.0 10.0
100.0 43.0 20.0 10.0
72.0 115.0 20.0 10.0
140.0 108.0 20.0 10.0
72.0 42.0 20.0 10.0
98.0 153.0 20.0 10.0
129.0 119.0 20.0 10.0
61.0 106.0 20.0 10.0
92.0 125.0 20.0 10.0
117.0 113.0 20.0 10.0
122.0 66.0 20.0 10.0
115.0 53.0 20.0 10.0
41.0 114.0 20.0 10.0
124.0 128.0 20.0 10.0
61.0 94.0 20.0 10.0
87.0 117.0 20.0 10.0
39.0 107.0 20.0 10.0
47.0 89.0 20.0 10.0
111.0 119.0 20.0 10.0
53.0 69.0 20.0 10.0
104.0 134.0 20.0 10.0
118.0 71.0 20.0 10.0
119.0 49.0 20.0 10.0
115.0 127.0 20.0 10.0
37.0 70.0 20.0 10.0
50.0 95.0 20.0 10.0
62.0 129.0 20.0 10.0
52.0 62.0 20.0 10.0
36.0 100.0 20.0 10.0
134.0 106.0 20.0 10.0
69.0 65.0 20.0 10.0
118.0 107.0 20.0 10.0
75.0 138.0 20.0 10.0
50.0 87.0 20.0 10.0
86.0 59.0 20.0 10.0
143.0 98.0 20.0 10.0
120.0 61.0 20.0 10.0
39.0 65.0 20.0 10.0
109.0 73.0 20.0 10.0
67.0 143.0 20.0 10.0
113.0 111.0 20.0 10.0
68.0 128.0 20.0 10.0
53.0 118.0 20.0 10.0
53.0 128.0 20.0 10.0
101.0 119.0 20.0 10.0
143.0 70.0 20.0 10.0
50.0 83.0 20.0 10.0
88.0 48.0 20.0 10.0
100.0 131.0 20.0 10.0
115.0 55.0 20.0 10.0
95.0 118.0 20.0 10.0
78.0 64.0 20.0 10.0
79.0 125.0 20.0 10.0
138.0 72.0 20.0 10.0
103.0 135.0 20.0 10.0
81.0 87.0 20.0 10.0
114.0 121.0 20.0 10.0
77.0 56.0 20.0 10.0
54.0 96.0 20.0 10.0
96.0 131.0 20.0 10.0
50.0 96.0 20.0 10.0
71.0 45.0 20.0 10.0
97.0 140.0 20.0 10.0
108.0 49.0 20.0 10.0
73.0 46.0 20.0 10.0
55.0 78.0 20.0 10.0
128.0 99.0 20.0 10.0
122.0 57.0 20.0 10.0
127.0 85.0 20.0 10.0
93.0 140.0 20.0 10.0
109.0 44.0 20.0 10.0
107.0 139.0 20.0 10.0
125.0 108.0 20.0 10.0
60.0 56.0 20.0 10.0
59.0 126.0 20.0 10.0
131.0 125.0 20.0 10.0
96.0 136.0 20.0 10.0
99.0 146.0 20.0 10.0
107.0 142.0 20.0 10.0
125.0 89.0 20.0 10.0
135.0 114.0 20.0 10.0
65.0 30.0 20.0 10.0
128.0 133.0 20.0 10.0
46.0 85.0 20.0 10.0
124.0 40.0 20.0 10.0
76.0 145.0 20.0 10.0
140.0 83.0 20.0 10.0
32.0 113.0 20.0 10.0
87.0 46.0 20.0 10.0
104.0 31.0 20.0 10.0
83.0 47.0 20.0 10.0
65.0 132.0 20.0 10.0
47.0 122.0 20.0 10.0
63.0 54.0 20.0 10.0
118.0 161.0 20.0 10.0
52.0 100.0 20.0 10.0
132.0 115.0 20.0 10.0
114.0 64.0 20.0 10.0
91.0 46.0 20.0 10.0
45.0 109.0 20.0 10.0
66.0 110.0 20.0 10.0
128.0 54.0 20.0 10.0
130.0 105.0 20.0 10.0
119.0 118.0 20.0 10.0
62.0 92.0 20.0 10.0
126.0 105.0 20.0 10.0
146.0 91.0 20.0 10.0
129.0 129.0 20.0 10.0
90.0 69.0 20.0 10.0
79.0 59.0 20.0 10.0
55.0 114.0 20.0 10.0
111.0 66.0 20.0 10.0
60.0 52.0 20.0 10.0
113.0 114.0 20.0 10.0
90.0 132.0 20.0 10.0
142.0 88.0 20.0 10.0
115.0 45.0 20.0 10.0
144.0 65.0 20.0 10.0
110.0 57.0 20.0 10.0
69.0 59.0 20.0 10.0
68.0 105.0 20.0 10.0
108.0 132.0 20.0 10.0
141.0 105.0 20.0 10.0
58.0 67.0 20.0 10.0
107.0 58.0 20.0 10.0
138.0 113.0 20.0 10.0
134.0 86.0 20.0 10.0
40.0 72.0 20.0 10.0
70.0 71.0 20.0 10.0
47.0 106.0 20.0 10.0
143.0 111.0 20.0 10.0
143.0 72.0 20.0 10.0
42.0 85.0 20.0 10.0
111.0 109.0 20.0 10.0
89.0 126.0 20.0 10.0
70.0 164.0 20.0 10.0
63.0 58.0 20.0 10.0
76.0 37.0 20.0 10.0
139.0 119.0 20.0 10.0
132.0 94.0 20.0 10.0
84.0 43.0 20.0 10.0
45.0 124.0 20.0 10.0
137.0 96.0 20.0 10.0
144.0 126.0 20.0 10.0
129.0 116.0 20.0 10.0
130.0 66.0 20.0 10.0
55.0 126.0 20.0 10.0
133.0 67.0 20.0 10.0
69.0 48.0 20.0 10.0
65.0 114.0 20.0 10.0
131.0 76.0 20.0 10.0
36.0 76.0 20.0 10.0
131.0 69.0 20.0 10.0
67.0 63.0 20.0 10.0
74.0 49.0 20.0 10.0
57.0 73.0 20.0 10.0
100.0 50.0 20.0 10.0
131.0 130.0 20.0 10.0
113.0 98.0 20.0 10.0
93.0 157.0 20.0 10.0
130.0 59.0 20.0 10.0
142.0 91.0 20.0 10.0
59.0 92.0 20.0 10.0
58.0 55.0 20.0 10.0
123.0 120.0 20.0 10.0
103.0 75.0 20.0 10.0
86.0 138.0 20.0 10.0
118.0 125.0 20.0 10.0
53.0 89.0 20.0 10.0
49.0 60.0 20.0 10.0
82.0 42.0 20.0 10.0
33.0 111.0 20.0 10.0
80.0 39.0 20.0 10.0
126.0 77.0 20.0 10.0
97.0 133.0 20.0 10.0
145.0 88.0 20.0 10.0
46.0 102.0 20.0 10.0
105.0 139.0 20.0 10.0
40.0 100.0 20.0 10.0
104.0 70.0 20.0 10.0
41.0 119.0 20.0 10.0
98.0 122.0 20.0 10.0
94.0 133.0 20.0 10.0
75.0 127.0 20.0 10.0
129.0 62.0 20.0 10.0
101.0 48.0 20.0 10.0
75.0 46.0 20.0 10.0
56.0 60.0 20.0 10.0
33.0 116.0 20.0 10.0
97.0 149.0 20.0 10.0
124.0 134.0 20.0 10.0
97.0 109.0 20.0 10.0
104.0 49.0 20.0 10.0
142.0 81.0 20.0 10.0
94.0 48.0 20.0 10.0
44.0 100.0 20.0 10.0
107.0 129.0 20.0 10.0
127.0 121.0 20.0 10.0
72.0 66.0 20.0 10.0
80.0 31.0 20.0 10.0
117.0 152.0 20.0 10.0
86.0 150.0 20.0 10.0
49.0 135.0 20.0 10.0
66.0 128.0 20.0 10.0
53.0 86.0 20.0 10.0
117.0 62.0 20.0 10.0
118.0 136.0 20.0 10.0
137.0 77.0 20.0 10.0
131.0 112.0 20.0 10.0
92.0 44.0 20.0 10.0
115.0 51.0 20.0 10.0
110.0 40.0 20.0 10.0
65.0 41.0 20.0 10.0
110.0 142.0 20.0 10.0
124.0 131.0 20.0 10.0
87.0 126.0 20.0 10.0
166.0 84.0 20.0 10.0
81.0 106.0 20.0 10.0
88.0 39.0 20.0 10.0
97.0 106.0 20.0 10.0
133.0 107.0 20.0 10.0
133.0 99.0 20.0 10.0
128.0 81.0 20.0 10.0
48.0 75.0 20.0 10.0
49.0 109.0 20.0 10.0
135.0 109.0 20.0 10.0
122.0 74.0 20.0 10.0
122.0 114.0 20.0 10.0
52.0 121.0 20.0 10.0
66.0 121.0 20.0 10.0
77.0 47.0 20.0 10.0
74.0 59.0 20.0 10.0
62.0 131.0 20.0 10.0
113.0 138.0 20.0 10.0
46.0 113.0 20.0 10.0
57.0 88.0 20.0 10.0
79.0 34.0 20.0 10.0
140.0 118.0 20.0 10.0
56.0 120.0 20.0 10.0
55.0 52.0 20.0 10.0
122.0 128.0 20.0 10.0
41.0 77.0 20.0 10.0
88.0 145.0 20.0 10.0
76.0 70.0 20.0 10.0
125.0 124.0 20.0 10.0
117.0 38.0 20.0 10.0
50.0 113.0 20.0 10.0
148.0 94.0 20.0 10.0
121.0 110.0 20.0 10.0
104.0 150.0 20.0 10.0
118.0 97.0 20.0 10.0
88.0 42.0 20.0 10.0
148.0 79.0 20.0 10.0
122.0 102.0 20.0 10.0
141.0 78.0 20.0 10.0
142.0 93.0 20.0 10.0
70.0 52.0 20.0 10.0
88.0 111.0 20.0 10.0
45.0 53.0 20.0 10.0
61.0 113.0 20.0 10.0
118.0 56.0 20.0 10.0
36.0 104.0 20.0 10.0
60.0 44.0 20.0 10.0
53.0 133.0 20.0 10.0
117.0 41.0 20.0 10.0
56.0 133.0 20.0 10.0
164.0 110.0 20.0 10.0
139.0 76.0 20.0 10.0
80.0 47.0 20.0 10.0
83.0 121.0 20.0 10.0
92.0 34.0 20.0 10.0
133.0 112.0 20.0 10.0
109.0 29.0 20.0 10.0
33.0 48.0 20.0 10.0
64.0 76.0 20.0 10.0
75.0 44.0 20.0 10.0
94.0 159.0 20.0 10.0
122.0 79.0 20.0 10.0
102.0 50.0 20.0 10.0
142.0 121.0 20.0 10.0
140.0 95.0 20.0 10.0
85.0 29.0 20.0 10.0
107.0 43.0 20.0 10.0
54.0 134.0 20.0 10.0
66.0 56.0 20.0 10.0
50.0 85.0 20.0 10.0
37.0 131.0 20.0 10.0
134.0 71.0 20.0 10.0
108.0 25.0 20.0 10.0
126.0 48.0 20.0 10.0
157.0 69.0 20.0 10.0
86.0 143.0 20.0 10.0
132.0 137.0 20.0 10.0
119.0 64.0 20.0 10.0
90.0 113.0 20.0 10.0
152.0 103.0 20.0 10.0
98.0 32.0 20.0 10.0
114.0 131.0 20.0 10.0
42.0 83.0 20.0 10.0
126.0 119.0 20.0 10.0
120.0 66.0 20.0 10.0
88.0 153.0 20.0 10.0
160.0 64.0 20.0 10.0
52.0 57.0 20.0 10.0
152.0 76.0 20.0 10.0
27.0 84.0 20.0 10.0
139.0 111.0 20.0 10.0
51.0 75.0 20.0 10.0
64.0 124.0 20.0 10.0
147.0 83.0 20.0 10.0
125.0 54.0 20.0 10.0
121.0 51.0 20.0 10.0
120.0 133.0 20.0 10.0
59.0 48.0 20.0 10.0
55.0 109.0 20.0 10.0
128.0 94.0 20.0 10.0
137.0 69.0 20.0 10.0
58.0 139.0 20.0 10.0
96.0 148.0 20.0 10.0
123.0 92.0 20.0 10.0
57.0 87.0 20.0 10.0
99.0 140.0 20.0 10.0
149.0 87.0 20.0 10.0
155.0 74.0 20.0 10.0
49.0 46.0 20.0 10.0
37.0 84.0 20.0 10.0
48.0 81.0 20.0 10.0
131.0 92.0 20.0 10.0
142.0 53.0 20.0 10.0
96.0 125.0 20.0 10.0
30.0 117.0 20.0 10.0
93.0 28.0 20.0 10.0
98.0 63.0 20.0 10.0
105.0 40.0 20.0 10.0
83.0 141.0 20.0 10.0
110.0 140.0 20.0 10.0
129.0 51.0 20.0 10.0
120.0 116.0 20.0 10.0
46.0 90.0 20.0 10.0
147.0 64.0 20.0 10.0
57.0 141.0 20.0 10.0
121.0 137.0 20.0 10.0
101.0 68.0 20.0 10.0
163.0 96.0 20.0 10.0
86.0 51.0 20.0 10.0
125.0 129.0 20.0 10.0
137.0 54.0 20.0 10.0
133.0 117.0 20.0 10.0
47.0 95.0 20.0 10.0
103.0 47.0 20.0 10.0
50.0 52.0 20.0 10.0
74.0 146.0 20.0 10.0
106.0 57.0 20.0 10.0
71.0 84.0 20.0 10.0
155.0 90.0 20.0 10.0
136.0 63.0 20.0 10.0
154.0 60.0 20.0 10.0
33.0 102.0 20.0 10.0
78.0 107.0 20.0 10.0
146.0 100.0 20.0 10.0
120.0 41.0 20.0 10.0
80.0 146.0 20.0 10.0
110.0 62.0 20.0 10.0
65.0 37.0 20.0 10.0
82.0 147.0 20.0 10.0
25.0 104.0 20.0 10.0
97.0 41.0 20.0 10.0
90.0 151.0 20.0 10.0
56.0 90.0 20.0 10.0
124.0 61.0 20.0 10.0
63.0 97.0 20.0 10.0
36.0 57.0 20.0 10.0
72.0 53.0 20.0 10.0
148.0 98.0 20.0 10.0
90.0 145.0 20.0 10.0
81.0 54.0 20.0 10.0
154.0 115.0 20.0 10.0
33.0 105.0 20.0 10.0
134.0 97.0 20.0 10.0
135.0 121.0 20.0 10.0
146.0 115.0 20.0 10.0
125.0 139.0 20.0 10.0
113.0 71.0 20.0 10.0
137.0 128.0 20.0 10.0
147.0 60.0 20.0 10.0
56.0 139.0 20.0 10.0
126.0 99.0 20.0 10.0
97.0 146.0 20.0 10.0
89.0 137.0 20.0 10.0
110.0 64.0 20.0 10.0
63.0 70.0 20.0 10.0
57.0 147.0 20.0 10.0
143.0 86.0 20.0 10.0
92.0 38.0 20.0 10.0
121.0 38.0 20.0 10.0
127.0 155.0 20.0 10.0
99.0 159.0 20.0 10.0
49.0 129.0 20.0 10.0
152.0 97.0 20.0 10.0
76.0 134.0 20.0 10.0
107.0 50.0 20.0 10.0
40.0 96.0 20.0 10.0
95.0 143.0 20.0 10.0
73.0 122.0 20.0 10.0
111.0 149.0 20.0 10.0
70.0 105.0 20.0 10.0
105.0 52.0 20.0 10.0
85.0 148.0 20.0 10.0
113.0 144.0 20.0 10.0
38.0 87.0 20.0 10.0
97.0 136.0 20.0 10.0
62.0 126.0 20.0 10.0
49.0 110.0 20.0 10.0
132.0 51.0 20.0 10.0
98.0 155.0 20.0 10.0
154.0 111.0 20.0 10.0
