1000
549.0 612.0 20.0 10.0
650.0 739.0 20.0 10.0
761.0 864.0 20.0 10.0
860.0 991.0 20.0 10.0
964.0 1116.0 20.0 10.0
465.0 488.0 20.0 10.0
443.0 382.0 20.0 10.0
835.0 830.0 20.0 10.0
367.0 411.0 20.0 10.0
1074.0 1230.0 20.0 10.0
422.0 355.0 20.0 10.0
433.0 306.0 20.0 10.0
1113.0 1276.0 20.0 10.0
723.0 878.0 20.0 10.0
1183.0 1306.0 20.0 10.0
955.0 1153.0 20.0 10.0
320.0 396.0 20.0 10.0
422.0 302.0 20.0 10.0
433.0 345.0 20.0 10.0
564.0 551.0 20.0 10.0
639.0 704.0 20.0 10.0
334.0 360.0 20.0 10.0
280.0 344.0 20.0 10.0
467.0 605.0 20.0 10.0
1287.0 1377.0 20.0 10.0
540.0 581.0 20.0 10.0
823.0 1026.0 20.0 10.0
222.0 317.0 20.0 10.0
1122.0 1241.0 20.0 10.0
1084.0 1322.0 20.0 10.0
198.0 304.0 20.0 10.0
275.0 388.0 20.0 10.0
1371.0 1427.0 20.0 10.0
178.0 299.0 20.0 10.0
1305.0 1421.0 20.0 10.0
794.0 872.0 20.0 10.0
441.0 588.0 20.0 10.0
585.0 746.0 20.0 10.0
1349.0 1384.0 20.0 10.0
388.0 606.0 20.0 10.0
343.0 617.0 20.0 10.0
779.0 1047.0 20.0 10.0
1451.0 1474.0 20.0 10.0
953.0 1179.0 20.0 10.0
942.0 1187.0 20.0 10.0
1518.0 1516.0 20.0 10.0
887.0 840.0 20.0 10.0
1153.0 1296.0 20.0 10.0
669.0 695.0 20.0 10.0
247.0 320.0 20.0 10.0
739.0 923.0 20.0 10.0
1169.0 1251.0 20.0 10.0
1194.0 1304.0 20.0 10.0
390.0 236.0 20.0 10.0
1579.0 1554.0 20.0 10.0
1217.0 1339.0 20.0 10.0
343.0 381.0 20.0 10.0
449.0 457.0 20.0 10.0
354.0 590.0 20.0 10.0
211.0 280.0 20.0 10.0
896.0 790.0 20.0 10.0
1001.0 1117.0 20.0 10.0
1097.0 1411.0 20.0 10.0
1336.0 1437.0 20.0 10.0
687.0 658.0 20.0 10.0
1118.0 1219.0 20.0 10.0
1361.0 1453.0 20.0 10.0
756.0 885.0 20.0 10.0
912.0 865.0 20.0 10.0
1243.0 1361.0 20.0 10.0
840.0 802.0 20.0 10.0
1378.0 1482.0 20.0 10.0
312.0 331.0 20.0 10.0
829.0 825.0 20.0 10.0
950.0 757.0 20.0 10.0
623.0 766.0 20.0 10.0
147.0 287.0 20.0 10.0
755.0 838.0 20.0 10.0
453.0 581.0 20.0 10.0
362.0 190.0 20.0 10.0
327.0 606.0 20.0 10.0
434.0 247.0 20.0 10.0
303.0 313.0 20.0 10.0
699.0 875.0 20.0 10.0
582.0 494.0 20.0 10.0
932.0 841.0 20.0 10.0
300.0 627.0 20.0 10.0
425.0 312.0 20.0 10.0
291.0 378.0 20.0 10.0
152.0 246.0 20.0 10.0
1361.0 1480.0 20.0 10.0
165.0 221.0 20.0 10.0
599.0 443.0 20.0 10.0
334.0 155.0 20.0 10.0
422.0 234.0 20.0 10.0
1071.0 1254.0 20.0 10.0
752.0 1073.0 20.0 10.0
1078.0 1270.0 20.0 10.0
932.0 1219.0 20.0 10.0
714.0 975.0 20.0 10.0
1206.0 1261.0 20.0 10.0
1390.0 1379.0 20.0 10.0
999.0 724.0 20.0 10.0
1615.0 1570.0 20.0 10.0
355.0 386.0 20.0 10.0
382.0 188.0 20.0 10.0
612.0 755.0 20.0 10.0
266.0 631.0 20.0 10.0
566.0 522.0 20.0 10.0
828.0 1037.0 20.0 10.0
819.0 846.0 20.0 10.0
588.0 465.0 20.0 10.0
1383.0 1521.0 20.0 10.0
315.0 124.0 20.0 10.0
811.0 886.0 20.0 10.0
530.0 763.0 20.0 10.0
676.0 661.0 20.0 10.0
350.0 598.0 20.0 10.0
942.0 1241.0 20.0 10.0
736.0 843.0 20.0 10.0
1028.0 700.0 20.0 10.0
930.0 1301.0 20.0 10.0
442.0 200.0 20.0 10.0
1545.0 1532.0 20.0 10.0
935.0 1327.0 20.0 10.0
361.0 198.0 20.0 10.0
820.0 887.0 20.0 10.0
771.0 904.0 20.0 10.0
1630.0 1586.0 20.0 10.0
1674.0 1616.0 20.0 10.0
595.0 789.0 20.0 10.0
475.0 780.0 20.0 10.0
191.0 296.0 20.0 10.0
1078.0 1303.0 20.0 10.0
191.0 257.0 20.0 10.0
778.0 825.0 20.0 10.0
1103.0 1444.0 20.0 10.0
417.0 182.0 20.0 10.0
1210.0 1328.0 20.0 10.0
186.0 305.0 20.0 10.0
1100.0 1449.0 20.0 10.0
735.0 951.0 20.0 10.0
1103.0 1250.0 20.0 10.0
111.0 221.0 20.0 10.0
153.0 303.0 20.0 10.0
1153.0 1207.0 20.0 10.0
920.0 1355.0 20.0 10.0
852.0 800.0 20.0 10.0
1088.0 1302.0 20.0 10.0
1242.0 1262.0 20.0 10.0
733.0 852.0 20.0 10.0
1041.0 700.0 20.0 10.0
621.0 401.0 20.0 10.0
379.0 148.0 20.0 10.0
696.0 1022.0 20.0 10.0
450.0 215.0 20.0 10.0
882.0 1014.0 20.0 10.0
1364.0 1466.0 20.0 10.0
427.0 285.0 20.0 10.0
555.0 524.0 20.0 10.0
1405.0 1447.0 20.0 10.0
450.0 157.0 20.0 10.0
1552.0 1536.0 20.0 10.0
1270.0 1261.0 20.0 10.0
241.0 632.0 20.0 10.0
1477.0 1496.0 20.0 10.0
1090.0 1329.0 20.0 10.0
141.0 292.0 20.0 10.0
574.0 771.0 20.0 10.0
916.0 1245.0 20.0 10.0
928.0 1248.0 20.0 10.0
751.0 824.0 20.0 10.0
973.0 844.0 20.0 10.0
674.0 1057.0 20.0 10.0
1078.0 1331.0 20.0 10.0
291.0 310.0 20.0 10.0
1661.0 1602.0 20.0 10.0
430.0 789.0 20.0 10.0
1106.0 1466.0 20.0 10.0
764.0 1072.0 20.0 10.0
128.0 302.0 20.0 10.0
705.0 626.0 20.0 10.0
1113.0 1503.0 20.0 10.0
1096.0 1330.0 20.0 10.0
891.0 1257.0 20.0 10.0
1067.0 688.0 20.0 10.0
397.0 808.0 20.0 10.0
1482.0 1499.0 20.0 10.0
1116.0 1513.0 20.0 10.0
571.0 789.0 20.0 10.0
1137.0 1305.0 20.0 10.0
941.0 875.0 20.0 10.0
658.0 1090.0 20.0 10.0
151.0 192.0 20.0 10.0
985.0 1152.0 20.0 10.0
727.0 605.0 20.0 10.0
1262.0 1383.0 20.0 10.0
1396.0 1390.0 20.0 10.0
540.0 790.0 20.0 10.0
908.0 1383.0 20.0 10.0
567.0 722.0 20.0 10.0
736.0 1092.0 20.0 10.0
926.0 760.0 20.0 10.0
913.0 1407.0 20.0 10.0
905.0 1450.0 20.0 10.0
1437.0 1393.0 20.0 10.0
1378.0 1493.0 20.0 10.0
552.0 732.0 20.0 10.0
657.0 1079.0 20.0 10.0
1395.0 1551.0 20.0 10.0
927.0 1328.0 20.0 10.0
1487.0 1491.0 20.0 10.0
318.0 590.0 20.0 10.0
694.0 998.0 20.0 10.0
1088.0 1363.0 20.0 10.0
1008.0 1137.0 20.0 10.0
471.0 442.0 20.0 10.0
650.0 1120.0 20.0 10.0
73.0 196.0 20.0 10.0
749.0 586.0 20.0 10.0
985.0 1172.0 20.0 10.0
628.0 672.0 20.0 10.0
1091.0 1450.0 20.0 10.0
897.0 1260.0 20.0 10.0
270.0 604.0 20.0 10.0
1065.0 1260.0 20.0 10.0
1049.0 673.0 20.0 10.0
476.0 400.0 20.0 10.0
1197.0 1265.0 20.0 10.0
1004.0 835.0 20.0 10.0
1381.0 1399.0 20.0 10.0
444.0 347.0 20.0 10.0
113.0 285.0 20.0 10.0
143.0 188.0 20.0 10.0
695.0 896.0 20.0 10.0
887.0 1403.0 20.0 10.0
186.0 254.0 20.0 10.0
274.0 271.0 20.0 10.0
931.0 1272.0 20.0 10.0
1412.0 1524.0 20.0 10.0
1150.0 1224.0 20.0 10.0
553.0 805.0 20.0 10.0
546.0 713.0 20.0 10.0
583.0 809.0 20.0 10.0
480.0 361.0 20.0 10.0
674.0 920.0 20.0 10.0
1055.0 645.0 20.0 10.0
856.0 818.0 20.0 10.0
659.0 719.0 20.0 10.0
354.0 151.0 20.0 10.0
656.0 942.0 20.0 10.0
224.0 607.0 20.0 10.0
1224.0 1326.0 20.0 10.0
714.0 597.0 20.0 10.0
827.0 876.0 20.0 10.0
437.0 476.0 20.0 10.0
477.0 342.0 20.0 10.0
644.0 367.0 20.0 10.0
383.0 200.0 20.0 10.0
960.0 842.0 20.0 10.0
1237.0 1355.0 20.0 10.0
1009.0 1159.0 20.0 10.0
165.0 233.0 20.0 10.0
710.0 571.0 20.0 10.0
1321.0 1400.0 20.0 10.0
1122.0 1545.0 20.0 10.0
1064.0 1320.0 20.0 10.0
815.0 1054.0 20.0 10.0
915.0 1439.0 20.0 10.0
1313.0 1463.0 20.0 10.0
1033.0 1124.0 20.0 10.0
119.0 218.0 20.0 10.0
1230.0 1308.0 20.0 10.0
651.0 1113.0 20.0 10.0
1082.0 1294.0 20.0 10.0
1476.0 1488.0 20.0 10.0
982.0 751.0 20.0 10.0
705.0 639.0 20.0 10.0
740.0 876.0 20.0 10.0
440.0 803.0 20.0 10.0
686.0 1059.0 20.0 10.0
1265.0 1310.0 20.0 10.0
439.0 611.0 20.0 10.0
1471.0 1392.0 20.0 10.0
414.0 142.0 20.0 10.0
798.0 1042.0 20.0 10.0
237.0 388.0 20.0 10.0
743.0 900.0 20.0 10.0
303.0 95.0 20.0 10.0
1181.0 1223.0 20.0 10.0
343.0 163.0 20.0 10.0
953.0 741.0 20.0 10.0
443.0 355.0 20.0 10.0
1248.0 1346.0 20.0 10.0
551.0 745.0 20.0 10.0
1570.0 1560.0 20.0 10.0
223.0 303.0 20.0 10.0
329.0 131.0 20.0 10.0
278.0 642.0 20.0 10.0
1709.0 1624.0 20.0 10.0
1369.0 1396.0 20.0 10.0
1101.0 1475.0 20.0 10.0
777.0 1057.0 20.0 10.0
88.0 197.0 20.0 10.0
571.0 807.0 20.0 10.0
939.0 732.0 20.0 10.0
1186.0 1197.0 20.0 10.0
1107.0 1533.0 20.0 10.0
297.0 600.0 20.0 10.0
904.0 1375.0 20.0 10.0
1119.0 1454.0 20.0 10.0
1439.0 1563.0 20.0 10.0
527.0 720.0 20.0 10.0
424.0 621.0 20.0 10.0
971.0 729.0 20.0 10.0
629.0 364.0 20.0 10.0
1130.0 1266.0 20.0 10.0
1460.0 1595.0 20.0 10.0
958.0 1208.0 20.0 10.0
633.0 642.0 20.0 10.0
493.0 330.0 20.0 10.0
433.0 584.0 20.0 10.0
332.0 406.0 20.0 10.0
1032.0 1118.0 20.0 10.0
1028.0 710.0 20.0 10.0
906.0 1482.0 20.0 10.0
1424.0 1381.0 20.0 10.0
1493.0 1484.0 20.0 10.0
1741.0 1634.0 20.0 10.0
1710.0 1642.0 20.0 10.0
1147.0 1212.0 20.0 10.0
1729.0 1667.0 20.0 10.0
755.0 951.0 20.0 10.0
411.0 148.0 20.0 10.0
1020.0 707.0 20.0 10.0
572.0 812.0 20.0 10.0
502.0 716.0 20.0 10.0
996.0 862.0 20.0 10.0
426.0 271.0 20.0 10.0
410.0 177.0 20.0 10.0
736.0 956.0 20.0 10.0
1029.0 681.0 20.0 10.0
415.0 811.0 20.0 10.0
511.0 810.0 20.0 10.0
206.0 392.0 20.0 10.0
739.0 1056.0 20.0 10.0
272.0 642.0 20.0 10.0
881.0 815.0 20.0 10.0
795.0 839.0 20.0 10.0
1236.0 1364.0 20.0 10.0
669.0 897.0 20.0 10.0
895.0 1436.0 20.0 10.0
1065.0 685.0 20.0 10.0
632.0 335.0 20.0 10.0
834.0 1050.0 20.0 10.0
1206.0 1250.0 20.0 10.0
676.0 1092.0 20.0 10.0
367.0 620.0 20.0 10.0
757.0 1053.0 20.0 10.0
254.0 316.0 20.0 10.0
544.0 820.0 20.0 10.0
643.0 656.0 20.0 10.0
338.0 169.0 20.0 10.0
914.0 774.0 20.0 10.0
968.0 718.0 20.0 10.0
186.0 607.0 20.0 10.0
642.0 339.0 20.0 10.0
1380.0 1548.0 20.0 10.0
720.0 971.0 20.0 10.0
1225.0 1259.0 20.0 10.0
1296.0 1311.0 20.0 10.0
410.0 823.0 20.0 10.0
479.0 331.0 20.0 10.0
249.0 241.0 20.0 10.0
131.0 187.0 20.0 10.0
1649.0 1576.0 20.0 10.0
734.0 900.0 20.0 10.0
1054.0 1107.0 20.0 10.0
1075.0 681.0 20.0 10.0
383.0 836.0 20.0 10.0
967.0 875.0 20.0 10.0
1581.0 1543.0 20.0 10.0
400.0 571.0 20.0 10.0
395.0 794.0 20.0 10.0
484.0 825.0 20.0 10.0
460.0 839.0 20.0 10.0
312.0 131.0 20.0 10.0
778.0 896.0 20.0 10.0
1609.0 1577.0 20.0 10.0
1113.0 1586.0 20.0 10.0
255.0 236.0 20.0 10.0
132.0 177.0 20.0 10.0
309.0 390.0 20.0 10.0
1234.0 1264.0 20.0 10.0
522.0 739.0 20.0 10.0
1520.0 1503.0 20.0 10.0
837.0 780.0 20.0 10.0
371.0 824.0 20.0 10.0
1094.0 1392.0 20.0 10.0
442.0 467.0 20.0 10.0
1100.0 1418.0 20.0 10.0
240.0 602.0 20.0 10.0
602.0 409.0 20.0 10.0
1065.0 1288.0 20.0 10.0
1056.0 1140.0 20.0 10.0
895.0 1403.0 20.0 10.0
399.0 124.0 20.0 10.0
321.0 580.0 20.0 10.0
1271.0 1358.0 20.0 10.0
1431.0 1396.0 20.0 10.0
297.0 409.0 20.0 10.0
885.0 1036.0 20.0 10.0
1070.0 699.0 20.0 10.0
1118.0 1472.0 20.0 10.0
1400.0 1446.0 20.0 10.0
317.0 360.0 20.0 10.0
1113.0 1438.0 20.0 10.0
674.0 1122.0 20.0 10.0
277.0 286.0 20.0 10.0
660.0 335.0 20.0 10.0
870.0 776.0 20.0 10.0
1133.0 1320.0 20.0 10.0
1106.0 1320.0 20.0 10.0
632.0 619.0 20.0 10.0
1023.0 1112.0 20.0 10.0
598.0 761.0 20.0 10.0
401.0 783.0 20.0 10.0
629.0 594.0 20.0 10.0
417.0 577.0 20.0 10.0
183.0 395.0 20.0 10.0
421.0 207.0 20.0 10.0
1065.0 1301.0 20.0 10.0
445.0 856.0 20.0 10.0
879.0 749.0 20.0 10.0
843.0 878.0 20.0 10.0
562.0 739.0 20.0 10.0
753.0 904.0 20.0 10.0
786.0 801.0 20.0 10.0
587.0 738.0 20.0 10.0
760.0 797.0 20.0 10.0
882.0 1272.0 20.0 10.0
833.0 909.0 20.0 10.0
230.0 211.0 20.0 10.0
407.0 571.0 20.0 10.0
533.0 697.0 20.0 10.0
462.0 182.0 20.0 10.0
303.0 346.0 20.0 10.0
434.0 215.0 20.0 10.0
1322.0 1449.0 20.0 10.0
1170.0 1221.0 20.0 10.0
712.0 900.0 20.0 10.0
1388.0 1514.0 20.0 10.0
1321.0 1313.0 20.0 10.0
249.0 207.0 20.0 10.0
1452.0 1379.0 20.0 10.0
1686.0 1616.0 20.0 10.0
675.0 640.0 20.0 10.0
700.0 1080.0 20.0 10.0
1047.0 701.0 20.0 10.0
1147.0 1252.0 20.0 10.0
1091.0 1226.0 20.0 10.0
392.0 94.0 20.0 10.0
1276.0 1403.0 20.0 10.0
1102.0 1512.0 20.0 10.0
877.0 1462.0 20.0 10.0
906.0 1511.0 20.0 10.0
1475.0 1616.0 20.0 10.0
441.0 325.0 20.0 10.0
1149.0 1283.0 20.0 10.0
809.0 1081.0 20.0 10.0
649.0 928.0 20.0 10.0
680.0 635.0 20.0 10.0
778.0 963.0 20.0 10.0
215.0 191.0 20.0 10.0
1081.0 1099.0 20.0 10.0
348.0 116.0 20.0 10.0
996.0 844.0 20.0 10.0
855.0 844.0 20.0 10.0
1458.0 1392.0 20.0 10.0
1169.0 1286.0 20.0 10.0
1057.0 1127.0 20.0 10.0
1215.0 1318.0 20.0 10.0
974.0 692.0 20.0 10.0
644.0 1146.0 20.0 10.0
1137.0 1494.0 20.0 10.0
1344.0 1416.0 20.0 10.0
245.0 384.0 20.0 10.0
678.0 673.0 20.0 10.0
790.0 1068.0 20.0 10.0
1404.0 1506.0 20.0 10.0
1222.0 1265.0 20.0 10.0
1048.0 1140.0 20.0 10.0
477.0 714.0 20.0 10.0
1054.0 710.0 20.0 10.0
951.0 749.0 20.0 10.0
702.0 1065.0 20.0 10.0
910.0 1532.0 20.0 10.0
441.0 319.0 20.0 10.0
300.0 105.0 20.0 10.0
874.0 788.0 20.0 10.0
1155.0 1358.0 20.0 10.0
529.0 588.0 20.0 10.0
668.0 1075.0 20.0 10.0
243.0 214.0 20.0 10.0
819.0 826.0 20.0 10.0
637.0 954.0 20.0 10.0
832.0 755.0 20.0 10.0
799.0 820.0 20.0 10.0
965.0 884.0 20.0 10.0
1135.0 1212.0 20.0 10.0
601.0 419.0 20.0 10.0
909.0 827.0 20.0 10.0
1641.0 1576.0 20.0 10.0
369.0 173.0 20.0 10.0
980.0 1216.0 20.0 10.0
623.0 688.0 20.0 10.0
110.0 231.0 20.0 10.0
655.0 354.0 20.0 10.0
675.0 720.0 20.0 10.0
916.0 1468.0 20.0 10.0
1079.0 1356.0 20.0 10.0
831.0 762.0 20.0 10.0
1700.0 1638.0 20.0 10.0
1169.0 1202.0 20.0 10.0
685.0 1090.0 20.0 10.0
881.0 722.0 20.0 10.0
672.0 674.0 20.0 10.0
292.0 579.0 20.0 10.0
678.0 697.0 20.0 10.0
105.0 142.0 20.0 10.0
549.0 834.0 20.0 10.0
931.0 1238.0 20.0 10.0
1082.0 670.0 20.0 10.0
926.0 881.0 20.0 10.0
749.0 919.0 20.0 10.0
1016.0 1116.0 20.0 10.0
345.0 832.0 20.0 10.0
897.0 735.0 20.0 10.0
292.0 325.0 20.0 10.0
289.0 592.0 20.0 10.0
359.0 362.0 20.0 10.0
1068.0 1153.0 20.0 10.0
1315.0 1493.0 20.0 10.0
642.0 947.0 20.0 10.0
1406.0 1537.0 20.0 10.0
364.0 850.0 20.0 10.0
412.0 209.0 20.0 10.0
1548.0 1515.0 20.0 10.0
921.0 1492.0 20.0 10.0
113.0 146.0 20.0 10.0
892.0 703.0 20.0 10.0
891.0 1485.0 20.0 10.0
99.0 164.0 20.0 10.0
729.0 571.0 20.0 10.0
99.0 121.0 20.0 10.0
85.0 119.0 20.0 10.0
984.0 894.0 20.0 10.0
442.0 186.0 20.0 10.0
1217.0 1187.0 20.0 10.0
1080.0 1145.0 20.0 10.0
272.0 621.0 20.0 10.0
512.0 313.0 20.0 10.0
647.0 1139.0 20.0 10.0
869.0 1418.0 20.0 10.0
196.0 605.0 20.0 10.0
875.0 1508.0 20.0 10.0
1341.0 1411.0 20.0 10.0
407.0 118.0 20.0 10.0
220.0 186.0 20.0 10.0
78.0 214.0 20.0 10.0
327.0 140.0 20.0 10.0
943.0 748.0 20.0 10.0
1061.0 658.0 20.0 10.0
1180.0 1385.0 20.0 10.0
550.0 816.0 20.0 10.0
1018.0 862.0 20.0 10.0
921.0 778.0 20.0 10.0
1247.0 1337.0 20.0 10.0
626.0 575.0 20.0 10.0
583.0 460.0 20.0 10.0
1124.0 1551.0 20.0 10.0
1094.0 663.0 20.0 10.0
1117.0 1630.0 20.0 10.0
479.0 300.0 20.0 10.0
1322.0 1498.0 20.0 10.0
441.0 169.0 20.0 10.0
721.0 944.0 20.0 10.0
1090.0 1484.0 20.0 10.0
1327.0 1435.0 20.0 10.0
1121.0 1660.0 20.0 10.0
403.0 332.0 20.0 10.0
827.0 735.0 20.0 10.0
741.0 983.0 20.0 10.0
665.0 353.0 20.0 10.0
950.0 705.0 20.0 10.0
901.0 703.0 20.0 10.0
1508.0 1523.0 20.0 10.0
90.0 274.0 20.0 10.0
855.0 872.0 20.0 10.0
512.0 795.0 20.0 10.0
211.0 204.0 20.0 10.0
1522.0 1494.0 20.0 10.0
878.0 1455.0 20.0 10.0
109.0 167.0 20.0 10.0
358.0 845.0 20.0 10.0
788.0 979.0 20.0 10.0
361.0 625.0 20.0 10.0
127.0 158.0 20.0 10.0
391.0 832.0 20.0 10.0
1002.0 856.0 20.0 10.0
295.0 287.0 20.0 10.0
455.0 712.0 20.0 10.0
396.0 557.0 20.0 10.0
447.0 774.0 20.0 10.0
913.0 856.0 20.0 10.0
257.0 322.0 20.0 10.0
1737.0 1664.0 20.0 10.0
876.0 867.0 20.0 10.0
589.0 805.0 20.0 10.0
669.0 309.0 20.0 10.0
938.0 1210.0 20.0 10.0
1452.0 1586.0 20.0 10.0
791.0 1094.0 20.0 10.0
259.0 371.0 20.0 10.0
47.0 175.0 20.0 10.0
1133.0 1578.0 20.0 10.0
234.0 601.0 20.0 10.0
1401.0 1539.0 20.0 10.0
1351.0 1414.0 20.0 10.0
417.0 108.0 20.0 10.0
1456.0 1592.0 20.0 10.0
673.0 1071.0 20.0 10.0
644.0 672.0 20.0 10.0
162.0 607.0 20.0 10.0
1631.0 1602.0 20.0 10.0
1316.0 1391.0 20.0 10.0
416.0 202.0 20.0 10.0
741.0 1096.0 20.0 10.0
955.0 714.0 20.0 10.0
1091.0 679.0 20.0 10.0
272.0 400.0 20.0 10.0
187.0 313.0 20.0 10.0
683.0 611.0 20.0 10.0
606.0 663.0 20.0 10.0
1406.0 1546.0 20.0 10.0
284.0 286.0 20.0 10.0
899.0 860.0 20.0 10.0
1339.0 1313.0 20.0 10.0
963.0 1140.0 20.0 10.0
333.0 635.0 20.0 10.0
424.0 269.0 20.0 10.0
91.0 113.0 20.0 10.0
602.0 395.0 20.0 10.0
1068.0 1282.0 20.0 10.0
728.0 1094.0 20.0 10.0
1111.0 1567.0 20.0 10.0
1413.0 1402.0 20.0 10.0
1156.0 1319.0 20.0 10.0
1326.0 1529.0 20.0 10.0
1098.0 1436.0 20.0 10.0
495.0 743.0 20.0 10.0
1737.0 1651.0 20.0 10.0
464.0 152.0 20.0 10.0
247.0 330.0 20.0 10.0
1256.0 1337.0 20.0 10.0
1676.0 1583.0 20.0 10.0
491.0 809.0 20.0 10.0
1029.0 845.0 20.0 10.0
795.0 998.0 20.0 10.0
248.0 649.0 20.0 10.0
208.0 602.0 20.0 10.0
1288.0 1260.0 20.0 10.0
608.0 654.0 20.0 10.0
212.0 393.0 20.0 10.0
316.0 103.0 20.0 10.0
1039.0 1102.0 20.0 10.0
363.0 591.0 20.0 10.0
162.0 290.0 20.0 10.0
386.0 169.0 20.0 10.0
891.0 1532.0 20.0 10.0
605.0 379.0 20.0 10.0
480.0 812.0 20.0 10.0
116.0 151.0 20.0 10.0
605.0 350.0 20.0 10.0
662.0 306.0 20.0 10.0
1433.0 1459.0 20.0 10.0
439.0 848.0 20.0 10.0
794.0 915.0 20.0 10.0
816.0 866.0 20.0 10.0
693.0 919.0 20.0 10.0
875.0 853.0 20.0 10.0
270.0 573.0 20.0 10.0
1717.0 1661.0 20.0 10.0
320.0 596.0 20.0 10.0
231.0 372.0 20.0 10.0
1104.0 666.0 20.0 10.0
1241.0 1188.0 20.0 10.0
662.0 702.0 20.0 10.0
296.0 611.0 20.0 10.0
915.0 1431.0 20.0 10.0
143.0 204.0 20.0 10.0
1209.0 1218.0 20.0 10.0
628.0 601.0 20.0 10.0
275.0 425.0 20.0 10.0
1456.0 1408.0 20.0 10.0
605.0 357.0 20.0 10.0
1124.0 1301.0 20.0 10.0
583.0 434.0 20.0 10.0
922.0 1272.0 20.0 10.0
271.0 259.0 20.0 10.0
979.0 741.0 20.0 10.0
524.0 848.0 20.0 10.0
640.0 1167.0 20.0 10.0
503.0 301.0 20.0 10.0
219.0 385.0 20.0 10.0
582.0 444.0 20.0 10.0
865.0 1441.0 20.0 10.0
468.0 458.0 20.0 10.0
1100.0 671.0 20.0 10.0
252.0 382.0 20.0 10.0
936.0 865.0 20.0 10.0
1602.0 1568.0 20.0 10.0
1029.0 1144.0 20.0 10.0
240.0 209.0 20.0 10.0
1420.0 1369.0 20.0 10.0
159.0 307.0 20.0 10.0
747.0 592.0 20.0 10.0
1380.0 1418.0 20.0 10.0
729.0 860.0 20.0 10.0
1646.0 1623.0 20.0 10.0
402.0 144.0 20.0 10.0
686.0 589.0 20.0 10.0
944.0 892.0 20.0 10.0
1146.0 1528.0 20.0 10.0
1164.0 1389.0 20.0 10.0
1236.0 1240.0 20.0 10.0
1083.0 1476.0 20.0 10.0
379.0 562.0 20.0 10.0
636.0 648.0 20.0 10.0
1118.0 1619.0 20.0 10.0
915.0 1487.0 20.0 10.0
1257.0 1264.0 20.0 10.0
367.0 795.0 20.0 10.0
1175.0 1417.0 20.0 10.0
563.0 730.0 20.0 10.0
490.0 273.0 20.0 10.0
1103.0 1092.0 20.0 10.0
1335.0 1400.0 20.0 10.0
642.0 1083.0 20.0 10.0
326.0 361.0 20.0 10.0
1403.0 1495.0 20.0 10.0
528.0 732.0 20.0 10.0
258.0 247.0 20.0 10.0
956.0 765.0 20.0 10.0
1108.0 1225.0 20.0 10.0
743.0 969.0 20.0 10.0
51.0 198.0 20.0 10.0
1475.0 1374.0 20.0 10.0
1175.0 1205.0 20.0 10.0
868.0 873.0 20.0 10.0
1085.0 1127.0 20.0 10.0
754.0 562.0 20.0 10.0
736.0 972.0 20.0 10.0
844.0 791.0 20.0 10.0
478.0 309.0 20.0 10.0
1355.0 1312.0 20.0 10.0
1322.0 1517.0 20.0 10.0
372.0 151.0 20.0 10.0
1140.0 1233.0 20.0 10.0
1430.0 1552.0 20.0 10.0
620.0 337.0 20.0 10.0
343.0 798.0 20.0 10.0
736.0 946.0 20.0 10.0
343.0 626.0 20.0 10.0
232.0 294.0 20.0 10.0
1766.0 1650.0 20.0 10.0
1242.0 1179.0 20.0 10.0
1396.0 1506.0 20.0 10.0
1199.0 1410.0 20.0 10.0
912.0 1262.0 20.0 10.0
1284.0 1341.0 20.0 10.0
443.0 431.0 20.0 10.0
65.0 176.0 20.0 10.0
1160.0 1326.0 20.0 10.0
863.0 753.0 20.0 10.0
1331.0 1551.0 20.0 10.0
289.0 340.0 20.0 10.0
754.0 989.0 20.0 10.0
419.0 590.0 20.0 10.0
341.0 400.0 20.0 10.0
359.0 126.0 20.0 10.0
966.0 1227.0 20.0 10.0
367.0 123.0 20.0 10.0
1490.0 1391.0 20.0 10.0
1199.0 1199.0 20.0 10.0
1117.0 1534.0 20.0 10.0
1086.0 1357.0 20.0 10.0
229.0 185.0 20.0 10.0
1654.0 1618.0 20.0 10.0
1049.0 1303.0 20.0 10.0
579.0 799.0 20.0 10.0
746.0 807.0 20.0 10.0
1059.0 1091.0 20.0 10.0
626.0 962.0 20.0 10.0
972.0 1247.0 20.0 10.0
604.0 669.0 20.0 10.0
43.0 174.0 20.0 10.0
1333.0 1315.0 20.0 10.0
1075.0 1101.0 20.0 10.0
1411.0 1571.0 20.0 10.0
1107.0 1482.0 20.0 10.0
460.0 127.0 20.0 10.0
699.0 661.0 20.0 10.0
919.0 841.0 20.0 10.0
892.0 765.0 20.0 10.0
880.0 1514.0 20.0 10.0
1488.0 1637.0 20.0 10.0
1338.0 1473.0 20.0 10.0
501.0 733.0 20.0 10.0
799.0 893.0 20.0 10.0
679.0 1073.0 20.0 10.0
422.0 146.0 20.0 10.0
1157.0 1552.0 20.0 10.0
1498.0 1518.0 20.0 10.0
1526.0 1486.0 20.0 10.0
1026.0 864.0 20.0 10.0
331.0 586.0 20.0 10.0
311.0 642.0 20.0 10.0
158.0 611.0 20.0 10.0
215.0 325.0 20.0 10.0
240.0 291.0 20.0 10.0
1419.0 1568.0 20.0 10.0
745.0 1056.0 20.0 10.0
1121.0 1667.0 20.0 10.0
390.0 84.0 20.0 10.0
873.0 1539.0 20.0 10.0
71.0 150.0 20.0 10.0
268.0 416.0 20.0 10.0
439.0 293.0 20.0 10.0
168.0 278.0 20.0 10.0
834.0 899.0 20.0 10.0
367.0 558.0 20.0 10.0
1403.0 1434.0 20.0 10.0
375.0 789.0 20.0 10.0
1499.0 1657.0 20.0 10.0
606.0 448.0 20.0 10.0
242.0 410.0 20.0 10.0
1135.0 1348.0 20.0 10.0
114.0 131.0 20.0 10.0
392.0 89.0 20.0 10.0
393.0 310.0 20.0 10.0
905.0 1292.0 20.0 10.0
748.0 1007.0 20.0 10.0
773.0 1083.0 20.0 10.0
1111.0 1123.0 20.0 10.0
1063.0 648.0 20.0 10.0
354.0 559.0 20.0 10.0
1096.0 695.0 20.0 10.0
867.0 1532.0 20.0 10.0
687.0 1120.0 20.0 10.0
1052.0 857.0 20.0 10.0
417.0 584.0 20.0 10.0
686.0 567.0 20.0 10.0
232.0 363.0 20.0 10.0
491.0 340.0 20.0 10.0
120.0 286.0 20.0 10.0
604.0 328.0 20.0 10.0
420.0 425.0 20.0 10.0
1122.0 1695.0 20.0 10.0
1763.0 1677.0 20.0 10.0
443.0 843.0 20.0 10.0
1202.0 1336.0 20.0 10.0
582.0 829.0 20.0 10.0
873.0 1485.0 20.0 10.0
742.0 1005.0 20.0 10.0
454.0 122.0 20.0 10.0
371.0 118.0 20.0 10.0
418.0 243.0 20.0 10.0
731.0 978.0 20.0 10.0
706.0 1003.0 20.0 10.0
81.0 229.0 20.0 10.0
1155.0 1520.0 20.0 10.0
330.0 550.0 20.0 10.0
1121.0 1102.0 20.0 10.0
315.0 419.0 20.0 10.0
1309.0 1257.0 20.0 10.0
386.0 61.0 20.0 10.0
936.0 1221.0 20.0 10.0
702.0 1104.0 20.0 10.0
254.0 433.0 20.0 10.0
245.0 393.0 20.0 10.0
1387.0 1483.0 20.0 10.0
802.0 813.0 20.0 10.0
632.0 721.0 20.0 10.0
383.0 51.0 20.0 10.0
914.0 1323.0 20.0 10.0
922.0 1379.0 20.0 10.0
1435.0 1417.0 20.0 10.0
625.0 433.0 20.0 10.0
1114.0 1496.0 20.0 10.0
1080.0 1513.0 20.0 10.0
1380.0 1388.0 20.0 10.0
942.0 857.0 20.0 10.0
339.0 352.0 20.0 10.0
430.0 115.0 20.0 10.0
1126.0 654.0 20.0 10.0
322.0 839.0 20.0 10.0
236.0 184.0 20.0 10.0
1079.0 629.0 20.0 10.0
610.0 721.0 20.0 10.0
703.0 920.0 20.0 10.0
345.0 85.0 20.0 10.0
882.0 1423.0 20.0 10.0
969.0 741.0 20.0 10.0
441.0 710.0 20.0 10.0
432.0 224.0 20.0 10.0
524.0 830.0 20.0 10.0
1123.0 1269.0 20.0 10.0
537.0 733.0 20.0 10.0
1102.0 1510.0 20.0 10.0
575.0 470.0 20.0 10.0
217.0 313.0 20.0 10.0
113.0 160.0 20.0 10.0
918.0 1221.0 20.0 10.0
376.0 25.0 20.0 10.0
329.0 330.0 20.0 10.0
1656.0 1606.0 20.0 10.0
126.0 233.0 20.0 10.0
776.0 777.0 20.0 10.0
321.0 144.0 20.0 10.0
597.0 633.0 20.0 10.0
518.0 867.0 20.0 10.0
461.0 95.0 20.0 10.0
89.0 141.0 20.0 10.0
794.0 805.0 20.0 10.0
669.0 747.0 20.0 10.0
196.0 618.0 20.0 10.0
1174.0 1349.0 20.0 10.0
1042.0 865.0 20.0 10.0
1429.0 1524.0 20.0 10.0
423.0 450.0 20.0 10.0
1359.0 1436.0 20.0 10.0
164.0 621.0 20.0 10.0
1409.0 1393.0 20.0 10.0
1469.0 1610.0 20.0 10.0
1535.0 1534.0 20.0 10.0
513.0 275.0 20.0 10.0
1497.0 1389.0 20.0 10.0
25.0 156.0 20.0 10.0
699.0 985.0 20.0 10.0
674.0 1114.0 20.0 10.0
814.0 844.0 20.0 10.0
454.0 862.0 20.0 10.0
520.0 800.0 20.0 10.0
98.0 195.0 20.0 10.0
582.0 410.0 20.0 10.0
1451.0 1565.0 20.0 10.0
1127.0 1576.0 20.0 10.0
417.0 819.0 20.0 10.0
1223.0 1203.0 20.0 10.0
1519.0 1387.0 20.0 10.0
377.0 121.0 20.0 10.0
1124.0 1716.0 20.0 10.0
404.0 624.0 20.0 10.0
423.0 250.0 20.0 10.0
1137.0 1480.0 20.0 10.0
1072.0 855.0 20.0 10.0
418.0 80.0 20.0 10.0
1198.0 1404.0 20.0 10.0
467.0 833.0 20.0 10.0
808.0 826.0 20.0 10.0
426.0 440.0 20.0 10.0
1337.0 1574.0 20.0 10.0
147.0 198.0 20.0 10.0
986.0 1234.0 20.0 10.0
583.0 470.0 20.0 10.0
1480.0 1630.0 20.0 10.0
724.0 1000.0 20.0 10.0
1030.0 721.0 20.0 10.0
86.0 214.0 20.0 10.0
1258.0 1243.0 20.0 10.0
1357.0 1458.0 20.0 10.0
76.0 126.0 20.0 10.0
406.0 250.0 20.0 10.0
673.0 1144.0 20.0 10.0
1231.0 1178.0 20.0 10.0
1050.0 736.0 20.0 10.0
1443.0 1369.0 20.0 10.0
1197.0 1428.0 20.0 10.0
126.0 268.0 20.0 10.0
807.0 793.0 20.0 10.0
1161.0 1267.0 20.0 10.0
815.0 879.0 20.0 10.0
742.0 547.0 20.0 10.0
1159.0 1293.0 20.0 10.0
1210.0 1430.0 20.0 10.0
327.0 380.0 20.0 10.0
655.0 340.0 20.0 10.0
565.0 834.0 20.0 10.0
842.0 1048.0 20.0 10.0
