1000
702.0 550.0 20.0 10.0
560.0 614.0 20.0 10.0
834.0 488.0 20.0 10.0
539.0 653.0 20.0 10.0
539.0 541.0 20.0 10.0
957.0 427.0 20.0 10.0
434.0 628.0 20.0 10.0
550.0 755.0 20.0 10.0
487.0 535.0 20.0 10.0
1075.0 367.0 20.0 10.0
1160.0 370.0 20.0 10.0
1226.0 364.0 20.0 10.0
530.0 688.0 20.0 10.0
737.0 496.0 20.0 10.0
522.0 468.0 20.0 10.0
765.0 469.0 20.0 10.0
516.0 676.0 20.0 10.0
329.0 656.0 20.0 10.0
582.0 558.0 20.0 10.0
358.0 598.0 20.0 10.0
554.0 795.0 20.0 10.0
416.0 456.0 20.0 10.0
266.0 701.0 20.0 10.0
548.0 883.0 20.0 10.0
359.0 385.0 20.0 10.0
535.0 716.0 20.0 10.0
591.0 495.0 20.0 10.0
211.0 739.0 20.0 10.0
512.0 815.0 20.0 10.0
545.0 1009.0 20.0 10.0
554.0 827.0 20.0 10.0
1168.0 308.0 20.0 10.0
1215.0 395.0 20.0 10.0
241.0 652.0 20.0 10.0
308.0 595.0 20.0 10.0
1195.0 350.0 20.0 10.0
506.0 397.0 20.0 10.0
473.0 869.0 20.0 10.0
555.0 1098.0 20.0 10.0
735.0 538.0 20.0 10.0
1289.0 358.0 20.0 10.0
493.0 694.0 20.0 10.0
754.0 574.0 20.0 10.0
596.0 433.0 20.0 10.0
557.0 1052.0 20.0 10.0
495.0 335.0 20.0 10.0
565.0 1182.0 20.0 10.0
1231.0 339.0 20.0 10.0
513.0 529.0 20.0 10.0
603.0 374.0 20.0 10.0
436.0 917.0 20.0 10.0
535.0 736.0 20.0 10.0
396.0 660.0 20.0 10.0
569.0 1084.0 20.0 10.0
765.0 445.0 20.0 10.0
493.0 293.0 20.0 10.0
1313.0 343.0 20.0 10.0
365.0 659.0 20.0 10.0
162.0 763.0 20.0 10.0
574.0 1231.0 20.0 10.0
504.0 366.0 20.0 10.0
791.0 402.0 20.0 10.0
1257.0 255.0 20.0 10.0
176.0 638.0 20.0 10.0
271.0 601.0 20.0 10.0
495.0 362.0 20.0 10.0
1330.0 218.0 20.0 10.0
876.0 479.0 20.0 10.0
573.0 1054.0 20.0 10.0
1109.0 312.0 20.0 10.0
481.0 283.0 20.0 10.0
180.0 768.0 20.0 10.0
504.0 443.0 20.0 10.0
610.0 334.0 20.0 10.0
571.0 1246.0 20.0 10.0
305.0 580.0 20.0 10.0
555.0 853.0 20.0 10.0
313.0 328.0 20.0 10.0
423.0 942.0 20.0 10.0
575.0 1309.0 20.0 10.0
759.0 520.0 20.0 10.0
580.0 1343.0 20.0 10.0
384.0 679.0 20.0 10.0
402.0 961.0 20.0 10.0
512.0 851.0 20.0 10.0
513.0 720.0 20.0 10.0
1183.0 390.0 20.0 10.0
335.0 657.0 20.0 10.0
377.0 664.0 20.0 10.0
605.0 595.0 20.0 10.0
520.0 1092.0 20.0 10.0
585.0 578.0 20.0 10.0
584.0 1270.0 20.0 10.0
272.0 283.0 20.0 10.0
594.0 402.0 20.0 10.0
376.0 998.0 20.0 10.0
1256.0 417.0 20.0 10.0
786.0 424.0 20.0 10.0
777.0 408.0 20.0 10.0
602.0 1097.0 20.0 10.0
761.0 533.0 20.0 10.0
269.0 584.0 20.0 10.0
1332.0 368.0 20.0 10.0
287.0 284.0 20.0 10.0
604.0 628.0 20.0 10.0
519.0 1138.0 20.0 10.0
124.0 780.0 20.0 10.0
285.0 671.0 20.0 10.0
790.0 377.0 20.0 10.0
1259.0 407.0 20.0 10.0
795.0 594.0 20.0 10.0
334.0 582.0 20.0 10.0
393.0 446.0 20.0 10.0
993.0 405.0 20.0 10.0
494.0 1166.0 20.0 10.0
492.0 329.0 20.0 10.0
258.0 691.0 20.0 10.0
397.0 408.0 20.0 10.0
561.0 1129.0 20.0 10.0
1022.0 402.0 20.0 10.0
244.0 259.0 20.0 10.0
1218.0 349.0 20.0 10.0
1132.0 296.0 20.0 10.0
562.0 1087.0 20.0 10.0
534.0 627.0 20.0 10.0
380.0 360.0 20.0 10.0
1137.0 259.0 20.0 10.0
1303.0 230.0 20.0 10.0
598.0 542.0 20.0 10.0
178.0 655.0 20.0 10.0
363.0 428.0 20.0 10.0
518.0 1180.0 20.0 10.0
1309.0 213.0 20.0 10.0
563.0 792.0 20.0 10.0
994.0 423.0 20.0 10.0
235.0 245.0 20.0 10.0
1187.0 357.0 20.0 10.0
721.0 536.0 20.0 10.0
314.0 406.0 20.0 10.0
1352.0 175.0 20.0 10.0
730.0 521.0 20.0 10.0
502.0 878.0 20.0 10.0
565.0 1216.0 20.0 10.0
1325.0 350.0 20.0 10.0
131.0 655.0 20.0 10.0
1149.0 220.0 20.0 10.0
154.0 788.0 20.0 10.0
1331.0 346.0 20.0 10.0
1368.0 344.0 20.0 10.0
360.0 664.0 20.0 10.0
353.0 1018.0 20.0 10.0
878.0 498.0 20.0 10.0
341.0 351.0 20.0 10.0
1370.0 373.0 20.0 10.0
593.0 657.0 20.0 10.0
875.0 461.0 20.0 10.0
615.0 648.0 20.0 10.0
305.0 568.0 20.0 10.0
419.0 938.0 20.0 10.0
505.0 506.0 20.0 10.0
1129.0 287.0 20.0 10.0
1353.0 332.0 20.0 10.0
911.0 438.0 20.0 10.0
364.0 326.0 20.0 10.0
139.0 646.0 20.0 10.0
943.0 428.0 20.0 10.0
505.0 1206.0 20.0 10.0
861.0 465.0 20.0 10.0
364.0 694.0 20.0 10.0
100.0 791.0 20.0 10.0
408.0 637.0 20.0 10.0
146.0 621.0 20.0 10.0
336.0 725.0 20.0 10.0
1179.0 354.0 20.0 10.0
471.0 1232.0 20.0 10.0
346.0 302.0 20.0 10.0
1299.0 416.0 20.0 10.0
474.0 241.0 20.0 10.0
362.0 685.0 20.0 10.0
1291.0 429.0 20.0 10.0
1166.0 217.0 20.0 10.0
330.0 405.0 20.0 10.0
832.0 610.0 20.0 10.0
455.0 1290.0 20.0 10.0
440.0 1343.0 20.0 10.0
1331.0 428.0 20.0 10.0
600.0 331.0 20.0 10.0
596.0 291.0 20.0 10.0
1192.0 176.0 20.0 10.0
283.0 580.0 20.0 10.0
212.0 219.0 20.0 10.0
314.0 755.0 20.0 10.0
1212.0 138.0 20.0 10.0
1361.0 360.0 20.0 10.0
488.0 310.0 20.0 10.0
465.0 897.0 20.0 10.0
565.0 1076.0 20.0 10.0
800.0 400.0 20.0 10.0
1327.0 413.0 20.0 10.0
133.0 628.0 20.0 10.0
346.0 580.0 20.0 10.0
498.0 425.0 20.0 10.0
607.0 468.0 20.0 10.0
307.0 679.0 20.0 10.0
491.0 736.0 20.0 10.0
632.0 591.0 20.0 10.0
781.0 589.0 20.0 10.0
318.0 345.0 20.0 10.0
192.0 761.0 20.0 10.0
803.0 607.0 20.0 10.0
594.0 1298.0 20.0 10.0
249.0 679.0 20.0 10.0
606.0 649.0 20.0 10.0
720.0 563.0 20.0 10.0
268.0 259.0 20.0 10.0
292.0 685.0 20.0 10.0
577.0 533.0 20.0 10.0
374.0 706.0 20.0 10.0
597.0 256.0 20.0 10.0
778.0 452.0 20.0 10.0
557.0 1132.0 20.0 10.0
206.0 212.0 20.0 10.0
400.0 439.0 20.0 10.0
233.0 698.0 20.0 10.0
1291.0 235.0 20.0 10.0
253.0 562.0 20.0 10.0
371.0 324.0 20.0 10.0
1326.0 425.0 20.0 10.0
289.0 331.0 20.0 10.0
587.0 1076.0 20.0 10.0
796.0 587.0 20.0 10.0
620.0 301.0 20.0 10.0
277.0 394.0 20.0 10.0
575.0 1346.0 20.0 10.0
604.0 676.0 20.0 10.0
567.0 823.0 20.0 10.0
565.0 593.0 20.0 10.0
133.0 661.0 20.0 10.0
518.0 1213.0 20.0 10.0
245.0 594.0 20.0 10.0
791.0 451.0 20.0 10.0
374.0 329.0 20.0 10.0
1155.0 184.0 20.0 10.0
545.0 675.0 20.0 10.0
566.0 1231.0 20.0 10.0
325.0 321.0 20.0 10.0
104.0 671.0 20.0 10.0
337.0 706.0 20.0 10.0
246.0 726.0 20.0 10.0
188.0 186.0 20.0 10.0
92.0 653.0 20.0 10.0
387.0 385.0 20.0 10.0
589.0 602.0 20.0 10.0
400.0 434.0 20.0 10.0
782.0 510.0 20.0 10.0
771.0 584.0 20.0 10.0
1182.0 189.0 20.0 10.0
290.0 704.0 20.0 10.0
356.0 296.0 20.0 10.0
755.0 481.0 20.0 10.0
371.0 304.0 20.0 10.0
1186.0 381.0 20.0 10.0
333.0 371.0 20.0 10.0
392.0 433.0 20.0 10.0
625.0 453.0 20.0 10.0
625.0 439.0 20.0 10.0
600.0 308.0 20.0 10.0
616.0 627.0 20.0 10.0
642.0 440.0 20.0 10.0
419.0 948.0 20.0 10.0
1319.0 351.0 20.0 10.0
388.0 992.0 20.0 10.0
59.0 652.0 20.0 10.0
729.0 576.0 20.0 10.0
807.0 384.0 20.0 10.0
493.0 306.0 20.0 10.0
265.0 253.0 20.0 10.0
226.0 717.0 20.0 10.0
908.0 449.0 20.0 10.0
813.0 365.0 20.0 10.0
1261.0 325.0 20.0 10.0
249.0 231.0 20.0 10.0
1195.0 284.0 20.0 10.0
92.0 794.0 20.0 10.0
381.0 1019.0 20.0 10.0
755.0 595.0 20.0 10.0
829.0 335.0 20.0 10.0
479.0 713.0 20.0 10.0
282.0 385.0 20.0 10.0
589.0 1100.0 20.0 10.0
494.0 260.0 20.0 10.0
557.0 925.0 20.0 10.0
315.0 644.0 20.0 10.0
205.0 548.0 20.0 10.0
579.0 417.0 20.0 10.0
627.0 690.0 20.0 10.0
335.0 610.0 20.0 10.0
636.0 408.0 20.0 10.0
562.0 1142.0 20.0 10.0
346.0 660.0 20.0 10.0
363.0 1024.0 20.0 10.0
1204.0 277.0 20.0 10.0
292.0 698.0 20.0 10.0
1239.0 254.0 20.0 10.0
831.0 596.0 20.0 10.0
574.0 1372.0 20.0 10.0
99.0 654.0 20.0 10.0
516.0 881.0 20.0 10.0
340.0 658.0 20.0 10.0
245.0 609.0 20.0 10.0
326.0 366.0 20.0 10.0
1229.0 105.0 20.0 10.0
346.0 719.0 20.0 10.0
240.0 714.0 20.0 10.0
861.0 626.0 20.0 10.0
780.0 614.0 20.0 10.0
1163.0 151.0 20.0 10.0
127.0 633.0 20.0 10.0
521.0 524.0 20.0 10.0
560.0 1073.0 20.0 10.0
516.0 901.0 20.0 10.0
1283.0 437.0 20.0 10.0
1341.0 219.0 20.0 10.0
98.0 631.0 20.0 10.0
218.0 683.0 20.0 10.0
579.0 1358.0 20.0 10.0
556.0 959.0 20.0 10.0
199.0 658.0 20.0 10.0
1237.0 88.0 20.0 10.0
505.0 1134.0 20.0 10.0
1239.0 412.0 20.0 10.0
624.0 1125.0 20.0 10.0
645.0 381.0 20.0 10.0
469.0 205.0 20.0 10.0
241.0 571.0 20.0 10.0
81.0 630.0 20.0 10.0
588.0 379.0 20.0 10.0
589.0 1366.0 20.0 10.0
602.0 649.0 20.0 10.0
1333.0 211.0 20.0 10.0
572.0 851.0 20.0 10.0
785.0 542.0 20.0 10.0
289.0 644.0 20.0 10.0
621.0 341.0 20.0 10.0
299.0 779.0 20.0 10.0
877.0 445.0 20.0 10.0
522.0 1054.0 20.0 10.0
838.0 306.0 20.0 10.0
303.0 662.0 20.0 10.0
661.0 717.0 20.0 10.0
340.0 578.0 20.0 10.0
318.0 578.0 20.0 10.0
429.0 1374.0 20.0 10.0
631.0 271.0 20.0 10.0
801.0 377.0 20.0 10.0
629.0 616.0 20.0 10.0
580.0 1263.0 20.0 10.0
462.0 1264.0 20.0 10.0
217.0 219.0 20.0 10.0
264.0 552.0 20.0 10.0
630.0 277.0 20.0 10.0
1012.0 387.0 20.0 10.0
198.0 700.0 20.0 10.0
151.0 659.0 20.0 10.0
350.0 362.0 20.0 10.0
337.0 595.0 20.0 10.0
47.0 634.0 20.0 10.0
489.0 363.0 20.0 10.0
169.0 673.0 20.0 10.0
495.0 496.0 20.0 10.0
564.0 954.0 20.0 10.0
355.0 1029.0 20.0 10.0
488.0 337.0 20.0 10.0
618.0 1135.0 20.0 10.0
298.0 346.0 20.0 10.0
487.0 1166.0 20.0 10.0
455.0 898.0 20.0 10.0
262.0 546.0 20.0 10.0
495.0 841.0 20.0 10.0
799.0 635.0 20.0 10.0
490.0 684.0 20.0 10.0
1398.0 342.0 20.0 10.0
490.0 382.0 20.0 10.0
471.0 211.0 20.0 10.0
428.0 1384.0 20.0 10.0
1392.0 190.0 20.0 10.0
574.0 601.0 20.0 10.0
812.0 653.0 20.0 10.0
1342.0 193.0 20.0 10.0
1342.0 351.0 20.0 10.0
1200.0 396.0 20.0 10.0
252.0 368.0 20.0 10.0
135.0 809.0 20.0 10.0
644.0 641.0 20.0 10.0
308.0 392.0 20.0 10.0
481.0 1204.0 20.0 10.0
809.0 429.0 20.0 10.0
1235.0 403.0 20.0 10.0
899.0 462.0 20.0 10.0
622.0 458.0 20.0 10.0
582.0 1114.0 20.0 10.0
165.0 536.0 20.0 10.0
184.0 191.0 20.0 10.0
370.0 731.0 20.0 10.0
204.0 195.0 20.0 10.0
342.0 272.0 20.0 10.0
1260.0 226.0 20.0 10.0
816.0 444.0 20.0 10.0
826.0 591.0 20.0 10.0
513.0 663.0 20.0 10.0
729.0 566.0 20.0 10.0
239.0 604.0 20.0 10.0
1384.0 192.0 20.0 10.0
887.0 463.0 20.0 10.0
636.0 248.0 20.0 10.0
279.0 254.0 20.0 10.0
497.0 1093.0 20.0 10.0
464.0 262.0 20.0 10.0
503.0 450.0 20.0 10.0
637.0 1153.0 20.0 10.0
1358.0 377.0 20.0 10.0
458.0 1271.0 20.0 10.0
152.0 616.0 20.0 10.0
571.0 979.0 20.0 10.0
308.0 574.0 20.0 10.0
594.0 344.0 20.0 10.0
1425.0 162.0 20.0 10.0
197.0 737.0 20.0 10.0
253.0 378.0 20.0 10.0
308.0 296.0 20.0 10.0
623.0 670.0 20.0 10.0
532.0 741.0 20.0 10.0
149.0 630.0 20.0 10.0
627.0 655.0 20.0 10.0
1244.0 405.0 20.0 10.0
280.0 795.0 20.0 10.0
498.0 683.0 20.0 10.0
306.0 384.0 20.0 10.0
1384.0 144.0 20.0 10.0
167.0 172.0 20.0 10.0
933.0 414.0 20.0 10.0
474.0 341.0 20.0 10.0
489.0 300.0 20.0 10.0
646.0 687.0 20.0 10.0
488.0 440.0 20.0 10.0
230.0 541.0 20.0 10.0
496.0 376.0 20.0 10.0
860.0 601.0 20.0 10.0
808.0 508.0 20.0 10.0
588.0 451.0 20.0 10.0
1140.0 266.0 20.0 10.0
752.0 472.0 20.0 10.0
554.0 819.0 20.0 10.0
152.0 781.0 20.0 10.0
482.0 1130.0 20.0 10.0
1176.0 126.0 20.0 10.0
470.0 1160.0 20.0 10.0
1255.0 358.0 20.0 10.0
411.0 976.0 20.0 10.0
259.0 264.0 20.0 10.0
131.0 785.0 20.0 10.0
516.0 747.0 20.0 10.0
528.0 508.0 20.0 10.0
1257.0 336.0 20.0 10.0
505.0 1080.0 20.0 10.0
179.0 718.0 20.0 10.0
514.0 371.0 20.0 10.0
1364.0 171.0 20.0 10.0
1244.0 79.0 20.0 10.0
905.0 487.0 20.0 10.0
1023.0 396.0 20.0 10.0
442.0 1378.0 20.0 10.0
634.0 1165.0 20.0 10.0
545.0 821.0 20.0 10.0
283.0 721.0 20.0 10.0
417.0 1417.0 20.0 10.0
581.0 1391.0 20.0 10.0
576.0 1339.0 20.0 10.0
715.0 569.0 20.0 10.0
449.0 1175.0 20.0 10.0
1161.0 198.0 20.0 10.0
915.0 503.0 20.0 10.0
492.0 234.0 20.0 10.0
455.0 888.0 20.0 10.0
939.0 450.0 20.0 10.0
179.0 167.0 20.0 10.0
621.0 1165.0 20.0 10.0
449.0 1304.0 20.0 10.0
675.0 743.0 20.0 10.0
331.0 1050.0 20.0 10.0
620.0 350.0 20.0 10.0
376.0 431.0 20.0 10.0
1317.0 368.0 20.0 10.0
418.0 1407.0 20.0 10.0
801.0 348.0 20.0 10.0
1279.0 335.0 20.0 10.0
379.0 982.0 20.0 10.0
106.0 657.0 20.0 10.0
66.0 797.0 20.0 10.0
552.0 617.0 20.0 10.0
1359.0 435.0 20.0 10.0
568.0 1116.0 20.0 10.0
581.0 1398.0 20.0 10.0
294.0 316.0 20.0 10.0
337.0 420.0 20.0 10.0
518.0 503.0 20.0 10.0
195.0 189.0 20.0 10.0
305.0 1059.0 20.0 10.0
636.0 683.0 20.0 10.0
909.0 469.0 20.0 10.0
237.0 723.0 20.0 10.0
488.0 273.0 20.0 10.0
767.0 506.0 20.0 10.0
464.0 515.0 20.0 10.0
1221.0 278.0 20.0 10.0
229.0 532.0 20.0 10.0
941.0 495.0 20.0 10.0
303.0 389.0 20.0 10.0
558.0 984.0 20.0 10.0
688.0 739.0 20.0 10.0
288.0 388.0 20.0 10.0
661.0 655.0 20.0 10.0
864.0 499.0 20.0 10.0
641.0 1193.0 20.0 10.0
886.0 634.0 20.0 10.0
884.0 608.0 20.0 10.0
535.0 707.0 20.0 10.0
279.0 549.0 20.0 10.0
806.0 371.0 20.0 10.0
266.0 682.0 20.0 10.0
850.0 602.0 20.0 10.0
567.0 548.0 20.0 10.0
376.0 413.0 20.0 10.0
247.0 380.0 20.0 10.0
131.0 526.0 20.0 10.0
545.0 546.0 20.0 10.0
1261.0 429.0 20.0 10.0
474.0 1235.0 20.0 10.0
949.0 391.0 20.0 10.0
605.0 682.0 20.0 10.0
1377.0 156.0 20.0 10.0
587.0 1258.0 20.0 10.0
777.0 378.0 20.0 10.0
871.0 609.0 20.0 10.0
817.0 344.0 20.0 10.0
280.0 728.0 20.0 10.0
1174.0 345.0 20.0 10.0
285.0 317.0 20.0 10.0
376.0 334.0 20.0 10.0
410.0 1440.0 20.0 10.0
786.0 528.0 20.0 10.0
464.0 173.0 20.0 10.0
492.0 412.0 20.0 10.0
356.0 998.0 20.0 10.0
272.0 747.0 20.0 10.0
394.0 419.0 20.0 10.0
226.0 679.0 20.0 10.0
558.0 871.0 20.0 10.0
851.0 631.0 20.0 10.0
805.0 532.0 20.0 10.0
1354.0 388.0 20.0 10.0
54.0 613.0 20.0 10.0
460.0 527.0 20.0 10.0
223.0 240.0 20.0 10.0
567.0 1177.0 20.0 10.0
276.0 661.0 20.0 10.0
175.0 660.0 20.0 10.0
1200.0 147.0 20.0 10.0
1289.0 321.0 20.0 10.0
628.0 320.0 20.0 10.0
1209.0 151.0 20.0 10.0
330.0 744.0 20.0 10.0
1180.0 111.0 20.0 10.0
156.0 778.0 20.0 10.0
571.0 628.0 20.0 10.0
318.0 655.0 20.0 10.0
1252.0 65.0 20.0 10.0
355.0 397.0 20.0 10.0
491.0 229.0 20.0 10.0
1267.0 242.0 20.0 10.0
1103.0 352.0 20.0 10.0
1181.0 103.0 20.0 10.0
174.0 705.0 20.0 10.0
1414.0 176.0 20.0 10.0
633.0 418.0 20.0 10.0
585.0 1001.0 20.0 10.0
263.0 378.0 20.0 10.0
1412.0 119.0 20.0 10.0
1437.0 168.0 20.0 10.0
260.0 675.0 20.0 10.0
1042.0 380.0 20.0 10.0
52.0 639.0 20.0 10.0
1178.0 389.0 20.0 10.0
1118.0 336.0 20.0 10.0
132.0 767.0 20.0 10.0
462.0 1151.0 20.0 10.0
1210.0 346.0 20.0 10.0
828.0 507.0 20.0 10.0
751.0 555.0 20.0 10.0
1431.0 183.0 20.0 10.0
480.0 1197.0 20.0 10.0
1223.0 341.0 20.0 10.0
1227.0 119.0 20.0 10.0
600.0 231.0 20.0 10.0
781.0 582.0 20.0 10.0
286.0 608.0 20.0 10.0
1454.0 145.0 20.0 10.0
1317.0 443.0 20.0 10.0
498.0 748.0 20.0 10.0
606.0 616.0 20.0 10.0
480.0 331.0 20.0 10.0
496.0 667.0 20.0 10.0
764.0 617.0 20.0 10.0
1135.0 298.0 20.0 10.0
832.0 412.0 20.0 10.0
464.0 1181.0 20.0 10.0
811.0 629.0 20.0 10.0
224.0 539.0 20.0 10.0
1370.0 185.0 20.0 10.0
446.0 1330.0 20.0 10.0
835.0 341.0 20.0 10.0
907.0 508.0 20.0 10.0
479.0 1113.0 20.0 10.0
1420.0 177.0 20.0 10.0
591.0 647.0 20.0 10.0
820.0 592.0 20.0 10.0
1372.0 149.0 20.0 10.0
293.0 391.0 20.0 10.0
646.0 1179.0 20.0 10.0
191.0 526.0 20.0 10.0
1272.0 202.0 20.0 10.0
566.0 1272.0 20.0 10.0
1318.0 436.0 20.0 10.0
77.0 673.0 20.0 10.0
1119.0 288.0 20.0 10.0
1242.0 328.0 20.0 10.0
1410.0 167.0 20.0 10.0
235.0 218.0 20.0 10.0
711.0 759.0 20.0 10.0
603.0 1293.0 20.0 10.0
102.0 518.0 20.0 10.0
1049.0 395.0 20.0 10.0
479.0 669.0 20.0 10.0
631.0 312.0 20.0 10.0
460.0 146.0 20.0 10.0
481.0 762.0 20.0 10.0
651.0 365.0 20.0 10.0
379.0 1012.0 20.0 10.0
836.0 317.0 20.0 10.0
624.0 594.0 20.0 10.0
1026.0 416.0 20.0 10.0
305.0 315.0 20.0 10.0
167.0 663.0 20.0 10.0
94.0 782.0 20.0 10.0
1215.0 264.0 20.0 10.0
1356.0 351.0 20.0 10.0
143.0 661.0 20.0 10.0
1301.0 454.0 20.0 10.0
515.0 1238.0 20.0 10.0
457.0 123.0 20.0 10.0
964.0 422.0 20.0 10.0
1287.0 423.0 20.0 10.0
1242.0 352.0 20.0 10.0
235.0 527.0 20.0 10.0
1256.0 60.0 20.0 10.0
987.0 409.0 20.0 10.0
469.0 183.0 20.0 10.0
488.0 866.0 20.0 10.0
805.0 575.0 20.0 10.0
323.0 729.0 20.0 10.0
724.0 777.0 20.0 10.0
54.0 625.0 20.0 10.0
234.0 580.0 20.0 10.0
563.0 1117.0 20.0 10.0
95.0 666.0 20.0 10.0
191.0 200.0 20.0 10.0
309.0 655.0 20.0 10.0
257.0 570.0 20.0 10.0
939.0 435.0 20.0 10.0
827.0 661.0 20.0 10.0
641.0 385.0 20.0 10.0
823.0 602.0 20.0 10.0
1340.0 456.0 20.0 10.0
217.0 743.0 20.0 10.0
821.0 382.0 20.0 10.0
288.0 364.0 20.0 10.0
137.0 529.0 20.0 10.0
469.0 734.0 20.0 10.0
800.0 443.0 20.0 10.0
104.0 614.0 20.0 10.0
364.0 299.0 20.0 10.0
942.0 511.0 20.0 10.0
139.0 801.0 20.0 10.0
570.0 1213.0 20.0 10.0
618.0 449.0 20.0 10.0
582.0 378.0 20.0 10.0
204.0 534.0 20.0 10.0
786.0 516.0 20.0 10.0
1313.0 351.0 20.0 10.0
353.0 740.0 20.0 10.0
662.0 703.0 20.0 10.0
63.0 671.0 20.0 10.0
857.0 471.0 20.0 10.0
644.0 714.0 20.0 10.0
331.0 388.0 20.0 10.0
412.0 971.0 20.0 10.0
179.0 757.0 20.0 10.0
200.0 528.0 20.0 10.0
690.0 723.0 20.0 10.0
885.0 604.0 20.0 10.0
586.0 1090.0 20.0 10.0
786.0 463.0 20.0 10.0
508.0 452.0 20.0 10.0
604.0 533.0 20.0 10.0
805.0 321.0 20.0 10.0
498.0 1108.0 20.0 10.0
305.0 778.0 20.0 10.0
1227.0 409.0 20.0 10.0
651.0 673.0 20.0 10.0
255.0 670.0 20.0 10.0
287.0 405.0 20.0 10.0
489.0 247.0 20.0 10.0
822.0 316.0 20.0 10.0
353.0 375.0 20.0 10.0
584.0 1413.0 20.0 10.0
557.0 644.0 20.0 10.0
422.0 1394.0 20.0 10.0
614.0 1122.0 20.0 10.0
691.0 757.0 20.0 10.0
596.0 1286.0 20.0 10.0
243.0 206.0 20.0 10.0
519.0 446.0 20.0 10.0
282.0 651.0 20.0 10.0
1361.0 199.0 20.0 10.0
582.0 1429.0 20.0 10.0
448.0 1406.0 20.0 10.0
623.0 426.0 20.0 10.0
630.0 711.0 20.0 10.0
507.0 339.0 20.0 10.0
566.0 1300.0 20.0 10.0
716.0 528.0 20.0 10.0
809.0 328.0 20.0 10.0
579.0 815.0 20.0 10.0
195.0 727.0 20.0 10.0
258.0 648.0 20.0 10.0
455.0 105.0 20.0 10.0
69.0 808.0 20.0 10.0
442.0 1325.0 20.0 10.0
653.0 388.0 20.0 10.0
176.0 542.0 20.0 10.0
1254.0 370.0 20.0 10.0
472.0 687.0 20.0 10.0
794.0 360.0 20.0 10.0
164.0 517.0 20.0 10.0
422.0 1411.0 20.0 10.0
372.0 337.0 20.0 10.0
562.0 571.0 20.0 10.0
582.0 1423.0 20.0 10.0
742.0 584.0 20.0 10.0
208.0 662.0 20.0 10.0
603.0 584.0 20.0 10.0
509.0 623.0 20.0 10.0
634.0 323.0 20.0 10.0
1167.0 161.0 20.0 10.0
1384.0 352.0 20.0 10.0
970.0 383.0 20.0 10.0
311.0 1065.0 20.0 10.0
566.0 1305.0 20.0 10.0
454.0 1288.0 20.0 10.0
847.0 586.0 20.0 10.0
274.0 331.0 20.0 10.0
971.0 419.0 20.0 10.0
432.0 1370.0 20.0 10.0
410.0 963.0 20.0 10.0
1182.0 348.0 20.0 10.0
108.0 801.0 20.0 10.0
291.0 1081.0 20.0 10.0
482.0 720.0 20.0 10.0
505.0 770.0 20.0 10.0
585.0 325.0 20.0 10.0
908.0 644.0 20.0 10.0
279.0 559.0 20.0 10.0
1438.0 104.0 20.0 10.0
598.0 582.0 20.0 10.0
257.0 302.0 20.0 10.0
525.0 1087.0 20.0 10.0
735.0 786.0 20.0 10.0
148.0 502.0 20.0 10.0
1266.0 43.0 20.0 10.0
554.0 784.0 20.0 10.0
499.0 900.0 20.0 10.0
1471.0 148.0 20.0 10.0
667.0 740.0 20.0 10.0
920.0 663.0 20.0 10.0
478.0 1193.0 20.0 10.0
931.0 513.0 20.0 10.0
594.0 837.0 20.0 10.0
1427.0 173.0 20.0 10.0
836.0 429.0 20.0 10.0
640.0 288.0 20.0 10.0
1475.0 157.0 20.0 10.0
566.0 1265.0 20.0 10.0
625.0 579.0 20.0 10.0
1494.0 126.0 20.0 10.0
727.0 512.0 20.0 10.0
1201.0 169.0 20.0 10.0
855.0 325.0 20.0 10.0
1349.0 350.0 20.0 10.0
459.0 316.0 20.0 10.0
405.0 991.0 20.0 10.0
628.0 401.0 20.0 10.0
1051.0 408.0 20.0 10.0
1172.0 132.0 20.0 10.0
654.0 418.0 20.0 10.0
856.0 291.0 20.0 10.0
507.0 1108.0 20.0 10.0
533.0 615.0 20.0 10.0
686.0 715.0 20.0 10.0
471.0 254.0 20.0 10.0
321.0 747.0 20.0 10.0
589.0 868.0 20.0 10.0
653.0 1199.0 20.0 10.0
240.0 743.0 20.0 10.0
845.0 281.0 20.0 10.0
1307.0 446.0 20.0 10.0
987.0 415.0 20.0 10.0
635.0 287.0 20.0 10.0
1314.0 425.0 20.0 10.0
138.0 778.0 20.0 10.0
932.0 445.0 20.0 10.0
208.0 578.0 20.0 10.0
466.0 1215.0 20.0 10.0
605.0 225.0 20.0 10.0
1447.0 137.0 20.0 10.0
346.0 411.0 20.0 10.0
323.0 766.0 20.0 10.0
349.0 354.0 20.0 10.0
1323.0 206.0 20.0 10.0
775.0 562.0 20.0 10.0
554.0 986.0 20.0 10.0
228.0 350.0 20.0 10.0
504.0 1166.0 20.0 10.0
450.0 1432.0 20.0 10.0
1124.0 328.0 20.0 10.0
328.0 558.0 20.0 10.0
116.0 673.0 20.0 10.0
955.0 403.0 20.0 10.0
1456.0 157.0 20.0 10.0
621.0 204.0 20.0 10.0
609.0 524.0 20.0 10.0
448.0 926.0 20.0 10.0
82.0 513.0 20.0 10.0
903.0 471.0 20.0 10.0
1335.0 194.0 20.0 10.0
310.0 354.0 20.0 10.0
531.0 758.0 20.0 10.0
332.0 329.0 20.0 10.0
1274.0 25.0 20.0 10.0
492.0 1133.0 20.0 10.0
648.0 1208.0 20.0 10.0
89.0 817.0 20.0 10.0
234.0 286.0 20.0 10.0
633.0 647.0 20.0 10.0
622.0 1115.0 20.0 10.0
460.0 229.0 20.0 10.0
705.0 740.0 20.0 10.0
609.0 1321.0 20.0 10.0
1285.0 221.0 20.0 10.0
268.0 290.0 20.0 10.0
348.0 1041.0 20.0 10.0
483.0 769.0 20.0 10.0
1298.0 461.0 20.0 10.0
1334.0 222.0 20.0 10.0
1066.0 406.0 20.0 10.0
443.0 948.0 20.0 10.0
1433.0 144.0 20.0 10.0
280.0 375.0 20.0 10.0
1391.0 332.0 20.0 10.0
25.0 632.0 20.0 10.0
491.0 208.0 20.0 10.0
521.0 1206.0 20.0 10.0
579.0 1386.0 20.0 10.0
283.0 567.0 20.0 10.0
294.0 545.0 20.0 10.0
480.0 255.0 20.0 10.0
891.0 510.0 20.0 10.0
600.0 201.0 20.0 10.0
139.0 675.0 20.0 10.0
117.0 803.0 20.0 10.0
535.0 558.0 20.0 10.0
560.0 883.0 20.0 10.0
584.0 624.0 20.0 10.0
527.0 1115.0 20.0 10.0
844.0 375.0 20.0 10.0
565.0 1329.0 20.0 10.0
591.0 316.0 20.0 10.0
1279.0 206.0 20.0 10.0
415.0 1444.0 20.0 10.0
1208.0 389.0 20.0 10.0
550.0 1038.0 20.0 10.0
655.0 617.0 20.0 10.0
1252.0 350.0 20.0 10.0
771.0 354.0 20.0 10.0
1286.0 414.0 20.0 10.0
605.0 411.0 20.0 10.0
931.0 650.0 20.0 10.0
553.0 916.0 20.0 10.0
468.0 309.0 20.0 10.0
1463.0 176.0 20.0 10.0
179.0 666.0 20.0 10.0
216.0 508.0 20.0 10.0
149.0 653.0 20.0 10.0
568.0 1143.0 20.0 10.0
295.0 767.0 20.0 10.0
514.0 1121.0 20.0 10.0
612.0 382.0 20.0 10.0
614.0 697.0 20.0 10.0
1229.0 260.0 20.0 10.0
520.0 665.0 20.0 10.0
158.0 683.0 20.0 10.0
391.0 986.0 20.0 10.0
965.0 491.0 20.0 10.0
1453.0 172.0 20.0 10.0
488.0 486.0 20.0 10.0
1303.0 303.0 20.0 10.0
1382.0 441.0 20.0 10.0
583.0 1453.0 20.0 10.0
538.0 1112.0 20.0 10.0
471.0 477.0 20.0 10.0
205.0 515.0 20.0 10.0
605.0 484.0 20.0 10.0
257.0 530.0 20.0 10.0
219.0 555.0 20.0 10.0
173.0 743.0 20.0 10.0
1255.0 234.0 20.0 10.0
931.0 469.0 20.0 10.0
518.0 630.0 20.0 10.0
547.0 584.0 20.0 10.0
123.0 830.0 20.0 10.0
488.0 1122.0 20.0 10.0
557.0 949.0 20.0 10.0
1399.0 369.0 20.0 10.0
334.0 636.0 20.0 10.0
672.0 677.0 20.0 10.0
1462.0 166.0 20.0 10.0
1184.0 369.0 20.0 10.0
549.0 550.0 20.0 10.0
142.0 688.0 20.0 10.0
208.0 731.0 20.0 10.0
1270.0 402.0 20.0 10.0
1396.0 385.0 20.0 10.0
1180.0 198.0 20.0 10.0
566.0 1290.0 20.0 10.0
801.0 503.0 20.0 10.0
1185.0 81.0 20.0 10.0
1285.0 312.0 20.0 10.0
245.0 274.0 20.0 10.0
579.0 1142.0 20.0 10.0
855.0 397.0 20.0 10.0
572.0 1207.0 20.0 10.0
565.0 1171.0 20.0 10.0
488.0 394.0 20.0 10.0
509.0 317.0 20.0 10.0
77.0 609.0 20.0 10.0
1380.0 164.0 20.0 10.0
306.0 745.0 20.0 10.0
604.0 660.0 20.0 10.0
461.0 962.0 20.0 10.0
1402.0 121.0 20.0 10.0
603.0 690.0 20.0 10.0
481.0 1149.0 20.0 10.0
325.0 572.0 20.0 10.0
983.0 395.0 20.0 10.0
1370.0 214.0 20.0 10.0
595.0 1140.0 20.0 10.0
825.0 322.0 20.0 10.0
150.0 763.0 20.0 10.0
69.0 641.0 20.0 10.0
516.0 491.0 20.0 10.0
1314.0 221.0 20.0 10.0
592.0 1224.0 20.0 10.0
793.0 324.0 20.0 10.0
606.0 881.0 20.0 10.0
1188.0 166.0 20.0 10.0
481.0 702.0 20.0 10.0
1500.0 140.0 20.0 10.0
704.0 759.0 20.0 10.0
1309.0 429.0 20.0 10.0
965.0 515.0 20.0 10.0
511.0 424.0 20.0 10.0
1158.0 113.0 20.0 10.0
168.0 736.0 20.0 10.0
284.0 290.0 20.0 10.0
648.0 634.0 20.0 10.0
822.0 499.0 20.0 10.0
227.0 743.0 20.0 10.0
1220.0 113.0 20.0 10.0
270.0 298.0 20.0 10.0
604.0 858.0 20.0 10.0
1397.0 346.0 20.0 10.0
