1000
3577.0 3240.0 20.0 10.0
3771.0 3241.0 20.0 10.0
610.0 2727.0 20.0 10.0
646.0 2725.0 20.0 10.0
730.0 2707.0 20.0 10.0
1004.0 2657.0 20.0 10.0
953.0 3663.0 20.0 10.0
3614.0 3152.0 20.0 10.0
3592.0 3167.0 20.0 10.0
3542.0 3147.0 20.0 10.0
942.0 2992.0 20.0 10.0
910.0 2986.0 20.0 10.0
1186.0 3646.0 20.0 10.0
764.0 2907.0 20.0 10.0
3397.0 1040.0 20.0 10.0
3458.0 828.0 20.0 10.0
1183.0 3515.0 20.0 10.0
1133.0 3666.0 20.0 10.0
3893.0 372.0 20.0 10.0
176.0 4092.0 20.0 10.0
160.0 4116.0 20.0 10.0
194.0 4097.0 20.0 10.0
225.0 4069.0 20.0 10.0
1733.0 2197.0 20.0 10.0
3054.0 2921.0 20.0 10.0
987.0 3763.0 20.0 10.0
3889.0 216.0 20.0 10.0
3877.0 234.0 20.0 10.0
3904.0 227.0 20.0 10.0
3368.0 3031.0 20.0 10.0
1070.0 2690.0 20.0 10.0
1048.0 2696.0 20.0 10.0
1018.0 2690.0 20.0 10.0
1901.0 3941.0 20.0 10.0
1895.0 3912.0 20.0 10.0
1157.0 3577.0 20.0 10.0
1176.0 3598.0 20.0 10.0
1936.0 2526.0 20.0 10.0
1963.0 2522.0 20.0 10.0
1494.0 2806.0 20.0 10.0
1208.0 3739.0 20.0 10.0
1180.0 3748.0 20.0 10.0
727.0 3774.0 20.0 10.0
724.0 3747.0 20.0 10.0
660.0 3750.0 20.0 10.0
598.0 3752.0 20.0 10.0
536.0 3753.0 20.0 10.0
499.0 3791.0 20.0 10.0
2110.0 2448.0 20.0 10.0
489.0 3720.0 20.0 10.0
846.0 2581.0 20.0 10.0
2521.0 1964.0 20.0 10.0
3233.0 2976.0 20.0 10.0
2001.0 2829.0 20.0 10.0
1992.0 2809.0 20.0 10.0
1986.0 2790.0 20.0 10.0
1983.0 2774.0 20.0 10.0
1979.0 2756.0 20.0 10.0
2012.0 2637.0 20.0 10.0
1993.0 2626.0 20.0 10.0
4033.0 44.0 20.0 10.0
4035.0 66.0 20.0 10.0
67.0 3431.0 20.0 10.0
79.0 3444.0 20.0 10.0
2400.0 4045.0 20.0 10.0
1892.0 2491.0 20.0 10.0
3971.0 163.0 20.0 10.0
3971.0 192.0 20.0 10.0
3944.0 230.0 20.0 10.0
3912.0 267.0 20.0 10.0
2990.0 1386.0 20.0 10.0
3489.0 746.0 20.0 10.0
3494.0 767.0 20.0 10.0
3482.0 791.0 20.0 10.0
3481.0 825.0 20.0 10.0
3455.0 862.0 20.0 10.0
3402.0 931.0 20.0 10.0
1946.0 3966.0 20.0 10.0
1096.0 3747.0 20.0 10.0
3127.0 3995.0 20.0 10.0
3104.0 3980.0 20.0 10.0
1026.0 2654.0 20.0 10.0
3701.0 3160.0 20.0 10.0
413.0 3649.0 20.0 10.0
2171.0 2541.0 20.0 10.0
2198.0 2533.0 20.0 10.0
2232.0 2386.0 20.0 10.0
1140.0 2978.0 20.0 10.0
762.0 2988.0 20.0 10.0
786.0 2910.0 20.0 10.0
231.0 2776.0 20.0 10.0
269.0 2769.0 20.0 10.0
313.0 2764.0 20.0 10.0
3381.0 853.0 20.0 10.0
1179.0 2982.0 20.0 10.0
3343.0 3067.0 20.0 10.0
2643.0 3689.0 20.0 10.0
1851.0 3867.0 20.0 10.0
1829.0 3882.0 20.0 10.0
1781.0 3874.0 20.0 10.0
1732.0 3865.0 20.0 10.0
1684.0 3856.0 20.0 10.0
3913.0 189.0 20.0 10.0
809.0 2857.0 20.0 10.0
2545.0 2584.0 20.0 10.0
3107.0 1237.0 20.0 10.0
3104.0 1247.0 20.0 10.0
3099.0 1260.0 20.0 10.0
3614.0 650.0 20.0 10.0
3093.0 1363.0 20.0 10.0
1229.0 3812.0 20.0 10.0
136.0 2565.0 20.0 10.0
3376.0 860.0 20.0 10.0
3365.0 878.0 20.0 10.0
3359.0 902.0 20.0 10.0
3358.0 930.0 20.0 10.0
3358.0 963.0 20.0 10.0
1535.0 2591.0 20.0 10.0
1499.0 2637.0 20.0 10.0
3849.0 349.0 20.0 10.0
3845.0 375.0 20.0 10.0
304.0 3603.0 20.0 10.0
165.0 2573.0 20.0 10.0
3553.0 1034.0 20.0 10.0
3171.0 3560.0 20.0 10.0
309.0 3883.0 20.0 10.0
174.0 4112.0 20.0 10.0
1369.0 3786.0 20.0 10.0
1309.0 3774.0 20.0 10.0
1246.0 3762.0 20.0 10.0
940.0 3749.0 20.0 10.0
960.0 3738.0 20.0 10.0
562.0 3163.0 20.0 10.0
579.0 3145.0 20.0 10.0
600.0 3127.0 20.0 10.0
2788.0 1708.0 20.0 10.0
2766.0 1689.0 20.0 10.0
878.0 2983.0 20.0 10.0
880.0 2974.0 20.0 10.0
3878.0 304.0 20.0 10.0
3844.0 344.0 20.0 10.0
790.0 2948.0 20.0 10.0
801.0 2934.0 20.0 10.0
1717.0 2179.0 20.0 10.0
1728.0 2190.0 20.0 10.0
3810.0 3256.0 20.0 10.0
3974.0 3358.0 20.0 10.0
262.0 3550.0 20.0 10.0
272.0 3562.0 20.0 10.0
441.0 3689.0 20.0 10.0
1691.0 2146.0 20.0 10.0
3090.0 2895.0 20.0 10.0
3061.0 2883.0 20.0 10.0
3000.0 2850.0 20.0 10.0
2940.0 2816.0 20.0 10.0
3388.0 830.0 20.0 10.0
3074.0 3953.0 20.0 10.0
1228.0 3760.0 20.0 10.0
1029.0 2615.0 20.0 10.0
746.0 2565.0 20.0 10.0
778.0 2974.0 20.0 10.0
791.0 2966.0 20.0 10.0
80.0 4209.0 20.0 10.0
96.0 4188.0 20.0 10.0
3805.0 3270.0 20.0 10.0
3792.0 3258.0 20.0 10.0
2214.0 2552.0 20.0 10.0
3626.0 1008.0 20.0 10.0
2795.0 1651.0 20.0 10.0
3429.0 907.0 20.0 10.0
2401.0 2465.0 20.0 10.0
2372.0 2468.0 20.0 10.0
2244.0 3998.0 20.0 10.0
185.0 2576.0 20.0 10.0
1976.0 2737.0 20.0 10.0
1972.0 2718.0 20.0 10.0
451.0 2613.0 20.0 10.0
1244.0 2913.0 20.0 10.0
1245.0 2895.0 20.0 10.0
1216.0 2922.0 20.0 10.0
1183.0 2942.0 20.0 10.0
1150.0 2961.0 20.0 10.0
1115.0 2977.0 20.0 10.0
950.0 3762.0 20.0 10.0
3061.0 2927.0 20.0 10.0
3555.0 3216.0 20.0 10.0
3575.0 3196.0 20.0 10.0
311.0 2613.0 20.0 10.0
348.0 2624.0 20.0 10.0
3078.0 2909.0 20.0 10.0
460.0 2623.0 20.0 10.0
3093.0 1274.0 20.0 10.0
3077.0 1294.0 20.0 10.0
689.0 3048.0 20.0 10.0
698.0 3041.0 20.0 10.0
2105.0 3937.0 20.0 10.0
1069.0 3000.0 20.0 10.0
3318.0 3852.0 20.0 10.0
92.0 3467.0 20.0 10.0
2449.0 4058.0 20.0 10.0
2432.0 4051.0 20.0 10.0
2412.0 4042.0 20.0 10.0
2388.0 4024.0 20.0 10.0
248.0 2825.0 20.0 10.0
276.0 2821.0 20.0 10.0
2295.0 2306.0 20.0 10.0
2302.0 2302.0 20.0 10.0
3600.0 999.0 20.0 10.0
3582.0 1001.0 20.0 10.0
881.0 2756.0 20.0 10.0
900.0 2717.0 20.0 10.0
2815.0 1691.0 20.0 10.0
2791.0 1687.0 20.0 10.0
1868.0 2681.0 20.0 10.0
1875.0 2670.0 20.0 10.0
3515.0 765.0 20.0 10.0
3502.0 797.0 20.0 10.0
3052.0 2904.0 20.0 10.0
4019.0 67.0 20.0 10.0
4017.0 79.0 20.0 10.0
4009.0 96.0 20.0 10.0
1139.0 2656.0 20.0 10.0
1242.0 2640.0 20.0 10.0
1347.0 2623.0 20.0 10.0
1452.0 2605.0 20.0 10.0
1559.0 2587.0 20.0 10.0
621.0 3738.0 20.0 10.0
595.0 3730.0 20.0 10.0
1883.0 2659.0 20.0 10.0
3099.0 2856.0 20.0 10.0
2366.0 2447.0 20.0 10.0
52.0 4258.0 20.0 10.0
78.0 4250.0 20.0 10.0
1116.0 3734.0 20.0 10.0
1049.0 3734.0 20.0 10.0
2842.0 1631.0 20.0 10.0
1558.0 3809.0 20.0 10.0
1532.0 3824.0 20.0 10.0
2809.0 3870.0 20.0 10.0
3067.0 1360.0 20.0 10.0
3338.0 1060.0 20.0 10.0
1548.0 2802.0 20.0 10.0
2454.0 2065.0 20.0 10.0
1808.0 2241.0 20.0 10.0
1834.0 2244.0 20.0 10.0
1850.0 2268.0 20.0 10.0
1860.0 2295.0 20.0 10.0
37.0 4176.0 20.0 10.0
2062.0 3923.0 20.0 10.0
3087.0 2869.0 20.0 10.0
3609.0 3312.0 20.0 10.0
1183.0 3823.0 20.0 10.0
1183.0 3803.0 20.0 10.0
1211.0 3788.0 20.0 10.0
826.0 2857.0 20.0 10.0
1172.0 3586.0 20.0 10.0
1006.0 2672.0 20.0 10.0
1034.0 2671.0 20.0 10.0
304.0 2822.0 20.0 10.0
3879.0 3288.0 20.0 10.0
1064.0 2567.0 20.0 10.0
1059.0 2577.0 20.0 10.0
1043.0 2596.0 20.0 10.0
663.0 2701.0 20.0 10.0
696.0 2695.0 20.0 10.0
4013.0 3353.0 20.0 10.0
3999.0 3345.0 20.0 10.0
3606.0 3298.0 20.0 10.0
3612.0 3273.0 20.0 10.0
3948.0 3352.0 20.0 10.0
3954.0 3332.0 20.0 10.0
1973.0 3901.0 20.0 10.0
1926.0 3893.0 20.0 10.0
1878.0 3888.0 20.0 10.0
2167.0 2456.0 20.0 10.0
1803.0 2155.0 20.0 10.0
3208.0 4054.0 20.0 10.0
1152.0 3616.0 20.0 10.0
1135.0 3652.0 20.0 10.0
1781.0 2248.0 20.0 10.0
1236.0 2932.0 20.0 10.0
1235.0 2922.0 20.0 10.0
1042.0 2993.0 20.0 10.0
3413.0 902.0 20.0 10.0
3620.0 988.0 20.0 10.0
2174.0 2479.0 20.0 10.0
2181.0 2502.0 20.0 10.0
3581.0 766.0 20.0 10.0
3554.0 759.0 20.0 10.0
3536.0 779.0 20.0 10.0
435.0 2596.0 20.0 10.0
1005.0 3008.0 20.0 10.0
1008.0 2996.0 20.0 10.0
1515.0 2822.0 20.0 10.0
790.0 2541.0 20.0 10.0
2305.0 2650.0 20.0 10.0
616.0 3112.0 20.0 10.0
639.0 3092.0 20.0 10.0
1964.0 2486.0 20.0 10.0
1498.0 2828.0 20.0 10.0
4070.0 25.0 20.0 10.0
905.0 3020.0 20.0 10.0
907.0 3004.0 20.0 10.0
1972.0 2664.0 20.0 10.0
1984.0 2643.0 20.0 10.0
1987.0 2616.0 20.0 10.0
181.0 2560.0 20.0 10.0
320.0 2821.0 20.0 10.0
485.0 2638.0 20.0 10.0
505.0 2647.0 20.0 10.0
535.0 2654.0 20.0 10.0
2535.0 3645.0 20.0 10.0
2345.0 2449.0 20.0 10.0
1350.0 3816.0 20.0 10.0
1335.0 3793.0 20.0 10.0
3542.0 1031.0 20.0 10.0
3521.0 1032.0 20.0 10.0
3498.0 1029.0 20.0 10.0
3461.0 1038.0 20.0 10.0
2585.0 2605.0 20.0 10.0
1851.0 2188.0 20.0 10.0
1844.0 2200.0 20.0 10.0
3817.0 390.0 20.0 10.0
3784.0 435.0 20.0 10.0
3751.0 481.0 20.0 10.0
3715.0 529.0 20.0 10.0
3677.0 578.0 20.0 10.0
3637.0 627.0 20.0 10.0
3595.0 680.0 20.0 10.0
1025.0 3761.0 20.0 10.0
1037.0 3754.0 20.0 10.0
2370.0 2218.0 20.0 10.0
2811.0 3838.0 20.0 10.0
1170.0 2976.0 20.0 10.0
1183.0 2959.0 20.0 10.0
3565.0 734.0 20.0 10.0
1073.0 3005.0 20.0 10.0
3010.0 3939.0 20.0 10.0
3003.0 3766.0 20.0 10.0
2975.0 3795.0 20.0 10.0
974.0 3684.0 20.0 10.0
1236.0 3708.0 20.0 10.0
1005.0 3782.0 20.0 10.0
1203.0 3578.0 20.0 10.0
557.0 3159.0 20.0 10.0
3012.0 1395.0 20.0 10.0
2998.0 1414.0 20.0 10.0
2989.0 1440.0 20.0 10.0
2976.0 1467.0 20.0 10.0
1297.0 2880.0 20.0 10.0
1305.0 2865.0 20.0 10.0
4062.0 107.0 20.0 10.0
4045.0 120.0 20.0 10.0
2782.0 3878.0 20.0 10.0
2795.0 3858.0 20.0 10.0
1531.0 2770.0 20.0 10.0
608.0 2741.0 20.0 10.0
3108.0 1343.0 20.0 10.0
3095.0 1352.0 20.0 10.0
3500.0 753.0 20.0 10.0
4009.0 3321.0 20.0 10.0
3994.0 3319.0 20.0 10.0
3978.0 3317.0 20.0 10.0
3960.0 3316.0 20.0 10.0
3933.0 3315.0 20.0 10.0
3910.0 3301.0 20.0 10.0
280.0 2800.0 20.0 10.0
300.0 2796.0 20.0 10.0
1852.0 2219.0 20.0 10.0
83.0 2552.0 20.0 10.0
2574.0 2597.0 20.0 10.0
2855.0 1601.0 20.0 10.0
1802.0 2267.0 20.0 10.0
1832.0 2273.0 20.0 10.0
3654.0 3312.0 20.0 10.0
3633.0 3297.0 20.0 10.0
3603.0 1020.0 20.0 10.0
3589.0 1017.0 20.0 10.0
3564.0 1018.0 20.0 10.0
3533.0 1023.0 20.0 10.0
3554.0 737.0 20.0 10.0
1051.0 2618.0 20.0 10.0
1049.0 2627.0 20.0 10.0
2550.0 3698.0 20.0 10.0
2572.0 3716.0 20.0 10.0
2596.0 3708.0 20.0 10.0
1521.0 2630.0 20.0 10.0
1481.0 2666.0 20.0 10.0
1443.0 2702.0 20.0 10.0
4038.0 62.0 20.0 10.0
3403.0 3058.0 20.0 10.0
3388.0 3046.0 20.0 10.0
1752.0 2536.0 20.0 10.0
3443.0 3095.0 20.0 10.0
2779.0 1667.0 20.0 10.0
2216.0 3902.0 20.0 10.0
2205.0 3910.0 20.0 10.0
2188.0 3918.0 20.0 10.0
2164.0 3929.0 20.0 10.0
1962.0 2561.0 20.0 10.0
950.0 3649.0 20.0 10.0
510.0 3817.0 20.0 10.0
1220.0 3526.0 20.0 10.0
1968.0 2696.0 20.0 10.0
3618.0 1027.0 20.0 10.0
285.0 2843.0 20.0 10.0
1851.0 2352.0 20.0 10.0
1875.0 2348.0 20.0 10.0
1899.0 2358.0 20.0 10.0
1033.0 2713.0 20.0 10.0
1019.0 2696.0 20.0 10.0
374.0 3634.0 20.0 10.0
4077.0 95.0 20.0 10.0
701.0 2705.0 20.0 10.0
1830.0 2357.0 20.0 10.0
363.0 2806.0 20.0 10.0
400.0 2793.0 20.0 10.0
1278.0 2870.0 20.0 10.0
3768.0 456.0 20.0 10.0
1049.0 2641.0 20.0 10.0
387.0 3935.0 20.0 10.0
529.0 2742.0 20.0 10.0
565.0 2739.0 20.0 10.0
3383.0 3060.0 20.0 10.0
650.0 2720.0 20.0 10.0
672.0 2733.0 20.0 10.0
2235.0 2367.0 20.0 10.0
2240.0 2378.0 20.0 10.0
2251.0 2401.0 20.0 10.0
1741.0 2204.0 20.0 10.0
1756.0 2219.0 20.0 10.0
2413.0 2471.0 20.0 10.0
2401.0 2470.0 20.0 10.0
2877.0 2781.0 20.0 10.0
2214.0 3972.0 20.0 10.0
1988.0 2799.0 20.0 10.0
3359.0 973.0 20.0 10.0
3348.0 1002.0 20.0 10.0
3294.0 1078.0 20.0 10.0
1289.0 3786.0 20.0 10.0
1279.0 3761.0 20.0 10.0
3081.0 1331.0 20.0 10.0
122.0 3484.0 20.0 10.0
1014.0 2635.0 20.0 10.0
2923.0 1500.0 20.0 10.0
2909.0 1521.0 20.0 10.0
2909.0 1549.0 20.0 10.0
467.0 3860.0 20.0 10.0
4021.0 3323.0 20.0 10.0
636.0 3060.0 20.0 10.0
3239.0 3561.0 20.0 10.0
3224.0 3573.0 20.0 10.0
3644.0 3276.0 20.0 10.0
3634.0 3271.0 20.0 10.0
2887.0 3790.0 20.0 10.0
3430.0 878.0 20.0 10.0
232.0 2791.0 20.0 10.0
269.0 2783.0 20.0 10.0
313.0 2774.0 20.0 10.0
361.0 2765.0 20.0 10.0
753.0 2581.0 20.0 10.0
1892.0 2647.0 20.0 10.0
3368.0 1046.0 20.0 10.0
2562.0 2015.0 20.0 10.0
2548.0 2005.0 20.0 10.0
2973.0 3811.0 20.0 10.0
749.0 2991.0 20.0 10.0
1361.0 2756.0 20.0 10.0
3674.0 3173.0 20.0 10.0
3656.0 3156.0 20.0 10.0
3633.0 3147.0 20.0 10.0
2354.0 2470.0 20.0 10.0
2326.0 2464.0 20.0 10.0
3243.0 3003.0 20.0 10.0
174.0 2818.0 20.0 10.0
389.0 2755.0 20.0 10.0
1507.0 2731.0 20.0 10.0
2710.0 2686.0 20.0 10.0
386.0 3839.0 20.0 10.0
3157.0 4030.0 20.0 10.0
3130.0 4007.0 20.0 10.0
2461.0 1977.0 20.0 10.0
2485.0 1970.0 20.0 10.0
2552.0 1957.0 20.0 10.0
2986.0 4044.0 20.0 10.0
3002.0 4022.0 20.0 10.0
3019.0 3997.0 20.0 10.0
1145.0 3592.0 20.0 10.0
1340.0 3760.0 20.0 10.0
967.0 3020.0 20.0 10.0
970.0 3009.0 20.0 10.0
975.0 2996.0 20.0 10.0
273.0 3902.0 20.0 10.0
288.0 3899.0 20.0 10.0
1069.0 2656.0 20.0 10.0
2697.0 3713.0 20.0 10.0
2710.0 3738.0 20.0 10.0
2736.0 3748.0 20.0 10.0
1193.0 3538.0 20.0 10.0
1181.0 3559.0 20.0 10.0
2162.0 3980.0 20.0 10.0
2191.0 2582.0 20.0 10.0
2206.0 2581.0 20.0 10.0
3351.0 3854.0 20.0 10.0
1374.0 3837.0 20.0 10.0
1362.0 3827.0 20.0 10.0
3513.0 803.0 20.0 10.0
4045.0 49.0 20.0 10.0
2017.0 2654.0 20.0 10.0
2535.0 1935.0 20.0 10.0
2544.0 1938.0 20.0 10.0
2557.0 1947.0 20.0 10.0
855.0 2965.0 20.0 10.0
3106.0 1308.0 20.0 10.0
3567.0 3211.0 20.0 10.0
640.0 2685.0 20.0 10.0
1813.0 2177.0 20.0 10.0
1821.0 2199.0 20.0 10.0
1820.0 2221.0 20.0 10.0
903.0 3014.0 20.0 10.0
64.0 4228.0 20.0 10.0
1383.0 2828.0 20.0 10.0
1387.0 2814.0 20.0 10.0
1401.0 2793.0 20.0 10.0
1413.0 2769.0 20.0 10.0
3356.0 3087.0 20.0 10.0
555.0 2764.0 20.0 10.0
3982.0 3336.0 20.0 10.0
148.0 2568.0 20.0 10.0
1141.0 3578.0 20.0 10.0
723.0 3718.0 20.0 10.0
3169.0 3578.0 20.0 10.0
3154.0 3600.0 20.0 10.0
1874.0 2368.0 20.0 10.0
37.0 2540.0 20.0 10.0
53.0 2544.0 20.0 10.0
3510.0 833.0 20.0 10.0
1479.0 3813.0 20.0 10.0
1425.0 3800.0 20.0 10.0
1348.0 2821.0 20.0 10.0
807.0 2916.0 20.0 10.0
1223.0 3817.0 20.0 10.0
1202.0 3799.0 20.0 10.0
1179.0 3778.0 20.0 10.0
3580.0 679.0 20.0 10.0
1780.0 2524.0 20.0 10.0
2018.0 3910.0 20.0 10.0
2815.0 1627.0 20.0 10.0
2812.0 1642.0 20.0 10.0
1848.0 2364.0 20.0 10.0
3011.0 3894.0 20.0 10.0
942.0 3655.0 20.0 10.0
490.0 2663.0 20.0 10.0
3868.0 332.0 20.0 10.0
724.0 3016.0 20.0 10.0
734.0 3010.0 20.0 10.0
871.0 2706.0 20.0 10.0
3039.0 3928.0 20.0 10.0
1071.0 3016.0 20.0 10.0
3542.0 799.0 20.0 10.0
1894.0 2581.0 20.0 10.0
3189.0 1207.0 20.0 10.0
320.0 3977.0 20.0 10.0
286.0 4008.0 20.0 10.0
252.0 4038.0 20.0 10.0
3069.0 1375.0 20.0 10.0
3669.0 3198.0 20.0 10.0
2243.0 2411.0 20.0 10.0
177.0 2576.0 20.0 10.0
4031.0 92.0 20.0 10.0
4013.0 124.0 20.0 10.0
1880.0 2325.0 20.0 10.0
1498.0 2834.0 20.0 10.0
174.0 2809.0 20.0 10.0
201.0 2803.0 20.0 10.0
3555.0 3179.0 20.0 10.0
636.0 2688.0 20.0 10.0
671.0 2691.0 20.0 10.0
3424.0 1048.0 20.0 10.0
3383.0 1054.0 20.0 10.0
1483.0 2651.0 20.0 10.0
1509.0 2652.0 20.0 10.0
912.0 3040.0 20.0 10.0
3124.0 3654.0 20.0 10.0
3118.0 3678.0 20.0 10.0
3088.0 3696.0 20.0 10.0
1350.0 2794.0 20.0 10.0
3872.0 381.0 20.0 10.0
763.0 2583.0 20.0 10.0
1864.0 2690.0 20.0 10.0
3817.0 3280.0 20.0 10.0
1842.0 2217.0 20.0 10.0
3189.0 2971.0 20.0 10.0
3177.0 2946.0 20.0 10.0
3120.0 2914.0 20.0 10.0
3913.0 351.0 20.0 10.0
3900.0 355.0 20.0 10.0
3873.0 361.0 20.0 10.0
3348.0 1033.0 20.0 10.0
3826.0 3290.0 20.0 10.0
1875.0 2613.0 20.0 10.0
409.0 3822.0 20.0 10.0
2578.0 1982.0 20.0 10.0
2574.0 1967.0 20.0 10.0
3170.0 1231.0 20.0 10.0
1120.0 3030.0 20.0 10.0
585.0 3139.0 20.0 10.0
2227.0 2626.0 20.0 10.0
1079.0 2985.0 20.0 10.0
2832.0 3814.0 20.0 10.0
1895.0 2390.0 20.0 10.0
1921.0 2389.0 20.0 10.0
1944.0 2420.0 20.0 10.0
1968.0 2450.0 20.0 10.0
2005.0 2456.0 20.0 10.0
2547.0 3635.0 20.0 10.0
2567.0 3653.0 20.0 10.0
1501.0 2851.0 20.0 10.0
47.0 3427.0 20.0 10.0
1154.0 3828.0 20.0 10.0
727.0 2975.0 20.0 10.0
60.0 2545.0 20.0 10.0
1864.0 2614.0 20.0 10.0
3392.0 3068.0 20.0 10.0
2680.0 2658.0 20.0 10.0
2655.0 2639.0 20.0 10.0
2624.0 2621.0 20.0 10.0
546.0 2742.0 20.0 10.0
2398.0 2418.0 20.0 10.0
374.0 2767.0 20.0 10.0
404.0 2777.0 20.0 10.0
441.0 2772.0 20.0 10.0
490.0 2754.0 20.0 10.0
818.0 2939.0 20.0 10.0
1914.0 2574.0 20.0 10.0
1940.0 2584.0 20.0 10.0
3587.0 680.0 20.0 10.0
3566.0 702.0 20.0 10.0
3548.0 736.0 20.0 10.0
664.0 2680.0 20.0 10.0
1945.0 3992.0 20.0 10.0
174.0 2789.0 20.0 10.0
3228.0 3607.0 20.0 10.0
3206.0 3590.0 20.0 10.0
3188.0 3612.0 20.0 10.0
3163.0 3629.0 20.0 10.0
3060.0 3717.0 20.0 10.0
3032.0 3741.0 20.0 10.0
3376.0 949.0 20.0 10.0
2779.0 2725.0 20.0 10.0
3493.0 3121.0 20.0 10.0
2250.0 3940.0 20.0 10.0
2972.0 1392.0 20.0 10.0
2970.0 1418.0 20.0 10.0
850.0 2960.0 20.0 10.0
200.0 2783.0 20.0 10.0
1931.0 2560.0 20.0 10.0
2774.0 1715.0 20.0 10.0
2708.0 1799.0 20.0 10.0
2443.0 2526.0 20.0 10.0
2424.0 2506.0 20.0 10.0
2372.0 2427.0 20.0 10.0
2262.0 2601.0 20.0 10.0
2242.0 2606.0 20.0 10.0
915.0 3745.0 20.0 10.0
470.0 2629.0 20.0 10.0
2242.0 2638.0 20.0 10.0
2696.0 3733.0 20.0 10.0
1584.0 3836.0 20.0 10.0
2507.0 1964.0 20.0 10.0
1763.0 2229.0 20.0 10.0
3690.0 3163.0 20.0 10.0
3678.0 3166.0 20.0 10.0
4107.0 34.0 20.0 10.0
894.0 3036.0 20.0 10.0
622.0 3108.0 20.0 10.0
631.0 3099.0 20.0 10.0
646.0 3086.0 20.0 10.0
661.0 3073.0 20.0 10.0
683.0 3053.0 20.0 10.0
435.0 3835.0 20.0 10.0
462.0 3831.0 20.0 10.0
2119.0 2472.0 20.0 10.0
1062.0 2583.0 20.0 10.0
3919.0 198.0 20.0 10.0
3921.0 214.0 20.0 10.0
3929.0 239.0 20.0 10.0
3605.0 1014.0 20.0 10.0
3559.0 781.0 20.0 10.0
1216.0 3818.0 20.0 10.0
1192.0 3844.0 20.0 10.0
2388.0 2441.0 20.0 10.0
2995.0 3956.0 20.0 10.0
2984.0 3928.0 20.0 10.0
2977.0 3896.0 20.0 10.0
328.0 2805.0 20.0 10.0
50.0 4238.0 20.0 10.0
3048.0 1350.0 20.0 10.0
267.0 2597.0 20.0 10.0
512.0 2659.0 20.0 10.0
3899.0 329.0 20.0 10.0
1541.0 2788.0 20.0 10.0
701.0 2724.0 20.0 10.0
528.0 2759.0 20.0 10.0
3358.0 3058.0 20.0 10.0
3340.0 3038.0 20.0 10.0
3287.0 3007.0 20.0 10.0
1996.0 2665.0 20.0 10.0
1955.0 2657.0 20.0 10.0
1964.0 2632.0 20.0 10.0
1967.0 2595.0 20.0 10.0
3750.0 3235.0 20.0 10.0
3730.0 3226.0 20.0 10.0
1423.0 3767.0 20.0 10.0
654.0 3084.0 20.0 10.0
3445.0 851.0 20.0 10.0
2833.0 1660.0 20.0 10.0
1525.0 2797.0 20.0 10.0
25.0 2537.0 20.0 10.0
3486.0 1031.0 20.0 10.0
431.0 3665.0 20.0 10.0
2506.0 2052.0 20.0 10.0
2438.0 2135.0 20.0 10.0
1179.0 3671.0 20.0 10.0
1150.0 3679.0 20.0 10.0
1124.0 3692.0 20.0 10.0
3042.0 1387.0 20.0 10.0
962.0 3683.0 20.0 10.0
300.0 3915.0 20.0 10.0
314.0 3899.0 20.0 10.0
333.0 3880.0 20.0 10.0
2535.0 1960.0 20.0 10.0
3394.0 871.0 20.0 10.0
3416.0 862.0 20.0 10.0
3300.0 3034.0 20.0 10.0
195.0 2577.0 20.0 10.0
208.0 2585.0 20.0 10.0
241.0 2594.0 20.0 10.0
276.0 2603.0 20.0 10.0
4035.0 126.0 20.0 10.0
1897.0 2626.0 20.0 10.0
1920.0 2609.0 20.0 10.0
51.0 4172.0 20.0 10.0
1806.0 2278.0 20.0 10.0
366.0 3649.0 20.0 10.0
2391.0 2459.0 20.0 10.0
780.0 2636.0 20.0 10.0
790.0 2635.0 20.0 10.0
804.0 2632.0 20.0 10.0
2527.0 2572.0 20.0 10.0
2503.0 2553.0 20.0 10.0
2989.0 1370.0 20.0 10.0
2001.0 2638.0 20.0 10.0
3005.0 1370.0 20.0 10.0
1669.0 2556.0 20.0 10.0
243.0 3558.0 20.0 10.0
262.0 3579.0 20.0 10.0
4052.0 52.0 20.0 10.0
2421.0 2456.0 20.0 10.0
3232.0 1153.0 20.0 10.0
755.0 2902.0 20.0 10.0
2234.0 3954.0 20.0 10.0
120.0 2561.0 20.0 10.0
2904.0 3812.0 20.0 10.0
2949.0 3826.0 20.0 10.0
2978.0 3862.0 20.0 10.0
1382.0 2837.0 20.0 10.0
2449.0 3985.0 20.0 10.0
2433.0 3986.0 20.0 10.0
2416.0 3988.0 20.0 10.0
2395.0 3991.0 20.0 10.0
2368.0 4004.0 20.0 10.0
2336.0 4006.0 20.0 10.0
2302.0 4002.0 20.0 10.0
2264.0 3994.0 20.0 10.0
2225.0 3985.0 20.0 10.0
2187.0 3970.0 20.0 10.0
2147.0 3953.0 20.0 10.0
1086.0 2685.0 20.0 10.0
1852.0 2232.0 20.0 10.0
1849.0 2247.0 20.0 10.0
968.0 3709.0 20.0 10.0
982.0 3736.0 20.0 10.0
917.0 3737.0 20.0 10.0
1633.0 3846.0 20.0 10.0
3300.0 1047.0 20.0 10.0
2023.0 2640.0 20.0 10.0
1964.0 4000.0 20.0 10.0
1051.0 2598.0 20.0 10.0
1710.0 3847.0 20.0 10.0
821.0 2945.0 20.0 10.0
3332.0 1029.0 20.0 10.0
3687.0 3208.0 20.0 10.0
2762.0 3739.0 20.0 10.0
2777.0 3763.0 20.0 10.0
2819.0 3778.0 20.0 10.0
2860.0 3797.0 20.0 10.0
2128.0 3970.0 20.0 10.0
2145.0 2468.0 20.0 10.0
2130.0 2443.0 20.0 10.0
2119.0 2421.0 20.0 10.0
3959.0 244.0 20.0 10.0
3949.0 247.0 20.0 10.0
2520.0 3620.0 20.0 10.0
4016.0 3366.0 20.0 10.0
3655.0 598.0 20.0 10.0
411.0 3686.0 20.0 10.0
3641.0 3188.0 20.0 10.0
1268.0 3787.0 20.0 10.0
287.0 3579.0 20.0 10.0
25.0 3438.0 20.0 10.0
918.0 2729.0 20.0 10.0
1307.0 3679.0 20.0 10.0
1296.0 3688.0 20.0 10.0
1282.0 3699.0 20.0 10.0
1268.0 3712.0 20.0 10.0
3950.0 3317.0 20.0 10.0
2688.0 2684.0 20.0 10.0
2814.0 2744.0 20.0 10.0
3363.0 3096.0 20.0 10.0
1927.0 3978.0 20.0 10.0
1928.0 3949.0 20.0 10.0
1339.0 2807.0 20.0 10.0
1259.0 3715.0 20.0 10.0
1248.0 3736.0 20.0 10.0
730.0 2546.0 20.0 10.0
3847.0 3274.0 20.0 10.0
379.0 3793.0 20.0 10.0
1088.0 3757.0 20.0 10.0
3232.0 4085.0 20.0 10.0
3209.0 4068.0 20.0 10.0
3184.0 4050.0 20.0 10.0
613.0 2695.0 20.0 10.0
423.0 2759.0 20.0 10.0
3578.0 976.0 20.0 10.0
798.0 2561.0 20.0 10.0
786.0 2584.0 20.0 10.0
788.0 2605.0 20.0 10.0
813.0 2609.0 20.0 10.0
2285.0 2627.0 20.0 10.0
1382.0 2743.0 20.0 10.0
1408.0 2740.0 20.0 10.0
1373.0 2774.0 20.0 10.0
333.0 3965.0 20.0 10.0
355.0 3943.0 20.0 10.0
208.0 2780.0 20.0 10.0
851.0 3741.0 20.0 10.0
788.0 3744.0 20.0 10.0
2597.0 3670.0 20.0 10.0
2625.0 3695.0 20.0 10.0
2659.0 3714.0 20.0 10.0
220.0 4047.0 20.0 10.0
196.0 4069.0 20.0 10.0
2963.0 3922.0 20.0 10.0
686.0 3016.0 20.0 10.0
708.0 3032.0 20.0 10.0
3523.0 982.0 20.0 10.0
3485.0 845.0 20.0 10.0
3837.0 3301.0 20.0 10.0
3512.0 1003.0 20.0 10.0
362.0 3888.0 20.0 10.0
394.0 3883.0 20.0 10.0
425.0 3870.0 20.0 10.0
390.0 3907.0 20.0 10.0
3321.0 3820.0 20.0 10.0
3353.0 3821.0 20.0 10.0
2465.0 4062.0 20.0 10.0
394.0 3799.0 20.0 10.0
326.0 3610.0 20.0 10.0
348.0 3629.0 20.0 10.0
850.0 2687.0 20.0 10.0
35.0 3416.0 20.0 10.0
2979.0 4061.0 20.0 10.0
200.0 4183.0 20.0 10.0
202.0 4168.0 20.0 10.0
206.0 4151.0 20.0 10.0
202.0 4125.0 20.0 10.0
72.0 2549.0 20.0 10.0
95.0 2555.0 20.0 10.0
804.0 2864.0 20.0 10.0
3143.0 3654.0 20.0 10.0
1501.0 2802.0 20.0 10.0
1507.0 2777.0 20.0 10.0
1519.0 2744.0 20.0 10.0
1520.0 2707.0 20.0 10.0
1518.0 2670.0 20.0 10.0
1110.0 2998.0 20.0 10.0
3058.0 1317.0 20.0 10.0
3919.0 188.0 20.0 10.0
3385.0 1022.0 20.0 10.0
835.0 2573.0 20.0 10.0
841.0 2590.0 20.0 10.0
839.0 2603.0 20.0 10.0
828.0 2626.0 20.0 10.0
1113.0 3011.0 20.0 10.0
3618.0 3333.0 20.0 10.0
3268.0 4113.0 20.0 10.0
3254.0 4100.0 20.0 10.0
3582.0 3269.0 20.0 10.0
3603.0 3251.0 20.0 10.0
850.0 2634.0 20.0 10.0
844.0 2661.0 20.0 10.0
2749.0 2707.0 20.0 10.0
2682.0 2667.0 20.0 10.0
2614.0 2627.0 20.0 10.0
3662.0 3205.0 20.0 10.0
574.0 2749.0 20.0 10.0
4054.0 42.0 20.0 10.0
2293.0 2659.0 20.0 10.0
2289.0 2635.0 20.0 10.0
2275.0 2621.0 20.0 10.0
2253.0 2613.0 20.0 10.0
2245.0 2589.0 20.0 10.0
1954.0 3990.0 20.0 10.0
520.0 2649.0 20.0 10.0
2716.0 2677.0 20.0 10.0
2470.0 2537.0 20.0 10.0
2392.0 2489.0 20.0 10.0
2314.0 2437.0 20.0 10.0
1157.0 3651.0 20.0 10.0
2953.0 1474.0 20.0 10.0
2515.0 3630.0 20.0 10.0
1776.0 2235.0 20.0 10.0
1801.0 2255.0 20.0 10.0
3358.0 1066.0 20.0 10.0
832.0 2910.0 20.0 10.0
845.0 2873.0 20.0 10.0
1963.0 2685.0 20.0 10.0
1960.0 2667.0 20.0 10.0
926.0 3749.0 20.0 10.0
68.0 4166.0 20.0 10.0
87.0 4159.0 20.0 10.0
108.0 4152.0 20.0 10.0
3917.0 245.0 20.0 10.0
1409.0 3806.0 20.0 10.0
1398.0 3779.0 20.0 10.0
3997.0 131.0 20.0 10.0
3995.0 158.0 20.0 10.0
2281.0 4005.0 20.0 10.0
2171.0 2522.0 20.0 10.0
2151.0 2498.0 20.0 10.0
3255.0 4088.0 20.0 10.0
1953.0 3891.0 20.0 10.0
394.0 3658.0 20.0 10.0
2574.0 1988.0 20.0 10.0
2478.0 2057.0 20.0 10.0
2502.0 2073.0 20.0 10.0
473.0 3696.0 20.0 10.0
4088.0 49.0 20.0 10.0
4092.0 76.0 20.0 10.0
2939.0 1486.0 20.0 10.0
3532.0 976.0 20.0 10.0
2260.0 2670.0 20.0 10.0
2249.0 2652.0 20.0 10.0
37.0 4248.0 20.0 10.0
563.0 2668.0 20.0 10.0
616.0 2677.0 20.0 10.0
2230.0 2571.0 20.0 10.0
827.0 2802.0 20.0 10.0
1437.0 3764.0 20.0 10.0
385.0 2633.0 20.0 10.0
423.0 2643.0 20.0 10.0
465.0 2654.0 20.0 10.0
512.0 2664.0 20.0 10.0
2627.0 1859.0 20.0 10.0
2640.0 1883.0 20.0 10.0
1211.0 3552.0 20.0 10.0
3107.0 2879.0 20.0 10.0
1423.0 2608.0 20.0 10.0
782.0 2922.0 20.0 10.0
35.0 3463.0 20.0 10.0
62.0 3454.0 20.0 10.0
3581.0 3298.0 20.0 10.0
3583.0 3289.0 20.0 10.0
3593.0 3272.0 20.0 10.0
839.0 2821.0 20.0 10.0
858.0 2835.0 20.0 10.0
868.0 2795.0 20.0 10.0
797.0 2700.0 20.0 10.0
830.0 2698.0 20.0 10.0
931.0 2687.0 20.0 10.0
154.0 3504.0 20.0 10.0
188.0 3528.0 20.0 10.0
223.0 3553.0 20.0 10.0
1836.0 2178.0 20.0 10.0
3045.0 3985.0 20.0 10.0
3027.0 3963.0 20.0 10.0
2822.0 1619.0 20.0 10.0
115.0 4167.0 20.0 10.0
132.0 4139.0 20.0 10.0
1308.0 2840.0 20.0 10.0
3448.0 880.0 20.0 10.0
1705.0 2165.0 20.0 10.0
779.0 2518.0 20.0 10.0
1879.0 2179.0 20.0 10.0
1866.0 2195.0 20.0 10.0
1859.0 2206.0 20.0 10.0
2523.0 2005.0 20.0 10.0
2507.0 1984.0 20.0 10.0
3825.0 3264.0 20.0 10.0
