1000
615.0 619.0 20.0 10.0
697.0 735.0 20.0 10.0
543.0 506.0 20.0 10.0
690.0 716.0 20.0 10.0
723.0 881.0 20.0 10.0
616.0 956.0 20.0 10.0
603.0 580.0 20.0 10.0
783.0 669.0 20.0 10.0
818.0 666.0 20.0 10.0
517.0 466.0 20.0 10.0
628.0 597.0 20.0 10.0
587.0 1007.0 20.0 10.0
842.0 966.0 20.0 10.0
844.0 667.0 20.0 10.0
474.0 397.0 20.0 10.0
711.0 947.0 20.0 10.0
947.0 989.0 20.0 10.0
1050.0 1013.0 20.0 10.0
846.0 675.0 20.0 10.0
410.0 296.0 20.0 10.0
876.0 1028.0 20.0 10.0
513.0 1022.0 20.0 10.0
718.0 973.0 20.0 10.0
874.0 690.0 20.0 10.0
740.0 818.0 20.0 10.0
372.0 245.0 20.0 10.0
418.0 1074.0 20.0 10.0
1122.0 1039.0 20.0 10.0
866.0 603.0 20.0 10.0
340.0 244.0 20.0 10.0
378.0 1102.0 20.0 10.0
478.0 1033.0 20.0 10.0
932.0 584.0 20.0 10.0
908.0 1092.0 20.0 10.0
330.0 1124.0 20.0 10.0
756.0 756.0 20.0 10.0
904.0 1047.0 20.0 10.0
688.0 882.0 20.0 10.0
942.0 1154.0 20.0 10.0
766.0 694.0 20.0 10.0
901.0 568.0 20.0 10.0
269.0 1171.0 20.0 10.0
958.0 1120.0 20.0 10.0
211.0 1213.0 20.0 10.0
701.0 989.0 20.0 10.0
899.0 1126.0 20.0 10.0
699.0 1006.0 20.0 10.0
495.0 1043.0 20.0 10.0
890.0 710.0 20.0 10.0
553.0 607.0 20.0 10.0
281.0 196.0 20.0 10.0
983.0 1179.0 20.0 10.0
176.0 1249.0 20.0 10.0
902.0 689.0 20.0 10.0
481.0 1067.0 20.0 10.0
453.0 370.0 20.0 10.0
926.0 551.0 20.0 10.0
1030.0 1197.0 20.0 10.0
850.0 1004.0 20.0 10.0
450.0 358.0 20.0 10.0
978.0 570.0 20.0 10.0
876.0 1135.0 20.0 10.0
747.0 898.0 20.0 10.0
427.0 342.0 20.0 10.0
848.0 1041.0 20.0 10.0
393.0 210.0 20.0 10.0
1002.0 1186.0 20.0 10.0
996.0 1167.0 20.0 10.0
581.0 968.0 20.0 10.0
230.0 160.0 20.0 10.0
163.0 1238.0 20.0 10.0
296.0 212.0 20.0 10.0
985.0 499.0 20.0 10.0
1017.0 455.0 20.0 10.0
690.0 861.0 20.0 10.0
1090.0 1022.0 20.0 10.0
517.0 432.0 20.0 10.0
884.0 962.0 20.0 10.0
766.0 921.0 20.0 10.0
775.0 658.0 20.0 10.0
676.0 718.0 20.0 10.0
241.0 1197.0 20.0 10.0
221.0 1222.0 20.0 10.0
572.0 1033.0 20.0 10.0
1192.0 1063.0 20.0 10.0
930.0 536.0 20.0 10.0
724.0 979.0 20.0 10.0
957.0 514.0 20.0 10.0
1094.0 1041.0 20.0 10.0
769.0 772.0 20.0 10.0
1251.0 1082.0 20.0 10.0
489.0 442.0 20.0 10.0
565.0 1056.0 20.0 10.0
544.0 1103.0 20.0 10.0
264.0 1146.0 20.0 10.0
1295.0 1098.0 20.0 10.0
520.0 478.0 20.0 10.0
344.0 1124.0 20.0 10.0
590.0 983.0 20.0 10.0
1000.0 548.0 20.0 10.0
529.0 1145.0 20.0 10.0
500.0 601.0 20.0 10.0
666.0 871.0 20.0 10.0
765.0 729.0 20.0 10.0
1039.0 417.0 20.0 10.0
1041.0 459.0 20.0 10.0
887.0 583.0 20.0 10.0
885.0 549.0 20.0 10.0
947.0 505.0 20.0 10.0
526.0 584.0 20.0 10.0
304.0 1141.0 20.0 10.0
482.0 1049.0 20.0 10.0
517.0 612.0 20.0 10.0
456.0 1073.0 20.0 10.0
944.0 1214.0 20.0 10.0
767.0 821.0 20.0 10.0
209.0 1165.0 20.0 10.0
157.0 1181.0 20.0 10.0
1034.0 1205.0 20.0 10.0
894.0 508.0 20.0 10.0
598.0 597.0 20.0 10.0
769.0 666.0 20.0 10.0
388.0 1071.0 20.0 10.0
686.0 1054.0 20.0 10.0
437.0 369.0 20.0 10.0
641.0 868.0 20.0 10.0
1058.0 1214.0 20.0 10.0
956.0 1266.0 20.0 10.0
772.0 904.0 20.0 10.0
697.0 909.0 20.0 10.0
411.0 348.0 20.0 10.0
490.0 1038.0 20.0 10.0
700.0 1047.0 20.0 10.0
737.0 989.0 20.0 10.0
704.0 1084.0 20.0 10.0
1072.0 1205.0 20.0 10.0
478.0 356.0 20.0 10.0
965.0 570.0 20.0 10.0
940.0 1098.0 20.0 10.0
691.0 980.0 20.0 10.0
401.0 159.0 20.0 10.0
783.0 744.0 20.0 10.0
974.0 1130.0 20.0 10.0
979.0 989.0 20.0 10.0
498.0 441.0 20.0 10.0
365.0 168.0 20.0 10.0
670.0 936.0 20.0 10.0
679.0 1013.0 20.0 10.0
1082.0 1003.0 20.0 10.0
140.0 1279.0 20.0 10.0
922.0 960.0 20.0 10.0
872.0 970.0 20.0 10.0
322.0 1147.0 20.0 10.0
524.0 401.0 20.0 10.0
757.0 917.0 20.0 10.0
596.0 619.0 20.0 10.0
989.0 562.0 20.0 10.0
358.0 218.0 20.0 10.0
974.0 1299.0 20.0 10.0
975.0 496.0 20.0 10.0
776.0 636.0 20.0 10.0
189.0 1242.0 20.0 10.0
245.0 160.0 20.0 10.0
144.0 1258.0 20.0 10.0
1008.0 582.0 20.0 10.0
983.0 571.0 20.0 10.0
609.0 553.0 20.0 10.0
929.0 1248.0 20.0 10.0
483.0 1020.0 20.0 10.0
796.0 642.0 20.0 10.0
980.0 493.0 20.0 10.0
1223.0 1080.0 20.0 10.0
666.0 694.0 20.0 10.0
895.0 477.0 20.0 10.0
188.0 134.0 20.0 10.0
114.0 1303.0 20.0 10.0
480.0 320.0 20.0 10.0
460.0 607.0 20.0 10.0
730.0 1013.0 20.0 10.0
1115.0 1019.0 20.0 10.0
583.0 554.0 20.0 10.0
930.0 559.0 20.0 10.0
677.0 1099.0 20.0 10.0
380.0 144.0 20.0 10.0
648.0 941.0 20.0 10.0
882.0 519.0 20.0 10.0
450.0 1109.0 20.0 10.0
232.0 1167.0 20.0 10.0
909.0 480.0 20.0 10.0
340.0 198.0 20.0 10.0
534.0 1135.0 20.0 10.0
900.0 602.0 20.0 10.0
990.0 1154.0 20.0 10.0
919.0 539.0 20.0 10.0
498.0 468.0 20.0 10.0
913.0 452.0 20.0 10.0
847.0 1072.0 20.0 10.0
433.0 1140.0 20.0 10.0
513.0 1182.0 20.0 10.0
955.0 575.0 20.0 10.0
659.0 683.0 20.0 10.0
295.0 1147.0 20.0 10.0
797.0 726.0 20.0 10.0
833.0 654.0 20.0 10.0
1099.0 1002.0 20.0 10.0
477.0 288.0 20.0 10.0
1289.0 1086.0 20.0 10.0
886.0 989.0 20.0 10.0
677.0 745.0 20.0 10.0
219.0 124.0 20.0 10.0
1068.0 433.0 20.0 10.0
1045.0 1248.0 20.0 10.0
1105.0 1216.0 20.0 10.0
426.0 1145.0 20.0 10.0
164.0 1277.0 20.0 10.0
784.0 709.0 20.0 10.0
707.0 931.0 20.0 10.0
315.0 153.0 20.0 10.0
628.0 583.0 20.0 10.0
961.0 1305.0 20.0 10.0
869.0 1158.0 20.0 10.0
384.0 101.0 20.0 10.0
540.0 628.0 20.0 10.0
845.0 1060.0 20.0 10.0
904.0 523.0 20.0 10.0
1084.0 1286.0 20.0 10.0
1151.0 1026.0 20.0 10.0
692.0 1028.0 20.0 10.0
1061.0 389.0 20.0 10.0
264.0 1157.0 20.0 10.0
958.0 1144.0 20.0 10.0
576.0 579.0 20.0 10.0
651.0 963.0 20.0 10.0
834.0 673.0 20.0 10.0
1073.0 427.0 20.0 10.0
450.0 1034.0 20.0 10.0
748.0 1009.0 20.0 10.0
962.0 1343.0 20.0 10.0
352.0 138.0 20.0 10.0
307.0 225.0 20.0 10.0
1146.0 1000.0 20.0 10.0
491.0 417.0 20.0 10.0
550.0 978.0 20.0 10.0
1316.0 1093.0 20.0 10.0
1017.0 1138.0 20.0 10.0
296.0 109.0 20.0 10.0
985.0 1204.0 20.0 10.0
1041.0 426.0 20.0 10.0
521.0 1172.0 20.0 10.0
956.0 557.0 20.0 10.0
785.0 603.0 20.0 10.0
949.0 1370.0 20.0 10.0
974.0 1192.0 20.0 10.0
1071.0 1238.0 20.0 10.0
668.0 1045.0 20.0 10.0
793.0 828.0 20.0 10.0
908.0 514.0 20.0 10.0
429.0 1091.0 20.0 10.0
203.0 91.0 20.0 10.0
942.0 1298.0 20.0 10.0
639.0 549.0 20.0 10.0
372.0 103.0 20.0 10.0
1163.0 1019.0 20.0 10.0
932.0 1329.0 20.0 10.0
1024.0 1158.0 20.0 10.0
298.0 1133.0 20.0 10.0
655.0 1071.0 20.0 10.0
350.0 222.0 20.0 10.0
533.0 373.0 20.0 10.0
919.0 1107.0 20.0 10.0
874.0 495.0 20.0 10.0
1105.0 1264.0 20.0 10.0
465.0 434.0 20.0 10.0
738.0 1040.0 20.0 10.0
385.0 332.0 20.0 10.0
1286.0 1097.0 20.0 10.0
924.0 513.0 20.0 10.0
110.0 1197.0 20.0 10.0
867.0 662.0 20.0 10.0
464.0 423.0 20.0 10.0
1325.0 1107.0 20.0 10.0
393.0 166.0 20.0 10.0
957.0 959.0 20.0 10.0
675.0 1129.0 20.0 10.0
672.0 731.0 20.0 10.0
645.0 689.0 20.0 10.0
277.0 1167.0 20.0 10.0
485.0 395.0 20.0 10.0
690.0 1039.0 20.0 10.0
1199.0 1016.0 20.0 10.0
931.0 1067.0 20.0 10.0
405.0 1107.0 20.0 10.0
408.0 1099.0 20.0 10.0
862.0 1152.0 20.0 10.0
844.0 1102.0 20.0 10.0
1138.0 1064.0 20.0 10.0
381.0 1080.0 20.0 10.0
174.0 1227.0 20.0 10.0
319.0 166.0 20.0 10.0
940.0 961.0 20.0 10.0
1013.0 567.0 20.0 10.0
593.0 549.0 20.0 10.0
653.0 888.0 20.0 10.0
788.0 583.0 20.0 10.0
159.0 121.0 20.0 10.0
1148.0 1015.0 20.0 10.0
1103.0 398.0 20.0 10.0
1131.0 1228.0 20.0 10.0
222.0 1157.0 20.0 10.0
537.0 590.0 20.0 10.0
197.0 130.0 20.0 10.0
800.0 538.0 20.0 10.0
1101.0 1256.0 20.0 10.0
361.0 321.0 20.0 10.0
1095.0 1221.0 20.0 10.0
750.0 709.0 20.0 10.0
461.0 582.0 20.0 10.0
369.0 72.0 20.0 10.0
1067.0 407.0 20.0 10.0
1071.0 1286.0 20.0 10.0
1057.0 1163.0 20.0 10.0
635.0 981.0 20.0 10.0
430.0 578.0 20.0 10.0
1099.0 1197.0 20.0 10.0
1030.0 1149.0 20.0 10.0
930.0 514.0 20.0 10.0
920.0 1277.0 20.0 10.0
642.0 516.0 20.0 10.0
373.0 136.0 20.0 10.0
609.0 525.0 20.0 10.0
531.0 993.0 20.0 10.0
779.0 556.0 20.0 10.0
969.0 1293.0 20.0 10.0
581.0 640.0 20.0 10.0
398.0 125.0 20.0 10.0
174.0 102.0 20.0 10.0
573.0 628.0 20.0 10.0
1073.0 1034.0 20.0 10.0
656.0 955.0 20.0 10.0
134.0 115.0 20.0 10.0
929.0 607.0 20.0 10.0
497.0 572.0 20.0 10.0
1016.0 1171.0 20.0 10.0
701.0 1110.0 20.0 10.0
669.0 850.0 20.0 10.0
994.0 1202.0 20.0 10.0
873.0 670.0 20.0 10.0
1091.0 407.0 20.0 10.0
581.0 587.0 20.0 10.0
650.0 728.0 20.0 10.0
585.0 520.0 20.0 10.0
1009.0 1193.0 20.0 10.0
525.0 988.0 20.0 10.0
750.0 939.0 20.0 10.0
945.0 1241.0 20.0 10.0
792.0 552.0 20.0 10.0
970.0 484.0 20.0 10.0
492.0 624.0 20.0 10.0
566.0 1000.0 20.0 10.0
514.0 1154.0 20.0 10.0
907.0 450.0 20.0 10.0
330.0 204.0 20.0 10.0
489.0 1052.0 20.0 10.0
172.0 1271.0 20.0 10.0
257.0 198.0 20.0 10.0
1132.0 1215.0 20.0 10.0
668.0 757.0 20.0 10.0
915.0 1304.0 20.0 10.0
993.0 958.0 20.0 10.0
472.0 554.0 20.0 10.0
368.0 109.0 20.0 10.0
1128.0 373.0 20.0 10.0
467.0 1069.0 20.0 10.0
1317.0 1106.0 20.0 10.0
647.0 954.0 20.0 10.0
390.0 1130.0 20.0 10.0
792.0 902.0 20.0 10.0
405.0 1178.0 20.0 10.0
1175.0 991.0 20.0 10.0
440.0 1136.0 20.0 10.0
617.0 1000.0 20.0 10.0
155.0 106.0 20.0 10.0
1314.0 1078.0 20.0 10.0
560.0 575.0 20.0 10.0
365.0 95.0 20.0 10.0
356.0 110.0 20.0 10.0
555.0 634.0 20.0 10.0
954.0 549.0 20.0 10.0
640.0 523.0 20.0 10.0
74.0 1209.0 20.0 10.0
532.0 605.0 20.0 10.0
229.0 180.0 20.0 10.0
390.0 267.0 20.0 10.0
1057.0 1149.0 20.0 10.0
955.0 612.0 20.0 10.0
924.0 481.0 20.0 10.0
743.0 741.0 20.0 10.0
429.0 331.0 20.0 10.0
487.0 606.0 20.0 10.0
583.0 492.0 20.0 10.0
1116.0 1315.0 20.0 10.0
1058.0 1154.0 20.0 10.0
681.0 1064.0 20.0 10.0
1173.0 1073.0 20.0 10.0
542.0 1011.0 20.0 10.0
122.0 1261.0 20.0 10.0
1196.0 1028.0 20.0 10.0
209.0 1178.0 20.0 10.0
970.0 1368.0 20.0 10.0
442.0 348.0 20.0 10.0
889.0 1155.0 20.0 10.0
954.0 1122.0 20.0 10.0
1063.0 1292.0 20.0 10.0
865.0 673.0 20.0 10.0
405.0 133.0 20.0 10.0
996.0 479.0 20.0 10.0
996.0 1231.0 20.0 10.0
78.0 1206.0 20.0 10.0
664.0 677.0 20.0 10.0
938.0 517.0 20.0 10.0
674.0 844.0 20.0 10.0
465.0 617.0 20.0 10.0
969.0 1374.0 20.0 10.0
736.0 999.0 20.0 10.0
1006.0 1163.0 20.0 10.0
625.0 959.0 20.0 10.0
908.0 724.0 20.0 10.0
406.0 352.0 20.0 10.0
784.0 690.0 20.0 10.0
307.0 1148.0 20.0 10.0
386.0 1204.0 20.0 10.0
683.0 923.0 20.0 10.0
139.0 1238.0 20.0 10.0
739.0 723.0 20.0 10.0
1009.0 550.0 20.0 10.0
228.0 190.0 20.0 10.0
365.0 1221.0 20.0 10.0
674.0 698.0 20.0 10.0
765.0 892.0 20.0 10.0
413.0 306.0 20.0 10.0
131.0 91.0 20.0 10.0
618.0 865.0 20.0 10.0
733.0 1041.0 20.0 10.0
674.0 896.0 20.0 10.0
405.0 183.0 20.0 10.0
410.0 322.0 20.0 10.0
1078.0 1329.0 20.0 10.0
701.0 1065.0 20.0 10.0
790.0 525.0 20.0 10.0
1037.0 1120.0 20.0 10.0
437.0 411.0 20.0 10.0
94.0 1321.0 20.0 10.0
350.0 1114.0 20.0 10.0
917.0 705.0 20.0 10.0
1072.0 1319.0 20.0 10.0
971.0 1324.0 20.0 10.0
1023.0 957.0 20.0 10.0
444.0 1083.0 20.0 10.0
175.0 124.0 20.0 10.0
433.0 619.0 20.0 10.0
903.0 1152.0 20.0 10.0
427.0 607.0 20.0 10.0
272.0 192.0 20.0 10.0
923.0 1272.0 20.0 10.0
247.0 183.0 20.0 10.0
532.0 1161.0 20.0 10.0
876.0 1178.0 20.0 10.0
336.0 1151.0 20.0 10.0
774.0 948.0 20.0 10.0
1225.0 1032.0 20.0 10.0
1121.0 1058.0 20.0 10.0
88.0 1283.0 20.0 10.0
1154.0 1034.0 20.0 10.0
1087.0 1358.0 20.0 10.0
132.0 1246.0 20.0 10.0
862.0 1091.0 20.0 10.0
677.0 938.0 20.0 10.0
1073.0 448.0 20.0 10.0
350.0 129.0 20.0 10.0
803.0 735.0 20.0 10.0
410.0 404.0 20.0 10.0
628.0 900.0 20.0 10.0
1022.0 573.0 20.0 10.0
388.0 63.0 20.0 10.0
790.0 686.0 20.0 10.0
1086.0 369.0 20.0 10.0
109.0 1244.0 20.0 10.0
782.0 760.0 20.0 10.0
202.0 1242.0 20.0 10.0
810.0 840.0 20.0 10.0
785.0 812.0 20.0 10.0
534.0 583.0 20.0 10.0
639.0 1085.0 20.0 10.0
349.0 1083.0 20.0 10.0
1000.0 1139.0 20.0 10.0
512.0 571.0 20.0 10.0
1060.0 412.0 20.0 10.0
406.0 104.0 20.0 10.0
476.0 560.0 20.0 10.0
787.0 778.0 20.0 10.0
572.0 528.0 20.0 10.0
1094.0 1317.0 20.0 10.0
202.0 99.0 20.0 10.0
864.0 1030.0 20.0 10.0
385.0 1195.0 20.0 10.0
183.0 1167.0 20.0 10.0
877.0 1048.0 20.0 10.0
435.0 328.0 20.0 10.0
1083.0 433.0 20.0 10.0
432.0 573.0 20.0 10.0
585.0 583.0 20.0 10.0
1096.0 1353.0 20.0 10.0
673.0 994.0 20.0 10.0
932.0 1323.0 20.0 10.0
362.0 109.0 20.0 10.0
465.0 358.0 20.0 10.0
936.0 452.0 20.0 10.0
1043.0 1129.0 20.0 10.0
1229.0 1068.0 20.0 10.0
112.0 1290.0 20.0 10.0
1064.0 1151.0 20.0 10.0
453.0 325.0 20.0 10.0
645.0 487.0 20.0 10.0
1024.0 553.0 20.0 10.0
789.0 632.0 20.0 10.0
1086.0 1219.0 20.0 10.0
1152.0 1058.0 20.0 10.0
411.0 140.0 20.0 10.0
55.0 1212.0 20.0 10.0
510.0 1000.0 20.0 10.0
613.0 1026.0 20.0 10.0
1344.0 1114.0 20.0 10.0
533.0 380.0 20.0 10.0
281.0 73.0 20.0 10.0
1368.0 1126.0 20.0 10.0
1014.0 1201.0 20.0 10.0
236.0 181.0 20.0 10.0
1013.0 1155.0 20.0 10.0
975.0 624.0 20.0 10.0
996.0 565.0 20.0 10.0
47.0 1217.0 20.0 10.0
1333.0 1107.0 20.0 10.0
354.0 56.0 20.0 10.0
1113.0 419.0 20.0 10.0
972.0 1317.0 20.0 10.0
270.0 179.0 20.0 10.0
448.0 410.0 20.0 10.0
928.0 1238.0 20.0 10.0
532.0 1030.0 20.0 10.0
531.0 624.0 20.0 10.0
581.0 527.0 20.0 10.0
671.0 1124.0 20.0 10.0
771.0 942.0 20.0 10.0
245.0 151.0 20.0 10.0
928.0 724.0 20.0 10.0
514.0 453.0 20.0 10.0
1064.0 1279.0 20.0 10.0
1132.0 1285.0 20.0 10.0
1098.0 1045.0 20.0 10.0
380.0 341.0 20.0 10.0
925.0 1266.0 20.0 10.0
1055.0 544.0 20.0 10.0
1119.0 1009.0 20.0 10.0
1100.0 439.0 20.0 10.0
1083.0 1165.0 20.0 10.0
875.0 525.0 20.0 10.0
982.0 1334.0 20.0 10.0
500.0 1213.0 20.0 10.0
1143.0 1034.0 20.0 10.0
974.0 1005.0 20.0 10.0
1043.0 1181.0 20.0 10.0
1049.0 393.0 20.0 10.0
345.0 1236.0 20.0 10.0
444.0 297.0 20.0 10.0
670.0 1135.0 20.0 10.0
581.0 473.0 20.0 10.0
769.0 615.0 20.0 10.0
1110.0 1345.0 20.0 10.0
411.0 1159.0 20.0 10.0
318.0 1134.0 20.0 10.0
268.0 1154.0 20.0 10.0
429.0 302.0 20.0 10.0
112.0 1250.0 20.0 10.0
436.0 337.0 20.0 10.0
164.0 1296.0 20.0 10.0
809.0 497.0 20.0 10.0
495.0 618.0 20.0 10.0
1009.0 986.0 20.0 10.0
770.0 608.0 20.0 10.0
964.0 1287.0 20.0 10.0
1174.0 1000.0 20.0 10.0
467.0 1090.0 20.0 10.0
691.0 1075.0 20.0 10.0
765.0 675.0 20.0 10.0
203.0 1173.0 20.0 10.0
127.0 1192.0 20.0 10.0
299.0 135.0 20.0 10.0
228.0 1220.0 20.0 10.0
805.0 467.0 20.0 10.0
181.0 73.0 20.0 10.0
782.0 927.0 20.0 10.0
1117.0 1337.0 20.0 10.0
1044.0 1140.0 20.0 10.0
1042.0 562.0 20.0 10.0
221.0 140.0 20.0 10.0
461.0 535.0 20.0 10.0
706.0 1013.0 20.0 10.0
872.0 1171.0 20.0 10.0
343.0 142.0 20.0 10.0
647.0 526.0 20.0 10.0
808.0 919.0 20.0 10.0
910.0 1327.0 20.0 10.0
897.0 1008.0 20.0 10.0
354.0 64.0 20.0 10.0
1154.0 1300.0 20.0 10.0
568.0 502.0 20.0 10.0
912.0 495.0 20.0 10.0
619.0 885.0 20.0 10.0
830.0 854.0 20.0 10.0
823.0 467.0 20.0 10.0
1174.0 1313.0 20.0 10.0
562.0 566.0 20.0 10.0
992.0 1161.0 20.0 10.0
664.0 1163.0 20.0 10.0
1011.0 1258.0 20.0 10.0
488.0 429.0 20.0 10.0
1032.0 979.0 20.0 10.0
1002.0 1352.0 20.0 10.0
1023.0 560.0 20.0 10.0
1115.0 1040.0 20.0 10.0
332.0 102.0 20.0 10.0
352.0 25.0 20.0 10.0
481.0 377.0 20.0 10.0
805.0 615.0 20.0 10.0
463.0 1064.0 20.0 10.0
1107.0 413.0 20.0 10.0
1022.0 525.0 20.0 10.0
1017.0 959.0 20.0 10.0
488.0 1238.0 20.0 10.0
636.0 904.0 20.0 10.0
970.0 1390.0 20.0 10.0
941.0 1092.0 20.0 10.0
644.0 464.0 20.0 10.0
271.0 168.0 20.0 10.0
591.0 976.0 20.0 10.0
949.0 429.0 20.0 10.0
1111.0 1306.0 20.0 10.0
1366.0 1114.0 20.0 10.0
1038.0 1195.0 20.0 10.0
1084.0 538.0 20.0 10.0
460.0 597.0 20.0 10.0
906.0 1017.0 20.0 10.0
748.0 874.0 20.0 10.0
121.0 1298.0 20.0 10.0
142.0 101.0 20.0 10.0
538.0 1129.0 20.0 10.0
1041.0 956.0 20.0 10.0
656.0 1182.0 20.0 10.0
382.0 35.0 20.0 10.0
820.0 472.0 20.0 10.0
170.0 110.0 20.0 10.0
479.0 294.0 20.0 10.0
882.0 1167.0 20.0 10.0
978.0 459.0 20.0 10.0
680.0 1084.0 20.0 10.0
425.0 115.0 20.0 10.0
395.0 398.0 20.0 10.0
185.0 1182.0 20.0 10.0
346.0 157.0 20.0 10.0
1036.0 431.0 20.0 10.0
972.0 1349.0 20.0 10.0
1058.0 1204.0 20.0 10.0
668.0 864.0 20.0 10.0
404.0 119.0 20.0 10.0
918.0 469.0 20.0 10.0
915.0 1268.0 20.0 10.0
679.0 1000.0 20.0 10.0
975.0 1142.0 20.0 10.0
632.0 713.0 20.0 10.0
901.0 534.0 20.0 10.0
542.0 587.0 20.0 10.0
842.0 1094.0 20.0 10.0
217.0 139.0 20.0 10.0
562.0 480.0 20.0 10.0
443.0 587.0 20.0 10.0
347.0 27.0 20.0 10.0
206.0 173.0 20.0 10.0
1039.0 1156.0 20.0 10.0
274.0 46.0 20.0 10.0
896.0 673.0 20.0 10.0
382.0 393.0 20.0 10.0
151.0 1166.0 20.0 10.0
358.0 1120.0 20.0 10.0
628.0 736.0 20.0 10.0
802.0 940.0 20.0 10.0
474.0 621.0 20.0 10.0
439.0 574.0 20.0 10.0
851.0 690.0 20.0 10.0
1052.0 532.0 20.0 10.0
718.0 1107.0 20.0 10.0
983.0 1360.0 20.0 10.0
559.0 468.0 20.0 10.0
589.0 890.0 20.0 10.0
436.0 564.0 20.0 10.0
596.0 1043.0 20.0 10.0
1014.0 523.0 20.0 10.0
403.0 87.0 20.0 10.0
1116.0 410.0 20.0 10.0
722.0 1039.0 20.0 10.0
163.0 75.0 20.0 10.0
141.0 80.0 20.0 10.0
661.0 1190.0 20.0 10.0
1015.0 1263.0 20.0 10.0
831.0 826.0 20.0 10.0
1109.0 1313.0 20.0 10.0
379.0 187.0 20.0 10.0
959.0 1240.0 20.0 10.0
1135.0 383.0 20.0 10.0
1079.0 1227.0 20.0 10.0
157.0 83.0 20.0 10.0
651.0 872.0 20.0 10.0
654.0 671.0 20.0 10.0
411.0 159.0 20.0 10.0
761.0 938.0 20.0 10.0
1131.0 1001.0 20.0 10.0
1016.0 1197.0 20.0 10.0
389.0 1093.0 20.0 10.0
921.0 1072.0 20.0 10.0
822.0 721.0 20.0 10.0
396.0 35.0 20.0 10.0
645.0 857.0 20.0 10.0
1140.0 1330.0 20.0 10.0
801.0 850.0 20.0 10.0
1071.0 512.0 20.0 10.0
437.0 1105.0 20.0 10.0
1111.0 992.0 20.0 10.0
357.0 74.0 20.0 10.0
478.0 1259.0 20.0 10.0
906.0 1291.0 20.0 10.0
662.0 953.0 20.0 10.0
949.0 1311.0 20.0 10.0
636.0 962.0 20.0 10.0
299.0 125.0 20.0 10.0
166.0 52.0 20.0 10.0
366.0 164.0 20.0 10.0
1030.0 532.0 20.0 10.0
413.0 557.0 20.0 10.0
1026.0 1291.0 20.0 10.0
1100.0 346.0 20.0 10.0
90.0 1313.0 20.0 10.0
1109.0 350.0 20.0 10.0
982.0 956.0 20.0 10.0
945.0 530.0 20.0 10.0
921.0 589.0 20.0 10.0
1070.0 560.0 20.0 10.0
618.0 564.0 20.0 10.0
493.0 554.0 20.0 10.0
326.0 1094.0 20.0 10.0
527.0 476.0 20.0 10.0
403.0 190.0 20.0 10.0
857.0 1028.0 20.0 10.0
666.0 912.0 20.0 10.0
690.0 1107.0 20.0 10.0
946.0 1109.0 20.0 10.0
412.0 126.0 20.0 10.0
1107.0 382.0 20.0 10.0
365.0 388.0 20.0 10.0
982.0 1223.0 20.0 10.0
352.0 37.0 20.0 10.0
916.0 559.0 20.0 10.0
470.0 1278.0 20.0 10.0
151.0 1287.0 20.0 10.0
407.0 569.0 20.0 10.0
64.0 1302.0 20.0 10.0
468.0 329.0 20.0 10.0
689.0 1094.0 20.0 10.0
1133.0 1340.0 20.0 10.0
324.0 1118.0 20.0 10.0
435.0 279.0 20.0 10.0
987.0 1321.0 20.0 10.0
307.0 1106.0 20.0 10.0
342.0 98.0 20.0 10.0
544.0 1007.0 20.0 10.0
1130.0 396.0 20.0 10.0
1049.0 1163.0 20.0 10.0
937.0 1106.0 20.0 10.0
284.0 80.0 20.0 10.0
641.0 497.0 20.0 10.0
129.0 1176.0 20.0 10.0
345.0 206.0 20.0 10.0
398.0 1094.0 20.0 10.0
477.0 583.0 20.0 10.0
596.0 874.0 20.0 10.0
972.0 1408.0 20.0 10.0
281.0 105.0 20.0 10.0
1393.0 1120.0 20.0 10.0
213.0 1246.0 20.0 10.0
838.0 695.0 20.0 10.0
1308.0 1104.0 20.0 10.0
1067.0 556.0 20.0 10.0
452.0 1048.0 20.0 10.0
973.0 959.0 20.0 10.0
1110.0 534.0 20.0 10.0
741.0 1024.0 20.0 10.0
1109.0 1045.0 20.0 10.0
244.0 1165.0 20.0 10.0
1039.0 1316.0 20.0 10.0
278.0 217.0 20.0 10.0
1171.0 1081.0 20.0 10.0
438.0 619.0 20.0 10.0
398.0 609.0 20.0 10.0
790.0 956.0 20.0 10.0
1184.0 999.0 20.0 10.0
1417.0 1124.0 20.0 10.0
499.0 1005.0 20.0 10.0
921.0 1296.0 20.0 10.0
1117.0 329.0 20.0 10.0
525.0 1158.0 20.0 10.0
923.0 491.0 20.0 10.0
432.0 1126.0 20.0 10.0
1176.0 1041.0 20.0 10.0
309.0 194.0 20.0 10.0
131.0 1304.0 20.0 10.0
748.0 697.0 20.0 10.0
732.0 968.0 20.0 10.0
372.0 1216.0 20.0 10.0
1064.0 1221.0 20.0 10.0
794.0 651.0 20.0 10.0
262.0 172.0 20.0 10.0
1186.0 1047.0 20.0 10.0
1056.0 573.0 20.0 10.0
1047.0 516.0 20.0 10.0
668.0 703.0 20.0 10.0
778.0 964.0 20.0 10.0
513.0 547.0 20.0 10.0
572.0 908.0 20.0 10.0
1278.0 1090.0 20.0 10.0
230.0 123.0 20.0 10.0
930.0 1056.0 20.0 10.0
1361.0 1110.0 20.0 10.0
85.0 1204.0 20.0 10.0
157.0 1186.0 20.0 10.0
93.0 1274.0 20.0 10.0
1032.0 1227.0 20.0 10.0
448.0 627.0 20.0 10.0
456.0 570.0 20.0 10.0
579.0 634.0 20.0 10.0
930.0 456.0 20.0 10.0
394.0 133.0 20.0 10.0
377.0 592.0 20.0 10.0
1191.0 1017.0 20.0 10.0
986.0 1029.0 20.0 10.0
649.0 469.0 20.0 10.0
992.0 1359.0 20.0 10.0
410.0 88.0 20.0 10.0
1078.0 518.0 20.0 10.0
459.0 371.0 20.0 10.0
326.0 115.0 20.0 10.0
1088.0 1298.0 20.0 10.0
136.0 80.0 20.0 10.0
773.0 577.0 20.0 10.0
906.0 486.0 20.0 10.0
1015.0 1220.0 20.0 10.0
652.0 502.0 20.0 10.0
425.0 631.0 20.0 10.0
303.0 1168.0 20.0 10.0
907.0 675.0 20.0 10.0
927.0 1180.0 20.0 10.0
257.0 148.0 20.0 10.0
63.0 1289.0 20.0 10.0
621.0 849.0 20.0 10.0
393.0 289.0 20.0 10.0
1197.0 1094.0 20.0 10.0
660.0 854.0 20.0 10.0
256.0 177.0 20.0 10.0
580.0 600.0 20.0 10.0
347.0 1144.0 20.0 10.0
604.0 908.0 20.0 10.0
533.0 358.0 20.0 10.0
1008.0 559.0 20.0 10.0
425.0 1166.0 20.0 10.0
372.0 193.0 20.0 10.0
463.0 270.0 20.0 10.0
570.0 559.0 20.0 10.0
179.0 1175.0 20.0 10.0
71.0 1309.0 20.0 10.0
1149.0 355.0 20.0 10.0
1077.0 1007.0 20.0 10.0
418.0 97.0 20.0 10.0
811.0 817.0 20.0 10.0
929.0 1352.0 20.0 10.0
1124.0 1233.0 20.0 10.0
666.0 1186.0 20.0 10.0
618.0 501.0 20.0 10.0
493.0 1230.0 20.0 10.0
880.0 585.0 20.0 10.0
987.0 626.0 20.0 10.0
764.0 639.0 20.0 10.0
1092.0 1307.0 20.0 10.0
1054.0 1223.0 20.0 10.0
1002.0 1002.0 20.0 10.0
643.0 535.0 20.0 10.0
381.0 1152.0 20.0 10.0
809.0 509.0 20.0 10.0
1103.0 508.0 20.0 10.0
354.0 147.0 20.0 10.0
1212.0 993.0 20.0 10.0
356.0 224.0 20.0 10.0
803.0 766.0 20.0 10.0
1024.0 1184.0 20.0 10.0
699.0 968.0 20.0 10.0
892.0 574.0 20.0 10.0
133.0 1194.0 20.0 10.0
621.0 962.0 20.0 10.0
600.0 968.0 20.0 10.0
1006.0 950.0 20.0 10.0
338.0 112.0 20.0 10.0
460.0 389.0 20.0 10.0
318.0 230.0 20.0 10.0
1088.0 1237.0 20.0 10.0
432.0 1054.0 20.0 10.0
417.0 401.0 20.0 10.0
676.0 874.0 20.0 10.0
1034.0 994.0 20.0 10.0
1343.0 1094.0 20.0 10.0
500.0 1047.0 20.0 10.0
806.0 753.0 20.0 10.0
1106.0 1007.0 20.0 10.0
1020.0 1215.0 20.0 10.0
418.0 108.0 20.0 10.0
1047.0 557.0 20.0 10.0
1163.0 344.0 20.0 10.0
465.0 1299.0 20.0 10.0
1229.0 1017.0 20.0 10.0
159.0 1271.0 20.0 10.0
686.0 1002.0 20.0 10.0
1058.0 1137.0 20.0 10.0
1020.0 951.0 20.0 10.0
800.0 608.0 20.0 10.0
991.0 465.0 20.0 10.0
181.0 106.0 20.0 10.0
803.0 581.0 20.0 10.0
937.0 1183.0 20.0 10.0
137.0 1250.0 20.0 10.0
865.0 1191.0 20.0 10.0
950.0 1180.0 20.0 10.0
367.0 333.0 20.0 10.0
1345.0 1125.0 20.0 10.0
314.0 1128.0 20.0 10.0
260.0 88.0 20.0 10.0
242.0 123.0 20.0 10.0
1214.0 1053.0 20.0 10.0
441.0 430.0 20.0 10.0
889.0 591.0 20.0 10.0
1125.0 1340.0 20.0 10.0
409.0 393.0 20.0 10.0
808.0 561.0 20.0 10.0
580.0 872.0 20.0 10.0
947.0 589.0 20.0 10.0
361.0 1102.0 20.0 10.0
399.0 97.0 20.0 10.0
416.0 355.0 20.0 10.0
887.0 482.0 20.0 10.0
601.0 502.0 20.0 10.0
1043.0 1171.0 20.0 10.0
523.0 449.0 20.0 10.0
942.0 1086.0 20.0 10.0
881.0 1042.0 20.0 10.0
796.0 677.0 20.0 10.0
1227.0 1075.0 20.0 10.0
403.0 574.0 20.0 10.0
843.0 1129.0 20.0 10.0
1120.0 1025.0 20.0 10.0
1087.0 389.0 20.0 10.0
793.0 720.0 20.0 10.0
884.0 1145.0 20.0 10.0
1156.0 364.0 20.0 10.0
408.0 620.0 20.0 10.0
25.0 1224.0 20.0 10.0
1166.0 1076.0 20.0 10.0
1010.0 1036.0 20.0 10.0
1083.0 562.0 20.0 10.0
350.0 309.0 20.0 10.0
1147.0 1010.0 20.0 10.0
1083.0 574.0 20.0 10.0
480.0 410.0 20.0 10.0
1090.0 1150.0 20.0 10.0
1032.0 594.0 20.0 10.0
533.0 345.0 20.0 10.0
108.0 1184.0 20.0 10.0
1351.0 1111.0 20.0 10.0
116.0 1199.0 20.0 10.0
570.0 878.0 20.0 10.0
1213.0 999.0 20.0 10.0
288.0 204.0 20.0 10.0
1199.0 1080.0 20.0 10.0
650.0 1065.0 20.0 10.0
261.0 54.0 20.0 10.0
576.0 502.0 20.0 10.0
353.0 80.0 20.0 10.0
