1000
155.0 102.0 20.0 10.0
129.0 139.0 20.0 10.0
123.0 50.0 20.0 10.0
98.0 117.0 20.0 10.0
169.0 167.0 20.0 10.0
146.0 124.0 20.0 10.0
74.0 114.0 20.0 10.0
117.0 56.0 20.0 10.0
96.0 77.0 20.0 10.0
81.0 118.0 20.0 10.0
108.0 98.0 20.0 10.0
159.0 78.0 20.0 10.0
82.0 85.0 20.0 10.0
46.0 92.0 20.0 10.0
130.0 175.0 20.0 10.0
118.0 150.0 20.0 10.0
103.0 106.0 20.0 10.0
89.0 122.0 20.0 10.0
163.0 131.0 20.0 10.0
151.0 95.0 20.0 10.0
137.0 91.0 20.0 10.0
82.0 124.0 20.0 10.0
76.0 111.0 20.0 10.0
104.0 110.0 20.0 10.0
101.0 134.0 20.0 10.0
175.0 85.0 20.0 10.0
136.0 84.0 20.0 10.0
123.0 155.0 20.0 10.0
91.0 118.0 20.0 10.0
124.0 135.0 20.0 10.0
171.0 74.0 20.0 10.0
90.0 95.0 20.0 10.0
111.0 85.0 20.0 10.0
149.0 124.0 20.0 10.0
90.0 57.0 20.0 10.0
112.0 106.0 20.0 10.0
151.0 93.0 20.0 10.0
126.0 147.0 20.0 10.0
74.0 71.0 20.0 10.0
134.0 66.0 20.0 10.0
195.0 56.0 20.0 10.0
132.0 137.0 20.0 10.0
125.0 121.0 20.0 10.0
93.0 88.0 20.0 10.0
122.0 96.0 20.0 10.0
136.0 99.0 20.0 10.0
59.0 135.0 20.0 10.0
176.0 72.0 20.0 10.0
96.0 87.0 20.0 10.0
62.0 168.0 20.0 10.0
82.0 111.0 20.0 10.0
134.0 82.0 20.0 10.0
122.0 109.0 20.0 10.0
166.0 92.0 20.0 10.0
115.0 84.0 20.0 10.0
128.0 136.0 20.0 10.0
102.0 83.0 20.0 10.0
110.0 97.0 20.0 10.0
136.0 135.0 20.0 10.0
136.0 93.0 20.0 10.0
129.0 74.0 20.0 10.0
104.0 94.0 20.0 10.0
75.0 125.0 20.0 10.0
125.0 164.0 20.0 10.0
106.0 110.0 20.0 10.0
156.0 93.0 20.0 10.0
141.0 104.0 20.0 10.0
150.0 73.0 20.0 10.0
80.0 116.0 20.0 10.0
111.0 122.0 20.0 10.0
93.0 140.0 20.0 10.0
123.0 103.0 20.0 10.0
99.0 123.0 20.0 10.0
143.0 170.0 20.0 10.0
169.0 64.0 20.0 10.0
87.0 95.0 20.0 10.0
143.0 31.0 20.0 10.0
89.0 104.0 20.0 10.0
62.0 92.0 20.0 10.0
98.0 128.0 20.0 10.0
80.0 126.0 20.0 10.0
68.0 131.0 20.0 10.0
159.0 152.0 20.0 10.0
122.0 141.0 20.0 10.0
139.0 101.0 20.0 10.0
79.0 136.0 20.0 10.0
103.0 147.0 20.0 10.0
107.0 106.0 20.0 10.0
88.0 132.0 20.0 10.0
121.0 170.0 20.0 10.0
149.0 75.0 20.0 10.0
141.0 66.0 20.0 10.0
142.0 85.0 20.0 10.0
151.0 87.0 20.0 10.0
133.0 130.0 20.0 10.0
96.0 110.0 20.0 10.0
87.0 112.0 20.0 10.0
144.0 133.0 20.0 10.0
116.0 92.0 20.0 10.0
119.0 92.0 20.0 10.0
128.0 49.0 20.0 10.0
161.0 75.0 20.0 10.0
124.0 152.0 20.0 10.0
103.0 76.0 20.0 10.0
103.0 134.0 20.0 10.0
151.0 151.0 20.0 10.0
139.0 52.0 20.0 10.0
61.0 66.0 20.0 10.0
107.0 93.0 20.0 10.0
80.0 101.0 20.0 10.0
134.0 134.0 20.0 10.0
130.0 114.0 20.0 10.0
121.0 91.0 20.0 10.0
119.0 127.0 20.0 10.0
131.0 121.0 20.0 10.0
139.0 141.0 20.0 10.0
103.0 80.0 20.0 10.0
118.0 68.0 20.0 10.0
66.0 58.0 20.0 10.0
84.0 99.0 20.0 10.0
144.0 84.0 20.0 10.0
127.0 104.0 20.0 10.0
132.0 87.0 20.0 10.0
97.0 73.0 20.0 10.0
151.0 130.0 20.0 10.0
129.0 71.0 20.0 10.0
90.0 126.0 20.0 10.0
182.0 155.0 20.0 10.0
125.0 103.0 20.0 10.0
142.0 74.0 20.0 10.0
128.0 80.0 20.0 10.0
98.0 63.0 20.0 10.0
56.0 134.0 20.0 10.0
157.0 117.0 20.0 10.0
114.0 126.0 20.0 10.0
127.0 115.0 20.0 10.0
113.0 138.0 20.0 10.0
91.0 103.0 20.0 10.0
135.0 70.0 20.0 10.0
100.0 55.0 20.0 10.0
113.0 58.0 20.0 10.0
146.0 63.0 20.0 10.0
121.0 157.0 20.0 10.0
142.0 76.0 20.0 10.0
127.0 85.0 20.0 10.0
112.0 66.0 20.0 10.0
106.0 74.0 20.0 10.0
115.0 119.0 20.0 10.0
158.0 123.0 20.0 10.0
142.0 122.0 20.0 10.0
81.0 61.0 20.0 10.0
135.0 112.0 20.0 10.0
159.0 57.0 20.0 10.0
92.0 131.0 20.0 10.0
108.0 81.0 20.0 10.0
100.0 71.0 20.0 10.0
86.0 105.0 20.0 10.0
140.0 88.0 20.0 10.0
81.0 170.0 20.0 10.0
103.0 107.0 20.0 10.0
142.0 127.0 20.0 10.0
93.0 153.0 20.0 10.0
91.0 123.0 20.0 10.0
196.0 105.0 20.0 10.0
82.0 138.0 20.0 10.0
116.0 134.0 20.0 10.0
101.0 74.0 20.0 10.0
143.0 180.0 20.0 10.0
102.0 171.0 20.0 10.0
139.0 96.0 20.0 10.0
108.0 97.0 20.0 10.0
49.0 121.0 20.0 10.0
102.0 139.0 20.0 10.0
66.0 105.0 20.0 10.0
165.0 113.0 20.0 10.0
59.0 58.0 20.0 10.0
122.0 101.0 20.0 10.0
127.0 130.0 20.0 10.0
86.0 84.0 20.0 10.0
153.0 138.0 20.0 10.0
94.0 106.0 20.0 10.0
144.0 82.0 20.0 10.0
110.0 105.0 20.0 10.0
135.0 78.0 20.0 10.0
130.0 119.0 20.0 10.0
161.0 103.0 20.0 10.0
97.0 120.0 20.0 10.0
73.0 69.0 20.0 10.0
160.0 130.0 20.0 10.0
131.0 134.0 20.0 10.0
142.0 100.0 20.0 10.0
142.0 70.0 20.0 10.0
183.0 102.0 20.0 10.0
124.0 73.0 20.0 10.0
159.0 143.0 20.0 10.0
183.0 84.0 20.0 10.0
168.0 114.0 20.0 10.0
156.0 129.0 20.0 10.0
86.0 129.0 20.0 10.0
115.0 76.0 20.0 10.0
103.0 91.0 20.0 10.0
154.0 112.0 20.0 10.0
185.0 126.0 20.0 10.0
144.0 160.0 20.0 10.0
106.0 125.0 20.0 10.0
116.0 176.0 20.0 10.0
128.0 107.0 20.0 10.0
82.0 106.0 20.0 10.0
122.0 113.0 20.0 10.0
147.0 54.0 20.0 10.0
111.0 141.0 20.0 10.0
125.0 98.0 20.0 10.0
94.0 94.0 20.0 10.0
142.0 90.0 20.0 10.0
100.0 108.0 20.0 10.0
105.0 97.0 20.0 10.0
68.0 110.0 20.0 10.0
126.0 73.0 20.0 10.0
56.0 73.0 20.0 10.0
92.0 94.0 20.0 10.0
75.0 135.0 20.0 10.0
130.0 92.0 20.0 10.0
112.0 134.0 20.0 10.0
149.0 99.0 20.0 10.0
153.0 134.0 20.0 10.0
139.0 88.0 20.0 10.0
101.0 89.0 20.0 10.0
167.0 127.0 20.0 10.0
121.0 167.0 20.0 10.0
169.0 106.0 20.0 10.0
172.0 188.0 20.0 10.0
72.0 141.0 20.0 10.0
73.0 62.0 20.0 10.0
128.0 105.0 20.0 10.0
129.0 155.0 20.0 10.0
76.0 133.0 20.0 10.0
81.0 39.0 20.0 10.0
144.0 105.0 20.0 10.0
103.0 126.0 20.0 10.0
149.0 158.0 20.0 10.0
93.0 49.0 20.0 10.0
133.0 100.0 20.0 10.0
53.0 107.0 20.0 10.0
123.0 169.0 20.0 10.0
173.0 72.0 20.0 10.0
146.0 136.0 20.0 10.0
120.0 177.0 20.0 10.0
127.0 106.0 20.0 10.0
155.0 112.0 20.0 10.0
112.0 92.0 20.0 10.0
141.0 153.0 20.0 10.0
146.0 145.0 20.0 10.0
158.0 63.0 20.0 10.0
86.0 179.0 20.0 10.0
94.0 112.0 20.0 10.0
25.0 241.0 20.0 10.0
132.0 73.0 20.0 10.0
121.0 86.0 20.0 10.0
120.0 126.0 20.0 10.0
121.0 153.0 20.0 10.0
162.0 143.0 20.0 10.0
76.0 182.0 20.0 10.0
103.0 130.0 20.0 10.0
90.0 159.0 20.0 10.0
93.0 164.0 20.0 10.0
129.0 144.0 20.0 10.0
133.0 123.0 20.0 10.0
117.0 82.0 20.0 10.0
105.0 156.0 20.0 10.0
134.0 122.0 20.0 10.0
132.0 107.0 20.0 10.0
121.0 71.0 20.0 10.0
39.0 157.0 20.0 10.0
100.0 104.0 20.0 10.0
88.0 130.0 20.0 10.0
88.0 121.0 20.0 10.0
170.0 122.0 20.0 10.0
101.0 129.0 20.0 10.0
141.0 142.0 20.0 10.0
110.0 71.0 20.0 10.0
172.0 70.0 20.0 10.0
98.0 149.0 20.0 10.0
131.0 101.0 20.0 10.0
102.0 67.0 20.0 10.0
57.0 118.0 20.0 10.0
65.0 118.0 20.0 10.0
94.0 86.0 20.0 10.0
144.0 92.0 20.0 10.0
123.0 70.0 20.0 10.0
140.0 72.0 20.0 10.0
114.0 116.0 20.0 10.0
96.0 161.0 20.0 10.0
101.0 156.0 20.0 10.0
90.0 81.0 20.0 10.0
131.0 116.0 20.0 10.0
84.0 172.0 20.0 10.0
152.0 85.0 20.0 10.0
126.0 96.0 20.0 10.0
156.0 69.0 20.0 10.0
148.0 88.0 20.0 10.0
142.0 175.0 20.0 10.0
101.0 143.0 20.0 10.0
93.0 124.0 20.0 10.0
115.0 100.0 20.0 10.0
134.0 96.0 20.0 10.0
149.0 118.0 20.0 10.0
117.0 123.0 20.0 10.0
165.0 129.0 20.0 10.0
117.0 137.0 20.0 10.0
96.0 136.0 20.0 10.0
122.0 58.0 20.0 10.0
25.0 153.0 20.0 10.0
95.0 108.0 20.0 10.0
159.0 70.0 20.0 10.0
110.0 95.0 20.0 10.0
137.0 101.0 20.0 10.0
67.0 165.0 20.0 10.0
105.0 116.0 20.0 10.0
149.0 141.0 20.0 10.0
148.0 122.0 20.0 10.0
78.0 98.0 20.0 10.0
117.0 119.0 20.0 10.0
109.0 127.0 20.0 10.0
98.0 85.0 20.0 10.0
140.0 85.0 20.0 10.0
115.0 162.0 20.0 10.0
105.0 62.0 20.0 10.0
76.0 144.0 20.0 10.0
96.0 116.0 20.0 10.0
83.0 119.0 20.0 10.0
128.0 135.0 20.0 10.0
93.0 107.0 20.0 10.0
115.0 89.0 20.0 10.0
86.0 107.0 20.0 10.0
127.0 124.0 20.0 10.0
69.0 106.0 20.0 10.0
100.0 95.0 20.0 10.0
72.0 96.0 20.0 10.0
157.0 147.0 20.0 10.0
129.0 95.0 20.0 10.0
91.0 106.0 20.0 10.0
78.0 79.0 20.0 10.0
160.0 112.0 20.0 10.0
107.0 101.0 20.0 10.0
53.0 99.0 20.0 10.0
85.0 72.0 20.0 10.0
170.0 83.0 20.0 10.0
148.0 71.0 20.0 10.0
115.0 137.0 20.0 10.0
123.0 117.0 20.0 10.0
123.0 78.0 20.0 10.0
72.0 117.0 20.0 10.0
89.0 94.0 20.0 10.0
140.0 103.0 20.0 10.0
102.0 110.0 20.0 10.0
91.0 109.0 20.0 10.0
69.0 162.0 20.0 10.0
114.0 140.0 20.0 10.0
172.0 102.0 20.0 10.0
118.0 66.0 20.0 10.0
94.0 98.0 20.0 10.0
82.0 129.0 20.0 10.0
167.0 111.0 20.0 10.0
177.0 99.0 20.0 10.0
109.0 119.0 20.0 10.0
140.0 108.0 20.0 10.0
53.0 158.0 20.0 10.0
139.0 110.0 20.0 10.0
49.0 97.0 20.0 10.0
150.0 127.0 20.0 10.0
133.0 138.0 20.0 10.0
155.0 191.0 20.0 10.0
92.0 109.0 20.0 10.0
138.0 113.0 20.0 10.0
187.0 144.0 20.0 10.0
82.0 73.0 20.0 10.0
66.0 143.0 20.0 10.0
116.0 102.0 20.0 10.0
120.0 97.0 20.0 10.0
120.0 77.0 20.0 10.0
147.0 106.0 20.0 10.0
170.0 89.0 20.0 10.0
80.0 105.0 20.0 10.0
149.0 129.0 20.0 10.0
114.0 60.0 20.0 10.0
178.0 123.0 20.0 10.0
186.0 93.0 20.0 10.0
66.0 74.0 20.0 10.0
157.0 80.0 20.0 10.0
135.0 92.0 20.0 10.0
83.0 87.0 20.0 10.0
136.0 144.0 20.0 10.0
113.0 128.0 20.0 10.0
94.0 154.0 20.0 10.0
157.0 135.0 20.0 10.0
103.0 124.0 20.0 10.0
101.0 97.0 20.0 10.0
179.0 116.0 20.0 10.0
82.0 110.0 20.0 10.0
78.0 104.0 20.0 10.0
149.0 91.0 20.0 10.0
72.0 136.0 20.0 10.0
162.0 35.0 20.0 10.0
117.0 128.0 20.0 10.0
146.0 95.0 20.0 10.0
89.0 88.0 20.0 10.0
125.0 134.0 20.0 10.0
110.0 80.0 20.0 10.0
86.0 114.0 20.0 10.0
122.0 88.0 20.0 10.0
85.0 110.0 20.0 10.0
110.0 139.0 20.0 10.0
100.0 118.0 20.0 10.0
69.0 135.0 20.0 10.0
115.0 142.0 20.0 10.0
151.0 115.0 20.0 10.0
58.0 97.0 20.0 10.0
128.0 71.0 20.0 10.0
105.0 134.0 20.0 10.0
145.0 131.0 20.0 10.0
117.0 157.0 20.0 10.0
103.0 114.0 20.0 10.0
127.0 98.0 20.0 10.0
113.0 135.0 20.0 10.0
173.0 129.0 20.0 10.0
101.0 87.0 20.0 10.0
80.0 119.0 20.0 10.0
164.0 125.0 20.0 10.0
76.0 149.0 20.0 10.0
111.0 67.0 20.0 10.0
101.0 66.0 20.0 10.0
116.0 112.0 20.0 10.0
117.0 91.0 20.0 10.0
29.0 53.0 20.0 10.0
137.0 120.0 20.0 10.0
122.0 159.0 20.0 10.0
91.0 120.0 20.0 10.0
110.0 151.0 20.0 10.0
152.0 129.0 20.0 10.0
141.0 120.0 20.0 10.0
77.0 119.0 20.0 10.0
73.0 127.0 20.0 10.0
161.0 114.0 20.0 10.0
105.0 84.0 20.0 10.0
123.0 60.0 20.0 10.0
109.0 67.0 20.0 10.0
112.0 108.0 20.0 10.0
159.0 92.0 20.0 10.0
181.0 93.0 20.0 10.0
108.0 109.0 20.0 10.0
62.0 130.0 20.0 10.0
109.0 147.0 20.0 10.0
149.0 115.0 20.0 10.0
113.0 50.0 20.0 10.0
151.0 154.0 20.0 10.0
136.0 111.0 20.0 10.0
151.0 131.0 20.0 10.0
80.0 142.0 20.0 10.0
125.0 116.0 20.0 10.0
127.0 126.0 20.0 10.0
95.0 124.0 20.0 10.0
70.0 53.0 20.0 10.0
124.0 94.0 20.0 10.0
154.0 110.0 20.0 10.0
191.0 128.0 20.0 10.0
83.0 95.0 20.0 10.0
120.0 115.0 20.0 10.0
91.0 147.0 20.0 10.0
133.0 114.0 20.0 10.0
83.0 79.0 20.0 10.0
114.0 95.0 20.0 10.0
137.0 78.0 20.0 10.0
126.0 122.0 20.0 10.0
122.0 123.0 20.0 10.0
141.0 125.0 20.0 10.0
153.0 107.0 20.0 10.0
168.0 87.0 20.0 10.0
79.0 95.0 20.0 10.0
133.0 79.0 20.0 10.0
91.0 98.0 20.0 10.0
110.0 104.0 20.0 10.0
141.0 131.0 20.0 10.0
101.0 131.0 20.0 10.0
125.0 140.0 20.0 10.0
70.0 143.0 20.0 10.0
121.0 107.0 20.0 10.0
119.0 84.0 20.0 10.0
158.0 132.0 20.0 10.0
86.0 70.0 20.0 10.0
112.0 141.0 20.0 10.0
70.0 92.0 20.0 10.0
89.0 102.0 20.0 10.0
125.0 93.0 20.0 10.0
88.0 116.0 20.0 10.0
136.0 119.0 20.0 10.0
112.0 118.0 20.0 10.0
84.0 132.0 20.0 10.0
139.0 146.0 20.0 10.0
146.0 127.0 20.0 10.0
152.0 112.0 20.0 10.0
161.0 146.0 20.0 10.0
159.0 88.0 20.0 10.0
118.0 89.0 20.0 10.0
176.0 152.0 20.0 10.0
162.0 93.0 20.0 10.0
59.0 109.0 20.0 10.0
128.0 169.0 20.0 10.0
99.0 163.0 20.0 10.0
158.0 87.0 20.0 10.0
125.0 113.0 20.0 10.0
96.0 76.0 20.0 10.0
71.0 93.0 20.0 10.0
110.0 132.0 20.0 10.0
121.0 108.0 20.0 10.0
99.0 146.0 20.0 10.0
108.0 134.0 20.0 10.0
84.0 152.0 20.0 10.0
63.0 78.0 20.0 10.0
133.0 118.0 20.0 10.0
158.0 101.0 20.0 10.0
117.0 114.0 20.0 10.0
213.0 148.0 20.0 10.0
83.0 103.0 20.0 10.0
86.0 120.0 20.0 10.0
131.0 97.0 20.0 10.0
173.0 105.0 20.0 10.0
138.0 143.0 20.0 10.0
87.0 161.0 20.0 10.0
135.0 72.0 20.0 10.0
151.0 70.0 20.0 10.0
150.0 122.0 20.0 10.0
95.0 148.0 20.0 10.0
143.0 101.0 20.0 10.0
111.0 116.0 20.0 10.0
117.0 95.0 20.0 10.0
149.0 81.0 20.0 10.0
158.0 108.0 20.0 10.0
146.0 103.0 20.0 10.0
93.0 82.0 20.0 10.0
145.0 140.0 20.0 10.0
75.0 90.0 20.0 10.0
148.0 99.0 20.0 10.0
140.0 94.0 20.0 10.0
98.0 153.0 20.0 10.0
85.0 142.0 20.0 10.0
157.0 124.0 20.0 10.0
118.0 103.0 20.0 10.0
125.0 101.0 20.0 10.0
138.0 97.0 20.0 10.0
113.0 79.0 20.0 10.0
136.0 67.0 20.0 10.0
93.0 134.0 20.0 10.0
130.0 151.0 20.0 10.0
74.0 112.0 20.0 10.0
95.0 93.0 20.0 10.0
96.0 80.0 20.0 10.0
83.0 141.0 20.0 10.0
115.0 66.0 20.0 10.0
142.0 113.0 20.0 10.0
61.0 161.0 20.0 10.0
163.0 88.0 20.0 10.0
124.0 81.0 20.0 10.0
119.0 86.0 20.0 10.0
164.0 147.0 20.0 10.0
50.0 48.0 20.0 10.0
93.0 85.0 20.0 10.0
111.0 103.0 20.0 10.0
141.0 150.0 20.0 10.0
122.0 116.0 20.0 10.0
145.0 112.0 20.0 10.0
81.0 114.0 20.0 10.0
131.0 168.0 20.0 10.0
146.0 121.0 20.0 10.0
81.0 90.0 20.0 10.0
137.0 127.0 20.0 10.0
152.0 146.0 20.0 10.0
115.0 111.0 20.0 10.0
106.0 85.0 20.0 10.0
74.0 102.0 20.0 10.0
99.0 109.0 20.0 10.0
101.0 136.0 20.0 10.0
61.0 122.0 20.0 10.0
160.0 127.0 20.0 10.0
101.0 152.0 20.0 10.0
159.0 123.0 20.0 10.0
113.0 124.0 20.0 10.0
150.0 104.0 20.0 10.0
110.0 101.0 20.0 10.0
78.0 165.0 20.0 10.0
130.0 131.0 20.0 10.0
142.0 107.0 20.0 10.0
143.0 135.0 20.0 10.0
153.0 165.0 20.0 10.0
136.0 106.0 20.0 10.0
108.0 150.0 20.0 10.0
110.0 157.0 20.0 10.0
151.0 142.0 20.0 10.0
165.0 123.0 20.0 10.0
165.0 99.0 20.0 10.0
135.0 168.0 20.0 10.0
148.0 139.0 20.0 10.0
107.0 75.0 20.0 10.0
111.0 81.0 20.0 10.0
93.0 66.0 20.0 10.0
150.0 136.0 20.0 10.0
64.0 142.0 20.0 10.0
115.0 166.0 20.0 10.0
153.0 102.0 20.0 10.0
129.0 102.0 20.0 10.0
140.0 136.0 20.0 10.0
81.0 84.0 20.0 10.0
124.0 26.0 20.0 10.0
119.0 130.0 20.0 10.0
187.0 79.0 20.0 10.0
125.0 131.0 20.0 10.0
95.0 60.0 20.0 10.0
151.0 168.0 20.0 10.0
125.0 57.0 20.0 10.0
105.0 166.0 20.0 10.0
83.0 164.0 20.0 10.0
124.0 84.0 20.0 10.0
82.0 115.0 20.0 10.0
97.0 142.0 20.0 10.0
89.0 149.0 20.0 10.0
180.0 133.0 20.0 10.0
118.0 78.0 20.0 10.0
70.0 123.0 20.0 10.0
71.0 79.0 20.0 10.0
150.0 89.0 20.0 10.0
172.0 114.0 20.0 10.0
139.0 63.0 20.0 10.0
142.0 98.0 20.0 10.0
97.0 127.0 20.0 10.0
108.0 103.0 20.0 10.0
106.0 153.0 20.0 10.0
44.0 100.0 20.0 10.0
109.0 114.0 20.0 10.0
104.0 86.0 20.0 10.0
119.0 112.0 20.0 10.0
137.0 72.0 20.0 10.0
180.0 166.0 20.0 10.0
133.0 144.0 20.0 10.0
124.0 117.0 20.0 10.0
87.0 140.0 20.0 10.0
104.0 108.0 20.0 10.0
170.0 100.0 20.0 10.0
147.0 38.0 20.0 10.0
134.0 50.0 20.0 10.0
108.0 162.0 20.0 10.0
133.0 163.0 20.0 10.0
85.0 123.0 20.0 10.0
130.0 79.0 20.0 10.0
114.0 87.0 20.0 10.0
166.0 88.0 20.0 10.0
121.0 147.0 20.0 10.0
158.0 130.0 20.0 10.0
170.0 102.0 20.0 10.0
115.0 107.0 20.0 10.0
101.0 125.0 20.0 10.0
173.0 116.0 20.0 10.0
90.0 87.0 20.0 10.0
105.0 145.0 20.0 10.0
91.0 134.0 20.0 10.0
108.0 136.0 20.0 10.0
52.0 82.0 20.0 10.0
158.0 104.0 20.0 10.0
136.0 149.0 20.0 10.0
125.0 162.0 20.0 10.0
127.0 89.0 20.0 10.0
64.0 98.0 20.0 10.0
79.0 152.0 20.0 10.0
87.0 169.0 20.0 10.0
92.0 145.0 20.0 10.0
164.0 63.0 20.0 10.0
92.0 74.0 20.0 10.0
132.0 83.0 20.0 10.0
124.0 89.0 20.0 10.0
76.0 84.0 20.0 10.0
125.0 77.0 20.0 10.0
108.0 91.0 20.0 10.0
103.0 121.0 20.0 10.0
125.0 160.0 20.0 10.0
157.0 107.0 20.0 10.0
104.0 89.0 20.0 10.0
120.0 144.0 20.0 10.0
114.0 150.0 20.0 10.0
146.0 98.0 20.0 10.0
114.0 114.0 20.0 10.0
120.0 121.0 20.0 10.0
108.0 79.0 20.0 10.0
117.0 108.0 20.0 10.0
116.0 122.0 20.0 10.0
156.0 91.0 20.0 10.0
121.0 112.0 20.0 10.0
86.0 106.0 20.0 10.0
167.0 123.0 20.0 10.0
153.0 137.0 20.0 10.0
84.0 85.0 20.0 10.0
58.0 84.0 20.0 10.0
45.0 74.0 20.0 10.0
32.0 25.0 20.0 10.0
162.0 117.0 20.0 10.0
144.0 167.0 20.0 10.0
139.0 124.0 20.0 10.0
132.0 112.0 20.0 10.0
98.0 112.0 20.0 10.0
118.0 134.0 20.0 10.0
153.0 118.0 20.0 10.0
140.0 114.0 20.0 10.0
171.0 131.0 20.0 10.0
176.0 115.0 20.0 10.0
149.0 112.0 20.0 10.0
74.0 121.0 20.0 10.0
123.0 106.0 20.0 10.0
143.0 114.0 20.0 10.0
164.0 137.0 20.0 10.0
114.0 103.0 20.0 10.0
155.0 100.0 20.0 10.0
125.0 176.0 20.0 10.0
108.0 124.0 20.0 10.0
124.0 129.0 20.0 10.0
98.0 102.0 20.0 10.0
105.0 164.0 20.0 10.0
130.0 102.0 20.0 10.0
128.0 84.0 20.0 10.0
98.0 147.0 20.0 10.0
129.0 149.0 20.0 10.0
56.0 80.0 20.0 10.0
110.0 129.0 20.0 10.0
115.0 110.0 20.0 10.0
130.0 66.0 20.0 10.0
165.0 139.0 20.0 10.0
66.0 135.0 20.0 10.0
109.0 159.0 20.0 10.0
98.0 87.0 20.0 10.0
115.0 106.0 20.0 10.0
107.0 114.0 20.0 10.0
133.0 61.0 20.0 10.0
127.0 99.0 20.0 10.0
111.0 137.0 20.0 10.0
124.0 120.0 20.0 10.0
116.0 56.0 20.0 10.0
159.0 101.0 20.0 10.0
131.0 110.0 20.0 10.0
76.0 118.0 20.0 10.0
177.0 96.0 20.0 10.0
114.0 121.0 20.0 10.0
193.0 111.0 20.0 10.0
95.0 141.0 20.0 10.0
140.0 118.0 20.0 10.0
121.0 102.0 20.0 10.0
132.0 106.0 20.0 10.0
78.0 106.0 20.0 10.0
137.0 75.0 20.0 10.0
157.0 157.0 20.0 10.0
97.0 177.0 20.0 10.0
100.0 101.0 20.0 10.0
154.0 120.0 20.0 10.0
115.0 48.0 20.0 10.0
111.0 174.0 20.0 10.0
195.0 117.0 20.0 10.0
113.0 147.0 20.0 10.0
93.0 170.0 20.0 10.0
101.0 144.0 20.0 10.0
108.0 121.0 20.0 10.0
96.0 139.0 20.0 10.0
122.0 94.0 20.0 10.0
131.0 125.0 20.0 10.0
128.0 142.0 20.0 10.0
52.0 89.0 20.0 10.0
108.0 69.0 20.0 10.0
121.0 115.0 20.0 10.0
107.0 105.0 20.0 10.0
101.0 111.0 20.0 10.0
138.0 77.0 20.0 10.0
93.0 80.0 20.0 10.0
165.0 102.0 20.0 10.0
81.0 98.0 20.0 10.0
119.0 115.0 20.0 10.0
88.0 134.0 20.0 10.0
109.0 78.0 20.0 10.0
91.0 157.0 20.0 10.0
107.0 48.0 20.0 10.0
100.0 135.0 20.0 10.0
155.0 104.0 20.0 10.0
166.0 128.0 20.0 10.0
74.0 136.0 20.0 10.0
175.0 92.0 20.0 10.0
151.0 72.0 20.0 10.0
111.0 53.0 20.0 10.0
105.0 132.0 20.0 10.0
146.0 77.0 20.0 10.0
111.0 100.0 20.0 10.0
150.0 144.0 20.0 10.0
152.0 62.0 20.0 10.0
80.0 148.0 20.0 10.0
174.0 126.0 20.0 10.0
98.0 140.0 20.0 10.0
160.0 168.0 20.0 10.0
133.0 91.0 20.0 10.0
144.0 152.0 20.0 10.0
79.0 130.0 20.0 10.0
142.0 132.0 20.0 10.0
110.0 87.0 20.0 10.0
66.0 115.0 20.0 10.0
101.0 150.0 20.0 10.0
137.0 153.0 20.0 10.0
107.0 120.0 20.0 10.0
128.10000610351562 142.0 20.0 10.0
101.0 105.0 20.0 10.0
86.0 60.0 20.0 10.0
140.0 98.0 20.0 10.0
116.0 124.0 20.0 10.0
92.0 116.0 20.0 10.0
72.0 76.0 20.0 10.0
110.0 114.0 20.0 10.0
127.0 87.0 20.0 10.0
90.0 68.0 20.0 10.0
109.0 64.0 20.0 10.0
148.0 93.0 20.0 10.0
88.0 146.0 20.0 10.0
93.0 132.0 20.0 10.0
100.0 121.0 20.0 10.0
158.0 98.0 20.0 10.0
149.0 110.0 20.0 10.0
110.0 126.0 20.0 10.0
146.0 144.0 20.0 10.0
110.0 131.0 20.0 10.0
161.0 121.0 20.0 10.0
104.0 142.0 20.0 10.0
133.0 128.0 20.0 10.0
137.0 149.0 20.0 10.0
110.0 55.0 20.0 10.0
144.0 147.0 20.0 10.0
64.0 124.0 20.0 10.0
129.0 161.0 20.0 10.0
69.0 101.0 20.0 10.0
90.0 143.0 20.0 10.0
103.0 103.0 20.0 10.0
129.0 98.0 20.0 10.0
82.0 103.0 20.0 10.0
138.0 66.0 20.0 10.0
102.0 113.0 20.0 10.0
140.0 163.0 20.0 10.0
91.0 114.0 20.0 10.0
161.0 135.0 20.0 10.0
83.0 92.0 20.0 10.0
150.0 83.0 20.0 10.0
127.0 144.0 20.0 10.0
112.0 113.0 20.0 10.0
98.0 93.0 20.0 10.0
101.0 68.0 20.0 10.0
113.0 102.0 20.0 10.0
98.0 92.0 20.0 10.0
105.0 119.0 20.0 10.0
115.0 71.0 20.0 10.0
91.0 90.0 20.0 10.0
88.0 143.0 20.0 10.0
118.0 125.0 20.0 10.0
114.0 133.0 20.0 10.0
119.0 106.0 20.0 10.0
134.0 145.0 20.0 10.0
145.0 77.0 20.0 10.0
109.0 143.0 20.0 10.0
138.0 105.0 20.0 10.0
125.0 66.0 20.0 10.0
112.0 97.0 20.0 10.0
153.0 97.0 20.0 10.0
139.0 122.0 20.0 10.0
131.0 69.0 20.0 10.0
106.0 129.0 20.0 10.0
58.0 143.0 20.0 10.0
83.0 148.0 20.0 10.0
96.0 157.0 20.0 10.0
150.0 108.0 20.0 10.0
104.0 58.0 20.0 10.0
108.0 86.0 20.0 10.0
113.0 186.0 20.0 10.0
165.0 119.0 20.0 10.0
90.0 107.0 20.0 10.0
134.0 125.0 20.0 10.0
147.0 132.0 20.0 10.0
113.0 157.0 20.0 10.0
145.0 154.0 20.0 10.0
151.0 91.0 20.0 10.0
133.0 150.0 20.0 10.0
149.0 85.0 20.0 10.0
96.0 133.0 20.0 10.0
123.0 64.0 20.0 10.0
130.0 113.0 20.0 10.0
149.0 59.0 20.0 10.0
129.0 83.0 20.0 10.0
129.0 162.0 20.0 10.0
125.0 100.0 20.0 10.0
120.0 137.0 20.0 10.0
117.0 145.0 20.0 10.0
77.0 65.0 20.0 10.0
118.0 71.0 20.0 10.0
128.0 116.0 20.0 10.0
147.0 87.0 20.0 10.0
156.0 121.0 20.0 10.0
113.0 89.0 20.0 10.0
127.0 108.0 20.0 10.0
64.0 73.0 20.0 10.0
123.0 90.0 20.0 10.0
82.0 144.0 20.0 10.0
86.0 81.0 20.0 10.0
143.0 110.0 20.0 10.0
62.0 102.0 20.0 10.0
134.0 172.0 20.0 10.0
170.0 151.0 20.0 10.0
146.0 120.0 20.0 10.0
138.0 92.0 20.0 10.0
112.0 70.0 20.0 10.0
139.0 57.0 20.0 10.0
133.0 89.0 20.0 10.0
159.0 116.0 20.0 10.0
127.0 102.0 20.0 10.0
160.0 83.0 20.0 10.0
177.0 91.0 20.0 10.0
92.0 96.0 20.0 10.0
101.0 57.0 20.0 10.0
68.0 65.0 20.0 10.0
156.0 55.0 20.0 10.0
100.0 128.0 20.0 10.0
115.0 146.0 20.0 10.0
78.0 123.0 20.0 10.0
148.0 66.0 20.0 10.0
132.0 122.0 20.0 10.0
164.0 118.0 20.0 10.0
96.0 79.0 20.0 10.0
148.0 131.0 20.0 10.0
181.0 140.0 20.0 10.0
177.0 111.0 20.0 10.0
162.0 108.0 20.0 10.0
152.0 81.0 20.0 10.0
105.0 126.0 20.0 10.0
88.0 85.0 20.0 10.0
106.0 90.0 20.0 10.0
164.0 75.0 20.0 10.0
70.0 111.0 20.0 10.0
114.0 76.0 20.0 10.0
169.0 139.0 20.0 10.0
117.0 75.0 20.0 10.0
93.0 113.0 20.0 10.0
107.0 102.0 20.0 10.0
92.0 136.0 20.0 10.0
166.0 133.0 20.0 10.0
166.0 161.0 20.0 10.0
97.0 105.0 20.0 10.0
79.0 86.0 20.0 10.0
163.0 115.0 20.0 10.0
93.0 101.0 20.0 10.0
110.0 99.0 20.0 10.0
130.0 64.0 20.0 10.0
171.0 60.0 20.0 10.0
119.0 164.0 20.0 10.0
137.0 133.0 20.0 10.0
102.0 161.0 20.0 10.0
112.0 162.0 20.0 10.0
170.0 96.0 20.0 10.0
86.0 100.0 20.0 10.0
95.0 101.0 20.0 10.0
122.0 120.0 20.0 10.0
137.0 129.0 20.0 10.0
128.0 129.0 20.0 10.0
82.0 153.0 20.0 10.0
145.0 115.0 20.0 10.0
43.0 119.0 20.0 10.0
121.0 74.0 20.0 10.0
74.0 127.0 20.0 10.0
134.0 60.0 20.0 10.0
144.0 118.0 20.0 10.0
118.0 105.0 20.0 10.0
139.0 89.0 20.0 10.0
117.0 126.0 20.0 10.0
144.0 94.0 20.0 10.0
154.0 78.0 20.0 10.0
134.0 104.0 20.0 10.0
136.0 117.0 20.0 10.0
130.0 96.0 20.0 10.0
143.0 125.0 20.0 10.0
106.0 122.0 20.0 10.0
87.0 127.0 20.0 10.0
99.0 97.0 20.0 10.0
112.0 144.0 20.0 10.0
134.0 116.0 20.0 10.0
141.0 129.0 20.0 10.0
135.0 131.0 20.0 10.0
134.0 102.0 20.0 10.0
161.0 94.0 20.0 10.0
141.0 148.0 20.0 10.0
118.0 98.0 20.0 10.0
113.0 125.0 20.0 10.0
158.0 138.0 20.0 10.0
168.0 108.0 20.0 10.0
132.0 141.0 20.0 10.0
131.0 88.0 20.0 10.0
100.0 81.0 20.0 10.0
124.0 110.0 20.0 10.0
