1000
1035.0 574.0 20.0 10.0
889.0 610.0 20.0 10.0
1109.0 557.0 20.0 10.0
1170.0 539.0 20.0 10.0
1050.0 541.0 20.0 10.0
753.0 651.0 20.0 10.0
1129.0 481.0 20.0 10.0
815.0 604.0 20.0 10.0
674.0 785.0 20.0 10.0
1194.0 509.0 20.0 10.0
1158.0 601.0 20.0 10.0
601.0 894.0 20.0 10.0
1131.0 610.0 20.0 10.0
683.0 865.0 20.0 10.0
1019.0 553.0 20.0 10.0
1217.0 492.0 20.0 10.0
891.0 595.0 20.0 10.0
702.0 526.0 20.0 10.0
1047.0 618.0 20.0 10.0
531.0 1002.0 20.0 10.0
673.0 420.0 20.0 10.0
672.0 342.0 20.0 10.0
1297.0 505.0 20.0 10.0
465.0 1100.0 20.0 10.0
1417.0 476.0 20.0 10.0
668.0 495.0 20.0 10.0
1502.0 427.0 20.0 10.0
702.0 930.0 20.0 10.0
1235.0 468.0 20.0 10.0
671.0 920.0 20.0 10.0
684.0 816.0 20.0 10.0
606.0 828.0 20.0 10.0
1559.0 388.0 20.0 10.0
641.0 468.0 20.0 10.0
586.0 416.0 20.0 10.0
634.0 471.0 20.0 10.0
775.0 592.0 20.0 10.0
1034.0 542.0 20.0 10.0
1205.0 635.0 20.0 10.0
715.0 466.0 20.0 10.0
663.0 970.0 20.0 10.0
1070.0 514.0 20.0 10.0
637.0 343.0 20.0 10.0
402.0 1191.0 20.0 10.0
744.0 679.0 20.0 10.0
518.0 1045.0 20.0 10.0
1568.0 402.0 20.0 10.0
1503.0 486.0 20.0 10.0
1148.0 405.0 20.0 10.0
565.0 835.0 20.0 10.0
389.0 1221.0 20.0 10.0
815.0 616.0 20.0 10.0
682.0 825.0 20.0 10.0
668.0 844.0 20.0 10.0
1144.0 373.0 20.0 10.0
1143.0 378.0 20.0 10.0
545.0 873.0 20.0 10.0
493.0 891.0 20.0 10.0
891.0 572.0 20.0 10.0
337.0 1266.0 20.0 10.0
387.0 1253.0 20.0 10.0
507.0 1032.0 20.0 10.0
1613.0 354.0 20.0 10.0
1592.0 364.0 20.0 10.0
1124.0 542.0 20.0 10.0
697.0 855.0 20.0 10.0
716.0 988.0 20.0 10.0
711.0 883.0 20.0 10.0
1150.0 664.0 20.0 10.0
1147.0 360.0 20.0 10.0
1529.0 408.0 20.0 10.0
656.0 383.0 20.0 10.0
1071.0 636.0 20.0 10.0
526.0 909.0 20.0 10.0
569.0 915.0 20.0 10.0
1166.0 341.0 20.0 10.0
731.0 1021.0 20.0 10.0
1573.0 494.0 20.0 10.0
537.0 368.0 20.0 10.0
664.0 276.0 20.0 10.0
1183.0 279.0 20.0 10.0
1145.0 634.0 20.0 10.0
812.0 571.0 20.0 10.0
677.0 295.0 20.0 10.0
1165.0 716.0 20.0 10.0
875.0 615.0 20.0 10.0
1059.0 655.0 20.0 10.0
585.0 931.0 20.0 10.0
1146.0 319.0 20.0 10.0
669.0 1001.0 20.0 10.0
1171.0 618.0 20.0 10.0
283.0 1335.0 20.0 10.0
513.0 909.0 20.0 10.0
1156.0 373.0 20.0 10.0
658.0 1011.0 20.0 10.0
603.0 273.0 20.0 10.0
603.0 449.0 20.0 10.0
1071.0 689.0 20.0 10.0
446.0 910.0 20.0 10.0
259.0 1373.0 20.0 10.0
589.0 226.0 20.0 10.0
743.0 606.0 20.0 10.0
1199.0 220.0 20.0 10.0
1216.0 170.0 20.0 10.0
409.0 931.0 20.0 10.0
651.0 816.0 20.0 10.0
738.0 579.0 20.0 10.0
1559.0 492.0 20.0 10.0
729.0 1037.0 20.0 10.0
1016.0 593.0 20.0 10.0
1641.0 497.0 20.0 10.0
514.0 1037.0 20.0 10.0
1661.0 323.0 20.0 10.0
683.0 255.0 20.0 10.0
1049.0 555.0 20.0 10.0
750.0 588.0 20.0 10.0
1341.0 480.0 20.0 10.0
728.0 415.0 20.0 10.0
1054.0 636.0 20.0 10.0
518.0 338.0 20.0 10.0
740.0 367.0 20.0 10.0
1587.0 489.0 20.0 10.0
656.0 871.0 20.0 10.0
681.0 508.0 20.0 10.0
706.0 578.0 20.0 10.0
1220.0 204.0 20.0 10.0
527.0 845.0 20.0 10.0
670.0 380.0 20.0 10.0
538.0 840.0 20.0 10.0
680.0 605.0 20.0 10.0
1067.0 656.0 20.0 10.0
508.0 899.0 20.0 10.0
1631.0 380.0 20.0 10.0
1330.0 484.0 20.0 10.0
1539.0 487.0 20.0 10.0
1071.0 551.0 20.0 10.0
1161.0 742.0 20.0 10.0
638.0 616.0 20.0 10.0
629.0 812.0 20.0 10.0
381.0 952.0 20.0 10.0
1175.0 752.0 20.0 10.0
1583.0 507.0 20.0 10.0
379.0 1308.0 20.0 10.0
234.0 1396.0 20.0 10.0
584.0 962.0 20.0 10.0
694.0 608.0 20.0 10.0
1170.0 386.0 20.0 10.0
664.0 952.0 20.0 10.0
1012.0 619.0 20.0 10.0
1086.0 493.0 20.0 10.0
377.0 1219.0 20.0 10.0
728.0 599.0 20.0 10.0
1182.0 782.0 20.0 10.0
1211.0 512.0 20.0 10.0
1682.0 358.0 20.0 10.0
805.0 554.0 20.0 10.0
1138.0 634.0 20.0 10.0
1198.0 538.0 20.0 10.0
1693.0 297.0 20.0 10.0
804.0 629.0 20.0 10.0
241.0 1404.0 20.0 10.0
1209.0 194.0 20.0 10.0
907.0 629.0 20.0 10.0
627.0 590.0 20.0 10.0
1184.0 640.0 20.0 10.0
715.0 960.0 20.0 10.0
1018.0 536.0 20.0 10.0
495.0 855.0 20.0 10.0
1225.0 549.0 20.0 10.0
709.0 563.0 20.0 10.0
1346.0 504.0 20.0 10.0
655.0 217.0 20.0 10.0
575.0 232.0 20.0 10.0
1182.0 251.0 20.0 10.0
1094.0 476.0 20.0 10.0
1230.0 176.0 20.0 10.0
225.0 1429.0 20.0 10.0
622.0 444.0 20.0 10.0
660.0 864.0 20.0 10.0
1245.0 656.0 20.0 10.0
188.0 1452.0 20.0 10.0
503.0 328.0 20.0 10.0
498.0 1040.0 20.0 10.0
719.0 963.0 20.0 10.0
1378.0 458.0 20.0 10.0
645.0 170.0 20.0 10.0
154.0 1486.0 20.0 10.0
655.0 1047.0 20.0 10.0
652.0 608.0 20.0 10.0
545.0 851.0 20.0 10.0
566.0 388.0 20.0 10.0
1711.0 352.0 20.0 10.0
1060.0 574.0 20.0 10.0
1040.0 649.0 20.0 10.0
588.0 428.0 20.0 10.0
617.0 606.0 20.0 10.0
1127.0 565.0 20.0 10.0
377.0 1287.0 20.0 10.0
470.0 1069.0 20.0 10.0
1190.0 369.0 20.0 10.0
1152.0 657.0 20.0 10.0
1720.0 295.0 20.0 10.0
472.0 1063.0 20.0 10.0
598.0 625.0 20.0 10.0
1219.0 506.0 20.0 10.0
644.0 785.0 20.0 10.0
1261.0 559.0 20.0 10.0
451.0 1084.0 20.0 10.0
1206.0 679.0 20.0 10.0
503.0 939.0 20.0 10.0
1080.0 711.0 20.0 10.0
1144.0 284.0 20.0 10.0
713.0 572.0 20.0 10.0
153.0 1500.0 20.0 10.0
1143.0 659.0 20.0 10.0
1536.0 492.0 20.0 10.0
255.0 1364.0 20.0 10.0
1244.0 501.0 20.0 10.0
745.0 1078.0 20.0 10.0
785.0 642.0 20.0 10.0
446.0 1134.0 20.0 10.0
480.0 934.0 20.0 10.0
470.0 856.0 20.0 10.0
533.0 910.0 20.0 10.0
1143.0 255.0 20.0 10.0
497.0 845.0 20.0 10.0
599.0 244.0 20.0 10.0
390.0 954.0 20.0 10.0
311.0 1303.0 20.0 10.0
1274.0 679.0 20.0 10.0
357.0 1242.0 20.0 10.0
1194.0 662.0 20.0 10.0
1229.0 130.0 20.0 10.0
1273.0 553.0 20.0 10.0
1239.0 502.0 20.0 10.0
1099.0 451.0 20.0 10.0
636.0 438.0 20.0 10.0
560.0 197.0 20.0 10.0
703.0 961.0 20.0 10.0
1031.0 635.0 20.0 10.0
364.0 1317.0 20.0 10.0
1404.0 445.0 20.0 10.0
721.0 909.0 20.0 10.0
688.0 494.0 20.0 10.0
504.0 352.0 20.0 10.0
120.0 1542.0 20.0 10.0
375.0 1344.0 20.0 10.0
1184.0 777.0 20.0 10.0
748.0 326.0 20.0 10.0
1675.0 377.0 20.0 10.0
583.0 431.0 20.0 10.0
1592.0 498.0 20.0 10.0
321.0 1293.0 20.0 10.0
473.0 862.0 20.0 10.0
1013.0 524.0 20.0 10.0
665.0 976.0 20.0 10.0
623.0 597.0 20.0 10.0
1424.0 427.0 20.0 10.0
652.0 358.0 20.0 10.0
490.0 1057.0 20.0 10.0
798.0 544.0 20.0 10.0
502.0 345.0 20.0 10.0
1219.0 134.0 20.0 10.0
1465.0 466.0 20.0 10.0
767.0 682.0 20.0 10.0
556.0 208.0 20.0 10.0
571.0 244.0 20.0 10.0
788.0 518.0 20.0 10.0
1713.0 375.0 20.0 10.0
516.0 1032.0 20.0 10.0
666.0 236.0 20.0 10.0
663.0 467.0 20.0 10.0
1129.0 346.0 20.0 10.0
655.0 629.0 20.0 10.0
1534.0 396.0 20.0 10.0
1075.0 592.0 20.0 10.0
636.0 851.0 20.0 10.0
642.0 839.0 20.0 10.0
1379.0 499.0 20.0 10.0
685.0 469.0 20.0 10.0
688.0 861.0 20.0 10.0
1071.0 596.0 20.0 10.0
602.0 427.0 20.0 10.0
555.0 397.0 20.0 10.0
747.0 684.0 20.0 10.0
135.0 1526.0 20.0 10.0
1181.0 620.0 20.0 10.0
513.0 837.0 20.0 10.0
1691.0 502.0 20.0 10.0
1151.0 644.0 20.0 10.0
1609.0 492.0 20.0 10.0
1560.0 366.0 20.0 10.0
473.0 300.0 20.0 10.0
1567.0 338.0 20.0 10.0
447.0 1129.0 20.0 10.0
453.0 1140.0 20.0 10.0
92.0 1579.0 20.0 10.0
482.0 1066.0 20.0 10.0
296.0 1291.0 20.0 10.0
1202.0 530.0 20.0 10.0
633.0 646.0 20.0 10.0
794.0 555.0 20.0 10.0
579.0 580.0 20.0 10.0
624.0 618.0 20.0 10.0
1715.0 343.0 20.0 10.0
103.0 1566.0 20.0 10.0
1244.0 491.0 20.0 10.0
774.0 497.0 20.0 10.0
1297.0 702.0 20.0 10.0
761.0 476.0 20.0 10.0
298.0 1339.0 20.0 10.0
571.0 407.0 20.0 10.0
1070.0 720.0 20.0 10.0
1568.0 485.0 20.0 10.0
576.0 185.0 20.0 10.0
1554.0 493.0 20.0 10.0
571.0 640.0 20.0 10.0
771.0 549.0 20.0 10.0
872.0 583.0 20.0 10.0
649.0 139.0 20.0 10.0
454.0 272.0 20.0 10.0
1182.0 737.0 20.0 10.0
363.0 968.0 20.0 10.0
1235.0 491.0 20.0 10.0
1744.0 370.0 20.0 10.0
616.0 453.0 20.0 10.0
1184.0 361.0 20.0 10.0
1222.0 116.0 20.0 10.0
634.0 877.0 20.0 10.0
658.0 179.0 20.0 10.0
1723.0 341.0 20.0 10.0
1308.0 550.0 20.0 10.0
775.0 638.0 20.0 10.0
1410.0 447.0 20.0 10.0
753.0 287.0 20.0 10.0
752.0 644.0 20.0 10.0
123.0 1515.0 20.0 10.0
1143.0 231.0 20.0 10.0
1211.0 554.0 20.0 10.0
657.0 899.0 20.0 10.0
763.0 695.0 20.0 10.0
1013.0 563.0 20.0 10.0
482.0 308.0 20.0 10.0
1732.0 505.0 20.0 10.0
1077.0 468.0 20.0 10.0
651.0 893.0 20.0 10.0
1644.0 503.0 20.0 10.0
801.0 590.0 20.0 10.0
1241.0 93.0 20.0 10.0
1199.0 799.0 20.0 10.0
1041.0 682.0 20.0 10.0
598.0 236.0 20.0 10.0
444.0 1088.0 20.0 10.0
475.0 318.0 20.0 10.0
724.0 440.0 20.0 10.0
1264.0 74.0 20.0 10.0
138.0 1521.0 20.0 10.0
1158.0 692.0 20.0 10.0
1067.0 549.0 20.0 10.0
1699.0 304.0 20.0 10.0
732.0 1071.0 20.0 10.0
561.0 153.0 20.0 10.0
708.0 837.0 20.0 10.0
546.0 840.0 20.0 10.0
1258.0 452.0 20.0 10.0
681.0 354.0 20.0 10.0
389.0 1340.0 20.0 10.0
1202.0 186.0 20.0 10.0
1202.0 158.0 20.0 10.0
758.0 708.0 20.0 10.0
1507.0 459.0 20.0 10.0
1380.0 510.0 20.0 10.0
388.0 1280.0 20.0 10.0
758.0 257.0 20.0 10.0
1101.0 474.0 20.0 10.0
1160.0 681.0 20.0 10.0
1210.0 488.0 20.0 10.0
382.0 927.0 20.0 10.0
1236.0 643.0 20.0 10.0
1273.0 494.0 20.0 10.0
994.0 552.0 20.0 10.0
355.0 969.0 20.0 10.0
578.0 644.0 20.0 10.0
479.0 343.0 20.0 10.0
1611.0 336.0 20.0 10.0
1257.0 70.0 20.0 10.0
692.0 895.0 20.0 10.0
398.0 1367.0 20.0 10.0
620.0 876.0 20.0 10.0
548.0 221.0 20.0 10.0
912.0 644.0 20.0 10.0
1182.0 748.0 20.0 10.0
286.0 1362.0 20.0 10.0
1189.0 250.0 20.0 10.0
1055.0 703.0 20.0 10.0
1721.0 502.0 20.0 10.0
317.0 1284.0 20.0 10.0
1548.0 411.0 20.0 10.0
786.0 494.0 20.0 10.0
1210.0 658.0 20.0 10.0
739.0 1047.0 20.0 10.0
1102.0 463.0 20.0 10.0
1731.0 286.0 20.0 10.0
547.0 578.0 20.0 10.0
1075.0 677.0 20.0 10.0
1073.0 442.0 20.0 10.0
762.0 655.0 20.0 10.0
264.0 1308.0 20.0 10.0
481.0 297.0 20.0 10.0
1172.0 748.0 20.0 10.0
1643.0 333.0 20.0 10.0
1215.0 463.0 20.0 10.0
135.0 1505.0 20.0 10.0
663.0 593.0 20.0 10.0
1696.0 497.0 20.0 10.0
453.0 952.0 20.0 10.0
1220.0 711.0 20.0 10.0
1238.0 729.0 20.0 10.0
717.0 567.0 20.0 10.0
1039.0 710.0 20.0 10.0
725.0 858.0 20.0 10.0
1732.0 494.0 20.0 10.0
331.0 976.0 20.0 10.0
1137.0 327.0 20.0 10.0
1741.0 333.0 20.0 10.0
1639.0 340.0 20.0 10.0
596.0 585.0 20.0 10.0
1751.0 333.0 20.0 10.0
652.0 1077.0 20.0 10.0
458.0 895.0 20.0 10.0
1709.0 345.0 20.0 10.0
1032.0 517.0 20.0 10.0
787.0 704.0 20.0 10.0
1119.0 470.0 20.0 10.0
669.0 604.0 20.0 10.0
502.0 910.0 20.0 10.0
334.0 1255.0 20.0 10.0
546.0 226.0 20.0 10.0
1546.0 456.0 20.0 10.0
702.0 886.0 20.0 10.0
1197.0 193.0 20.0 10.0
1584.0 456.0 20.0 10.0
1665.0 310.0 20.0 10.0
1588.0 405.0 20.0 10.0
1329.0 499.0 20.0 10.0
735.0 387.0 20.0 10.0
306.0 1330.0 20.0 10.0
691.0 565.0 20.0 10.0
657.0 998.0 20.0 10.0
1146.0 330.0 20.0 10.0
77.0 1610.0 20.0 10.0
670.0 202.0 20.0 10.0
632.0 829.0 20.0 10.0
1597.0 382.0 20.0 10.0
547.0 170.0 20.0 10.0
1213.0 143.0 20.0 10.0
654.0 245.0 20.0 10.0
1221.0 143.0 20.0 10.0
1756.0 330.0 20.0 10.0
683.0 502.0 20.0 10.0
625.0 299.0 20.0 10.0
378.0 1376.0 20.0 10.0
1087.0 548.0 20.0 10.0
1143.0 625.0 20.0 10.0
253.0 1404.0 20.0 10.0
536.0 896.0 20.0 10.0
68.0 1640.0 20.0 10.0
1227.0 642.0 20.0 10.0
1067.0 629.0 20.0 10.0
1669.0 495.0 20.0 10.0
1334.0 559.0 20.0 10.0
507.0 890.0 20.0 10.0
626.0 433.0 20.0 10.0
1194.0 377.0 20.0 10.0
1594.0 482.0 20.0 10.0
1311.0 560.0 20.0 10.0
449.0 1173.0 20.0 10.0
670.0 312.0 20.0 10.0
1760.0 488.0 20.0 10.0
1742.0 497.0 20.0 10.0
717.0 432.0 20.0 10.0
1205.0 759.0 20.0 10.0
483.0 335.0 20.0 10.0
632.0 412.0 20.0 10.0
1764.0 320.0 20.0 10.0
1775.0 497.0 20.0 10.0
1722.0 512.0 20.0 10.0
1618.0 509.0 20.0 10.0
1217.0 705.0 20.0 10.0
1230.0 529.0 20.0 10.0
453.0 290.0 20.0 10.0
1451.0 478.0 20.0 10.0
1069.0 529.0 20.0 10.0
574.0 960.0 20.0 10.0
685.0 556.0 20.0 10.0
1034.0 672.0 20.0 10.0
894.0 627.0 20.0 10.0
371.0 1371.0 20.0 10.0
314.0 1312.0 20.0 10.0
1754.0 272.0 20.0 10.0
667.0 625.0 20.0 10.0
754.0 1114.0 20.0 10.0
623.0 794.0 20.0 10.0
592.0 229.0 20.0 10.0
1649.0 490.0 20.0 10.0
900.0 634.0 20.0 10.0
648.0 349.0 20.0 10.0
482.0 1084.0 20.0 10.0
651.0 1101.0 20.0 10.0
579.0 258.0 20.0 10.0
617.0 270.0 20.0 10.0
551.0 575.0 20.0 10.0
368.0 1280.0 20.0 10.0
1221.0 108.0 20.0 10.0
1272.0 484.0 20.0 10.0
1778.0 327.0 20.0 10.0
214.0 1424.0 20.0 10.0
661.0 944.0 20.0 10.0
288.0 1329.0 20.0 10.0
1142.0 211.0 20.0 10.0
654.0 1066.0 20.0 10.0
584.0 853.0 20.0 10.0
556.0 942.0 20.0 10.0
1744.0 262.0 20.0 10.0
1582.0 393.0 20.0 10.0
96.0 1539.0 20.0 10.0
1761.0 501.0 20.0 10.0
1105.0 454.0 20.0 10.0
69.0 1558.0 20.0 10.0
629.0 880.0 20.0 10.0
639.0 323.0 20.0 10.0
1204.0 229.0 20.0 10.0
762.0 235.0 20.0 10.0
545.0 129.0 20.0 10.0
1617.0 383.0 20.0 10.0
1034.0 705.0 20.0 10.0
358.0 1344.0 20.0 10.0
726.0 990.0 20.0 10.0
659.0 832.0 20.0 10.0
284.0 1369.0 20.0 10.0
880.0 645.0 20.0 10.0
462.0 272.0 20.0 10.0
1629.0 370.0 20.0 10.0
1230.0 710.0 20.0 10.0
743.0 335.0 20.0 10.0
1289.0 568.0 20.0 10.0
1531.0 492.0 20.0 10.0
366.0 1243.0 20.0 10.0
754.0 258.0 20.0 10.0
1758.0 505.0 20.0 10.0
780.0 723.0 20.0 10.0
1142.0 544.0 20.0 10.0
1186.0 228.0 20.0 10.0
611.0 460.0 20.0 10.0
705.0 920.0 20.0 10.0
1242.0 155.0 20.0 10.0
362.0 1298.0 20.0 10.0
441.0 250.0 20.0 10.0
799.0 521.0 20.0 10.0
634.0 904.0 20.0 10.0
384.0 1215.0 20.0 10.0
539.0 577.0 20.0 10.0
1019.0 613.0 20.0 10.0
50.0 1661.0 20.0 10.0
478.0 916.0 20.0 10.0
634.0 789.0 20.0 10.0
1255.0 535.0 20.0 10.0
368.0 1354.0 20.0 10.0
716.0 859.0 20.0 10.0
1205.0 163.0 20.0 10.0
1142.0 581.0 20.0 10.0
364.0 1389.0 20.0 10.0
706.0 940.0 20.0 10.0
572.0 880.0 20.0 10.0
565.0 902.0 20.0 10.0
664.0 149.0 20.0 10.0
1300.0 542.0 20.0 10.0
646.0 184.0 20.0 10.0
1134.0 308.0 20.0 10.0
1158.0 717.0 20.0 10.0
623.0 403.0 20.0 10.0
1053.0 584.0 20.0 10.0
434.0 274.0 20.0 10.0
1048.0 522.0 20.0 10.0
1615.0 456.0 20.0 10.0
1553.0 384.0 20.0 10.0
744.0 307.0 20.0 10.0
469.0 1091.0 20.0 10.0
815.0 543.0 20.0 10.0
647.0 593.0 20.0 10.0
1621.0 403.0 20.0 10.0
681.0 264.0 20.0 10.0
1336.0 570.0 20.0 10.0
1230.0 652.0 20.0 10.0
1611.0 456.0 20.0 10.0
1295.0 480.0 20.0 10.0
655.0 862.0 20.0 10.0
363.0 1381.0 20.0 10.0
425.0 1153.0 20.0 10.0
452.0 301.0 20.0 10.0
1259.0 482.0 20.0 10.0
1576.0 339.0 20.0 10.0
1649.0 380.0 20.0 10.0
591.0 210.0 20.0 10.0
1060.0 601.0 20.0 10.0
617.0 260.0 20.0 10.0
1781.0 499.0 20.0 10.0
799.0 499.0 20.0 10.0
573.0 613.0 20.0 10.0
725.0 1017.0 20.0 10.0
655.0 471.0 20.0 10.0
738.0 668.0 20.0 10.0
731.0 1099.0 20.0 10.0
79.0 1598.0 20.0 10.0
662.0 1003.0 20.0 10.0
626.0 638.0 20.0 10.0
567.0 156.0 20.0 10.0
917.0 666.0 20.0 10.0
1254.0 733.0 20.0 10.0
1274.0 477.0 20.0 10.0
507.0 574.0 20.0 10.0
1221.0 544.0 20.0 10.0
515.0 575.0 20.0 10.0
763.0 731.0 20.0 10.0
511.0 309.0 20.0 10.0
636.0 630.0 20.0 10.0
1065.0 742.0 20.0 10.0
361.0 1410.0 20.0 10.0
550.0 204.0 20.0 10.0
1179.0 608.0 20.0 10.0
1671.0 506.0 20.0 10.0
44.0 1573.0 20.0 10.0
1047.0 497.0 20.0 10.0
65.0 1609.0 20.0 10.0
449.0 253.0 20.0 10.0
365.0 1417.0 20.0 10.0
359.0 1307.0 20.0 10.0
683.0 228.0 20.0 10.0
1054.0 431.0 20.0 10.0
265.0 1389.0 20.0 10.0
539.0 379.0 20.0 10.0
799.0 476.0 20.0 10.0
759.0 1136.0 20.0 10.0
356.0 956.0 20.0 10.0
1406.0 508.0 20.0 10.0
708.0 873.0 20.0 10.0
621.0 319.0 20.0 10.0
1202.0 135.0 20.0 10.0
1292.0 457.0 20.0 10.0
227.0 1381.0 20.0 10.0
1402.0 450.0 20.0 10.0
1259.0 472.0 20.0 10.0
1606.0 497.0 20.0 10.0
236.0 1391.0 20.0 10.0
525.0 576.0 20.0 10.0
1250.0 555.0 20.0 10.0
359.0 1389.0 20.0 10.0
1141.0 353.0 20.0 10.0
1275.0 673.0 20.0 10.0
1164.0 346.0 20.0 10.0
1273.0 51.0 20.0 10.0
266.0 1294.0 20.0 10.0
707.0 911.0 20.0 10.0
821.0 623.0 20.0 10.0
1611.0 388.0 20.0 10.0
595.0 441.0 20.0 10.0
635.0 135.0 20.0 10.0
1716.0 280.0 20.0 10.0
1208.0 150.0 20.0 10.0
726.0 884.0 20.0 10.0
627.0 313.0 20.0 10.0
1188.0 810.0 20.0 10.0
353.0 1370.0 20.0 10.0
799.0 459.0 20.0 10.0
787.0 568.0 20.0 10.0
1357.0 468.0 20.0 10.0
1174.0 774.0 20.0 10.0
447.0 976.0 20.0 10.0
395.0 1307.0 20.0 10.0
632.0 590.0 20.0 10.0
651.0 1093.0 20.0 10.0
449.0 1200.0 20.0 10.0
567.0 623.0 20.0 10.0
355.0 1417.0 20.0 10.0
1620.0 346.0 20.0 10.0
608.0 637.0 20.0 10.0
650.0 781.0 20.0 10.0
416.0 910.0 20.0 10.0
1660.0 364.0 20.0 10.0
1207.0 624.0 20.0 10.0
660.0 551.0 20.0 10.0
1088.0 427.0 20.0 10.0
1369.0 466.0 20.0 10.0
747.0 647.0 20.0 10.0
432.0 259.0 20.0 10.0
1000.0 546.0 20.0 10.0
1165.0 712.0 20.0 10.0
730.0 384.0 20.0 10.0
782.0 472.0 20.0 10.0
1443.0 426.0 20.0 10.0
1300.0 679.0 20.0 10.0
1083.0 421.0 20.0 10.0
548.0 366.0 20.0 10.0
509.0 1058.0 20.0 10.0
1336.0 553.0 20.0 10.0
1234.0 146.0 20.0 10.0
606.0 412.0 20.0 10.0
477.0 906.0 20.0 10.0
1140.0 192.0 20.0 10.0
508.0 1067.0 20.0 10.0
496.0 934.0 20.0 10.0
477.0 958.0 20.0 10.0
548.0 651.0 20.0 10.0
1647.0 410.0 20.0 10.0
1003.0 499.0 20.0 10.0
1249.0 67.0 20.0 10.0
1771.0 368.0 20.0 10.0
678.0 479.0 20.0 10.0
738.0 923.0 20.0 10.0
1297.0 692.0 20.0 10.0
1078.0 662.0 20.0 10.0
1786.0 322.0 20.0 10.0
1569.0 444.0 20.0 10.0
479.0 892.0 20.0 10.0
60.0 1636.0 20.0 10.0
613.0 224.0 20.0 10.0
1800.0 496.0 20.0 10.0
718.0 954.0 20.0 10.0
1084.0 715.0 20.0 10.0
1146.0 684.0 20.0 10.0
557.0 901.0 20.0 10.0
719.0 677.0 20.0 10.0
805.0 728.0 20.0 10.0
561.0 398.0 20.0 10.0
886.0 576.0 20.0 10.0
534.0 559.0 20.0 10.0
42.0 1633.0 20.0 10.0
762.0 1143.0 20.0 10.0
719.0 1121.0 20.0 10.0
481.0 573.0 20.0 10.0
683.0 444.0 20.0 10.0
24.0 1655.0 20.0 10.0
519.0 854.0 20.0 10.0
640.0 451.0 20.0 10.0
726.0 405.0 20.0 10.0
1377.0 449.0 20.0 10.0
611.0 245.0 20.0 10.0
732.0 1007.0 20.0 10.0
1682.0 488.0 20.0 10.0
432.0 963.0 20.0 10.0
476.0 845.0 20.0 10.0
661.0 346.0 20.0 10.0
1023.0 494.0 20.0 10.0
561.0 422.0 20.0 10.0
643.0 322.0 20.0 10.0
672.0 950.0 20.0 10.0
1173.0 352.0 20.0 10.0
1690.0 313.0 20.0 10.0
628.0 106.0 20.0 10.0
728.0 850.0 20.0 10.0
503.0 852.0 20.0 10.0
1633.0 497.0 20.0 10.0
676.0 625.0 20.0 10.0
1526.0 440.0 20.0 10.0
1017.0 583.0 20.0 10.0
491.0 327.0 20.0 10.0
1557.0 381.0 20.0 10.0
1654.0 361.0 20.0 10.0
280.0 1315.0 20.0 10.0
888.0 562.0 20.0 10.0
1359.0 554.0 20.0 10.0
1152.0 346.0 20.0 10.0
584.0 195.0 20.0 10.0
651.0 316.0 20.0 10.0
171.0 1475.0 20.0 10.0
1230.0 668.0 20.0 10.0
1638.0 323.0 20.0 10.0
1290.0 559.0 20.0 10.0
1265.0 46.0 20.0 10.0
760.0 564.0 20.0 10.0
632.0 143.0 20.0 10.0
128.0 1552.0 20.0 10.0
488.0 873.0 20.0 10.0
1254.0 696.0 20.0 10.0
1184.0 328.0 20.0 10.0
736.0 1042.0 20.0 10.0
1248.0 442.0 20.0 10.0
1142.0 217.0 20.0 10.0
1273.0 717.0 20.0 10.0
1239.0 70.0 20.0 10.0
752.0 1104.0 20.0 10.0
562.0 928.0 20.0 10.0
427.0 961.0 20.0 10.0
1357.0 582.0 20.0 10.0
623.0 871.0 20.0 10.0
598.0 206.0 20.0 10.0
1007.0 632.0 20.0 10.0
645.0 361.0 20.0 10.0
486.0 917.0 20.0 10.0
1111.0 432.0 20.0 10.0
673.0 486.0 20.0 10.0
511.0 583.0 20.0 10.0
670.0 173.0 20.0 10.0
686.0 923.0 20.0 10.0
492.0 922.0 20.0 10.0
921.0 689.0 20.0 10.0
614.0 897.0 20.0 10.0
711.0 405.0 20.0 10.0
334.0 1384.0 20.0 10.0
577.0 442.0 20.0 10.0
683.0 564.0 20.0 10.0
736.0 652.0 20.0 10.0
49.0 1626.0 20.0 10.0
38.0 1622.0 20.0 10.0
587.0 602.0 20.0 10.0
1759.0 515.0 20.0 10.0
610.0 192.0 20.0 10.0
1629.0 312.0 20.0 10.0
1123.0 437.0 20.0 10.0
452.0 879.0 20.0 10.0
602.0 592.0 20.0 10.0
594.0 248.0 20.0 10.0
1309.0 585.0 20.0 10.0
1531.0 484.0 20.0 10.0
103.0 1531.0 20.0 10.0
369.0 1240.0 20.0 10.0
422.0 926.0 20.0 10.0
738.0 700.0 20.0 10.0
697.0 496.0 20.0 10.0
994.0 566.0 20.0 10.0
1744.0 529.0 20.0 10.0
486.0 962.0 20.0 10.0
1200.0 769.0 20.0 10.0
1235.0 111.0 20.0 10.0
449.0 1224.0 20.0 10.0
706.0 476.0 20.0 10.0
901.0 655.0 20.0 10.0
699.0 837.0 20.0 10.0
295.0 1323.0 20.0 10.0
732.0 1122.0 20.0 10.0
788.0 686.0 20.0 10.0
512.0 1076.0 20.0 10.0
1278.0 750.0 20.0 10.0
766.0 558.0 20.0 10.0
589.0 197.0 20.0 10.0
446.0 1165.0 20.0 10.0
1431.0 437.0 20.0 10.0
796.0 529.0 20.0 10.0
1738.0 377.0 20.0 10.0
660.0 393.0 20.0 10.0
427.0 1100.0 20.0 10.0
580.0 198.0 20.0 10.0
1355.0 560.0 20.0 10.0
1198.0 624.0 20.0 10.0
375.0 1277.0 20.0 10.0
506.0 1079.0 20.0 10.0
1405.0 498.0 20.0 10.0
1806.0 504.0 20.0 10.0
1668.0 519.0 20.0 10.0
1310.0 719.0 20.0 10.0
315.0 1263.0 20.0 10.0
1146.0 296.0 20.0 10.0
425.0 278.0 20.0 10.0
1255.0 665.0 20.0 10.0
1276.0 450.0 20.0 10.0
652.0 449.0 20.0 10.0
556.0 219.0 20.0 10.0
624.0 907.0 20.0 10.0
253.0 1330.0 20.0 10.0
1125.0 357.0 20.0 10.0
342.0 1409.0 20.0 10.0
1004.0 611.0 20.0 10.0
634.0 546.0 20.0 10.0
49.0 1570.0 20.0 10.0
683.0 313.0 20.0 10.0
603.0 803.0 20.0 10.0
705.0 852.0 20.0 10.0
872.0 636.0 20.0 10.0
1202.0 112.0 20.0 10.0
492.0 298.0 20.0 10.0
263.0 1343.0 20.0 10.0
719.0 612.0 20.0 10.0
795.0 635.0 20.0 10.0
1089.0 596.0 20.0 10.0
578.0 207.0 20.0 10.0
1172.0 740.0 20.0 10.0
374.0 1400.0 20.0 10.0
501.0 1109.0 20.0 10.0
355.0 1440.0 20.0 10.0
748.0 545.0 20.0 10.0
906.0 592.0 20.0 10.0
1753.0 525.0 20.0 10.0
95.0 1591.0 20.0 10.0
1277.0 25.0 20.0 10.0
430.0 1112.0 20.0 10.0
497.0 1126.0 20.0 10.0
1668.0 371.0 20.0 10.0
1379.0 590.0 20.0 10.0
1231.0 624.0 20.0 10.0
245.0 1354.0 20.0 10.0
515.0 356.0 20.0 10.0
1232.0 445.0 20.0 10.0
1086.0 641.0 20.0 10.0
418.0 1176.0 20.0 10.0
1182.0 798.0 20.0 10.0
719.0 623.0 20.0 10.0
1277.0 710.0 20.0 10.0
516.0 564.0 20.0 10.0
1289.0 771.0 20.0 10.0
541.0 619.0 20.0 10.0
1580.0 350.0 20.0 10.0
499.0 315.0 20.0 10.0
683.0 221.0 20.0 10.0
486.0 929.0 20.0 10.0
676.0 886.0 20.0 10.0
1259.0 645.0 20.0 10.0
541.0 410.0 20.0 10.0
437.0 972.0 20.0 10.0
599.0 164.0 20.0 10.0
659.0 442.0 20.0 10.0
1242.0 694.0 20.0 10.0
1005.0 653.0 20.0 10.0
758.0 1167.0 20.0 10.0
1676.0 489.0 20.0 10.0
892.0 677.0 20.0 10.0
740.0 881.0 20.0 10.0
744.0 1063.0 20.0 10.0
655.0 855.0 20.0 10.0
816.0 748.0 20.0 10.0
659.0 562.0 20.0 10.0
1083.0 657.0 20.0 10.0
651.0 1123.0 20.0 10.0
1089.0 736.0 20.0 10.0
1704.0 488.0 20.0 10.0
1271.0 687.0 20.0 10.0
1192.0 519.0 20.0 10.0
25.0 1584.0 20.0 10.0
1436.0 441.0 20.0 10.0
1310.0 473.0 20.0 10.0
683.0 195.0 20.0 10.0
1597.0 322.0 20.0 10.0
1253.0 96.0 20.0 10.0
1327.0 727.0 20.0 10.0
210.0 1396.0 20.0 10.0
1290.0 700.0 20.0 10.0
756.0 1127.0 20.0 10.0
811.0 751.0 20.0 10.0
768.0 1166.0 20.0 10.0
481.0 873.0 20.0 10.0
1489.0 449.0 20.0 10.0
1710.0 271.0 20.0 10.0
454.0 866.0 20.0 10.0
1772.0 256.0 20.0 10.0
757.0 237.0 20.0 10.0
273.0 1309.0 20.0 10.0
1285.0 560.0 20.0 10.0
1681.0 300.0 20.0 10.0
1635.0 453.0 20.0 10.0
1810.0 316.0 20.0 10.0
449.0 1238.0 20.0 10.0
1101.0 430.0 20.0 10.0
1724.0 486.0 20.0 10.0
527.0 935.0 20.0 10.0
408.0 1388.0 20.0 10.0
647.0 292.0 20.0 10.0
241.0 1323.0 20.0 10.0
1372.0 489.0 20.0 10.0
779.0 533.0 20.0 10.0
459.0 321.0 20.0 10.0
496.0 1090.0 20.0 10.0
764.0 513.0 20.0 10.0
720.0 986.0 20.0 10.0
1229.0 628.0 20.0 10.0
1617.0 411.0 20.0 10.0
352.0 1333.0 20.0 10.0
264.0 1363.0 20.0 10.0
614.0 405.0 20.0 10.0
1077.0 522.0 20.0 10.0
1309.0 560.0 20.0 10.0
1302.0 433.0 20.0 10.0
1217.0 790.0 20.0 10.0
991.0 526.0 20.0 10.0
586.0 811.0 20.0 10.0
338.0 1357.0 20.0 10.0
1578.0 368.0 20.0 10.0
640.0 582.0 20.0 10.0
548.0 924.0 20.0 10.0
1256.0 682.0 20.0 10.0
1374.0 511.0 20.0 10.0
1810.0 498.0 20.0 10.0
468.0 981.0 20.0 10.0
1222.0 84.0 20.0 10.0
1199.0 259.0 20.0 10.0
746.0 867.0 20.0 10.0
347.0 1255.0 20.0 10.0
759.0 609.0 20.0 10.0
455.0 930.0 20.0 10.0
1003.0 677.0 20.0 10.0
538.0 179.0 20.0 10.0
244.0 1329.0 20.0 10.0
