1000
876.0 1042.0 20.0 10.0
1004.0 931.0 20.0 10.0
1104.0 809.0 20.0 10.0
759.0 1162.0 20.0 10.0
821.0 989.0 20.0 10.0
1205.0 698.0 20.0 10.0
670.0 1287.0 20.0 10.0
597.0 1381.0 20.0 10.0
775.0 931.0 20.0 10.0
527.0 1472.0 20.0 10.0
1095.0 932.0 20.0 10.0
1302.0 594.0 20.0 10.0
782.0 1230.0 20.0 10.0
1089.0 890.0 20.0 10.0
497.0 1542.0 20.0 10.0
735.0 875.0 20.0 10.0
654.0 1382.0 20.0 10.0
1396.0 496.0 20.0 10.0
1006.0 905.0 20.0 10.0
918.0 1093.0 20.0 10.0
1181.0 932.0 20.0 10.0
656.0 1150.0 20.0 10.0
1134.0 961.0 20.0 10.0
805.0 1297.0 20.0 10.0
1038.0 914.0 20.0 10.0
483.0 1580.0 20.0 10.0
626.0 1143.0 20.0 10.0
1071.0 897.0 20.0 10.0
1220.0 652.0 20.0 10.0
591.0 1329.0 20.0 10.0
512.0 1364.0 20.0 10.0
457.0 1379.0 20.0 10.0
558.0 1132.0 20.0 10.0
1486.0 404.0 20.0 10.0
633.0 1407.0 20.0 10.0
467.0 1123.0 20.0 10.0
1243.0 630.0 20.0 10.0
1524.0 355.0 20.0 10.0
425.0 1124.0 20.0 10.0
946.0 1105.0 20.0 10.0
716.0 849.0 20.0 10.0
734.0 1164.0 20.0 10.0
1073.0 851.0 20.0 10.0
1568.0 321.0 20.0 10.0
998.0 952.0 20.0 10.0
1082.0 873.0 20.0 10.0
1646.0 240.0 20.0 10.0
1231.0 614.0 20.0 10.0
697.0 821.0 20.0 10.0
469.0 1528.0 20.0 10.0
625.0 1435.0 20.0 10.0
861.0 1064.0 20.0 10.0
1114.0 776.0 20.0 10.0
827.0 1362.0 20.0 10.0
1254.0 937.0 20.0 10.0
1061.0 827.0 20.0 10.0
921.0 1120.0 20.0 10.0
683.0 776.0 20.0 10.0
1200.0 621.0 20.0 10.0
1029.0 922.0 20.0 10.0
666.0 736.0 20.0 10.0
1315.0 930.0 20.0 10.0
424.0 1137.0 20.0 10.0
563.0 1356.0 20.0 10.0
782.0 977.0 20.0 10.0
706.0 1167.0 20.0 10.0
425.0 1384.0 20.0 10.0
661.0 1453.0 20.0 10.0
1304.0 957.0 20.0 10.0
846.0 1402.0 20.0 10.0
896.0 1107.0 20.0 10.0
839.0 1410.0 20.0 10.0
857.0 999.0 20.0 10.0
743.0 914.0 20.0 10.0
482.0 1520.0 20.0 10.0
480.0 1614.0 20.0 10.0
1000.0 877.0 20.0 10.0
1058.0 920.0 20.0 10.0
849.0 1394.0 20.0 10.0
1215.0 945.0 20.0 10.0
1706.0 170.0 20.0 10.0
476.0 1399.0 20.0 10.0
697.0 1193.0 20.0 10.0
754.0 912.0 20.0 10.0
1349.0 976.0 20.0 10.0
1166.0 990.0 20.0 10.0
387.0 1148.0 20.0 10.0
838.0 953.0 20.0 10.0
830.0 915.0 20.0 10.0
1224.0 579.0 20.0 10.0
1098.0 882.0 20.0 10.0
822.0 1399.0 20.0 10.0
1233.0 918.0 20.0 10.0
645.0 718.0 20.0 10.0
660.0 1490.0 20.0 10.0
1244.0 962.0 20.0 10.0
1098.0 905.0 20.0 10.0
1057.0 812.0 20.0 10.0
387.0 1109.0 20.0 10.0
618.0 1167.0 20.0 10.0
1338.0 551.0 20.0 10.0
966.0 1122.0 20.0 10.0
359.0 1162.0 20.0 10.0
613.0 1121.0 20.0 10.0
822.0 918.0 20.0 10.0
1078.0 827.0 20.0 10.0
1125.0 885.0 20.0 10.0
450.0 1561.0 20.0 10.0
716.0 822.0 20.0 10.0
1702.0 198.0 20.0 10.0
959.0 1141.0 20.0 10.0
807.0 894.0 20.0 10.0
1430.0 463.0 20.0 10.0
524.0 1130.0 20.0 10.0
1370.0 1001.0 20.0 10.0
1373.0 922.0 20.0 10.0
677.0 801.0 20.0 10.0
514.0 1104.0 20.0 10.0
1420.0 918.0 20.0 10.0
989.0 906.0 20.0 10.0
996.0 1174.0 20.0 10.0
987.0 1126.0 20.0 10.0
1357.0 524.0 20.0 10.0
387.0 1127.0 20.0 10.0
1220.0 554.0 20.0 10.0
856.0 975.0 20.0 10.0
559.0 1340.0 20.0 10.0
813.0 944.0 20.0 10.0
446.0 1547.0 20.0 10.0
844.0 1383.0 20.0 10.0
1131.0 749.0 20.0 10.0
1029.0 1202.0 20.0 10.0
468.0 1604.0 20.0 10.0
1112.0 866.0 20.0 10.0
1408.0 911.0 20.0 10.0
1136.0 714.0 20.0 10.0
988.0 1180.0 20.0 10.0
850.0 1453.0 20.0 10.0
1678.0 199.0 20.0 10.0
493.0 1137.0 20.0 10.0
1708.0 181.0 20.0 10.0
1757.0 156.0 20.0 10.0
1058.0 1220.0 20.0 10.0
437.0 1112.0 20.0 10.0
641.0 1441.0 20.0 10.0
1387.0 992.0 20.0 10.0
732.0 1178.0 20.0 10.0
755.0 926.0 20.0 10.0
636.0 1478.0 20.0 10.0
620.0 1429.0 20.0 10.0
311.0 1098.0 20.0 10.0
656.0 1178.0 20.0 10.0
1740.0 124.0 20.0 10.0
413.0 1581.0 20.0 10.0
1418.0 1004.0 20.0 10.0
1373.0 989.0 20.0 10.0
1048.0 804.0 20.0 10.0
1206.0 658.0 20.0 10.0
274.0 1097.0 20.0 10.0
638.0 1306.0 20.0 10.0
1755.0 118.0 20.0 10.0
477.0 1084.0 20.0 10.0
379.0 1616.0 20.0 10.0
1544.0 325.0 20.0 10.0
1413.0 996.0 20.0 10.0
1233.0 960.0 20.0 10.0
251.0 1090.0 20.0 10.0
1053.0 897.0 20.0 10.0
1403.0 915.0 20.0 10.0
679.0 1164.0 20.0 10.0
1247.0 979.0 20.0 10.0
1122.0 864.0 20.0 10.0
1195.0 1018.0 20.0 10.0
1140.0 686.0 20.0 10.0
349.0 1641.0 20.0 10.0
1346.0 924.0 20.0 10.0
1356.0 518.0 20.0 10.0
260.0 1104.0 20.0 10.0
423.0 1389.0 20.0 10.0
1222.0 1045.0 20.0 10.0
631.0 1495.0 20.0 10.0
215.0 1106.0 20.0 10.0
1701.0 165.0 20.0 10.0
1016.0 1209.0 20.0 10.0
756.0 978.0 20.0 10.0
854.0 949.0 20.0 10.0
625.0 1530.0 20.0 10.0
1439.0 914.0 20.0 10.0
608.0 1455.0 20.0 10.0
1153.0 698.0 20.0 10.0
924.0 1147.0 20.0 10.0
1437.0 901.0 20.0 10.0
630.0 1525.0 20.0 10.0
1026.0 952.0 20.0 10.0
469.0 1637.0 20.0 10.0
175.0 1107.0 20.0 10.0
659.0 1510.0 20.0 10.0
359.0 1097.0 20.0 10.0
485.0 1098.0 20.0 10.0
938.0 1108.0 20.0 10.0
607.0 1473.0 20.0 10.0
854.0 926.0 20.0 10.0
1382.0 504.0 20.0 10.0
629.0 1156.0 20.0 10.0
342.0 1179.0 20.0 10.0
1253.0 902.0 20.0 10.0
1445.0 1008.0 20.0 10.0
827.0 895.0 20.0 10.0
427.0 1579.0 20.0 10.0
822.0 1434.0 20.0 10.0
731.0 982.0 20.0 10.0
377.0 1605.0 20.0 10.0
1172.0 599.0 20.0 10.0
838.0 1443.0 20.0 10.0
1141.0 725.0 20.0 10.0
1247.0 1070.0 20.0 10.0
869.0 1426.0 20.0 10.0
816.0 1427.0 20.0 10.0
878.0 1066.0 20.0 10.0
808.0 1324.0 20.0 10.0
1782.0 137.0 20.0 10.0
505.0 1503.0 20.0 10.0
950.0 1127.0 20.0 10.0
1454.0 910.0 20.0 10.0
150.0 1104.0 20.0 10.0
1280.0 902.0 20.0 10.0
655.0 1565.0 20.0 10.0
152.0 1112.0 20.0 10.0
353.0 1130.0 20.0 10.0
1176.0 671.0 20.0 10.0
651.0 1612.0 20.0 10.0
601.0 1478.0 20.0 10.0
488.0 1385.0 20.0 10.0
909.0 1123.0 20.0 10.0
1320.0 888.0 20.0 10.0
808.0 881.0 20.0 10.0
800.0 846.0 20.0 10.0
345.0 1624.0 20.0 10.0
993.0 881.0 20.0 10.0
716.0 893.0 20.0 10.0
793.0 817.0 20.0 10.0
590.0 1187.0 20.0 10.0
604.0 1318.0 20.0 10.0
575.0 1356.0 20.0 10.0
326.0 1136.0 20.0 10.0
748.0 966.0 20.0 10.0
786.0 796.0 20.0 10.0
1011.0 901.0 20.0 10.0
1559.0 312.0 20.0 10.0
376.0 1626.0 20.0 10.0
646.0 1467.0 20.0 10.0
1264.0 909.0 20.0 10.0
141.0 1110.0 20.0 10.0
650.0 1162.0 20.0 10.0
1268.0 960.0 20.0 10.0
1370.0 525.0 20.0 10.0
590.0 1493.0 20.0 10.0
1151.0 725.0 20.0 10.0
1403.0 923.0 20.0 10.0
1206.0 933.0 20.0 10.0
1120.0 772.0 20.0 10.0
482.0 1361.0 20.0 10.0
1395.0 1010.0 20.0 10.0
1106.0 749.0 20.0 10.0
304.0 1129.0 20.0 10.0
539.0 1379.0 20.0 10.0
580.0 1329.0 20.0 10.0
498.0 1393.0 20.0 10.0
569.0 1409.0 20.0 10.0
467.0 1146.0 20.0 10.0
1182.0 1012.0 20.0 10.0
515.0 1391.0 20.0 10.0
1289.0 902.0 20.0 10.0
1127.0 784.0 20.0 10.0
590.0 1518.0 20.0 10.0
1193.0 637.0 20.0 10.0
1116.0 743.0 20.0 10.0
1485.0 910.0 20.0 10.0
1369.0 488.0 20.0 10.0
360.0 1155.0 20.0 10.0
1448.0 907.0 20.0 10.0
1004.0 1213.0 20.0 10.0
492.0 1527.0 20.0 10.0
1165.0 650.0 20.0 10.0
492.0 1090.0 20.0 10.0
1154.0 581.0 20.0 10.0
905.0 1150.0 20.0 10.0
454.0 1418.0 20.0 10.0
664.0 1202.0 20.0 10.0
1210.0 908.0 20.0 10.0
1780.0 97.0 20.0 10.0
1424.0 456.0 20.0 10.0
1772.0 82.0 20.0 10.0
358.0 1633.0 20.0 10.0
478.0 1641.0 20.0 10.0
695.0 874.0 20.0 10.0
829.0 880.0 20.0 10.0
673.0 860.0 20.0 10.0
1578.0 285.0 20.0 10.0
445.0 1426.0 20.0 10.0
572.0 1195.0 20.0 10.0
1126.0 906.0 20.0 10.0
1731.0 125.0 20.0 10.0
1235.0 884.0 20.0 10.0
443.0 1651.0 20.0 10.0
850.0 905.0 20.0 10.0
356.0 1658.0 20.0 10.0
1124.0 939.0 20.0 10.0
431.0 1688.0 20.0 10.0
1243.0 673.0 20.0 10.0
628.0 1472.0 20.0 10.0
242.0 1090.0 20.0 10.0
1019.0 1243.0 20.0 10.0
549.0 1436.0 20.0 10.0
582.0 1406.0 20.0 10.0
663.0 1409.0 20.0 10.0
423.0 1584.0 20.0 10.0
461.0 1548.0 20.0 10.0
744.0 995.0 20.0 10.0
688.0 1147.0 20.0 10.0
1447.0 425.0 20.0 10.0
214.0 1085.0 20.0 10.0
579.0 1554.0 20.0 10.0
420.0 1687.0 20.0 10.0
1588.0 287.0 20.0 10.0
1428.0 906.0 20.0 10.0
407.0 1394.0 20.0 10.0
565.0 1578.0 20.0 10.0
748.0 928.0 20.0 10.0
648.0 1649.0 20.0 10.0
1450.0 920.0 20.0 10.0
469.0 1367.0 20.0 10.0
680.0 854.0 20.0 10.0
788.0 873.0 20.0 10.0
365.0 1641.0 20.0 10.0
716.0 982.0 20.0 10.0
1585.0 279.0 20.0 10.0
450.0 1647.0 20.0 10.0
1049.0 941.0 20.0 10.0
283.0 1075.0 20.0 10.0
623.0 1160.0 20.0 10.0
626.0 1536.0 20.0 10.0
602.0 1460.0 20.0 10.0
1308.0 885.0 20.0 10.0
453.0 1631.0 20.0 10.0
282.0 1084.0 20.0 10.0
1049.0 782.0 20.0 10.0
375.0 1404.0 20.0 10.0
1803.0 50.0 20.0 10.0
528.0 1454.0 20.0 10.0
472.0 1544.0 20.0 10.0
1130.0 717.0 20.0 10.0
1004.0 1206.0 20.0 10.0
1164.0 623.0 20.0 10.0
577.0 1411.0 20.0 10.0
344.0 1659.0 20.0 10.0
683.0 859.0 20.0 10.0
1448.0 436.0 20.0 10.0
716.0 955.0 20.0 10.0
1797.0 124.0 20.0 10.0
115.0 1111.0 20.0 10.0
1783.0 84.0 20.0 10.0
599.0 1506.0 20.0 10.0
863.0 951.0 20.0 10.0
1128.0 962.0 20.0 10.0
1604.0 296.0 20.0 10.0
407.0 1712.0 20.0 10.0
1324.0 862.0 20.0 10.0
573.0 1347.0 20.0 10.0
1412.0 1005.0 20.0 10.0
414.0 1565.0 20.0 10.0
1192.0 1027.0 20.0 10.0
1071.0 950.0 20.0 10.0
983.0 851.0 20.0 10.0
490.0 1572.0 20.0 10.0
1054.0 1206.0 20.0 10.0
572.0 1319.0 20.0 10.0
1052.0 1228.0 20.0 10.0
443.0 1064.0 20.0 10.0
1140.0 755.0 20.0 10.0
1109.0 721.0 20.0 10.0
1768.0 88.0 20.0 10.0
335.0 1162.0 20.0 10.0
662.0 789.0 20.0 10.0
1191.0 621.0 20.0 10.0
1118.0 750.0 20.0 10.0
793.0 993.0 20.0 10.0
543.0 1322.0 20.0 10.0
968.0 890.0 20.0 10.0
128.0 1093.0 20.0 10.0
863.0 1444.0 20.0 10.0
1455.0 438.0 20.0 10.0
1522.0 376.0 20.0 10.0
1259.0 862.0 20.0 10.0
185.0 1071.0 20.0 10.0
669.0 805.0 20.0 10.0
363.0 1657.0 20.0 10.0
258.0 1056.0 20.0 10.0
1380.0 460.0 20.0 10.0
373.0 1409.0 20.0 10.0
423.0 1568.0 20.0 10.0
686.0 1210.0 20.0 10.0
487.0 1078.0 20.0 10.0
1271.0 975.0 20.0 10.0
1271.0 663.0 20.0 10.0
412.0 1609.0 20.0 10.0
1393.0 501.0 20.0 10.0
1179.0 604.0 20.0 10.0
1332.0 969.0 20.0 10.0
1359.0 974.0 20.0 10.0
1401.0 511.0 20.0 10.0
1288.0 676.0 20.0 10.0
400.0 1128.0 20.0 10.0
858.0 1477.0 20.0 10.0
615.0 1431.0 20.0 10.0
420.0 1054.0 20.0 10.0
452.0 1071.0 20.0 10.0
548.0 1203.0 20.0 10.0
999.0 973.0 20.0 10.0
794.0 823.0 20.0 10.0
817.0 848.0 20.0 10.0
949.0 1119.0 20.0 10.0
1004.0 1143.0 20.0 10.0
1794.0 81.0 20.0 10.0
853.0 935.0 20.0 10.0
330.0 1122.0 20.0 10.0
911.0 1173.0 20.0 10.0
1103.0 855.0 20.0 10.0
1423.0 493.0 20.0 10.0
1144.0 850.0 20.0 10.0
863.0 932.0 20.0 10.0
1283.0 890.0 20.0 10.0
466.0 1388.0 20.0 10.0
1047.0 937.0 20.0 10.0
467.0 1078.0 20.0 10.0
1199.0 573.0 20.0 10.0
574.0 1211.0 20.0 10.0
623.0 1561.0 20.0 10.0
351.0 1647.0 20.0 10.0
589.0 1535.0 20.0 10.0
998.0 987.0 20.0 10.0
608.0 1501.0 20.0 10.0
1019.0 966.0 20.0 10.0
1024.0 876.0 20.0 10.0
424.0 1413.0 20.0 10.0
521.0 1393.0 20.0 10.0
1180.0 1007.0 20.0 10.0
461.0 1055.0 20.0 10.0
790.0 857.0 20.0 10.0
1003.0 862.0 20.0 10.0
678.0 1206.0 20.0 10.0
817.0 1317.0 20.0 10.0
1515.0 368.0 20.0 10.0
414.0 1052.0 20.0 10.0
1112.0 916.0 20.0 10.0
359.0 1108.0 20.0 10.0
462.0 1095.0 20.0 10.0
436.0 1588.0 20.0 10.0
1063.0 801.0 20.0 10.0
666.0 713.0 20.0 10.0
690.0 937.0 20.0 10.0
891.0 1447.0 20.0 10.0
414.0 1111.0 20.0 10.0
431.0 1672.0 20.0 10.0
1008.0 1124.0 20.0 10.0
1471.0 405.0 20.0 10.0
1114.0 781.0 20.0 10.0
403.0 1154.0 20.0 10.0
415.0 1095.0 20.0 10.0
672.0 1438.0 20.0 10.0
1028.0 855.0 20.0 10.0
627.0 1555.0 20.0 10.0
493.0 1107.0 20.0 10.0
834.0 1007.0 20.0 10.0
1583.0 261.0 20.0 10.0
1541.0 344.0 20.0 10.0
416.0 1717.0 20.0 10.0
1037.0 1238.0 20.0 10.0
549.0 1218.0 20.0 10.0
1260.0 1084.0 20.0 10.0
1829.0 32.0 20.0 10.0
318.0 1682.0 20.0 10.0
1821.0 25.0 20.0 10.0
297.0 1702.0 20.0 10.0
663.0 1317.0 20.0 10.0
650.0 1680.0 20.0 10.0
991.0 969.0 20.0 10.0
1222.0 887.0 20.0 10.0
639.0 1177.0 20.0 10.0
197.0 1082.0 20.0 10.0
1794.0 128.0 20.0 10.0
462.0 1541.0 20.0 10.0
425.0 1047.0 20.0 10.0
662.0 1133.0 20.0 10.0
1230.0 674.0 20.0 10.0
667.0 1429.0 20.0 10.0
896.0 1143.0 20.0 10.0
604.0 1150.0 20.0 10.0
820.0 996.0 20.0 10.0
1464.0 892.0 20.0 10.0
649.0 706.0 20.0 10.0
727.0 847.0 20.0 10.0
1270.0 1092.0 20.0 10.0
637.0 1139.0 20.0 10.0
650.0 784.0 20.0 10.0
319.0 1180.0 20.0 10.0
400.0 1141.0 20.0 10.0
1030.0 832.0 20.0 10.0
633.0 759.0 20.0 10.0
520.0 1329.0 20.0 10.0
683.0 749.0 20.0 10.0
168.0 1059.0 20.0 10.0
664.0 926.0 20.0 10.0
1425.0 937.0 20.0 10.0
1329.0 564.0 20.0 10.0
980.0 825.0 20.0 10.0
289.0 1141.0 20.0 10.0
981.0 1142.0 20.0 10.0
976.0 1163.0 20.0 10.0
345.0 1420.0 20.0 10.0
619.0 739.0 20.0 10.0
219.0 1077.0 20.0 10.0
404.0 1717.0 20.0 10.0
1308.0 896.0 20.0 10.0
1288.0 1108.0 20.0 10.0
818.0 1387.0 20.0 10.0
1162.0 575.0 20.0 10.0
1035.0 763.0 20.0 10.0
444.0 1624.0 20.0 10.0
1308.0 1118.0 20.0 10.0
380.0 1398.0 20.0 10.0
437.0 1682.0 20.0 10.0
1294.0 981.0 20.0 10.0
391.0 1433.0 20.0 10.0
1157.0 670.0 20.0 10.0
552.0 1319.0 20.0 10.0
1125.0 844.0 20.0 10.0
580.0 1506.0 20.0 10.0
877.0 1473.0 20.0 10.0
436.0 1400.0 20.0 10.0
1205.0 636.0 20.0 10.0
445.0 1418.0 20.0 10.0
503.0 1127.0 20.0 10.0
439.0 1542.0 20.0 10.0
569.0 1534.0 20.0 10.0
1154.0 728.0 20.0 10.0
91.0 1112.0 20.0 10.0
1609.0 254.0 20.0 10.0
849.0 1508.0 20.0 10.0
1382.0 974.0 20.0 10.0
1531.0 340.0 20.0 10.0
1222.0 933.0 20.0 10.0
341.0 1153.0 20.0 10.0
1201.0 646.0 20.0 10.0
1226.0 622.0 20.0 10.0
700.0 936.0 20.0 10.0
807.0 865.0 20.0 10.0
1002.0 1196.0 20.0 10.0
434.0 1375.0 20.0 10.0
628.0 1501.0 20.0 10.0
1476.0 915.0 20.0 10.0
469.0 1141.0 20.0 10.0
825.0 1464.0 20.0 10.0
565.0 1234.0 20.0 10.0
412.0 1740.0 20.0 10.0
577.0 1477.0 20.0 10.0
558.0 1576.0 20.0 10.0
624.0 1568.0 20.0 10.0
1206.0 594.0 20.0 10.0
642.0 1205.0 20.0 10.0
98.0 1112.0 20.0 10.0
735.0 892.0 20.0 10.0
1597.0 263.0 20.0 10.0
325.0 1119.0 20.0 10.0
440.0 1042.0 20.0 10.0
363.0 1448.0 20.0 10.0
530.0 1137.0 20.0 10.0
417.0 1441.0 20.0 10.0
819.0 984.0 20.0 10.0
1240.0 601.0 20.0 10.0
406.0 1379.0 20.0 10.0
1281.0 1106.0 20.0 10.0
671.0 710.0 20.0 10.0
977.0 871.0 20.0 10.0
1424.0 912.0 20.0 10.0
1009.0 1236.0 20.0 10.0
1131.0 688.0 20.0 10.0
577.0 1581.0 20.0 10.0
1220.0 630.0 20.0 10.0
1607.0 266.0 20.0 10.0
858.0 983.0 20.0 10.0
1362.0 494.0 20.0 10.0
646.0 1338.0 20.0 10.0
1473.0 415.0 20.0 10.0
880.0 1469.0 20.0 10.0
614.0 732.0 20.0 10.0
598.0 708.0 20.0 10.0
1632.0 272.0 20.0 10.0
1611.0 271.0 20.0 10.0
856.0 1534.0 20.0 10.0
1176.0 576.0 20.0 10.0
488.0 1518.0 20.0 10.0
1690.0 167.0 20.0 10.0
528.0 1230.0 20.0 10.0
862.0 1404.0 20.0 10.0
502.0 1143.0 20.0 10.0
830.0 968.0 20.0 10.0
1185.0 572.0 20.0 10.0
1047.0 966.0 20.0 10.0
418.0 1703.0 20.0 10.0
1049.0 1257.0 20.0 10.0
967.0 1110.0 20.0 10.0
533.0 1131.0 20.0 10.0
1150.0 881.0 20.0 10.0
661.0 1110.0 20.0 10.0
1264.0 915.0 20.0 10.0
407.0 1031.0 20.0 10.0
556.0 1202.0 20.0 10.0
1040.0 785.0 20.0 10.0
607.0 753.0 20.0 10.0
668.0 1479.0 20.0 10.0
1811.0 58.0 20.0 10.0
850.0 1020.0 20.0 10.0
1451.0 930.0 20.0 10.0
250.0 1103.0 20.0 10.0
1354.0 875.0 20.0 10.0
1829.0 102.0 20.0 10.0
71.0 1113.0 20.0 10.0
1788.0 92.0 20.0 10.0
441.0 1377.0 20.0 10.0
165.0 1076.0 20.0 10.0
954.0 1154.0 20.0 10.0
422.0 1589.0 20.0 10.0
480.0 1565.0 20.0 10.0
600.0 1445.0 20.0 10.0
1160.0 680.0 20.0 10.0
893.0 1129.0 20.0 10.0
149.0 1071.0 20.0 10.0
907.0 1464.0 20.0 10.0
1029.0 766.0 20.0 10.0
257.0 1072.0 20.0 10.0
1044.0 892.0 20.0 10.0
446.0 1675.0 20.0 10.0
1374.0 867.0 20.0 10.0
643.0 1117.0 20.0 10.0
1062.0 983.0 20.0 10.0
1033.0 1266.0 20.0 10.0
189.0 1074.0 20.0 10.0
1222.0 601.0 20.0 10.0
489.0 1363.0 20.0 10.0
1342.0 843.0 20.0 10.0
894.0 1493.0 20.0 10.0
270.0 1063.0 20.0 10.0
856.0 1433.0 20.0 10.0
327.0 1683.0 20.0 10.0
1301.0 692.0 20.0 10.0
675.0 1487.0 20.0 10.0
971.0 903.0 20.0 10.0
1439.0 1008.0 20.0 10.0
1072.0 915.0 20.0 10.0
584.0 686.0 20.0 10.0
506.0 1498.0 20.0 10.0
448.0 1575.0 20.0 10.0
466.0 1406.0 20.0 10.0
1253.0 865.0 20.0 10.0
555.0 1428.0 20.0 10.0
918.0 1196.0 20.0 10.0
1341.0 925.0 20.0 10.0
1029.0 812.0 20.0 10.0
883.0 1451.0 20.0 10.0
637.0 774.0 20.0 10.0
695.0 962.0 20.0 10.0
478.0 1412.0 20.0 10.0
648.0 1600.0 20.0 10.0
934.0 1098.0 20.0 10.0
231.0 1057.0 20.0 10.0
675.0 1212.0 20.0 10.0
1065.0 1244.0 20.0 10.0
648.0 1642.0 20.0 10.0
545.0 1249.0 20.0 10.0
1789.0 134.0 20.0 10.0
690.0 792.0 20.0 10.0
1255.0 916.0 20.0 10.0
363.0 1088.0 20.0 10.0
641.0 763.0 20.0 10.0
439.0 1366.0 20.0 10.0
284.0 1723.0 20.0 10.0
1165.0 860.0 20.0 10.0
975.0 812.0 20.0 10.0
466.0 1663.0 20.0 10.0
109.0 1067.0 20.0 10.0
206.0 1068.0 20.0 10.0
1493.0 402.0 20.0 10.0
613.0 772.0 20.0 10.0
1152.0 979.0 20.0 10.0
676.0 733.0 20.0 10.0
1380.0 864.0 20.0 10.0
1278.0 860.0 20.0 10.0
685.0 1460.0 20.0 10.0
427.0 1710.0 20.0 10.0
73.0 1059.0 20.0 10.0
652.0 1667.0 20.0 10.0
879.0 1005.0 20.0 10.0
1462.0 1014.0 20.0 10.0
514.0 1238.0 20.0 10.0
1512.0 914.0 20.0 10.0
730.0 909.0 20.0 10.0
791.0 1254.0 20.0 10.0
827.0 1337.0 20.0 10.0
822.0 855.0 20.0 10.0
681.0 731.0 20.0 10.0
866.0 1484.0 20.0 10.0
602.0 1184.0 20.0 10.0
49.0 1043.0 20.0 10.0
1043.0 1224.0 20.0 10.0
1172.0 708.0 20.0 10.0
634.0 680.0 20.0 10.0
1267.0 655.0 20.0 10.0
1215.0 545.0 20.0 10.0
616.0 1593.0 20.0 10.0
1272.0 650.0 20.0 10.0
657.0 1398.0 20.0 10.0
778.0 777.0 20.0 10.0
124.0 1053.0 20.0 10.0
422.0 1088.0 20.0 10.0
589.0 1213.0 20.0 10.0
1147.0 902.0 20.0 10.0
1632.0 234.0 20.0 10.0
961.0 1137.0 20.0 10.0
1821.0 110.0 20.0 10.0
782.0 885.0 20.0 10.0
634.0 1511.0 20.0 10.0
47.0 1050.0 20.0 10.0
1480.0 1018.0 20.0 10.0
327.0 1647.0 20.0 10.0
850.0 1487.0 20.0 10.0
620.0 1523.0 20.0 10.0
1464.0 409.0 20.0 10.0
1193.0 593.0 20.0 10.0
1064.0 944.0 20.0 10.0
862.0 1418.0 20.0 10.0
1238.0 587.0 20.0 10.0
1377.0 509.0 20.0 10.0
507.0 1132.0 20.0 10.0
806.0 823.0 20.0 10.0
1825.0 49.0 20.0 10.0
811.0 826.0 20.0 10.0
395.0 1587.0 20.0 10.0
1157.0 741.0 20.0 10.0
1411.0 979.0 20.0 10.0
1021.0 887.0 20.0 10.0
1421.0 1016.0 20.0 10.0
1023.0 808.0 20.0 10.0
533.0 1342.0 20.0 10.0
874.0 939.0 20.0 10.0
1442.0 428.0 20.0 10.0
390.0 1042.0 20.0 10.0
1123.0 841.0 20.0 10.0
881.0 1513.0 20.0 10.0
842.0 961.0 20.0 10.0
1086.0 965.0 20.0 10.0
391.0 1736.0 20.0 10.0
426.0 1032.0 20.0 10.0
1117.0 834.0 20.0 10.0
1346.0 540.0 20.0 10.0
997.0 1233.0 20.0 10.0
117.0 1064.0 20.0 10.0
1206.0 554.0 20.0 10.0
828.0 832.0 20.0 10.0
1028.0 1251.0 20.0 10.0
794.0 1015.0 20.0 10.0
897.0 1534.0 20.0 10.0
1184.0 618.0 20.0 10.0
422.0 1433.0 20.0 10.0
1032.0 815.0 20.0 10.0
396.0 1147.0 20.0 10.0
649.0 1407.0 20.0 10.0
1249.0 649.0 20.0 10.0
1001.0 1261.0 20.0 10.0
1430.0 991.0 20.0 10.0
382.0 1405.0 20.0 10.0
454.0 1363.0 20.0 10.0
1196.0 546.0 20.0 10.0
1296.0 1095.0 20.0 10.0
1173.0 618.0 20.0 10.0
1179.0 598.0 20.0 10.0
1475.0 899.0 20.0 10.0
635.0 744.0 20.0 10.0
350.0 1414.0 20.0 10.0
1824.0 58.0 20.0 10.0
1082.0 1238.0 20.0 10.0
941.0 1127.0 20.0 10.0
1329.0 1127.0 20.0 10.0
642.0 1216.0 20.0 10.0
895.0 1471.0 20.0 10.0
1404.0 854.0 20.0 10.0
1822.0 97.0 20.0 10.0
1119.0 905.0 20.0 10.0
639.0 1538.0 20.0 10.0
654.0 1627.0 20.0 10.0
1235.0 1064.0 20.0 10.0
450.0 1553.0 20.0 10.0
626.0 1200.0 20.0 10.0
1044.0 789.0 20.0 10.0
1455.0 1021.0 20.0 10.0
512.0 1352.0 20.0 10.0
344.0 1162.0 20.0 10.0
686.0 1514.0 20.0 10.0
671.0 1496.0 20.0 10.0
1328.0 891.0 20.0 10.0
928.0 1174.0 20.0 10.0
462.0 1635.0 20.0 10.0
25.0 1038.0 20.0 10.0
1051.0 1283.0 20.0 10.0
1054.0 1263.0 20.0 10.0
1166.0 898.0 20.0 10.0
1396.0 439.0 20.0 10.0
1032.0 1232.0 20.0 10.0
1072.0 1250.0 20.0 10.0
1427.0 844.0 20.0 10.0
1299.0 638.0 20.0 10.0
1271.0 853.0 20.0 10.0
322.0 1659.0 20.0 10.0
676.0 1480.0 20.0 10.0
741.0 1187.0 20.0 10.0
668.0 786.0 20.0 10.0
391.0 1605.0 20.0 10.0
430.0 1020.0 20.0 10.0
820.0 824.0 20.0 10.0
995.0 1160.0 20.0 10.0
336.0 1454.0 20.0 10.0
633.0 1352.0 20.0 10.0
342.0 1685.0 20.0 10.0
627.0 736.0 20.0 10.0
1392.0 478.0 20.0 10.0
1414.0 488.0 20.0 10.0
1088.0 831.0 20.0 10.0
1088.0 1268.0 20.0 10.0
696.0 836.0 20.0 10.0
801.0 1349.0 20.0 10.0
1298.0 973.0 20.0 10.0
656.0 1707.0 20.0 10.0
1757.0 85.0 20.0 10.0
609.0 743.0 20.0 10.0
662.0 705.0 20.0 10.0
1294.0 639.0 20.0 10.0
883.0 1499.0 20.0 10.0
1262.0 981.0 20.0 10.0
426.0 1022.0 20.0 10.0
320.0 1640.0 20.0 10.0
641.0 926.0 20.0 10.0
614.0 712.0 20.0 10.0
1188.0 580.0 20.0 10.0
891.0 1500.0 20.0 10.0
1346.0 881.0 20.0 10.0
708.0 1212.0 20.0 10.0
1366.0 921.0 20.0 10.0
1490.0 388.0 20.0 10.0
481.0 1125.0 20.0 10.0
719.0 1228.0 20.0 10.0
1021.0 853.0 20.0 10.0
353.0 1631.0 20.0 10.0
739.0 979.0 20.0 10.0
1175.0 590.0 20.0 10.0
883.0 1418.0 20.0 10.0
1479.0 935.0 20.0 10.0
234.0 1049.0 20.0 10.0
1076.0 1003.0 20.0 10.0
647.0 1703.0 20.0 10.0
967.0 794.0 20.0 10.0
886.0 999.0 20.0 10.0
1023.0 984.0 20.0 10.0
622.0 1460.0 20.0 10.0
1320.0 630.0 20.0 10.0
51.0 1107.0 20.0 10.0
812.0 1412.0 20.0 10.0
328.0 1661.0 20.0 10.0
820.0 872.0 20.0 10.0
671.0 1311.0 20.0 10.0
229.0 1111.0 20.0 10.0
578.0 1238.0 20.0 10.0
1068.0 1284.0 20.0 10.0
1118.0 719.0 20.0 10.0
1782.0 53.0 20.0 10.0
671.0 926.0 20.0 10.0
1121.0 952.0 20.0 10.0
651.0 859.0 20.0 10.0
1291.0 922.0 20.0 10.0
1200.0 581.0 20.0 10.0
698.0 984.0 20.0 10.0
1273.0 992.0 20.0 10.0
1646.0 215.0 20.0 10.0
915.0 1139.0 20.0 10.0
611.0 666.0 20.0 10.0
1024.0 1232.0 20.0 10.0
1060.0 928.0 20.0 10.0
1815.0 70.0 20.0 10.0
1801.0 27.0 20.0 10.0
671.0 1229.0 20.0 10.0
953.0 874.0 20.0 10.0
210.0 1041.0 20.0 10.0
681.0 1134.0 20.0 10.0
639.0 1200.0 20.0 10.0
595.0 1176.0 20.0 10.0
1200.0 932.0 20.0 10.0
731.0 1188.0 20.0 10.0
1048.0 988.0 20.0 10.0
697.0 948.0 20.0 10.0
459.0 1424.0 20.0 10.0
658.0 1521.0 20.0 10.0
1068.0 999.0 20.0 10.0
404.0 1615.0 20.0 10.0
629.0 747.0 20.0 10.0
397.0 1642.0 20.0 10.0
1290.0 646.0 20.0 10.0
425.0 1445.0 20.0 10.0
1344.0 875.0 20.0 10.0
999.0 854.0 20.0 10.0
1156.0 840.0 20.0 10.0
796.0 1321.0 20.0 10.0
1281.0 849.0 20.0 10.0
1823.0 107.0 20.0 10.0
670.0 841.0 20.0 10.0
1440.0 1031.0 20.0 10.0
1817.0 116.0 20.0 10.0
584.0 1479.0 20.0 10.0
830.0 1484.0 20.0 10.0
1321.0 690.0 20.0 10.0
628.0 1165.0 20.0 10.0
1551.0 353.0 20.0 10.0
962.0 840.0 20.0 10.0
649.0 1333.0 20.0 10.0
402.0 1437.0 20.0 10.0
1567.0 329.0 20.0 10.0
1654.0 219.0 20.0 10.0
831.0 1028.0 20.0 10.0
678.0 988.0 20.0 10.0
371.0 1596.0 20.0 10.0
546.0 1375.0 20.0 10.0
866.0 961.0 20.0 10.0
646.0 1151.0 20.0 10.0
994.0 831.0 20.0 10.0
1732.0 148.0 20.0 10.0
838.0 1471.0 20.0 10.0
1850.0 27.0 20.0 10.0
1219.0 523.0 20.0 10.0
731.0 964.0 20.0 10.0
144.0 1058.0 20.0 10.0
526.0 1212.0 20.0 10.0
1408.0 478.0 20.0 10.0
1087.0 1017.0 20.0 10.0
464.0 1064.0 20.0 10.0
594.0 722.0 20.0 10.0
908.0 1140.0 20.0 10.0
1224.0 633.0 20.0 10.0
1067.0 837.0 20.0 10.0
1103.0 1287.0 20.0 10.0
1106.0 1244.0 20.0 10.0
321.0 1190.0 20.0 10.0
601.0 646.0 20.0 10.0
400.0 1113.0 20.0 10.0
635.0 1125.0 20.0 10.0
673.0 1532.0 20.0 10.0
394.0 1422.0 20.0 10.0
309.0 1109.0 20.0 10.0
900.0 1487.0 20.0 10.0
518.0 1141.0 20.0 10.0
1120.0 1260.0 20.0 10.0
668.0 1560.0 20.0 10.0
1248.0 606.0 20.0 10.0
768.0 1185.0 20.0 10.0
821.0 1343.0 20.0 10.0
977.0 926.0 20.0 10.0
268.0 1147.0 20.0 10.0
634.0 1425.0 20.0 10.0
680.0 1522.0 20.0 10.0
506.0 1117.0 20.0 10.0
1297.0 837.0 20.0 10.0
956.0 866.0 20.0 10.0
1162.0 564.0 20.0 10.0
312.0 1170.0 20.0 10.0
858.0 1514.0 20.0 10.0
1303.0 839.0 20.0 10.0
1060.0 783.0 20.0 10.0
679.0 1462.0 20.0 10.0
1437.0 984.0 20.0 10.0
130.0 1119.0 20.0 10.0
1487.0 884.0 20.0 10.0
862.0 1081.0 20.0 10.0
1243.0 929.0 20.0 10.0
1721.0 140.0 20.0 10.0
652.0 681.0 20.0 10.0
96.0 1048.0 20.0 10.0
1154.0 646.0 20.0 10.0
1778.0 59.0 20.0 10.0
1434.0 477.0 20.0 10.0
1288.0 909.0 20.0 10.0
385.0 1169.0 20.0 10.0
1625.0 239.0 20.0 10.0
1797.0 57.0 20.0 10.0
