1000
92.0 95.0 20.0 10.0
91.0 88.0 20.0 10.0
87.0 91.0 20.0 10.0
93.0 82.0 20.0 10.0
93.0 95.0 20.0 10.0
100.0 92.0 20.0 10.0
92.0 86.0 20.0 10.0
92.0 85.0 20.0 10.0
79.0 91.0 20.0 10.0
99.0 99.0 20.0 10.0
102.0 98.0 20.0 10.0
93.0 89.0 20.0 10.0
102.0 87.0 20.0 10.0
105.0 104.0 20.0 10.0
90.0 74.0 20.0 10.0
77.0 91.0 20.0 10.0
95.0 86.0 20.0 10.0
69.0 90.0 20.0 10.0
76.0 96.0 20.0 10.0
96.0 92.0 20.0 10.0
97.0 79.0 20.0 10.0
83.0 93.0 20.0 10.0
88.0 107.0 20.0 10.0
86.0 79.0 20.0 10.0
86.0 96.0 20.0 10.0
110.0 98.0 20.0 10.0
88.0 91.0 20.0 10.0
91.0 98.0 20.0 10.0
106.0 97.0 20.0 10.0
78.0 101.0 20.0 10.0
112.0 85.0 20.0 10.0
100.0 89.0 20.0 10.0
81.0 97.0 20.0 10.0
83.0 67.0 20.0 10.0
105.0 80.0 20.0 10.0
92.0 114.0 20.0 10.0
85.0 88.0 20.0 10.0
89.0 93.0 20.0 10.0
94.0 101.0 20.0 10.0
99.0 90.0 20.0 10.0
112.0 102.0 20.0 10.0
94.0 99.0 20.0 10.0
114.0 88.0 20.0 10.0
81.0 93.0 20.0 10.0
87.0 90.0 20.0 10.0
97.0 104.0 20.0 10.0
93.0 102.0 20.0 10.0
98.0 82.0 20.0 10.0
100.0 119.0 20.0 10.0
113.0 100.0 20.0 10.0
88.0 96.0 20.0 10.0
116.0 93.0 20.0 10.0
108.0 107.0 20.0 10.0
82.0 83.0 20.0 10.0
88.0 111.0 20.0 10.0
98.0 71.0 20.0 10.0
101.0 81.0 20.0 10.0
103.0 68.0 20.0 10.0
103.0 65.0 20.0 10.0
69.0 101.0 20.0 10.0
110.0 101.0 20.0 10.0
111.0 95.0 20.0 10.0
84.0 72.0 20.0 10.0
130.0 99.0 20.0 10.0
104.0 106.0 20.0 10.0
92.0 92.0 20.0 10.0
92.0 84.0 20.0 10.0
89.0 99.0 20.0 10.0
75.0 84.0 20.0 10.0
92.0 67.0 20.0 10.0
116.0 106.0 20.0 10.0
107.0 104.0 20.0 10.0
88.0 77.0 20.0 10.0
110.0 123.0 20.0 10.0
117.0 116.0 20.0 10.0
71.0 68.0 20.0 10.0
106.0 86.0 20.0 10.0
111.0 120.0 20.0 10.0
75.0 116.0 20.0 10.0
71.0 93.0 20.0 10.0
102.0 99.0 20.0 10.0
87.0 66.0 20.0 10.0
69.0 98.0 20.0 10.0
115.0 111.0 20.0 10.0
120.0 90.0 20.0 10.0
104.0 88.0 20.0 10.0
104.0 62.0 20.0 10.0
104.0 74.0 20.0 10.0
93.0 94.0 20.0 10.0
112.0 81.0 20.0 10.0
81.0 86.0 20.0 10.0
100.0 100.0 20.0 10.0
105.0 68.0 20.0 10.0
108.0 109.0 20.0 10.0
90.0 97.0 20.0 10.0
103.0 78.0 20.0 10.0
85.0 102.0 20.0 10.0
103.0 85.0 20.0 10.0
91.0 110.0 20.0 10.0
111.0 75.0 20.0 10.0
114.0 77.0 20.0 10.0
106.0 91.0 20.0 10.0
69.0 85.0 20.0 10.0
75.0 100.0 20.0 10.0
109.0 81.0 20.0 10.0
77.0 98.0 20.0 10.0
80.0 109.0 20.0 10.0
100.0 61.0 20.0 10.0
78.0 107.0 20.0 10.0
84.0 120.0 20.0 10.0
66.0 98.0 20.0 10.0
49.0 105.0 20.0 10.0
94.0 91.0 20.0 10.0
123.0 125.0 20.0 10.0
98.0 92.0 20.0 10.0
109.0 103.0 20.0 10.0
64.0 103.0 20.0 10.0
89.0 70.0 20.0 10.0
132.0 115.0 20.0 10.0
76.0 69.0 20.0 10.0
109.0 87.0 20.0 10.0
108.0 69.0 20.0 10.0
110.0 113.0 20.0 10.0
120.0 80.0 20.0 10.0
84.0 110.0 20.0 10.0
100.0 113.0 20.0 10.0
79.0 85.0 20.0 10.0
83.0 117.0 20.0 10.0
97.0 94.0 20.0 10.0
107.0 94.0 20.0 10.0
81.0999984741211 97.0 20.0 10.0
103.0 103.0 20.0 10.0
110.0 103.0 20.0 10.0
83.0 115.0 20.0 10.0
74.0 83.0 20.0 10.0
75.0 74.0 20.0 10.0
119.0 77.0 20.0 10.0
107.0 68.0 20.0 10.0
82.0 118.0 20.0 10.0
102.0 65.0 20.0 10.0
76.0 89.0 20.0 10.0
114.0 70.0 20.0 10.0
111.0 89.0 20.0 10.0
81.0 101.0 20.0 10.0
67.0 70.0 20.0 10.0
56.0 109.0 20.0 10.0
75.0 66.0 20.0 10.0
115.0 68.0 20.0 10.0
66.0 87.0 20.0 10.0
56.0 107.0 20.0 10.0
108.0 77.0 20.0 10.0
81.0 73.0 20.0 10.0
127.0 98.0 20.0 10.0
97.0 84.0 20.0 10.0
74.0 91.0 20.0 10.0
111.0 71.0 20.0 10.0
100.0 115.0 20.0 10.0
123.0 118.0 20.0 10.0
99.0 116.0 20.0 10.0
105.0 114.0 20.0 10.0
81.0 56.0 20.0 10.0
85.0 131.0 20.0 10.0
103.0 117.0 20.0 10.0
64.0 74.0 20.0 10.0
114.0 96.0 20.0 10.0
91.0 115.0 20.0 10.0
50.0 108.0 20.0 10.0
119.0 108.0 20.0 10.0
120.0 103.0 20.0 10.0
128.0 104.0 20.0 10.0
99.0 105.0 20.0 10.0
112.0 89.0 20.0 10.0
82.0 85.0 20.0 10.0
118.0 83.0 20.0 10.0
73.0 86.0 20.0 10.0
49.0 99.0 20.0 10.0
85.0 71.0 20.0 10.0
110.0 115.0 20.0 10.0
100.0 80.0 20.0 10.0
114.0 86.0 20.0 10.0
63.0 58.0 20.0 10.0
95.0 82.0 20.0 10.0
107.0 103.0 20.0 10.0
82.0 89.0 20.0 10.0
96.0 68.0 20.0 10.0
103.0 92.0 20.0 10.0
83.0 96.0 20.0 10.0
91.0 76.0 20.0 10.0
90.0 66.0 20.0 10.0
85.0 76.0 20.0 10.0
56.0 60.0 20.0 10.0
89.0 88.0 20.0 10.0
81.0 66.0 20.0 10.0
107.0 111.0 20.0 10.0
112.0 116.0 20.0 10.0
71.0 82.0 20.0 10.0
60.0 66.0 20.0 10.0
81.0 125.0 20.0 10.0
68.0 96.0 20.0 10.0
86.0 100.0 20.0 10.0
74.0 76.0 20.0 10.0
123.0 81.0 20.0 10.0
122.0 105.0 20.0 10.0
90.0 104.0 20.0 10.0
79.0 89.0 20.0 10.0
93.0 128.0 20.0 10.0
69.0 99.0 20.0 10.0
79.0 71.0 20.0 10.0
75.0 59.0 20.0 10.0
106.0 62.0 20.0 10.0
100.0 125.0 20.0 10.0
96.0 105.0 20.0 10.0
104.0 130.0 20.0 10.0
66.0 106.0 20.0 10.0
91.0 132.0 20.0 10.0
112.0 107.0 20.0 10.0
117.0 86.0 20.0 10.0
102.0 43.0 20.0 10.0
109.0 118.0 20.0 10.0
54.0 75.0 20.0 10.0
58.0 79.0 20.0 10.0
109.0 58.0 20.0 10.0
92.0 52.0 20.0 10.0
79.0 94.0 20.0 10.0
64.0 108.0 20.0 10.0
69.0 107.0 20.0 10.0
112.0 104.0 20.0 10.0
72.0 75.0 20.0 10.0
103.0 72.0 20.0 10.0
76.0 95.0 20.0 10.0
57.0 97.0 20.0 10.0
129.0 119.0 20.0 10.0
65.0 111.0 20.0 10.0
100.0 67.0 20.0 10.0
59.0 93.0 20.0 10.0
95.0 115.0 20.0 10.0
57.0 94.0 20.0 10.0
116.0 95.0 20.0 10.0
81.0 69.0 20.0 10.0
85.0 118.0 20.0 10.0
67.0 84.0 20.0 10.0
61.0 86.0 20.0 10.0
70.0 113.0 20.0 10.0
122.0 114.0 20.0 10.0
70.0 79.0 20.0 10.0
92.0 82.0 20.0 10.0
78.0 128.0 20.0 10.0
59.0 99.0 20.0 10.0
104.0 70.0 20.0 10.0
72.0 66.0 20.0 10.0
119.0 64.0 20.0 10.0
90.0 121.0 20.0 10.0
100.0 85.0 20.0 10.0
71.0 106.0 20.0 10.0
84.0 54.0 20.0 10.0
112.0 94.0 20.0 10.0
125.0 120.0 20.0 10.0
114.0 72.0 20.0 10.0
116.0 68.0 20.0 10.0
114.0 93.0 20.0 10.0
132.0 78.0 20.0 10.0
122.0 100.0 20.0 10.0
48.0 77.0 20.0 10.0
62.0 99.0 20.0 10.0
130.0 124.0 20.0 10.0
105.0 54.0 20.0 10.0
116.0 100.0 20.0 10.0
110.0 83.0 20.0 10.0
74.0 105.0 20.0 10.0
63.0 118.0 20.0 10.0
88.0 57.0 20.0 10.0
113.0 67.0 20.0 10.0
127.0 107.0 20.0 10.0
86.0 74.0 20.0 10.0
123.0 84.0 20.0 10.0
78.0 75.0 20.0 10.0
105.0 59.0 20.0 10.0
105.0 94.0 20.0 10.0
116.0 127.0 20.0 10.0
126.0 89.0 20.0 10.0
121.0 96.0 20.0 10.0
72.0 103.0 20.0 10.0
68.0 87.0 20.0 10.0
50.0 122.0 20.0 10.0
74.0 111.0 20.0 10.0
114.0 60.0 20.0 10.0
95.0 121.0 20.0 10.0
82.0 127.0 20.0 10.0
51.0 100.0 20.0 10.0
66.0 91.0 20.0 10.0
78.0 79.0 20.0 10.0
92.0 80.0 20.0 10.0
138.0 104.0 20.0 10.0
102.0 72.0 20.0 10.0
122.0 65.0 20.0 10.0
137.0 77.0 20.0 10.0
90.0 80.0 20.0 10.0
51.0 79.0 20.0 10.0
73.0 113.0 20.0 10.0
128.0 78.0 20.0 10.0
117.0 79.0 20.0 10.0
77.0 123.0 20.0 10.0
106.0 78.0 20.0 10.0
120.0 117.0 20.0 10.0
56.0 115.0 20.0 10.0
86.0 128.0 20.0 10.0
88.0 72.0 20.0 10.0
75.0 48.0 20.0 10.0
131.0 129.0 20.0 10.0
89.0 102.0 20.0 10.0
108.0 68.0 20.0 10.0
83.0 109.0 20.0 10.0
61.0 92.0 20.0 10.0
70.0 118.0 20.0 10.0
107.0 126.0 20.0 10.0
52.0 109.0 20.0 10.0
139.0 75.0 20.0 10.0
59.0 81.0 20.0 10.0
84.0 59.0 20.0 10.0
118.0 68.0 20.0 10.0
79.0 122.0 20.0 10.0
105.0 116.0 20.0 10.0
58.0 102.0 20.0 10.0
104.0 134.0 20.0 10.0
135.0 104.0 20.0 10.0
107.0 53.0 20.0 10.0
96.0 41.0 20.0 10.0
116.0 108.0 20.0 10.0
131.0 65.0 20.0 10.0
114.0 108.0 20.0 10.0
116.0 62.0 20.0 10.0
121.0 111.0 20.0 10.0
127.0 85.0 20.0 10.0
110.0 110.0 20.0 10.0
131.0 73.0 20.0 10.0
119.0 68.0 20.0 10.0
95.0 128.0 20.0 10.0
136.0 94.0 20.0 10.0
97.0 125.0 20.0 10.0
108.0 84.0 20.0 10.0
74.0 42.0 20.0 10.0
84.0 138.0 20.0 10.0
76.0 46.0 20.0 10.0
91.0 60.0 20.0 10.0
88.0 135.0 20.0 10.0
76.0 100.0 20.0 10.0
105.0 135.0 20.0 10.0
92.0 61.0 20.0 10.0
109.0 90.0 20.0 10.0
48.0 72.0 20.0 10.0
123.0 75.0 20.0 10.0
114.0 78.0 20.0 10.0
95.0 112.0 20.0 10.0
67.0 74.0 20.0 10.0
108.0 64.0 20.0 10.0
131.0 101.0 20.0 10.0
110.0 126.0 20.0 10.0
118.0 76.0 20.0 10.0
81.0 53.0 20.0 10.0
111.0 124.0 20.0 10.0
124.0 70.0 20.0 10.0
96.0 57.0 20.0 10.0
60.0 96.0 20.0 10.0
134.0 121.0 20.0 10.0
73.0 99.0 20.0 10.0
126.0 54.0 20.0 10.0
88.0 115.0 20.0 10.0
118.0 110.0 20.0 10.0
96.0 51.0 20.0 10.0
112.0 57.0 20.0 10.0
78.0 64.0 20.0 10.0
122.0 73.0 20.0 10.0
94.0 57.0 20.0 10.0
88.0 55.0 20.0 10.0
33.0 91.0 20.0 10.0
130.0 65.0 20.0 10.0
85.0 69.0 20.0 10.0
50.0 91.0 20.0 10.0
119.0 131.0 20.0 10.0
79.0 116.0 20.0 10.0
68.0 110.0 20.0 10.0
138.0 117.0 20.0 10.0
121.0 146.0 20.0 10.0
57.0 85.0 20.0 10.0
85.0 86.0 20.0 10.0
94.0 72.0 20.0 10.0
96.0 115.0 20.0 10.0
117.0 43.0 20.0 10.0
113.0 101.0 20.0 10.0
100.0 127.0 20.0 10.0
48.0 119.0 20.0 10.0
70.0 76.0 20.0 10.0
77.0 77.0 20.0 10.0
58.0 107.0 20.0 10.0
62.0 89.0 20.0 10.0
100.0 64.0 20.0 10.0
82.0 109.0 20.0 10.0
124.0 102.0 20.0 10.0
135.0 124.0 20.0 10.0
135.0 82.0 20.0 10.0
97.0 74.0 20.0 10.0
94.0 98.0 20.0 10.0
93.0 64.0 20.0 10.0
67.0 56.0 20.0 10.0
121.0 54.0 20.0 10.0
62.0 84.0 20.0 10.0
82.0 80.0 20.0 10.0
112.0 130.0 20.0 10.0
129.0 125.0 20.0 10.0
106.0 135.0 20.0 10.0
135.0 107.0 20.0 10.0
55.0 122.0 20.0 10.0
75.0 120.0 20.0 10.0
88.0 87.0 20.0 10.0
86.0 57.0 20.0 10.0
140.0 90.0 20.0 10.0
124.0 87.0 20.0 10.0
79.0 129.0 20.0 10.0
60.0 127.0 20.0 10.0
52.0 84.0 20.0 10.0
118.0 81.0 20.0 10.0
72.0 125.0 20.0 10.0
64.0 117.0 20.0 10.0
49.0 65.0 20.0 10.0
118.0 54.0 20.0 10.0
57.0 133.0 20.0 10.0
109.0 124.0 20.0 10.0
93.0 107.0 20.0 10.0
142.0 86.0 20.0 10.0
126.0 128.0 20.0 10.0
68.0 118.0 20.0 10.0
107.0 99.0 20.0 10.0
50.0 115.0 20.0 10.0
45.0 92.0 20.0 10.0
91.0 117.0 20.0 10.0
65.0 83.0 20.0 10.0
135.0 109.0 20.0 10.0
101.0 137.0 20.0 10.0
109.0 60.0 20.0 10.0
89.0 123.0 20.0 10.0
100.0 79.0 20.0 10.0
138.0 83.0 20.0 10.0
87.0 120.0 20.0 10.0
130.0 122.0 20.0 10.0
125.0 75.0 20.0 10.0
63.0 111.0 20.0 10.0
72.0 47.0 20.0 10.0
136.0 91.0 20.0 10.0
74.0 96.0 20.0 10.0
115.0 74.0 20.0 10.0
64.0 63.0 20.0 10.0
62.0 66.0 20.0 10.0
87.0 65.0 20.0 10.0
111.0 79.0 20.0 10.0
63.0 73.0 20.0 10.0
57.0 120.0 20.0 10.0
98.0 113.0 20.0 10.0
54.0 80.0 20.0 10.0
105.0 128.0 20.0 10.0
127.0 75.0 20.0 10.0
133.0 89.0 20.0 10.0
78.0 52.0 20.0 10.0
108.0 132.0 20.0 10.0
83.0 69.0 20.0 10.0
150.0 97.0 20.0 10.0
132.0 70.0 20.0 10.0
131.0 77.0 20.0 10.0
89.0 155.0 20.0 10.0
99.0 121.0 20.0 10.0
148.0 67.0 20.0 10.0
83.0 64.0 20.0 10.0
95.0 49.0 20.0 10.0
69.0 139.0 20.0 10.0
71.0 59.0 20.0 10.0
62.0 64.0 20.0 10.0
124.0 35.0 20.0 10.0
114.0 118.0 20.0 10.0
117.0 98.0 20.0 10.0
85.0 142.0 20.0 10.0
54.0 95.0 20.0 10.0
116.0 48.0 20.0 10.0
121.0 107.0 20.0 10.0
77.0 115.0 20.0 10.0
76.0 134.0 20.0 10.0
145.0 79.0 20.0 10.0
58.0 67.0 20.0 10.0
98.0 131.0 20.0 10.0
100.0 155.0 20.0 10.0
93.0 134.0 20.0 10.0
115.0 142.0 20.0 10.0
116.0 131.0 20.0 10.0
47.0 66.0 20.0 10.0
154.0 102.0 20.0 10.0
93.0 114.0 20.0 10.0
140.0 92.0 20.0 10.0
54.0 61.0 20.0 10.0
85.0 52.0 20.0 10.0
92.0 55.0 20.0 10.0
107.0 119.0 20.0 10.0
113.0 48.0 20.0 10.0
127.0 58.0 20.0 10.0
57.0 75.0 20.0 10.0
126.0 81.0 20.0 10.0
138.0 108.0 20.0 10.0
123.0 90.0 20.0 10.0
121.0 43.0 20.0 10.0
54.0 89.0 20.0 10.0
119.0 122.0 20.0 10.0
86.0 61.0 20.0 10.0
61.0 61.0 20.0 10.0
141.0 88.0 20.0 10.0
94.0 146.0 20.0 10.0
61.0 122.0 20.0 10.0
76.0 63.0 20.0 10.0
62.0 125.0 20.0 10.0
106.0 140.0 20.0 10.0
94.0 60.0 20.0 10.0
60.0 70.0 20.0 10.0
133.0 112.0 20.0 10.0
147.0 87.0 20.0 10.0
44.0 85.0 20.0 10.0
131.0 63.0 20.0 10.0
129.0 116.0 20.0 10.0
124.0 92.0 20.0 10.0
108.0 138.0 20.0 10.0
101.0 76.0 20.0 10.0
98.0 136.0 20.0 10.0
53.0 104.0 20.0 10.0
118.0 59.0 20.0 10.0
116.0 88.0 20.0 10.0
103.0 41.0 20.0 10.0
123.0 55.0 20.0 10.0
69.0 123.0 20.0 10.0
83.0 45.0 20.0 10.0
71.0 134.0 20.0 10.0
117.0 60.0 20.0 10.0
134.0 96.0 20.0 10.0
114.0 62.0 20.0 10.0
59.0 108.0 20.0 10.0
96.0 127.0 20.0 10.0
83.0 40.0 20.0 10.0
141.0 57.0 20.0 10.0
100.0 117.0 20.0 10.0
112.0 128.0 20.0 10.0
66.0 51.0 20.0 10.0
81.0 105.0 20.0 10.0
53.0 122.0 20.0 10.0
86.0 88.0 20.0 10.0
150.0 83.0 20.0 10.0
138.0 84.0 20.0 10.0
58.0 62.0 20.0 10.0
91.0 40.0 20.0 10.0
103.0 57.0 20.0 10.0
138.0 77.0 20.0 10.0
129.0 80.0 20.0 10.0
48.0 75.0 20.0 10.0
64.0 85.0 20.0 10.0
70.0 74.0 20.0 10.0
45.0 102.0 20.0 10.0
124.0 107.0 20.0 10.0
130.0 108.0 20.0 10.0
69.0 43.0 20.0 10.0
89.0999984741211 93.0 20.0 10.0
47.0 85.0 20.0 10.0
151.0 104.0 20.0 10.0
60.0 105.0 20.0 10.0
74.0 133.0 20.0 10.0
87.0 47.0 20.0 10.0
43.0 59.0 20.0 10.0
132.0 103.0 20.0 10.0
105.0 110.0 20.0 10.0
112.0 53.0 20.0 10.0
132.0 83.0 20.0 10.0
136.0 71.0 20.0 10.0
55.0 98.0 20.0 10.0
100.0 39.0 20.0 10.0
86.0 136.0 20.0 10.0
66.0 118.0 20.0 10.0
134.0 99.0 20.0 10.0
66.0 115.0 20.0 10.0
52.0 121.0 20.0 10.0
95.0 46.0 20.0 10.0
67.0 135.0 20.0 10.0
31.0 114.0 20.0 10.0
132.0 108.0 20.0 10.0
134.0 65.0 20.0 10.0
128.0 72.0 20.0 10.0
80.0 44.0 20.0 10.0
117.0 49.0 20.0 10.0
126.0 113.0 20.0 10.0
130.0 55.0 20.0 10.0
131.0 106.0 20.0 10.0
120.0 129.0 20.0 10.0
47.0 82.0 20.0 10.0
64.0 131.0 20.0 10.0
129.0 89.0 20.0 10.0
111.0 65.0 20.0 10.0
113.0 46.0 20.0 10.0
72.0 123.0 20.0 10.0
98.0 142.0 20.0 10.0
91.0 124.0 20.0 10.0
143.0 116.0 20.0 10.0
77.0 112.0 20.0 10.0
78.0 67.0 20.0 10.0
62.0 39.0 20.0 10.0
47.0 90.0 20.0 10.0
138.0 128.0 20.0 10.0
83.0 143.0 20.0 10.0
55.0 118.0 20.0 10.0
74.0 88.0 20.0 10.0
104.0 27.0 20.0 10.0
115.0 134.0 20.0 10.0
112.0 143.0 20.0 10.0
82.0 41.0 20.0 10.0
142.0 65.0 20.0 10.0
61.0 155.0 20.0 10.0
57.0 63.0 20.0 10.0
102.0 120.0 20.0 10.0
51.0 111.0 20.0 10.0
61.0 54.0 20.0 10.0
64.0 79.0 20.0 10.0
44.0 116.0 20.0 10.0
136.0 61.0 20.0 10.0
144.0 75.0 20.0 10.0
106.0 122.0 20.0 10.0
62.0 107.0 20.0 10.0
58.0 126.0 20.0 10.0
116.0 104.0 20.0 10.0
145.0 71.0 20.0 10.0
29.0 94.0 20.0 10.0
117.0 118.0 20.0 10.0
126.0 48.0 20.0 10.0
120.0 119.0 20.0 10.0
109.0 33.0 20.0 10.0
72.0 121.0 20.0 10.0
106.0 48.0 20.0 10.0
123.0 121.0 20.0 10.0
63.0 61.0 20.0 10.0
147.0 77.0 20.0 10.0
69.0 103.0 20.0 10.0
110.0 130.0 20.0 10.0
148.0 117.0 20.0 10.0
126.0 40.0 20.0 10.0
55.0 65.0 20.0 10.0
72.0 73.0 20.0 10.0
44.0 98.0 20.0 10.0
140.0 99.0 20.0 10.0
132.0 98.0 20.0 10.0
134.0 56.0 20.0 10.0
141.0 144.0 20.0 10.0
50.0 81.0 20.0 10.0
126.0 68.0 20.0 10.0
138.0 100.0 20.0 10.0
75.0 129.0 20.0 10.0
32.0 119.0 20.0 10.0
37.0 81.0 20.0 10.0
32.0 87.0 20.0 10.0
63.0 50.0 20.0 10.0
125.0 65.0 20.0 10.0
125.0 130.0 20.0 10.0
92.0 107.0 20.0 10.0
96.0 141.0 20.0 10.0
79.0 136.0 20.0 10.0
99.0 156.0 20.0 10.0
151.0 87.0 20.0 10.0
126.0 83.0 20.0 10.0
51.0 65.0 20.0 10.0
103.0 104.0 20.0 10.0
65.0 133.0 20.0 10.0
139.0 118.0 20.0 10.0
63.0 128.0 20.0 10.0
70.0 57.0 20.0 10.0
68.0 130.0 20.0 10.0
101.0 48.0 20.0 10.0
120.0 138.0 20.0 10.0
136.0 52.0 20.0 10.0
58.0 73.0 20.0 10.0
140.0 82.0 20.0 10.0
101.0 134.0 20.0 10.0
154.0 72.0 20.0 10.0
107.0 46.0 20.0 10.0
92.0 38.0 20.0 10.0
133.0 58.0 20.0 10.0
53.0 83.0 20.0 10.0
125.0 115.0 20.0 10.0
60.0 107.0 20.0 10.0
91.0 137.0 20.0 10.0
71.0 54.0 20.0 10.0
120.0 66.0 20.0 10.0
127.0 142.0 20.0 10.0
147.0 111.0 20.0 10.0
73.0 69.0 20.0 10.0
67.0 79.0 20.0 10.0
63.0 95.0 20.0 10.0
92.0 51.0 20.0 10.0
34.0 99.0 20.0 10.0
126.0 94.0 20.0 10.0
59.0 115.0 20.0 10.0
126.0 50.0 20.0 10.0
45.0 108.0 20.0 10.0
74.0 56.0 20.0 10.0
47.0 99.0 20.0 10.0
53.0 86.0 20.0 10.0
47.0 92.0 20.0 10.0
66.0 58.0 20.0 10.0
80.0 59.0 20.0 10.0
55.0 126.0 20.0 10.0
107.0 146.0 20.0 10.0
83.0 132.0 20.0 10.0
78.0 56.0 20.0 10.0
118.0 39.0 20.0 10.0
150.0 90.0 20.0 10.0
107.0 117.0 20.0 10.0
52.0 51.0 20.0 10.0
88.0 127.0 20.0 10.0
42.0 97.0 20.0 10.0
162.0 82.0 20.0 10.0
134.0 118.0 20.0 10.0
140.0 70.0 20.0 10.0
76.0 61.0 20.0 10.0
139.0 60.0 20.0 10.0
121.0 77.0 20.0 10.0
40.0 101.0 20.0 10.0
127.0 126.0 20.0 10.0
63.0 68.0 20.0 10.0
124.0 62.0 20.0 10.0
76.0 126.0 20.0 10.0
105.0 44.0 20.0 10.0
130.0 107.0 20.0 10.0
79.0 37.0 20.0 10.0
61.0 74.0 20.0 10.0
136.0 105.0 20.0 10.0
59.0 56.0 20.0 10.0
52.0 116.0 20.0 10.0
60.0 135.0 20.0 10.0
39.0 111.0 20.0 10.0
58.0 43.0 20.0 10.0
47.0 96.0 20.0 10.0
56.0 137.0 20.0 10.0
46.0 117.0 20.0 10.0
119.0 127.0 20.0 10.0
92.0 146.0 20.0 10.0
111.0 43.0 20.0 10.0
124.0 72.0 20.0 10.0
60.0 120.0 20.0 10.0
31.0 66.0 20.0 10.0
88.0 42.0 20.0 10.0
84.0 147.0 20.0 10.0
97.0 25.0 20.0 10.0
143.0 101.0 20.0 10.0
38.0 93.0 20.0 10.0
65.0 122.0 20.0 10.0
61.0 124.0 20.0 10.0
49.0 117.0 20.0 10.0
52.0 134.0 20.0 10.0
141.0 54.0 20.0 10.0
53.0 101.0 20.0 10.0
144.0 141.0 20.0 10.0
93.0 41.0 20.0 10.0
64.0 102.0 20.0 10.0
101.0 51.0 20.0 10.0
121.0 45.0 20.0 10.0
64.0 99.0 20.0 10.0
69.0 66.0 20.0 10.0
53.0 53.0 20.0 10.0
116.0 137.0 20.0 10.0
122.0 87.0 20.0 10.0
33.0 71.0 20.0 10.0
47.0 63.0 20.0 10.0
99.0 33.0 20.0 10.0
100.0 129.0 20.0 10.0
104.0 143.0 20.0 10.0
76.0 103.0 20.0 10.0
51.0 96.0 20.0 10.0
53.0 147.0 20.0 10.0
55.0 28.0 20.0 10.0
88.0 133.0 20.0 10.0
63.0 54.0 20.0 10.0
150.0 79.0 20.0 10.0
76.0 138.0 20.0 10.0
163.0 99.0 20.0 10.0
144.0 90.0 20.0 10.0
121.0 124.0 20.0 10.0
47.0 93.0 20.0 10.0
119.0 51.0 20.0 10.0
134.0 95.0 20.0 10.0
135.0 90.0 20.0 10.0
153.0 95.0 20.0 10.0
147.0 102.0 20.0 10.0
36.0 72.0 20.0 10.0
100.0 44.0 20.0 10.0
70.0 143.0 20.0 10.0
74.0 145.0 20.0 10.0
74.0 51.0 20.0 10.0
83.0 130.0 20.0 10.0
64.0 140.0 20.0 10.0
87.0 117.0 20.0 10.0
130.0 133.0 20.0 10.0
136.0 102.0 20.0 10.0
80.0 143.0 20.0 10.0
100.0 142.0 20.0 10.0
33.0 130.0 20.0 10.0
125.0 98.0 20.0 10.0
81.0 35.0 20.0 10.0
99.0 47.0 20.0 10.0
60.0 52.0 20.0 10.0
96.0 133.0 20.0 10.0
116.0 124.0 20.0 10.0
136.0 63.0 20.0 10.0
56.0 83.0 20.0 10.0
32.0 125.0 20.0 10.0
125.0 117.0 20.0 10.0
76.0 38.0 20.0 10.0
96.0 44.0 20.0 10.0
136.0 80.0 20.0 10.0
97.0 64.0 20.0 10.0
62.0 50.0 20.0 10.0
115.0 51.0 20.0 10.0
38.0 79.0 20.0 10.0
65.0 67.0 20.0 10.0
154.0 113.0 20.0 10.0
131.0 57.0 20.0 10.0
117.0 56.0 20.0 10.0
102.0 127.0 20.0 10.0
152.0 68.0 20.0 10.0
112.0 133.0 20.0 10.0
89.0 160.0 20.0 10.0
49.0 87.0 20.0 10.0
68.0 71.0 20.0 10.0
112.0 73.0 20.0 10.0
75.0 107.0 20.0 10.0
42.0 90.0 20.0 10.0
41.0 113.0 20.0 10.0
99.0 123.0 20.0 10.0
140.0 95.0 20.0 10.0
50.0 76.0 20.0 10.0
69.0 63.0 20.0 10.0
115.0 82.0 20.0 10.0
140.0 108.0 20.0 10.0
56.0 69.0 20.0 10.0
50.0 112.0 20.0 10.0
62.0 46.0 20.0 10.0
153.0 77.0 20.0 10.0
61.0 36.0 20.0 10.0
83.0 49.0 20.0 10.0
46.0 75.0 20.0 10.0
51.0 44.0 20.0 10.0
120.0 71.0 20.0 10.0
47.0 57.0 20.0 10.0
84.0 65.0 20.0 10.0
83.0 136.0 20.0 10.0
90.0 145.0 20.0 10.0
30.0 50.0 20.0 10.0
130.0 50.0 20.0 10.0
129.0 46.0 20.0 10.0
48.0 114.0 20.0 10.0
41.0 73.0 20.0 10.0
37.0 100.0 20.0 10.0
94.0 138.0 20.0 10.0
70.0 52.0 20.0 10.0
125.0 133.0 20.0 10.0
138.0 150.0 20.0 10.0
76.0 141.0 20.0 10.0
95.0 152.0 20.0 10.0
85.0 42.0 20.0 10.0
107.0 36.0 20.0 10.0
98.0 55.0 20.0 10.0
57.0 126.0 20.0 10.0
131.0 62.0 20.0 10.0
87.0 147.0 20.0 10.0
74.0 114.0 20.0 10.0
52.0 56.0 20.0 10.0
79.0 47.0 20.0 10.0
65.0 148.0 20.0 10.0
88.0 143.0 20.0 10.0
115.0 131.0 20.0 10.0
70.0 38.0 20.0 10.0
137.0 97.0 20.0 10.0
70.0 135.0 20.0 10.0
88.0 123.0 20.0 10.0
42.0 75.0 20.0 10.0
129.0 112.0 20.0 10.0
88.0 151.0 20.0 10.0
109.0 41.0 20.0 10.0
51.0 87.0 20.0 10.0
139.0 91.0 20.0 10.0
53.0 78.0 20.0 10.0
102.0 37.0 20.0 10.0
102.0 34.0 20.0 10.0
58.0 45.0 20.0 10.0
158.0 48.0 20.0 10.0
86.0 54.0 20.0 10.0
137.0 86.0 20.0 10.0
110.0 53.0 20.0 10.0
90.0 32.0 20.0 10.0
118.0 134.0 20.0 10.0
80.0 134.0 20.0 10.0
100.0 150.0 20.0 10.0
142.0 72.0 20.0 10.0
61.0 80.0 20.0 10.0
42.0 106.0 20.0 10.0
48.0 102.0 20.0 10.0
138.0 121.0 20.0 10.0
114.0 52.0 20.0 10.0
148.0 93.0 20.0 10.0
59.0 58.0 20.0 10.0
40.0 95.0 20.0 10.0
52.0 67.0 20.0 10.0
109.0 144.0 20.0 10.0
103.0 50.0 20.0 10.0
119.0 149.0 20.0 10.0
137.0 115.0 20.0 10.0
70.0 44.0 20.0 10.0
100.0 59.0 20.0 10.0
127.0 53.0 20.0 10.0
71.0 130.0 20.0 10.0
54.0 71.0 20.0 10.0
140.0 117.0 20.0 10.0
50.0 69.0 20.0 10.0
127.0 63.0 20.0 10.0
77.0 130.0 20.0 10.0
152.0 97.0 20.0 10.0
144.0 117.0 20.0 10.0
154.0 104.0 20.0 10.0
94.0 33.0 20.0 10.0
54.0 56.0 20.0 10.0
93.0 104.0 20.0 10.0
82.0 50.0 20.0 10.0
49.0 47.0 20.0 10.0
74.0 148.0 20.0 10.0
146.0 135.0 20.0 10.0
113.0 37.0 20.0 10.0
56.0 57.0 20.0 10.0
134.0 128.0 20.0 10.0
62.0 104.0 20.0 10.0
138.0 67.0 20.0 10.0
72.0 62.0 20.0 10.0
143.0 114.0 20.0 10.0
136.0 48.0 20.0 10.0
59.0 141.0 20.0 10.0
145.0 106.0 20.0 10.0
99.0 146.0 20.0 10.0
70.0 82.0 20.0 10.0
112.0 136.0 20.0 10.0
115.0 41.0 20.0 10.0
91.0 45.0 20.0 10.0
103.0 31.0 20.0 10.0
116.0 56.0 20.0 10.0
76.0 133.0 20.0 10.0
144.0 98.0 20.0 10.0
145.0 84.0 20.0 10.0
51.0 70.0 20.0 10.0
96.0 138.0 20.0 10.0
151.0 127.0 20.0 10.0
131.0 35.0 20.0 10.0
40.0 89.0 20.0 10.0
60.099998474121094 70.0 20.0 10.0
110.0 152.0 20.0 10.0
64.0 34.0 20.0 10.0
65.0 114.0 20.0 10.0
65.0 42.0 20.0 10.0
118.0 113.0 20.0 10.0
54.0 92.0 20.0 10.0
38.0 84.0 20.0 10.0
98.0 138.0 20.0 10.0
140.0 136.0 20.0 10.0
37.0 94.0 20.0 10.0
45.0 104.0 20.0 10.0
78.0 138.0 20.0 10.0
159.0 138.0 20.0 10.0
65.0 128.0 20.0 10.0
38.0 77.0 20.0 10.0
92.0 47.0 20.0 10.0
132.0 86.0 20.0 10.0
104.0 56.0 20.0 10.0
121.0 93.0 20.0 10.0
92.0 140.0 20.0 10.0
91.0 30.0 20.0 10.0
100.0 136.0 20.0 10.0
45.0 112.0 20.0 10.0
60.0 102.0 20.0 10.0
48.0 81.0 20.0 10.0
62.0 87.0 20.0 10.0
108.0 38.0 20.0 10.0
121.0 133.0 20.0 10.0
122.0 59.0 20.0 10.0
108.0 141.0 20.0 10.0
136.0 74.0 20.0 10.0
73.0 119.0 20.0 10.0
123.0 103.0 20.0 10.0
156.0 80.0 20.0 10.0
93.0 130.0 20.0 10.0
53.0 89.0 20.0 10.0
41.0 131.0 20.0 10.0
25.0 99.0 20.0 10.0
86.0 140.0 20.0 10.0
67.0 61.0 20.0 10.0
45.0 53.0 20.0 10.0
86.0 126.0 20.0 10.0
82.0 123.0 20.0 10.0
