1000
87.0 144.0 20.0 10.0
153.0 162.0 20.0 10.0
137.0 81.0 20.0 10.0
171.0 125.0 20.0 10.0
151.0 125.0 20.0 10.0
108.0 98.0 20.0 10.0
74.0 149.0 20.0 10.0
159.0 105.0 20.0 10.0
136.0 95.0 20.0 10.0
183.0 131.0 20.0 10.0
121.0 137.0 20.0 10.0
152.0 71.0 20.0 10.0
142.0 111.0 20.0 10.0
102.0 104.0 20.0 10.0
89.0 149.0 20.0 10.0
212.0 125.0 20.0 10.0
191.0 112.0 20.0 10.0
154.0 80.0 20.0 10.0
162.0 78.0 20.0 10.0
129.0 78.0 20.0 10.0
82.0 131.0 20.0 10.0
122.0 155.0 20.0 10.0
194.0 135.0 20.0 10.0
139.0 62.0 20.0 10.0
145.0 92.0 20.0 10.0
103.0 133.0 20.0 10.0
145.0 172.0 20.0 10.0
172.0 152.0 20.0 10.0
121.0 123.0 20.0 10.0
163.0 105.0 20.0 10.0
141.0 75.0 20.0 10.0
121.0 100.0 20.0 10.0
109.0 104.0 20.0 10.0
88.0 116.0 20.0 10.0
140.0 78.0 20.0 10.0
109.0 156.0 20.0 10.0
148.0 74.0 20.0 10.0
95.0 92.0 20.0 10.0
132.0 162.0 20.0 10.0
163.0 51.0 20.0 10.0
68.0 83.0 20.0 10.0
75.0 77.0 20.0 10.0
144.0 119.0 20.0 10.0
95.0 164.0 20.0 10.0
117.0 78.0 20.0 10.0
151.0 104.0 20.0 10.0
165.0 98.0 20.0 10.0
99.0 104.0 20.0 10.0
135.0 126.0 20.0 10.0
120.0 171.0 20.0 10.0
68.0 119.0 20.0 10.0
200.0 155.0 20.0 10.0
162.0 63.0 20.0 10.0
87.0 108.0 20.0 10.0
135.0 128.0 20.0 10.0
114.0 106.0 20.0 10.0
124.0 152.0 20.0 10.0
159.0 162.0 20.0 10.0
129.0 77.0 20.0 10.0
141.0 68.0 20.0 10.0
106.0 153.0 20.0 10.0
118.0 129.0 20.0 10.0
141.0 136.0 20.0 10.0
98.0 70.0 20.0 10.0
128.0 125.0 20.0 10.0
80.0 115.0 20.0 10.0
164.0 143.0 20.0 10.0
139.0 133.0 20.0 10.0
113.0 126.0 20.0 10.0
109.0 165.0 20.0 10.0
125.0 115.0 20.0 10.0
109.0 140.0 20.0 10.0
153.0 145.0 20.0 10.0
114.0 103.0 20.0 10.0
137.0 138.0 20.0 10.0
137.0 174.0 20.0 10.0
161.0 33.0 20.0 10.0
131.0 165.0 20.0 10.0
168.0 78.0 20.0 10.0
152.0 45.0 20.0 10.0
99.0 142.0 20.0 10.0
116.0 133.0 20.0 10.0
171.0 91.0 20.0 10.0
129.0 159.0 20.0 10.0
73.0 139.0 20.0 10.0
88.0 170.0 20.0 10.0
137.0 103.0 20.0 10.0
79.0 103.0 20.0 10.0
117.0 120.0 20.0 10.0
150.0 158.0 20.0 10.0
95.0 129.0 20.0 10.0
170.0 129.0 20.0 10.0
168.0 153.0 20.0 10.0
112.0 101.0 20.0 10.0
99.0 94.0 20.0 10.0
123.0 139.0 20.0 10.0
163.0 125.0 20.0 10.0
95.0 132.0 20.0 10.0
127.0 87.0 20.0 10.0
133.0 149.0 20.0 10.0
114.0 129.0 20.0 10.0
166.0 118.0 20.0 10.0
143.0 128.0 20.0 10.0
145.0 98.0 20.0 10.0
98.0 79.0 20.0 10.0
115.0 153.0 20.0 10.0
119.0 155.0 20.0 10.0
121.0 118.0 20.0 10.0
127.0 83.0 20.0 10.0
122.0 88.0 20.0 10.0
149.0 125.0 20.0 10.0
121.0 94.0 20.0 10.0
145.0 145.0 20.0 10.0
114.0 139.0 20.0 10.0
161.0 148.0 20.0 10.0
99.0 121.0 20.0 10.0
121.0 109.0 20.0 10.0
158.0 150.0 20.0 10.0
162.0 141.0 20.0 10.0
192.0 129.0 20.0 10.0
161.0 129.0 20.0 10.0
132.0 96.0 20.0 10.0
158.0 97.0 20.0 10.0
126.0 120.0 20.0 10.0
135.0 142.0 20.0 10.0
134.0 146.0 20.0 10.0
108.0 107.0 20.0 10.0
103.0 167.0 20.0 10.0
124.0 119.0 20.0 10.0
145.0 107.0 20.0 10.0
103.0 120.0 20.0 10.0
135.0 193.0 20.0 10.0
165.0 114.0 20.0 10.0
113.0 76.0 20.0 10.0
123.0 117.0 20.0 10.0
88.0 130.0 20.0 10.0
149.0 76.0 20.0 10.0
92.0 100.0 20.0 10.0
142.0 103.0 20.0 10.0
101.0 94.0 20.0 10.0
153.0 120.0 20.0 10.0
117.0 122.0 20.0 10.0
125.0 67.0 20.0 10.0
102.0 160.0 20.0 10.0
153.0 141.0 20.0 10.0
135.0 162.0 20.0 10.0
127.0 146.0 20.0 10.0
159.0 121.0 20.0 10.0
110.0 82.0 20.0 10.0
117.0 91.0 20.0 10.0
191.0 173.0 20.0 10.0
159.0 112.0 20.0 10.0
132.0 166.0 20.0 10.0
148.0 106.0 20.0 10.0
136.0 93.0 20.0 10.0
98.0 164.0 20.0 10.0
83.0 116.0 20.0 10.0
138.0 182.0 20.0 10.0
134.0 110.0 20.0 10.0
178.0 141.0 20.0 10.0
167.0 157.0 20.0 10.0
94.0 126.0 20.0 10.0
144.0 115.0 20.0 10.0
107.0 115.0 20.0 10.0
83.0 110.0 20.0 10.0
156.0 120.0 20.0 10.0
122.0 121.0 20.0 10.0
154.0 105.0 20.0 10.0
84.0 76.0 20.0 10.0
153.0 164.0 20.0 10.0
101.0 92.0 20.0 10.0
139.0 136.0 20.0 10.0
171.0 120.0 20.0 10.0
94.0 104.0 20.0 10.0
143.0 125.0 20.0 10.0
135.0 156.0 20.0 10.0
63.0 118.0 20.0 10.0
118.0 72.0 20.0 10.0
148.0 110.0 20.0 10.0
85.0 86.0 20.0 10.0
164.0 168.0 20.0 10.0
100.0 100.0 20.0 10.0
115.0 175.0 20.0 10.0
147.0 97.0 20.0 10.0
119.0 137.0 20.0 10.0
121.0 172.0 20.0 10.0
130.0 93.0 20.0 10.0
129.0 132.0 20.0 10.0
164.0 111.0 20.0 10.0
140.0 116.0 20.0 10.0
136.0 71.0 20.0 10.0
146.0 131.0 20.0 10.0
169.0 120.0 20.0 10.0
89.0 135.0 20.0 10.0
103.0 141.0 20.0 10.0
190.0 145.0 20.0 10.0
146.0 59.0 20.0 10.0
202.0 107.0 20.0 10.0
136.0 106.0 20.0 10.0
136.0 164.0 20.0 10.0
115.0 157.0 20.0 10.0
94.0 122.0 20.0 10.0
136.0 85.0 20.0 10.0
145.0 112.0 20.0 10.0
78.0 124.0 20.0 10.0
106.0 101.0 20.0 10.0
150.0 151.0 20.0 10.0
93.0 113.0 20.0 10.0
174.0 127.0 20.0 10.0
153.0 173.0 20.0 10.0
131.0 98.0 20.0 10.0
85.0 79.0 20.0 10.0
123.0 132.0 20.0 10.0
106.0 134.0 20.0 10.0
82.0 127.0 20.0 10.0
95.0 102.0 20.0 10.0
76.0 123.0 20.0 10.0
105.0 164.0 20.0 10.0
103.0 137.0 20.0 10.0
181.0 72.0 20.0 10.0
138.0 151.0 20.0 10.0
166.0 137.0 20.0 10.0
124.0 147.0 20.0 10.0
138.0 143.0 20.0 10.0
157.0 152.0 20.0 10.0
96.0 87.0 20.0 10.0
112.0 106.0 20.0 10.0
109.0 146.0 20.0 10.0
176.0 121.0 20.0 10.0
106.0 175.0 20.0 10.0
149.0 166.0 20.0 10.0
128.0 140.0 20.0 10.0
58.0 163.0 20.0 10.0
127.0 96.0 20.0 10.0
84.0 88.0 20.0 10.0
81.0 99.0 20.0 10.0
161.0 139.0 20.0 10.0
129.0 68.0 20.0 10.0
99.0 137.0 20.0 10.0
79.0 127.0 20.0 10.0
140.0 126.0 20.0 10.0
129.0 99.0 20.0 10.0
101.0 164.0 20.0 10.0
176.0 113.0 20.0 10.0
126.0 108.0 20.0 10.0
122.0 131.0 20.0 10.0
163.0 135.0 20.0 10.0
102.0 144.0 20.0 10.0
178.0 114.0 20.0 10.0
131.0 135.0 20.0 10.0
113.0 86.0 20.0 10.0
129.0 84.0 20.0 10.0
116.0 124.0 20.0 10.0
158.0 154.0 20.0 10.0
115.0 110.0 20.0 10.0
201.0 96.0 20.0 10.0
160.0 94.0 20.0 10.0
92.0 167.0 20.0 10.0
173.0 121.0 20.0 10.0
94.0 100.0 20.0 10.0
68.0 104.0 20.0 10.0
86.0 99.0 20.0 10.0
129.0 122.0 20.0 10.0
147.0 149.0 20.0 10.0
145.0 109.0 20.0 10.0
128.0 179.0 20.0 10.0
150.0 136.0 20.0 10.0
107.0 127.0 20.0 10.0
100.0 89.0 20.0 10.0
83.0 83.0 20.0 10.0
111.0 73.0 20.0 10.0
145.0 164.0 20.0 10.0
129.0 51.0 20.0 10.0
145.0 89.0 20.0 10.0
126.0 127.0 20.0 10.0
114.0 80.0 20.0 10.0
118.0 61.0 20.0 10.0
109.0 111.0 20.0 10.0
74.0 91.0 20.0 10.0
89.0 106.0 20.0 10.0
119.0 90.0 20.0 10.0
118.0 150.0 20.0 10.0
93.0 103.0 20.0 10.0
81.0 168.0 20.0 10.0
150.0 99.0 20.0 10.0
165.0 84.0 20.0 10.0
166.0 103.0 20.0 10.0
107.0 167.0 20.0 10.0
70.0 86.0 20.0 10.0
162.0 102.0 20.0 10.0
151.0 146.0 20.0 10.0
117.0 167.0 20.0 10.0
106.0 207.0 20.0 10.0
155.0 131.0 20.0 10.0
140.0 130.0 20.0 10.0
136.0 133.0 20.0 10.0
73.0 141.0 20.0 10.0
177.0 75.0 20.0 10.0
121.0 112.0 20.0 10.0
115.0 161.0 20.0 10.0
131.0 127.0 20.0 10.0
153.0 128.0 20.0 10.0
105.0 59.0 20.0 10.0
146.0 117.0 20.0 10.0
132.0 129.0 20.0 10.0
95.0 162.0 20.0 10.0
186.0 84.0 20.0 10.0
111.0 88.0 20.0 10.0
120.0 141.0 20.0 10.0
140.0 83.0 20.0 10.0
184.0 123.0 20.0 10.0
119.0 96.0 20.0 10.0
126.0 139.0 20.0 10.0
127.0 166.0 20.0 10.0
129.0 116.0 20.0 10.0
142.0 185.0 20.0 10.0
130.0 57.0 20.0 10.0
165.0 77.0 20.0 10.0
111.0 101.0 20.0 10.0
113.0 120.0 20.0 10.0
118.0 153.0 20.0 10.0
132.0 121.0 20.0 10.0
117.0 144.0 20.0 10.0
134.0 140.0 20.0 10.0
155.0 148.0 20.0 10.0
111.0 98.0 20.0 10.0
124.0 92.0 20.0 10.0
118.0 118.0 20.0 10.0
171.0 149.0 20.0 10.0
159.0 100.0 20.0 10.0
102.0 119.0 20.0 10.0
137.0 147.0 20.0 10.0
99.0 144.0 20.0 10.0
113.0 168.0 20.0 10.0
154.0 138.0 20.0 10.0
160.0 93.0 20.0 10.0
109.0 120.0 20.0 10.0
109.0 114.0 20.0 10.0
106.0 106.0 20.0 10.0
154.0 115.0 20.0 10.0
157.0 101.0 20.0 10.0
119.0 165.0 20.0 10.0
98.0 111.0 20.0 10.0
160.0 146.0 20.0 10.0
135.0 89.0 20.0 10.0
143.0 90.0 20.0 10.0
104.0 107.0 20.0 10.0
143.0 133.0 20.0 10.0
114.0 34.0 20.0 10.0
166.0 132.0 20.0 10.0
114.0 137.0 20.0 10.0
101.0 176.0 20.0 10.0
137.0 153.0 20.0 10.0
153.0 103.0 20.0 10.0
130.0 178.0 20.0 10.0
136.0 151.0 20.0 10.0
103.0 150.0 20.0 10.0
151.0 103.0 20.0 10.0
158.0 91.0 20.0 10.0
101.0 110.0 20.0 10.0
145.0 134.0 20.0 10.0
169.0 171.0 20.0 10.0
175.0 154.0 20.0 10.0
135.0 113.0 20.0 10.0
156.0 137.0 20.0 10.0
98.0 180.0 20.0 10.0
141.0 84.0 20.0 10.0
126.0 118.0 20.0 10.0
168.0 147.0 20.0 10.0
64.0 165.0 20.0 10.0
108.0 160.0 20.0 10.0
126.0 103.0 20.0 10.0
158.0 110.0 20.0 10.0
205.0 95.0 20.0 10.0
108.0 86.0 20.0 10.0
111.0 46.0 20.0 10.0
139.0 118.0 20.0 10.0
99.0 61.0 20.0 10.0
132.0 125.0 20.0 10.0
122.0 158.0 20.0 10.0
127.0 152.0 20.0 10.0
127.0 122.0 20.0 10.0
156.0 112.0 20.0 10.0
133.0 131.0 20.0 10.0
59.0 97.0 20.0 10.0
150.0 101.0 20.0 10.0
146.0 138.0 20.0 10.0
116.0 126.0 20.0 10.0
136.0 127.0 20.0 10.0
177.0 146.0 20.0 10.0
102.0 125.0 20.0 10.0
148.0 84.0 20.0 10.0
184.0 102.0 20.0 10.0
141.0 129.0 20.0 10.0
138.0 70.0 20.0 10.0
115.0 92.0 20.0 10.0
173.0 142.0 20.0 10.0
135.0 79.0 20.0 10.0
128.0 106.0 20.0 10.0
90.0 96.0 20.0 10.0
91.0 143.0 20.0 10.0
133.0 155.0 20.0 10.0
165.0 102.0 20.0 10.0
99.0 98.0 20.0 10.0
131.0 190.0 20.0 10.0
108.0 83.0 20.0 10.0
105.0 140.0 20.0 10.0
93.0 148.0 20.0 10.0
106.0 74.0 20.0 10.0
153.0 142.0 20.0 10.0
146.0 152.0 20.0 10.0
60.0 70.0 20.0 10.0
167.0 95.0 20.0 10.0
125.0 83.0 20.0 10.0
91.0 73.0 20.0 10.0
126.0 133.0 20.0 10.0
85.0 107.0 20.0 10.0
92.0 157.0 20.0 10.0
129.0 129.0 20.0 10.0
92.0 136.0 20.0 10.0
97.0 126.0 20.0 10.0
96.0 84.0 20.0 10.0
88.0 97.0 20.0 10.0
133.0 82.0 20.0 10.0
115.0 164.0 20.0 10.0
96.0 153.0 20.0 10.0
144.0 178.0 20.0 10.0
180.0 106.0 20.0 10.0
121.0 103.0 20.0 10.0
126.0 90.0 20.0 10.0
118.0 128.0 20.0 10.0
138.0 203.0 20.0 10.0
86.0 142.0 20.0 10.0
111.0 96.0 20.0 10.0
120.0 125.0 20.0 10.0
170.0 151.0 20.0 10.0
163.0 93.0 20.0 10.0
91.0 131.0 20.0 10.0
142.0 83.0 20.0 10.0
119.0 86.0 20.0 10.0
123.0 160.0 20.0 10.0
106.0 90.0 20.0 10.0
148.0 164.0 20.0 10.0
115.0 170.0 20.0 10.0
123.0 83.0 20.0 10.0
173.0 139.0 20.0 10.0
132.0 113.0 20.0 10.0
109.0 151.0 20.0 10.0
140.0 137.0 20.0 10.0
82.0 138.0 20.0 10.0
101.0 138.0 20.0 10.0
90.0 156.0 20.0 10.0
140.0 167.0 20.0 10.0
160.0 117.0 20.0 10.0
170.0 141.0 20.0 10.0
115.0 130.0 20.0 10.0
103.0 111.0 20.0 10.0
78.0 83.0 20.0 10.0
193.0 121.0 20.0 10.0
92.0 155.0 20.0 10.0
115.0 158.0 20.0 10.0
123.0 94.0 20.0 10.0
63.0 124.0 20.0 10.0
119.0 157.0 20.0 10.0
163.0 151.0 20.0 10.0
100.0 140.0 20.0 10.0
165.0 155.0 20.0 10.0
109.0 132.0 20.0 10.0
99.0 113.0 20.0 10.0
135.0 92.0 20.0 10.0
91.0 138.0 20.0 10.0
87.0 104.0 20.0 10.0
135.0 124.0 20.0 10.0
177.0 81.0 20.0 10.0
121.0 153.0 20.0 10.0
124.0 175.0 20.0 10.0
177.0 137.0 20.0 10.0
155.0 126.0 20.0 10.0
121.0 182.0 20.0 10.0
161.0 91.0 20.0 10.0
134.0 132.0 20.0 10.0
90.0 91.0 20.0 10.0
153.0 86.0 20.0 10.0
182.0 108.0 20.0 10.0
162.0 127.0 20.0 10.0
117.0 143.0 20.0 10.0
124.0 107.0 20.0 10.0
101.0 131.0 20.0 10.0
170.0 164.0 20.0 10.0
119.0 101.0 20.0 10.0
120.0 65.0 20.0 10.0
167.0 142.0 20.0 10.0
143.0 168.0 20.0 10.0
148.0 145.0 20.0 10.0
128.0 91.0 20.0 10.0
150.0 140.0 20.0 10.0
105.0 79.0 20.0 10.0
145.0 81.0 20.0 10.0
101.0 117.0 20.0 10.0
140.0 156.0 20.0 10.0
98.0 58.0 20.0 10.0
132.0 143.0 20.0 10.0
144.0 85.0 20.0 10.0
186.0 142.0 20.0 10.0
181.0 120.0 20.0 10.0
107.0 118.0 20.0 10.0
187.0 147.0 20.0 10.0
121.0 183.0 20.0 10.0
162.0 97.0 20.0 10.0
93.0 134.0 20.0 10.0
105.0 109.0 20.0 10.0
133.0 89.0 20.0 10.0
62.0 143.0 20.0 10.0
119.0 102.0 20.0 10.0
126.0 99.0 20.0 10.0
134.0 168.0 20.0 10.0
76.0 92.0 20.0 10.0
140.0 108.0 20.0 10.0
134.0 106.0 20.0 10.0
105.0 131.0 20.0 10.0
121.0 121.0 20.0 10.0
114.0 96.0 20.0 10.0
141.0 122.0 20.0 10.0
157.0 80.0 20.0 10.0
125.0 122.0 20.0 10.0
120.0 145.0 20.0 10.0
85.0 153.0 20.0 10.0
175.0 184.0 20.0 10.0
72.0 165.0 20.0 10.0
140.0 90.0 20.0 10.0
137.0 111.0 20.0 10.0
168.0 101.0 20.0 10.0
142.0 155.0 20.0 10.0
135.0 123.0 20.0 10.0
71.0 96.0 20.0 10.0
104.0 99.0 20.0 10.0
129.0 162.0 20.0 10.0
137.0 149.0 20.0 10.0
97.0 147.0 20.0 10.0
140.0 105.0 20.0 10.0
173.0 105.0 20.0 10.0
127.0 149.0 20.0 10.0
98.0 65.0 20.0 10.0
162.0 157.0 20.0 10.0
134.0 136.0 20.0 10.0
137.0 160.0 20.0 10.0
135.0 144.0 20.0 10.0
111.0 81.0 20.0 10.0
121.0 161.0 20.0 10.0
171.0 128.0 20.0 10.0
101.0 149.0 20.0 10.0
143.0 99.0 20.0 10.0
176.0 106.0 20.0 10.0
96.0 141.0 20.0 10.0
124.0 125.0 20.0 10.0
108.0 103.0 20.0 10.0
179.0 117.0 20.0 10.0
158.0 174.0 20.0 10.0
146.0 157.0 20.0 10.0
74.0 143.0 20.0 10.0
202.0 169.0 20.0 10.0
146.0 143.0 20.0 10.0
165.0 141.0 20.0 10.0
91.0 123.0 20.0 10.0
156.0 86.0 20.0 10.0
168.0 130.0 20.0 10.0
129.0 120.0 20.0 10.0
109.0 100.0 20.0 10.0
171.0 130.0 20.0 10.0
169.0 96.0 20.0 10.0
172.0 109.0 20.0 10.0
148.0 131.0 20.0 10.0
121.0 98.0 20.0 10.0
103.0 95.0 20.0 10.0
110.0 116.0 20.0 10.0
184.0 83.0 20.0 10.0
118.0 83.0 20.0 10.0
123.0 185.0 20.0 10.0
122.0 114.0 20.0 10.0
151.0 134.0 20.0 10.0
140.0 99.0 20.0 10.0
182.0 138.0 20.0 10.0
115.0 143.0 20.0 10.0
113.0 92.0 20.0 10.0
150.0 111.0 20.0 10.0
124.0 116.0 20.0 10.0
137.0 91.0 20.0 10.0
139.0 117.0 20.0 10.0
143.0 122.0 20.0 10.0
136.0 139.0 20.0 10.0
120.0 131.0 20.0 10.0
141.0 131.0 20.0 10.0
156.0 108.0 20.0 10.0
149.0 121.0 20.0 10.0
92.0 146.0 20.0 10.0
111.0 179.0 20.0 10.0
89.0 99.0 20.0 10.0
68.0 128.0 20.0 10.0
117.0 117.0 20.0 10.0
155.0 181.0 20.0 10.0
144.0 93.0 20.0 10.0
150.0 143.0 20.0 10.0
191.0 55.0 20.0 10.0
114.0 125.0 20.0 10.0
86.0 113.0 20.0 10.0
137.0 124.0 20.0 10.0
94.0 94.0 20.0 10.0
112.0 146.0 20.0 10.0
148.0 121.0 20.0 10.0
123.0 98.0 20.0 10.0
104.0 102.0 20.0 10.0
115.0 113.0 20.0 10.0
115.0 122.0 20.0 10.0
134.0 152.0 20.0 10.0
141.0 158.0 20.0 10.0
142.0 99.0 20.0 10.0
132.0 86.0 20.0 10.0
124.0 128.0 20.0 10.0
109.0 127.0 20.0 10.0
87.0 102.0 20.0 10.0
123.0 103.0 20.0 10.0
99.0 152.0 20.0 10.0
128.0 111.0 20.0 10.0
124.0 167.0 20.0 10.0
114.0 186.0 20.0 10.0
137.0 130.0 20.0 10.0
118.0 100.0 20.0 10.0
153.0 91.0 20.0 10.0
133.0 175.0 20.0 10.0
107.0 92.0 20.0 10.0
155.0 133.0 20.0 10.0
133.0 99.0 20.0 10.0
108.0 129.0 20.0 10.0
146.0 175.0 20.0 10.0
132.0 104.0 20.0 10.0
98.0 123.0 20.0 10.0
166.0 107.0 20.0 10.0
140.0 97.0 20.0 10.0
111.0 151.0 20.0 10.0
146.0 140.0 20.0 10.0
117.0 88.0 20.0 10.0
138.0 107.0 20.0 10.0
169.0 111.0 20.0 10.0
133.0 71.0 20.0 10.0
136.0 142.0 20.0 10.0
79.0 162.0 20.0 10.0
116.0 81.0 20.0 10.0
119.0 108.0 20.0 10.0
113.0 123.0 20.0 10.0
150.0 142.0 20.0 10.0
121.0 80.0 20.0 10.0
100.0 107.0 20.0 10.0
149.0 97.0 20.0 10.0
81.0 118.0 20.0 10.0
166.0 57.0 20.0 10.0
168.0 94.0 20.0 10.0
156.0 115.0 20.0 10.0
111.0 143.0 20.0 10.0
123.0 141.0 20.0 10.0
103.0 157.0 20.0 10.0
115.0 101.0 20.0 10.0
116.0 96.0 20.0 10.0
70.0 114.0 20.0 10.0
103.0 81.0 20.0 10.0
146.0 169.0 20.0 10.0
150.0 128.0 20.0 10.0
155.0 110.0 20.0 10.0
156.0 95.0 20.0 10.0
70.0 109.0 20.0 10.0
169.0 85.0 20.0 10.0
127.0 147.0 20.0 10.0
144.0 79.0 20.0 10.0
107.0 126.0 20.0 10.0
83.0 135.0 20.0 10.0
141.0 150.0 20.0 10.0
97.0 169.0 20.0 10.0
135.0 97.0 20.0 10.0
100.0 134.0 20.0 10.0
72.0 124.0 20.0 10.0
142.0 109.0 20.0 10.0
128.0 136.0 20.0 10.0
105.0 87.0 20.0 10.0
192.0 116.0 20.0 10.0
152.0 153.0 20.0 10.0
167.0 90.0 20.0 10.0
61.0 110.0 20.0 10.0
173.0 108.0 20.0 10.0
95.0 143.0 20.0 10.0
81.0 93.0 20.0 10.0
134.0 186.0 20.0 10.0
81.0 129.0 20.0 10.0
148.0 117.0 20.0 10.0
134.0 86.0 20.0 10.0
78.0 146.0 20.0 10.0
129.0 105.0 20.0 10.0
143.0 50.0 20.0 10.0
132.0 112.0 20.0 10.0
134.0 101.0 20.0 10.0
137.0 120.0 20.0 10.0
109.0 93.0 20.0 10.0
118.0 58.0 20.0 10.0
99.0 105.0 20.0 10.0
113.0 130.0 20.0 10.0
117.0 136.0 20.0 10.0
131.0 116.0 20.0 10.0
130.0 89.0 20.0 10.0
146.0 76.0 20.0 10.0
180.0 112.0 20.0 10.0
102.0 87.0 20.0 10.0
112.0 118.0 20.0 10.0
88.0 122.0 20.0 10.0
85.0 161.0 20.0 10.0
133.0 122.0 20.0 10.0
189.0 116.0 20.0 10.0
136.0 108.0 20.0 10.0
156.0 166.0 20.0 10.0
107.0 96.0 20.0 10.0
123.0 70.0 20.0 10.0
112.0 78.0 20.0 10.0
90.0 160.0 20.0 10.0
161.0 119.0 20.0 10.0
83.0 93.0 20.0 10.0
155.0 101.0 20.0 10.0
151.0 156.0 20.0 10.0
110.0 123.0 20.0 10.0
123.0 135.0 20.0 10.0
153.0 114.0 20.0 10.0
107.0 170.0 20.0 10.0
164.0 188.0 20.0 10.0
128.0 109.0 20.0 10.0
121.0 135.0 20.0 10.0
132.0 108.0 20.0 10.0
117.0 162.0 20.0 10.0
154.0 73.0 20.0 10.0
98.0 131.0 20.0 10.0
134.0 102.0 20.0 10.0
92.0 84.0 20.0 10.0
120.0 82.0 20.0 10.0
102.0 123.0 20.0 10.0
124.0 155.0 20.0 10.0
129.0 167.0 20.0 10.0
88.0 127.0 20.0 10.0
157.0 72.0 20.0 10.0
76.0 131.0 20.0 10.0
90.0 117.0 20.0 10.0
111.0 112.0 20.0 10.0
113.0 161.0 20.0 10.0
125.0 148.0 20.0 10.0
127.0 138.0 20.0 10.0
131.0 99.0 20.0 10.0
180.0 178.0 20.0 10.0
142.0 107.0 20.0 10.0
140.0 142.0 20.0 10.0
131.0 119.0 20.0 10.0
82.0 201.0 20.0 10.0
125.0 135.0 20.0 10.0
120.0 70.0 20.0 10.0
73.0 128.0 20.0 10.0
108.0 180.0 20.0 10.0
162.0 25.0 20.0 10.0
118.0 177.0 20.0 10.0
139.0 102.0 20.0 10.0
121.0 78.0 20.0 10.0
159.0 120.0 20.0 10.0
149.0 103.0 20.0 10.0
105.0 133.0 20.0 10.0
112.0 138.0 20.0 10.0
152.0 123.0 20.0 10.0
144.0 155.0 20.0 10.0
104.0 159.0 20.0 10.0
119.0 147.0 20.0 10.0
142.0 177.0 20.0 10.0
70.0 122.0 20.0 10.0
175.0 45.0 20.0 10.0
114.0 89.0 20.0 10.0
147.0 126.0 20.0 10.0
110.0 118.0 20.0 10.0
94.0 98.0 20.0 10.0
170.0 134.0 20.0 10.0
89.0 125.0 20.0 10.0
123.0 110.0 20.0 10.0
104.0 116.0 20.0 10.0
145.0 123.0 20.0 10.0
98.0 170.0 20.0 10.0
148.0 160.0 20.0 10.0
148.0 79.0 20.0 10.0
119.0 114.0 20.0 10.0
129.0 126.0 20.0 10.0
95.0 135.0 20.0 10.0
160.0 159.0 20.0 10.0
135.0 64.0 20.0 10.0
142.0 128.0 20.0 10.0
131.0 139.0 20.0 10.0
167.0 75.0 20.0 10.0
44.0 87.0 20.0 10.0
171.0 106.0 20.0 10.0
100.0 97.0 20.0 10.0
111.0 154.0 20.0 10.0
99.0 159.0 20.0 10.0
81.0 104.0 20.0 10.0
161.0 86.0 20.0 10.0
97.0 55.0 20.0 10.0
103.0 114.0 20.0 10.0
190.0 125.0 20.0 10.0
125.0 102.0 20.0 10.0
102.0 146.0 20.0 10.0
141.0 110.0 20.0 10.0
85.0 148.0 20.0 10.0
131.0 142.0 20.0 10.0
104.0 139.0 20.0 10.0
151.0 96.0 20.0 10.0
98.0 129.0 20.0 10.0
104.0 128.0 20.0 10.0
143.0 208.0 20.0 10.0
90.0 114.0 20.0 10.0
157.0 118.0 20.0 10.0
182.0 149.0 20.0 10.0
117.0 156.0 20.0 10.0
129.0 151.0 20.0 10.0
178.0 129.0 20.0 10.0
166.0 46.0 20.0 10.0
68.0 110.0 20.0 10.0
85.0 117.0 20.0 10.0
137.0 135.0 20.0 10.0
124.0 127.0 20.0 10.0
166.0 122.0 20.0 10.0
60.0 211.0 20.0 10.0
220.0 153.0 20.0 10.0
153.0 112.0 20.0 10.0
128.0 142.0 20.0 10.0
125.0 125.0 20.0 10.0
157.0 124.0 20.0 10.0
85.0 104.0 20.0 10.0
48.0 117.0 20.0 10.0
153.0 154.0 20.0 10.0
92.0 140.0 20.0 10.0
147.0 65.0 20.0 10.0
84.0 67.0 20.0 10.0
94.0 117.0 20.0 10.0
57.0 105.0 20.0 10.0
128.0 81.0 20.0 10.0
151.0 82.0 20.0 10.0
104.0 152.0 20.0 10.0
98.0 149.0 20.0 10.0
100.0 127.0 20.0 10.0
138.0 122.0 20.0 10.0
116.0 99.0 20.0 10.0
108.0 150.0 20.0 10.0
88.0 87.0 20.0 10.0
129.0 101.0 20.0 10.0
94.0 112.0 20.0 10.0
126.0 142.0 20.0 10.0
101.0 112.0 20.0 10.0
145.0 148.0 20.0 10.0
172.0 101.0 20.0 10.0
136.0 77.0 20.0 10.0
158.0 84.0 20.0 10.0
141.0 114.0 20.0 10.0
148.0 129.0 20.0 10.0
132.0 123.0 20.0 10.0
81.0 142.0 20.0 10.0
94.0 108.0 20.0 10.0
94.0 79.0 20.0 10.0
72.0 101.0 20.0 10.0
46.0 112.0 20.0 10.0
88.0 179.0 20.0 10.0
106.0 137.0 20.0 10.0
97.0 105.0 20.0 10.0
97.0 123.0 20.0 10.0
85.0 140.0 20.0 10.0
113.0 116.0 20.0 10.0
119.0 105.0 20.0 10.0
135.0 115.0 20.0 10.0
136.0 119.0 20.0 10.0
171.0 143.0 20.0 10.0
161.0 113.0 20.0 10.0
76.0 168.0 20.0 10.0
149.0 89.0 20.0 10.0
179.0 147.0 20.0 10.0
122.0 145.0 20.0 10.0
115.0 94.0 20.0 10.0
164.0 128.0 20.0 10.0
114.0 147.0 20.0 10.0
90.0 134.0 20.0 10.0
74.0 174.0 20.0 10.0
107.0 121.0 20.0 10.0
118.0 133.0 20.0 10.0
152.0 131.0 20.0 10.0
126.0 137.0 20.0 10.0
139.0 176.0 20.0 10.0
128.0 156.0 20.0 10.0
91.0 89.0 20.0 10.0
79.0 108.0 20.0 10.0
70.0 152.0 20.0 10.0
80.0 154.0 20.0 10.0
158.0 75.0 20.0 10.0
147.0 100.0 20.0 10.0
85.0 100.0 20.0 10.0
118.0 111.0 20.0 10.0
92.0 78.0 20.0 10.0
181.0 88.0 20.0 10.0
127.0 69.0 20.0 10.0
158.0 136.0 20.0 10.0
95.0 167.0 20.0 10.0
147.0 148.0 20.0 10.0
158.0 130.0 20.0 10.0
134.0 148.0 20.0 10.0
86.0 119.0 20.0 10.0
91.0 152.0 20.0 10.0
68.0 115.0 20.0 10.0
77.0 90.0 20.0 10.0
97.0 75.0 20.0 10.0
149.0 92.0 20.0 10.0
121.0 168.0 20.0 10.0
101.0 59.0 20.0 10.0
97.0 112.0 20.0 10.0
158.0 148.0 20.0 10.0
169.0 106.0 20.0 10.0
116.0 132.0 20.0 10.0
140.0 139.0 20.0 10.0
155.0 116.0 20.0 10.0
114.0 142.0 20.0 10.0
122.0 71.0 20.0 10.0
103.0 131.0 20.0 10.0
105.0 112.0 20.0 10.0
96.0 90.0 20.0 10.0
161.0 107.0 20.0 10.0
126.0 144.0 20.0 10.0
168.0 126.0 20.0 10.0
136.0 86.0 20.0 10.0
173.0 88.0 20.0 10.0
120.0 139.0 20.0 10.0
25.0 193.0 20.0 10.0
147.0 103.0 20.0 10.0
123.0 78.0 20.0 10.0
140.0 148.0 20.0 10.0
136.0 68.0 20.0 10.0
122.0 106.0 20.0 10.0
69.0 134.0 20.0 10.0
89.0 153.0 20.0 10.0
93.0 120.0 20.0 10.0
103.0 127.0 20.0 10.0
103.0 118.0 20.0 10.0
118.0 50.0 20.0 10.0
77.0 117.0 20.0 10.0
154.0 128.0 20.0 10.0
151.0 90.0 20.0 10.0
111.0 110.0 20.0 10.0
75.0 138.0 20.0 10.0
78.0 131.0 20.0 10.0
109.0 77.0 20.0 10.0
107.0 155.0 20.0 10.0
109.0 60.0 20.0 10.0
184.0 165.0 20.0 10.0
74.0 110.0 20.0 10.0
146.0 133.0 20.0 10.0
148.0 123.0 20.0 10.0
94.0 175.0 20.0 10.0
146.0 73.0 20.0 10.0
111.0 127.0 20.0 10.0
145.0 101.0 20.0 10.0
67.0 125.0 20.0 10.0
138.0 126.0 20.0 10.0
84.0 163.0 20.0 10.0
107.0 138.0 20.0 10.0
148.0 115.0 20.0 10.0
134.0 118.0 20.0 10.0
165.0 148.0 20.0 10.0
122.0999984741211 88.0 20.0 10.0
138.0 168.0 20.0 10.0
113.0 165.0 20.0 10.0
143.0 105.0 20.0 10.0
75.0 119.0 20.0 10.0
160.0 171.0 20.0 10.0
167.0 86.0 20.0 10.0
103.0 124.0 20.0 10.0
140.0 141.0 20.0 10.0
126.0 160.0 20.0 10.0
101.0 68.0 20.0 10.0
165.0 124.0 20.0 10.0
148.0 61.0 20.0 10.0
160.0 150.0 20.0 10.0
119.0 93.0 20.0 10.0
88.0 108.0 20.0 10.0
98.0 135.0 20.0 10.0
151.0 113.0 20.0 10.0
111.0 134.0 20.0 10.0
199.0 142.0 20.0 10.0
70.0 106.0 20.0 10.0
126.0 96.0 20.0 10.0
92.0 133.0 20.0 10.0
72.0 153.0 20.0 10.0
97.0 162.0 20.0 10.0
65.0 140.0 20.0 10.0
88.0 91.0 20.0 10.0
176.0 101.0 20.0 10.0
166.0 89.0 20.0 10.0
164.0 113.0 20.0 10.0
183.0 91.0 20.0 10.0
147.0 89.0 20.0 10.0
