1000
91.0 87.0 20.0 10.0
100.0 88.0 20.0 10.0
94.0 87.0 20.0 10.0
87.0 92.0 20.0 10.0
88.0 94.0 20.0 10.0
82.0 93.0 20.0 10.0
91.0 88.0 20.0 10.0
88.0 99.0 20.0 10.0
79.0 97.0 20.0 10.0
87.0 97.0 20.0 10.0
85.0 98.0 20.0 10.0
92.0 85.0 20.0 10.0
87.0 95.0 20.0 10.0
83.0 105.0 20.0 10.0
87.0999984741211 92.0 20.0 10.0
87.0 83.0 20.0 10.0
76.0 93.0 20.0 10.0
92.0 95.0 20.0 10.0
81.0 93.0 20.0 10.0
97.0 102.0 20.0 10.0
84.0 96.0 20.0 10.0
70.0 107.0 20.0 10.0
79.0 80.0 20.0 10.0
109.0 93.0 20.0 10.0
95.0 81.0 20.0 10.0
81.0 87.0 20.0 10.0
82.0 85.0 20.0 10.0
80.0 91.0 20.0 10.0
78.0 102.0 20.0 10.0
87.0999984741211 95.0 20.0 10.0
96.0 91.0 20.0 10.0
80.0 99.0 20.0 10.0
87.0 107.0 20.0 10.0
112.0 87.0 20.0 10.0
92.0 102.0 20.0 10.0
102.0 91.0 20.0 10.0
89.0 100.0 20.0 10.0
85.0 87.0 20.0 10.0
92.0 81.0 20.0 10.0
110.0 94.0 20.0 10.0
86.0 101.0 20.0 10.0
93.0 100.0 20.0 10.0
100.0 97.0 20.0 10.0
83.0 73.0 20.0 10.0
91.0 83.0 20.0 10.0
79.0 90.0 20.0 10.0
74.0 91.0 20.0 10.0
71.0 86.0 20.0 10.0
90.0 100.0 20.0 10.0
91.0 108.0 20.0 10.0
91.0 110.0 20.0 10.0
64.0 100.0 20.0 10.0
81.0 108.0 20.0 10.0
86.0 104.0 20.0 10.0
79.0 86.0 20.0 10.0
84.0 79.0 20.0 10.0
103.0 115.0 20.0 10.0
97.0 110.0 20.0 10.0
87.0 67.0 20.0 10.0
73.0 124.0 20.0 10.0
96.0 72.0 20.0 10.0
91.0 122.0 20.0 10.0
98.0 90.0 20.0 10.0
64.0 99.0 20.0 10.0
70.0 116.0 20.0 10.0
91.0 93.0 20.0 10.0
105.0 79.0 20.0 10.0
106.0 75.0 20.0 10.0
108.0 73.0 20.0 10.0
92.0 115.0 20.0 10.0
53.0 79.0 20.0 10.0
94.0 70.0 20.0 10.0
105.0 92.0 20.0 10.0
117.0 94.0 20.0 10.0
85.0 83.0 20.0 10.0
65.0 81.0 20.0 10.0
104.0 93.0 20.0 10.0
71.0 103.0 20.0 10.0
91.0 98.0 20.0 10.0
102.0 78.0 20.0 10.0
81.0 77.0 20.0 10.0
93.0 113.0 20.0 10.0
90.0 98.0 20.0 10.0
112.0 121.0 20.0 10.0
83.0 103.0 20.0 10.0
81.0 80.0 20.0 10.0
121.0 98.0 20.0 10.0
76.0 98.0 20.0 10.0
100.0 111.0 20.0 10.0
96.0 84.0 20.0 10.0
97.0 101.0 20.0 10.0
112.0 105.0 20.0 10.0
94.0 64.0 20.0 10.0
100.0 80.0 20.0 10.0
103.0 96.0 20.0 10.0
72.0 93.0 20.0 10.0
49.0 97.0 20.0 10.0
61.0 101.0 20.0 10.0
96.0 92.0 20.0 10.0
101.0 111.0 20.0 10.0
60.0 113.0 20.0 10.0
93.0 74.0 20.0 10.0
108.0 93.0 20.0 10.0
88.0 87.0 20.0 10.0
84.0 132.0 20.0 10.0
74.0 87.0 20.0 10.0
84.0 66.0 20.0 10.0
120.0 93.0 20.0 10.0
89.0 120.0 20.0 10.0
88.0 76.0 20.0 10.0
90.0 106.0 20.0 10.0
95.0 75.0 20.0 10.0
70.0 83.0 20.0 10.0
61.0 79.0 20.0 10.0
81.0 69.0 20.0 10.0
93.0 76.0 20.0 10.0
75.0 106.0 20.0 10.0
81.0 95.0 20.0 10.0
51.0 84.0 20.0 10.0
53.0 105.0 20.0 10.0
64.0 79.0 20.0 10.0
93.0 81.0 20.0 10.0
79.0 76.0 20.0 10.0
114.0 79.0 20.0 10.0
67.0 74.0 20.0 10.0
87.0 98.0 20.0 10.0
70.0 91.0 20.0 10.0
73.0 86.0 20.0 10.0
61.0 116.0 20.0 10.0
118.0 98.0 20.0 10.0
110.0 84.0 20.0 10.0
68.0 101.0 20.0 10.0
62.0 111.0 20.0 10.0
96.0 126.0 20.0 10.0
78.0 104.0 20.0 10.0
86.0 81.0 20.0 10.0
87.0 57.0 20.0 10.0
111.0 80.0 20.0 10.0
110.0 120.0 20.0 10.0
81.0 82.0 20.0 10.0
66.0 117.0 20.0 10.0
59.0 98.0 20.0 10.0
76.0 79.0 20.0 10.0
79.0 89.0 20.0 10.0
126.0 105.0 20.0 10.0
90.0 134.0 20.0 10.0
112.0 110.0 20.0 10.0
121.0 100.0 20.0 10.0
65.0 79.0 20.0 10.0
82.0 87.0 20.0 10.0
84.0 120.0 20.0 10.0
122.0 81.0 20.0 10.0
96.0 95.0 20.0 10.0
72.0 89.0 20.0 10.0
107.0 90.0 20.0 10.0
90.0 92.0 20.0 10.0
90.0 124.0 20.0 10.0
67.0 104.0 20.0 10.0
76.0 67.0 20.0 10.0
88.0 78.0 20.0 10.0
67.0 60.0 20.0 10.0
76.0 63.0 20.0 10.0
117.0 112.0 20.0 10.0
75.0 111.0 20.0 10.0
104.0 83.0 20.0 10.0
65.0 105.0 20.0 10.0
97.0 87.0 20.0 10.0
80.0 106.0 20.0 10.0
75.0 66.0 20.0 10.0
67.0 93.0 20.0 10.0
77.0 122.0 20.0 10.0
88.0 111.0 20.0 10.0
85.0 107.0 20.0 10.0
64.0 74.0 20.0 10.0
72.0 84.0 20.0 10.0
99.0 106.0 20.0 10.0
64.0 93.0 20.0 10.0
103.0 66.0 20.0 10.0
99.0 64.0 20.0 10.0
115.0 126.0 20.0 10.0
111.0 93.0 20.0 10.0
104.0 132.0 20.0 10.0
85.0 70.0 20.0 10.0
89.0 83.0 20.0 10.0
73.0 65.0 20.0 10.0
61.0 96.0 20.0 10.0
116.0 84.0 20.0 10.0
77.0 109.0 20.0 10.0
108.0 117.0 20.0 10.0
57.0 92.0 20.0 10.0
118.0 101.0 20.0 10.0
96.0 76.0 20.0 10.0
64.0 88.0 20.0 10.0
88.0 69.0 20.0 10.0
112.0 81.0 20.0 10.0
104.0 80.0 20.0 10.0
109.0 84.0 20.0 10.0
49.0 117.0 20.0 10.0
68.0 65.0 20.0 10.0
86.0 86.0 20.0 10.0
95.0 46.0 20.0 10.0
97.0 68.0 20.0 10.0
107.0 87.0 20.0 10.0
118.0 85.0 20.0 10.0
60.0 88.0 20.0 10.0
110.0 73.0 20.0 10.0
66.0 97.0 20.0 10.0
91.0 117.0 20.0 10.0
94.0 68.0 20.0 10.0
87.0 61.0 20.0 10.0
122.0 89.0 20.0 10.0
103.0 86.0 20.0 10.0
85.0 90.0 20.0 10.0
80.0 59.0 20.0 10.0
86.0 105.0 20.0 10.0
78.0 95.0 20.0 10.0
114.0 114.0 20.0 10.0
63.0 90.0 20.0 10.0
90.0 126.0 20.0 10.0
94.0 97.0 20.0 10.0
50.0 73.0 20.0 10.0
116.0 90.0 20.0 10.0
101.0 116.0 20.0 10.0
66.0 88.0 20.0 10.0
87.0 116.0 20.0 10.0
96.0 112.0 20.0 10.0
55.0 88.0 20.0 10.0
113.0 78.0 20.0 10.0
100.0 125.0 20.0 10.0
77.0 115.0 20.0 10.0
100.0 64.0 20.0 10.0
98.0 85.0 20.0 10.0
104.0 110.0 20.0 10.0
98.0 72.0 20.0 10.0
105.0 85.0 20.0 10.0
94.0 65.0 20.0 10.0
78.0 73.0 20.0 10.0
48.0 102.0 20.0 10.0
54.0 60.0 20.0 10.0
63.0 54.0 20.0 10.0
82.0 76.0 20.0 10.0
67.0 90.0 20.0 10.0
92.0 57.0 20.0 10.0
70.0 90.0 20.0 10.0
58.0 82.0 20.0 10.0
63.0 72.0 20.0 10.0
94.0 61.0 20.0 10.0
128.0 91.0 20.0 10.0
136.0 62.0 20.0 10.0
97.0 94.0 20.0 10.0
73.0 104.0 20.0 10.0
106.0 69.0 20.0 10.0
56.0 111.0 20.0 10.0
58.0 102.0 20.0 10.0
62.0 93.0 20.0 10.0
125.0 71.0 20.0 10.0
109.0 87.0 20.0 10.0
111.0 86.0 20.0 10.0
90.0 71.0 20.0 10.0
98.0 92.0 20.0 10.0
46.0 79.0 20.0 10.0
49.0 91.0 20.0 10.0
71.0 67.0 20.0 10.0
110.0 115.0 20.0 10.0
103.0 71.0 20.0 10.0
96.0 122.0 20.0 10.0
108.0 104.0 20.0 10.0
123.0 90.0 20.0 10.0
128.0 85.0 20.0 10.0
102.0 54.0 20.0 10.0
72.0 73.0 20.0 10.0
77.0 107.0 20.0 10.0
81.0 123.0 20.0 10.0
108.0 96.0 20.0 10.0
91.0 69.0 20.0 10.0
56.0 64.0 20.0 10.0
62.0 76.0 20.0 10.0
46.0 105.0 20.0 10.0
83.0 125.0 20.0 10.0
41.0 85.0 20.0 10.0
108.0 100.0 20.0 10.0
82.0 67.0 20.0 10.0
114.0 99.0 20.0 10.0
110.0 96.0 20.0 10.0
98.0 100.0 20.0 10.0
75.0 104.0 20.0 10.0
70.0 103.0 20.0 10.0
134.0 102.0 20.0 10.0
55.0 97.0 20.0 10.0
99.0 58.0 20.0 10.0
114.0 83.0 20.0 10.0
109.0 117.0 20.0 10.0
81.0 57.0 20.0 10.0
74.0 79.0 20.0 10.0
65.0 107.0 20.0 10.0
100.0 75.0 20.0 10.0
60.0 128.0 20.0 10.0
71.0 110.0 20.0 10.0
72.0 79.0 20.0 10.0
116.0 82.0 20.0 10.0
65.0 113.0 20.0 10.0
99.0 110.0 20.0 10.0
103.0 107.0 20.0 10.0
132.0 72.0 20.0 10.0
58.0 71.0 20.0 10.0
102.0 59.0 20.0 10.0
103.0 83.0 20.0 10.0
102.0 102.0 20.0 10.0
118.0 71.0 20.0 10.0
107.0 132.0 20.0 10.0
96.0 119.0 20.0 10.0
108.0 70.0 20.0 10.0
122.0 103.0 20.0 10.0
83.0 89.0 20.0 10.0
50.0 87.0 20.0 10.0
121.0 106.0 20.0 10.0
45.0 113.0 20.0 10.0
104.0 104.0 20.0 10.0
59.0 80.0 20.0 10.0
67.0 83.0 20.0 10.0
54.0 83.0 20.0 10.0
117.0 69.0 20.0 10.0
102.0 129.0 20.0 10.0
77.0 93.0 20.0 10.0
48.0 69.0 20.0 10.0
72.0 71.0 20.0 10.0
104.0 122.0 20.0 10.0
87.0 78.0 20.0 10.0
58.0 108.0 20.0 10.0
99.0 116.0 20.0 10.0
90.0 114.0 20.0 10.0
104.0 90.0 20.0 10.0
114.0 123.0 20.0 10.0
119.0 61.0 20.0 10.0
122.0 77.0 20.0 10.0
75.0 56.0 20.0 10.0
72.0 96.0 20.0 10.0
121.0 63.0 20.0 10.0
44.0 101.0 20.0 10.0
107.0 125.0 20.0 10.0
55.0 95.0 20.0 10.0
85.0 77.0 20.0 10.0
127.0 108.0 20.0 10.0
106.0 116.0 20.0 10.0
59.0 64.0 20.0 10.0
79.0 123.0 20.0 10.0
96.0 74.0 20.0 10.0
59.0 77.0 20.0 10.0
109.0 132.0 20.0 10.0
51.0 94.0 20.0 10.0
51.0 117.0 20.0 10.0
88.0 143.0 20.0 10.0
72.0 140.0 20.0 10.0
99.0 68.0 20.0 10.0
122.0 65.0 20.0 10.0
80.0 129.0 20.0 10.0
86.0 100.0 20.0 10.0
120.0 88.0 20.0 10.0
77.0 133.0 20.0 10.0
75.0 114.0 20.0 10.0
119.0 123.0 20.0 10.0
114.0 118.0 20.0 10.0
124.0 92.0 20.0 10.0
115.0 102.0 20.0 10.0
74.0 43.0 20.0 10.0
110.0 60.0 20.0 10.0
50.0 106.0 20.0 10.0
107.0 108.0 20.0 10.0
76.0 76.0 20.0 10.0
74.0 103.0 20.0 10.0
94.0 125.0 20.0 10.0
60.0 54.0 20.0 10.0
136.0 83.0 20.0 10.0
96.0 104.0 20.0 10.0
101.0 70.0 20.0 10.0
81.0 85.0 20.0 10.0
54.0 62.0 20.0 10.0
94.0 40.0 20.0 10.0
73.0 115.0 20.0 10.0
96.0 47.0 20.0 10.0
56.0 114.0 20.0 10.0
106.0 66.0 20.0 10.0
115.0 70.0 20.0 10.0
108.0 58.0 20.0 10.0
67.0 119.0 20.0 10.0
105.0 59.0 20.0 10.0
54.0 93.0 20.0 10.0
118.0 87.0 20.0 10.0
105.0 74.0 20.0 10.0
42.0 106.0 20.0 10.0
89.0 55.0 20.0 10.0
81.0 65.0 20.0 10.0
106.0 38.0 20.0 10.0
66.0 78.0 20.0 10.0
100.0 49.0 20.0 10.0
84.0 61.0 20.0 10.0
106.0 95.0 20.0 10.0
61.0 83.0 20.0 10.0
129.0 117.0 20.0 10.0
79.0 54.0 20.0 10.0
73.0 40.0 20.0 10.0
78.0 117.0 20.0 10.0
132.0 70.0 20.0 10.0
88.0 135.0 20.0 10.0
99.0 61.0 20.0 10.0
111.0 54.0 20.0 10.0
78.0 127.0 20.0 10.0
56.0 86.0 20.0 10.0
73.0 56.0 20.0 10.0
55.0 67.0 20.0 10.0
128.0 79.0 20.0 10.0
91.0 129.0 20.0 10.0
57.0 90.0 20.0 10.0
85.0 136.0 20.0 10.0
55.0 100.0 20.0 10.0
90.0 42.0 20.0 10.0
84.0 112.0 20.0 10.0
102.0 77.0 20.0 10.0
124.0 67.0 20.0 10.0
98.0 53.0 20.0 10.0
124.0 69.0 20.0 10.0
103.0 64.0 20.0 10.0
88.0 74.0 20.0 10.0
67.0 111.0 20.0 10.0
107.0 133.0 20.0 10.0
65.0 57.0 20.0 10.0
83.0 49.0 20.0 10.0
126.0 120.0 20.0 10.0
53.0 65.0 20.0 10.0
99.0 127.0 20.0 10.0
99.0 91.0 20.0 10.0
102.0 95.0 20.0 10.0
58.0 67.0 20.0 10.0
97.0 49.0 20.0 10.0
27.0 98.0 20.0 10.0
114.0 108.0 20.0 10.0
52.0 88.0 20.0 10.0
83.0 130.0 20.0 10.0
93.0 133.0 20.0 10.0
127.0 116.0 20.0 10.0
50.0 68.0 20.0 10.0
88.0 137.0 20.0 10.0
84.0 59.0 20.0 10.0
95.0 50.0 20.0 10.0
108.0 63.0 20.0 10.0
96.0 128.0 20.0 10.0
66.0 110.0 20.0 10.0
54.0 125.0 20.0 10.0
46.0 88.0 20.0 10.0
64.0 102.0 20.0 10.0
47.0 102.0 20.0 10.0
90.0 51.0 20.0 10.0
57.0 128.0 20.0 10.0
105.0 137.0 20.0 10.0
38.0 95.0 20.0 10.0
60.0 89.0 20.0 10.0
58.0 135.0 20.0 10.0
84.0 126.0 20.0 10.0
69.0 78.0 20.0 10.0
93.0 109.0 20.0 10.0
118.0 114.0 20.0 10.0
135.0 71.0 20.0 10.0
143.0 95.0 20.0 10.0
57.0 59.0 20.0 10.0
116.0 73.0 20.0 10.0
62.0 50.0 20.0 10.0
131.0 100.0 20.0 10.0
60.0 124.0 20.0 10.0
63.0 111.0 20.0 10.0
40.0 101.0 20.0 10.0
59.0 61.0 20.0 10.0
91.0 49.0 20.0 10.0
101.0 131.0 20.0 10.0
73.0 118.0 20.0 10.0
130.0 97.0 20.0 10.0
50.0 121.0 20.0 10.0
134.0 85.0 20.0 10.0
127.0 99.0 20.0 10.0
64.0 68.0 20.0 10.0
87.0 55.0 20.0 10.0
110.0 128.0 20.0 10.0
85.0 63.0 20.0 10.0
109.0 81.0 20.0 10.0
56.0 55.0 20.0 10.0
41.0 117.0 20.0 10.0
91.0 86.0 20.0 10.0
77.0 66.0 20.0 10.0
102.0 122.0 20.0 10.0
61.0 133.0 20.0 10.0
79.0 119.0 20.0 10.0
67.0 99.0 20.0 10.0
117.0 51.0 20.0 10.0
66.0 74.0 20.0 10.0
78.0 85.0 20.0 10.0
66.0 69.0 20.0 10.0
137.0 97.0 20.0 10.0
69.0 117.0 20.0 10.0
130.0 76.0 20.0 10.0
60.0 110.0 20.0 10.0
52.0 70.0 20.0 10.0
109.0 76.0 20.0 10.0
118.0 82.0 20.0 10.0
119.0 59.0 20.0 10.0
124.0 62.0 20.0 10.0
96.0 131.0 20.0 10.0
41.0 67.0 20.0 10.0
113.0 72.0 20.0 10.0
58.0 123.0 20.0 10.0
108.0 55.0 20.0 10.0
88.0 124.0 20.0 10.0
64.0 137.0 20.0 10.0
57.0 106.0 20.0 10.0
53.0 117.0 20.0 10.0
91.0 137.0 20.0 10.0
115.0 105.0 20.0 10.0
57.0 139.0 20.0 10.0
113.0 102.0 20.0 10.0
48.0 71.0 20.0 10.0
126.0 81.0 20.0 10.0
63.0 59.0 20.0 10.0
60.0 102.0 20.0 10.0
62.0 107.0 20.0 10.0
68.0 71.0 20.0 10.0
132.0 125.0 20.0 10.0
123.0 111.0 20.0 10.0
66.0 47.0 20.0 10.0
115.0 64.0 20.0 10.0
70.0 125.0 20.0 10.0
42.0 98.0 20.0 10.0
65.0 53.0 20.0 10.0
40.0 89.0 20.0 10.0
44.0 117.0 20.0 10.0
102.0 124.0 20.0 10.0
102.0 49.0 20.0 10.0
61.0 59.0 20.0 10.0
138.0 104.0 20.0 10.0
108.0 53.0 20.0 10.0
128.0 89.0 20.0 10.0
62.0 130.0 20.0 10.0
99.0 81.0 20.0 10.0
128.0 124.0 20.0 10.0
76.0 116.0 20.0 10.0
41.0 102.0 20.0 10.0
71.0 114.0 20.0 10.0
105.0 126.0 20.0 10.0
115.0 47.0 20.0 10.0
120.0 135.0 20.0 10.0
55.0 134.0 20.0 10.0
54.0 104.0 20.0 10.0
67.0 113.0 20.0 10.0
138.0 78.0 20.0 10.0
88.0 132.0 20.0 10.0
97.0 79.0 20.0 10.0
133.0 112.0 20.0 10.0
52.0 73.0 20.0 10.0
65.0 60.0 20.0 10.0
44.0 121.0 20.0 10.0
47.0 113.0 20.0 10.0
65.0 140.0 20.0 10.0
44.0 84.0 20.0 10.0
114.0 143.0 20.0 10.0
76.0 95.0 20.0 10.0
75.0 72.0 20.0 10.0
42.0 66.0 20.0 10.0
49.0 75.0 20.0 10.0
58.0 51.0 20.0 10.0
64.0 51.0 20.0 10.0
82.0 113.0 20.0 10.0
50.0 54.0 20.0 10.0
132.0 88.0 20.0 10.0
62.0 124.0 20.0 10.0
76.0 54.0 20.0 10.0
119.0 118.0 20.0 10.0
63.0 85.0 20.0 10.0
37.0 113.0 20.0 10.0
104.0 143.0 20.0 10.0
113.0 127.0 20.0 10.0
62.0 105.0 20.0 10.0
68.0 81.0 20.0 10.0
130.0 107.0 20.0 10.0
114.0 111.0 20.0 10.0
36.0 92.0 20.0 10.0
82.0 119.0 20.0 10.0
25.0 133.0 20.0 10.0
40.0 87.0 20.0 10.0
132.0 117.0 20.0 10.0
112.0 112.0 20.0 10.0
76.0 59.0 20.0 10.0
114.0 138.0 20.0 10.0
128.0 82.0 20.0 10.0
137.0 105.0 20.0 10.0
127.0 92.0 20.0 10.0
67.0 143.0 20.0 10.0
100.0 128.0 20.0 10.0
37.0 103.0 20.0 10.0
50.0 129.0 20.0 10.0
84.0 129.0 20.0 10.0
128.0 47.0 20.0 10.0
120.0 96.0 20.0 10.0
107.0 123.0 20.0 10.0
72.0 118.0 20.0 10.0
105.0 48.0 20.0 10.0
89.0 47.0 20.0 10.0
114.0 96.0 20.0 10.0
82.0 146.0 20.0 10.0
110.0 70.0 20.0 10.0
107.0 67.0 20.0 10.0
95.0 129.0 20.0 10.0
47.0 81.0 20.0 10.0
133.0 116.0 20.0 10.0
45.0 141.0 20.0 10.0
93.0 144.0 20.0 10.0
125.0 75.0 20.0 10.0
117.0 121.0 20.0 10.0
120.0 76.0 20.0 10.0
76.0 127.0 20.0 10.0
78.0 57.0 20.0 10.0
110.0 101.0 20.0 10.0
125.0 100.0 20.0 10.0
75.0 48.0 20.0 10.0
92.0 152.0 20.0 10.0
84.0 55.0 20.0 10.0
71.0 60.0 20.0 10.0
109.0 50.0 20.0 10.0
73.0 133.0 20.0 10.0
89.0 53.0 20.0 10.0
134.0 134.0 20.0 10.0
63.0 118.0 20.0 10.0
116.0 55.0 20.0 10.0
87.0 131.0 20.0 10.0
78.0 135.0 20.0 10.0
105.0 130.0 20.0 10.0
45.0 76.0 20.0 10.0
145.0 111.0 20.0 10.0
72.0 61.0 20.0 10.0
100.0 52.0 20.0 10.0
124.0 125.0 20.0 10.0
150.0 83.0 20.0 10.0
108.0 40.0 20.0 10.0
86.0 127.0 20.0 10.0
94.0 54.0 20.0 10.0
116.0 115.0 20.0 10.0
104.0 135.0 20.0 10.0
102.0 74.0 20.0 10.0
113.0 56.0 20.0 10.0
115.0 130.0 20.0 10.0
60.0 66.0 20.0 10.0
56.0 75.0 20.0 10.0
124.0 106.0 20.0 10.0
79.0 125.0 20.0 10.0
49.0 109.0 20.0 10.0
49.0 66.0 20.0 10.0
64.0 64.0 20.0 10.0
71.0 120.0 20.0 10.0
134.0 118.0 20.0 10.0
119.0 126.0 20.0 10.0
130.0 104.0 20.0 10.0
126.0 85.0 20.0 10.0
30.0 97.0 20.0 10.0
67.0 126.0 20.0 10.0
69.0 147.0 20.0 10.0
124.0 129.0 20.0 10.0
53.0 38.0 20.0 10.0
71.0 143.0 20.0 10.0
59.0 57.0 20.0 10.0
147.0 96.0 20.0 10.0
63.0 81.0 20.0 10.0
99.0 144.0 20.0 10.0
127.0 57.0 20.0 10.0
88.0 85.0 20.0 10.0
86.0 47.0 20.0 10.0
30.0 76.0 20.0 10.0
66.0 56.0 20.0 10.0
140.0 80.0 20.0 10.0
130.0 73.0 20.0 10.0
109.0 42.0 20.0 10.0
48.0 124.0 20.0 10.0
81.0 73.0 20.0 10.0
89.0 38.0 20.0 10.0
76.0 44.0 20.0 10.0
57.0 74.0 20.0 10.0
48.0 111.0 20.0 10.0
74.0 128.0 20.0 10.0
112.0 50.0 20.0 10.0
85.0 115.0 20.0 10.0
90.0 140.0 20.0 10.0
55.0 84.0 20.0 10.0
129.0 96.0 20.0 10.0
145.0 71.0 20.0 10.0
49.0 94.0 20.0 10.0
140.0 101.0 20.0 10.0
115.0 51.0 20.0 10.0
73.0 125.0 20.0 10.0
102.0 137.0 20.0 10.0
99.0 40.0 20.0 10.0
72.0 48.0 20.0 10.0
112.0 111.0 20.0 10.0
31.0 75.0 20.0 10.0
87.0 51.0 20.0 10.0
119.0 121.0 20.0 10.0
134.0 88.0 20.0 10.0
111.0 90.0 20.0 10.0
124.0 78.0 20.0 10.0
101.0 120.0 20.0 10.0
74.0 53.0 20.0 10.0
54.0 112.0 20.0 10.0
138.0 65.0 20.0 10.0
128.0 105.0 20.0 10.0
89.0 59.0 20.0 10.0
43.0 63.0 20.0 10.0
119.0 134.0 20.0 10.0
133.0 107.0 20.0 10.0
126.0 54.0 20.0 10.0
99.0 133.0 20.0 10.0
64.0 43.0 20.0 10.0
139.0 115.0 20.0 10.0
44.0 69.0 20.0 10.0
82.0 117.0 20.0 10.0
108.0 47.0 20.0 10.0
74.0 150.0 20.0 10.0
66.0 63.0 20.0 10.0
97.0 62.0 20.0 10.0
113.0 124.0 20.0 10.0
136.0 109.0 20.0 10.0
121.0 71.0 20.0 10.0
61.0 144.0 20.0 10.0
135.0 80.0 20.0 10.0
110.0 139.0 20.0 10.0
139.0 125.0 20.0 10.0
121.0 38.0 20.0 10.0
104.0 54.0 20.0 10.0
104.0 89.0 20.0 10.0
81.0 43.0 20.0 10.0
125.0 132.0 20.0 10.0
74.0 132.0 20.0 10.0
42.0 104.0 20.0 10.0
70.0 134.0 20.0 10.0
123.0 123.0 20.0 10.0
83.0 46.0 20.0 10.0
128.0 76.0 20.0 10.0
76.0 120.0 20.0 10.0
125.0 96.0 20.0 10.0
125.0 87.0 20.0 10.0
60.0 69.0 20.0 10.0
48.0 141.0 20.0 10.0
52.0 99.0 20.0 10.0
125.0 113.0 20.0 10.0
71.0 94.0 20.0 10.0
50.0 55.0 20.0 10.0
49.0 99.0 20.0 10.0
111.0 56.0 20.0 10.0
66.0 123.0 20.0 10.0
82.0 139.0 20.0 10.0
127.0 138.0 20.0 10.0
70.0 51.0 20.0 10.0
121.0 118.0 20.0 10.0
78.0 141.0 20.0 10.0
48.0 89.0 20.0 10.0
128.0 143.0 20.0 10.0
62.0 70.0 20.0 10.0
53.0 101.0 20.0 10.0
96.0 107.0 20.0 10.0
52.0 47.0 20.0 10.0
69.0 52.0 20.0 10.0
119.0 63.0 20.0 10.0
61.0 74.0 20.0 10.0
95.0 58.0 20.0 10.0
134.0 67.0 20.0 10.0
51.0 79.0 20.0 10.0
95.0 54.0 20.0 10.0
132.0 83.0 20.0 10.0
121.0 68.0 20.0 10.0
111.0 65.0 20.0 10.0
106.0 57.0 20.0 10.0
36.0 84.0 20.0 10.0
91.0 39.0 20.0 10.0
113.0 120.0 20.0 10.0
41.0 107.0 20.0 10.0
45.0 97.0 20.0 10.0
58.0 133.0 20.0 10.0
121.0 55.0 20.0 10.0
126.0 111.0 20.0 10.0
106.0 119.0 20.0 10.0
44.0 111.0 20.0 10.0
43.0 73.0 20.0 10.0
66.0 133.0 20.0 10.0
120.0 106.0 20.0 10.0
44.0 93.0 20.0 10.0
135.0 96.0 20.0 10.0
63.0 131.0 20.0 10.0
70.0 47.0 20.0 10.0
110.0 130.0 20.0 10.0
47.0 125.0 20.0 10.0
140.0 85.0 20.0 10.0
123.0 52.0 20.0 10.0
112.0 129.0 20.0 10.0
127.0 87.0 20.0 10.0
32.0 119.0 20.0 10.0
139.0 68.0 20.0 10.0
87.0 142.0 20.0 10.0
68.0 67.0 20.0 10.0
123.0 101.0 20.0 10.0
51.0 60.0 20.0 10.0
125.0 93.0 20.0 10.0
37.0 75.0 20.0 10.0
138.0 91.0 20.0 10.0
101.0 47.0 20.0 10.0
116.0 66.0 20.0 10.0
84.0 118.0 20.0 10.0
113.0 65.0 20.0 10.0
85.0 45.0 20.0 10.0
124.0 45.0 20.0 10.0
57.0 48.0 20.0 10.0
96.0 40.0 20.0 10.0
50.0 124.0 20.0 10.0
62.0 136.0 20.0 10.0
34.0 120.0 20.0 10.0
86.0 41.0 20.0 10.0
92.0 25.0 20.0 10.0
108.0 142.0 20.0 10.0
29.0 91.0 20.0 10.0
106.0 114.0 20.0 10.0
93.0 124.0 20.0 10.0
42.0 88.0 20.0 10.0
57.0 64.0 20.0 10.0
28.0 80.0 20.0 10.0
59.0 121.0 20.0 10.0
81.0 134.0 20.0 10.0
124.0 115.0 20.0 10.0
66.0 131.0 20.0 10.0
97.0 135.0 20.0 10.0
64.0 127.0 20.0 10.0
47.0 73.0 20.0 10.0
27.0 112.0 20.0 10.0
120.0 49.0 20.0 10.0
130.0 65.0 20.0 10.0
134.0 111.0 20.0 10.0
72.0 41.0 20.0 10.0
38.0 91.0 20.0 10.0
28.0 101.0 20.0 10.0
37.0 106.0 20.0 10.0
68.0 127.0 20.0 10.0
86.0 37.0 20.0 10.0
56.0 126.0 20.0 10.0
57.0 77.0 20.0 10.0
139.0 81.0 20.0 10.0
97.0 140.0 20.0 10.0
29.0 72.0 20.0 10.0
48.0 59.0 20.0 10.0
35.0 69.0 20.0 10.0
45.0 107.0 20.0 10.0
34.0 91.0 20.0 10.0
76.0 138.0 20.0 10.0
84.0 53.0 20.0 10.0
129.0 71.0 20.0 10.0
128.0 112.0 20.0 10.0
76.0 84.0 20.0 10.0
83.0 156.0 20.0 10.0
41.0 94.0 20.0 10.0
64.0 44.0 20.0 10.0
47.0 86.0 20.0 10.0
38.0 84.0 20.0 10.0
133.0 124.0 20.0 10.0
137.0 99.0 20.0 10.0
112.0 117.0 20.0 10.0
58.0 59.0 20.0 10.0
98.0 120.0 20.0 10.0
81.0 53.0 20.0 10.0
36.0 88.0 20.0 10.0
92.0 140.0 20.0 10.0
87.0 135.0 20.0 10.0
141.0 99.0 20.0 10.0
31.0 88.0 20.0 10.0
115.0 61.0 20.0 10.0
105.0 42.0 20.0 10.0
128.0 94.0 20.0 10.0
140.0 100.0 20.0 10.0
139.0 90.0 20.0 10.0
122.0 49.0 20.0 10.0
121.0 128.0 20.0 10.0
91.0999984741211 49.0 20.0 10.0
69.0 56.0 20.0 10.0
105.0 37.0 20.0 10.0
80.0 146.0 20.0 10.0
46.0 63.0 20.0 10.0
111.0 45.0 20.0 10.0
80.0 132.0 20.0 10.0
93.0 35.0 20.0 10.0
53.0 121.0 20.0 10.0
140.0 111.0 20.0 10.0
43.0 76.0 20.0 10.0
160.0 82.0 20.0 10.0
134.0 99.0 20.0 10.0
57.0 118.0 20.0 10.0
79.0 159.0 20.0 10.0
136.0 76.0 20.0 10.0
91.0 149.0 20.0 10.0
65.0 33.0 20.0 10.0
35.0 105.0 20.0 10.0
43.0 71.0 20.0 10.0
55.0 54.0 20.0 10.0
41.0 80.0 20.0 10.0
124.0 57.0 20.0 10.0
54.0 131.0 20.0 10.0
128.0 68.0 20.0 10.0
51.0 46.0 20.0 10.0
111.0 61.0 20.0 10.0
130.0 128.0 20.0 10.0
99.0 31.0 20.0 10.0
116.0 28.0 20.0 10.0
100.0 140.0 20.0 10.0
114.0 131.0 20.0 10.0
131.0 110.0 20.0 10.0
33.0 100.0 20.0 10.0
80.0 32.0 20.0 10.0
124.0 60.0 20.0 10.0
67.0 54.0 20.0 10.0
144.0 70.0 20.0 10.0
116.0 135.0 20.0 10.0
44.0 46.0 20.0 10.0
87.0 150.0 20.0 10.0
113.0 105.0 20.0 10.0
60.0 105.0 20.0 10.0
124.0 73.0 20.0 10.0
69.0 44.0 20.0 10.0
132.0 75.0 20.0 10.0
127.0 62.0 20.0 10.0
95.0 145.0 20.0 10.0
104.0 52.0 20.0 10.0
32.0 92.0 20.0 10.0
135.0 93.0 20.0 10.0
38.0 118.0 20.0 10.0
47.0 120.0 20.0 10.0
124.0 148.0 20.0 10.0
64.0 97.0 20.0 10.0
112.0 41.0 20.0 10.0
124.0 120.0 20.0 10.0
74.0 159.0 20.0 10.0
48.0 77.0 20.0 10.0
76.0 37.0 20.0 10.0
65.0 39.0 20.0 10.0
151.0 100.0 20.0 10.0
115.0 109.0 20.0 10.0
142.0 89.0 20.0 10.0
102.0 38.0 20.0 10.0
98.0 38.0 20.0 10.0
110.0 142.0 20.0 10.0
44.0 90.0 20.0 10.0
68.0 133.0 20.0 10.0
112.0 58.0 20.0 10.0
116.0 75.0 20.0 10.0
75.0 146.0 20.0 10.0
81.0 137.0 20.0 10.0
53.0 113.0 20.0 10.0
43.0 127.0 20.0 10.0
46.0 60.0 20.0 10.0
39.0 98.0 20.0 10.0
45.0 129.0 20.0 10.0
118.0 142.0 20.0 10.0
81.0 48.0 20.0 10.0
43.0 44.0 20.0 10.0
80.0 71.0 20.0 10.0
152.0 115.0 20.0 10.0
77.0 43.0 20.0 10.0
33.0 72.0 20.0 10.0
39.0 63.0 20.0 10.0
119.0 130.0 20.0 10.0
89.0 121.0 20.0 10.0
78.0 35.0 20.0 10.0
52.0 108.0 20.0 10.0
44.0 53.0 20.0 10.0
98.0 147.0 20.0 10.0
29.0 68.0 20.0 10.0
148.0 106.0 20.0 10.0
118.0 105.0 20.0 10.0
119.0 65.0 20.0 10.0
71.0 45.0 20.0 10.0
153.0 93.0 20.0 10.0
121.0 74.0 20.0 10.0
49.0 113.0 20.0 10.0
103.0 25.0 20.0 10.0
53.0 66.0 20.0 10.0
78.0 40.0 20.0 10.0
150.0 123.0 20.0 10.0
86.0 34.0 20.0 10.0
37.0 134.0 20.0 10.0
142.0 91.0 20.0 10.0
74.0 136.0 20.0 10.0
112.0 77.0 20.0 10.0
37.0 108.0 20.0 10.0
139.0 123.0 20.0 10.0
41.0 123.0 20.0 10.0
77.0 49.0 20.0 10.0
70.0 129.0 20.0 10.0
74.0 63.0 20.0 10.0
67.0 42.0 20.0 10.0
132.0 59.0 20.0 10.0
50.0 77.0 20.0 10.0
143.0 84.0 20.0 10.0
138.0 56.0 20.0 10.0
