1000
89.0 84.0 20.0 10.0
92.0 96.0 20.0 10.0
106.0 80.0 20.0 10.0
87.0 87.0 20.0 10.0
91.0 89.0 20.0 10.0
88.0 89.0 20.0 10.0
93.0 96.0 20.0 10.0
101.0 93.0 20.0 10.0
96.0 95.0 20.0 10.0
82.0 94.0 20.0 10.0
97.0 85.0 20.0 10.0
89.0 92.0 20.0 10.0
93.0 85.0 20.0 10.0
98.0 94.0 20.0 10.0
88.0 86.0 20.0 10.0
107.0 96.0 20.0 10.0
79.0 78.0 20.0 10.0
84.0 87.0 20.0 10.0
88.0 103.0 20.0 10.0
112.0 89.0 20.0 10.0
89.0 91.0 20.0 10.0
90.0 97.0 20.0 10.0
85.0 108.0 20.0 10.0
102.0 66.0 20.0 10.0
98.0 95.0 20.0 10.0
80.0 91.0 20.0 10.0
97.0 86.0 20.0 10.0
108.0 91.0 20.0 10.0
104.0 84.0 20.0 10.0
79.0 58.0 20.0 10.0
113.0 92.0 20.0 10.0
96.0 86.0 20.0 10.0
88.0 121.0 20.0 10.0
104.0 92.0 20.0 10.0
70.0 109.0 20.0 10.0
79.0 92.0 20.0 10.0
86.0 114.0 20.0 10.0
109.0 98.0 20.0 10.0
84.0 86.0 20.0 10.0
106.0 116.0 20.0 10.0
105.0 94.0 20.0 10.0
102.0 97.0 20.0 10.0
117.0 89.0 20.0 10.0
108.0 71.0 20.0 10.0
94.0 91.0 20.0 10.0
85.0 76.0 20.0 10.0
86.0 101.0 20.0 10.0
79.0 103.0 20.0 10.0
73.0 109.0 20.0 10.0
103.0 72.0 20.0 10.0
96.0 101.0 20.0 10.0
116.0 98.0 20.0 10.0
105.0 76.0 20.0 10.0
80.0 80.0 20.0 10.0
121.0 113.0 20.0 10.0
84.0 95.0 20.0 10.0
58.0 116.0 20.0 10.0
76.0 79.0 20.0 10.0
101.0 92.0 20.0 10.0
84.0 98.0 20.0 10.0
90.0 83.0 20.0 10.0
109.0 106.0 20.0 10.0
79.0 85.0 20.0 10.0
103.0 78.0 20.0 10.0
113.0 110.0 20.0 10.0
84.0 60.0 20.0 10.0
79.0 98.0 20.0 10.0
76.0 81.0 20.0 10.0
64.0 95.0 20.0 10.0
86.0 110.0 20.0 10.0
88.0 83.0 20.0 10.0
95.0 120.0 20.0 10.0
83.0 82.0 20.0 10.0
97.0 109.0 20.0 10.0
102.0 91.0 20.0 10.0
97.0 103.0 20.0 10.0
83.0 108.0 20.0 10.0
78.0 59.0 20.0 10.0
95.0 110.0 20.0 10.0
90.0 103.0 20.0 10.0
105.0 79.0 20.0 10.0
68.0 105.0 20.0 10.0
91.0 92.0 20.0 10.0
96.0 78.0 20.0 10.0
96.0 82.0 20.0 10.0
71.0 101.0 20.0 10.0
96.0 93.0 20.0 10.0
71.0 59.0 20.0 10.0
59.0 95.0 20.0 10.0
122.0 105.0 20.0 10.0
101.0 95.0 20.0 10.0
85.0 91.0 20.0 10.0
97.0 91.0 20.0 10.0
110.0 102.0 20.0 10.0
83.0 87.0 20.0 10.0
65.0 78.0 20.0 10.0
108.0 77.0 20.0 10.0
83.0 110.0 20.0 10.0
80.0 124.0 20.0 10.0
89.0 108.0 20.0 10.0
87.0 77.0 20.0 10.0
80.0 112.0 20.0 10.0
93.0 103.0 20.0 10.0
72.0 117.0 20.0 10.0
93.0 83.0 20.0 10.0
87.0 117.0 20.0 10.0
103.0 81.0 20.0 10.0
98.0 100.0 20.0 10.0
91.0 75.0 20.0 10.0
92.0 117.0 20.0 10.0
119.0 93.0 20.0 10.0
121.0 92.0 20.0 10.0
95.0 88.0 20.0 10.0
104.0 109.0 20.0 10.0
92.0 102.0 20.0 10.0
73.0 90.0 20.0 10.0
128.0 109.0 20.0 10.0
101.0 70.0 20.0 10.0
108.0 80.0 20.0 10.0
80.0 83.0 20.0 10.0
74.0 97.0 20.0 10.0
69.0 96.0 20.0 10.0
76.0 90.0 20.0 10.0
85.0 110.0 20.0 10.0
105.0 114.0 20.0 10.0
79.0 110.0 20.0 10.0
61.0 88.0 20.0 10.0
85.0 62.0 20.0 10.0
54.0 98.0 20.0 10.0
76.0 70.0 20.0 10.0
113.0 105.0 20.0 10.0
123.0 97.0 20.0 10.0
88.0 65.0 20.0 10.0
76.0 110.0 20.0 10.0
119.0 90.0 20.0 10.0
107.0 109.0 20.0 10.0
85.0 78.0 20.0 10.0
79.0 65.0 20.0 10.0
103.0 68.0 20.0 10.0
105.0 99.0 20.0 10.0
107.0 102.0 20.0 10.0
115.0 114.0 20.0 10.0
72.0 124.0 20.0 10.0
77.0 85.0 20.0 10.0
124.0 74.0 20.0 10.0
92.0 111.0 20.0 10.0
118.0 63.0 20.0 10.0
112.0 54.0 20.0 10.0
87.0 53.0 20.0 10.0
52.0 87.0 20.0 10.0
69.0 88.0 20.0 10.0
78.0 72.0 20.0 10.0
136.0 86.0 20.0 10.0
60.0 105.0 20.0 10.0
66.0 107.0 20.0 10.0
87.0 78.0 20.0 10.0
118.0 80.0 20.0 10.0
74.0 107.0 20.0 10.0
92.0 122.0 20.0 10.0
112.0 85.0 20.0 10.0
116.0 70.0 20.0 10.0
100.0 104.0 20.0 10.0
92.0 119.0 20.0 10.0
111.0 64.0 20.0 10.0
95.0 129.0 20.0 10.0
87.0 112.0 20.0 10.0
89.0 71.0 20.0 10.0
69.0 102.0 20.0 10.0
74.0 91.0 20.0 10.0
77.0 105.0 20.0 10.0
99.0 71.0 20.0 10.0
101.0 100.0 20.0 10.0
72.0 105.0 20.0 10.0
96.0 79.0 20.0 10.0
87.0 70.0 20.0 10.0
93.0 72.0 20.0 10.0
58.0 101.0 20.0 10.0
114.0 99.0 20.0 10.0
81.0 57.0 20.0 10.0
127.0 116.0 20.0 10.0
65.0 94.0 20.0 10.0
87.0 98.0 20.0 10.0
109.0 124.0 20.0 10.0
118.0 124.0 20.0 10.0
129.0 107.0 20.0 10.0
88.0 101.0 20.0 10.0
98.0 116.0 20.0 10.0
73.0 86.0 20.0 10.0
102.0 63.0 20.0 10.0
105.0 101.0 20.0 10.0
89.0 125.0 20.0 10.0
104.0 61.0 20.0 10.0
112.0 83.0 20.0 10.0
104.0 114.0 20.0 10.0
72.0 113.0 20.0 10.0
121.0 62.0 20.0 10.0
80.0 59.0 20.0 10.0
82.0 62.0 20.0 10.0
76.0 71.0 20.0 10.0
94.0 106.0 20.0 10.0
81.0 93.0 20.0 10.0
116.0 65.0 20.0 10.0
69.0 113.0 20.0 10.0
118.0 96.0 20.0 10.0
99.0 106.0 20.0 10.0
110.0 106.0 20.0 10.0
84.0 46.0 20.0 10.0
63.0 80.0 20.0 10.0
70.0 56.0 20.0 10.0
64.0 109.0 20.0 10.0
103.0 95.0 20.0 10.0
120.0 114.0 20.0 10.0
85.0 113.0 20.0 10.0
66.0 117.0 20.0 10.0
67.0 101.0 20.0 10.0
49.0 96.0 20.0 10.0
117.0 78.0 20.0 10.0
71.0 65.0 20.0 10.0
83.0 71.0 20.0 10.0
72.0 121.0 20.0 10.0
73.0 74.0 20.0 10.0
103.0 64.0 20.0 10.0
101.0 126.0 20.0 10.0
66.0 114.0 20.0 10.0
110.0 122.0 20.0 10.0
105.0 57.0 20.0 10.0
105.0 123.0 20.0 10.0
109.0 85.0 20.0 10.0
123.0 102.0 20.0 10.0
67.0 66.0 20.0 10.0
92.0 68.0 20.0 10.0
134.0 82.0 20.0 10.0
99.0 111.0 20.0 10.0
52.0 125.0 20.0 10.0
126.0 74.0 20.0 10.0
108.0 73.0 20.0 10.0
98.0 106.0 20.0 10.0
89.0 137.0 20.0 10.0
102.0 114.0 20.0 10.0
74.0 115.0 20.0 10.0
63.0 91.0 20.0 10.0
115.0 110.0 20.0 10.0
107.0 121.0 20.0 10.0
67.0 82.0 20.0 10.0
58.0 92.0 20.0 10.0
72.0 80.0 20.0 10.0
120.0 131.0 20.0 10.0
98.0 105.0 20.0 10.0
67.0 76.0 20.0 10.0
76.0 73.0 20.0 10.0
98.0 125.0 20.0 10.0
60.0 93.0 20.0 10.0
100.0 67.0 20.0 10.0
102.0 83.0 20.0 10.0
120.0 96.0 20.0 10.0
70.0 92.0 20.0 10.0
122.0 102.0 20.0 10.0
51.0 59.0 20.0 10.0
127.0 82.0 20.0 10.0
115.0 77.0 20.0 10.0
60.0 114.0 20.0 10.0
110.0 79.0 20.0 10.0
84.0 128.0 20.0 10.0
90.0 59.0 20.0 10.0
102.0 98.0 20.0 10.0
80.0 87.0 20.0 10.0
58.0 112.0 20.0 10.0
91.0 49.0 20.0 10.0
100.0 116.0 20.0 10.0
118.0 84.0 20.0 10.0
41.0 109.0 20.0 10.0
108.0 137.0 20.0 10.0
67.0 98.0 20.0 10.0
109.0 87.0 20.0 10.0
69.0 117.0 20.0 10.0
72.0 67.0 20.0 10.0
125.0 133.0 20.0 10.0
107.0 41.0 20.0 10.0
97.0 120.0 20.0 10.0
52.0 110.0 20.0 10.0
68.0 103.0 20.0 10.0
78.0 64.0 20.0 10.0
62.0 72.0 20.0 10.0
102.0 87.0 20.0 10.0
101.0 80.0 20.0 10.0
122.0 64.0 20.0 10.0
99.0 149.0 20.0 10.0
76.0 120.0 20.0 10.0
94.0 73.0 20.0 10.0
110.0 116.0 20.0 10.0
99.0 48.0 20.0 10.0
91.0 79.0 20.0 10.0
124.0 85.0 20.0 10.0
83.0 78.0 20.0 10.0
59.0 111.0 20.0 10.0
126.0 95.0 20.0 10.0
85.0 142.0 20.0 10.0
45.0 84.0 20.0 10.0
116.0 91.0 20.0 10.0
103.0 105.0 20.0 10.0
131.0 113.0 20.0 10.0
85.0 53.0 20.0 10.0
74.0 82.0 20.0 10.0
57.0 74.0 20.0 10.0
74.0 116.0 20.0 10.0
84.0 64.0 20.0 10.0
58.0 86.0 20.0 10.0
105.0 59.0 20.0 10.0
87.0 123.0 20.0 10.0
54.0 74.0 20.0 10.0
127.0 72.0 20.0 10.0
87.0 50.0 20.0 10.0
57.0 64.0 20.0 10.0
122.0 67.0 20.0 10.0
110.0 70.0 20.0 10.0
81.0 109.0 20.0 10.0
65.0 90.0 20.0 10.0
127.0 104.0 20.0 10.0
66.0 110.0 20.0 10.0
94.0 48.0 20.0 10.0
102.0 106.0 20.0 10.0
54.0 114.0 20.0 10.0
121.0 49.0 20.0 10.0
54.0 96.0 20.0 10.0
86.0 86.0 20.0 10.0
97.0 53.0 20.0 10.0
65.0 80.0 20.0 10.0
89.0 131.0 20.0 10.0
68.0 120.0 20.0 10.0
77.0 116.0 20.0 10.0
95.0 137.0 20.0 10.0
58.0 77.0 20.0 10.0
49.0 111.0 20.0 10.0
69.0 81.0 20.0 10.0
92.0 63.0 20.0 10.0
140.0 97.0 20.0 10.0
86.0 60.0 20.0 10.0
66.0 99.0 20.0 10.0
97.0 50.0 20.0 10.0
72.0 137.0 20.0 10.0
117.0 142.0 20.0 10.0
110.0 120.0 20.0 10.0
63.0 112.0 20.0 10.0
120.0 108.0 20.0 10.0
68.0 132.0 20.0 10.0
112.0 66.0 20.0 10.0
49.0 113.0 20.0 10.0
76.0 125.0 20.0 10.0
131.0 81.0 20.0 10.0
81.0 122.0 20.0 10.0
97.0 145.0 20.0 10.0
70.0 85.0 20.0 10.0
93.0 56.0 20.0 10.0
109.0 52.0 20.0 10.0
143.0 84.0 20.0 10.0
53.0 77.0 20.0 10.0
126.0 54.0 20.0 10.0
79.0 69.0 20.0 10.0
135.0 63.0 20.0 10.0
64.0 99.0 20.0 10.0
84.0 120.0 20.0 10.0
103.0 49.0 20.0 10.0
118.0 101.0 20.0 10.0
50.0 115.0 20.0 10.0
68.0 61.0 20.0 10.0
75.0 131.0 20.0 10.0
64.0 123.0 20.0 10.0
112.0 60.0 20.0 10.0
133.0 64.0 20.0 10.0
60.0 123.0 20.0 10.0
128.0 91.0 20.0 10.0
63.0 105.0 20.0 10.0
96.0 57.0 20.0 10.0
118.0 129.0 20.0 10.0
85.0 125.0 20.0 10.0
120.0 84.0 20.0 10.0
106.0 61.0 20.0 10.0
57.0 73.0 20.0 10.0
30.0 109.0 20.0 10.0
116.0 122.0 20.0 10.0
63.0 118.0 20.0 10.0
76.0 66.0 20.0 10.0
80.0 67.0 20.0 10.0
73.0 119.0 20.0 10.0
60.0 130.0 20.0 10.0
131.0 43.0 20.0 10.0
72.0 77.0 20.0 10.0
43.0 101.0 20.0 10.0
125.0 111.0 20.0 10.0
77.0 84.0 20.0 10.0
81.0 117.0 20.0 10.0
129.0 55.0 20.0 10.0
54.0 107.0 20.0 10.0
112.0 116.0 20.0 10.0
90.0 106.0 20.0 10.0
56.0 105.0 20.0 10.0
110.0 114.0 20.0 10.0
87.0 73.0 20.0 10.0
84.0 91.0 20.0 10.0
62.0 117.0 20.0 10.0
117.0 128.0 20.0 10.0
106.0 125.0 20.0 10.0
129.0 114.0 20.0 10.0
126.0 86.0 20.0 10.0
64.0 87.0 20.0 10.0
121.0 98.0 20.0 10.0
95.0 116.0 20.0 10.0
54.0 70.0 20.0 10.0
114.0 52.0 20.0 10.0
134.0 123.0 20.0 10.0
130.0 89.0 20.0 10.0
127.0 109.0 20.0 10.0
135.0 92.0 20.0 10.0
76.0 108.0 20.0 10.0
112.0 74.0 20.0 10.0
40.0 88.0 20.0 10.0
86.0 120.0 20.0 10.0
91.0 125.0 20.0 10.0
116.0 87.0 20.0 10.0
70.0 122.0 20.0 10.0
96.0 45.0 20.0 10.0
79.0 116.0 20.0 10.0
94.0 54.0 20.0 10.0
65.0 62.0 20.0 10.0
125.0 115.0 20.0 10.0
118.0 105.0 20.0 10.0
109.0 75.0 20.0 10.0
105.0 68.0 20.0 10.0
82.0 134.0 20.0 10.0
57.0 84.0 20.0 10.0
54.0 45.0 20.0 10.0
87.0 64.0 20.0 10.0
74.0 127.0 20.0 10.0
134.0 84.0 20.0 10.0
117.0 54.0 20.0 10.0
46.0 92.0 20.0 10.0
80.0 103.0 20.0 10.0
80.0 135.0 20.0 10.0
49.0 86.0 20.0 10.0
124.0 76.0 20.0 10.0
95.0 70.0 20.0 10.0
106.0 130.0 20.0 10.0
113.0 139.0 20.0 10.0
121.0 79.0 20.0 10.0
90.0 44.0 20.0 10.0
74.0 148.0 20.0 10.0
108.0 131.0 20.0 10.0
65.0 73.0 20.0 10.0
44.0 64.0 20.0 10.0
132.0 90.0 20.0 10.0
138.0 94.0 20.0 10.0
58.0 128.0 20.0 10.0
99.0 73.0 20.0 10.0
76.0 136.0 20.0 10.0
118.0 109.0 20.0 10.0
46.0 76.0 20.0 10.0
78.0 121.0 20.0 10.0
81.0 46.0 20.0 10.0
60.0 84.0 20.0 10.0
104.0 146.0 20.0 10.0
105.0 112.0 20.0 10.0
120.0 127.0 20.0 10.0
109.0 64.0 20.0 10.0
44.0 80.0 20.0 10.0
139.0 71.0 20.0 10.0
73.0 93.0 20.0 10.0
79.0 49.0 20.0 10.0
58.0 118.0 20.0 10.0
62.0 83.0 20.0 10.0
49.0 70.0 20.0 10.0
129.0 124.0 20.0 10.0
128.0 66.0 20.0 10.0
54.0 90.0 20.0 10.0
90.0 139.0 20.0 10.0
71.0 107.0 20.0 10.0
72.0 128.0 20.0 10.0
87.0 129.0 20.0 10.0
84.0 140.0 20.0 10.0
51.0 117.0 20.0 10.0
74.0 122.0 20.0 10.0
141.0 103.0 20.0 10.0
89.0 57.0 20.0 10.0
96.0 136.0 20.0 10.0
65.0 67.0 20.0 10.0
142.0 121.0 20.0 10.0
112.0 129.0 20.0 10.0
65.0 119.0 20.0 10.0
96.0 60.0 20.0 10.0
76.0 59.0 20.0 10.0
141.0 74.0 20.0 10.0
136.0 96.0 20.0 10.0
61.0 132.0 20.0 10.0
128.0 101.0 20.0 10.0
96.0 129.0 20.0 10.0
124.0 108.0 20.0 10.0
78.0 96.0 20.0 10.0
39.0 94.0 20.0 10.0
128.0 120.0 20.0 10.0
54.0 62.0 20.0 10.0
96.0 66.0 20.0 10.0
37.0 70.0 20.0 10.0
52.0 102.0 20.0 10.0
122.0 117.0 20.0 10.0
58.0 133.0 20.0 10.0
113.0 112.0 20.0 10.0
78.0 133.0 20.0 10.0
104.0 121.0 20.0 10.0
120.0 133.0 20.0 10.0
33.0 110.0 20.0 10.0
124.0 63.0 20.0 10.0
120.0 141.0 20.0 10.0
132.0 109.0 20.0 10.0
57.0 50.0 20.0 10.0
64.0 49.0 20.0 10.0
55.0 94.0 20.0 10.0
66.0 129.0 20.0 10.0
97.0 76.0 20.0 10.0
59.0 141.0 20.0 10.0
103.0 43.0 20.0 10.0
37.0 79.0 20.0 10.0
121.0 81.0 20.0 10.0
122.0 66.0 20.0 10.0
39.0 110.0 20.0 10.0
80.0 54.0 20.0 10.0
115.0 85.0 20.0 10.0
65.0 96.0 20.0 10.0
93.0 61.0 20.0 10.0
102.0 129.0 20.0 10.0
83.0 52.0 20.0 10.0
87.0 55.0 20.0 10.0
109.0 42.0 20.0 10.0
76.0 102.0 20.0 10.0
59.0 73.0 20.0 10.0
63.0 98.0 20.0 10.0
27.0 90.0 20.0 10.0
131.0 84.0 20.0 10.0
97.0 118.0 20.0 10.0
79.0 131.0 20.0 10.0
137.0 105.0 20.0 10.0
132.0 102.0 20.0 10.0
54.0 129.0 20.0 10.0
110.0 53.0 20.0 10.0
46.0 90.0 20.0 10.0
86.0 49.0 20.0 10.0
33.0 96.0 20.0 10.0
52.0 132.0 20.0 10.0
55.0 53.0 20.0 10.0
123.0 73.0 20.0 10.0
117.0 97.0 20.0 10.0
120.0 65.0 20.0 10.0
60.0 101.0 20.0 10.0
48.0 61.0 20.0 10.0
53.0 113.0 20.0 10.0
101.0 36.0 20.0 10.0
107.0 60.0 20.0 10.0
61.0 66.0 20.0 10.0
101.0 120.0 20.0 10.0
125.0 60.0 20.0 10.0
50.0 146.0 20.0 10.0
47.0 107.0 20.0 10.0
66.0 32.0 20.0 10.0
54.0 92.0 20.0 10.0
127.0 130.0 20.0 10.0
109.0 60.0 20.0 10.0
123.0 129.0 20.0 10.0
89.0 141.0 20.0 10.0
103.0 38.0 20.0 10.0
92.0 39.0 20.0 10.0
110.0 136.0 20.0 10.0
49.0 83.0 20.0 10.0
119.0 73.0 20.0 10.0
112.0 57.0 20.0 10.0
43.0 96.0 20.0 10.0
47.0 104.0 20.0 10.0
48.0 98.0 20.0 10.0
117.0 140.0 20.0 10.0
98.0 41.0 20.0 10.0
129.0 78.0 20.0 10.0
123.0 125.0 20.0 10.0
145.0 118.0 20.0 10.0
28.0 83.0 20.0 10.0
108.0 37.0 20.0 10.0
106.0 92.0 20.0 10.0
77.0 89.0 20.0 10.0
68.0 68.0 20.0 10.0
96.0 125.0 20.0 10.0
83.0 136.0 20.0 10.0
74.0 134.0 20.0 10.0
83.0 139.0 20.0 10.0
90.0 110.0 20.0 10.0
94.0 127.0 20.0 10.0
134.0 70.0 20.0 10.0
66.0 127.0 20.0 10.0
60.0 59.0 20.0 10.0
60.0 110.0 20.0 10.0
116.0 124.0 20.0 10.0
99.0 133.0 20.0 10.0
140.0 104.0 20.0 10.0
44.0 112.0 20.0 10.0
98.0 151.0 20.0 10.0
115.0 80.0 20.0 10.0
129.0 93.0 20.0 10.0
61.0 111.0 20.0 10.0
139.0 78.0 20.0 10.0
139.0 75.0 20.0 10.0
125.0 71.0 20.0 10.0
61.0 95.0 20.0 10.0
115.0 52.0 20.0 10.0
102.0 48.0 20.0 10.0
101.0 59.0 20.0 10.0
74.0 62.0 20.0 10.0
48.0 87.0 20.0 10.0
70.0 51.0 20.0 10.0
131.0 98.0 20.0 10.0
45.0 121.0 20.0 10.0
42.0 105.0 20.0 10.0
142.0 80.0 20.0 10.0
47.0 66.0 20.0 10.0
52.0 97.0 20.0 10.0
141.0 99.0 20.0 10.0
104.0 52.0 20.0 10.0
100.0 129.0 20.0 10.0
65.0 70.0 20.0 10.0
60.0 48.0 20.0 10.0
73.0 54.0 20.0 10.0
122.0 71.0 20.0 10.0
120.0 148.0 20.0 10.0
95.0 35.0 20.0 10.0
76.0 128.0 20.0 10.0
110.0 38.0 20.0 10.0
91.0 135.0 20.0 10.0
114.0 62.0 20.0 10.0
115.0 41.0 20.0 10.0
49.0 64.0 20.0 10.0
120.0 122.0 20.0 10.0
48.0 99.0 20.0 10.0
126.0 67.0 20.0 10.0
61.0 80.0 20.0 10.0
46.0 102.0 20.0 10.0
54.0 89.0 20.0 10.0
76.0 54.0 20.0 10.0
68.0 72.0 20.0 10.0
78.0 151.0 20.0 10.0
46.0 79.0 20.0 10.0
102.0 137.0 20.0 10.0
57.0 99.0 20.0 10.0
126.0 127.0 20.0 10.0
92.0 46.0 20.0 10.0
57.0 128.0 20.0 10.0
113.0 71.0 20.0 10.0
51.0 74.0 20.0 10.0
77.0 114.0 20.0 10.0
106.0 53.0 20.0 10.0
56.0 139.0 20.0 10.0
34.0 135.0 20.0 10.0
72.0 130.0 20.0 10.0
65.0 124.0 20.0 10.0
38.0 80.0 20.0 10.0
135.0 88.0 20.0 10.0
131.0 56.0 20.0 10.0
80.0 142.0 20.0 10.0
41.0 53.0 20.0 10.0
85.0 131.0 20.0 10.0
144.0 111.0 20.0 10.0
77.0 154.0 20.0 10.0
53.0 58.0 20.0 10.0
139.0 84.0 20.0 10.0
60.0 136.0 20.0 10.0
38.0 86.0 20.0 10.0
84.0 68.0 20.0 10.0
64.0 133.0 20.0 10.0
108.0 141.0 20.0 10.0
141.0 67.0 20.0 10.0
47.0 50.0 20.0 10.0
123.0 110.0 20.0 10.0
103.0 53.0 20.0 10.0
103.0 131.0 20.0 10.0
126.0 80.0 20.0 10.0
150.0 78.0 20.0 10.0
120.0 70.0 20.0 10.0
66.0 135.0 20.0 10.0
126.0 101.0 20.0 10.0
51.0 66.0 20.0 10.0
112.0 125.0 20.0 10.0
50.0 93.0 20.0 10.0
134.0 79.0 20.0 10.0
60.0 108.0 20.0 10.0
67.0 54.0 20.0 10.0
124.0 137.0 20.0 10.0
46.0 85.0 20.0 10.0
137.0 102.0 20.0 10.0
83.0 26.0 20.0 10.0
85.0 69.0 20.0 10.0
58.0 103.0 20.0 10.0
57.0 38.0 20.0 10.0
54.0 104.0 20.0 10.0
74.0 53.0 20.0 10.0
137.0 66.0 20.0 10.0
70.0 48.0 20.0 10.0
136.0 58.0 20.0 10.0
114.0 68.0 20.0 10.0
91.0 55.0 20.0 10.0
130.0 58.0 20.0 10.0
95.0 61.0 20.0 10.0
49.0 79.0 20.0 10.0
97.0 147.0 20.0 10.0
53.0 123.0 20.0 10.0
132.0 72.0 20.0 10.0
39.0 83.0 20.0 10.0
81.0 143.0 20.0 10.0
117.0 120.0 20.0 10.0
63.0 137.0 20.0 10.0
75.0 76.0 20.0 10.0
67.0 42.0 20.0 10.0
128.0 98.0 20.0 10.0
46.0 87.0 20.0 10.0
25.0 91.0 20.0 10.0
43.0 140.0 20.0 10.0
144.0 102.0 20.0 10.0
47.0 73.0 20.0 10.0
52.0 136.0 20.0 10.0
123.0 93.0 20.0 10.0
46.0 114.0 20.0 10.0
130.0 105.0 20.0 10.0
74.0 95.0 20.0 10.0
136.0 98.0 20.0 10.0
133.0 103.0 20.0 10.0
48.0 120.0 20.0 10.0
116.0 112.0 20.0 10.0
59.0 57.0 20.0 10.0
53.0 72.0 20.0 10.0
35.0 66.0 20.0 10.0
130.0 120.0 20.0 10.0
83.0 102.0 20.0 10.0
131.0 132.0 20.0 10.0
56.0 57.0 20.0 10.0
57.0 70.0 20.0 10.0
51.0 49.0 20.0 10.0
129.0 73.0 20.0 10.0
161.0 93.0 20.0 10.0
109.0 55.0 20.0 10.0
59.0 83.0 20.0 10.0
85.0 40.0 20.0 10.0
141.0 113.0 20.0 10.0
48.0 92.0 20.0 10.0
54.0 78.0 20.0 10.0
138.0 122.0 20.0 10.0
61.0 126.0 20.0 10.0
88.0 127.0 20.0 10.0
121.0 59.0 20.0 10.0
55.0 111.0 20.0 10.0
149.0 47.0 20.0 10.0
86.0 144.0 20.0 10.0
115.0 128.0 20.0 10.0
40.0 120.0 20.0 10.0
87.0 39.0 20.0 10.0
151.0 107.0 20.0 10.0
105.0 135.0 20.0 10.0
153.0 77.0 20.0 10.0
105.0 144.0 20.0 10.0
148.0 113.0 20.0 10.0
113.0 78.0 20.0 10.0
139.0 88.0 20.0 10.0
144.0 96.0 20.0 10.0
104.0 125.0 20.0 10.0
54.0 55.0 20.0 10.0
36.0 116.0 20.0 10.0
42.0 55.0 20.0 10.0
84.0 117.0 20.0 10.0
141.0 95.0 20.0 10.0
92.0 130.0 20.0 10.0
41.0 66.0 20.0 10.0
118.0 46.0 20.0 10.0
114.0 135.0 20.0 10.0
57.0 59.0 20.0 10.0
39.0 92.0 20.0 10.0
91.0 51.0 20.0 10.0
141.0 80.0 20.0 10.0
47.0 128.0 20.0 10.0
118.0 43.0 20.0 10.0
131.0 49.0 20.0 10.0
64.0 56.0 20.0 10.0
83.0 45.0 20.0 10.0
81.0 40.0 20.0 10.0
97.0 133.0 20.0 10.0
65.0 52.0 20.0 10.0
119.0 38.0 20.0 10.0
137.0 99.0 20.0 10.0
45.0 96.0 20.0 10.0
122.0 140.0 20.0 10.0
72.0 92.0 20.0 10.0
115.0 47.0 20.0 10.0
63.0 74.0 20.0 10.0
148.0 78.0 20.0 10.0
60.0 97.0 20.0 10.0
148.0 98.0 20.0 10.0
133.0 116.0 20.0 10.0
102.0 151.0 20.0 10.0
92.0 144.0 20.0 10.0
54.0 87.0 20.0 10.0
40.0 100.0 20.0 10.0
61.0 35.0 20.0 10.0
104.0 148.0 20.0 10.0
118.0 57.0 20.0 10.0
124.0 79.0 20.0 10.0
70.0 127.0 20.0 10.0
126.0 94.0 20.0 10.0
114.0 131.0 20.0 10.0
130.0 79.0 20.0 10.0
129.0 86.0 20.0 10.0
110.0 141.0 20.0 10.0
90.0 149.0 20.0 10.0
94.0 41.0 20.0 10.0
103.0 141.0 20.0 10.0
109.0 68.0 20.0 10.0
38.0 106.0 20.0 10.0
130.0 97.0 20.0 10.0
141.0 60.0 20.0 10.0
106.0 47.0 20.0 10.0
86.0 135.0 20.0 10.0
104.0 24.0 20.0 10.0
97.0 93.0 20.0 10.0
147.0 123.0 20.0 10.0
140.0 110.0 20.0 10.0
102.0 123.0 20.0 10.0
90.0 41.0 20.0 10.0
60.0 63.0 20.0 10.0
77.0 126.0 20.0 10.0
73.0 48.0 20.0 10.0
137.0 91.0 20.0 10.0
133.0 118.0 20.0 10.0
116.0 35.0 20.0 10.0
140.0 108.0 20.0 10.0
64.0 140.0 20.0 10.0
148.0 128.0 20.0 10.0
42.0 76.0 20.0 10.0
78.0 143.0 20.0 10.0
44.0 127.0 20.0 10.0
112.0 47.0 20.0 10.0
72.0 70.0 20.0 10.0
85.0 47.0 20.0 10.0
128.0 124.0 20.0 10.0
99.0 135.0 20.0 10.0
78.0 49.0 20.0 10.0
148.0 105.0 20.0 10.0
127.0 63.0 20.0 10.0
108.0 69.0 20.0 10.0
111.0 57.0 20.0 10.0
35.0 95.0 20.0 10.0
134.0 109.0 20.0 10.0
100.0 54.0 20.0 10.0
91.0 142.0 20.0 10.0
116.0 104.0 20.0 10.0
127.0 51.0 20.0 10.0
27.0 80.0 20.0 10.0
116.0 116.0 20.0 10.0
45.0 117.0 20.0 10.0
110.0 153.0 20.0 10.0
93.0 142.0 20.0 10.0
77.0 57.0 20.0 10.0
54.0 150.0 20.0 10.0
48.0 49.0 20.0 10.0
145.0 89.0 20.0 10.0
81.0 120.0 20.0 10.0
99.0 57.0 20.0 10.0
133.0 87.0 20.0 10.0
140.0 69.0 20.0 10.0
65.0 83.0 20.0 10.0
109.0 160.0 20.0 10.0
149.0 93.0 20.0 10.0
154.0 110.0 20.0 10.0
125.0 122.0 20.0 10.0
104.0 118.0 20.0 10.0
156.0 101.0 20.0 10.0
78.0 44.0 20.0 10.0
89.0 46.0 20.0 10.0
74.0 142.0 20.0 10.0
152.0 65.0 20.0 10.0
160.0 114.0 20.0 10.0
61.0 43.0 20.0 10.0
152.0 66.0 20.0 10.0
31.0 73.0 20.0 10.0
91.0 100.0 20.0 10.0
124.0 98.0 20.0 10.0
128.0 84.0 20.0 10.0
53.0 67.0 20.0 10.0
131.0 141.0 20.0 10.0
44.0 77.0 20.0 10.0
121.0 119.0 20.0 10.0
122.0 86.0 20.0 10.0
72.0 111.0 20.0 10.0
42.0 71.0 20.0 10.0
131.0 54.0 20.0 10.0
82.0 152.0 20.0 10.0
124.0 126.0 20.0 10.0
70.0 36.0 20.0 10.0
65.0 143.0 20.0 10.0
68.0 53.0 20.0 10.0
146.0 87.0 20.0 10.0
54.0 138.0 20.0 10.0
145.0 92.0 20.0 10.0
60.0 121.0 20.0 10.0
131.0 126.0 20.0 10.0
54.0 118.0 20.0 10.0
86.0 140.0 20.0 10.0
48.0 58.0 20.0 10.0
30.0 86.0 20.0 10.0
152.0 83.0 20.0 10.0
129.0 137.0 20.0 10.0
54.0 83.0 20.0 10.0
139.0 55.0 20.0 10.0
82.0 65.0 20.0 10.0
137.0 64.0 20.0 10.0
46.0 36.0 20.0 10.0
124.0 46.0 20.0 10.0
136.0 93.0 20.0 10.0
63.0 61.0 20.0 10.0
59.0 68.0 20.0 10.0
69.0 141.0 20.0 10.0
85.0 56.0 20.0 10.0
77.0 32.0 20.0 10.0
75.0 36.0 20.0 10.0
119.0 116.0 20.0 10.0
26.0 114.0 20.0 10.0
145.0 73.0 20.0 10.0
57.0 47.0 20.0 10.0
90.0 33.0 20.0 10.0
61.0 90.0 20.0 10.0
138.0 118.0 20.0 10.0
56.0 124.0 20.0 10.0
147.0 84.0 20.0 10.0
63.0 76.0 20.0 10.0
90.0 154.0 20.0 10.0
74.0 50.0 20.0 10.0
63.0 131.0 20.0 10.0
92.0 37.0 20.0 10.0
136.0 111.0 20.0 10.0
119.0 154.0 20.0 10.0
25.0 46.0 20.0 10.0
141.0 118.0 20.0 10.0
117.0 71.0 20.0 10.0
101.0 148.0 20.0 10.0
124.0 52.0 20.0 10.0
70.0 40.0 20.0 10.0
120.0 137.0 20.0 10.0
93.0 150.0 20.0 10.0
72.0 135.0 20.0 10.0
99.0 118.0 20.0 10.0
95.0 52.0 20.0 10.0
124.0 56.0 20.0 10.0
42.0 50.0 20.0 10.0
153.0 114.0 20.0 10.0
133.0 111.0 20.0 10.0
95.0 111.0 20.0 10.0
116.0 58.0 20.0 10.0
134.0 61.0 20.0 10.0
66.0 142.0 20.0 10.0
132.0 60.0 20.0 10.0
38.0 111.0 20.0 10.0
40.0 110.0 20.0 10.0
95.0 33.0 20.0 10.0
142.0 70.0 20.0 10.0
62.0 148.0 20.0 10.0
134.0 77.0 20.0 10.0
72.0 144.0 20.0 10.0
45.0 61.0 20.0 10.0
87.0 133.0 20.0 10.0
158.0 121.0 20.0 10.0
99.0 61.0 20.0 10.0
131.0 76.0 20.0 10.0
139.0 128.0 20.0 10.0
88.0 43.0 20.0 10.0
136.0 131.0 20.0 10.0
122.0 112.0 20.0 10.0
71.0 140.0 20.0 10.0
123.0 147.0 20.0 10.0
146.0 109.0 20.0 10.0
93.0 131.0 20.0 10.0
141.0 61.0 20.0 10.0
76.0 64.0 20.0 10.0
70.0 63.0 20.0 10.0
76.0 42.0 20.0 10.0
116.0 63.0 20.0 10.0
127.0 118.0 20.0 10.0
134.0 127.0 20.0 10.0
52.0 81.0 20.0 10.0
114.0 150.0 20.0 10.0
119.0 53.0 20.0 10.0
50.0 106.0 20.0 10.0
28.0 96.0 20.0 10.0
136.0 73.0 20.0 10.0
125.0 32.0 20.0 10.0
112.0 133.0 20.0 10.0
34.0 88.0 20.0 10.0
70.0 47.0 20.0 10.0
55.0 38.0 20.0 10.0
69.0 144.0 20.0 10.0
61.0 71.0 20.0 10.0
66.0 59.0 20.0 10.0
147.0 76.0 20.0 10.0
