1000
1328.0 2510.0 20.0 10.0
339.0 3215.0 20.0 10.0
365.0 3230.0 20.0 10.0
376.0 3209.0 20.0 10.0
409.0 3174.0 20.0 10.0
447.0 3141.0 20.0 10.0
490.0 3106.0 20.0 10.0
1233.0 2376.0 20.0 10.0
1245.0 2375.0 20.0 10.0
1260.0 2376.0 20.0 10.0
695.0 164.0 20.0 10.0
702.0 199.0 20.0 10.0
530.0 3775.0 20.0 10.0
532.0 3808.0 20.0 10.0
1580.0 1211.0 20.0 10.0
879.0 4083.0 20.0 10.0
1261.0 4255.0 20.0 10.0
2641.0 2118.0 20.0 10.0
1146.0 521.0 20.0 10.0
1149.0 537.0 20.0 10.0
1158.0 580.0 20.0 10.0
2809.0 1839.0 20.0 10.0
2906.0 2281.0 20.0 10.0
2891.0 2274.0 20.0 10.0
577.0 3121.0 20.0 10.0
597.0 3100.0 20.0 10.0
3274.0 1755.0 20.0 10.0
3259.0 1770.0 20.0 10.0
3260.0 1798.0 20.0 10.0
3204.0 1804.0 20.0 10.0
3148.0 1812.0 20.0 10.0
3090.0 1820.0 20.0 10.0
3430.0 1783.0 20.0 10.0
3415.0 1784.0 20.0 10.0
3367.0 1790.0 20.0 10.0
3315.0 1795.0 20.0 10.0
1130.0 480.0 20.0 10.0
1879.0 973.0 20.0 10.0
1866.0 1006.0 20.0 10.0
1855.0 1044.0 20.0 10.0
1852.0 1092.0 20.0 10.0
1851.0 1146.0 20.0 10.0
2876.0 2319.0 20.0 10.0
2867.0 2309.0 20.0 10.0
1843.0 729.0 20.0 10.0
1852.0 751.0 20.0 10.0
3380.0 2702.0 20.0 10.0
2042.0 1214.0 20.0 10.0
477.0 3226.0 20.0 10.0
1314.0 2367.0 20.0 10.0
1350.0 2371.0 20.0 10.0
1436.0 2301.0 20.0 10.0
1525.0 2220.0 20.0 10.0
2363.0 1847.0 20.0 10.0
3051.0 1831.0 20.0 10.0
3031.0 1828.0 20.0 10.0
3235.0 2634.0 20.0 10.0
420.0 3634.0 20.0 10.0
1811.0 1828.0 20.0 10.0
159.0 4203.0 20.0 10.0
1319.0 2486.0 20.0 10.0
3671.0 1743.0 20.0 10.0
582.0 204.0 20.0 10.0
599.0 211.0 20.0 10.0
1986.0 819.0 20.0 10.0
1991.0 843.0 20.0 10.0
1054.0 610.0 20.0 10.0
2560.0 2078.0 20.0 10.0
1319.0 2563.0 20.0 10.0
1123.0 624.0 20.0 10.0
1147.0 613.0 20.0 10.0
1169.0 626.0 20.0 10.0
1335.0 4223.0 20.0 10.0
1319.0 4227.0 20.0 10.0
1293.0 4222.0 20.0 10.0
1262.0 4220.0 20.0 10.0
1986.0 1256.0 20.0 10.0
3476.0 1776.0 20.0 10.0
606.0 177.0 20.0 10.0
644.0 212.0 20.0 10.0
517.0 3216.0 20.0 10.0
663.0 130.0 20.0 10.0
1234.0 2578.0 20.0 10.0
1304.0 2469.0 20.0 10.0
414.0 70.0 20.0 10.0
1183.0 2471.0 20.0 10.0
1068.0 272.0 20.0 10.0
3495.0 2879.0 20.0 10.0
3479.0 2860.0 20.0 10.0
3465.0 2840.0 20.0 10.0
586.0 3590.0 20.0 10.0
582.0 3612.0 20.0 10.0
576.0 3635.0 20.0 10.0
3287.0 1794.0 20.0 10.0
556.0 198.0 20.0 10.0
567.0 200.0 20.0 10.0
992.0 4040.0 20.0 10.0
965.0 4041.0 20.0 10.0
685.0 139.0 20.0 10.0
1861.0 813.0 20.0 10.0
1858.0 839.0 20.0 10.0
1856.0 868.0 20.0 10.0
3060.0 2422.0 20.0 10.0
3024.0 2422.0 20.0 10.0
2653.0 2095.0 20.0 10.0
2685.0 2061.0 20.0 10.0
2027.0 1927.0 20.0 10.0
2114.0 1950.0 20.0 10.0
70.0 3480.0 20.0 10.0
71.0 3451.0 20.0 10.0
87.0 3450.0 20.0 10.0
1113.0 419.0 20.0 10.0
95.0 3479.0 20.0 10.0
2786.0 1850.0 20.0 10.0
1334.0 2460.0 20.0 10.0
2240.0 1567.0 20.0 10.0
1440.0 2327.0 20.0 10.0
2518.0 1852.0 20.0 10.0
2505.0 1848.0 20.0 10.0
2474.0 1854.0 20.0 10.0
3450.0 2804.0 20.0 10.0
1254.0 2558.0 20.0 10.0
1272.0 2539.0 20.0 10.0
1288.0 2519.0 20.0 10.0
1311.0 2494.0 20.0 10.0
1849.0 1880.0 20.0 10.0
1938.0 1904.0 20.0 10.0
722.0 4066.0 20.0 10.0
3492.0 2797.0 20.0 10.0
1805.0 1816.0 20.0 10.0
1319.0 2536.0 20.0 10.0
1942.0 1284.0 20.0 10.0
1926.0 1301.0 20.0 10.0
2960.0 2374.0 20.0 10.0
2895.0 2324.0 20.0 10.0
2701.0 1848.0 20.0 10.0
2690.0 1851.0 20.0 10.0
2110.0 1795.0 20.0 10.0
566.0 3135.0 20.0 10.0
1288.0 2615.0 20.0 10.0
1284.0 2591.0 20.0 10.0
2002.0 1894.0 20.0 10.0
2831.0 1895.0 20.0 10.0
2847.0 1854.0 20.0 10.0
1119.0 499.0 20.0 10.0
1126.0 507.0 20.0 10.0
1134.0 518.0 20.0 10.0
1178.0 672.0 20.0 10.0
2212.0 1952.0 20.0 10.0
1265.0 707.0 20.0 10.0
1268.0 718.0 20.0 10.0
3291.0 2710.0 20.0 10.0
674.0 100.0 20.0 10.0
1707.0 1691.0 20.0 10.0
1723.0 1709.0 20.0 10.0
1971.0 900.0 20.0 10.0
3409.0 2660.0 20.0 10.0
1854.0 1838.0 20.0 10.0
1850.0 1813.0 20.0 10.0
1229.0 2701.0 20.0 10.0
1244.0 2679.0 20.0 10.0
1256.0 2657.0 20.0 10.0
1266.0 2633.0 20.0 10.0
1853.0 901.0 20.0 10.0
2140.0 1813.0 20.0 10.0
1130.0 670.0 20.0 10.0
1187.0 718.0 20.0 10.0
1242.0 775.0 20.0 10.0
2200.0 1943.0 20.0 10.0
2201.0 1953.0 20.0 10.0
2201.0 1976.0 20.0 10.0
969.0 564.0 20.0 10.0
977.0 564.0 20.0 10.0
987.0 562.0 20.0 10.0
1007.0 553.0 20.0 10.0
1022.0 569.0 20.0 10.0
3390.0 2652.0 20.0 10.0
3369.0 2649.0 20.0 10.0
3340.0 2631.0 20.0 10.0
1212.0 2380.0 20.0 10.0
1222.0 2377.0 20.0 10.0
133.0 4327.0 20.0 10.0
143.0 4311.0 20.0 10.0
157.0 4290.0 20.0 10.0
2072.0 1870.0 20.0 10.0
3454.0 2825.0 20.0 10.0
3292.0 2743.0 20.0 10.0
3278.0 2721.0 20.0 10.0
530.0 3155.0 20.0 10.0
2099.0 1819.0 20.0 10.0
730.0 279.0 20.0 10.0
856.0 2812.0 20.0 10.0
918.0 2756.0 20.0 10.0
2159.0 1833.0 20.0 10.0
2125.0 1838.0 20.0 10.0
2094.0 1849.0 20.0 10.0
195.0 4258.0 20.0 10.0
495.0 3939.0 20.0 10.0
2401.0 1631.0 20.0 10.0
2373.0 1628.0 20.0 10.0
3310.0 1756.0 20.0 10.0
3306.0 1784.0 20.0 10.0
686.0 3962.0 20.0 10.0
671.0 3966.0 20.0 10.0
652.0 3970.0 20.0 10.0
630.0 3903.0 20.0 10.0
601.0 3899.0 20.0 10.0
1089.0 2603.0 20.0 10.0
1117.0 2576.0 20.0 10.0
1192.0 2381.0 20.0 10.0
1367.0 2422.0 20.0 10.0
1401.0 2362.0 20.0 10.0
1304.0 2436.0 20.0 10.0
2501.0 1842.0 20.0 10.0
1296.0 2411.0 20.0 10.0
2803.0 1846.0 20.0 10.0
682.0 176.0 20.0 10.0
3637.0 1757.0 20.0 10.0
3606.0 1761.0 20.0 10.0
3573.0 1765.0 20.0 10.0
3056.0 2452.0 20.0 10.0
1112.0 491.0 20.0 10.0
3331.0 2632.0 20.0 10.0
3709.0 1738.0 20.0 10.0
3686.0 1749.0 20.0 10.0
3679.0 1760.0 20.0 10.0
773.0 2891.0 20.0 10.0
1878.0 1944.0 20.0 10.0
473.0 3073.0 20.0 10.0
431.0 3939.0 20.0 10.0
683.0 153.0 20.0 10.0
1850.0 1655.0 20.0 10.0
2079.0 611.0 20.0 10.0
490.0 4029.0 20.0 10.0
409.0 59.0 20.0 10.0
1304.0 811.0 20.0 10.0
25.0 3489.0 20.0 10.0
2075.0 670.0 20.0 10.0
2047.0 675.0 20.0 10.0
2031.0 698.0 20.0 10.0
2938.0 2313.0 20.0 10.0
2922.0 2301.0 20.0 10.0
2894.0 2296.0 20.0 10.0
2864.0 2286.0 20.0 10.0
503.0 3179.0 20.0 10.0
3137.0 2477.0 20.0 10.0
3111.0 2485.0 20.0 10.0
3085.0 2471.0 20.0 10.0
457.0 4024.0 20.0 10.0
2972.0 1837.0 20.0 10.0
1968.0 1271.0 20.0 10.0
1204.0 2338.0 20.0 10.0
1491.0 2394.0 20.0 10.0
1492.0 2382.0 20.0 10.0
113.0 3458.0 20.0 10.0
103.0 3429.0 20.0 10.0
121.0 3409.0 20.0 10.0
151.0 3399.0 20.0 10.0
182.0 3388.0 20.0 10.0
211.0 3370.0 20.0 10.0
1318.0 2390.0 20.0 10.0
1179.0 4192.0 20.0 10.0
1502.0 2436.0 20.0 10.0
1494.0 2415.0 20.0 10.0
1493.0 2399.0 20.0 10.0
299.0 3232.0 20.0 10.0
197.0 4199.0 20.0 10.0
3320.0 1851.0 20.0 10.0
1127.0 2506.0 20.0 10.0
1145.0 2495.0 20.0 10.0
445.0 3706.0 20.0 10.0
1576.0 1196.0 20.0 10.0
1572.0 1179.0 20.0 10.0
457.0 3741.0 20.0 10.0
470.0 3778.0 20.0 10.0
490.0 3815.0 20.0 10.0
1857.0 1112.0 20.0 10.0
982.0 2698.0 20.0 10.0
1048.0 2638.0 20.0 10.0
411.0 3632.0 20.0 10.0
546.0 3985.0 20.0 10.0
497.0 3206.0 20.0 10.0
1678.0 2058.0 20.0 10.0
2958.0 1894.0 20.0 10.0
1785.0 1270.0 20.0 10.0
1810.0 1266.0 20.0 10.0
1801.0 1294.0 20.0 10.0
1860.0 824.0 20.0 10.0
1653.0 2029.0 20.0 10.0
319.0 3245.0 20.0 10.0
3383.0 2638.0 20.0 10.0
663.0 98.0 20.0 10.0
679.0 121.0 20.0 10.0
1458.0 1009.0 20.0 10.0
2710.0 1846.0 20.0 10.0
1747.0 1182.0 20.0 10.0
1766.0 1185.0 20.0 10.0
521.0 3181.0 20.0 10.0
2329.0 1679.0 20.0 10.0
2317.0 1705.0 20.0 10.0
2465.0 1837.0 20.0 10.0
3688.0 1741.0 20.0 10.0
588.0 113.0 20.0 10.0
585.0 142.0 20.0 10.0
1097.0 373.0 20.0 10.0
1279.0 754.0 20.0 10.0
526.0 4020.0 20.0 10.0
3416.0 2734.0 20.0 10.0
3386.0 2731.0 20.0 10.0
3342.0 2694.0 20.0 10.0
1284.0 850.0 20.0 10.0
1093.0 269.0 20.0 10.0
1093.0 280.0 20.0 10.0
1092.0 295.0 20.0 10.0
1853.0 1762.0 20.0 10.0
2816.0 1896.0 20.0 10.0
2835.0 1876.0 20.0 10.0
3538.0 1769.0 20.0 10.0
2200.0 1670.0 20.0 10.0
2215.0 1689.0 20.0 10.0
1795.0 1971.0 20.0 10.0
1859.0 1868.0 20.0 10.0
1859.0 1857.0 20.0 10.0
1874.0 1781.0 20.0 10.0
2911.0 1819.0 20.0 10.0
684.0 2969.0 20.0 10.0
1988.0 813.0 20.0 10.0
1926.0 1202.0 20.0 10.0
1933.0 1221.0 20.0 10.0
2277.0 1720.0 20.0 10.0
2233.0 1750.0 20.0 10.0
582.0 3092.0 20.0 10.0
607.0 3083.0 20.0 10.0
1289.0 2399.0 20.0 10.0
1043.0 254.0 20.0 10.0
1057.0 271.0 20.0 10.0
3329.0 2648.0 20.0 10.0
49.0 4197.0 20.0 10.0
63.0 4204.0 20.0 10.0
91.0 4202.0 20.0 10.0
123.0 4200.0 20.0 10.0
565.0 3696.0 20.0 10.0
561.0 3733.0 20.0 10.0
551.0 3771.0 20.0 10.0
1284.0 2369.0 20.0 10.0
553.0 152.0 20.0 10.0
264.0 3326.0 20.0 10.0
291.0 3302.0 20.0 10.0
320.0 3275.0 20.0 10.0
1510.0 1069.0 20.0 10.0
1562.0 1129.0 20.0 10.0
583.0 3036.0 20.0 10.0
2027.0 1910.0 20.0 10.0
1792.0 1356.0 20.0 10.0
1777.0 1370.0 20.0 10.0
1798.0 1467.0 20.0 10.0
1812.0 1569.0 20.0 10.0
1824.0 1671.0 20.0 10.0
729.0 300.0 20.0 10.0
755.0 301.0 20.0 10.0
775.0 324.0 20.0 10.0
2954.0 2325.0 20.0 10.0
1109.0 407.0 20.0 10.0
1698.0 1655.0 20.0 10.0
1694.0 1680.0 20.0 10.0
3297.0 2737.0 20.0 10.0
516.0 3821.0 20.0 10.0
3663.0 2969.0 20.0 10.0
1534.0 2058.0 20.0 10.0
1560.0 2066.0 20.0 10.0
674.0 192.0 20.0 10.0
1303.0 2555.0 20.0 10.0
1312.0 2538.0 20.0 10.0
1306.0 2480.0 20.0 10.0
1777.0 1955.0 20.0 10.0
1075.0 620.0 20.0 10.0
2858.0 2265.0 20.0 10.0
2829.0 2274.0 20.0 10.0
2761.0 2224.0 20.0 10.0
484.0 3219.0 20.0 10.0
2014.0 779.0 20.0 10.0
723.0 2948.0 20.0 10.0
739.0 2919.0 20.0 10.0
797.0 2866.0 20.0 10.0
3270.0 2588.0 20.0 10.0
3258.0 2580.0 20.0 10.0
3231.0 2573.0 20.0 10.0
1124.0 455.0 20.0 10.0
1284.0 761.0 20.0 10.0
2981.0 1807.0 20.0 10.0
804.0 346.0 20.0 10.0
821.0 371.0 20.0 10.0
869.0 419.0 20.0 10.0
1920.0 819.0 20.0 10.0
893.0 454.0 20.0 10.0
918.0 467.0 20.0 10.0
969.0 517.0 20.0 10.0
2201.0 1761.0 20.0 10.0
2211.0 1789.0 20.0 10.0
2202.0 1829.0 20.0 10.0
2945.0 1846.0 20.0 10.0
2930.0 1851.0 20.0 10.0
1423.0 2230.0 20.0 10.0
1444.0 2237.0 20.0 10.0
24.0 4207.0 20.0 10.0
42.0 4206.0 20.0 10.0
442.0 3070.0 20.0 10.0
452.0 3069.0 20.0 10.0
462.0 3070.0 20.0 10.0
1534.0 2359.0 20.0 10.0
1537.0 2337.0 20.0 10.0
1521.0 2330.0 20.0 10.0
1501.0 2313.0 20.0 10.0
149.0 4187.0 20.0 10.0
175.0 4180.0 20.0 10.0
1452.0 2347.0 20.0 10.0
2267.0 1797.0 20.0 10.0
2242.0 1804.0 20.0 10.0
1163.0 2482.0 20.0 10.0
2232.0 1580.0 20.0 10.0
2447.0 1847.0 20.0 10.0
2429.0 1852.0 20.0 10.0
2964.0 1913.0 20.0 10.0
1390.0 967.0 20.0 10.0
1406.0 949.0 20.0 10.0
654.0 177.0 20.0 10.0
988.0 2676.0 20.0 10.0
1016.0 2663.0 20.0 10.0
390.0 45.0 20.0 10.0
1490.0 2371.0 20.0 10.0
2067.0 608.0 20.0 10.0
2055.0 627.0 20.0 10.0
1962.0 924.0 20.0 10.0
1937.0 977.0 20.0 10.0
2009.0 744.0 20.0 10.0
2018.0 722.0 20.0 10.0
535.0 3071.0 20.0 10.0
2345.0 1638.0 20.0 10.0
2324.0 1657.0 20.0 10.0
2302.0 1686.0 20.0 10.0
536.0 39.0 20.0 10.0
552.0 63.0 20.0 10.0
567.0 86.0 20.0 10.0
382.0 4142.0 20.0 10.0
1723.0 1308.0 20.0 10.0
3620.0 2921.0 20.0 10.0
3367.0 1777.0 20.0 10.0
3342.0 1790.0 20.0 10.0
2211.0 1660.0 20.0 10.0
1616.0 2076.0 20.0 10.0
1590.0 2061.0 20.0 10.0
1598.0 2036.0 20.0 10.0
1492.0 2221.0 20.0 10.0
3069.0 2467.0 20.0 10.0
1758.0 1142.0 20.0 10.0
1770.0 1159.0 20.0 10.0
1175.0 591.0 20.0 10.0
1032.0 164.0 20.0 10.0
1043.0 185.0 20.0 10.0
1047.0 199.0 20.0 10.0
2144.0 1837.0 20.0 10.0
2216.0 1771.0 20.0 10.0
2187.0 1780.0 20.0 10.0
1192.0 4204.0 20.0 10.0
1154.0 4191.0 20.0 10.0
1117.0 4178.0 20.0 10.0
2063.0 1876.0 20.0 10.0
2987.0 2381.0 20.0 10.0
3254.0 1829.0 20.0 10.0
710.0 209.0 20.0 10.0
718.0 237.0 20.0 10.0
2313.0 1793.0 20.0 10.0
2300.0 1794.0 20.0 10.0
2081.0 583.0 20.0 10.0
2070.0 601.0 20.0 10.0
1615.0 2137.0 20.0 10.0
1705.0 2054.0 20.0 10.0
2289.0 1852.0 20.0 10.0
416.0 3727.0 20.0 10.0
428.0 3740.0 20.0 10.0
2946.0 1896.0 20.0 10.0
1668.0 1248.0 20.0 10.0
1734.0 1717.0 20.0 10.0
531.0 3219.0 20.0 10.0
534.0 3196.0 20.0 10.0
552.0 3168.0 20.0 10.0
1227.0 4215.0 20.0 10.0
2741.0 2014.0 20.0 10.0
1909.0 1031.0 20.0 10.0
1881.0 1087.0 20.0 10.0
1053.0 4321.0 20.0 10.0
1048.0 4305.0 20.0 10.0
1043.0 4286.0 20.0 10.0
1034.0 4265.0 20.0 10.0
1902.0 854.0 20.0 10.0
1776.0 1239.0 20.0 10.0
1218.0 2464.0 20.0 10.0
1844.0 1151.0 20.0 10.0
1840.0 1164.0 20.0 10.0
1827.0 1187.0 20.0 10.0
1827.0 1218.0 20.0 10.0
1858.0 780.0 20.0 10.0
2395.0 1662.0 20.0 10.0
3654.0 1753.0 20.0 10.0
3459.0 1779.0 20.0 10.0
3049.0 1837.0 20.0 10.0
3599.0 2948.0 20.0 10.0
1467.0 2354.0 20.0 10.0
1461.0 2329.0 20.0 10.0
1470.0 2303.0 20.0 10.0
1528.0 2384.0 20.0 10.0
1070.0 4278.0 20.0 10.0
3348.0 1754.0 20.0 10.0
3326.0 1769.0 20.0 10.0
638.0 3041.0 20.0 10.0
654.0 3015.0 20.0 10.0
2374.0 1676.0 20.0 10.0
2350.0 1690.0 20.0 10.0
1291.0 779.0 20.0 10.0
1295.0 801.0 20.0 10.0
1298.0 832.0 20.0 10.0
2926.0 1894.0 20.0 10.0
2299.0 1670.0 20.0 10.0
2302.0 1699.0 20.0 10.0
2903.0 1885.0 20.0 10.0
2888.0 1880.0 20.0 10.0
2871.0 1875.0 20.0 10.0
87.0 4226.0 20.0 10.0
100.0 4216.0 20.0 10.0
539.0 4049.0 20.0 10.0
1093.0 311.0 20.0 10.0
1093.0 329.0 20.0 10.0
3273.0 2734.0 20.0 10.0
3273.0 2721.0 20.0 10.0
3269.0 2704.0 20.0 10.0
3262.0 2684.0 20.0 10.0
1137.0 495.0 20.0 10.0
1077.0 4168.0 20.0 10.0
1033.0 4160.0 20.0 10.0
173.0 4261.0 20.0 10.0
207.0 4232.0 20.0 10.0
238.0 4197.0 20.0 10.0
281.0 4169.0 20.0 10.0
327.0 4140.0 20.0 10.0
373.0 4110.0 20.0 10.0
474.0 3088.0 20.0 10.0
2060.0 632.0 20.0 10.0
2043.0 655.0 20.0 10.0
2030.0 685.0 20.0 10.0
1825.0 1402.0 20.0 10.0
1547.0 2144.0 20.0 10.0
1567.0 2151.0 20.0 10.0
1195.0 2398.0 20.0 10.0
2215.0 1813.0 20.0 10.0
2186.0 1823.0 20.0 10.0
2977.0 2339.0 20.0 10.0
2967.0 2334.0 20.0 10.0
3244.0 1803.0 20.0 10.0
1605.0 2099.0 20.0 10.0
1837.0 1776.0 20.0 10.0
3409.0 2676.0 20.0 10.0
3388.0 2661.0 20.0 10.0
1853.0 934.0 20.0 10.0
1851.0 968.0 20.0 10.0
1851.0 1005.0 20.0 10.0
2001.0 1242.0 20.0 10.0
1828.0 1674.0 20.0 10.0
1237.0 4270.0 20.0 10.0
1239.0 4242.0 20.0 10.0
1771.0 1765.0 20.0 10.0
2065.0 653.0 20.0 10.0
1626.0 2042.0 20.0 10.0
1651.0 2057.0 20.0 10.0
423.0 4081.0 20.0 10.0
474.0 4051.0 20.0 10.0
2404.0 1995.0 20.0 10.0
2340.0 1693.0 20.0 10.0
1911.0 1281.0 20.0 10.0
1100.0 2521.0 20.0 10.0
79.0 3497.0 20.0 10.0
1987.0 1904.0 20.0 10.0
1977.0 1908.0 20.0 10.0
1759.0 1202.0 20.0 10.0
1764.0 1213.0 20.0 10.0
1775.0 1234.0 20.0 10.0
2933.0 1893.0 20.0 10.0
2919.0 1889.0 20.0 10.0
1667.0 1656.0 20.0 10.0
1679.0 1666.0 20.0 10.0
3280.0 2593.0 20.0 10.0
2879.0 1854.0 20.0 10.0
2864.0 1865.0 20.0 10.0
2852.0 1867.0 20.0 10.0
460.0 3907.0 20.0 10.0
456.0 3935.0 20.0 10.0
463.0 3959.0 20.0 10.0
492.0 3969.0 20.0 10.0
511.0 3998.0 20.0 10.0
1827.0 1849.0 20.0 10.0
2007.0 1238.0 20.0 10.0
1993.0 1249.0 20.0 10.0
1975.0 1264.0 20.0 10.0
1952.0 1283.0 20.0 10.0
2012.0 740.0 20.0 10.0
2010.0 769.0 20.0 10.0
2001.0 820.0 20.0 10.0
1561.0 1960.0 20.0 10.0
1547.0 1982.0 20.0 10.0
277.0 4202.0 20.0 10.0
1780.0 1247.0 20.0 10.0
1789.0 1262.0 20.0 10.0
1266.0 4200.0 20.0 10.0
1558.0 1992.0 20.0 10.0
1569.0 2002.0 20.0 10.0
1861.0 1692.0 20.0 10.0
1323.0 894.0 20.0 10.0
1332.0 896.0 20.0 10.0
1989.0 1131.0 20.0 10.0
3012.0 2371.0 20.0 10.0
2036.0 648.0 20.0 10.0
2035.0 664.0 20.0 10.0
2953.0 2361.0 20.0 10.0
1285.0 2586.0 20.0 10.0
3301.0 1848.0 20.0 10.0
3332.0 1795.0 20.0 10.0
410.0 4145.0 20.0 10.0
411.0 4114.0 20.0 10.0
1056.0 230.0 20.0 10.0
1061.0 249.0 20.0 10.0
933.0 505.0 20.0 10.0
943.0 506.0 20.0 10.0
1234.0 2359.0 20.0 10.0
1245.0 2366.0 20.0 10.0
1051.0 214.0 20.0 10.0
569.0 160.0 20.0 10.0
319.0 3220.0 20.0 10.0
343.0 3227.0 20.0 10.0
677.0 149.0 20.0 10.0
2961.0 1822.0 20.0 10.0
2937.0 1829.0 20.0 10.0
3300.0 1838.0 20.0 10.0
1856.0 770.0 20.0 10.0
2817.0 1834.0 20.0 10.0
2827.0 1856.0 20.0 10.0
1248.0 2645.0 20.0 10.0
1266.0 2624.0 20.0 10.0
1280.0 2603.0 20.0 10.0
2255.0 1548.0 20.0 10.0
1259.0 2494.0 20.0 10.0
1557.0 2436.0 20.0 10.0
1545.0 2414.0 20.0 10.0
1534.0 2397.0 20.0 10.0
3172.0 2532.0 20.0 10.0
138.0 4282.0 20.0 10.0
466.0 97.0 20.0 10.0
1142.0 639.0 20.0 10.0
1861.0 879.0 20.0 10.0
3275.0 1830.0 20.0 10.0
3264.0 1821.0 20.0 10.0
3240.0 1830.0 20.0 10.0
3228.0 1809.0 20.0 10.0
968.0 4059.0 20.0 10.0
938.0 4048.0 20.0 10.0
906.0 4059.0 20.0 10.0
2911.0 1881.0 20.0 10.0
463.0 3714.0 20.0 10.0
3502.0 2814.0 20.0 10.0
3486.0 2803.0 20.0 10.0
2180.0 1818.0 20.0 10.0
375.0 25.0 20.0 10.0
388.0 36.0 20.0 10.0
416.0 32.0 20.0 10.0
435.0 55.0 20.0 10.0
445.0 84.0 20.0 10.0
1899.0 899.0 20.0 10.0
2217.0 1719.0 20.0 10.0
2841.0 1883.0 20.0 10.0
1258.0 4284.0 20.0 10.0
522.0 3964.0 20.0 10.0
1353.0 2448.0 20.0 10.0
1597.0 2112.0 20.0 10.0
1597.0 2103.0 20.0 10.0
1589.0 2081.0 20.0 10.0
1508.0 1103.0 20.0 10.0
1507.0 1093.0 20.0 10.0
2455.0 1838.0 20.0 10.0
2431.0 1836.0 20.0 10.0
525.0 103.0 20.0 10.0
542.0 120.0 20.0 10.0
558.0 134.0 20.0 10.0
1456.0 2370.0 20.0 10.0
2000.0 796.0 20.0 10.0
1328.0 2501.0 20.0 10.0
1249.0 822.0 20.0 10.0
2118.0 1876.0 20.0 10.0
2044.0 1887.0 20.0 10.0
1961.0 1916.0 20.0 10.0
44.0 3473.0 20.0 10.0
64.0 3457.0 20.0 10.0
3054.0 2406.0 20.0 10.0
3042.0 2431.0 20.0 10.0
3062.0 2415.0 20.0 10.0
2895.0 2352.0 20.0 10.0
2885.0 2337.0 20.0 10.0
2879.0 2325.0 20.0 10.0
2129.0 1775.0 20.0 10.0
933.0 4096.0 20.0 10.0
909.0 4082.0 20.0 10.0
488.0 111.0 20.0 10.0
2205.0 1608.0 20.0 10.0
710.0 2935.0 20.0 10.0
702.0 264.0 20.0 10.0
1460.0 2217.0 20.0 10.0
34.0 3523.0 20.0 10.0
50.0 3502.0 20.0 10.0
2472.0 2039.0 20.0 10.0
3028.0 2446.0 20.0 10.0
1278.0 2482.0 20.0 10.0
1120.0 2509.0 20.0 10.0
1984.0 871.0 20.0 10.0
481.0 4083.0 20.0 10.0
481.0 4059.0 20.0 10.0
1066.0 282.0 20.0 10.0
1074.0 295.0 20.0 10.0
1084.0 321.0 20.0 10.0
1525.0 1971.0 20.0 10.0
1536.0 1977.0 20.0 10.0
497.0 3153.0 20.0 10.0
3455.0 2775.0 20.0 10.0
1193.0 2486.0 20.0 10.0
2775.0 1961.0 20.0 10.0
2804.0 1929.0 20.0 10.0
781.0 354.0 20.0 10.0
1358.0 4240.0 20.0 10.0
1344.0 4232.0 20.0 10.0
1278.0 745.0 20.0 10.0
1060.0 2546.0 20.0 10.0
1080.0 2533.0 20.0 10.0
1138.0 2570.0 20.0 10.0
1161.0 2543.0 20.0 10.0
1190.0 2510.0 20.0 10.0
1266.0 2441.0 20.0 10.0
479.0 3082.0 20.0 10.0
498.0 3066.0 20.0 10.0
1540.0 2056.0 20.0 10.0
2343.0 1698.0 20.0 10.0
590.0 3573.0 20.0 10.0
1743.0 1732.0 20.0 10.0
476.0 4099.0 20.0 10.0
1897.0 1319.0 20.0 10.0
1875.0 1357.0 20.0 10.0
1851.0 1393.0 20.0 10.0
1826.0 1430.0 20.0 10.0
1543.0 2043.0 20.0 10.0
1553.0 2045.0 20.0 10.0
1571.0 2042.0 20.0 10.0
516.0 3207.0 20.0 10.0
531.0 3190.0 20.0 10.0
1589.0 2173.0 20.0 10.0
512.0 126.0 20.0 10.0
1008.0 4033.0 20.0 10.0
1694.0 2036.0 20.0 10.0
347.0 3244.0 20.0 10.0
632.0 3003.0 20.0 10.0
504.0 3162.0 20.0 10.0
1640.0 1189.0 20.0 10.0
1615.0 1187.0 20.0 10.0
1361.0 4230.0 20.0 10.0
1965.0 1145.0 20.0 10.0
1959.0 1160.0 20.0 10.0
1953.0 1185.0 20.0 10.0
1922.0 926.0 20.0 10.0
1895.0 921.0 20.0 10.0
1890.0 944.0 20.0 10.0
1921.0 1317.0 20.0 10.0
2528.0 1855.0 20.0 10.0
537.0 3707.0 20.0 10.0
3400.0 2691.0 20.0 10.0
3378.0 2675.0 20.0 10.0
3356.0 2663.0 20.0 10.0
1025.0 4243.0 20.0 10.0
3098.0 2434.0 20.0 10.0
3083.0 2426.0 20.0 10.0
423.0 3650.0 20.0 10.0
2516.0 2032.0 20.0 10.0
2494.0 2041.0 20.0 10.0
2471.0 2051.0 20.0 10.0
138.0 3445.0 20.0 10.0
53.0 4311.0 20.0 10.0
83.0 4311.0 20.0 10.0
114.0 4306.0 20.0 10.0
1597.0 1999.0 20.0 10.0
1619.0 2014.0 20.0 10.0
521.0 39.0 20.0 10.0
520.0 67.0 20.0 10.0
2212.0 1609.0 20.0 10.0
2197.0 1628.0 20.0 10.0
719.0 295.0 20.0 10.0
1252.0 4207.0 20.0 10.0
74.0 4285.0 20.0 10.0
1414.0 2233.0 20.0 10.0
597.0 219.0 20.0 10.0
609.0 220.0 20.0 10.0
627.0 226.0 20.0 10.0
1299.0 2565.0 20.0 10.0
1321.0 2521.0 20.0 10.0
1345.0 2476.0 20.0 10.0
1907.0 849.0 20.0 10.0
1903.0 863.0 20.0 10.0
1901.0 881.0 20.0 10.0
516.0 85.0 20.0 10.0
625.0 3059.0 20.0 10.0
1762.0 1757.0 20.0 10.0
1446.0 2384.0 20.0 10.0
923.0 485.0 20.0 10.0
934.0 492.0 20.0 10.0
958.0 487.0 20.0 10.0
3301.0 2624.0 20.0 10.0
3255.0 2609.0 20.0 10.0
3200.0 2566.0 20.0 10.0
3143.0 2519.0 20.0 10.0
1094.0 350.0 20.0 10.0
1104.0 384.0 20.0 10.0
1059.0 239.0 20.0 10.0
1167.0 590.0 20.0 10.0
1158.0 608.0 20.0 10.0
2302.0 1959.0 20.0 10.0
2291.0 1980.0 20.0 10.0
2287.0 2002.0 20.0 10.0
3068.0 1822.0 20.0 10.0
1838.0 1789.0 20.0 10.0
2126.0 1808.0 20.0 10.0
120.0 3423.0 20.0 10.0
1222.0 2353.0 20.0 10.0
2384.0 2011.0 20.0 10.0
2372.0 2030.0 20.0 10.0
2456.0 2060.0 20.0 10.0
1941.0 1190.0 20.0 10.0
1949.0 1216.0 20.0 10.0
1931.0 1247.0 20.0 10.0
238.0 3349.0 20.0 10.0
323.0 3208.0 20.0 10.0
3330.0 2674.0 20.0 10.0
1907.0 1232.0 20.0 10.0
1893.0 1256.0 20.0 10.0
2726.0 1848.0 20.0 10.0
2665.0 1847.0 20.0 10.0
2603.0 1848.0 20.0 10.0
2539.0 1850.0 20.0 10.0
3644.0 2949.0 20.0 10.0
3625.0 2930.0 20.0 10.0
3596.0 2918.0 20.0 10.0
3584.0 2891.0 20.0 10.0
3560.0 2868.0 20.0 10.0
3534.0 2844.0 20.0 10.0
3500.0 2822.0 20.0 10.0
3465.0 2793.0 20.0 10.0
1616.0 1205.0 20.0 10.0
104.0 4289.0 20.0 10.0
548.0 3193.0 20.0 10.0
1860.0 791.0 20.0 10.0
465.0 3117.0 20.0 10.0
1582.0 1223.0 20.0 10.0
538.0 141.0 20.0 10.0
1272.0 730.0 20.0 10.0
2232.0 1601.0 20.0 10.0
2229.0 1622.0 20.0 10.0
1788.0 1383.0 20.0 10.0
2538.0 2093.0 20.0 10.0
3055.0 2435.0 20.0 10.0
702.0 153.0 20.0 10.0
699.0 173.0 20.0 10.0
2910.0 1845.0 20.0 10.0
2028.0 626.0 20.0 10.0
692.0 4070.0 20.0 10.0
637.0 4056.0 20.0 10.0
582.0 4040.0 20.0 10.0
1412.0 2221.0 20.0 10.0
1424.0 2222.0 20.0 10.0
3597.0 2903.0 20.0 10.0
632.0 3974.0 20.0 10.0
608.0 3979.0 20.0 10.0
580.0 3987.0 20.0 10.0
1854.0 1733.0 20.0 10.0
1830.0 1722.0 20.0 10.0
1832.0 1695.0 20.0 10.0
2717.0 2028.0 20.0 10.0
2747.0 1994.0 20.0 10.0
3516.0 1772.0 20.0 10.0
436.0 3675.0 20.0 10.0
3250.0 2661.0 20.0 10.0
3284.0 1830.0 20.0 10.0
2028.0 1202.0 20.0 10.0
2021.0 1227.0 20.0 10.0
1566.0 1159.0 20.0 10.0
548.0 3216.0 20.0 10.0
2284.0 1795.0 20.0 10.0
432.0 80.0 20.0 10.0
3362.0 2643.0 20.0 10.0
875.0 2807.0 20.0 10.0
893.0 2783.0 20.0 10.0
3427.0 2747.0 20.0 10.0
2216.0 1752.0 20.0 10.0
3550.0 2859.0 20.0 10.0
3514.0 2816.0 20.0 10.0
401.0 3616.0 20.0 10.0
1983.0 1158.0 20.0 10.0
581.0 3907.0 20.0 10.0
569.0 3927.0 20.0 10.0
3299.0 2652.0 20.0 10.0
1851.0 1546.0 20.0 10.0
1822.0 1542.0 20.0 10.0
399.0 4181.0 20.0 10.0
404.0 4164.0 20.0 10.0
2221.0 1641.0 20.0 10.0
2365.0 1681.0 20.0 10.0
1102.0 371.0 20.0 10.0
3427.0 2765.0 20.0 10.0
2191.0 1866.0 20.0 10.0
479.0 4004.0 20.0 10.0
515.0 3853.0 20.0 10.0
519.0 3907.0 20.0 10.0
1931.0 868.0 20.0 10.0
1919.0 882.0 20.0 10.0
1919.0 902.0 20.0 10.0
250.0 3296.0 20.0 10.0
275.0 3308.0 20.0 10.0
537.0 56.0 20.0 10.0
545.0 85.0 20.0 10.0
566.0 111.0 20.0 10.0
1115.0 612.0 20.0 10.0
1123.0 617.0 20.0 10.0
371.0 4082.0 20.0 10.0
392.0 4074.0 20.0 10.0
1499.0 2354.0 20.0 10.0
1501.0 2324.0 20.0 10.0
1499.0 2289.0 20.0 10.0
1514.0 2255.0 20.0 10.0
249.0 4167.0 20.0 10.0
3500.0 1774.0 20.0 10.0
2218.0 1587.0 20.0 10.0
2219.0 1597.0 20.0 10.0
2405.0 1856.0 20.0 10.0
2336.0 1860.0 20.0 10.0
2263.0 1863.0 20.0 10.0
2716.0 2166.0 20.0 10.0
2692.0 2176.0 20.0 10.0
2620.0 2129.0 20.0 10.0
1566.0 2424.0 20.0 10.0
1767.0 1366.0 20.0 10.0
535.0 3725.0 20.0 10.0
533.0 3745.0 20.0 10.0
565.0 3957.0 20.0 10.0
1784.0 1786.0 20.0 10.0
508.0 4080.0 20.0 10.0
510.0 4055.0 20.0 10.0
1604.0 2157.0 20.0 10.0
1910.0 836.0 20.0 10.0
1153.0 2493.0 20.0 10.0
1179.0 2484.0 20.0 10.0
1978.0 1128.0 20.0 10.0
570.0 3663.0 20.0 10.0
1353.0 889.0 20.0 10.0
1913.0 1251.0 20.0 10.0
3662.0 1754.0 20.0 10.0
2323.0 1792.0 20.0 10.0
3217.0 2603.0 20.0 10.0
1585.0 2169.0 20.0 10.0
540.0 3187.0 20.0 10.0
1234.0 817.0 20.0 10.0
1244.0 821.0 20.0 10.0
1256.0 826.0 20.0 10.0
1270.0 833.0 20.0 10.0
1529.0 2306.0 20.0 10.0
1592.0 2156.0 20.0 10.0
2033.0 709.0 20.0 10.0
2021.0 726.0 20.0 10.0
3294.0 1828.0 20.0 10.0
1517.0 2067.0 20.0 10.0
2116.0 1931.0 20.0 10.0
340.0 3266.0 20.0 10.0
510.0 3088.0 20.0 10.0
1681.0 1671.0 20.0 10.0
1017.0 4214.0 20.0 10.0
1006.0 4184.0 20.0 10.0
988.0 4154.0 20.0 10.0
941.0 4142.0 20.0 10.0
895.0 4125.0 20.0 10.0
583.0 100.0 20.0 10.0
460.0 3243.0 20.0 10.0
620.0 220.0 20.0 10.0
649.0 237.0 20.0 10.0
683.0 247.0 20.0 10.0
1512.0 1961.0 20.0 10.0
862.0 4128.0 20.0 10.0
847.0 4105.0 20.0 10.0
797.0 4094.0 20.0 10.0
744.0 4083.0 20.0 10.0
2844.0 2283.0 20.0 10.0
1336.0 907.0 20.0 10.0
