1000
106.0 101.0 20.0 10.0
97.0 107.0 20.0 10.0
97.0 86.0 20.0 10.0
95.0 102.0 20.0 10.0
96.0 100.0 20.0 10.0
106.0 100.0 20.0 10.0
85.0 84.0 20.0 10.0
105.0 87.0 20.0 10.0
96.0 95.0 20.0 10.0
103.0 90.0 20.0 10.0
120.0 89.0 20.0 10.0
113.0 110.0 20.0 10.0
113.0 101.0 20.0 10.0
89.0 80.0 20.0 10.0
100.0 90.0 20.0 10.0
111.0 108.0 20.0 10.0
95.0 91.0 20.0 10.0
102.0 101.0 20.0 10.0
82.0 101.0 20.0 10.0
92.0 118.0 20.0 10.0
114.0 77.0 20.0 10.0
82.0 106.0 20.0 10.0
93.0 112.0 20.0 10.0
107.0 102.0 20.0 10.0
100.0 81.0 20.0 10.0
102.0 109.0 20.0 10.0
88.0 109.0 20.0 10.0
107.0 76.0 20.0 10.0
99.0 86.0 20.0 10.0
98.0 84.0 20.0 10.0
90.0 116.0 20.0 10.0
88.0 118.0 20.0 10.0
110.0 107.0 20.0 10.0
74.0 109.0 20.0 10.0
104.0 102.0 20.0 10.0
97.0 62.0 20.0 10.0
100.0 105.0 20.0 10.0
125.0 79.0 20.0 10.0
88.0 79.0 20.0 10.0
73.0 112.0 20.0 10.0
104.0 72.0 20.0 10.0
101.0 72.0 20.0 10.0
94.0 105.0 20.0 10.0
92.0 102.0 20.0 10.0
116.0 98.0 20.0 10.0
106.0 103.0 20.0 10.0
84.0 121.0 20.0 10.0
98.0 118.0 20.0 10.0
76.0 107.0 20.0 10.0
113.0 95.0 20.0 10.0
83.0 123.0 20.0 10.0
63.0 94.0 20.0 10.0
92.0 99.0 20.0 10.0
121.0 91.0 20.0 10.0
102.0 66.0 20.0 10.0
79.0 85.0 20.0 10.0
89.0 96.0 20.0 10.0
101.0 115.0 20.0 10.0
92.0 110.0 20.0 10.0
95.0 118.0 20.0 10.0
99.0 119.0 20.0 10.0
88.0 104.0 20.0 10.0
98.0 131.0 20.0 10.0
118.0 91.0 20.0 10.0
100.0 92.0 20.0 10.0
78.0 111.0 20.0 10.0
106.0 120.0 20.0 10.0
125.0 120.0 20.0 10.0
99.0 100.0 20.0 10.0
104.0 86.0 20.0 10.0
125.0 106.0 20.0 10.0
95.0 110.0 20.0 10.0
116.0 112.0 20.0 10.0
87.0 107.0 20.0 10.0
100.0 64.0 20.0 10.0
125.0 108.0 20.0 10.0
105.0 98.0 20.0 10.0
112.0 83.0 20.0 10.0
103.0 97.0 20.0 10.0
99.0 127.0 20.0 10.0
96.0 120.0 20.0 10.0
94.0 129.0 20.0 10.0
79.0 103.0 20.0 10.0
103.0 60.0 20.0 10.0
91.0 112.0 20.0 10.0
77.0 88.0 20.0 10.0
66.0 81.0 20.0 10.0
86.0 147.0 20.0 10.0
83.0 73.0 20.0 10.0
114.0 96.0 20.0 10.0
110.0 53.0 20.0 10.0
94.0 82.0 20.0 10.0
66.0 79.0 20.0 10.0
92.0 82.0 20.0 10.0
109.0 144.0 20.0 10.0
128.0 75.0 20.0 10.0
102.0 133.0 20.0 10.0
86.0 117.0 20.0 10.0
114.0 63.0 20.0 10.0
91.0 121.0 20.0 10.0
133.0 115.0 20.0 10.0
98.0 139.0 20.0 10.0
87.0 110.0 20.0 10.0
69.0 123.0 20.0 10.0
101.0 82.0 20.0 10.0
76.0 94.0 20.0 10.0
71.0 71.0 20.0 10.0
111.0 57.0 20.0 10.0
103.0 112.0 20.0 10.0
108.0 55.0 20.0 10.0
121.0 112.0 20.0 10.0
118.0 89.0 20.0 10.0
122.0 53.0 20.0 10.0
122.0 135.0 20.0 10.0
80.0 113.0 20.0 10.0
94.0 68.0 20.0 10.0
78.0 108.0 20.0 10.0
77.0 123.0 20.0 10.0
78.0 77.0 20.0 10.0
130.0 93.0 20.0 10.0
103.0 68.0 20.0 10.0
133.0 135.0 20.0 10.0
86.0 105.0 20.0 10.0
135.0 111.0 20.0 10.0
122.0 65.0 20.0 10.0
90.0 88.0 20.0 10.0
104.0 122.0 20.0 10.0
108.0 96.0 20.0 10.0
70.0 114.0 20.0 10.0
114.0 87.0 20.0 10.0
90.0 90.0 20.0 10.0
85.0 91.0 20.0 10.0
133.0 94.0 20.0 10.0
73.0 124.0 20.0 10.0
118.0 98.0 20.0 10.0
113.0 113.0 20.0 10.0
102.0 80.0 20.0 10.0
81.0 65.0 20.0 10.0
84.0 111.0 20.0 10.0
107.0 61.0 20.0 10.0
75.0 117.0 20.0 10.0
124.0 83.0 20.0 10.0
105.0 83.0 20.0 10.0
117.0 108.0 20.0 10.0
106.0 95.0 20.0 10.0
93.0 136.0 20.0 10.0
126.0 70.0 20.0 10.0
114.0 88.0 20.0 10.0
72.0 85.0 20.0 10.0
121.0 72.0 20.0 10.0
79.0 81.0 20.0 10.0
96.0 63.0 20.0 10.0
94.0 124.0 20.0 10.0
80.0 128.0 20.0 10.0
103.0 78.0 20.0 10.0
62.0 76.0 20.0 10.0
56.0 78.0 20.0 10.0
104.0 63.0 20.0 10.0
128.0 85.0 20.0 10.0
86.0 70.0 20.0 10.0
89.0 75.0 20.0 10.0
72.0 97.0 20.0 10.0
101.0 75.0 20.0 10.0
131.0 88.0 20.0 10.0
59.0 106.0 20.0 10.0
76.0 84.0 20.0 10.0
91.0 93.0 20.0 10.0
127.0 118.0 20.0 10.0
69.0 78.0 20.0 10.0
96.0 79.0 20.0 10.0
101.0 62.0 20.0 10.0
124.0 114.0 20.0 10.0
125.0 95.0 20.0 10.0
56.0 83.0 20.0 10.0
106.0 148.0 20.0 10.0
77.0 126.0 20.0 10.0
98.0 75.0 20.0 10.0
127.0 117.0 20.0 10.0
108.0 90.0 20.0 10.0
73.0 95.0 20.0 10.0
72.0 133.0 20.0 10.0
118.0 117.0 20.0 10.0
68.0 84.0 20.0 10.0
137.0 99.0 20.0 10.0
105.0 55.0 20.0 10.0
115.0 68.0 20.0 10.0
104.0 100.0 20.0 10.0
107.0 110.0 20.0 10.0
74.0 92.0 20.0 10.0
125.0 117.0 20.0 10.0
124.0 69.0 20.0 10.0
98.0 115.0 20.0 10.0
115.0 73.0 20.0 10.0
63.0 137.0 20.0 10.0
75.0 111.0 20.0 10.0
90.0 70.0 20.0 10.0
84.0 135.0 20.0 10.0
68.0 67.0 20.0 10.0
138.0 75.0 20.0 10.0
147.0 116.0 20.0 10.0
111.0 86.0 20.0 10.0
131.0 80.0 20.0 10.0
55.0 103.0 20.0 10.0
83.0 76.0 20.0 10.0
77.0 98.0 20.0 10.0
96.0 58.0 20.0 10.0
96.0 88.0 20.0 10.0
98.0 68.0 20.0 10.0
62.0 106.0 20.0 10.0
103.0 106.0 20.0 10.0
122.0 131.0 20.0 10.0
98.0 128.0 20.0 10.0
112.0 142.0 20.0 10.0
66.0 72.0 20.0 10.0
107.0 68.0 20.0 10.0
67.0 105.0 20.0 10.0
74.0 98.0 20.0 10.0
127.0 97.0 20.0 10.0
138.0 101.0 20.0 10.0
122.0 79.0 20.0 10.0
76.0 81.0 20.0 10.0
77.0 105.0 20.0 10.0
120.0 106.0 20.0 10.0
67.0 107.0 20.0 10.0
80.0 90.0 20.0 10.0
111.0 80.0 20.0 10.0
111.0 111.0 20.0 10.0
120.0 79.0 20.0 10.0
71.0 51.0 20.0 10.0
110.0 67.0 20.0 10.0
82.0 94.0 20.0 10.0
133.0 89.0 20.0 10.0
125.0 129.0 20.0 10.0
107.0 126.0 20.0 10.0
104.0 119.0 20.0 10.0
102.0 121.0 20.0 10.0
100.0 78.0 20.0 10.0
86.0 82.0 20.0 10.0
91.0 69.0 20.0 10.0
65.0 89.0 20.0 10.0
73.0 67.0 20.0 10.0
114.0 133.0 20.0 10.0
98.0 70.0 20.0 10.0
84.0 87.0 20.0 10.0
97.0 88.0 20.0 10.0
98.0 56.0 20.0 10.0
91.0 74.0 20.0 10.0
71.0 56.0 20.0 10.0
87.0 99.0 20.0 10.0
93.0 115.0 20.0 10.0
93.0 126.0 20.0 10.0
129.0 73.0 20.0 10.0
125.0 78.0 20.0 10.0
97.0 53.0 20.0 10.0
83.0 98.0 20.0 10.0
107.0 90.0 20.0 10.0
135.0 86.0 20.0 10.0
85.0 123.0 20.0 10.0
86.0 132.0 20.0 10.0
71.0 117.0 20.0 10.0
125.0 71.0 20.0 10.0
80.0 139.0 20.0 10.0
112.0 121.0 20.0 10.0
113.0 58.0 20.0 10.0
87.0 65.0 20.0 10.0
85.0 60.0 20.0 10.0
79.0 133.0 20.0 10.0
65.0 112.0 20.0 10.0
132.0 109.0 20.0 10.0
126.0 127.0 20.0 10.0
69.0 138.0 20.0 10.0
101.0 140.0 20.0 10.0
76.0 61.0 20.0 10.0
66.0 83.0 20.0 10.0
117.0 90.0 20.0 10.0
87.0 120.0 20.0 10.0
80.0 143.0 20.0 10.0
102.0 123.0 20.0 10.0
60.0 83.0 20.0 10.0
93.0 89.0 20.0 10.0
102.0 144.0 20.0 10.0
62.0 92.0 20.0 10.0
105.0 112.0 20.0 10.0
128.0 102.0 20.0 10.0
86.0 72.0 20.0 10.0
85.0 96.0 20.0 10.0
106.0 140.0 20.0 10.0
132.0 99.0 20.0 10.0
56.0 105.0 20.0 10.0
96.0 85.0 20.0 10.0
108.0 79.0 20.0 10.0
66.0 95.0 20.0 10.0
129.0 121.0 20.0 10.0
130.0 77.0 20.0 10.0
84.0 75.0 20.0 10.0
116.0 70.0 20.0 10.0
115.0 106.0 20.0 10.0
117.0 146.0 20.0 10.0
70.0 65.0 20.0 10.0
136.0 120.0 20.0 10.0
92.0 130.0 20.0 10.0
92.0 86.0 20.0 10.0
111.0 78.0 20.0 10.0
62.0 101.0 20.0 10.0
93.0 93.0 20.0 10.0
114.0 159.0 20.0 10.0
89.0 132.0 20.0 10.0
131.0 82.0 20.0 10.0
47.0 121.0 20.0 10.0
142.0 96.0 20.0 10.0
105.0 144.0 20.0 10.0
123.0 117.0 20.0 10.0
111.0 72.0 20.0 10.0
114.0 83.0 20.0 10.0
78.0 139.0 20.0 10.0
66.0 60.0 20.0 10.0
101.0 59.0 20.0 10.0
60.0 72.0 20.0 10.0
90.0 144.0 20.0 10.0
128.0 135.0 20.0 10.0
139.0 95.0 20.0 10.0
83.0 90.0 20.0 10.0
123.0 120.0 20.0 10.0
82.0 69.0 20.0 10.0
120.0 150.0 20.0 10.0
75.0 103.0 20.0 10.0
111.0 124.0 20.0 10.0
110.0 133.0 20.0 10.0
127.0 56.0 20.0 10.0
99.0 134.0 20.0 10.0
88.0 66.0 20.0 10.0
72.0 130.0 20.0 10.0
128.0 99.0 20.0 10.0
114.0 104.0 20.0 10.0
117.0 68.0 20.0 10.0
79.0 57.0 20.0 10.0
83.0 114.0 20.0 10.0
134.0 113.0 20.0 10.0
123.0 128.0 20.0 10.0
74.0 122.0 20.0 10.0
65.0 100.0 20.0 10.0
126.0 111.0 20.0 10.0
78.0 121.0 20.0 10.0
59.0 151.0 20.0 10.0
96.0 151.0 20.0 10.0
74.0 114.0 20.0 10.0
149.0 125.0 20.0 10.0
82.0 120.0 20.0 10.0
134.0 127.0 20.0 10.0
72.0 102.0 20.0 10.0
134.0 99.0 20.0 10.0
79.0 70.0 20.0 10.0
59.0 91.0 20.0 10.0
79.0 66.0 20.0 10.0
124.0 107.0 20.0 10.0
116.0 54.0 20.0 10.0
45.0 98.0 20.0 10.0
134.0 74.0 20.0 10.0
93.0 133.0 20.0 10.0
39.0 93.0 20.0 10.0
122.0 107.0 20.0 10.0
113.0 106.0 20.0 10.0
118.0 138.0 20.0 10.0
132.0 127.0 20.0 10.0
131.0 39.0 20.0 10.0
132.0 70.0 20.0 10.0
114.0 65.0 20.0 10.0
64.0 100.0 20.0 10.0
96.0 54.0 20.0 10.0
89.0 84.0 20.0 10.0
93.0 144.0 20.0 10.0
80.0 56.0 20.0 10.0
110.0 110.0 20.0 10.0
62.0 98.0 20.0 10.0
140.0 66.0 20.0 10.0
136.0 133.0 20.0 10.0
77.0 111.0 20.0 10.0
40.0 97.0 20.0 10.0
82.0 102.0 20.0 10.0
60.0 117.0 20.0 10.0
132.0 59.0 20.0 10.0
70.0 90.0 20.0 10.0
63.0 83.0 20.0 10.0
65.0 127.0 20.0 10.0
66.0 116.0 20.0 10.0
131.0 46.0 20.0 10.0
69.0 60.0 20.0 10.0
107.0 66.0 20.0 10.0
73.0 83.0 20.0 10.0
124.0 92.0 20.0 10.0
143.0 61.0 20.0 10.0
68.0 92.0 20.0 10.0
54.0 135.0 20.0 10.0
115.0 131.0 20.0 10.0
95.0 49.0 20.0 10.0
119.0 77.0 20.0 10.0
115.0 62.0 20.0 10.0
88.0 101.0 20.0 10.0
104.0 51.0 20.0 10.0
120.0 127.0 20.0 10.0
136.0 65.0 20.0 10.0
128.0 53.0 20.0 10.0
123.0 90.0 20.0 10.0
118.0 73.0 20.0 10.0
136.0 95.0 20.0 10.0
127.0 89.0 20.0 10.0
91.0 64.0 20.0 10.0
87.0 112.0 20.0 10.0
55.0 118.0 20.0 10.0
113.0 47.0 20.0 10.0
134.0 84.0 20.0 10.0
117.0 57.0 20.0 10.0
116.0 77.0 20.0 10.0
108.0 122.0 20.0 10.0
105.0 74.0 20.0 10.0
89.0 126.0 20.0 10.0
101.0 51.0 20.0 10.0
125.0 115.0 20.0 10.0
130.0 71.0 20.0 10.0
68.0 110.0 20.0 10.0
87.0 125.0 20.0 10.0
102.0 55.0 20.0 10.0
62.0 114.0 20.0 10.0
145.0 118.0 20.0 10.0
152.0 87.0 20.0 10.0
102.0 85.0 20.0 10.0
113.0 67.0 20.0 10.0
143.0 72.0 20.0 10.0
57.0 107.0 20.0 10.0
120.0 121.0 20.0 10.0
126.0 95.0 20.0 10.0
75.0 40.0 20.0 10.0
144.0 70.0 20.0 10.0
75.0 140.0 20.0 10.0
141.0 104.0 20.0 10.0
85.0 52.0 20.0 10.0
110.0 94.0 20.0 10.0
79.0 68.0 20.0 10.0
108.0 57.0 20.0 10.0
84.0 145.0 20.0 10.0
125.0 67.0 20.0 10.0
127.0 112.0 20.0 10.0
129.0 115.0 20.0 10.0
136.0 103.0 20.0 10.0
69.0 117.0 20.0 10.0
65.0 125.0 20.0 10.0
98.0 46.0 20.0 10.0
50.0 106.0 20.0 10.0
71.0 74.0 20.0 10.0
119.0 129.0 20.0 10.0
117.0 66.0 20.0 10.0
96.0 143.0 20.0 10.0
89.0 57.0 20.0 10.0
158.0 87.0 20.0 10.0
62.0 75.0 20.0 10.0
48.0 103.0 20.0 10.0
139.0 56.0 20.0 10.0
115.0 125.0 20.0 10.0
136.0 83.0 20.0 10.0
124.0 132.0 20.0 10.0
79.0 86.0 20.0 10.0
82.0 133.0 20.0 10.0
87.0 128.0 20.0 10.0
118.0 133.0 20.0 10.0
77.0 47.0 20.0 10.0
89.0 136.0 20.0 10.0
40.0 75.0 20.0 10.0
81.0 133.0 20.0 10.0
88.0 142.0 20.0 10.0
136.0 85.0 20.0 10.0
120.0 147.0 20.0 10.0
66.0 87.0 20.0 10.0
97.0 125.0 20.0 10.0
134.0 103.0 20.0 10.0
85.0 65.0 20.0 10.0
130.0 148.0 20.0 10.0
53.0 130.0 20.0 10.0
104.0 126.0 20.0 10.0
115.0 117.0 20.0 10.0
73.0 120.0 20.0 10.0
133.0 63.0 20.0 10.0
140.0 119.0 20.0 10.0
135.0 92.0 20.0 10.0
78.0 116.0 20.0 10.0
148.0 106.0 20.0 10.0
87.0 87.0 20.0 10.0
109.0 122.0 20.0 10.0
122.0 98.0 20.0 10.0
53.0 84.0 20.0 10.0
48.0 88.0 20.0 10.0
59.0 102.0 20.0 10.0
149.0 89.0 20.0 10.0
97.0 110.0 20.0 10.0
149.0 70.0 20.0 10.0
72.0 162.0 20.0 10.0
145.0 63.0 20.0 10.0
57.0 130.0 20.0 10.0
132.0 133.0 20.0 10.0
116.0 87.0 20.0 10.0
104.0 135.0 20.0 10.0
117.0 150.0 20.0 10.0
143.0 90.0 20.0 10.0
118.0 80.0 20.0 10.0
75.0 110.0 20.0 10.0
81.0 98.0 20.0 10.0
76.0 136.0 20.0 10.0
75.0 78.0 20.0 10.0
146.0 80.0 20.0 10.0
75.0 89.0 20.0 10.0
70.0 127.0 20.0 10.0
119.0 133.0 20.0 10.0
71.0 61.0 20.0 10.0
109.0 147.0 20.0 10.0
87.0 76.0 20.0 10.0
75.0 122.0 20.0 10.0
125.0 42.0 20.0 10.0
125.0 125.0 20.0 10.0
105.0 38.0 20.0 10.0
147.0 69.0 20.0 10.0
52.0 89.0 20.0 10.0
71.0 93.0 20.0 10.0
146.0 89.0 20.0 10.0
141.0 135.0 20.0 10.0
127.0 80.0 20.0 10.0
96.0 132.0 20.0 10.0
64.0 110.0 20.0 10.0
63.0 133.0 20.0 10.0
76.0 56.0 20.0 10.0
88.0 52.0 20.0 10.0
133.0 101.0 20.0 10.0
68.0 87.0 20.0 10.0
147.0 103.0 20.0 10.0
130.0 126.0 20.0 10.0
95.0 74.0 20.0 10.0
62.0 67.0 20.0 10.0
103.0 137.0 20.0 10.0
49.0 116.0 20.0 10.0
114.0 54.0 20.0 10.0
124.0 147.0 20.0 10.0
116.0 93.0 20.0 10.0
48.0 86.0 20.0 10.0
129.0 62.0 20.0 10.0
110.0 157.0 20.0 10.0
61.0 85.0 20.0 10.0
135.0 70.0 20.0 10.0
137.0 127.0 20.0 10.0
69.0 81.0 20.0 10.0
151.0 101.0 20.0 10.0
87.0 139.0 20.0 10.0
116.0 123.0 20.0 10.0
115.0 136.0 20.0 10.0
139.0 103.0 20.0 10.0
130.0 85.0 20.0 10.0
89.0 146.0 20.0 10.0
79.0 34.0 20.0 10.0
89.0 54.0 20.0 10.0
56.0 89.0 20.0 10.0
99.0 147.0 20.0 10.0
81.0 47.0 20.0 10.0
136.0 139.0 20.0 10.0
145.0 106.0 20.0 10.0
104.0 154.0 20.0 10.0
135.0 77.0 20.0 10.0
84.0 132.0 20.0 10.0
121.0 70.0 20.0 10.0
110.0 88.0 20.0 10.0
147.0 130.0 20.0 10.0
134.0 42.0 20.0 10.0
106.0 134.0 20.0 10.0
56.0 120.0 20.0 10.0
48.0 105.0 20.0 10.0
127.0 86.0 20.0 10.0
81.0 52.0 20.0 10.0
111.0 119.0 20.0 10.0
121.0 144.0 20.0 10.0
95.0 62.0 20.0 10.0
39.0 110.0 20.0 10.0
141.0 100.0 20.0 10.0
33.0 86.0 20.0 10.0
108.0 136.0 20.0 10.0
163.0 130.0 20.0 10.0
81.0 73.0 20.0 10.0
84.0 116.0 20.0 10.0
136.0 91.0 20.0 10.0
127.0 120.0 20.0 10.0
138.0 64.0 20.0 10.0
100.0 157.0 20.0 10.0
90.0 141.0 20.0 10.0
132.0 121.0 20.0 10.0
59.0 138.0 20.0 10.0
107.0 97.0 20.0 10.0
102.0 48.0 20.0 10.0
80.0 43.0 20.0 10.0
67.0 117.0 20.0 10.0
107.0 49.0 20.0 10.0
53.0 113.0 20.0 10.0
118.0 64.0 20.0 10.0
102.0 136.0 20.0 10.0
140.0 86.0 20.0 10.0
149.0 72.0 20.0 10.0
51.0 86.0 20.0 10.0
134.0 130.0 20.0 10.0
126.0 107.0 20.0 10.0
93.0 58.0 20.0 10.0
155.0 109.0 20.0 10.0
86.0 102.0 20.0 10.0
61.0 73.0 20.0 10.0
81.0 62.0 20.0 10.0
124.0 88.0 20.0 10.0
93.0 120.0 20.0 10.0
58.0 67.0 20.0 10.0
122.0 124.0 20.0 10.0
77.0 128.0 20.0 10.0
49.0 66.0 20.0 10.0
101.0 100.0 20.0 10.0
59.0 110.0 20.0 10.0
48.0 96.0 20.0 10.0
140.0 125.0 20.0 10.0
69.0 102.0 20.0 10.0
72.0 94.0 20.0 10.0
66.0 40.0 20.0 10.0
137.0 49.0 20.0 10.0
48.0 120.0 20.0 10.0
151.0 95.0 20.0 10.0
152.0 90.0 20.0 10.0
71.0 49.0 20.0 10.0
58.0 93.0 20.0 10.0
118.0 45.0 20.0 10.0
127.0 139.0 20.0 10.0
56.0 68.0 20.0 10.0
96.0 153.0 20.0 10.0
119.0 51.0 20.0 10.0
107.0 53.0 20.0 10.0
104.0 146.0 20.0 10.0
60.0 59.0 20.0 10.0
168.0 96.0 20.0 10.0
93.0 49.0 20.0 10.0
56.0 85.0 20.0 10.0
57.0 76.0 20.0 10.0
113.0 117.0 20.0 10.0
86.0 154.0 20.0 10.0
49.0 63.0 20.0 10.0
46.0 89.0 20.0 10.0
105.0 150.0 20.0 10.0
34.0 112.0 20.0 10.0
107.0 43.0 20.0 10.0
106.0 115.0 20.0 10.0
97.0 74.0 20.0 10.0
133.0 119.0 20.0 10.0
119.0 37.0 20.0 10.0
110.0 49.0 20.0 10.0
45.0 115.0 20.0 10.0
68.0 38.0 20.0 10.0
112.0 130.0 20.0 10.0
78.0 131.0 20.0 10.0
55.0 117.0 20.0 10.0
133.0 91.0 20.0 10.0
67.0 109.0 20.0 10.0
66.0 96.0 20.0 10.0
147.0 109.0 20.0 10.0
119.0 128.0 20.0 10.0
79.0 49.0 20.0 10.0
64.0 57.0 20.0 10.0
150.0 116.0 20.0 10.0
54.0 99.0 20.0 10.0
105.0 47.0 20.0 10.0
138.0 107.0 20.0 10.0
75.0 137.0 20.0 10.0
143.0 104.0 20.0 10.0
168.0 79.0 20.0 10.0
54.0 73.0 20.0 10.0
155.0 98.0 20.0 10.0
56.0 100.0 20.0 10.0
123.0 103.0 20.0 10.0
148.0 65.0 20.0 10.0
72.0 159.0 20.0 10.0
61.0 94.0 20.0 10.0
138.0 93.0 20.0 10.0
74.0 101.0 20.0 10.0
119.0 124.0 20.0 10.0
60.0 52.0 20.0 10.0
43.0 101.0 20.0 10.0
63.0 154.0 20.0 10.0
143.0 111.0 20.0 10.0
153.0 59.0 20.0 10.0
45.0 67.0 20.0 10.0
82.0 66.0 20.0 10.0
72.0 80.0 20.0 10.0
139.0 137.0 20.0 10.0
102.0 112.0 20.0 10.0
121.0 110.0 20.0 10.0
130.0 81.0 20.0 10.0
145.0 103.0 20.0 10.0
124.0 74.0 20.0 10.0
58.0 74.0 20.0 10.0
111.0 69.0 20.0 10.0
122.0 141.0 20.0 10.0
150.0 112.0 20.0 10.0
136.0 73.0 20.0 10.0
94.0 146.0 20.0 10.0
60.0 78.0 20.0 10.0
87.0 47.0 20.0 10.0
75.0 70.0 20.0 10.0
136.0 71.0 20.0 10.0
153.0 73.0 20.0 10.0
67.0 122.0 20.0 10.0
138.0 118.0 20.0 10.0
131.0 91.0 20.0 10.0
136.0 80.0 20.0 10.0
93.0 60.0 20.0 10.0
155.0 76.0 20.0 10.0
87.0 94.0 20.0 10.0
107.0 129.0 20.0 10.0
110.0 154.0 20.0 10.0
82.0 140.0 20.0 10.0
115.0 155.0 20.0 10.0
65.0 102.0 20.0 10.0
45.0 63.0 20.0 10.0
104.0 163.0 20.0 10.0
80.0 83.0 20.0 10.0
117.0 25.0 20.0 10.0
134.0 106.0 20.0 10.0
88.0 134.0 20.0 10.0
141.0 59.0 20.0 10.0
92.0 54.0 20.0 10.0
143.0 74.0 20.0 10.0
125.0 57.0 20.0 10.0
43.0 89.0 20.0 10.0
107.0 72.0 20.0 10.0
156.0 117.0 20.0 10.0
107.0 108.0 20.0 10.0
76.0 130.0 20.0 10.0
72.0 104.0 20.0 10.0
94.0 159.0 20.0 10.0
113.0 26.0 20.0 10.0
124.0 101.0 20.0 10.0
85.0 86.0 20.0 10.0
139.0 132.0 20.0 10.0
37.0 106.0 20.0 10.0
129.0 69.0 20.0 10.0
147.0 94.0 20.0 10.0
66.0 52.0 20.0 10.0
73.0 63.0 20.0 10.0
99.0 139.0 20.0 10.0
120.0 166.0 20.0 10.0
141.0 88.0 20.0 10.0
167.0 110.0 20.0 10.0
124.0 81.0 20.0 10.0
149.0 131.0 20.0 10.0
159.0 82.0 20.0 10.0
56.0 97.0 20.0 10.0
61.0 63.0 20.0 10.0
57.0 54.0 20.0 10.0
141.0 123.0 20.0 10.0
72.0 154.0 20.0 10.0
124.0 48.0 20.0 10.0
130.0 138.0 20.0 10.0
104.0 43.0 20.0 10.0
77.0 45.0 20.0 10.0
97.0 143.0 20.0 10.0
65.0 91.0 20.0 10.0
142.0 120.0 20.0 10.0
40.0 87.0 20.0 10.0
134.0 35.0 20.0 10.0
119.0 65.0 20.0 10.0
160.0 128.0 20.0 10.0
142.0 113.0 20.0 10.0
82.0 82.0 20.0 10.0
61.0 129.0 20.0 10.0
66.0 114.0 20.0 10.0
77.0 72.0 20.0 10.0
119.0 42.0 20.0 10.0
134.0 52.0 20.0 10.0
145.0 158.0 20.0 10.0
58.0 79.0 20.0 10.0
150.0 140.0 20.0 10.0
136.0 124.0 20.0 10.0
91.0 34.0 20.0 10.0
37.0 68.0 20.0 10.0
134.0 142.0 20.0 10.0
125.0 143.0 20.0 10.0
136.0 63.0 20.0 10.0
135.0 48.0 20.0 10.0
43.0 106.0 20.0 10.0
138.0 114.0 20.0 10.0
153.0 129.0 20.0 10.0
137.0 147.0 20.0 10.0
115.0 152.0 20.0 10.0
142.0 161.0 20.0 10.0
56.0 132.0 20.0 10.0
151.0 76.0 20.0 10.0
137.0 109.0 20.0 10.0
142.0 84.0 20.0 10.0
121.0 67.0 20.0 10.0
117.0 59.0 20.0 10.0
50.0 60.0 20.0 10.0
165.0 68.0 20.0 10.0
144.0 83.0 20.0 10.0
104.0 140.0 20.0 10.0
137.0 53.0 20.0 10.0
151.0 80.0 20.0 10.0
53.0 122.0 20.0 10.0
160.0 49.0 20.0 10.0
28.0 109.0 20.0 10.0
150.0 110.0 20.0 10.0
120.0 62.0 20.0 10.0
119.0 120.0 20.0 10.0
48.0 84.0 20.0 10.0
118.0 83.0 20.0 10.0
145.0 64.0 20.0 10.0
141.0 118.0 20.0 10.0
58.0 88.0 20.0 10.0
112.0 134.0 20.0 10.0
89.0 32.0 20.0 10.0
108.0 35.0 20.0 10.0
122.0 55.0 20.0 10.0
61.0 97.0 20.0 10.0
66.0 139.0 20.0 10.0
54.0 55.0 20.0 10.0
82.0 40.0 20.0 10.0
65.0 76.0 20.0 10.0
71.0 135.0 20.0 10.0
43.0 73.0 20.0 10.0
99.0 40.0 20.0 10.0
102.0 128.0 20.0 10.0
77.0 143.0 20.0 10.0
101.0 30.0 20.0 10.0
77.0 49.0 20.0 10.0
80.0 52.0 20.0 10.0
57.0 143.0 20.0 10.0
90.0 167.0 20.0 10.0
87.0 41.0 20.0 10.0
122.0 150.0 20.0 10.0
52.0 92.0 20.0 10.0
46.0 108.0 20.0 10.0
120.0 34.0 20.0 10.0
51.0 39.0 20.0 10.0
61.0 109.0 20.0 10.0
52.0 97.0 20.0 10.0
55.0 112.0 20.0 10.0
158.0 95.0 20.0 10.0
67.0 91.0 20.0 10.0
147.0 122.0 20.0 10.0
42.0 127.0 20.0 10.0
55.0 65.0 20.0 10.0
98.0 145.0 20.0 10.0
75.0 131.0 20.0 10.0
160.0 101.0 20.0 10.0
91.0 139.0 20.0 10.0
137.0 105.0 20.0 10.0
89.0 44.0 20.0 10.0
125.0 140.0 20.0 10.0
157.0 91.0 20.0 10.0
156.0 101.0 20.0 10.0
61.0 144.0 20.0 10.0
128.0 65.0 20.0 10.0
56.0 150.0 20.0 10.0
72.0 149.0 20.0 10.0
144.0 144.0 20.0 10.0
84.0 105.0 20.0 10.0
94.0 44.0 20.0 10.0
69.0 151.0 20.0 10.0
81.0 77.0 20.0 10.0
138.0 82.0 20.0 10.0
163.0 108.0 20.0 10.0
58.0 126.0 20.0 10.0
161.0 89.0 20.0 10.0
110.0 139.0 20.0 10.0
90.0 60.0 20.0 10.0
39.0 68.0 20.0 10.0
159.0 69.0 20.0 10.0
45.0 119.0 20.0 10.0
145.0 98.0 20.0 10.0
148.0 82.0 20.0 10.0
121.0 35.0 20.0 10.0
147.0 86.0 20.0 10.0
49.0 137.0 20.0 10.0
134.0 62.0 20.0 10.0
63.0 69.0 20.0 10.0
70.0 120.0 20.0 10.0
152.0 121.0 20.0 10.0
39.0 118.0 20.0 10.0
130.0 143.0 20.0 10.0
83.0 152.0 20.0 10.0
77.0 65.0 20.0 10.0
51.0 119.0 20.0 10.0
84.0 157.0 20.0 10.0
66.0 147.0 20.0 10.0
155.0 106.0 20.0 10.0
93.0 96.0 20.0 10.0
74.0 74.0 20.0 10.0
67.0 68.0 20.0 10.0
62.0 147.0 20.0 10.0
81.0 130.0 20.0 10.0
118.0 144.0 20.0 10.0
98.0 27.0 20.0 10.0
115.0 140.0 20.0 10.0
65.0 132.0 20.0 10.0
65.0 62.0 20.0 10.0
31.0 136.0 20.0 10.0
78.0 159.0 20.0 10.0
56.0 110.0 20.0 10.0
47.0 75.0 20.0 10.0
152.0 104.0 20.0 10.0
150.0 105.0 20.0 10.0
91.0 39.0 20.0 10.0
70.0 154.0 20.0 10.0
160.0 123.0 20.0 10.0
114.0 39.0 20.0 10.0
125.0 50.0 20.0 10.0
49.0 75.0 20.0 10.0
55.0 53.0 20.0 10.0
171.0 68.0 20.0 10.0
89.0 149.0 20.0 10.0
109.0 87.0 20.0 10.0
135.0 137.0 20.0 10.0
58.0 146.0 20.0 10.0
159.0 98.0 20.0 10.0
56.0 136.0 20.0 10.0
52.0 108.0 20.0 10.0
60.0 152.0 20.0 10.0
42.0 65.0 20.0 10.0
130.0 96.0 20.0 10.0
111.0 148.0 20.0 10.0
171.0 115.0 20.0 10.0
132.0 106.0 20.0 10.0
126.0 55.0 20.0 10.0
109.0 45.0 20.0 10.0
55.0 60.0 20.0 10.0
129.0 149.0 20.0 10.0
86.0 160.0 20.0 10.0
121.0 26.0 20.0 10.0
47.0 68.0 20.0 10.0
39.0 82.0 20.0 10.0
129.0 46.0 20.0 10.0
76.0 53.0 20.0 10.0
149.0 55.0 20.0 10.0
45.0 72.0 20.0 10.0
65.0 44.0 20.0 10.0
84.0 55.0 20.0 10.0
53.0 48.0 20.0 10.0
143.0 93.0 20.0 10.0
71.0 106.0 20.0 10.0
94.0 34.0 20.0 10.0
78.0 148.0 20.0 10.0
61.0 164.0 20.0 10.0
142.0 129.0 20.0 10.0
69.0 52.0 20.0 10.0
51.0 113.0 20.0 10.0
83.0 32.0 20.0 10.0
66.0 120.0 20.0 10.0
122.0 139.0 20.0 10.0
49.0 129.0 20.0 10.0
60.0 43.0 20.0 10.0
121.0 49.0 20.0 10.0
99.0 35.0 20.0 10.0
69.0 144.0 20.0 10.0
93.0 152.0 20.0 10.0
41.0 50.0 20.0 10.0
60.0 122.0 20.0 10.0
129.0 65.0 20.0 10.0
113.0 146.0 20.0 10.0
33.0 99.0 20.0 10.0
114.0 143.0 20.0 10.0
151.0 83.0 20.0 10.0
58.0 59.0 20.0 10.0
29.0 120.0 20.0 10.0
39.0 80.0 20.0 10.0
149.0 120.0 20.0 10.0
115.0 121.0 20.0 10.0
152.0 135.0 20.0 10.0
100.0 44.0 20.0 10.0
121.0 136.0 20.0 10.0
125.0 153.0 20.0 10.0
78.0 135.0 20.0 10.0
169.0 81.0 20.0 10.0
135.0 76.0 20.0 10.0
90.0 37.0 20.0 10.0
48.0 78.0 20.0 10.0
119.0 135.0 20.0 10.0
156.0 113.0 20.0 10.0
74.0 55.0 20.0 10.0
141.0 81.0 20.0 10.0
77.0 56.0 20.0 10.0
56.0 134.0 20.0 10.0
96.0 35.0 20.0 10.0
107.0 158.0 20.0 10.0
165.0 128.0 20.0 10.0
50.0 92.0 20.0 10.0
65.0 64.0 20.0 10.0
25.0 96.0 20.0 10.0
58.0 85.0 20.0 10.0
145.0 77.0 20.0 10.0
94.0 65.0 20.0 10.0
61.0 132.0 20.0 10.0
118.0 54.0 20.0 10.0
26.0 80.0 20.0 10.0
80.0 146.0 20.0 10.0
115.0 59.0 20.0 10.0
107.0 37.0 20.0 10.0
