1000
5570.0 230.0 20.0 10.0
5544.0 243.0 20.0 10.0
2572.0 2245.0 20.0 10.0
4698.0 734.0 20.0 10.0
2466.0 2260.0 20.0 10.0
2465.0 2304.0 20.0 10.0
3134.0 1659.0 20.0 10.0
5267.0 161.0 20.0 10.0
5283.0 178.0 20.0 10.0
820.0 4668.0 20.0 10.0
829.0 4660.0 20.0 10.0
241.0 4400.0 20.0 10.0
3940.0 1284.0 20.0 10.0
1053.0 2986.0 20.0 10.0
1065.0 2986.0 20.0 10.0
1389.0 3049.0 20.0 10.0
1412.0 3059.0 20.0 10.0
1394.0 3065.0 20.0 10.0
2463.0 2198.0 20.0 10.0
1143.0 4423.0 20.0 10.0
1861.0 3128.0 20.0 10.0
1841.0 3143.0 20.0 10.0
1045.0 4503.0 20.0 10.0
5486.0 465.0 20.0 10.0
275.0 4353.0 20.0 10.0
301.0 4339.0 20.0 10.0
327.0 4314.0 20.0 10.0
5449.0 284.0 20.0 10.0
270.0 5423.0 20.0 10.0
968.0 3980.0 20.0 10.0
5490.0 395.0 20.0 10.0
770.0 2752.0 20.0 10.0
778.0 2759.0 20.0 10.0
2319.0 2520.0 20.0 10.0
1209.0 4401.0 20.0 10.0
824.0 4683.0 20.0 10.0
683.0 2733.0 20.0 10.0
706.0 2748.0 20.0 10.0
731.0 2763.0 20.0 10.0
1562.0 3315.0 20.0 10.0
1552.0 3335.0 20.0 10.0
1479.0 3693.0 20.0 10.0
1481.0 3669.0 20.0 10.0
1473.0 3651.0 20.0 10.0
1466.0 3629.0 20.0 10.0
1457.0 3602.0 20.0 10.0
5550.0 69.0 20.0 10.0
4224.0 1081.0 20.0 10.0
4130.0 1146.0 20.0 10.0
4038.0 1210.0 20.0 10.0
1115.0 2754.0 20.0 10.0
1136.0 2770.0 20.0 10.0
1010.0 4528.0 20.0 10.0
3122.0 1765.0 20.0 10.0
5605.0 219.0 20.0 10.0
1581.0 3121.0 20.0 10.0
2920.0 2045.0 20.0 10.0
3125.0 1806.0 20.0 10.0
3102.0 1813.0 20.0 10.0
1667.0 3400.0 20.0 10.0
1157.0 2920.0 20.0 10.0
1187.0 2927.0 20.0 10.0
5447.0 398.0 20.0 10.0
5429.0 417.0 20.0 10.0
319.0 5321.0 20.0 10.0
263.0 4282.0 20.0 10.0
1220.0 4531.0 20.0 10.0
1227.0 4517.0 20.0 10.0
1225.0 4507.0 20.0 10.0
4997.0 557.0 20.0 10.0
5515.0 407.0 20.0 10.0
5490.0 415.0 20.0 10.0
5469.0 432.0 20.0 10.0
1064.0 2748.0 20.0 10.0
1247.0 4435.0 20.0 10.0
1240.0 4454.0 20.0 10.0
1231.0 4472.0 20.0 10.0
1221.0 4491.0 20.0 10.0
1213.0 4467.0 20.0 10.0
1194.0 4449.0 20.0 10.0
1178.0 4425.0 20.0 10.0
1155.0 4403.0 20.0 10.0
574.0 4209.0 20.0 10.0
626.0 4194.0 20.0 10.0
3097.0 1628.0 20.0 10.0
3097.0 1649.0 20.0 10.0
3097.0 1664.0 20.0 10.0
431.0 5161.0 20.0 10.0
413.0 5139.0 20.0 10.0
787.0 3941.0 20.0 10.0
794.0 3963.0 20.0 10.0
817.0 3958.0 20.0 10.0
5445.0 432.0 20.0 10.0
806.0 4011.0 20.0 10.0
1846.0 2937.0 20.0 10.0
1821.0 2959.0 20.0 10.0
1424.0 3718.0 20.0 10.0
818.0 2859.0 20.0 10.0
826.0 2838.0 20.0 10.0
249.0 4380.0 20.0 10.0
4783.0 692.0 20.0 10.0
4690.0 755.0 20.0 10.0
4597.0 819.0 20.0 10.0
4504.0 885.0 20.0 10.0
4410.0 949.0 20.0 10.0
776.0 3975.0 20.0 10.0
445.0 5127.0 20.0 10.0
964.0 4637.0 20.0 10.0
962.0 4613.0 20.0 10.0
1451.0 3313.0 20.0 10.0
769.0 3934.0 20.0 10.0
304.0 5348.0 20.0 10.0
3407.0 1670.0 20.0 10.0
300.0 4283.0 20.0 10.0
812.0 4674.0 20.0 10.0
4770.0 367.0 20.0 10.0
3739.0 1422.0 20.0 10.0
5425.0 297.0 20.0 10.0
2459.0 2395.0 20.0 10.0
2389.0 2458.0 20.0 10.0
660.0 2720.0 20.0 10.0
1056.0 3832.0 20.0 10.0
381.0 5147.0 20.0 10.0
390.0 5133.0 20.0 10.0
406.0 5113.0 20.0 10.0
1870.0 2911.0 20.0 10.0
1790.0 2982.0 20.0 10.0
1707.0 3055.0 20.0 10.0
4137.0 1094.0 20.0 10.0
1732.0 3031.0 20.0 10.0
1179.0 3676.0 20.0 10.0
247.0 5477.0 20.0 10.0
253.0 5461.0 20.0 10.0
261.0 5444.0 20.0 10.0
2413.0 2425.0 20.0 10.0
3207.0 1811.0 20.0 10.0
2440.0 2134.0 20.0 10.0
2563.0 2256.0 20.0 10.0
2554.0 2266.0 20.0 10.0
1488.0 3515.0 20.0 10.0
1474.0 3515.0 20.0 10.0
3093.0 1718.0 20.0 10.0
288.0 4282.0 20.0 10.0
293.0 4308.0 20.0 10.0
303.0 4323.0 20.0 10.0
1145.0 3746.0 20.0 10.0
1086.0 3825.0 20.0 10.0
5317.0 84.0 20.0 10.0
4841.0 353.0 20.0 10.0
4814.0 517.0 20.0 10.0
4810.0 552.0 20.0 10.0
4811.0 586.0 20.0 10.0
4802.0 620.0 20.0 10.0
2468.0 2447.0 20.0 10.0
1020.0 2682.0 20.0 10.0
1027.0 2693.0 20.0 10.0
1635.0 3410.0 20.0 10.0
1623.0 3399.0 20.0 10.0
1006.0 2947.0 20.0 10.0
1029.0 2960.0 20.0 10.0
4985.0 578.0 20.0 10.0
4956.0 577.0 20.0 10.0
4933.0 595.0 20.0 10.0
3118.0 1632.0 20.0 10.0
980.0 2896.0 20.0 10.0
887.0 2839.0 20.0 10.0
421.0 5216.0 20.0 10.0
395.0 5212.0 20.0 10.0
384.0 5202.0 20.0 10.0
3186.0 1832.0 20.0 10.0
5324.0 264.0 20.0 10.0
5393.0 317.0 20.0 10.0
5341.0 345.0 20.0 10.0
2836.0 2156.0 20.0 10.0
90.0 4357.0 20.0 10.0
990.0 2972.0 20.0 10.0
1513.0 3730.0 20.0 10.0
1224.0 4540.0 20.0 10.0
1208.0 4516.0 20.0 10.0
5412.0 172.0 20.0 10.0
5405.0 191.0 20.0 10.0
1172.0 4472.0 20.0 10.0
1161.0 4440.0 20.0 10.0
2343.0 2509.0 20.0 10.0
1110.0 4517.0 20.0 10.0
698.0 4162.0 20.0 10.0
1564.0 3397.0 20.0 10.0
1575.0 3381.0 20.0 10.0
1541.0 3066.0 20.0 10.0
1818.0 3155.0 20.0 10.0
1797.0 3161.0 20.0 10.0
1089.0 2750.0 20.0 10.0
1096.0 2777.0 20.0 10.0
5297.0 388.0 20.0 10.0
5465.0 133.0 20.0 10.0
558.0 4799.0 20.0 10.0
3355.0 1701.0 20.0 10.0
3281.0 1756.0 20.0 10.0
355.0 5285.0 20.0 10.0
3070.0 1807.0 20.0 10.0
3069.0 1833.0 20.0 10.0
391.0 5322.0 20.0 10.0
389.0 5311.0 20.0 10.0
370.0 5293.0 20.0 10.0
4829.0 228.0 20.0 10.0
1017.0 2639.0 20.0 10.0
1021.0 2665.0 20.0 10.0
1150.0 2957.0 20.0 10.0
1175.0 2953.0 20.0 10.0
5287.0 303.0 20.0 10.0
207.0 4421.0 20.0 10.0
218.0 4402.0 20.0 10.0
228.0 4392.0 20.0 10.0
1476.0 3723.0 20.0 10.0
1478.0 3705.0 20.0 10.0
819.0 4220.0 20.0 10.0
5231.0 295.0 20.0 10.0
1921.0 2869.0 20.0 10.0
1915.0 2878.0 20.0 10.0
2530.0 2343.0 20.0 10.0
712.0 4374.0 20.0 10.0
1200.0 2860.0 20.0 10.0
2424.0 2397.0 20.0 10.0
2432.0 2447.0 20.0 10.0
2404.0 2443.0 20.0 10.0
1475.0 3173.0 20.0 10.0
1208.0 2911.0 20.0 10.0
803.0 2852.0 20.0 10.0
2542.0 2402.0 20.0 10.0
2529.0 2399.0 20.0 10.0
1168.0 2977.0 20.0 10.0
5124.0 473.0 20.0 10.0
2518.0 2273.0 20.0 10.0
1637.0 3419.0 20.0 10.0
1113.0 2811.0 20.0 10.0
4795.0 654.0 20.0 10.0
837.0 4647.0 20.0 10.0
858.0 4633.0 20.0 10.0
1229.0 3514.0 20.0 10.0
1138.0 2798.0 20.0 10.0
1473.0 3209.0 20.0 10.0
1423.0 3707.0 20.0 10.0
1423.0 3683.0 20.0 10.0
4824.0 447.0 20.0 10.0
5292.0 154.0 20.0 10.0
1545.0 3310.0 20.0 10.0
1318.0 4521.0 20.0 10.0
2939.0 2034.0 20.0 10.0
370.0 5408.0 20.0 10.0
4833.0 493.0 20.0 10.0
66.0 4358.0 20.0 10.0
1393.0 3672.0 20.0 10.0
1415.0 3654.0 20.0 10.0
968.0 4597.0 20.0 10.0
1093.0 2929.0 20.0 10.0
4680.0 755.0 20.0 10.0
1539.0 3755.0 20.0 10.0
1522.0 3745.0 20.0 10.0
1515.0 3735.0 20.0 10.0
1507.0 3723.0 20.0 10.0
681.0 4321.0 20.0 10.0
4140.0 1143.0 20.0 10.0
680.0 4408.0 20.0 10.0
691.0 4396.0 20.0 10.0
705.0 4378.0 20.0 10.0
726.0 4352.0 20.0 10.0
1295.0 3536.0 20.0 10.0
2175.0 2646.0 20.0 10.0
2102.0 2711.0 20.0 10.0
1191.0 2902.0 20.0 10.0
765.0 4529.0 20.0 10.0
793.0 4557.0 20.0 10.0
824.0 4579.0 20.0 10.0
3450.0 1648.0 20.0 10.0
876.0 4036.0 20.0 10.0
882.0 4061.0 20.0 10.0
441.0 5063.0 20.0 10.0
449.0 5042.0 20.0 10.0
470.0 4992.0 20.0 10.0
3205.0 1909.0 20.0 10.0
5029.0 542.0 20.0 10.0
2484.0 2443.0 20.0 10.0
2527.0 2314.0 20.0 10.0
525.0 4225.0 20.0 10.0
1887.0 2930.0 20.0 10.0
224.0 4344.0 20.0 10.0
1057.0 2738.0 20.0 10.0
257.0 4349.0 20.0 10.0
1122.0 4447.0 20.0 10.0
5329.0 416.0 20.0 10.0
5308.0 419.0 20.0 10.0
245.0 4406.0 20.0 10.0
4804.0 431.0 20.0 10.0
4824.0 430.0 20.0 10.0
1596.0 3457.0 20.0 10.0
828.0 4889.0 20.0 10.0
693.0 4520.0 20.0 10.0
853.0 4722.0 20.0 10.0
5258.0 189.0 20.0 10.0
848.0 4749.0 20.0 10.0
3182.0 1851.0 20.0 10.0
346.0 5394.0 20.0 10.0
5312.0 110.0 20.0 10.0
5307.0 135.0 20.0 10.0
3933.0 1301.0 20.0 10.0
4866.0 279.0 20.0 10.0
1486.0 3196.0 20.0 10.0
1009.0 2679.0 20.0 10.0
5116.0 463.0 20.0 10.0
5053.0 512.0 20.0 10.0
1700.0 3375.0 20.0 10.0
1675.0 3371.0 20.0 10.0
1651.0 3378.0 20.0 10.0
3486.0 1607.0 20.0 10.0
3513.0 1588.0 20.0 10.0
3431.0 1646.0 20.0 10.0
1221.0 2883.0 20.0 10.0
1508.0 3397.0 20.0 10.0
2538.0 2292.0 20.0 10.0
4317.0 1015.0 20.0 10.0
2489.0 2143.0 20.0 10.0
738.0 3976.0 20.0 10.0
754.0 3998.0 20.0 10.0
767.0 4001.0 20.0 10.0
1635.0 3364.0 20.0 10.0
395.0 5184.0 20.0 10.0
5409.0 194.0 20.0 10.0
5372.0 219.0 20.0 10.0
5336.0 249.0 20.0 10.0
5301.0 286.0 20.0 10.0
736.0 4405.0 20.0 10.0
756.0 4378.0 20.0 10.0
727.0 4452.0 20.0 10.0
741.0 4494.0 20.0 10.0
2415.0 2417.0 20.0 10.0
113.0 4355.0 20.0 10.0
1768.0 3176.0 20.0 10.0
946.0 4616.0 20.0 10.0
941.0 4594.0 20.0 10.0
1663.0 3089.0 20.0 10.0
1492.0 3161.0 20.0 10.0
1506.0 3186.0 20.0 10.0
1509.0 3164.0 20.0 10.0
3089.0 1796.0 20.0 10.0
5471.0 122.0 20.0 10.0
606.0 2692.0 20.0 10.0
5515.0 256.0 20.0 10.0
5481.0 273.0 20.0 10.0
5240.0 349.0 20.0 10.0
2034.0 2760.0 20.0 10.0
1349.0 3050.0 20.0 10.0
1242.0 4218.0 20.0 10.0
251.0 4344.0 20.0 10.0
277.0 4344.0 20.0 10.0
665.0 2726.0 20.0 10.0
3650.0 1486.0 20.0 10.0
2579.0 2238.0 20.0 10.0
1134.0 4516.0 20.0 10.0
1123.0 4490.0 20.0 10.0
4848.0 627.0 20.0 10.0
4836.0 215.0 20.0 10.0
4854.0 234.0 20.0 10.0
4833.0 250.0 20.0 10.0
4832.0 273.0 20.0 10.0
1109.0 2814.0 20.0 10.0
1266.0 4451.0 20.0 10.0
859.0 4599.0 20.0 10.0
1115.0 2801.0 20.0 10.0
2054.0 2737.0 20.0 10.0
2025.0 2747.0 20.0 10.0
3135.0 1864.0 20.0 10.0
3064.0 1917.0 20.0 10.0
2994.0 1968.0 20.0 10.0
5279.0 105.0 20.0 10.0
1309.0 4007.0 20.0 10.0
1149.0 4464.0 20.0 10.0
5267.0 207.0 20.0 10.0
734.0 2772.0 20.0 10.0
759.0 2778.0 20.0 10.0
790.0 2795.0 20.0 10.0
822.0 2812.0 20.0 10.0
5289.0 376.0 20.0 10.0
5236.0 407.0 20.0 10.0
2472.0 2445.0 20.0 10.0
1026.0 3902.0 20.0 10.0
1579.0 3063.0 20.0 10.0
5249.0 220.0 20.0 10.0
5248.0 240.0 20.0 10.0
5236.0 278.0 20.0 10.0
4800.0 409.0 20.0 10.0
3189.0 1897.0 20.0 10.0
3185.0 1873.0 20.0 10.0
834.0 3975.0 20.0 10.0
829.0 4002.0 20.0 10.0
3195.0 1904.0 20.0 10.0
1204.0 2837.0 20.0 10.0
1083.0 4476.0 20.0 10.0
1624.0 3357.0 20.0 10.0
5222.0 321.0 20.0 10.0
4848.0 611.0 20.0 10.0
4825.0 622.0 20.0 10.0
1082.0 2984.0 20.0 10.0
1087.0 2958.0 20.0 10.0
1108.0 2951.0 20.0 10.0
5519.0 475.0 20.0 10.0
5495.0 469.0 20.0 10.0
5474.0 461.0 20.0 10.0
1266.0 4499.0 20.0 10.0
1245.0 4493.0 20.0 10.0
5478.0 125.0 20.0 10.0
533.0 4239.0 20.0 10.0
3407.0 1610.0 20.0 10.0
791.0 4218.0 20.0 10.0
2948.0 2058.0 20.0 10.0
3145.0 1771.0 20.0 10.0
3135.0 1786.0 20.0 10.0
1076.0 2764.0 20.0 10.0
1103.0 2795.0 20.0 10.0
4863.0 379.0 20.0 10.0
4838.0 382.0 20.0 10.0
4834.0 413.0 20.0 10.0
612.0 4679.0 20.0 10.0
629.0 4650.0 20.0 10.0
660.0 4585.0 20.0 10.0
1411.0 3086.0 20.0 10.0
761.0 4312.0 20.0 10.0
5178.0 413.0 20.0 10.0
943.0 3967.0 20.0 10.0
4875.0 631.0 20.0 10.0
1583.0 3092.0 20.0 10.0
1153.0 2846.0 20.0 10.0
4169.0 1120.0 20.0 10.0
4143.0 1114.0 20.0 10.0
1374.0 3840.0 20.0 10.0
5273.0 326.0 20.0 10.0
5243.0 340.0 20.0 10.0
5223.0 369.0 20.0 10.0
1252.0 4526.0 20.0 10.0
1683.0 3203.0 20.0 10.0
1463.0 3317.0 20.0 10.0
1447.0 3336.0 20.0 10.0
1452.0 3358.0 20.0 10.0
749.0 4411.0 20.0 10.0
4959.0 591.0 20.0 10.0
346.0 5359.0 20.0 10.0
350.0 5340.0 20.0 10.0
355.0 5318.0 20.0 10.0
756.0 4327.0 20.0 10.0
786.0 4300.0 20.0 10.0
1078.0 2781.0 20.0 10.0
691.0 4314.0 20.0 10.0
4863.0 289.0 20.0 10.0
76.0 4363.0 20.0 10.0
1602.0 3346.0 20.0 10.0
1075.0 2981.0 20.0 10.0
1114.0 2929.0 20.0 10.0
184.0 4424.0 20.0 10.0
1372.0 3058.0 20.0 10.0
4479.0 886.0 20.0 10.0
3343.0 1758.0 20.0 10.0
3348.0 1736.0 20.0 10.0
4492.0 862.0 20.0 10.0
358.0 5276.0 20.0 10.0
1079.0 2713.0 20.0 10.0
2514.0 2376.0 20.0 10.0
2491.0 2395.0 20.0 10.0
658.0 4198.0 20.0 10.0
681.0 4181.0 20.0 10.0
1458.0 3379.0 20.0 10.0
1459.0 3400.0 20.0 10.0
835.0 4031.0 20.0 10.0
1807.0 2955.0 20.0 10.0
5607.0 212.0 20.0 10.0
5263.0 326.0 20.0 10.0
1888.0 2898.0 20.0 10.0
1866.0 2914.0 20.0 10.0
773.0 2832.0 20.0 10.0
5466.0 278.0 20.0 10.0
5439.0 294.0 20.0 10.0
3065.0 1809.0 20.0 10.0
2481.0 2379.0 20.0 10.0
3916.0 1289.0 20.0 10.0
3946.0 1275.0 20.0 10.0
3856.0 1339.0 20.0 10.0
3767.0 1402.0 20.0 10.0
1110.0 4552.0 20.0 10.0
1100.0 4531.0 20.0 10.0
2418.0 2451.0 20.0 10.0
1394.0 3731.0 20.0 10.0
5532.0 47.0 20.0 10.0
2460.0 2242.0 20.0 10.0
2462.0 2269.0 20.0 10.0
1180.0 2868.0 20.0 10.0
191.0 4385.0 20.0 10.0
804.0 4881.0 20.0 10.0
5490.0 82.0 20.0 10.0
544.0 4832.0 20.0 10.0
828.0 2806.0 20.0 10.0
839.0 2819.0 20.0 10.0
5397.0 444.0 20.0 10.0
5390.0 437.0 20.0 10.0
263.0 5392.0 20.0 10.0
1244.0 4575.0 20.0 10.0
1660.0 3224.0 20.0 10.0
710.0 4162.0 20.0 10.0
797.0 2775.0 20.0 10.0
807.0 2784.0 20.0 10.0
818.0 2795.0 20.0 10.0
598.0 2688.0 20.0 10.0
621.0 2698.0 20.0 10.0
639.0 2709.0 20.0 10.0
3902.0 1269.0 20.0 10.0
1708.0 3419.0 20.0 10.0
1688.0 3414.0 20.0 10.0
5529.0 78.0 20.0 10.0
3084.0 1852.0 20.0 10.0
3130.0 1673.0 20.0 10.0
3105.0 1684.0 20.0 10.0
4781.0 344.0 20.0 10.0
963.0 2978.0 20.0 10.0
1215.0 3522.0 20.0 10.0
1226.0 3516.0 20.0 10.0
1242.0 3497.0 20.0 10.0
5505.0 102.0 20.0 10.0
5495.0 107.0 20.0 10.0
100.0 4360.0 20.0 10.0
1507.0 3334.0 20.0 10.0
543.0 4238.0 20.0 10.0
5234.0 279.0 20.0 10.0
3373.0 1691.0 20.0 10.0
926.0 2865.0 20.0 10.0
963.0 2883.0 20.0 10.0
1038.0 4561.0 20.0 10.0
4161.0 1148.0 20.0 10.0
1180.0 4352.0 20.0 10.0
1205.0 4300.0 20.0 10.0
1226.0 4246.0 20.0 10.0
5483.0 286.0 20.0 10.0
4838.0 181.0 20.0 10.0
5216.0 341.0 20.0 10.0
5203.0 366.0 20.0 10.0
827.0 4730.0 20.0 10.0
824.0 4705.0 20.0 10.0
1675.0 3431.0 20.0 10.0
1652.0 3421.0 20.0 10.0
1228.0 4486.0 20.0 10.0
4998.0 549.0 20.0 10.0
1167.0 4406.0 20.0 10.0
855.0 4048.0 20.0 10.0
556.0 4228.0 20.0 10.0
3152.0 1757.0 20.0 10.0
3144.0 1763.0 20.0 10.0
5336.0 373.0 20.0 10.0
4826.0 304.0 20.0 10.0
4829.0 312.0 20.0 10.0
4850.0 326.0 20.0 10.0
780.0 4001.0 20.0 10.0
5417.0 432.0 20.0 10.0
5400.0 422.0 20.0 10.0
1282.0 3468.0 20.0 10.0
1304.0 3451.0 20.0 10.0
1328.0 3441.0 20.0 10.0
1358.0 3439.0 20.0 10.0
1389.0 3435.0 20.0 10.0
1440.0 3577.0 20.0 10.0
1462.0 3497.0 20.0 10.0
3681.0 1465.0 20.0 10.0
3597.0 1526.0 20.0 10.0
1142.0 2851.0 20.0 10.0
418.0 4279.0 20.0 10.0
433.0 4255.0 20.0 10.0
478.0 4240.0 20.0 10.0
1017.0 2983.0 20.0 10.0
4832.0 237.0 20.0 10.0
4191.0 1094.0 20.0 10.0
1211.0 2998.0 20.0 10.0
1276.0 3008.0 20.0 10.0
814.0 4727.0 20.0 10.0
1225.0 4567.0 20.0 10.0
1240.0 4543.0 20.0 10.0
1320.0 4516.0 20.0 10.0
1299.0 4513.0 20.0 10.0
394.0 5278.0 20.0 10.0
374.0 5260.0 20.0 10.0
374.0 5226.0 20.0 10.0
737.0 4358.0 20.0 10.0
1342.0 3046.0 20.0 10.0
889.0 4598.0 20.0 10.0
897.0 4585.0 20.0 10.0
361.0 5433.0 20.0 10.0
338.0 5418.0 20.0 10.0
2498.0 2333.0 20.0 10.0
2467.0 2349.0 20.0 10.0
5257.0 410.0 20.0 10.0
1648.0 3109.0 20.0 10.0
1623.0 3131.0 20.0 10.0
1570.0 3207.0 20.0 10.0
3462.0 1629.0 20.0 10.0
3489.0 1617.0 20.0 10.0
873.0 2838.0 20.0 10.0
889.0 2850.0 20.0 10.0
1098.0 2786.0 20.0 10.0
278.0 4292.0 20.0 10.0
315.0 4285.0 20.0 10.0
350.0 4285.0 20.0 10.0
390.0 4269.0 20.0 10.0
5181.0 439.0 20.0 10.0
2456.0 2112.0 20.0 10.0
1229.0 2896.0 20.0 10.0
1219.0 2907.0 20.0 10.0
1002.0 2654.0 20.0 10.0
135.0 4351.0 20.0 10.0
158.0 4344.0 20.0 10.0
183.0 4326.0 20.0 10.0
210.0 4308.0 20.0 10.0
243.0 4297.0 20.0 10.0
1096.0 2758.0 20.0 10.0
2467.0 2184.0 20.0 10.0
2462.0 2220.0 20.0 10.0
4836.0 201.0 20.0 10.0
1331.0 3942.0 20.0 10.0
1353.0 3876.0 20.0 10.0
1499.0 3710.0 20.0 10.0
4182.0 1100.0 20.0 10.0
563.0 4807.0 20.0 10.0
2007.0 2776.0 20.0 10.0
796.0 3933.0 20.0 10.0
5382.0 327.0 20.0 10.0
5527.0 470.0 20.0 10.0
5503.0 466.0 20.0 10.0
2247.0 2583.0 20.0 10.0
729.0 2737.0 20.0 10.0
1144.0 2980.0 20.0 10.0
2277.0 2582.0 20.0 10.0
5275.0 131.0 20.0 10.0
1831.0 3121.0 20.0 10.0
572.0 4775.0 20.0 10.0
601.0 4714.0 20.0 10.0
1529.0 3160.0 20.0 10.0
1547.0 3156.0 20.0 10.0
1555.0 3151.0 20.0 10.0
346.0 5368.0 20.0 10.0
1263.0 2986.0 20.0 10.0
2851.0 2115.0 20.0 10.0
2843.0 2115.0 20.0 10.0
2833.0 2134.0 20.0 10.0
2825.0 2122.0 20.0 10.0
2808.0 2121.0 20.0 10.0
2793.0 2126.0 20.0 10.0
2729.0 2180.0 20.0 10.0
2664.0 2234.0 20.0 10.0
2598.0 2288.0 20.0 10.0
5512.0 60.0 20.0 10.0
1097.0 2992.0 20.0 10.0
3171.0 1898.0 20.0 10.0
688.0 4161.0 20.0 10.0
2028.0 2776.0 20.0 10.0
359.0 5175.0 20.0 10.0
366.0 5166.0 20.0 10.0
1736.0 3191.0 20.0 10.0
1702.0 3207.0 20.0 10.0
802.0 3943.0 20.0 10.0
5427.0 321.0 20.0 10.0
2541.0 2286.0 20.0 10.0
25.0 4362.0 20.0 10.0
1266.0 3590.0 20.0 10.0
1150.0 2896.0 20.0 10.0
5398.0 204.0 20.0 10.0
363.0 5162.0 20.0 10.0
375.0 5153.0 20.0 10.0
2465.0 2139.0 20.0 10.0
393.0 5343.0 20.0 10.0
1297.0 3522.0 20.0 10.0
1653.0 3200.0 20.0 10.0
1640.0 3225.0 20.0 10.0
2926.0 2020.0 20.0 10.0
840.0 4786.0 20.0 10.0
1576.0 3097.0 20.0 10.0
1592.0 3368.0 20.0 10.0
1563.0 3360.0 20.0 10.0
1533.0 3351.0 20.0 10.0
793.0 4007.0 20.0 10.0
5671.0 200.0 20.0 10.0
1584.0 3405.0 20.0 10.0
2473.0 2231.0 20.0 10.0
1248.0 4551.0 20.0 10.0
4845.0 489.0 20.0 10.0
851.0 4693.0 20.0 10.0
864.0 4665.0 20.0 10.0
1502.0 3415.0 20.0 10.0
5284.0 426.0 20.0 10.0
5257.0 419.0 20.0 10.0
718.0 4285.0 20.0 10.0
736.0 4261.0 20.0 10.0
5351.0 258.0 20.0 10.0
4829.0 287.0 20.0 10.0
273.0 5407.0 20.0 10.0
280.0 5387.0 20.0 10.0
1538.0 3113.0 20.0 10.0
796.0 4837.0 20.0 10.0
801.0 4812.0 20.0 10.0
536.0 4856.0 20.0 10.0
1312.0 3497.0 20.0 10.0
2007.0 2792.0 20.0 10.0
1984.0 2810.0 20.0 10.0
1950.0 2842.0 20.0 10.0
3086.0 1865.0 20.0 10.0
3110.0 1845.0 20.0 10.0
2446.0 2123.0 20.0 10.0
2447.0 2144.0 20.0 10.0
2452.0 2160.0 20.0 10.0
1565.0 3262.0 20.0 10.0
1515.0 3282.0 20.0 10.0
2270.0 2563.0 20.0 10.0
1183.0 3682.0 20.0 10.0
790.0 3925.0 20.0 10.0
1134.0 4631.0 20.0 10.0
1125.0 4606.0 20.0 10.0
1486.0 3169.0 20.0 10.0
2090.0 2736.0 20.0 10.0
2499.0 2262.0 20.0 10.0
2477.0 2279.0 20.0 10.0
1147.0 2894.0 20.0 10.0
1172.0 2906.0 20.0 10.0
1198.0 2919.0 20.0 10.0
1261.0 3484.0 20.0 10.0
214.0 4382.0 20.0 10.0
3462.0 1589.0 20.0 10.0
3455.0 1605.0 20.0 10.0
1485.0 3416.0 20.0 10.0
1211.0 4543.0 20.0 10.0
3095.0 1703.0 20.0 10.0
3093.0 1727.0 20.0 10.0
3091.0 1751.0 20.0 10.0
3091.0 1782.0 20.0 10.0
2483.0 2159.0 20.0 10.0
5164.0 447.0 20.0 10.0
5153.0 453.0 20.0 10.0
1840.0 3126.0 20.0 10.0
1300.0 3530.0 20.0 10.0
1325.0 3525.0 20.0 10.0
2953.0 2021.0 20.0 10.0
951.0 4589.0 20.0 10.0
935.0 4568.0 20.0 10.0
973.0 4552.0 20.0 10.0
576.0 4745.0 20.0 10.0
1328.0 3512.0 20.0 10.0
345.0 5168.0 20.0 10.0
1387.0 3706.0 20.0 10.0
1396.0 3681.0 20.0 10.0
3119.0 1780.0 20.0 10.0
4792.0 379.0 20.0 10.0
1697.0 3179.0 20.0 10.0
5049.0 522.0 20.0 10.0
1462.0 3409.0 20.0 10.0
1719.0 3181.0 20.0 10.0
831.0 4847.0 20.0 10.0
857.0 4710.0 20.0 10.0
3041.0 1933.0 20.0 10.0
382.0 5356.0 20.0 10.0
363.0 5337.0 20.0 10.0
1406.0 3728.0 20.0 10.0
5403.0 438.0 20.0 10.0
1563.0 3121.0 20.0 10.0
1566.0 3146.0 20.0 10.0
1546.0 3170.0 20.0 10.0
3346.0 1728.0 20.0 10.0
3356.0 1710.0 20.0 10.0
1121.0 2991.0 20.0 10.0
849.0 4675.0 20.0 10.0
1345.0 3097.0 20.0 10.0
5629.0 209.0 20.0 10.0
796.0 4153.0 20.0 10.0
856.0 4138.0 20.0 10.0
834.0 4825.0 20.0 10.0
4980.0 588.0 20.0 10.0
1137.0 4571.0 20.0 10.0
5268.0 142.0 20.0 10.0
1130.0 4527.0 20.0 10.0
5452.0 454.0 20.0 10.0
1283.0 4507.0 20.0 10.0
1474.0 3419.0 20.0 10.0
237.0 4315.0 20.0 10.0
1186.0 2980.0 20.0 10.0
1067.0 2945.0 20.0 10.0
3324.0 1698.0 20.0 10.0
5523.0 67.0 20.0 10.0
5513.0 89.0 20.0 10.0
751.0 2745.0 20.0 10.0
25.0 4357.0 20.0 10.0
47.0 4360.0 20.0 10.0
493.0 4941.0 20.0 10.0
517.0 4888.0 20.0 10.0
5560.0 25.0 20.0 10.0
5550.0 46.0 20.0 10.0
4853.0 515.0 20.0 10.0
3449.0 1610.0 20.0 10.0
3428.0 1615.0 20.0 10.0
3398.0 1663.0 20.0 10.0
4965.0 570.0 20.0 10.0
3304.0 1689.0 20.0 10.0
5541.0 473.0 20.0 10.0
5457.0 288.0 20.0 10.0
5465.0 396.0 20.0 10.0
4176.0 1079.0 20.0 10.0
1141.0 4631.0 20.0 10.0
1141.0 4606.0 20.0 10.0
1183.0 3658.0 20.0 10.0
1205.0 3668.0 20.0 10.0
671.0 4417.0 20.0 10.0
1130.0 2837.0 20.0 10.0
2860.0 2072.0 20.0 10.0
5462.0 459.0 20.0 10.0
1482.0 3500.0 20.0 10.0
937.0 2976.0 20.0 10.0
557.0 2673.0 20.0 10.0
578.0 2680.0 20.0 10.0
1894.0 2914.0 20.0 10.0
4847.0 299.0 20.0 10.0
1560.0 3083.0 20.0 10.0
760.0 4246.0 20.0 10.0
790.0 4235.0 20.0 10.0
1349.0 3908.0 20.0 10.0
1575.0 3109.0 20.0 10.0
1345.0 3076.0 20.0 10.0
1370.0 3082.0 20.0 10.0
5383.0 333.0 20.0 10.0
5363.0 351.0 20.0 10.0
5309.0 441.0 20.0 10.0
5302.0 434.0 20.0 10.0
4120.0 1125.0 20.0 10.0
4106.0 1147.0 20.0 10.0
1216.0 2919.0 20.0 10.0
1217.0 2941.0 20.0 10.0
1242.0 2959.0 20.0 10.0
1509.0 3703.0 20.0 10.0
1491.0 3691.0 20.0 10.0
5279.0 417.0 20.0 10.0
1030.0 2985.0 20.0 10.0
1053.0 2979.0 20.0 10.0
1906.0 2902.0 20.0 10.0
583.0 4722.0 20.0 10.0
3320.0 1714.0 20.0 10.0
3343.0 1705.0 20.0 10.0
738.0 4167.0 20.0 10.0
421.0 5114.0 20.0 10.0
429.0 5091.0 20.0 10.0
1665.0 3097.0 20.0 10.0
583.0 4728.0 20.0 10.0
590.0 4717.0 20.0 10.0
600.0 4703.0 20.0 10.0
284.0 4274.0 20.0 10.0
334.0 5293.0 20.0 10.0
352.0 5258.0 20.0 10.0
5256.0 178.0 20.0 10.0
4808.0 502.0 20.0 10.0
4817.0 481.0 20.0 10.0
1004.0 2905.0 20.0 10.0
1050.0 2931.0 20.0 10.0
1098.0 2958.0 20.0 10.0
1304.0 4037.0 20.0 10.0
2449.0 2406.0 20.0 10.0
1246.0 4190.0 20.0 10.0
1267.0 4131.0 20.0 10.0
1288.0 4070.0 20.0 10.0
2067.0 2721.0 20.0 10.0
2045.0 2730.0 20.0 10.0
1250.0 4426.0 20.0 10.0
816.0 4247.0 20.0 10.0
5276.0 386.0 20.0 10.0
5255.0 403.0 20.0 10.0
5215.0 424.0 20.0 10.0
5172.0 448.0 20.0 10.0
4936.0 603.0 20.0 10.0
4907.0 608.0 20.0 10.0
1138.0 4583.0 20.0 10.0
1137.0 4557.0 20.0 10.0
234.0 4352.0 20.0 10.0
1362.0 3837.0 20.0 10.0
1374.0 3806.0 20.0 10.0
5412.0 327.0 20.0 10.0
929.0 4583.0 20.0 10.0
4799.0 590.0 20.0 10.0
3148.0 1746.0 20.0 10.0
788.0 2767.0 20.0 10.0
3096.0 1672.0 20.0 10.0
1292.0 4499.0 20.0 10.0
1136.0 2827.0 20.0 10.0
1171.0 2867.0 20.0 10.0
5477.0 103.0 20.0 10.0
3451.0 1623.0 20.0 10.0
3462.0 1621.0 20.0 10.0
1201.0 2868.0 20.0 10.0
828.0 4870.0 20.0 10.0
335.0 5281.0 20.0 10.0
342.0 5274.0 20.0 10.0
5367.0 428.0 20.0 10.0
5325.0 422.0 20.0 10.0
5247.0 210.0 20.0 10.0
1604.0 3446.0 20.0 10.0
1596.0 3438.0 20.0 10.0
2486.0 2255.0 20.0 10.0
2512.0 2264.0 20.0 10.0
1139.0 2887.0 20.0 10.0
911.0 4059.0 20.0 10.0
3175.0 1875.0 20.0 10.0
1614.0 3243.0 20.0 10.0
239.0 4379.0 20.0 10.0
254.0 4368.0 20.0 10.0
5392.0 348.0 20.0 10.0
5369.0 367.0 20.0 10.0
5429.0 446.0 20.0 10.0
1084.0 2726.0 20.0 10.0
2519.0 2294.0 20.0 10.0
2516.0 2318.0 20.0 10.0
3005.0 1949.0 20.0 10.0
2090.0 2746.0 20.0 10.0
2063.0 2759.0 20.0 10.0
1189.0 4497.0 20.0 10.0
1380.0 3717.0 20.0 10.0
974.0 2985.0 20.0 10.0
999.0 2986.0 20.0 10.0
1023.0 2986.0 20.0 10.0
767.0 4155.0 20.0 10.0
1469.0 3683.0 20.0 10.0
1064.0 4530.0 20.0 10.0
1038.0 4527.0 20.0 10.0
2015.0 2810.0 20.0 10.0
1347.0 3057.0 20.0 10.0
714.0 4304.0 20.0 10.0
724.0 4281.0 20.0 10.0
2516.0 2397.0 20.0 10.0
274.0 5419.0 20.0 10.0
282.0 5398.0 20.0 10.0
290.0 5373.0 20.0 10.0
1226.0 4523.0 20.0 10.0
1041.0 2715.0 20.0 10.0
1613.0 3375.0 20.0 10.0
1526.0 3252.0 20.0 10.0
5457.0 146.0 20.0 10.0
5435.0 169.0 20.0 10.0
1818.0 3140.0 20.0 10.0
3029.0 1956.0 20.0 10.0
1459.0 3699.0 20.0 10.0
5505.0 85.0 20.0 10.0
1015.0 4551.0 20.0 10.0
1279.0 4597.0 20.0 10.0
1256.0 4594.0 20.0 10.0
1470.0 3097.0 20.0 10.0
1478.0 3126.0 20.0 10.0
854.0 2831.0 20.0 10.0
5450.0 319.0 20.0 10.0
702.0 4307.0 20.0 10.0
1129.0 2924.0 20.0 10.0
782.0 4331.0 20.0 10.0
828.0 4805.0 20.0 10.0
4159.0 1086.0 20.0 10.0
1659.0 3416.0 20.0 10.0
3096.0 1767.0 20.0 10.0
825.0 4763.0 20.0 10.0
1591.0 3426.0 20.0 10.0
1586.0 3413.0 20.0 10.0
263.0 4315.0 20.0 10.0
273.0 4337.0 20.0 10.0
1098.0 2984.0 20.0 10.0
1147.0 2985.0 20.0 10.0
1315.0 3465.0 20.0 10.0
2844.0 2107.0 20.0 10.0
4783.0 351.0 20.0 10.0
4786.0 360.0 20.0 10.0
4788.0 369.0 20.0 10.0
5229.0 412.0 20.0 10.0
3454.0 1656.0 20.0 10.0
3830.0 1355.0 20.0 10.0
4229.0 1068.0 20.0 10.0
2491.0 2121.0 20.0 10.0
3107.0 1864.0 20.0 10.0
1195.0 2887.0 20.0 10.0
763.0 4352.0 20.0 10.0
1906.0 2888.0 20.0 10.0
5529.0 40.0 20.0 10.0
2456.0 2249.0 20.0 10.0
1090.0 2935.0 20.0 10.0
781.0 2781.0 20.0 10.0
2446.0 2448.0 20.0 10.0
4858.0 478.0 20.0 10.0
3400.0 1674.0 20.0 10.0
4796.0 388.0 20.0 10.0
1202.0 4403.0 20.0 10.0
1193.0 4406.0 20.0 10.0
4821.0 659.0 20.0 10.0
796.0 2817.0 20.0 10.0
1198.0 2961.0 20.0 10.0
1261.0 4159.0 20.0 10.0
2499.0 2222.0 20.0 10.0
5665.0 193.0 20.0 10.0
5642.0 200.0 20.0 10.0
5650.0 209.0 20.0 10.0
5621.0 214.0 20.0 10.0
5594.0 221.0 20.0 10.0
