1000
90.0 91.0 20.0 10.0
85.0 94.0 20.0 10.0
84.0 93.0 20.0 10.0
94.0 101.0 20.0 10.0
77.0 88.0 20.0 10.0
87.0 96.0 20.0 10.0
90.0 92.0 20.0 10.0
87.0 95.0 20.0 10.0
90.0 95.0 20.0 10.0
96.0 89.0 20.0 10.0
89.0 89.0 20.0 10.0
82.0 89.0 20.0 10.0
82.0 92.0 20.0 10.0
84.0 95.0 20.0 10.0
90.0 85.0 20.0 10.0
86.0 98.0 20.0 10.0
81.0 80.0 20.0 10.0
84.0 102.0 20.0 10.0
99.0 108.0 20.0 10.0
94.0 80.0 20.0 10.0
87.0 72.0 20.0 10.0
83.0 90.0 20.0 10.0
93.0 96.0 20.0 10.0
99.0 79.0 20.0 10.0
96.0 96.0 20.0 10.0
103.0 85.0 20.0 10.0
101.0 108.0 20.0 10.0
79.0 85.0 20.0 10.0
83.0 111.0 20.0 10.0
85.0 83.0 20.0 10.0
103.0 90.0 20.0 10.0
105.0 79.0 20.0 10.0
104.0 99.0 20.0 10.0
81.0 83.0 20.0 10.0
103.0 81.0 20.0 10.0
97.0 104.0 20.0 10.0
75.0 89.0 20.0 10.0
91.0 100.0 20.0 10.0
94.0 88.0 20.0 10.0
83.0 78.0 20.0 10.0
115.0 94.0 20.0 10.0
91.0 88.0 20.0 10.0
62.0 82.0 20.0 10.0
93.0 94.0 20.0 10.0
92.0 98.0 20.0 10.0
86.0 100.0 20.0 10.0
84.0 97.0 20.0 10.0
78.0 112.0 20.0 10.0
100.0 101.0 20.0 10.0
72.0 78.0 20.0 10.0
73.0 91.0 20.0 10.0
63.0 88.0 20.0 10.0
80.0 111.0 20.0 10.0
88.0 88.0 20.0 10.0
77.0 110.0 20.0 10.0
82.0 102.0 20.0 10.0
96.0 106.0 20.0 10.0
104.0 92.0 20.0 10.0
105.0 89.0 20.0 10.0
80.0 83.0 20.0 10.0
95.0 88.0 20.0 10.0
107.0 117.0 20.0 10.0
97.0 95.0 20.0 10.0
90.0 81.0 20.0 10.0
79.0 107.0 20.0 10.0
97.0 120.0 20.0 10.0
104.0 94.0 20.0 10.0
74.0 96.0 20.0 10.0
59.0 99.0 20.0 10.0
74.0 93.0 20.0 10.0
100.0 115.0 20.0 10.0
84.0 107.0 20.0 10.0
65.0 84.0 20.0 10.0
104.0 70.0 20.0 10.0
91.0 73.0 20.0 10.0
87.0 104.0 20.0 10.0
115.0 111.0 20.0 10.0
53.0 74.0 20.0 10.0
84.0 101.0 20.0 10.0
80.0 78.0 20.0 10.0
94.0 72.0 20.0 10.0
84.0 89.0 20.0 10.0
78.0 110.0 20.0 10.0
104.0 97.0 20.0 10.0
107.0 79.0 20.0 10.0
111.0 98.0 20.0 10.0
81.0 104.0 20.0 10.0
96.0 79.0 20.0 10.0
77.0 104.0 20.0 10.0
107.0 81.0 20.0 10.0
76.0 73.0 20.0 10.0
70.0 102.0 20.0 10.0
86.0 87.0 20.0 10.0
74.0 102.0 20.0 10.0
63.0 102.0 20.0 10.0
65.0 86.0 20.0 10.0
88.0 83.0 20.0 10.0
57.0 92.0 20.0 10.0
75.0 99.0 20.0 10.0
66.0 106.0 20.0 10.0
91.0 133.0 20.0 10.0
100.0 95.0 20.0 10.0
98.0 89.0 20.0 10.0
94.0999984741211 101.0 20.0 10.0
79.0 103.0 20.0 10.0
89.0 101.0 20.0 10.0
111.0 77.0 20.0 10.0
91.0 65.0 20.0 10.0
107.0 91.0 20.0 10.0
114.0 70.0 20.0 10.0
97.0 99.0 20.0 10.0
108.0 93.0 20.0 10.0
65.0 78.0 20.0 10.0
113.0 104.0 20.0 10.0
93.0 83.0 20.0 10.0
78.0 59.0 20.0 10.0
82.0 86.0 20.0 10.0
88.0 103.0 20.0 10.0
100.0 118.0 20.0 10.0
96.0 118.0 20.0 10.0
84.0 82.0 20.0 10.0
124.0 94.0 20.0 10.0
110.0 74.0 20.0 10.0
93.0 63.0 20.0 10.0
107.0 114.0 20.0 10.0
68.0 91.0 20.0 10.0
127.0 87.0 20.0 10.0
112.0 108.0 20.0 10.0
77.0 102.0 20.0 10.0
98.0 92.0 20.0 10.0
108.0 86.0 20.0 10.0
100.0 67.0 20.0 10.0
99.0 102.0 20.0 10.0
103.0 106.0 20.0 10.0
79.0 80.0 20.0 10.0
78.0 93.0 20.0 10.0
100.0 94.0 20.0 10.0
69.0 65.0 20.0 10.0
102.0 99.0 20.0 10.0
79.0 98.0 20.0 10.0
106.0 70.0 20.0 10.0
88.0 86.0 20.0 10.0
97.0 76.0 20.0 10.0
112.0 73.0 20.0 10.0
60.0 86.0 20.0 10.0
95.0 95.0 20.0 10.0
100.0 63.0 20.0 10.0
87.0 80.0 20.0 10.0
59.0 89.0 20.0 10.0
91.0 129.0 20.0 10.0
93.0 110.0 20.0 10.0
77.0 95.0 20.0 10.0
99.0 104.0 20.0 10.0
74.0 112.0 20.0 10.0
47.0 87.0 20.0 10.0
108.0 56.0 20.0 10.0
117.0 95.0 20.0 10.0
114.0 92.0 20.0 10.0
82.0 52.0 20.0 10.0
109.0 52.0 20.0 10.0
68.0 128.0 20.0 10.0
110.0 114.0 20.0 10.0
54.0 72.0 20.0 10.0
115.0 98.0 20.0 10.0
61.0 63.0 20.0 10.0
69.0 81.0 20.0 10.0
87.0 79.0 20.0 10.0
76.0 61.0 20.0 10.0
89.0 119.0 20.0 10.0
103.0 114.0 20.0 10.0
73.0 92.0 20.0 10.0
102.0 63.0 20.0 10.0
79.0 63.0 20.0 10.0
91.0 76.0 20.0 10.0
105.0 132.0 20.0 10.0
59.0 111.0 20.0 10.0
86.0 76.0 20.0 10.0
70.0 72.0 20.0 10.0
106.0 103.0 20.0 10.0
91.0 122.0 20.0 10.0
115.0 96.0 20.0 10.0
92.0 103.0 20.0 10.0
99.0 75.0 20.0 10.0
87.0 94.0 20.0 10.0
97.0 66.0 20.0 10.0
101.0 69.0 20.0 10.0
96.0 124.0 20.0 10.0
88.0 60.0 20.0 10.0
96.0 64.0 20.0 10.0
110.0 110.0 20.0 10.0
110.0 116.0 20.0 10.0
101.0 79.0 20.0 10.0
57.0 75.0 20.0 10.0
72.0 114.0 20.0 10.0
83.0 113.0 20.0 10.0
93.0 115.0 20.0 10.0
121.0 72.0 20.0 10.0
77.0 108.0 20.0 10.0
76.0 118.0 20.0 10.0
111.0 70.0 20.0 10.0
109.0 106.0 20.0 10.0
82.0 59.0 20.0 10.0
79.0 75.0 20.0 10.0
54.0 65.0 20.0 10.0
87.0 115.0 20.0 10.0
85.0 118.0 20.0 10.0
97.0 126.0 20.0 10.0
108.0 75.0 20.0 10.0
69.0 102.0 20.0 10.0
121.0 113.0 20.0 10.0
77.0 79.0 20.0 10.0
90.0 100.0 20.0 10.0
111.0 86.0 20.0 10.0
134.0 92.0 20.0 10.0
116.0 71.0 20.0 10.0
92.0 107.0 20.0 10.0
61.0 84.0 20.0 10.0
87.0 58.0 20.0 10.0
94.0 110.0 20.0 10.0
109.0 95.0 20.0 10.0
122.0 92.0 20.0 10.0
69.0 100.0 20.0 10.0
118.0 117.0 20.0 10.0
95.0 85.0 20.0 10.0
72.0 73.0 20.0 10.0
97.0 131.0 20.0 10.0
86.0 71.0 20.0 10.0
78.0 108.0 20.0 10.0
126.0 82.0 20.0 10.0
71.0 60.0 20.0 10.0
101.0 72.0 20.0 10.0
92.0 58.0 20.0 10.0
118.0 62.0 20.0 10.0
53.0 94.0 20.0 10.0
71.0 68.0 20.0 10.0
95.0 117.0 20.0 10.0
52.0 97.0 20.0 10.0
75.0 86.0 20.0 10.0
42.0 101.0 20.0 10.0
71.0 88.0 20.0 10.0
90.0 48.0 20.0 10.0
79.0 54.0 20.0 10.0
88.0 124.0 20.0 10.0
53.0 112.0 20.0 10.0
79.0 69.0 20.0 10.0
114.0 107.0 20.0 10.0
124.0 100.0 20.0 10.0
107.0 126.0 20.0 10.0
83.0 127.0 20.0 10.0
109.0 108.0 20.0 10.0
74.0 131.0 20.0 10.0
88.0 67.0 20.0 10.0
89.0 77.0 20.0 10.0
63.0 111.0 20.0 10.0
70.0 108.0 20.0 10.0
65.0 95.0 20.0 10.0
65.0 126.0 20.0 10.0
70.0 80.0 20.0 10.0
66.0 121.0 20.0 10.0
64.0 88.0 20.0 10.0
118.0 87.0 20.0 10.0
103.0 64.0 20.0 10.0
75.0 115.0 20.0 10.0
80.0 115.0 20.0 10.0
120.0 107.0 20.0 10.0
105.0 68.0 20.0 10.0
93.0 91.0 20.0 10.0
61.0 123.0 20.0 10.0
99.0 65.0 20.0 10.0
136.0 96.0 20.0 10.0
79.0 123.0 20.0 10.0
76.0 100.0 20.0 10.0
105.0 75.0 20.0 10.0
119.0 98.0 20.0 10.0
63.0 105.0 20.0 10.0
62.0 76.0 20.0 10.0
121.0 78.0 20.0 10.0
79.0 118.0 20.0 10.0
109.0 65.0 20.0 10.0
70.0 91.0 20.0 10.0
115.0 78.0 20.0 10.0
78.0 100.0 20.0 10.0
98.0 70.0 20.0 10.0
105.0 109.0 20.0 10.0
98.0 73.0 20.0 10.0
68.0 74.0 20.0 10.0
124.0 103.0 20.0 10.0
39.0 96.0 20.0 10.0
87.0 108.0 20.0 10.0
64.0 117.0 20.0 10.0
62.0 114.0 20.0 10.0
89.0 136.0 20.0 10.0
75.0 87.0 20.0 10.0
118.0 119.0 20.0 10.0
69.0 78.0 20.0 10.0
69.0 106.0 20.0 10.0
67.0 55.0 20.0 10.0
66.0 73.0 20.0 10.0
101.0 91.0 20.0 10.0
89.0 124.0 20.0 10.0
95.0 74.0 20.0 10.0
69.0 124.0 20.0 10.0
66.0 66.0 20.0 10.0
86.0 54.0 20.0 10.0
62.0 62.0 20.0 10.0
87.0 91.0 20.0 10.0
58.0 95.0 20.0 10.0
105.0 73.0 20.0 10.0
55.0 94.0 20.0 10.0
64.0 99.0 20.0 10.0
130.0 73.0 20.0 10.0
61.0 97.0 20.0 10.0
74.0 54.0 20.0 10.0
124.0 113.0 20.0 10.0
124.0 65.0 20.0 10.0
109.0 70.0 20.0 10.0
74.0 110.0 20.0 10.0
81.0 96.0 20.0 10.0
106.0 72.0 20.0 10.0
105.0 119.0 20.0 10.0
58.0 119.0 20.0 10.0
114.0 82.0 20.0 10.0
111.0 84.0 20.0 10.0
127.0 109.0 20.0 10.0
63.0 94.0 20.0 10.0
43.0 104.0 20.0 10.0
96.0 85.0 20.0 10.0
69.0 89.0 20.0 10.0
99.0 112.0 20.0 10.0
94.0 126.0 20.0 10.0
70.0 99.0 20.0 10.0
108.0 139.0 20.0 10.0
111.0 79.0 20.0 10.0
128.0 77.0 20.0 10.0
102.0 131.0 20.0 10.0
72.0 123.0 20.0 10.0
76.0 135.0 20.0 10.0
113.0 120.0 20.0 10.0
91.0 118.0 20.0 10.0
93.0 141.0 20.0 10.0
132.0 78.0 20.0 10.0
75.0 107.0 20.0 10.0
121.0 102.0 20.0 10.0
126.0 117.0 20.0 10.0
54.0 92.0 20.0 10.0
132.0 54.0 20.0 10.0
91.0 105.0 20.0 10.0
89.0 56.0 20.0 10.0
103.0 47.0 20.0 10.0
102.0 57.0 20.0 10.0
75.0 82.0 20.0 10.0
70.0 95.0 20.0 10.0
96.0 46.0 20.0 10.0
94.0 66.0 20.0 10.0
80.0 125.0 20.0 10.0
77.0 76.0 20.0 10.0
125.0 92.0 20.0 10.0
52.0 101.0 20.0 10.0
106.0 121.0 20.0 10.0
84.0 65.0 20.0 10.0
78.0 66.0 20.0 10.0
47.0 110.0 20.0 10.0
65.0 80.0 20.0 10.0
104.0 62.0 20.0 10.0
74.0 70.0 20.0 10.0
45.0 84.0 20.0 10.0
102.0 117.0 20.0 10.0
68.0 120.0 20.0 10.0
129.0 107.0 20.0 10.0
68.0 60.0 20.0 10.0
118.0 101.0 20.0 10.0
73.0 120.0 20.0 10.0
102.0 110.0 20.0 10.0
68.0 85.0 20.0 10.0
57.0 100.0 20.0 10.0
131.0 61.0 20.0 10.0
87.0 64.0 20.0 10.0
112.0 56.0 20.0 10.0
83.0 62.0 20.0 10.0
44.0 81.0 20.0 10.0
142.0 102.0 20.0 10.0
91.0 79.0 20.0 10.0
50.0 107.0 20.0 10.0
91.0 83.0 20.0 10.0
62.0 48.0 20.0 10.0
123.0 85.0 20.0 10.0
97.0 54.0 20.0 10.0
127.0 75.0 20.0 10.0
73.0 65.0 20.0 10.0
78.0 87.0 20.0 10.0
130.0 109.0 20.0 10.0
112.0 59.0 20.0 10.0
119.0 74.0 20.0 10.0
39.0 101.0 20.0 10.0
73.0 133.0 20.0 10.0
50.0 78.0 20.0 10.0
127.0 80.0 20.0 10.0
48.0 73.0 20.0 10.0
120.0 96.0 20.0 10.0
113.0 117.0 20.0 10.0
118.0 81.0 20.0 10.0
50.0 109.0 20.0 10.0
116.0 115.0 20.0 10.0
107.0 56.0 20.0 10.0
114.0 58.0 20.0 10.0
88.0 65.0 20.0 10.0
120.0 109.0 20.0 10.0
64.0 109.0 20.0 10.0
49.0 95.0 20.0 10.0
58.0 81.0 20.0 10.0
53.0 77.0 20.0 10.0
118.0 83.0 20.0 10.0
59.0 132.0 20.0 10.0
133.0 94.0 20.0 10.0
92.0 127.0 20.0 10.0
47.0 76.0 20.0 10.0
112.0 66.0 20.0 10.0
55.0 115.0 20.0 10.0
44.0 114.0 20.0 10.0
127.0 69.0 20.0 10.0
138.0 97.0 20.0 10.0
110.0 126.0 20.0 10.0
108.0 46.0 20.0 10.0
122.0 104.0 20.0 10.0
123.0 88.0 20.0 10.0
60.0 91.0 20.0 10.0
81.0 132.0 20.0 10.0
138.0 71.0 20.0 10.0
117.0 88.0 20.0 10.0
75.0 77.0 20.0 10.0
57.0 61.0 20.0 10.0
52.0 85.0 20.0 10.0
101.0 132.0 20.0 10.0
116.0 120.0 20.0 10.0
104.0 125.0 20.0 10.0
142.0 64.0 20.0 10.0
47.0 80.0 20.0 10.0
58.0 57.0 20.0 10.0
92.0 44.0 20.0 10.0
86.0 109.0 20.0 10.0
68.0 75.0 20.0 10.0
107.0 112.0 20.0 10.0
105.0 97.0 20.0 10.0
77.0 55.0 20.0 10.0
104.0 112.0 20.0 10.0
58.0 69.0 20.0 10.0
63.0 72.0 20.0 10.0
44.0 101.0 20.0 10.0
91.0 112.0 20.0 10.0
52.0 123.0 20.0 10.0
52.0 103.0 20.0 10.0
46.0 69.0 20.0 10.0
131.0 113.0 20.0 10.0
62.0 127.0 20.0 10.0
116.0 108.0 20.0 10.0
57.0 108.0 20.0 10.0
50.0 94.0 20.0 10.0
48.0 68.0 20.0 10.0
73.0 139.0 20.0 10.0
133.0 109.0 20.0 10.0
90.0 147.0 20.0 10.0
93.0 130.0 20.0 10.0
89.0 111.0 20.0 10.0
87.0 132.0 20.0 10.0
126.0 100.0 20.0 10.0
95.0 112.0 20.0 10.0
80.0 64.0 20.0 10.0
49.0 70.0 20.0 10.0
86.0 135.0 20.0 10.0
66.0 42.0 20.0 10.0
118.0 106.0 20.0 10.0
118.0 93.0 20.0 10.0
51.0 87.0 20.0 10.0
94.0 56.0 20.0 10.0
85.0 128.0 20.0 10.0
118.0 102.0 20.0 10.0
61.0 119.0 20.0 10.0
134.0 98.0 20.0 10.0
67.0 68.0 20.0 10.0
60.0 122.0 20.0 10.0
106.0 128.0 20.0 10.0
48.0 58.0 20.0 10.0
59.0 103.0 20.0 10.0
113.0 100.0 20.0 10.0
62.0 108.0 20.0 10.0
75.0 63.0 20.0 10.0
109.0 88.0 20.0 10.0
106.0 77.0 20.0 10.0
51.0 81.0 20.0 10.0
45.0 106.0 20.0 10.0
119.0 111.0 20.0 10.0
116.0 127.0 20.0 10.0
122.0 110.0 20.0 10.0
104.0 133.0 20.0 10.0
110.0 42.0 20.0 10.0
47.0 102.0 20.0 10.0
50.0 112.0 20.0 10.0
92.0 70.0 20.0 10.0
88.0 51.0 20.0 10.0
71.0 122.0 20.0 10.0
86.0 113.0 20.0 10.0
103.0 102.0 20.0 10.0
66.0 61.0 20.0 10.0
109.0 136.0 20.0 10.0
89.0 44.0 20.0 10.0
91.0 114.0 20.0 10.0
56.0 104.0 20.0 10.0
69.0 130.0 20.0 10.0
80.0 77.0 20.0 10.0
110.0 130.0 20.0 10.0
82.0 48.0 20.0 10.0
64.0 115.0 20.0 10.0
135.0 140.0 20.0 10.0
56.0 81.0 20.0 10.0
102.0 128.0 20.0 10.0
69.0 116.0 20.0 10.0
119.0 129.0 20.0 10.0
96.0 141.0 20.0 10.0
103.0 120.0 20.0 10.0
119.0 59.0 20.0 10.0
100.0 128.0 20.0 10.0
68.0 86.0 20.0 10.0
36.0 116.0 20.0 10.0
34.0 94.0 20.0 10.0
78.0 89.0 20.0 10.0
112.0 87.0 20.0 10.0
113.0 79.0 20.0 10.0
108.0 102.0 20.0 10.0
114.0 54.0 20.0 10.0
143.0 98.0 20.0 10.0
108.0 83.0 20.0 10.0
88.0 53.0 20.0 10.0
132.0 58.0 20.0 10.0
48.0 56.0 20.0 10.0
64.0 125.0 20.0 10.0
52.0 55.0 20.0 10.0
132.0 99.0 20.0 10.0
83.0 76.0 20.0 10.0
111.0 35.0 20.0 10.0
126.0 72.0 20.0 10.0
111.0 106.0 20.0 10.0
63.0 59.0 20.0 10.0
42.0 123.0 20.0 10.0
60.0 105.0 20.0 10.0
125.0 69.0 20.0 10.0
77.0 136.0 20.0 10.0
82.0 138.0 20.0 10.0
40.0 112.0 20.0 10.0
66.0 141.0 20.0 10.0
41.0 79.0 20.0 10.0
59.0 125.0 20.0 10.0
98.0 45.0 20.0 10.0
127.0 122.0 20.0 10.0
134.0 106.0 20.0 10.0
70.0 141.0 20.0 10.0
120.0 63.0 20.0 10.0
117.0 143.0 20.0 10.0
73.0 59.0 20.0 10.0
51.0 114.0 20.0 10.0
68.0 41.0 20.0 10.0
77.0 151.0 20.0 10.0
129.0 84.0 20.0 10.0
135.0 90.0 20.0 10.0
119.0 134.0 20.0 10.0
72.0 110.0 20.0 10.0
54.0 119.0 20.0 10.0
77.0 126.0 20.0 10.0
70.0 57.0 20.0 10.0
136.0 79.0 20.0 10.0
116.0 99.0 20.0 10.0
60.0 127.0 20.0 10.0
78.0 142.0 20.0 10.0
112.0 47.0 20.0 10.0
71.0 137.0 20.0 10.0
118.0 66.0 20.0 10.0
129.0 112.0 20.0 10.0
59.0 109.0 20.0 10.0
89.0 140.0 20.0 10.0
106.0 96.0 20.0 10.0
43.0 99.0 20.0 10.0
97.0 63.0 20.0 10.0
83.0 70.0 20.0 10.0
120.0 118.0 20.0 10.0
140.0 110.0 20.0 10.0
32.0 112.0 20.0 10.0
78.0 82.0 20.0 10.0
46.0 95.0 20.0 10.0
68.0 56.0 20.0 10.0
134.0 76.0 20.0 10.0
38.0 90.0 20.0 10.0
82.0 145.0 20.0 10.0
92.0 61.0 20.0 10.0
75.0 117.0 20.0 10.0
125.0 123.0 20.0 10.0
53.0 115.0 20.0 10.0
58.0 77.0 20.0 10.0
117.0 65.0 20.0 10.0
105.0 116.0 20.0 10.0
135.0 88.0 20.0 10.0
118.0 112.0 20.0 10.0
98.0 138.0 20.0 10.0
66.0 72.0 20.0 10.0
56.0 111.0 20.0 10.0
89.0 72.0 20.0 10.0
98.0 50.0 20.0 10.0
108.0 136.0 20.0 10.0
126.0 66.0 20.0 10.0
125.0 78.0 20.0 10.0
46.0 93.0 20.0 10.0
121.0 82.0 20.0 10.0
108.0 62.0 20.0 10.0
85.0 56.0 20.0 10.0
84.0 143.0 20.0 10.0
129.0 57.0 20.0 10.0
119.0 116.0 20.0 10.0
33.0 88.0 20.0 10.0
65.0 134.0 20.0 10.0
66.0 90.0 20.0 10.0
138.0 91.0 20.0 10.0
60.0 133.0 20.0 10.0
73.0 148.0 20.0 10.0
115.0 133.0 20.0 10.0
137.0 82.0 20.0 10.0
111.0 67.0 20.0 10.0
34.0 78.0 20.0 10.0
139.0 112.0 20.0 10.0
105.0 138.0 20.0 10.0
102.0 41.0 20.0 10.0
138.0 65.0 20.0 10.0
72.0 126.0 20.0 10.0
93.0 68.0 20.0 10.0
42.0 81.0 20.0 10.0
66.0 117.0 20.0 10.0
96.0 51.0 20.0 10.0
141.0 84.0 20.0 10.0
114.0 48.0 20.0 10.0
123.0 69.0 20.0 10.0
93.0 133.0 20.0 10.0
113.0 90.0 20.0 10.0
77.0 115.0 20.0 10.0
153.0 94.0 20.0 10.0
53.0 88.0 20.0 10.0
94.0 47.0 20.0 10.0
124.0 117.0 20.0 10.0
82.0 134.0 20.0 10.0
127.0 71.0 20.0 10.0
127.0 91.0 20.0 10.0
44.0 65.0 20.0 10.0
68.0 98.0 20.0 10.0
62.0 140.0 20.0 10.0
41.0 87.0 20.0 10.0
65.0 112.0 20.0 10.0
75.0 145.0 20.0 10.0
155.0 88.0 20.0 10.0
42.0 75.0 20.0 10.0
54.0 68.0 20.0 10.0
127.0 62.0 20.0 10.0
73.0 125.0 20.0 10.0
66.0 59.0 20.0 10.0
73.0 76.0 20.0 10.0
43.0 119.0 20.0 10.0
62.0 83.0 20.0 10.0
147.0 111.0 20.0 10.0
125.0 44.0 20.0 10.0
108.0 132.0 20.0 10.0
65.0 64.0 20.0 10.0
103.0 87.0 20.0 10.0
120.0 55.0 20.0 10.0
75.0 80.0 20.0 10.0
51.0 144.0 20.0 10.0
58.0 65.0 20.0 10.0
56.0 70.0 20.0 10.0
84.0 136.0 20.0 10.0
92.0 39.0 20.0 10.0
122.0 60.0 20.0 10.0
40.0 83.0 20.0 10.0
91.0 152.0 20.0 10.0
91.0 36.0 20.0 10.0
72.0 50.0 20.0 10.0
96.0 115.0 20.0 10.0
135.0 116.0 20.0 10.0
133.0 121.0 20.0 10.0
103.0 135.0 20.0 10.0
32.0 83.0 20.0 10.0
106.0 54.0 20.0 10.0
92.0 137.0 20.0 10.0
102.0 141.0 20.0 10.0
85.0 61.0 20.0 10.0
124.0 75.0 20.0 10.0
123.0 81.0 20.0 10.0
128.0 151.0 20.0 10.0
117.0 138.0 20.0 10.0
48.0 124.0 20.0 10.0
112.0 133.0 20.0 10.0
138.0 107.0 20.0 10.0
125.0 61.0 20.0 10.0
110.0 56.0 20.0 10.0
141.0 88.0 20.0 10.0
144.0 74.0 20.0 10.0
62.0 121.0 20.0 10.0
63.0 129.0 20.0 10.0
99.0 137.0 20.0 10.0
41.0 93.0 20.0 10.0
79.0 51.0 20.0 10.0
146.0 84.0 20.0 10.0
129.0 90.0 20.0 10.0
115.0 123.0 20.0 10.0
110.0 60.0 20.0 10.0
112.0 137.0 20.0 10.0
55.0 132.0 20.0 10.0
115.0 65.0 20.0 10.0
69.0 47.0 20.0 10.0
104.0 40.0 20.0 10.0
68.0 66.0 20.0 10.0
69.0 43.0 20.0 10.0
134.0 96.0 20.0 10.0
49.0 130.0 20.0 10.0
153.0 126.0 20.0 10.0
50.0 56.0 20.0 10.0
116.0 103.0 20.0 10.0
110.0 103.0 20.0 10.0
50.0 85.0 20.0 10.0
119.0 92.0 20.0 10.0
98.0 125.0 20.0 10.0
123.0 57.0 20.0 10.0
114.0 75.0 20.0 10.0
54.0 108.0 20.0 10.0
136.0 42.0 20.0 10.0
141.0 121.0 20.0 10.0
51.0 63.0 20.0 10.0
63.0 53.0 20.0 10.0
121.0 121.0 20.0 10.0
78.0 129.0 20.0 10.0
87.0 122.0 20.0 10.0
95.0 132.0 20.0 10.0
129.0 86.0 20.0 10.0
76.0 67.0 20.0 10.0
135.0 67.0 20.0 10.0
74.0 141.0 20.0 10.0
87.0 140.0 20.0 10.0
136.0 102.0 20.0 10.0
44.0 109.0 20.0 10.0
53.0 82.0 20.0 10.0
46.0 97.0 20.0 10.0
95.0 155.0 20.0 10.0
121.0 126.0 20.0 10.0
41.0 73.0 20.0 10.0
77.0 46.0 20.0 10.0
66.0 77.0 20.0 10.0
134.0 135.0 20.0 10.0
71.0 53.0 20.0 10.0
151.0 96.0 20.0 10.0
101.0 138.0 20.0 10.0
38.0 132.0 20.0 10.0
87.0 48.0 20.0 10.0
88.0 34.0 20.0 10.0
60.0 117.0 20.0 10.0
126.0 51.0 20.0 10.0
91.0 54.0 20.0 10.0
120.0 45.0 20.0 10.0
139.0 77.0 20.0 10.0
45.0 87.0 20.0 10.0
106.0 47.0 20.0 10.0
69.0 135.0 20.0 10.0
80.0 147.0 20.0 10.0
59.0 77.0 20.0 10.0
45.0 127.0 20.0 10.0
94.0 138.0 20.0 10.0
134.0 104.0 20.0 10.0
113.0 84.0 20.0 10.0
55.0 124.0 20.0 10.0
129.0 63.0 20.0 10.0
87.0 142.0 20.0 10.0
40.0 121.0 20.0 10.0
139.0 106.0 20.0 10.0
66.0 136.0 20.0 10.0
97.0 58.0 20.0 10.0
64.0 55.0 20.0 10.0
129.0 94.0 20.0 10.0
118.0 136.0 20.0 10.0
123.0 75.0 20.0 10.0
59.0 60.0 20.0 10.0
76.0 56.0 20.0 10.0
83.0 42.0 20.0 10.0
128.0 126.0 20.0 10.0
66.0 70.0 20.0 10.0
111.0 146.0 20.0 10.0
86.0 138.0 20.0 10.0
48.0 122.0 20.0 10.0
105.0 58.0 20.0 10.0
72.0 51.0 20.0 10.0
85.0 35.0 20.0 10.0
38.0 106.0 20.0 10.0
90.0 44.0 20.0 10.0
97.0 42.0 20.0 10.0
62.0 145.0 20.0 10.0
103.0 147.0 20.0 10.0
76.0 132.0 20.0 10.0
72.0 45.0 20.0 10.0
117.0 116.0 20.0 10.0
145.0 121.0 20.0 10.0
139.0 124.0 20.0 10.0
150.0 87.0 20.0 10.0
133.0 123.0 20.0 10.0
116.0 84.0 20.0 10.0
43.0 94.0 20.0 10.0
134.0 126.0 20.0 10.0
135.0 100.0 20.0 10.0
102.0 52.0 20.0 10.0
138.0 63.0 20.0 10.0
63.0 141.0 20.0 10.0
127.0 107.0 20.0 10.0
44.0 60.0 20.0 10.0
142.0 69.0 20.0 10.0
132.0 107.0 20.0 10.0
42.0 95.0 20.0 10.0
73.0 41.0 20.0 10.0
128.0 137.0 20.0 10.0
119.0 53.0 20.0 10.0
77.0 25.0 20.0 10.0
51.0 71.0 20.0 10.0
40.0 98.0 20.0 10.0
52.0 44.0 20.0 10.0
47.0 72.0 20.0 10.0
68.0 139.0 20.0 10.0
82.0 105.0 20.0 10.0
47.0 90.0 20.0 10.0
68.0 50.0 20.0 10.0
98.0 146.0 20.0 10.0
80.0 128.0 20.0 10.0
137.0 121.0 20.0 10.0
121.0 130.0 20.0 10.0
68.0 143.0 20.0 10.0
62.0 136.0 20.0 10.0
42.0 108.0 20.0 10.0
75.0 125.0 20.0 10.0
98.0 135.0 20.0 10.0
52.0 108.0 20.0 10.0
38.0 102.0 20.0 10.0
114.0 129.0 20.0 10.0
132.0 117.0 20.0 10.0
59.0 50.0 20.0 10.0
120.0 89.0 20.0 10.0
127.0 104.0 20.0 10.0
57.0 131.0 20.0 10.0
49.0 119.0 20.0 10.0
50.0 126.0 20.0 10.0
127.0 114.0 20.0 10.0
47.0 66.0 20.0 10.0
97.0 38.0 20.0 10.0
72.0 128.0 20.0 10.0
101.0 42.0 20.0 10.0
131.0 98.0 20.0 10.0
142.0 72.0 20.0 10.0
139.0 93.0 20.0 10.0
123.0 48.0 20.0 10.0
106.0 65.0 20.0 10.0
114.0 62.0 20.0 10.0
123.0 98.0 20.0 10.0
131.0 82.0 20.0 10.0
44.0 90.0 20.0 10.0
62.0 40.0 20.0 10.0
127.0 89.0 20.0 10.0
76.0 44.0 20.0 10.0
39.0 105.0 20.0 10.0
61.0 57.0 20.0 10.0
46.0 101.0 20.0 10.0
93.0 145.0 20.0 10.0
102.0 146.0 20.0 10.0
52.0 132.0 20.0 10.0
81.0 50.0 20.0 10.0
105.0 130.0 20.0 10.0
123.0 120.0 20.0 10.0
54.0 121.0 20.0 10.0
143.0 110.0 20.0 10.0
50.0 68.0 20.0 10.0
119.0 138.0 20.0 10.0
103.0 54.0 20.0 10.0
136.0 114.0 20.0 10.0
142.0 85.0 20.0 10.0
143.0 117.0 20.0 10.0
54.0 99.0 20.0 10.0
118.0 127.0 20.0 10.0
71.0 133.0 20.0 10.0
112.0 144.0 20.0 10.0
33.0 61.0 20.0 10.0
132.0 89.0 20.0 10.0
129.0 144.0 20.0 10.0
136.0 59.0 20.0 10.0
41.0 68.0 20.0 10.0
105.0 145.0 20.0 10.0
47.0 117.0 20.0 10.0
52.0 89.0 20.0 10.0
125.0 127.0 20.0 10.0
111.0 124.0 20.0 10.0
117.0 123.0 20.0 10.0
99.0 56.0 20.0 10.0
134.0 71.0 20.0 10.0
144.0 94.0 20.0 10.0
75.0 41.0 20.0 10.0
87.0 152.0 20.0 10.0
135.0 83.0 20.0 10.0
87.0 46.0 20.0 10.0
114.0 131.0 20.0 10.0
64.0 57.0 20.0 10.0
73.0 49.0 20.0 10.0
98.0 141.0 20.0 10.0
121.0 103.0 20.0 10.0
32.0 71.0 20.0 10.0
119.0 70.0 20.0 10.0
43.0 77.0 20.0 10.0
96.0 135.0 20.0 10.0
30.0 89.0 20.0 10.0
113.0 45.0 20.0 10.0
133.0 67.0 20.0 10.0
46.0 113.0 20.0 10.0
54.0 61.0 20.0 10.0
66.0 25.0 20.0 10.0
129.0 66.0 20.0 10.0
42.0 62.0 20.0 10.0
114.0 40.0 20.0 10.0
58.0 54.0 20.0 10.0
125.0 134.0 20.0 10.0
127.0 142.0 20.0 10.0
116.0 67.0 20.0 10.0
36.0 82.0 20.0 10.0
55.0 56.0 20.0 10.0
123.0 107.0 20.0 10.0
159.0 81.0 20.0 10.0
108.0 127.0 20.0 10.0
150.0 89.0 20.0 10.0
134.0 131.0 20.0 10.0
79.0 46.0 20.0 10.0
92.0 47.0 20.0 10.0
140.0 101.0 20.0 10.0
68.0 133.0 20.0 10.0
103.0 51.0 20.0 10.0
134.0 42.0 20.0 10.0
56.0 30.0 20.0 10.0
140.0 81.0 20.0 10.0
43.0 127.0 20.0 10.0
57.0 117.0 20.0 10.0
55.0 128.0 20.0 10.0
43.0 116.0 20.0 10.0
93.0 122.0 20.0 10.0
119.0 144.0 20.0 10.0
36.0 100.0 20.0 10.0
49.0 64.0 20.0 10.0
97.0 154.0 20.0 10.0
35.0 122.0 20.0 10.0
28.0 84.0 20.0 10.0
121.0 26.0 20.0 10.0
107.0 150.0 20.0 10.0
89.0 130.0 20.0 10.0
80.0 136.0 20.0 10.0
116.0 51.0 20.0 10.0
124.0 130.0 20.0 10.0
44.0 107.0 20.0 10.0
113.0 59.0 20.0 10.0
148.0 126.0 20.0 10.0
53.0 57.0 20.0 10.0
94.0 53.0 20.0 10.0
126.0 54.0 20.0 10.0
41.0 85.0 20.0 10.0
82.0 56.0 20.0 10.0
131.0 80.0 20.0 10.0
43.0 67.0 20.0 10.0
25.0 92.0 20.0 10.0
68.0 113.0 20.0 10.0
55.0 52.0 20.0 10.0
106.0 123.0 20.0 10.0
85.0 44.0 20.0 10.0
76.0 47.0 20.0 10.0
63.0 68.0 20.0 10.0
149.0 81.0 20.0 10.0
76.0 39.0 20.0 10.0
99.0 51.0 20.0 10.0
58.0 126.0 20.0 10.0
116.0 40.0 20.0 10.0
82.0 158.0 20.0 10.0
99.0 39.0 20.0 10.0
38.0 112.0 20.0 10.0
120.0 47.0 20.0 10.0
145.0 106.0 20.0 10.0
85.0 133.0 20.0 10.0
100.0 159.0 20.0 10.0
106.0 141.0 20.0 10.0
83.0 46.0 20.0 10.0
123.0 134.0 20.0 10.0
138.0 85.0 20.0 10.0
127.0 73.0 20.0 10.0
45.0 74.0 20.0 10.0
106.0 42.0 20.0 10.0
76.0 51.0 20.0 10.0
113.0 141.0 20.0 10.0
79.0 42.0 20.0 10.0
149.0 99.0 20.0 10.0
43.0 139.0 20.0 10.0
47.0 64.0 20.0 10.0
85.0 40.0 20.0 10.0
