1000
94.0 86.0 20.0 10.0
96.0 90.0 20.0 10.0
91.0 83.0 20.0 10.0
91.0 88.0 20.0 10.0
89.0 92.0 20.0 10.0
96.0 100.0 20.0 10.0
90.0 96.0 20.0 10.0
97.0 98.0 20.0 10.0
91.0 91.0 20.0 10.0
97.0 93.0 20.0 10.0
94.0 93.0 20.0 10.0
89.0 95.0 20.0 10.0
96.0 85.0 20.0 10.0
91.0 85.0 20.0 10.0
102.0 87.0 20.0 10.0
76.0 109.0 20.0 10.0
93.0 95.0 20.0 10.0
92.0 85.0 20.0 10.0
84.0 73.0 20.0 10.0
87.0 98.0 20.0 10.0
97.0 105.0 20.0 10.0
112.0 113.0 20.0 10.0
91.0 94.0 20.0 10.0
91.0 99.0 20.0 10.0
108.0 102.0 20.0 10.0
93.0 94.0 20.0 10.0
97.0 87.0 20.0 10.0
90.0 102.0 20.0 10.0
110.0 86.0 20.0 10.0
77.0 82.0 20.0 10.0
83.0 90.0 20.0 10.0
92.0 91.0 20.0 10.0
95.0 100.0 20.0 10.0
89.0 90.0 20.0 10.0
101.0 96.0 20.0 10.0
104.0 88.0 20.0 10.0
96.0999984741211 85.0 20.0 10.0
94.0 107.0 20.0 10.0
105.0 101.0 20.0 10.0
100.0 115.0 20.0 10.0
97.0 94.0 20.0 10.0
85.0 109.0 20.0 10.0
101.0 83.0 20.0 10.0
83.0 99.0 20.0 10.0
86.0 93.0 20.0 10.0
68.0 85.0 20.0 10.0
62.0 87.0 20.0 10.0
83.0 119.0 20.0 10.0
92.0 103.0 20.0 10.0
91.0 110.0 20.0 10.0
75.0 86.0 20.0 10.0
76.0 105.0 20.0 10.0
93.0 89.0 20.0 10.0
96.0 76.0 20.0 10.0
111.0 89.0 20.0 10.0
96.0 95.0 20.0 10.0
128.0 91.0 20.0 10.0
106.0 66.0 20.0 10.0
99.0 113.0 20.0 10.0
90.0 114.0 20.0 10.0
69.0 72.0 20.0 10.0
92.0 92.0 20.0 10.0
107.0 91.0 20.0 10.0
102.0 100.0 20.0 10.0
101.0 114.0 20.0 10.0
92.0 75.0 20.0 10.0
81.0 96.0 20.0 10.0
83.0 95.0 20.0 10.0
116.0 90.0 20.0 10.0
94.0 116.0 20.0 10.0
118.0 107.0 20.0 10.0
88.0 77.0 20.0 10.0
94.0 124.0 20.0 10.0
101.0 70.0 20.0 10.0
105.0 79.0 20.0 10.0
79.0 96.0 20.0 10.0
74.0 100.0 20.0 10.0
94.0 104.0 20.0 10.0
103.0 80.0 20.0 10.0
107.0 122.0 20.0 10.0
78.0 81.0 20.0 10.0
86.0 100.0 20.0 10.0
70.0 90.0 20.0 10.0
79.0 119.0 20.0 10.0
116.0 71.0 20.0 10.0
105.0 97.0 20.0 10.0
101.0 54.0 20.0 10.0
85.0 103.0 20.0 10.0
89.0 71.0 20.0 10.0
94.0 128.0 20.0 10.0
104.0 87.0 20.0 10.0
86.0 129.0 20.0 10.0
103.0 86.0 20.0 10.0
125.0 100.0 20.0 10.0
88.0 86.0 20.0 10.0
109.0 79.0 20.0 10.0
94.0 81.0 20.0 10.0
73.0 70.0 20.0 10.0
77.0 93.0 20.0 10.0
65.0 67.0 20.0 10.0
111.0 84.0 20.0 10.0
90.0 65.0 20.0 10.0
84.0 91.0 20.0 10.0
68.0 91.0 20.0 10.0
94.0 110.0 20.0 10.0
117.0 122.0 20.0 10.0
87.0 80.0 20.0 10.0
102.0 81.0 20.0 10.0
104.0 124.0 20.0 10.0
88.0 103.0 20.0 10.0
111.0 100.0 20.0 10.0
77.0 100.0 20.0 10.0
75.0 100.0 20.0 10.0
122.0 101.0 20.0 10.0
96.0 74.0 20.0 10.0
89.0 94.0 20.0 10.0
111.0 90.0 20.0 10.0
80.0 90.0 20.0 10.0
78.0 79.0 20.0 10.0
113.0 57.0 20.0 10.0
78.0 73.0 20.0 10.0
104.0 84.0 20.0 10.0
74.0 81.0 20.0 10.0
107.0 113.0 20.0 10.0
81.0 124.0 20.0 10.0
86.0 112.0 20.0 10.0
87.0 64.0 20.0 10.0
87.0 71.0 20.0 10.0
73.0 84.0 20.0 10.0
68.0 104.0 20.0 10.0
76.0 108.0 20.0 10.0
85.0 45.0 20.0 10.0
97.0 59.0 20.0 10.0
114.0 74.0 20.0 10.0
90.0 59.0 20.0 10.0
94.0 113.0 20.0 10.0
102.0 78.0 20.0 10.0
61.0 84.0 20.0 10.0
116.0 109.0 20.0 10.0
88.0 114.0 20.0 10.0
92.0 69.0 20.0 10.0
104.0 122.0 20.0 10.0
130.0 119.0 20.0 10.0
91.0 115.0 20.0 10.0
120.0 91.0 20.0 10.0
74.0 91.0 20.0 10.0
83.0 100.0 20.0 10.0
84.0 115.0 20.0 10.0
90.0 105.0 20.0 10.0
99.0 97.0 20.0 10.0
75.0 88.0 20.0 10.0
110.0 100.0 20.0 10.0
82.0 111.0 20.0 10.0
61.0 82.0 20.0 10.0
65.0 128.0 20.0 10.0
97.0 68.0 20.0 10.0
75.0 61.0 20.0 10.0
108.0 93.0 20.0 10.0
80.0 114.0 20.0 10.0
136.0 107.0 20.0 10.0
92.0 100.0 20.0 10.0
96.0 107.0 20.0 10.0
112.0 124.0 20.0 10.0
84.0 64.0 20.0 10.0
82.0 82.0 20.0 10.0
87.0 50.0 20.0 10.0
84.0 123.0 20.0 10.0
97.0 102.0 20.0 10.0
83.0 86.0 20.0 10.0
90.0 127.0 20.0 10.0
118.0 90.0 20.0 10.0
113.0 89.0 20.0 10.0
104.0 102.0 20.0 10.0
67.0 101.0 20.0 10.0
102.0 111.0 20.0 10.0
72.0 86.0 20.0 10.0
86.0 73.0 20.0 10.0
124.0 121.0 20.0 10.0
101.0 102.0 20.0 10.0
64.0 78.0 20.0 10.0
97.0 120.0 20.0 10.0
86.0 122.0 20.0 10.0
92.0 109.0 20.0 10.0
115.0 105.0 20.0 10.0
66.0 109.0 20.0 10.0
108.0 134.0 20.0 10.0
71.0 94.0 20.0 10.0
82.0 117.0 20.0 10.0
122.0 97.0 20.0 10.0
63.0 100.0 20.0 10.0
78.0 92.0 20.0 10.0
113.0 104.0 20.0 10.0
100.0 77.0 20.0 10.0
85.0 67.0 20.0 10.0
73.0 79.0 20.0 10.0
98.0 84.0 20.0 10.0
99.0 104.0 20.0 10.0
72.0 109.0 20.0 10.0
101.0 90.0 20.0 10.0
59.0 95.0 20.0 10.0
89.0 111.0 20.0 10.0
69.0 95.0 20.0 10.0
108.0 107.0 20.0 10.0
70.0 85.0 20.0 10.0
89.0 99.0 20.0 10.0
84.0 54.0 20.0 10.0
95.0 58.0 20.0 10.0
72.0 68.0 20.0 10.0
130.0 102.0 20.0 10.0
64.0 98.0 20.0 10.0
72.0 62.0 20.0 10.0
117.0 120.0 20.0 10.0
103.0 92.0 20.0 10.0
112.0 73.0 20.0 10.0
84.0 78.0 20.0 10.0
87.0 132.0 20.0 10.0
70.0 98.0 20.0 10.0
127.0 100.0 20.0 10.0
90.0 81.0 20.0 10.0
79.0 121.0 20.0 10.0
113.0 128.0 20.0 10.0
70.0 69.0 20.0 10.0
74.0 96.0 20.0 10.0
62.0 76.0 20.0 10.0
76.0 81.0 20.0 10.0
101.0 108.0 20.0 10.0
104.0 115.0 20.0 10.0
70.0 117.0 20.0 10.0
86.0 126.0 20.0 10.0
95.0 52.0 20.0 10.0
58.0 87.0 20.0 10.0
104.0 59.0 20.0 10.0
69.0 113.0 20.0 10.0
99.0 82.0 20.0 10.0
114.0 86.0 20.0 10.0
67.0 96.0 20.0 10.0
65.0 80.0 20.0 10.0
65.0 84.0 20.0 10.0
134.0 119.0 20.0 10.0
66.0 104.0 20.0 10.0
73.0 106.0 20.0 10.0
109.0 108.0 20.0 10.0
74.0 114.0 20.0 10.0
77.0 75.0 20.0 10.0
120.0 98.0 20.0 10.0
72.0 97.0 20.0 10.0
67.0 64.0 20.0 10.0
65.0 62.0 20.0 10.0
119.0 83.0 20.0 10.0
42.0 76.0 20.0 10.0
76.0 71.0 20.0 10.0
110.0 103.0 20.0 10.0
107.0 95.0 20.0 10.0
97.0 111.0 20.0 10.0
117.0 79.0 20.0 10.0
92.0 118.0 20.0 10.0
65.0 58.0 20.0 10.0
128.0 60.0 20.0 10.0
93.0 83.0 20.0 10.0
131.0 91.0 20.0 10.0
95.0 98.0 20.0 10.0
48.0 94.0 20.0 10.0
104.0 65.0 20.0 10.0
80.0 69.0 20.0 10.0
90.0 70.0 20.0 10.0
114.0 76.0 20.0 10.0
74.0 119.0 20.0 10.0
126.0 78.0 20.0 10.0
132.0 70.0 20.0 10.0
97.0 125.0 20.0 10.0
88.0 58.0 20.0 10.0
60.0 81.0 20.0 10.0
120.0 107.0 20.0 10.0
72.0 73.0 20.0 10.0
125.0 114.0 20.0 10.0
85.0 65.0 20.0 10.0
94.0 61.0 20.0 10.0
124.0 82.0 20.0 10.0
136.0 87.0 20.0 10.0
105.0 51.0 20.0 10.0
73.0 76.0 20.0 10.0
53.0 81.0 20.0 10.0
68.0 63.0 20.0 10.0
70.0 59.0 20.0 10.0
116.0 142.0 20.0 10.0
120.0 118.0 20.0 10.0
84.0 111.0 20.0 10.0
70.0 124.0 20.0 10.0
64.0 99.0 20.0 10.0
101.0 112.0 20.0 10.0
73.0 116.0 20.0 10.0
124.0 78.0 20.0 10.0
94.0 119.0 20.0 10.0
126.0 112.0 20.0 10.0
83.0 141.0 20.0 10.0
126.0 98.0 20.0 10.0
58.0 105.0 20.0 10.0
91.0 78.0 20.0 10.0
59.0 104.0 20.0 10.0
76.0 67.0 20.0 10.0
97.0 69.0 20.0 10.0
105.0 70.0 20.0 10.0
81.0 109.0 20.0 10.0
58.0 129.0 20.0 10.0
111.0 80.0 20.0 10.0
104.0 105.0 20.0 10.0
105.0 128.0 20.0 10.0
76.0 118.0 20.0 10.0
112.0 68.0 20.0 10.0
61.0 79.0 20.0 10.0
112.0 55.0 20.0 10.0
123.0 104.0 20.0 10.0
55.0 70.0 20.0 10.0
53.0 107.0 20.0 10.0
107.0 61.0 20.0 10.0
109.0 89.0 20.0 10.0
76.0 70.0 20.0 10.0
123.0 114.0 20.0 10.0
98.0 127.0 20.0 10.0
87.0 58.0 20.0 10.0
79.0 76.0 20.0 10.0
99.0 138.0 20.0 10.0
106.0 55.0 20.0 10.0
130.0 104.0 20.0 10.0
93.0 126.0 20.0 10.0
98.0 77.0 20.0 10.0
52.0 105.0 20.0 10.0
82.0 130.0 20.0 10.0
79.0 110.0 20.0 10.0
107.0 99.0 20.0 10.0
78.0 55.0 20.0 10.0
94.0 64.0 20.0 10.0
98.0 48.0 20.0 10.0
127.0 84.0 20.0 10.0
122.0 122.0 20.0 10.0
82.0 59.0 20.0 10.0
63.0 94.0 20.0 10.0
98.0 131.0 20.0 10.0
75.0 65.0 20.0 10.0
109.0 57.0 20.0 10.0
54.0 107.0 20.0 10.0
93.0 55.0 20.0 10.0
93.0 71.0 20.0 10.0
118.0 101.0 20.0 10.0
62.0 111.0 20.0 10.0
59.0 90.0 20.0 10.0
103.0 75.0 20.0 10.0
90.0 77.0 20.0 10.0
122.0 79.0 20.0 10.0
98.0 50.0 20.0 10.0
66.0 107.0 20.0 10.0
139.0 108.0 20.0 10.0
77.0 132.0 20.0 10.0
123.0 68.0 20.0 10.0
99.0 139.0 20.0 10.0
91.0 142.0 20.0 10.0
77.0 135.0 20.0 10.0
87.0 55.0 20.0 10.0
58.0 102.0 20.0 10.0
71.0 135.0 20.0 10.0
64.0 70.0 20.0 10.0
112.0 70.0 20.0 10.0
83.0 96.0 20.0 10.0
113.0 67.0 20.0 10.0
62.0 103.0 20.0 10.0
130.0 126.0 20.0 10.0
114.0 49.0 20.0 10.0
109.0 125.0 20.0 10.0
81.0 97.0 20.0 10.0
139.0 95.0 20.0 10.0
115.0 93.0 20.0 10.0
97.0 123.0 20.0 10.0
68.0 88.0 20.0 10.0
121.0 70.0 20.0 10.0
107.0 68.0 20.0 10.0
61.0 90.0 20.0 10.0
118.0 65.0 20.0 10.0
76.0 46.0 20.0 10.0
65.0 131.0 20.0 10.0
83.0 64.0 20.0 10.0
78.0 130.0 20.0 10.0
68.0 128.0 20.0 10.0
69.0 50.0 20.0 10.0
108.0 116.0 20.0 10.0
98.0 81.0 20.0 10.0
64.0 89.0 20.0 10.0
59.0 121.0 20.0 10.0
126.0 94.0 20.0 10.0
83.0 57.0 20.0 10.0
79.0 84.0 20.0 10.0
99.0 108.0 20.0 10.0
107.0 80.0 20.0 10.0
98.0 62.0 20.0 10.0
64.0 92.0 20.0 10.0
110.0 123.0 20.0 10.0
48.0 91.0 20.0 10.0
81.0 85.0 20.0 10.0
79.0 59.0 20.0 10.0
104.0 147.0 20.0 10.0
60.0 62.0 20.0 10.0
104.0 54.0 20.0 10.0
113.0 78.0 20.0 10.0
117.0 77.0 20.0 10.0
129.0 68.0 20.0 10.0
62.0 96.0 20.0 10.0
85.0 120.0 20.0 10.0
114.0 109.0 20.0 10.0
99.0 121.0 20.0 10.0
85.0 98.0 20.0 10.0
122.0 65.0 20.0 10.0
63.0 115.0 20.0 10.0
111.0 107.0 20.0 10.0
86.0 134.0 20.0 10.0
36.0 77.0 20.0 10.0
74.0 51.0 20.0 10.0
116.0 68.0 20.0 10.0
88.0 66.0 20.0 10.0
124.0 94.0 20.0 10.0
110.0 52.0 20.0 10.0
132.0 87.0 20.0 10.0
100.0 64.0 20.0 10.0
112.0 140.0 20.0 10.0
95.0 70.0 20.0 10.0
134.0 95.0 20.0 10.0
122.0 72.0 20.0 10.0
92.0 45.0 20.0 10.0
134.0 97.0 20.0 10.0
77.0 113.0 20.0 10.0
49.0 65.0 20.0 10.0
53.0 64.0 20.0 10.0
79.0 126.0 20.0 10.0
70.0 102.0 20.0 10.0
105.0 71.0 20.0 10.0
68.0 67.0 20.0 10.0
113.0 122.0 20.0 10.0
64.0 76.0 20.0 10.0
128.0 106.0 20.0 10.0
32.0 77.0 20.0 10.0
90.0 44.0 20.0 10.0
124.0 76.0 20.0 10.0
136.0 104.0 20.0 10.0
120.0 72.0 20.0 10.0
119.0 108.0 20.0 10.0
106.0 47.0 20.0 10.0
94.0 49.0 20.0 10.0
121.0 103.0 20.0 10.0
102.0 135.0 20.0 10.0
119.0 87.0 20.0 10.0
95.0 39.0 20.0 10.0
81.0 62.0 20.0 10.0
82.0 105.0 20.0 10.0
131.0 120.0 20.0 10.0
72.0 49.0 20.0 10.0
111.0 138.0 20.0 10.0
102.0 64.0 20.0 10.0
60.0 100.0 20.0 10.0
58.0 84.0 20.0 10.0
87.0 52.0 20.0 10.0
95.0 65.0 20.0 10.0
60.0 113.0 20.0 10.0
146.0 82.0 20.0 10.0
101.0 125.0 20.0 10.0
95.0 89.0 20.0 10.0
125.0 105.0 20.0 10.0
122.0 55.0 20.0 10.0
76.0 51.0 20.0 10.0
112.0 96.0 20.0 10.0
106.0 82.0 20.0 10.0
127.0 72.0 20.0 10.0
123.0 86.0 20.0 10.0
48.0 126.0 20.0 10.0
102.0 55.0 20.0 10.0
90.0 139.0 20.0 10.0
88.0 81.0 20.0 10.0
133.0 82.0 20.0 10.0
100.0 131.0 20.0 10.0
58.0 64.0 20.0 10.0
89.0 130.0 20.0 10.0
103.0 119.0 20.0 10.0
78.0 90.0 20.0 10.0
129.0 98.0 20.0 10.0
92.0 136.0 20.0 10.0
126.0 57.0 20.0 10.0
86.0 128.0 20.0 10.0
116.0 128.0 20.0 10.0
125.0 87.0 20.0 10.0
95.0 135.0 20.0 10.0
134.0 128.0 20.0 10.0
54.0 84.0 20.0 10.0
99.0 117.0 20.0 10.0
53.0 95.0 20.0 10.0
66.0 119.0 20.0 10.0
107.0 141.0 20.0 10.0
122.0 49.0 20.0 10.0
80.0 106.0 20.0 10.0
133.0 76.0 20.0 10.0
65.0 114.0 20.0 10.0
87.0 119.0 20.0 10.0
67.0 55.0 20.0 10.0
64.0 110.0 20.0 10.0
69.0 116.0 20.0 10.0
97.0 73.0 20.0 10.0
77.0 104.0 20.0 10.0
107.0 72.0 20.0 10.0
131.0 100.0 20.0 10.0
69.0 88.0 20.0 10.0
103.0 131.0 20.0 10.0
79.0 52.0 20.0 10.0
85.0 81.0 20.0 10.0
60.0 65.0 20.0 10.0
101.0 136.0 20.0 10.0
105.0 139.0 20.0 10.0
107.0 118.0 20.0 10.0
79.0 144.0 20.0 10.0
55.0 92.0 20.0 10.0
50.0 80.0 20.0 10.0
86.0 39.0 20.0 10.0
46.0 78.0 20.0 10.0
72.0 58.0 20.0 10.0
131.0 106.0 20.0 10.0
115.0 58.0 20.0 10.0
96.0 150.0 20.0 10.0
60.0 117.0 20.0 10.0
79.0 65.0 20.0 10.0
102.0 39.0 20.0 10.0
122.0 85.0 20.0 10.0
99.0 66.0 20.0 10.0
51.0 91.0 20.0 10.0
91.0 56.0 20.0 10.0
109.0 136.0 20.0 10.0
53.0 48.0 20.0 10.0
89.0 123.0 20.0 10.0
53.0 100.0 20.0 10.0
81.0 117.0 20.0 10.0
128.0 119.0 20.0 10.0
125.0 139.0 20.0 10.0
130.0 88.0 20.0 10.0
52.0 126.0 20.0 10.0
56.0 96.0 20.0 10.0
55.0 60.0 20.0 10.0
147.0 86.0 20.0 10.0
55.0 115.0 20.0 10.0
109.0 66.0 20.0 10.0
142.0 83.0 20.0 10.0
79.0 46.0 20.0 10.0
65.0 126.0 20.0 10.0
130.0 100.0 20.0 10.0
65.0 48.0 20.0 10.0
135.0 101.0 20.0 10.0
37.0 113.0 20.0 10.0
136.0 80.0 20.0 10.0
123.0 91.0 20.0 10.0
50.0 68.0 20.0 10.0
85.0 116.0 20.0 10.0
58.0 70.0 20.0 10.0
138.0 99.0 20.0 10.0
72.0 127.0 20.0 10.0
82.0 127.0 20.0 10.0
52.0 121.0 20.0 10.0
58.0 113.0 20.0 10.0
69.0 38.0 20.0 10.0
102.0 47.0 20.0 10.0
110.0 120.0 20.0 10.0
113.0 135.0 20.0 10.0
109.0 62.0 20.0 10.0
92.0 159.0 20.0 10.0
53.0 66.0 20.0 10.0
135.0 143.0 20.0 10.0
128.0 93.0 20.0 10.0
128.0 77.0 20.0 10.0
72.0 118.0 20.0 10.0
109.0 132.0 20.0 10.0
127.0 126.0 20.0 10.0
135.0 76.0 20.0 10.0
123.0 125.0 20.0 10.0
73.0 130.0 20.0 10.0
111.0 45.0 20.0 10.0
75.0 142.0 20.0 10.0
75.0 58.0 20.0 10.0
129.0 54.0 20.0 10.0
95.0 59.0 20.0 10.0
49.0 106.0 20.0 10.0
53.0 103.0 20.0 10.0
63.0 63.0 20.0 10.0
63.0 61.0 20.0 10.0
100.0 61.0 20.0 10.0
69.0 53.0 20.0 10.0
69.0 109.0 20.0 10.0
141.0 114.0 20.0 10.0
124.0 96.0 20.0 10.0
57.0 75.0 20.0 10.0
42.0 143.0 20.0 10.0
61.0 48.0 20.0 10.0
126.0 83.0 20.0 10.0
59.0 126.0 20.0 10.0
123.0 119.0 20.0 10.0
103.0 126.0 20.0 10.0
80.0 71.0 20.0 10.0
49.0 71.0 20.0 10.0
131.0 81.0 20.0 10.0
143.0 81.0 20.0 10.0
104.0 43.0 20.0 10.0
135.0 123.0 20.0 10.0
104.0 107.0 20.0 10.0
41.0 111.0 20.0 10.0
62.0 73.0 20.0 10.0
84.0 76.0 20.0 10.0
124.0 73.0 20.0 10.0
82.0 54.0 20.0 10.0
80.0 50.0 20.0 10.0
108.0 54.0 20.0 10.0
128.0 80.0 20.0 10.0
121.0 116.0 20.0 10.0
49.0 123.0 20.0 10.0
46.0 55.0 20.0 10.0
130.0 63.0 20.0 10.0
116.0 81.0 20.0 10.0
50.0 102.0 20.0 10.0
33.0 105.0 20.0 10.0
59.0 41.0 20.0 10.0
99.0 93.0 20.0 10.0
107.0 89.0 20.0 10.0
114.0 141.0 20.0 10.0
92.0 131.0 20.0 10.0
131.0 108.0 20.0 10.0
71.0 132.0 20.0 10.0
119.0 50.0 20.0 10.0
50.0 131.0 20.0 10.0
128.0 64.0 20.0 10.0
119.0 112.0 20.0 10.0
93.0 128.0 20.0 10.0
142.0 67.0 20.0 10.0
54.0 99.0 20.0 10.0
122.0 109.0 20.0 10.0
82.0 36.0 20.0 10.0
52.0 109.0 20.0 10.0
83.0 126.0 20.0 10.0
47.0 95.0 20.0 10.0
109.0 69.0 20.0 10.0
122.0 142.0 20.0 10.0
93.0 154.0 20.0 10.0
50.0 54.0 20.0 10.0
89.0 108.0 20.0 10.0
145.0 80.0 20.0 10.0
120.0 119.0 20.0 10.0
107.0 161.0 20.0 10.0
155.0 94.0 20.0 10.0
63.0 120.0 20.0 10.0
54.0 53.0 20.0 10.0
98.0 136.0 20.0 10.0
125.0 90.0 20.0 10.0
139.0 150.0 20.0 10.0
97.0 55.0 20.0 10.0
112.0 60.0 20.0 10.0
134.0 72.0 20.0 10.0
56.0 118.0 20.0 10.0
63.0 112.0 20.0 10.0
141.0 76.0 20.0 10.0
44.0 103.0 20.0 10.0
151.0 120.0 20.0 10.0
127.0 115.0 20.0 10.0
120.0 51.0 20.0 10.0
122.0 95.0 20.0 10.0
118.0 93.0 20.0 10.0
50.0 104.0 20.0 10.0
83.0 135.0 20.0 10.0
63.0 54.0 20.0 10.0
55.0 88.0 20.0 10.0
92.0 122.0 20.0 10.0
75.0 146.0 20.0 10.0
140.0 127.0 20.0 10.0
50.0 113.0 20.0 10.0
107.0 110.0 20.0 10.0
139.0 122.0 20.0 10.0
114.0 52.0 20.0 10.0
48.0 76.0 20.0 10.0
72.0 95.0 20.0 10.0
135.0 70.0 20.0 10.0
113.0 133.0 20.0 10.0
64.0 133.0 20.0 10.0
62.0 61.0 20.0 10.0
39.0 109.0 20.0 10.0
96.0 129.0 20.0 10.0
98.0 45.0 20.0 10.0
132.0 112.0 20.0 10.0
69.0 131.0 20.0 10.0
110.0 114.0 20.0 10.0
106.0 50.0 20.0 10.0
57.0 80.0 20.0 10.0
128.0 117.0 20.0 10.0
82.0 103.0 20.0 10.0
149.0 102.0 20.0 10.0
82.0 83.0 20.0 10.0
67.0 140.0 20.0 10.0
116.0 117.0 20.0 10.0
89.0 141.0 20.0 10.0
55.0 124.0 20.0 10.0
49.0 99.0 20.0 10.0
112.0 126.0 20.0 10.0
54.0 149.0 20.0 10.0
74.0 142.0 20.0 10.0
59.0 78.0 20.0 10.0
74.0 145.0 20.0 10.0
62.0 57.0 20.0 10.0
49.0 119.0 20.0 10.0
105.0 135.0 20.0 10.0
57.0 72.0 20.0 10.0
88.0 157.0 20.0 10.0
67.0 136.0 20.0 10.0
113.0 65.0 20.0 10.0
90.0 49.0 20.0 10.0
115.0 135.0 20.0 10.0
121.0 150.0 20.0 10.0
126.0 69.0 20.0 10.0
123.0 50.0 20.0 10.0
148.0 69.0 20.0 10.0
121.0 68.0 20.0 10.0
107.0 129.0 20.0 10.0
78.0 124.0 20.0 10.0
108.0 127.0 20.0 10.0
125.0 63.0 20.0 10.0
47.0 102.0 20.0 10.0
57.0 59.0 20.0 10.0
140.0 82.0 20.0 10.0
127.0 67.0 20.0 10.0
31.0 95.0 20.0 10.0
55.0 111.0 20.0 10.0
137.0 78.0 20.0 10.0
117.0 52.0 20.0 10.0
94.0 144.0 20.0 10.0
116.0 59.0 20.0 10.0
76.0 131.0 20.0 10.0
87.0 146.0 20.0 10.0
79.0 136.0 20.0 10.0
104.0 55.0 20.0 10.0
108.0 85.0 20.0 10.0
102.0 139.0 20.0 10.0
119.0 45.0 20.0 10.0
29.0 98.0 20.0 10.0
96.0 153.0 20.0 10.0
138.0 129.0 20.0 10.0
94.0 38.0 20.0 10.0
49.0 83.0 20.0 10.0
54.0 72.0 20.0 10.0
67.0 52.0 20.0 10.0
37.0 64.0 20.0 10.0
77.0 40.0 20.0 10.0
134.0 107.0 20.0 10.0
43.0 89.0 20.0 10.0
101.0 42.0 20.0 10.0
60.0 137.0 20.0 10.0
60.0 109.0 20.0 10.0
72.0 66.0 20.0 10.0
58.0 49.0 20.0 10.0
110.0 143.0 20.0 10.0
143.0 112.0 20.0 10.0
119.0 63.0 20.0 10.0
72.0 82.0 20.0 10.0
58.0 100.0 20.0 10.0
91.0 42.0 20.0 10.0
128.0 122.0 20.0 10.0
95.0 140.0 20.0 10.0
120.0 124.0 20.0 10.0
144.0 64.0 20.0 10.0
121.0 119.0 20.0 10.0
135.0 111.0 20.0 10.0
59.0 75.0 20.0 10.0
140.0 58.0 20.0 10.0
126.0 122.0 20.0 10.0
83.0 144.0 20.0 10.0
110.0 151.0 20.0 10.0
66.0 53.0 20.0 10.0
44.0 117.0 20.0 10.0
77.0 127.0 20.0 10.0
55.0 121.0 20.0 10.0
99.0 37.0 20.0 10.0
72.0 54.0 20.0 10.0
138.0 112.0 20.0 10.0
54.0 29.0 20.0 10.0
69.0 75.0 20.0 10.0
44.0 71.0 20.0 10.0
75.0 54.0 20.0 10.0
93.0 151.0 20.0 10.0
71.0 127.0 20.0 10.0
131.0 50.0 20.0 10.0
94.0 134.0 20.0 10.0
76.0 137.0 20.0 10.0
38.0 101.0 20.0 10.0
99.0 52.0 20.0 10.0
134.0 64.0 20.0 10.0
140.0 105.0 20.0 10.0
69.0 141.0 20.0 10.0
136.0 92.0 20.0 10.0
142.0 90.0 20.0 10.0
86.0 52.0 20.0 10.0
104.0 35.0 20.0 10.0
115.0 43.0 20.0 10.0
52.0 69.0 20.0 10.0
43.0 79.0 20.0 10.0
121.0 81.0 20.0 10.0
123.0 130.0 20.0 10.0
144.0 111.0 20.0 10.0
128.0 110.0 20.0 10.0
101.0 36.0 20.0 10.0
131.0 116.0 20.0 10.0
46.0 107.0 20.0 10.0
132.0 133.0 20.0 10.0
25.0 95.0 20.0 10.0
103.0 49.0 20.0 10.0
135.0 66.0 20.0 10.0
41.0 122.0 20.0 10.0
85.0 62.0 20.0 10.0
129.0 85.0 20.0 10.0
68.0 135.0 20.0 10.0
136.0 63.0 20.0 10.0
56.0 56.0 20.0 10.0
117.0 110.0 20.0 10.0
144.0 99.0 20.0 10.0
134.0 113.0 20.0 10.0
54.0 87.0 20.0 10.0
102.0 145.0 20.0 10.0
48.0 117.0 20.0 10.0
35.0 85.0 20.0 10.0
99.0 142.0 20.0 10.0
65.0 121.0 20.0 10.0
130.0 95.0 20.0 10.0
33.0 89.0 20.0 10.0
46.0 92.0 20.0 10.0
134.0 99.0 20.0 10.0
108.0 76.0 20.0 10.0
39.0 92.0 20.0 10.0
53.0 117.0 20.0 10.0
91.0 63.0 20.0 10.0
120.0 129.0 20.0 10.0
137.0 56.0 20.0 10.0
151.0 87.0 20.0 10.0
138.0 60.0 20.0 10.0
118.0 133.0 20.0 10.0
52.0 79.0 20.0 10.0
84.0 47.0 20.0 10.0
52.0 155.0 20.0 10.0
69.0 47.0 20.0 10.0
117.0 63.0 20.0 10.0
93.0 139.0 20.0 10.0
55.0 128.0 20.0 10.0
135.0 109.0 20.0 10.0
41.0 82.0 20.0 10.0
41.0 104.0 20.0 10.0
116.0 49.0 20.0 10.0
66.0 59.0 20.0 10.0
61.0 125.0 20.0 10.0
143.0 98.0 20.0 10.0
137.0 83.0 20.0 10.0
99.0 57.0 20.0 10.0
141.0 126.0 20.0 10.0
62.0 109.0 20.0 10.0
116.0 129.0 20.0 10.0
147.0 124.0 20.0 10.0
85.0 37.0 20.0 10.0
48.0 69.0 20.0 10.0
130.0 76.0 20.0 10.0
120.0 60.0 20.0 10.0
47.0 87.0 20.0 10.0
57.0 109.0 20.0 10.0
47.0 120.0 20.0 10.0
88.0 62.0 20.0 10.0
92.0 46.0 20.0 10.0
41.0 102.0 20.0 10.0
68.0 137.0 20.0 10.0
96.0 141.0 20.0 10.0
149.0 76.0 20.0 10.0
73.0 122.0 20.0 10.0
111.0 76.0 20.0 10.0
48.0 142.0 20.0 10.0
148.0 81.0 20.0 10.0
57.0 76.0 20.0 10.0
58.0 97.0 20.0 10.0
55.0 64.0 20.0 10.0
114.0 119.0 20.0 10.0
139.0 88.0 20.0 10.0
62.0 70.0 20.0 10.0
50.0 87.0 20.0 10.0
127.0 89.0 20.0 10.0
42.0 95.0 20.0 10.0
121.0 147.0 20.0 10.0
59.0 52.0 20.0 10.0
40.0 108.0 20.0 10.0
74.0 34.0 20.0 10.0
49.0 82.0 20.0 10.0
41.0 67.0 20.0 10.0
52.0 77.0 20.0 10.0
132.0 59.0 20.0 10.0
133.0 89.0 20.0 10.0
45.0 79.0 20.0 10.0
142.0 85.0 20.0 10.0
57.0 132.0 20.0 10.0
134.0 120.0 20.0 10.0
87.0 141.0 20.0 10.0
69.0 67.0 20.0 10.0
72.0 38.0 20.0 10.0
148.0 98.0 20.0 10.0
117.0 140.0 20.0 10.0
80.0 43.0 20.0 10.0
73.0 135.0 20.0 10.0
108.0 42.0 20.0 10.0
161.0 107.0 20.0 10.0
82.0 44.0 20.0 10.0
118.0 130.0 20.0 10.0
70.0 40.0 20.0 10.0
120.0 158.0 20.0 10.0
81.0 152.0 20.0 10.0
150.0 91.0 20.0 10.0
110.0 59.0 20.0 10.0
138.0 93.0 20.0 10.0
143.0 102.0 20.0 10.0
49.0 148.0 20.0 10.0
131.0 73.0 20.0 10.0
38.0 91.0 20.0 10.0
138.0 86.0 20.0 10.0
35.0 96.0 20.0 10.0
88.0 149.0 20.0 10.0
100.0 43.0 20.0 10.0
126.0 53.0 20.0 10.0
52.0 114.0 20.0 10.0
62.0 130.0 20.0 10.0
129.0 132.0 20.0 10.0
45.0 123.0 20.0 10.0
47.0 57.0 20.0 10.0
40.0 96.0 20.0 10.0
125.0 107.0 20.0 10.0
49.0 50.0 20.0 10.0
43.0 98.0 20.0 10.0
65.0 135.0 20.0 10.0
117.0 114.0 20.0 10.0
104.0 151.0 20.0 10.0
140.0 101.0 20.0 10.0
47.0 114.0 20.0 10.0
45.0 74.0 20.0 10.0
25.0 73.0 20.0 10.0
154.0 116.0 20.0 10.0
75.0 126.0 20.0 10.0
117.0 55.0 20.0 10.0
122.0 35.0 20.0 10.0
124.0 157.0 20.0 10.0
136.0 114.0 20.0 10.0
50.0 97.0 20.0 10.0
118.0 60.0 20.0 10.0
135.0 53.0 20.0 10.0
58.0 133.0 20.0 10.0
102.0 143.0 20.0 10.0
107.0 34.0 20.0 10.0
108.0 51.0 20.0 10.0
79.0 57.0 20.0 10.0
44.0 135.0 20.0 10.0
51.0 89.0 20.0 10.0
127.0 48.0 20.0 10.0
63.0 51.0 20.0 10.0
114.0 149.0 20.0 10.0
160.0 86.0 20.0 10.0
52.0 62.0 20.0 10.0
82.0 140.0 20.0 10.0
138.0 73.0 20.0 10.0
119.0 39.0 20.0 10.0
81.0 136.0 20.0 10.0
43.0 85.0 20.0 10.0
44.0 68.0 20.0 10.0
102.0 153.0 20.0 10.0
34.0 83.0 20.0 10.0
59.0 124.0 20.0 10.0
131.0 137.0 20.0 10.0
135.0 90.0 20.0 10.0
142.0 117.0 20.0 10.0
146.0 72.0 20.0 10.0
69.0 81.0 20.0 10.0
92.0 33.0 20.0 10.0
47.0 111.0 20.0 10.0
65.0 124.0 20.0 10.0
124.0 51.0 20.0 10.0
134.0 117.0 20.0 10.0
49.0 73.0 20.0 10.0
30.0 74.0 20.0 10.0
58.0 68.0 20.0 10.0
70.0 64.0 20.0 10.0
111.0 117.0 20.0 10.0
120.0 74.0 20.0 10.0
62.0 116.0 20.0 10.0
104.0 25.0 20.0 10.0
37.0 118.0 20.0 10.0
156.0 89.0 20.0 10.0
54.0 74.0 20.0 10.0
88.0 39.0 20.0 10.0
48.0 97.0 20.0 10.0
124.0 136.0 20.0 10.0
146.0 105.0 20.0 10.0
111.0 49.0 20.0 10.0
151.0 94.0 20.0 10.0
62.0 139.0 20.0 10.0
81.0 40.0 20.0 10.0
85.0 132.0 20.0 10.0
84.0 32.0 20.0 10.0
