1000
136.0 105.0 20.0 10.0
149.0 119.0 20.0 10.0
97.0 117.0 20.0 10.0
122.0 90.0 20.0 10.0
127.0 107.0 20.0 10.0
176.0 90.0 20.0 10.0
88.0 75.0 20.0 10.0
66.0 98.0 20.0 10.0
140.0 121.0 20.0 10.0
127.0 94.0 20.0 10.0
84.0 172.0 20.0 10.0
121.0 73.0 20.0 10.0
97.0 97.0 20.0 10.0
106.0 155.0 20.0 10.0
92.0 124.0 20.0 10.0
96.0 36.0 20.0 10.0
106.0 132.0 20.0 10.0
81.0 164.0 20.0 10.0
147.0 91.0 20.0 10.0
105.0 88.0 20.0 10.0
97.0 90.0 20.0 10.0
52.0 52.0 20.0 10.0
87.0 93.0 20.0 10.0
132.0 114.0 20.0 10.0
95.0 97.0 20.0 10.0
106.0 96.0 20.0 10.0
76.0 88.0 20.0 10.0
93.0 131.0 20.0 10.0
114.0 82.0 20.0 10.0
140.0 114.0 20.0 10.0
150.0 116.0 20.0 10.0
144.0 152.0 20.0 10.0
118.0 91.0 20.0 10.0
145.0 98.0 20.0 10.0
113.0 78.0 20.0 10.0
126.0 110.0 20.0 10.0
115.0 153.0 20.0 10.0
83.0 57.0 20.0 10.0
95.0 105.0 20.0 10.0
96.0 95.0 20.0 10.0
111.0 136.0 20.0 10.0
167.0 99.0 20.0 10.0
139.0 83.0 20.0 10.0
140.0 89.0 20.0 10.0
150.0 83.0 20.0 10.0
89.0 114.0 20.0 10.0
143.0 107.0 20.0 10.0
64.0 114.0 20.0 10.0
89.0 59.0 20.0 10.0
57.0 124.0 20.0 10.0
93.0 142.0 20.0 10.0
122.0 82.0 20.0 10.0
78.0 133.0 20.0 10.0
142.0 94.0 20.0 10.0
92.0 54.0 20.0 10.0
149.0 110.0 20.0 10.0
138.0 85.0 20.0 10.0
92.0 84.0 20.0 10.0
112.0 110.0 20.0 10.0
138.0 134.0 20.0 10.0
128.0 137.0 20.0 10.0
71.0 182.0 20.0 10.0
155.0 83.0 20.0 10.0
126.0 140.0 20.0 10.0
120.0 129.0 20.0 10.0
143.0 91.0 20.0 10.0
96.0 159.0 20.0 10.0
103.0 78.0 20.0 10.0
151.0 103.0 20.0 10.0
113.0 117.0 20.0 10.0
111.0 146.0 20.0 10.0
62.0 144.0 20.0 10.0
122.0 183.0 20.0 10.0
111.0 63.0 20.0 10.0
112.0 39.0 20.0 10.0
134.0 137.0 20.0 10.0
147.0 128.0 20.0 10.0
157.0 145.0 20.0 10.0
133.0 122.0 20.0 10.0
25.0 186.0 20.0 10.0
137.0 148.0 20.0 10.0
73.0 90.0 20.0 10.0
127.0 142.0 20.0 10.0
131.0 79.0 20.0 10.0
124.0 125.0 20.0 10.0
152.0 107.0 20.0 10.0
81.0 174.0 20.0 10.0
109.0 45.0 20.0 10.0
81.0 79.0 20.0 10.0
79.0 147.0 20.0 10.0
121.0 88.0 20.0 10.0
98.0 83.0 20.0 10.0
152.0 158.0 20.0 10.0
62.0 150.0 20.0 10.0
91.0 164.0 20.0 10.0
133.0 142.0 20.0 10.0
98.0 155.0 20.0 10.0
86.0 150.0 20.0 10.0
142.0 42.0 20.0 10.0
106.0 144.0 20.0 10.0
104.0 160.0 20.0 10.0
151.0 133.0 20.0 10.0
102.0 105.0 20.0 10.0
89.0 126.0 20.0 10.0
184.0 158.0 20.0 10.0
106.0 146.0 20.0 10.0
107.0 158.0 20.0 10.0
147.0 88.0 20.0 10.0
124.0 100.0 20.0 10.0
166.0 122.0 20.0 10.0
71.0 172.0 20.0 10.0
140.0 102.0 20.0 10.0
115.0 129.0 20.0 10.0
52.0 150.0 20.0 10.0
129.0 119.0 20.0 10.0
65.0 109.0 20.0 10.0
124.0 109.0 20.0 10.0
131.0 102.0 20.0 10.0
101.0 128.0 20.0 10.0
114.0 149.0 20.0 10.0
167.0 165.0 20.0 10.0
158.0 99.0 20.0 10.0
101.0 113.0 20.0 10.0
126.0 122.0 20.0 10.0
86.0 105.0 20.0 10.0
126.0 178.0 20.0 10.0
154.0 116.0 20.0 10.0
109.0 91.0 20.0 10.0
70.0 179.0 20.0 10.0
106.0 90.0 20.0 10.0
119.0 109.0 20.0 10.0
147.0 113.0 20.0 10.0
81.0 118.0 20.0 10.0
152.0 136.0 20.0 10.0
65.0 135.0 20.0 10.0
169.0 136.0 20.0 10.0
134.0 133.0 20.0 10.0
167.0 140.0 20.0 10.0
82.0 115.0 20.0 10.0
94.0 134.0 20.0 10.0
81.0 98.0 20.0 10.0
109.0 172.0 20.0 10.0
117.0 110.0 20.0 10.0
130.0 98.0 20.0 10.0
126.0 133.0 20.0 10.0
135.0 118.0 20.0 10.0
100.0 112.0 20.0 10.0
127.0 168.0 20.0 10.0
137.0 75.0 20.0 10.0
177.0 144.0 20.0 10.0
146.0 137.0 20.0 10.0
93.0 76.0 20.0 10.0
140.0 128.0 20.0 10.0
100.0 152.0 20.0 10.0
147.0 76.0 20.0 10.0
126.0 119.0 20.0 10.0
146.0 159.0 20.0 10.0
101.0 70.0 20.0 10.0
116.0 109.0 20.0 10.0
152.0 100.0 20.0 10.0
136.0 153.0 20.0 10.0
166.0 174.0 20.0 10.0
104.0 84.0 20.0 10.0
120.0 105.0 20.0 10.0
148.0 96.0 20.0 10.0
129.0 126.0 20.0 10.0
70.0 145.0 20.0 10.0
130.0 80.0 20.0 10.0
137.0 115.0 20.0 10.0
156.0 60.0 20.0 10.0
108.0 65.0 20.0 10.0
101.0 95.0 20.0 10.0
127.0 131.0 20.0 10.0
162.0 90.0 20.0 10.0
123.0 158.0 20.0 10.0
122.0 163.0 20.0 10.0
102.0 123.0 20.0 10.0
114.0 127.0 20.0 10.0
63.0 116.0 20.0 10.0
110.0 118.0 20.0 10.0
159.0 133.0 20.0 10.0
143.0 131.0 20.0 10.0
143.0 124.0 20.0 10.0
156.0 131.0 20.0 10.0
133.0 100.0 20.0 10.0
97.0 80.0 20.0 10.0
105.0 92.0 20.0 10.0
139.0 134.0 20.0 10.0
128.0 115.0 20.0 10.0
150.0 90.0 20.0 10.0
99.0 104.0 20.0 10.0
133.0 87.0 20.0 10.0
174.0 146.0 20.0 10.0
70.0 125.0 20.0 10.0
74.0 107.0 20.0 10.0
126.0 154.0 20.0 10.0
145.0 123.0 20.0 10.0
84.0 70.0 20.0 10.0
154.0 161.0 20.0 10.0
141.0 125.0 20.0 10.0
109.0 81.0 20.0 10.0
111.0 97.0 20.0 10.0
172.0 106.0 20.0 10.0
74.0 128.0 20.0 10.0
85.0 101.0 20.0 10.0
132.0 135.0 20.0 10.0
115.0 113.0 20.0 10.0
96.0 86.0 20.0 10.0
102.0 82.0 20.0 10.0
76.0 136.0 20.0 10.0
69.0 104.0 20.0 10.0
137.0 100.0 20.0 10.0
134.0 112.0 20.0 10.0
124.0 129.0 20.0 10.0
131.0 155.0 20.0 10.0
153.0 101.0 20.0 10.0
122.0 47.0 20.0 10.0
138.0 142.0 20.0 10.0
140.0 171.0 20.0 10.0
130.0 185.0 20.0 10.0
119.0 75.0 20.0 10.0
144.0 129.0 20.0 10.0
112.0 128.0 20.0 10.0
144.0 134.0 20.0 10.0
127.0 152.0 20.0 10.0
107.0 114.0 20.0 10.0
132.0 104.0 20.0 10.0
120.0 151.0 20.0 10.0
155.0 125.0 20.0 10.0
135.0 66.0 20.0 10.0
79.0 140.0 20.0 10.0
49.0 191.0 20.0 10.0
162.0 125.0 20.0 10.0
85.0 120.0 20.0 10.0
87.0 81.0 20.0 10.0
118.0 96.0 20.0 10.0
129.0 175.0 20.0 10.0
98.0 73.0 20.0 10.0
136.0 125.0 20.0 10.0
71.0 115.0 20.0 10.0
156.0 117.0 20.0 10.0
45.0 95.0 20.0 10.0
152.0 68.0 20.0 10.0
146.0 110.0 20.0 10.0
113.0 114.0 20.0 10.0
45.0 110.0 20.0 10.0
157.0 119.0 20.0 10.0
117.0 154.0 20.0 10.0
98.0 169.0 20.0 10.0
113.0 155.0 20.0 10.0
65.0 121.0 20.0 10.0
129.0 81.0 20.0 10.0
92.0 133.0 20.0 10.0
130.0 149.0 20.0 10.0
79.0 84.0 20.0 10.0
140.0 104.0 20.0 10.0
156.0 135.0 20.0 10.0
156.0 66.0 20.0 10.0
164.0 104.0 20.0 10.0
153.0 76.0 20.0 10.0
133.0 138.0 20.0 10.0
132.0 150.0 20.0 10.0
114.0 124.0 20.0 10.0
114.0 122.0 20.0 10.0
137.0 150.0 20.0 10.0
90.0 104.0 20.0 10.0
164.0 93.0 20.0 10.0
111.0 91.0 20.0 10.0
130.0 139.0 20.0 10.0
87.0 85.0 20.0 10.0
112.0 155.0 20.0 10.0
169.0 114.0 20.0 10.0
136.0 110.0 20.0 10.0
136.0 116.0 20.0 10.0
88.0 178.0 20.0 10.0
75.0 115.0 20.0 10.0
156.0 109.0 20.0 10.0
117.0 163.0 20.0 10.0
99.0 141.0 20.0 10.0
123.0 146.0 20.0 10.0
180.0 121.0 20.0 10.0
103.0 129.0 20.0 10.0
160.0 134.0 20.0 10.0
151.0 109.0 20.0 10.0
103.0 86.0 20.0 10.0
127.0 173.0 20.0 10.0
115.0 104.0 20.0 10.0
77.0 72.0 20.0 10.0
158.0 100.0 20.0 10.0
110.0 104.0 20.0 10.0
120.0 106.0 20.0 10.0
165.0 117.0 20.0 10.0
168.0 125.0 20.0 10.0
160.0 93.0 20.0 10.0
114.0 123.0 20.0 10.0
137.0 122.0 20.0 10.0
92.0 184.0 20.0 10.0
116.0 116.0 20.0 10.0
89.0 130.0 20.0 10.0
134.0 146.0 20.0 10.0
82.0 138.0 20.0 10.0
32.0 99.0 20.0 10.0
61.0 83.0 20.0 10.0
58.0 120.0 20.0 10.0
183.0 137.0 20.0 10.0
143.0 104.0 20.0 10.0
134.0 155.0 20.0 10.0
68.0 138.0 20.0 10.0
116.0 70.0 20.0 10.0
82.0 106.0 20.0 10.0
107.0 125.0 20.0 10.0
131.0 143.0 20.0 10.0
82.0 147.0 20.0 10.0
118.0 83.0 20.0 10.0
67.0 133.0 20.0 10.0
107.0 102.0 20.0 10.0
97.0 105.0 20.0 10.0
119.0 126.0 20.0 10.0
96.0 156.0 20.0 10.0
127.0 121.0 20.0 10.0
84.0 62.0 20.0 10.0
104.0 146.0 20.0 10.0
162.0 111.0 20.0 10.0
134.0 93.0 20.0 10.0
119.0 92.0 20.0 10.0
86.0 122.0 20.0 10.0
71.0 88.0 20.0 10.0
136.0 121.0 20.0 10.0
81.0 114.0 20.0 10.0
97.0 133.0 20.0 10.0
126.0 156.0 20.0 10.0
136.0 95.0 20.0 10.0
115.0 68.0 20.0 10.0
113.0 143.0 20.0 10.0
115.0 67.0 20.0 10.0
78.0 88.0 20.0 10.0
111.0 164.0 20.0 10.0
123.0 94.0 20.0 10.0
102.0 165.0 20.0 10.0
116.0 147.0 20.0 10.0
84.0 130.0 20.0 10.0
107.0 111.0 20.0 10.0
81.0 110.0 20.0 10.0
153.0 165.0 20.0 10.0
93.0 58.0 20.0 10.0
114.0 110.0 20.0 10.0
97.0 77.0 20.0 10.0
118.0 86.0 20.0 10.0
126.0 77.0 20.0 10.0
88.0 96.0 20.0 10.0
163.0 150.0 20.0 10.0
135.0 197.0 20.0 10.0
119.0 138.0 20.0 10.0
157.0 141.0 20.0 10.0
143.0 62.0 20.0 10.0
108.0 88.0 20.0 10.0
97.0 99.0 20.0 10.0
139.0 100.0 20.0 10.0
119.0 124.0 20.0 10.0
101.0 150.0 20.0 10.0
67.0 136.0 20.0 10.0
56.0 113.0 20.0 10.0
111.0 131.0 20.0 10.0
96.0 169.0 20.0 10.0
135.0 133.0 20.0 10.0
144.0 154.0 20.0 10.0
156.0 93.0 20.0 10.0
118.0 100.0 20.0 10.0
78.0 125.0 20.0 10.0
124.0 193.0 20.0 10.0
124.0 52.0 20.0 10.0
70.0 141.0 20.0 10.0
170.0 85.0 20.0 10.0
135.0 89.0 20.0 10.0
117.0 134.0 20.0 10.0
146.0 120.0 20.0 10.0
106.0 68.0 20.0 10.0
127.0 84.0 20.0 10.0
111.0 117.0 20.0 10.0
32.0 183.0 20.0 10.0
88.0 134.0 20.0 10.0
103.0 122.0 20.0 10.0
75.0 132.0 20.0 10.0
115.0 135.0 20.0 10.0
102.0 146.0 20.0 10.0
166.0 112.0 20.0 10.0
81.0 63.0 20.0 10.0
100.0 128.0 20.0 10.0
93.0 100.0 20.0 10.0
90.0 133.0 20.0 10.0
93.0 103.0 20.0 10.0
107.0 87.0 20.0 10.0
127.0 102.0 20.0 10.0
133.0 81.0 20.0 10.0
121.0 117.0 20.0 10.0
89.0 86.0 20.0 10.0
117.0 147.0 20.0 10.0
143.0 78.0 20.0 10.0
179.0 75.0 20.0 10.0
125.0 66.0 20.0 10.0
153.0 110.0 20.0 10.0
98.0 102.0 20.0 10.0
108.0 139.0 20.0 10.0
89.0 41.0 20.0 10.0
102.0 166.0 20.0 10.0
74.0 125.0 20.0 10.0
86.0 68.0 20.0 10.0
128.0 92.0 20.0 10.0
132.0 109.0 20.0 10.0
129.0 101.0 20.0 10.0
133.0 85.0 20.0 10.0
133.0 124.0 20.0 10.0
90.0 144.0 20.0 10.0
168.0 145.0 20.0 10.0
56.0 107.0 20.0 10.0
100.0 137.0 20.0 10.0
160.0 142.0 20.0 10.0
124.0 149.0 20.0 10.0
124.0 81.0 20.0 10.0
103.0 64.0 20.0 10.0
99.0 124.0 20.0 10.0
98.0 106.0 20.0 10.0
78.0 143.0 20.0 10.0
150.0 80.0 20.0 10.0
88.0 143.0 20.0 10.0
69.0 158.0 20.0 10.0
129.0 66.0 20.0 10.0
148.0 64.0 20.0 10.0
130.0 146.0 20.0 10.0
109.0 149.0 20.0 10.0
99.0 116.0 20.0 10.0
115.0 107.0 20.0 10.0
111.0 79.0 20.0 10.0
99.0 109.0 20.0 10.0
131.0 107.0 20.0 10.0
65.0 104.0 20.0 10.0
155.0 96.0 20.0 10.0
158.0 102.0 20.0 10.0
86.0 83.0 20.0 10.0
86.0 66.0 20.0 10.0
132.0 131.0 20.0 10.0
88.0 109.0 20.0 10.0
159.0 121.0 20.0 10.0
151.0 93.0 20.0 10.0
190.0 88.0 20.0 10.0
106.0 129.0 20.0 10.0
89.0 121.0 20.0 10.0
97.0 152.0 20.0 10.0
100.0 127.0 20.0 10.0
131.0 88.0 20.0 10.0
142.0 139.0 20.0 10.0
145.0 103.0 20.0 10.0
136.0 162.0 20.0 10.0
111.0 185.0 20.0 10.0
128.0 89.0 20.0 10.0
104.0 120.0 20.0 10.0
95.0 141.0 20.0 10.0
108.0 123.0 20.0 10.0
120.0 147.0 20.0 10.0
66.0 68.0 20.0 10.0
164.0 124.0 20.0 10.0
153.0 91.0 20.0 10.0
85.0 130.0 20.0 10.0
97.0 56.0 20.0 10.0
120.0 66.0 20.0 10.0
112.0 126.0 20.0 10.0
121.0 96.0 20.0 10.0
141.0 96.0 20.0 10.0
123.0 104.0 20.0 10.0
96.0 74.0 20.0 10.0
151.0 141.0 20.0 10.0
109.0 129.0 20.0 10.0
109.0 92.0 20.0 10.0
135.0 97.0 20.0 10.0
132.0 43.0 20.0 10.0
91.0 127.0 20.0 10.0
134.0 103.0 20.0 10.0
64.0 140.0 20.0 10.0
144.0 164.0 20.0 10.0
115.0 131.0 20.0 10.0
103.0 140.0 20.0 10.0
142.0 119.0 20.0 10.0
146.0 117.0 20.0 10.0
84.0 127.0 20.0 10.0
98.0 52.0 20.0 10.0
98.0 118.0 20.0 10.0
83.0 92.0 20.0 10.0
101.0 98.0 20.0 10.0
77.0 127.0 20.0 10.0
114.0 80.0 20.0 10.0
138.0 140.0 20.0 10.0
101.0 142.0 20.0 10.0
110.0 124.0 20.0 10.0
115.0 59.0 20.0 10.0
92.0 109.0 20.0 10.0
67.0 94.0 20.0 10.0
83.0 67.0 20.0 10.0
104.0 89.0 20.0 10.0
164.0 107.0 20.0 10.0
100.0 121.0 20.0 10.0
105.0 149.0 20.0 10.0
62.0 109.0 20.0 10.0
125.0 115.0 20.0 10.0
55.0 127.0 20.0 10.0
116.0 97.0 20.0 10.0
117.0 101.0 20.0 10.0
156.0 156.0 20.0 10.0
175.0 73.0 20.0 10.0
96.0 68.0 20.0 10.0
159.0 87.0 20.0 10.0
137.0 124.0 20.0 10.0
114.0 162.0 20.0 10.0
154.0 87.0 20.0 10.0
132.0 74.0 20.0 10.0
76.0 130.0 20.0 10.0
121.0 168.0 20.0 10.0
126.0 86.0 20.0 10.0
94.0 83.0 20.0 10.0
144.0 68.0 20.0 10.0
94.0 161.0 20.0 10.0
148.0 135.0 20.0 10.0
123.0 136.0 20.0 10.0
101.0 130.0 20.0 10.0
133.0 108.0 20.0 10.0
125.0 138.0 20.0 10.0
127.0 158.0 20.0 10.0
78.0 81.0 20.0 10.0
164.0 127.0 20.0 10.0
101.0 109.0 20.0 10.0
91.0 110.0 20.0 10.0
66.0 116.0 20.0 10.0
140.0 159.0 20.0 10.0
102.0 104.0 20.0 10.0
110.0 111.0 20.0 10.0
129.0 113.0 20.0 10.0
110.0 71.0 20.0 10.0
142.0 72.0 20.0 10.0
59.0 90.0 20.0 10.0
84.0 85.0 20.0 10.0
114.0 145.0 20.0 10.0
90.0 80.0 20.0 10.0
93.0 95.0 20.0 10.0
105.0 151.0 20.0 10.0
87.0 114.0 20.0 10.0
61.0 120.0 20.0 10.0
138.0 91.0 20.0 10.0
171.0 95.0 20.0 10.0
122.0 99.0 20.0 10.0
108.0 111.0 20.0 10.0
155.0 140.0 20.0 10.0
94.0 139.0 20.0 10.0
64.0 126.0 20.0 10.0
124.0 139.0 20.0 10.0
170.0 117.0 20.0 10.0
168.0 163.0 20.0 10.0
124.0 63.0 20.0 10.0
79.0 132.0 20.0 10.0
113.0 95.0 20.0 10.0
66.0 130.0 20.0 10.0
136.0 60.0 20.0 10.0
67.0 154.0 20.0 10.0
134.0 110.0 20.0 10.0
152.0 131.0 20.0 10.0
113.0 100.0 20.0 10.0
146.0 96.0 20.0 10.0
130.0 95.0 20.0 10.0
118.0 114.0 20.0 10.0
166.0 108.0 20.0 10.0
98.0 69.0 20.0 10.0
94.0 119.0 20.0 10.0
122.0 112.0 20.0 10.0
145.10000610351562 103.0 20.0 10.0
80.0 94.0 20.0 10.0
105.0 82.0 20.0 10.0
142.0 112.0 20.0 10.0
153.0 88.0 20.0 10.0
115.0 166.0 20.0 10.0
40.0 163.0 20.0 10.0
133.0 98.0 20.0 10.0
40.0 111.0 20.0 10.0
68.0 161.0 20.0 10.0
135.0 92.0 20.0 10.0
51.0 113.0 20.0 10.0
77.0 78.0 20.0 10.0
98.0 136.0 20.0 10.0
175.0 102.0 20.0 10.0
114.0 71.0 20.0 10.0
115.0 139.0 20.0 10.0
87.0 147.0 20.0 10.0
112.0 122.0 20.0 10.0
176.0 110.0 20.0 10.0
106.0 122.0 20.0 10.0
126.0 90.0 20.0 10.0
101.0 78.0 20.0 10.0
107.0 95.0 20.0 10.0
101.0 182.0 20.0 10.0
126.0 93.0 20.0 10.0
106.0 76.0 20.0 10.0
137.0 70.0 20.0 10.0
178.0 125.0 20.0 10.0
96.0 173.0 20.0 10.0
122.0 124.0 20.0 10.0
124.0 90.0 20.0 10.0
169.0 101.0 20.0 10.0
136.0 134.0 20.0 10.0
147.0 120.0 20.0 10.0
129.0 137.0 20.0 10.0
116.0 72.0 20.0 10.0
104.0 164.0 20.0 10.0
121.0 143.0 20.0 10.0
80.0 165.0 20.0 10.0
164.0 83.0 20.0 10.0
97.0 148.0 20.0 10.0
131.0 83.0 20.0 10.0
107.0 108.0 20.0 10.0
101.0 86.0 20.0 10.0
77.0 114.0 20.0 10.0
60.0 117.0 20.0 10.0
125.0 106.0 20.0 10.0
141.0 84.0 20.0 10.0
142.0 117.0 20.0 10.0
133.0 167.0 20.0 10.0
131.0 115.0 20.0 10.0
151.0 128.0 20.0 10.0
145.0 100.0 20.0 10.0
109.0 100.0 20.0 10.0
97.0 126.0 20.0 10.0
118.0 145.0 20.0 10.0
118.0 156.0 20.0 10.0
74.0 142.0 20.0 10.0
101.0 148.0 20.0 10.0
116.0 76.0 20.0 10.0
131.0 173.0 20.0 10.0
76.0 122.0 20.0 10.0
82.0 112.0 20.0 10.0
91.0 161.0 20.0 10.0
102.0 95.0 20.0 10.0
110.0 126.0 20.0 10.0
115.0 127.0 20.0 10.0
117.0 65.0 20.0 10.0
128.0 129.0 20.0 10.0
55.0 104.0 20.0 10.0
90.0 110.0 20.0 10.0
70.0 106.0 20.0 10.0
62.0 114.0 20.0 10.0
153.0 139.0 20.0 10.0
111.0 135.0 20.0 10.0
122.0 77.0 20.0 10.0
66.0 90.0 20.0 10.0
120.0 99.0 20.0 10.0
109.0 146.0 20.0 10.0
63.0 104.0 20.0 10.0
113.0 75.0 20.0 10.0
150.0 105.0 20.0 10.0
97.0 129.0 20.0 10.0
100.0 163.0 20.0 10.0
142.0 110.0 20.0 10.0
94.0 123.0 20.0 10.0
146.0 106.0 20.0 10.0
72.0 57.0 20.0 10.0
97.0 123.0 20.0 10.0
119.0 131.0 20.0 10.0
154.0 133.0 20.0 10.0
119.0 63.0 20.0 10.0
104.0 115.0 20.0 10.0
122.0 119.0 20.0 10.0
61.0 75.0 20.0 10.0
155.0 142.0 20.0 10.0
102.0 102.0 20.0 10.0
133.0 68.0 20.0 10.0
91.0 150.0 20.0 10.0
84.0 88.0 20.0 10.0
116.0 117.0 20.0 10.0
163.0 67.0 20.0 10.0
155.0 111.0 20.0 10.0
145.0 126.0 20.0 10.0
98.0 94.0 20.0 10.0
143.0 142.0 20.0 10.0
134.0 157.0 20.0 10.0
103.0 114.0 20.0 10.0
79.0 153.0 20.0 10.0
105.0 105.0 20.0 10.0
104.0 159.0 20.0 10.0
158.0 106.0 20.0 10.0
111.0 133.0 20.0 10.0
106.0 173.0 20.0 10.0
84.0 78.0 20.0 10.0
126.0 113.0 20.0 10.0
86.0 111.0 20.0 10.0
115.0 144.0 20.0 10.0
96.0 72.0 20.0 10.0
123.0 132.0 20.0 10.0
122.0 139.0 20.0 10.0
64.0 132.0 20.0 10.0
133.0 92.0 20.0 10.0
108.0 85.0 20.0 10.0
128.0 145.0 20.0 10.0
97.0 142.0 20.0 10.0
71.0 77.0 20.0 10.0
119.0 98.0 20.0 10.0
65.0 157.0 20.0 10.0
106.0 138.0 20.0 10.0
85.0 103.0 20.0 10.0
98.0 109.0 20.0 10.0
119.0 79.0 20.0 10.0
140.0 132.0 20.0 10.0
173.0 136.0 20.0 10.0
94.0 106.0 20.0 10.0
78.0 138.0 20.0 10.0
95.0 147.0 20.0 10.0
165.0 131.0 20.0 10.0
103.0 101.0 20.0 10.0
125.0 170.0 20.0 10.0
71.0 153.0 20.0 10.0
60.0 164.0 20.0 10.0
100.0 132.0 20.0 10.0
112.0 108.0 20.0 10.0
84.0 140.0 20.0 10.0
94.0 111.0 20.0 10.0
60.0 95.0 20.0 10.0
197.0 116.0 20.0 10.0
111.0 36.0 20.0 10.0
51.0 156.0 20.0 10.0
136.0 107.0 20.0 10.0
73.0 121.0 20.0 10.0
153.0 115.0 20.0 10.0
94.0 144.0 20.0 10.0
79.0 91.0 20.0 10.0
99.0 146.0 20.0 10.0
143.0 127.0 20.0 10.0
134.0 72.0 20.0 10.0
99.0 100.0 20.0 10.0
102.0 76.0 20.0 10.0
59.0 184.0 20.0 10.0
159.0 128.0 20.0 10.0
93.0 126.0 20.0 10.0
112.0 169.0 20.0 10.0
107.0 132.0 20.0 10.0
92.0 96.0 20.0 10.0
186.0 118.0 20.0 10.0
122.0 111.0 20.0 10.0
116.0 137.0 20.0 10.0
143.0 148.0 20.0 10.0
87.0 95.0 20.0 10.0
94.0 96.0 20.0 10.0
120.0 122.0 20.0 10.0
88.0 132.0 20.0 10.0
101.0 84.0 20.0 10.0
87.0 103.0 20.0 10.0
98.0 114.0 20.0 10.0
30.0 88.0 20.0 10.0
185.0 109.0 20.0 10.0
140.0 144.0 20.0 10.0
124.0 136.0 20.0 10.0
114.0 120.0 20.0 10.0
112.0 158.0 20.0 10.0
154.0 129.0 20.0 10.0
72.0 142.0 20.0 10.0
146.0 87.0 20.0 10.0
96.0 110.0 20.0 10.0
98.0 111.0 20.0 10.0
152.0 112.0 20.0 10.0
89.0 129.0 20.0 10.0
105.0 103.0 20.0 10.0
72.0 101.0 20.0 10.0
132.0 151.0 20.0 10.0
152.0 135.0 20.0 10.0
127.0 117.0 20.0 10.0
151.0 146.0 20.0 10.0
128.0 123.0 20.0 10.0
103.0 98.0 20.0 10.0
118.0 121.0 20.0 10.0
127.0 163.0 20.0 10.0
123.0 117.0 20.0 10.0
87.0 106.0 20.0 10.0
104.0 142.0 20.0 10.0
104.0 126.0 20.0 10.0
83.0 120.0 20.0 10.0
176.0 173.0 20.0 10.0
135.0 128.0 20.0 10.0
119.0 117.0 20.0 10.0
164.0 134.0 20.0 10.0
89.0 116.0 20.0 10.0
105.0 169.0 20.0 10.0
74.0 158.0 20.0 10.0
149.0 143.0 20.0 10.0
170.0 88.0 20.0 10.0
185.0 139.0 20.0 10.0
133.0 127.0 20.0 10.0
141.0 151.0 20.0 10.0
149.0 145.0 20.0 10.0
155.0 151.0 20.0 10.0
86.0 134.0 20.0 10.0
133.0 129.0 20.0 10.0
125.0 103.0 20.0 10.0
149.0 108.0 20.0 10.0
104.0 184.0 20.0 10.0
85.0 186.0 20.0 10.0
89.0 154.0 20.0 10.0
141.0 107.0 20.0 10.0
110.0 140.0 20.0 10.0
86.0 160.0 20.0 10.0
87.0 98.0 20.0 10.0
148.0 130.0 20.0 10.0
83.0 96.0 20.0 10.0
115.0 90.0 20.0 10.0
85.0 70.0 20.0 10.0
112.0 89.0 20.0 10.0
131.0 117.0 20.0 10.0
79.0 131.0 20.0 10.0
147.0 147.0 20.0 10.0
117.0 129.0 20.0 10.0
102.0 172.0 20.0 10.0
127.0 127.0 20.0 10.0
101.0 107.0 20.0 10.0
130.0 109.0 20.0 10.0
78.0 112.0 20.0 10.0
105.0 110.0 20.0 10.0
146.0 164.0 20.0 10.0
119.0 127.0 20.0 10.0
93.0 92.0 20.0 10.0
77.0 143.0 20.0 10.0
71.0 109.0 20.0 10.0
80.0 72.0 20.0 10.0
127.0 99.0 20.0 10.0
125.0 143.0 20.0 10.0
61.0 101.0 20.0 10.0
85.0 149.0 20.0 10.0
161.0 152.0 20.0 10.0
112.0 177.0 20.0 10.0
133.0 119.0 20.0 10.0
139.0 167.0 20.0 10.0
120.0 158.0 20.0 10.0
78.0 118.0 20.0 10.0
78.0 83.0 20.0 10.0
118.0 123.0 20.0 10.0
150.0 95.0 20.0 10.0
108.0 119.0 20.0 10.0
162.0 59.0 20.0 10.0
96.0 102.0 20.0 10.0
151.0 130.0 20.0 10.0
160.0 159.0 20.0 10.0
130.0 159.0 20.0 10.0
132.0 96.0 20.0 10.0
99.0 149.0 20.0 10.0
150.0 122.0 20.0 10.0
158.0 68.0 20.0 10.0
107.0 71.0 20.0 10.0
135.0 86.0 20.0 10.0
175.0 93.0 20.0 10.0
127.0 151.0 20.0 10.0
158.0 147.0 20.0 10.0
79.0 151.0 20.0 10.0
129.0 93.0 20.0 10.0
154.0 149.0 20.0 10.0
84.0 148.0 20.0 10.0
123.0 114.0 20.0 10.0
87.0 91.0 20.0 10.0
145.0 113.0 20.0 10.0
158.0 95.0 20.0 10.0
123.0 160.0 20.0 10.0
105.0 141.0 20.0 10.0
61.0 121.0 20.0 10.0
68.0 124.0 20.0 10.0
89.0 35.0 20.0 10.0
117.0 49.0 20.0 10.0
87.0 130.0 20.0 10.0
162.0 122.0 20.0 10.0
135.0 79.0 20.0 10.0
137.0 130.0 20.0 10.0
111.0 113.0 20.0 10.0
144.0 86.0 20.0 10.0
94.0 89.0 20.0 10.0
120.0 111.0 20.0 10.0
132.0 141.0 20.0 10.0
125.0 75.0 20.0 10.0
109.0 135.0 20.0 10.0
81.0 155.0 20.0 10.0
116.0 149.0 20.0 10.0
108.0 79.0 20.0 10.0
95.0 129.0 20.0 10.0
90.0 148.0 20.0 10.0
89.0 99.0 20.0 10.0
82.0 145.0 20.0 10.0
72.0 155.0 20.0 10.0
179.0 128.0 20.0 10.0
175.0 121.0 20.0 10.0
91.0 116.0 20.0 10.0
147.0 125.0 20.0 10.0
117.0 125.0 20.0 10.0
57.0 85.0 20.0 10.0
109.0 98.0 20.0 10.0
76.0 107.0 20.0 10.0
77.0 101.0 20.0 10.0
119.0 140.0 20.0 10.0
127.0 105.0 20.0 10.0
115.0 150.0 20.0 10.0
144.0 137.0 20.0 10.0
121.0 84.0 20.0 10.0
162.0 110.0 20.0 10.0
95.0 132.0 20.0 10.0
83.0 157.0 20.0 10.0
119.0 158.0 20.0 10.0
126.0 66.0 20.0 10.0
94.0 164.0 20.0 10.0
156.0 49.0 20.0 10.0
144.0 145.0 20.0 10.0
76.0 97.0 20.0 10.0
119.0 189.0 20.0 10.0
153.0 51.0 20.0 10.0
118.0 107.0 20.0 10.0
75.0 95.0 20.0 10.0
137.0 178.0 20.0 10.0
93.0 117.0 20.0 10.0
103.0 68.0 20.0 10.0
90.0 62.0 20.0 10.0
112.0 130.0 20.0 10.0
140.0 111.0 20.0 10.0
111.0 104.0 20.0 10.0
105.0 131.0 20.0 10.0
115.0 87.0 20.0 10.0
114.0 152.0 20.0 10.0
113.0 109.0 20.0 10.0
129.0 75.0 20.0 10.0
151.0 177.0 20.0 10.0
92.0 113.0 20.0 10.0
130.0 140.0 20.0 10.0
151.0 152.0 20.0 10.0
127.0 184.0 20.0 10.0
110.0 162.0 20.0 10.0
139.0 125.0 20.0 10.0
148.0 86.0 20.0 10.0
78.0 96.0 20.0 10.0
66.0 167.0 20.0 10.0
148.0 178.0 20.0 10.0
73.0 132.0 20.0 10.0
136.0 141.0 20.0 10.0
76.0 113.0 20.0 10.0
119.0 104.0 20.0 10.0
122.0 103.0 20.0 10.0
59.0 103.0 20.0 10.0
75.0 116.0 20.0 10.0
122.0 153.0 20.0 10.0
99.0 160.0 20.0 10.0
137.0 157.0 20.0 10.0
122.0 108.0 20.0 10.0
90.0 140.0 20.0 10.0
147.0 100.0 20.0 10.0
173.0 108.0 20.0 10.0
122.0 96.0 20.0 10.0
84.0 116.0 20.0 10.0
123.0 127.0 20.0 10.0
165.0 98.0 20.0 10.0
142.0 81.0 20.0 10.0
104.0 134.0 20.0 10.0
180.0 98.0 20.0 10.0
129.0 163.0 20.0 10.0
112.0 146.0 20.0 10.0
114.0 133.0 20.0 10.0
102.0 156.0 20.0 10.0
71.0 79.0 20.0 10.0
90.0 122.0 20.0 10.0
110.0 77.0 20.0 10.0
108.0 100.0 20.0 10.0
136.0 119.0 20.0 10.0
101.0 118.0 20.0 10.0
109.0 108.0 20.0 10.0
47.0 126.0 20.0 10.0
164.0 62.0 20.0 10.0
82.0 82.0 20.0 10.0
141.0 139.0 20.0 10.0
130.0 123.0 20.0 10.0
96.0 80.0 20.0 10.0
108.0 107.0 20.0 10.0
111.0 86.0 20.0 10.0
107.0 100.0 20.0 10.0
81.0 103.0 20.0 10.0
121.0 64.0 20.0 10.0
98.0 87.0 20.0 10.0
195.0 25.0 20.0 10.0
80.0 135.0 20.0 10.0
132.0 113.0 20.0 10.0
119.0 180.0 20.0 10.0
130.0 120.0 20.0 10.0
148.0 157.0 20.0 10.0
77.0 121.0 20.0 10.0
96.0 115.0 20.0 10.0
149.0 152.0 20.0 10.0
142.0 165.0 20.0 10.0
159.0 82.0 20.0 10.0
74.0 136.0 20.0 10.0
75.0 99.0 20.0 10.0
149.0 186.0 20.0 10.0
88.0 166.0 20.0 10.0
90.0 77.0 20.0 10.0
71.0 84.0 20.0 10.0
137.0 98.0 20.0 10.0
80.0 127.0 20.0 10.0
142.0 133.0 20.0 10.0
104.0 106.0 20.0 10.0
