1000
1088.0 755.0 20.0 10.0
1043.0 788.0 20.0 10.0
1003.0 821.0 20.0 10.0
1120.0 866.0 20.0 10.0
1082.0 677.0 20.0 10.0
865.0 938.0 20.0 10.0
1118.0 775.0 20.0 10.0
1112.0 739.0 20.0 10.0
959.0 804.0 20.0 10.0
1095.0 797.0 20.0 10.0
1224.0 881.0 20.0 10.0
1099.0 822.0 20.0 10.0
992.0 755.0 20.0 10.0
1155.0 541.0 20.0 10.0
833.0 1006.0 20.0 10.0
1204.0 425.0 20.0 10.0
799.0 1062.0 20.0 10.0
727.0 1040.0 20.0 10.0
1229.0 484.0 20.0 10.0
780.0 1113.0 20.0 10.0
607.0 1145.0 20.0 10.0
837.0 930.0 20.0 10.0
654.0 1057.0 20.0 10.0
1146.0 737.0 20.0 10.0
924.0 771.0 20.0 10.0
1054.0 797.0 20.0 10.0
895.0 737.0 20.0 10.0
1129.0 630.0 20.0 10.0
1189.0 919.0 20.0 10.0
1212.0 390.0 20.0 10.0
1246.0 322.0 20.0 10.0
1143.0 798.0 20.0 10.0
1248.0 972.0 20.0 10.0
1001.0 733.0 20.0 10.0
1273.0 232.0 20.0 10.0
1157.0 470.0 20.0 10.0
1169.0 505.0 20.0 10.0
1321.0 897.0 20.0 10.0
791.0 1090.0 20.0 10.0
1095.0 645.0 20.0 10.0
1285.0 274.0 20.0 10.0
489.0 1245.0 20.0 10.0
1156.0 826.0 20.0 10.0
1199.0 725.0 20.0 10.0
586.0 1076.0 20.0 10.0
1160.0 432.0 20.0 10.0
386.0 1317.0 20.0 10.0
772.0 1096.0 20.0 10.0
311.0 1377.0 20.0 10.0
438.0 1320.0 20.0 10.0
1213.0 363.0 20.0 10.0
249.0 1424.0 20.0 10.0
1166.0 439.0 20.0 10.0
1297.0 433.0 20.0 10.0
692.0 1069.0 20.0 10.0
1404.0 912.0 20.0 10.0
395.0 1383.0 20.0 10.0
1220.0 922.0 20.0 10.0
1359.0 384.0 20.0 10.0
764.0 1160.0 20.0 10.0
264.0 1411.0 20.0 10.0
1302.0 1019.0 20.0 10.0
523.0 1093.0 20.0 10.0
1320.0 1056.0 20.0 10.0
1387.0 901.0 20.0 10.0
1178.0 839.0 20.0 10.0
1416.0 337.0 20.0 10.0
973.0 741.0 20.0 10.0
1455.0 940.0 20.0 10.0
488.0 1088.0 20.0 10.0
1219.0 309.0 20.0 10.0
1241.0 716.0 20.0 10.0
1165.0 717.0 20.0 10.0
982.0 690.0 20.0 10.0
1188.0 483.0 20.0 10.0
1447.0 910.0 20.0 10.0
989.0 641.0 20.0 10.0
1177.0 740.0 20.0 10.0
1268.0 881.0 20.0 10.0
1169.0 603.0 20.0 10.0
1315.0 230.0 20.0 10.0
1195.0 587.0 20.0 10.0
1218.0 941.0 20.0 10.0
1443.0 914.0 20.0 10.0
344.0 1352.0 20.0 10.0
1348.0 1038.0 20.0 10.0
1259.0 284.0 20.0 10.0
1162.0 597.0 20.0 10.0
1477.0 921.0 20.0 10.0
856.0 982.0 20.0 10.0
355.0 1350.0 20.0 10.0
1342.0 1055.0 20.0 10.0
1236.0 926.0 20.0 10.0
1093.0 651.0 20.0 10.0
349.0 1442.0 20.0 10.0
566.0 1182.0 20.0 10.0
1047.0 812.0 20.0 10.0
685.0 1058.0 20.0 10.0
310.0 1492.0 20.0 10.0
1252.0 284.0 20.0 10.0
956.0 793.0 20.0 10.0
1340.0 1089.0 20.0 10.0
1050.0 766.0 20.0 10.0
1293.0 892.0 20.0 10.0
193.0 1467.0 20.0 10.0
1281.0 989.0 20.0 10.0
1146.0 815.0 20.0 10.0
987.0 606.0 20.0 10.0
1371.0 1084.0 20.0 10.0
849.0 920.0 20.0 10.0
653.0 1079.0 20.0 10.0
1150.0 412.0 20.0 10.0
1264.0 1000.0 20.0 10.0
1465.0 291.0 20.0 10.0
1390.0 1061.0 20.0 10.0
1084.0 833.0 20.0 10.0
281.0 1518.0 20.0 10.0
1045.0 715.0 20.0 10.0
1240.0 390.0 20.0 10.0
536.0 1211.0 20.0 10.0
1112.0 751.0 20.0 10.0
839.0 943.0 20.0 10.0
859.0 1026.0 20.0 10.0
1297.0 249.0 20.0 10.0
1222.0 260.0 20.0 10.0
449.0 1268.0 20.0 10.0
899.0 774.0 20.0 10.0
1446.0 896.0 20.0 10.0
752.0 1201.0 20.0 10.0
1272.0 361.0 20.0 10.0
470.0 1108.0 20.0 10.0
1084.0 640.0 20.0 10.0
899.0 762.0 20.0 10.0
1304.0 873.0 20.0 10.0
487.0 1108.0 20.0 10.0
1226.0 329.0 20.0 10.0
423.0 1121.0 20.0 10.0
1151.0 887.0 20.0 10.0
1506.0 916.0 20.0 10.0
967.0 788.0 20.0 10.0
938.0 799.0 20.0 10.0
277.0 1534.0 20.0 10.0
1374.0 1065.0 20.0 10.0
909.0 760.0 20.0 10.0
1009.0 711.0 20.0 10.0
654.0 1062.0 20.0 10.0
1231.0 722.0 20.0 10.0
1177.0 693.0 20.0 10.0
1491.0 957.0 20.0 10.0
1200.0 751.0 20.0 10.0
1142.0 364.0 20.0 10.0
1285.0 175.0 20.0 10.0
1326.0 1030.0 20.0 10.0
448.0 1278.0 20.0 10.0
138.0 1508.0 20.0 10.0
961.0 675.0 20.0 10.0
993.0 848.0 20.0 10.0
1233.0 960.0 20.0 10.0
315.0 1382.0 20.0 10.0
1298.0 1012.0 20.0 10.0
1240.0 237.0 20.0 10.0
1222.0 362.0 20.0 10.0
917.0 801.0 20.0 10.0
882.0 964.0 20.0 10.0
1104.0 831.0 20.0 10.0
1225.0 388.0 20.0 10.0
411.0 1308.0 20.0 10.0
1341.0 199.0 20.0 10.0
1460.0 918.0 20.0 10.0
831.0 1025.0 20.0 10.0
1516.0 924.0 20.0 10.0
1511.0 252.0 20.0 10.0
1386.0 366.0 20.0 10.0
1485.0 890.0 20.0 10.0
1175.0 720.0 20.0 10.0
829.0 984.0 20.0 10.0
1135.0 322.0 20.0 10.0
1545.0 214.0 20.0 10.0
872.0 1068.0 20.0 10.0
672.0 1091.0 20.0 10.0
463.0 1116.0 20.0 10.0
1204.0 583.0 20.0 10.0
617.0 1065.0 20.0 10.0
1044.0 792.0 20.0 10.0
874.0 1092.0 20.0 10.0
1105.0 816.0 20.0 10.0
1172.0 797.0 20.0 10.0
807.0 976.0 20.0 10.0
258.0 1541.0 20.0 10.0
1346.0 1077.0 20.0 10.0
1297.0 187.0 20.0 10.0
1177.0 483.0 20.0 10.0
1137.0 338.0 20.0 10.0
1102.0 639.0 20.0 10.0
1488.0 266.0 20.0 10.0
1358.0 1087.0 20.0 10.0
1380.0 1109.0 20.0 10.0
817.0 1032.0 20.0 10.0
1033.0 815.0 20.0 10.0
879.0 1109.0 20.0 10.0
1518.0 886.0 20.0 10.0
409.0 1361.0 20.0 10.0
1281.0 933.0 20.0 10.0
1080.0 865.0 20.0 10.0
1336.0 203.0 20.0 10.0
1361.0 1119.0 20.0 10.0
1235.0 358.0 20.0 10.0
830.0 1032.0 20.0 10.0
1177.0 408.0 20.0 10.0
1299.0 123.0 20.0 10.0
1004.0 677.0 20.0 10.0
415.0 1290.0 20.0 10.0
1503.0 921.0 20.0 10.0
992.0 651.0 20.0 10.0
231.0 1432.0 20.0 10.0
972.0 645.0 20.0 10.0
960.0 646.0 20.0 10.0
1552.0 946.0 20.0 10.0
1215.0 228.0 20.0 10.0
1410.0 1086.0 20.0 10.0
1535.0 919.0 20.0 10.0
1312.0 996.0 20.0 10.0
1294.0 869.0 20.0 10.0
1354.0 1141.0 20.0 10.0
245.0 1570.0 20.0 10.0
881.0 1146.0 20.0 10.0
220.0 1602.0 20.0 10.0
1320.0 943.0 20.0 10.0
1259.0 886.0 20.0 10.0
456.0 1117.0 20.0 10.0
1261.0 468.0 20.0 10.0
1473.0 903.0 20.0 10.0
943.0 623.0 20.0 10.0
811.0 925.0 20.0 10.0
895.0 1170.0 20.0 10.0
1061.0 743.0 20.0 10.0
1109.0 612.0 20.0 10.0
1131.0 286.0 20.0 10.0
1558.0 917.0 20.0 10.0
1585.0 957.0 20.0 10.0
886.0 1087.0 20.0 10.0
1301.0 170.0 20.0 10.0
1352.0 953.0 20.0 10.0
318.0 1351.0 20.0 10.0
951.0 768.0 20.0 10.0
741.0 1236.0 20.0 10.0
1003.0 832.0 20.0 10.0
1095.0 845.0 20.0 10.0
873.0 758.0 20.0 10.0
333.0 1474.0 20.0 10.0
1078.0 894.0 20.0 10.0
665.0 1096.0 20.0 10.0
284.0 1404.0 20.0 10.0
1550.0 238.0 20.0 10.0
1363.0 180.0 20.0 10.0
407.0 1355.0 20.0 10.0
1570.0 970.0 20.0 10.0
380.0 1128.0 20.0 10.0
925.0 786.0 20.0 10.0
1278.0 295.0 20.0 10.0
1220.0 708.0 20.0 10.0
1307.0 271.0 20.0 10.0
537.0 1198.0 20.0 10.0
1376.0 160.0 20.0 10.0
1593.0 980.0 20.0 10.0
1101.0 860.0 20.0 10.0
749.0 1261.0 20.0 10.0
875.0 1133.0 20.0 10.0
1476.0 897.0 20.0 10.0
877.0 1171.0 20.0 10.0
1087.0 814.0 20.0 10.0
742.0 1107.0 20.0 10.0
1418.0 893.0 20.0 10.0
721.0 1255.0 20.0 10.0
100.0 1532.0 20.0 10.0
900.0 988.0 20.0 10.0
1133.0 290.0 20.0 10.0
1267.0 250.0 20.0 10.0
1250.0 366.0 20.0 10.0
934.0 621.0 20.0 10.0
968.0 661.0 20.0 10.0
394.0 1125.0 20.0 10.0
1329.0 864.0 20.0 10.0
1309.0 933.0 20.0 10.0
1354.0 175.0 20.0 10.0
1451.0 316.0 20.0 10.0
1590.0 984.0 20.0 10.0
513.0 1216.0 20.0 10.0
756.0 1188.0 20.0 10.0
1531.0 232.0 20.0 10.0
1309.0 83.0 20.0 10.0
1099.0 887.0 20.0 10.0
102.0 1545.0 20.0 10.0
1196.0 573.0 20.0 10.0
1164.0 789.0 20.0 10.0
1110.0 853.0 20.0 10.0
1293.0 344.0 20.0 10.0
1068.0 829.0 20.0 10.0
280.0 1371.0 20.0 10.0
1073.0 919.0 20.0 10.0
929.0 778.0 20.0 10.0
1483.0 305.0 20.0 10.0
1339.0 211.0 20.0 10.0
391.0 1332.0 20.0 10.0
557.0 1094.0 20.0 10.0
1513.0 300.0 20.0 10.0
515.0 1232.0 20.0 10.0
1333.0 207.0 20.0 10.0
1568.0 182.0 20.0 10.0
826.0 1058.0 20.0 10.0
1329.0 249.0 20.0 10.0
1325.0 130.0 20.0 10.0
1283.0 1016.0 20.0 10.0
1220.0 551.0 20.0 10.0
1349.0 945.0 20.0 10.0
1181.0 893.0 20.0 10.0
1315.0 56.0 20.0 10.0
1169.0 847.0 20.0 10.0
356.0 1133.0 20.0 10.0
966.0 603.0 20.0 10.0
1580.0 166.0 20.0 10.0
1110.0 624.0 20.0 10.0
1011.0 855.0 20.0 10.0
1015.0 816.0 20.0 10.0
1381.0 949.0 20.0 10.0
1261.0 454.0 20.0 10.0
869.0 1047.0 20.0 10.0
1418.0 1075.0 20.0 10.0
1583.0 223.0 20.0 10.0
1040.0 693.0 20.0 10.0
626.0 1088.0 20.0 10.0
941.0 776.0 20.0 10.0
1084.0 728.0 20.0 10.0
1321.0 200.0 20.0 10.0
1322.0 137.0 20.0 10.0
1205.0 743.0 20.0 10.0
1242.0 955.0 20.0 10.0
1348.0 94.0 20.0 10.0
806.0 1018.0 20.0 10.0
803.0 1031.0 20.0 10.0
1283.0 871.0 20.0 10.0
1422.0 1081.0 20.0 10.0
1168.0 816.0 20.0 10.0
1494.0 277.0 20.0 10.0
1312.0 1035.0 20.0 10.0
718.0 1120.0 20.0 10.0
520.0 1227.0 20.0 10.0
457.0 1086.0 20.0 10.0
816.0 1099.0 20.0 10.0
1498.0 960.0 20.0 10.0
1551.0 929.0 20.0 10.0
267.0 1380.0 20.0 10.0
447.0 1126.0 20.0 10.0
1323.0 160.0 20.0 10.0
1257.0 724.0 20.0 10.0
385.0 1383.0 20.0 10.0
828.0 1099.0 20.0 10.0
1426.0 1110.0 20.0 10.0
1311.0 863.0 20.0 10.0
1291.0 1027.0 20.0 10.0
1593.0 917.0 20.0 10.0
1144.0 820.0 20.0 10.0
1578.0 234.0 20.0 10.0
830.0 1129.0 20.0 10.0
1171.0 441.0 20.0 10.0
872.0 1113.0 20.0 10.0
912.0 1015.0 20.0 10.0
1092.0 613.0 20.0 10.0
1071.0 934.0 20.0 10.0
281.0 1363.0 20.0 10.0
698.0 1056.0 20.0 10.0
1385.0 1142.0 20.0 10.0
880.0 1163.0 20.0 10.0
1401.0 1073.0 20.0 10.0
941.0 814.0 20.0 10.0
322.0 1376.0 20.0 10.0
1192.0 491.0 20.0 10.0
1228.0 559.0 20.0 10.0
1529.0 299.0 20.0 10.0
1422.0 898.0 20.0 10.0
284.0 1373.0 20.0 10.0
1386.0 361.0 20.0 10.0
983.0 717.0 20.0 10.0
1320.0 1047.0 20.0 10.0
230.0 1426.0 20.0 10.0
1612.0 968.0 20.0 10.0
1588.0 156.0 20.0 10.0
1104.0 710.0 20.0 10.0
777.0 1029.0 20.0 10.0
1276.0 714.0 20.0 10.0
808.0 1052.0 20.0 10.0
1387.0 1166.0 20.0 10.0
350.0 1135.0 20.0 10.0
1360.0 64.0 20.0 10.0
1265.0 367.0 20.0 10.0
1128.0 748.0 20.0 10.0
967.0 778.0 20.0 10.0
459.0 1270.0 20.0 10.0
829.0 1123.0 20.0 10.0
1064.0 795.0 20.0 10.0
786.0 1084.0 20.0 10.0
765.0 1121.0 20.0 10.0
1260.0 250.0 20.0 10.0
913.0 601.0 20.0 10.0
71.0 1571.0 20.0 10.0
612.0 1107.0 20.0 10.0
1383.0 1132.0 20.0 10.0
253.0 1392.0 20.0 10.0
1318.0 123.0 20.0 10.0
473.0 1281.0 20.0 10.0
647.0 1119.0 20.0 10.0
1199.0 800.0 20.0 10.0
1473.0 303.0 20.0 10.0
1222.0 332.0 20.0 10.0
1495.0 940.0 20.0 10.0
259.0 1398.0 20.0 10.0
1575.0 191.0 20.0 10.0
1539.0 978.0 20.0 10.0
1571.0 994.0 20.0 10.0
1360.0 1078.0 20.0 10.0
390.0 1305.0 20.0 10.0
1226.0 225.0 20.0 10.0
972.0 800.0 20.0 10.0
762.0 1127.0 20.0 10.0
1312.0 161.0 20.0 10.0
331.0 1381.0 20.0 10.0
1546.0 880.0 20.0 10.0
1227.0 341.0 20.0 10.0
875.0 749.0 20.0 10.0
1408.0 348.0 20.0 10.0
1326.0 409.0 20.0 10.0
429.0 1118.0 20.0 10.0
1338.0 97.0 20.0 10.0
1479.0 907.0 20.0 10.0
760.0 1025.0 20.0 10.0
725.0 1124.0 20.0 10.0
1595.0 937.0 20.0 10.0
709.0 1276.0 20.0 10.0
1376.0 963.0 20.0 10.0
49.0 1594.0 20.0 10.0
1603.0 1006.0 20.0 10.0
1631.0 1018.0 20.0 10.0
1210.0 566.0 20.0 10.0
981.0 664.0 20.0 10.0
1446.0 1097.0 20.0 10.0
1219.0 196.0 20.0 10.0
1074.0 798.0 20.0 10.0
754.0 1151.0 20.0 10.0
784.0 1031.0 20.0 10.0
1565.0 867.0 20.0 10.0
970.0 717.0 20.0 10.0
76.0 1568.0 20.0 10.0
1462.0 297.0 20.0 10.0
1277.0 434.0 20.0 10.0
531.0 1107.0 20.0 10.0
324.0 1140.0 20.0 10.0
774.0 1072.0 20.0 10.0
1074.0 913.0 20.0 10.0
867.0 716.0 20.0 10.0
1067.0 950.0 20.0 10.0
1519.0 968.0 20.0 10.0
1014.0 807.0 20.0 10.0
1634.0 943.0 20.0 10.0
1530.0 279.0 20.0 10.0
973.0 667.0 20.0 10.0
824.0 1133.0 20.0 10.0
1196.0 681.0 20.0 10.0
1601.0 171.0 20.0 10.0
789.0 1000.0 20.0 10.0
883.0 1177.0 20.0 10.0
1276.0 177.0 20.0 10.0
1116.0 609.0 20.0 10.0
1038.0 670.0 20.0 10.0
807.0 1047.0 20.0 10.0
1621.0 917.0 20.0 10.0
1277.0 344.0 20.0 10.0
700.0 1297.0 20.0 10.0
1547.0 918.0 20.0 10.0
380.0 1329.0 20.0 10.0
1086.0 646.0 20.0 10.0
755.0 1120.0 20.0 10.0
1009.0 817.0 20.0 10.0
1098.0 905.0 20.0 10.0
904.0 794.0 20.0 10.0
840.0 715.0 20.0 10.0
927.0 621.0 20.0 10.0
978.0 840.0 20.0 10.0
1284.0 450.0 20.0 10.0
1138.0 599.0 20.0 10.0
1241.0 938.0 20.0 10.0
1226.0 576.0 20.0 10.0
1251.0 547.0 20.0 10.0
1332.0 85.0 20.0 10.0
753.0 1109.0 20.0 10.0
778.0 1025.0 20.0 10.0
1235.0 233.0 20.0 10.0
1508.0 244.0 20.0 10.0
1234.0 709.0 20.0 10.0
974.0 656.0 20.0 10.0
1249.0 457.0 20.0 10.0
811.0 1137.0 20.0 10.0
350.0 1329.0 20.0 10.0
787.0 1115.0 20.0 10.0
849.0 745.0 20.0 10.0
1543.0 216.0 20.0 10.0
1275.0 141.0 20.0 10.0
1282.0 135.0 20.0 10.0
1069.0 855.0 20.0 10.0
342.0 1335.0 20.0 10.0
1373.0 960.0 20.0 10.0
1243.0 698.0 20.0 10.0
1306.0 91.0 20.0 10.0
1220.0 336.0 20.0 10.0
1333.0 863.0 20.0 10.0
497.0 1104.0 20.0 10.0
911.0 593.0 20.0 10.0
306.0 1400.0 20.0 10.0
232.0 1406.0 20.0 10.0
1583.0 173.0 20.0 10.0
310.0 1358.0 20.0 10.0
630.0 1072.0 20.0 10.0
1612.0 994.0 20.0 10.0
292.0 1516.0 20.0 10.0
325.0 1467.0 20.0 10.0
1292.0 105.0 20.0 10.0
1268.0 220.0 20.0 10.0
824.0 1024.0 20.0 10.0
901.0 577.0 20.0 10.0
975.0 628.0 20.0 10.0
236.0 1439.0 20.0 10.0
1559.0 995.0 20.0 10.0
865.0 1068.0 20.0 10.0
1400.0 1123.0 20.0 10.0
105.0 1523.0 20.0 10.0
847.0 694.0 20.0 10.0
1483.0 274.0 20.0 10.0
541.0 1202.0 20.0 10.0
804.0 1126.0 20.0 10.0
1230.0 742.0 20.0 10.0
1354.0 863.0 20.0 10.0
1298.0 156.0 20.0 10.0
1291.0 331.0 20.0 10.0
1285.0 335.0 20.0 10.0
1001.0 804.0 20.0 10.0
407.0 1118.0 20.0 10.0
741.0 1286.0 20.0 10.0
900.0 604.0 20.0 10.0
1178.0 443.0 20.0 10.0
1277.0 220.0 20.0 10.0
1584.0 163.0 20.0 10.0
993.0 612.0 20.0 10.0
1094.0 638.0 20.0 10.0
1601.0 137.0 20.0 10.0
919.0 1034.0 20.0 10.0
884.0 1203.0 20.0 10.0
1066.0 722.0 20.0 10.0
1245.0 539.0 20.0 10.0
1340.0 53.0 20.0 10.0
810.0 1075.0 20.0 10.0
1337.0 1006.0 20.0 10.0
1262.0 463.0 20.0 10.0
345.0 1125.0 20.0 10.0
392.0 1390.0 20.0 10.0
641.0 1112.0 20.0 10.0
927.0 593.0 20.0 10.0
1171.0 447.0 20.0 10.0
888.0 991.0 20.0 10.0
1101.0 737.0 20.0 10.0
432.0 1093.0 20.0 10.0
1129.0 254.0 20.0 10.0
905.0 744.0 20.0 10.0
454.0 1259.0 20.0 10.0
1156.0 375.0 20.0 10.0
1242.0 533.0 20.0 10.0
78.0 1537.0 20.0 10.0
522.0 1236.0 20.0 10.0
1163.0 511.0 20.0 10.0
1342.0 25.0 20.0 10.0
1258.0 970.0 20.0 10.0
1105.0 606.0 20.0 10.0
68.0 1547.0 20.0 10.0
1129.0 229.0 20.0 10.0
82.0 1547.0 20.0 10.0
735.0 1309.0 20.0 10.0
892.0 1132.0 20.0 10.0
612.0 1074.0 20.0 10.0
953.0 636.0 20.0 10.0
869.0 975.0 20.0 10.0
1392.0 969.0 20.0 10.0
1608.0 222.0 20.0 10.0
1171.0 728.0 20.0 10.0
1268.0 714.0 20.0 10.0
1362.0 1100.0 20.0 10.0
1004.0 724.0 20.0 10.0
885.0 717.0 20.0 10.0
735.0 1220.0 20.0 10.0
826.0 909.0 20.0 10.0
360.0 1341.0 20.0 10.0
235.0 1392.0 20.0 10.0
882.0 710.0 20.0 10.0
1143.0 840.0 20.0 10.0
1486.0 952.0 20.0 10.0
873.0 1042.0 20.0 10.0
548.0 1209.0 20.0 10.0
307.0 1142.0 20.0 10.0
1157.0 342.0 20.0 10.0
314.0 1369.0 20.0 10.0
1431.0 929.0 20.0 10.0
1184.0 720.0 20.0 10.0
1241.0 367.0 20.0 10.0
1479.0 950.0 20.0 10.0
902.0 1007.0 20.0 10.0
1154.0 612.0 20.0 10.0
1609.0 158.0 20.0 10.0
90.0 1538.0 20.0 10.0
1642.0 921.0 20.0 10.0
464.0 1280.0 20.0 10.0
1502.0 903.0 20.0 10.0
740.0 1141.0 20.0 10.0
843.0 997.0 20.0 10.0
913.0 739.0 20.0 10.0
972.0 623.0 20.0 10.0
978.0 613.0 20.0 10.0
1281.0 428.0 20.0 10.0
1117.0 583.0 20.0 10.0
1166.0 407.0 20.0 10.0
912.0 1004.0 20.0 10.0
1090.0 800.0 20.0 10.0
657.0 1114.0 20.0 10.0
1627.0 160.0 20.0 10.0
759.0 1029.0 20.0 10.0
1163.0 314.0 20.0 10.0
1011.0 692.0 20.0 10.0
1311.0 245.0 20.0 10.0
1300.0 708.0 20.0 10.0
847.0 1039.0 20.0 10.0
730.0 1234.0 20.0 10.0
1611.0 210.0 20.0 10.0
1397.0 1110.0 20.0 10.0
315.0 1131.0 20.0 10.0
325.0 1348.0 20.0 10.0
1197.0 700.0 20.0 10.0
1533.0 286.0 20.0 10.0
59.0 1593.0 20.0 10.0
1394.0 963.0 20.0 10.0
1086.0 718.0 20.0 10.0
972.0 593.0 20.0 10.0
1213.0 681.0 20.0 10.0
1263.0 222.0 20.0 10.0
733.0 1131.0 20.0 10.0
1218.0 204.0 20.0 10.0
1485.0 263.0 20.0 10.0
1647.0 920.0 20.0 10.0
290.0 1400.0 20.0 10.0
199.0 1629.0 20.0 10.0
895.0 1200.0 20.0 10.0
1512.0 976.0 20.0 10.0
201.0 1621.0 20.0 10.0
232.0 1401.0 20.0 10.0
749.0 1185.0 20.0 10.0
902.0 1155.0 20.0 10.0
1668.0 952.0 20.0 10.0
867.0 991.0 20.0 10.0
222.0 1590.0 20.0 10.0
992.0 855.0 20.0 10.0
1235.0 339.0 20.0 10.0
874.0 773.0 20.0 10.0
591.0 1084.0 20.0 10.0
1304.0 307.0 20.0 10.0
1264.0 692.0 20.0 10.0
1437.0 1107.0 20.0 10.0
1149.0 439.0 20.0 10.0
1062.0 753.0 20.0 10.0
1194.0 719.0 20.0 10.0
1287.0 435.0 20.0 10.0
884.0 1224.0 20.0 10.0
218.0 1448.0 20.0 10.0
1332.0 220.0 20.0 10.0
895.0 570.0 20.0 10.0
1219.0 175.0 20.0 10.0
830.0 684.0 20.0 10.0
426.0 1275.0 20.0 10.0
1203.0 880.0 20.0 10.0
1300.0 937.0 20.0 10.0
509.0 1109.0 20.0 10.0
1023.0 800.0 20.0 10.0
1297.0 1042.0 20.0 10.0
1292.0 78.0 20.0 10.0
1098.0 882.0 20.0 10.0
1376.0 1142.0 20.0 10.0
939.0 822.0 20.0 10.0
324.0 1120.0 20.0 10.0
1292.0 680.0 20.0 10.0
1134.0 263.0 20.0 10.0
872.0 1194.0 20.0 10.0
1210.0 470.0 20.0 10.0
1231.0 283.0 20.0 10.0
1307.0 416.0 20.0 10.0
964.0 616.0 20.0 10.0
808.0 1171.0 20.0 10.0
1350.0 395.0 20.0 10.0
885.0 1243.0 20.0 10.0
1568.0 963.0 20.0 10.0
1642.0 149.0 20.0 10.0
1328.0 224.0 20.0 10.0
1121.0 619.0 20.0 10.0
1371.0 953.0 20.0 10.0
1234.0 301.0 20.0 10.0
1498.0 239.0 20.0 10.0
1151.0 316.0 20.0 10.0
1040.0 675.0 20.0 10.0
384.0 1325.0 20.0 10.0
966.0 571.0 20.0 10.0
852.0 758.0 20.0 10.0
1654.0 132.0 20.0 10.0
881.0 1266.0 20.0 10.0
995.0 870.0 20.0 10.0
901.0 1015.0 20.0 10.0
1394.0 1082.0 20.0 10.0
1315.0 154.0 20.0 10.0
819.0 1160.0 20.0 10.0
1689.0 969.0 20.0 10.0
792.0 1081.0 20.0 10.0
320.0 1133.0 20.0 10.0
440.0 1308.0 20.0 10.0
1224.0 719.0 20.0 10.0
779.0 1107.0 20.0 10.0
1096.0 899.0 20.0 10.0
1092.0 865.0 20.0 10.0
1223.0 667.0 20.0 10.0
1580.0 905.0 20.0 10.0
455.0 1309.0 20.0 10.0
1584.0 915.0 20.0 10.0
1635.0 198.0 20.0 10.0
799.0 1071.0 20.0 10.0
1369.0 37.0 20.0 10.0
286.0 1379.0 20.0 10.0
775.0 999.0 20.0 10.0
25.0 1607.0 20.0 10.0
907.0 1192.0 20.0 10.0
1600.0 181.0 20.0 10.0
998.0 710.0 20.0 10.0
1314.0 93.0 20.0 10.0
1141.0 752.0 20.0 10.0
1308.0 941.0 20.0 10.0
73.0 1554.0 20.0 10.0
853.0 696.0 20.0 10.0
113.0 1529.0 20.0 10.0
1150.0 404.0 20.0 10.0
1393.0 1105.0 20.0 10.0
882.0 580.0 20.0 10.0
1133.0 298.0 20.0 10.0
275.0 1411.0 20.0 10.0
903.0 1036.0 20.0 10.0
1518.0 262.0 20.0 10.0
1658.0 919.0 20.0 10.0
1306.0 98.0 20.0 10.0
893.0 1152.0 20.0 10.0
1179.0 422.0 20.0 10.0
1221.0 883.0 20.0 10.0
1078.0 770.0 20.0 10.0
383.0 1394.0 20.0 10.0
1095.0 840.0 20.0 10.0
1382.0 1098.0 20.0 10.0
725.0 1303.0 20.0 10.0
1376.0 936.0 20.0 10.0
1216.0 721.0 20.0 10.0
1060.0 717.0 20.0 10.0
537.0 1106.0 20.0 10.0
870.0 1006.0 20.0 10.0
1019.0 658.0 20.0 10.0
619.0 1128.0 20.0 10.0
1069.0 728.0 20.0 10.0
202.0 1427.0 20.0 10.0
1069.0 709.0 20.0 10.0
1222.0 566.0 20.0 10.0
794.0 970.0 20.0 10.0
1208.0 235.0 20.0 10.0
1476.0 310.0 20.0 10.0
1267.0 345.0 20.0 10.0
1190.0 832.0 20.0 10.0
1145.0 382.0 20.0 10.0
1276.0 103.0 20.0 10.0
1295.0 698.0 20.0 10.0
907.0 711.0 20.0 10.0
333.0 1132.0 20.0 10.0
918.0 819.0 20.0 10.0
1182.0 833.0 20.0 10.0
1308.0 257.0 20.0 10.0
1594.0 214.0 20.0 10.0
924.0 1057.0 20.0 10.0
1628.0 986.0 20.0 10.0
851.0 740.0 20.0 10.0
1195.0 707.0 20.0 10.0
1242.0 923.0 20.0 10.0
80.0 1561.0 20.0 10.0
1165.0 727.0 20.0 10.0
253.0 1439.0 20.0 10.0
1282.0 199.0 20.0 10.0
1416.0 1128.0 20.0 10.0
959.0 572.0 20.0 10.0
433.0 1291.0 20.0 10.0
1536.0 976.0 20.0 10.0
1694.0 958.0 20.0 10.0
1228.0 305.0 20.0 10.0
1653.0 1028.0 20.0 10.0
1314.0 316.0 20.0 10.0
817.0 678.0 20.0 10.0
782.0 1049.0 20.0 10.0
442.0 1119.0 20.0 10.0
1017.0 784.0 20.0 10.0
837.0 985.0 20.0 10.0
725.0 1278.0 20.0 10.0
1333.0 950.0 20.0 10.0
1584.0 922.0 20.0 10.0
52.0 1538.0 20.0 10.0
1294.0 405.0 20.0 10.0
871.0 1152.0 20.0 10.0
1263.0 927.0 20.0 10.0
1300.0 992.0 20.0 10.0
1220.0 232.0 20.0 10.0
323.0 1472.0 20.0 10.0
1317.0 51.0 20.0 10.0
1290.0 444.0 20.0 10.0
1188.0 860.0 20.0 10.0
1027.0 631.0 20.0 10.0
1351.0 231.0 20.0 10.0
1126.0 583.0 20.0 10.0
1303.0 136.0 20.0 10.0
1265.0 947.0 20.0 10.0
835.0 688.0 20.0 10.0
950.0 607.0 20.0 10.0
865.0 1174.0 20.0 10.0
711.0 1266.0 20.0 10.0
1605.0 977.0 20.0 10.0
799.0 913.0 20.0 10.0
1195.0 674.0 20.0 10.0
1358.0 207.0 20.0 10.0
995.0 671.0 20.0 10.0
1267.0 439.0 20.0 10.0
1101.0 768.0 20.0 10.0
1375.0 1105.0 20.0 10.0
632.0 1095.0 20.0 10.0
974.0 695.0 20.0 10.0
630.0 1079.0 20.0 10.0
813.0 946.0 20.0 10.0
945.0 743.0 20.0 10.0
1235.0 570.0 20.0 10.0
253.0 1378.0 20.0 10.0
1274.0 262.0 20.0 10.0
394.0 1313.0 20.0 10.0
723.0 1154.0 20.0 10.0
1281.0 964.0 20.0 10.0
1294.0 143.0 20.0 10.0
361.0 1414.0 20.0 10.0
1569.0 921.0 20.0 10.0
859.0 1088.0 20.0 10.0
802.0 1194.0 20.0 10.0
1145.0 604.0 20.0 10.0
1312.0 65.0 20.0 10.0
1442.0 1087.0 20.0 10.0
1074.0 700.0 20.0 10.0
1336.0 929.0 20.0 10.0
753.0 1087.0 20.0 10.0
853.0 971.0 20.0 10.0
1268.0 147.0 20.0 10.0
909.0 819.0 20.0 10.0
1119.0 826.0 20.0 10.0
743.0 1028.0 20.0 10.0
1157.0 782.0 20.0 10.0
762.0 1227.0 20.0 10.0
1160.0 443.0 20.0 10.0
1311.0 447.0 20.0 10.0
1283.0 701.0 20.0 10.0
1110.0 579.0 20.0 10.0
660.0 1073.0 20.0 10.0
380.0 1375.0 20.0 10.0
963.0 649.0 20.0 10.0
85.0 1570.0 20.0 10.0
1346.0 181.0 20.0 10.0
49.0 1568.0 20.0 10.0
1098.0 922.0 20.0 10.0
915.0 713.0 20.0 10.0
1271.0 111.0 20.0 10.0
1460.0 938.0 20.0 10.0
1270.0 991.0 20.0 10.0
808.0 1197.0 20.0 10.0
1668.0 1035.0 20.0 10.0
1126.0 725.0 20.0 10.0
1436.0 1142.0 20.0 10.0
891.0 709.0 20.0 10.0
870.0 735.0 20.0 10.0
1123.0 232.0 20.0 10.0
1320.0 65.0 20.0 10.0
891.0 692.0 20.0 10.0
896.0 1259.0 20.0 10.0
372.0 1422.0 20.0 10.0
984.0 578.0 20.0 10.0
1191.0 876.0 20.0 10.0
246.0 1433.0 20.0 10.0
1343.0 111.0 20.0 10.0
751.0 1146.0 20.0 10.0
1322.0 27.0 20.0 10.0
853.0 1063.0 20.0 10.0
1023.0 793.0 20.0 10.0
770.0 1142.0 20.0 10.0
1412.0 1072.0 20.0 10.0
1309.0 676.0 20.0 10.0
1625.0 1015.0 20.0 10.0
896.0 1008.0 20.0 10.0
1612.0 952.0 20.0 10.0
391.0 1379.0 20.0 10.0
739.0 1020.0 20.0 10.0
1135.0 241.0 20.0 10.0
955.0 547.0 20.0 10.0
851.0 771.0 20.0 10.0
1287.0 149.0 20.0 10.0
1008.0 618.0 20.0 10.0
1273.0 76.0 20.0 10.0
913.0 1147.0 20.0 10.0
1336.0 1058.0 20.0 10.0
1382.0 1166.0 20.0 10.0
1560.0 190.0 20.0 10.0
1376.0 1048.0 20.0 10.0
413.0 1108.0 20.0 10.0
1238.0 677.0 20.0 10.0
1108.0 652.0 20.0 10.0
1022.0 839.0 20.0 10.0
1563.0 195.0 20.0 10.0
1640.0 991.0 20.0 10.0
1249.0 740.0 20.0 10.0
1159.0 848.0 20.0 10.0
1287.0 680.0 20.0 10.0
1001.0 613.0 20.0 10.0
1016.0 670.0 20.0 10.0
1263.0 558.0 20.0 10.0
1604.0 205.0 20.0 10.0
417.0 1326.0 20.0 10.0
1154.0 291.0 20.0 10.0
1513.0 960.0 20.0 10.0
1023.0 630.0 20.0 10.0
1499.0 294.0 20.0 10.0
884.0 752.0 20.0 10.0
1223.0 281.0 20.0 10.0
1300.0 716.0 20.0 10.0
297.0 1493.0 20.0 10.0
673.0 1073.0 20.0 10.0
1626.0 191.0 20.0 10.0
1522.0 903.0 20.0 10.0
938.0 1040.0 20.0 10.0
861.0 698.0 20.0 10.0
966.0 548.0 20.0 10.0
1611.0 146.0 20.0 10.0
786.0 951.0 20.0 10.0
365.0 1348.0 20.0 10.0
956.0 654.0 20.0 10.0
1321.0 247.0 20.0 10.0
873.0 559.0 20.0 10.0
1533.0 932.0 20.0 10.0
1036.0 652.0 20.0 10.0
501.0 1253.0 20.0 10.0
1472.0 885.0 20.0 10.0
916.0 1167.0 20.0 10.0
911.0 718.0 20.0 10.0
1315.0 430.0 20.0 10.0
1210.0 395.0 20.0 10.0
756.0 1001.0 20.0 10.0
1607.0 907.0 20.0 10.0
1450.0 900.0 20.0 10.0
1620.0 921.0 20.0 10.0
825.0 1153.0 20.0 10.0
1189.0 423.0 20.0 10.0
1330.0 1015.0 20.0 10.0
1261.0 702.0 20.0 10.0
40.0 1559.0 20.0 10.0
1628.0 208.0 20.0 10.0
1598.0 132.0 20.0 10.0
1134.0 638.0 20.0 10.0
311.0 1344.0 20.0 10.0
187.0 1654.0 20.0 10.0
1012.0 715.0 20.0 10.0
1285.0 541.0 20.0 10.0
202.0 1417.0 20.0 10.0
1194.0 820.0 20.0 10.0
840.0 963.0 20.0 10.0
1336.0 134.0 20.0 10.0
294.0 1131.0 20.0 10.0
1586.0 865.0 20.0 10.0
1176.0 416.0 20.0 10.0
55.0 1577.0 20.0 10.0
1321.0 698.0 20.0 10.0
1401.0 1158.0 20.0 10.0
1194.0 793.0 20.0 10.0
1368.0 1056.0 20.0 10.0
736.0 1213.0 20.0 10.0
501.0 1114.0 20.0 10.0
936.0 632.0 20.0 10.0
1252.0 336.0 20.0 10.0
1342.0 137.0 20.0 10.0
913.0 761.0 20.0 10.0
