1000
1291.0 2165.0 20.0 10.0
1306.0 2074.0 20.0 10.0
1245.0 2106.0 20.0 10.0
891.0 2622.0 20.0 10.0
508.0 2503.0 20.0 10.0
963.0 1985.0 20.0 10.0
983.0 1987.0 20.0 10.0
298.0 1593.0 20.0 10.0
311.0 1569.0 20.0 10.0
334.0 1581.0 20.0 10.0
383.0 1574.0 20.0 10.0
1050.0 1963.0 20.0 10.0
1059.0 1970.0 20.0 10.0
1070.0 1979.0 20.0 10.0
1093.0 1988.0 20.0 10.0
1918.0 1362.0 20.0 10.0
1034.0 1755.0 20.0 10.0
1060.0 1763.0 20.0 10.0
242.0 1473.0 20.0 10.0
266.0 1467.0 20.0 10.0
298.0 1461.0 20.0 10.0
334.0 1449.0 20.0 10.0
376.0 1467.0 20.0 10.0
432.0 1487.0 20.0 10.0
172.0 1630.0 20.0 10.0
188.0 1625.0 20.0 10.0
292.0 1675.0 20.0 10.0
299.0 1667.0 20.0 10.0
312.0 1655.0 20.0 10.0
2141.0 1507.0 20.0 10.0
2131.0 1532.0 20.0 10.0
3766.0 26.0 20.0 10.0
3759.0 49.0 20.0 10.0
3745.0 62.0 20.0 10.0
3725.0 76.0 20.0 10.0
2802.0 772.0 20.0 10.0
2778.0 793.0 20.0 10.0
231.0 1005.0 20.0 10.0
422.0 1455.0 20.0 10.0
428.0 1462.0 20.0 10.0
2478.0 814.0 20.0 10.0
2486.0 862.0 20.0 10.0
2492.0 913.0 20.0 10.0
2492.0 966.0 20.0 10.0
80.0 1595.0 20.0 10.0
2683.0 603.0 20.0 10.0
325.0 1142.0 20.0 10.0
344.0 1144.0 20.0 10.0
1977.0 1293.0 20.0 10.0
492.0 2530.0 20.0 10.0
1234.0 3015.0 20.0 10.0
1007.0 2461.0 20.0 10.0
246.0 1604.0 20.0 10.0
287.0 1592.0 20.0 10.0
2453.0 696.0 20.0 10.0
2457.0 706.0 20.0 10.0
1954.0 1308.0 20.0 10.0
2688.0 571.0 20.0 10.0
2684.0 596.0 20.0 10.0
382.0 1069.0 20.0 10.0
204.0 1089.0 20.0 10.0
3313.0 410.0 20.0 10.0
3289.0 414.0 20.0 10.0
3271.0 418.0 20.0 10.0
2375.0 347.0 20.0 10.0
2378.0 367.0 20.0 10.0
2113.0 1251.0 20.0 10.0
2797.0 776.0 20.0 10.0
2910.0 724.0 20.0 10.0
2881.0 738.0 20.0 10.0
2850.0 761.0 20.0 10.0
3602.0 165.0 20.0 10.0
319.0 1652.0 20.0 10.0
343.0 1059.0 20.0 10.0
344.0 1086.0 20.0 10.0
625.0 2910.0 20.0 10.0
193.0 1032.0 20.0 10.0
221.0 1030.0 20.0 10.0
2540.0 891.0 20.0 10.0
2615.0 1839.0 20.0 10.0
2967.0 691.0 20.0 10.0
765.0 1479.0 20.0 10.0
793.0 1477.0 20.0 10.0
813.0 1499.0 20.0 10.0
2283.0 1606.0 20.0 10.0
2255.0 1606.0 20.0 10.0
2206.0 1581.0 20.0 10.0
759.0 2301.0 20.0 10.0
772.0 2299.0 20.0 10.0
705.0 2295.0 20.0 10.0
741.0 1346.0 20.0 10.0
1210.0 3522.0 20.0 10.0
1203.0 3499.0 20.0 10.0
1210.0 3472.0 20.0 10.0
1255.0 2078.0 20.0 10.0
1150.0 2012.0 20.0 10.0
749.0 2832.0 20.0 10.0
774.0 2817.0 20.0 10.0
835.0 2687.0 20.0 10.0
860.0 2659.0 20.0 10.0
912.0 2585.0 20.0 10.0
968.0 2507.0 20.0 10.0
3334.0 815.0 20.0 10.0
620.0 2878.0 20.0 10.0
645.0 2871.0 20.0 10.0
670.0 2862.0 20.0 10.0
689.0 2840.0 20.0 10.0
712.0 2819.0 20.0 10.0
746.0 2801.0 20.0 10.0
783.0 2782.0 20.0 10.0
2691.0 677.0 20.0 10.0
2666.0 723.0 20.0 10.0
2920.0 753.0 20.0 10.0
2903.0 754.0 20.0 10.0
2891.0 757.0 20.0 10.0
2875.0 771.0 20.0 10.0
2852.0 786.0 20.0 10.0
712.0 1392.0 20.0 10.0
1091.0 2219.0 20.0 10.0
2823.0 481.0 20.0 10.0
2809.0 507.0 20.0 10.0
2790.0 535.0 20.0 10.0
2765.0 564.0 20.0 10.0
1057.0 2022.0 20.0 10.0
1084.0 2037.0 20.0 10.0
1021.0 1581.0 20.0 10.0
1047.0 1586.0 20.0 10.0
2798.0 188.0 20.0 10.0
2780.0 208.0 20.0 10.0
2503.0 1723.0 20.0 10.0
246.0 1090.0 20.0 10.0
426.0 2568.0 20.0 10.0
1129.0 2166.0 20.0 10.0
1076.0 2198.0 20.0 10.0
973.0 1572.0 20.0 10.0
2495.0 935.0 20.0 10.0
2489.0 960.0 20.0 10.0
2480.0 983.0 20.0 10.0
3281.0 716.0 20.0 10.0
3259.0 722.0 20.0 10.0
3233.0 747.0 20.0 10.0
3169.0 766.0 20.0 10.0
196.0 1066.0 20.0 10.0
2447.0 669.0 20.0 10.0
617.0 2978.0 20.0 10.0
630.0 2950.0 20.0 10.0
2507.0 889.0 20.0 10.0
2524.0 910.0 20.0 10.0
1179.0 3516.0 20.0 10.0
1237.0 2793.0 20.0 10.0
2836.0 840.0 20.0 10.0
2791.0 814.0 20.0 10.0
2762.0 826.0 20.0 10.0
2735.0 855.0 20.0 10.0
2385.0 481.0 20.0 10.0
2072.0 1504.0 20.0 10.0
1252.0 2610.0 20.0 10.0
3585.0 179.0 20.0 10.0
3574.0 186.0 20.0 10.0
3544.0 208.0 20.0 10.0
3513.0 231.0 20.0 10.0
36.0 1644.0 20.0 10.0
666.0 2969.0 20.0 10.0
668.0 2939.0 20.0 10.0
684.0 2912.0 20.0 10.0
710.0 2878.0 20.0 10.0
2764.0 231.0 20.0 10.0
576.0 2475.0 20.0 10.0
3446.0 278.0 20.0 10.0
147.0 1588.0 20.0 10.0
169.0 1608.0 20.0 10.0
3253.0 378.0 20.0 10.0
264.0 1425.0 20.0 10.0
2468.0 747.0 20.0 10.0
232.0 1461.0 20.0 10.0
3360.0 706.0 20.0 10.0
717.0 2869.0 20.0 10.0
732.0 2837.0 20.0 10.0
789.0 2354.0 20.0 10.0
746.0 2378.0 20.0 10.0
705.0 2402.0 20.0 10.0
666.0 2426.0 20.0 10.0
1241.0 3290.0 20.0 10.0
1190.0 2153.0 20.0 10.0
1256.0 2662.0 20.0 10.0
1942.0 1361.0 20.0 10.0
1331.0 2084.0 20.0 10.0
1020.0 2182.0 20.0 10.0
2358.0 1080.0 20.0 10.0
1654.0 1626.0 20.0 10.0
1641.0 1607.0 20.0 10.0
1623.0 1594.0 20.0 10.0
207.0 1474.0 20.0 10.0
1263.0 3277.0 20.0 10.0
1264.0 3263.0 20.0 10.0
2751.0 303.0 20.0 10.0
2757.0 327.0 20.0 10.0
605.0 1402.0 20.0 10.0
2708.0 651.0 20.0 10.0
568.0 2441.0 20.0 10.0
593.0 2432.0 20.0 10.0
404.0 1573.0 20.0 10.0
3259.0 729.0 20.0 10.0
1034.0 2158.0 20.0 10.0
1237.0 2890.0 20.0 10.0
1171.0 2151.0 20.0 10.0
1291.0 3289.0 20.0 10.0
1273.0 3283.0 20.0 10.0
2702.0 1052.0 20.0 10.0
2717.0 1935.0 20.0 10.0
236.0 1420.0 20.0 10.0
330.0 1054.0 20.0 10.0
339.0 1080.0 20.0 10.0
348.0 1110.0 20.0 10.0
369.0 1132.0 20.0 10.0
1252.0 2574.0 20.0 10.0
1252.0 2541.0 20.0 10.0
3279.0 333.0 20.0 10.0
3275.0 351.0 20.0 10.0
3262.0 368.0 20.0 10.0
3236.0 386.0 20.0 10.0
3499.0 697.0 20.0 10.0
2013.0 1486.0 20.0 10.0
1988.0 1501.0 20.0 10.0
1928.0 1484.0 20.0 10.0
2981.0 808.0 20.0 10.0
2802.0 215.0 20.0 10.0
2798.0 242.0 20.0 10.0
2687.0 565.0 20.0 10.0
834.0 2329.0 20.0 10.0
2331.0 1632.0 20.0 10.0
2303.0 1630.0 20.0 10.0
1082.0 1836.0 20.0 10.0
581.0 3010.0 20.0 10.0
603.0 3001.0 20.0 10.0
2508.0 995.0 20.0 10.0
2482.0 996.0 20.0 10.0
914.0 2245.0 20.0 10.0
2384.0 413.0 20.0 10.0
2932.0 853.0 20.0 10.0
1347.0 2077.0 20.0 10.0
1092.0 1858.0 20.0 10.0
1078.0 1882.0 20.0 10.0
1093.0 1909.0 20.0 10.0
1131.0 2179.0 20.0 10.0
860.0 2334.0 20.0 10.0
866.0 2319.0 20.0 10.0
315.0 1592.0 20.0 10.0
299.0 1113.0 20.0 10.0
600.0 2466.0 20.0 10.0
2787.0 1960.0 20.0 10.0
2777.0 1091.0 20.0 10.0
628.0 2966.0 20.0 10.0
2498.0 833.0 20.0 10.0
3373.0 810.0 20.0 10.0
2773.0 1932.0 20.0 10.0
2750.0 1931.0 20.0 10.0
3284.0 806.0 20.0 10.0
3273.0 800.0 20.0 10.0
542.0 2484.0 20.0 10.0
1255.0 2482.0 20.0 10.0
1108.0 2010.0 20.0 10.0
1112.0 2038.0 20.0 10.0
3237.0 401.0 20.0 10.0
3215.0 412.0 20.0 10.0
1598.0 1590.0 20.0 10.0
3042.0 872.0 20.0 10.0
3019.0 869.0 20.0 10.0
2999.0 865.0 20.0 10.0
2980.0 861.0 20.0 10.0
2957.0 857.0 20.0 10.0
679.0 1353.0 20.0 10.0
691.0 1372.0 20.0 10.0
543.0 1306.0 20.0 10.0
3481.0 254.0 20.0 10.0
519.0 1285.0 20.0 10.0
2477.0 992.0 20.0 10.0
2456.0 1010.0 20.0 10.0
2339.0 1101.0 20.0 10.0
2638.0 772.0 20.0 10.0
2605.0 849.0 20.0 10.0
2689.0 535.0 20.0 10.0
2688.0 550.0 20.0 10.0
1263.0 2338.0 20.0 10.0
1266.0 2324.0 20.0 10.0
838.0 2691.0 20.0 10.0
210.0 1092.0 20.0 10.0
233.0 1094.0 20.0 10.0
1126.0 2287.0 20.0 10.0
1151.0 2256.0 20.0 10.0
1299.0 2039.0 20.0 10.0
1277.0 2039.0 20.0 10.0
1161.0 2168.0 20.0 10.0
1140.0 2163.0 20.0 10.0
204.0 1447.0 20.0 10.0
929.0 2278.0 20.0 10.0
881.0 2304.0 20.0 10.0
2825.0 841.0 20.0 10.0
2800.0 843.0 20.0 10.0
1225.0 3167.0 20.0 10.0
1233.0 3131.0 20.0 10.0
2742.0 366.0 20.0 10.0
2731.0 409.0 20.0 10.0
2721.0 458.0 20.0 10.0
260.0 1099.0 20.0 10.0
284.0 1109.0 20.0 10.0
2677.0 1890.0 20.0 10.0
2654.0 1872.0 20.0 10.0
2629.0 1852.0 20.0 10.0
2601.0 1830.0 20.0 10.0
2573.0 1808.0 20.0 10.0
2540.0 1784.0 20.0 10.0
2505.0 1760.0 20.0 10.0
2468.0 1735.0 20.0 10.0
789.0 1540.0 20.0 10.0
2352.0 1024.0 20.0 10.0
2359.0 1041.0 20.0 10.0
1278.0 3328.0 20.0 10.0
2853.0 425.0 20.0 10.0
2847.0 435.0 20.0 10.0
2836.0 457.0 20.0 10.0
1870.0 1413.0 20.0 10.0
1258.0 2883.0 20.0 10.0
3418.0 290.0 20.0 10.0
1210.0 3544.0 20.0 10.0
1210.0 3560.0 20.0 10.0
2584.0 960.0 20.0 10.0
2382.0 396.0 20.0 10.0
194.0 1412.0 20.0 10.0
429.0 1205.0 20.0 10.0
1180.0 3484.0 20.0 10.0
780.0 2360.0 20.0 10.0
1254.0 2647.0 20.0 10.0
1252.0 2620.0 20.0 10.0
1252.0 2583.0 20.0 10.0
1611.0 1615.0 20.0 10.0
1274.0 2088.0 20.0 10.0
210.0 1600.0 20.0 10.0
230.0 1607.0 20.0 10.0
3271.0 743.0 20.0 10.0
2623.0 883.0 20.0 10.0
2601.0 904.0 20.0 10.0
2570.0 927.0 20.0 10.0
1934.0 1386.0 20.0 10.0
1074.0 1602.0 20.0 10.0
1177.0 1634.0 20.0 10.0
2841.0 768.0 20.0 10.0
2817.0 789.0 20.0 10.0
2772.0 813.0 20.0 10.0
2727.0 842.0 20.0 10.0
3064.0 563.0 20.0 10.0
874.0 2370.0 20.0 10.0
849.0 2362.0 20.0 10.0
855.0 2349.0 20.0 10.0
567.0 1269.0 20.0 10.0
573.0 1292.0 20.0 10.0
574.0 1309.0 20.0 10.0
620.0 1343.0 20.0 10.0
664.0 1381.0 20.0 10.0
709.0 1422.0 20.0 10.0
758.0 1462.0 20.0 10.0
1217.0 2166.0 20.0 10.0
526.0 1291.0 20.0 10.0
104.0 1304.0 20.0 10.0
193.0 1416.0 20.0 10.0
221.0 1418.0 20.0 10.0
3233.0 443.0 20.0 10.0
1067.0 1854.0 20.0 10.0
358.0 2611.0 20.0 10.0
377.0 2604.0 20.0 10.0
393.0 2592.0 20.0 10.0
811.0 2731.0 20.0 10.0
3293.0 806.0 20.0 10.0
848.0 2277.0 20.0 10.0
3323.0 744.0 20.0 10.0
1318.0 2072.0 20.0 10.0
1336.0 2050.0 20.0 10.0
1243.0 2794.0 20.0 10.0
1241.0 2769.0 20.0 10.0
1241.0 2739.0 20.0 10.0
420.0 1528.0 20.0 10.0
333.0 2597.0 20.0 10.0
2841.0 447.0 20.0 10.0
1115.0 1933.0 20.0 10.0
1129.0 1966.0 20.0 10.0
1138.0 2000.0 20.0 10.0
652.0 2901.0 20.0 10.0
675.0 2889.0 20.0 10.0
701.0 2864.0 20.0 10.0
1079.0 1805.0 20.0 10.0
1063.0 1815.0 20.0 10.0
1396.0 1872.0 20.0 10.0
2781.0 308.0 20.0 10.0
1115.0 1887.0 20.0 10.0
200.0 1367.0 20.0 10.0
225.0 1378.0 20.0 10.0
253.0 1385.0 20.0 10.0
100.0 1616.0 20.0 10.0
133.0 1609.0 20.0 10.0
2450.0 684.0 20.0 10.0
2460.0 726.0 20.0 10.0
2469.0 770.0 20.0 10.0
1175.0 3364.0 20.0 10.0
1276.0 3302.0 20.0 10.0
1939.0 1276.0 20.0 10.0
1937.0 1292.0 20.0 10.0
2678.0 634.0 20.0 10.0
2660.0 702.0 20.0 10.0
1243.0 2681.0 20.0 10.0
1245.0 2620.0 20.0 10.0
1249.0 2557.0 20.0 10.0
1254.0 2491.0 20.0 10.0
3664.0 119.0 20.0 10.0
2856.0 845.0 20.0 10.0
2828.0 849.0 20.0 10.0
1018.0 1819.0 20.0 10.0
1029.0 1823.0 20.0 10.0
1054.0 1829.0 20.0 10.0
3057.0 580.0 20.0 10.0
3031.0 585.0 20.0 10.0
3005.0 610.0 20.0 10.0
2944.0 658.0 20.0 10.0
3243.0 778.0 20.0 10.0
35.0 1637.0 20.0 10.0
53.0 1635.0 20.0 10.0
73.0 1630.0 20.0 10.0
1252.0 2670.0 20.0 10.0
218.0 1406.0 20.0 10.0
246.0 1412.0 20.0 10.0
272.0 1420.0 20.0 10.0
298.0 1434.0 20.0 10.0
3502.0 199.0 20.0 10.0
3501.0 224.0 20.0 10.0
279.0 1384.0 20.0 10.0
285.0 1409.0 20.0 10.0
1338.0 2014.0 20.0 10.0
1348.0 1980.0 20.0 10.0
1293.0 3368.0 20.0 10.0
258.0 1683.0 20.0 10.0
280.0 1676.0 20.0 10.0
1564.0 1613.0 20.0 10.0
1586.0 1630.0 20.0 10.0
359.0 1613.0 20.0 10.0
3341.0 805.0 20.0 10.0
3317.0 803.0 20.0 10.0
3282.0 799.0 20.0 10.0
3245.0 796.0 20.0 10.0
1298.0 3366.0 20.0 10.0
1530.0 1609.0 20.0 10.0
1539.0 1610.0 20.0 10.0
1000.0 1810.0 20.0 10.0
1193.0 3352.0 20.0 10.0
658.0 2934.0 20.0 10.0
1247.0 3317.0 20.0 10.0
699.0 3059.0 20.0 10.0
701.0 3048.0 20.0 10.0
705.0 3034.0 20.0 10.0
313.0 1670.0 20.0 10.0
1183.0 2074.0 20.0 10.0
46.0 1590.0 20.0 10.0
2700.0 529.0 20.0 10.0
2696.0 570.0 20.0 10.0
1063.0 1744.0 20.0 10.0
1038.0 2183.0 20.0 10.0
1046.0 2178.0 20.0 10.0
1256.0 2453.0 20.0 10.0
1689.0 1639.0 20.0 10.0
1679.0 1635.0 20.0 10.0
1766.0 1544.0 20.0 10.0
1759.0 1565.0 20.0 10.0
1055.0 2043.0 20.0 10.0
2595.0 900.0 20.0 10.0
758.0 2896.0 20.0 10.0
1205.0 3231.0 20.0 10.0
2792.0 270.0 20.0 10.0
842.0 1541.0 20.0 10.0
92.0 1663.0 20.0 10.0
1170.0 2105.0 20.0 10.0
1185.0 2134.0 20.0 10.0
856.0 2676.0 20.0 10.0
873.0 2653.0 20.0 10.0
2398.0 504.0 20.0 10.0
1197.0 2151.0 20.0 10.0
3310.0 810.0 20.0 10.0
1271.0 2285.0 20.0 10.0
2708.0 472.0 20.0 10.0
2705.0 495.0 20.0 10.0
533.0 2498.0 20.0 10.0
555.0 2492.0 20.0 10.0
2812.0 1963.0 20.0 10.0
2554.0 1792.0 20.0 10.0
762.0 2253.0 20.0 10.0
1291.0 3347.0 20.0 10.0
1286.0 3330.0 20.0 10.0
1280.0 3309.0 20.0 10.0
640.0 2981.0 20.0 10.0
651.0 2951.0 20.0 10.0
1626.0 1584.0 20.0 10.0
2643.0 1022.0 20.0 10.0
297.0 1370.0 20.0 10.0
300.0 1395.0 20.0 10.0
3352.0 707.0 20.0 10.0
3328.0 717.0 20.0 10.0
424.0 1196.0 20.0 10.0
1652.0 1563.0 20.0 10.0
25.0 1635.0 20.0 10.0
2726.0 1070.0 20.0 10.0
943.0 2256.0 20.0 10.0
3493.0 243.0 20.0 10.0
3469.0 254.0 20.0 10.0
2728.0 1063.0 20.0 10.0
3390.0 704.0 20.0 10.0
3628.0 144.0 20.0 10.0
323.0 2601.0 20.0 10.0
1182.0 3369.0 20.0 10.0
1054.0 2036.0 20.0 10.0
1067.0 2039.0 20.0 10.0
765.0 2866.0 20.0 10.0
773.0 2827.0 20.0 10.0
348.0 1624.0 20.0 10.0
908.0 2268.0 20.0 10.0
2755.0 1941.0 20.0 10.0
191.0 1468.0 20.0 10.0
1132.0 1952.0 20.0 10.0
1262.0 2375.0 20.0 10.0
1232.0 3044.0 20.0 10.0
1231.0 3036.0 20.0 10.0
767.0 2244.0 20.0 10.0
652.0 2938.0 20.0 10.0
673.0 2920.0 20.0 10.0
2788.0 1097.0 20.0 10.0
3506.0 696.0 20.0 10.0
1675.0 1597.0 20.0 10.0
1667.0 1624.0 20.0 10.0
2391.0 491.0 20.0 10.0
3017.0 792.0 20.0 10.0
2988.0 807.0 20.0 10.0
2947.0 814.0 20.0 10.0
2223.0 1191.0 20.0 10.0
2106.0 1281.0 20.0 10.0
3452.0 325.0 20.0 10.0
3431.0 330.0 20.0 10.0
2747.0 1074.0 20.0 10.0
2391.0 439.0 20.0 10.0
2151.0 1233.0 20.0 10.0
2132.0 1259.0 20.0 10.0
3015.0 659.0 20.0 10.0
3008.0 666.0 20.0 10.0
2710.0 446.0 20.0 10.0
1649.0 1571.0 20.0 10.0
1645.0 1581.0 20.0 10.0
2788.0 837.0 20.0 10.0
2758.0 842.0 20.0 10.0
2738.0 1929.0 20.0 10.0
2720.0 1918.0 20.0 10.0
2719.0 1061.0 20.0 10.0
1249.0 1658.0 20.0 10.0
3414.0 335.0 20.0 10.0
1185.0 2916.0 20.0 10.0
1209.0 2913.0 20.0 10.0
1231.0 2906.0 20.0 10.0
596.0 1379.0 20.0 10.0
422.0 1560.0 20.0 10.0
439.0 1549.0 20.0 10.0
464.0 1556.0 20.0 10.0
436.0 2563.0 20.0 10.0
793.0 2759.0 20.0 10.0
1271.0 2008.0 20.0 10.0
1234.0 3093.0 20.0 10.0
1234.0 3054.0 20.0 10.0
1768.0 1500.0 20.0 10.0
1764.0 1509.0 20.0 10.0
1907.0 1396.0 20.0 10.0
2704.0 505.0 20.0 10.0
3472.0 320.0 20.0 10.0
1889.0 1432.0 20.0 10.0
284.0 1466.0 20.0 10.0
304.0 1467.0 20.0 10.0
329.0 1453.0 20.0 10.0
1238.0 2962.0 20.0 10.0
1238.0 2948.0 20.0 10.0
566.0 2478.0 20.0 10.0
589.0 2471.0 20.0 10.0
594.0 2468.0 20.0 10.0
813.0 2253.0 20.0 10.0
2864.0 369.0 20.0 10.0
2866.0 397.0 20.0 10.0
2857.0 416.0 20.0 10.0
3448.0 233.0 20.0 10.0
3442.0 258.0 20.0 10.0
255.0 1424.0 20.0 10.0
288.0 1440.0 20.0 10.0
1020.0 1752.0 20.0 10.0
1026.0 1763.0 20.0 10.0
1053.0 1777.0 20.0 10.0
1040.0 1795.0 20.0 10.0
852.0 1518.0 20.0 10.0
874.0 1543.0 20.0 10.0
1024.0 2224.0 20.0 10.0
975.0 2250.0 20.0 10.0
207.0 1612.0 20.0 10.0
2493.0 1721.0 20.0 10.0
2479.0 1700.0 20.0 10.0
707.0 2885.0 20.0 10.0
904.0 2275.0 20.0 10.0
2388.0 431.0 20.0 10.0
2393.0 450.0 20.0 10.0
1270.0 2035.0 20.0 10.0
2381.0 388.0 20.0 10.0
3188.0 785.0 20.0 10.0
2203.0 1557.0 20.0 10.0
2183.0 1555.0 20.0 10.0
1190.0 3241.0 20.0 10.0
323.0 1031.0 20.0 10.0
1565.0 1591.0 20.0 10.0
1588.0 1602.0 20.0 10.0
3035.0 771.0 20.0 10.0
1113.0 1896.0 20.0 10.0
2881.0 709.0 20.0 10.0
2816.0 761.0 20.0 10.0
2749.0 816.0 20.0 10.0
2682.0 872.0 20.0 10.0
1054.0 2177.0 20.0 10.0
1074.0 2176.0 20.0 10.0
1932.0 1308.0 20.0 10.0
739.0 1407.0 20.0 10.0
760.0 1435.0 20.0 10.0
782.0 1465.0 20.0 10.0
2991.0 863.0 20.0 10.0
3029.0 663.0 20.0 10.0
3477.0 698.0 20.0 10.0
3446.0 700.0 20.0 10.0
827.0 2404.0 20.0 10.0
834.0 2382.0 20.0 10.0
842.0 2375.0 20.0 10.0
2827.0 1973.0 20.0 10.0
2802.0 1967.0 20.0 10.0
473.0 2545.0 20.0 10.0
480.0 2538.0 20.0 10.0
2608.0 1006.0 20.0 10.0
2571.0 991.0 20.0 10.0
2772.0 851.0 20.0 10.0
221.0 1083.0 20.0 10.0
2725.0 1947.0 20.0 10.0
2623.0 1844.0 20.0 10.0
102.0 1658.0 20.0 10.0
117.0 1651.0 20.0 10.0
137.0 1643.0 20.0 10.0
164.0 1634.0 20.0 10.0
3202.0 790.0 20.0 10.0
3155.0 788.0 20.0 10.0
3103.0 785.0 20.0 10.0
3027.0 800.0 20.0 10.0
2488.0 1724.0 20.0 10.0
697.0 1344.0 20.0 10.0
707.0 1370.0 20.0 10.0
731.0 1384.0 20.0 10.0
187.0 1085.0 20.0 10.0
258.0 1065.0 20.0 10.0
274.0 1085.0 20.0 10.0
291.0 1101.0 20.0 10.0
312.0 1119.0 20.0 10.0
344.0 1138.0 20.0 10.0
381.0 1158.0 20.0 10.0
2563.0 978.0 20.0 10.0
2533.0 977.0 20.0 10.0
140.0 1337.0 20.0 10.0
156.0 1346.0 20.0 10.0
176.0 1356.0 20.0 10.0
3730.0 60.0 20.0 10.0
3723.0 68.0 20.0 10.0
3714.0 79.0 20.0 10.0
3703.0 90.0 20.0 10.0
3680.0 108.0 20.0 10.0
3655.0 126.0 20.0 10.0
3291.0 300.0 20.0 10.0
3284.0 324.0 20.0 10.0
236.0 1022.0 20.0 10.0
242.0 1044.0 20.0 10.0
3364.0 351.0 20.0 10.0
2996.0 673.0 20.0 10.0
2983.0 681.0 20.0 10.0
1549.0 1658.0 20.0 10.0
1571.0 1651.0 20.0 10.0
144.0 1640.0 20.0 10.0
733.0 3025.0 20.0 10.0
734.0 3001.0 20.0 10.0
716.0 2982.0 20.0 10.0
2678.0 694.0 20.0 10.0
2101.0 1539.0 20.0 10.0
2045.0 1519.0 20.0 10.0
3269.0 301.0 20.0 10.0
3265.0 325.0 20.0 10.0
3260.0 349.0 20.0 10.0
1259.0 2416.0 20.0 10.0
1269.0 2337.0 20.0 10.0
1279.0 2254.0 20.0 10.0
2459.0 1714.0 20.0 10.0
2431.0 1707.0 20.0 10.0
2391.0 1682.0 20.0 10.0
1009.0 1814.0 20.0 10.0
118.0 1322.0 20.0 10.0
134.0 1328.0 20.0 10.0
1063.0 2373.0 20.0 10.0
2738.0 1980.0 20.0 10.0
788.0 2250.0 20.0 10.0
799.0 2267.0 20.0 10.0
844.0 1526.0 20.0 10.0
789.0 2293.0 20.0 10.0
808.0 2287.0 20.0 10.0
827.0 2265.0 20.0 10.0
2639.0 1010.0 20.0 10.0
3191.0 438.0 20.0 10.0
678.0 2859.0 20.0 10.0
3317.0 715.0 20.0 10.0
733.0 2955.0 20.0 10.0
748.0 2927.0 20.0 10.0
3213.0 476.0 20.0 10.0
3196.0 459.0 20.0 10.0
3173.0 474.0 20.0 10.0
3119.0 519.0 20.0 10.0
2485.0 832.0 20.0 10.0
1310.0 2143.0 20.0 10.0
411.0 2578.0 20.0 10.0
2155.0 1559.0 20.0 10.0
1763.0 1514.0 20.0 10.0
1739.0 1512.0 20.0 10.0
1752.0 1533.0 20.0 10.0
2783.0 855.0 20.0 10.0
1247.0 3178.0 20.0 10.0
1232.0 3176.0 20.0 10.0
2874.0 389.0 20.0 10.0
2204.0 1546.0 20.0 10.0
3467.0 239.0 20.0 10.0
3453.0 264.0 20.0 10.0
376.0 1606.0 20.0 10.0
404.0 1588.0 20.0 10.0
1045.0 1852.0 20.0 10.0
2766.0 846.0 20.0 10.0
3288.0 723.0 20.0 10.0
717.0 1385.0 20.0 10.0
3396.0 341.0 20.0 10.0
3376.0 348.0 20.0 10.0
3355.0 356.0 20.0 10.0
600.0 2472.0 20.0 10.0
2654.0 1883.0 20.0 10.0
2647.0 1875.0 20.0 10.0
2640.0 1865.0 20.0 10.0
1268.0 2292.0 20.0 10.0
1102.0 2185.0 20.0 10.0
1102.0 2173.0 20.0 10.0
1125.0 2154.0 20.0 10.0
1155.0 2149.0 20.0 10.0
1251.0 2875.0 20.0 10.0
1244.0 2865.0 20.0 10.0
604.0 1384.0 20.0 10.0
614.0 1390.0 20.0 10.0
2348.0 1656.0 20.0 10.0
1203.0 3183.0 20.0 10.0
102.0 1319.0 20.0 10.0
112.0 1321.0 20.0 10.0
2673.0 1038.0 20.0 10.0
1168.0 2049.0 20.0 10.0
1156.0 2072.0 20.0 10.0
2710.0 420.0 20.0 10.0
3257.0 424.0 20.0 10.0
2730.0 482.0 20.0 10.0
2711.0 512.0 20.0 10.0
2826.0 763.0 20.0 10.0
1010.0 1991.0 20.0 10.0
869.0 2271.0 20.0 10.0
891.0 2257.0 20.0 10.0
651.0 1399.0 20.0 10.0
680.0 1407.0 20.0 10.0
362.0 1150.0 20.0 10.0
3255.0 368.0 20.0 10.0
1240.0 2790.0 20.0 10.0
362.0 2589.0 20.0 10.0
775.0 2811.0 20.0 10.0
2777.0 1958.0 20.0 10.0
2770.0 1951.0 20.0 10.0
321.0 1648.0 20.0 10.0
790.0 2303.0 20.0 10.0
795.0 2294.0 20.0 10.0
1261.0 2058.0 20.0 10.0
1245.0 2052.0 20.0 10.0
1227.0 2071.0 20.0 10.0
550.0 1298.0 20.0 10.0
330.0 1638.0 20.0 10.0
642.0 2941.0 20.0 10.0
2798.0 1103.0 20.0 10.0
1340.0 2107.0 20.0 10.0
2694.0 1044.0 20.0 10.0
2374.0 1659.0 20.0 10.0
2763.0 262.0 20.0 10.0
2769.0 293.0 20.0 10.0
1466.0 1732.0 20.0 10.0
3480.0 215.0 20.0 10.0
1977.0 1304.0 20.0 10.0
1967.0 1326.0 20.0 10.0
1938.0 1333.0 20.0 10.0
2621.0 989.0 20.0 10.0
2595.0 995.0 20.0 10.0
2593.0 973.0 20.0 10.0
2949.0 701.0 20.0 10.0
2931.0 712.0 20.0 10.0
594.0 2494.0 20.0 10.0
1236.0 2024.0 20.0 10.0
1215.0 2031.0 20.0 10.0
1206.0 2057.0 20.0 10.0
1310.0 2130.0 20.0 10.0
401.0 2584.0 20.0 10.0
1708.0 1647.0 20.0 10.0
1050.0 2217.0 20.0 10.0
1260.0 2405.0 20.0 10.0
312.0 1411.0 20.0 10.0
330.0 1423.0 20.0 10.0
652.0 2965.0 20.0 10.0
522.0 1519.0 20.0 10.0
1279.0 2199.0 20.0 10.0
1238.0 2843.0 20.0 10.0
2391.0 495.0 20.0 10.0
1042.0 1958.0 20.0 10.0
2618.0 1002.0 20.0 10.0
329.0 2633.0 20.0 10.0
349.0 2615.0 20.0 10.0
197.0 1577.0 20.0 10.0
708.0 3009.0 20.0 10.0
2202.0 1532.0 20.0 10.0
1259.0 1654.0 20.0 10.0
1280.0 1668.0 20.0 10.0
1385.0 1701.0 20.0 10.0
2741.0 599.0 20.0 10.0
2716.0 636.0 20.0 10.0
1041.0 1806.0 20.0 10.0
741.0 1358.0 20.0 10.0
745.0 1373.0 20.0 10.0
691.0 2881.0 20.0 10.0
733.0 2873.0 20.0 10.0
739.0 2841.0 20.0 10.0
768.0 2791.0 20.0 10.0
501.0 1262.0 20.0 10.0
3422.0 297.0 20.0 10.0
3407.0 304.0 20.0 10.0
3368.0 334.0 20.0 10.0
3326.0 368.0 20.0 10.0
3278.0 402.0 20.0 10.0
3226.0 436.0 20.0 10.0
3797.0 25.0 20.0 10.0
3777.0 40.0 20.0 10.0
1210.0 3571.0 20.0 10.0
490.0 1507.0 20.0 10.0
549.0 1530.0 20.0 10.0
627.0 1534.0 20.0 10.0
707.0 1538.0 20.0 10.0
3225.0 447.0 20.0 10.0
3216.0 452.0 20.0 10.0
1988.0 1374.0 20.0 10.0
2785.0 552.0 20.0 10.0
1329.0 2114.0 20.0 10.0
738.0 1321.0 20.0 10.0
2394.0 1031.0 20.0 10.0
2390.0 1057.0 20.0 10.0
2365.0 1063.0 20.0 10.0
1245.0 2812.0 20.0 10.0
649.0 2991.0 20.0 10.0
751.0 1391.0 20.0 10.0
759.0 1409.0 20.0 10.0
768.0 1435.0 20.0 10.0
1896.0 1423.0 20.0 10.0
501.0 1270.0 20.0 10.0
381.0 1097.0 20.0 10.0
359.0 1113.0 20.0 10.0
1261.0 2012.0 20.0 10.0
1249.0 2017.0 20.0 10.0
1554.0 1573.0 20.0 10.0
1558.0 1581.0 20.0 10.0
1725.0 1541.0 20.0 10.0
1743.0 1557.0 20.0 10.0
1617.0 1646.0 20.0 10.0
1491.0 1735.0 20.0 10.0
1419.0 1858.0 20.0 10.0
979.0 2494.0 20.0 10.0
1001.0 2464.0 20.0 10.0
1026.0 2428.0 20.0 10.0
1087.0 2343.0 20.0 10.0
523.0 2511.0 20.0 10.0
531.0 1232.0 20.0 10.0
554.0 1244.0 20.0 10.0
493.0 1237.0 20.0 10.0
3414.0 708.0 20.0 10.0
3380.0 720.0 20.0 10.0
3340.0 729.0 20.0 10.0
3292.0 735.0 20.0 10.0
1231.0 3026.0 20.0 10.0
446.0 1470.0 20.0 10.0
469.0 1483.0 20.0 10.0
1714.0 1520.0 20.0 10.0
656.0 2432.0 20.0 10.0
628.0 1395.0 20.0 10.0
611.0 2450.0 20.0 10.0
627.0 2449.0 20.0 10.0
1266.0 2083.0 20.0 10.0
2709.0 1921.0 20.0 10.0
2699.0 1907.0 20.0 10.0
273.0 1406.0 20.0 10.0
305.0 1423.0 20.0 10.0
3053.0 575.0 20.0 10.0
2501.0 911.0 20.0 10.0
3526.0 694.0 20.0 10.0
3811.0 47.0 20.0 10.0
3788.0 51.0 20.0 10.0
3765.0 56.0 20.0 10.0
3353.0 746.0 20.0 10.0
706.0 2313.0 20.0 10.0
729.0 2307.0 20.0 10.0
750.0 2303.0 20.0 10.0
1185.0 3460.0 20.0 10.0
1181.0 3435.0 20.0 10.0
1181.0 3409.0 20.0 10.0
1191.0 3383.0 20.0 10.0
1269.0 3245.0 20.0 10.0
1262.0 3247.0 20.0 10.0
1249.0 3217.0 20.0 10.0
1241.0 3193.0 20.0 10.0
3411.0 819.0 20.0 10.0
3398.0 816.0 20.0 10.0
3380.0 812.0 20.0 10.0
3350.0 808.0 20.0 10.0
1771.0 1518.0 20.0 10.0
2763.0 1083.0 20.0 10.0
1056.0 2205.0 20.0 10.0
1082.0 2196.0 20.0 10.0
27.0 1600.0 20.0 10.0
44.0 1620.0 20.0 10.0
1869.0 1467.0 20.0 10.0
1180.0 3341.0 20.0 10.0
1185.0 3321.0 20.0 10.0
1187.0 3292.0 20.0 10.0
1190.0 3261.0 20.0 10.0
2878.0 345.0 20.0 10.0
2873.0 371.0 20.0 10.0
3292.0 343.0 20.0 10.0
3497.0 319.0 20.0 10.0
2732.0 1958.0 20.0 10.0
414.0 1185.0 20.0 10.0
451.0 1215.0 20.0 10.0
489.0 1244.0 20.0 10.0
530.0 1276.0 20.0 10.0
1984.0 1283.0 20.0 10.0
346.0 1150.0 20.0 10.0
1143.0 2037.0 20.0 10.0
838.0 2421.0 20.0 10.0
840.0 2396.0 20.0 10.0
996.0 1988.0 20.0 10.0
435.0 1566.0 20.0 10.0
491.0 1549.0 20.0 10.0
1699.0 1643.0 20.0 10.0
109.0 1591.0 20.0 10.0
1263.0 2105.0 20.0 10.0
1283.0 2074.0 20.0 10.0
355.0 2592.0 20.0 10.0
384.0 2586.0 20.0 10.0
57.0 1591.0 20.0 10.0
3258.0 753.0 20.0 10.0
3250.0 778.0 20.0 10.0
3229.0 783.0 20.0 10.0
1193.0 3208.0 20.0 10.0
1217.0 3200.0 20.0 10.0
3442.0 274.0 20.0 10.0
3432.0 282.0 20.0 10.0
2523.0 1766.0 20.0 10.0
1235.0 2976.0 20.0 10.0
1236.0 2934.0 20.0 10.0
1257.0 3240.0 20.0 10.0
2872.0 746.0 20.0 10.0
1598.0 1655.0 20.0 10.0
2905.0 850.0 20.0 10.0
2869.0 849.0 20.0 10.0
1017.0 1733.0 20.0 10.0
1893.0 1451.0 20.0 10.0
463.0 2547.0 20.0 10.0
2931.0 818.0 20.0 10.0
2899.0 823.0 20.0 10.0
2861.0 831.0 20.0 10.0
183.0 997.0 20.0 10.0
209.0 1005.0 20.0 10.0
2397.0 473.0 20.0 10.0
2413.0 495.0 20.0 10.0
2406.0 520.0 20.0 10.0
2414.0 549.0 20.0 10.0
2422.0 579.0 20.0 10.0
2432.0 612.0 20.0 10.0
2441.0 645.0 20.0 10.0
3479.0 322.0 20.0 10.0
306.0 992.0 20.0 10.0
311.0 1002.0 20.0 10.0
316.0 1015.0 20.0 10.0
1024.0 1995.0 20.0 10.0
1041.0 2002.0 20.0 10.0
