1000
870.0 950.0 20.0 10.0
780.0 1088.0 20.0 10.0
677.0 1215.0 20.0 10.0
973.0 823.0 20.0 10.0
1098.0 829.0 20.0 10.0
908.0 954.0 20.0 10.0
565.0 1308.0 20.0 10.0
627.0 1209.0 20.0 10.0
819.0 897.0 20.0 10.0
1002.0 681.0 20.0 10.0
597.0 1212.0 20.0 10.0
831.0 1139.0 20.0 10.0
1013.0 632.0 20.0 10.0
466.0 1385.0 20.0 10.0
801.0 1102.0 20.0 10.0
1002.0 576.0 20.0 10.0
1217.0 837.0 20.0 10.0
768.0 850.0 20.0 10.0
687.0 1312.0 20.0 10.0
851.0 1187.0 20.0 10.0
1008.0 505.0 20.0 10.0
1051.0 584.0 20.0 10.0
369.0 1462.0 20.0 10.0
674.0 1362.0 20.0 10.0
980.0 810.0 20.0 10.0
638.0 1252.0 20.0 10.0
943.0 771.0 20.0 10.0
1317.0 859.0 20.0 10.0
868.0 970.0 20.0 10.0
873.0 1222.0 20.0 10.0
878.0 1197.0 20.0 10.0
689.0 1240.0 20.0 10.0
667.0 1410.0 20.0 10.0
1011.0 805.0 20.0 10.0
882.0 1176.0 20.0 10.0
519.0 1315.0 20.0 10.0
683.0 1346.0 20.0 10.0
304.0 1522.0 20.0 10.0
689.0 1363.0 20.0 10.0
1294.0 818.0 20.0 10.0
932.0 747.0 20.0 10.0
983.0 797.0 20.0 10.0
701.0 1394.0 20.0 10.0
1030.0 777.0 20.0 10.0
1251.0 845.0 20.0 10.0
1413.0 874.0 20.0 10.0
981.0 623.0 20.0 10.0
959.0 566.0 20.0 10.0
341.0 1528.0 20.0 10.0
1049.0 752.0 20.0 10.0
1038.0 819.0 20.0 10.0
1362.0 794.0 20.0 10.0
507.0 1327.0 20.0 10.0
998.0 489.0 20.0 10.0
292.0 1486.0 20.0 10.0
1096.0 489.0 20.0 10.0
942.0 960.0 20.0 10.0
910.0 725.0 20.0 10.0
716.0 1394.0 20.0 10.0
1419.0 774.0 20.0 10.0
936.0 741.0 20.0 10.0
921.0 740.0 20.0 10.0
748.0 1074.0 20.0 10.0
1071.0 735.0 20.0 10.0
721.0 804.0 20.0 10.0
857.0 1224.0 20.0 10.0
719.0 1438.0 20.0 10.0
1460.0 764.0 20.0 10.0
492.0 1330.0 20.0 10.0
878.0 681.0 20.0 10.0
992.0 408.0 20.0 10.0
719.0 1068.0 20.0 10.0
702.0 1442.0 20.0 10.0
529.0 1379.0 20.0 10.0
1490.0 751.0 20.0 10.0
993.0 831.0 20.0 10.0
1387.0 788.0 20.0 10.0
1410.0 791.0 20.0 10.0
873.0 1256.0 20.0 10.0
1278.0 851.0 20.0 10.0
224.0 1510.0 20.0 10.0
1104.0 453.0 20.0 10.0
244.0 1582.0 20.0 10.0
1016.0 651.0 20.0 10.0
615.0 1294.0 20.0 10.0
666.0 1336.0 20.0 10.0
764.0 1113.0 20.0 10.0
324.0 1466.0 20.0 10.0
953.0 520.0 20.0 10.0
614.0 1264.0 20.0 10.0
813.0 859.0 20.0 10.0
712.0 1458.0 20.0 10.0
953.0 486.0 20.0 10.0
989.0 337.0 20.0 10.0
1138.0 403.0 20.0 10.0
987.0 274.0 20.0 10.0
1170.0 334.0 20.0 10.0
926.0 722.0 20.0 10.0
846.0 643.0 20.0 10.0
654.0 1234.0 20.0 10.0
679.0 779.0 20.0 10.0
843.0 949.0 20.0 10.0
211.0 1628.0 20.0 10.0
773.0 820.0 20.0 10.0
1201.0 268.0 20.0 10.0
246.0 1493.0 20.0 10.0
1014.0 440.0 20.0 10.0
723.0 1521.0 20.0 10.0
925.0 1216.0 20.0 10.0
806.0 823.0 20.0 10.0
482.0 1317.0 20.0 10.0
653.0 768.0 20.0 10.0
1173.0 361.0 20.0 10.0
726.0 1562.0 20.0 10.0
688.0 776.0 20.0 10.0
496.0 1405.0 20.0 10.0
936.0 940.0 20.0 10.0
598.0 1334.0 20.0 10.0
754.0 1139.0 20.0 10.0
734.0 1565.0 20.0 10.0
1044.0 795.0 20.0 10.0
165.0 1530.0 20.0 10.0
449.0 1310.0 20.0 10.0
1486.0 878.0 20.0 10.0
601.0 1263.0 20.0 10.0
742.0 1163.0 20.0 10.0
998.0 447.0 20.0 10.0
1008.0 591.0 20.0 10.0
1011.0 468.0 20.0 10.0
899.0 1184.0 20.0 10.0
465.0 1349.0 20.0 10.0
504.0 1444.0 20.0 10.0
767.0 1161.0 20.0 10.0
1475.0 898.0 20.0 10.0
743.0 1415.0 20.0 10.0
191.0 1624.0 20.0 10.0
730.0 838.0 20.0 10.0
116.0 1548.0 20.0 10.0
149.0 1665.0 20.0 10.0
796.0 793.0 20.0 10.0
951.0 543.0 20.0 10.0
1194.0 326.0 20.0 10.0
1029.0 601.0 20.0 10.0
706.0 1047.0 20.0 10.0
793.0 898.0 20.0 10.0
789.0 773.0 20.0 10.0
962.0 957.0 20.0 10.0
1017.0 387.0 20.0 10.0
715.0 776.0 20.0 10.0
953.0 749.0 20.0 10.0
1026.0 357.0 20.0 10.0
917.0 708.0 20.0 10.0
433.0 1405.0 20.0 10.0
205.0 1497.0 20.0 10.0
1379.0 768.0 20.0 10.0
1353.0 877.0 20.0 10.0
186.0 1524.0 20.0 10.0
669.0 1403.0 20.0 10.0
1339.0 827.0 20.0 10.0
1471.0 873.0 20.0 10.0
1338.0 887.0 20.0 10.0
1262.0 864.0 20.0 10.0
1225.0 216.0 20.0 10.0
1296.0 867.0 20.0 10.0
1214.0 236.0 20.0 10.0
777.0 750.0 20.0 10.0
749.0 1187.0 20.0 10.0
484.0 1497.0 20.0 10.0
1201.0 329.0 20.0 10.0
125.0 1542.0 20.0 10.0
582.0 1200.0 20.0 10.0
511.0 1414.0 20.0 10.0
1122.0 462.0 20.0 10.0
440.0 1367.0 20.0 10.0
109.0 1696.0 20.0 10.0
1080.0 566.0 20.0 10.0
782.0 1064.0 20.0 10.0
1552.0 882.0 20.0 10.0
985.0 219.0 20.0 10.0
1527.0 918.0 20.0 10.0
937.0 523.0 20.0 10.0
867.0 1197.0 20.0 10.0
1221.0 224.0 20.0 10.0
1155.0 378.0 20.0 10.0
730.0 1546.0 20.0 10.0
1065.0 825.0 20.0 10.0
772.0 890.0 20.0 10.0
988.0 177.0 20.0 10.0
285.0 1469.0 20.0 10.0
703.0 1324.0 20.0 10.0
783.0 766.0 20.0 10.0
916.0 932.0 20.0 10.0
1388.0 767.0 20.0 10.0
950.0 1246.0 20.0 10.0
674.0 1366.0 20.0 10.0
882.0 1252.0 20.0 10.0
1452.0 751.0 20.0 10.0
678.0 1378.0 20.0 10.0
1575.0 936.0 20.0 10.0
1045.0 571.0 20.0 10.0
726.0 1472.0 20.0 10.0
963.0 931.0 20.0 10.0
1517.0 870.0 20.0 10.0
1084.0 835.0 20.0 10.0
1015.0 780.0 20.0 10.0
1434.0 795.0 20.0 10.0
736.0 1462.0 20.0 10.0
815.0 606.0 20.0 10.0
947.0 487.0 20.0 10.0
1248.0 177.0 20.0 10.0
677.0 1238.0 20.0 10.0
270.0 1543.0 20.0 10.0
958.0 1275.0 20.0 10.0
432.0 1368.0 20.0 10.0
484.0 1473.0 20.0 10.0
1025.0 794.0 20.0 10.0
342.0 1486.0 20.0 10.0
577.0 1270.0 20.0 10.0
647.0 767.0 20.0 10.0
723.0 1593.0 20.0 10.0
653.0 1431.0 20.0 10.0
978.0 174.0 20.0 10.0
329.0 1578.0 20.0 10.0
465.0 1542.0 20.0 10.0
691.0 1067.0 20.0 10.0
712.0 1476.0 20.0 10.0
756.0 1438.0 20.0 10.0
684.0 1390.0 20.0 10.0
1273.0 854.0 20.0 10.0
885.0 1278.0 20.0 10.0
1102.0 846.0 20.0 10.0
1605.0 944.0 20.0 10.0
1612.0 952.0 20.0 10.0
536.0 1328.0 20.0 10.0
1023.0 575.0 20.0 10.0
552.0 1204.0 20.0 10.0
638.0 1454.0 20.0 10.0
551.0 1190.0 20.0 10.0
847.0 1216.0 20.0 10.0
1141.0 438.0 20.0 10.0
1124.0 475.0 20.0 10.0
663.0 1454.0 20.0 10.0
459.0 1333.0 20.0 10.0
1007.0 569.0 20.0 10.0
1063.0 544.0 20.0 10.0
314.0 1621.0 20.0 10.0
1555.0 870.0 20.0 10.0
984.0 299.0 20.0 10.0
795.0 586.0 20.0 10.0
647.0 753.0 20.0 10.0
695.0 1232.0 20.0 10.0
435.0 1358.0 20.0 10.0
587.0 1360.0 20.0 10.0
1224.0 298.0 20.0 10.0
1638.0 967.0 20.0 10.0
967.0 962.0 20.0 10.0
758.0 1096.0 20.0 10.0
750.0 883.0 20.0 10.0
990.0 372.0 20.0 10.0
991.0 137.0 20.0 10.0
77.0 1564.0 20.0 10.0
298.0 1478.0 20.0 10.0
952.0 923.0 20.0 10.0
876.0 1187.0 20.0 10.0
905.0 1192.0 20.0 10.0
183.0 1644.0 20.0 10.0
860.0 656.0 20.0 10.0
713.0 1331.0 20.0 10.0
970.0 138.0 20.0 10.0
1656.0 976.0 20.0 10.0
468.0 1521.0 20.0 10.0
1453.0 777.0 20.0 10.0
1303.0 795.0 20.0 10.0
927.0 975.0 20.0 10.0
562.0 1207.0 20.0 10.0
897.0 1249.0 20.0 10.0
1089.0 532.0 20.0 10.0
842.0 1233.0 20.0 10.0
1361.0 914.0 20.0 10.0
962.0 942.0 20.0 10.0
419.0 1332.0 20.0 10.0
602.0 1223.0 20.0 10.0
682.0 1261.0 20.0 10.0
1501.0 902.0 20.0 10.0
1075.0 795.0 20.0 10.0
1114.0 448.0 20.0 10.0
998.0 454.0 20.0 10.0
853.0 1147.0 20.0 10.0
680.0 1371.0 20.0 10.0
736.0 1552.0 20.0 10.0
327.0 1606.0 20.0 10.0
1377.0 836.0 20.0 10.0
1613.0 884.0 20.0 10.0
186.0 1666.0 20.0 10.0
315.0 1572.0 20.0 10.0
1477.0 735.0 20.0 10.0
959.0 1247.0 20.0 10.0
316.0 1553.0 20.0 10.0
723.0 880.0 20.0 10.0
695.0 1064.0 20.0 10.0
926.0 1211.0 20.0 10.0
1125.0 413.0 20.0 10.0
1668.0 884.0 20.0 10.0
741.0 866.0 20.0 10.0
315.0 1495.0 20.0 10.0
586.0 1371.0 20.0 10.0
991.0 100.0 20.0 10.0
660.0 1495.0 20.0 10.0
654.0 1262.0 20.0 10.0
950.0 985.0 20.0 10.0
1233.0 193.0 20.0 10.0
704.0 1478.0 20.0 10.0
296.0 1658.0 20.0 10.0
1229.0 269.0 20.0 10.0
165.0 1690.0 20.0 10.0
1371.0 771.0 20.0 10.0
1102.0 783.0 20.0 10.0
924.0 483.0 20.0 10.0
704.0 1077.0 20.0 10.0
1711.0 891.0 20.0 10.0
845.0 1210.0 20.0 10.0
858.0 955.0 20.0 10.0
167.0 1497.0 20.0 10.0
516.0 1349.0 20.0 10.0
1245.0 180.0 20.0 10.0
338.0 1473.0 20.0 10.0
771.0 588.0 20.0 10.0
1007.0 853.0 20.0 10.0
1372.0 894.0 20.0 10.0
141.0 1487.0 20.0 10.0
293.0 1602.0 20.0 10.0
92.0 1544.0 20.0 10.0
1513.0 867.0 20.0 10.0
491.0 1476.0 20.0 10.0
668.0 750.0 20.0 10.0
710.0 821.0 20.0 10.0
985.0 937.0 20.0 10.0
593.0 1356.0 20.0 10.0
1007.0 557.0 20.0 10.0
463.0 1494.0 20.0 10.0
328.0 1569.0 20.0 10.0
915.0 1194.0 20.0 10.0
747.0 1197.0 20.0 10.0
1413.0 844.0 20.0 10.0
464.0 1528.0 20.0 10.0
878.0 985.0 20.0 10.0
937.0 1214.0 20.0 10.0
1402.0 751.0 20.0 10.0
857.0 1212.0 20.0 10.0
939.0 488.0 20.0 10.0
153.0 1532.0 20.0 10.0
426.0 1316.0 20.0 10.0
733.0 886.0 20.0 10.0
126.0 1699.0 20.0 10.0
987.0 1279.0 20.0 10.0
95.0 1554.0 20.0 10.0
620.0 729.0 20.0 10.0
655.0 1362.0 20.0 10.0
456.0 1313.0 20.0 10.0
1268.0 144.0 20.0 10.0
836.0 1164.0 20.0 10.0
1745.0 894.0 20.0 10.0
304.0 1595.0 20.0 10.0
915.0 449.0 20.0 10.0
571.0 1401.0 20.0 10.0
726.0 1144.0 20.0 10.0
918.0 1267.0 20.0 10.0
47.0 1561.0 20.0 10.0
1321.0 817.0 20.0 10.0
998.0 571.0 20.0 10.0
491.0 1468.0 20.0 10.0
571.0 1276.0 20.0 10.0
983.0 366.0 20.0 10.0
1151.0 352.0 20.0 10.0
1212.0 302.0 20.0 10.0
666.0 1062.0 20.0 10.0
544.0 1271.0 20.0 10.0
449.0 1585.0 20.0 10.0
733.0 1355.0 20.0 10.0
715.0 899.0 20.0 10.0
1480.0 747.0 20.0 10.0
1121.0 860.0 20.0 10.0
1513.0 908.0 20.0 10.0
598.0 710.0 20.0 10.0
1387.0 803.0 20.0 10.0
1221.0 236.0 20.0 10.0
761.0 824.0 20.0 10.0
1012.0 1291.0 20.0 10.0
1180.0 300.0 20.0 10.0
760.0 1432.0 20.0 10.0
283.0 1687.0 20.0 10.0
1021.0 772.0 20.0 10.0
81.0 1725.0 20.0 10.0
743.0 838.0 20.0 10.0
981.0 235.0 20.0 10.0
700.0 890.0 20.0 10.0
1412.0 744.0 20.0 10.0
653.0 1201.0 20.0 10.0
987.0 928.0 20.0 10.0
766.0 876.0 20.0 10.0
447.0 1553.0 20.0 10.0
1132.0 819.0 20.0 10.0
1015.0 1298.0 20.0 10.0
1061.0 802.0 20.0 10.0
777.0 853.0 20.0 10.0
891.0 1003.0 20.0 10.0
1737.0 877.0 20.0 10.0
786.0 572.0 20.0 10.0
1052.0 594.0 20.0 10.0
978.0 270.0 20.0 10.0
724.0 1078.0 20.0 10.0
626.0 1190.0 20.0 10.0
742.0 1600.0 20.0 10.0
1761.0 868.0 20.0 10.0
989.0 416.0 20.0 10.0
577.0 692.0 20.0 10.0
935.0 754.0 20.0 10.0
1385.0 895.0 20.0 10.0
1233.0 212.0 20.0 10.0
752.0 1371.0 20.0 10.0
1242.0 823.0 20.0 10.0
718.0 1593.0 20.0 10.0
855.0 1152.0 20.0 10.0
1346.0 867.0 20.0 10.0
1131.0 814.0 20.0 10.0
1007.0 539.0 20.0 10.0
438.0 1624.0 20.0 10.0
494.0 1442.0 20.0 10.0
1164.0 310.0 20.0 10.0
600.0 1194.0 20.0 10.0
703.0 834.0 20.0 10.0
1373.0 938.0 20.0 10.0
991.0 422.0 20.0 10.0
976.0 145.0 20.0 10.0
746.0 1182.0 20.0 10.0
1457.0 786.0 20.0 10.0
752.0 797.0 20.0 10.0
155.0 1644.0 20.0 10.0
863.0 931.0 20.0 10.0
53.0 1577.0 20.0 10.0
1240.0 274.0 20.0 10.0
656.0 724.0 20.0 10.0
890.0 1283.0 20.0 10.0
728.0 1423.0 20.0 10.0
979.0 392.0 20.0 10.0
216.0 1603.0 20.0 10.0
1436.0 861.0 20.0 10.0
1142.0 370.0 20.0 10.0
997.0 562.0 20.0 10.0
859.0 664.0 20.0 10.0
1643.0 962.0 20.0 10.0
703.0 766.0 20.0 10.0
1088.0 508.0 20.0 10.0
559.0 672.0 20.0 10.0
977.0 928.0 20.0 10.0
733.0 852.0 20.0 10.0
939.0 1194.0 20.0 10.0
720.0 1622.0 20.0 10.0
977.0 970.0 20.0 10.0
1224.0 193.0 20.0 10.0
516.0 1271.0 20.0 10.0
764.0 545.0 20.0 10.0
241.0 1562.0 20.0 10.0
725.0 1554.0 20.0 10.0
1432.0 727.0 20.0 10.0
746.0 1591.0 20.0 10.0
1143.0 391.0 20.0 10.0
676.0 1048.0 20.0 10.0
151.0 1708.0 20.0 10.0
788.0 574.0 20.0 10.0
1054.0 822.0 20.0 10.0
669.0 1442.0 20.0 10.0
1400.0 836.0 20.0 10.0
481.0 1345.0 20.0 10.0
603.0 1176.0 20.0 10.0
947.0 1229.0 20.0 10.0
294.0 1607.0 20.0 10.0
141.0 1505.0 20.0 10.0
384.0 1332.0 20.0 10.0
744.0 520.0 20.0 10.0
752.0 1628.0 20.0 10.0
624.0 757.0 20.0 10.0
476.0 1462.0 20.0 10.0
1487.0 789.0 20.0 10.0
1029.0 1303.0 20.0 10.0
1070.0 578.0 20.0 10.0
1708.0 879.0 20.0 10.0
482.0 1477.0 20.0 10.0
999.0 532.0 20.0 10.0
772.0 1069.0 20.0 10.0
926.0 699.0 20.0 10.0
683.0 1403.0 20.0 10.0
994.0 71.0 20.0 10.0
55.0 1740.0 20.0 10.0
500.0 1437.0 20.0 10.0
546.0 1195.0 20.0 10.0
314.0 1595.0 20.0 10.0
1262.0 154.0 20.0 10.0
82.0 1714.0 20.0 10.0
170.0 1667.0 20.0 10.0
1016.0 405.0 20.0 10.0
698.0 872.0 20.0 10.0
1002.0 973.0 20.0 10.0
289.0 1569.0 20.0 10.0
449.0 1613.0 20.0 10.0
71.0 1753.0 20.0 10.0
674.0 1281.0 20.0 10.0
715.0 1150.0 20.0 10.0
956.0 904.0 20.0 10.0
722.0 820.0 20.0 10.0
1494.0 775.0 20.0 10.0
697.0 1412.0 20.0 10.0
675.0 832.0 20.0 10.0
1223.0 316.0 20.0 10.0
992.0 507.0 20.0 10.0
1504.0 919.0 20.0 10.0
552.0 1422.0 20.0 10.0
810.0 837.0 20.0 10.0
1538.0 924.0 20.0 10.0
1132.0 834.0 20.0 10.0
136.0 1496.0 20.0 10.0
981.0 486.0 20.0 10.0
729.0 826.0 20.0 10.0
558.0 1282.0 20.0 10.0
1169.0 276.0 20.0 10.0
1525.0 886.0 20.0 10.0
260.0 1500.0 20.0 10.0
354.0 1334.0 20.0 10.0
627.0 1241.0 20.0 10.0
995.0 1306.0 20.0 10.0
956.0 1235.0 20.0 10.0
1041.0 759.0 20.0 10.0
699.0 822.0 20.0 10.0
903.0 1010.0 20.0 10.0
1023.0 348.0 20.0 10.0
904.0 686.0 20.0 10.0
1103.0 500.0 20.0 10.0
1588.0 883.0 20.0 10.0
843.0 634.0 20.0 10.0
1069.0 555.0 20.0 10.0
274.0 1635.0 20.0 10.0
1410.0 752.0 20.0 10.0
218.0 1578.0 20.0 10.0
727.0 499.0 20.0 10.0
565.0 1424.0 20.0 10.0
1423.0 736.0 20.0 10.0
737.0 778.0 20.0 10.0
935.0 462.0 20.0 10.0
914.0 1029.0 20.0 10.0
685.0 1430.0 20.0 10.0
557.0 1290.0 20.0 10.0
64.0 1535.0 20.0 10.0
765.0 1065.0 20.0 10.0
678.0 1335.0 20.0 10.0
1181.0 280.0 20.0 10.0
1102.0 493.0 20.0 10.0
706.0 1330.0 20.0 10.0
895.0 1013.0 20.0 10.0
1435.0 831.0 20.0 10.0
331.0 1511.0 20.0 10.0
1406.0 916.0 20.0 10.0
1284.0 118.0 20.0 10.0
585.0 1230.0 20.0 10.0
759.0 1179.0 20.0 10.0
45.0 1765.0 20.0 10.0
1632.0 939.0 20.0 10.0
1030.0 1313.0 20.0 10.0
780.0 1129.0 20.0 10.0
83.0 1708.0 20.0 10.0
1451.0 764.0 20.0 10.0
654.0 1437.0 20.0 10.0
71.0 1738.0 20.0 10.0
902.0 1302.0 20.0 10.0
1155.0 324.0 20.0 10.0
1021.0 517.0 20.0 10.0
516.0 1408.0 20.0 10.0
1444.0 843.0 20.0 10.0
1443.0 785.0 20.0 10.0
294.0 1592.0 20.0 10.0
1024.0 315.0 20.0 10.0
974.0 335.0 20.0 10.0
687.0 742.0 20.0 10.0
468.0 1414.0 20.0 10.0
1486.0 781.0 20.0 10.0
525.0 1206.0 20.0 10.0
730.0 1449.0 20.0 10.0
701.0 1425.0 20.0 10.0
900.0 1213.0 20.0 10.0
307.0 1603.0 20.0 10.0
1008.0 486.0 20.0 10.0
469.0 1425.0 20.0 10.0
832.0 621.0 20.0 10.0
771.0 826.0 20.0 10.0
1078.0 527.0 20.0 10.0
1310.0 794.0 20.0 10.0
744.0 858.0 20.0 10.0
945.0 457.0 20.0 10.0
1104.0 822.0 20.0 10.0
866.0 917.0 20.0 10.0
1066.0 806.0 20.0 10.0
747.0 1375.0 20.0 10.0
735.0 1494.0 20.0 10.0
67.0 1550.0 20.0 10.0
1366.0 822.0 20.0 10.0
1670.0 964.0 20.0 10.0
1543.0 864.0 20.0 10.0
959.0 115.0 20.0 10.0
1687.0 975.0 20.0 10.0
1012.0 540.0 20.0 10.0
798.0 1083.0 20.0 10.0
1246.0 833.0 20.0 10.0
703.0 1363.0 20.0 10.0
984.0 205.0 20.0 10.0
1318.0 810.0 20.0 10.0
409.0 1383.0 20.0 10.0
191.0 1657.0 20.0 10.0
461.0 1502.0 20.0 10.0
518.0 1185.0 20.0 10.0
719.0 1351.0 20.0 10.0
1477.0 758.0 20.0 10.0
987.0 578.0 20.0 10.0
1343.0 811.0 20.0 10.0
866.0 1236.0 20.0 10.0
803.0 1092.0 20.0 10.0
1601.0 954.0 20.0 10.0
1543.0 922.0 20.0 10.0
982.0 70.0 20.0 10.0
1013.0 606.0 20.0 10.0
660.0 1297.0 20.0 10.0
1739.0 908.0 20.0 10.0
983.0 245.0 20.0 10.0
499.0 1371.0 20.0 10.0
1016.0 351.0 20.0 10.0
273.0 1627.0 20.0 10.0
427.0 1654.0 20.0 10.0
1020.0 408.0 20.0 10.0
726.0 1086.0 20.0 10.0
928.0 461.0 20.0 10.0
1101.0 853.0 20.0 10.0
1385.0 931.0 20.0 10.0
694.0 790.0 20.0 10.0
220.0 1506.0 20.0 10.0
1060.0 744.0 20.0 10.0
892.0 1220.0 20.0 10.0
1453.0 710.0 20.0 10.0
1674.0 987.0 20.0 10.0
1015.0 319.0 20.0 10.0
989.0 45.0 20.0 10.0
179.0 1507.0 20.0 10.0
938.0 999.0 20.0 10.0
631.0 1235.0 20.0 10.0
585.0 702.0 20.0 10.0
998.0 25.0 20.0 10.0
1370.0 860.0 20.0 10.0
710.0 1422.0 20.0 10.0
914.0 766.0 20.0 10.0
738.0 1628.0 20.0 10.0
1366.0 866.0 20.0 10.0
636.0 1207.0 20.0 10.0
1018.0 866.0 20.0 10.0
439.0 1654.0 20.0 10.0
969.0 783.0 20.0 10.0
249.0 1462.0 20.0 10.0
193.0 1525.0 20.0 10.0
84.0 1561.0 20.0 10.0
614.0 1168.0 20.0 10.0
533.0 1180.0 20.0 10.0
982.0 1250.0 20.0 10.0
975.0 1257.0 20.0 10.0
669.0 784.0 20.0 10.0
671.0 1052.0 20.0 10.0
217.0 1454.0 20.0 10.0
834.0 653.0 20.0 10.0
109.0 1729.0 20.0 10.0
430.0 1607.0 20.0 10.0
160.0 1693.0 20.0 10.0
287.0 1627.0 20.0 10.0
723.0 1581.0 20.0 10.0
555.0 1192.0 20.0 10.0
1388.0 824.0 20.0 10.0
1392.0 816.0 20.0 10.0
561.0 680.0 20.0 10.0
1096.0 455.0 20.0 10.0
910.0 756.0 20.0 10.0
1478.0 773.0 20.0 10.0
1380.0 885.0 20.0 10.0
1552.0 856.0 20.0 10.0
474.0 1378.0 20.0 10.0
57.0 1560.0 20.0 10.0
277.0 1489.0 20.0 10.0
1501.0 874.0 20.0 10.0
265.0 1466.0 20.0 10.0
1001.0 981.0 20.0 10.0
1471.0 843.0 20.0 10.0
972.0 1267.0 20.0 10.0
734.0 1373.0 20.0 10.0
142.0 1713.0 20.0 10.0
1200.0 296.0 20.0 10.0
673.0 1357.0 20.0 10.0
943.0 719.0 20.0 10.0
1330.0 779.0 20.0 10.0
193.0 1452.0 20.0 10.0
419.0 1383.0 20.0 10.0
948.0 745.0 20.0 10.0
771.0 741.0 20.0 10.0
659.0 1529.0 20.0 10.0
749.0 1575.0 20.0 10.0
1045.0 807.0 20.0 10.0
682.0 1041.0 20.0 10.0
733.0 1143.0 20.0 10.0
1007.0 863.0 20.0 10.0
1273.0 885.0 20.0 10.0
1004.0 1330.0 20.0 10.0
738.0 1408.0 20.0 10.0
985.0 541.0 20.0 10.0
660.0 752.0 20.0 10.0
717.0 1551.0 20.0 10.0
666.0 1298.0 20.0 10.0
691.0 805.0 20.0 10.0
1514.0 737.0 20.0 10.0
160.0 1538.0 20.0 10.0
575.0 1198.0 20.0 10.0
973.0 118.0 20.0 10.0
664.0 1358.0 20.0 10.0
1266.0 155.0 20.0 10.0
1293.0 100.0 20.0 10.0
89.0 1563.0 20.0 10.0
1337.0 825.0 20.0 10.0
292.0 1688.0 20.0 10.0
1125.0 502.0 20.0 10.0
701.0 739.0 20.0 10.0
749.0 1654.0 20.0 10.0
738.0 1118.0 20.0 10.0
1437.0 853.0 20.0 10.0
646.0 1258.0 20.0 10.0
735.0 506.0 20.0 10.0
916.0 496.0 20.0 10.0
429.0 1331.0 20.0 10.0
1489.0 759.0 20.0 10.0
1147.0 325.0 20.0 10.0
556.0 1425.0 20.0 10.0
1273.0 846.0 20.0 10.0
1584.0 853.0 20.0 10.0
429.0 1679.0 20.0 10.0
907.0 1277.0 20.0 10.0
1013.0 358.0 20.0 10.0
763.0 721.0 20.0 10.0
1089.0 803.0 20.0 10.0
719.0 520.0 20.0 10.0
1165.0 324.0 20.0 10.0
48.0 1573.0 20.0 10.0
1383.0 830.0 20.0 10.0
756.0 863.0 20.0 10.0
1301.0 87.0 20.0 10.0
473.0 1500.0 20.0 10.0
729.0 1653.0 20.0 10.0
1618.0 966.0 20.0 10.0
1097.0 786.0 20.0 10.0
590.0 1304.0 20.0 10.0
168.0 1541.0 20.0 10.0
1526.0 939.0 20.0 10.0
1065.0 779.0 20.0 10.0
848.0 647.0 20.0 10.0
320.0 1486.0 20.0 10.0
92.0 1748.0 20.0 10.0
949.0 977.0 20.0 10.0
640.0 1467.0 20.0 10.0
470.0 1335.0 20.0 10.0
298.0 1634.0 20.0 10.0
485.0 1313.0 20.0 10.0
582.0 1177.0 20.0 10.0
660.0 1523.0 20.0 10.0
444.0 1437.0 20.0 10.0
1644.0 883.0 20.0 10.0
960.0 1014.0 20.0 10.0
1241.0 211.0 20.0 10.0
941.0 1206.0 20.0 10.0
1074.0 566.0 20.0 10.0
977.0 108.0 20.0 10.0
1089.0 729.0 20.0 10.0
937.0 916.0 20.0 10.0
1556.0 894.0 20.0 10.0
199.0 1519.0 20.0 10.0
306.0 1651.0 20.0 10.0
1580.0 844.0 20.0 10.0
224.0 1585.0 20.0 10.0
985.0 341.0 20.0 10.0
706.0 489.0 20.0 10.0
458.0 1364.0 20.0 10.0
913.0 506.0 20.0 10.0
1174.0 245.0 20.0 10.0
728.0 1347.0 20.0 10.0
984.0 1020.0 20.0 10.0
125.0 1732.0 20.0 10.0
999.0 989.0 20.0 10.0
550.0 1289.0 20.0 10.0
1530.0 930.0 20.0 10.0
275.0 1709.0 20.0 10.0
1347.0 911.0 20.0 10.0
125.0 1663.0 20.0 10.0
997.0 1264.0 20.0 10.0
402.0 1370.0 20.0 10.0
329.0 1335.0 20.0 10.0
223.0 1464.0 20.0 10.0
960.0 965.0 20.0 10.0
640.0 731.0 20.0 10.0
671.0 819.0 20.0 10.0
497.0 1180.0 20.0 10.0
236.0 1515.0 20.0 10.0
1024.0 442.0 20.0 10.0
1006.0 627.0 20.0 10.0
1434.0 748.0 20.0 10.0
676.0 883.0 20.0 10.0
1186.0 251.0 20.0 10.0
569.0 1379.0 20.0 10.0
817.0 1099.0 20.0 10.0
664.0 1391.0 20.0 10.0
1290.0 854.0 20.0 10.0
554.0 1263.0 20.0 10.0
908.0 706.0 20.0 10.0
1183.0 219.0 20.0 10.0
897.0 701.0 20.0 10.0
895.0 1272.0 20.0 10.0
1015.0 377.0 20.0 10.0
736.0 1471.0 20.0 10.0
698.0 1505.0 20.0 10.0
1130.0 422.0 20.0 10.0
1116.0 779.0 20.0 10.0
679.0 717.0 20.0 10.0
697.0 734.0 20.0 10.0
985.0 306.0 20.0 10.0
1423.0 828.0 20.0 10.0
1164.0 330.0 20.0 10.0
170.0 1677.0 20.0 10.0
1197.0 276.0 20.0 10.0
667.0 1472.0 20.0 10.0
1010.0 938.0 20.0 10.0
668.0 1201.0 20.0 10.0
542.0 1445.0 20.0 10.0
1035.0 1318.0 20.0 10.0
966.0 1212.0 20.0 10.0
631.0 712.0 20.0 10.0
1441.0 757.0 20.0 10.0
1018.0 508.0 20.0 10.0
904.0 471.0 20.0 10.0
1746.0 876.0 20.0 10.0
1070.0 521.0 20.0 10.0
1520.0 764.0 20.0 10.0
967.0 110.0 20.0 10.0
990.0 1274.0 20.0 10.0
303.0 1623.0 20.0 10.0
879.0 1246.0 20.0 10.0
1419.0 929.0 20.0 10.0
574.0 1319.0 20.0 10.0
113.0 1724.0 20.0 10.0
1196.0 258.0 20.0 10.0
1551.0 902.0 20.0 10.0
582.0 691.0 20.0 10.0
967.0 335.0 20.0 10.0
1776.0 896.0 20.0 10.0
797.0 1137.0 20.0 10.0
271.0 1591.0 20.0 10.0
777.0 1152.0 20.0 10.0
918.0 454.0 20.0 10.0
970.0 210.0 20.0 10.0
646.0 1494.0 20.0 10.0
977.0 843.0 20.0 10.0
1289.0 866.0 20.0 10.0
300.0 1574.0 20.0 10.0
481.0 1431.0 20.0 10.0
1112.0 425.0 20.0 10.0
606.0 1223.0 20.0 10.0
188.0 1460.0 20.0 10.0
1529.0 871.0 20.0 10.0
1052.0 1335.0 20.0 10.0
983.0 1241.0 20.0 10.0
232.0 1480.0 20.0 10.0
710.0 750.0 20.0 10.0
972.0 521.0 20.0 10.0
159.0 1639.0 20.0 10.0
764.0 1651.0 20.0 10.0
672.0 866.0 20.0 10.0
231.0 1610.0 20.0 10.0
1567.0 924.0 20.0 10.0
736.0 1546.0 20.0 10.0
1247.0 248.0 20.0 10.0
446.0 1518.0 20.0 10.0
728.0 1122.0 20.0 10.0
977.0 993.0 20.0 10.0
1544.0 752.0 20.0 10.0
649.0 1522.0 20.0 10.0
1588.0 871.0 20.0 10.0
1010.0 408.0 20.0 10.0
1699.0 879.0 20.0 10.0
479.0 1176.0 20.0 10.0
106.0 1681.0 20.0 10.0
671.0 812.0 20.0 10.0
989.0 970.0 20.0 10.0
136.0 1658.0 20.0 10.0
997.0 1008.0 20.0 10.0
137.0 1725.0 20.0 10.0
1005.0 847.0 20.0 10.0
1135.0 827.0 20.0 10.0
109.0 1750.0 20.0 10.0
406.0 1357.0 20.0 10.0
1373.0 957.0 20.0 10.0
331.0 1345.0 20.0 10.0
715.0 1501.0 20.0 10.0
898.0 739.0 20.0 10.0
1255.0 150.0 20.0 10.0
758.0 723.0 20.0 10.0
1112.0 737.0 20.0 10.0
676.0 759.0 20.0 10.0
1376.0 879.0 20.0 10.0
632.0 1490.0 20.0 10.0
435.0 1571.0 20.0 10.0
906.0 1180.0 20.0 10.0
188.0 1617.0 20.0 10.0
952.0 497.0 20.0 10.0
1199.0 347.0 20.0 10.0
691.0 1420.0 20.0 10.0
928.0 1175.0 20.0 10.0
722.0 860.0 20.0 10.0
706.0 1155.0 20.0 10.0
886.0 999.0 20.0 10.0
928.0 993.0 20.0 10.0
705.0 803.0 20.0 10.0
1556.0 934.0 20.0 10.0
1066.0 734.0 20.0 10.0
534.0 1253.0 20.0 10.0
646.0 1347.0 20.0 10.0
659.0 1425.0 20.0 10.0
261.0 1654.0 20.0 10.0
25.0 1578.0 20.0 10.0
743.0 1120.0 20.0 10.0
1244.0 202.0 20.0 10.0
459.0 1179.0 20.0 10.0
754.0 532.0 20.0 10.0
864.0 1158.0 20.0 10.0
654.0 1551.0 20.0 10.0
1442.0 721.0 20.0 10.0
105.0 1676.0 20.0 10.0
1598.0 950.0 20.0 10.0
1694.0 959.0 20.0 10.0
1089.0 772.0 20.0 10.0
904.0 428.0 20.0 10.0
1544.0 763.0 20.0 10.0
617.0 1245.0 20.0 10.0
136.0 1543.0 20.0 10.0
1004.0 918.0 20.0 10.0
607.0 1318.0 20.0 10.0
714.0 480.0 20.0 10.0
418.0 1641.0 20.0 10.0
1551.0 863.0 20.0 10.0
1404.0 941.0 20.0 10.0
989.0 864.0 20.0 10.0
742.0 1499.0 20.0 10.0
463.0 1304.0 20.0 10.0
1581.0 867.0 20.0 10.0
472.0 1345.0 20.0 10.0
461.0 1297.0 20.0 10.0
198.0 1657.0 20.0 10.0
1034.0 552.0 20.0 10.0
816.0 837.0 20.0 10.0
970.0 146.0 20.0 10.0
1468.0 727.0 20.0 10.0
265.0 1497.0 20.0 10.0
700.0 1471.0 20.0 10.0
1019.0 993.0 20.0 10.0
127.0 1526.0 20.0 10.0
825.0 611.0 20.0 10.0
308.0 1340.0 20.0 10.0
648.0 817.0 20.0 10.0
1767.0 912.0 20.0 10.0
784.0 1056.0 20.0 10.0
432.0 1344.0 20.0 10.0
1241.0 197.0 20.0 10.0
227.0 1446.0 20.0 10.0
1108.0 463.0 20.0 10.0
713.0 1468.0 20.0 10.0
289.0 1714.0 20.0 10.0
274.0 1535.0 20.0 10.0
531.0 1300.0 20.0 10.0
743.0 1050.0 20.0 10.0
647.0 730.0 20.0 10.0
686.0 714.0 20.0 10.0
187.0 1682.0 20.0 10.0
639.0 737.0 20.0 10.0
652.0 1566.0 20.0 10.0
1771.0 885.0 20.0 10.0
1447.0 774.0 20.0 10.0
1138.0 388.0 20.0 10.0
1776.0 881.0 20.0 10.0
307.0 1344.0 20.0 10.0
1727.0 889.0 20.0 10.0
763.0 801.0 20.0 10.0
975.0 943.0 20.0 10.0
499.0 1326.0 20.0 10.0
1404.0 912.0 20.0 10.0
749.0 1496.0 20.0 10.0
