1000
106.0 92.0 20.0 10.0
107.0 87.0 20.0 10.0
95.0 100.0 20.0 10.0
104.0 100.0 20.0 10.0
93.0 98.0 20.0 10.0
112.0 78.0 20.0 10.0
91.0 81.0 20.0 10.0
97.0 96.0 20.0 10.0
95.0 103.0 20.0 10.0
110.0 96.0 20.0 10.0
96.0 85.0 20.0 10.0
117.0 83.0 20.0 10.0
97.0 102.0 20.0 10.0
101.0 87.0 20.0 10.0
114.0 92.0 20.0 10.0
109.0 92.0 20.0 10.0
120.0 101.0 20.0 10.0
108.0 90.0 20.0 10.0
106.0 108.0 20.0 10.0
93.0 77.0 20.0 10.0
102.0 85.0 20.0 10.0
79.0 96.0 20.0 10.0
98.0 97.0 20.0 10.0
84.0 110.0 20.0 10.0
93.0 90.0 20.0 10.0
94.0 93.0 20.0 10.0
101.0 91.0 20.0 10.0
98.0 87.0 20.0 10.0
127.0 95.0 20.0 10.0
109.0 112.0 20.0 10.0
103.0 110.0 20.0 10.0
112.0 95.0 20.0 10.0
112.0 71.0 20.0 10.0
102.0 98.0 20.0 10.0
113.0 91.0 20.0 10.0
93.0 107.0 20.0 10.0
107.0 102.0 20.0 10.0
79.0 74.0 20.0 10.0
109.0 80.0 20.0 10.0
124.0 92.0 20.0 10.0
96.0 98.0 20.0 10.0
91.0 108.0 20.0 10.0
110.0 107.0 20.0 10.0
88.0 106.0 20.0 10.0
96.0 90.0 20.0 10.0
87.0 87.0 20.0 10.0
129.0 91.0 20.0 10.0
95.0 86.0 20.0 10.0
104.0 88.0 20.0 10.0
119.0 79.0 20.0 10.0
82.0 78.0 20.0 10.0
99.0 78.0 20.0 10.0
97.0 125.0 20.0 10.0
89.0 73.0 20.0 10.0
80.0 101.0 20.0 10.0
93.0 84.0 20.0 10.0
114.0 101.0 20.0 10.0
101.0 92.0 20.0 10.0
87.0 102.0 20.0 10.0
111.0 83.0 20.0 10.0
124.0 124.0 20.0 10.0
87.0 99.0 20.0 10.0
104.0 104.0 20.0 10.0
108.0 60.0 20.0 10.0
82.0 98.0 20.0 10.0
114.0 112.0 20.0 10.0
115.0 77.0 20.0 10.0
90.0 80.0 20.0 10.0
110.0 105.0 20.0 10.0
121.0 88.0 20.0 10.0
120.0 117.0 20.0 10.0
85.0 110.0 20.0 10.0
138.0 91.0 20.0 10.0
101.0 118.0 20.0 10.0
85.0 95.0 20.0 10.0
61.0 87.0 20.0 10.0
72.0 111.0 20.0 10.0
107.0 74.0 20.0 10.0
96.0 83.0 20.0 10.0
79.0 98.0 20.0 10.0
99.0 119.0 20.0 10.0
102.0 120.0 20.0 10.0
92.0 95.0 20.0 10.0
73.0 109.0 20.0 10.0
120.0 107.0 20.0 10.0
106.0 106.0 20.0 10.0
77.0 96.0 20.0 10.0
109.0 77.0 20.0 10.0
100.0 62.0 20.0 10.0
70.0 72.0 20.0 10.0
69.0 105.0 20.0 10.0
91.0 99.0 20.0 10.0
99.0 123.0 20.0 10.0
78.0 74.0 20.0 10.0
82.0 85.0 20.0 10.0
100.0 63.0 20.0 10.0
120.0 88.0 20.0 10.0
85.0 99.0 20.0 10.0
120.0 96.0 20.0 10.0
115.0 67.0 20.0 10.0
75.0 75.0 20.0 10.0
67.0 80.0 20.0 10.0
119.0 92.0 20.0 10.0
107.0 99.0 20.0 10.0
124.0 97.0 20.0 10.0
122.0 110.0 20.0 10.0
79.0 106.0 20.0 10.0
82.0 81.0 20.0 10.0
115.0 107.0 20.0 10.0
123.0 87.0 20.0 10.0
63.0 93.0 20.0 10.0
143.0 89.0 20.0 10.0
82.0 100.0 20.0 10.0
98.0 57.0 20.0 10.0
112.0 76.0 20.0 10.0
110.0 66.0 20.0 10.0
103.0 95.0 20.0 10.0
101.0 93.0 20.0 10.0
95.0 80.0 20.0 10.0
80.0 114.0 20.0 10.0
105.0 114.0 20.0 10.0
135.0 110.0 20.0 10.0
108.0 95.0 20.0 10.0
133.0 66.0 20.0 10.0
115.0 61.0 20.0 10.0
114.0 108.0 20.0 10.0
85.0 50.0 20.0 10.0
113.0 127.0 20.0 10.0
80.0 112.0 20.0 10.0
84.0 125.0 20.0 10.0
112.0 84.0 20.0 10.0
94.0 74.0 20.0 10.0
132.0 90.0 20.0 10.0
134.0 79.0 20.0 10.0
87.0 107.0 20.0 10.0
120.0 79.0 20.0 10.0
117.0 58.0 20.0 10.0
55.0 83.0 20.0 10.0
95.0 128.0 20.0 10.0
73.0 114.0 20.0 10.0
130.0 110.0 20.0 10.0
111.0 91.0 20.0 10.0
87.0 59.0 20.0 10.0
75.0 69.0 20.0 10.0
76.0 119.0 20.0 10.0
95.0 64.0 20.0 10.0
69.0 96.0 20.0 10.0
117.0 107.0 20.0 10.0
94.0 120.0 20.0 10.0
80.0 128.0 20.0 10.0
127.0 103.0 20.0 10.0
111.0 116.0 20.0 10.0
131.0 92.0 20.0 10.0
128.0 113.0 20.0 10.0
106.0 77.0 20.0 10.0
82.0 122.0 20.0 10.0
109.0 62.0 20.0 10.0
136.0 80.0 20.0 10.0
96.0 111.0 20.0 10.0
97.0 81.0 20.0 10.0
80.0 108.0 20.0 10.0
136.0 77.0 20.0 10.0
127.0 80.0 20.0 10.0
97.0 119.0 20.0 10.0
90.0 64.0 20.0 10.0
102.0 102.0 20.0 10.0
125.0 114.0 20.0 10.0
119.0 61.0 20.0 10.0
112.0 114.0 20.0 10.0
100.0 110.0 20.0 10.0
81.0 104.0 20.0 10.0
100.0 114.0 20.0 10.0
95.0 117.0 20.0 10.0
141.0 101.0 20.0 10.0
130.0 71.0 20.0 10.0
93.0 64.0 20.0 10.0
119.0 103.0 20.0 10.0
77.0 111.0 20.0 10.0
125.0 90.0 20.0 10.0
134.0 78.0 20.0 10.0
111.0 81.0 20.0 10.0
66.0 62.0 20.0 10.0
77.0 117.0 20.0 10.0
83.0 88.0 20.0 10.0
126.0 118.0 20.0 10.0
104.0 138.0 20.0 10.0
122.0 55.0 20.0 10.0
135.0 61.0 20.0 10.0
69.0 73.0 20.0 10.0
85.0 119.0 20.0 10.0
65.0 98.0 20.0 10.0
74.0 106.0 20.0 10.0
105.0 40.0 20.0 10.0
86.0 78.0 20.0 10.0
93.0 72.0 20.0 10.0
145.0 114.0 20.0 10.0
131.0 114.0 20.0 10.0
124.0 108.0 20.0 10.0
119.0 127.0 20.0 10.0
100.0 115.0 20.0 10.0
118.0 87.0 20.0 10.0
66.0 90.0 20.0 10.0
115.0 84.0 20.0 10.0
69.0 102.0 20.0 10.0
110.0 76.0 20.0 10.0
95.0 71.0 20.0 10.0
141.0 94.0 20.0 10.0
77.0 66.0 20.0 10.0
107.0 118.0 20.0 10.0
111.0 115.0 20.0 10.0
104.0 117.0 20.0 10.0
65.0 96.0 20.0 10.0
119.0 89.0 20.0 10.0
97.0 141.0 20.0 10.0
138.0 101.0 20.0 10.0
105.0 129.0 20.0 10.0
128.0 123.0 20.0 10.0
106.0 53.0 20.0 10.0
117.0 103.0 20.0 10.0
120.0 119.0 20.0 10.0
128.0 77.0 20.0 10.0
77.0 63.0 20.0 10.0
134.0 85.0 20.0 10.0
77.0 59.0 20.0 10.0
104.0 85.0 20.0 10.0
107.0 133.0 20.0 10.0
87.0 80.0 20.0 10.0
112.0 118.0 20.0 10.0
114.0 71.0 20.0 10.0
60.0 113.0 20.0 10.0
110.0 48.0 20.0 10.0
90.0 53.0 20.0 10.0
142.0 117.0 20.0 10.0
85.0 66.0 20.0 10.0
96.0 75.0 20.0 10.0
70.0 76.0 20.0 10.0
93.0 59.0 20.0 10.0
131.0 115.0 20.0 10.0
116.0 126.0 20.0 10.0
78.0 136.0 20.0 10.0
145.0 78.0 20.0 10.0
122.0 125.0 20.0 10.0
136.0 101.0 20.0 10.0
130.0 108.0 20.0 10.0
128.0 99.0 20.0 10.0
121.0 53.0 20.0 10.0
84.0 84.0 20.0 10.0
71.0 112.0 20.0 10.0
127.0 109.0 20.0 10.0
84.0 134.0 20.0 10.0
117.0 131.0 20.0 10.0
79.0 77.0 20.0 10.0
65.0 66.0 20.0 10.0
89.0 116.0 20.0 10.0
122.0 94.0 20.0 10.0
91.0 75.0 20.0 10.0
73.0 102.0 20.0 10.0
109.0 130.0 20.0 10.0
152.0 96.0 20.0 10.0
134.0 127.0 20.0 10.0
129.0 120.0 20.0 10.0
91.0 95.0 20.0 10.0
139.0 90.0 20.0 10.0
103.0 134.0 20.0 10.0
62.0 77.0 20.0 10.0
141.0 97.0 20.0 10.0
118.0 93.0 20.0 10.0
131.0 135.0 20.0 10.0
137.0 103.0 20.0 10.0
106.0 55.0 20.0 10.0
133.0 74.0 20.0 10.0
115.0 119.0 20.0 10.0
103.0 50.0 20.0 10.0
69.0 90.0 20.0 10.0
124.0 128.0 20.0 10.0
96.0 135.0 20.0 10.0
67.0 82.0 20.0 10.0
152.0 75.0 20.0 10.0
83.0 83.0 20.0 10.0
78.0 108.0 20.0 10.0
116.0 143.0 20.0 10.0
144.0 71.0 20.0 10.0
143.0 83.0 20.0 10.0
87.0 135.0 20.0 10.0
117.0 72.0 20.0 10.0
91.0 125.0 20.0 10.0
88.0 50.0 20.0 10.0
61.0 114.0 20.0 10.0
97.0 61.0 20.0 10.0
95.0 69.0 20.0 10.0
135.0 70.0 20.0 10.0
44.0 123.0 20.0 10.0
123.0 50.0 20.0 10.0
106.0 68.0 20.0 10.0
122.0 114.0 20.0 10.0
116.0 56.0 20.0 10.0
96.0 61.0 20.0 10.0
91.0 56.0 20.0 10.0
119.0 85.0 20.0 10.0
140.0 108.0 20.0 10.0
84.0 113.0 20.0 10.0
117.0 121.0 20.0 10.0
70.0 99.0 20.0 10.0
106.0 141.0 20.0 10.0
72.0 89.0 20.0 10.0
102.0 109.0 20.0 10.0
93.0 142.0 20.0 10.0
101.0 98.0 20.0 10.0
123.0 121.0 20.0 10.0
80.0 91.0 20.0 10.0
114.0 142.0 20.0 10.0
103.0 60.0 20.0 10.0
87.0 126.0 20.0 10.0
136.0 122.0 20.0 10.0
41.0 102.0 20.0 10.0
107.0 136.0 20.0 10.0
132.0 83.0 20.0 10.0
123.0 67.0 20.0 10.0
80.0 132.0 20.0 10.0
126.0 72.0 20.0 10.0
84.0 73.0 20.0 10.0
87.0 82.0 20.0 10.0
80.0 66.0 20.0 10.0
132.0 87.0 20.0 10.0
89.0 149.0 20.0 10.0
137.0 114.0 20.0 10.0
63.0 102.0 20.0 10.0
161.0 88.0 20.0 10.0
66.0 72.0 20.0 10.0
162.0 65.0 20.0 10.0
134.0 50.0 20.0 10.0
72.0 130.0 20.0 10.0
104.0 142.0 20.0 10.0
92.0 70.0 20.0 10.0
113.0 59.0 20.0 10.0
120.0 123.0 20.0 10.0
112.0 123.0 20.0 10.0
107.0 127.0 20.0 10.0
131.0 97.0 20.0 10.0
74.0 81.0 20.0 10.0
140.0 67.0 20.0 10.0
139.0 79.0 20.0 10.0
67.0 71.0 20.0 10.0
64.0 38.0 20.0 10.0
47.0 121.0 20.0 10.0
57.0 117.0 20.0 10.0
124.0 103.0 20.0 10.0
117.0 48.0 20.0 10.0
61.0 110.0 20.0 10.0
123.0 59.0 20.0 10.0
140.0 83.0 20.0 10.0
86.0 123.0 20.0 10.0
153.0 104.0 20.0 10.0
146.0 122.0 20.0 10.0
81.0 106.0 20.0 10.0
133.0 69.0 20.0 10.0
72.0 79.0 20.0 10.0
140.0 69.0 20.0 10.0
98.0 68.0 20.0 10.0
92.0 117.0 20.0 10.0
116.0 124.0 20.0 10.0
73.0 90.0 20.0 10.0
65.0 134.0 20.0 10.0
103.0 129.0 20.0 10.0
129.0 52.0 20.0 10.0
79.0 60.0 20.0 10.0
71.0 104.0 20.0 10.0
76.0 56.0 20.0 10.0
110.0 103.0 20.0 10.0
56.0 96.0 20.0 10.0
75.0 123.0 20.0 10.0
74.0 84.0 20.0 10.0
143.0 69.0 20.0 10.0
125.0 126.0 20.0 10.0
151.0 91.0 20.0 10.0
113.0 138.0 20.0 10.0
78.0 119.0 20.0 10.0
83.0 66.0 20.0 10.0
130.0 111.0 20.0 10.0
67.0 57.0 20.0 10.0
125.0 44.0 20.0 10.0
60.0 108.0 20.0 10.0
72.0 106.0 20.0 10.0
136.0 97.0 20.0 10.0
101.0 128.0 20.0 10.0
80.0 119.0 20.0 10.0
63.0 90.0 20.0 10.0
45.0 134.0 20.0 10.0
131.0 102.0 20.0 10.0
131.0 130.0 20.0 10.0
127.0 77.0 20.0 10.0
87.0 138.0 20.0 10.0
76.0 79.0 20.0 10.0
110.0 123.0 20.0 10.0
93.0 138.0 20.0 10.0
146.0 73.0 20.0 10.0
72.0 70.0 20.0 10.0
75.0 108.0 20.0 10.0
155.0 110.0 20.0 10.0
93.0 62.0 20.0 10.0
119.0 82.0 20.0 10.0
165.0 85.0 20.0 10.0
65.0 74.0 20.0 10.0
75.0 111.0 20.0 10.0
57.0 129.0 20.0 10.0
72.0 137.0 20.0 10.0
98.0 130.0 20.0 10.0
77.0 149.0 20.0 10.0
119.0 56.0 20.0 10.0
76.0 134.0 20.0 10.0
60.0 83.0 20.0 10.0
146.0 77.0 20.0 10.0
71.0 93.0 20.0 10.0
133.0 62.0 20.0 10.0
63.0 76.0 20.0 10.0
93.0 129.0 20.0 10.0
116.0 139.0 20.0 10.0
144.0 106.0 20.0 10.0
81.0 97.0 20.0 10.0
60.0 63.0 20.0 10.0
70.0 128.0 20.0 10.0
126.0 47.0 20.0 10.0
91.0 71.0 20.0 10.0
146.0 69.0 20.0 10.0
126.0 81.0 20.0 10.0
94.0 131.0 20.0 10.0
135.0 113.0 20.0 10.0
86.0 125.0 20.0 10.0
73.0 64.0 20.0 10.0
137.0 149.0 20.0 10.0
144.0 82.0 20.0 10.0
57.0 85.0 20.0 10.0
134.0 147.0 20.0 10.0
136.0 90.0 20.0 10.0
140.0 89.0 20.0 10.0
85.0 142.0 20.0 10.0
74.0 87.0 20.0 10.0
77.0 72.0 20.0 10.0
61.0 75.0 20.0 10.0
159.0 111.0 20.0 10.0
52.0 98.0 20.0 10.0
76.0 101.0 20.0 10.0
82.0 137.0 20.0 10.0
157.0 78.0 20.0 10.0
82.0 114.0 20.0 10.0
77.0 144.0 20.0 10.0
97.0 132.0 20.0 10.0
80.0 56.0 20.0 10.0
151.0 84.0 20.0 10.0
128.0 104.0 20.0 10.0
77.0 61.0 20.0 10.0
87.0 32.0 20.0 10.0
95.0 51.0 20.0 10.0
45.0 64.0 20.0 10.0
85.0 122.0 20.0 10.0
65.0 80.0 20.0 10.0
56.0 52.0 20.0 10.0
102.0 155.0 20.0 10.0
69.0 64.0 20.0 10.0
78.0 84.0 20.0 10.0
109.0 120.0 20.0 10.0
56.0 135.0 20.0 10.0
132.0 133.0 20.0 10.0
129.0 63.0 20.0 10.0
86.0 130.0 20.0 10.0
63.0 116.0 20.0 10.0
135.0 118.0 20.0 10.0
124.0 105.0 20.0 10.0
111.0 122.0 20.0 10.0
44.0 103.0 20.0 10.0
132.0 47.0 20.0 10.0
131.0 65.0 20.0 10.0
74.0 115.0 20.0 10.0
103.0 76.0 20.0 10.0
88.0 71.0 20.0 10.0
111.0 68.0 20.0 10.0
65.0 103.0 20.0 10.0
104.0 124.0 20.0 10.0
114.0 49.0 20.0 10.0
74.0 129.0 20.0 10.0
80.0 43.0 20.0 10.0
119.0 104.0 20.0 10.0
91.0 39.0 20.0 10.0
147.0 96.0 20.0 10.0
57.0 82.0 20.0 10.0
62.0 135.0 20.0 10.0
100.0 135.0 20.0 10.0
142.0 85.0 20.0 10.0
95.0 113.0 20.0 10.0
126.0 145.0 20.0 10.0
95.0 136.0 20.0 10.0
100.0 39.0 20.0 10.0
128.0 55.0 20.0 10.0
36.0 70.0 20.0 10.0
100.0 60.0 20.0 10.0
137.0 105.0 20.0 10.0
87.0 45.0 20.0 10.0
68.0 83.0 20.0 10.0
56.0 92.0 20.0 10.0
123.0 147.0 20.0 10.0
118.0 75.0 20.0 10.0
66.0 118.0 20.0 10.0
121.0 121.0 20.0 10.0
143.0 63.0 20.0 10.0
108.0 58.0 20.0 10.0
65.0 105.0 20.0 10.0
81.0 51.0 20.0 10.0
70.0 81.0 20.0 10.0
75.0 131.0 20.0 10.0
73.0 118.0 20.0 10.0
127.0 52.0 20.0 10.0
138.0 123.0 20.0 10.0
169.0 82.0 20.0 10.0
148.0 115.0 20.0 10.0
152.0 87.0 20.0 10.0
126.0 117.0 20.0 10.0
105.0 132.0 20.0 10.0
129.0 142.0 20.0 10.0
126.0 97.0 20.0 10.0
61.0 120.0 20.0 10.0
106.0 43.0 20.0 10.0
92.0 151.0 20.0 10.0
140.0 62.0 20.0 10.0
114.0 66.0 20.0 10.0
51.0 115.0 20.0 10.0
70.0 121.0 20.0 10.0
122.0 142.0 20.0 10.0
61.0 152.0 20.0 10.0
135.0 83.0 20.0 10.0
85.0 69.0 20.0 10.0
74.0 49.0 20.0 10.0
78.0 71.0 20.0 10.0
150.0 77.0 20.0 10.0
118.0 115.0 20.0 10.0
89.0 58.0 20.0 10.0
56.0 91.0 20.0 10.0
110.0 46.0 20.0 10.0
105.0 112.0 20.0 10.0
47.0 101.0 20.0 10.0
95.0 53.0 20.0 10.0
150.0 112.0 20.0 10.0
113.0 133.0 20.0 10.0
101.0 54.0 20.0 10.0
61.0 127.0 20.0 10.0
102.0 139.0 20.0 10.0
110.0 142.0 20.0 10.0
154.0 101.0 20.0 10.0
139.0 98.0 20.0 10.0
102.0 145.0 20.0 10.0
58.0 93.0 20.0 10.0
150.0 132.0 20.0 10.0
62.0 70.0 20.0 10.0
128.0 127.0 20.0 10.0
81.0 59.0 20.0 10.0
73.0 134.0 20.0 10.0
132.0 124.0 20.0 10.0
129.0 55.0 20.0 10.0
125.0 109.0 20.0 10.0
163.0 100.0 20.0 10.0
103.0 55.0 20.0 10.0
155.0 93.0 20.0 10.0
104.0 122.0 20.0 10.0
78.0 50.0 20.0 10.0
150.0 109.0 20.0 10.0
62.0 68.0 20.0 10.0
97.0 58.0 20.0 10.0
121.0 44.0 20.0 10.0
125.0 67.0 20.0 10.0
109.0 98.0 20.0 10.0
54.0 76.0 20.0 10.0
69.0 108.0 20.0 10.0
100.0 132.0 20.0 10.0
155.0 91.0 20.0 10.0
81.0 70.0 20.0 10.0
153.0 94.0 20.0 10.0
107.0 52.0 20.0 10.0
74.0 72.0 20.0 10.0
50.0 87.0 20.0 10.0
152.0 79.0 20.0 10.0
61.0 98.0 20.0 10.0
56.0 124.0 20.0 10.0
90.0 130.0 20.0 10.0
75.0 42.0 20.0 10.0
97.0 109.0 20.0 10.0
93.0 44.0 20.0 10.0
50.0 129.0 20.0 10.0
73.0 143.0 20.0 10.0
108.0 160.0 20.0 10.0
103.0 40.0 20.0 10.0
86.0 55.0 20.0 10.0
81.0 145.0 20.0 10.0
133.0 57.0 20.0 10.0
37.0 61.0 20.0 10.0
132.0 99.0 20.0 10.0
168.0 85.0 20.0 10.0
135.0 93.0 20.0 10.0
139.0 75.0 20.0 10.0
104.0 136.0 20.0 10.0
82.0 47.0 20.0 10.0
61.0 116.0 20.0 10.0
101.0 78.0 20.0 10.0
58.0 78.0 20.0 10.0
48.0 86.0 20.0 10.0
166.0 112.0 20.0 10.0
125.0 51.0 20.0 10.0
81.0 123.0 20.0 10.0
65.0 121.0 20.0 10.0
54.0 134.0 20.0 10.0
71.0 120.0 20.0 10.0
89.0 134.0 20.0 10.0
116.0 111.0 20.0 10.0
89.0 114.0 20.0 10.0
146.0 109.0 20.0 10.0
137.0 111.0 20.0 10.0
117.0 144.0 20.0 10.0
113.0 34.0 20.0 10.0
101.0 151.0 20.0 10.0
124.0 111.0 20.0 10.0
149.0 128.0 20.0 10.0
129.0 79.0 20.0 10.0
139.0 95.0 20.0 10.0
169.0 105.0 20.0 10.0
135.0 119.0 20.0 10.0
129.0 67.0 20.0 10.0
93.0 66.0 20.0 10.0
57.0 77.0 20.0 10.0
49.0 107.0 20.0 10.0
64.0 64.0 20.0 10.0
108.0 69.0 20.0 10.0
145.0 137.0 20.0 10.0
72.0 50.0 20.0 10.0
90.0 51.0 20.0 10.0
116.0 145.0 20.0 10.0
69.0 118.0 20.0 10.0
88.0 47.0 20.0 10.0
60.0 80.0 20.0 10.0
147.0 98.0 20.0 10.0
127.0 74.0 20.0 10.0
79.0 80.0 20.0 10.0
110.0 52.0 20.0 10.0
144.0 95.0 20.0 10.0
142.0 123.0 20.0 10.0
88.0 141.0 20.0 10.0
66.0 77.0 20.0 10.0
91.0 48.0 20.0 10.0
147.0 133.0 20.0 10.0
49.0 66.0 20.0 10.0
115.0 114.0 20.0 10.0
130.0 57.0 20.0 10.0
87.0 132.0 20.0 10.0
138.0 62.0 20.0 10.0
104.0 44.0 20.0 10.0
63.0 58.0 20.0 10.0
133.0 110.0 20.0 10.0
139.0 130.0 20.0 10.0
66.0 86.0 20.0 10.0
131.0 75.0 20.0 10.0
81.0 26.0 20.0 10.0
85.0 63.0 20.0 10.0
123.0 139.0 20.0 10.0
71.0 146.0 20.0 10.0
67.0 66.0 20.0 10.0
161.0 110.0 20.0 10.0
147.0 136.0 20.0 10.0
115.0 79.0 20.0 10.0
129.0 61.0 20.0 10.0
56.0 104.0 20.0 10.0
103.0 115.0 20.0 10.0
144.0 98.0 20.0 10.0
94.0 122.0 20.0 10.0
127.0 115.0 20.0 10.0
139.0 112.0 20.0 10.0
124.0 46.0 20.0 10.0
99.0 45.0 20.0 10.0
60.0 91.0 20.0 10.0
120.0 72.0 20.0 10.0
66.0 115.0 20.0 10.0
157.0 63.0 20.0 10.0
53.0 111.0 20.0 10.0
90.0 127.0 20.0 10.0
148.0 67.0 20.0 10.0
89.0 155.0 20.0 10.0
98.0 42.0 20.0 10.0
113.0 130.0 20.0 10.0
135.0 65.0 20.0 10.0
136.0 55.0 20.0 10.0
52.0 82.0 20.0 10.0
88.0 61.0 20.0 10.0
145.0 118.0 20.0 10.0
107.0 33.0 20.0 10.0
50.0 101.0 20.0 10.0
141.0 58.0 20.0 10.0
73.0 94.0 20.0 10.0
60.0 131.0 20.0 10.0
98.0 154.0 20.0 10.0
117.0 43.0 20.0 10.0
120.0 66.0 20.0 10.0
72.0 57.0 20.0 10.0
49.0 116.0 20.0 10.0
58.0 72.0 20.0 10.0
50.0 124.0 20.0 10.0
57.0 118.0 20.0 10.0
46.0 91.0 20.0 10.0
153.0 74.0 20.0 10.0
140.0 103.0 20.0 10.0
125.0 101.0 20.0 10.0
116.0 96.0 20.0 10.0
114.0 106.0 20.0 10.0
111.0 57.0 20.0 10.0
124.0 133.0 20.0 10.0
154.0 55.0 20.0 10.0
93.0 57.0 20.0 10.0
75.0 66.0 20.0 10.0
98.0 142.0 20.0 10.0
105.0 71.0 20.0 10.0
139.0 124.0 20.0 10.0
126.0 149.0 20.0 10.0
151.0 37.0 20.0 10.0
154.0 81.0 20.0 10.0
65.0 100.0 20.0 10.0
64.0 107.0 20.0 10.0
175.0 100.0 20.0 10.0
150.0 84.0 20.0 10.0
138.0 139.0 20.0 10.0
68.0 98.0 20.0 10.0
108.0 141.0 20.0 10.0
88.0 89.0 20.0 10.0
65.0 54.0 20.0 10.0
68.0 33.0 20.0 10.0
113.0 28.0 20.0 10.0
105.0 62.0 20.0 10.0
56.0 105.0 20.0 10.0
69.0 156.0 20.0 10.0
150.0 118.0 20.0 10.0
149.0 117.0 20.0 10.0
80.0 77.0 20.0 10.0
127.0 133.0 20.0 10.0
51.0 71.0 20.0 10.0
54.0 66.0 20.0 10.0
162.0 131.0 20.0 10.0
91.0 46.0 20.0 10.0
83.0 105.0 20.0 10.0
129.0 69.0 20.0 10.0
106.0 66.0 20.0 10.0
154.0 112.0 20.0 10.0
158.0 109.0 20.0 10.0
82.0 118.0 20.0 10.0
42.0 84.0 20.0 10.0
48.0 47.0 20.0 10.0
47.0 95.0 20.0 10.0
152.0 64.0 20.0 10.0
115.0 44.0 20.0 10.0
57.0 61.0 20.0 10.0
101.0 69.0 20.0 10.0
46.0 78.0 20.0 10.0
84.0 146.0 20.0 10.0
119.0 50.0 20.0 10.0
142.0 105.0 20.0 10.0
108.0 122.0 20.0 10.0
74.0 127.0 20.0 10.0
80.0 47.0 20.0 10.0
67.0 100.0 20.0 10.0
35.0 83.0 20.0 10.0
94.0 153.0 20.0 10.0
127.0 61.0 20.0 10.0
129.0 151.0 20.0 10.0
75.0 118.0 20.0 10.0
89.0 40.0 20.0 10.0
57.0 112.0 20.0 10.0
51.0 119.0 20.0 10.0
57.0 102.0 20.0 10.0
42.0 49.0 20.0 10.0
77.0 125.0 20.0 10.0
48.0 34.0 20.0 10.0
103.0 47.0 20.0 10.0
49.0 83.0 20.0 10.0
120.0 70.0 20.0 10.0
132.0 150.0 20.0 10.0
111.0 44.0 20.0 10.0
48.0 93.0 20.0 10.0
133.0 103.0 20.0 10.0
120.0 46.0 20.0 10.0
143.0 115.0 20.0 10.0
37.0 67.0 20.0 10.0
68.0 129.0 20.0 10.0
121.0 74.0 20.0 10.0
115.0 54.0 20.0 10.0
69.0 136.0 20.0 10.0
83.0 120.0 20.0 10.0
167.0 91.0 20.0 10.0
56.0 88.0 20.0 10.0
102.0 67.0 20.0 10.0
100.0 99.0 20.0 10.0
152.0 105.0 20.0 10.0
63.0 51.0 20.0 10.0
135.0 124.0 20.0 10.0
98.0 147.0 20.0 10.0
41.0 116.0 20.0 10.0
164.0 93.0 20.0 10.0
118.0 66.0 20.0 10.0
135.0 58.0 20.0 10.0
158.0 132.0 20.0 10.0
123.0 70.0 20.0 10.0
76.0 49.0 20.0 10.0
119.0 64.0 20.0 10.0
37.0 125.0 20.0 10.0
66.0 128.0 20.0 10.0
155.0 124.0 20.0 10.0
58.0 107.0 20.0 10.0
73.0 62.0 20.0 10.0
93.0 113.0 20.0 10.0
127.0 84.0 20.0 10.0
101.0 105.0 20.0 10.0
47.0 114.0 20.0 10.0
124.0 36.0 20.0 10.0
144.0 55.0 20.0 10.0
96.0 49.0 20.0 10.0
120.0 59.0 20.0 10.0
62.0 42.0 20.0 10.0
72.0 127.0 20.0 10.0
119.0 146.0 20.0 10.0
117.0 119.0 20.0 10.0
101.0 71.0 20.0 10.0
69.0 79.0 20.0 10.0
111.0 140.0 20.0 10.0
68.0 123.0 20.0 10.0
110.0 54.0 20.0 10.0
96.0 35.0 20.0 10.0
101.0 45.0 20.0 10.0
79.0 142.0 20.0 10.0
135.0 132.0 20.0 10.0
138.0 44.0 20.0 10.0
141.0 75.0 20.0 10.0
74.0 141.0 20.0 10.0
74.0999984741211 81.0 20.0 10.0
142.0 36.0 20.0 10.0
132.0 157.0 20.0 10.0
67.0 108.0 20.0 10.0
81.0 139.0 20.0 10.0
138.0 70.0 20.0 10.0
81.0 44.0 20.0 10.0
113.0 155.0 20.0 10.0
36.0 112.0 20.0 10.0
60.0 101.0 20.0 10.0
90.0 111.0 20.0 10.0
140.0 110.0 20.0 10.0
129.0 80.0 20.0 10.0
147.0 102.0 20.0 10.0
187.0 100.0 20.0 10.0
169.0 78.0 20.0 10.0
131.0 105.0 20.0 10.0
53.0 114.0 20.0 10.0
70.0 61.0 20.0 10.0
148.0 138.0 20.0 10.0
130.0 138.0 20.0 10.0
90.0 67.0 20.0 10.0
117.0 133.0 20.0 10.0
59.0 56.0 20.0 10.0
71.0 64.0 20.0 10.0
123.0 63.0 20.0 10.0
59.0 95.0 20.0 10.0
40.0 70.0 20.0 10.0
59.0 33.0 20.0 10.0
117.0 53.0 20.0 10.0
42.0 90.0 20.0 10.0
106.0 149.0 20.0 10.0
99.0 128.0 20.0 10.0
154.0 98.0 20.0 10.0
105.0 144.0 20.0 10.0
67.0 38.0 20.0 10.0
117.0 61.0 20.0 10.0
160.0 126.0 20.0 10.0
135.0 143.0 20.0 10.0
93.0 148.0 20.0 10.0
138.0 86.0 20.0 10.0
151.0 92.0 20.0 10.0
60.0 71.0 20.0 10.0
124.0 56.0 20.0 10.0
113.0 149.0 20.0 10.0
93.0 26.0 20.0 10.0
117.0 137.0 20.0 10.0
156.0 115.0 20.0 10.0
146.0 88.0 20.0 10.0
139.0 54.0 20.0 10.0
71.0 161.0 20.0 10.0
145.0 93.0 20.0 10.0
165.0 132.0 20.0 10.0
82.0 131.0 20.0 10.0
107.0 153.0 20.0 10.0
132.0 121.0 20.0 10.0
112.0 54.0 20.0 10.0
40.0 51.0 20.0 10.0
141.0 51.0 20.0 10.0
56.0 80.0 20.0 10.0
127.0 139.0 20.0 10.0
129.0 87.0 20.0 10.0
48.0 102.0 20.0 10.0
102.0 152.0 20.0 10.0
127.0 25.0 20.0 10.0
94.0 37.0 20.0 10.0
108.0 82.0 20.0 10.0
89.0 147.0 20.0 10.0
150.0 51.0 20.0 10.0
48.0 62.0 20.0 10.0
111.0 34.0 20.0 10.0
117.0 37.0 20.0 10.0
148.0 89.0 20.0 10.0
46.0 74.0 20.0 10.0
142.0 109.0 20.0 10.0
93.0 35.0 20.0 10.0
116.0 149.0 20.0 10.0
65.0 138.0 20.0 10.0
153.0 65.0 20.0 10.0
158.0 71.0 20.0 10.0
142.0 78.0 20.0 10.0
147.0 60.0 20.0 10.0
49.0 74.0 20.0 10.0
94.0 144.0 20.0 10.0
84.0 54.0 20.0 10.0
141.0 129.0 20.0 10.0
95.0 133.0 20.0 10.0
111.0 134.0 20.0 10.0
147.0 86.0 20.0 10.0
85.0 140.0 20.0 10.0
142.0 142.0 20.0 10.0
177.0 59.0 20.0 10.0
129.0 132.0 20.0 10.0
136.0 135.0 20.0 10.0
81.0 39.0 20.0 10.0
126.0 122.0 20.0 10.0
32.0 88.0 20.0 10.0
82.0 58.0 20.0 10.0
157.0 97.0 20.0 10.0
156.0 103.0 20.0 10.0
143.0 127.0 20.0 10.0
146.0 49.0 20.0 10.0
56.0 99.0 20.0 10.0
155.0 74.0 20.0 10.0
69.0 50.0 20.0 10.0
107.0 64.0 20.0 10.0
82.0 62.0 20.0 10.0
152.0 69.0 20.0 10.0
68.0 51.0 20.0 10.0
53.0 153.0 20.0 10.0
144.0 139.0 20.0 10.0
140.0 132.0 20.0 10.0
136.0 73.0 20.0 10.0
111.0 147.0 20.0 10.0
120.0 133.0 20.0 10.0
99.0 91.0 20.0 10.0
70.0 143.0 20.0 10.0
98.0 54.0 20.0 10.0
106.0 58.0 20.0 10.0
145.0 134.0 20.0 10.0
114.0 40.0 20.0 10.0
111.0 153.0 20.0 10.0
72.0 124.0 20.0 10.0
158.0 86.0 20.0 10.0
78.0 128.0 20.0 10.0
102.0 35.0 20.0 10.0
25.0 121.0 20.0 10.0
45.0 83.0 20.0 10.0
73.0 168.0 20.0 10.0
106.0 49.0 20.0 10.0
152.0 39.0 20.0 10.0
172.0 115.0 20.0 10.0
55.0 62.0 20.0 10.0
137.0 68.0 20.0 10.0
124.0 135.0 20.0 10.0
89.0 32.0 20.0 10.0
100.0 25.0 20.0 10.0
84.0 46.0 20.0 10.0
92.0 101.0 20.0 10.0
128.0 66.0 20.0 10.0
50.0 109.0 20.0 10.0
83.0 152.0 20.0 10.0
65.0 88.0 20.0 10.0
51.0 92.0 20.0 10.0
164.0 105.0 20.0 10.0
91.0 135.0 20.0 10.0
77.0 40.0 20.0 10.0
154.0 161.0 20.0 10.0
118.0 167.0 20.0 10.0
110.0 136.0 20.0 10.0
146.0 82.0 20.0 10.0
139.0 125.0 20.0 10.0
53.0 87.0 20.0 10.0
62.0 103.0 20.0 10.0
99.0 137.0 20.0 10.0
71.0 65.0 20.0 10.0
70.0 38.0 20.0 10.0
149.0 80.0 20.0 10.0
66.0 144.0 20.0 10.0
49.0 98.0 20.0 10.0
121.0 136.0 20.0 10.0
82.0 72.0 20.0 10.0
87.0 57.0 20.0 10.0
58.0 44.0 20.0 10.0
26.0 55.0 20.0 10.0
129.0 59.0 20.0 10.0
