1000
94.0 95.0 20.0 10.0
109.0 93.0 20.0 10.0
89.0 99.0 20.0 10.0
105.0 91.0 20.0 10.0
106.0 104.0 20.0 10.0
100.0 95.0 20.0 10.0
91.0 101.0 20.0 10.0
104.0 80.0 20.0 10.0
106.0 99.0 20.0 10.0
97.0 94.0 20.0 10.0
109.0 116.0 20.0 10.0
102.0 98.0 20.0 10.0
110.0 104.0 20.0 10.0
98.0 110.0 20.0 10.0
101.0 92.0 20.0 10.0
114.0 91.0 20.0 10.0
99.0 85.0 20.0 10.0
90.0 88.0 20.0 10.0
103.0 85.0 20.0 10.0
82.0 79.0 20.0 10.0
103.0 102.0 20.0 10.0
92.0 80.0 20.0 10.0
87.0 75.0 20.0 10.0
100.0 97.0 20.0 10.0
93.0 81.0 20.0 10.0
111.0 92.0 20.0 10.0
92.0 100.0 20.0 10.0
89.0 105.0 20.0 10.0
99.0 100.0 20.0 10.0
96.0 111.0 20.0 10.0
105.0 81.0 20.0 10.0
93.0 82.0 20.0 10.0
114.0 108.0 20.0 10.0
100.0 73.0 20.0 10.0
118.0 102.0 20.0 10.0
98.0 91.0 20.0 10.0
63.0 89.0 20.0 10.0
99.0 84.0 20.0 10.0
109.0 98.0 20.0 10.0
101.0 104.0 20.0 10.0
99.0 83.0 20.0 10.0
82.0 78.0 20.0 10.0
107.0 78.0 20.0 10.0
89.0 92.0 20.0 10.0
109.0 65.0 20.0 10.0
118.0 70.0 20.0 10.0
98.0 104.0 20.0 10.0
109.0 102.0 20.0 10.0
91.0 75.0 20.0 10.0
108.0 101.0 20.0 10.0
86.0 84.0 20.0 10.0
98.0 108.0 20.0 10.0
66.0 101.0 20.0 10.0
121.0 91.0 20.0 10.0
109.0 120.0 20.0 10.0
88.0 97.0 20.0 10.0
85.0 110.0 20.0 10.0
74.0 113.0 20.0 10.0
81.0 116.0 20.0 10.0
96.0 99.0 20.0 10.0
104.0 105.0 20.0 10.0
72.0 106.0 20.0 10.0
85.0 100.0 20.0 10.0
89.0 108.0 20.0 10.0
83.0 130.0 20.0 10.0
110.0 115.0 20.0 10.0
89.0999984741211 92.0 20.0 10.0
110.0 88.0 20.0 10.0
105.0 107.0 20.0 10.0
117.0 94.0 20.0 10.0
123.0 107.0 20.0 10.0
79.0 99.0 20.0 10.0
107.0 82.0 20.0 10.0
94.0 73.0 20.0 10.0
94.0 89.0 20.0 10.0
127.0 111.0 20.0 10.0
104.0 89.0 20.0 10.0
120.0 98.0 20.0 10.0
101.0 105.0 20.0 10.0
85.0 85.0 20.0 10.0
63.0 97.0 20.0 10.0
83.0 70.0 20.0 10.0
81.0 106.0 20.0 10.0
88.0 88.0 20.0 10.0
88.0 77.0 20.0 10.0
86.0 101.0 20.0 10.0
81.0 89.0 20.0 10.0
71.0 85.0 20.0 10.0
77.0 109.0 20.0 10.0
82.0 85.0 20.0 10.0
93.0 105.0 20.0 10.0
93.0 68.0 20.0 10.0
95.0 60.0 20.0 10.0
113.0 94.0 20.0 10.0
91.0 124.0 20.0 10.0
76.0 84.0 20.0 10.0
114.0 80.0 20.0 10.0
125.0 84.0 20.0 10.0
52.0 96.0 20.0 10.0
105.0 95.0 20.0 10.0
82.0 120.0 20.0 10.0
113.0 82.0 20.0 10.0
86.0 107.0 20.0 10.0
93.0 93.0 20.0 10.0
87.0 121.0 20.0 10.0
85.0 122.0 20.0 10.0
101.0 108.0 20.0 10.0
126.0 99.0 20.0 10.0
69.0 102.0 20.0 10.0
70.0 100.0 20.0 10.0
75.0 116.0 20.0 10.0
70.0 94.0 20.0 10.0
69.0 75.0 20.0 10.0
90.0 69.0 20.0 10.0
116.0 102.0 20.0 10.0
106.0 102.0 20.0 10.0
92.0 88.0 20.0 10.0
107.0 109.0 20.0 10.0
111.0 123.0 20.0 10.0
89.0 119.0 20.0 10.0
86.0 88.0 20.0 10.0
101.0 100.0 20.0 10.0
94.0 67.0 20.0 10.0
110.0 84.0 20.0 10.0
86.0 83.0 20.0 10.0
105.0 116.0 20.0 10.0
116.0 60.0 20.0 10.0
87.0 73.0 20.0 10.0
87.0 94.0 20.0 10.0
114.0 102.0 20.0 10.0
119.0 95.0 20.0 10.0
128.0 92.0 20.0 10.0
89.0 93.0 20.0 10.0
122.0 59.0 20.0 10.0
76.0 105.0 20.0 10.0
88.0 65.0 20.0 10.0
106.0 75.0 20.0 10.0
83.0 93.0 20.0 10.0
111.0 106.0 20.0 10.0
97.0 77.0 20.0 10.0
124.0 97.0 20.0 10.0
79.0 93.0 20.0 10.0
107.0 107.0 20.0 10.0
102.0 66.0 20.0 10.0
94.0 107.0 20.0 10.0
101.0 77.0 20.0 10.0
83.0 89.0 20.0 10.0
108.0 94.0 20.0 10.0
101.0 124.0 20.0 10.0
135.0 72.0 20.0 10.0
133.0 96.0 20.0 10.0
93.0 124.0 20.0 10.0
107.0 91.0 20.0 10.0
117.0 68.0 20.0 10.0
92.0 66.0 20.0 10.0
109.0 80.0 20.0 10.0
109.0 135.0 20.0 10.0
100.0 122.0 20.0 10.0
85.0 140.0 20.0 10.0
128.0 83.0 20.0 10.0
81.0 45.0 20.0 10.0
95.0 70.0 20.0 10.0
140.0 94.0 20.0 10.0
85.0 116.0 20.0 10.0
90.0 95.0 20.0 10.0
114.0 88.0 20.0 10.0
112.0 127.0 20.0 10.0
95.0 112.0 20.0 10.0
125.0 57.0 20.0 10.0
120.0 110.0 20.0 10.0
120.0 133.0 20.0 10.0
73.0 111.0 20.0 10.0
80.0 102.0 20.0 10.0
79.0 108.0 20.0 10.0
90.0 75.0 20.0 10.0
128.0 79.0 20.0 10.0
92.0 129.0 20.0 10.0
132.0 85.0 20.0 10.0
86.0 114.0 20.0 10.0
85.0 131.0 20.0 10.0
98.0 126.0 20.0 10.0
52.0 70.0 20.0 10.0
93.0 96.0 20.0 10.0
92.0 110.0 20.0 10.0
114.0 64.0 20.0 10.0
119.0 68.0 20.0 10.0
102.0 126.0 20.0 10.0
122.0 115.0 20.0 10.0
71.0 111.0 20.0 10.0
90.0 82.0 20.0 10.0
99.0 64.0 20.0 10.0
97.0 65.0 20.0 10.0
83.0 125.0 20.0 10.0
117.0 86.0 20.0 10.0
93.0 72.0 20.0 10.0
119.0 125.0 20.0 10.0
74.0 77.0 20.0 10.0
108.0 69.0 20.0 10.0
123.0 113.0 20.0 10.0
111.0 99.0 20.0 10.0
131.0 101.0 20.0 10.0
116.0 92.0 20.0 10.0
133.0 80.0 20.0 10.0
121.0 92.0 20.0 10.0
100.0 119.0 20.0 10.0
88.0 118.0 20.0 10.0
107.0 84.0 20.0 10.0
114.0 75.0 20.0 10.0
104.0 116.0 20.0 10.0
84.0 81.0 20.0 10.0
121.0 78.0 20.0 10.0
95.0 76.0 20.0 10.0
68.0 116.0 20.0 10.0
65.0 114.0 20.0 10.0
61.0 104.0 20.0 10.0
107.0 113.0 20.0 10.0
102.0 61.0 20.0 10.0
109.0 67.0 20.0 10.0
65.0 65.0 20.0 10.0
99.0 88.0 20.0 10.0
133.0 94.0 20.0 10.0
96.0 120.0 20.0 10.0
88.0 87.0 20.0 10.0
100.0 57.0 20.0 10.0
86.0 109.0 20.0 10.0
90.0 128.0 20.0 10.0
95.0 104.0 20.0 10.0
98.0 67.0 20.0 10.0
130.0 82.0 20.0 10.0
107.0 94.0 20.0 10.0
129.0 64.0 20.0 10.0
62.0 84.0 20.0 10.0
115.0 75.0 20.0 10.0
68.0 89.0 20.0 10.0
90.0 127.0 20.0 10.0
118.0 63.0 20.0 10.0
117.0 118.0 20.0 10.0
82.0 128.0 20.0 10.0
113.0 62.0 20.0 10.0
116.0 121.0 20.0 10.0
89.0 111.0 20.0 10.0
97.0 73.0 20.0 10.0
110.0 130.0 20.0 10.0
116.0 54.0 20.0 10.0
136.0 93.0 20.0 10.0
104.0 97.0 20.0 10.0
115.0 100.0 20.0 10.0
103.0 130.0 20.0 10.0
90.0 132.0 20.0 10.0
95.0 126.0 20.0 10.0
88.0 129.0 20.0 10.0
138.0 105.0 20.0 10.0
108.0 124.0 20.0 10.0
113.0 49.0 20.0 10.0
78.0 74.0 20.0 10.0
89.0 55.0 20.0 10.0
98.0 131.0 20.0 10.0
108.0 150.0 20.0 10.0
115.0 117.0 20.0 10.0
118.0 131.0 20.0 10.0
125.0 105.0 20.0 10.0
97.0 107.0 20.0 10.0
111.0 112.0 20.0 10.0
65.0 104.0 20.0 10.0
102.0 113.0 20.0 10.0
132.0 82.0 20.0 10.0
104.0 88.0 20.0 10.0
127.0 115.0 20.0 10.0
118.0 83.0 20.0 10.0
61.0 82.0 20.0 10.0
77.0 103.0 20.0 10.0
129.0 120.0 20.0 10.0
74.0 70.0 20.0 10.0
127.0 69.0 20.0 10.0
67.0 81.0 20.0 10.0
95.0 131.0 20.0 10.0
57.0 111.0 20.0 10.0
119.0 114.0 20.0 10.0
110.0 71.0 20.0 10.0
121.0 68.0 20.0 10.0
68.0 63.0 20.0 10.0
114.0 106.0 20.0 10.0
116.0 83.0 20.0 10.0
61.0 102.0 20.0 10.0
71.0 92.0 20.0 10.0
80.0 113.0 20.0 10.0
106.0 48.0 20.0 10.0
90.0 78.0 20.0 10.0
90.0 61.0 20.0 10.0
69.0 84.0 20.0 10.0
113.0 134.0 20.0 10.0
148.0 93.0 20.0 10.0
114.0 52.0 20.0 10.0
128.0 126.0 20.0 10.0
59.0 75.0 20.0 10.0
112.0 120.0 20.0 10.0
94.0 117.0 20.0 10.0
65.0 74.0 20.0 10.0
132.0 89.0 20.0 10.0
94.0 52.0 20.0 10.0
86.0 54.0 20.0 10.0
99.0 93.0 20.0 10.0
82.0 125.0 20.0 10.0
69.0 106.0 20.0 10.0
138.0 85.0 20.0 10.0
127.0 103.0 20.0 10.0
83.0 68.0 20.0 10.0
132.0 113.0 20.0 10.0
121.0 87.0 20.0 10.0
102.0 74.0 20.0 10.0
141.0 78.0 20.0 10.0
77.0 100.0 20.0 10.0
106.0 57.0 20.0 10.0
113.0 69.0 20.0 10.0
96.0 43.0 20.0 10.0
107.0 126.0 20.0 10.0
86.0 104.0 20.0 10.0
63.0 107.0 20.0 10.0
126.0 130.0 20.0 10.0
125.0 118.0 20.0 10.0
126.0 67.0 20.0 10.0
121.0 108.0 20.0 10.0
74.0 82.0 20.0 10.0
72.0 80.0 20.0 10.0
104.0 58.0 20.0 10.0
66.0 82.0 20.0 10.0
67.0 70.0 20.0 10.0
76.0 91.0 20.0 10.0
116.0 114.0 20.0 10.0
68.0 125.0 20.0 10.0
101.0 118.0 20.0 10.0
67.0 77.0 20.0 10.0
102.0 48.0 20.0 10.0
106.0 64.0 20.0 10.0
142.0 83.0 20.0 10.0
76.0 123.0 20.0 10.0
72.0 127.0 20.0 10.0
60.0 94.0 20.0 10.0
111.0 131.0 20.0 10.0
62.0 110.0 20.0 10.0
134.0 61.0 20.0 10.0
109.0 52.0 20.0 10.0
136.0 102.0 20.0 10.0
111.0 96.0 20.0 10.0
72.0 99.0 20.0 10.0
72.0 48.0 20.0 10.0
134.0 71.0 20.0 10.0
123.0 142.0 20.0 10.0
111.0 79.0 20.0 10.0
112.0 108.0 20.0 10.0
82.0 115.0 20.0 10.0
75.0 101.0 20.0 10.0
61.0 97.0 20.0 10.0
123.0 36.0 20.0 10.0
71.0 80.0 20.0 10.0
129.0 107.0 20.0 10.0
98.0 60.0 20.0 10.0
77.0 137.0 20.0 10.0
65.0 86.0 20.0 10.0
65.0 95.0 20.0 10.0
92.0 145.0 20.0 10.0
75.0 94.0 20.0 10.0
89.0 57.0 20.0 10.0
134.0 88.0 20.0 10.0
61.0 70.0 20.0 10.0
92.0 114.0 20.0 10.0
107.0 52.0 20.0 10.0
131.0 142.0 20.0 10.0
63.0 86.0 20.0 10.0
120.0 82.0 20.0 10.0
87.0 135.0 20.0 10.0
126.0 110.0 20.0 10.0
59.0 73.0 20.0 10.0
110.0 75.0 20.0 10.0
97.0 138.0 20.0 10.0
121.0 89.0 20.0 10.0
72.0 108.0 20.0 10.0
102.0 70.0 20.0 10.0
111.0 73.0 20.0 10.0
145.0 76.0 20.0 10.0
70.0 96.0 20.0 10.0
130.0 98.0 20.0 10.0
97.0 63.0 20.0 10.0
92.0 60.0 20.0 10.0
100.0 46.0 20.0 10.0
81.0 131.0 20.0 10.0
74.0 97.0 20.0 10.0
112.0 66.0 20.0 10.0
112.0 86.0 20.0 10.0
58.0 101.0 20.0 10.0
77.0 119.0 20.0 10.0
150.0 103.0 20.0 10.0
126.0 65.0 20.0 10.0
136.0 67.0 20.0 10.0
112.0 61.0 20.0 10.0
46.0 104.0 20.0 10.0
86.0 48.0 20.0 10.0
139.0 112.0 20.0 10.0
146.0 86.0 20.0 10.0
96.0 80.0 20.0 10.0
73.0 123.0 20.0 10.0
125.0 102.0 20.0 10.0
97.0 134.0 20.0 10.0
130.0 87.0 20.0 10.0
96.0 42.0 20.0 10.0
88.0 72.0 20.0 10.0
53.0 101.0 20.0 10.0
144.0 133.0 20.0 10.0
104.0 54.0 20.0 10.0
55.0 103.0 20.0 10.0
137.0 89.0 20.0 10.0
71.0 63.0 20.0 10.0
120.0 122.0 20.0 10.0
106.0 72.0 20.0 10.0
90.0 136.0 20.0 10.0
78.0 117.0 20.0 10.0
148.0 84.0 20.0 10.0
94.0 51.0 20.0 10.0
116.0 130.0 20.0 10.0
136.0 122.0 20.0 10.0
86.0 118.0 20.0 10.0
88.0 133.0 20.0 10.0
124.0 109.0 20.0 10.0
125.0 133.0 20.0 10.0
118.0 103.0 20.0 10.0
133.0 125.0 20.0 10.0
121.0 117.0 20.0 10.0
81.0 55.0 20.0 10.0
73.0 72.0 20.0 10.0
136.0 106.0 20.0 10.0
73.0 120.0 20.0 10.0
46.0 87.0 20.0 10.0
71.0 71.0 20.0 10.0
70.0 50.0 20.0 10.0
85.0 129.0 20.0 10.0
115.0 86.0 20.0 10.0
140.0 76.0 20.0 10.0
70.0 129.0 20.0 10.0
114.0 110.0 20.0 10.0
82.0 64.0 20.0 10.0
62.0 93.0 20.0 10.0
57.0 123.0 20.0 10.0
68.0 102.0 20.0 10.0
63.0 69.0 20.0 10.0
134.0 86.0 20.0 10.0
57.0 74.0 20.0 10.0
80.0 69.0 20.0 10.0
75.0 111.0 20.0 10.0
124.0 76.0 20.0 10.0
70.0 117.0 20.0 10.0
127.0 136.0 20.0 10.0
107.0 143.0 20.0 10.0
132.0 76.0 20.0 10.0
104.0 123.0 20.0 10.0
58.0 90.0 20.0 10.0
51.0 87.0 20.0 10.0
137.0 80.0 20.0 10.0
49.0 97.0 20.0 10.0
150.0 92.0 20.0 10.0
112.0 139.0 20.0 10.0
85.0 53.0 20.0 10.0
108.0 133.0 20.0 10.0
102.0 144.0 20.0 10.0
114.0 98.0 20.0 10.0
126.0 74.0 20.0 10.0
122.0 134.0 20.0 10.0
74.0 60.0 20.0 10.0
67.0 124.0 20.0 10.0
108.0 53.0 20.0 10.0
131.0 107.0 20.0 10.0
100.0 130.0 20.0 10.0
124.0 47.0 20.0 10.0
130.0 90.0 20.0 10.0
122.0 121.0 20.0 10.0
108.0 88.0 20.0 10.0
125.0 128.0 20.0 10.0
137.0 139.0 20.0 10.0
82.0 59.0 20.0 10.0
105.0 129.0 20.0 10.0
101.0 88.0 20.0 10.0
54.0 85.0 20.0 10.0
121.0 72.0 20.0 10.0
97.0 86.0 20.0 10.0
116.0 127.0 20.0 10.0
100.0 134.0 20.0 10.0
64.0 77.0 20.0 10.0
131.0 77.0 20.0 10.0
127.0 114.0 20.0 10.0
74.0 48.0 20.0 10.0
145.0 135.0 20.0 10.0
141.0 80.0 20.0 10.0
131.0 114.0 20.0 10.0
119.0 116.0 20.0 10.0
133.0 101.0 20.0 10.0
99.0 43.0 20.0 10.0
68.0 74.0 20.0 10.0
61.0 107.0 20.0 10.0
143.0 111.0 20.0 10.0
79.0 90.0 20.0 10.0
122.0 81.0 20.0 10.0
116.0 56.0 20.0 10.0
59.0 79.0 20.0 10.0
122.0 54.0 20.0 10.0
79.0 127.0 20.0 10.0
130.0 139.0 20.0 10.0
56.0 99.0 20.0 10.0
157.0 110.0 20.0 10.0
115.0 66.0 20.0 10.0
107.0 120.0 20.0 10.0
137.0 103.0 20.0 10.0
87.0 79.0 20.0 10.0
52.0 120.0 20.0 10.0
106.0 38.0 20.0 10.0
125.0 77.0 20.0 10.0
105.0 66.0 20.0 10.0
82.0 108.0 20.0 10.0
106.0 121.0 20.0 10.0
127.0 81.0 20.0 10.0
150.0 117.0 20.0 10.0
92.0 134.0 20.0 10.0
122.0 83.0 20.0 10.0
153.0 93.0 20.0 10.0
55.0 79.0 20.0 10.0
65.0 120.0 20.0 10.0
122.0 51.0 20.0 10.0
123.0 56.0 20.0 10.0
121.0 75.0 20.0 10.0
128.0 55.0 20.0 10.0
118.0 76.0 20.0 10.0
118.0 129.0 20.0 10.0
75.0 73.0 20.0 10.0
69.0 131.0 20.0 10.0
146.0 110.0 20.0 10.0
64.0 92.0 20.0 10.0
127.0 97.0 20.0 10.0
121.0 64.0 20.0 10.0
79.0 83.0 20.0 10.0
57.0 87.0 20.0 10.0
132.0 129.0 20.0 10.0
54.0 98.0 20.0 10.0
68.0 86.0 20.0 10.0
49.0 92.0 20.0 10.0
92.0 35.0 20.0 10.0
132.0 46.0 20.0 10.0
108.0 49.0 20.0 10.0
69.0 122.0 20.0 10.0
146.0 112.0 20.0 10.0
94.0 61.0 20.0 10.0
86.0 63.0 20.0 10.0
121.0 130.0 20.0 10.0
62.0 112.0 20.0 10.0
138.0 111.0 20.0 10.0
75.0 126.0 20.0 10.0
123.0 58.0 20.0 10.0
42.0 74.0 20.0 10.0
49.0 118.0 20.0 10.0
91.0 119.0 20.0 10.0
134.0 98.0 20.0 10.0
136.0 76.0 20.0 10.0
80.0 95.0 20.0 10.0
77.0 48.0 20.0 10.0
75.0 45.0 20.0 10.0
102.0 148.0 20.0 10.0
85.0 121.0 20.0 10.0
88.0 112.0 20.0 10.0
89.0 147.0 20.0 10.0
77.0 80.0 20.0 10.0
119.0 55.0 20.0 10.0
80.0 144.0 20.0 10.0
85.0 41.0 20.0 10.0
75.0 107.0 20.0 10.0
116.0 119.0 20.0 10.0
102.0 65.0 20.0 10.0
148.0 111.0 20.0 10.0
94.0 139.0 20.0 10.0
73.0 85.0 20.0 10.0
132.0 104.0 20.0 10.0
80.0 137.0 20.0 10.0
144.0 90.0 20.0 10.0
137.0 96.0 20.0 10.0
79.0 63.0 20.0 10.0
46.0 115.0 20.0 10.0
104.0 132.0 20.0 10.0
160.0 101.0 20.0 10.0
81.0 136.0 20.0 10.0
103.0 153.0 20.0 10.0
63.0 61.0 20.0 10.0
115.0 152.0 20.0 10.0
139.0 118.0 20.0 10.0
134.0 82.0 20.0 10.0
69.0 92.0 20.0 10.0
135.0 127.0 20.0 10.0
74.0 42.0 20.0 10.0
118.0 65.0 20.0 10.0
143.0 106.0 20.0 10.0
64.0 123.0 20.0 10.0
134.0 75.0 20.0 10.0
106.0 137.0 20.0 10.0
150.0 74.0 20.0 10.0
63.0 133.0 20.0 10.0
55.0 71.0 20.0 10.0
102.0 45.0 20.0 10.0
117.0 49.0 20.0 10.0
62.0 99.0 20.0 10.0
98.0 117.0 20.0 10.0
114.0 59.0 20.0 10.0
107.0 136.0 20.0 10.0
63.0 73.0 20.0 10.0
68.0 118.0 20.0 10.0
105.0 78.0 20.0 10.0
130.0 57.0 20.0 10.0
88.0 140.0 20.0 10.0
155.0 116.0 20.0 10.0
154.0 72.0 20.0 10.0
123.0 68.0 20.0 10.0
143.0 77.0 20.0 10.0
68.0 71.0 20.0 10.0
95.0 114.0 20.0 10.0
43.0 109.0 20.0 10.0
93.0 119.0 20.0 10.0
143.0 116.0 20.0 10.0
138.0 115.0 20.0 10.0
141.0 56.0 20.0 10.0
53.0 55.0 20.0 10.0
134.0 110.0 20.0 10.0
52.0 77.0 20.0 10.0
63.0 120.0 20.0 10.0
91.0 141.0 20.0 10.0
114.0 125.0 20.0 10.0
119.0 58.0 20.0 10.0
131.0 121.0 20.0 10.0
86.0 98.0 20.0 10.0
43.0 83.0 20.0 10.0
141.0 91.0 20.0 10.0
127.0 140.0 20.0 10.0
89.0 68.0 20.0 10.0
164.0 75.0 20.0 10.0
144.0 121.0 20.0 10.0
121.0 37.0 20.0 10.0
98.0 115.0 20.0 10.0
136.0 117.0 20.0 10.0
62.0 67.0 20.0 10.0
85.0 135.0 20.0 10.0
129.0 102.0 20.0 10.0
95.0 144.0 20.0 10.0
52.0 130.0 20.0 10.0
132.0 31.0 20.0 10.0
76.0 87.0 20.0 10.0
123.0 151.0 20.0 10.0
117.0 138.0 20.0 10.0
102.0 132.0 20.0 10.0
132.0 133.0 20.0 10.0
84.0 143.0 20.0 10.0
60.0 99.0 20.0 10.0
53.0 123.0 20.0 10.0
75.0 75.0 20.0 10.0
115.0 70.0 20.0 10.0
54.0 108.0 20.0 10.0
60.0 133.0 20.0 10.0
142.0 125.0 20.0 10.0
141.0 127.0 20.0 10.0
64.0 56.0 20.0 10.0
66.0 56.0 20.0 10.0
107.0 75.0 20.0 10.0
62.0 146.0 20.0 10.0
82.0 94.0 20.0 10.0
125.0 124.0 20.0 10.0
141.0 72.0 20.0 10.0
76.0 121.0 20.0 10.0
156.0 106.0 20.0 10.0
79.0 132.0 20.0 10.0
110.0 117.0 20.0 10.0
71.0 89.0 20.0 10.0
51.0 94.0 20.0 10.0
96.0 68.0 20.0 10.0
142.0 92.0 20.0 10.0
65.0 87.0 20.0 10.0
54.0 92.0 20.0 10.0
77.0 67.0 20.0 10.0
144.0 68.0 20.0 10.0
74.0 66.0 20.0 10.0
137.0 56.0 20.0 10.0
155.0 80.0 20.0 10.0
77.0 44.0 20.0 10.0
99.0 49.0 20.0 10.0
82.0 73.0 20.0 10.0
128.0 53.0 20.0 10.0
144.0 125.0 20.0 10.0
54.0 83.0 20.0 10.0
132.0 92.0 20.0 10.0
147.0 119.0 20.0 10.0
63.0 79.0 20.0 10.0
82.0 140.0 20.0 10.0
80.0 111.0 20.0 10.0
137.0 99.0 20.0 10.0
116.0 110.0 20.0 10.0
145.0 98.0 20.0 10.0
114.0 46.0 20.0 10.0
131.0 66.0 20.0 10.0
100.0 62.0 20.0 10.0
87.0 61.0 20.0 10.0
75.0 58.0 20.0 10.0
119.0 163.0 20.0 10.0
55.0 105.0 20.0 10.0
72.0 138.0 20.0 10.0
58.0 81.0 20.0 10.0
142.0 59.0 20.0 10.0
61.0 129.0 20.0 10.0
112.0 57.0 20.0 10.0
128.0 138.0 20.0 10.0
135.0 52.0 20.0 10.0
92.0 46.0 20.0 10.0
82.0 153.0 20.0 10.0
66.0 52.0 20.0 10.0
60.0 124.0 20.0 10.0
86.0 90.0 20.0 10.0
81.0 76.0 20.0 10.0
60.0 79.0 20.0 10.0
119.0 147.0 20.0 10.0
108.0 140.0 20.0 10.0
64.0 117.0 20.0 10.0
123.0 61.0 20.0 10.0
145.0 92.0 20.0 10.0
101.0 52.0 20.0 10.0
122.0 139.0 20.0 10.0
95.0 147.0 20.0 10.0
138.0 61.0 20.0 10.0
118.0 50.0 20.0 10.0
142.0 85.0 20.0 10.0
111.0 57.0 20.0 10.0
115.0 142.0 20.0 10.0
132.0 118.0 20.0 10.0
117.0 147.0 20.0 10.0
141.0 99.0 20.0 10.0
138.0 136.0 20.0 10.0
67.0 47.0 20.0 10.0
86.0 25.0 20.0 10.0
58.0 119.0 20.0 10.0
139.0 130.0 20.0 10.0
74.0 134.0 20.0 10.0
78.0 60.0 20.0 10.0
148.0 44.0 20.0 10.0
59.0 111.0 20.0 10.0
72.0 62.0 20.0 10.0
140.0 96.0 20.0 10.0
47.0 142.0 20.0 10.0
51.0 104.0 20.0 10.0
152.0 96.0 20.0 10.0
128.0 71.0 20.0 10.0
127.0 123.0 20.0 10.0
46.0 100.0 20.0 10.0
77.0 96.0 20.0 10.0
147.0 53.0 20.0 10.0
60.0 89.0 20.0 10.0
94.0 146.0 20.0 10.0
98.0 142.0 20.0 10.0
163.0 68.0 20.0 10.0
31.0 115.0 20.0 10.0
95.0 49.0 20.0 10.0
79.0 152.0 20.0 10.0
91.0 151.0 20.0 10.0
58.0 65.0 20.0 10.0
76.0 152.0 20.0 10.0
79.0 129.0 20.0 10.0
68.0 56.0 20.0 10.0
104.0 40.0 20.0 10.0
154.0 89.0 20.0 10.0
144.0 61.0 20.0 10.0
84.0 47.0 20.0 10.0
89.0 45.0 20.0 10.0
102.0 43.0 20.0 10.0
46.0 60.0 20.0 10.0
133.0 65.0 20.0 10.0
48.0 107.0 20.0 10.0
81.0 59.0 20.0 10.0
95.0 27.0 20.0 10.0
123.0 160.0 20.0 10.0
87.0 50.0 20.0 10.0
151.0 108.0 20.0 10.0
128.0 86.0 20.0 10.0
142.0 112.0 20.0 10.0
75.0 78.0 20.0 10.0
125.0 49.0 20.0 10.0
101.0 116.0 20.0 10.0
70.0 126.0 20.0 10.0
120.0 34.0 20.0 10.0
94.0 150.0 20.0 10.0
71.0 77.0 20.0 10.0
135.0 137.0 20.0 10.0
129.0 75.0 20.0 10.0
133.0 132.0 20.0 10.0
75.0 131.0 20.0 10.0
58.0 77.0 20.0 10.0
47.0 83.0 20.0 10.0
41.0 99.0 20.0 10.0
153.0 86.0 20.0 10.0
71.0 68.0 20.0 10.0
56.0 67.0 20.0 10.0
149.0 76.0 20.0 10.0
65.0 108.0 20.0 10.0
149.0 120.0 20.0 10.0
83.0 57.0 20.0 10.0
58.0 60.0 20.0 10.0
49.0 67.0 20.0 10.0
147.0 81.0 20.0 10.0
82.0 123.0 20.0 10.0
116.0 46.0 20.0 10.0
114.0 136.0 20.0 10.0
62.0 125.0 20.0 10.0
143.0 80.0 20.0 10.0
130.0 135.0 20.0 10.0
56.0 109.0 20.0 10.0
73.0 52.0 20.0 10.0
141.0 89.0 20.0 10.0
89.0 48.0 20.0 10.0
140.0 58.0 20.0 10.0
135.0 58.0 20.0 10.0
157.0 100.0 20.0 10.0
38.0 125.0 20.0 10.0
51.0 100.0 20.0 10.0
76.0 63.0 20.0 10.0
112.0 51.0 20.0 10.0
54.0 125.0 20.0 10.0
101.0 139.0 20.0 10.0
47.0 109.0 20.0 10.0
99.0 145.0 20.0 10.0
130.0 42.0 20.0 10.0
88.0 40.0 20.0 10.0
141.0 117.0 20.0 10.0
151.0 110.0 20.0 10.0
100.0 54.0 20.0 10.0
113.0 35.0 20.0 10.0
89.0 150.0 20.0 10.0
80.0 119.0 20.0 10.0
122.0 78.0 20.0 10.0
142.0 108.0 20.0 10.0
45.0 102.0 20.0 10.0
154.0 113.0 20.0 10.0
105.0 49.0 20.0 10.0
144.0 66.0 20.0 10.0
80.0 39.0 20.0 10.0
41.0 94.0 20.0 10.0
78.0 56.0 20.0 10.0
37.0 84.0 20.0 10.0
58.0 93.0 20.0 10.0
162.0 82.0 20.0 10.0
112.0 131.0 20.0 10.0
54.0 97.0 20.0 10.0
51.0 79.0 20.0 10.0
69.0 89.0 20.0 10.0
102.0 30.0 20.0 10.0
51.0 93.0 20.0 10.0
79.0 52.0 20.0 10.0
62.0 137.0 20.0 10.0
84.0 50.0 20.0 10.0
72.0 66.0 20.0 10.0
141.0 104.0 20.0 10.0
54.0 40.0 20.0 10.0
77.0 133.0 20.0 10.0
151.0 98.0 20.0 10.0
67.0 98.0 20.0 10.0
97.0 57.0 20.0 10.0
97.0 155.0 20.0 10.0
145.0 50.0 20.0 10.0
42.0 81.0 20.0 10.0
67.0 64.0 20.0 10.0
146.0 103.0 20.0 10.0
74.0 140.0 20.0 10.0
151.0 81.0 20.0 10.0
82.0 67.0 20.0 10.0
66.0 135.0 20.0 10.0
77.0 114.0 20.0 10.0
111.0 36.0 20.0 10.0
75.0 136.0 20.0 10.0
68.0 53.0 20.0 10.0
68.0 129.0 20.0 10.0
155.0 77.0 20.0 10.0
134.0 46.0 20.0 10.0
82.0 39.0 20.0 10.0
154.0 67.0 20.0 10.0
136.0 108.0 20.0 10.0
49.0 89.0 20.0 10.0
44.0 107.0 20.0 10.0
52.0 46.0 20.0 10.0
142.0 52.0 20.0 10.0
58.0 48.0 20.0 10.0
61.0 87.0 20.0 10.0
103.0 62.0 20.0 10.0
124.0 63.0 20.0 10.0
49.0 112.0 20.0 10.0
113.0 54.0 20.0 10.0
35.0 70.0 20.0 10.0
124.0 125.0 20.0 10.0
54.0 64.0 20.0 10.0
92.0 49.0 20.0 10.0
107.0 44.0 20.0 10.0
105.0 125.0 20.0 10.0
43.0 115.0 20.0 10.0
70.0 55.0 20.0 10.0
68.0 26.0 20.0 10.0
86.0 57.0 20.0 10.0
122.0 46.0 20.0 10.0
119.0 127.0 20.0 10.0
115.0 123.0 20.0 10.0
76.0 51.0 20.0 10.0
142.0 73.0 20.0 10.0
124.0 88.0 20.0 10.0
125.0 71.0 20.0 10.0
94.0 137.0 20.0 10.0
97.0 161.0 20.0 10.0
88.0 27.0 20.0 10.0
126.0 45.0 20.0 10.0
33.0 73.0 20.0 10.0
42.0 66.0 20.0 10.0
78.0 57.0 20.0 10.0
59.0 141.0 20.0 10.0
147.0 88.0 20.0 10.0
57.0 134.0 20.0 10.0
153.0 123.0 20.0 10.0
142.0 100.0 20.0 10.0
92.0 55.0 20.0 10.0
83.0 159.0 20.0 10.0
62.0 58.0 20.0 10.0
54.0 117.0 20.0 10.0
103.0 140.0 20.0 10.0
83.0 151.0 20.0 10.0
160.0 139.0 20.0 10.0
79.0 49.0 20.0 10.0
159.0 127.0 20.0 10.0
134.0 69.0 20.0 10.0
119.0 44.0 20.0 10.0
53.0 59.0 20.0 10.0
105.0 143.0 20.0 10.0
107.0 146.0 20.0 10.0
125.0 66.0 20.0 10.0
150.0 87.0 20.0 10.0
148.0 67.0 20.0 10.0
127.0 147.0 20.0 10.0
133.0 59.0 20.0 10.0
138.0 72.0 20.0 10.0
134.0 144.0 20.0 10.0
70.0 66.0 20.0 10.0
70.0 145.0 20.0 10.0
145.0 105.0 20.0 10.0
118.0 42.0 20.0 10.0
60.0 139.0 20.0 10.0
145.0 116.0 20.0 10.0
139.0 120.0 20.0 10.0
68.0 137.0 20.0 10.0
47.0 89.0 20.0 10.0
159.0 95.0 20.0 10.0
117.0 134.0 20.0 10.0
130.0 100.0 20.0 10.0
143.0 97.0 20.0 10.0
101.0 39.0 20.0 10.0
130.0 59.0 20.0 10.0
128.0 41.0 20.0 10.0
140.0 138.0 20.0 10.0
118.0 152.0 20.0 10.0
138.0 134.0 20.0 10.0
25.0 81.0 20.0 10.0
113.0 147.0 20.0 10.0
119.0 142.0 20.0 10.0
110.0 62.0 20.0 10.0
134.0 50.0 20.0 10.0
145.0 131.0 20.0 10.0
71.0 60.0 20.0 10.0
104.0 137.0 20.0 10.0
135.0 115.0 20.0 10.0
137.0 92.0 20.0 10.0
96.0 53.0 20.0 10.0
150.0 99.0 20.0 10.0
88.0 155.0 20.0 10.0
158.0 120.0 20.0 10.0
112.0 43.0 20.0 10.0
51.0 70.0 20.0 10.0
86.0 155.0 20.0 10.0
57.0 127.0 20.0 10.0
151.0 125.0 20.0 10.0
124.0 140.0 20.0 10.0
99.0 40.0 20.0 10.0
52.0 61.0 20.0 10.0
96.0 152.0 20.0 10.0
76.0 145.0 20.0 10.0
78.0 155.0 20.0 10.0
123.0 136.0 20.0 10.0
103.0 109.0 20.0 10.0
45.0 92.0 20.0 10.0
60.0 115.0 20.0 10.0
113.0 143.0 20.0 10.0
110.0 140.0 20.0 10.0
139.0 126.0 20.0 10.0
150.0 79.0 20.0 10.0
138.0 126.0 20.0 10.0
164.0 85.0 20.0 10.0
131.0 127.0 20.0 10.0
71.0 114.0 20.0 10.0
165.0 86.0 20.0 10.0
150.0 69.0 20.0 10.0
153.0 41.0 20.0 10.0
