1000
99.0 98.0 20.0 10.0
95.0 93.0 20.0 10.0
100.0 91.0 20.0 10.0
99.0 87.0 20.0 10.0
100.0 99.0 20.0 10.0
96.0 99.0 20.0 10.0
100.0 92.0 20.0 10.0
99.0 104.0 20.0 10.0
99.0 95.0 20.0 10.0
81.0 94.0 20.0 10.0
95.0 89.0 20.0 10.0
91.0 84.0 20.0 10.0
94.0 95.0 20.0 10.0
85.0 103.0 20.0 10.0
96.0 93.0 20.0 10.0
89.0 99.0 20.0 10.0
92.0 88.0 20.0 10.0
95.0 88.0 20.0 10.0
92.0 94.0 20.0 10.0
101.0 106.0 20.0 10.0
93.0 85.0 20.0 10.0
101.0 91.0 20.0 10.0
91.0 90.0 20.0 10.0
83.0 89.0 20.0 10.0
90.0 82.0 20.0 10.0
99.0 89.0 20.0 10.0
90.0 93.0 20.0 10.0
113.0 98.0 20.0 10.0
82.0 90.0 20.0 10.0
85.0 96.0 20.0 10.0
106.0 87.0 20.0 10.0
85.0 101.0 20.0 10.0
93.0 107.0 20.0 10.0
92.0 99.0 20.0 10.0
80.0 90.0 20.0 10.0
99.0 92.0 20.0 10.0
108.0 80.0 20.0 10.0
86.0 82.0 20.0 10.0
87.0 87.0 20.0 10.0
117.0 112.0 20.0 10.0
77.0 97.0 20.0 10.0
77.0 76.0 20.0 10.0
86.0 107.0 20.0 10.0
91.0 102.0 20.0 10.0
107.0 92.0 20.0 10.0
79.0 89.0 20.0 10.0
92.0 82.0 20.0 10.0
76.0 79.0 20.0 10.0
73.0 83.0 20.0 10.0
66.0 104.0 20.0 10.0
85.0 92.0 20.0 10.0
91.0 107.0 20.0 10.0
102.0 76.0 20.0 10.0
93.0 91.0 20.0 10.0
79.0 105.0 20.0 10.0
102.0 83.0 20.0 10.0
107.0 95.0 20.0 10.0
94.0 119.0 20.0 10.0
101.0 112.0 20.0 10.0
82.0 78.0 20.0 10.0
102.0 104.0 20.0 10.0
113.0 89.0 20.0 10.0
80.0 92.0 20.0 10.0
97.0 84.0 20.0 10.0
82.0 97.0 20.0 10.0
99.0 88.0 20.0 10.0
109.0 117.0 20.0 10.0
88.0 78.0 20.0 10.0
67.0 97.0 20.0 10.0
90.0 104.0 20.0 10.0
82.0 100.0 20.0 10.0
84.0 84.0 20.0 10.0
103.0 92.0 20.0 10.0
54.0 105.0 20.0 10.0
86.0 88.0 20.0 10.0
105.0 80.0 20.0 10.0
89.0 119.0 20.0 10.0
94.0 94.0 20.0 10.0
76.0 76.0 20.0 10.0
91.0 98.0 20.0 10.0
98.0 106.0 20.0 10.0
82.0 82.0 20.0 10.0
129.0 96.0 20.0 10.0
86.0 80.0 20.0 10.0
100.0 70.0 20.0 10.0
70.0 61.0 20.0 10.0
97.0 86.0 20.0 10.0
97.0 77.0 20.0 10.0
130.0 72.0 20.0 10.0
86.0 90.0 20.0 10.0
84.0 73.0 20.0 10.0
112.0 86.0 20.0 10.0
96.0 102.0 20.0 10.0
106.0 73.0 20.0 10.0
130.0 81.0 20.0 10.0
110.0 90.0 20.0 10.0
100.0 109.0 20.0 10.0
107.0 99.0 20.0 10.0
98.0 105.0 20.0 10.0
76.0 68.0 20.0 10.0
105.0 83.0 20.0 10.0
98.0 112.0 20.0 10.0
90.0 98.0 20.0 10.0
108.0 68.0 20.0 10.0
111.0 110.0 20.0 10.0
119.0 100.0 20.0 10.0
121.0 73.0 20.0 10.0
115.0 105.0 20.0 10.0
86.0 73.0 20.0 10.0
103.0 112.0 20.0 10.0
99.0 72.0 20.0 10.0
100.0 73.0 20.0 10.0
99.0 115.0 20.0 10.0
64.0 97.0 20.0 10.0
81.0 73.0 20.0 10.0
89.0 114.0 20.0 10.0
104.0 98.0 20.0 10.0
116.0 91.0 20.0 10.0
120.0 75.0 20.0 10.0
73.0 92.0 20.0 10.0
68.0 95.0 20.0 10.0
112.0 91.0 20.0 10.0
109.0 74.0 20.0 10.0
122.0 88.0 20.0 10.0
71.0 94.0 20.0 10.0
88.0 107.0 20.0 10.0
82.0 106.0 20.0 10.0
68.0 71.0 20.0 10.0
81.0 75.0 20.0 10.0
125.0 106.0 20.0 10.0
59.0 63.0 20.0 10.0
91.0 69.0 20.0 10.0
82.0 121.0 20.0 10.0
116.0 82.0 20.0 10.0
106.0 70.0 20.0 10.0
128.0 112.0 20.0 10.0
77.0 90.0 20.0 10.0
103.0 105.0 20.0 10.0
84.0 105.0 20.0 10.0
92.0 123.0 20.0 10.0
67.0 83.0 20.0 10.0
96.0 110.0 20.0 10.0
97.0 64.0 20.0 10.0
61.0 98.0 20.0 10.0
106.0 118.0 20.0 10.0
85.0 118.0 20.0 10.0
96.0 68.0 20.0 10.0
92.0 80.0 20.0 10.0
96.0 96.0 20.0 10.0
113.0 85.0 20.0 10.0
108.0 102.0 20.0 10.0
115.0 93.0 20.0 10.0
122.0 94.0 20.0 10.0
86.0 117.0 20.0 10.0
107.0 107.0 20.0 10.0
105.0 96.0 20.0 10.0
103.0 72.0 20.0 10.0
136.0 92.0 20.0 10.0
83.0 112.0 20.0 10.0
89.0 102.0 20.0 10.0
73.0 129.0 20.0 10.0
98.0 81.0 20.0 10.0
55.0 80.0 20.0 10.0
115.0 97.0 20.0 10.0
111.0 106.0 20.0 10.0
134.0 103.0 20.0 10.0
65.0 84.0 20.0 10.0
95.0 73.0 20.0 10.0
68.0 113.0 20.0 10.0
114.0 108.0 20.0 10.0
73.0 89.0 20.0 10.0
101.0 108.0 20.0 10.0
61.0 95.0 20.0 10.0
86.0 98.0 20.0 10.0
58.0 97.0 20.0 10.0
110.0 67.0 20.0 10.0
129.0 118.0 20.0 10.0
123.0 82.0 20.0 10.0
57.0 86.0 20.0 10.0
105.0 104.0 20.0 10.0
95.0 85.0 20.0 10.0
52.0 90.0 20.0 10.0
115.0 100.0 20.0 10.0
70.0 100.0 20.0 10.0
69.0 117.0 20.0 10.0
63.0 99.0 20.0 10.0
93.0 113.0 20.0 10.0
88.0 79.0 20.0 10.0
79.0 99.0 20.0 10.0
83.0 59.0 20.0 10.0
96.0 128.0 20.0 10.0
111.0 74.0 20.0 10.0
75.0 100.0 20.0 10.0
115.0 89.0 20.0 10.0
105.0 134.0 20.0 10.0
92.0 118.0 20.0 10.0
97.0 115.0 20.0 10.0
92.0 58.0 20.0 10.0
113.0 76.0 20.0 10.0
117.0 77.0 20.0 10.0
75.0 83.0 20.0 10.0
79.0 84.0 20.0 10.0
63.0 79.0 20.0 10.0
97.0 121.0 20.0 10.0
88.0 123.0 20.0 10.0
128.0 99.0 20.0 10.0
96.0 79.0 20.0 10.0
101.0 121.0 20.0 10.0
93.0 128.0 20.0 10.0
72.0 102.0 20.0 10.0
93.0 116.0 20.0 10.0
52.0 70.0 20.0 10.0
120.0 112.0 20.0 10.0
94.0 79.0 20.0 10.0
143.0 84.0 20.0 10.0
101.0 118.0 20.0 10.0
90.0 71.0 20.0 10.0
88.0 130.0 20.0 10.0
106.0999984741211 87.0 20.0 10.0
82.0 63.0 20.0 10.0
80.0 134.0 20.0 10.0
105.0 113.0 20.0 10.0
93.0 129.0 20.0 10.0
62.0 113.0 20.0 10.0
109.0 105.0 20.0 10.0
127.0 76.0 20.0 10.0
69.0 69.0 20.0 10.0
95.0 50.0 20.0 10.0
104.0 69.0 20.0 10.0
99.0 59.0 20.0 10.0
103.0 65.0 20.0 10.0
120.0 94.0 20.0 10.0
105.0 106.0 20.0 10.0
125.0 70.0 20.0 10.0
76.0 95.0 20.0 10.0
132.0 118.0 20.0 10.0
85.0 77.0 20.0 10.0
76.0 89.0 20.0 10.0
67.0 100.0 20.0 10.0
107.0 75.0 20.0 10.0
59.0 90.0 20.0 10.0
80.0 103.0 20.0 10.0
83.0 137.0 20.0 10.0
103.0 110.0 20.0 10.0
74.0 106.0 20.0 10.0
79.0 117.0 20.0 10.0
82.0 130.0 20.0 10.0
129.0 82.0 20.0 10.0
71.0 88.0 20.0 10.0
108.0 71.0 20.0 10.0
82.0 111.0 20.0 10.0
60.0 75.0 20.0 10.0
93.0 63.0 20.0 10.0
101.0 68.0 20.0 10.0
72.0 106.0 20.0 10.0
70.0 79.0 20.0 10.0
87.0 63.0 20.0 10.0
73.0 59.0 20.0 10.0
76.0 120.0 20.0 10.0
74.0 111.0 20.0 10.0
99.0 67.0 20.0 10.0
94.0 101.0 20.0 10.0
70.0 64.0 20.0 10.0
123.0 118.0 20.0 10.0
127.0 100.0 20.0 10.0
67.0 108.0 20.0 10.0
63.0 76.0 20.0 10.0
85.0 56.0 20.0 10.0
125.0 78.0 20.0 10.0
63.0 101.0 20.0 10.0
126.0 114.0 20.0 10.0
78.0 131.0 20.0 10.0
110.0 104.0 20.0 10.0
106.0 138.0 20.0 10.0
91.0 136.0 20.0 10.0
56.0 90.0 20.0 10.0
128.0 93.0 20.0 10.0
98.0 62.0 20.0 10.0
138.0 63.0 20.0 10.0
115.0 127.0 20.0 10.0
76.0 61.0 20.0 10.0
115.0 104.0 20.0 10.0
93.0 104.0 20.0 10.0
92.0 78.0 20.0 10.0
113.0 103.0 20.0 10.0
73.0 101.0 20.0 10.0
78.0 130.0 20.0 10.0
123.0 85.0 20.0 10.0
89.0 76.0 20.0 10.0
130.0 93.0 20.0 10.0
127.0 125.0 20.0 10.0
112.0 89.0 20.0 10.0
114.0 126.0 20.0 10.0
111.0 55.0 20.0 10.0
125.0 117.0 20.0 10.0
63.0 104.0 20.0 10.0
93.0 68.0 20.0 10.0
124.0 80.0 20.0 10.0
57.0 64.0 20.0 10.0
113.0 65.0 20.0 10.0
83.0 132.0 20.0 10.0
89.0 63.0 20.0 10.0
114.0 116.0 20.0 10.0
122.0 113.0 20.0 10.0
67.0 102.0 20.0 10.0
99.0 86.0 20.0 10.0
69.0 89.0 20.0 10.0
77.0 125.0 20.0 10.0
66.0 124.0 20.0 10.0
88.0 66.0 20.0 10.0
80.0 82.0 20.0 10.0
105.0 63.0 20.0 10.0
94.0 97.0 20.0 10.0
75.0 114.0 20.0 10.0
83.0 98.0 20.0 10.0
79.0 72.0 20.0 10.0
112.0 114.0 20.0 10.0
96.0 60.0 20.0 10.0
118.0 85.0 20.0 10.0
59.0 122.0 20.0 10.0
54.0 118.0 20.0 10.0
87.0 111.0 20.0 10.0
65.0 77.0 20.0 10.0
88.0 93.0 20.0 10.0
118.0 80.0 20.0 10.0
106.0 76.0 20.0 10.0
67.0 74.0 20.0 10.0
131.0 87.0 20.0 10.0
59.0 66.0 20.0 10.0
82.0 115.0 20.0 10.0
88.0 58.0 20.0 10.0
140.0 109.0 20.0 10.0
91.0 63.0 20.0 10.0
121.0 115.0 20.0 10.0
120.0 104.0 20.0 10.0
118.0 83.0 20.0 10.0
102.0 78.0 20.0 10.0
120.0 92.0 20.0 10.0
84.0 67.0 20.0 10.0
122.0 108.0 20.0 10.0
113.0 123.0 20.0 10.0
52.0 110.0 20.0 10.0
57.0 105.0 20.0 10.0
79.0 97.0 20.0 10.0
99.0 56.0 20.0 10.0
117.0 89.0 20.0 10.0
69.0 91.0 20.0 10.0
129.0 90.0 20.0 10.0
128.0 109.0 20.0 10.0
118.0 105.0 20.0 10.0
118.0 52.0 20.0 10.0
125.0 103.0 20.0 10.0
117.0 74.0 20.0 10.0
77.0 114.0 20.0 10.0
73.0 119.0 20.0 10.0
88.0 137.0 20.0 10.0
92.0 55.0 20.0 10.0
77.0 104.0 20.0 10.0
121.0 60.0 20.0 10.0
74.0 98.0 20.0 10.0
88.0 118.0 20.0 10.0
57.0 77.0 20.0 10.0
73.0 66.0 20.0 10.0
111.0 84.0 20.0 10.0
79.0 59.0 20.0 10.0
77.0 134.0 20.0 10.0
78.0 47.0 20.0 10.0
85.0 130.0 20.0 10.0
85.0 75.0 20.0 10.0
72.0 81.0 20.0 10.0
126.0 65.0 20.0 10.0
87.0 104.0 20.0 10.0
86.0 139.0 20.0 10.0
69.0 110.0 20.0 10.0
70.0 113.0 20.0 10.0
85.0 64.0 20.0 10.0
70.0 130.0 20.0 10.0
108.0 106.0 20.0 10.0
48.0 113.0 20.0 10.0
86.0 133.0 20.0 10.0
82.0 127.0 20.0 10.0
143.0 91.0 20.0 10.0
63.0 77.0 20.0 10.0
124.0 95.0 20.0 10.0
103.0 43.0 20.0 10.0
107.0 130.0 20.0 10.0
73.0 127.0 20.0 10.0
62.0 55.0 20.0 10.0
93.0 142.0 20.0 10.0
87.0 114.0 20.0 10.0
106.0 58.0 20.0 10.0
117.0 60.0 20.0 10.0
130.0 120.0 20.0 10.0
59.0 93.0 20.0 10.0
94.0 125.0 20.0 10.0
135.0 106.0 20.0 10.0
67.0 87.0 20.0 10.0
63.0 136.0 20.0 10.0
105.0 131.0 20.0 10.0
137.0 84.0 20.0 10.0
87.0 56.0 20.0 10.0
58.0 104.0 20.0 10.0
100.0 61.0 20.0 10.0
71.0 71.0 20.0 10.0
136.0 77.0 20.0 10.0
118.0 101.0 20.0 10.0
72.0 137.0 20.0 10.0
97.0 42.0 20.0 10.0
82.0 64.0 20.0 10.0
49.0 97.0 20.0 10.0
88.0 61.0 20.0 10.0
83.0 94.0 20.0 10.0
131.0 67.0 20.0 10.0
75.0 73.0 20.0 10.0
141.0 116.0 20.0 10.0
123.0 70.0 20.0 10.0
59.0 95.0 20.0 10.0
117.0 96.0 20.0 10.0
90.0 133.0 20.0 10.0
123.0 76.0 20.0 10.0
69.0 128.0 20.0 10.0
126.0 98.0 20.0 10.0
123.0 61.0 20.0 10.0
136.0 73.0 20.0 10.0
131.0 130.0 20.0 10.0
111.0 80.0 20.0 10.0
104.0 49.0 20.0 10.0
128.0 64.0 20.0 10.0
75.0 72.0 20.0 10.0
83.0 109.0 20.0 10.0
55.0 84.0 20.0 10.0
104.0 54.0 20.0 10.0
92.0 131.0 20.0 10.0
77.0 57.0 20.0 10.0
118.0 109.0 20.0 10.0
115.0 69.0 20.0 10.0
100.0 94.0 20.0 10.0
133.0 105.0 20.0 10.0
81.0 145.0 20.0 10.0
53.0 71.0 20.0 10.0
89.0 148.0 20.0 10.0
93.0 61.0 20.0 10.0
56.0 74.0 20.0 10.0
100.0 47.0 20.0 10.0
77.0 53.0 20.0 10.0
131.0 48.0 20.0 10.0
102.0 57.0 20.0 10.0
126.0 72.0 20.0 10.0
113.0 57.0 20.0 10.0
140.0 83.0 20.0 10.0
44.0 103.0 20.0 10.0
113.0 110.0 20.0 10.0
52.0 125.0 20.0 10.0
54.0 113.0 20.0 10.0
68.0 122.0 20.0 10.0
134.0 87.0 20.0 10.0
139.0 74.0 20.0 10.0
80.0 102.0 20.0 10.0
117.0 69.0 20.0 10.0
134.0 76.0 20.0 10.0
103.0 125.0 20.0 10.0
105.0 54.0 20.0 10.0
121.0 82.0 20.0 10.0
116.0 50.0 20.0 10.0
146.0 95.0 20.0 10.0
72.0 86.0 20.0 10.0
64.0 74.0 20.0 10.0
69.0 83.0 20.0 10.0
65.0 130.0 20.0 10.0
88.0 48.0 20.0 10.0
92.0 108.0 20.0 10.0
104.0 42.0 20.0 10.0
117.0 107.0 20.0 10.0
91.0 129.0 20.0 10.0
108.0 120.0 20.0 10.0
145.0 80.0 20.0 10.0
64.0 85.0 20.0 10.0
72.0 75.0 20.0 10.0
86.0 58.0 20.0 10.0
60.0 109.0 20.0 10.0
78.0 108.0 20.0 10.0
73.0 42.0 20.0 10.0
112.0 70.0 20.0 10.0
120.0 119.0 20.0 10.0
58.0 101.0 20.0 10.0
109.0 114.0 20.0 10.0
66.0 59.0 20.0 10.0
117.0 66.0 20.0 10.0
72.0 122.0 20.0 10.0
66.0 106.0 20.0 10.0
106.0 119.0 20.0 10.0
94.0 66.0 20.0 10.0
156.0 75.0 20.0 10.0
58.0 117.0 20.0 10.0
116.0 132.0 20.0 10.0
127.0 85.0 20.0 10.0
50.0 89.0 20.0 10.0
110.0 87.0 20.0 10.0
115.0 112.0 20.0 10.0
42.0 92.0 20.0 10.0
68.0 62.0 20.0 10.0
79.0 79.0 20.0 10.0
132.0 74.0 20.0 10.0
103.0 133.0 20.0 10.0
117.0 125.0 20.0 10.0
78.0 85.0 20.0 10.0
110.0 129.0 20.0 10.0
95.0 44.0 20.0 10.0
91.0 126.0 20.0 10.0
112.0 62.0 20.0 10.0
101.0 139.0 20.0 10.0
79.0 126.0 20.0 10.0
71.0 139.0 20.0 10.0
97.0 37.0 20.0 10.0
90.0 111.0 20.0 10.0
73.0 70.0 20.0 10.0
43.0 109.0 20.0 10.0
64.0 89.0 20.0 10.0
74.0 65.0 20.0 10.0
101.0 65.0 20.0 10.0
95.0 118.0 20.0 10.0
65.0 127.0 20.0 10.0
110.0 83.0 20.0 10.0
67.0 110.0 20.0 10.0
129.0 125.0 20.0 10.0
112.0 99.0 20.0 10.0
134.0 89.0 20.0 10.0
106.0 46.0 20.0 10.0
79.0 66.0 20.0 10.0
101.0 133.0 20.0 10.0
126.0 67.0 20.0 10.0
112.0 120.0 20.0 10.0
65.0 96.0 20.0 10.0
90.0 123.0 20.0 10.0
78.0 62.0 20.0 10.0
74.0 50.0 20.0 10.0
74.0 54.0 20.0 10.0
61.0 88.0 20.0 10.0
62.0 108.0 20.0 10.0
69.0 77.0 20.0 10.0
98.0 65.0 20.0 10.0
63.0 114.0 20.0 10.0
61.0 62.0 20.0 10.0
64.0 124.0 20.0 10.0
86.0 127.0 20.0 10.0
150.0 118.0 20.0 10.0
44.0 71.0 20.0 10.0
91.0 74.0 20.0 10.0
110.0 72.0 20.0 10.0
131.0 79.0 20.0 10.0
41.0 82.0 20.0 10.0
84.0 50.0 20.0 10.0
128.0 121.0 20.0 10.0
131.0 61.0 20.0 10.0
46.0 89.0 20.0 10.0
125.0 88.0 20.0 10.0
95.0 122.0 20.0 10.0
80.0 112.0 20.0 10.0
109.0 144.0 20.0 10.0
49.0 105.0 20.0 10.0
74.0 129.0 20.0 10.0
133.0 102.0 20.0 10.0
61.0 124.0 20.0 10.0
130.0 137.0 20.0 10.0
116.0 56.0 20.0 10.0
102.0 131.0 20.0 10.0
120.0 126.0 20.0 10.0
132.0 100.0 20.0 10.0
109.0 140.0 20.0 10.0
81.0 50.0 20.0 10.0
101.0 52.0 20.0 10.0
110.0 55.0 20.0 10.0
79.0 54.0 20.0 10.0
71.0 107.0 20.0 10.0
143.0 113.0 20.0 10.0
119.0 45.0 20.0 10.0
44.0 92.0 20.0 10.0
58.0 60.0 20.0 10.0
59.0 71.0 20.0 10.0
112.0 140.0 20.0 10.0
84.0 81.0 20.0 10.0
61.0 111.0 20.0 10.0
93.0 137.0 20.0 10.0
98.0 48.0 20.0 10.0
37.0 97.0 20.0 10.0
71.0 43.0 20.0 10.0
103.0 55.0 20.0 10.0
61.0 89.0 20.0 10.0
111.0 122.0 20.0 10.0
129.0 85.0 20.0 10.0
32.0 113.0 20.0 10.0
45.0 56.0 20.0 10.0
108.0 134.0 20.0 10.0
131.0 98.0 20.0 10.0
51.0 86.0 20.0 10.0
132.0 127.0 20.0 10.0
44.0 81.0 20.0 10.0
120.0 63.0 20.0 10.0
44.0 101.0 20.0 10.0
63.0 93.0 20.0 10.0
137.0 123.0 20.0 10.0
125.0 137.0 20.0 10.0
136.0 81.0 20.0 10.0
119.0 122.0 20.0 10.0
140.0 102.0 20.0 10.0
85.0 52.0 20.0 10.0
44.0 120.0 20.0 10.0
64.0 119.0 20.0 10.0
121.0 98.0 20.0 10.0
108.0 38.0 20.0 10.0
82.0 42.0 20.0 10.0
82.0 60.0 20.0 10.0
40.0 85.0 20.0 10.0
81.0 152.0 20.0 10.0
44.0 114.0 20.0 10.0
140.0 82.0 20.0 10.0
106.0 110.0 20.0 10.0
138.0 60.0 20.0 10.0
38.0 87.0 20.0 10.0
119.0 85.0 20.0 10.0
39.0 81.0 20.0 10.0
70.0 115.0 20.0 10.0
58.0 68.0 20.0 10.0
102.0 115.0 20.0 10.0
117.0 102.0 20.0 10.0
87.0 71.0 20.0 10.0
75.0 123.0 20.0 10.0
140.0 98.0 20.0 10.0
80.0 47.0 20.0 10.0
127.0 81.0 20.0 10.0
106.0 116.0 20.0 10.0
89.0 50.0 20.0 10.0
69.0 51.0 20.0 10.0
100.0 146.0 20.0 10.0
134.0 48.0 20.0 10.0
106.0 51.0 20.0 10.0
48.0 80.0 20.0 10.0
49.0 99.0 20.0 10.0
32.0 102.0 20.0 10.0
118.0 128.0 20.0 10.0
136.0 100.0 20.0 10.0
88.0 42.0 20.0 10.0
128.0 131.0 20.0 10.0
138.0 117.0 20.0 10.0
68.0 66.0 20.0 10.0
121.0 129.0 20.0 10.0
45.0 104.0 20.0 10.0
42.0 110.0 20.0 10.0
130.0 77.0 20.0 10.0
143.0 109.0 20.0 10.0
45.0 76.0 20.0 10.0
49.0 115.0 20.0 10.0
103.0 128.0 20.0 10.0
33.0 83.0 20.0 10.0
132.0 94.0 20.0 10.0
150.0 92.0 20.0 10.0
144.0 97.0 20.0 10.0
73.0 61.0 20.0 10.0
99.0 134.0 20.0 10.0
66.0 55.0 20.0 10.0
130.0 51.0 20.0 10.0
81.0 65.0 20.0 10.0
131.0 90.0 20.0 10.0
77.0 123.0 20.0 10.0
145.0 69.0 20.0 10.0
121.0 65.0 20.0 10.0
67.0 127.0 20.0 10.0
56.0 69.0 20.0 10.0
70.0 119.0 20.0 10.0
81.0 68.0 20.0 10.0
131.0 114.0 20.0 10.0
122.0 78.0 20.0 10.0
151.0 70.0 20.0 10.0
54.0 89.0 20.0 10.0
119.0 69.0 20.0 10.0
53.0 57.0 20.0 10.0
125.0 53.0 20.0 10.0
134.0 117.0 20.0 10.0
136.0 119.0 20.0 10.0
98.0 141.0 20.0 10.0
115.0 118.0 20.0 10.0
76.0 128.0 20.0 10.0
51.0 82.0 20.0 10.0
125.0 110.0 20.0 10.0
40.0 62.0 20.0 10.0
67.0 144.0 20.0 10.0
110.0 50.0 20.0 10.0
137.0 96.0 20.0 10.0
158.0 85.0 20.0 10.0
54.0 67.0 20.0 10.0
83.0 29.0 20.0 10.0
59.0 51.0 20.0 10.0
105.0 142.0 20.0 10.0
88.0 54.0 20.0 10.0
71.0 57.0 20.0 10.0
136.0 116.0 20.0 10.0
118.0 57.0 20.0 10.0
135.0 69.0 20.0 10.0
92.0 43.0 20.0 10.0
97.0 151.0 20.0 10.0
108.0 52.0 20.0 10.0
56.0 93.0 20.0 10.0
83.0 71.0 20.0 10.0
108.0 124.0 20.0 10.0
135.0 114.0 20.0 10.0
108.0 42.0 20.0 10.0
61.0 43.0 20.0 10.0
138.0 109.0 20.0 10.0
132.0 124.0 20.0 10.0
91.0 32.0 20.0 10.0
126.0 120.0 20.0 10.0
49.0 63.0 20.0 10.0
116.0 138.0 20.0 10.0
148.0 88.0 20.0 10.0
81.0 136.0 20.0 10.0
47.0 105.0 20.0 10.0
115.0 40.0 20.0 10.0
80.0 61.0 20.0 10.0
120.0 136.0 20.0 10.0
122.0 56.0 20.0 10.0
134.0 50.0 20.0 10.0
90.0 56.0 20.0 10.0
118.0 138.0 20.0 10.0
59.0 126.0 20.0 10.0
146.0 107.0 20.0 10.0
126.0 56.0 20.0 10.0
79.0 140.0 20.0 10.0
111.0 135.0 20.0 10.0
52.0 83.0 20.0 10.0
138.0 112.0 20.0 10.0
70.0 68.0 20.0 10.0
135.0 53.0 20.0 10.0
121.0 59.0 20.0 10.0
61.0 84.0 20.0 10.0
102.0 144.0 20.0 10.0
57.0 72.0 20.0 10.0
41.0 129.0 20.0 10.0
131.0 97.0 20.0 10.0
126.0 59.0 20.0 10.0
138.0 105.0 20.0 10.0
124.0 113.0 20.0 10.0
149.0 90.0 20.0 10.0
158.0 74.0 20.0 10.0
52.0 93.0 20.0 10.0
53.0 103.0 20.0 10.0
67.0 51.0 20.0 10.0
64.0 67.0 20.0 10.0
144.0 70.0 20.0 10.0
142.0 68.0 20.0 10.0
113.0 147.0 20.0 10.0
66.0 80.0 20.0 10.0
115.0 140.0 20.0 10.0
131.0 139.0 20.0 10.0
147.0 112.0 20.0 10.0
115.0 123.0 20.0 10.0
75.0 146.0 20.0 10.0
137.0 51.0 20.0 10.0
116.0 53.0 20.0 10.0
52.0 77.0 20.0 10.0
99.0 101.0 20.0 10.0
122.0 123.0 20.0 10.0
146.0 99.0 20.0 10.0
86.0 141.0 20.0 10.0
135.0 128.0 20.0 10.0
140.0 97.0 20.0 10.0
53.0 132.0 20.0 10.0
60.0 143.0 20.0 10.0
66.0 116.0 20.0 10.0
58.0 113.0 20.0 10.0
114.0 35.0 20.0 10.0
25.0 112.0 20.0 10.0
127.0 105.0 20.0 10.0
106.0 148.0 20.0 10.0
86.0 43.0 20.0 10.0
75.0 132.0 20.0 10.0
81.0 44.0 20.0 10.0
112.0 48.0 20.0 10.0
118.0 130.0 20.0 10.0
52.0 135.0 20.0 10.0
95.0 133.0 20.0 10.0
59.0 56.0 20.0 10.0
79.0 119.0 20.0 10.0
131.0 106.0 20.0 10.0
113.0 133.0 20.0 10.0
91.0 39.0 20.0 10.0
120.0 49.0 20.0 10.0
38.0 78.0 20.0 10.0
60.0 80.0 20.0 10.0
135.0 109.0 20.0 10.0
68.0 47.0 20.0 10.0
155.0 117.0 20.0 10.0
124.0 126.0 20.0 10.0
113.0 135.0 20.0 10.0
36.0 113.0 20.0 10.0
68.0 124.0 20.0 10.0
77.0 143.0 20.0 10.0
114.0 74.0 20.0 10.0
131.0 81.0 20.0 10.0
73.0 34.0 20.0 10.0
98.0 129.0 20.0 10.0
118.0 61.0 20.0 10.0
113.0 67.0 20.0 10.0
65.0 66.0 20.0 10.0
93.0 49.0 20.0 10.0
75.0 137.0 20.0 10.0
109.0 79.0 20.0 10.0
65.0 133.0 20.0 10.0
123.0 48.0 20.0 10.0
116.0 150.0 20.0 10.0
90.0 140.0 20.0 10.0
61.0 144.0 20.0 10.0
140.0 77.0 20.0 10.0
149.0 100.0 20.0 10.0
102.0 48.0 20.0 10.0
38.0 122.0 20.0 10.0
70.0 121.0 20.0 10.0
95.0 53.0 20.0 10.0
135.0 71.0 20.0 10.0
38.0 102.0 20.0 10.0
67.0 42.0 20.0 10.0
56.0 113.0 20.0 10.0
97.0 52.0 20.0 10.0
111.0 44.0 20.0 10.0
84.0 40.0 20.0 10.0
44.0 97.0 20.0 10.0
71.0 64.0 20.0 10.0
156.0 107.0 20.0 10.0
49.0 45.0 20.0 10.0
50.0 95.0 20.0 10.0
96.0 132.0 20.0 10.0
85.0 144.0 20.0 10.0
67.0 140.0 20.0 10.0
110.0 61.0 20.0 10.0
118.0 36.0 20.0 10.0
94.0 138.0 20.0 10.0
134.0 56.0 20.0 10.0
127.0 140.0 20.0 10.0
76.0 108.0 20.0 10.0
118.0 132.0 20.0 10.0
63.0 55.0 20.0 10.0
147.0 82.0 20.0 10.0
65.0 56.0 20.0 10.0
107.0 43.0 20.0 10.0
147.0 118.0 20.0 10.0
49.0 128.0 20.0 10.0
144.0 104.0 20.0 10.0
85.0 24.0 20.0 10.0
81.0 39.0 20.0 10.0
132.0 65.0 20.0 10.0
49.0 72.0 20.0 10.0
137.0 78.0 20.0 10.0
154.0 99.0 20.0 10.0
143.0 88.0 20.0 10.0
122.0 54.0 20.0 10.0
63.0 72.0 20.0 10.0
51.0 144.0 20.0 10.0
57.0 107.0 20.0 10.0
66.0 70.0 20.0 10.0
51.0 76.0 20.0 10.0
40.0 90.0 20.0 10.0
127.0 56.0 20.0 10.0
101.0 29.0 20.0 10.0
50.0 39.0 20.0 10.0
152.0 90.0 20.0 10.0
123.0 63.0 20.0 10.0
68.0 35.0 20.0 10.0
49.0 124.0 20.0 10.0
58.0 134.0 20.0 10.0
48.0 110.0 20.0 10.0
143.0 75.0 20.0 10.0
110.0 126.0 20.0 10.0
61.0 117.0 20.0 10.0
54.0 69.0 20.0 10.0
56.0 100.0 20.0 10.0
133.0 110.0 20.0 10.0
50.0 108.0 20.0 10.0
94.0 39.0 20.0 10.0
63.0 142.0 20.0 10.0
119.0 140.0 20.0 10.0
85.0 136.0 20.0 10.0
75.0 47.0 20.0 10.0
53.0 122.0 20.0 10.0
148.0 111.0 20.0 10.0
53.0 116.0 20.0 10.0
118.0 146.0 20.0 10.0
50.0 119.0 20.0 10.0
45.0 72.0 20.0 10.0
45.0 87.0 20.0 10.0
60.0 138.0 20.0 10.0
64.0 48.0 20.0 10.0
74.0 37.0 20.0 10.0
115.0 145.0 20.0 10.0
61.0 120.0 20.0 10.0
111.0 132.0 20.0 10.0
121.0 37.0 20.0 10.0
127.0 50.0 20.0 10.0
146.0 77.0 20.0 10.0
96.0 148.0 20.0 10.0
70.0 132.0 20.0 10.0
150.0 106.0 20.0 10.0
102.0 154.0 20.0 10.0
27.0 97.0 20.0 10.0
64.0 60.0 20.0 10.0
54.0 56.0 20.0 10.0
97.0 28.0 20.0 10.0
94.0 136.0 20.0 10.0
44.0 86.0 20.0 10.0
93.0 148.0 20.0 10.0
119.0 117.0 20.0 10.0
148.0 94.0 20.0 10.0
47.0 54.0 20.0 10.0
94.0 157.0 20.0 10.0
48.0 65.0 20.0 10.0
81.0 142.0 20.0 10.0
144.0 86.0 20.0 10.0
136.0 136.0 20.0 10.0
113.0 44.0 20.0 10.0
60.0 59.0 20.0 10.0
63.0 42.0 20.0 10.0
51.0 105.0 20.0 10.0
125.0 39.0 20.0 10.0
85.0 122.0 20.0 10.0
58.0 84.0 20.0 10.0
47.0 81.0 20.0 10.0
67.0 119.0 20.0 10.0
74.0 70.0 20.0 10.0
89.0 46.0 20.0 10.0
124.0 132.0 20.0 10.0
101.0 137.0 20.0 10.0
132.0 112.0 20.0 10.0
62.0 68.0 20.0 10.0
98.0 125.0 20.0 10.0
36.0 77.0 20.0 10.0
55.0 97.0 20.0 10.0
61.0 82.0 20.0 10.0
107.0 145.0 20.0 10.0
99.0 40.0 20.0 10.0
124.0 142.0 20.0 10.0
64.0 50.0 20.0 10.0
103.0 123.0 20.0 10.0
68.0 43.0 20.0 10.0
63.0 128.0 20.0 10.0
125.0 124.0 20.0 10.0
140.0 53.0 20.0 10.0
42.0 97.0 20.0 10.0
97.0 33.0 20.0 10.0
135.0 63.0 20.0 10.0
83.0 155.0 20.0 10.0
105.0 34.0 20.0 10.0
76.0 44.0 20.0 10.0
88.0 142.0 20.0 10.0
95.0 46.0 20.0 10.0
144.0 65.0 20.0 10.0
122.0 137.0 20.0 10.0
109.0 59.0 20.0 10.0
77.0 41.0 20.0 10.0
61.0 50.0 20.0 10.0
113.0 52.0 20.0 10.0
146.0 103.0 20.0 10.0
129.0 116.0 20.0 10.0
124.0 50.0 20.0 10.0
108.0 48.0 20.0 10.0
138.0 130.0 20.0 10.0
62.0 106.0 20.0 10.0
111.0 126.0 20.0 10.0
32.0 65.0 20.0 10.0
64.0 104.0 20.0 10.0
109.0 64.0 20.0 10.0
94.0 57.0 20.0 10.0
50.0 69.0 20.0 10.0
54.0 141.0 20.0 10.0
139.0 66.0 20.0 10.0
139.0 142.0 20.0 10.0
71.0 145.0 20.0 10.0
79.0 158.0 20.0 10.0
131.0 129.0 20.0 10.0
85.0 37.0 20.0 10.0
145.0 125.0 20.0 10.0
100.0 141.0 20.0 10.0
80.0 51.0 20.0 10.0
140.0 88.0 20.0 10.0
42.0 126.0 20.0 10.0
27.0 63.0 20.0 10.0
56.0 122.0 20.0 10.0
62.0 70.0 20.0 10.0
132.0 104.0 20.0 10.0
129.0 133.0 20.0 10.0
134.0 60.0 20.0 10.0
122.0 104.0 20.0 10.0
129.0 72.0 20.0 10.0
138.0 85.0 20.0 10.0
139.0 125.0 20.0 10.0
153.0 112.0 20.0 10.0
83.0 145.0 20.0 10.0
144.0 92.0 20.0 10.0
141.0 90.0 20.0 10.0
92.0 143.0 20.0 10.0
61.0 132.0 20.0 10.0
63.0 130.0 20.0 10.0
56.0 110.0 20.0 10.0
