1000
83.0 86.0 20.0 10.0
83.0 83.0 20.0 10.0
87.0 88.0 20.0 10.0
85.0 82.0 20.0 10.0
96.0 91.0 20.0 10.0
92.0 87.0 20.0 10.0
103.0 87.0 20.0 10.0
88.0 84.0 20.0 10.0
85.0 84.0 20.0 10.0
82.0 90.0 20.0 10.0
84.0 91.0 20.0 10.0
93.0 89.0 20.0 10.0
77.0 80.0 20.0 10.0
86.0 71.0 20.0 10.0
89.0 101.0 20.0 10.0
89.0 93.0 20.0 10.0
90.0 83.0 20.0 10.0
80.0 75.0 20.0 10.0
100.0 73.0 20.0 10.0
111.0 79.0 20.0 10.0
76.0 84.0 20.0 10.0
77.0 108.0 20.0 10.0
67.0 99.0 20.0 10.0
68.0 87.0 20.0 10.0
75.0 99.0 20.0 10.0
85.0 77.0 20.0 10.0
91.0 87.0 20.0 10.0
77.0 74.0 20.0 10.0
86.0 103.0 20.0 10.0
88.0 80.0 20.0 10.0
81.0 85.0 20.0 10.0
91.0 84.0 20.0 10.0
88.0 92.0 20.0 10.0
91.0 83.0 20.0 10.0
106.0 85.0 20.0 10.0
99.0 68.0 20.0 10.0
95.0 106.0 20.0 10.0
95.0 82.0 20.0 10.0
94.0 97.0 20.0 10.0
78.0 89.0 20.0 10.0
96.0 77.0 20.0 10.0
92.0 98.0 20.0 10.0
89.0 76.0 20.0 10.0
82.0 87.0 20.0 10.0
101.0 76.0 20.0 10.0
81.0 84.0 20.0 10.0
102.0 93.0 20.0 10.0
100.0 88.0 20.0 10.0
83.0 85.0 20.0 10.0
89.0 70.0 20.0 10.0
97.0 100.0 20.0 10.0
78.0 101.0 20.0 10.0
97.0 87.0 20.0 10.0
85.0 91.0 20.0 10.0
99.0 96.0 20.0 10.0
84.0 100.0 20.0 10.0
114.0 101.0 20.0 10.0
74.0 76.0 20.0 10.0
97.0 83.0 20.0 10.0
80.0 67.0 20.0 10.0
65.0 70.0 20.0 10.0
107.0 77.0 20.0 10.0
72.0 90.0 20.0 10.0
112.0 68.0 20.0 10.0
105.0 86.0 20.0 10.0
93.0 111.0 20.0 10.0
100.0 99.0 20.0 10.0
69.0 90.0 20.0 10.0
113.0 69.0 20.0 10.0
99.0 78.0 20.0 10.0
111.0 105.0 20.0 10.0
82.0 79.0 20.0 10.0
108.0 100.0 20.0 10.0
62.0 87.0 20.0 10.0
110.0 69.0 20.0 10.0
106.0 93.0 20.0 10.0
109.0 95.0 20.0 10.0
91.0 88.0 20.0 10.0
99.0 93.0 20.0 10.0
93.0 93.0 20.0 10.0
77.0 85.0 20.0 10.0
106.0 57.0 20.0 10.0
104.0 83.0 20.0 10.0
99.0 115.0 20.0 10.0
68.0 55.0 20.0 10.0
113.0 97.0 20.0 10.0
116.0 105.0 20.0 10.0
89.0 61.0 20.0 10.0
77.0 94.0 20.0 10.0
90.0 103.0 20.0 10.0
114.0 94.0 20.0 10.0
80.0 79.0 20.0 10.0
83.0 106.0 20.0 10.0
83.0 104.0 20.0 10.0
67.0 96.0 20.0 10.0
70.0 81.0 20.0 10.0
88.0 75.0 20.0 10.0
89.0 85.0 20.0 10.0
103.0 78.0 20.0 10.0
68.0 86.0 20.0 10.0
111.0 84.0 20.0 10.0
109.0 108.0 20.0 10.0
72.0 86.0 20.0 10.0
53.0 83.0 20.0 10.0
92.0 102.0 20.0 10.0
106.0 67.0 20.0 10.0
59.0 73.0 20.0 10.0
79.0 83.0 20.0 10.0
98.0 61.0 20.0 10.0
100.0 110.0 20.0 10.0
67.0 92.0 20.0 10.0
95.0 121.0 20.0 10.0
86.0 94.0 20.0 10.0
94.0 87.0 20.0 10.0
56.0 54.0 20.0 10.0
108.0 92.0 20.0 10.0
76.0 81.0 20.0 10.0
93.0 80.0 20.0 10.0
93.0 95.0 20.0 10.0
81.0 76.0 20.0 10.0
76.0 102.0 20.0 10.0
108.0 106.0 20.0 10.0
80.0 80.0 20.0 10.0
63.0 76.0 20.0 10.0
72.0 93.0 20.0 10.0
93.0 76.0 20.0 10.0
61.0 82.0 20.0 10.0
106.0 76.0 20.0 10.0
135.0 103.0 20.0 10.0
87.0 63.0 20.0 10.0
64.0 78.0 20.0 10.0
101.0 80.0 20.0 10.0
65.0 103.0 20.0 10.0
76.0 112.0 20.0 10.0
75.0 92.0 20.0 10.0
106.0 72.0 20.0 10.0
95.0 112.0 20.0 10.0
63.0 84.0 20.0 10.0
73.0 125.0 20.0 10.0
105.0 80.0 20.0 10.0
104.0 90.0 20.0 10.0
73.0 105.0 20.0 10.0
94.0 83.0 20.0 10.0
91.0 96.0 20.0 10.0
112.0 94.0 20.0 10.0
99.0 73.0 20.0 10.0
96.0 68.0 20.0 10.0
90.0 90.0 20.0 10.0
78.0 64.0 20.0 10.0
90.0 79.0 20.0 10.0
122.0 88.0 20.0 10.0
116.0 86.0 20.0 10.0
68.0 77.0 20.0 10.0
85.0 73.0 20.0 10.0
92.0 114.0 20.0 10.0
89.0 112.0 20.0 10.0
64.0 124.0 20.0 10.0
129.0 115.0 20.0 10.0
114.0 92.0 20.0 10.0
77.0 106.0 20.0 10.0
88.0 62.0 20.0 10.0
70.0 103.0 20.0 10.0
81.0 102.0 20.0 10.0
99.0 108.0 20.0 10.0
81.0 114.0 20.0 10.0
80.0 119.0 20.0 10.0
92.0 51.0 20.0 10.0
60.0 102.0 20.0 10.0
90.0 85.0 20.0 10.0
86.0 93.0 20.0 10.0
103.0 77.0 20.0 10.0
72.0 83.0 20.0 10.0
114.0 76.0 20.0 10.0
72.0 106.0 20.0 10.0
114.0 121.0 20.0 10.0
83.0 120.0 20.0 10.0
75.0 67.0 20.0 10.0
86.0 115.0 20.0 10.0
64.0 66.0 20.0 10.0
96.0 116.0 20.0 10.0
122.0 78.0 20.0 10.0
101.0 123.0 20.0 10.0
101.0 103.0 20.0 10.0
121.0 83.0 20.0 10.0
69.0 76.0 20.0 10.0
73.0 62.0 20.0 10.0
117.0 112.0 20.0 10.0
109.0 104.0 20.0 10.0
119.0 102.0 20.0 10.0
123.0 55.0 20.0 10.0
91.0 55.0 20.0 10.0
120.0 98.0 20.0 10.0
91.0 74.0 20.0 10.0
60.0 95.0 20.0 10.0
75.0 89.0 20.0 10.0
107.0 118.0 20.0 10.0
95.0 102.0 20.0 10.0
94.0 70.0 20.0 10.0
100.0 65.0 20.0 10.0
92.0 65.0 20.0 10.0
74.0 96.0 20.0 10.0
88.0 56.0 20.0 10.0
79.0 96.0 20.0 10.0
110.0 96.0 20.0 10.0
56.0 82.0 20.0 10.0
78.0 111.0 20.0 10.0
119.0 95.0 20.0 10.0
75.0 117.0 20.0 10.0
43.0 100.0 20.0 10.0
107.0 89.0 20.0 10.0
73.0 69.0 20.0 10.0
80.0 47.0 20.0 10.0
106.0 105.0 20.0 10.0
94.0 73.0 20.0 10.0
120.0 66.0 20.0 10.0
91.0 63.0 20.0 10.0
82.0 110.0 20.0 10.0
126.0 94.0 20.0 10.0
87.0 109.0 20.0 10.0
121.0 87.0 20.0 10.0
69.0 101.0 20.0 10.0
108.0 75.0 20.0 10.0
86.0 110.0 20.0 10.0
75.0 85.0 20.0 10.0
93.0 109.0 20.0 10.0
72.0 110.0 20.0 10.0
98.0 79.0 20.0 10.0
112.0 81.0 20.0 10.0
61.0 71.0 20.0 10.0
87.0 116.0 20.0 10.0
76.0 110.0 20.0 10.0
110.0 119.0 20.0 10.0
106.0 110.0 20.0 10.0
79.0 106.0 20.0 10.0
71.0 115.0 20.0 10.0
69.0 93.0 20.0 10.0
107.0 65.0 20.0 10.0
57.0 90.0 20.0 10.0
70.0 106.0 20.0 10.0
46.0 92.0 20.0 10.0
102.0 64.0 20.0 10.0
111.0 56.0 20.0 10.0
115.0 74.0 20.0 10.0
71.0 52.0 20.0 10.0
108.0 127.0 20.0 10.0
120.0 105.0 20.0 10.0
48.0 83.0 20.0 10.0
113.0 82.0 20.0 10.0
85.0 52.0 20.0 10.0
105.0 108.0 20.0 10.0
95.0 107.0 20.0 10.0
78.0 79.0 20.0 10.0
116.0 101.0 20.0 10.0
56.0 92.0 20.0 10.0
83.0 118.0 20.0 10.0
128.0 88.0 20.0 10.0
61.0 86.0 20.0 10.0
85.0 101.0 20.0 10.0
43.0 96.0 20.0 10.0
92.0 92.0 20.0 10.0
101.0 91.0 20.0 10.0
56.0 113.0 20.0 10.0
56.0 95.0 20.0 10.0
56.0 87.0 20.0 10.0
76.0 119.0 20.0 10.0
128.0 98.0 20.0 10.0
99.0 67.0 20.0 10.0
53.0 69.0 20.0 10.0
133.0 111.0 20.0 10.0
86.0 67.0 20.0 10.0
109.0 82.0 20.0 10.0
143.0 81.0 20.0 10.0
119.0 91.0 20.0 10.0
70.0 85.0 20.0 10.0
82.0 98.0 20.0 10.0
58.0 103.0 20.0 10.0
105.0 100.0 20.0 10.0
83.0 38.0 20.0 10.0
77.0 42.0 20.0 10.0
82.0 123.0 20.0 10.0
113.0 83.0 20.0 10.0
110.0 87.0 20.0 10.0
92.0 124.0 20.0 10.0
124.0 125.0 20.0 10.0
95.0 81.0 20.0 10.0
96.0 60.0 20.0 10.0
108.0 98.0 20.0 10.0
68.0 131.0 20.0 10.0
98.0 105.0 20.0 10.0
90.0 70.0 20.0 10.0
69.0 123.0 20.0 10.0
100.0 136.0 20.0 10.0
74.0 74.0 20.0 10.0
53.0 107.0 20.0 10.0
111.0 90.0 20.0 10.0
123.0 69.0 20.0 10.0
78.0 87.0 20.0 10.0
92.0 106.0 20.0 10.0
95.0 96.0 20.0 10.0
61.0 119.0 20.0 10.0
51.0 89.0 20.0 10.0
87.0 60.0 20.0 10.0
105.0 113.0 20.0 10.0
61.0 116.0 20.0 10.0
126.0 118.0 20.0 10.0
73.0 81.0 20.0 10.0
52.0 56.0 20.0 10.0
116.0 96.0 20.0 10.0
62.0 104.0 20.0 10.0
64.0 73.0 20.0 10.0
120.0 117.0 20.0 10.0
119.0 51.0 20.0 10.0
110.0 76.0 20.0 10.0
53.0 108.0 20.0 10.0
61.0 62.0 20.0 10.0
55.0 80.0 20.0 10.0
49.0 94.0 20.0 10.0
50.0 53.0 20.0 10.0
116.0 91.0 20.0 10.0
100.0 79.0 20.0 10.0
88.0 90.0 20.0 10.0
58.0 76.0 20.0 10.0
60.0 77.0 20.0 10.0
40.0 83.0 20.0 10.0
88.0 67.0 20.0 10.0
101.0 108.0 20.0 10.0
98.0 55.0 20.0 10.0
125.0 74.0 20.0 10.0
45.0 101.0 20.0 10.0
80.0 110.0 20.0 10.0
79.0 53.0 20.0 10.0
82.0 61.0 20.0 10.0
69.0 72.0 20.0 10.0
102.0 114.0 20.0 10.0
55.0 89.0 20.0 10.0
124.0 109.0 20.0 10.0
111.0 133.0 20.0 10.0
53.0 73.0 20.0 10.0
56.0 121.0 20.0 10.0
67.0 45.0 20.0 10.0
129.0 90.0 20.0 10.0
83.0 56.0 20.0 10.0
130.0 79.0 20.0 10.0
127.0 63.0 20.0 10.0
76.0 47.0 20.0 10.0
92.0 101.0 20.0 10.0
100.0 113.0 20.0 10.0
46.0 83.0 20.0 10.0
55.0 125.0 20.0 10.0
111.0 69.0 20.0 10.0
92.0 69.0 20.0 10.0
77.0 98.0 20.0 10.0
87.0 113.0 20.0 10.0
46.0 79.0 20.0 10.0
117.0 49.0 20.0 10.0
103.0 121.0 20.0 10.0
99.0 81.0 20.0 10.0
98.0 71.0 20.0 10.0
81.0 93.0 20.0 10.0
136.0 84.0 20.0 10.0
112.0 46.0 20.0 10.0
50.0 81.0 20.0 10.0
54.0 115.0 20.0 10.0
55.0 128.0 20.0 10.0
63.0 78.0 20.0 10.0
103.0 106.0 20.0 10.0
119.0 103.0 20.0 10.0
123.0 74.0 20.0 10.0
99.0 85.0 20.0 10.0
74.0 101.0 20.0 10.0
87.0 95.0 20.0 10.0
64.0 69.0 20.0 10.0
93.0 71.0 20.0 10.0
59.0 88.0 20.0 10.0
120.0 114.0 20.0 10.0
42.0 79.0 20.0 10.0
67.0 110.0 20.0 10.0
51.0 118.0 20.0 10.0
57.0 70.0 20.0 10.0
91.0 41.0 20.0 10.0
54.0 62.0 20.0 10.0
46.0 120.0 20.0 10.0
89.0 120.0 20.0 10.0
122.0 106.0 20.0 10.0
42.0 108.0 20.0 10.0
123.0 117.0 20.0 10.0
103.0 56.0 20.0 10.0
101.0 83.0 20.0 10.0
130.0 90.0 20.0 10.0
44.0 106.0 20.0 10.0
106.0 37.0 20.0 10.0
101.0 41.0 20.0 10.0
123.0 96.0 20.0 10.0
99.0 102.0 20.0 10.0
95.0 54.0 20.0 10.0
87.0 52.0 20.0 10.0
77.0 33.0 20.0 10.0
79.0 100.0 20.0 10.0
107.0 84.0 20.0 10.0
88.0 105.0 20.0 10.0
55.0 66.0 20.0 10.0
78.0 71.0 20.0 10.0
72.0 115.0 20.0 10.0
119.0 124.0 20.0 10.0
110.0 90.0 20.0 10.0
124.0 83.0 20.0 10.0
120.0 92.0 20.0 10.0
64.0 87.0 20.0 10.0
93.0 66.0 20.0 10.0
50.0 100.0 20.0 10.0
93.0 57.0 20.0 10.0
60.0 69.0 20.0 10.0
104.0 131.0 20.0 10.0
67.0 89.0 20.0 10.0
141.0 75.0 20.0 10.0
59.0 59.0 20.0 10.0
65.0 95.0 20.0 10.0
103.0 96.0 20.0 10.0
81.0 53.0 20.0 10.0
97.0 131.0 20.0 10.0
108.0 54.0 20.0 10.0
127.0 82.0 20.0 10.0
112.0 55.0 20.0 10.0
39.0 103.0 20.0 10.0
80.0 116.0 20.0 10.0
97.0 110.0 20.0 10.0
64.0 117.0 20.0 10.0
50.0 107.0 20.0 10.0
54.0 67.0 20.0 10.0
103.0 80.0 20.0 10.0
127.0 84.0 20.0 10.0
40.0 84.0 20.0 10.0
94.0 60.0 20.0 10.0
83.0 95.0 20.0 10.0
46.0 98.0 20.0 10.0
107.0 115.0 20.0 10.0
73.0 129.0 20.0 10.0
69.0 36.0 20.0 10.0
72.0 124.0 20.0 10.0
58.0 138.0 20.0 10.0
126.0 109.0 20.0 10.0
102.0 133.0 20.0 10.0
62.0 99.0 20.0 10.0
99.0 137.0 20.0 10.0
77.0 58.0 20.0 10.0
92.0 44.0 20.0 10.0
108.0 51.0 20.0 10.0
46.0 64.0 20.0 10.0
69.0 147.0 20.0 10.0
78.0 134.0 20.0 10.0
130.0 92.0 20.0 10.0
117.0 40.0 20.0 10.0
78.0 118.0 20.0 10.0
106.0 70.0 20.0 10.0
94.0 115.0 20.0 10.0
106.0 52.0 20.0 10.0
73.0 54.0 20.0 10.0
104.0 69.0 20.0 10.0
60.0 93.0 20.0 10.0
104.0 66.0 20.0 10.0
114.0 88.0 20.0 10.0
78.0 39.0 20.0 10.0
40.0 96.0 20.0 10.0
135.0 75.0 20.0 10.0
83.0 127.0 20.0 10.0
66.0 59.0 20.0 10.0
122.0 123.0 20.0 10.0
95.0 128.0 20.0 10.0
146.0 93.0 20.0 10.0
66.0 64.0 20.0 10.0
69.0 118.0 20.0 10.0
107.0 122.0 20.0 10.0
58.0 62.0 20.0 10.0
56.0 85.0 20.0 10.0
67.0 129.0 20.0 10.0
52.0 106.0 20.0 10.0
37.0 90.0 20.0 10.0
105.0 104.0 20.0 10.0
71.0 99.0 20.0 10.0
132.0 103.0 20.0 10.0
102.0 117.0 20.0 10.0
119.0 98.0 20.0 10.0
95.0 57.0 20.0 10.0
45.0 109.0 20.0 10.0
71.0 78.0 20.0 10.0
121.0 67.0 20.0 10.0
68.0 65.0 20.0 10.0
58.0 132.0 20.0 10.0
61.0 51.0 20.0 10.0
81.0 112.0 20.0 10.0
69.0 136.0 20.0 10.0
139.0 81.0 20.0 10.0
111.0 115.0 20.0 10.0
125.0 78.0 20.0 10.0
105.0 102.0 20.0 10.0
49.0 92.0 20.0 10.0
116.0 83.0 20.0 10.0
116.0 110.0 20.0 10.0
65.0 97.0 20.0 10.0
71.0 43.0 20.0 10.0
76.0 40.0 20.0 10.0
54.0 100.0 20.0 10.0
128.0 76.0 20.0 10.0
102.0 110.0 20.0 10.0
108.0 63.0 20.0 10.0
68.0 116.0 20.0 10.0
70.0 100.0 20.0 10.0
140.0 52.0 20.0 10.0
118.0 74.0 20.0 10.0
94.0 132.0 20.0 10.0
86.0 41.0 20.0 10.0
123.0 62.0 20.0 10.0
116.0 122.0 20.0 10.0
96.0 143.0 20.0 10.0
90.0 108.0 20.0 10.0
85.0 54.0 20.0 10.0
138.0 72.0 20.0 10.0
84.0 80.0 20.0 10.0
134.0 100.0 20.0 10.0
44.0 89.0 20.0 10.0
60.0 65.0 20.0 10.0
75.0 55.0 20.0 10.0
62.0 115.0 20.0 10.0
133.0 79.0 20.0 10.0
72.0 95.0 20.0 10.0
105.0 118.0 20.0 10.0
108.0 61.0 20.0 10.0
83.0 117.0 20.0 10.0
81.0 72.0 20.0 10.0
125.0 60.0 20.0 10.0
114.0 108.0 20.0 10.0
118.0 63.0 20.0 10.0
113.0 102.0 20.0 10.0
127.0 95.0 20.0 10.0
89.0 126.0 20.0 10.0
81.0 129.0 20.0 10.0
66.0 113.0 20.0 10.0
70.0 42.0 20.0 10.0
113.0 72.0 20.0 10.0
88.0 131.0 20.0 10.0
47.0 103.0 20.0 10.0
110.0 121.0 20.0 10.0
132.0 105.0 20.0 10.0
120.0 120.0 20.0 10.0
121.0 74.0 20.0 10.0
117.0 124.0 20.0 10.0
136.0 108.0 20.0 10.0
93.0 153.0 20.0 10.0
73.0 91.0 20.0 10.0
73.0 122.0 20.0 10.0
51.0 95.0 20.0 10.0
138.0 91.0 20.0 10.0
50.0 60.0 20.0 10.0
126.0 71.0 20.0 10.0
104.0 74.0 20.0 10.0
94.0 151.0 20.0 10.0
51.0 77.0 20.0 10.0
79.0 144.0 20.0 10.0
50.0 67.0 20.0 10.0
90.0 100.0 20.0 10.0
112.0 116.0 20.0 10.0
105.0 50.0 20.0 10.0
96.0 36.0 20.0 10.0
121.0 61.0 20.0 10.0
121.0 124.0 20.0 10.0
84.0 57.0 20.0 10.0
39.0 61.0 20.0 10.0
33.0 77.0 20.0 10.0
97.0 54.0 20.0 10.0
126.0 93.0 20.0 10.0
95.0 42.0 20.0 10.0
48.0 57.0 20.0 10.0
51.0 51.0 20.0 10.0
72.0 48.0 20.0 10.0
75.0 123.0 20.0 10.0
102.0 125.0 20.0 10.0
97.0 149.0 20.0 10.0
39.0 99.0 20.0 10.0
90.0 42.0 20.0 10.0
57.0 109.0 20.0 10.0
56.0 39.0 20.0 10.0
89.0 122.0 20.0 10.0
105.0 134.0 20.0 10.0
60.0 123.0 20.0 10.0
51.0 75.0 20.0 10.0
125.0 44.0 20.0 10.0
62.0 55.0 20.0 10.0
65.0 51.0 20.0 10.0
90.0 49.0 20.0 10.0
49.0 72.0 20.0 10.0
118.0 79.0 20.0 10.0
54.0 103.0 20.0 10.0
65.0 50.0 20.0 10.0
83.0 136.0 20.0 10.0
61.0 74.0 20.0 10.0
103.0 128.0 20.0 10.0
78.0 123.0 20.0 10.0
74.0 137.0 20.0 10.0
136.0 62.0 20.0 10.0
69.0 74.0 20.0 10.0
125.0 80.0 20.0 10.0
65.0 56.0 20.0 10.0
48.0 123.0 20.0 10.0
99.0 133.0 20.0 10.0
142.0 79.0 20.0 10.0
59.0 97.0 20.0 10.0
59.0 121.0 20.0 10.0
80.0 36.0 20.0 10.0
121.0 80.0 20.0 10.0
81.0 138.0 20.0 10.0
73.0 58.0 20.0 10.0
122.0 79.0 20.0 10.0
131.0 75.0 20.0 10.0
135.0 60.0 20.0 10.0
95.0 33.0 20.0 10.0
81.0 41.0 20.0 10.0
92.0 130.0 20.0 10.0
118.0 86.0 20.0 10.0
107.0 139.0 20.0 10.0
79.0 59.0 20.0 10.0
77.0 136.0 20.0 10.0
82.0 45.0 20.0 10.0
117.0 99.0 20.0 10.0
50.0 70.0 20.0 10.0
62.0 116.0 20.0 10.0
121.0 56.0 20.0 10.0
101.0 127.0 20.0 10.0
99.0 141.0 20.0 10.0
123.0 102.0 20.0 10.0
137.0 118.0 20.0 10.0
49.0 111.0 20.0 10.0
39.0 112.0 20.0 10.0
72.0 131.0 20.0 10.0
131.0 85.0 20.0 10.0
120.0 111.0 20.0 10.0
94.0 120.0 20.0 10.0
98.0 130.0 20.0 10.0
130.0 67.0 20.0 10.0
107.0 40.0 20.0 10.0
53.0 134.0 20.0 10.0
75.0 48.0 20.0 10.0
67.0 41.0 20.0 10.0
67.0 122.0 20.0 10.0
129.0 71.0 20.0 10.0
124.0 123.0 20.0 10.0
116.0 121.0 20.0 10.0
63.0 145.0 20.0 10.0
130.0 107.0 20.0 10.0
129.0 113.0 20.0 10.0
80.0 64.0 20.0 10.0
89.0 134.0 20.0 10.0
93.0 133.0 20.0 10.0
116.0 127.0 20.0 10.0
107.0 48.0 20.0 10.0
122.0 113.0 20.0 10.0
66.0 83.0 20.0 10.0
62.0 67.0 20.0 10.0
110.0 72.0 20.0 10.0
130.0 103.0 20.0 10.0
32.0 104.0 20.0 10.0
56.0 100.0 20.0 10.0
82.0 59.0 20.0 10.0
48.0 116.0 20.0 10.0
136.0 88.0 20.0 10.0
107.0 121.0 20.0 10.0
47.0 115.0 20.0 10.0
135.0 92.0 20.0 10.0
131.0 83.0 20.0 10.0
40.0 64.0 20.0 10.0
58.0 65.0 20.0 10.0
58.0 78.0 20.0 10.0
58.0 93.0 20.0 10.0
53.0 44.0 20.0 10.0
75.0 44.0 20.0 10.0
41.0 64.0 20.0 10.0
90.0 143.0 20.0 10.0
88.0 136.0 20.0 10.0
113.0 51.0 20.0 10.0
59.0 47.0 20.0 10.0
43.0 55.0 20.0 10.0
130.0 48.0 20.0 10.0
62.0 128.0 20.0 10.0
100.0 61.0 20.0 10.0
80.0 28.0 20.0 10.0
111.0 62.0 20.0 10.0
103.0 144.0 20.0 10.0
100.0 54.0 20.0 10.0
111.0 126.0 20.0 10.0
72.0 39.0 20.0 10.0
152.0 96.0 20.0 10.0
109.0 133.0 20.0 10.0
56.0 119.0 20.0 10.0
137.0 97.0 20.0 10.0
92.0 40.0 20.0 10.0
135.0 68.0 20.0 10.0
66.0 48.0 20.0 10.0
125.0 86.0 20.0 10.0
118.0 142.0 20.0 10.0
136.0 101.0 20.0 10.0
97.0 63.0 20.0 10.0
70.0 113.0 20.0 10.0
40.0 91.0 20.0 10.0
110.0 111.0 20.0 10.0
50.0 87.0 20.0 10.0
63.0 45.0 20.0 10.0
116.0 52.0 20.0 10.0
60.0 46.0 20.0 10.0
63.0 37.0 20.0 10.0
118.0 71.0 20.0 10.0
66.0 140.0 20.0 10.0
131.0 110.0 20.0 10.0
45.0 69.0 20.0 10.0
118.0 49.0 20.0 10.0
37.0 111.0 20.0 10.0
112.0 118.0 20.0 10.0
74.0 61.0 20.0 10.0
78.0 44.0 20.0 10.0
103.0 44.0 20.0 10.0
74.0 132.0 20.0 10.0
77.0 52.0 20.0 10.0
115.0 31.0 20.0 10.0
137.0 65.0 20.0 10.0
61.0 91.0 20.0 10.0
132.0 98.0 20.0 10.0
85.0 46.0 20.0 10.0
92.0 33.0 20.0 10.0
41.0 81.0 20.0 10.0
59.0 113.0 20.0 10.0
62.0 122.0 20.0 10.0
94.0 31.0 20.0 10.0
75.0 109.0 20.0 10.0
66.0 145.0 20.0 10.0
134.0 95.0 20.0 10.0
97.0 134.0 20.0 10.0
41.0 105.0 20.0 10.0
48.0 96.0 20.0 10.0
110.0 53.0 20.0 10.0
40.0 73.0 20.0 10.0
88.0 127.0 20.0 10.0
94.0 39.0 20.0 10.0
138.0 90.0 20.0 10.0
63.0 62.0 20.0 10.0
40.0 76.0 20.0 10.0
92.0 47.0 20.0 10.0
79.0 131.0 20.0 10.0
37.0 82.0 20.0 10.0
96.0 46.0 20.0 10.0
121.0 97.0 20.0 10.0
97.0 51.0 20.0 10.0
123.0 141.0 20.0 10.0
47.0 70.0 20.0 10.0
110.0 39.0 20.0 10.0
113.0 79.0 20.0 10.0
49.0 105.0 20.0 10.0
72.0 57.0 20.0 10.0
40.0 93.0 20.0 10.0
112.0 108.0 20.0 10.0
115.0 62.0 20.0 10.0
82.0 149.0 20.0 10.0
124.0 67.0 20.0 10.0
54.0 111.0 20.0 10.0
119.0 132.0 20.0 10.0
127.0 121.0 20.0 10.0
119.0 43.0 20.0 10.0
35.0 65.0 20.0 10.0
48.0 76.0 20.0 10.0
71.0 129.0 20.0 10.0
83.0 50.0 20.0 10.0
68.0 50.0 20.0 10.0
46.0 72.0 20.0 10.0
127.0 66.0 20.0 10.0
129.0 44.0 20.0 10.0
77.0 38.0 20.0 10.0
106.0 45.0 20.0 10.0
113.0 116.0 20.0 10.0
141.0 98.0 20.0 10.0
143.0 118.0 20.0 10.0
58.0 68.0 20.0 10.0
42.0 93.0 20.0 10.0
123.0 64.0 20.0 10.0
81.0 136.0 20.0 10.0
129.0 65.0 20.0 10.0
33.0 117.0 20.0 10.0
127.0 100.0 20.0 10.0
58.0 43.0 20.0 10.0
115.0 60.0 20.0 10.0
76.0 141.0 20.0 10.0
139.0 66.0 20.0 10.0
143.0 113.0 20.0 10.0
101.0 145.0 20.0 10.0
61.0 58.0 20.0 10.0
31.0 59.0 20.0 10.0
113.0 40.0 20.0 10.0
76.0 128.0 20.0 10.0
64.0 60.0 20.0 10.0
58.0 107.0 20.0 10.0
94.0 140.0 20.0 10.0
46.0 88.0 20.0 10.0
137.0 80.0 20.0 10.0
67.0 106.0 20.0 10.0
95.0 134.0 20.0 10.0
97.0 69.0 20.0 10.0
124.0 57.0 20.0 10.0
114.0 55.0 20.0 10.0
44.0 76.0 20.0 10.0
85.0 124.0 20.0 10.0
143.0 62.0 20.0 10.0
91.0 139.0 20.0 10.0
48.0 108.0 20.0 10.0
78.0 126.0 20.0 10.0
99.0 122.0 20.0 10.0
68.0 44.0 20.0 10.0
130.0 94.0 20.0 10.0
82.0 69.0 20.0 10.0
86.0 133.0 20.0 10.0
116.0 132.0 20.0 10.0
128.0 53.0 20.0 10.0
25.0 97.0 20.0 10.0
71.0 63.0 20.0 10.0
52.0 80.0 20.0 10.0
34.0 131.0 20.0 10.0
68.0 124.0 20.0 10.0
41.0 115.0 20.0 10.0
25.0 81.0 20.0 10.0
56.0 98.0 20.0 10.0
148.0 83.0 20.0 10.0
45.0 126.0 20.0 10.0
134.0 46.0 20.0 10.0
120.0 144.0 20.0 10.0
42.0 94.0 20.0 10.0
135.0 79.0 20.0 10.0
42.0 111.0 20.0 10.0
127.0 128.0 20.0 10.0
120.0 131.0 20.0 10.0
91.0 32.0 20.0 10.0
88.0 47.0 20.0 10.0
99.0 126.0 20.0 10.0
142.0 89.0 20.0 10.0
103.0 49.0 20.0 10.0
54.0 59.0 20.0 10.0
131.0 71.0 20.0 10.0
101.0 51.0 20.0 10.0
67.0 81.0 20.0 10.0
54.0 50.0 20.0 10.0
103.0 34.0 20.0 10.0
136.0 105.0 20.0 10.0
129.0 61.0 20.0 10.0
86.0 141.0 20.0 10.0
103.0 25.0 20.0 10.0
47.0 67.0 20.0 10.0
132.0 66.0 20.0 10.0
83.0 34.0 20.0 10.0
60.0 110.0 20.0 10.0
143.0 92.0 20.0 10.0
99.0 40.0 20.0 10.0
125.0 106.0 20.0 10.0
87.0 144.0 20.0 10.0
81.0 105.0 20.0 10.0
75.0 59.0 20.0 10.0
90.0 119.0 20.0 10.0
129.0 106.0 20.0 10.0
138.0 52.0 20.0 10.0
136.0 57.0 20.0 10.0
45.0 111.0 20.0 10.0
143.0 85.0 20.0 10.0
69.0 130.0 20.0 10.0
61.0 108.0 20.0 10.0
148.0 90.0 20.0 10.0
119.0 40.0 20.0 10.0
124.0 51.0 20.0 10.0
133.0 49.0 20.0 10.0
51.0 112.0 20.0 10.0
42.0 66.0 20.0 10.0
46.0 93.0 20.0 10.0
121.0 108.0 20.0 10.0
62.0 41.0 20.0 10.0
104.0 47.0 20.0 10.0
110.0 130.0 20.0 10.0
39.0 87.0 20.0 10.0
141.0 102.0 20.0 10.0
133.0 75.0 20.0 10.0
107.0 146.0 20.0 10.0
72.0 66.0 20.0 10.0
114.0 111.0 20.0 10.0
63.0 97.0 20.0 10.0
143.0 77.0 20.0 10.0
154.0 100.0 20.0 10.0
63.0 49.0 20.0 10.0
33.0 89.0 20.0 10.0
84.0 132.0 20.0 10.0
100.0 33.0 20.0 10.0
116.0 44.0 20.0 10.0
32.0 90.0 20.0 10.0
30.0 113.0 20.0 10.0
139.0 122.0 20.0 10.0
141.0 84.0 20.0 10.0
107.0 134.0 20.0 10.0
29.0 73.0 20.0 10.0
121.0 129.0 20.0 10.0
116.0 136.0 20.0 10.0
63.0 53.0 20.0 10.0
52.0 103.0 20.0 10.0
133.0 118.0 20.0 10.0
37.0 128.0 20.0 10.0
130.0 118.0 20.0 10.0
84.0 119.0 20.0 10.0
48.0 85.0 20.0 10.0
119.0 118.0 20.0 10.0
118.0 57.0 20.0 10.0
94.0 51.0 20.0 10.0
59.0 55.0 20.0 10.0
58.0 127.0 20.0 10.0
25.0 98.0 20.0 10.0
50.0 98.0 20.0 10.0
35.0 91.0 20.0 10.0
51.0 91.0 20.0 10.0
32.0 81.0 20.0 10.0
72.0 150.0 20.0 10.0
55.0 57.0 20.0 10.0
90.0 45.0 20.0 10.0
137.0 110.0 20.0 10.0
112.0 128.0 20.0 10.0
109.0 30.0 20.0 10.0
141.0 95.0 20.0 10.0
117.0 67.0 20.0 10.0
38.0 121.0 20.0 10.0
121.0 51.0 20.0 10.0
84.0 40.0 20.0 10.0
133.0 123.0 20.0 10.0
95.0 118.0 20.0 10.0
88.0 45.0 20.0 10.0
111.0 139.0 20.0 10.0
35.0 76.0 20.0 10.0
55.0 117.0 20.0 10.0
120.0 55.0 20.0 10.0
54.0 48.0 20.0 10.0
107.0 125.0 20.0 10.0
87.0 32.0 20.0 10.0
90.0 131.0 20.0 10.0
112.0 132.0 20.0 10.0
113.0 48.0 20.0 10.0
47.0 50.0 20.0 10.0
150.0 64.0 20.0 10.0
102.0 48.0 20.0 10.0
41.0 58.0 20.0 10.0
109.0 42.0 20.0 10.0
43.0 72.0 20.0 10.0
54.0 122.0 20.0 10.0
66.0 37.0 20.0 10.0
85.0 60.0 20.0 10.0
138.0 112.0 20.0 10.0
38.0 117.0 20.0 10.0
55.0 104.0 20.0 10.0
70.0 33.0 20.0 10.0
30.0 90.0 20.0 10.0
51.0 116.0 20.0 10.0
69.0 38.0 20.0 10.0
29.0 129.0 20.0 10.0
150.0 100.0 20.0 10.0
108.0 142.0 20.0 10.0
122.0 110.0 20.0 10.0
82.0 37.0 20.0 10.0
76.0 113.0 20.0 10.0
69.0 109.0 20.0 10.0
113.0 58.0 20.0 10.0
114.0 34.0 20.0 10.0
135.0 44.0 20.0 10.0
130.0 130.0 20.0 10.0
35.0 87.0 20.0 10.0
55.0 148.0 20.0 10.0
60.0 53.0 20.0 10.0
52.0 85.0 20.0 10.0
99.0 43.0 20.0 10.0
37.0 85.0 20.0 10.0
52.0 62.0 20.0 10.0
78.0 148.0 20.0 10.0
102.0 36.0 20.0 10.0
146.0 91.0 20.0 10.0
39.0 67.0 20.0 10.0
52.0 66.0 20.0 10.0
111.0 149.0 20.0 10.0
119.0 127.0 20.0 10.0
89.0 54.0 20.0 10.0
68.0 62.0 20.0 10.0
51.0 128.0 20.0 10.0
105.0 31.0 20.0 10.0
100.0 28.0 20.0 10.0
94.0 44.0 20.0 10.0
132.0 115.0 20.0 10.0
154.0 62.0 20.0 10.0
84.0 145.0 20.0 10.0
122.0 57.0 20.0 10.0
140.0 105.0 20.0 10.0
139.0 76.0 20.0 10.0
62.0 130.0 20.0 10.0
46.0 128.0 20.0 10.0
70.0 57.0 20.0 10.0
72.0 135.0 20.0 10.0
65.0 138.0 20.0 10.0
104.0 42.0 20.0 10.0
