1000
4365.0 4814.0 20.0 10.0
5773.0 5769.0 20.0 10.0
1988.0 2624.0 20.0 10.0
1994.0 2650.0 20.0 10.0
1747.0 2324.0 20.0 10.0
2313.0 2655.0 20.0 10.0
389.0 962.0 20.0 10.0
405.0 972.0 20.0 10.0
607.0 1105.0 20.0 10.0
1773.0 2338.0 20.0 10.0
1761.0 2341.0 20.0 10.0
1761.0 2365.0 20.0 10.0
3286.0 3859.0 20.0 10.0
3297.0 3886.0 20.0 10.0
940.0 2130.0 20.0 10.0
932.0 1265.0 20.0 10.0
661.0 1015.0 20.0 10.0
667.0 1035.0 20.0 10.0
2304.0 2744.0 20.0 10.0
2298.0 2776.0 20.0 10.0
5834.0 5922.0 20.0 10.0
2127.0 2912.0 20.0 10.0
2139.0 2905.0 20.0 10.0
4363.0 4790.0 20.0 10.0
5559.0 5596.0 20.0 10.0
494.0 245.0 20.0 10.0
2567.0 3332.0 20.0 10.0
2221.0 2809.0 20.0 10.0
6305.0 6150.0 20.0 10.0
6310.0 6124.0 20.0 10.0
2800.0 3751.0 20.0 10.0
720.0 1945.0 20.0 10.0
737.0 1947.0 20.0 10.0
3183.0 3765.0 20.0 10.0
978.0 2125.0 20.0 10.0
5541.0 5588.0 20.0 10.0
5516.0 5598.0 20.0 10.0
5505.0 5575.0 20.0 10.0
864.0 1096.0 20.0 10.0
1079.0 2106.0 20.0 10.0
299.0 847.0 20.0 10.0
292.0 870.0 20.0 10.0
4339.0 4778.0 20.0 10.0
752.0 1128.0 20.0 10.0
763.0 1157.0 20.0 10.0
4129.0 5318.0 20.0 10.0
4119.0 5295.0 20.0 10.0
4138.0 5284.0 20.0 10.0
2421.0 3377.0 20.0 10.0
679.0 1933.0 20.0 10.0
564.0 394.0 20.0 10.0
5460.0 5584.0 20.0 10.0
711.0 1942.0 20.0 10.0
914.0 1266.0 20.0 10.0
6457.0 6269.0 20.0 10.0
6455.0 6241.0 20.0 10.0
483.0 1071.0 20.0 10.0
505.0 1070.0 20.0 10.0
552.0 1078.0 20.0 10.0
849.0 1035.0 20.0 10.0
1576.0 2453.0 20.0 10.0
2827.0 3670.0 20.0 10.0
4537.0 5010.0 20.0 10.0
2555.0 2751.0 20.0 10.0
5710.0 5334.0 20.0 10.0
5697.0 5336.0 20.0 10.0
5681.0 5336.0 20.0 10.0
5662.0 5338.0 20.0 10.0
982.0 1991.0 20.0 10.0
1018.0 2002.0 20.0 10.0
1057.0 2013.0 20.0 10.0
1098.0 2025.0 20.0 10.0
1138.0 2039.0 20.0 10.0
1179.0 2057.0 20.0 10.0
5108.0 5304.0 20.0 10.0
460.0 1063.0 20.0 10.0
1910.0 2504.0 20.0 10.0
514.0 1014.0 20.0 10.0
450.0 177.0 20.0 10.0
5630.0 5339.0 20.0 10.0
845.0 1069.0 20.0 10.0
783.0 1921.0 20.0 10.0
785.0 871.0 20.0 10.0
474.0 163.0 20.0 10.0
491.0 187.0 20.0 10.0
502.0 230.0 20.0 10.0
4479.0 4883.0 20.0 10.0
291.0 888.0 20.0 10.0
319.0 909.0 20.0 10.0
651.0 985.0 20.0 10.0
654.0 994.0 20.0 10.0
2847.0 3634.0 20.0 10.0
2638.0 3152.0 20.0 10.0
2612.0 3151.0 20.0 10.0
2584.0 3149.0 20.0 10.0
163.0 778.0 20.0 10.0
43.0 737.0 20.0 10.0
981.0 1215.0 20.0 10.0
978.0 1225.0 20.0 10.0
4641.0 5163.0 20.0 10.0
4616.0 5134.0 20.0 10.0
4596.0 5099.0 20.0 10.0
4158.0 4987.0 20.0 10.0
2799.0 3541.0 20.0 10.0
2797.0 3567.0 20.0 10.0
5696.0 5764.0 20.0 10.0
4168.0 4838.0 20.0 10.0
3364.0 3845.0 20.0 10.0
2221.0 2855.0 20.0 10.0
2802.0 3855.0 20.0 10.0
2565.0 2746.0 20.0 10.0
932.0 2108.0 20.0 10.0
466.0 150.0 20.0 10.0
4663.0 5128.0 20.0 10.0
4667.0 5190.0 20.0 10.0
2507.0 3097.0 20.0 10.0
4690.0 5267.0 20.0 10.0
4685.0 5250.0 20.0 10.0
4681.0 5219.0 20.0 10.0
5114.0 5296.0 20.0 10.0
5120.0 5326.0 20.0 10.0
583.0 420.0 20.0 10.0
5314.0 5550.0 20.0 10.0
5310.0 5543.0 20.0 10.0
5306.0 5535.0 20.0 10.0
5302.0 5527.0 20.0 10.0
4171.0 4763.0 20.0 10.0
4194.0 4773.0 20.0 10.0
3422.0 3829.0 20.0 10.0
1063.0 2125.0 20.0 10.0
881.0 1158.0 20.0 10.0
641.0 984.0 20.0 10.0
371.0 1040.0 20.0 10.0
4698.0 5200.0 20.0 10.0
2833.0 3442.0 20.0 10.0
2854.0 3459.0 20.0 10.0
5807.0 5887.0 20.0 10.0
1136.0 1557.0 20.0 10.0
1158.0 1575.0 20.0 10.0
6205.0 6106.0 20.0 10.0
5818.0 5901.0 20.0 10.0
472.0 188.0 20.0 10.0
471.0 212.0 20.0 10.0
1131.0 2004.0 20.0 10.0
1119.0 2022.0 20.0 10.0
2797.0 3822.0 20.0 10.0
2798.0 3796.0 20.0 10.0
2801.0 3766.0 20.0 10.0
4130.0 4780.0 20.0 10.0
339.0 1028.0 20.0 10.0
362.0 1038.0 20.0 10.0
2749.0 3789.0 20.0 10.0
2775.0 3781.0 20.0 10.0
2783.0 3757.0 20.0 10.0
2818.0 3584.0 20.0 10.0
2845.0 3598.0 20.0 10.0
3441.0 3828.0 20.0 10.0
6048.0 5977.0 20.0 10.0
6013.0 5958.0 20.0 10.0
3859.0 4409.0 20.0 10.0
2507.0 3166.0 20.0 10.0
2804.0 3734.0 20.0 10.0
5394.0 5350.0 20.0 10.0
1815.0 2350.0 20.0 10.0
1793.0 2360.0 20.0 10.0
1773.0 2361.0 20.0 10.0
2386.0 2849.0 20.0 10.0
5583.0 5363.0 20.0 10.0
5571.0 5360.0 20.0 10.0
3352.0 3853.0 20.0 10.0
3340.0 3866.0 20.0 10.0
788.0 855.0 20.0 10.0
765.0 865.0 20.0 10.0
774.0 898.0 20.0 10.0
4131.0 4976.0 20.0 10.0
873.0 1257.0 20.0 10.0
2870.0 3564.0 20.0 10.0
1548.0 2463.0 20.0 10.0
670.0 2179.0 20.0 10.0
685.0 2175.0 20.0 10.0
2327.0 2847.0 20.0 10.0
2285.0 2591.0 20.0 10.0
2301.0 2608.0 20.0 10.0
3651.0 4178.0 20.0 10.0
4133.0 5256.0 20.0 10.0
4134.0 5221.0 20.0 10.0
6220.0 6139.0 20.0 10.0
5509.0 5328.0 20.0 10.0
466.0 1065.0 20.0 10.0
4745.0 5287.0 20.0 10.0
4742.0 5262.0 20.0 10.0
950.0 1136.0 20.0 10.0
957.0 1159.0 20.0 10.0
2511.0 2802.0 20.0 10.0
2489.0 2796.0 20.0 10.0
5385.0 5327.0 20.0 10.0
903.0 1286.0 20.0 10.0
4484.0 4948.0 20.0 10.0
4189.0 4888.0 20.0 10.0
755.0 1949.0 20.0 10.0
3440.0 4029.0 20.0 10.0
1067.0 2072.0 20.0 10.0
430.0 878.0 20.0 10.0
6419.0 6221.0 20.0 10.0
926.0 2151.0 20.0 10.0
4178.0 5236.0 20.0 10.0
1585.0 2398.0 20.0 10.0
450.0 37.0 20.0 10.0
5219.0 5335.0 20.0 10.0
5221.0 5356.0 20.0 10.0
1780.0 2455.0 20.0 10.0
2225.0 2895.0 20.0 10.0
2221.0 2868.0 20.0 10.0
6349.0 6208.0 20.0 10.0
3897.0 4404.0 20.0 10.0
2791.0 3885.0 20.0 10.0
5533.0 5334.0 20.0 10.0
4185.0 5280.0 20.0 10.0
4183.0 5268.0 20.0 10.0
4177.0 5253.0 20.0 10.0
4173.0 5228.0 20.0 10.0
775.0 1952.0 20.0 10.0
6116.0 6041.0 20.0 10.0
410.0 1063.0 20.0 10.0
432.0 1055.0 20.0 10.0
860.0 1927.0 20.0 10.0
870.0 1933.0 20.0 10.0
881.0 1940.0 20.0 10.0
2064.0 2938.0 20.0 10.0
2080.0 2924.0 20.0 10.0
2097.0 2918.0 20.0 10.0
2406.0 3015.0 20.0 10.0
2799.0 3780.0 20.0 10.0
2759.0 3813.0 20.0 10.0
5040.0 5257.0 20.0 10.0
4972.0 5209.0 20.0 10.0
4902.0 5162.0 20.0 10.0
4832.0 5114.0 20.0 10.0
4760.0 5066.0 20.0 10.0
4684.0 5018.0 20.0 10.0
2744.0 3356.0 20.0 10.0
2636.0 3252.0 20.0 10.0
647.0 582.0 20.0 10.0
3845.0 4334.0 20.0 10.0
3818.0 4320.0 20.0 10.0
5890.0 5854.0 20.0 10.0
2850.0 3562.0 20.0 10.0
2865.0 3584.0 20.0 10.0
2067.0 2924.0 20.0 10.0
2110.0 2720.0 20.0 10.0
2132.0 2742.0 20.0 10.0
2158.0 2763.0 20.0 10.0
2189.0 2785.0 20.0 10.0
5380.0 5561.0 20.0 10.0
2303.0 2482.0 20.0 10.0
2316.0 2501.0 20.0 10.0
2863.0 3466.0 20.0 10.0
2457.0 3185.0 20.0 10.0
2456.0 3168.0 20.0 10.0
2464.0 3152.0 20.0 10.0
2478.0 3131.0 20.0 10.0
5533.0 5576.0 20.0 10.0
3321.0 3879.0 20.0 10.0
1194.0 2040.0 20.0 10.0
1055.0 1988.0 20.0 10.0
880.0 2125.0 20.0 10.0
905.0 2135.0 20.0 10.0
4687.0 4995.0 20.0 10.0
857.0 1133.0 20.0 10.0
4666.0 5245.0 20.0 10.0
2469.0 3215.0 20.0 10.0
4363.0 4785.0 20.0 10.0
2819.0 3638.0 20.0 10.0
566.0 423.0 20.0 10.0
2634.0 3164.0 20.0 10.0
2712.0 3719.0 20.0 10.0
1623.0 2454.0 20.0 10.0
872.0 1123.0 20.0 10.0
2440.0 3012.0 20.0 10.0
2458.0 3038.0 20.0 10.0
2470.0 3067.0 20.0 10.0
634.0 589.0 20.0 10.0
658.0 598.0 20.0 10.0
418.0 25.0 20.0 10.0
4703.0 5319.0 20.0 10.0
4700.0 5309.0 20.0 10.0
5745.0 5746.0 20.0 10.0
5786.0 5863.0 20.0 10.0
5780.0 5854.0 20.0 10.0
3085.0 3666.0 20.0 10.0
1782.0 2385.0 20.0 10.0
2410.0 2861.0 20.0 10.0
920.0 1251.0 20.0 10.0
3278.0 3961.0 20.0 10.0
365.0 1053.0 20.0 10.0
1631.0 2361.0 20.0 10.0
4219.0 4749.0 20.0 10.0
2602.0 3160.0 20.0 10.0
949.0 1322.0 20.0 10.0
451.0 81.0 20.0 10.0
452.0 94.0 20.0 10.0
460.0 119.0 20.0 10.0
819.0 2146.0 20.0 10.0
4178.0 5216.0 20.0 10.0
4176.0 5198.0 20.0 10.0
4135.0 5184.0 20.0 10.0
4147.0 5146.0 20.0 10.0
4156.0 5103.0 20.0 10.0
5476.0 5611.0 20.0 10.0
919.0 2171.0 20.0 10.0
4788.0 5081.0 20.0 10.0
2692.0 3731.0 20.0 10.0
2701.0 3725.0 20.0 10.0
705.0 1036.0 20.0 10.0
5827.0 5843.0 20.0 10.0
5785.0 5817.0 20.0 10.0
1129.0 2090.0 20.0 10.0
4171.0 5012.0 20.0 10.0
4176.0 4963.0 20.0 10.0
4182.0 4912.0 20.0 10.0
4187.0 4859.0 20.0 10.0
5264.0 5333.0 20.0 10.0
5266.0 5356.0 20.0 10.0
711.0 2169.0 20.0 10.0
720.0 2166.0 20.0 10.0
5310.0 5354.0 20.0 10.0
6215.0 6120.0 20.0 10.0
1357.0 2045.0 20.0 10.0
5650.0 5731.0 20.0 10.0
6153.0 6036.0 20.0 10.0
6119.0 6015.0 20.0 10.0
6084.0 5997.0 20.0 10.0
1092.0 2084.0 20.0 10.0
99.0 704.0 20.0 10.0
4125.0 5081.0 20.0 10.0
677.0 1060.0 20.0 10.0
6402.0 6210.0 20.0 10.0
5782.0 5772.0 20.0 10.0
109.0 716.0 20.0 10.0
120.0 739.0 20.0 10.0
137.0 765.0 20.0 10.0
2582.0 3177.0 20.0 10.0
2889.0 3486.0 20.0 10.0
5812.0 5808.0 20.0 10.0
3910.0 4433.0 20.0 10.0
2520.0 3187.0 20.0 10.0
3284.0 3905.0 20.0 10.0
2481.0 2776.0 20.0 10.0
2315.0 2442.0 20.0 10.0
2307.0 2462.0 20.0 10.0
4141.0 5317.0 20.0 10.0
787.0 1184.0 20.0 10.0
2806.0 3863.0 20.0 10.0
461.0 179.0 20.0 10.0
459.0 208.0 20.0 10.0
481.0 241.0 20.0 10.0
509.0 277.0 20.0 10.0
4516.0 4988.0 20.0 10.0
1627.0 2353.0 20.0 10.0
1042.0 1975.0 20.0 10.0
432.0 42.0 20.0 10.0
2319.0 2589.0 20.0 10.0
4218.0 4698.0 20.0 10.0
4184.0 4682.0 20.0 10.0
823.0 1960.0 20.0 10.0
849.0 1966.0 20.0 10.0
2718.0 3154.0 20.0 10.0
2346.0 2908.0 20.0 10.0
2369.0 2938.0 20.0 10.0
2892.0 3461.0 20.0 10.0
6317.0 6208.0 20.0 10.0
929.0 1989.0 20.0 10.0
2394.0 2965.0 20.0 10.0
3537.0 4091.0 20.0 10.0
3510.0 4065.0 20.0 10.0
2449.0 3386.0 20.0 10.0
2893.0 3525.0 20.0 10.0
662.0 1006.0 20.0 10.0
1137.0 1999.0 20.0 10.0
1604.0 2364.0 20.0 10.0
1598.0 2390.0 20.0 10.0
1664.0 2411.0 20.0 10.0
2871.0 3553.0 20.0 10.0
4505.0 4969.0 20.0 10.0
3842.0 4344.0 20.0 10.0
6422.0 6265.0 20.0 10.0
2700.0 3157.0 20.0 10.0
1280.0 1748.0 20.0 10.0
5520.0 5613.0 20.0 10.0
3557.0 4116.0 20.0 10.0
1609.0 2421.0 20.0 10.0
2570.0 2728.0 20.0 10.0
972.0 2111.0 20.0 10.0
4150.0 4762.0 20.0 10.0
4161.0 4786.0 20.0 10.0
5867.0 5868.0 20.0 10.0
789.0 2172.0 20.0 10.0
1859.0 2534.0 20.0 10.0
586.0 411.0 20.0 10.0
2756.0 3754.0 20.0 10.0
2313.0 2625.0 20.0 10.0
4151.0 5085.0 20.0 10.0
4164.0 5058.0 20.0 10.0
1416.0 1935.0 20.0 10.0
609.0 485.0 20.0 10.0
614.0 519.0 20.0 10.0
2511.0 2796.0 20.0 10.0
2163.0 2895.0 20.0 10.0
2898.0 3581.0 20.0 10.0
836.0 1034.0 20.0 10.0
455.0 1072.0 20.0 10.0
5838.0 5926.0 20.0 10.0
6335.0 6125.0 20.0 10.0
6318.0 6122.0 20.0 10.0
6292.0 6114.0 20.0 10.0
6264.0 6127.0 20.0 10.0
1790.0 2445.0 20.0 10.0
1339.0 1824.0 20.0 10.0
1358.0 1854.0 20.0 10.0
5721.0 5777.0 20.0 10.0
793.0 833.0 20.0 10.0
1744.0 2305.0 20.0 10.0
958.0 1333.0 20.0 10.0
980.0 1351.0 20.0 10.0
805.0 2156.0 20.0 10.0
650.0 545.0 20.0 10.0
649.0 561.0 20.0 10.0
1812.0 2386.0 20.0 10.0
1791.0 2404.0 20.0 10.0
1135.0 2070.0 20.0 10.0
1651.0 2462.0 20.0 10.0
1651.0 2449.0 20.0 10.0
183.0 805.0 20.0 10.0
207.0 829.0 20.0 10.0
235.0 849.0 20.0 10.0
717.0 724.0 20.0 10.0
717.0 735.0 20.0 10.0
2791.0 3713.0 20.0 10.0
987.0 1233.0 20.0 10.0
984.0 1253.0 20.0 10.0
1052.0 2100.0 20.0 10.0
2086.0 2922.0 20.0 10.0
5850.0 5938.0 20.0 10.0
4197.0 5282.0 20.0 10.0
5396.0 5579.0 20.0 10.0
2634.0 3354.0 20.0 10.0
1057.0 2132.0 20.0 10.0
439.0 994.0 20.0 10.0
477.0 1018.0 20.0 10.0
2247.0 2840.0 20.0 10.0
2743.0 3698.0 20.0 10.0
2764.0 3710.0 20.0 10.0
2650.0 3361.0 20.0 10.0
2704.0 3831.0 20.0 10.0
2717.0 3810.0 20.0 10.0
2729.0 3795.0 20.0 10.0
85.0 772.0 20.0 10.0
643.0 590.0 20.0 10.0
4120.0 5231.0 20.0 10.0
2444.0 3365.0 20.0 10.0
742.0 1098.0 20.0 10.0
5289.0 5512.0 20.0 10.0
5276.0 5492.0 20.0 10.0
700.0 1940.0 20.0 10.0
2788.0 3867.0 20.0 10.0
2798.0 3841.0 20.0 10.0
2557.0 3144.0 20.0 10.0
4276.0 4750.0 20.0 10.0
2543.0 3153.0 20.0 10.0
2528.0 3146.0 20.0 10.0
2421.0 3041.0 20.0 10.0
2802.0 3759.0 20.0 10.0
6316.0 6199.0 20.0 10.0
6313.0 6188.0 20.0 10.0
3916.0 4379.0 20.0 10.0
4332.0 4776.0 20.0 10.0
4311.0 4766.0 20.0 10.0
5531.0 5362.0 20.0 10.0
5510.0 5347.0 20.0 10.0
532.0 330.0 20.0 10.0
558.0 390.0 20.0 10.0
586.0 450.0 20.0 10.0
2524.0 3362.0 20.0 10.0
2549.0 3361.0 20.0 10.0
1883.0 2543.0 20.0 10.0
687.0 1035.0 20.0 10.0
706.0 1056.0 20.0 10.0
638.0 1126.0 20.0 10.0
664.0 1132.0 20.0 10.0
724.0 1158.0 20.0 10.0
4127.0 5019.0 20.0 10.0
4151.0 5031.0 20.0 10.0
557.0 354.0 20.0 10.0
761.0 1933.0 20.0 10.0
3227.0 3940.0 20.0 10.0
3246.0 3940.0 20.0 10.0
628.0 2197.0 20.0 10.0
3412.0 3837.0 20.0 10.0
514.0 273.0 20.0 10.0
967.0 1183.0 20.0 10.0
975.0 1209.0 20.0 10.0
81.0 687.0 20.0 10.0
1563.0 2381.0 20.0 10.0
1580.0 2390.0 20.0 10.0
1773.0 2411.0 20.0 10.0
758.0 823.0 20.0 10.0
3360.0 3814.0 20.0 10.0
4660.0 4988.0 20.0 10.0
4635.0 4980.0 20.0 10.0
4608.0 4968.0 20.0 10.0
4528.0 4918.0 20.0 10.0
2484.0 3095.0 20.0 10.0
2504.0 3122.0 20.0 10.0
1759.0 2281.0 20.0 10.0
1751.0 2302.0 20.0 10.0
460.0 895.0 20.0 10.0
2689.0 3157.0 20.0 10.0
5598.0 5341.0 20.0 10.0
955.0 2120.0 20.0 10.0
748.0 787.0 20.0 10.0
4139.0 4780.0 20.0 10.0
2605.0 3204.0 20.0 10.0
5367.0 5528.0 20.0 10.0
5351.0 5494.0 20.0 10.0
5293.0 5447.0 20.0 10.0
5234.0 5400.0 20.0 10.0
1461.0 2061.0 20.0 10.0
2305.0 2475.0 20.0 10.0
2290.0 2697.0 20.0 10.0
63.0 681.0 20.0 10.0
943.0 1959.0 20.0 10.0
445.0 149.0 20.0 10.0
1566.0 2457.0 20.0 10.0
2236.0 2911.0 20.0 10.0
4766.0 5309.0 20.0 10.0
4099.0 5218.0 20.0 10.0
3292.0 3972.0 20.0 10.0
2323.0 2875.0 20.0 10.0
735.0 756.0 20.0 10.0
5481.0 5559.0 20.0 10.0
5447.0 5547.0 20.0 10.0
2544.0 2728.0 20.0 10.0
940.0 1138.0 20.0 10.0
442.0 921.0 20.0 10.0
461.0 906.0 20.0 10.0
468.0 920.0 20.0 10.0
3964.0 4487.0 20.0 10.0
496.0 271.0 20.0 10.0
511.0 300.0 20.0 10.0
697.0 1099.0 20.0 10.0
2468.0 3204.0 20.0 10.0
5472.0 5348.0 20.0 10.0
5433.0 5347.0 20.0 10.0
2285.0 2551.0 20.0 10.0
3474.0 4015.0 20.0 10.0
6446.0 6286.0 20.0 10.0
6428.0 6269.0 20.0 10.0
2119.0 2918.0 20.0 10.0
4763.0 5305.0 20.0 10.0
4756.0 5298.0 20.0 10.0
2847.0 3640.0 20.0 10.0
1647.0 2471.0 20.0 10.0
796.0 1926.0 20.0 10.0
2534.0 3180.0 20.0 10.0
861.0 1246.0 20.0 10.0
111.0 773.0 20.0 10.0
2855.0 3532.0 20.0 10.0
1163.0 1580.0 20.0 10.0
5859.0 5813.0 20.0 10.0
3942.0 4463.0 20.0 10.0
5829.0 5914.0 20.0 10.0
652.0 573.0 20.0 10.0
5473.0 5325.0 20.0 10.0
730.0 732.0 20.0 10.0
899.0 1279.0 20.0 10.0
4139.0 5302.0 20.0 10.0
5799.0 5830.0 20.0 10.0
2494.0 2814.0 20.0 10.0
2469.0 2804.0 20.0 10.0
2465.0 2826.0 20.0 10.0
2321.0 2549.0 20.0 10.0
2319.0 2573.0 20.0 10.0
2317.0 2598.0 20.0 10.0
2290.0 2664.0 20.0 10.0
5603.0 5697.0 20.0 10.0
445.0 84.0 20.0 10.0
552.0 342.0 20.0 10.0
1900.0 2526.0 20.0 10.0
365.0 1030.0 20.0 10.0
388.0 1045.0 20.0 10.0
2612.0 3353.0 20.0 10.0
4169.0 4937.0 20.0 10.0
5566.0 5353.0 20.0 10.0
2733.0 3147.0 20.0 10.0
2722.0 3150.0 20.0 10.0
3426.0 3823.0 20.0 10.0
3400.0 3817.0 20.0 10.0
4465.0 4887.0 20.0 10.0
4437.0 4875.0 20.0 10.0
684.0 613.0 20.0 10.0
1288.0 2052.0 20.0 10.0
840.0 2145.0 20.0 10.0
4159.0 5204.0 20.0 10.0
644.0 2185.0 20.0 10.0
656.0 2182.0 20.0 10.0
1164.0 2080.0 20.0 10.0
243.0 822.0 20.0 10.0
3771.0 4288.0 20.0 10.0
2009.0 2613.0 20.0 10.0
784.0 2150.0 20.0 10.0
2673.0 3185.0 20.0 10.0
2651.0 3199.0 20.0 10.0
2652.0 3173.0 20.0 10.0
1608.0 2402.0 20.0 10.0
1635.0 2399.0 20.0 10.0
4570.0 5064.0 20.0 10.0
4150.0 4640.0 20.0 10.0
4127.0 4624.0 20.0 10.0
5473.0 5557.0 20.0 10.0
97.0 772.0 20.0 10.0
853.0 1216.0 20.0 10.0
851.0 2138.0 20.0 10.0
873.0 2141.0 20.0 10.0
2307.0 2867.0 20.0 10.0
2289.0 2849.0 20.0 10.0
4648.0 5118.0 20.0 10.0
4621.0 5116.0 20.0 10.0
5556.0 5662.0 20.0 10.0
5508.0 5625.0 20.0 10.0
5976.0 5937.0 20.0 10.0
3376.0 3838.0 20.0 10.0
6218.0 6130.0 20.0 10.0
3440.0 3809.0 20.0 10.0
6374.0 6242.0 20.0 10.0
6429.0 6240.0 20.0 10.0
2288.0 2608.0 20.0 10.0
2307.0 2714.0 20.0 10.0
575.0 378.0 20.0 10.0
2590.0 3343.0 20.0 10.0
5794.0 5871.0 20.0 10.0
4231.0 4685.0 20.0 10.0
4247.0 4705.0 20.0 10.0
3219.0 3944.0 20.0 10.0
2434.0 3193.0 20.0 10.0
2441.0 3186.0 20.0 10.0
2417.0 2989.0 20.0 10.0
1536.0 2470.0 20.0 10.0
6367.0 6178.0 20.0 10.0
6369.0 6173.0 20.0 10.0
6347.0 6190.0 20.0 10.0
6330.0 6192.0 20.0 10.0
798.0 1953.0 20.0 10.0
3439.0 3850.0 20.0 10.0
6397.0 6237.0 20.0 10.0
2425.0 3386.0 20.0 10.0
3286.0 4000.0 20.0 10.0
740.0 2161.0 20.0 10.0
761.0 2156.0 20.0 10.0
2082.0 2735.0 20.0 10.0
5493.0 5343.0 20.0 10.0
4545.0 5027.0 20.0 10.0
667.0 597.0 20.0 10.0
665.0 627.0 20.0 10.0
6123.0 6045.0 20.0 10.0
939.0 1950.0 20.0 10.0
807.0 2144.0 20.0 10.0
5555.0 5352.0 20.0 10.0
347.0 930.0 20.0 10.0
375.0 951.0 20.0 10.0
2889.0 3503.0 20.0 10.0
753.0 1909.0 20.0 10.0
438.0 56.0 20.0 10.0
445.0 73.0 20.0 10.0
3455.0 4044.0 20.0 10.0
5429.0 5617.0 20.0 10.0
5426.0 5601.0 20.0 10.0
5400.0 5588.0 20.0 10.0
2779.0 3892.0 20.0 10.0
1762.0 2322.0 20.0 10.0
687.0 1016.0 20.0 10.0
1979.0 2646.0 20.0 10.0
3266.0 3957.0 20.0 10.0
3252.0 3942.0 20.0 10.0
3273.0 3933.0 20.0 10.0
2596.0 3197.0 20.0 10.0
701.0 2171.0 20.0 10.0
4095.0 4601.0 20.0 10.0
4004.0 4518.0 20.0 10.0
2180.0 2892.0 20.0 10.0
2190.0 2880.0 20.0 10.0
987.0 1344.0 20.0 10.0
2185.0 2832.0 20.0 10.0
5417.0 5611.0 20.0 10.0
6476.0 6248.0 20.0 10.0
1596.0 2458.0 20.0 10.0
2395.0 2877.0 20.0 10.0
2378.0 2868.0 20.0 10.0
2354.0 2861.0 20.0 10.0
145.0 789.0 20.0 10.0
3402.0 3831.0 20.0 10.0
3384.0 3829.0 20.0 10.0
430.0 1039.0 20.0 10.0
447.0 1039.0 20.0 10.0
6372.0 6233.0 20.0 10.0
6378.0 6208.0 20.0 10.0
5304.0 5489.0 20.0 10.0
3428.0 3999.0 20.0 10.0
3402.0 3966.0 20.0 10.0
6307.0 6175.0 20.0 10.0
6284.0 6155.0 20.0 10.0
3952.0 4397.0 20.0 10.0
3925.0 4384.0 20.0 10.0
3895.0 4374.0 20.0 10.0
3860.0 4347.0 20.0 10.0
5764.0 5836.0 20.0 10.0
808.0 983.0 20.0 10.0
52.0 726.0 20.0 10.0
67.0 748.0 20.0 10.0
2738.0 3708.0 20.0 10.0
25.0 727.0 20.0 10.0
645.0 1043.0 20.0 10.0
3278.0 3981.0 20.0 10.0
3284.0 3971.0 20.0 10.0
3296.0 3949.0 20.0 10.0
3301.0 3924.0 20.0 10.0
3308.0 3896.0 20.0 10.0
4451.0 4899.0 20.0 10.0
5771.0 5764.0 20.0 10.0
5750.0 5780.0 20.0 10.0
459.0 885.0 20.0 10.0
2574.0 2742.0 20.0 10.0
1344.0 2053.0 20.0 10.0
3645.0 4189.0 20.0 10.0
3617.0 4161.0 20.0 10.0
6476.0 6258.0 20.0 10.0
1188.0 2046.0 20.0 10.0
2877.0 3484.0 20.0 10.0
488.0 234.0 20.0 10.0
1195.0 2032.0 20.0 10.0
5926.0 5877.0 20.0 10.0
2299.0 2573.0 20.0 10.0
990.0 2111.0 20.0 10.0
1015.0 2115.0 20.0 10.0
3313.0 3855.0 20.0 10.0
2205.0 2894.0 20.0 10.0
4697.0 5297.0 20.0 10.0
4694.0 5284.0 20.0 10.0
4141.0 5247.0 20.0 10.0
2708.0 3153.0 20.0 10.0
1045.0 2085.0 20.0 10.0
4196.0 4731.0 20.0 10.0
4684.0 5241.0 20.0 10.0
5745.0 5814.0 20.0 10.0
5722.0 5789.0 20.0 10.0
5523.0 5575.0 20.0 10.0
827.0 1007.0 20.0 10.0
2309.0 2684.0 20.0 10.0
444.0 59.0 20.0 10.0
4634.0 5143.0 20.0 10.0
1617.0 2418.0 20.0 10.0
1642.0 2421.0 20.0 10.0
2671.0 3353.0 20.0 10.0
2709.0 3357.0 20.0 10.0
6359.0 6132.0 20.0 10.0
6349.0 6127.0 20.0 10.0
4395.0 4832.0 20.0 10.0
2790.0 3854.0 20.0 10.0
474.0 935.0 20.0 10.0
2706.0 3129.0 20.0 10.0
2692.0 3144.0 20.0 10.0
2682.0 3150.0 20.0 10.0
481.0 950.0 20.0 10.0
487.0 966.0 20.0 10.0
490.0 987.0 20.0 10.0
499.0 1015.0 20.0 10.0
515.0 1044.0 20.0 10.0
2801.0 3613.0 20.0 10.0
2825.0 3627.0 20.0 10.0
5641.0 5334.0 20.0 10.0
5175.0 5351.0 20.0 10.0
2291.0 2813.0 20.0 10.0
2297.0 2796.0 20.0 10.0
2394.0 3400.0 20.0 10.0
2406.0 3388.0 20.0 10.0
2231.0 2822.0 20.0 10.0
2206.0 2835.0 20.0 10.0
2210.0 2806.0 20.0 10.0
2194.0 2807.0 20.0 10.0
4118.0 5342.0 20.0 10.0
5353.0 5351.0 20.0 10.0
2935.0 3575.0 20.0 10.0
738.0 782.0 20.0 10.0
739.0 816.0 20.0 10.0
2798.0 3862.0 20.0 10.0
1381.0 2043.0 20.0 10.0
1401.0 2056.0 20.0 10.0
1071.0 2117.0 20.0 10.0
3978.0 4417.0 20.0 10.0
3957.0 4406.0 20.0 10.0
3929.0 4389.0 20.0 10.0
718.0 1080.0 20.0 10.0
1178.0 2012.0 20.0 10.0
475.0 151.0 20.0 10.0
447.0 893.0 20.0 10.0
1439.0 1963.0 20.0 10.0
1523.0 2073.0 20.0 10.0
1617.0 2180.0 20.0 10.0
1713.0 2288.0 20.0 10.0
2897.0 3549.0 20.0 10.0
5484.0 5608.0 20.0 10.0
1520.0 2484.0 20.0 10.0
1784.0 2446.0 20.0 10.0
1798.0 2422.0 20.0 10.0
952.0 1955.0 20.0 10.0
5740.0 5792.0 20.0 10.0
4195.0 4830.0 20.0 10.0
4190.0 4802.0 20.0 10.0
5848.0 5831.0 20.0 10.0
6236.0 6105.0 20.0 10.0
67.0 766.0 20.0 10.0
2397.0 3062.0 20.0 10.0
561.0 336.0 20.0 10.0
4654.0 5227.0 20.0 10.0
4647.0 5207.0 20.0 10.0
5419.0 5627.0 20.0 10.0
2117.0 2912.0 20.0 10.0
1809.0 2415.0 20.0 10.0
1809.0 2397.0 20.0 10.0
431.0 131.0 20.0 10.0
5266.0 5505.0 20.0 10.0
2664.0 3152.0 20.0 10.0
948.0 1981.0 20.0 10.0
1740.0 2297.0 20.0 10.0
5749.0 5754.0 20.0 10.0
5723.0 5757.0 20.0 10.0
5940.0 5915.0 20.0 10.0
5904.0 5892.0 20.0 10.0
674.0 663.0 20.0 10.0
706.0 739.0 20.0 10.0
6395.0 6254.0 20.0 10.0
3246.0 3923.0 20.0 10.0
87.0 758.0 20.0 10.0
4135.0 5339.0 20.0 10.0
2724.0 3713.0 20.0 10.0
3842.0 4379.0 20.0 10.0
3816.0 4346.0 20.0 10.0
3720.0 4255.0 20.0 10.0
2870.0 3608.0 20.0 10.0
691.0 1079.0 20.0 10.0
4409.0 4860.0 20.0 10.0
768.0 837.0 20.0 10.0
998.0 1356.0 20.0 10.0
1017.0 1383.0 20.0 10.0
1054.0 1438.0 20.0 10.0
1127.0 1540.0 20.0 10.0
1202.0 1642.0 20.0 10.0
58.0 691.0 20.0 10.0
85.0 699.0 20.0 10.0
2582.0 2709.0 20.0 10.0
5236.0 5429.0 20.0 10.0
2890.0 3472.0 20.0 10.0
2543.0 2762.0 20.0 10.0
2530.0 2774.0 20.0 10.0
2308.0 2831.0 20.0 10.0
2301.0 2502.0 20.0 10.0
2318.0 2523.0 20.0 10.0
2681.0 3742.0 20.0 10.0
1648.0 2392.0 20.0 10.0
5721.0 5333.0 20.0 10.0
4203.0 4749.0 20.0 10.0
4216.0 4767.0 20.0 10.0
4190.0 4744.0 20.0 10.0
2317.0 2982.0 20.0 10.0
4151.0 4976.0 20.0 10.0
867.0 2121.0 20.0 10.0
4103.0 5221.0 20.0 10.0
4114.0 5205.0 20.0 10.0
1581.0 2468.0 20.0 10.0
1031.0 2081.0 20.0 10.0
6224.0 6069.0 20.0 10.0
3450.0 4021.0 20.0 10.0
3179.0 3755.0 20.0 10.0
3200.0 3770.0 20.0 10.0
5315.0 5465.0 20.0 10.0
2814.0 3701.0 20.0 10.0
4677.0 4994.0 20.0 10.0
3369.0 3811.0 20.0 10.0
6182.0 6059.0 20.0 10.0
263.0 869.0 20.0 10.0
4777.0 5320.0 20.0 10.0
5548.0 5372.0 20.0 10.0
823.0 2140.0 20.0 10.0
3289.0 3991.0 20.0 10.0
2089.0 2734.0 20.0 10.0
1341.0 2016.0 20.0 10.0
1360.0 2028.0 20.0 10.0
1666.0 2261.0 20.0 10.0
1686.0 2271.0 20.0 10.0
1175.0 1606.0 20.0 10.0
2445.0 2837.0 20.0 10.0
2417.0 2844.0 20.0 10.0
1678.0 2439.0 20.0 10.0
1708.0 2436.0 20.0 10.0
1739.0 2424.0 20.0 10.0
112.0 756.0 20.0 10.0
1438.0 2045.0 20.0 10.0
1826.0 2360.0 20.0 10.0
1813.0 2374.0 20.0 10.0
413.0 1031.0 20.0 10.0
4477.0 4919.0 20.0 10.0
4448.0 4906.0 20.0 10.0
2851.0 3615.0 20.0 10.0
2741.0 3851.0 20.0 10.0
2752.0 3829.0 20.0 10.0
670.0 1009.0 20.0 10.0
5176.0 5380.0 20.0 10.0
4463.0 4932.0 20.0 10.0
5860.0 5805.0 20.0 10.0
895.0 1274.0 20.0 10.0
923.0 1292.0 20.0 10.0
5430.0 5558.0 20.0 10.0
5409.0 5538.0 20.0 10.0
6360.0 6127.0 20.0 10.0
1633.0 2373.0 20.0 10.0
646.0 606.0 20.0 10.0
2280.0 2529.0 20.0 10.0
2282.0 2539.0 20.0 10.0
2800.0 3667.0 20.0 10.0
4161.0 5175.0 20.0 10.0
3290.0 4014.0 20.0 10.0
868.0 1970.0 20.0 10.0
882.0 1967.0 20.0 10.0
913.0 1973.0 20.0 10.0
2471.0 3364.0 20.0 10.0
2498.0 3363.0 20.0 10.0
4715.0 5209.0 20.0 10.0
857.0 2117.0 20.0 10.0
5414.0 5605.0 20.0 10.0
6259.0 6099.0 20.0 10.0
980.0 1246.0 20.0 10.0
986.0 1287.0 20.0 10.0
999.0 1334.0 20.0 10.0
1234.0 2053.0 20.0 10.0
136.0 742.0 20.0 10.0
932.0 2114.0 20.0 10.0
6207.0 6083.0 20.0 10.0
2300.0 2962.0 20.0 10.0
2316.0 2936.0 20.0 10.0
2213.0 2828.0 20.0 10.0
634.0 1120.0 20.0 10.0
3073.0 3664.0 20.0 10.0
2964.0 3562.0 20.0 10.0
1045.0 1964.0 20.0 10.0
565.0 355.0 20.0 10.0
715.0 753.0 20.0 10.0
725.0 782.0 20.0 10.0
1038.0 1966.0 20.0 10.0
1276.0 1767.0 20.0 10.0
1294.0 1781.0 20.0 10.0
1313.0 1799.0 20.0 10.0
1329.0 1824.0 20.0 10.0
2815.0 3879.0 20.0 10.0
697.0 1150.0 20.0 10.0
3421.0 3841.0 20.0 10.0
1121.0 2093.0 20.0 10.0
120.0 723.0 20.0 10.0
4191.0 4854.0 20.0 10.0
4735.0 5236.0 20.0 10.0
4721.0 5220.0 20.0 10.0
984.0 1261.0 20.0 10.0
531.0 295.0 20.0 10.0
4122.0 5162.0 20.0 10.0
912.0 2129.0 20.0 10.0
1038.0 1998.0 20.0 10.0
4142.0 4932.0 20.0 10.0
3293.0 3866.0 20.0 10.0
2573.0 3359.0 20.0 10.0
2600.0 3359.0 20.0 10.0
5611.0 5339.0 20.0 10.0
5579.0 5339.0 20.0 10.0
5545.0 5339.0 20.0 10.0
4084.0 5267.0 20.0 10.0
4095.0 5247.0 20.0 10.0
4102.0 5230.0 20.0 10.0
5639.0 5340.0 20.0 10.0
48.0 744.0 20.0 10.0
2517.0 2787.0 20.0 10.0
1789.0 2371.0 20.0 10.0
1767.0 2387.0 20.0 10.0
3934.0 4426.0 20.0 10.0
3914.0 4402.0 20.0 10.0
1758.0 2318.0 20.0 10.0
1523.0 2465.0 20.0 10.0
449.0 1048.0 20.0 10.0
475.0 1052.0 20.0 10.0
3290.0 4004.0 20.0 10.0
399.0 1046.0 20.0 10.0
422.0 1053.0 20.0 10.0
1534.0 2464.0 20.0 10.0
4448.0 4866.0 20.0 10.0
