1000
136.0 62.0 20.0 10.0
119.0 116.0 20.0 10.0
154.0 136.0 20.0 10.0
79.0 143.0 20.0 10.0
114.0 115.0 20.0 10.0
127.0 115.0 20.0 10.0
166.0 29.0 20.0 10.0
144.0 81.0 20.0 10.0
124.0 140.0 20.0 10.0
104.0 74.0 20.0 10.0
89.0 112.0 20.0 10.0
109.0 75.0 20.0 10.0
136.0 102.0 20.0 10.0
140.0 96.0 20.0 10.0
137.0 157.0 20.0 10.0
121.0 98.0 20.0 10.0
127.0 148.0 20.0 10.0
108.0 78.0 20.0 10.0
137.0 139.0 20.0 10.0
31.0 150.0 20.0 10.0
147.0 91.0 20.0 10.0
164.0 61.0 20.0 10.0
98.0 95.0 20.0 10.0
108.0 68.0 20.0 10.0
107.0 102.0 20.0 10.0
115.0 93.0 20.0 10.0
104.0 129.0 20.0 10.0
143.0 123.0 20.0 10.0
116.0 80.0 20.0 10.0
71.0 156.0 20.0 10.0
108.0 139.0 20.0 10.0
118.0 124.0 20.0 10.0
151.0 131.0 20.0 10.0
144.0 117.0 20.0 10.0
136.0 44.0 20.0 10.0
125.0 89.0 20.0 10.0
139.0 81.0 20.0 10.0
161.0 135.0 20.0 10.0
124.0 129.0 20.0 10.0
95.0 92.0 20.0 10.0
75.0 88.0 20.0 10.0
89.0 104.0 20.0 10.0
100.0 129.0 20.0 10.0
91.0 129.0 20.0 10.0
135.0 68.0 20.0 10.0
94.0 69.0 20.0 10.0
131.0 66.0 20.0 10.0
124.0 98.0 20.0 10.0
97.0 69.0 20.0 10.0
60.0 139.0 20.0 10.0
108.0 96.0 20.0 10.0
114.0 145.0 20.0 10.0
76.0 99.0 20.0 10.0
125.0 64.0 20.0 10.0
113.0 100.0 20.0 10.0
165.0 114.0 20.0 10.0
159.0 167.0 20.0 10.0
53.0 87.0 20.0 10.0
119.0 78.0 20.0 10.0
118.0 138.0 20.0 10.0
152.0 90.0 20.0 10.0
116.0 130.0 20.0 10.0
120.0 118.0 20.0 10.0
172.0 83.0 20.0 10.0
76.0 115.0 20.0 10.0
161.0 65.0 20.0 10.0
150.0 83.0 20.0 10.0
118.0 117.0 20.0 10.0
166.0 141.0 20.0 10.0
75.0 105.0 20.0 10.0
149.0 134.0 20.0 10.0
92.0 145.0 20.0 10.0
156.0 106.0 20.0 10.0
134.0 75.0 20.0 10.0
113.0 126.0 20.0 10.0
139.0 136.0 20.0 10.0
25.0 241.0 20.0 10.0
142.0 143.0 20.0 10.0
89.0 79.0 20.0 10.0
110.0 88.0 20.0 10.0
121.0 95.0 20.0 10.0
97.0 122.0 20.0 10.0
114.0 49.0 20.0 10.0
168.0 111.0 20.0 10.0
182.0 91.0 20.0 10.0
97.0 134.0 20.0 10.0
151.0 116.0 20.0 10.0
173.0 99.0 20.0 10.0
92.0 65.0 20.0 10.0
140.0 155.0 20.0 10.0
128.0 103.0 20.0 10.0
114.0 77.0 20.0 10.0
179.0 99.0 20.0 10.0
144.0 79.0 20.0 10.0
70.0 115.0 20.0 10.0
94.0 91.0 20.0 10.0
84.0 109.0 20.0 10.0
107.0 81.0 20.0 10.0
147.0 64.0 20.0 10.0
136.0 95.0 20.0 10.0
76.0 130.0 20.0 10.0
81.0 87.0 20.0 10.0
58.0 77.0 20.0 10.0
154.0 77.0 20.0 10.0
71.0 131.0 20.0 10.0
140.0 98.0 20.0 10.0
177.0 69.0 20.0 10.0
98.0 111.0 20.0 10.0
130.0 106.0 20.0 10.0
163.0 127.0 20.0 10.0
112.0 152.0 20.0 10.0
153.0 139.0 20.0 10.0
121.0 145.0 20.0 10.0
137.0 93.0 20.0 10.0
163.0 146.0 20.0 10.0
111.0 157.0 20.0 10.0
79.0 107.0 20.0 10.0
86.0 95.0 20.0 10.0
163.0 103.0 20.0 10.0
128.0 90.0 20.0 10.0
106.0 84.0 20.0 10.0
95.0 89.0 20.0 10.0
69.0 85.0 20.0 10.0
121.0 143.0 20.0 10.0
82.0 147.0 20.0 10.0
139.0 115.0 20.0 10.0
73.0 90.0 20.0 10.0
115.0 36.0 20.0 10.0
131.0 160.0 20.0 10.0
158.0 115.0 20.0 10.0
87.0 141.0 20.0 10.0
98.0 51.0 20.0 10.0
87.0 118.0 20.0 10.0
119.0 75.0 20.0 10.0
106.0 111.0 20.0 10.0
106.0 159.0 20.0 10.0
96.0 83.0 20.0 10.0
140.0 42.0 20.0 10.0
146.0 115.0 20.0 10.0
76.0 121.0 20.0 10.0
114.0 107.0 20.0 10.0
122.0 126.0 20.0 10.0
128.0 177.0 20.0 10.0
128.0 88.0 20.0 10.0
159.0 58.0 20.0 10.0
102.0 98.0 20.0 10.0
125.0999984741211 64.0 20.0 10.0
130.0 107.0 20.0 10.0
100.0 112.0 20.0 10.0
150.0 92.0 20.0 10.0
148.0 126.0 20.0 10.0
132.0 80.0 20.0 10.0
131.0 114.0 20.0 10.0
114.0 163.0 20.0 10.0
171.0 77.0 20.0 10.0
147.0 51.0 20.0 10.0
133.0 170.0 20.0 10.0
155.0 121.0 20.0 10.0
159.0 98.0 20.0 10.0
89.0 136.0 20.0 10.0
112.0 69.0 20.0 10.0
167.0 154.0 20.0 10.0
113.0 50.0 20.0 10.0
142.0 138.0 20.0 10.0
114.0 129.0 20.0 10.0
109.0 116.0 20.0 10.0
71.0 126.0 20.0 10.0
133.0 68.0 20.0 10.0
119.0 45.0 20.0 10.0
146.0 121.0 20.0 10.0
104.0 91.0 20.0 10.0
144.0 109.0 20.0 10.0
106.0 152.0 20.0 10.0
131.0 136.0 20.0 10.0
167.0 133.0 20.0 10.0
96.0 173.0 20.0 10.0
129.0 96.0 20.0 10.0
135.0 108.0 20.0 10.0
133.0 130.0 20.0 10.0
90.0 121.0 20.0 10.0
130.0 74.0 20.0 10.0
103.0 92.0 20.0 10.0
167.0 107.0 20.0 10.0
104.0 101.0 20.0 10.0
117.0 144.0 20.0 10.0
135.0 128.0 20.0 10.0
90.0 113.0 20.0 10.0
87.0 61.0 20.0 10.0
146.0 135.0 20.0 10.0
125.0 155.0 20.0 10.0
119.0 85.0 20.0 10.0
62.0 111.0 20.0 10.0
113.0 117.0 20.0 10.0
123.0 150.0 20.0 10.0
144.0 115.0 20.0 10.0
103.0 57.0 20.0 10.0
147.0 140.0 20.0 10.0
111.0 140.0 20.0 10.0
76.0 94.0 20.0 10.0
125.0 44.0 20.0 10.0
141.0 131.0 20.0 10.0
101.0 131.0 20.0 10.0
112.0 112.0 20.0 10.0
138.0 69.0 20.0 10.0
142.0 153.0 20.0 10.0
156.0 83.0 20.0 10.0
152.0 52.0 20.0 10.0
114.0 69.0 20.0 10.0
130.0 145.0 20.0 10.0
109.0 112.0 20.0 10.0
111.0 164.0 20.0 10.0
166.0 101.0 20.0 10.0
139.0 61.0 20.0 10.0
135.0 98.0 20.0 10.0
102.0 105.0 20.0 10.0
157.0 104.0 20.0 10.0
146.0 97.0 20.0 10.0
113.0 174.0 20.0 10.0
137.0 112.0 20.0 10.0
156.0 74.0 20.0 10.0
98.0 90.0 20.0 10.0
118.0 146.0 20.0 10.0
88.0 81.0 20.0 10.0
110.0 109.0 20.0 10.0
151.0 118.0 20.0 10.0
143.0 119.0 20.0 10.0
129.0 50.0 20.0 10.0
156.0 82.0 20.0 10.0
59.0 70.0 20.0 10.0
149.0 101.0 20.0 10.0
158.0 72.0 20.0 10.0
152.0 122.0 20.0 10.0
189.0 114.0 20.0 10.0
128.0 97.0 20.0 10.0
114.0 142.0 20.0 10.0
84.0 119.0 20.0 10.0
126.0 174.0 20.0 10.0
136.0 70.0 20.0 10.0
79.0 94.0 20.0 10.0
76.0 74.0 20.0 10.0
91.0 82.0 20.0 10.0
114.0 84.0 20.0 10.0
115.0 127.0 20.0 10.0
174.0 91.0 20.0 10.0
109.0 51.0 20.0 10.0
86.0 157.0 20.0 10.0
118.0 143.0 20.0 10.0
109.0 134.0 20.0 10.0
102.0 148.0 20.0 10.0
109.0 118.0 20.0 10.0
215.0 120.0 20.0 10.0
135.0 73.0 20.0 10.0
200.0 115.0 20.0 10.0
118.0 63.0 20.0 10.0
108.0 99.0 20.0 10.0
113.0 62.0 20.0 10.0
144.0 112.0 20.0 10.0
117.0 82.0 20.0 10.0
104.0 87.0 20.0 10.0
145.0 106.0 20.0 10.0
98.0 126.0 20.0 10.0
80.0 134.0 20.0 10.0
136.0 107.0 20.0 10.0
122.0 152.0 20.0 10.0
79.0 101.0 20.0 10.0
102.0 139.0 20.0 10.0
113.0 64.0 20.0 10.0
92.0 138.0 20.0 10.0
77.0 117.0 20.0 10.0
89.0 151.0 20.0 10.0
179.0 87.0 20.0 10.0
142.0 64.0 20.0 10.0
151.0 110.0 20.0 10.0
118.0 77.0 20.0 10.0
97.0 104.0 20.0 10.0
123.0 156.0 20.0 10.0
159.0 96.0 20.0 10.0
187.0 136.0 20.0 10.0
163.0 76.0 20.0 10.0
117.0 84.0 20.0 10.0
123.0 90.0 20.0 10.0
148.0 150.0 20.0 10.0
173.0 152.0 20.0 10.0
105.0 39.0 20.0 10.0
120.0 84.0 20.0 10.0
110.0 125.0 20.0 10.0
141.0 111.0 20.0 10.0
104.0 126.0 20.0 10.0
107.0 110.0 20.0 10.0
65.0 40.0 20.0 10.0
147.0 155.0 20.0 10.0
112.0 135.0 20.0 10.0
101.0 92.0 20.0 10.0
83.0 168.0 20.0 10.0
59.0 90.0 20.0 10.0
93.0 123.0 20.0 10.0
116.0 66.0 20.0 10.0
126.0 111.0 20.0 10.0
134.0 81.0 20.0 10.0
89.0 74.0 20.0 10.0
106.0 90.0 20.0 10.0
145.0 126.0 20.0 10.0
117.0 121.0 20.0 10.0
85.0 146.0 20.0 10.0
72.0 104.0 20.0 10.0
129.0 131.0 20.0 10.0
94.0 116.0 20.0 10.0
108.0 73.0 20.0 10.0
107.0 150.0 20.0 10.0
103.0 156.0 20.0 10.0
62.0 123.0 20.0 10.0
107.0 98.0 20.0 10.0
85.0 134.0 20.0 10.0
149.0 95.0 20.0 10.0
95.0 98.0 20.0 10.0
134.0 105.0 20.0 10.0
125.0 123.0 20.0 10.0
91.0 156.0 20.0 10.0
91.0 116.0 20.0 10.0
96.0 53.0 20.0 10.0
77.0 65.0 20.0 10.0
102.0 115.0 20.0 10.0
130.0 78.0 20.0 10.0
135.0 64.0 20.0 10.0
116.0 46.0 20.0 10.0
106.0 122.0 20.0 10.0
73.0 96.0 20.0 10.0
102.0 125.0 20.0 10.0
116.0 73.0 20.0 10.0
47.0 116.0 20.0 10.0
140.0 140.0 20.0 10.0
117.0 90.0 20.0 10.0
94.0 129.0 20.0 10.0
66.0 140.0 20.0 10.0
89.0 130.0 20.0 10.0
122.0 38.0 20.0 10.0
121.0 164.0 20.0 10.0
99.0 156.0 20.0 10.0
166.0 156.0 20.0 10.0
151.0 101.0 20.0 10.0
123.0 148.0 20.0 10.0
93.0 89.0 20.0 10.0
115.0 105.0 20.0 10.0
145.0 145.0 20.0 10.0
111.0 149.0 20.0 10.0
117.0 125.0 20.0 10.0
79.0 104.0 20.0 10.0
64.0 91.0 20.0 10.0
149.0 99.0 20.0 10.0
94.0 82.0 20.0 10.0
83.0 115.0 20.0 10.0
149.0 139.0 20.0 10.0
120.0 111.0 20.0 10.0
153.0 103.0 20.0 10.0
144.0 92.0 20.0 10.0
134.0 124.0 20.0 10.0
139.0 89.0 20.0 10.0
70.0 101.0 20.0 10.0
115.0 98.0 20.0 10.0
66.0 152.0 20.0 10.0
90.0 140.0 20.0 10.0
127.0 99.0 20.0 10.0
83.0 99.0 20.0 10.0
92.0 73.0 20.0 10.0
111.0 116.0 20.0 10.0
120.0 66.0 20.0 10.0
92.0 109.0 20.0 10.0
91.0 126.0 20.0 10.0
62.0 141.0 20.0 10.0
135.0 92.0 20.0 10.0
65.0 105.0 20.0 10.0
119.0 142.0 20.0 10.0
160.0 82.0 20.0 10.0
127.0 88.0 20.0 10.0
129.0 80.0 20.0 10.0
87.0 170.0 20.0 10.0
165.0 100.0 20.0 10.0
143.0 83.0 20.0 10.0
121.0 103.0 20.0 10.0
183.0 110.0 20.0 10.0
153.0 75.0 20.0 10.0
98.0 79.0 20.0 10.0
86.0 59.0 20.0 10.0
194.0 134.0 20.0 10.0
158.0 117.0 20.0 10.0
123.0 124.0 20.0 10.0
97.0 136.0 20.0 10.0
119.0 93.0 20.0 10.0
77.0 107.0 20.0 10.0
103.0 144.0 20.0 10.0
150.0 75.0 20.0 10.0
81.0 120.0 20.0 10.0
100.0 103.0 20.0 10.0
119.0 61.0 20.0 10.0
165.0 127.0 20.0 10.0
106.0 96.0 20.0 10.0
124.0 70.0 20.0 10.0
117.0 157.0 20.0 10.0
74.0 184.0 20.0 10.0
97.0 93.0 20.0 10.0
98.0 132.0 20.0 10.0
142.0 122.0 20.0 10.0
78.0 127.0 20.0 10.0
129.0 158.0 20.0 10.0
118.0 114.0 20.0 10.0
109.0 120.0 20.0 10.0
162.0 108.0 20.0 10.0
117.0 112.0 20.0 10.0
71.0 169.0 20.0 10.0
86.0 90.0 20.0 10.0
114.0 149.0 20.0 10.0
182.0 121.0 20.0 10.0
131.0 89.0 20.0 10.0
120.0 157.0 20.0 10.0
154.0 98.0 20.0 10.0
162.0 140.0 20.0 10.0
150.0 97.0 20.0 10.0
59.0 99.0 20.0 10.0
83.0 84.0 20.0 10.0
146.0 102.0 20.0 10.0
108.0 72.0 20.0 10.0
158.0 107.0 20.0 10.0
177.0 127.0 20.0 10.0
85.0 125.0 20.0 10.0
142.0 73.0 20.0 10.0
123.0 113.0 20.0 10.0
75.0 121.0 20.0 10.0
62.0 134.0 20.0 10.0
117.0 103.0 20.0 10.0
143.0 126.0 20.0 10.0
158.0 101.0 20.0 10.0
145.0 92.0 20.0 10.0
178.0 163.0 20.0 10.0
82.0 139.0 20.0 10.0
113.0 105.0 20.0 10.0
185.0 97.0 20.0 10.0
137.0 118.0 20.0 10.0
89.0 109.0 20.0 10.0
156.0 85.0 20.0 10.0
155.0 115.0 20.0 10.0
91.0 84.0 20.0 10.0
133.0 180.0 20.0 10.0
149.0 129.0 20.0 10.0
127.0 98.0 20.0 10.0
127.0 155.0 20.0 10.0
114.0 80.0 20.0 10.0
124.0 139.0 20.0 10.0
89.0 94.0 20.0 10.0
147.0 84.0 20.0 10.0
115.0 83.0 20.0 10.0
166.0 40.0 20.0 10.0
133.0 46.0 20.0 10.0
87.0 133.0 20.0 10.0
102.0 118.0 20.0 10.0
76.0 112.0 20.0 10.0
126.0 94.0 20.0 10.0
123.0 130.0 20.0 10.0
58.0 143.0 20.0 10.0
111.0 100.0 20.0 10.0
109.0 80.0 20.0 10.0
147.0 128.0 20.0 10.0
140.0 75.0 20.0 10.0
149.0 78.0 20.0 10.0
109.0 123.0 20.0 10.0
171.0 141.0 20.0 10.0
157.0 91.0 20.0 10.0
138.0 121.0 20.0 10.0
129.0 86.0 20.0 10.0
114.0 118.0 20.0 10.0
130.0 128.0 20.0 10.0
124.0 134.0 20.0 10.0
101.0 99.0 20.0 10.0
104.0 134.0 20.0 10.0
79.0 47.0 20.0 10.0
168.0 90.0 20.0 10.0
133.0 122.0 20.0 10.0
154.0 86.0 20.0 10.0
141.0 103.0 20.0 10.0
148.0 112.0 20.0 10.0
165.0 79.0 20.0 10.0
130.0 122.0 20.0 10.0
139.0 110.0 20.0 10.0
89.0 91.0 20.0 10.0
144.0 77.0 20.0 10.0
149.0 81.0 20.0 10.0
124.0 76.0 20.0 10.0
99.0 172.0 20.0 10.0
81.0 138.0 20.0 10.0
97.0 99.0 20.0 10.0
80.0 123.0 20.0 10.0
159.0 112.0 20.0 10.0
176.0 106.0 20.0 10.0
143.0 41.0 20.0 10.0
96.0 97.0 20.0 10.0
70.0 95.0 20.0 10.0
121.0 91.0 20.0 10.0
113.0 146.0 20.0 10.0
143.0 141.0 20.0 10.0
169.0 110.0 20.0 10.0
196.0 92.0 20.0 10.0
179.0 115.0 20.0 10.0
159.0 149.0 20.0 10.0
93.0 103.0 20.0 10.0
78.0 109.0 20.0 10.0
126.0 28.0 20.0 10.0
128.0 151.0 20.0 10.0
173.0 154.0 20.0 10.0
93.0 101.0 20.0 10.0
84.0 138.0 20.0 10.0
157.0 99.0 20.0 10.0
129.0 90.0 20.0 10.0
141.0 94.0 20.0 10.0
98.0 62.0 20.0 10.0
87.0 136.0 20.0 10.0
137.0 126.0 20.0 10.0
160.0 126.0 20.0 10.0
115.0 113.0 20.0 10.0
113.0 89.0 20.0 10.0
164.0 64.0 20.0 10.0
162.0 95.0 20.0 10.0
72.0 59.0 20.0 10.0
129.0 120.0 20.0 10.0
131.0 138.0 20.0 10.0
142.0 65.0 20.0 10.0
133.0 144.0 20.0 10.0
148.0 158.0 20.0 10.0
111.0 102.0 20.0 10.0
132.0 100.0 20.0 10.0
124.0 120.0 20.0 10.0
138.0 132.0 20.0 10.0
93.0 80.0 20.0 10.0
93.0 48.0 20.0 10.0
123.0 134.0 20.0 10.0
127.0 81.0 20.0 10.0
98.0 117.0 20.0 10.0
134.0 91.0 20.0 10.0
99.0 107.0 20.0 10.0
108.0 141.0 20.0 10.0
162.0 161.0 20.0 10.0
118.0 107.0 20.0 10.0
99.0 125.0 20.0 10.0
137.0 87.0 20.0 10.0
139.0 84.0 20.0 10.0
88.0 147.0 20.0 10.0
100.0 118.0 20.0 10.0
73.0 142.0 20.0 10.0
90.0 67.0 20.0 10.0
80.0 97.0 20.0 10.0
124.0 109.0 20.0 10.0
98.0 83.0 20.0 10.0
120.0 154.0 20.0 10.0
130.0 76.0 20.0 10.0
169.0 121.0 20.0 10.0
149.0 123.0 20.0 10.0
106.0 133.0 20.0 10.0
99.0 152.0 20.0 10.0
84.0 77.0 20.0 10.0
152.0 95.0 20.0 10.0
119.0 137.0 20.0 10.0
126.0 72.0 20.0 10.0
115.0 153.0 20.0 10.0
120.0 89.0 20.0 10.0
104.0 123.0 20.0 10.0
146.0 120.0 20.0 10.0
71.0 121.0 20.0 10.0
109.0 106.0 20.0 10.0
67.0 76.0 20.0 10.0
151.0 71.0 20.0 10.0
166.0 82.0 20.0 10.0
106.0 132.0 20.0 10.0
84.0 100.0 20.0 10.0
158.0 110.0 20.0 10.0
114.0 131.0 20.0 10.0
106.0 147.0 20.0 10.0
124.0 126.0 20.0 10.0
98.0 138.0 20.0 10.0
106.0 82.0 20.0 10.0
52.0 118.0 20.0 10.0
86.0 108.0 20.0 10.0
110.0 61.0 20.0 10.0
104.0 112.0 20.0 10.0
89.0 93.0 20.0 10.0
115.0 141.0 20.0 10.0
75.0 150.0 20.0 10.0
93.0 114.0 20.0 10.0
130.0 84.0 20.0 10.0
127.0 78.0 20.0 10.0
121.0 108.0 20.0 10.0
115.0 102.0 20.0 10.0
133.0 93.0 20.0 10.0
132.0 62.0 20.0 10.0
94.0 124.0 20.0 10.0
102.0 135.0 20.0 10.0
156.0 135.0 20.0 10.0
101.0 123.0 20.0 10.0
139.0 73.0 20.0 10.0
129.0 111.0 20.0 10.0
138.0 159.0 20.0 10.0
102.0 109.0 20.0 10.0
105.0 50.0 20.0 10.0
106.0 119.0 20.0 10.0
112.0 114.0 20.0 10.0
142.0 108.0 20.0 10.0
161.0 121.0 20.0 10.0
143.0 46.0 20.0 10.0
168.0 94.0 20.0 10.0
120.0 109.0 20.0 10.0
68.0 105.0 20.0 10.0
87.0 106.0 20.0 10.0
180.0 122.0 20.0 10.0
130.0 101.0 20.0 10.0
172.0 138.0 20.0 10.0
86.0 130.0 20.0 10.0
135.0 97.0 20.0 10.0
66.0 146.0 20.0 10.0
173.0 112.0 20.0 10.0
192.0 89.0 20.0 10.0
64.0 126.0 20.0 10.0
88.0 120.0 20.0 10.0
110.0 121.0 20.0 10.0
145.0 134.0 20.0 10.0
155.0 104.0 20.0 10.0
184.0 138.0 20.0 10.0
119.0 98.0 20.0 10.0
57.0 132.0 20.0 10.0
123.0 80.0 20.0 10.0
105.0 115.0 20.0 10.0
114.0 98.0 20.0 10.0
137.0 90.0 20.0 10.0
160.0 114.0 20.0 10.0
131.0 113.0 20.0 10.0
135.0 172.0 20.0 10.0
90.0 86.0 20.0 10.0
101.0 111.0 20.0 10.0
147.0 105.0 20.0 10.0
112.0 96.0 20.0 10.0
164.0 102.0 20.0 10.0
92.0 99.0 20.0 10.0
102.0 150.0 20.0 10.0
147.0 104.0 20.0 10.0
104.0 66.0 20.0 10.0
135.0 140.0 20.0 10.0
105.0 63.0 20.0 10.0
149.0 138.0 20.0 10.0
106.0 169.0 20.0 10.0
126.0 49.0 20.0 10.0
76.0 84.0 20.0 10.0
96.0 114.0 20.0 10.0
144.0 134.0 20.0 10.0
86.0 127.0 20.0 10.0
114.0 133.0 20.0 10.0
127.0 75.0 20.0 10.0
160.0 130.0 20.0 10.0
137.0 82.0 20.0 10.0
81.0 63.0 20.0 10.0
87.0 102.0 20.0 10.0
159.0 138.0 20.0 10.0
111.0 97.0 20.0 10.0
140.0 143.0 20.0 10.0
131.0 96.0 20.0 10.0
117.0 110.0 20.0 10.0
134.0 85.0 20.0 10.0
99.0 97.0 20.0 10.0
58.0 51.0 20.0 10.0
99.0 86.0 20.0 10.0
107.0 106.0 20.0 10.0
109.0 164.0 20.0 10.0
160.0 145.0 20.0 10.0
102.0 127.0 20.0 10.0
138.0 104.0 20.0 10.0
153.0 64.0 20.0 10.0
160.0 110.0 20.0 10.0
157.0 166.0 20.0 10.0
146.0 141.0 20.0 10.0
137.0 37.0 20.0 10.0
118.0 71.0 20.0 10.0
110.0 132.0 20.0 10.0
90.0 89.0 20.0 10.0
136.0 162.0 20.0 10.0
159.0 87.0 20.0 10.0
93.0 96.0 20.0 10.0
72.0 84.0 20.0 10.0
123.0 100.0 20.0 10.0
129.0 117.0 20.0 10.0
146.0 86.0 20.0 10.0
62.0 112.0 20.0 10.0
73.0 116.0 20.0 10.0
95.0 143.0 20.0 10.0
74.0 124.0 20.0 10.0
137.0 123.0 20.0 10.0
83.0 160.0 20.0 10.0
106.0 103.0 20.0 10.0
92.0 102.0 20.0 10.0
131.0 154.0 20.0 10.0
80.0 103.0 20.0 10.0
131.0 82.0 20.0 10.0
126.0 132.0 20.0 10.0
117.0 55.0 20.0 10.0
87.0 116.0 20.0 10.0
79.0 56.0 20.0 10.0
108.0 126.0 20.0 10.0
117.0 93.0 20.0 10.0
89.0 127.0 20.0 10.0
145.0 118.0 20.0 10.0
152.0 112.0 20.0 10.0
70.0 78.0 20.0 10.0
77.0 55.0 20.0 10.0
66.0 155.0 20.0 10.0
135.0 153.0 20.0 10.0
139.0 130.0 20.0 10.0
157.0 94.0 20.0 10.0
102.0 54.0 20.0 10.0
154.0 82.0 20.0 10.0
88.0 51.0 20.0 10.0
171.0 108.0 20.0 10.0
118.0 102.0 20.0 10.0
99.0 136.0 20.0 10.0
82.0 91.0 20.0 10.0
102.0 62.0 20.0 10.0
110.0 85.0 20.0 10.0
98.0 161.0 20.0 10.0
58.0 103.0 20.0 10.0
129.0 109.0 20.0 10.0
116.0 135.0 20.0 10.0
87.0 77.0 20.0 10.0
83.0 38.0 20.0 10.0
143.0 67.0 20.0 10.0
148.0 69.0 20.0 10.0
102.0 101.0 20.0 10.0
166.0 88.0 20.0 10.0
127.0 124.0 20.0 10.0
146.0 124.0 20.0 10.0
127.0 106.0 20.0 10.0
111.0 126.0 20.0 10.0
107.0 113.0 20.0 10.0
153.0 110.0 20.0 10.0
116.0 101.0 20.0 10.0
126.0 79.0 20.0 10.0
93.0 132.0 20.0 10.0
169.0 115.0 20.0 10.0
128.0 67.0 20.0 10.0
95.0 107.0 20.0 10.0
91.0 110.0 20.0 10.0
137.0 52.0 20.0 10.0
112.0 118.0 20.0 10.0
75.0 90.0 20.0 10.0
105.0 148.0 20.0 10.0
126.0 143.0 20.0 10.0
66.0 122.0 20.0 10.0
85.0 111.0 20.0 10.0
92.0 146.0 20.0 10.0
102.0 84.0 20.0 10.0
96.0 102.0 20.0 10.0
145.0 149.0 20.0 10.0
155.0 120.0 20.0 10.0
69.0 111.0 20.0 10.0
109.0 147.0 20.0 10.0
78.0 133.0 20.0 10.0
151.0 103.0 20.0 10.0
160.0 51.0 20.0 10.0
105.0 89.0 20.0 10.0
90.0 132.0 20.0 10.0
154.0 90.0 20.0 10.0
115.0 71.0 20.0 10.0
169.0 114.0 20.0 10.0
113.0 111.0 20.0 10.0
132.0 132.0 20.0 10.0
152.0 114.0 20.0 10.0
164.0 92.0 20.0 10.0
60.0 96.0 20.0 10.0
100.0 89.0 20.0 10.0
163.0 105.0 20.0 10.0
104.0 174.0 20.0 10.0
97.0 123.0 20.0 10.0
130.0 142.0 20.0 10.0
105.0 130.0 20.0 10.0
62.0 109.0 20.0 10.0
136.0 119.0 20.0 10.0
169.0 132.0 20.0 10.0
84.0 127.0 20.0 10.0
85.0 56.0 20.0 10.0
119.0 70.0 20.0 10.0
148.0 120.0 20.0 10.0
165.0 144.0 20.0 10.0
158.0 80.0 20.0 10.0
79.0 72.0 20.0 10.0
135.0 123.0 20.0 10.0
120.0 121.0 20.0 10.0
146.0 111.0 20.0 10.0
155.0 116.0 20.0 10.0
162.0 99.0 20.0 10.0
107.0 57.0 20.0 10.0
121.0 72.0 20.0 10.0
143.0 95.0 20.0 10.0
131.0 92.0 20.0 10.0
164.0 133.0 20.0 10.0
148.0 133.0 20.0 10.0
97.0 124.0 20.0 10.0
111.0 75.0 20.0 10.0
132.0 128.0 20.0 10.0
48.0 110.0 20.0 10.0
122.0 118.0 20.0 10.0
111.0 67.0 20.0 10.0
135.0 131.0 20.0 10.0
148.0 116.0 20.0 10.0
157.0 119.0 20.0 10.0
122.0 63.0 20.0 10.0
85.0 102.0 20.0 10.0
94.0 87.0 20.0 10.0
129.0 105.0 20.0 10.0
143.0 88.0 20.0 10.0
105.0 103.0 20.0 10.0
25.0 51.0 20.0 10.0
108.0 111.0 20.0 10.0
118.0 186.0 20.0 10.0
125.0 74.0 20.0 10.0
144.0 137.0 20.0 10.0
143.0 132.0 20.0 10.0
141.0 90.0 20.0 10.0
128.0 139.0 20.0 10.0
144.0 129.0 20.0 10.0
98.0 147.0 20.0 10.0
109.0 94.0 20.0 10.0
96.0 104.0 20.0 10.0
98.0 76.0 20.0 10.0
101.0 137.0 20.0 10.0
125.0 109.0 20.0 10.0
117.0 97.0 20.0 10.0
116.0 115.0 20.0 10.0
140.0 116.0 20.0 10.0
69.0 107.0 20.0 10.0
111.0 77.0 20.0 10.0
127.0 159.0 20.0 10.0
147.0 98.0 20.0 10.0
152.0 107.0 20.0 10.0
103.0 94.0 20.0 10.0
84.0 143.0 20.0 10.0
167.0 136.0 20.0 10.0
80.0 125.0 20.0 10.0
104.0 80.0 20.0 10.0
140.0 103.0 20.0 10.0
98.0 88.0 20.0 10.0
104.0 120.0 20.0 10.0
113.0 168.0 20.0 10.0
154.0 145.0 20.0 10.0
142.0 56.0 20.0 10.0
132.0 140.0 20.0 10.0
113.0 109.0 20.0 10.0
162.0 191.0 20.0 10.0
111.0 138.0 20.0 10.0
124.0 105.0 20.0 10.0
136.0 100.0 20.0 10.0
117.0 165.0 20.0 10.0
100.0 159.0 20.0 10.0
94.0 120.0 20.0 10.0
151.0 153.0 20.0 10.0
166.0 125.0 20.0 10.0
121.0 86.0 20.0 10.0
98.0 72.0 20.0 10.0
101.0 77.0 20.0 10.0
138.0 154.0 20.0 10.0
168.0 175.0 20.0 10.0
100.0 121.0 20.0 10.0
141.0 146.0 20.0 10.0
121.0 113.0 20.0 10.0
121.0 92.0 20.0 10.0
114.0999984741211 107.0 20.0 10.0
155.0 52.0 20.0 10.0
73.0 73.0 20.0 10.0
91.0 108.0 20.0 10.0
147.0 117.0 20.0 10.0
129.0 123.0 20.0 10.0
142.0 85.0 20.0 10.0
129.0 72.0 20.0 10.0
129.0 148.0 20.0 10.0
115.0 170.0 20.0 10.0
108.0 144.0 20.0 10.0
143.0 159.0 20.0 10.0
127.0 62.0 20.0 10.0
133.0 86.0 20.0 10.0
103.0 138.0 20.0 10.0
154.0 93.0 20.0 10.0
134.0 113.0 20.0 10.0
82.0 113.0 20.0 10.0
82.0 71.0 20.0 10.0
181.0 144.0 20.0 10.0
145.0 153.0 20.0 10.0
108.0 176.0 20.0 10.0
125.0 148.0 20.0 10.0
55.0 96.0 20.0 10.0
138.0 108.0 20.0 10.0
133.0 112.0 20.0 10.0
173.0 81.0 20.0 10.0
131.0 103.0 20.0 10.0
145.0 88.0 20.0 10.0
102.0 143.0 20.0 10.0
141.0 149.0 20.0 10.0
126.0 104.0 20.0 10.0
158.0 144.0 20.0 10.0
127.0 55.0 20.0 10.0
142.0 87.0 20.0 10.0
141.0 113.0 20.0 10.0
170.0 119.0 20.0 10.0
95.0 74.0 20.0 10.0
105.0 107.0 20.0 10.0
100.0 75.0 20.0 10.0
81.0 129.0 20.0 10.0
133.0 119.0 20.0 10.0
156.0 87.0 20.0 10.0
123.0 94.0 20.0 10.0
96.0 148.0 20.0 10.0
86.0 122.0 20.0 10.0
114.0 101.0 20.0 10.0
135.0 151.0 20.0 10.0
123.0 108.0 20.0 10.0
85.0 86.0 20.0 10.0
161.0 67.0 20.0 10.0
101.0 25.0 20.0 10.0
105.0 100.0 20.0 10.0
149.0 160.0 20.0 10.0
117.0999984741211 97.0 20.0 10.0
178.0 91.0 20.0 10.0
151.10000610351562 131.0 20.0 10.0
104.0 114.0 20.0 10.0
136.0 105.0 20.0 10.0
160.0 160.0 20.0 10.0
174.0 147.0 20.0 10.0
119.0 146.0 20.0 10.0
122.0 82.0 20.0 10.0
74.0 81.0 20.0 10.0
115.0 138.0 20.0 10.0
109.0 129.0 20.0 10.0
73.0 100.0 20.0 10.0
112.0 123.0 20.0 10.0
181.0 117.0 20.0 10.0
92.0 121.0 20.0 10.0
88.0 86.0 20.0 10.0
90.0 65.0 20.0 10.0
141.0 51.0 20.0 10.0
96.0 84.0 20.0 10.0
167.0 124.0 20.0 10.0
109.0 79.0 20.0 10.0
170.0 126.0 20.0 10.0
142.0 100.0 20.0 10.0
116.0 126.0 20.0 10.0
72.0 128.0 20.0 10.0
153.0 79.0 20.0 10.0
125.0 77.0 20.0 10.0
169.0 84.0 20.0 10.0
101.0 129.0 20.0 10.0
135.0 114.0 20.0 10.0
137.0 147.0 20.0 10.0
173.0 105.0 20.0 10.0
149.0 89.0 20.0 10.0
154.0 161.0 20.0 10.0
130.0 112.0 20.0 10.0
127.0 127.0 20.0 10.0
139.0 100.0 20.0 10.0
140.0 86.0 20.0 10.0
103.0 175.0 20.0 10.0
122.0 50.0 20.0 10.0
168.0 148.0 20.0 10.0
160.0 79.0 20.0 10.0
112.0 129.0 20.0 10.0
86.0 142.0 20.0 10.0
175.0 114.0 20.0 10.0
163.0 87.0 20.0 10.0
153.0 118.0 20.0 10.0
146.0 108.0 20.0 10.0
101.0 65.0 20.0 10.0
147.0 66.0 20.0 10.0
122.0 123.0 20.0 10.0
146.0 69.0 20.0 10.0
124.0 117.0 20.0 10.0
147.0 82.0 20.0 10.0
104.0 131.0 20.0 10.0
135.0 87.0 20.0 10.0
105.0 159.0 20.0 10.0
172.0 134.0 20.0 10.0
129.0 162.0 20.0 10.0
94.0 141.0 20.0 10.0
160.0 54.0 20.0 10.0
52.0 76.0 20.0 10.0
123.0 104.0 20.0 10.0
118.0 88.0 20.0 10.0
78.0 87.0 20.0 10.0
125.0 127.0 20.0 10.0
120.0 132.0 20.0 10.0
135.0 137.0 20.0 10.0
85.0 115.0 20.0 10.0
125.0 100.0 20.0 10.0
100.0 71.0 20.0 10.0
120.0999984741211 118.0 20.0 10.0
163.0 120.0 20.0 10.0
96.0 150.0 20.0 10.0
140.0 100.0 20.0 10.0
156.0 109.0 20.0 10.0
140.0 124.0 20.0 10.0
145.0 50.0 20.0 10.0
120.0 101.0 20.0 10.0
