1000
67.0 75.0 20.0 10.0
130.0 116.0 20.0 10.0
130.0 127.0 20.0 10.0
122.0 122.0 20.0 10.0
67.0 61.0 20.0 10.0
113.0 108.0 20.0 10.0
124.0 146.0 20.0 10.0
155.0 76.0 20.0 10.0
93.0 111.0 20.0 10.0
157.0 48.0 20.0 10.0
86.0 75.0 20.0 10.0
179.0 84.0 20.0 10.0
103.0 77.0 20.0 10.0
152.0 126.0 20.0 10.0
112.0 90.0 20.0 10.0
175.0 81.0 20.0 10.0
94.0 124.0 20.0 10.0
95.0 132.0 20.0 10.0
92.0 130.0 20.0 10.0
104.0 90.0 20.0 10.0
99.0 149.0 20.0 10.0
152.0 79.0 20.0 10.0
125.0 83.0 20.0 10.0
92.0 104.0 20.0 10.0
120.0 89.0 20.0 10.0
112.0 105.0 20.0 10.0
102.0 82.0 20.0 10.0
135.0 71.0 20.0 10.0
161.0 101.0 20.0 10.0
55.0 114.0 20.0 10.0
87.0 145.0 20.0 10.0
129.0 107.0 20.0 10.0
110.0 72.0 20.0 10.0
107.0 83.0 20.0 10.0
130.0 101.0 20.0 10.0
100.0 49.0 20.0 10.0
56.0 84.0 20.0 10.0
65.0 58.0 20.0 10.0
139.0 93.0 20.0 10.0
110.0 112.0 20.0 10.0
126.0 156.0 20.0 10.0
82.0 137.0 20.0 10.0
140.0 166.0 20.0 10.0
115.0 118.0 20.0 10.0
49.0 90.0 20.0 10.0
136.0 146.0 20.0 10.0
94.0 65.0 20.0 10.0
88.0 128.0 20.0 10.0
79.0 69.0 20.0 10.0
78.0 96.0 20.0 10.0
68.0 93.0 20.0 10.0
164.0 124.0 20.0 10.0
91.0 61.0 20.0 10.0
95.0 120.0 20.0 10.0
105.0 83.0 20.0 10.0
114.0 99.0 20.0 10.0
165.0 101.0 20.0 10.0
165.0 116.0 20.0 10.0
120.0 84.0 20.0 10.0
125.0 78.0 20.0 10.0
115.0 88.0 20.0 10.0
143.0 125.0 20.0 10.0
112.0 96.0 20.0 10.0
57.0 89.0 20.0 10.0
103.0 124.0 20.0 10.0
149.0 102.0 20.0 10.0
175.0 59.0 20.0 10.0
104.0 101.0 20.0 10.0
82.0 100.0 20.0 10.0
148.0 120.0 20.0 10.0
147.0 118.0 20.0 10.0
101.0 141.0 20.0 10.0
120.0 108.0 20.0 10.0
59.0 72.0 20.0 10.0
133.0 77.0 20.0 10.0
39.0 46.0 20.0 10.0
64.0 158.0 20.0 10.0
129.0 111.0 20.0 10.0
89.0 53.0 20.0 10.0
66.0 145.0 20.0 10.0
82.0 148.0 20.0 10.0
97.0 79.0 20.0 10.0
130.0 68.0 20.0 10.0
87.0 95.0 20.0 10.0
158.0 96.0 20.0 10.0
107.0 56.0 20.0 10.0
110.0 50.0 20.0 10.0
154.0 97.0 20.0 10.0
131.0 25.0 20.0 10.0
108.0 161.0 20.0 10.0
99.0 80.0 20.0 10.0
102.0 105.0 20.0 10.0
171.0 85.0 20.0 10.0
135.0 93.0 20.0 10.0
148.0 131.0 20.0 10.0
40.0 121.0 20.0 10.0
69.0 103.0 20.0 10.0
171.0 100.0 20.0 10.0
117.0 84.0 20.0 10.0
156.0 113.0 20.0 10.0
146.0 132.0 20.0 10.0
68.0 149.0 20.0 10.0
124.0 93.0 20.0 10.0
65.0 128.0 20.0 10.0
117.0 129.0 20.0 10.0
99.0 66.0 20.0 10.0
140.0 54.0 20.0 10.0
127.0 136.0 20.0 10.0
93.0 102.0 20.0 10.0
131.0 91.0 20.0 10.0
140.0 121.0 20.0 10.0
147.0 124.0 20.0 10.0
96.0 81.0 20.0 10.0
139.0 68.0 20.0 10.0
101.0 61.0 20.0 10.0
97.0 133.0 20.0 10.0
133.0 103.0 20.0 10.0
75.0 57.0 20.0 10.0
103.0 33.0 20.0 10.0
143.0 114.0 20.0 10.0
103.0 107.0 20.0 10.0
162.0 52.0 20.0 10.0
68.0 109.0 20.0 10.0
101.0 81.0 20.0 10.0
142.0 136.0 20.0 10.0
98.0 87.0 20.0 10.0
164.0 71.0 20.0 10.0
47.0 70.0 20.0 10.0
82.0 85.0 20.0 10.0
123.0 72.0 20.0 10.0
87.0 98.0 20.0 10.0
112.0 64.0 20.0 10.0
92.0 79.0 20.0 10.0
138.0 102.0 20.0 10.0
113.0 63.0 20.0 10.0
115.0 80.0 20.0 10.0
116.0 96.0 20.0 10.0
122.0 166.0 20.0 10.0
59.0 102.0 20.0 10.0
105.0 98.0 20.0 10.0
82.0 107.0 20.0 10.0
121.0 98.0 20.0 10.0
79.0 111.0 20.0 10.0
90.0 97.0 20.0 10.0
85.0 90.0 20.0 10.0
98.0 135.0 20.0 10.0
82.0 94.0 20.0 10.0
123.0 110.0 20.0 10.0
89.0 67.0 20.0 10.0
99.0 130.0 20.0 10.0
140.0 146.0 20.0 10.0
168.0 94.0 20.0 10.0
97.0 52.0 20.0 10.0
58.0 129.0 20.0 10.0
25.0 85.0 20.0 10.0
99.0 142.0 20.0 10.0
101.0 68.0 20.0 10.0
81.0 129.0 20.0 10.0
124.0 87.0 20.0 10.0
120.0 96.0 20.0 10.0
107.0 113.0 20.0 10.0
75.0 131.0 20.0 10.0
107.0 134.0 20.0 10.0
75.0 107.0 20.0 10.0
82.0 132.0 20.0 10.0
74.0 78.0 20.0 10.0
79.0 64.0 20.0 10.0
116.0 53.0 20.0 10.0
107.0 70.0 20.0 10.0
162.0 93.0 20.0 10.0
122.0 86.0 20.0 10.0
155.0 66.0 20.0 10.0
104.0 80.0 20.0 10.0
81.0 99.0 20.0 10.0
166.0 68.0 20.0 10.0
125.0 138.0 20.0 10.0
148.0 103.0 20.0 10.0
100.0 97.0 20.0 10.0
117.0 119.0 20.0 10.0
117.0 98.0 20.0 10.0
98.0 139.0 20.0 10.0
100.0 145.0 20.0 10.0
153.0 174.0 20.0 10.0
90.0 89.0 20.0 10.0
132.0 170.0 20.0 10.0
63.0 68.0 20.0 10.0
106.0 65.0 20.0 10.0
134.0 113.0 20.0 10.0
166.0 124.0 20.0 10.0
122.0 104.0 20.0 10.0
151.0 155.0 20.0 10.0
129.0 60.0 20.0 10.0
92.0 105.0 20.0 10.0
119.0 85.0 20.0 10.0
100.0 95.0 20.0 10.0
148.0 50.0 20.0 10.0
44.0 82.0 20.0 10.0
128.0 91.0 20.0 10.0
80.0 115.0 20.0 10.0
95.0 135.0 20.0 10.0
66.0 114.0 20.0 10.0
106.0 59.0 20.0 10.0
119.0 142.0 20.0 10.0
137.0 136.0 20.0 10.0
162.0 107.0 20.0 10.0
125.0 151.0 20.0 10.0
63.0 107.0 20.0 10.0
137.0 56.0 20.0 10.0
128.0 126.0 20.0 10.0
142.0 77.0 20.0 10.0
133.0 133.0 20.0 10.0
145.0 45.0 20.0 10.0
79.0 108.0 20.0 10.0
117.0 140.0 20.0 10.0
132.0 154.0 20.0 10.0
130.0 187.0 20.0 10.0
160.0 66.0 20.0 10.0
97.0 144.0 20.0 10.0
136.0 121.0 20.0 10.0
149.0 105.0 20.0 10.0
133.0 128.0 20.0 10.0
124.0 90.0 20.0 10.0
91.0 65.0 20.0 10.0
120.0 74.0 20.0 10.0
67.0 100.0 20.0 10.0
149.0 125.0 20.0 10.0
152.0 116.0 20.0 10.0
134.0 121.0 20.0 10.0
71.0 121.0 20.0 10.0
81.0 103.0 20.0 10.0
151.0 52.0 20.0 10.0
109.0 131.0 20.0 10.0
68.0 130.0 20.0 10.0
133.0 74.0 20.0 10.0
67.0 81.0 20.0 10.0
127.0 93.0 20.0 10.0
83.0 140.0 20.0 10.0
96.0 83.0 20.0 10.0
110.0 150.0 20.0 10.0
83.0 85.0 20.0 10.0
97.0 102.0 20.0 10.0
25.0 239.0 20.0 10.0
139.0 135.0 20.0 10.0
151.0 128.0 20.0 10.0
98.0 112.0 20.0 10.0
131.0 104.0 20.0 10.0
141.0 149.0 20.0 10.0
121.0 135.0 20.0 10.0
152.0 92.0 20.0 10.0
140.0 117.0 20.0 10.0
154.0 90.0 20.0 10.0
116.0 74.0 20.0 10.0
97.0 152.0 20.0 10.0
74.0 128.0 20.0 10.0
138.0 113.0 20.0 10.0
74.0 92.0 20.0 10.0
72.0 117.0 20.0 10.0
80.0 81.0 20.0 10.0
145.0 112.0 20.0 10.0
95.0 145.0 20.0 10.0
100.0 122.0 20.0 10.0
142.0 36.0 20.0 10.0
134.0 60.0 20.0 10.0
133.0 89.0 20.0 10.0
126.0 116.0 20.0 10.0
121.0 59.0 20.0 10.0
110.0 55.0 20.0 10.0
105.0 70.0 20.0 10.0
148.0 113.0 20.0 10.0
84.0 131.0 20.0 10.0
106.0 123.0 20.0 10.0
101.0 129.0 20.0 10.0
137.0 91.0 20.0 10.0
146.0 61.0 20.0 10.0
129.0 170.0 20.0 10.0
79.0 102.0 20.0 10.0
67.0 113.0 20.0 10.0
175.0 86.0 20.0 10.0
104.0 143.0 20.0 10.0
111.0 89.0 20.0 10.0
101.0 90.0 20.0 10.0
100.0 86.0 20.0 10.0
106.0 53.0 20.0 10.0
80.0 131.0 20.0 10.0
82.0 74.0 20.0 10.0
112.0 131.0 20.0 10.0
98.0 116.0 20.0 10.0
30.0 95.0 20.0 10.0
106.0 108.0 20.0 10.0
123.0 120.0 20.0 10.0
94.0 130.0 20.0 10.0
113.0 45.0 20.0 10.0
56.0 70.0 20.0 10.0
129.0 130.0 20.0 10.0
71.0 99.0 20.0 10.0
124.0 63.0 20.0 10.0
57.0 107.0 20.0 10.0
112.0 121.0 20.0 10.0
99.0 84.0 20.0 10.0
112.0 62.0 20.0 10.0
93.0 95.0 20.0 10.0
118.0 152.0 20.0 10.0
90.0 124.0 20.0 10.0
161.0 90.0 20.0 10.0
112.0 99.0 20.0 10.0
123.0 91.0 20.0 10.0
71.0 131.0 20.0 10.0
164.0 84.0 20.0 10.0
132.0 86.0 20.0 10.0
157.0 103.0 20.0 10.0
100.0 166.0 20.0 10.0
130.0 133.0 20.0 10.0
126.0 71.0 20.0 10.0
131.0 119.0 20.0 10.0
139.0 111.0 20.0 10.0
123.0 52.0 20.0 10.0
58.0 112.0 20.0 10.0
78.0 84.0 20.0 10.0
45.0 108.0 20.0 10.0
119.0 123.0 20.0 10.0
77.0 121.0 20.0 10.0
75.0 135.0 20.0 10.0
103.0 74.0 20.0 10.0
108.0 105.0 20.0 10.0
110.0 176.0 20.0 10.0
119.0 121.0 20.0 10.0
90.0 98.0 20.0 10.0
104.0 162.0 20.0 10.0
79.0 43.0 20.0 10.0
123.0 67.0 20.0 10.0
150.0 117.0 20.0 10.0
75.0 123.0 20.0 10.0
89.0 154.0 20.0 10.0
94.0 107.0 20.0 10.0
125.0 62.0 20.0 10.0
133.0 37.0 20.0 10.0
66.0 86.0 20.0 10.0
142.0 84.0 20.0 10.0
86.0 88.0 20.0 10.0
109.0 126.0 20.0 10.0
121.0 123.0 20.0 10.0
128.0 146.0 20.0 10.0
171.0 29.0 20.0 10.0
137.0 68.0 20.0 10.0
119.0 102.0 20.0 10.0
148.0 61.0 20.0 10.0
68.0 105.0 20.0 10.0
139.0 85.0 20.0 10.0
123.0 162.0 20.0 10.0
89.0 112.0 20.0 10.0
90.0 83.0 20.0 10.0
114.0 98.0 20.0 10.0
91.0 166.0 20.0 10.0
66.0 47.0 20.0 10.0
95.0 163.0 20.0 10.0
122.0 75.0 20.0 10.0
127.0 121.0 20.0 10.0
145.0 71.0 20.0 10.0
126.0 89.0 20.0 10.0
105.0 96.0 20.0 10.0
103.0 99.0 20.0 10.0
113.0 141.0 20.0 10.0
145.0 151.0 20.0 10.0
83.0 142.0 20.0 10.0
71.0 93.0 20.0 10.0
78.0 106.0 20.0 10.0
52.0 111.0 20.0 10.0
98.0 60.0 20.0 10.0
124.0 122.0 20.0 10.0
136.0 64.0 20.0 10.0
142.0 122.0 20.0 10.0
75.0 105.0 20.0 10.0
81.0 56.0 20.0 10.0
85.0 53.0 20.0 10.0
111.0 74.0 20.0 10.0
102.0 114.0 20.0 10.0
136.0 149.0 20.0 10.0
104.0 146.0 20.0 10.0
92.0 136.0 20.0 10.0
92.0 139.0 20.0 10.0
128.0 103.0 20.0 10.0
136.0 107.0 20.0 10.0
108.0 98.0 20.0 10.0
74.0 50.0 20.0 10.0
109.0 118.0 20.0 10.0
43.0 119.0 20.0 10.0
139.0 95.0 20.0 10.0
92.0 96.0 20.0 10.0
110.0 153.0 20.0 10.0
104.0 125.0 20.0 10.0
88.0 118.0 20.0 10.0
141.0 100.0 20.0 10.0
97.0 114.0 20.0 10.0
121.0 65.0 20.0 10.0
106.0 136.0 20.0 10.0
65.0 143.0 20.0 10.0
100.0 155.0 20.0 10.0
131.0 108.0 20.0 10.0
132.0 111.0 20.0 10.0
137.0 116.0 20.0 10.0
160.0 78.0 20.0 10.0
92.0 100.0 20.0 10.0
119.0 114.0 20.0 10.0
98.0 118.0 20.0 10.0
109.0 120.0 20.0 10.0
85.0 122.0 20.0 10.0
152.0 145.0 20.0 10.0
117.0 125.0 20.0 10.0
104.0 67.0 20.0 10.0
135.0 124.0 20.0 10.0
79.0 77.0 20.0 10.0
86.0 113.0 20.0 10.0
99.0 121.0 20.0 10.0
86.0 31.0 20.0 10.0
104.0 150.0 20.0 10.0
109.0 80.0 20.0 10.0
132.0 79.0 20.0 10.0
37.0 86.0 20.0 10.0
106.0 103.0 20.0 10.0
119.0 44.0 20.0 10.0
109.0 93.0 20.0 10.0
91.0 109.0 20.0 10.0
112.0 123.0 20.0 10.0
113.0 167.0 20.0 10.0
168.0 83.0 20.0 10.0
141.0 132.0 20.0 10.0
65.0 89.0 20.0 10.0
96.0 71.0 20.0 10.0
109.0 66.0 20.0 10.0
166.0 111.0 20.0 10.0
123.0 100.0 20.0 10.0
138.0 120.0 20.0 10.0
77.0 113.0 20.0 10.0
154.0 69.0 20.0 10.0
144.0 96.0 20.0 10.0
106.0 126.0 20.0 10.0
143.0 119.0 20.0 10.0
149.0 89.0 20.0 10.0
111.0 82.0 20.0 10.0
36.0 101.0 20.0 10.0
135.0 138.0 20.0 10.0
167.0 79.0 20.0 10.0
70.0 95.0 20.0 10.0
140.0 76.0 20.0 10.0
164.0 107.0 20.0 10.0
119.0 112.0 20.0 10.0
116.0 130.0 20.0 10.0
102.0 126.0 20.0 10.0
148.0 72.0 20.0 10.0
141.0 89.0 20.0 10.0
117.0 113.0 20.0 10.0
123.0 80.0 20.0 10.0
155.0 111.0 20.0 10.0
115.0 82.0 20.0 10.0
113.0 124.0 20.0 10.0
80.0 141.0 20.0 10.0
82.0 27.0 20.0 10.0
198.0 135.0 20.0 10.0
96.0 123.0 20.0 10.0
114.0 112.0 20.0 10.0
92.0 81.0 20.0 10.0
131.0 43.0 20.0 10.0
133.0 116.0 20.0 10.0
107.0 143.0 20.0 10.0
84.0 85.0 20.0 10.0
62.0 115.0 20.0 10.0
123.0 117.0 20.0 10.0
74.0 141.0 20.0 10.0
142.0 124.0 20.0 10.0
56.0 96.0 20.0 10.0
88.0 172.0 20.0 10.0
102.0 151.0 20.0 10.0
134.0 119.0 20.0 10.0
166.0 70.0 20.0 10.0
95.0 108.0 20.0 10.0
51.0 100.0 20.0 10.0
89.0 123.0 20.0 10.0
140.0 83.0 20.0 10.0
44.0 146.0 20.0 10.0
64.0 140.0 20.0 10.0
103.0 109.0 20.0 10.0
156.0 83.0 20.0 10.0
86.0 101.0 20.0 10.0
75.0 144.0 20.0 10.0
104.0 130.0 20.0 10.0
163.0 135.0 20.0 10.0
143.0 134.0 20.0 10.0
127.0 145.0 20.0 10.0
77.0 129.0 20.0 10.0
144.0 104.0 20.0 10.0
108.0 110.0 20.0 10.0
78.0 114.0 20.0 10.0
138.0 144.0 20.0 10.0
157.0 144.0 20.0 10.0
120.0 140.0 20.0 10.0
90.0 140.0 20.0 10.0
132.0 147.0 20.0 10.0
135.0 50.0 20.0 10.0
78.0 115.0 20.0 10.0
83.0 122.0 20.0 10.0
130.0 85.0 20.0 10.0
115.0 132.0 20.0 10.0
142.0 143.0 20.0 10.0
147.0 163.0 20.0 10.0
69.0 131.0 20.0 10.0
80.0 87.0 20.0 10.0
89.0 134.0 20.0 10.0
141.0 189.0 20.0 10.0
108.0 115.0 20.0 10.0
106.0 89.0 20.0 10.0
67.0 116.0 20.0 10.0
128.0 133.0 20.0 10.0
118.0 72.0 20.0 10.0
128.0 53.0 20.0 10.0
143.0 79.0 20.0 10.0
173.0 97.0 20.0 10.0
108.0 165.0 20.0 10.0
136.0 128.0 20.0 10.0
82.0 114.0 20.0 10.0
106.0 133.0 20.0 10.0
64.0 137.0 20.0 10.0
117.0 64.0 20.0 10.0
96.0 78.0 20.0 10.0
162.0 122.0 20.0 10.0
111.0 78.0 20.0 10.0
119.0 100.0 20.0 10.0
108.0 84.0 20.0 10.0
104.0 120.0 20.0 10.0
120.0 116.0 20.0 10.0
137.0 85.0 20.0 10.0
109.0 96.0 20.0 10.0
76.0 65.0 20.0 10.0
143.0 130.0 20.0 10.0
95.0 67.0 20.0 10.0
111.0 85.0 20.0 10.0
139.0 106.0 20.0 10.0
124.0 109.0 20.0 10.0
117.0 134.0 20.0 10.0
143.0 104.0 20.0 10.0
66.0 121.0 20.0 10.0
101.0 103.0 20.0 10.0
70.0 102.0 20.0 10.0
129.0 143.0 20.0 10.0
100.0 119.0 20.0 10.0
84.0 157.0 20.0 10.0
134.0 48.0 20.0 10.0
145.0 69.0 20.0 10.0
135.0 165.0 20.0 10.0
50.0 76.0 20.0 10.0
129.0 144.0 20.0 10.0
145.0 115.0 20.0 10.0
122.0 78.0 20.0 10.0
80.0 126.0 20.0 10.0
137.0 143.0 20.0 10.0
151.0 136.0 20.0 10.0
121.0 105.0 20.0 10.0
118.0 76.0 20.0 10.0
25.0 107.0 20.0 10.0
162.0 80.0 20.0 10.0
70.0 127.0 20.0 10.0
172.0 117.0 20.0 10.0
120.0 132.0 20.0 10.0
82.0 95.0 20.0 10.0
142.0 111.0 20.0 10.0
108.0 71.0 20.0 10.0
90.0 88.0 20.0 10.0
123.0 145.0 20.0 10.0
113.0 101.0 20.0 10.0
90.0 127.0 20.0 10.0
124.0 95.0 20.0 10.0
102.0 133.0 20.0 10.0
124.0 97.0 20.0 10.0
110.0 30.0 20.0 10.0
64.0 84.0 20.0 10.0
117.0 158.0 20.0 10.0
101.0 117.0 20.0 10.0
136.0 39.0 20.0 10.0
107.0 151.0 20.0 10.0
133.0 64.0 20.0 10.0
136.0 95.0 20.0 10.0
58.0 90.0 20.0 10.0
148.0 145.0 20.0 10.0
49.0 134.0 20.0 10.0
118.0 65.0 20.0 10.0
119.0 62.0 20.0 10.0
91.0 75.0 20.0 10.0
111.0 106.0 20.0 10.0
96.0 99.0 20.0 10.0
112.0 71.0 20.0 10.0
129.0 55.0 20.0 10.0
93.0 75.0 20.0 10.0
109.0 101.0 20.0 10.0
64.0 85.0 20.0 10.0
76.0 80.0 20.0 10.0
134.0 111.0 20.0 10.0
152.0 64.0 20.0 10.0
133.0 98.0 20.0 10.0
139.0 91.0 20.0 10.0
88.0 91.0 20.0 10.0
100.0 139.0 20.0 10.0
139.0 156.0 20.0 10.0
102.0 90.0 20.0 10.0
133.0 46.0 20.0 10.0
128.0 65.0 20.0 10.0
95.0 63.0 20.0 10.0
89.0 106.0 20.0 10.0
135.0 90.0 20.0 10.0
147.0 95.0 20.0 10.0
81.0 70.0 20.0 10.0
90.0 160.0 20.0 10.0
130.0 122.0 20.0 10.0
87.0 72.0 20.0 10.0
72.0 84.0 20.0 10.0
120.0 146.0 20.0 10.0
78.0 65.0 20.0 10.0
101.0 108.0 20.0 10.0
119.0 79.0 20.0 10.0
66.0 95.0 20.0 10.0
121.0 55.0 20.0 10.0
88.0 138.0 20.0 10.0
87.0 166.0 20.0 10.0
112.0 145.0 20.0 10.0
83.0 76.0 20.0 10.0
62.0 96.0 20.0 10.0
98.0 96.0 20.0 10.0
29.0 151.0 20.0 10.0
144.0 84.0 20.0 10.0
94.0 92.0 20.0 10.0
85.0 64.0 20.0 10.0
98.0 126.0 20.0 10.0
127.0 84.0 20.0 10.0
122.0 112.0 20.0 10.0
156.0 129.0 20.0 10.0
85.0 52.0 20.0 10.0
121.0 83.0 20.0 10.0
115.0 141.0 20.0 10.0
189.0 122.0 20.0 10.0
119.0 129.0 20.0 10.0
99.0 90.0 20.0 10.0
138.0 60.0 20.0 10.0
84.0 153.0 20.0 10.0
161.0 115.0 20.0 10.0
133.0 138.0 20.0 10.0
100.0 74.0 20.0 10.0
120.0 127.0 20.0 10.0
120.0 48.0 20.0 10.0
134.0 92.0 20.0 10.0
128.0 115.0 20.0 10.0
102.0 59.0 20.0 10.0
67.0 72.0 20.0 10.0
45.0 150.0 20.0 10.0
112.0 150.0 20.0 10.0
111.0 102.0 20.0 10.0
133.0 84.0 20.0 10.0
111.0 110.0 20.0 10.0
122.0 100.0 20.0 10.0
131.0 150.0 20.0 10.0
97.0 104.0 20.0 10.0
53.0 116.0 20.0 10.0
108.0 116.0 20.0 10.0
86.0 118.0 20.0 10.0
95.0 87.0 20.0 10.0
160.0 95.0 20.0 10.0
76.0 95.0 20.0 10.0
105.0 108.0 20.0 10.0
137.0 77.0 20.0 10.0
91.0 123.0 20.0 10.0
116.0 103.0 20.0 10.0
104.0 114.0 20.0 10.0
44.0 110.0 20.0 10.0
143.0 93.0 20.0 10.0
129.0 137.0 20.0 10.0
140.0 111.0 20.0 10.0
131.0 99.0 20.0 10.0
141.0 70.0 20.0 10.0
102.0 46.0 20.0 10.0
117.0 91.0 20.0 10.0
77.0 167.0 20.0 10.0
51.0 51.0 20.0 10.0
136.0 75.0 20.0 10.0
47.0 98.0 20.0 10.0
142.0 61.0 20.0 10.0
152.0 72.0 20.0 10.0
128.0 79.0 20.0 10.0
127.0 60.0 20.0 10.0
94.0999984741211 92.0 20.0 10.0
104.0 56.0 20.0 10.0
88.0 141.0 20.0 10.0
98.0 114.0 20.0 10.0
113.0 127.0 20.0 10.0
63.0 99.0 20.0 10.0
154.0 140.0 20.0 10.0
119.0 81.0 20.0 10.0
116.0 26.0 20.0 10.0
71.0 80.0 20.0 10.0
114.0 60.0 20.0 10.0
121.0 106.0 20.0 10.0
79.0 121.0 20.0 10.0
64.0 76.0 20.0 10.0
126.0 57.0 20.0 10.0
100.0 101.0 20.0 10.0
181.0 106.0 20.0 10.0
101.0 88.0 20.0 10.0
90.0 119.0 20.0 10.0
177.0 74.0 20.0 10.0
93.0 98.0 20.0 10.0
73.0 75.0 20.0 10.0
126.0 124.0 20.0 10.0
120.0 149.0 20.0 10.0
114.0 72.0 20.0 10.0
155.0 128.0 20.0 10.0
124.0 41.0 20.0 10.0
70.0 119.0 20.0 10.0
90.0 148.0 20.0 10.0
90.0 81.0 20.0 10.0
64.0 106.0 20.0 10.0
99.0 123.0 20.0 10.0
109.0 136.0 20.0 10.0
148.0 94.0 20.0 10.0
146.0 106.0 20.0 10.0
116.0 93.0 20.0 10.0
96.0 92.0 20.0 10.0
131.0 122.0 20.0 10.0
107.0 85.0 20.0 10.0
85.0 108.0 20.0 10.0
110.0 83.0 20.0 10.0
89.0 131.0 20.0 10.0
106.0 75.0 20.0 10.0
53.0 130.0 20.0 10.0
105.0 106.0 20.0 10.0
151.0 124.0 20.0 10.0
83.0 95.0 20.0 10.0
125.0 68.0 20.0 10.0
163.0 112.0 20.0 10.0
66.0 110.0 20.0 10.0
154.0 115.0 20.0 10.0
74.0 100.0 20.0 10.0
132.0 120.0 20.0 10.0
102.0 65.0 20.0 10.0
117.0 100.0 20.0 10.0
151.0 94.0 20.0 10.0
106.0 115.0 20.0 10.0
60.0 83.0 20.0 10.0
114.0 104.0 20.0 10.0
142.0 116.0 20.0 10.0
98.0 68.0 20.0 10.0
127.0 65.0 20.0 10.0
117.0 109.0 20.0 10.0
125.0 143.0 20.0 10.0
101.0 96.0 20.0 10.0
54.0 102.0 20.0 10.0
116.0 117.0 20.0 10.0
85.0 115.0 20.0 10.0
129.0 82.0 20.0 10.0
139.0 79.0 20.0 10.0
102.0 130.0 20.0 10.0
75.0 126.0 20.0 10.0
101.0 113.0 20.0 10.0
118.0 138.0 20.0 10.0
134.0 94.0 20.0 10.0
156.0 109.0 20.0 10.0
76.0 84.0 20.0 10.0
136.0 82.0 20.0 10.0
72.0 95.0 20.0 10.0
90.0 103.0 20.0 10.0
76.0 149.0 20.0 10.0
144.0 130.0 20.0 10.0
123.0 103.0 20.0 10.0
114.0 134.0 20.0 10.0
62.0 86.0 20.0 10.0
152.0 90.0 20.0 10.0
96.0 154.0 20.0 10.0
94.0 45.0 20.0 10.0
137.0 96.0 20.0 10.0
131.0 167.0 20.0 10.0
139.0 116.0 20.0 10.0
122.0 138.0 20.0 10.0
56.0 134.0 20.0 10.0
126.0 86.0 20.0 10.0
75.0 111.0 20.0 10.0
130.0 81.0 20.0 10.0
98.0 93.0 20.0 10.0
153.0 98.0 20.0 10.0
97.0 98.0 20.0 10.0
93.0 71.0 20.0 10.0
98.0 64.0 20.0 10.0
113.0 52.0 20.0 10.0
173.0 87.0 20.0 10.0
85.0 138.0 20.0 10.0
159.0 131.0 20.0 10.0
126.0 111.0 20.0 10.0
157.0 65.0 20.0 10.0
100.0 150.0 20.0 10.0
156.0 149.0 20.0 10.0
105.0 138.0 20.0 10.0
56.0 118.0 20.0 10.0
153.0 107.0 20.0 10.0
170.0 129.0 20.0 10.0
114.0 94.0 20.0 10.0
119.0 143.0 20.0 10.0
117.0 78.0 20.0 10.0
146.0 55.0 20.0 10.0
162.0 134.0 20.0 10.0
139.0 99.0 20.0 10.0
131.0 77.0 20.0 10.0
99.0 93.0 20.0 10.0
108.0 103.0 20.0 10.0
106.0 73.0 20.0 10.0
108.0 89.0 20.0 10.0
105.0 135.0 20.0 10.0
116.0 111.0 20.0 10.0
125.0 113.0 20.0 10.0
60.0 93.0 20.0 10.0
171.0 119.0 20.0 10.0
127.0 105.0 20.0 10.0
126.0 150.0 20.0 10.0
86.0 125.0 20.0 10.0
90.0 57.0 20.0 10.0
149.0 110.0 20.0 10.0
126.0 107.0 20.0 10.0
63.0 119.0 20.0 10.0
75.0 97.0 20.0 10.0
97.0 107.0 20.0 10.0
129.0 103.0 20.0 10.0
106.0 101.0 20.0 10.0
91.0 157.0 20.0 10.0
138.0 81.0 20.0 10.0
119.0 110.0 20.0 10.0
122.0 152.0 20.0 10.0
83.0 62.0 20.0 10.0
158.0 94.0 20.0 10.0
134.0 99.0 20.0 10.0
156.0 119.0 20.0 10.0
102.0 123.0 20.0 10.0
150.0 77.0 20.0 10.0
123.0 84.0 20.0 10.0
138.0 124.0 20.0 10.0
127.0 101.0 20.0 10.0
116.0 34.0 20.0 10.0
71.0 112.0 20.0 10.0
60.0 76.0 20.0 10.0
127.0 104.0 20.0 10.0
84.0 94.0 20.0 10.0
114.0 91.0 20.0 10.0
138.0 87.0 20.0 10.0
147.0 129.0 20.0 10.0
133.0 105.0 20.0 10.0
71.0 156.0 20.0 10.0
111.0 52.0 20.0 10.0
87.0 86.0 20.0 10.0
83.0 65.0 20.0 10.0
107.0 95.0 20.0 10.0
144.0 134.0 20.0 10.0
156.0 123.0 20.0 10.0
141.0 80.0 20.0 10.0
79.0 126.0 20.0 10.0
142.0 68.0 20.0 10.0
137.0 104.0 20.0 10.0
135.0 114.0 20.0 10.0
126.0 99.0 20.0 10.0
115.0 67.0 20.0 10.0
84.0 79.0 20.0 10.0
73.0 104.0 20.0 10.0
110.0 105.0 20.0 10.0
78.0 72.0 20.0 10.0
115.0 147.0 20.0 10.0
53.0 140.0 20.0 10.0
160.0 141.0 20.0 10.0
139.0 72.0 20.0 10.0
83.0 124.0 20.0 10.0
116.0 166.0 20.0 10.0
98.0 180.0 20.0 10.0
138.0 63.0 20.0 10.0
94.0 116.0 20.0 10.0
62.0 105.0 20.0 10.0
98.0 107.0 20.0 10.0
123.0 132.0 20.0 10.0
122.0 149.0 20.0 10.0
105.0 139.0 20.0 10.0
85.0 134.0 20.0 10.0
136.0 111.0 20.0 10.0
107.0 91.0 20.0 10.0
114.0 116.0 20.0 10.0
73.0 120.0 20.0 10.0
80.0 138.0 20.0 10.0
115.0 76.0 20.0 10.0
92.0 68.0 20.0 10.0
112.0 93.0 20.0 10.0
113.0 161.0 20.0 10.0
157.0 62.0 20.0 10.0
75.0 66.0 20.0 10.0
108.0 130.0 20.0 10.0
63.0 124.0 20.0 10.0
77.0 91.0 20.0 10.0
95.0 84.0 20.0 10.0
100.0 91.0 20.0 10.0
105.0 93.0 20.0 10.0
128.0 75.0 20.0 10.0
128.0 73.0 20.0 10.0
118.0 96.0 20.0 10.0
96.0 109.0 20.0 10.0
81.0 113.0 20.0 10.0
81.0 91.0 20.0 10.0
85.0 83.0 20.0 10.0
83.0 121.0 20.0 10.0
110.0 92.0 20.0 10.0
91.0 54.0 20.0 10.0
129.0 94.0 20.0 10.0
72.0 109.0 20.0 10.0
81.0 109.0 20.0 10.0
87.0 115.0 20.0 10.0
82.0 89.0 20.0 10.0
169.0 100.0 20.0 10.0
91.0 58.0 20.0 10.0
148.0 140.0 20.0 10.0
133.0 151.0 20.0 10.0
108.0 140.0 20.0 10.0
84.0 100.0 20.0 10.0
156.0 105.0 20.0 10.0
131.0 145.0 20.0 10.0
112.0 155.0 20.0 10.0
97.0 56.0 20.0 10.0
135.0 123.0 20.0 10.0
143.0 160.0 20.0 10.0
109.0 76.0 20.0 10.0
160.0 105.0 20.0 10.0
146.0 92.0 20.0 10.0
73.0 110.0 20.0 10.0
162.0 118.0 20.0 10.0
157.0 86.0 20.0 10.0
82.0 162.0 20.0 10.0
120.0 113.0 20.0 10.0
91.0 117.0 20.0 10.0
92.0 119.0 20.0 10.0
83.0 118.0 20.0 10.0
87.0 153.0 20.0 10.0
51.0 71.0 20.0 10.0
115.0 136.0 20.0 10.0
50.0 140.0 20.0 10.0
138.0 74.0 20.0 10.0
93.0 51.0 20.0 10.0
164.0 116.0 20.0 10.0
94.0 88.0 20.0 10.0
96.0 85.0 20.0 10.0
110.0 128.0 20.0 10.0
121.0 91.0 20.0 10.0
87.0 66.0 20.0 10.0
75.0 137.0 20.0 10.0
137.0 162.0 20.0 10.0
76.0 93.0 20.0 10.0
103.0 167.0 20.0 10.0
126.0 126.0 20.0 10.0
61.0 147.0 20.0 10.0
97.0 129.0 20.0 10.0
50.0 118.0 20.0 10.0
143.0 96.0 20.0 10.0
62.0 76.0 20.0 10.0
111.0 138.0 20.0 10.0
114.0 65.0 20.0 10.0
76.0 74.0 20.0 10.0
107.0 157.0 20.0 10.0
154.0 80.0 20.0 10.0
60.0 149.0 20.0 10.0
93.0 114.0 20.0 10.0
133.0 129.0 20.0 10.0
189.0 126.0 20.0 10.0
114.0 95.0 20.0 10.0
89.0 74.0 20.0 10.0
65.0 93.0 20.0 10.0
127.0 129.0 20.0 10.0
80.0 145.0 20.0 10.0
87.0 100.0 20.0 10.0
100.0 132.0 20.0 10.0
129.0 89.0 20.0 10.0
63.0 101.0 20.0 10.0
130.0 96.0 20.0 10.0
84.0 72.0 20.0 10.0
122.0 94.0 20.0 10.0
100.0 135.0 20.0 10.0
81.0 104.0 20.0 10.0
148.0 86.0 20.0 10.0
114.0 125.0 20.0 10.0
152.0 110.0 20.0 10.0
150.0 103.0 20.0 10.0
114.0 128.0 20.0 10.0
150.0 97.0 20.0 10.0
142.0 128.0 20.0 10.0
156.0 87.0 20.0 10.0
118.0 92.0 20.0 10.0
153.0 155.0 20.0 10.0
87.0 109.0 20.0 10.0
144.0 61.0 20.0 10.0
128.0 153.0 20.0 10.0
100.0 79.0 20.0 10.0
136.0 105.0 20.0 10.0
83.0 109.0 20.0 10.0
97.0 95.0 20.0 10.0
131.0 76.0 20.0 10.0
181.0 111.0 20.0 10.0
83.0 98.0 20.0 10.0
