1000
554.0 657.0 20.0 10.0
549.0 556.0 20.0 10.0
608.0 500.0 20.0 10.0
666.0 468.0 20.0 10.0
570.0 420.0 20.0 10.0
435.0 522.0 20.0 10.0
327.0 495.0 20.0 10.0
267.0 469.0 20.0 10.0
471.0 649.0 20.0 10.0
506.0 568.0 20.0 10.0
677.0 479.0 20.0 10.0
532.0 346.0 20.0 10.0
447.0 684.0 20.0 10.0
742.0 357.0 20.0 10.0
657.0 559.0 20.0 10.0
502.0 311.0 20.0 10.0
405.0 729.0 20.0 10.0
558.0 756.0 20.0 10.0
420.0 671.0 20.0 10.0
420.0 491.0 20.0 10.0
766.0 301.0 20.0 10.0
341.0 805.0 20.0 10.0
648.0 444.0 20.0 10.0
666.0 580.0 20.0 10.0
791.0 336.0 20.0 10.0
761.0 267.0 20.0 10.0
379.0 765.0 20.0 10.0
818.0 299.0 20.0 10.0
789.0 290.0 20.0 10.0
504.0 281.0 20.0 10.0
786.0 262.0 20.0 10.0
757.0 535.0 20.0 10.0
293.0 834.0 20.0 10.0
428.0 685.0 20.0 10.0
379.0 693.0 20.0 10.0
478.0 580.0 20.0 10.0
552.0 808.0 20.0 10.0
551.0 856.0 20.0 10.0
530.0 564.0 20.0 10.0
846.0 282.0 20.0 10.0
732.0 474.0 20.0 10.0
558.0 890.0 20.0 10.0
252.0 859.0 20.0 10.0
780.0 194.0 20.0 10.0
572.0 610.0 20.0 10.0
729.0 451.0 20.0 10.0
577.0 796.0 20.0 10.0
330.0 848.0 20.0 10.0
589.0 833.0 20.0 10.0
797.0 591.0 20.0 10.0
307.0 855.0 20.0 10.0
475.0 230.0 20.0 10.0
542.0 528.0 20.0 10.0
524.0 319.0 20.0 10.0
472.0 567.0 20.0 10.0
275.0 501.0 20.0 10.0
771.0 210.0 20.0 10.0
862.0 247.0 20.0 10.0
817.0 236.0 20.0 10.0
541.0 535.0 20.0 10.0
579.0 384.0 20.0 10.0
477.0 278.0 20.0 10.0
694.0 619.0 20.0 10.0
814.0 564.0 20.0 10.0
801.0 545.0 20.0 10.0
321.0 852.0 20.0 10.0
564.0 836.0 20.0 10.0
590.0 621.0 20.0 10.0
214.0 879.0 20.0 10.0
400.0 700.0 20.0 10.0
285.0 476.0 20.0 10.0
773.0 270.0 20.0 10.0
229.0 428.0 20.0 10.0
296.0 501.0 20.0 10.0
772.0 433.0 20.0 10.0
779.0 474.0 20.0 10.0
827.0 582.0 20.0 10.0
786.0 226.0 20.0 10.0
828.0 548.0 20.0 10.0
768.0 220.0 20.0 10.0
243.0 489.0 20.0 10.0
242.0 474.0 20.0 10.0
867.0 586.0 20.0 10.0
565.0 795.0 20.0 10.0
572.0 398.0 20.0 10.0
875.0 267.0 20.0 10.0
287.0 883.0 20.0 10.0
229.0 469.0 20.0 10.0
419.0 693.0 20.0 10.0
906.0 606.0 20.0 10.0
762.0 425.0 20.0 10.0
808.0 315.0 20.0 10.0
738.0 325.0 20.0 10.0
496.0 233.0 20.0 10.0
433.0 722.0 20.0 10.0
488.0 194.0 20.0 10.0
834.0 648.0 20.0 10.0
900.0 199.0 20.0 10.0
181.0 462.0 20.0 10.0
289.0 495.0 20.0 10.0
453.0 185.0 20.0 10.0
731.0 675.0 20.0 10.0
683.0 554.0 20.0 10.0
778.0 316.0 20.0 10.0
766.0 726.0 20.0 10.0
184.0 455.0 20.0 10.0
143.0 448.0 20.0 10.0
595.0 658.0 20.0 10.0
526.0 509.0 20.0 10.0
854.0 682.0 20.0 10.0
945.0 623.0 20.0 10.0
276.0 902.0 20.0 10.0
456.0 247.0 20.0 10.0
253.0 929.0 20.0 10.0
219.0 402.0 20.0 10.0
821.0 471.0 20.0 10.0
901.0 247.0 20.0 10.0
739.0 294.0 20.0 10.0
448.0 591.0 20.0 10.0
230.0 515.0 20.0 10.0
437.0 568.0 20.0 10.0
322.0 886.0 20.0 10.0
231.0 879.0 20.0 10.0
797.0 270.0 20.0 10.0
801.0 132.0 20.0 10.0
811.0 427.0 20.0 10.0
467.0 695.0 20.0 10.0
819.0 88.0 20.0 10.0
145.0 465.0 20.0 10.0
397.0 506.0 20.0 10.0
867.0 697.0 20.0 10.0
251.0 482.0 20.0 10.0
643.0 385.0 20.0 10.0
849.0 468.0 20.0 10.0
760.0 482.0 20.0 10.0
574.0 908.0 20.0 10.0
748.0 469.0 20.0 10.0
815.0 95.0 20.0 10.0
760.0 444.0 20.0 10.0
303.0 898.0 20.0 10.0
556.0 692.0 20.0 10.0
611.0 679.0 20.0 10.0
205.0 461.0 20.0 10.0
890.0 625.0 20.0 10.0
575.0 358.0 20.0 10.0
689.0 586.0 20.0 10.0
692.0 561.0 20.0 10.0
579.0 961.0 20.0 10.0
484.0 589.0 20.0 10.0
197.0 398.0 20.0 10.0
846.0 218.0 20.0 10.0
837.0 320.0 20.0 10.0
833.0 262.0 20.0 10.0
806.0 422.0 20.0 10.0
762.0 279.0 20.0 10.0
219.0 901.0 20.0 10.0
618.0 704.0 20.0 10.0
786.0 490.0 20.0 10.0
720.0 555.0 20.0 10.0
916.0 176.0 20.0 10.0
388.0 499.0 20.0 10.0
228.0 502.0 20.0 10.0
544.0 797.0 20.0 10.0
780.0 243.0 20.0 10.0
394.0 691.0 20.0 10.0
270.0 482.0 20.0 10.0
464.0 731.0 20.0 10.0
567.0 920.0 20.0 10.0
795.0 404.0 20.0 10.0
581.0 1004.0 20.0 10.0
489.0 248.0 20.0 10.0
424.0 756.0 20.0 10.0
797.0 768.0 20.0 10.0
618.0 305.0 20.0 10.0
546.0 506.0 20.0 10.0
752.0 464.0 20.0 10.0
405.0 716.0 20.0 10.0
841.0 553.0 20.0 10.0
613.0 619.0 20.0 10.0
169.0 375.0 20.0 10.0
489.0 543.0 20.0 10.0
411.0 781.0 20.0 10.0
209.0 401.0 20.0 10.0
681.0 447.0 20.0 10.0
837.0 424.0 20.0 10.0
202.0 468.0 20.0 10.0
772.0 753.0 20.0 10.0
827.0 394.0 20.0 10.0
809.0 281.0 20.0 10.0
182.0 893.0 20.0 10.0
638.0 734.0 20.0 10.0
947.0 666.0 20.0 10.0
397.0 710.0 20.0 10.0
547.0 580.0 20.0 10.0
410.0 467.0 20.0 10.0
984.0 690.0 20.0 10.0
389.0 476.0 20.0 10.0
253.0 942.0 20.0 10.0
385.0 743.0 20.0 10.0
214.0 466.0 20.0 10.0
832.0 247.0 20.0 10.0
625.0 425.0 20.0 10.0
291.0 929.0 20.0 10.0
852.0 214.0 20.0 10.0
597.0 863.0 20.0 10.0
578.0 990.0 20.0 10.0
974.0 629.0 20.0 10.0
786.0 156.0 20.0 10.0
376.0 466.0 20.0 10.0
555.0 600.0 20.0 10.0
256.0 463.0 20.0 10.0
406.0 709.0 20.0 10.0
782.0 763.0 20.0 10.0
538.0 318.0 20.0 10.0
679.0 568.0 20.0 10.0
455.0 732.0 20.0 10.0
581.0 994.0 20.0 10.0
373.0 736.0 20.0 10.0
760.0 467.0 20.0 10.0
757.0 339.0 20.0 10.0
115.0 470.0 20.0 10.0
783.0 204.0 20.0 10.0
763.0 186.0 20.0 10.0
977.0 638.0 20.0 10.0
876.0 560.0 20.0 10.0
313.0 908.0 20.0 10.0
529.0 548.0 20.0 10.0
693.0 461.0 20.0 10.0
462.0 255.0 20.0 10.0
734.0 265.0 20.0 10.0
554.0 611.0 20.0 10.0
436.0 149.0 20.0 10.0
466.0 681.0 20.0 10.0
786.0 125.0 20.0 10.0
535.0 890.0 20.0 10.0
385.0 451.0 20.0 10.0
605.0 263.0 20.0 10.0
784.0 189.0 20.0 10.0
310.0 916.0 20.0 10.0
235.0 978.0 20.0 10.0
823.0 808.0 20.0 10.0
147.0 360.0 20.0 10.0
919.0 182.0 20.0 10.0
794.0 196.0 20.0 10.0
458.0 671.0 20.0 10.0
722.0 608.0 20.0 10.0
748.0 607.0 20.0 10.0
868.0 256.0 20.0 10.0
346.0 714.0 20.0 10.0
175.0 379.0 20.0 10.0
630.0 742.0 20.0 10.0
190.0 521.0 20.0 10.0
444.0 701.0 20.0 10.0
742.0 633.0 20.0 10.0
460.0 596.0 20.0 10.0
127.0 451.0 20.0 10.0
987.0 699.0 20.0 10.0
286.0 937.0 20.0 10.0
589.0 353.0 20.0 10.0
893.0 230.0 20.0 10.0
227.0 483.0 20.0 10.0
197.0 905.0 20.0 10.0
294.0 848.0 20.0 10.0
918.0 634.0 20.0 10.0
406.0 573.0 20.0 10.0
356.0 498.0 20.0 10.0
571.0 552.0 20.0 10.0
812.0 122.0 20.0 10.0
419.0 601.0 20.0 10.0
823.0 835.0 20.0 10.0
809.0 95.0 20.0 10.0
555.0 881.0 20.0 10.0
219.0 1009.0 20.0 10.0
785.0 411.0 20.0 10.0
857.0 388.0 20.0 10.0
471.0 554.0 20.0 10.0
466.0 709.0 20.0 10.0
433.0 750.0 20.0 10.0
868.0 711.0 20.0 10.0
572.0 830.0 20.0 10.0
897.0 732.0 20.0 10.0
586.0 1032.0 20.0 10.0
222.0 465.0 20.0 10.0
909.0 595.0 20.0 10.0
564.0 718.0 20.0 10.0
388.0 739.0 20.0 10.0
298.0 490.0 20.0 10.0
736.0 305.0 20.0 10.0
562.0 945.0 20.0 10.0
175.0 444.0 20.0 10.0
476.0 521.0 20.0 10.0
450.0 201.0 20.0 10.0
555.0 721.0 20.0 10.0
798.0 786.0 20.0 10.0
794.0 160.0 20.0 10.0
598.0 332.0 20.0 10.0
150.0 448.0 20.0 10.0
575.0 332.0 20.0 10.0
252.0 885.0 20.0 10.0
137.0 432.0 20.0 10.0
205.0 443.0 20.0 10.0
232.0 951.0 20.0 10.0
369.0 501.0 20.0 10.0
815.0 102.0 20.0 10.0
936.0 604.0 20.0 10.0
451.0 752.0 20.0 10.0
969.0 680.0 20.0 10.0
231.0 458.0 20.0 10.0
109.0 454.0 20.0 10.0
751.0 621.0 20.0 10.0
911.0 217.0 20.0 10.0
821.0 609.0 20.0 10.0
942.0 604.0 20.0 10.0
352.0 513.0 20.0 10.0
426.0 588.0 20.0 10.0
84.0 450.0 20.0 10.0
448.0 152.0 20.0 10.0
625.0 732.0 20.0 10.0
803.0 283.0 20.0 10.0
470.0 255.0 20.0 10.0
272.0 856.0 20.0 10.0
1016.0 727.0 20.0 10.0
586.0 944.0 20.0 10.0
218.0 921.0 20.0 10.0
802.0 810.0 20.0 10.0
908.0 758.0 20.0 10.0
835.0 97.0 20.0 10.0
245.0 855.0 20.0 10.0
440.0 614.0 20.0 10.0
525.0 312.0 20.0 10.0
586.0 231.0 20.0 10.0
228.0 495.0 20.0 10.0
356.0 448.0 20.0 10.0
863.0 612.0 20.0 10.0
577.0 638.0 20.0 10.0
595.0 233.0 20.0 10.0
822.0 331.0 20.0 10.0
503.0 594.0 20.0 10.0
791.0 252.0 20.0 10.0
814.0 479.0 20.0 10.0
547.0 923.0 20.0 10.0
238.0 441.0 20.0 10.0
317.0 727.0 20.0 10.0
791.0 98.0 20.0 10.0
125.0 355.0 20.0 10.0
368.0 442.0 20.0 10.0
815.0 320.0 20.0 10.0
377.0 489.0 20.0 10.0
628.0 697.0 20.0 10.0
869.0 318.0 20.0 10.0
795.0 417.0 20.0 10.0
863.0 307.0 20.0 10.0
362.0 467.0 20.0 10.0
567.0 538.0 20.0 10.0
773.0 636.0 20.0 10.0
277.0 957.0 20.0 10.0
839.0 592.0 20.0 10.0
859.0 257.0 20.0 10.0
115.0 436.0 20.0 10.0
415.0 578.0 20.0 10.0
631.0 435.0 20.0 10.0
855.0 596.0 20.0 10.0
303.0 468.0 20.0 10.0
578.0 659.0 20.0 10.0
409.0 525.0 20.0 10.0
625.0 398.0 20.0 10.0
834.0 54.0 20.0 10.0
299.0 748.0 20.0 10.0
929.0 170.0 20.0 10.0
973.0 691.0 20.0 10.0
922.0 172.0 20.0 10.0
325.0 875.0 20.0 10.0
920.0 241.0 20.0 10.0
155.0 522.0 20.0 10.0
267.0 445.0 20.0 10.0
850.0 830.0 20.0 10.0
857.0 245.0 20.0 10.0
588.0 188.0 20.0 10.0
193.0 948.0 20.0 10.0
1020.0 713.0 20.0 10.0
459.0 697.0 20.0 10.0
830.0 52.0 20.0 10.0
757.0 648.0 20.0 10.0
294.0 734.0 20.0 10.0
818.0 253.0 20.0 10.0
590.0 205.0 20.0 10.0
373.0 517.0 20.0 10.0
269.0 874.0 20.0 10.0
563.0 594.0 20.0 10.0
553.0 911.0 20.0 10.0
449.0 564.0 20.0 10.0
414.0 618.0 20.0 10.0
610.0 887.0 20.0 10.0
831.0 839.0 20.0 10.0
782.0 461.0 20.0 10.0
919.0 752.0 20.0 10.0
977.0 684.0 20.0 10.0
565.0 390.0 20.0 10.0
496.0 200.0 20.0 10.0
765.0 465.0 20.0 10.0
175.0 922.0 20.0 10.0
343.0 439.0 20.0 10.0
858.0 300.0 20.0 10.0
775.0 618.0 20.0 10.0
111.0 418.0 20.0 10.0
318.0 529.0 20.0 10.0
423.0 747.0 20.0 10.0
666.0 432.0 20.0 10.0
839.0 580.0 20.0 10.0
285.0 446.0 20.0 10.0
444.0 756.0 20.0 10.0
604.0 609.0 20.0 10.0
712.0 645.0 20.0 10.0
350.0 531.0 20.0 10.0
835.0 210.0 20.0 10.0
373.0 708.0 20.0 10.0
778.0 327.0 20.0 10.0
538.0 830.0 20.0 10.0
571.0 180.0 20.0 10.0
1006.0 696.0 20.0 10.0
704.0 474.0 20.0 10.0
776.0 401.0 20.0 10.0
392.0 605.0 20.0 10.0
347.0 489.0 20.0 10.0
946.0 182.0 20.0 10.0
461.0 607.0 20.0 10.0
951.0 145.0 20.0 10.0
880.0 232.0 20.0 10.0
458.0 579.0 20.0 10.0
783.0 231.0 20.0 10.0
171.0 971.0 20.0 10.0
887.0 730.0 20.0 10.0
759.0 262.0 20.0 10.0
189.0 383.0 20.0 10.0
770.0 189.0 20.0 10.0
851.0 74.0 20.0 10.0
255.0 418.0 20.0 10.0
156.0 910.0 20.0 10.0
592.0 677.0 20.0 10.0
977.0 148.0 20.0 10.0
851.0 326.0 20.0 10.0
502.0 612.0 20.0 10.0
595.0 818.0 20.0 10.0
349.0 426.0 20.0 10.0
392.0 673.0 20.0 10.0
652.0 764.0 20.0 10.0
247.0 424.0 20.0 10.0
892.0 578.0 20.0 10.0
350.0 750.0 20.0 10.0
266.0 433.0 20.0 10.0
585.0 1058.0 20.0 10.0
700.0 545.0 20.0 10.0
541.0 512.0 20.0 10.0
202.0 411.0 20.0 10.0
169.0 472.0 20.0 10.0
429.0 160.0 20.0 10.0
421.0 121.0 20.0 10.0
1047.0 731.0 20.0 10.0
894.0 642.0 20.0 10.0
679.0 547.0 20.0 10.0
957.0 217.0 20.0 10.0
197.0 492.0 20.0 10.0
600.0 417.0 20.0 10.0
790.0 794.0 20.0 10.0
800.0 459.0 20.0 10.0
871.0 307.0 20.0 10.0
471.0 755.0 20.0 10.0
639.0 354.0 20.0 10.0
902.0 572.0 20.0 10.0
531.0 827.0 20.0 10.0
108.0 411.0 20.0 10.0
583.0 560.0 20.0 10.0
919.0 644.0 20.0 10.0
656.0 453.0 20.0 10.0
193.0 893.0 20.0 10.0
508.0 334.0 20.0 10.0
589.0 864.0 20.0 10.0
363.0 792.0 20.0 10.0
533.0 506.0 20.0 10.0
552.0 152.0 20.0 10.0
785.0 116.0 20.0 10.0
981.0 198.0 20.0 10.0
806.0 135.0 20.0 10.0
786.0 746.0 20.0 10.0
544.0 837.0 20.0 10.0
554.0 142.0 20.0 10.0
744.0 300.0 20.0 10.0
755.0 230.0 20.0 10.0
580.0 152.0 20.0 10.0
866.0 313.0 20.0 10.0
645.0 328.0 20.0 10.0
444.0 763.0 20.0 10.0
807.0 172.0 20.0 10.0
812.0 64.0 20.0 10.0
858.0 607.0 20.0 10.0
830.0 74.0 20.0 10.0
994.0 126.0 20.0 10.0
782.0 431.0 20.0 10.0
912.0 669.0 20.0 10.0
446.0 725.0 20.0 10.0
190.0 947.0 20.0 10.0
857.0 857.0 20.0 10.0
888.0 736.0 20.0 10.0
908.0 247.0 20.0 10.0
986.0 194.0 20.0 10.0
57.0 438.0 20.0 10.0
230.0 912.0 20.0 10.0
414.0 558.0 20.0 10.0
225.0 868.0 20.0 10.0
580.0 408.0 20.0 10.0
381.0 581.0 20.0 10.0
401.0 479.0 20.0 10.0
534.0 917.0 20.0 10.0
564.0 883.0 20.0 10.0
387.0 681.0 20.0 10.0
783.0 542.0 20.0 10.0
556.0 784.0 20.0 10.0
608.0 693.0 20.0 10.0
180.0 395.0 20.0 10.0
869.0 187.0 20.0 10.0
206.0 888.0 20.0 10.0
570.0 680.0 20.0 10.0
476.0 733.0 20.0 10.0
465.0 205.0 20.0 10.0
968.0 617.0 20.0 10.0
322.0 419.0 20.0 10.0
715.0 457.0 20.0 10.0
577.0 1037.0 20.0 10.0
370.0 765.0 20.0 10.0
448.0 659.0 20.0 10.0
334.0 493.0 20.0 10.0
613.0 402.0 20.0 10.0
467.0 539.0 20.0 10.0
491.0 283.0 20.0 10.0
493.0 171.0 20.0 10.0
140.0 932.0 20.0 10.0
1032.0 697.0 20.0 10.0
81.0 461.0 20.0 10.0
170.0 383.0 20.0 10.0
550.0 491.0 20.0 10.0
58.0 461.0 20.0 10.0
414.0 101.0 20.0 10.0
460.0 722.0 20.0 10.0
553.0 368.0 20.0 10.0
101.0 418.0 20.0 10.0
818.0 788.0 20.0 10.0
743.0 567.0 20.0 10.0
760.0 238.0 20.0 10.0
173.0 462.0 20.0 10.0
862.0 568.0 20.0 10.0
473.0 172.0 20.0 10.0
857.0 620.0 20.0 10.0
289.0 532.0 20.0 10.0
786.0 88.0 20.0 10.0
850.0 674.0 20.0 10.0
704.0 609.0 20.0 10.0
749.0 236.0 20.0 10.0
570.0 859.0 20.0 10.0
699.0 473.0 20.0 10.0
543.0 959.0 20.0 10.0
453.0 717.0 20.0 10.0
195.0 481.0 20.0 10.0
599.0 885.0 20.0 10.0
820.0 262.0 20.0 10.0
854.0 459.0 20.0 10.0
561.0 517.0 20.0 10.0
156.0 451.0 20.0 10.0
434.0 225.0 20.0 10.0
587.0 200.0 20.0 10.0
486.0 569.0 20.0 10.0
529.0 324.0 20.0 10.0
408.0 144.0 20.0 10.0
302.0 478.0 20.0 10.0
893.0 599.0 20.0 10.0
163.0 530.0 20.0 10.0
527.0 577.0 20.0 10.0
197.0 500.0 20.0 10.0
598.0 325.0 20.0 10.0
762.0 653.0 20.0 10.0
627.0 759.0 20.0 10.0
484.0 148.0 20.0 10.0
591.0 409.0 20.0 10.0
780.0 159.0 20.0 10.0
884.0 627.0 20.0 10.0
553.0 147.0 20.0 10.0
716.0 561.0 20.0 10.0
609.0 384.0 20.0 10.0
826.0 97.0 20.0 10.0
567.0 208.0 20.0 10.0
422.0 708.0 20.0 10.0
734.0 426.0 20.0 10.0
868.0 846.0 20.0 10.0
253.0 922.0 20.0 10.0
785.0 82.0 20.0 10.0
925.0 583.0 20.0 10.0
556.0 395.0 20.0 10.0
918.0 761.0 20.0 10.0
529.0 858.0 20.0 10.0
515.0 560.0 20.0 10.0
270.0 515.0 20.0 10.0
429.0 120.0 20.0 10.0
603.0 234.0 20.0 10.0
577.0 947.0 20.0 10.0
525.0 912.0 20.0 10.0
900.0 668.0 20.0 10.0
642.0 775.0 20.0 10.0
544.0 119.0 20.0 10.0
570.0 739.0 20.0 10.0
165.0 972.0 20.0 10.0
461.0 759.0 20.0 10.0
545.0 989.0 20.0 10.0
392.0 731.0 20.0 10.0
528.0 851.0 20.0 10.0
472.0 166.0 20.0 10.0
939.0 596.0 20.0 10.0
912.0 769.0 20.0 10.0
570.0 975.0 20.0 10.0
581.0 937.0 20.0 10.0
212.0 409.0 20.0 10.0
464.0 579.0 20.0 10.0
903.0 641.0 20.0 10.0
52.0 448.0 20.0 10.0
141.0 472.0 20.0 10.0
790.0 471.0 20.0 10.0
486.0 627.0 20.0 10.0
268.0 901.0 20.0 10.0
940.0 149.0 20.0 10.0
1006.0 642.0 20.0 10.0
203.0 525.0 20.0 10.0
479.0 566.0 20.0 10.0
722.0 626.0 20.0 10.0
1046.0 718.0 20.0 10.0
271.0 961.0 20.0 10.0
290.0 448.0 20.0 10.0
87.0 435.0 20.0 10.0
512.0 291.0 20.0 10.0
745.0 561.0 20.0 10.0
813.0 388.0 20.0 10.0
927.0 164.0 20.0 10.0
576.0 940.0 20.0 10.0
794.0 763.0 20.0 10.0
577.0 904.0 20.0 10.0
165.0 490.0 20.0 10.0
895.0 568.0 20.0 10.0
557.0 822.0 20.0 10.0
127.0 345.0 20.0 10.0
838.0 25.0 20.0 10.0
453.0 237.0 20.0 10.0
520.0 283.0 20.0 10.0
487.0 219.0 20.0 10.0
202.0 493.0 20.0 10.0
613.0 429.0 20.0 10.0
530.0 819.0 20.0 10.0
252.0 895.0 20.0 10.0
739.0 643.0 20.0 10.0
52.0 423.0 20.0 10.0
603.0 238.0 20.0 10.0
1043.0 747.0 20.0 10.0
1011.0 712.0 20.0 10.0
942.0 204.0 20.0 10.0
554.0 836.0 20.0 10.0
371.0 724.0 20.0 10.0
267.0 968.0 20.0 10.0
960.0 616.0 20.0 10.0
139.0 492.0 20.0 10.0
511.0 326.0 20.0 10.0
820.0 412.0 20.0 10.0
998.0 120.0 20.0 10.0
304.0 402.0 20.0 10.0
174.0 497.0 20.0 10.0
611.0 630.0 20.0 10.0
884.0 219.0 20.0 10.0
791.0 443.0 20.0 10.0
781.0 742.0 20.0 10.0
806.0 232.0 20.0 10.0
408.0 530.0 20.0 10.0
612.0 271.0 20.0 10.0
428.0 181.0 20.0 10.0
824.0 68.0 20.0 10.0
546.0 630.0 20.0 10.0
570.0 703.0 20.0 10.0
574.0 306.0 20.0 10.0
589.0 972.0 20.0 10.0
576.0 194.0 20.0 10.0
909.0 257.0 20.0 10.0
484.0 647.0 20.0 10.0
122.0 441.0 20.0 10.0
603.0 601.0 20.0 10.0
385.0 588.0 20.0 10.0
504.0 307.0 20.0 10.0
821.0 209.0 20.0 10.0
133.0 344.0 20.0 10.0
744.0 403.0 20.0 10.0
723.0 669.0 20.0 10.0
937.0 785.0 20.0 10.0
261.0 510.0 20.0 10.0
756.0 695.0 20.0 10.0
570.0 122.0 20.0 10.0
988.0 625.0 20.0 10.0
111.0 423.0 20.0 10.0
371.0 468.0 20.0 10.0
660.0 788.0 20.0 10.0
848.0 419.0 20.0 10.0
844.0 476.0 20.0 10.0
271.0 542.0 20.0 10.0
934.0 795.0 20.0 10.0
28.0 445.0 20.0 10.0
555.0 946.0 20.0 10.0
328.0 477.0 20.0 10.0
478.0 670.0 20.0 10.0
442.0 124.0 20.0 10.0
199.0 451.0 20.0 10.0
411.0 703.0 20.0 10.0
437.0 246.0 20.0 10.0
1004.0 126.0 20.0 10.0
599.0 203.0 20.0 10.0
483.0 524.0 20.0 10.0
212.0 1036.0 20.0 10.0
557.0 168.0 20.0 10.0
928.0 694.0 20.0 10.0
1003.0 725.0 20.0 10.0
832.0 451.0 20.0 10.0
346.0 446.0 20.0 10.0
418.0 211.0 20.0 10.0
233.0 967.0 20.0 10.0
268.0 849.0 20.0 10.0
850.0 598.0 20.0 10.0
429.0 787.0 20.0 10.0
1026.0 644.0 20.0 10.0
354.0 786.0 20.0 10.0
600.0 422.0 20.0 10.0
619.0 581.0 20.0 10.0
1042.0 728.0 20.0 10.0
492.0 263.0 20.0 10.0
1025.0 109.0 20.0 10.0
634.0 625.0 20.0 10.0
822.0 446.0 20.0 10.0
150.0 433.0 20.0 10.0
616.0 408.0 20.0 10.0
413.0 742.0 20.0 10.0
842.0 222.0 20.0 10.0
605.0 209.0 20.0 10.0
1067.0 743.0 20.0 10.0
608.0 247.0 20.0 10.0
521.0 918.0 20.0 10.0
293.0 541.0 20.0 10.0
381.0 537.0 20.0 10.0
249.0 429.0 20.0 10.0
846.0 456.0 20.0 10.0
177.0 512.0 20.0 10.0
778.0 536.0 20.0 10.0
816.0 462.0 20.0 10.0
265.0 982.0 20.0 10.0
589.0 301.0 20.0 10.0
745.0 652.0 20.0 10.0
568.0 940.0 20.0 10.0
430.0 609.0 20.0 10.0
185.0 884.0 20.0 10.0
83.0 395.0 20.0 10.0
175.0 968.0 20.0 10.0
156.0 990.0 20.0 10.0
799.0 164.0 20.0 10.0
146.0 991.0 20.0 10.0
134.0 1002.0 20.0 10.0
702.0 568.0 20.0 10.0
252.0 991.0 20.0 10.0
580.0 1029.0 20.0 10.0
437.0 622.0 20.0 10.0
440.0 173.0 20.0 10.0
526.0 259.0 20.0 10.0
272.0 869.0 20.0 10.0
869.0 553.0 20.0 10.0
913.0 641.0 20.0 10.0
884.0 570.0 20.0 10.0
256.0 993.0 20.0 10.0
439.0 229.0 20.0 10.0
567.0 363.0 20.0 10.0
1012.0 174.0 20.0 10.0
767.0 573.0 20.0 10.0
793.0 307.0 20.0 10.0
726.0 624.0 20.0 10.0
929.0 228.0 20.0 10.0
1065.0 757.0 20.0 10.0
460.0 509.0 20.0 10.0
715.0 471.0 20.0 10.0
884.0 453.0 20.0 10.0
888.0 718.0 20.0 10.0
631.0 611.0 20.0 10.0
383.0 722.0 20.0 10.0
1013.0 717.0 20.0 10.0
367.0 509.0 20.0 10.0
727.0 238.0 20.0 10.0
830.0 302.0 20.0 10.0
357.0 547.0 20.0 10.0
464.0 140.0 20.0 10.0
820.0 397.0 20.0 10.0
788.0 742.0 20.0 10.0
954.0 154.0 20.0 10.0
876.0 418.0 20.0 10.0
276.0 745.0 20.0 10.0
780.0 668.0 20.0 10.0
741.0 205.0 20.0 10.0
966.0 603.0 20.0 10.0
575.0 204.0 20.0 10.0
619.0 592.0 20.0 10.0
388.0 518.0 20.0 10.0
863.0 647.0 20.0 10.0
572.0 1063.0 20.0 10.0
612.0 479.0 20.0 10.0
637.0 725.0 20.0 10.0
823.0 256.0 20.0 10.0
816.0 200.0 20.0 10.0
1030.0 650.0 20.0 10.0
799.0 820.0 20.0 10.0
827.0 62.0 20.0 10.0
327.0 434.0 20.0 10.0
130.0 528.0 20.0 10.0
582.0 818.0 20.0 10.0
949.0 135.0 20.0 10.0
611.0 582.0 20.0 10.0
554.0 405.0 20.0 10.0
575.0 161.0 20.0 10.0
220.0 421.0 20.0 10.0
653.0 741.0 20.0 10.0
935.0 195.0 20.0 10.0
401.0 474.0 20.0 10.0
340.0 516.0 20.0 10.0
887.0 548.0 20.0 10.0
633.0 572.0 20.0 10.0
25.0 430.0 20.0 10.0
843.0 839.0 20.0 10.0
293.0 923.0 20.0 10.0
558.0 699.0 20.0 10.0
300.0 944.0 20.0 10.0
748.0 701.0 20.0 10.0
797.0 158.0 20.0 10.0
442.0 597.0 20.0 10.0
302.0 538.0 20.0 10.0
1038.0 731.0 20.0 10.0
31.0 410.0 20.0 10.0
589.0 363.0 20.0 10.0
73.0 408.0 20.0 10.0
559.0 968.0 20.0 10.0
1002.0 180.0 20.0 10.0
582.0 736.0 20.0 10.0
672.0 777.0 20.0 10.0
845.0 823.0 20.0 10.0
682.0 587.0 20.0 10.0
513.0 937.0 20.0 10.0
276.0 873.0 20.0 10.0
424.0 133.0 20.0 10.0
565.0 809.0 20.0 10.0
849.0 392.0 20.0 10.0
27.0 417.0 20.0 10.0
837.0 805.0 20.0 10.0
550.0 717.0 20.0 10.0
768.0 449.0 20.0 10.0
477.0 267.0 20.0 10.0
462.0 631.0 20.0 10.0
648.0 804.0 20.0 10.0
321.0 523.0 20.0 10.0
792.0 54.0 20.0 10.0
1015.0 101.0 20.0 10.0
836.0 569.0 20.0 10.0
1033.0 157.0 20.0 10.0
106.0 530.0 20.0 10.0
598.0 377.0 20.0 10.0
525.0 485.0 20.0 10.0
520.0 880.0 20.0 10.0
166.0 901.0 20.0 10.0
742.0 185.0 20.0 10.0
859.0 867.0 20.0 10.0
952.0 803.0 20.0 10.0
263.0 500.0 20.0 10.0
842.0 314.0 20.0 10.0
180.0 447.0 20.0 10.0
945.0 139.0 20.0 10.0
777.0 247.0 20.0 10.0
580.0 648.0 20.0 10.0
842.0 235.0 20.0 10.0
906.0 198.0 20.0 10.0
829.0 260.0 20.0 10.0
617.0 244.0 20.0 10.0
921.0 660.0 20.0 10.0
294.0 528.0 20.0 10.0
592.0 159.0 20.0 10.0
489.0 197.0 20.0 10.0
418.0 631.0 20.0 10.0
811.0 838.0 20.0 10.0
637.0 632.0 20.0 10.0
483.0 167.0 20.0 10.0
895.0 300.0 20.0 10.0
334.0 486.0 20.0 10.0
445.0 497.0 20.0 10.0
270.0 554.0 20.0 10.0
950.0 813.0 20.0 10.0
520.0 911.0 20.0 10.0
867.0 202.0 20.0 10.0
868.0 407.0 20.0 10.0
859.0 442.0 20.0 10.0
796.0 202.0 20.0 10.0
710.0 543.0 20.0 10.0
443.0 538.0 20.0 10.0
297.0 971.0 20.0 10.0
517.0 266.0 20.0 10.0
867.0 891.0 20.0 10.0
433.0 231.0 20.0 10.0
525.0 529.0 20.0 10.0
887.0 289.0 20.0 10.0
581.0 856.0 20.0 10.0
873.0 468.0 20.0 10.0
901.0 560.0 20.0 10.0
210.0 936.0 20.0 10.0
781.0 791.0 20.0 10.0
964.0 115.0 20.0 10.0
579.0 1019.0 20.0 10.0
593.0 701.0 20.0 10.0
917.0 656.0 20.0 10.0
564.0 165.0 20.0 10.0
593.0 923.0 20.0 10.0
82.0 410.0 20.0 10.0
55.0 456.0 20.0 10.0
326.0 424.0 20.0 10.0
637.0 769.0 20.0 10.0
828.0 32.0 20.0 10.0
580.0 173.0 20.0 10.0
58.0 390.0 20.0 10.0
699.0 437.0 20.0 10.0
879.0 732.0 20.0 10.0
565.0 148.0 20.0 10.0
139.0 925.0 20.0 10.0
877.0 670.0 20.0 10.0
543.0 108.0 20.0 10.0
169.0 484.0 20.0 10.0
876.0 628.0 20.0 10.0
360.0 762.0 20.0 10.0
646.0 791.0 20.0 10.0
662.0 824.0 20.0 10.0
193.0 956.0 20.0 10.0
787.0 485.0 20.0 10.0
593.0 935.0 20.0 10.0
585.0 540.0 20.0 10.0
732.0 665.0 20.0 10.0
520.0 854.0 20.0 10.0
60.0 420.0 20.0 10.0
807.0 204.0 20.0 10.0
349.0 707.0 20.0 10.0
834.0 232.0 20.0 10.0
393.0 630.0 20.0 10.0
930.0 790.0 20.0 10.0
428.0 498.0 20.0 10.0
852.0 49.0 20.0 10.0
606.0 308.0 20.0 10.0
827.0 174.0 20.0 10.0
540.0 291.0 20.0 10.0
497.0 251.0 20.0 10.0
76.0 402.0 20.0 10.0
536.0 951.0 20.0 10.0
989.0 717.0 20.0 10.0
807.0 763.0 20.0 10.0
1050.0 144.0 20.0 10.0
540.0 821.0 20.0 10.0
965.0 125.0 20.0 10.0
834.0 416.0 20.0 10.0
768.0 567.0 20.0 10.0
999.0 705.0 20.0 10.0
511.0 303.0 20.0 10.0
846.0 30.0 20.0 10.0
274.0 755.0 20.0 10.0
941.0 675.0 20.0 10.0
457.0 211.0 20.0 10.0
723.0 694.0 20.0 10.0
533.0 84.0 20.0 10.0
746.0 679.0 20.0 10.0
802.0 551.0 20.0 10.0
811.0 130.0 20.0 10.0
477.0 193.0 20.0 10.0
783.0 657.0 20.0 10.0
944.0 660.0 20.0 10.0
796.0 35.0 20.0 10.0
882.0 167.0 20.0 10.0
571.0 599.0 20.0 10.0
874.0 906.0 20.0 10.0
293.0 772.0 20.0 10.0
428.0 554.0 20.0 10.0
199.0 1028.0 20.0 10.0
1031.0 754.0 20.0 10.0
593.0 436.0 20.0 10.0
582.0 425.0 20.0 10.0
874.0 376.0 20.0 10.0
654.0 417.0 20.0 10.0
83.0 526.0 20.0 10.0
357.0 687.0 20.0 10.0
299.0 382.0 20.0 10.0
836.0 378.0 20.0 10.0
514.0 490.0 20.0 10.0
842.0 863.0 20.0 10.0
303.0 930.0 20.0 10.0
546.0 352.0 20.0 10.0
543.0 341.0 20.0 10.0
