1000
96.0 98.0 20.0 10.0
94.0 97.0 20.0 10.0
96.0 79.0 20.0 10.0
102.0 94.0 20.0 10.0
89.0 94.0 20.0 10.0
87.0 99.0 20.0 10.0
97.0 110.0 20.0 10.0
91.0 94.0 20.0 10.0
103.0 101.0 20.0 10.0
86.0 98.0 20.0 10.0
93.0 87.0 20.0 10.0
96.0 95.0 20.0 10.0
117.0 117.0 20.0 10.0
126.0 103.0 20.0 10.0
93.0 95.0 20.0 10.0
87.0 91.0 20.0 10.0
118.0 91.0 20.0 10.0
79.0 101.0 20.0 10.0
85.0 87.0 20.0 10.0
94.0 93.0 20.0 10.0
87.0 94.0 20.0 10.0
96.0 81.0 20.0 10.0
90.0 102.0 20.0 10.0
82.0 94.0 20.0 10.0
89.0 82.0 20.0 10.0
87.0 93.0 20.0 10.0
102.0 90.0 20.0 10.0
78.0 95.0 20.0 10.0
88.0 87.0 20.0 10.0
88.0 83.0 20.0 10.0
99.0 83.0 20.0 10.0
91.0 80.0 20.0 10.0
91.0 86.0 20.0 10.0
88.0 85.0 20.0 10.0
97.0 91.0 20.0 10.0
79.0 113.0 20.0 10.0
79.0 85.0 20.0 10.0
86.0 91.0 20.0 10.0
77.0 85.0 20.0 10.0
75.0 79.0 20.0 10.0
93.0 102.0 20.0 10.0
87.0 119.0 20.0 10.0
77.0 114.0 20.0 10.0
90.0 91.0 20.0 10.0
113.0 93.0 20.0 10.0
113.0 75.0 20.0 10.0
100.0 104.0 20.0 10.0
90.0 84.0 20.0 10.0
82.0 93.0 20.0 10.0
106.0 95.0 20.0 10.0
80.0 91.0 20.0 10.0
80.0 92.0 20.0 10.0
87.0 78.0 20.0 10.0
68.0 97.0 20.0 10.0
75.0 101.0 20.0 10.0
86.0 97.0 20.0 10.0
99.0 110.0 20.0 10.0
99.0 87.0 20.0 10.0
80.0 96.0 20.0 10.0
67.0 107.0 20.0 10.0
90.0 111.0 20.0 10.0
97.0 89.0 20.0 10.0
117.0 105.0 20.0 10.0
93.0 100.0 20.0 10.0
102.0 111.0 20.0 10.0
77.0 64.0 20.0 10.0
101.0 92.0 20.0 10.0
63.0 99.0 20.0 10.0
102.0 84.0 20.0 10.0
78.0 100.0 20.0 10.0
97.0 86.0 20.0 10.0
58.0 86.0 20.0 10.0
96.0 103.0 20.0 10.0
68.0 109.0 20.0 10.0
106.0 102.0 20.0 10.0
72.0 81.0 20.0 10.0
127.0 84.0 20.0 10.0
59.0 93.0 20.0 10.0
104.0 107.0 20.0 10.0
125.0 83.0 20.0 10.0
117.0 103.0 20.0 10.0
108.0 101.0 20.0 10.0
67.0 124.0 20.0 10.0
58.0 97.0 20.0 10.0
101.0 60.0 20.0 10.0
119.0 104.0 20.0 10.0
82.0 115.0 20.0 10.0
114.0 70.0 20.0 10.0
87.0 76.0 20.0 10.0
94.0 100.0 20.0 10.0
79.0 110.0 20.0 10.0
103.0 96.0 20.0 10.0
91.0 71.0 20.0 10.0
69.0 102.0 20.0 10.0
94.0 83.0 20.0 10.0
99.0 78.0 20.0 10.0
108.0 94.0 20.0 10.0
65.0 104.0 20.0 10.0
91.0 119.0 20.0 10.0
76.0 74.0 20.0 10.0
104.0 75.0 20.0 10.0
93.0 67.0 20.0 10.0
77.0 125.0 20.0 10.0
87.0 87.0 20.0 10.0
100.0 102.0 20.0 10.0
97.0 73.0 20.0 10.0
81.0 85.0 20.0 10.0
69.0 90.0 20.0 10.0
74.0 55.0 20.0 10.0
93.0 69.0 20.0 10.0
66.0 94.0 20.0 10.0
91.0 114.0 20.0 10.0
99.0 98.0 20.0 10.0
85.0 100.0 20.0 10.0
104.0 77.0 20.0 10.0
72.0 100.0 20.0 10.0
93.0 90.0 20.0 10.0
124.0 75.0 20.0 10.0
69.0 92.0 20.0 10.0
127.0 94.0 20.0 10.0
108.0 84.0 20.0 10.0
76.0 106.0 20.0 10.0
74.0 106.0 20.0 10.0
103.0 86.0 20.0 10.0
115.0 101.0 20.0 10.0
83.0 87.0 20.0 10.0
99.0 63.0 20.0 10.0
87.0 71.0 20.0 10.0
84.0 76.0 20.0 10.0
46.0 112.0 20.0 10.0
101.0 113.0 20.0 10.0
77.0 60.0 20.0 10.0
78.0 74.0 20.0 10.0
92.0 77.0 20.0 10.0
86.0 113.0 20.0 10.0
109.0 98.0 20.0 10.0
103.0 65.0 20.0 10.0
92.0 73.0 20.0 10.0
75.0 92.0 20.0 10.0
97.0 120.0 20.0 10.0
115.0 107.0 20.0 10.0
75.0 111.0 20.0 10.0
102.0 99.0 20.0 10.0
97.0 75.0 20.0 10.0
76.0 116.0 20.0 10.0
109.0 83.0 20.0 10.0
60.0 96.0 20.0 10.0
64.0 114.0 20.0 10.0
96.0 117.0 20.0 10.0
93.0 107.0 20.0 10.0
110.0 67.0 20.0 10.0
52.0 102.0 20.0 10.0
75.0 70.0 20.0 10.0
106.0 118.0 20.0 10.0
121.0 75.0 20.0 10.0
125.0 93.0 20.0 10.0
64.0 87.0 20.0 10.0
103.0 97.0 20.0 10.0
75.0 68.0 20.0 10.0
74.0 129.0 20.0 10.0
85.0 109.0 20.0 10.0
99.0 128.0 20.0 10.0
119.0 100.0 20.0 10.0
104.0 82.0 20.0 10.0
104.0 58.0 20.0 10.0
66.0 73.0 20.0 10.0
94.0 82.0 20.0 10.0
88.0 65.0 20.0 10.0
116.0 95.0 20.0 10.0
106.0 103.0 20.0 10.0
80.0 66.0 20.0 10.0
133.0 94.0 20.0 10.0
73.0 110.0 20.0 10.0
94.0 105.0 20.0 10.0
117.0 63.0 20.0 10.0
116.0 70.0 20.0 10.0
90.0 72.0 20.0 10.0
133.0 107.0 20.0 10.0
80.0 119.0 20.0 10.0
110.0 117.0 20.0 10.0
98.0 99.0 20.0 10.0
67.0 84.0 20.0 10.0
58.0 102.0 20.0 10.0
97.0 105.0 20.0 10.0
116.0 86.0 20.0 10.0
102.0 109.0 20.0 10.0
123.0 87.0 20.0 10.0
122.0 89.0 20.0 10.0
53.0 96.0 20.0 10.0
73.0 70.0 20.0 10.0
84.0 125.0 20.0 10.0
72.0 93.0 20.0 10.0
88.0 68.0 20.0 10.0
81.0 121.0 20.0 10.0
68.0 74.0 20.0 10.0
53.0 87.0 20.0 10.0
84.0 139.0 20.0 10.0
85.0 78.0 20.0 10.0
110.0 78.0 20.0 10.0
113.0 52.0 20.0 10.0
62.0 117.0 20.0 10.0
68.0 104.0 20.0 10.0
87.0 74.0 20.0 10.0
121.0 81.0 20.0 10.0
107.0 51.0 20.0 10.0
112.0 72.0 20.0 10.0
50.0 100.0 20.0 10.0
88.0 105.0 20.0 10.0
137.0 104.0 20.0 10.0
97.0 111.0 20.0 10.0
97.0 115.0 20.0 10.0
125.0 101.0 20.0 10.0
106.0 80.0 20.0 10.0
101.0 74.0 20.0 10.0
112.0 111.0 20.0 10.0
77.0 88.0 20.0 10.0
87.0 121.0 20.0 10.0
107.0 66.0 20.0 10.0
125.0 110.0 20.0 10.0
59.0 99.0 20.0 10.0
104.0 87.0 20.0 10.0
116.0 82.0 20.0 10.0
111.0 90.0 20.0 10.0
66.0 86.0 20.0 10.0
73.0 100.0 20.0 10.0
127.0 70.0 20.0 10.0
99.0 116.0 20.0 10.0
101.0 121.0 20.0 10.0
85.0 66.0 20.0 10.0
80.0 133.0 20.0 10.0
114.0 100.0 20.0 10.0
72.0 98.0 20.0 10.0
120.0 133.0 20.0 10.0
81.0 71.0 20.0 10.0
101.0 67.0 20.0 10.0
67.0 59.0 20.0 10.0
115.0 73.0 20.0 10.0
69.0 113.0 20.0 10.0
104.0 62.0 20.0 10.0
75.0 95.0 20.0 10.0
78.0 116.0 20.0 10.0
75.0 124.0 20.0 10.0
112.0 86.0 20.0 10.0
94.0 85.0 20.0 10.0
128.0 74.0 20.0 10.0
101.0 136.0 20.0 10.0
65.0 121.0 20.0 10.0
85.0 85.0 20.0 10.0
66.0 69.0 20.0 10.0
114.0 88.0 20.0 10.0
103.0 116.0 20.0 10.0
122.0 95.0 20.0 10.0
92.0 61.0 20.0 10.0
56.0 78.0 20.0 10.0
41.0 86.0 20.0 10.0
137.0 115.0 20.0 10.0
120.0 67.0 20.0 10.0
130.0 101.0 20.0 10.0
78.0 107.0 20.0 10.0
111.0 125.0 20.0 10.0
81.0 76.0 20.0 10.0
59.0 91.0 20.0 10.0
83.0 102.0 20.0 10.0
120.0 87.0 20.0 10.0
96.0 60.0 20.0 10.0
99.0 51.0 20.0 10.0
138.0 54.0 20.0 10.0
63.0 116.0 20.0 10.0
56.0 112.0 20.0 10.0
87.0 43.0 20.0 10.0
96.0 130.0 20.0 10.0
117.0 94.0 20.0 10.0
48.0 86.0 20.0 10.0
83.0 69.0 20.0 10.0
59.0 113.0 20.0 10.0
96.0 127.0 20.0 10.0
80.0 141.0 20.0 10.0
105.0 72.0 20.0 10.0
99.0 68.0 20.0 10.0
62.0 78.0 20.0 10.0
75.0 46.0 20.0 10.0
127.0 88.0 20.0 10.0
82.0 59.0 20.0 10.0
109.0 107.0 20.0 10.0
61.0 112.0 20.0 10.0
103.0 92.0 20.0 10.0
92.0 134.0 20.0 10.0
124.0 97.0 20.0 10.0
63.0 69.0 20.0 10.0
104.0 135.0 20.0 10.0
115.0 114.0 20.0 10.0
94.0 115.0 20.0 10.0
114.0 97.0 20.0 10.0
109.0 75.0 20.0 10.0
132.0 95.0 20.0 10.0
136.0 75.0 20.0 10.0
76.0 66.0 20.0 10.0
85.0 62.0 20.0 10.0
58.0 74.0 20.0 10.0
117.0 119.0 20.0 10.0
81.0 74.0 20.0 10.0
71.0 119.0 20.0 10.0
148.0 97.0 20.0 10.0
57.0 76.0 20.0 10.0
89.0 107.0 20.0 10.0
61.0 105.0 20.0 10.0
113.0 105.0 20.0 10.0
114.0 66.0 20.0 10.0
131.0 70.0 20.0 10.0
109.0 121.0 20.0 10.0
96.0 64.0 20.0 10.0
50.0 106.0 20.0 10.0
91.0 104.0 20.0 10.0
101.0 130.0 20.0 10.0
133.0 113.0 20.0 10.0
103.0 95.0 20.0 10.0
123.0 116.0 20.0 10.0
94.0 125.0 20.0 10.0
119.0 131.0 20.0 10.0
126.0 65.0 20.0 10.0
110.0 79.0 20.0 10.0
44.0 75.0 20.0 10.0
93.0 53.0 20.0 10.0
116.0 108.0 20.0 10.0
81.0 129.0 20.0 10.0
73.0 73.0 20.0 10.0
36.0 99.0 20.0 10.0
67.0 72.0 20.0 10.0
130.0 100.0 20.0 10.0
84.0 97.0 20.0 10.0
63.0 84.0 20.0 10.0
46.0 72.0 20.0 10.0
135.0 84.0 20.0 10.0
106.0 54.0 20.0 10.0
65.0 70.0 20.0 10.0
69.0 121.0 20.0 10.0
124.0 113.0 20.0 10.0
103.0 126.0 20.0 10.0
82.0 63.0 20.0 10.0
143.0 92.0 20.0 10.0
62.0 87.0 20.0 10.0
121.0 102.0 20.0 10.0
59.0 90.0 20.0 10.0
105.0 133.0 20.0 10.0
117.0 78.0 20.0 10.0
108.0 65.0 20.0 10.0
111.0 131.0 20.0 10.0
126.0 63.0 20.0 10.0
132.0 114.0 20.0 10.0
130.0 68.0 20.0 10.0
123.0 124.0 20.0 10.0
113.0 57.0 20.0 10.0
129.0 122.0 20.0 10.0
83.0 118.0 20.0 10.0
104.0 137.0 20.0 10.0
95.0 121.0 20.0 10.0
136.0 91.0 20.0 10.0
89.0 115.0 20.0 10.0
123.0 93.0 20.0 10.0
115.0 127.0 20.0 10.0
125.0 81.0 20.0 10.0
69.0 107.0 20.0 10.0
120.0 110.0 20.0 10.0
132.0 84.0 20.0 10.0
118.0 74.0 20.0 10.0
42.0 100.0 20.0 10.0
91.0 126.0 20.0 10.0
69.0 57.0 20.0 10.0
68.0 79.0 20.0 10.0
112.0 62.0 20.0 10.0
108.0 130.0 20.0 10.0
64.0 72.0 20.0 10.0
61.0 51.0 20.0 10.0
65.0 106.0 20.0 10.0
118.0 69.0 20.0 10.0
59.0 104.0 20.0 10.0
50.0 62.0 20.0 10.0
62.0 109.0 20.0 10.0
62.0 67.0 20.0 10.0
84.0 130.0 20.0 10.0
53.0 91.0 20.0 10.0
128.0 80.0 20.0 10.0
121.0 77.0 20.0 10.0
121.0 123.0 20.0 10.0
62.0 135.0 20.0 10.0
56.0 56.0 20.0 10.0
64.0 135.0 20.0 10.0
56.0 109.0 20.0 10.0
124.0 105.0 20.0 10.0
84.0 67.0 20.0 10.0
98.0 111.0 20.0 10.0
98.0 95.0 20.0 10.0
40.0 61.0 20.0 10.0
68.0 129.0 20.0 10.0
96.0 67.0 20.0 10.0
143.0 107.0 20.0 10.0
43.0 98.0 20.0 10.0
61.0 107.0 20.0 10.0
122.0 57.0 20.0 10.0
126.0 86.0 20.0 10.0
142.0 132.0 20.0 10.0
51.0 87.0 20.0 10.0
43.0 124.0 20.0 10.0
88.0 121.0 20.0 10.0
85.0 146.0 20.0 10.0
69.0 52.0 20.0 10.0
78.0 121.0 20.0 10.0
55.0 100.0 20.0 10.0
82.0 113.0 20.0 10.0
121.0 116.0 20.0 10.0
136.0 59.0 20.0 10.0
101.0 107.0 20.0 10.0
97.0 80.0 20.0 10.0
73.0 89.0 20.0 10.0
61.0 102.0 20.0 10.0
138.0 113.0 20.0 10.0
94.0 131.0 20.0 10.0
109.0 120.0 20.0 10.0
38.0 101.0 20.0 10.0
75.0 128.0 20.0 10.0
60.0 74.0 20.0 10.0
70.0 62.0 20.0 10.0
109.0 88.0 20.0 10.0
88.0 139.0 20.0 10.0
88.0 137.0 20.0 10.0
59.0 81.0 20.0 10.0
99.0 38.0 20.0 10.0
94.0 137.0 20.0 10.0
114.0 90.0 20.0 10.0
107.0 127.0 20.0 10.0
60.0 120.0 20.0 10.0
80.0 145.0 20.0 10.0
103.0 56.0 20.0 10.0
72.0 68.0 20.0 10.0
66.0 97.0 20.0 10.0
112.0 115.0 20.0 10.0
88.0 57.0 20.0 10.0
81.0 34.0 20.0 10.0
81.0 136.0 20.0 10.0
102.0 134.0 20.0 10.0
128.0 115.0 20.0 10.0
121.0 125.0 20.0 10.0
108.0 63.0 20.0 10.0
47.0 107.0 20.0 10.0
46.0 97.0 20.0 10.0
105.0 42.0 20.0 10.0
100.0 62.0 20.0 10.0
132.0 108.0 20.0 10.0
70.0 128.0 20.0 10.0
70.0 76.0 20.0 10.0
98.0 31.0 20.0 10.0
134.0 56.0 20.0 10.0
107.0 90.0 20.0 10.0
122.0 99.0 20.0 10.0
113.0 62.0 20.0 10.0
133.0 66.0 20.0 10.0
129.0 98.0 20.0 10.0
40.0 64.0 20.0 10.0
56.0 114.0 20.0 10.0
69.0 87.0 20.0 10.0
88.0 61.0 20.0 10.0
110.0 154.0 20.0 10.0
76.0 77.0 20.0 10.0
61.0 100.0 20.0 10.0
112.0 52.0 20.0 10.0
62.0 93.0 20.0 10.0
111.0 70.0 20.0 10.0
103.0 66.0 20.0 10.0
83.0 57.0 20.0 10.0
106.0 62.0 20.0 10.0
82.0 120.0 20.0 10.0
145.0 70.0 20.0 10.0
96.0 114.0 20.0 10.0
61.0 69.0 20.0 10.0
105.0 104.0 20.0 10.0
49.0 104.0 20.0 10.0
92.0 49.0 20.0 10.0
97.0 124.0 20.0 10.0
109.0 125.0 20.0 10.0
104.0 88.0 20.0 10.0
54.0 80.0 20.0 10.0
114.0 45.0 20.0 10.0
124.0 122.0 20.0 10.0
143.0 101.0 20.0 10.0
74.0 59.0 20.0 10.0
88.0 75.0 20.0 10.0
132.0 88.0 20.0 10.0
78.0 70.0 20.0 10.0
34.0 105.0 20.0 10.0
138.0 99.0 20.0 10.0
127.0 99.0 20.0 10.0
113.0 122.0 20.0 10.0
107.0 78.0 20.0 10.0
103.0 140.0 20.0 10.0
78.0 51.0 20.0 10.0
122.0 50.0 20.0 10.0
140.0 116.0 20.0 10.0
112.0 55.0 20.0 10.0
115.0 60.0 20.0 10.0
76.0 123.0 20.0 10.0
64.0 53.0 20.0 10.0
50.0 69.0 20.0 10.0
55.0 125.0 20.0 10.0
71.0 106.0 20.0 10.0
69.0 123.0 20.0 10.0
89.0 56.0 20.0 10.0
112.0 94.0 20.0 10.0
79.0 55.0 20.0 10.0
102.0 58.0 20.0 10.0
117.0 53.0 20.0 10.0
72.0 122.0 20.0 10.0
110.0 133.0 20.0 10.0
75.0 134.0 20.0 10.0
52.0 105.0 20.0 10.0
120.0 140.0 20.0 10.0
119.0 138.0 20.0 10.0
47.0 115.0 20.0 10.0
84.0 157.0 20.0 10.0
146.0 121.0 20.0 10.0
66.0 113.0 20.0 10.0
137.0 63.0 20.0 10.0
71.0 75.0 20.0 10.0
133.0 64.0 20.0 10.0
75.0 87.0 20.0 10.0
67.0 61.0 20.0 10.0
129.0 90.0 20.0 10.0
91.0 130.0 20.0 10.0
51.0 66.0 20.0 10.0
91.0 55.0 20.0 10.0
126.0 96.0 20.0 10.0
109.0 114.0 20.0 10.0
78.0 135.0 20.0 10.0
105.0 132.0 20.0 10.0
78.0 65.0 20.0 10.0
92.0 112.0 20.0 10.0
65.0 116.0 20.0 10.0
63.0 57.0 20.0 10.0
54.0 58.0 20.0 10.0
123.0 148.0 20.0 10.0
112.0 109.0 20.0 10.0
120.0 63.0 20.0 10.0
71.0 86.0 20.0 10.0
127.0 58.0 20.0 10.0
131.0 125.0 20.0 10.0
97.0 133.0 20.0 10.0
72.0 109.0 20.0 10.0
110.0 56.0 20.0 10.0
122.0 109.0 20.0 10.0
54.0 93.0 20.0 10.0
61.0 49.0 20.0 10.0
137.0 89.0 20.0 10.0
100.0 42.0 20.0 10.0
113.0 128.0 20.0 10.0
68.0 47.0 20.0 10.0
93.0 128.0 20.0 10.0
117.0 110.0 20.0 10.0
84.0 128.0 20.0 10.0
94.0 60.0 20.0 10.0
129.0 113.0 20.0 10.0
125.0 128.0 20.0 10.0
82.0 45.0 20.0 10.0
99.0 52.0 20.0 10.0
54.0 86.0 20.0 10.0
81.0 138.0 20.0 10.0
109.0 52.0 20.0 10.0
60.0 84.0 20.0 10.0
51.0 84.0 20.0 10.0
105.0 113.0 20.0 10.0
54.0 130.0 20.0 10.0
122.0 118.0 20.0 10.0
54.0 69.0 20.0 10.0
72.0 95.0 20.0 10.0
79.0 43.0 20.0 10.0
126.0 115.0 20.0 10.0
65.0 132.0 20.0 10.0
46.0 103.0 20.0 10.0
71.0 115.0 20.0 10.0
121.0 50.0 20.0 10.0
71.0 112.0 20.0 10.0
129.0 125.0 20.0 10.0
68.0 50.0 20.0 10.0
43.0 95.0 20.0 10.0
82.0 49.0 20.0 10.0
62.0 146.0 20.0 10.0
100.0 152.0 20.0 10.0
63.0 61.0 20.0 10.0
72.0 125.0 20.0 10.0
98.0 141.0 20.0 10.0
120.0 113.0 20.0 10.0
87.0 59.0 20.0 10.0
63.0 105.0 20.0 10.0
41.0 92.0 20.0 10.0
121.0 71.0 20.0 10.0
137.0 83.0 20.0 10.0
95.0 56.0 20.0 10.0
123.0 91.0 20.0 10.0
123.0 112.0 20.0 10.0
107.0 129.0 20.0 10.0
73.0 65.0 20.0 10.0
47.0 125.0 20.0 10.0
45.0 98.0 20.0 10.0
125.0 71.0 20.0 10.0
105.0 145.0 20.0 10.0
68.0 35.0 20.0 10.0
98.0 135.0 20.0 10.0
129.0 46.0 20.0 10.0
67.0 136.0 20.0 10.0
45.0 80.0 20.0 10.0
94.0 43.0 20.0 10.0
91.0 58.0 20.0 10.0
76.0 103.0 20.0 10.0
51.0 80.0 20.0 10.0
124.0 81.0 20.0 10.0
72.0 145.0 20.0 10.0
58.0 68.0 20.0 10.0
65.0 58.0 20.0 10.0
109.0 43.0 20.0 10.0
26.0 107.0 20.0 10.0
92.0 136.0 20.0 10.0
130.0 77.0 20.0 10.0
62.0 131.0 20.0 10.0
57.0 87.0 20.0 10.0
60.0 63.0 20.0 10.0
63.0 104.0 20.0 10.0
133.0 134.0 20.0 10.0
118.0 81.0 20.0 10.0
137.0 107.0 20.0 10.0
130.0 111.0 20.0 10.0
44.0 122.0 20.0 10.0
130.0 118.0 20.0 10.0
119.0 126.0 20.0 10.0
66.0 128.0 20.0 10.0
148.0 90.0 20.0 10.0
127.0 67.0 20.0 10.0
133.0 53.0 20.0 10.0
127.0 109.0 20.0 10.0
61.0 76.0 20.0 10.0
57.0 81.0 20.0 10.0
91.0 39.0 20.0 10.0
147.0 103.0 20.0 10.0
66.0 80.0 20.0 10.0
37.0 90.0 20.0 10.0
53.0 98.0 20.0 10.0
141.0 80.0 20.0 10.0
54.0 106.0 20.0 10.0
59.0 138.0 20.0 10.0
59.0 121.0 20.0 10.0
98.0 59.0 20.0 10.0
113.0 131.0 20.0 10.0
92.0 57.0 20.0 10.0
76.0 60.0 20.0 10.0
53.0 113.0 20.0 10.0
103.0 121.0 20.0 10.0
122.0 65.0 20.0 10.0
42.0 103.0 20.0 10.0
74.0 118.0 20.0 10.0
68.0 140.0 20.0 10.0
107.0 57.0 20.0 10.0
102.0 144.0 20.0 10.0
59.0 71.0 20.0 10.0
84.0 71.0 20.0 10.0
120.0 85.0 20.0 10.0
53.0 76.0 20.0 10.0
124.0 69.0 20.0 10.0
79.0 130.0 20.0 10.0
88.0 146.0 20.0 10.0
119.0 54.0 20.0 10.0
84.0 43.0 20.0 10.0
136.0 79.0 20.0 10.0
138.0 81.0 20.0 10.0
61.0 125.0 20.0 10.0
116.0 76.0 20.0 10.0
101.0 63.0 20.0 10.0
86.0 149.0 20.0 10.0
70.0 46.0 20.0 10.0
39.0 105.0 20.0 10.0
67.0 144.0 20.0 10.0
39.0 82.0 20.0 10.0
120.0 129.0 20.0 10.0
85.0 60.0 20.0 10.0
94.0 141.0 20.0 10.0
147.0 115.0 20.0 10.0
50.0 119.0 20.0 10.0
64.0 47.0 20.0 10.0
54.0 120.0 20.0 10.0
103.0 39.0 20.0 10.0
83.0 135.0 20.0 10.0
56.0 47.0 20.0 10.0
59.0 54.0 20.0 10.0
73.0 83.0 20.0 10.0
55.0 122.0 20.0 10.0
45.0 63.0 20.0 10.0
123.0 38.0 20.0 10.0
40.0 72.0 20.0 10.0
118.0 66.0 20.0 10.0
123.0 106.0 20.0 10.0
142.0 95.0 20.0 10.0
72.0 141.0 20.0 10.0
47.0 77.0 20.0 10.0
78.0 134.0 20.0 10.0
136.0 147.0 20.0 10.0
140.0 136.0 20.0 10.0
43.0 84.0 20.0 10.0
90.0 128.0 20.0 10.0
132.0 105.0 20.0 10.0
61.0 58.0 20.0 10.0
132.0 78.0 20.0 10.0
120.0 122.0 20.0 10.0
125.0 56.0 20.0 10.0
139.0 93.0 20.0 10.0
132.0 91.0 20.0 10.0
64.0 45.0 20.0 10.0
49.0 134.0 20.0 10.0
45.0 89.0 20.0 10.0
43.0 70.0 20.0 10.0
87.0 135.0 20.0 10.0
88.0 150.0 20.0 10.0
121.0 46.0 20.0 10.0
44.0 78.0 20.0 10.0
60.0 116.0 20.0 10.0
91.0 143.0 20.0 10.0
52.0 83.0 20.0 10.0
114.0 143.0 20.0 10.0
89.0 47.0 20.0 10.0
54.0 111.0 20.0 10.0
103.0 123.0 20.0 10.0
108.0 93.0 20.0 10.0
117.0 134.0 20.0 10.0
141.0 104.0 20.0 10.0
58.0 136.0 20.0 10.0
80.0 51.0 20.0 10.0
98.0 54.0 20.0 10.0
69.0 42.0 20.0 10.0
76.0 56.0 20.0 10.0
32.0 102.0 20.0 10.0
58.0 127.0 20.0 10.0
71.0 40.0 20.0 10.0
54.0 126.0 20.0 10.0
127.0 72.0 20.0 10.0
141.0 85.0 20.0 10.0
111.0 139.0 20.0 10.0
69.0 39.0 20.0 10.0
89.0 134.0 20.0 10.0
73.0 50.0 20.0 10.0
61.0 123.0 20.0 10.0
51.0 127.0 20.0 10.0
60.0 132.0 20.0 10.0
106.0 121.0 20.0 10.0
49.0 74.0 20.0 10.0
139.0 77.0 20.0 10.0
114.0 135.0 20.0 10.0
75.0 140.0 20.0 10.0
60.0 34.0 20.0 10.0
53.0 118.0 20.0 10.0
117.0 131.0 20.0 10.0
73.0 62.0 20.0 10.0
95.0 151.0 20.0 10.0
105.0 34.0 20.0 10.0
85.0 42.0 20.0 10.0
50.0 59.0 20.0 10.0
123.0 133.0 20.0 10.0
36.0 87.0 20.0 10.0
69.0 127.0 20.0 10.0
28.0 100.0 20.0 10.0
132.0 120.0 20.0 10.0
86.0 49.0 20.0 10.0
127.0 129.0 20.0 10.0
56.0 41.0 20.0 10.0
52.0 152.0 20.0 10.0
57.0 131.0 20.0 10.0
108.0 48.0 20.0 10.0
26.0 121.0 20.0 10.0
52.0 110.0 20.0 10.0
115.0 122.0 20.0 10.0
100.0 34.0 20.0 10.0
96.0 49.0 20.0 10.0
94.0 123.0 20.0 10.0
147.0 63.0 20.0 10.0
39.0 55.0 20.0 10.0
114.0 119.0 20.0 10.0
124.0 119.0 20.0 10.0
94.0 65.0 20.0 10.0
67.0 130.0 20.0 10.0
81.0 36.0 20.0 10.0
83.0 132.0 20.0 10.0
106.0 141.0 20.0 10.0
82.0 122.0 20.0 10.0
100.0 28.0 20.0 10.0
84.0 31.0 20.0 10.0
97.0 145.0 20.0 10.0
108.0 135.0 20.0 10.0
65.0 81.0 20.0 10.0
45.0 117.0 20.0 10.0
51.0 122.0 20.0 10.0
112.0 31.0 20.0 10.0
64.0 110.0 20.0 10.0
164.0 82.0 20.0 10.0
42.0 122.0 20.0 10.0
36.0 93.0 20.0 10.0
128.0 52.0 20.0 10.0
65.0 96.0 20.0 10.0
111.0 47.0 20.0 10.0
79.0 144.0 20.0 10.0
79.0 125.0 20.0 10.0
117.0 45.0 20.0 10.0
46.0 93.0 20.0 10.0
95.0 52.0 20.0 10.0
83.0 53.0 20.0 10.0
48.0 70.0 20.0 10.0
140.0 66.0 20.0 10.0
69.0 71.0 20.0 10.0
142.0 77.0 20.0 10.0
41.0 112.0 20.0 10.0
68.0 150.0 20.0 10.0
116.0 36.0 20.0 10.0
76.0 82.0 20.0 10.0
119.0 56.0 20.0 10.0
155.0 77.0 20.0 10.0
131.0 83.0 20.0 10.0
47.0 110.0 20.0 10.0
72.0 52.0 20.0 10.0
37.0 114.0 20.0 10.0
128.0 65.0 20.0 10.0
42.0 72.0 20.0 10.0
95.0 35.0 20.0 10.0
136.0 123.0 20.0 10.0
145.0 81.0 20.0 10.0
125.0 88.0 20.0 10.0
135.0 96.0 20.0 10.0
147.0 100.0 20.0 10.0
110.0 142.0 20.0 10.0
46.0 53.0 20.0 10.0
134.0 71.0 20.0 10.0
140.0 76.0 20.0 10.0
45.0 50.0 20.0 10.0
72.0 133.0 20.0 10.0
90.0 38.0 20.0 10.0
44.0 83.0 20.0 10.0
69.0 80.0 20.0 10.0
78.0 59.0 20.0 10.0
101.0 56.0 20.0 10.0
85.0 116.0 20.0 10.0
109.0 135.0 20.0 10.0
28.0 113.0 20.0 10.0
140.0 71.0 20.0 10.0
62.0 75.0 20.0 10.0
50.0 110.0 20.0 10.0
79.0 109.0 20.0 10.0
51.0 78.0 20.0 10.0
153.0 87.0 20.0 10.0
36.0 71.0 20.0 10.0
58.0 64.0 20.0 10.0
43.0 92.0 20.0 10.0
147.0 87.0 20.0 10.0
37.0 77.0 20.0 10.0
87.0 117.0 20.0 10.0
105.0 106.0 20.0 10.0
51.0 44.0 20.0 10.0
79.0 151.0 20.0 10.0
31.0 115.0 20.0 10.0
66.0 38.0 20.0 10.0
102.0 46.0 20.0 10.0
126.0 150.0 20.0 10.0
98.0 43.0 20.0 10.0
119.0 36.0 20.0 10.0
87.0 126.0 20.0 10.0
139.0 110.0 20.0 10.0
141.0 60.0 20.0 10.0
128.0 60.0 20.0 10.0
90.0 30.0 20.0 10.0
25.0 90.0 20.0 10.0
48.0 83.0 20.0 10.0
143.0 51.0 20.0 10.0
74.0 31.0 20.0 10.0
90.0 44.0 20.0 10.0
119.0 142.0 20.0 10.0
54.0 64.0 20.0 10.0
112.0 44.0 20.0 10.0
83.0 66.0 20.0 10.0
143.0 58.0 20.0 10.0
123.0 80.0 20.0 10.0
39.0 97.0 20.0 10.0
133.0 137.0 20.0 10.0
51.0 124.0 20.0 10.0
154.0 94.0 20.0 10.0
80.0 57.0 20.0 10.0
141.0 94.0 20.0 10.0
139.0 74.0 20.0 10.0
78.0 67.0 20.0 10.0
41.0 68.0 20.0 10.0
108.0 145.0 20.0 10.0
56.0 60.0 20.0 10.0
71.0 136.0 20.0 10.0
136.0 118.0 20.0 10.0
44.0 139.0 20.0 10.0
37.0 119.0 20.0 10.0
109.0 58.0 20.0 10.0
81.0 26.0 20.0 10.0
92.0 106.0 20.0 10.0
63.0 144.0 20.0 10.0
133.0 47.0 20.0 10.0
106.0 60.0 20.0 10.0
30.0 106.0 20.0 10.0
131.0 62.0 20.0 10.0
56.0 96.0 20.0 10.0
135.0 112.0 20.0 10.0
123.0 59.0 20.0 10.0
129.0 130.0 20.0 10.0
91.0 139.0 20.0 10.0
31.0 85.0 20.0 10.0
124.0 131.0 20.0 10.0
54.0 42.0 20.0 10.0
87.0 45.0 20.0 10.0
63.0 128.0 20.0 10.0
111.0 60.0 20.0 10.0
151.0 68.0 20.0 10.0
80.0 61.0 20.0 10.0
136.0 25.0 20.0 10.0
75.0 44.0 20.0 10.0
91.0 152.0 20.0 10.0
123.0 62.0 20.0 10.0
140.0 83.0 20.0 10.0
82.0 39.0 20.0 10.0
146.0 92.0 20.0 10.0
52.0 154.0 20.0 10.0
129.0 120.0 20.0 10.0
112.0 77.0 20.0 10.0
41.0 75.0 20.0 10.0
85.0 55.0 20.0 10.0
139.0 88.0 20.0 10.0
137.0 71.0 20.0 10.0
51.0 95.0 20.0 10.0
77.0 159.0 20.0 10.0
78.0 78.0 20.0 10.0
110.0 39.0 20.0 10.0
51.0 158.0 20.0 10.0
118.0 59.0 20.0 10.0
133.0 75.0 20.0 10.0
134.0 103.0 20.0 10.0
139.0 56.0 20.0 10.0
140.0 89.0 20.0 10.0
117.0 137.0 20.0 10.0
74.0 136.0 20.0 10.0
151.0 120.0 20.0 10.0
152.0 91.0 20.0 10.0
52.0 114.0 20.0 10.0
102.0 141.0 20.0 10.0
59.0 126.0 20.0 10.0
56.0 148.0 20.0 10.0
34.0 122.0 20.0 10.0
142.0 113.0 20.0 10.0
135.0 100.0 20.0 10.0
93.0 26.0 20.0 10.0
92.0 146.0 20.0 10.0
51.0 70.0 20.0 10.0
33.0 87.0 20.0 10.0
117.0 51.0 20.0 10.0
145.0 111.0 20.0 10.0
79.0 54.0 20.0 10.0
83.0 126.0 20.0 10.0
54.0 146.0 20.0 10.0
96.0 142.0 20.0 10.0
155.0 73.0 20.0 10.0
85.0 52.0 20.0 10.0
108.0 33.0 20.0 10.0
43.0 89.0 20.0 10.0
74.0 147.0 20.0 10.0
34.0 79.0 20.0 10.0
134.0 125.0 20.0 10.0
32.0 89.0 20.0 10.0
109.0 116.0 20.0 10.0
41.0 80.0 20.0 10.0
65.0 53.0 20.0 10.0
77.0 27.0 20.0 10.0
136.0 108.0 20.0 10.0
70.0 66.0 20.0 10.0
46.0 60.0 20.0 10.0
112.0 148.0 20.0 10.0
125.0 138.0 20.0 10.0
63.0 141.0 20.0 10.0
54.0 56.0 20.0 10.0
104.0 49.0 20.0 10.0
50.0 86.0 20.0 10.0
68.0 26.0 20.0 10.0
100.0 139.0 20.0 10.0
117.0 122.0 20.0 10.0
34.0 117.0 20.0 10.0
31.0 64.0 20.0 10.0
33.0 108.0 20.0 10.0
53.0 67.0 20.0 10.0
102.0 43.0 20.0 10.0
143.0 124.0 20.0 10.0
140.0 98.0 20.0 10.0
66.0 62.0 20.0 10.0
90.0 54.0 20.0 10.0
54.0 137.0 20.0 10.0
72.0 149.0 20.0 10.0
56.0 36.0 20.0 10.0
111.0 129.0 20.0 10.0
145.0 98.0 20.0 10.0
