1000
891.0 1432.0 20.0 10.0
1490.0 1811.0 20.0 10.0
1539.0 1777.0 20.0 10.0
469.0 1420.0 20.0 10.0
2698.0 844.0 20.0 10.0
4562.0 2032.0 20.0 10.0
5608.0 2369.0 20.0 10.0
2758.0 525.0 20.0 10.0
1935.0 1376.0 20.0 10.0
1962.0 1378.0 20.0 10.0
1955.0 1355.0 20.0 10.0
4530.0 1857.0 20.0 10.0
4511.0 1888.0 20.0 10.0
947.0 2101.0 20.0 10.0
1787.0 898.0 20.0 10.0
1790.0 927.0 20.0 10.0
863.0 2154.0 20.0 10.0
873.0 2158.0 20.0 10.0
4513.0 1849.0 20.0 10.0
4663.0 2025.0 20.0 10.0
1879.0 1092.0 20.0 10.0
771.0 1423.0 20.0 10.0
791.0 1429.0 20.0 10.0
4610.0 2016.0 20.0 10.0
4582.0 2008.0 20.0 10.0
1490.0 902.0 20.0 10.0
6103.0 2388.0 20.0 10.0
6078.0 2391.0 20.0 10.0
6040.0 2384.0 20.0 10.0
5996.0 2372.0 20.0 10.0
5947.0 2356.0 20.0 10.0
5153.0 2084.0 20.0 10.0
5141.0 2079.0 20.0 10.0
157.0 2708.0 20.0 10.0
4276.0 1900.0 20.0 10.0
4272.0 1876.0 20.0 10.0
5805.0 2492.0 20.0 10.0
1588.0 1716.0 20.0 10.0
5180.0 2044.0 20.0 10.0
5137.0 2049.0 20.0 10.0
5704.0 2251.0 20.0 10.0
5695.0 2252.0 20.0 10.0
5671.0 2251.0 20.0 10.0
5643.0 2260.0 20.0 10.0
2318.0 1158.0 20.0 10.0
2323.0 1167.0 20.0 10.0
2333.0 1189.0 20.0 10.0
2353.0 1209.0 20.0 10.0
1517.0 1807.0 20.0 10.0
1513.0 1784.0 20.0 10.0
5420.0 2030.0 20.0 10.0
1616.0 1499.0 20.0 10.0
1622.0 1494.0 20.0 10.0
1647.0 1496.0 20.0 10.0
4648.0 2151.0 20.0 10.0
4633.0 2138.0 20.0 10.0
963.0 2117.0 20.0 10.0
2759.0 936.0 20.0 10.0
2735.0 1175.0 20.0 10.0
2846.0 1422.0 20.0 10.0
1188.0 1451.0 20.0 10.0
4281.0 1927.0 20.0 10.0
4282.0 1915.0 20.0 10.0
742.0 2382.0 20.0 10.0
2421.0 1305.0 20.0 10.0
2345.0 1288.0 20.0 10.0
5883.0 2519.0 20.0 10.0
5865.0 2507.0 20.0 10.0
2540.0 1370.0 20.0 10.0
2575.0 1378.0 20.0 10.0
2657.0 1389.0 20.0 10.0
4670.0 2187.0 20.0 10.0
4642.0 2170.0 20.0 10.0
4609.0 2120.0 20.0 10.0
1866.0 1270.0 20.0 10.0
1869.0 1297.0 20.0 10.0
3130.0 1433.0 20.0 10.0
3124.0 1439.0 20.0 10.0
3118.0 1445.0 20.0 10.0
3108.0 1464.0 20.0 10.0
3087.0 1452.0 20.0 10.0
4124.0 1378.0 20.0 10.0
4099.0 1384.0 20.0 10.0
2717.0 66.0 20.0 10.0
2531.0 1407.0 20.0 10.0
1708.0 923.0 20.0 10.0
1727.0 934.0 20.0 10.0
1744.0 949.0 20.0 10.0
1765.0 964.0 20.0 10.0
1781.0 979.0 20.0 10.0
1799.0 997.0 20.0 10.0
3633.0 1689.0 20.0 10.0
4227.0 1822.0 20.0 10.0
5732.0 2340.0 20.0 10.0
5710.0 2327.0 20.0 10.0
4601.0 1866.0 20.0 10.0
4580.0 1877.0 20.0 10.0
4547.0 1876.0 20.0 10.0
2760.0 1050.0 20.0 10.0
2752.0 1066.0 20.0 10.0
3778.0 1629.0 20.0 10.0
5580.0 2320.0 20.0 10.0
5535.0 2017.0 20.0 10.0
4006.0 1534.0 20.0 10.0
298.0 1407.0 20.0 10.0
324.0 1397.0 20.0 10.0
375.0 1399.0 20.0 10.0
430.0 1402.0 20.0 10.0
2335.0 1272.0 20.0 10.0
911.0 1434.0 20.0 10.0
5429.0 2011.0 20.0 10.0
2720.0 121.0 20.0 10.0
1909.0 1367.0 20.0 10.0
1926.0 1363.0 20.0 10.0
809.0 1403.0 20.0 10.0
4774.0 2423.0 20.0 10.0
4774.0 2412.0 20.0 10.0
1833.0 1298.0 20.0 10.0
1846.0 1301.0 20.0 10.0
2553.0 1407.0 20.0 10.0
2149.0 1356.0 20.0 10.0
2175.0 1342.0 20.0 10.0
3965.0 1590.0 20.0 10.0
5636.0 2239.0 20.0 10.0
5509.0 2225.0 20.0 10.0
2780.0 910.0 20.0 10.0
2752.0 910.0 20.0 10.0
2732.0 932.0 20.0 10.0
797.0 1434.0 20.0 10.0
2551.0 1384.0 20.0 10.0
2552.0 1351.0 20.0 10.0
2712.0 811.0 20.0 10.0
1957.0 1534.0 20.0 10.0
5723.0 2265.0 20.0 10.0
5704.0 2260.0 20.0 10.0
5691.0 2257.0 20.0 10.0
4770.0 1946.0 20.0 10.0
3987.0 1759.0 20.0 10.0
4029.0 1451.0 20.0 10.0
4875.0 1969.0 20.0 10.0
4873.0 1979.0 20.0 10.0
4871.0 1992.0 20.0 10.0
4850.0 1986.0 20.0 10.0
4843.0 2014.0 20.0 10.0
4824.0 2002.0 20.0 10.0
4818.0 2027.0 20.0 10.0
4724.0 2000.0 20.0 10.0
2758.0 929.0 20.0 10.0
447.0 1402.0 20.0 10.0
471.0 1387.0 20.0 10.0
5016.0 2051.0 20.0 10.0
2551.0 1413.0 20.0 10.0
583.0 1421.0 20.0 10.0
1936.0 1549.0 20.0 10.0
2769.0 846.0 20.0 10.0
402.0 1412.0 20.0 10.0
1896.0 1370.0 20.0 10.0
6025.0 2340.0 20.0 10.0
2636.0 1388.0 20.0 10.0
2743.0 1369.0 20.0 10.0
4525.0 2042.0 20.0 10.0
4532.0 2041.0 20.0 10.0
5497.0 2191.0 20.0 10.0
5519.0 2206.0 20.0 10.0
2573.0 1433.0 20.0 10.0
2592.0 1426.0 20.0 10.0
2605.0 1400.0 20.0 10.0
2660.0 1372.0 20.0 10.0
4695.0 2236.0 20.0 10.0
69.0 1397.0 20.0 10.0
92.0 1398.0 20.0 10.0
118.0 1400.0 20.0 10.0
2614.0 1367.0 20.0 10.0
2622.0 1367.0 20.0 10.0
2747.0 959.0 20.0 10.0
2732.0 305.0 20.0 10.0
2732.0 346.0 20.0 10.0
356.0 2706.0 20.0 10.0
387.0 2703.0 20.0 10.0
3746.0 1677.0 20.0 10.0
1509.0 1812.0 20.0 10.0
1620.0 969.0 20.0 10.0
1641.0 994.0 20.0 10.0
504.0 1388.0 20.0 10.0
2766.0 548.0 20.0 10.0
2242.0 1279.0 20.0 10.0
1716.0 1054.0 20.0 10.0
2787.0 869.0 20.0 10.0
2776.0 890.0 20.0 10.0
2767.0 905.0 20.0 10.0
5516.0 2275.0 20.0 10.0
1683.0 1013.0 20.0 10.0
1728.0 1035.0 20.0 10.0
2733.0 388.0 20.0 10.0
2796.0 133.0 20.0 10.0
2783.0 156.0 20.0 10.0
2320.0 1229.0 20.0 10.0
2330.0 1237.0 20.0 10.0
4600.0 1858.0 20.0 10.0
2781.0 169.0 20.0 10.0
5295.0 2036.0 20.0 10.0
5106.0 2103.0 20.0 10.0
4957.0 1996.0 20.0 10.0
4948.0 1996.0 20.0 10.0
4939.0 1996.0 20.0 10.0
4571.0 1790.0 20.0 10.0
2529.0 1337.0 20.0 10.0
2762.0 170.0 20.0 10.0
4111.0 1477.0 20.0 10.0
4095.0 1478.0 20.0 10.0
4067.0 1483.0 20.0 10.0
4040.0 1513.0 20.0 10.0
4893.0 1945.0 20.0 10.0
2568.0 1352.0 20.0 10.0
1613.0 1451.0 20.0 10.0
4758.0 2391.0 20.0 10.0
4747.0 2369.0 20.0 10.0
1139.0 2071.0 20.0 10.0
1171.0 2043.0 20.0 10.0
1204.0 2014.0 20.0 10.0
5478.0 2252.0 20.0 10.0
5503.0 2261.0 20.0 10.0
5532.0 2257.0 20.0 10.0
5553.0 2255.0 20.0 10.0
4486.0 1834.0 20.0 10.0
4490.0 1842.0 20.0 10.0
1058.0 1408.0 20.0 10.0
1048.0 1430.0 20.0 10.0
1028.0 1442.0 20.0 10.0
5784.0 2478.0 20.0 10.0
4030.0 1832.0 20.0 10.0
4047.0 1829.0 20.0 10.0
4055.0 1813.0 20.0 10.0
4033.0 1796.0 20.0 10.0
1488.0 1788.0 20.0 10.0
4500.0 1842.0 20.0 10.0
4491.0 1862.0 20.0 10.0
4487.0 1882.0 20.0 10.0
4482.0 1901.0 20.0 10.0
938.0 1437.0 20.0 10.0
946.0 1438.0 20.0 10.0
957.0 1438.0 20.0 10.0
5537.0 2236.0 20.0 10.0
4859.0 2510.0 20.0 10.0
4853.0 2500.0 20.0 10.0
4836.0 2477.0 20.0 10.0
4602.0 2064.0 20.0 10.0
54.0 2671.0 20.0 10.0
85.0 2682.0 20.0 10.0
1962.0 1205.0 20.0 10.0
1960.0 1179.0 20.0 10.0
942.0 2128.0 20.0 10.0
533.0 2721.0 20.0 10.0
4302.0 1750.0 20.0 10.0
1647.0 1711.0 20.0 10.0
1704.0 1676.0 20.0 10.0
1764.0 1641.0 20.0 10.0
4838.0 2464.0 20.0 10.0
4817.0 2448.0 20.0 10.0
4796.0 2418.0 20.0 10.0
4773.0 2382.0 20.0 10.0
4747.0 2345.0 20.0 10.0
2767.0 1042.0 20.0 10.0
4868.0 2481.0 20.0 10.0
4859.0 2455.0 20.0 10.0
4602.0 2087.0 20.0 10.0
4574.0 2068.0 20.0 10.0
5891.0 2502.0 20.0 10.0
5403.0 2016.0 20.0 10.0
2683.0 820.0 20.0 10.0
2772.0 901.0 20.0 10.0
1037.0 1464.0 20.0 10.0
203.0 1371.0 20.0 10.0
1018.0 1387.0 20.0 10.0
815.0 1429.0 20.0 10.0
885.0 1434.0 20.0 10.0
1210.0 1988.0 20.0 10.0
1239.0 1986.0 20.0 10.0
1276.0 1957.0 20.0 10.0
1315.0 1928.0 20.0 10.0
1355.0 1899.0 20.0 10.0
2288.0 1452.0 20.0 10.0
5730.0 2283.0 20.0 10.0
5666.0 2301.0 20.0 10.0
1891.0 1499.0 20.0 10.0
1960.0 1501.0 20.0 10.0
2239.0 1262.0 20.0 10.0
4821.0 2487.0 20.0 10.0
2678.0 611.0 20.0 10.0
2674.0 634.0 20.0 10.0
2736.0 446.0 20.0 10.0
4254.0 1748.0 20.0 10.0
4240.0 1759.0 20.0 10.0
4220.0 1777.0 20.0 10.0
1679.0 1689.0 20.0 10.0
4255.0 1844.0 20.0 10.0
976.0 2251.0 20.0 10.0
5757.0 2278.0 20.0 10.0
5731.0 2271.0 20.0 10.0
2593.0 1339.0 20.0 10.0
2582.0 1355.0 20.0 10.0
4270.0 1746.0 20.0 10.0
3747.0 1629.0 20.0 10.0
3686.0 1634.0 20.0 10.0
3121.0 1468.0 20.0 10.0
2732.0 265.0 20.0 10.0
1275.0 1934.0 20.0 10.0
1934.0 1355.0 20.0 10.0
2525.0 1396.0 20.0 10.0
5710.0 2420.0 20.0 10.0
4251.0 1768.0 20.0 10.0
1703.0 1066.0 20.0 10.0
1723.0 1081.0 20.0 10.0
1752.0 1082.0 20.0 10.0
1787.0 1084.0 20.0 10.0
1450.0 1470.0 20.0 10.0
4033.0 1491.0 20.0 10.0
4062.0 1491.0 20.0 10.0
4071.0 1514.0 20.0 10.0
982.0 2240.0 20.0 10.0
961.0 2229.0 20.0 10.0
951.0 2210.0 20.0 10.0
987.0 2197.0 20.0 10.0
1020.0 2175.0 20.0 10.0
1053.0 2153.0 20.0 10.0
1082.0 2127.0 20.0 10.0
1110.0 2099.0 20.0 10.0
903.0 2277.0 20.0 10.0
4742.0 1957.0 20.0 10.0
4720.0 1963.0 20.0 10.0
1203.0 1995.0 20.0 10.0
1674.0 1073.0 20.0 10.0
5623.0 2007.0 20.0 10.0
4646.0 2020.0 20.0 10.0
485.0 1419.0 20.0 10.0
514.0 1406.0 20.0 10.0
548.0 1410.0 20.0 10.0
612.0 1414.0 20.0 10.0
97.0 2611.0 20.0 10.0
116.0 2636.0 20.0 10.0
120.0 2670.0 20.0 10.0
156.0 2678.0 20.0 10.0
168.0 2648.0 20.0 10.0
2704.0 131.0 20.0 10.0
4052.0 1777.0 20.0 10.0
452.0 2686.0 20.0 10.0
4770.0 1938.0 20.0 10.0
4758.0 1949.0 20.0 10.0
5342.0 2033.0 20.0 10.0
5330.0 2033.0 20.0 10.0
190.0 1403.0 20.0 10.0
205.0 1398.0 20.0 10.0
926.0 2226.0 20.0 10.0
933.0 2220.0 20.0 10.0
1758.0 1491.0 20.0 10.0
1824.0 1496.0 20.0 10.0
2740.0 558.0 20.0 10.0
2736.0 719.0 20.0 10.0
919.0 2234.0 20.0 10.0
488.0 1406.0 20.0 10.0
941.0 2316.0 20.0 10.0
951.0 2299.0 20.0 10.0
5533.0 2227.0 20.0 10.0
993.0 2243.0 20.0 10.0
870.0 2269.0 20.0 10.0
884.0 2250.0 20.0 10.0
901.0 2238.0 20.0 10.0
4785.0 2475.0 20.0 10.0
3623.0 1635.0 20.0 10.0
2734.0 433.0 20.0 10.0
2738.0 481.0 20.0 10.0
2743.0 533.0 20.0 10.0
2749.0 587.0 20.0 10.0
5749.0 2246.0 20.0 10.0
2576.0 1409.0 20.0 10.0
2570.0 1465.0 20.0 10.0
2553.0 1452.0 20.0 10.0
2721.0 944.0 20.0 10.0
2731.0 990.0 20.0 10.0
2735.0 1040.0 20.0 10.0
2734.0 1120.0 20.0 10.0
3582.0 1600.0 20.0 10.0
3554.0 1595.0 20.0 10.0
892.0 2239.0 20.0 10.0
5790.0 2443.0 20.0 10.0
5765.0 2452.0 20.0 10.0
2311.0 1467.0 20.0 10.0
905.0 2158.0 20.0 10.0
922.0 2159.0 20.0 10.0
4707.0 1989.0 20.0 10.0
4685.0 2007.0 20.0 10.0
2719.0 1175.0 20.0 10.0
2734.0 1201.0 20.0 10.0
2721.0 145.0 20.0 10.0
4086.0 1454.0 20.0 10.0
1949.0 1551.0 20.0 10.0
1951.0 1181.0 20.0 10.0
1303.0 1460.0 20.0 10.0
1294.0 1459.0 20.0 10.0
1282.0 1457.0 20.0 10.0
2768.0 744.0 20.0 10.0
4610.0 1835.0 20.0 10.0
1901.0 1372.0 20.0 10.0
5522.0 2322.0 20.0 10.0
4628.0 1973.0 20.0 10.0
4531.0 1948.0 20.0 10.0
132.0 1381.0 20.0 10.0
157.0 1373.0 20.0 10.0
162.0 1400.0 20.0 10.0
190.0 1393.0 20.0 10.0
231.0 1394.0 20.0 10.0
276.0 1395.0 20.0 10.0
2270.0 1269.0 20.0 10.0
2199.0 1249.0 20.0 10.0
2129.0 1230.0 20.0 10.0
2536.0 1449.0 20.0 10.0
2753.0 159.0 20.0 10.0
1825.0 1605.0 20.0 10.0
1889.0 1568.0 20.0 10.0
5130.0 2065.0 20.0 10.0
4878.0 2033.0 20.0 10.0
2312.0 1130.0 20.0 10.0
2314.0 1140.0 20.0 10.0
1623.0 1686.0 20.0 10.0
3743.0 1652.0 20.0 10.0
3718.0 1643.0 20.0 10.0
5227.0 2039.0 20.0 10.0
1539.0 929.0 20.0 10.0
1556.0 952.0 20.0 10.0
1573.0 971.0 20.0 10.0
1605.0 983.0 20.0 10.0
2483.0 1324.0 20.0 10.0
2509.0 1338.0 20.0 10.0
4006.0 1829.0 20.0 10.0
1847.0 1110.0 20.0 10.0
5606.0 2009.0 20.0 10.0
964.0 2273.0 20.0 10.0
862.0 1433.0 20.0 10.0
5536.0 2305.0 20.0 10.0
4702.0 1994.0 20.0 10.0
5771.0 2473.0 20.0 10.0
5765.0 2464.0 20.0 10.0
5753.0 2452.0 20.0 10.0
5267.0 2154.0 20.0 10.0
5180.0 2129.0 20.0 10.0
5092.0 2103.0 20.0 10.0
5004.0 2076.0 20.0 10.0
4912.0 2051.0 20.0 10.0
677.0 1418.0 20.0 10.0
746.0 1423.0 20.0 10.0
2886.0 1369.0 20.0 10.0
2869.0 1362.0 20.0 10.0
1592.0 1745.0 20.0 10.0
4153.0 1339.0 20.0 10.0
4143.0 1362.0 20.0 10.0
5538.0 2213.0 20.0 10.0
5581.0 2347.0 20.0 10.0
5590.0 2344.0 20.0 10.0
1943.0 1180.0 20.0 10.0
4870.0 1940.0 20.0 10.0
653.0 1424.0 20.0 10.0
2721.0 39.0 20.0 10.0
902.0 2111.0 20.0 10.0
927.0 2102.0 20.0 10.0
928.0 2128.0 20.0 10.0
251.0 2714.0 20.0 10.0
2758.0 867.0 20.0 10.0
4218.0 1841.0 20.0 10.0
5675.0 2304.0 20.0 10.0
306.0 2711.0 20.0 10.0
282.0 2725.0 20.0 10.0
893.0 2258.0 20.0 10.0
1695.0 909.0 20.0 10.0
1704.0 918.0 20.0 10.0
4548.0 1832.0 20.0 10.0
1055.0 1474.0 20.0 10.0
1044.0 1462.0 20.0 10.0
1043.0 1453.0 20.0 10.0
1567.0 924.0 20.0 10.0
3938.0 1583.0 20.0 10.0
2724.0 184.0 20.0 10.0
2733.0 196.0 20.0 10.0
2734.0 228.0 20.0 10.0
4023.0 1773.0 20.0 10.0
1651.0 1693.0 20.0 10.0
2788.0 890.0 20.0 10.0
25.0 2756.0 20.0 10.0
43.0 2734.0 20.0 10.0
64.0 2709.0 20.0 10.0
4664.0 2189.0 20.0 10.0
2100.0 1227.0 20.0 10.0
2739.0 1157.0 20.0 10.0
3107.0 1522.0 20.0 10.0
5888.0 2320.0 20.0 10.0
2714.0 879.0 20.0 10.0
2709.0 906.0 20.0 10.0
5733.0 2225.0 20.0 10.0
5714.0 2240.0 20.0 10.0
5832.0 2490.0 20.0 10.0
221.0 2702.0 20.0 10.0
4321.0 1748.0 20.0 10.0
3141.0 1569.0 20.0 10.0
3128.0 1556.0 20.0 10.0
2751.0 25.0 20.0 10.0
2750.0 36.0 20.0 10.0
2746.0 54.0 20.0 10.0
2742.0 77.0 20.0 10.0
2735.0 106.0 20.0 10.0
2730.0 133.0 20.0 10.0
516.0 2667.0 20.0 10.0
4612.0 2049.0 20.0 10.0
4585.0 2048.0 20.0 10.0
955.0 2293.0 20.0 10.0
2095.0 1350.0 20.0 10.0
2125.0 1339.0 20.0 10.0
477.0 2646.0 20.0 10.0
1513.0 1776.0 20.0 10.0
4025.0 1435.0 20.0 10.0
511.0 2696.0 20.0 10.0
486.0 2676.0 20.0 10.0
3839.0 1714.0 20.0 10.0
1605.0 1702.0 20.0 10.0
1628.0 1697.0 20.0 10.0
5759.0 2287.0 20.0 10.0
2552.0 1443.0 20.0 10.0
451.0 1418.0 20.0 10.0
4775.0 2408.0 20.0 10.0
4692.0 1969.0 20.0 10.0
4662.0 1987.0 20.0 10.0
4722.0 1977.0 20.0 10.0
136.0 2612.0 20.0 10.0
4201.0 1816.0 20.0 10.0
4179.0 1809.0 20.0 10.0
2324.0 1254.0 20.0 10.0
2351.0 1252.0 20.0 10.0
1576.0 1488.0 20.0 10.0
1585.0 1486.0 20.0 10.0
1595.0 1484.0 20.0 10.0
5865.0 2312.0 20.0 10.0
5858.0 2504.0 20.0 10.0
2529.0 1433.0 20.0 10.0
637.0 1421.0 20.0 10.0
649.0 1423.0 20.0 10.0
2835.0 1389.0 20.0 10.0
5649.0 2289.0 20.0 10.0
3548.0 1628.0 20.0 10.0
3526.0 1607.0 20.0 10.0
3491.0 1597.0 20.0 10.0
3356.0 1558.0 20.0 10.0
4308.0 1759.0 20.0 10.0
2558.0 1429.0 20.0 10.0
1473.0 1781.0 20.0 10.0
1502.0 1773.0 20.0 10.0
4529.0 1928.0 20.0 10.0
1100.0 1445.0 20.0 10.0
1775.0 969.0 20.0 10.0
2668.0 596.0 20.0 10.0
2666.0 617.0 20.0 10.0
2669.0 630.0 20.0 10.0
2674.0 647.0 20.0 10.0
2749.0 675.0 20.0 10.0
3254.0 1526.0 20.0 10.0
3222.0 1519.0 20.0 10.0
3085.0 1481.0 20.0 10.0
939.0 2160.0 20.0 10.0
963.0 2164.0 20.0 10.0
991.0 2168.0 20.0 10.0
5955.0 2343.0 20.0 10.0
688.0 2444.0 20.0 10.0
698.0 2432.0 20.0 10.0
711.0 2418.0 20.0 10.0
5860.0 2303.0 20.0 10.0
5829.0 2297.0 20.0 10.0
1776.0 1061.0 20.0 10.0
1825.0 1088.0 20.0 10.0
1878.0 1072.0 20.0 10.0
1906.0 1105.0 20.0 10.0
1938.0 1139.0 20.0 10.0
4280.0 1959.0 20.0 10.0
4280.0 1949.0 20.0 10.0
4280.0 1939.0 20.0 10.0
5508.0 2210.0 20.0 10.0
519.0 1418.0 20.0 10.0
5434.0 2031.0 20.0 10.0
1450.0 1489.0 20.0 10.0
1456.0 1483.0 20.0 10.0
1470.0 1463.0 20.0 10.0
2508.0 1361.0 20.0 10.0
2538.0 1358.0 20.0 10.0
1458.0 1784.0 20.0 10.0
6139.0 2400.0 20.0 10.0
6112.0 2391.0 20.0 10.0
5997.0 2330.0 20.0 10.0
5963.0 2324.0 20.0 10.0
4880.0 1961.0 20.0 10.0
5154.0 2113.0 20.0 10.0
2724.0 162.0 20.0 10.0
1482.0 1780.0 20.0 10.0
4807.0 2470.0 20.0 10.0
3119.0 1547.0 20.0 10.0
1628.0 979.0 20.0 10.0
1894.0 1539.0 20.0 10.0
5176.0 2017.0 20.0 10.0
5168.0 2019.0 20.0 10.0
5160.0 2023.0 20.0 10.0
5153.0 2028.0 20.0 10.0
5146.0 2037.0 20.0 10.0
6044.0 2338.0 20.0 10.0
6019.0 2333.0 20.0 10.0
5839.0 2494.0 20.0 10.0
5813.0 2479.0 20.0 10.0
1797.0 956.0 20.0 10.0
3628.0 1681.0 20.0 10.0
3611.0 1668.0 20.0 10.0
3592.0 1654.0 20.0 10.0
3571.0 1641.0 20.0 10.0
4279.0 1754.0 20.0 10.0
2700.0 854.0 20.0 10.0
2703.0 878.0 20.0 10.0
1924.0 1545.0 20.0 10.0
1308.0 1455.0 20.0 10.0
1375.0 1460.0 20.0 10.0
1441.0 1465.0 20.0 10.0
1505.0 1469.0 20.0 10.0
1567.0 1474.0 20.0 10.0
1631.0 1477.0 20.0 10.0
1694.0 1484.0 20.0 10.0
2728.0 1090.0 20.0 10.0
5137.0 2107.0 20.0 10.0
1704.0 1083.0 20.0 10.0
865.0 1392.0 20.0 10.0
820.0 2325.0 20.0 10.0
832.0 2305.0 20.0 10.0
851.0 2292.0 20.0 10.0
1697.0 1080.0 20.0 10.0
4486.0 1969.0 20.0 10.0
4434.0 1922.0 20.0 10.0
4327.0 1881.0 20.0 10.0
4565.0 1852.0 20.0 10.0
1884.0 1274.0 20.0 10.0
5415.0 2029.0 20.0 10.0
3992.0 1598.0 20.0 10.0
4878.0 2461.0 20.0 10.0
103.0 1399.0 20.0 10.0
2823.0 1442.0 20.0 10.0
2754.0 765.0 20.0 10.0
2751.0 830.0 20.0 10.0
2746.0 897.0 20.0 10.0
2739.0 968.0 20.0 10.0
1460.0 1808.0 20.0 10.0
3542.0 1620.0 20.0 10.0
4805.0 2524.0 20.0 10.0
4798.0 2496.0 20.0 10.0
544.0 2650.0 20.0 10.0
2739.0 1170.0 20.0 10.0
2738.0 1285.0 20.0 10.0
5168.0 2120.0 20.0 10.0
2718.0 852.0 20.0 10.0
2717.0 897.0 20.0 10.0
5928.0 2344.0 20.0 10.0
5894.0 2336.0 20.0 10.0
5835.0 2315.0 20.0 10.0
825.0 2157.0 20.0 10.0
847.0 2161.0 20.0 10.0
846.0 2152.0 20.0 10.0
2698.0 761.0 20.0 10.0
2426.0 1379.0 20.0 10.0
2456.0 1368.0 20.0 10.0
4248.0 1863.0 20.0 10.0
4053.0 1456.0 20.0 10.0
1970.0 1296.0 20.0 10.0
2005.0 1307.0 20.0 10.0
2861.0 1360.0 20.0 10.0
2852.0 1358.0 20.0 10.0
2844.0 1361.0 20.0 10.0
2839.0 1369.0 20.0 10.0
2061.0 1305.0 20.0 10.0
2068.0 1353.0 20.0 10.0
2079.0 1401.0 20.0 10.0
2821.0 1418.0 20.0 10.0
2546.0 1476.0 20.0 10.0
2742.0 1090.0 20.0 10.0
152.0 1396.0 20.0 10.0
5513.0 2251.0 20.0 10.0
801.0 2153.0 20.0 10.0
302.0 2745.0 20.0 10.0
4894.0 2531.0 20.0 10.0
4873.0 2516.0 20.0 10.0
4537.0 2014.0 20.0 10.0
1825.0 1018.0 20.0 10.0
901.0 1432.0 20.0 10.0
2435.0 1379.0 20.0 10.0
2596.0 1366.0 20.0 10.0
2590.0 1360.0 20.0 10.0
1719.0 936.0 20.0 10.0
4929.0 1996.0 20.0 10.0
2096.0 1443.0 20.0 10.0
1065.0 1416.0 20.0 10.0
871.0 2278.0 20.0 10.0
2742.0 504.0 20.0 10.0
27.0 2654.0 20.0 10.0
4886.0 2032.0 20.0 10.0
1410.0 1837.0 20.0 10.0
1442.0 1840.0 20.0 10.0
166.0 2616.0 20.0 10.0
420.0 2695.0 20.0 10.0
1816.0 996.0 20.0 10.0
1398.0 1869.0 20.0 10.0
2747.0 737.0 20.0 10.0
2818.0 1370.0 20.0 10.0
756.0 2398.0 20.0 10.0
4860.0 2524.0 20.0 10.0
2303.0 1464.0 20.0 10.0
2734.0 460.0 20.0 10.0
2740.0 1399.0 20.0 10.0
1788.0 905.0 20.0 10.0
4879.0 2535.0 20.0 10.0
2499.0 1325.0 20.0 10.0
1034.0 1399.0 20.0 10.0
1030.0 1423.0 20.0 10.0
4554.0 1822.0 20.0 10.0
1289.0 1930.0 20.0 10.0
1815.0 1292.0 20.0 10.0
5397.0 2027.0 20.0 10.0
5365.0 2029.0 20.0 10.0
5789.0 2466.0 20.0 10.0
2425.0 1364.0 20.0 10.0
2497.0 1371.0 20.0 10.0
2329.0 1175.0 20.0 10.0
3104.0 1489.0 20.0 10.0
1170.0 1447.0 20.0 10.0
1240.0 1451.0 20.0 10.0
134.0 1402.0 20.0 10.0
933.0 1436.0 20.0 10.0
2015.0 1358.0 20.0 10.0
2046.0 1349.0 20.0 10.0
5738.0 2438.0 20.0 10.0
3974.0 1559.0 20.0 10.0
5078.0 2036.0 20.0 10.0
4611.0 1789.0 20.0 10.0
727.0 2373.0 20.0 10.0
745.0 2373.0 20.0 10.0
769.0 2374.0 20.0 10.0
775.0 2353.0 20.0 10.0
793.0 2337.0 20.0 10.0
812.0 2321.0 20.0 10.0
4813.0 2546.0 20.0 10.0
4616.0 1855.0 20.0 10.0
4605.0 1859.0 20.0 10.0
5813.0 2294.0 20.0 10.0
5774.0 2291.0 20.0 10.0
5695.0 2271.0 20.0 10.0
5611.0 2249.0 20.0 10.0
5525.0 2227.0 20.0 10.0
5439.0 2203.0 20.0 10.0
5353.0 2178.0 20.0 10.0
924.0 2282.0 20.0 10.0
915.0 2255.0 20.0 10.0
936.0 2242.0 20.0 10.0
2062.0 1210.0 20.0 10.0
5979.0 2358.0 20.0 10.0
3814.0 1703.0 20.0 10.0
724.0 2403.0 20.0 10.0
2791.0 1415.0 20.0 10.0
4798.0 2448.0 20.0 10.0
2059.0 1256.0 20.0 10.0
1863.0 1616.0 20.0 10.0
1877.0 1597.0 20.0 10.0
4027.0 1443.0 20.0 10.0
1886.0 1373.0 20.0 10.0
4138.0 1411.0 20.0 10.0
4127.0 1423.0 20.0 10.0
2760.0 134.0 20.0 10.0
2775.0 182.0 20.0 10.0
2745.0 180.0 20.0 10.0
4590.0 1850.0 20.0 10.0
2106.0 1300.0 20.0 10.0
2128.0 1311.0 20.0 10.0
2153.0 1322.0 20.0 10.0
2693.0 744.0 20.0 10.0
4251.0 1855.0 20.0 10.0
2828.0 1415.0 20.0 10.0
3122.0 1559.0 20.0 10.0
2777.0 509.0 20.0 10.0
1777.0 959.0 20.0 10.0
4148.0 1399.0 20.0 10.0
1833.0 1589.0 20.0 10.0
1848.0 1576.0 20.0 10.0
1876.0 1576.0 20.0 10.0
1880.0 1113.0 20.0 10.0
5445.0 2032.0 20.0 10.0
2343.0 1157.0 20.0 10.0
2355.0 1182.0 20.0 10.0
4107.0 1332.0 20.0 10.0
4100.0 1356.0 20.0 10.0
4100.0 1368.0 20.0 10.0
4918.0 1997.0 20.0 10.0
4906.0 1997.0 20.0 10.0
4890.0 2007.0 20.0 10.0
4883.0 1994.0 20.0 10.0
1677.0 1065.0 20.0 10.0
3896.0 1598.0 20.0 10.0
3851.0 1612.0 20.0 10.0
3802.0 1622.0 20.0 10.0
4085.0 1528.0 20.0 10.0
2711.0 81.0 20.0 10.0
2714.0 92.0 20.0 10.0
2718.0 111.0 20.0 10.0
2723.0 132.0 20.0 10.0
2369.0 1234.0 20.0 10.0
2385.0 1257.0 20.0 10.0
4030.0 1460.0 20.0 10.0
4034.0 1469.0 20.0 10.0
2778.0 732.0 20.0 10.0
4170.0 1373.0 20.0 10.0
4157.0 1388.0 20.0 10.0
2782.0 117.0 20.0 10.0
2041.0 1320.0 20.0 10.0
2079.0 1334.0 20.0 10.0
5663.0 2235.0 20.0 10.0
2318.0 1152.0 20.0 10.0
748.0 2369.0 20.0 10.0
1736.0 973.0 20.0 10.0
1756.0 987.0 20.0 10.0
4598.0 1812.0 20.0 10.0
4570.0 1816.0 20.0 10.0
4720.0 2305.0 20.0 10.0
4695.0 2262.0 20.0 10.0
2364.0 1279.0 20.0 10.0
2394.0 1283.0 20.0 10.0
2753.0 643.0 20.0 10.0
2755.0 703.0 20.0 10.0
4189.0 1794.0 20.0 10.0
4150.0 1801.0 20.0 10.0
4105.0 1800.0 20.0 10.0
4534.0 1912.0 20.0 10.0
4504.0 1919.0 20.0 10.0
4475.0 1911.0 20.0 10.0
2479.0 1344.0 20.0 10.0
25.0 1387.0 20.0 10.0
50.0 1396.0 20.0 10.0
889.0 2158.0 20.0 10.0
1805.0 968.0 20.0 10.0
1817.0 983.0 20.0 10.0
1836.0 1011.0 20.0 10.0
1853.0 1039.0 20.0 10.0
2320.0 1364.0 20.0 10.0
2355.0 1358.0 20.0 10.0
4093.0 1403.0 20.0 10.0
4101.0 1431.0 20.0 10.0
5617.0 2366.0 20.0 10.0
5113.0 2099.0 20.0 10.0
5108.0 2078.0 20.0 10.0
6052.0 2347.0 20.0 10.0
6069.0 2378.0 20.0 10.0
4282.0 1967.0 20.0 10.0
5536.0 2278.0 20.0 10.0
1266.0 1456.0 20.0 10.0
5668.0 2276.0 20.0 10.0
1558.0 927.0 20.0 10.0
1582.0 940.0 20.0 10.0
1602.0 955.0 20.0 10.0
2831.0 1424.0 20.0 10.0
2847.0 1406.0 20.0 10.0
2950.0 1444.0 20.0 10.0
1773.0 877.0 20.0 10.0
2810.0 1419.0 20.0 10.0
4565.0 2085.0 20.0 10.0
4570.0 2062.0 20.0 10.0
4556.0 2047.0 20.0 10.0
4544.0 2030.0 20.0 10.0
4819.0 2519.0 20.0 10.0
4819.0 2495.0 20.0 10.0
1481.0 921.0 20.0 10.0
1507.0 913.0 20.0 10.0
1527.0 929.0 20.0 10.0
1544.0 955.0 20.0 10.0
3125.0 1569.0 20.0 10.0
4874.0 2558.0 20.0 10.0
1751.0 931.0 20.0 10.0
1759.0 953.0 20.0 10.0
190.0 2690.0 20.0 10.0
6165.0 2409.0 20.0 10.0
2688.0 829.0 20.0 10.0
2694.0 841.0 20.0 10.0
2748.0 1034.0 20.0 10.0
1610.0 1474.0 20.0 10.0
1631.0 1454.0 20.0 10.0
2741.0 84.0 20.0 10.0
3141.0 1517.0 20.0 10.0
3133.0 1511.0 20.0 10.0
3112.0 1530.0 20.0 10.0
3091.0 1510.0 20.0 10.0
5535.0 2310.0 20.0 10.0
5546.0 2304.0 20.0 10.0
5564.0 2288.0 20.0 10.0
4846.0 2488.0 20.0 10.0
1596.0 1709.0 20.0 10.0
2703.0 776.0 20.0 10.0
990.0 2225.0 20.0 10.0
2748.0 483.0 20.0 10.0
1909.0 1571.0 20.0 10.0
1932.0 1557.0 20.0 10.0
1960.0 1539.0 20.0 10.0
1990.0 1518.0 20.0 10.0
2030.0 1503.0 20.0 10.0
2124.0 1478.0 20.0 10.0
2223.0 1461.0 20.0 10.0
2324.0 1443.0 20.0 10.0
2427.0 1425.0 20.0 10.0
34.0 1396.0 20.0 10.0
2547.0 1426.0 20.0 10.0
973.0 2286.0 20.0 10.0
980.0 2263.0 20.0 10.0
984.0 2247.0 20.0 10.0
4616.0 2070.0 20.0 10.0
4609.0 2064.0 20.0 10.0
1014.0 2154.0 20.0 10.0
2608.0 1426.0 20.0 10.0
2399.0 1374.0 20.0 10.0
1702.0 1021.0 20.0 10.0
2291.0 1352.0 20.0 10.0
4254.0 1814.0 20.0 10.0
2178.0 1356.0 20.0 10.0
2201.0 1356.0 20.0 10.0
2231.0 1346.0 20.0 10.0
2745.0 422.0 20.0 10.0
3868.0 1718.0 20.0 10.0
5257.0 2038.0 20.0 10.0
5218.0 2041.0 20.0 10.0
1788.0 939.0 20.0 10.0
5111.0 2056.0 20.0 10.0
5093.0 2056.0 20.0 10.0
5050.0 2066.0 20.0 10.0
2316.0 1298.0 20.0 10.0
1898.0 1577.0 20.0 10.0
5924.0 2317.0 20.0 10.0
5879.0 2307.0 20.0 10.0
4060.0 1534.0 20.0 10.0
3784.0 1691.0 20.0 10.0
1939.0 1288.0 20.0 10.0
498.0 1385.0 20.0 10.0
2810.0 682.0 20.0 10.0
2798.0 703.0 20.0 10.0
2786.0 722.0 20.0 10.0
4473.0 1860.0 20.0 10.0
5661.0 2002.0 20.0 10.0
5651.0 2003.0 20.0 10.0
5638.0 2006.0 20.0 10.0
1475.0 1789.0 20.0 10.0
4656.0 2002.0 20.0 10.0
4625.0 2000.0 20.0 10.0
2580.0 1347.0 20.0 10.0
2679.0 668.0 20.0 10.0
2684.0 692.0 20.0 10.0
2689.0 716.0 20.0 10.0
5685.0 2411.0 20.0 10.0
5683.0 2402.0 20.0 10.0
5654.0 2383.0 20.0 10.0
5628.0 2363.0 20.0 10.0
5603.0 2342.0 20.0 10.0
2677.0 656.0 20.0 10.0
976.0 2142.0 20.0 10.0
4168.0 1364.0 20.0 10.0
5588.0 2011.0 20.0 10.0
5568.0 2013.0 20.0 10.0
5546.0 2015.0 20.0 10.0
5524.0 2018.0 20.0 10.0
4455.0 1935.0 20.0 10.0
1414.0 1455.0 20.0 10.0
1434.0 1462.0 20.0 10.0
1452.0 1443.0 20.0 10.0
5697.0 2325.0 20.0 10.0
5687.0 2315.0 20.0 10.0
2556.0 1423.0 20.0 10.0
865.0 2238.0 20.0 10.0
1862.0 1304.0 20.0 10.0
1887.0 1302.0 20.0 10.0
1911.0 1291.0 20.0 10.0
2374.0 1370.0 20.0 10.0
4670.0 2217.0 20.0 10.0
1984.0 1362.0 20.0 10.0
730.0 2400.0 20.0 10.0
5525.0 1999.0 20.0 10.0
5511.0 2016.0 20.0 10.0
5497.0 2020.0 20.0 10.0
5468.0 2023.0 20.0 10.0
5434.0 2024.0 20.0 10.0
5529.0 2193.0 20.0 10.0
1443.0 1492.0 20.0 10.0
5654.0 2239.0 20.0 10.0
4766.0 2368.0 20.0 10.0
4899.0 2561.0 20.0 10.0
5841.0 2305.0 20.0 10.0
1822.0 993.0 20.0 10.0
1983.0 1184.0 20.0 10.0
1968.0 1172.0 20.0 10.0
1999.0 1175.0 20.0 10.0
853.0 1425.0 20.0 10.0
880.0 1413.0 20.0 10.0
