1000
84.0 92.0 20.0 10.0
99.0 88.0 20.0 10.0
96.0 86.0 20.0 10.0
99.0 98.0 20.0 10.0
95.0 96.0 20.0 10.0
90.0 85.0 20.0 10.0
104.0 91.0 20.0 10.0
94.0 96.0 20.0 10.0
91.0 85.0 20.0 10.0
98.0 92.0 20.0 10.0
81.0 88.0 20.0 10.0
101.0 98.0 20.0 10.0
93.0 95.0 20.0 10.0
86.0 76.0 20.0 10.0
107.0 85.0 20.0 10.0
94.0 111.0 20.0 10.0
103.0 96.0 20.0 10.0
96.0 90.0 20.0 10.0
71.0 94.0 20.0 10.0
100.0 106.0 20.0 10.0
97.0 108.0 20.0 10.0
106.0 77.0 20.0 10.0
101.0 85.0 20.0 10.0
120.0 76.0 20.0 10.0
107.0 87.0 20.0 10.0
87.0 96.0 20.0 10.0
89.0 96.0 20.0 10.0
104.0 100.0 20.0 10.0
90.0 104.0 20.0 10.0
96.0 77.0 20.0 10.0
89.0 108.0 20.0 10.0
99.0 90.0 20.0 10.0
95.0 79.0 20.0 10.0
107.0 61.0 20.0 10.0
93.0 104.0 20.0 10.0
109.0 109.0 20.0 10.0
96.0 85.0 20.0 10.0
109.0 77.0 20.0 10.0
97.0 73.0 20.0 10.0
81.0 81.0 20.0 10.0
92.0 87.0 20.0 10.0
91.0 101.0 20.0 10.0
92.0 91.0 20.0 10.0
99.0 83.0 20.0 10.0
112.0 103.0 20.0 10.0
101.0 93.0 20.0 10.0
93.0 82.0 20.0 10.0
103.0 88.0 20.0 10.0
66.0 99.0 20.0 10.0
101.0 106.0 20.0 10.0
82.0 89.0 20.0 10.0
94.0 119.0 20.0 10.0
95.0 106.0 20.0 10.0
98.0 94.0 20.0 10.0
133.0 91.0 20.0 10.0
82.0 82.0 20.0 10.0
109.0 86.0 20.0 10.0
80.0 107.0 20.0 10.0
94.0 65.0 20.0 10.0
86.0 103.0 20.0 10.0
108.0 93.0 20.0 10.0
109.0 83.0 20.0 10.0
90.0 78.0 20.0 10.0
119.0 97.0 20.0 10.0
107.0 91.0 20.0 10.0
88.0 82.0 20.0 10.0
89.0 101.0 20.0 10.0
115.0 101.0 20.0 10.0
70.0 83.0 20.0 10.0
92.0 110.0 20.0 10.0
94.0 101.0 20.0 10.0
105.0 94.0 20.0 10.0
78.0 104.0 20.0 10.0
87.0 92.0 20.0 10.0
133.0 88.0 20.0 10.0
95.0 121.0 20.0 10.0
106.0 72.0 20.0 10.0
87.0 105.0 20.0 10.0
85.0 79.0 20.0 10.0
116.0 99.0 20.0 10.0
101.0 94.0 20.0 10.0
74.0 96.0 20.0 10.0
109.0 114.0 20.0 10.0
124.0 98.0 20.0 10.0
122.0 82.0 20.0 10.0
109.0 87.0 20.0 10.0
104.0 98.0 20.0 10.0
106.0 83.0 20.0 10.0
112.0 118.0 20.0 10.0
129.0 105.0 20.0 10.0
87.0 102.0 20.0 10.0
107.0 97.0 20.0 10.0
84.0 87.0 20.0 10.0
117.0 90.0 20.0 10.0
116.0 95.0 20.0 10.0
126.0 93.0 20.0 10.0
96.0 103.0 20.0 10.0
113.0 85.0 20.0 10.0
85.0 74.0 20.0 10.0
98.0 75.0 20.0 10.0
133.0 96.0 20.0 10.0
77.0 87.0 20.0 10.0
80.0 91.0 20.0 10.0
110.0 99.0 20.0 10.0
95.0 118.0 20.0 10.0
71.0 98.0 20.0 10.0
105.0 93.0 20.0 10.0
62.0 87.0 20.0 10.0
66.0 83.0 20.0 10.0
76.0 74.0 20.0 10.0
112.0 91.0 20.0 10.0
105.0 90.0 20.0 10.0
67.0 89.0 20.0 10.0
76.0 76.0 20.0 10.0
92.0 94.0 20.0 10.0
78.0 107.0 20.0 10.0
126.0 87.0 20.0 10.0
75.0 81.0 20.0 10.0
122.0 89.0 20.0 10.0
114.0 111.0 20.0 10.0
105.0 111.0 20.0 10.0
75.0 83.0 20.0 10.0
79.0 84.0 20.0 10.0
71.0 102.0 20.0 10.0
110.0 62.0 20.0 10.0
82.0 93.0 20.0 10.0
120.0 85.0 20.0 10.0
92.0 117.0 20.0 10.0
95.0 98.0 20.0 10.0
62.0 79.0 20.0 10.0
75.0 78.0 20.0 10.0
86.0 86.0 20.0 10.0
114.0 86.0 20.0 10.0
86.0 124.0 20.0 10.0
68.0 106.0 20.0 10.0
123.0 67.0 20.0 10.0
119.0 104.0 20.0 10.0
113.0 62.0 20.0 10.0
93.0 115.0 20.0 10.0
77.0 80.0 20.0 10.0
74.0 113.0 20.0 10.0
70.0 76.0 20.0 10.0
122.0 93.0 20.0 10.0
106.0 117.0 20.0 10.0
75.0 94.0 20.0 10.0
131.0 119.0 20.0 10.0
82.0 105.0 20.0 10.0
72.0 70.0 20.0 10.0
81.0 95.0 20.0 10.0
73.0 66.0 20.0 10.0
93.0 47.0 20.0 10.0
107.0 76.0 20.0 10.0
75.0 99.0 20.0 10.0
91.0 122.0 20.0 10.0
129.0 83.0 20.0 10.0
89.0 100.0 20.0 10.0
94.0 82.0 20.0 10.0
120.0 106.0 20.0 10.0
110.0 103.0 20.0 10.0
68.0 110.0 20.0 10.0
56.0 56.0 20.0 10.0
92.0 97.0 20.0 10.0
82.0 108.0 20.0 10.0
100.0 87.0 20.0 10.0
115.0 118.0 20.0 10.0
110.0 58.0 20.0 10.0
80.0 67.0 20.0 10.0
94.0 58.0 20.0 10.0
125.0 110.0 20.0 10.0
104.0 119.0 20.0 10.0
98.0 117.0 20.0 10.0
104.0 58.0 20.0 10.0
88.0 117.0 20.0 10.0
115.0 80.0 20.0 10.0
73.0 76.0 20.0 10.0
94.0 104.0 20.0 10.0
106.0 123.0 20.0 10.0
73.0 77.0 20.0 10.0
86.0 113.0 20.0 10.0
92.0 112.0 20.0 10.0
124.0 101.0 20.0 10.0
134.0 103.0 20.0 10.0
83.0 74.0 20.0 10.0
112.0 115.0 20.0 10.0
101.0 72.0 20.0 10.0
76.0 108.0 20.0 10.0
106.0 80.0 20.0 10.0
65.0 110.0 20.0 10.0
106.0 126.0 20.0 10.0
81.0 119.0 20.0 10.0
116.0 93.0 20.0 10.0
105.0 67.0 20.0 10.0
78.0 71.0 20.0 10.0
75.0 120.0 20.0 10.0
92.0 73.0 20.0 10.0
88.0 120.0 20.0 10.0
121.0 99.0 20.0 10.0
86.0 111.0 20.0 10.0
105.0 79.0 20.0 10.0
103.0 102.0 20.0 10.0
72.0 81.0 20.0 10.0
83.0 84.0 20.0 10.0
92.0 106.0 20.0 10.0
125.0 67.0 20.0 10.0
77.0 98.0 20.0 10.0
58.0 89.0 20.0 10.0
94.0 123.0 20.0 10.0
77.0 119.0 20.0 10.0
84.0 124.0 20.0 10.0
88.0 114.0 20.0 10.0
56.0 67.0 20.0 10.0
82.0 103.0 20.0 10.0
100.0 118.0 20.0 10.0
73.0 89.0 20.0 10.0
115.0 69.0 20.0 10.0
119.0 125.0 20.0 10.0
99.0 68.0 20.0 10.0
127.0 58.0 20.0 10.0
85.0 65.0 20.0 10.0
118.0 70.0 20.0 10.0
102.0 68.0 20.0 10.0
58.0 76.0 20.0 10.0
117.0 81.0 20.0 10.0
92.0 130.0 20.0 10.0
130.0 95.0 20.0 10.0
132.0 70.0 20.0 10.0
74.0 118.0 20.0 10.0
77.0 91.0 20.0 10.0
103.0 59.0 20.0 10.0
92.0 89.0 20.0 10.0
124.0 137.0 20.0 10.0
57.0 64.0 20.0 10.0
119.0 114.0 20.0 10.0
87.0 85.0 20.0 10.0
101.0 113.0 20.0 10.0
98.0 63.0 20.0 10.0
125.0 64.0 20.0 10.0
135.0 91.0 20.0 10.0
67.0 86.0 20.0 10.0
90.0 120.0 20.0 10.0
117.0 57.0 20.0 10.0
106.0 59.0 20.0 10.0
71.0 88.0 20.0 10.0
78.0 117.0 20.0 10.0
136.0 95.0 20.0 10.0
111.0 111.0 20.0 10.0
95.0 70.0 20.0 10.0
125.0 62.0 20.0 10.0
112.0 79.0 20.0 10.0
123.0 78.0 20.0 10.0
120.0 101.0 20.0 10.0
72.0 119.0 20.0 10.0
98.0 86.0 20.0 10.0
78.0 102.0 20.0 10.0
130.0 109.0 20.0 10.0
105.0 109.0 20.0 10.0
114.0 73.0 20.0 10.0
83.0 57.0 20.0 10.0
101.0 69.0 20.0 10.0
56.0 103.0 20.0 10.0
52.0 86.0 20.0 10.0
79.0 59.0 20.0 10.0
114.0 121.0 20.0 10.0
107.0 126.0 20.0 10.0
72.0 53.0 20.0 10.0
92.0 104.0 20.0 10.0
69.0 89.0 20.0 10.0
59.0 75.0 20.0 10.0
48.0 82.0 20.0 10.0
127.0 103.0 20.0 10.0
65.0 77.0 20.0 10.0
80.0 57.0 20.0 10.0
132.0 66.0 20.0 10.0
54.0 102.0 20.0 10.0
77.0 114.0 20.0 10.0
52.0 69.0 20.0 10.0
68.0 125.0 20.0 10.0
57.0 96.0 20.0 10.0
106.0 119.0 20.0 10.0
65.0 97.0 20.0 10.0
87.0 133.0 20.0 10.0
136.0 128.0 20.0 10.0
69.0 96.0 20.0 10.0
101.0 133.0 20.0 10.0
123.0 90.0 20.0 10.0
67.0 114.0 20.0 10.0
92.0 66.0 20.0 10.0
81.0 144.0 20.0 10.0
96.0 80.0 20.0 10.0
91.0 53.0 20.0 10.0
64.0 95.0 20.0 10.0
67.0 58.0 20.0 10.0
48.0 107.0 20.0 10.0
110.0 145.0 20.0 10.0
129.0 109.0 20.0 10.0
139.0 94.0 20.0 10.0
74.0 107.0 20.0 10.0
135.0 67.0 20.0 10.0
114.0 128.0 20.0 10.0
83.0 62.0 20.0 10.0
76.0 68.0 20.0 10.0
99.0 74.0 20.0 10.0
122.0 74.0 20.0 10.0
52.0 92.0 20.0 10.0
112.0 119.0 20.0 10.0
73.0 105.0 20.0 10.0
69.0 81.0 20.0 10.0
127.0 77.0 20.0 10.0
128.0 115.0 20.0 10.0
122.0 63.0 20.0 10.0
53.0 80.0 20.0 10.0
64.0 88.0 20.0 10.0
77.0 56.0 20.0 10.0
81.0 54.0 20.0 10.0
111.0 137.0 20.0 10.0
123.0 86.0 20.0 10.0
76.0 103.0 20.0 10.0
80.0 116.0 20.0 10.0
104.0 72.0 20.0 10.0
144.0 81.0 20.0 10.0
104.0 107.0 20.0 10.0
79.0 111.0 20.0 10.0
117.0 113.0 20.0 10.0
132.0 103.0 20.0 10.0
66.0 116.0 20.0 10.0
132.0 73.0 20.0 10.0
54.0 77.0 20.0 10.0
123.0 118.0 20.0 10.0
54.0 83.0 20.0 10.0
82.0 67.0 20.0 10.0
130.0 79.0 20.0 10.0
67.0 77.0 20.0 10.0
119.0 134.0 20.0 10.0
154.0 107.0 20.0 10.0
117.0 74.0 20.0 10.0
74.0 65.0 20.0 10.0
63.0 103.0 20.0 10.0
106.0 50.0 20.0 10.0
118.0 101.0 20.0 10.0
118.0 52.0 20.0 10.0
95.0 61.0 20.0 10.0
102.0 130.0 20.0 10.0
52.0 78.0 20.0 10.0
109.0 96.0 20.0 10.0
108.0 105.0 20.0 10.0
66.0 70.0 20.0 10.0
45.0 77.0 20.0 10.0
86.0 99.0 20.0 10.0
104.0 115.0 20.0 10.0
76.0 126.0 20.0 10.0
79.0 132.0 20.0 10.0
45.0 96.0 20.0 10.0
93.0 124.0 20.0 10.0
61.0 121.0 20.0 10.0
58.0 73.0 20.0 10.0
138.0 84.0 20.0 10.0
131.0 56.0 20.0 10.0
52.0 103.0 20.0 10.0
76.0 65.0 20.0 10.0
138.0 61.0 20.0 10.0
69.0 115.0 20.0 10.0
54.0 95.0 20.0 10.0
129.0 76.0 20.0 10.0
90.0 76.0 20.0 10.0
71.0 65.0 20.0 10.0
73.0 113.0 20.0 10.0
96.0 113.0 20.0 10.0
81.0 79.0 20.0 10.0
92.0 141.0 20.0 10.0
85.0 138.0 20.0 10.0
118.0 78.0 20.0 10.0
58.0 103.0 20.0 10.0
64.0 56.0 20.0 10.0
120.0 109.0 20.0 10.0
155.0 86.0 20.0 10.0
96.0 43.0 20.0 10.0
72.0 92.0 20.0 10.0
87.0 51.0 20.0 10.0
123.0 113.0 20.0 10.0
84.0 121.0 20.0 10.0
91.0 71.0 20.0 10.0
78.0 82.0 20.0 10.0
60.0 84.0 20.0 10.0
108.0 68.0 20.0 10.0
117.0 77.0 20.0 10.0
73.0 63.0 20.0 10.0
91.0 78.0 20.0 10.0
85.0 143.0 20.0 10.0
87.0 126.0 20.0 10.0
75.0 54.0 20.0 10.0
75.0 139.0 20.0 10.0
93.0 136.0 20.0 10.0
99.0 72.0 20.0 10.0
49.0 109.0 20.0 10.0
58.0 99.0 20.0 10.0
81.0 72.0 20.0 10.0
138.0 101.0 20.0 10.0
137.0 75.0 20.0 10.0
61.0 81.0 20.0 10.0
139.0 117.0 20.0 10.0
53.0 96.0 20.0 10.0
119.0 66.0 20.0 10.0
96.0 78.0 20.0 10.0
127.0 130.0 20.0 10.0
99.0 125.0 20.0 10.0
88.0 56.0 20.0 10.0
64.0 73.0 20.0 10.0
128.0 122.0 20.0 10.0
124.0 95.0 20.0 10.0
85.0 59.0 20.0 10.0
115.0 59.0 20.0 10.0
121.0 111.0 20.0 10.0
98.0 89.0 20.0 10.0
123.0 115.0 20.0 10.0
85.0 108.0 20.0 10.0
67.0 129.0 20.0 10.0
84.0 71.0 20.0 10.0
130.0 82.0 20.0 10.0
105.0 131.0 20.0 10.0
71.0 116.0 20.0 10.0
141.0 81.0 20.0 10.0
127.0 106.0 20.0 10.0
80.0 61.0 20.0 10.0
62.0 55.0 20.0 10.0
40.0 97.0 20.0 10.0
103.0 127.0 20.0 10.0
127.0 118.0 20.0 10.0
86.0 129.0 20.0 10.0
119.0 83.0 20.0 10.0
68.0 142.0 20.0 10.0
75.0 57.0 20.0 10.0
115.0 97.0 20.0 10.0
80.0 123.0 20.0 10.0
127.0 97.0 20.0 10.0
64.0 66.0 20.0 10.0
101.0 48.0 20.0 10.0
144.0 98.0 20.0 10.0
112.0 98.0 20.0 10.0
60.0 133.0 20.0 10.0
88.0 43.0 20.0 10.0
123.0 127.0 20.0 10.0
75.0 125.0 20.0 10.0
59.0 80.0 20.0 10.0
136.0 97.0 20.0 10.0
150.0 73.0 20.0 10.0
147.0 52.0 20.0 10.0
73.0 106.0 20.0 10.0
70.0 142.0 20.0 10.0
131.0 107.0 20.0 10.0
109.0 74.0 20.0 10.0
81.0 122.0 20.0 10.0
98.0 147.0 20.0 10.0
52.0 64.0 20.0 10.0
111.0 125.0 20.0 10.0
61.0 124.0 20.0 10.0
126.0 123.0 20.0 10.0
131.0 87.0 20.0 10.0
101.0 141.0 20.0 10.0
144.0 91.0 20.0 10.0
118.0 127.0 20.0 10.0
66.0 122.0 20.0 10.0
127.0 87.0 20.0 10.0
64.0 85.0 20.0 10.0
115.0 107.0 20.0 10.0
131.0 92.0 20.0 10.0
128.0 135.0 20.0 10.0
134.0 76.0 20.0 10.0
55.0 137.0 20.0 10.0
93.0 84.0 20.0 10.0
82.0 126.0 20.0 10.0
60.0 109.0 20.0 10.0
88.0 123.0 20.0 10.0
81.0 51.0 20.0 10.0
134.0 94.0 20.0 10.0
120.0 92.0 20.0 10.0
121.0 124.0 20.0 10.0
80.0 98.0 20.0 10.0
128.0 81.0 20.0 10.0
78.0 49.0 20.0 10.0
72.0 123.0 20.0 10.0
52.0 98.0 20.0 10.0
107.0 102.0 20.0 10.0
64.0 42.0 20.0 10.0
98.0 43.0 20.0 10.0
95.0 126.0 20.0 10.0
71.0 61.0 20.0 10.0
79.0 65.0 20.0 10.0
59.0 107.0 20.0 10.0
66.0 80.0 20.0 10.0
88.0 135.0 20.0 10.0
140.0 110.0 20.0 10.0
152.0 96.0 20.0 10.0
54.0 90.0 20.0 10.0
86.0 54.0 20.0 10.0
131.0 62.0 20.0 10.0
79.0 53.0 20.0 10.0
63.0 110.0 20.0 10.0
98.0 65.0 20.0 10.0
92.0 48.0 20.0 10.0
122.0 60.0 20.0 10.0
130.0 134.0 20.0 10.0
58.0 117.0 20.0 10.0
84.0 47.0 20.0 10.0
118.0 114.0 20.0 10.0
103.0 46.0 20.0 10.0
95.0 48.0 20.0 10.0
69.0 120.0 20.0 10.0
110.0 65.0 20.0 10.0
100.0 39.0 20.0 10.0
74.0 85.0 20.0 10.0
115.0 46.0 20.0 10.0
126.0 127.0 20.0 10.0
48.0 93.0 20.0 10.0
126.0 65.0 20.0 10.0
111.0 69.0 20.0 10.0
139.0 91.0 20.0 10.0
142.0 116.0 20.0 10.0
69.0 66.0 20.0 10.0
89.0 63.0 20.0 10.0
83.0 49.0 20.0 10.0
113.0 66.0 20.0 10.0
119.0 121.0 20.0 10.0
131.0 114.0 20.0 10.0
67.0 98.0 20.0 10.0
154.0 121.0 20.0 10.0
143.0 105.0 20.0 10.0
114.0 112.0 20.0 10.0
66.0 65.0 20.0 10.0
87.0 46.0 20.0 10.0
72.0 39.0 20.0 10.0
67.0 57.0 20.0 10.0
135.0 78.0 20.0 10.0
90.0 55.0 20.0 10.0
122.0 43.0 20.0 10.0
65.0 106.0 20.0 10.0
122.0 70.0 20.0 10.0
99.0 130.0 20.0 10.0
75.0 111.0 20.0 10.0
124.0 83.0 20.0 10.0
69.0 67.0 20.0 10.0
124.0 60.0 20.0 10.0
137.0 87.0 20.0 10.0
67.0 143.0 20.0 10.0
129.0 66.0 20.0 10.0
109.0 115.0 20.0 10.0
129.0 62.0 20.0 10.0
82.0 77.0 20.0 10.0
103.0 122.0 20.0 10.0
127.0 113.0 20.0 10.0
101.0 104.0 20.0 10.0
81.0 129.0 20.0 10.0
37.0 73.0 20.0 10.0
49.0 77.0 20.0 10.0
73.0 71.0 20.0 10.0
146.0 105.0 20.0 10.0
74.0 126.0 20.0 10.0
99.0 33.0 20.0 10.0
141.0 71.0 20.0 10.0
71.0 117.0 20.0 10.0
129.0 111.0 20.0 10.0
102.0 56.0 20.0 10.0
83.0 133.0 20.0 10.0
96.0 56.0 20.0 10.0
130.0 90.0 20.0 10.0
102.0 137.0 20.0 10.0
56.0 115.0 20.0 10.0
110.0 80.0 20.0 10.0
94.0 140.0 20.0 10.0
133.0 124.0 20.0 10.0
62.0 25.0 20.0 10.0
117.0 130.0 20.0 10.0
76.0 34.0 20.0 10.0
93.0 53.0 20.0 10.0
124.0 79.0 20.0 10.0
58.0 111.0 20.0 10.0
160.0 110.0 20.0 10.0
139.0 86.0 20.0 10.0
49.0 90.0 20.0 10.0
62.0 98.0 20.0 10.0
148.0 62.0 20.0 10.0
123.0 123.0 20.0 10.0
132.0 80.0 20.0 10.0
62.0 76.0 20.0 10.0
88.0 69.0 20.0 10.0
136.0 113.0 20.0 10.0
43.0 103.0 20.0 10.0
90.0 150.0 20.0 10.0
117.0 84.0 20.0 10.0
54.0 107.0 20.0 10.0
76.0 44.0 20.0 10.0
65.0 45.0 20.0 10.0
74.0 100.0 20.0 10.0
49.0 56.0 20.0 10.0
137.0 81.0 20.0 10.0
66.0 91.0 20.0 10.0
76.0 109.0 20.0 10.0
96.0 133.0 20.0 10.0
65.0 108.0 20.0 10.0
45.0 114.0 20.0 10.0
101.0 64.0 20.0 10.0
54.0 60.0 20.0 10.0
132.0 104.0 20.0 10.0
104.0 67.0 20.0 10.0
87.0 140.0 20.0 10.0
54.0 68.0 20.0 10.0
93.0 40.0 20.0 10.0
120.0 136.0 20.0 10.0
84.0 112.0 20.0 10.0
128.0 100.0 20.0 10.0
51.0 125.0 20.0 10.0
134.0 51.0 20.0 10.0
114.0 136.0 20.0 10.0
129.0 69.0 20.0 10.0
125.0 104.0 20.0 10.0
132.0 99.0 20.0 10.0
125.0 57.0 20.0 10.0
77.0 53.0 20.0 10.0
124.0 82.0 20.0 10.0
30.0 101.0 20.0 10.0
127.0 72.0 20.0 10.0
106.0 139.0 20.0 10.0
105.0 134.0 20.0 10.0
61.0 61.0 20.0 10.0
77.0 43.0 20.0 10.0
116.0 135.0 20.0 10.0
133.0 117.0 20.0 10.0
97.0 48.0 20.0 10.0
123.0 132.0 20.0 10.0
37.0 91.0 20.0 10.0
50.0 99.0 20.0 10.0
39.0 94.0 20.0 10.0
102.0 125.0 20.0 10.0
85.0 131.0 20.0 10.0
112.0 76.0 20.0 10.0
99.0 151.0 20.0 10.0
65.0 64.0 20.0 10.0
108.0 140.0 20.0 10.0
69.0 47.0 20.0 10.0
69.0 93.0 20.0 10.0
41.0 110.0 20.0 10.0
107.0 44.0 20.0 10.0
118.0 54.0 20.0 10.0
115.0 51.0 20.0 10.0
148.0 103.0 20.0 10.0
47.0 84.0 20.0 10.0
115.0 130.0 20.0 10.0
84.0 117.0 20.0 10.0
80.0 130.0 20.0 10.0
71.0 109.0 20.0 10.0
120.0 117.0 20.0 10.0
146.0 82.0 20.0 10.0
131.0 76.0 20.0 10.0
72.0 58.0 20.0 10.0
64.0 113.0 20.0 10.0
125.0 134.0 20.0 10.0
73.0 35.0 20.0 10.0
64.0 119.0 20.0 10.0
125.0 75.0 20.0 10.0
102.0 120.0 20.0 10.0
96.0 141.0 20.0 10.0
51.0 102.0 20.0 10.0
95.0 52.0 20.0 10.0
82.0 48.0 20.0 10.0
55.0 32.0 20.0 10.0
99.0 81.0 20.0 10.0
95.0 152.0 20.0 10.0
74.0 60.0 20.0 10.0
120.0 131.0 20.0 10.0
119.0 51.0 20.0 10.0
142.0 62.0 20.0 10.0
132.0 68.0 20.0 10.0
67.0 87.0 20.0 10.0
45.0 108.0 20.0 10.0
105.0 70.0 20.0 10.0
117.0 73.0 20.0 10.0
88.0 128.0 20.0 10.0
81.0 44.0 20.0 10.0
61.0 94.0 20.0 10.0
118.0 117.0 20.0 10.0
65.0 133.0 20.0 10.0
93.0 133.0 20.0 10.0
61.0 69.0 20.0 10.0
112.0 50.0 20.0 10.0
98.0 111.0 20.0 10.0
54.0 124.0 20.0 10.0
110.0 56.0 20.0 10.0
141.0 73.0 20.0 10.0
58.0 51.0 20.0 10.0
79.0 130.0 20.0 10.0
91.0 117.0 20.0 10.0
38.0 116.0 20.0 10.0
134.0 56.0 20.0 10.0
50.0 118.0 20.0 10.0
74.0 129.0 20.0 10.0
43.0 92.0 20.0 10.0
53.0 109.0 20.0 10.0
57.0 82.0 20.0 10.0
128.0 49.0 20.0 10.0
49.0 101.0 20.0 10.0
120.0 128.0 20.0 10.0
54.0 117.0 20.0 10.0
44.0 100.0 20.0 10.0
139.0 123.0 20.0 10.0
114.0 153.0 20.0 10.0
117.0 129.0 20.0 10.0
102.0 43.0 20.0 10.0
36.0 81.0 20.0 10.0
112.0 128.0 20.0 10.0
48.0 73.0 20.0 10.0
69.0 118.0 20.0 10.0
34.0 77.0 20.0 10.0
134.0 85.0 20.0 10.0
86.0 58.0 20.0 10.0
129.0 59.0 20.0 10.0
111.0 42.0 20.0 10.0
87.0 34.0 20.0 10.0
163.0 114.0 20.0 10.0
66.0 61.0 20.0 10.0
98.0 135.0 20.0 10.0
62.0 58.0 20.0 10.0
51.0 116.0 20.0 10.0
147.0 118.0 20.0 10.0
122.0 54.0 20.0 10.0
62.0 92.0 20.0 10.0
118.0 37.0 20.0 10.0
93.0 75.0 20.0 10.0
74.0 147.0 20.0 10.0
61.0 106.0 20.0 10.0
138.0 113.0 20.0 10.0
112.0 44.0 20.0 10.0
46.0 126.0 20.0 10.0
128.0 147.0 20.0 10.0
105.0 35.0 20.0 10.0
66.0 73.0 20.0 10.0
73.0 128.0 20.0 10.0
71.0 145.0 20.0 10.0
93.0 148.0 20.0 10.0
133.0 142.0 20.0 10.0
101.0 42.0 20.0 10.0
100.0 47.0 20.0 10.0
72.0 56.0 20.0 10.0
57.0 140.0 20.0 10.0
124.0 52.0 20.0 10.0
56.0 47.0 20.0 10.0
102.0 142.0 20.0 10.0
143.0 79.0 20.0 10.0
131.0 86.0 20.0 10.0
64.0 101.0 20.0 10.0
98.0 121.0 20.0 10.0
61.0 136.0 20.0 10.0
86.0 146.0 20.0 10.0
46.0 117.0 20.0 10.0
58.0 121.0 20.0 10.0
101.0 57.0 20.0 10.0
70.0 91.0 20.0 10.0
120.0 89.0 20.0 10.0
132.0 111.0 20.0 10.0
103.0 63.0 20.0 10.0
150.0 92.0 20.0 10.0
90.0 128.0 20.0 10.0
85.0 115.0 20.0 10.0
95.0 36.0 20.0 10.0
73.0 148.0 20.0 10.0
41.0 87.0 20.0 10.0
60.0 28.0 20.0 10.0
155.0 105.0 20.0 10.0
133.0 129.0 20.0 10.0
147.0 113.0 20.0 10.0
51.0 60.0 20.0 10.0
47.0 87.0 20.0 10.0
54.0 114.0 20.0 10.0
24.0 97.0 20.0 10.0
120.0 58.0 20.0 10.0
121.0 50.0 20.0 10.0
162.0 75.0 20.0 10.0
79.0 139.0 20.0 10.0
144.0 74.0 20.0 10.0
53.0 112.0 20.0 10.0
45.0 81.0 20.0 10.0
75.0 129.0 20.0 10.0
144.0 133.0 20.0 10.0
59.0 127.0 20.0 10.0
50.0 128.0 20.0 10.0
137.0 69.0 20.0 10.0
89.0 30.0 20.0 10.0
105.0 52.0 20.0 10.0
88.0 141.0 20.0 10.0
102.0 60.0 20.0 10.0
145.0 71.0 20.0 10.0
51.0 54.0 20.0 10.0
147.0 85.0 20.0 10.0
85.0 56.0 20.0 10.0
65.0 104.0 20.0 10.0
78.0 122.0 20.0 10.0
109.0 60.0 20.0 10.0
136.0 64.0 20.0 10.0
79.0 38.0 20.0 10.0
117.0 155.0 20.0 10.0
60.0 129.0 20.0 10.0
120.0 73.0 20.0 10.0
90.0 40.0 20.0 10.0
35.0 123.0 20.0 10.0
151.0 83.0 20.0 10.0
73.0 134.0 20.0 10.0
77.0 60.0 20.0 10.0
58.0 71.0 20.0 10.0
92.0 59.0 20.0 10.0
151.0 118.0 20.0 10.0
40.0 77.0 20.0 10.0
68.0 48.0 20.0 10.0
112.0 60.0 20.0 10.0
48.0 90.0 20.0 10.0
60.0 113.0 20.0 10.0
55.0 128.0 20.0 10.0
128.0 119.0 20.0 10.0
45.0 93.0 20.0 10.0
125.0 90.0 20.0 10.0
56.0 75.0 20.0 10.0
147.0 89.0 20.0 10.0
129.0 127.0 20.0 10.0
79.0 125.0 20.0 10.0
52.0 130.0 20.0 10.0
40.0 63.0 20.0 10.0
109.0 26.0 20.0 10.0
77.0 135.0 20.0 10.0
86.0 64.0 20.0 10.0
142.0 94.0 20.0 10.0
133.0 59.0 20.0 10.0
113.0 36.0 20.0 10.0
100.0 116.0 20.0 10.0
149.0 99.0 20.0 10.0
136.0 110.0 20.0 10.0
80.0 147.0 20.0 10.0
62.0 127.0 20.0 10.0
103.0 157.0 20.0 10.0
109.0 53.0 20.0 10.0
115.0 55.0 20.0 10.0
95.0 63.0 20.0 10.0
103.0 140.0 20.0 10.0
54.0 45.0 20.0 10.0
133.0 131.0 20.0 10.0
136.0 123.0 20.0 10.0
128.0 53.0 20.0 10.0
126.0 100.0 20.0 10.0
81.0 33.0 20.0 10.0
134.0 122.0 20.0 10.0
92.0 46.0 20.0 10.0
123.0 42.0 20.0 10.0
82.0 138.0 20.0 10.0
96.0 146.0 20.0 10.0
69.0 39.0 20.0 10.0
103.0 134.0 20.0 10.0
136.0 84.0 20.0 10.0
50.0 70.0 20.0 10.0
108.0 43.0 20.0 10.0
113.0 28.0 20.0 10.0
105.0 143.0 20.0 10.0
146.0 93.0 20.0 10.0
144.0 64.0 20.0 10.0
70.0 46.0 20.0 10.0
100.0 44.0 20.0 10.0
83.0 148.0 20.0 10.0
150.0 76.0 20.0 10.0
107.0 137.0 20.0 10.0
57.0 108.0 20.0 10.0
152.0 99.0 20.0 10.0
129.0 73.0 20.0 10.0
36.0 48.0 20.0 10.0
72.0 44.0 20.0 10.0
63.0 142.0 20.0 10.0
156.0 88.0 20.0 10.0
52.0 58.0 20.0 10.0
137.0 138.0 20.0 10.0
58.0 95.0 20.0 10.0
104.0 31.0 20.0 10.0
46.0 111.0 20.0 10.0
131.0 49.0 20.0 10.0
42.0 66.0 20.0 10.0
97.0 128.0 20.0 10.0
109.0 49.0 20.0 10.0
142.0 67.0 20.0 10.0
69.0 136.0 20.0 10.0
93.0 126.0 20.0 10.0
32.0 74.0 20.0 10.0
52.0 111.0 20.0 10.0
64.0 138.0 20.0 10.0
51.0 67.0 20.0 10.0
93.0 155.0 20.0 10.0
41.0 85.0 20.0 10.0
64.0 53.0 20.0 10.0
61.0 118.0 20.0 10.0
45.0 103.0 20.0 10.0
111.0 133.0 20.0 10.0
110.0 133.0 20.0 10.0
119.0 146.0 20.0 10.0
65.0 129.0 20.0 10.0
117.0 139.0 20.0 10.0
89.0 60.0 20.0 10.0
110.0 131.0 20.0 10.0
71.0 50.0 20.0 10.0
60.0 139.0 20.0 10.0
135.0 108.0 20.0 10.0
56.0 125.0 20.0 10.0
112.0 55.0 20.0 10.0
54.0 66.0 20.0 10.0
93.0 142.0 20.0 10.0
46.0 72.0 20.0 10.0
63.0 130.0 20.0 10.0
98.0 53.0 20.0 10.0
56.0 87.0 20.0 10.0
49.0 112.0 20.0 10.0
39.0 88.0 20.0 10.0
138.0 120.0 20.0 10.0
80.0 135.0 20.0 10.0
114.0 142.0 20.0 10.0
34.0 105.0 20.0 10.0
90.0 50.0 20.0 10.0
60.0 63.0 20.0 10.0
126.0 46.0 20.0 10.0
81.0 31.0 20.0 10.0
147.0 65.0 20.0 10.0
141.0 108.0 20.0 10.0
96.0 38.0 20.0 10.0
78.0 140.0 20.0 10.0
61.0 48.0 20.0 10.0
151.0 113.0 20.0 10.0
84.0 42.0 20.0 10.0
113.0 38.0 20.0 10.0
95.0 130.0 20.0 10.0
42.0 106.0 20.0 10.0
155.0 75.0 20.0 10.0
56.0 131.0 20.0 10.0
124.0 71.0 20.0 10.0
52.0 84.0 20.0 10.0
112.0 124.0 20.0 10.0
142.0 45.0 20.0 10.0
82.0 99.0 20.0 10.0
114.0 52.0 20.0 10.0
60.0 100.0 20.0 10.0
71.0 138.0 20.0 10.0
136.0 115.0 20.0 10.0
137.0 99.0 20.0 10.0
99.0 50.0 20.0 10.0
123.0 57.0 20.0 10.0
61.0 87.0 20.0 10.0
41.0 125.0 20.0 10.0
52.0 149.0 20.0 10.0
115.0 145.0 20.0 10.0
56.0 40.0 20.0 10.0
60.0 66.0 20.0 10.0
110.0 141.0 20.0 10.0
99.0 146.0 20.0 10.0
142.0 99.0 20.0 10.0
87.0 97.0 20.0 10.0
143.0 86.0 20.0 10.0
51.0 121.0 20.0 10.0
25.0 99.0 20.0 10.0
66.0 136.0 20.0 10.0
159.0 70.0 20.0 10.0
105.0 45.0 20.0 10.0
48.0 79.0 20.0 10.0
136.0 61.0 20.0 10.0
130.0 146.0 20.0 10.0
50.0 106.0 20.0 10.0
113.0 139.0 20.0 10.0
37.0 130.0 20.0 10.0
117.0 122.0 20.0 10.0
69.0 33.0 20.0 10.0
147.0 123.0 20.0 10.0
56.0 79.0 20.0 10.0
38.0 57.0 20.0 10.0
109.0 69.0 20.0 10.0
42.0 144.0 20.0 10.0
90.0 135.0 20.0 10.0
68.0 51.0 20.0 10.0
106.0 147.0 20.0 10.0
95.0 34.0 20.0 10.0
116.0 63.0 20.0 10.0
35.0 106.0 20.0 10.0
56.0 91.0 20.0 10.0
146.0 74.0 20.0 10.0
34.0 84.0 20.0 10.0
158.0 82.0 20.0 10.0
152.0 129.0 20.0 10.0
43.0 71.0 20.0 10.0
135.0 134.0 20.0 10.0
50.0 65.0 20.0 10.0
142.0 78.0 20.0 10.0
36.0 63.0 20.0 10.0
99.0 141.0 20.0 10.0
116.0 65.0 20.0 10.0
110.0 157.0 20.0 10.0
58.0 57.0 20.0 10.0
123.0 140.0 20.0 10.0
76.0 39.0 20.0 10.0
63.0 45.0 20.0 10.0
137.0 106.0 20.0 10.0
90.0 138.0 20.0 10.0
138.0 70.0 20.0 10.0
129.0 124.0 20.0 10.0
