1000
80.0 80.0 20.0 10.0
89.0 74.0 20.0 10.0
92.0 82.0 20.0 10.0
86.0 95.0 20.0 10.0
80.0 94.0 20.0 10.0
85.0 87.0 20.0 10.0
85.0 83.0 20.0 10.0
84.0 88.0 20.0 10.0
85.0 90.0 20.0 10.0
85.0 93.0 20.0 10.0
84.0 82.0 20.0 10.0
75.0 83.0 20.0 10.0
82.0 89.0 20.0 10.0
86.0 93.0 20.0 10.0
85.0 95.0 20.0 10.0
88.0 82.0 20.0 10.0
78.0 68.0 20.0 10.0
77.0 76.0 20.0 10.0
107.0 76.0 20.0 10.0
76.0 89.0 20.0 10.0
91.0 76.0 20.0 10.0
85.0 77.0 20.0 10.0
73.0 91.0 20.0 10.0
90.0 80.0 20.0 10.0
94.0 83.0 20.0 10.0
96.0 81.0 20.0 10.0
77.0 85.0 20.0 10.0
79.0 91.0 20.0 10.0
96.0 70.0 20.0 10.0
72.0 85.0 20.0 10.0
78.0 78.0 20.0 10.0
101.0 91.0 20.0 10.0
88.0 100.0 20.0 10.0
77.0 82.0 20.0 10.0
83.0 87.0 20.0 10.0
86.0 99.0 20.0 10.0
88.0 84.0 20.0 10.0
99.0 87.0 20.0 10.0
113.0 89.0 20.0 10.0
83.0 79.0 20.0 10.0
79.0 93.0 20.0 10.0
71.0 98.0 20.0 10.0
88.0 86.0 20.0 10.0
83.0 100.0 20.0 10.0
79.0 86.0 20.0 10.0
69.0 66.0 20.0 10.0
64.0 92.0 20.0 10.0
89.0 81.0 20.0 10.0
110.0 83.0 20.0 10.0
97.0 103.0 20.0 10.0
79.0 122.0 20.0 10.0
78.0 77.0 20.0 10.0
78.0 69.0 20.0 10.0
49.0 83.0 20.0 10.0
103.0 75.0 20.0 10.0
71.0 81.0 20.0 10.0
89.0 68.0 20.0 10.0
85.0 96.0 20.0 10.0
78.0 89.0 20.0 10.0
103.0 95.0 20.0 10.0
70.0 77.0 20.0 10.0
104.0 100.0 20.0 10.0
88.0 88.0 20.0 10.0
83.0 92.0 20.0 10.0
101.0 96.0 20.0 10.0
75.0 70.0 20.0 10.0
86.0 102.0 20.0 10.0
102.0 98.0 20.0 10.0
82.0 97.0 20.0 10.0
93.0 63.0 20.0 10.0
85.0 66.0 20.0 10.0
97.0 97.0 20.0 10.0
106.0 63.0 20.0 10.0
87.0 96.0 20.0 10.0
81.0 72.0 20.0 10.0
66.0 83.0 20.0 10.0
84.0 103.0 20.0 10.0
73.0 98.0 20.0 10.0
78.0 72.0 20.0 10.0
95.0 65.0 20.0 10.0
87.0 77.0 20.0 10.0
83.0 66.0 20.0 10.0
81.0 85.0 20.0 10.0
76.0 79.0 20.0 10.0
82.0 86.0 20.0 10.0
101.0 78.0 20.0 10.0
101.0 80.0 20.0 10.0
101.0 71.0 20.0 10.0
114.0 97.0 20.0 10.0
97.0 99.0 20.0 10.0
98.0 77.0 20.0 10.0
87.0 72.0 20.0 10.0
101.0 102.0 20.0 10.0
97.0 87.0 20.0 10.0
92.0 104.0 20.0 10.0
83.0 121.0 20.0 10.0
63.0 106.0 20.0 10.0
79.0 81.0 20.0 10.0
70.0 69.0 20.0 10.0
91.0 93.0 20.0 10.0
83.0 115.0 20.0 10.0
82.0 74.0 20.0 10.0
105.0 81.0 20.0 10.0
71.0 73.0 20.0 10.0
111.0 114.0 20.0 10.0
101.0 86.0 20.0 10.0
106.0 98.0 20.0 10.0
78.0 98.0 20.0 10.0
66.0 81.0 20.0 10.0
69.0 88.0 20.0 10.0
79.0 48.0 20.0 10.0
113.0 91.0 20.0 10.0
56.0 72.0 20.0 10.0
61.0 104.0 20.0 10.0
107.0 96.0 20.0 10.0
57.0 97.0 20.0 10.0
60.0 111.0 20.0 10.0
80.0 82.0 20.0 10.0
74.0 89.0 20.0 10.0
63.0 109.0 20.0 10.0
99.0 93.0 20.0 10.0
90.0 62.0 20.0 10.0
75.0 76.0 20.0 10.0
80.0 71.0 20.0 10.0
87.0 81.0 20.0 10.0
80.0 62.0 20.0 10.0
101.0 63.0 20.0 10.0
59.0 68.0 20.0 10.0
96.0 96.0 20.0 10.0
86.0 111.0 20.0 10.0
105.0 101.0 20.0 10.0
68.0 109.0 20.0 10.0
86.0 55.0 20.0 10.0
69.0 74.0 20.0 10.0
66.0 119.0 20.0 10.0
59.0 74.0 20.0 10.0
98.0 55.0 20.0 10.0
56.0 113.0 20.0 10.0
109.0 117.0 20.0 10.0
92.0 87.0 20.0 10.0
97.0 85.0 20.0 10.0
61.0 80.0 20.0 10.0
109.0 88.0 20.0 10.0
72.0 92.0 20.0 10.0
103.0 62.0 20.0 10.0
69.0 102.0 20.0 10.0
75.0 120.0 20.0 10.0
102.0 105.0 20.0 10.0
83.0 76.0 20.0 10.0
55.0 68.0 20.0 10.0
55.0 89.0 20.0 10.0
82.0 105.0 20.0 10.0
71.0 112.0 20.0 10.0
110.0 93.0 20.0 10.0
81.0 61.0 20.0 10.0
102.0 120.0 20.0 10.0
79.0 54.0 20.0 10.0
83.0 110.0 20.0 10.0
66.0 71.0 20.0 10.0
104.0 105.0 20.0 10.0
91.0 75.0 20.0 10.0
110.0 75.0 20.0 10.0
45.0 113.0 20.0 10.0
120.0 58.0 20.0 10.0
92.0 75.0 20.0 10.0
106.0 67.0 20.0 10.0
76.0 92.0 20.0 10.0
59.0 115.0 20.0 10.0
105.0 60.0 20.0 10.0
98.0 112.0 20.0 10.0
100.0 72.0 20.0 10.0
64.0 96.0 20.0 10.0
91.0 66.0 20.0 10.0
91.0 80.0 20.0 10.0
83.0 52.0 20.0 10.0
79.0 110.0 20.0 10.0
65.0 56.0 20.0 10.0
85.0 44.0 20.0 10.0
110.0 88.0 20.0 10.0
90.0 114.0 20.0 10.0
63.0 82.0 20.0 10.0
80.0 117.0 20.0 10.0
75.0 53.0 20.0 10.0
102.0 100.0 20.0 10.0
78.0 43.0 20.0 10.0
106.0 106.0 20.0 10.0
100.0 127.0 20.0 10.0
54.0 100.0 20.0 10.0
78.0 118.0 20.0 10.0
119.0 81.0 20.0 10.0
96.0 67.0 20.0 10.0
78.0 111.0 20.0 10.0
91.0 100.0 20.0 10.0
92.0 108.0 20.0 10.0
90.0 109.0 20.0 10.0
74.0 59.0 20.0 10.0
61.0 69.0 20.0 10.0
103.0 86.0 20.0 10.0
91.0 111.0 20.0 10.0
87.0 78.0 20.0 10.0
41.0 90.0 20.0 10.0
50.0 71.0 20.0 10.0
100.0 82.0 20.0 10.0
99.0 49.0 20.0 10.0
65.0 101.0 20.0 10.0
103.0 92.0 20.0 10.0
67.0 89.0 20.0 10.0
59.0 89.0 20.0 10.0
94.0 89.0 20.0 10.0
97.0 58.0 20.0 10.0
95.0 112.0 20.0 10.0
97.0 64.0 20.0 10.0
48.0 70.0 20.0 10.0
66.0 87.0 20.0 10.0
104.0 77.0 20.0 10.0
72.0 41.0 20.0 10.0
107.0 94.0 20.0 10.0
52.0 79.0 20.0 10.0
88.0 120.0 20.0 10.0
81.0 90.0 20.0 10.0
110.0 108.0 20.0 10.0
65.0 109.0 20.0 10.0
102.0 67.0 20.0 10.0
63.0 97.0 20.0 10.0
64.0 100.0 20.0 10.0
112.0 60.0 20.0 10.0
60.0 82.0 20.0 10.0
58.0 102.0 20.0 10.0
56.0 94.0 20.0 10.0
93.0 79.0 20.0 10.0
108.0 69.0 20.0 10.0
85.0 35.0 20.0 10.0
123.0 91.0 20.0 10.0
86.0 106.0 20.0 10.0
73.0 134.0 20.0 10.0
80.0 67.0 20.0 10.0
66.0 63.0 20.0 10.0
91.0 55.0 20.0 10.0
94.0 114.0 20.0 10.0
98.0 132.0 20.0 10.0
119.0 61.0 20.0 10.0
46.0 91.0 20.0 10.0
82.0 59.0 20.0 10.0
107.0 91.0 20.0 10.0
76.0 117.0 20.0 10.0
81.0 103.0 20.0 10.0
105.0 74.0 20.0 10.0
54.0 67.0 20.0 10.0
52.0 104.0 20.0 10.0
99.0 127.0 20.0 10.0
91.0 95.0 20.0 10.0
74.0 74.0 20.0 10.0
108.0 82.0 20.0 10.0
52.0 93.0 20.0 10.0
99.0 60.0 20.0 10.0
90.0 97.0 20.0 10.0
117.0 85.0 20.0 10.0
86.0 58.0 20.0 10.0
93.0 58.0 20.0 10.0
76.0 58.0 20.0 10.0
112.0 109.0 20.0 10.0
57.0 66.0 20.0 10.0
71.0 105.0 20.0 10.0
119.0 90.0 20.0 10.0
70.0 58.0 20.0 10.0
97.0 52.0 20.0 10.0
118.0 120.0 20.0 10.0
96.0 127.0 20.0 10.0
92.0 86.0 20.0 10.0
73.0 104.0 20.0 10.0
71.0 52.0 20.0 10.0
105.0 88.0 20.0 10.0
43.0 86.0 20.0 10.0
67.0 92.0 20.0 10.0
79.0 51.0 20.0 10.0
115.0 105.0 20.0 10.0
116.0 100.0 20.0 10.0
118.0 67.0 20.0 10.0
96.0 76.0 20.0 10.0
85.0 91.0 20.0 10.0
106.0 115.0 20.0 10.0
57.0 99.0 20.0 10.0
98.0 128.0 20.0 10.0
102.0 90.0 20.0 10.0
58.0 122.0 20.0 10.0
115.0 116.0 20.0 10.0
121.0 68.0 20.0 10.0
112.0 107.0 20.0 10.0
121.0 94.0 20.0 10.0
118.0 76.0 20.0 10.0
89.0 78.0 20.0 10.0
94.0 119.0 20.0 10.0
88.0 57.0 20.0 10.0
83.0 61.0 20.0 10.0
109.0 114.0 20.0 10.0
120.0 116.0 20.0 10.0
56.0 104.0 20.0 10.0
50.0 84.0 20.0 10.0
77.0 108.0 20.0 10.0
88.0 108.0 20.0 10.0
114.0 80.0 20.0 10.0
67.0 118.0 20.0 10.0
82.0 69.0 20.0 10.0
83.0 91.0 20.0 10.0
62.0 73.0 20.0 10.0
42.0 53.0 20.0 10.0
103.0 53.0 20.0 10.0
118.0 88.0 20.0 10.0
129.0 84.0 20.0 10.0
86.0 101.0 20.0 10.0
115.0 75.0 20.0 10.0
129.0 65.0 20.0 10.0
58.0 108.0 20.0 10.0
93.0 100.0 20.0 10.0
69.0 43.0 20.0 10.0
45.0 94.0 20.0 10.0
116.0 57.0 20.0 10.0
94.0 50.0 20.0 10.0
66.0 97.0 20.0 10.0
41.0 104.0 20.0 10.0
43.0 84.0 20.0 10.0
108.0 102.0 20.0 10.0
58.0 56.0 20.0 10.0
78.0 42.0 20.0 10.0
107.0 54.0 20.0 10.0
93.0 71.0 20.0 10.0
94.0 96.0 20.0 10.0
76.0 51.0 20.0 10.0
101.0 113.0 20.0 10.0
50.0 89.0 20.0 10.0
100.0 77.0 20.0 10.0
114.0 110.0 20.0 10.0
67.0 55.0 20.0 10.0
39.0 102.0 20.0 10.0
128.0 97.0 20.0 10.0
114.0 72.0 20.0 10.0
60.0 97.0 20.0 10.0
46.0 99.0 20.0 10.0
98.0 72.0 20.0 10.0
129.0 81.0 20.0 10.0
90.0 45.0 20.0 10.0
108.0 71.0 20.0 10.0
50.0 100.0 20.0 10.0
86.0 60.0 20.0 10.0
119.0 83.0 20.0 10.0
113.0 47.0 20.0 10.0
104.0 108.0 20.0 10.0
61.0 45.0 20.0 10.0
51.0 111.0 20.0 10.0
113.0 128.0 20.0 10.0
108.0 109.0 20.0 10.0
104.0 117.0 20.0 10.0
86.0 135.0 20.0 10.0
76.0 127.0 20.0 10.0
114.0 106.0 20.0 10.0
113.0 111.0 20.0 10.0
44.0 76.0 20.0 10.0
72.0 96.0 20.0 10.0
58.0 72.0 20.0 10.0
58.0 84.0 20.0 10.0
74.0 115.0 20.0 10.0
53.0 108.0 20.0 10.0
92.0 90.0 20.0 10.0
77.0 140.0 20.0 10.0
102.0 121.0 20.0 10.0
72.0 67.0 20.0 10.0
109.0 98.0 20.0 10.0
97.0 134.0 20.0 10.0
65.0 83.0 20.0 10.0
101.0 58.0 20.0 10.0
47.0 66.0 20.0 10.0
99.0 121.0 20.0 10.0
69.0 90.0 20.0 10.0
97.0 60.0 20.0 10.0
110.0 119.0 20.0 10.0
61.0 65.0 20.0 10.0
100.0 45.0 20.0 10.0
64.0 71.0 20.0 10.0
125.0 83.0 20.0 10.0
110.0 78.0 20.0 10.0
99.0 104.0 20.0 10.0
122.0 76.0 20.0 10.0
79.0 100.0 20.0 10.0
95.0 99.0 20.0 10.0
72.0 120.0 20.0 10.0
72.0 107.0 20.0 10.0
130.0 67.0 20.0 10.0
64.0 116.0 20.0 10.0
64.0 111.0 20.0 10.0
88.0 66.0 20.0 10.0
107.0 84.0 20.0 10.0
124.0 68.0 20.0 10.0
69.0 119.0 20.0 10.0
124.0 87.0 20.0 10.0
108.0 119.0 20.0 10.0
88.0 53.0 20.0 10.0
63.0 53.0 20.0 10.0
41.0 110.0 20.0 10.0
41.0 68.0 20.0 10.0
56.0 91.0 20.0 10.0
45.0 80.0 20.0 10.0
116.0 115.0 20.0 10.0
123.0 64.0 20.0 10.0
78.0 96.0 20.0 10.0
54.0 117.0 20.0 10.0
49.0 104.0 20.0 10.0
122.0 105.0 20.0 10.0
88.0 63.0 20.0 10.0
122.0 69.0 20.0 10.0
107.0 122.0 20.0 10.0
53.0 72.0 20.0 10.0
97.0 70.0 20.0 10.0
128.0 90.0 20.0 10.0
35.0 75.0 20.0 10.0
117.0 128.0 20.0 10.0
74.0 55.0 20.0 10.0
95.0 117.0 20.0 10.0
58.0 79.0 20.0 10.0
86.0 52.0 20.0 10.0
91.0 69.0 20.0 10.0
91.0 129.0 20.0 10.0
90.0 40.0 20.0 10.0
77.0 124.0 20.0 10.0
69.0 92.0 20.0 10.0
101.0 39.0 20.0 10.0
80.0 100.0 20.0 10.0
123.0 78.0 20.0 10.0
81.0 113.0 20.0 10.0
84.0 72.0 20.0 10.0
126.0 71.0 20.0 10.0
106.0 68.0 20.0 10.0
111.0 54.0 20.0 10.0
126.0 76.0 20.0 10.0
87.0 122.0 20.0 10.0
55.0 63.0 20.0 10.0
99.0 100.0 20.0 10.0
71.0 100.0 20.0 10.0
50.0 61.0 20.0 10.0
92.0 113.0 20.0 10.0
56.0 101.0 20.0 10.0
74.0 85.0 20.0 10.0
135.0 77.0 20.0 10.0
96.0 92.0 20.0 10.0
56.0 78.0 20.0 10.0
79.0 120.0 20.0 10.0
88.0 69.0 20.0 10.0
99.0 79.0 20.0 10.0
105.0 47.0 20.0 10.0
48.0 79.0 20.0 10.0
56.0 85.0 20.0 10.0
121.0 109.0 20.0 10.0
123.0 75.0 20.0 10.0
73.0 48.0 20.0 10.0
99.0 83.0 20.0 10.0
78.0 49.0 20.0 10.0
104.0 97.0 20.0 10.0
128.0 112.0 20.0 10.0
52.0 55.0 20.0 10.0
114.0 121.0 20.0 10.0
112.0 45.0 20.0 10.0
118.0 64.0 20.0 10.0
98.0 52.0 20.0 10.0
71.0 80.0 20.0 10.0
38.0 65.0 20.0 10.0
47.0 83.0 20.0 10.0
95.0 56.0 20.0 10.0
64.0 124.0 20.0 10.0
67.0 128.0 20.0 10.0
105.0 56.0 20.0 10.0
139.0 81.0 20.0 10.0
120.0 49.0 20.0 10.0
48.0 96.0 20.0 10.0
86.0 40.0 20.0 10.0
61.0 71.0 20.0 10.0
122.0 51.0 20.0 10.0
65.0 118.0 20.0 10.0
89.0 124.0 20.0 10.0
116.0 59.0 20.0 10.0
70.0 37.0 20.0 10.0
68.0 111.0 20.0 10.0
95.0 42.0 20.0 10.0
108.0 127.0 20.0 10.0
81.0 102.0 20.0 10.0
77.0 47.0 20.0 10.0
64.0 94.0 20.0 10.0
56.099998474121094 78.0 20.0 10.0
46.0 70.0 20.0 10.0
95.0 107.0 20.0 10.0
40.0 106.0 20.0 10.0
86.0 121.0 20.0 10.0
54.0 76.0 20.0 10.0
131.0 89.0 20.0 10.0
91.0 42.0 20.0 10.0
128.0 74.0 20.0 10.0
85.0 79.0 20.0 10.0
65.0 74.0 20.0 10.0
90.0 140.0 20.0 10.0
51.0 48.0 20.0 10.0
51.0 115.0 20.0 10.0
69.0 107.0 20.0 10.0
56.0 106.0 20.0 10.0
113.0 77.0 20.0 10.0
42.0 84.0 20.0 10.0
73.0 50.0 20.0 10.0
74.0 67.0 20.0 10.0
50.0 117.0 20.0 10.0
122.0 110.0 20.0 10.0
131.0 78.0 20.0 10.0
106.0 118.0 20.0 10.0
88.0 45.0 20.0 10.0
108.0 113.0 20.0 10.0
49.0 58.0 20.0 10.0
121.0 84.0 20.0 10.0
66.0 67.0 20.0 10.0
44.0 116.0 20.0 10.0
82.0 126.0 20.0 10.0
59.0 41.0 20.0 10.0
82.0 63.0 20.0 10.0
61.0 118.0 20.0 10.0
67.0 124.0 20.0 10.0
48.0 99.0 20.0 10.0
39.0 93.0 20.0 10.0
68.0 95.0 20.0 10.0
95.0 48.0 20.0 10.0
25.0 80.0 20.0 10.0
53.0 47.0 20.0 10.0
77.0 103.0 20.0 10.0
68.0 132.0 20.0 10.0
89.0 134.0 20.0 10.0
94.0 122.0 20.0 10.0
46.0 117.0 20.0 10.0
107.0 60.0 20.0 10.0
61.0 128.0 20.0 10.0
83.0 83.0 20.0 10.0
46.0 77.0 20.0 10.0
76.0 130.0 20.0 10.0
60.0 50.0 20.0 10.0
48.0 93.0 20.0 10.0
56.0 140.0 20.0 10.0
103.0 36.0 20.0 10.0
117.0 78.0 20.0 10.0
113.0 95.0 20.0 10.0
134.0 74.0 20.0 10.0
70.0 109.0 20.0 10.0
115.0 51.0 20.0 10.0
67.0 102.0 20.0 10.0
51.0 65.0 20.0 10.0
123.0 129.0 20.0 10.0
137.0 93.0 20.0 10.0
58.0 58.0 20.0 10.0
107.0 105.0 20.0 10.0
92.0 141.0 20.0 10.0
92.0 121.0 20.0 10.0
86.0 74.0 20.0 10.0
119.0 107.0 20.0 10.0
115.0 42.0 20.0 10.0
97.0 114.0 20.0 10.0
128.0 102.0 20.0 10.0
83.0 131.0 20.0 10.0
123.0 81.0 20.0 10.0
124.0 37.0 20.0 10.0
114.0 83.0 20.0 10.0
46.0 74.0 20.0 10.0
90.0 105.0 20.0 10.0
31.0 82.0 20.0 10.0
113.0 103.0 20.0 10.0
54.0 94.0 20.0 10.0
43.0 89.0 20.0 10.0
115.0 113.0 20.0 10.0
65.0 31.0 20.0 10.0
105.0 122.0 20.0 10.0
93.0 52.0 20.0 10.0
84.0 69.0 20.0 10.0
42.0 106.0 20.0 10.0
65.0 68.0 20.0 10.0
144.0 72.0 20.0 10.0
108.0 63.0 20.0 10.0
137.0 71.0 20.0 10.0
121.0 60.0 20.0 10.0
119.0 124.0 20.0 10.0
39.0 116.0 20.0 10.0
109.0 128.0 20.0 10.0
64.0 47.0 20.0 10.0
88.0 113.0 20.0 10.0
74.0 57.0 20.0 10.0
31.0 68.0 20.0 10.0
73.0 44.0 20.0 10.0
123.0 61.0 20.0 10.0
115.0 69.0 20.0 10.0
71.0 133.0 20.0 10.0
133.0 110.0 20.0 10.0
75.0 136.0 20.0 10.0
104.0 44.0 20.0 10.0
49.0 44.0 20.0 10.0
78.0 60.0 20.0 10.0
128.0 108.0 20.0 10.0
70.0 47.0 20.0 10.0
39.0 73.0 20.0 10.0
33.0 83.0 20.0 10.0
121.0 117.0 20.0 10.0
128.0 87.0 20.0 10.0
72.0 127.0 20.0 10.0
91.0 38.0 20.0 10.0
61.0 115.0 20.0 10.0
126.0 93.0 20.0 10.0
48.0 49.0 20.0 10.0
92.0 124.0 20.0 10.0
62.0 38.0 20.0 10.0
139.0 117.0 20.0 10.0
125.0 104.0 20.0 10.0
118.0 70.0 20.0 10.0
135.0 103.0 20.0 10.0
55.0 56.0 20.0 10.0
115.0 55.0 20.0 10.0
61.0 123.0 20.0 10.0
98.0 39.0 20.0 10.0
71.0 123.0 20.0 10.0
50.0 109.0 20.0 10.0
69.0 121.0 20.0 10.0
68.0 38.0 20.0 10.0
112.0 123.0 20.0 10.0
62.0 121.0 20.0 10.0
82.0 37.0 20.0 10.0
59.0 107.0 20.0 10.0
57.0 44.0 20.0 10.0
42.0 64.0 20.0 10.0
51.0 138.0 20.0 10.0
119.0 99.0 20.0 10.0
108.0 47.0 20.0 10.0
76.0 33.0 20.0 10.0
109.0 77.0 20.0 10.0
120.0 65.0 20.0 10.0
71.0 88.0 20.0 10.0
102.0 130.0 20.0 10.0
87.0 124.0 20.0 10.0
73.0 111.0 20.0 10.0
64.0 44.0 20.0 10.0
115.0 48.0 20.0 10.0
100.0 35.0 20.0 10.0
92.0 36.0 20.0 10.0
81.0 140.0 20.0 10.0
89.0 34.0 20.0 10.0
111.0 96.0 20.0 10.0
53.0 57.0 20.0 10.0
122.0 103.0 20.0 10.0
122.0 73.0 20.0 10.0
135.0 72.0 20.0 10.0
31.0 97.0 20.0 10.0
120.0 97.0 20.0 10.0
113.0 63.0 20.0 10.0
49.0 123.0 20.0 10.0
32.0 87.0 20.0 10.0
55.0 108.0 20.0 10.0
131.0 82.0 20.0 10.0
143.0 95.0 20.0 10.0
58.0 38.0 20.0 10.0
63.0 134.0 20.0 10.0
91.0 115.0 20.0 10.0
31.0 100.0 20.0 10.0
87.0 142.0 20.0 10.0
142.0 122.0 20.0 10.0
70.0 138.0 20.0 10.0
69.0 54.0 20.0 10.0
112.0 52.0 20.0 10.0
28.0 75.0 20.0 10.0
139.0 85.0 20.0 10.0
103.0 131.0 20.0 10.0
57.0 91.0 20.0 10.0
103.0 65.0 20.0 10.0
65.0 136.0 20.0 10.0
125.0 57.0 20.0 10.0
124.0 114.0 20.0 10.0
101.0 54.0 20.0 10.0
138.0 112.0 20.0 10.0
83.0 39.0 20.0 10.0
104.0 41.0 20.0 10.0
49.0 119.0 20.0 10.0
33.0 71.0 20.0 10.0
66.0 131.0 20.0 10.0
65.0 114.0 20.0 10.0
97.0 35.0 20.0 10.0
61.0 58.0 20.0 10.0
41.0 60.0 20.0 10.0
126.0 55.0 20.0 10.0
98.0 33.0 20.0 10.0
57.0 47.0 20.0 10.0
53.0 87.0 20.0 10.0
99.0 114.0 20.0 10.0
140.0 89.0 20.0 10.0
78.0 132.0 20.0 10.0
50.0 69.0 20.0 10.0
130.0 110.0 20.0 10.0
45.0 62.0 20.0 10.0
103.0 111.0 20.0 10.0
51.0 63.0 20.0 10.0
54.0 119.0 20.0 10.0
83.0 139.0 20.0 10.0
73.0 139.0 20.0 10.0
93.0 29.0 20.0 10.0
31.0 72.0 20.0 10.0
74.0 123.0 20.0 10.0
70.0 124.0 20.0 10.0
80.0 122.0 20.0 10.0
110.0 66.0 20.0 10.0
95.0 122.0 20.0 10.0
53.0 53.0 20.0 10.0
74.0 63.0 20.0 10.0
131.0 73.0 20.0 10.0
105.0 49.0 20.0 10.0
87.0 133.0 20.0 10.0
43.0 81.0 20.0 10.0
129.0 104.0 20.0 10.0
70.0 144.0 20.0 10.0
99.0 108.0 20.0 10.0
111.0 37.0 20.0 10.0
68.0 79.0 20.0 10.0
111.0 70.0 20.0 10.0
98.0 106.0 20.0 10.0
110.0 57.0 20.0 10.0
138.0 97.0 20.0 10.0
56.0 61.0 20.0 10.0
54.0 51.0 20.0 10.0
118.0 95.0 20.0 10.0
37.0 88.0 20.0 10.0
51.0 99.0 20.0 10.0
133.0 80.0 20.0 10.0
130.0 71.0 20.0 10.0
66.0 58.0 20.0 10.0
65.0 48.0 20.0 10.0
99.0 43.0 20.0 10.0
119.0 47.0 20.0 10.0
51.0 114.0 20.0 10.0
69.0 72.0 20.0 10.0
85.0 131.0 20.0 10.0
130.0 69.0 20.0 10.0
109.0 140.0 20.0 10.0
83.0 57.0 20.0 10.0
54.0 124.0 20.0 10.0
52.0 102.0 20.0 10.0
40.0 100.0 20.0 10.0
97.0 49.0 20.0 10.0
63.0 63.0 20.0 10.0
52.0 97.0 20.0 10.0
126.0 48.0 20.0 10.0
109.0 44.0 20.0 10.0
69.0 148.0 20.0 10.0
78.0 64.0 20.0 10.0
111.0 50.0 20.0 10.0
79.0 38.0 20.0 10.0
53.0 61.0 20.0 10.0
143.0 91.0 20.0 10.0
111.0 134.0 20.0 10.0
53.0 41.0 20.0 10.0
113.0 81.0 20.0 10.0
61.0 48.0 20.0 10.0
109.0 49.0 20.0 10.0
130.0 115.0 20.0 10.0
90.0 117.0 20.0 10.0
130.0 63.0 20.0 10.0
42.0 78.0 20.0 10.0
117.0 61.0 20.0 10.0
106.0 132.0 20.0 10.0
126.0 100.0 20.0 10.0
84.0 147.0 20.0 10.0
143.0 71.0 20.0 10.0
101.0 132.0 20.0 10.0
68.0 62.0 20.0 10.0
134.0 98.0 20.0 10.0
127.0 70.0 20.0 10.0
48.0 87.0 20.0 10.0
87.0 27.0 20.0 10.0
84.0 123.0 20.0 10.0
124.0 98.0 20.0 10.0
50.0 51.0 20.0 10.0
81.0 132.0 20.0 10.0
129.0 121.0 20.0 10.0
116.0 119.0 20.0 10.0
55.0 127.0 20.0 10.0
37.0 86.0 20.0 10.0
123.0 72.0 20.0 10.0
41.0 75.0 20.0 10.0
134.0 68.0 20.0 10.0
68.0 51.0 20.0 10.0
109.0 111.0 20.0 10.0
98.0 122.0 20.0 10.0
57.0 126.0 20.0 10.0
40.0 123.0 20.0 10.0
25.0 94.0 20.0 10.0
26.0 73.0 20.0 10.0
83.0 32.0 20.0 10.0
35.0 94.0 20.0 10.0
84.0 117.0 20.0 10.0
97.0 65.0 20.0 10.0
63.0 120.0 20.0 10.0
123.0 93.0 20.0 10.0
41.0 48.0 20.0 10.0
95.0 131.0 20.0 10.0
111.0 61.0 20.0 10.0
107.0 137.0 20.0 10.0
120.0 129.0 20.0 10.0
72.0 35.0 20.0 10.0
92.0 61.0 20.0 10.0
45.0 123.0 20.0 10.0
94.0 129.0 20.0 10.0
40.0 96.0 20.0 10.0
113.0 56.0 20.0 10.0
36.0 92.0 20.0 10.0
71.0 117.0 20.0 10.0
36.0 97.0 20.0 10.0
119.0 113.0 20.0 10.0
60.0 54.0 20.0 10.0
60.0 86.0 20.0 10.0
36.0 112.0 20.0 10.0
83.0 135.0 20.0 10.0
43.0 72.0 20.0 10.0
134.0 65.0 20.0 10.0
67.0 85.0 20.0 10.0
112.0 129.0 20.0 10.0
65.0 51.0 20.0 10.0
143.0 83.0 20.0 10.0
74.0 37.0 20.0 10.0
82.0 44.0 20.0 10.0
132.0 116.0 20.0 10.0
119.0 71.0 20.0 10.0
89.0 50.0 20.0 10.0
59.0 126.0 20.0 10.0
52.0 119.0 20.0 10.0
78.0 35.0 20.0 10.0
50.0 77.0 20.0 10.0
127.0 81.0 20.0 10.0
133.0 84.0 20.0 10.0
60.0 131.0 20.0 10.0
63.0 50.0 20.0 10.0
83.0 54.0 20.0 10.0
56.0 87.0 20.0 10.0
56.0 122.0 20.0 10.0
123.0 85.0 20.0 10.0
108.0 40.0 20.0 10.0
41.0 94.0 20.0 10.0
130.0 96.0 20.0 10.0
115.0 125.0 20.0 10.0
128.0 52.0 20.0 10.0
112.0 126.0 20.0 10.0
54.0 138.0 20.0 10.0
131.0 93.0 20.0 10.0
108.0 125.0 20.0 10.0
73.0 41.0 20.0 10.0
103.0 124.0 20.0 10.0
64.0 28.0 20.0 10.0
50.0 148.0 20.0 10.0
55.0 103.0 20.0 10.0
78.0 115.0 20.0 10.0
46.0 59.0 20.0 10.0
114.0 142.0 20.0 10.0
140.0 83.0 20.0 10.0
139.0 103.0 20.0 10.0
50.0 75.0 20.0 10.0
59.0 98.0 20.0 10.0
115.0 86.0 20.0 10.0
73.0 31.0 20.0 10.0
57.0 69.0 20.0 10.0
77.0 91.0 20.0 10.0
26.0 110.0 20.0 10.0
81.0 49.0 20.0 10.0
47.0 124.0 20.0 10.0
85.0 115.0 20.0 10.0
138.0 65.0 20.0 10.0
99.0 138.0 20.0 10.0
90.0 49.0 20.0 10.0
49.0 129.0 20.0 10.0
117.0 81.0 20.0 10.0
125.0 117.0 20.0 10.0
32.0 78.0 20.0 10.0
132.0 122.0 20.0 10.0
37.0 103.0 20.0 10.0
37.0 53.0 20.0 10.0
116.0 95.0 20.0 10.0
134.0 89.0 20.0 10.0
55.0 115.0 20.0 10.0
69.0 46.0 20.0 10.0
137.0 109.0 20.0 10.0
122.0 107.0 20.0 10.0
124.0 121.0 20.0 10.0
46.0 87.0 20.0 10.0
118.0 44.0 20.0 10.0
105.0 39.0 20.0 10.0
44.0 131.0 20.0 10.0
116.0 101.0 20.0 10.0
140.0 56.0 20.0 10.0
35.0 79.0 20.0 10.0
104.0 129.0 20.0 10.0
35.0 70.0 20.0 10.0
35.0 65.0 20.0 10.0
42.0 72.0 20.0 10.0
102.0 144.0 20.0 10.0
61.0 147.0 20.0 10.0
57.0 53.0 20.0 10.0
126.0 103.0 20.0 10.0
45.0 69.0 20.0 10.0
58.0 42.0 20.0 10.0
51.0 124.0 20.0 10.0
84.0 140.0 20.0 10.0
73.0 129.0 20.0 10.0
112.0 35.0 20.0 10.0
126.0 113.0 20.0 10.0
24.0 100.0 20.0 10.0
42.0 95.0 20.0 10.0
77.0 36.0 20.0 10.0
130.0 56.0 20.0 10.0
41.0 120.0 20.0 10.0
45.0 46.0 20.0 10.0
82.0 41.0 20.0 10.0
128.0 57.0 20.0 10.0
89.0 128.0 20.0 10.0
75.0 45.0 20.0 10.0
61.0 31.0 20.0 10.0
65.0 140.0 20.0 10.0
135.0 97.0 20.0 10.0
88.0 35.0 20.0 10.0
95.0 38.0 20.0 10.0
32.0 90.0 20.0 10.0
144.0 87.0 20.0 10.0
38.0 108.0 20.0 10.0
42.0 88.0 20.0 10.0
118.0 38.0 20.0 10.0
40.0 78.0 20.0 10.0
127.0 63.0 20.0 10.0
106.0 37.0 20.0 10.0
61.0 52.0 20.0 10.0
44.0 104.0 20.0 10.0
104.0 139.0 20.0 10.0
74.0 133.0 20.0 10.0
124.0 89.0 20.0 10.0
91.0 136.0 20.0 10.0
60.0 95.0 20.0 10.0
35.0 49.0 20.0 10.0
60.0 133.0 20.0 10.0
36.0 71.0 20.0 10.0
150.0 71.0 20.0 10.0
110.0 150.0 20.0 10.0
77.0 39.0 20.0 10.0
48.0 102.0 20.0 10.0
88.0 31.0 20.0 10.0
114.0 36.0 20.0 10.0
92.0 42.0 20.0 10.0
49.0 63.0 20.0 10.0
116.0 63.0 20.0 10.0
142.0 105.0 20.0 10.0
33.0 138.0 20.0 10.0
69.0 126.0 20.0 10.0
121.0 121.0 20.0 10.0
63.0 39.0 20.0 10.0
136.0 45.0 20.0 10.0
40.0 54.0 20.0 10.0
118.0 31.0 20.0 10.0
137.0 101.0 20.0 10.0
129.0 99.0 20.0 10.0
121.0 55.0 20.0 10.0
84.0 33.0 20.0 10.0
32.0 80.0 20.0 10.0
139.0 57.0 20.0 10.0
31.0 57.0 20.0 10.0
82.0 148.0 20.0 10.0
67.0 41.0 20.0 10.0
101.0 27.0 20.0 10.0
130.0 127.0 20.0 10.0
135.0 60.0 20.0 10.0
46.0 106.0 20.0 10.0
93.0 133.0 20.0 10.0
29.0 114.0 20.0 10.0
85.0 48.0 20.0 10.0
38.0 43.0 20.0 10.0
134.0 56.0 20.0 10.0
132.0 49.0 20.0 10.0
75.0 130.0 20.0 10.0
131.0 33.0 20.0 10.0
67.0 134.0 20.0 10.0
119.0 53.0 20.0 10.0
48.0 55.0 20.0 10.0
50.0 38.0 20.0 10.0
45.0 56.0 20.0 10.0
131.0 135.0 20.0 10.0
129.0 79.0 20.0 10.0
37.0 71.0 20.0 10.0
141.0 100.0 20.0 10.0
90.0 143.0 20.0 10.0
131.0 107.0 20.0 10.0
30.0 93.0 20.0 10.0
51.0 29.0 20.0 10.0
26.0 109.0 20.0 10.0
88.0 128.0 20.0 10.0
41.0 131.0 20.0 10.0
38.0 67.0 20.0 10.0
122.0 38.0 20.0 10.0
121.0 139.0 20.0 10.0
102.0 25.0 20.0 10.0
145.0 63.0 20.0 10.0
46.0 108.0 20.0 10.0
142.0 111.0 20.0 10.0
108.0 42.0 20.0 10.0
