1000
536.0 739.0 20.0 10.0
652.0 853.0 20.0 10.0
660.0 890.0 20.0 10.0
446.0 703.0 20.0 10.0
518.0 687.0 20.0 10.0
682.0 843.0 20.0 10.0
417.0 696.0 20.0 10.0
693.0 969.0 20.0 10.0
566.0 892.0 20.0 10.0
802.0 861.0 20.0 10.0
505.0 723.0 20.0 10.0
449.0 629.0 20.0 10.0
725.0 1004.0 20.0 10.0
721.0 1068.0 20.0 10.0
621.0 922.0 20.0 10.0
629.0 915.0 20.0 10.0
365.0 521.0 20.0 10.0
601.0 980.0 20.0 10.0
626.0 893.0 20.0 10.0
490.0 938.0 20.0 10.0
750.0 1161.0 20.0 10.0
697.0 905.0 20.0 10.0
300.0 422.0 20.0 10.0
682.0 863.0 20.0 10.0
240.0 333.0 20.0 10.0
595.0 907.0 20.0 10.0
581.0 990.0 20.0 10.0
364.0 685.0 20.0 10.0
395.0 690.0 20.0 10.0
717.0 898.0 20.0 10.0
627.0 841.0 20.0 10.0
192.0 265.0 20.0 10.0
725.0 1113.0 20.0 10.0
570.0 894.0 20.0 10.0
854.0 870.0 20.0 10.0
270.0 382.0 20.0 10.0
732.0 819.0 20.0 10.0
940.0 870.0 20.0 10.0
1019.0 873.0 20.0 10.0
764.0 1241.0 20.0 10.0
784.0 1283.0 20.0 10.0
1061.0 879.0 20.0 10.0
860.0 856.0 20.0 10.0
644.0 853.0 20.0 10.0
708.0 1015.0 20.0 10.0
733.0 1111.0 20.0 10.0
1176.0 890.0 20.0 10.0
367.0 667.0 20.0 10.0
666.0 829.0 20.0 10.0
531.0 906.0 20.0 10.0
288.0 669.0 20.0 10.0
690.0 1022.0 20.0 10.0
590.0 947.0 20.0 10.0
463.0 962.0 20.0 10.0
244.0 358.0 20.0 10.0
1244.0 873.0 20.0 10.0
727.0 1048.0 20.0 10.0
709.0 836.0 20.0 10.0
734.0 1009.0 20.0 10.0
648.0 823.0 20.0 10.0
688.0 1064.0 20.0 10.0
215.0 275.0 20.0 10.0
695.0 924.0 20.0 10.0
566.0 903.0 20.0 10.0
526.0 893.0 20.0 10.0
499.0 893.0 20.0 10.0
660.0 794.0 20.0 10.0
707.0 825.0 20.0 10.0
591.0 1029.0 20.0 10.0
740.0 1144.0 20.0 10.0
677.0 1044.0 20.0 10.0
751.0 1206.0 20.0 10.0
1079.0 894.0 20.0 10.0
1232.0 904.0 20.0 10.0
634.0 815.0 20.0 10.0
904.0 859.0 20.0 10.0
233.0 295.0 20.0 10.0
188.0 238.0 20.0 10.0
438.0 653.0 20.0 10.0
1122.0 902.0 20.0 10.0
217.0 308.0 20.0 10.0
427.0 970.0 20.0 10.0
673.0 905.0 20.0 10.0
452.0 977.0 20.0 10.0
788.0 1205.0 20.0 10.0
896.0 851.0 20.0 10.0
1249.0 914.0 20.0 10.0
453.0 946.0 20.0 10.0
424.0 617.0 20.0 10.0
539.0 1061.0 20.0 10.0
288.0 382.0 20.0 10.0
258.0 656.0 20.0 10.0
297.0 487.0 20.0 10.0
497.0 668.0 20.0 10.0
778.0 1300.0 20.0 10.0
684.0 1055.0 20.0 10.0
386.0 1000.0 20.0 10.0
1315.0 932.0 20.0 10.0
500.0 643.0 20.0 10.0
688.0 837.0 20.0 10.0
781.0 1339.0 20.0 10.0
389.0 983.0 20.0 10.0
614.0 787.0 20.0 10.0
688.0 1101.0 20.0 10.0
736.0 1141.0 20.0 10.0
349.0 692.0 20.0 10.0
357.0 480.0 20.0 10.0
149.0 198.0 20.0 10.0
240.0 460.0 20.0 10.0
604.0 906.0 20.0 10.0
501.0 1126.0 20.0 10.0
724.0 900.0 20.0 10.0
758.0 787.0 20.0 10.0
606.0 762.0 20.0 10.0
382.0 984.0 20.0 10.0
689.0 1044.0 20.0 10.0
218.0 662.0 20.0 10.0
650.0 931.0 20.0 10.0
729.0 1033.0 20.0 10.0
616.0 963.0 20.0 10.0
1283.0 913.0 20.0 10.0
616.0 906.0 20.0 10.0
612.0 802.0 20.0 10.0
1313.0 907.0 20.0 10.0
445.0 608.0 20.0 10.0
753.0 1048.0 20.0 10.0
771.0 1033.0 20.0 10.0
584.0 753.0 20.0 10.0
476.0 718.0 20.0 10.0
781.0 774.0 20.0 10.0
488.0 1154.0 20.0 10.0
578.0 1013.0 20.0 10.0
1152.0 910.0 20.0 10.0
437.0 958.0 20.0 10.0
467.0 1161.0 20.0 10.0
740.0 890.0 20.0 10.0
173.0 650.0 20.0 10.0
1355.0 946.0 20.0 10.0
1072.0 853.0 20.0 10.0
111.0 158.0 20.0 10.0
134.0 158.0 20.0 10.0
450.0 1179.0 20.0 10.0
776.0 759.0 20.0 10.0
164.0 244.0 20.0 10.0
839.0 872.0 20.0 10.0
170.0 239.0 20.0 10.0
188.0 429.0 20.0 10.0
647.0 870.0 20.0 10.0
593.0 1014.0 20.0 10.0
226.0 297.0 20.0 10.0
740.0 1078.0 20.0 10.0
122.0 147.0 20.0 10.0
344.0 485.0 20.0 10.0
1286.0 872.0 20.0 10.0
923.0 845.0 20.0 10.0
162.0 660.0 20.0 10.0
1327.0 916.0 20.0 10.0
764.0 797.0 20.0 10.0
352.0 486.0 20.0 10.0
1291.0 863.0 20.0 10.0
760.0 1291.0 20.0 10.0
616.0 1001.0 20.0 10.0
728.0 916.0 20.0 10.0
597.0 746.0 20.0 10.0
311.0 690.0 20.0 10.0
433.0 599.0 20.0 10.0
153.0 423.0 20.0 10.0
776.0 1269.0 20.0 10.0
714.0 991.0 20.0 10.0
400.0 975.0 20.0 10.0
750.0 1040.0 20.0 10.0
710.0 850.0 20.0 10.0
89.0 131.0 20.0 10.0
214.0 268.0 20.0 10.0
1284.0 856.0 20.0 10.0
889.0 841.0 20.0 10.0
347.0 1000.0 20.0 10.0
680.0 743.0 20.0 10.0
449.0 570.0 20.0 10.0
116.0 657.0 20.0 10.0
606.0 955.0 20.0 10.0
154.0 401.0 20.0 10.0
724.0 822.0 20.0 10.0
108.0 102.0 20.0 10.0
420.0 578.0 20.0 10.0
642.0 881.0 20.0 10.0
1244.0 891.0 20.0 10.0
423.0 544.0 20.0 10.0
426.0 949.0 20.0 10.0
1300.0 888.0 20.0 10.0
273.0 348.0 20.0 10.0
810.0 1232.0 20.0 10.0
981.0 862.0 20.0 10.0
1125.0 912.0 20.0 10.0
742.0 898.0 20.0 10.0
220.0 271.0 20.0 10.0
647.0 857.0 20.0 10.0
79.0 654.0 20.0 10.0
589.0 796.0 20.0 10.0
710.0 1053.0 20.0 10.0
545.0 904.0 20.0 10.0
827.0 1256.0 20.0 10.0
439.0 1193.0 20.0 10.0
252.0 651.0 20.0 10.0
794.0 1351.0 20.0 10.0
416.0 1215.0 20.0 10.0
216.0 445.0 20.0 10.0
485.0 717.0 20.0 10.0
679.0 710.0 20.0 10.0
170.0 208.0 20.0 10.0
421.0 690.0 20.0 10.0
808.0 1370.0 20.0 10.0
805.0 1380.0 20.0 10.0
710.0 1085.0 20.0 10.0
329.0 462.0 20.0 10.0
821.0 1245.0 20.0 10.0
583.0 1058.0 20.0 10.0
430.0 1006.0 20.0 10.0
193.0 249.0 20.0 10.0
49.0 655.0 20.0 10.0
761.0 1338.0 20.0 10.0
1162.0 928.0 20.0 10.0
528.0 882.0 20.0 10.0
145.0 641.0 20.0 10.0
403.0 953.0 20.0 10.0
432.0 1000.0 20.0 10.0
485.0 1176.0 20.0 10.0
220.0 339.0 20.0 10.0
1121.0 836.0 20.0 10.0
475.0 1166.0 20.0 10.0
455.0 717.0 20.0 10.0
578.0 1068.0 20.0 10.0
557.0 1015.0 20.0 10.0
510.0 658.0 20.0 10.0
528.0 710.0 20.0 10.0
221.0 633.0 20.0 10.0
290.0 391.0 20.0 10.0
764.0 1270.0 20.0 10.0
580.0 1047.0 20.0 10.0
699.0 706.0 20.0 10.0
190.0 626.0 20.0 10.0
442.0 547.0 20.0 10.0
343.0 455.0 20.0 10.0
818.0 1378.0 20.0 10.0
1368.0 940.0 20.0 10.0
588.0 971.0 20.0 10.0
702.0 917.0 20.0 10.0
592.0 886.0 20.0 10.0
837.0 858.0 20.0 10.0
678.0 898.0 20.0 10.0
122.0 380.0 20.0 10.0
718.0 804.0 20.0 10.0
1292.0 934.0 20.0 10.0
373.0 669.0 20.0 10.0
272.0 465.0 20.0 10.0
802.0 1314.0 20.0 10.0
612.0 934.0 20.0 10.0
519.0 1094.0 20.0 10.0
479.0 1152.0 20.0 10.0
587.0 890.0 20.0 10.0
627.0 789.0 20.0 10.0
448.0 581.0 20.0 10.0
934.0 871.0 20.0 10.0
400.0 1236.0 20.0 10.0
711.0 674.0 20.0 10.0
186.0 667.0 20.0 10.0
610.0 882.0 20.0 10.0
419.0 1009.0 20.0 10.0
772.0 783.0 20.0 10.0
561.0 971.0 20.0 10.0
469.0 1216.0 20.0 10.0
254.0 663.0 20.0 10.0
752.0 1371.0 20.0 10.0
785.0 1315.0 20.0 10.0
1093.0 869.0 20.0 10.0
547.0 878.0 20.0 10.0
351.0 1029.0 20.0 10.0
888.0 884.0 20.0 10.0
758.0 927.0 20.0 10.0
564.0 1098.0 20.0 10.0
320.0 1053.0 20.0 10.0
805.0 751.0 20.0 10.0
97.0 67.0 20.0 10.0
913.0 834.0 20.0 10.0
127.0 663.0 20.0 10.0
753.0 1237.0 20.0 10.0
211.0 236.0 20.0 10.0
88.0 654.0 20.0 10.0
359.0 648.0 20.0 10.0
229.0 665.0 20.0 10.0
408.0 596.0 20.0 10.0
1108.0 875.0 20.0 10.0
519.0 698.0 20.0 10.0
984.0 877.0 20.0 10.0
841.0 1278.0 20.0 10.0
360.0 992.0 20.0 10.0
603.0 835.0 20.0 10.0
714.0 1040.0 20.0 10.0
263.0 353.0 20.0 10.0
1296.0 894.0 20.0 10.0
202.0 298.0 20.0 10.0
812.0 1341.0 20.0 10.0
882.0 853.0 20.0 10.0
199.0 204.0 20.0 10.0
556.0 1034.0 20.0 10.0
722.0 908.0 20.0 10.0
653.0 830.0 20.0 10.0
564.0 1075.0 20.0 10.0
566.0 1035.0 20.0 10.0
552.0 1021.0 20.0 10.0
688.0 708.0 20.0 10.0
756.0 1101.0 20.0 10.0
729.0 1151.0 20.0 10.0
773.0 1074.0 20.0 10.0
116.0 133.0 20.0 10.0
708.0 929.0 20.0 10.0
453.0 1205.0 20.0 10.0
163.0 665.0 20.0 10.0
325.0 454.0 20.0 10.0
507.0 1123.0 20.0 10.0
1324.0 941.0 20.0 10.0
932.0 852.0 20.0 10.0
737.0 848.0 20.0 10.0
1134.0 861.0 20.0 10.0
587.0 783.0 20.0 10.0
720.0 952.0 20.0 10.0
697.0 814.0 20.0 10.0
566.0 749.0 20.0 10.0
471.0 666.0 20.0 10.0
1279.0 930.0 20.0 10.0
87.0 41.0 20.0 10.0
415.0 594.0 20.0 10.0
127.0 654.0 20.0 10.0
100.0 129.0 20.0 10.0
405.0 988.0 20.0 10.0
125.0 622.0 20.0 10.0
547.0 1060.0 20.0 10.0
592.0 774.0 20.0 10.0
1155.0 900.0 20.0 10.0
731.0 806.0 20.0 10.0
1211.0 893.0 20.0 10.0
846.0 1275.0 20.0 10.0
574.0 768.0 20.0 10.0
480.0 628.0 20.0 10.0
793.0 791.0 20.0 10.0
1018.0 884.0 20.0 10.0
436.0 1240.0 20.0 10.0
484.0 609.0 20.0 10.0
204.0 610.0 20.0 10.0
396.0 1029.0 20.0 10.0
891.0 867.0 20.0 10.0
1326.0 899.0 20.0 10.0
741.0 1028.0 20.0 10.0
612.0 763.0 20.0 10.0
456.0 1248.0 20.0 10.0
1265.0 909.0 20.0 10.0
456.0 581.0 20.0 10.0
396.0 569.0 20.0 10.0
764.0 1276.0 20.0 10.0
332.0 500.0 20.0 10.0
291.0 1070.0 20.0 10.0
102.0 655.0 20.0 10.0
792.0 1100.0 20.0 10.0
98.0 122.0 20.0 10.0
134.0 125.0 20.0 10.0
807.0 1124.0 20.0 10.0
791.0 1048.0 20.0 10.0
717.0 796.0 20.0 10.0
1164.0 821.0 20.0 10.0
773.0 1291.0 20.0 10.0
208.0 312.0 20.0 10.0
747.0 1245.0 20.0 10.0
1201.0 808.0 20.0 10.0
1383.0 959.0 20.0 10.0
422.0 1272.0 20.0 10.0
137.0 639.0 20.0 10.0
642.0 796.0 20.0 10.0
172.0 230.0 20.0 10.0
489.0 651.0 20.0 10.0
240.0 366.0 20.0 10.0
770.0 1303.0 20.0 10.0
658.0 759.0 20.0 10.0
614.0 943.0 20.0 10.0
715.0 930.0 20.0 10.0
616.0 949.0 20.0 10.0
101.0 663.0 20.0 10.0
416.0 1209.0 20.0 10.0
802.0 1391.0 20.0 10.0
1312.0 913.0 20.0 10.0
581.0 975.0 20.0 10.0
756.0 1365.0 20.0 10.0
564.0 1044.0 20.0 10.0
149.0 411.0 20.0 10.0
429.0 941.0 20.0 10.0
407.0 1290.0 20.0 10.0
429.0 516.0 20.0 10.0
771.0 769.0 20.0 10.0
419.0 1224.0 20.0 10.0
641.0 916.0 20.0 10.0
660.0 949.0 20.0 10.0
896.0 881.0 20.0 10.0
272.0 473.0 20.0 10.0
859.0 1305.0 20.0 10.0
329.0 709.0 20.0 10.0
267.0 473.0 20.0 10.0
555.0 876.0 20.0 10.0
409.0 1021.0 20.0 10.0
793.0 1058.0 20.0 10.0
700.0 1123.0 20.0 10.0
145.0 649.0 20.0 10.0
796.0 763.0 20.0 10.0
812.0 1422.0 20.0 10.0
833.0 727.0 20.0 10.0
741.0 1067.0 20.0 10.0
727.0 798.0 20.0 10.0
109.0 625.0 20.0 10.0
1151.0 827.0 20.0 10.0
690.0 685.0 20.0 10.0
822.0 1337.0 20.0 10.0
472.0 555.0 20.0 10.0
1404.0 944.0 20.0 10.0
622.0 862.0 20.0 10.0
1181.0 896.0 20.0 10.0
1194.0 946.0 20.0 10.0
336.0 663.0 20.0 10.0
667.0 767.0 20.0 10.0
853.0 705.0 20.0 10.0
726.0 770.0 20.0 10.0
933.0 884.0 20.0 10.0
842.0 701.0 20.0 10.0
693.0 1056.0 20.0 10.0
961.0 877.0 20.0 10.0
1325.0 870.0 20.0 10.0
832.0 1266.0 20.0 10.0
469.0 580.0 20.0 10.0
171.0 269.0 20.0 10.0
315.0 1015.0 20.0 10.0
456.0 1243.0 20.0 10.0
389.0 566.0 20.0 10.0
1291.0 907.0 20.0 10.0
1408.0 942.0 20.0 10.0
505.0 918.0 20.0 10.0
184.0 181.0 20.0 10.0
454.0 545.0 20.0 10.0
803.0 1304.0 20.0 10.0
353.0 494.0 20.0 10.0
1216.0 959.0 20.0 10.0
1093.0 884.0 20.0 10.0
797.0 1050.0 20.0 10.0
425.0 519.0 20.0 10.0
281.0 686.0 20.0 10.0
979.0 892.0 20.0 10.0
229.0 651.0 20.0 10.0
208.0 244.0 20.0 10.0
696.0 678.0 20.0 10.0
67.0 25.0 20.0 10.0
1323.0 845.0 20.0 10.0
1238.0 898.0 20.0 10.0
166.0 614.0 20.0 10.0
126.0 129.0 20.0 10.0
259.0 347.0 20.0 10.0
398.0 1244.0 20.0 10.0
189.0 655.0 20.0 10.0
735.0 1179.0 20.0 10.0
397.0 1044.0 20.0 10.0
622.0 973.0 20.0 10.0
705.0 789.0 20.0 10.0
253.0 445.0 20.0 10.0
771.0 1190.0 20.0 10.0
584.0 938.0 20.0 10.0
331.0 672.0 20.0 10.0
494.0 664.0 20.0 10.0
742.0 1200.0 20.0 10.0
984.0 871.0 20.0 10.0
390.0 1033.0 20.0 10.0
535.0 1047.0 20.0 10.0
539.0 901.0 20.0 10.0
261.0 466.0 20.0 10.0
775.0 740.0 20.0 10.0
557.0 1119.0 20.0 10.0
404.0 1294.0 20.0 10.0
1140.0 871.0 20.0 10.0
70.0 107.0 20.0 10.0
346.0 642.0 20.0 10.0
540.0 997.0 20.0 10.0
746.0 1168.0 20.0 10.0
292.0 1025.0 20.0 10.0
309.0 647.0 20.0 10.0
304.0 668.0 20.0 10.0
797.0 1383.0 20.0 10.0
603.0 890.0 20.0 10.0
377.0 674.0 20.0 10.0
387.0 1311.0 20.0 10.0
831.0 737.0 20.0 10.0
723.0 649.0 20.0 10.0
84.0 99.0 20.0 10.0
102.0 644.0 20.0 10.0
873.0 1328.0 20.0 10.0
522.0 1018.0 20.0 10.0
368.0 1047.0 20.0 10.0
817.0 725.0 20.0 10.0
618.0 1032.0 20.0 10.0
735.0 858.0 20.0 10.0
738.0 948.0 20.0 10.0
1106.0 907.0 20.0 10.0
427.0 493.0 20.0 10.0
444.0 1271.0 20.0 10.0
83.0 620.0 20.0 10.0
740.0 772.0 20.0 10.0
751.0 1012.0 20.0 10.0
1349.0 888.0 20.0 10.0
688.0 659.0 20.0 10.0
245.0 322.0 20.0 10.0
483.0 721.0 20.0 10.0
738.0 833.0 20.0 10.0
1226.0 799.0 20.0 10.0
275.0 392.0 20.0 10.0
742.0 1278.0 20.0 10.0
789.0 1372.0 20.0 10.0
581.0 835.0 20.0 10.0
653.0 733.0 20.0 10.0
337.0 461.0 20.0 10.0
646.0 831.0 20.0 10.0
439.0 1261.0 20.0 10.0
346.0 628.0 20.0 10.0
784.0 937.0 20.0 10.0
501.0 909.0 20.0 10.0
715.0 1082.0 20.0 10.0
702.0 867.0 20.0 10.0
1231.0 797.0 20.0 10.0
119.0 405.0 20.0 10.0
789.0 718.0 20.0 10.0
1342.0 950.0 20.0 10.0
1334.0 857.0 20.0 10.0
790.0 1338.0 20.0 10.0
462.0 1243.0 20.0 10.0
1276.0 859.0 20.0 10.0
829.0 1137.0 20.0 10.0
1004.0 861.0 20.0 10.0
204.0 248.0 20.0 10.0
1143.0 920.0 20.0 10.0
806.0 1410.0 20.0 10.0
703.0 655.0 20.0 10.0
819.0 780.0 20.0 10.0
511.0 928.0 20.0 10.0
123.0 415.0 20.0 10.0
745.0 1390.0 20.0 10.0
499.0 952.0 20.0 10.0
1256.0 786.0 20.0 10.0
601.0 848.0 20.0 10.0
796.0 948.0 20.0 10.0
800.0 753.0 20.0 10.0
81.0 118.0 20.0 10.0
726.0 1299.0 20.0 10.0
1369.0 859.0 20.0 10.0
356.0 996.0 20.0 10.0
1339.0 894.0 20.0 10.0
761.0 955.0 20.0 10.0
61.0 93.0 20.0 10.0
719.0 917.0 20.0 10.0
285.0 678.0 20.0 10.0
1195.0 811.0 20.0 10.0
831.0 758.0 20.0 10.0
669.0 870.0 20.0 10.0
767.0 1373.0 20.0 10.0
114.0 621.0 20.0 10.0
185.0 290.0 20.0 10.0
203.0 238.0 20.0 10.0
852.0 1264.0 20.0 10.0
191.0 210.0 20.0 10.0
762.0 1018.0 20.0 10.0
311.0 485.0 20.0 10.0
733.0 1303.0 20.0 10.0
721.0 1104.0 20.0 10.0
619.0 1055.0 20.0 10.0
695.0 1049.0 20.0 10.0
551.0 1096.0 20.0 10.0
714.0 951.0 20.0 10.0
459.0 556.0 20.0 10.0
699.0 828.0 20.0 10.0
90.0 82.0 20.0 10.0
484.0 927.0 20.0 10.0
1015.0 863.0 20.0 10.0
478.0 1209.0 20.0 10.0
107.0 74.0 20.0 10.0
1355.0 836.0 20.0 10.0
445.0 986.0 20.0 10.0
374.0 678.0 20.0 10.0
1349.0 941.0 20.0 10.0
319.0 699.0 20.0 10.0
352.0 646.0 20.0 10.0
865.0 1303.0 20.0 10.0
61.0 86.0 20.0 10.0
527.0 1045.0 20.0 10.0
237.0 442.0 20.0 10.0
839.0 1401.0 20.0 10.0
92.0 368.0 20.0 10.0
610.0 980.0 20.0 10.0
67.0 95.0 20.0 10.0
1359.0 924.0 20.0 10.0
462.0 945.0 20.0 10.0
66.0 89.0 20.0 10.0
519.0 1008.0 20.0 10.0
589.0 1061.0 20.0 10.0
454.0 985.0 20.0 10.0
1308.0 919.0 20.0 10.0
1439.0 952.0 20.0 10.0
1110.0 904.0 20.0 10.0
181.0 189.0 20.0 10.0
686.0 1129.0 20.0 10.0
748.0 919.0 20.0 10.0
1399.0 952.0 20.0 10.0
879.0 1327.0 20.0 10.0
162.0 216.0 20.0 10.0
170.0 409.0 20.0 10.0
669.0 806.0 20.0 10.0
511.0 634.0 20.0 10.0
305.0 482.0 20.0 10.0
375.0 1043.0 20.0 10.0
504.0 670.0 20.0 10.0
1303.0 949.0 20.0 10.0
1398.0 856.0 20.0 10.0
478.0 888.0 20.0 10.0
119.0 394.0 20.0 10.0
1362.0 851.0 20.0 10.0
1276.0 875.0 20.0 10.0
703.0 681.0 20.0 10.0
92.0 612.0 20.0 10.0
1432.0 955.0 20.0 10.0
125.0 108.0 20.0 10.0
308.0 659.0 20.0 10.0
272.0 362.0 20.0 10.0
287.0 686.0 20.0 10.0
610.0 1079.0 20.0 10.0
395.0 977.0 20.0 10.0
863.0 1291.0 20.0 10.0
865.0 860.0 20.0 10.0
458.0 520.0 20.0 10.0
267.0 684.0 20.0 10.0
467.0 934.0 20.0 10.0
129.0 411.0 20.0 10.0
824.0 731.0 20.0 10.0
432.0 719.0 20.0 10.0
736.0 755.0 20.0 10.0
866.0 883.0 20.0 10.0
287.0 1027.0 20.0 10.0
344.0 445.0 20.0 10.0
768.0 1078.0 20.0 10.0
1317.0 850.0 20.0 10.0
664.0 731.0 20.0 10.0
55.0 643.0 20.0 10.0
758.0 854.0 20.0 10.0
277.0 366.0 20.0 10.0
562.0 990.0 20.0 10.0
229.0 266.0 20.0 10.0
310.0 427.0 20.0 10.0
784.0 732.0 20.0 10.0
797.0 1405.0 20.0 10.0
652.0 712.0 20.0 10.0
849.0 1149.0 20.0 10.0
144.0 255.0 20.0 10.0
591.0 979.0 20.0 10.0
1307.0 872.0 20.0 10.0
643.0 802.0 20.0 10.0
326.0 418.0 20.0 10.0
191.0 183.0 20.0 10.0
820.0 1143.0 20.0 10.0
779.0 1398.0 20.0 10.0
772.0 926.0 20.0 10.0
91.0 385.0 20.0 10.0
453.0 663.0 20.0 10.0
938.0 856.0 20.0 10.0
1308.0 847.0 20.0 10.0
292.0 409.0 20.0 10.0
762.0 838.0 20.0 10.0
1105.0 900.0 20.0 10.0
263.0 323.0 20.0 10.0
945.0 830.0 20.0 10.0
428.0 958.0 20.0 10.0
819.0 1444.0 20.0 10.0
695.0 719.0 20.0 10.0
579.0 727.0 20.0 10.0
1147.0 900.0 20.0 10.0
793.0 1432.0 20.0 10.0
366.0 1003.0 20.0 10.0
632.0 951.0 20.0 10.0
193.0 214.0 20.0 10.0
713.0 1109.0 20.0 10.0
325.0 437.0 20.0 10.0
596.0 867.0 20.0 10.0
1216.0 802.0 20.0 10.0
265.0 1037.0 20.0 10.0
309.0 493.0 20.0 10.0
1219.0 964.0 20.0 10.0
469.0 657.0 20.0 10.0
1464.0 964.0 20.0 10.0
567.0 837.0 20.0 10.0
1388.0 950.0 20.0 10.0
771.0 1067.0 20.0 10.0
458.0 539.0 20.0 10.0
888.0 898.0 20.0 10.0
465.0 714.0 20.0 10.0
1389.0 885.0 20.0 10.0
363.0 1051.0 20.0 10.0
962.0 897.0 20.0 10.0
1333.0 885.0 20.0 10.0
764.0 1037.0 20.0 10.0
1262.0 908.0 20.0 10.0
978.0 919.0 20.0 10.0
288.0 396.0 20.0 10.0
702.0 633.0 20.0 10.0
217.0 423.0 20.0 10.0
729.0 970.0 20.0 10.0
761.0 808.0 20.0 10.0
760.0 1400.0 20.0 10.0
819.0 748.0 20.0 10.0
1176.0 829.0 20.0 10.0
1382.0 884.0 20.0 10.0
197.0 418.0 20.0 10.0
1249.0 789.0 20.0 10.0
336.0 474.0 20.0 10.0
1380.0 948.0 20.0 10.0
694.0 662.0 20.0 10.0
513.0 685.0 20.0 10.0
492.0 616.0 20.0 10.0
25.0 660.0 20.0 10.0
589.0 928.0 20.0 10.0
251.0 1043.0 20.0 10.0
736.0 1197.0 20.0 10.0
837.0 1276.0 20.0 10.0
619.0 1022.0 20.0 10.0
153.0 188.0 20.0 10.0
518.0 1070.0 20.0 10.0
1130.0 925.0 20.0 10.0
835.0 1360.0 20.0 10.0
471.0 1200.0 20.0 10.0
101.0 398.0 20.0 10.0
750.0 893.0 20.0 10.0
46.0 103.0 20.0 10.0
444.0 475.0 20.0 10.0
125.0 177.0 20.0 10.0
712.0 983.0 20.0 10.0
495.0 698.0 20.0 10.0
807.0 957.0 20.0 10.0
447.0 647.0 20.0 10.0
580.0 1087.0 20.0 10.0
1099.0 842.0 20.0 10.0
620.0 989.0 20.0 10.0
556.0 1071.0 20.0 10.0
243.0 443.0 20.0 10.0
923.0 860.0 20.0 10.0
401.0 1024.0 20.0 10.0
547.0 840.0 20.0 10.0
470.0 514.0 20.0 10.0
46.0 75.0 20.0 10.0
497.0 1148.0 20.0 10.0
168.0 656.0 20.0 10.0
258.0 688.0 20.0 10.0
75.0 379.0 20.0 10.0
374.0 552.0 20.0 10.0
747.0 795.0 20.0 10.0
328.0 1047.0 20.0 10.0
534.0 886.0 20.0 10.0
582.0 902.0 20.0 10.0
609.0 946.0 20.0 10.0
412.0 1251.0 20.0 10.0
180.0 281.0 20.0 10.0
891.0 1345.0 20.0 10.0
438.0 1218.0 20.0 10.0
725.0 1014.0 20.0 10.0
196.0 642.0 20.0 10.0
576.0 871.0 20.0 10.0
637.0 776.0 20.0 10.0
610.0 1024.0 20.0 10.0
719.0 1319.0 20.0 10.0
368.0 980.0 20.0 10.0
732.0 1328.0 20.0 10.0
503.0 617.0 20.0 10.0
812.0 1418.0 20.0 10.0
491.0 926.0 20.0 10.0
772.0 1325.0 20.0 10.0
479.0 1181.0 20.0 10.0
781.0 939.0 20.0 10.0
480.0 532.0 20.0 10.0
344.0 1020.0 20.0 10.0
853.0 717.0 20.0 10.0
1222.0 815.0 20.0 10.0
760.0 1073.0 20.0 10.0
343.0 671.0 20.0 10.0
339.0 679.0 20.0 10.0
750.0 751.0 20.0 10.0
475.0 908.0 20.0 10.0
1045.0 889.0 20.0 10.0
772.0 893.0 20.0 10.0
146.0 246.0 20.0 10.0
113.0 115.0 20.0 10.0
480.0 644.0 20.0 10.0
449.0 557.0 20.0 10.0
300.0 712.0 20.0 10.0
728.0 811.0 20.0 10.0
741.0 1103.0 20.0 10.0
270.0 1081.0 20.0 10.0
1361.0 914.0 20.0 10.0
263.0 1085.0 20.0 10.0
775.0 1056.0 20.0 10.0
714.0 650.0 20.0 10.0
997.0 923.0 20.0 10.0
453.0 904.0 20.0 10.0
154.0 605.0 20.0 10.0
408.0 967.0 20.0 10.0
1166.0 872.0 20.0 10.0
45.0 62.0 20.0 10.0
128.0 100.0 20.0 10.0
787.0 1214.0 20.0 10.0
1144.0 879.0 20.0 10.0
789.0 766.0 20.0 10.0
1278.0 777.0 20.0 10.0
697.0 947.0 20.0 10.0
455.0 1273.0 20.0 10.0
628.0 939.0 20.0 10.0
1154.0 928.0 20.0 10.0
722.0 629.0 20.0 10.0
66.0 366.0 20.0 10.0
734.0 1218.0 20.0 10.0
509.0 615.0 20.0 10.0
1358.0 870.0 20.0 10.0
1236.0 971.0 20.0 10.0
99.0 669.0 20.0 10.0
827.0 1273.0 20.0 10.0
1135.0 902.0 20.0 10.0
748.0 903.0 20.0 10.0
630.0 819.0 20.0 10.0
506.0 1146.0 20.0 10.0
725.0 1325.0 20.0 10.0
103.0 71.0 20.0 10.0
738.0 932.0 20.0 10.0
624.0 1028.0 20.0 10.0
246.0 460.0 20.0 10.0
868.0 874.0 20.0 10.0
112.0 88.0 20.0 10.0
794.0 735.0 20.0 10.0
592.0 789.0 20.0 10.0
805.0 1431.0 20.0 10.0
569.0 914.0 20.0 10.0
782.0 833.0 20.0 10.0
1183.0 935.0 20.0 10.0
769.0 907.0 20.0 10.0
632.0 977.0 20.0 10.0
223.0 345.0 20.0 10.0
183.0 601.0 20.0 10.0
919.0 895.0 20.0 10.0
1321.0 949.0 20.0 10.0
260.0 319.0 20.0 10.0
365.0 548.0 20.0 10.0
977.0 872.0 20.0 10.0
415.0 553.0 20.0 10.0
156.0 246.0 20.0 10.0
679.0 1084.0 20.0 10.0
728.0 952.0 20.0 10.0
128.0 230.0 20.0 10.0
161.0 598.0 20.0 10.0
748.0 787.0 20.0 10.0
64.0 645.0 20.0 10.0
1119.0 859.0 20.0 10.0
588.0 961.0 20.0 10.0
853.0 1299.0 20.0 10.0
323.0 681.0 20.0 10.0
1042.0 870.0 20.0 10.0
1051.0 878.0 20.0 10.0
1006.0 928.0 20.0 10.0
798.0 1041.0 20.0 10.0
204.0 217.0 20.0 10.0
808.0 714.0 20.0 10.0
479.0 634.0 20.0 10.0
425.0 1208.0 20.0 10.0
781.0 1101.0 20.0 10.0
52.0 68.0 20.0 10.0
700.0 1081.0 20.0 10.0
811.0 1079.0 20.0 10.0
1319.0 955.0 20.0 10.0
134.0 378.0 20.0 10.0
389.0 580.0 20.0 10.0
806.0 776.0 20.0 10.0
158.0 277.0 20.0 10.0
1370.0 887.0 20.0 10.0
1371.0 897.0 20.0 10.0
822.0 1403.0 20.0 10.0
240.0 1081.0 20.0 10.0
1307.0 928.0 20.0 10.0
502.0 1032.0 20.0 10.0
247.0 383.0 20.0 10.0
328.0 620.0 20.0 10.0
164.0 166.0 20.0 10.0
819.0 1252.0 20.0 10.0
916.0 876.0 20.0 10.0
363.0 655.0 20.0 10.0
247.0 1097.0 20.0 10.0
808.0 1071.0 20.0 10.0
764.0 1072.0 20.0 10.0
343.0 1064.0 20.0 10.0
937.0 912.0 20.0 10.0
1333.0 837.0 20.0 10.0
170.0 618.0 20.0 10.0
382.0 537.0 20.0 10.0
156.0 150.0 20.0 10.0
579.0 1002.0 20.0 10.0
317.0 393.0 20.0 10.0
815.0 946.0 20.0 10.0
211.0 638.0 20.0 10.0
587.0 831.0 20.0 10.0
288.0 461.0 20.0 10.0
665.0 709.0 20.0 10.0
674.0 913.0 20.0 10.0
210.0 325.0 20.0 10.0
349.0 655.0 20.0 10.0
905.0 835.0 20.0 10.0
1179.0 915.0 20.0 10.0
588.0 824.0 20.0 10.0
1327.0 893.0 20.0 10.0
318.0 642.0 20.0 10.0
303.0 680.0 20.0 10.0
284.0 638.0 20.0 10.0
673.0 744.0 20.0 10.0
1175.0 880.0 20.0 10.0
1384.0 838.0 20.0 10.0
943.0 906.0 20.0 10.0
434.0 537.0 20.0 10.0
316.0 607.0 20.0 10.0
601.0 1056.0 20.0 10.0
1417.0 888.0 20.0 10.0
775.0 964.0 20.0 10.0
318.0 374.0 20.0 10.0
137.0 386.0 20.0 10.0
963.0 849.0 20.0 10.0
984.0 909.0 20.0 10.0
267.0 403.0 20.0 10.0
476.0 625.0 20.0 10.0
504.0 1056.0 20.0 10.0
334.0 1003.0 20.0 10.0
295.0 692.0 20.0 10.0
441.0 1231.0 20.0 10.0
571.0 1096.0 20.0 10.0
528.0 1014.0 20.0 10.0
558.0 939.0 20.0 10.0
440.0 582.0 20.0 10.0
677.0 1127.0 20.0 10.0
194.0 290.0 20.0 10.0
254.0 302.0 20.0 10.0
928.0 825.0 20.0 10.0
655.0 767.0 20.0 10.0
476.0 896.0 20.0 10.0
769.0 886.0 20.0 10.0
1001.0 911.0 20.0 10.0
1239.0 961.0 20.0 10.0
236.0 305.0 20.0 10.0
484.0 583.0 20.0 10.0
33.0 42.0 20.0 10.0
124.0 636.0 20.0 10.0
308.0 366.0 20.0 10.0
251.0 374.0 20.0 10.0
332.0 355.0 20.0 10.0
1417.0 879.0 20.0 10.0
746.0 1401.0 20.0 10.0
771.0 1402.0 20.0 10.0
564.0 960.0 20.0 10.0
758.0 846.0 20.0 10.0
1257.0 973.0 20.0 10.0
739.0 631.0 20.0 10.0
681.0 784.0 20.0 10.0
65.0 359.0 20.0 10.0
443.0 560.0 20.0 10.0
682.0 1155.0 20.0 10.0
825.0 1098.0 20.0 10.0
859.0 683.0 20.0 10.0
829.0 1361.0 20.0 10.0
716.0 684.0 20.0 10.0
425.0 608.0 20.0 10.0
748.0 1220.0 20.0 10.0
1214.0 797.0 20.0 10.0
908.0 903.0 20.0 10.0
752.0 1427.0 20.0 10.0
751.0 1031.0 20.0 10.0
461.0 1227.0 20.0 10.0
468.0 1233.0 20.0 10.0
469.0 494.0 20.0 10.0
373.0 698.0 20.0 10.0
327.0 430.0 20.0 10.0
791.0 1121.0 20.0 10.0
486.0 519.0 20.0 10.0
457.0 634.0 20.0 10.0
165.0 421.0 20.0 10.0
182.0 275.0 20.0 10.0
524.0 865.0 20.0 10.0
842.0 1260.0 20.0 10.0
532.0 1031.0 20.0 10.0
242.0 1096.0 20.0 10.0
237.0 692.0 20.0 10.0
658.0 973.0 20.0 10.0
987.0 845.0 20.0 10.0
28.0 643.0 20.0 10.0
