1000
705.0 743.0 20.0 10.0
816.0 832.0 20.0 10.0
610.0 652.0 20.0 10.0
899.0 923.0 20.0 10.0
582.0 620.0 20.0 10.0
922.0 946.0 20.0 10.0
515.0 570.0 20.0 10.0
644.0 845.0 20.0 10.0
777.0 637.0 20.0 10.0
651.0 733.0 20.0 10.0
955.0 1021.0 20.0 10.0
905.0 834.0 20.0 10.0
969.0 1090.0 20.0 10.0
707.0 725.0 20.0 10.0
493.0 548.0 20.0 10.0
843.0 533.0 20.0 10.0
718.0 698.0 20.0 10.0
906.0 432.0 20.0 10.0
955.0 1060.0 20.0 10.0
642.0 708.0 20.0 10.0
635.0 748.0 20.0 10.0
807.0 610.0 20.0 10.0
969.0 355.0 20.0 10.0
742.0 739.0 20.0 10.0
1025.0 281.0 20.0 10.0
585.0 945.0 20.0 10.0
978.0 1146.0 20.0 10.0
929.0 907.0 20.0 10.0
438.0 538.0 20.0 10.0
1015.0 1094.0 20.0 10.0
376.0 528.0 20.0 10.0
1042.0 253.0 20.0 10.0
595.0 615.0 20.0 10.0
979.0 1134.0 20.0 10.0
905.0 403.0 20.0 10.0
528.0 985.0 20.0 10.0
1046.0 224.0 20.0 10.0
659.0 848.0 20.0 10.0
316.0 516.0 20.0 10.0
543.0 1041.0 20.0 10.0
970.0 938.0 20.0 10.0
402.0 501.0 20.0 10.0
1001.0 961.0 20.0 10.0
548.0 1078.0 20.0 10.0
589.0 985.0 20.0 10.0
619.0 720.0 20.0 10.0
825.0 896.0 20.0 10.0
993.0 838.0 20.0 10.0
1079.0 844.0 20.0 10.0
982.0 1170.0 20.0 10.0
598.0 728.0 20.0 10.0
1072.0 1141.0 20.0 10.0
1034.0 1152.0 20.0 10.0
725.0 657.0 20.0 10.0
447.0 488.0 20.0 10.0
998.0 336.0 20.0 10.0
496.0 1120.0 20.0 10.0
623.0 771.0 20.0 10.0
271.0 509.0 20.0 10.0
986.0 961.0 20.0 10.0
946.0 947.0 20.0 10.0
377.0 413.0 20.0 10.0
600.0 1019.0 20.0 10.0
558.0 1106.0 20.0 10.0
945.0 398.0 20.0 10.0
479.0 1177.0 20.0 10.0
552.0 720.0 20.0 10.0
1035.0 946.0 20.0 10.0
1059.0 179.0 20.0 10.0
474.0 1026.0 20.0 10.0
1161.0 855.0 20.0 10.0
542.0 796.0 20.0 10.0
502.0 819.0 20.0 10.0
310.0 342.0 20.0 10.0
536.0 1102.0 20.0 10.0
558.0 598.0 20.0 10.0
465.0 814.0 20.0 10.0
1072.0 200.0 20.0 10.0
451.0 1182.0 20.0 10.0
594.0 627.0 20.0 10.0
490.0 544.0 20.0 10.0
387.0 517.0 20.0 10.0
979.0 377.0 20.0 10.0
543.0 584.0 20.0 10.0
950.0 898.0 20.0 10.0
599.0 1051.0 20.0 10.0
882.0 511.0 20.0 10.0
767.0 751.0 20.0 10.0
248.0 280.0 20.0 10.0
1117.0 1180.0 20.0 10.0
759.0 749.0 20.0 10.0
351.0 512.0 20.0 10.0
990.0 1048.0 20.0 10.0
1069.0 228.0 20.0 10.0
1229.0 859.0 20.0 10.0
464.0 1229.0 20.0 10.0
531.0 1150.0 20.0 10.0
448.0 1278.0 20.0 10.0
1056.0 1203.0 20.0 10.0
244.0 499.0 20.0 10.0
1066.0 932.0 20.0 10.0
365.0 467.0 20.0 10.0
1092.0 957.0 20.0 10.0
1075.0 1241.0 20.0 10.0
436.0 444.0 20.0 10.0
444.0 1213.0 20.0 10.0
479.0 822.0 20.0 10.0
724.0 739.0 20.0 10.0
1006.0 1071.0 20.0 10.0
393.0 832.0 20.0 10.0
535.0 1138.0 20.0 10.0
1102.0 1175.0 20.0 10.0
343.0 841.0 20.0 10.0
650.0 709.0 20.0 10.0
455.0 1056.0 20.0 10.0
825.0 928.0 20.0 10.0
517.0 810.0 20.0 10.0
595.0 699.0 20.0 10.0
1128.0 1202.0 20.0 10.0
629.0 700.0 20.0 10.0
241.0 507.0 20.0 10.0
1108.0 177.0 20.0 10.0
432.0 1222.0 20.0 10.0
1049.0 258.0 20.0 10.0
437.0 1084.0 20.0 10.0
192.0 222.0 20.0 10.0
968.0 952.0 20.0 10.0
1100.0 930.0 20.0 10.0
1140.0 969.0 20.0 10.0
905.0 369.0 20.0 10.0
535.0 1131.0 20.0 10.0
978.0 1118.0 20.0 10.0
937.0 417.0 20.0 10.0
1130.0 138.0 20.0 10.0
905.0 954.0 20.0 10.0
1209.0 872.0 20.0 10.0
470.0 838.0 20.0 10.0
973.0 371.0 20.0 10.0
441.0 1029.0 20.0 10.0
848.0 503.0 20.0 10.0
919.0 494.0 20.0 10.0
1238.0 881.0 20.0 10.0
431.0 818.0 20.0 10.0
784.0 763.0 20.0 10.0
924.0 932.0 20.0 10.0
925.0 919.0 20.0 10.0
428.0 1062.0 20.0 10.0
152.0 185.0 20.0 10.0
1165.0 971.0 20.0 10.0
514.0 719.0 20.0 10.0
1291.0 864.0 20.0 10.0
344.0 494.0 20.0 10.0
768.0 743.0 20.0 10.0
974.0 385.0 20.0 10.0
343.0 848.0 20.0 10.0
843.0 899.0 20.0 10.0
805.0 772.0 20.0 10.0
695.0 720.0 20.0 10.0
361.0 837.0 20.0 10.0
685.0 838.0 20.0 10.0
1088.0 175.0 20.0 10.0
1152.0 1213.0 20.0 10.0
1051.0 186.0 20.0 10.0
489.0 720.0 20.0 10.0
1114.0 846.0 20.0 10.0
969.0 386.0 20.0 10.0
590.0 581.0 20.0 10.0
308.0 470.0 20.0 10.0
157.0 173.0 20.0 10.0
1038.0 1188.0 20.0 10.0
350.0 453.0 20.0 10.0
268.0 500.0 20.0 10.0
945.0 366.0 20.0 10.0
850.0 905.0 20.0 10.0
691.0 765.0 20.0 10.0
432.0 1319.0 20.0 10.0
929.0 376.0 20.0 10.0
550.0 1065.0 20.0 10.0
945.0 925.0 20.0 10.0
576.0 708.0 20.0 10.0
615.0 1035.0 20.0 10.0
519.0 1055.0 20.0 10.0
1148.0 106.0 20.0 10.0
1324.0 854.0 20.0 10.0
419.0 1215.0 20.0 10.0
1031.0 984.0 20.0 10.0
605.0 614.0 20.0 10.0
1012.0 1074.0 20.0 10.0
556.0 699.0 20.0 10.0
1114.0 832.0 20.0 10.0
950.0 324.0 20.0 10.0
121.0 153.0 20.0 10.0
463.0 1049.0 20.0 10.0
370.0 842.0 20.0 10.0
593.0 1039.0 20.0 10.0
984.0 1199.0 20.0 10.0
710.0 676.0 20.0 10.0
406.0 813.0 20.0 10.0
991.0 1244.0 20.0 10.0
405.0 1080.0 20.0 10.0
215.0 250.0 20.0 10.0
975.0 1047.0 20.0 10.0
1000.0 1281.0 20.0 10.0
1334.0 859.0 20.0 10.0
771.0 726.0 20.0 10.0
417.0 1225.0 20.0 10.0
1045.0 1221.0 20.0 10.0
913.0 317.0 20.0 10.0
306.0 843.0 20.0 10.0
389.0 1266.0 20.0 10.0
939.0 917.0 20.0 10.0
304.0 867.0 20.0 10.0
520.0 1075.0 20.0 10.0
277.0 840.0 20.0 10.0
285.0 304.0 20.0 10.0
1046.0 1134.0 20.0 10.0
418.0 1355.0 20.0 10.0
358.0 850.0 20.0 10.0
1338.0 872.0 20.0 10.0
1073.0 1166.0 20.0 10.0
1173.0 971.0 20.0 10.0
673.0 828.0 20.0 10.0
1178.0 983.0 20.0 10.0
793.0 735.0 20.0 10.0
840.0 946.0 20.0 10.0
724.0 630.0 20.0 10.0
504.0 1099.0 20.0 10.0
1124.0 958.0 20.0 10.0
401.0 1385.0 20.0 10.0
1210.0 989.0 20.0 10.0
153.0 201.0 20.0 10.0
384.0 484.0 20.0 10.0
261.0 268.0 20.0 10.0
1057.0 1247.0 20.0 10.0
1071.0 142.0 20.0 10.0
272.0 884.0 20.0 10.0
1096.0 201.0 20.0 10.0
954.0 485.0 20.0 10.0
1230.0 995.0 20.0 10.0
249.0 240.0 20.0 10.0
1141.0 815.0 20.0 10.0
984.0 1232.0 20.0 10.0
693.0 793.0 20.0 10.0
915.0 970.0 20.0 10.0
413.0 1246.0 20.0 10.0
426.0 403.0 20.0 10.0
845.0 993.0 20.0 10.0
919.0 272.0 20.0 10.0
853.0 977.0 20.0 10.0
521.0 1178.0 20.0 10.0
1149.0 1204.0 20.0 10.0
525.0 724.0 20.0 10.0
421.0 516.0 20.0 10.0
240.0 213.0 20.0 10.0
1109.0 1157.0 20.0 10.0
143.0 154.0 20.0 10.0
1124.0 1194.0 20.0 10.0
997.0 346.0 20.0 10.0
449.0 861.0 20.0 10.0
363.0 472.0 20.0 10.0
395.0 1093.0 20.0 10.0
1033.0 1090.0 20.0 10.0
1119.0 146.0 20.0 10.0
1144.0 1223.0 20.0 10.0
746.0 633.0 20.0 10.0
754.0 606.0 20.0 10.0
966.0 1054.0 20.0 10.0
1366.0 852.0 20.0 10.0
1002.0 937.0 20.0 10.0
1025.0 943.0 20.0 10.0
967.0 1080.0 20.0 10.0
717.0 653.0 20.0 10.0
1190.0 865.0 20.0 10.0
524.0 1070.0 20.0 10.0
895.0 333.0 20.0 10.0
561.0 962.0 20.0 10.0
447.0 1045.0 20.0 10.0
550.0 971.0 20.0 10.0
334.0 442.0 20.0 10.0
621.0 762.0 20.0 10.0
1018.0 1054.0 20.0 10.0
610.0 586.0 20.0 10.0
638.0 720.0 20.0 10.0
1087.0 918.0 20.0 10.0
891.0 300.0 20.0 10.0
1138.0 1173.0 20.0 10.0
1127.0 922.0 20.0 10.0
961.0 873.0 20.0 10.0
1072.0 960.0 20.0 10.0
233.0 500.0 20.0 10.0
424.0 1257.0 20.0 10.0
839.0 950.0 20.0 10.0
1065.0 161.0 20.0 10.0
301.0 849.0 20.0 10.0
373.0 1118.0 20.0 10.0
232.0 488.0 20.0 10.0
1144.0 834.0 20.0 10.0
681.0 817.0 20.0 10.0
1129.0 933.0 20.0 10.0
1101.0 983.0 20.0 10.0
540.0 975.0 20.0 10.0
909.0 388.0 20.0 10.0
629.0 692.0 20.0 10.0
1157.0 799.0 20.0 10.0
471.0 823.0 20.0 10.0
1001.0 1273.0 20.0 10.0
984.0 1162.0 20.0 10.0
421.0 368.0 20.0 10.0
302.0 854.0 20.0 10.0
1091.0 181.0 20.0 10.0
472.0 833.0 20.0 10.0
335.0 834.0 20.0 10.0
239.0 246.0 20.0 10.0
959.0 294.0 20.0 10.0
241.0 489.0 20.0 10.0
198.0 224.0 20.0 10.0
743.0 685.0 20.0 10.0
1038.0 1123.0 20.0 10.0
502.0 1091.0 20.0 10.0
692.0 842.0 20.0 10.0
519.0 1100.0 20.0 10.0
118.0 162.0 20.0 10.0
924.0 288.0 20.0 10.0
1140.0 142.0 20.0 10.0
1185.0 1238.0 20.0 10.0
1177.0 1233.0 20.0 10.0
981.0 1257.0 20.0 10.0
1059.0 1236.0 20.0 10.0
1323.0 874.0 20.0 10.0
787.0 709.0 20.0 10.0
422.0 1104.0 20.0 10.0
430.0 419.0 20.0 10.0
716.0 808.0 20.0 10.0
605.0 1039.0 20.0 10.0
428.0 460.0 20.0 10.0
357.0 387.0 20.0 10.0
1193.0 1258.0 20.0 10.0
892.0 272.0 20.0 10.0
987.0 934.0 20.0 10.0
956.0 897.0 20.0 10.0
595.0 1080.0 20.0 10.0
1195.0 849.0 20.0 10.0
523.0 1191.0 20.0 10.0
1212.0 1258.0 20.0 10.0
442.0 843.0 20.0 10.0
143.0 138.0 20.0 10.0
480.0 838.0 20.0 10.0
378.0 1292.0 20.0 10.0
598.0 587.0 20.0 10.0
917.0 332.0 20.0 10.0
219.0 234.0 20.0 10.0
1378.0 876.0 20.0 10.0
1069.0 1262.0 20.0 10.0
970.0 1122.0 20.0 10.0
413.0 851.0 20.0 10.0
1016.0 1065.0 20.0 10.0
1163.0 114.0 20.0 10.0
908.0 343.0 20.0 10.0
314.0 831.0 20.0 10.0
202.0 493.0 20.0 10.0
984.0 477.0 20.0 10.0
1181.0 1224.0 20.0 10.0
1044.0 1178.0 20.0 10.0
97.0 137.0 20.0 10.0
617.0 737.0 20.0 10.0
501.0 1105.0 20.0 10.0
931.0 243.0 20.0 10.0
646.0 686.0 20.0 10.0
1134.0 818.0 20.0 10.0
570.0 595.0 20.0 10.0
579.0 1004.0 20.0 10.0
1166.0 91.0 20.0 10.0
1411.0 880.0 20.0 10.0
1244.0 881.0 20.0 10.0
237.0 480.0 20.0 10.0
310.0 486.0 20.0 10.0
849.0 1034.0 20.0 10.0
418.0 448.0 20.0 10.0
794.0 610.0 20.0 10.0
520.0 705.0 20.0 10.0
394.0 1412.0 20.0 10.0
1260.0 862.0 20.0 10.0
670.0 797.0 20.0 10.0
433.0 375.0 20.0 10.0
913.0 409.0 20.0 10.0
997.0 1194.0 20.0 10.0
1011.0 367.0 20.0 10.0
364.0 1106.0 20.0 10.0
434.0 879.0 20.0 10.0
1170.0 85.0 20.0 10.0
582.0 967.0 20.0 10.0
1005.0 358.0 20.0 10.0
211.0 464.0 20.0 10.0
1209.0 1235.0 20.0 10.0
567.0 681.0 20.0 10.0
959.0 1092.0 20.0 10.0
1404.0 867.0 20.0 10.0
489.0 698.0 20.0 10.0
1049.0 1146.0 20.0 10.0
1086.0 934.0 20.0 10.0
406.0 343.0 20.0 10.0
444.0 820.0 20.0 10.0
1063.0 1161.0 20.0 10.0
958.0 1047.0 20.0 10.0
1198.0 1005.0 20.0 10.0
512.0 994.0 20.0 10.0
820.0 942.0 20.0 10.0
378.0 1405.0 20.0 10.0
515.0 1223.0 20.0 10.0
1051.0 160.0 20.0 10.0
1064.0 252.0 20.0 10.0
353.0 383.0 20.0 10.0
473.0 1144.0 20.0 10.0
661.0 799.0 20.0 10.0
975.0 289.0 20.0 10.0
431.0 346.0 20.0 10.0
585.0 632.0 20.0 10.0
342.0 454.0 20.0 10.0
593.0 1047.0 20.0 10.0
547.0 1108.0 20.0 10.0
774.0 595.0 20.0 10.0
731.0 719.0 20.0 10.0
275.0 447.0 20.0 10.0
1013.0 1313.0 20.0 10.0
926.0 307.0 20.0 10.0
856.0 996.0 20.0 10.0
595.0 1103.0 20.0 10.0
1198.0 979.0 20.0 10.0
994.0 259.0 20.0 10.0
697.0 829.0 20.0 10.0
930.0 392.0 20.0 10.0
124.0 134.0 20.0 10.0
91.0 98.0 20.0 10.0
1208.0 871.0 20.0 10.0
62.0 69.0 20.0 10.0
40.0 50.0 20.0 10.0
1357.0 863.0 20.0 10.0
1006.0 327.0 20.0 10.0
393.0 1246.0 20.0 10.0
265.0 860.0 20.0 10.0
1116.0 174.0 20.0 10.0
1095.0 222.0 20.0 10.0
989.0 353.0 20.0 10.0
184.0 460.0 20.0 10.0
996.0 460.0 20.0 10.0
516.0 1002.0 20.0 10.0
333.0 862.0 20.0 10.0
186.0 234.0 20.0 10.0
976.0 1033.0 20.0 10.0
720.0 620.0 20.0 10.0
1009.0 479.0 20.0 10.0
270.0 867.0 20.0 10.0
928.0 299.0 20.0 10.0
348.0 528.0 20.0 10.0
605.0 713.0 20.0 10.0
1367.0 880.0 20.0 10.0
410.0 377.0 20.0 10.0
1057.0 1273.0 20.0 10.0
579.0 687.0 20.0 10.0
947.0 344.0 20.0 10.0
332.0 359.0 20.0 10.0
1100.0 953.0 20.0 10.0
415.0 1285.0 20.0 10.0
563.0 739.0 20.0 10.0
278.0 865.0 20.0 10.0
384.0 1436.0 20.0 10.0
411.0 1041.0 20.0 10.0
251.0 836.0 20.0 10.0
582.0 559.0 20.0 10.0
973.0 874.0 20.0 10.0
91.0 151.0 20.0 10.0
843.0 837.0 20.0 10.0
371.0 1273.0 20.0 10.0
804.0 914.0 20.0 10.0
1136.0 1160.0 20.0 10.0
1394.0 848.0 20.0 10.0
402.0 1268.0 20.0 10.0
675.0 848.0 20.0 10.0
581.0 554.0 20.0 10.0
1068.0 146.0 20.0 10.0
864.0 913.0 20.0 10.0
1014.0 470.0 20.0 10.0
1047.0 949.0 20.0 10.0
725.0 588.0 20.0 10.0
997.0 933.0 20.0 10.0
366.0 1300.0 20.0 10.0
856.0 480.0 20.0 10.0
90.0 141.0 20.0 10.0
556.0 604.0 20.0 10.0
1163.0 986.0 20.0 10.0
344.0 444.0 20.0 10.0
1059.0 1006.0 20.0 10.0
1248.0 885.0 20.0 10.0
442.0 835.0 20.0 10.0
942.0 486.0 20.0 10.0
1087.0 1276.0 20.0 10.0
319.0 504.0 20.0 10.0
1148.0 1231.0 20.0 10.0
281.0 478.0 20.0 10.0
285.0 841.0 20.0 10.0
923.0 896.0 20.0 10.0
587.0 734.0 20.0 10.0
1079.0 1230.0 20.0 10.0
911.0 287.0 20.0 10.0
596.0 633.0 20.0 10.0
433.0 395.0 20.0 10.0
827.0 920.0 20.0 10.0
393.0 869.0 20.0 10.0
1068.0 1237.0 20.0 10.0
1156.0 117.0 20.0 10.0
133.0 148.0 20.0 10.0
957.0 405.0 20.0 10.0
617.0 677.0 20.0 10.0
535.0 739.0 20.0 10.0
967.0 1045.0 20.0 10.0
249.0 426.0 20.0 10.0
1120.0 957.0 20.0 10.0
956.0 1117.0 20.0 10.0
435.0 1209.0 20.0 10.0
312.0 427.0 20.0 10.0
465.0 706.0 20.0 10.0
656.0 871.0 20.0 10.0
598.0 984.0 20.0 10.0
569.0 535.0 20.0 10.0
831.0 954.0 20.0 10.0
1006.0 1300.0 20.0 10.0
1350.0 850.0 20.0 10.0
1083.0 114.0 20.0 10.0
387.0 1053.0 20.0 10.0
567.0 959.0 20.0 10.0
852.0 929.0 20.0 10.0
866.0 517.0 20.0 10.0
411.0 439.0 20.0 10.0
481.0 718.0 20.0 10.0
397.0 1404.0 20.0 10.0
235.0 871.0 20.0 10.0
1128.0 962.0 20.0 10.0
917.0 908.0 20.0 10.0
345.0 1329.0 20.0 10.0
170.0 213.0 20.0 10.0
400.0 1251.0 20.0 10.0
412.0 1312.0 20.0 10.0
329.0 423.0 20.0 10.0
338.0 1121.0 20.0 10.0
591.0 1020.0 20.0 10.0
1032.0 299.0 20.0 10.0
296.0 498.0 20.0 10.0
600.0 791.0 20.0 10.0
427.0 1200.0 20.0 10.0
1137.0 852.0 20.0 10.0
1166.0 1180.0 20.0 10.0
1148.0 906.0 20.0 10.0
1005.0 380.0 20.0 10.0
540.0 666.0 20.0 10.0
540.0 1163.0 20.0 10.0
963.0 281.0 20.0 10.0
601.0 1121.0 20.0 10.0
519.0 656.0 20.0 10.0
308.0 422.0 20.0 10.0
541.0 1107.0 20.0 10.0
1096.0 1197.0 20.0 10.0
907.0 942.0 20.0 10.0
1032.0 345.0 20.0 10.0
353.0 1322.0 20.0 10.0
844.0 977.0 20.0 10.0
358.0 1425.0 20.0 10.0
921.0 237.0 20.0 10.0
503.0 687.0 20.0 10.0
226.0 408.0 20.0 10.0
817.0 987.0 20.0 10.0
289.0 312.0 20.0 10.0
294.0 406.0 20.0 10.0
66.0 75.0 20.0 10.0
1126.0 202.0 20.0 10.0
292.0 320.0 20.0 10.0
845.0 1020.0 20.0 10.0
763.0 723.0 20.0 10.0
837.0 942.0 20.0 10.0
1144.0 114.0 20.0 10.0
967.0 405.0 20.0 10.0
984.0 1226.0 20.0 10.0
321.0 1139.0 20.0 10.0
1181.0 92.0 20.0 10.0
116.0 186.0 20.0 10.0
210.0 497.0 20.0 10.0
728.0 561.0 20.0 10.0
700.0 818.0 20.0 10.0
373.0 1105.0 20.0 10.0
1004.0 237.0 20.0 10.0
545.0 671.0 20.0 10.0
326.0 856.0 20.0 10.0
127.0 170.0 20.0 10.0
434.0 1069.0 20.0 10.0
1164.0 801.0 20.0 10.0
247.0 899.0 20.0 10.0
1121.0 971.0 20.0 10.0
1024.0 1341.0 20.0 10.0
936.0 877.0 20.0 10.0
1142.0 1200.0 20.0 10.0
958.0 314.0 20.0 10.0
981.0 1081.0 20.0 10.0
83.0 170.0 20.0 10.0
1404.0 884.0 20.0 10.0
1273.0 888.0 20.0 10.0
861.0 1003.0 20.0 10.0
226.0 257.0 20.0 10.0
820.0 585.0 20.0 10.0
632.0 668.0 20.0 10.0
530.0 743.0 20.0 10.0
954.0 1138.0 20.0 10.0
1208.0 1254.0 20.0 10.0
278.0 315.0 20.0 10.0
293.0 492.0 20.0 10.0
1188.0 797.0 20.0 10.0
508.0 1251.0 20.0 10.0
472.0 529.0 20.0 10.0
988.0 1071.0 20.0 10.0
726.0 596.0 20.0 10.0
254.0 297.0 20.0 10.0
374.0 1289.0 20.0 10.0
730.0 539.0 20.0 10.0
886.0 305.0 20.0 10.0
402.0 413.0 20.0 10.0
521.0 809.0 20.0 10.0
1067.0 1154.0 20.0 10.0
526.0 654.0 20.0 10.0
1116.0 1001.0 20.0 10.0
998.0 1059.0 20.0 10.0
990.0 1198.0 20.0 10.0
1226.0 848.0 20.0 10.0
1126.0 948.0 20.0 10.0
1081.0 1263.0 20.0 10.0
1386.0 841.0 20.0 10.0
921.0 973.0 20.0 10.0
423.0 871.0 20.0 10.0
558.0 1018.0 20.0 10.0
94.0 132.0 20.0 10.0
735.0 699.0 20.0 10.0
1001.0 272.0 20.0 10.0
1200.0 969.0 20.0 10.0
1098.0 1299.0 20.0 10.0
1118.0 197.0 20.0 10.0
416.0 340.0 20.0 10.0
229.0 219.0 20.0 10.0
794.0 715.0 20.0 10.0
544.0 572.0 20.0 10.0
714.0 787.0 20.0 10.0
459.0 714.0 20.0 10.0
134.0 109.0 20.0 10.0
260.0 299.0 20.0 10.0
1126.0 1003.0 20.0 10.0
43.0 46.0 20.0 10.0
687.0 867.0 20.0 10.0
723.0 833.0 20.0 10.0
902.0 317.0 20.0 10.0
1232.0 1274.0 20.0 10.0
927.0 988.0 20.0 10.0
211.0 481.0 20.0 10.0
234.0 285.0 20.0 10.0
1039.0 459.0 20.0 10.0
280.0 887.0 20.0 10.0
1161.0 1259.0 20.0 10.0
115.0 122.0 20.0 10.0
1172.0 824.0 20.0 10.0
1045.0 1100.0 20.0 10.0
519.0 1125.0 20.0 10.0
905.0 499.0 20.0 10.0
337.0 464.0 20.0 10.0
977.0 248.0 20.0 10.0
651.0 662.0 20.0 10.0
507.0 1002.0 20.0 10.0
825.0 1018.0 20.0 10.0
270.0 286.0 20.0 10.0
173.0 199.0 20.0 10.0
1059.0 281.0 20.0 10.0
945.0 887.0 20.0 10.0
1004.0 1220.0 20.0 10.0
818.0 1027.0 20.0 10.0
419.0 1051.0 20.0 10.0
939.0 218.0 20.0 10.0
744.0 751.0 20.0 10.0
71.0 125.0 20.0 10.0
1050.0 263.0 20.0 10.0
175.0 487.0 20.0 10.0
697.0 865.0 20.0 10.0
820.0 1060.0 20.0 10.0
913.0 241.0 20.0 10.0
1147.0 974.0 20.0 10.0
971.0 320.0 20.0 10.0
1222.0 839.0 20.0 10.0
183.0 200.0 20.0 10.0
245.0 272.0 20.0 10.0
417.0 841.0 20.0 10.0
508.0 1244.0 20.0 10.0
134.0 165.0 20.0 10.0
465.0 860.0 20.0 10.0
363.0 830.0 20.0 10.0
1052.0 997.0 20.0 10.0
734.0 539.0 20.0 10.0
1097.0 969.0 20.0 10.0
992.0 303.0 20.0 10.0
1172.0 1218.0 20.0 10.0
1361.0 842.0 20.0 10.0
1028.0 1368.0 20.0 10.0
820.0 1056.0 20.0 10.0
1437.0 873.0 20.0 10.0
263.0 241.0 20.0 10.0
151.0 479.0 20.0 10.0
1040.0 356.0 20.0 10.0
988.0 346.0 20.0 10.0
899.0 404.0 20.0 10.0
1184.0 1198.0 20.0 10.0
1279.0 895.0 20.0 10.0
730.0 610.0 20.0 10.0
518.0 1217.0 20.0 10.0
1058.0 158.0 20.0 10.0
614.0 587.0 20.0 10.0
1086.0 1021.0 20.0 10.0
1167.0 792.0 20.0 10.0
1130.0 149.0 20.0 10.0
954.0 402.0 20.0 10.0
203.0 478.0 20.0 10.0
940.0 337.0 20.0 10.0
411.0 527.0 20.0 10.0
543.0 548.0 20.0 10.0
394.0 1080.0 20.0 10.0
579.0 1030.0 20.0 10.0
1209.0 789.0 20.0 10.0
239.0 860.0 20.0 10.0
483.0 999.0 20.0 10.0
825.0 1046.0 20.0 10.0
1244.0 1284.0 20.0 10.0
1155.0 967.0 20.0 10.0
250.0 304.0 20.0 10.0
1077.0 994.0 20.0 10.0
712.0 659.0 20.0 10.0
992.0 404.0 20.0 10.0
732.0 575.0 20.0 10.0
955.0 472.0 20.0 10.0
1057.0 197.0 20.0 10.0
490.0 1132.0 20.0 10.0
362.0 519.0 20.0 10.0
438.0 708.0 20.0 10.0
547.0 745.0 20.0 10.0
528.0 1135.0 20.0 10.0
1146.0 187.0 20.0 10.0
347.0 1448.0 20.0 10.0
991.0 329.0 20.0 10.0
593.0 739.0 20.0 10.0
581.0 605.0 20.0 10.0
690.0 711.0 20.0 10.0
985.0 223.0 20.0 10.0
70.0 79.0 20.0 10.0
1267.0 853.0 20.0 10.0
722.0 771.0 20.0 10.0
472.0 680.0 20.0 10.0
587.0 1070.0 20.0 10.0
364.0 1090.0 20.0 10.0
387.0 389.0 20.0 10.0
439.0 1072.0 20.0 10.0
1032.0 369.0 20.0 10.0
561.0 522.0 20.0 10.0
338.0 873.0 20.0 10.0
952.0 1090.0 20.0 10.0
962.0 344.0 20.0 10.0
78.0 115.0 20.0 10.0
394.0 1061.0 20.0 10.0
495.0 1023.0 20.0 10.0
1095.0 1163.0 20.0 10.0
359.0 448.0 20.0 10.0
56.0 164.0 20.0 10.0
1205.0 986.0 20.0 10.0
826.0 586.0 20.0 10.0
1082.0 1013.0 20.0 10.0
500.0 1277.0 20.0 10.0
194.0 229.0 20.0 10.0
272.0 259.0 20.0 10.0
62.0 147.0 20.0 10.0
938.0 272.0 20.0 10.0
503.0 736.0 20.0 10.0
852.0 896.0 20.0 10.0
805.0 945.0 20.0 10.0
326.0 508.0 20.0 10.0
975.0 255.0 20.0 10.0
1035.0 1359.0 20.0 10.0
1074.0 1224.0 20.0 10.0
1154.0 185.0 20.0 10.0
979.0 1194.0 20.0 10.0
364.0 1143.0 20.0 10.0
574.0 760.0 20.0 10.0
1112.0 1225.0 20.0 10.0
347.0 1100.0 20.0 10.0
394.0 426.0 20.0 10.0
1183.0 62.0 20.0 10.0
791.0 759.0 20.0 10.0
437.0 358.0 20.0 10.0
831.0 976.0 20.0 10.0
813.0 767.0 20.0 10.0
828.0 594.0 20.0 10.0
1109.0 1319.0 20.0 10.0
930.0 212.0 20.0 10.0
1177.0 1281.0 20.0 10.0
892.0 384.0 20.0 10.0
490.0 1014.0 20.0 10.0
898.0 344.0 20.0 10.0
398.0 1070.0 20.0 10.0
579.0 754.0 20.0 10.0
965.0 929.0 20.0 10.0
337.0 450.0 20.0 10.0
1198.0 815.0 20.0 10.0
632.0 873.0 20.0 10.0
839.0 1002.0 20.0 10.0
1222.0 870.0 20.0 10.0
1319.0 871.0 20.0 10.0
233.0 412.0 20.0 10.0
720.0 636.0 20.0 10.0
803.0 618.0 20.0 10.0
418.0 1092.0 20.0 10.0
1071.0 1185.0 20.0 10.0
807.0 625.0 20.0 10.0
970.0 254.0 20.0 10.0
423.0 1032.0 20.0 10.0
1038.0 471.0 20.0 10.0
1107.0 1032.0 20.0 10.0
329.0 1111.0 20.0 10.0
355.0 1295.0 20.0 10.0
1088.0 1181.0 20.0 10.0
331.0 1350.0 20.0 10.0
1128.0 1249.0 20.0 10.0
1197.0 72.0 20.0 10.0
1138.0 163.0 20.0 10.0
510.0 732.0 20.0 10.0
849.0 1070.0 20.0 10.0
305.0 876.0 20.0 10.0
805.0 1014.0 20.0 10.0
1120.0 1252.0 20.0 10.0
1129.0 155.0 20.0 10.0
712.0 838.0 20.0 10.0
124.0 114.0 20.0 10.0
818.0 1081.0 20.0 10.0
677.0 889.0 20.0 10.0
471.0 1209.0 20.0 10.0
1221.0 816.0 20.0 10.0
864.0 1027.0 20.0 10.0
1031.0 308.0 20.0 10.0
430.0 1207.0 20.0 10.0
803.0 931.0 20.0 10.0
243.0 883.0 20.0 10.0
1072.0 1152.0 20.0 10.0
515.0 1238.0 20.0 10.0
45.0 125.0 20.0 10.0
232.0 905.0 20.0 10.0
1222.0 808.0 20.0 10.0
734.0 828.0 20.0 10.0
513.0 1263.0 20.0 10.0
745.0 582.0 20.0 10.0
560.0 619.0 20.0 10.0
56.0 51.0 20.0 10.0
1110.0 910.0 20.0 10.0
803.0 1039.0 20.0 10.0
101.0 133.0 20.0 10.0
1296.0 855.0 20.0 10.0
713.0 829.0 20.0 10.0
561.0 769.0 20.0 10.0
947.0 312.0 20.0 10.0
401.0 322.0 20.0 10.0
439.0 1306.0 20.0 10.0
1295.0 845.0 20.0 10.0
503.0 748.0 20.0 10.0
1094.0 90.0 20.0 10.0
978.0 1068.0 20.0 10.0
605.0 764.0 20.0 10.0
1067.0 150.0 20.0 10.0
204.0 396.0 20.0 10.0
1148.0 1019.0 20.0 10.0
429.0 379.0 20.0 10.0
500.0 1157.0 20.0 10.0
340.0 1316.0 20.0 10.0
654.0 833.0 20.0 10.0
726.0 759.0 20.0 10.0
1151.0 1012.0 20.0 10.0
988.0 224.0 20.0 10.0
688.0 887.0 20.0 10.0
480.0 1151.0 20.0 10.0
1100.0 1223.0 20.0 10.0
351.0 1134.0 20.0 10.0
970.0 879.0 20.0 10.0
411.0 1088.0 20.0 10.0
345.0 1116.0 20.0 10.0
409.0 316.0 20.0 10.0
711.0 844.0 20.0 10.0
327.0 1337.0 20.0 10.0
453.0 1026.0 20.0 10.0
550.0 662.0 20.0 10.0
1162.0 125.0 20.0 10.0
551.0 696.0 20.0 10.0
962.0 884.0 20.0 10.0
1204.0 1238.0 20.0 10.0
1392.0 887.0 20.0 10.0
737.0 757.0 20.0 10.0
758.0 665.0 20.0 10.0
1078.0 124.0 20.0 10.0
1078.0 1018.0 20.0 10.0
465.0 1009.0 20.0 10.0
556.0 1005.0 20.0 10.0
769.0 766.0 20.0 10.0
761.0 582.0 20.0 10.0
322.0 332.0 20.0 10.0
1176.0 174.0 20.0 10.0
348.0 1287.0 20.0 10.0
1090.0 1256.0 20.0 10.0
847.0 1100.0 20.0 10.0
986.0 856.0 20.0 10.0
1060.0 1140.0 20.0 10.0
847.0 1095.0 20.0 10.0
1304.0 905.0 20.0 10.0
601.0 753.0 20.0 10.0
727.0 525.0 20.0 10.0
928.0 354.0 20.0 10.0
1129.0 1044.0 20.0 10.0
756.0 561.0 20.0 10.0
1296.0 896.0 20.0 10.0
788.0 749.0 20.0 10.0
611.0 883.0 20.0 10.0
486.0 830.0 20.0 10.0
451.0 1073.0 20.0 10.0
1357.0 874.0 20.0 10.0
1145.0 126.0 20.0 10.0
388.0 533.0 20.0 10.0
218.0 888.0 20.0 10.0
489.0 1113.0 20.0 10.0
1148.0 920.0 20.0 10.0
327.0 1303.0 20.0 10.0
1064.0 1133.0 20.0 10.0
914.0 211.0 20.0 10.0
533.0 687.0 20.0 10.0
313.0 438.0 20.0 10.0
845.0 832.0 20.0 10.0
1270.0 893.0 20.0 10.0
1347.0 883.0 20.0 10.0
398.0 353.0 20.0 10.0
845.0 1121.0 20.0 10.0
432.0 811.0 20.0 10.0
1110.0 1247.0 20.0 10.0
697.0 851.0 20.0 10.0
504.0 1077.0 20.0 10.0
818.0 732.0 20.0 10.0
1018.0 936.0 20.0 10.0
726.0 806.0 20.0 10.0
416.0 1241.0 20.0 10.0
25.0 36.0 20.0 10.0
275.0 849.0 20.0 10.0
979.0 899.0 20.0 10.0
942.0 962.0 20.0 10.0
546.0 1132.0 20.0 10.0
37.0 25.0 20.0 10.0
492.0 809.0 20.0 10.0
964.0 1070.0 20.0 10.0
1014.0 405.0 20.0 10.0
1436.0 885.0 20.0 10.0
207.0 879.0 20.0 10.0
1181.0 964.0 20.0 10.0
1458.0 887.0 20.0 10.0
312.0 1323.0 20.0 10.0
529.0 1183.0 20.0 10.0
1123.0 1336.0 20.0 10.0
1023.0 332.0 20.0 10.0
982.0 263.0 20.0 10.0
327.0 1356.0 20.0 10.0
785.0 703.0 20.0 10.0
614.0 1138.0 20.0 10.0
1350.0 842.0 20.0 10.0
1210.0 52.0 20.0 10.0
494.0 1301.0 20.0 10.0
737.0 848.0 20.0 10.0
739.0 521.0 20.0 10.0
541.0 988.0 20.0 10.0
379.0 409.0 20.0 10.0
575.0 739.0 20.0 10.0
587.0 709.0 20.0 10.0
1135.0 179.0 20.0 10.0
314.0 885.0 20.0 10.0
847.0 1062.0 20.0 10.0
993.0 386.0 20.0 10.0
998.0 1104.0 20.0 10.0
549.0 782.0 20.0 10.0
409.0 1123.0 20.0 10.0
177.0 468.0 20.0 10.0
1047.0 280.0 20.0 10.0
961.0 412.0 20.0 10.0
313.0 1378.0 20.0 10.0
455.0 516.0 20.0 10.0
986.0 1112.0 20.0 10.0
993.0 1067.0 20.0 10.0
236.0 256.0 20.0 10.0
1022.0 832.0 20.0 10.0
1084.0 278.0 20.0 10.0
1147.0 949.0 20.0 10.0
937.0 488.0 20.0 10.0
287.0 410.0 20.0 10.0
