1000
1130.0 626.0 20.0 10.0
2706.0 1693.0 20.0 10.0
495.0 2567.0 20.0 10.0
2646.0 1897.0 20.0 10.0
2626.0 1663.0 20.0 10.0
2487.0 752.0 20.0 10.0
549.0 2798.0 20.0 10.0
541.0 2783.0 20.0 10.0
583.0 2454.0 20.0 10.0
952.0 1962.0 20.0 10.0
809.0 2115.0 20.0 10.0
833.0 2174.0 20.0 10.0
1035.0 456.0 20.0 10.0
2615.0 3062.0 20.0 10.0
1038.0 1169.0 20.0 10.0
2763.0 597.0 20.0 10.0
2756.0 619.0 20.0 10.0
2696.0 1860.0 20.0 10.0
2179.0 2359.0 20.0 10.0
268.0 2726.0 20.0 10.0
1970.0 2072.0 20.0 10.0
2597.0 828.0 20.0 10.0
718.0 2173.0 20.0 10.0
712.0 2115.0 20.0 10.0
2908.0 1698.0 20.0 10.0
2881.0 1705.0 20.0 10.0
1806.0 2213.0 20.0 10.0
1228.0 370.0 20.0 10.0
2826.0 1880.0 20.0 10.0
2792.0 1867.0 20.0 10.0
472.0 2521.0 20.0 10.0
2612.0 1829.0 20.0 10.0
2127.0 2234.0 20.0 10.0
2448.0 761.0 20.0 10.0
1303.0 1377.0 20.0 10.0
1290.0 1404.0 20.0 10.0
2235.0 1177.0 20.0 10.0
2489.0 1678.0 20.0 10.0
2504.0 1700.0 20.0 10.0
631.0 2131.0 20.0 10.0
661.0 2122.0 20.0 10.0
902.0 2321.0 20.0 10.0
979.0 203.0 20.0 10.0
2134.0 1817.0 20.0 10.0
485.0 2673.0 20.0 10.0
1359.0 2161.0 20.0 10.0
475.0 2685.0 20.0 10.0
1244.0 232.0 20.0 10.0
1244.0 247.0 20.0 10.0
1809.0 2222.0 20.0 10.0
1320.0 2130.0 20.0 10.0
1292.0 2119.0 20.0 10.0
745.0 2119.0 20.0 10.0
832.0 2216.0 20.0 10.0
2453.0 737.0 20.0 10.0
865.0 2128.0 20.0 10.0
884.0 2131.0 20.0 10.0
903.0 2122.0 20.0 10.0
768.0 2337.0 20.0 10.0
559.0 2561.0 20.0 10.0
2753.0 744.0 20.0 10.0
2245.0 2490.0 20.0 10.0
1204.0 1097.0 20.0 10.0
2340.0 1665.0 20.0 10.0
2952.0 1935.0 20.0 10.0
2897.0 547.0 20.0 10.0
1127.0 666.0 20.0 10.0
2436.0 952.0 20.0 10.0
2411.0 970.0 20.0 10.0
551.0 2638.0 20.0 10.0
1200.0 665.0 20.0 10.0
1050.0 392.0 20.0 10.0
2342.0 1715.0 20.0 10.0
1248.0 1179.0 20.0 10.0
2409.0 2742.0 20.0 10.0
589.0 2096.0 20.0 10.0
2791.0 512.0 20.0 10.0
919.0 2322.0 20.0 10.0
859.0 2230.0 20.0 10.0
953.0 141.0 20.0 10.0
2487.0 576.0 20.0 10.0
2018.0 1332.0 20.0 10.0
2452.0 2835.0 20.0 10.0
2440.0 2799.0 20.0 10.0
2745.0 1834.0 20.0 10.0
2721.0 1839.0 20.0 10.0
2467.0 2840.0 20.0 10.0
2453.0 2825.0 20.0 10.0
2816.0 522.0 20.0 10.0
588.0 2449.0 20.0 10.0
1166.0 1338.0 20.0 10.0
1169.0 1367.0 20.0 10.0
2461.0 2857.0 20.0 10.0
2419.0 1761.0 20.0 10.0
2385.0 2754.0 20.0 10.0
2132.0 2464.0 20.0 10.0
2062.0 1343.0 20.0 10.0
2819.0 719.0 20.0 10.0
2796.0 728.0 20.0 10.0
1796.0 2148.0 20.0 10.0
2240.0 2509.0 20.0 10.0
1227.0 572.0 20.0 10.0
215.0 2876.0 20.0 10.0
2913.0 697.0 20.0 10.0
2727.0 749.0 20.0 10.0
1239.0 2196.0 20.0 10.0
1227.0 2179.0 20.0 10.0
2204.0 1741.0 20.0 10.0
1899.0 1330.0 20.0 10.0
1811.0 1336.0 20.0 10.0
1203.0 1045.0 20.0 10.0
1205.0 1134.0 20.0 10.0
985.0 1548.0 20.0 10.0
2623.0 3061.0 20.0 10.0
2598.0 3045.0 20.0 10.0
768.0 2251.0 20.0 10.0
793.0 2243.0 20.0 10.0
1263.0 2309.0 20.0 10.0
1262.0 2299.0 20.0 10.0
1257.0 2243.0 20.0 10.0
2790.0 1692.0 20.0 10.0
2533.0 498.0 20.0 10.0
2252.0 1162.0 20.0 10.0
593.0 2194.0 20.0 10.0
618.0 2174.0 20.0 10.0
2852.0 465.0 20.0 10.0
2845.0 474.0 20.0 10.0
2643.0 1691.0 20.0 10.0
2473.0 2775.0 20.0 10.0
2474.0 2750.0 20.0 10.0
905.0 2302.0 20.0 10.0
2327.0 1650.0 20.0 10.0
959.0 220.0 20.0 10.0
2262.0 1116.0 20.0 10.0
2166.0 2343.0 20.0 10.0
1344.0 2153.0 20.0 10.0
2635.0 835.0 20.0 10.0
2609.0 848.0 20.0 10.0
593.0 2522.0 20.0 10.0
2703.0 1818.0 20.0 10.0
2829.0 498.0 20.0 10.0
868.0 2213.0 20.0 10.0
955.0 1542.0 20.0 10.0
2717.0 1873.0 20.0 10.0
778.0 2262.0 20.0 10.0
1026.0 1544.0 20.0 10.0
1041.0 2196.0 20.0 10.0
961.0 59.0 20.0 10.0
957.0 83.0 20.0 10.0
957.0 105.0 20.0 10.0
2486.0 1758.0 20.0 10.0
2454.0 1746.0 20.0 10.0
2423.0 1727.0 20.0 10.0
1086.0 1561.0 20.0 10.0
1061.0 1548.0 20.0 10.0
1230.0 1182.0 20.0 10.0
1236.0 1213.0 20.0 10.0
1090.0 523.0 20.0 10.0
1101.0 1194.0 20.0 10.0
1271.0 1156.0 20.0 10.0
1265.0 126.0 20.0 10.0
682.0 999.0 20.0 10.0
2972.0 1695.0 20.0 10.0
2878.0 570.0 20.0 10.0
465.0 2188.0 20.0 10.0
495.0 2185.0 20.0 10.0
1063.0 1757.0 20.0 10.0
2742.0 738.0 20.0 10.0
2732.0 743.0 20.0 10.0
1200.0 959.0 20.0 10.0
191.0 2905.0 20.0 10.0
1001.0 1112.0 20.0 10.0
2857.0 1693.0 20.0 10.0
2459.0 708.0 20.0 10.0
253.0 2766.0 20.0 10.0
276.0 2752.0 20.0 10.0
2848.0 1678.0 20.0 10.0
2863.0 702.0 20.0 10.0
325.0 2716.0 20.0 10.0
2601.0 1814.0 20.0 10.0
2616.0 1800.0 20.0 10.0
926.0 2088.0 20.0 10.0
1207.0 1505.0 20.0 10.0
2456.0 920.0 20.0 10.0
581.0 927.0 20.0 10.0
554.0 2123.0 20.0 10.0
159.0 2941.0 20.0 10.0
2486.0 588.0 20.0 10.0
669.0 2214.0 20.0 10.0
1216.0 2148.0 20.0 10.0
1201.0 2115.0 20.0 10.0
859.0 1090.0 20.0 10.0
856.0 1117.0 20.0 10.0
873.0 1123.0 20.0 10.0
891.0 1130.0 20.0 10.0
916.0 1126.0 20.0 10.0
791.0 2313.0 20.0 10.0
2128.0 2208.0 20.0 10.0
2638.0 803.0 20.0 10.0
294.0 2725.0 20.0 10.0
1229.0 417.0 20.0 10.0
2521.0 1680.0 20.0 10.0
2317.0 2594.0 20.0 10.0
2893.0 667.0 20.0 10.0
2878.0 688.0 20.0 10.0
1724.0 1343.0 20.0 10.0
1346.0 2134.0 20.0 10.0
2225.0 1735.0 20.0 10.0
2159.0 1735.0 20.0 10.0
530.0 2741.0 20.0 10.0
535.0 2719.0 20.0 10.0
1020.0 515.0 20.0 10.0
863.0 2217.0 20.0 10.0
2510.0 2913.0 20.0 10.0
887.0 2359.0 20.0 10.0
25.0 3107.0 20.0 10.0
627.0 2094.0 20.0 10.0
3128.0 2002.0 20.0 10.0
1247.0 533.0 20.0 10.0
1241.0 555.0 20.0 10.0
2296.0 2521.0 20.0 10.0
2584.0 863.0 20.0 10.0
2581.0 3022.0 20.0 10.0
2868.0 715.0 20.0 10.0
2841.0 710.0 20.0 10.0
2566.0 2995.0 20.0 10.0
2479.0 634.0 20.0 10.0
2472.0 662.0 20.0 10.0
530.0 2532.0 20.0 10.0
750.0 2269.0 20.0 10.0
855.0 2107.0 20.0 10.0
781.0 2313.0 20.0 10.0
2452.0 641.0 20.0 10.0
2468.0 658.0 20.0 10.0
2680.0 1687.0 20.0 10.0
726.0 2296.0 20.0 10.0
2147.0 2270.0 20.0 10.0
696.0 967.0 20.0 10.0
2613.0 1678.0 20.0 10.0
2604.0 1684.0 20.0 10.0
2275.0 1147.0 20.0 10.0
1052.0 475.0 20.0 10.0
1057.0 486.0 20.0 10.0
1110.0 2108.0 20.0 10.0
2578.0 873.0 20.0 10.0
2726.0 614.0 20.0 10.0
977.0 1183.0 20.0 10.0
617.0 2438.0 20.0 10.0
2474.0 2914.0 20.0 10.0
500.0 2204.0 20.0 10.0
1010.0 1121.0 20.0 10.0
553.0 2655.0 20.0 10.0
298.0 2831.0 20.0 10.0
1265.0 1099.0 20.0 10.0
1028.0 2129.0 20.0 10.0
1191.0 1492.0 20.0 10.0
709.0 966.0 20.0 10.0
517.0 2769.0 20.0 10.0
2195.0 1160.0 20.0 10.0
1157.0 1536.0 20.0 10.0
1110.0 1647.0 20.0 10.0
1241.0 371.0 20.0 10.0
2205.0 2352.0 20.0 10.0
2535.0 652.0 20.0 10.0
1260.0 200.0 20.0 10.0
675.0 2199.0 20.0 10.0
2526.0 522.0 20.0 10.0
270.0 2842.0 20.0 10.0
282.0 2824.0 20.0 10.0
2091.0 1914.0 20.0 10.0
2108.0 1899.0 20.0 10.0
309.0 2731.0 20.0 10.0
2137.0 2404.0 20.0 10.0
544.0 2672.0 20.0 10.0
1018.0 339.0 20.0 10.0
2769.0 514.0 20.0 10.0
1261.0 1132.0 20.0 10.0
544.0 2708.0 20.0 10.0
542.0 2698.0 20.0 10.0
506.0 2490.0 20.0 10.0
538.0 2479.0 20.0 10.0
2185.0 1065.0 20.0 10.0
1080.0 1122.0 20.0 10.0
1085.0 1135.0 20.0 10.0
2522.0 641.0 20.0 10.0
2518.0 687.0 20.0 10.0
2489.0 681.0 20.0 10.0
2777.0 746.0 20.0 10.0
1380.0 2119.0 20.0 10.0
2557.0 1725.0 20.0 10.0
731.0 2288.0 20.0 10.0
407.0 2671.0 20.0 10.0
445.0 2626.0 20.0 10.0
728.0 2136.0 20.0 10.0
1048.0 1565.0 20.0 10.0
465.0 2597.0 20.0 10.0
763.0 2285.0 20.0 10.0
1923.0 2123.0 20.0 10.0
2458.0 669.0 20.0 10.0
2467.0 688.0 20.0 10.0
728.0 2115.0 20.0 10.0
2935.0 680.0 20.0 10.0
2510.0 573.0 20.0 10.0
1048.0 1614.0 20.0 10.0
1028.0 1597.0 20.0 10.0
2073.0 1298.0 20.0 10.0
1901.0 2119.0 20.0 10.0
1940.0 2126.0 20.0 10.0
1017.0 1868.0 20.0 10.0
511.0 2791.0 20.0 10.0
517.0 2774.0 20.0 10.0
524.0 2116.0 20.0 10.0
461.0 2536.0 20.0 10.0
478.0 2524.0 20.0 10.0
584.0 2190.0 20.0 10.0
1250.0 2202.0 20.0 10.0
501.0 2654.0 20.0 10.0
1078.0 1569.0 20.0 10.0
2345.0 2623.0 20.0 10.0
359.0 2792.0 20.0 10.0
1118.0 1200.0 20.0 10.0
1253.0 174.0 20.0 10.0
747.0 2306.0 20.0 10.0
972.0 187.0 20.0 10.0
2821.0 528.0 20.0 10.0
1806.0 2200.0 20.0 10.0
1804.0 2187.0 20.0 10.0
2268.0 1123.0 20.0 10.0
2203.0 1189.0 20.0 10.0
234.0 2853.0 20.0 10.0
255.0 2829.0 20.0 10.0
294.0 2782.0 20.0 10.0
2574.0 3016.0 20.0 10.0
2804.0 513.0 20.0 10.0
2757.0 673.0 20.0 10.0
2716.0 705.0 20.0 10.0
1551.0 1361.0 20.0 10.0
2599.0 875.0 20.0 10.0
971.0 1505.0 20.0 10.0
984.0 1527.0 20.0 10.0
998.0 1530.0 20.0 10.0
2051.0 1366.0 20.0 10.0
2454.0 618.0 20.0 10.0
2293.0 2551.0 20.0 10.0
2491.0 665.0 20.0 10.0
2454.0 700.0 20.0 10.0
743.0 2276.0 20.0 10.0
710.0 2157.0 20.0 10.0
958.0 127.0 20.0 10.0
1239.0 2165.0 20.0 10.0
2415.0 2772.0 20.0 10.0
68.0 3047.0 20.0 10.0
1103.0 1449.0 20.0 10.0
567.0 2663.0 20.0 10.0
2544.0 1739.0 20.0 10.0
1236.0 329.0 20.0 10.0
2571.0 839.0 20.0 10.0
522.0 2719.0 20.0 10.0
2490.0 626.0 20.0 10.0
2479.0 657.0 20.0 10.0
473.0 2695.0 20.0 10.0
2804.0 753.0 20.0 10.0
1890.0 2083.0 20.0 10.0
1066.0 538.0 20.0 10.0
1027.0 344.0 20.0 10.0
1041.0 385.0 20.0 10.0
1056.0 427.0 20.0 10.0
1077.0 529.0 20.0 10.0
2137.0 2317.0 20.0 10.0
417.0 2662.0 20.0 10.0
2187.0 1044.0 20.0 10.0
2186.0 1054.0 20.0 10.0
563.0 2602.0 20.0 10.0
576.0 2564.0 20.0 10.0
1192.0 843.0 20.0 10.0
1197.0 875.0 20.0 10.0
170.0 2924.0 20.0 10.0
188.0 2909.0 20.0 10.0
912.0 1532.0 20.0 10.0
843.0 1115.0 20.0 10.0
1935.0 2106.0 20.0 10.0
1907.0 2115.0 20.0 10.0
1876.0 2111.0 20.0 10.0
1842.0 2104.0 20.0 10.0
460.0 2715.0 20.0 10.0
2591.0 3033.0 20.0 10.0
2537.0 2809.0 20.0 10.0
2521.0 2799.0 20.0 10.0
2522.0 2772.0 20.0 10.0
2501.0 2754.0 20.0 10.0
2373.0 2772.0 20.0 10.0
974.0 1545.0 20.0 10.0
902.0 90.0 20.0 10.0
928.0 101.0 20.0 10.0
3119.0 1975.0 20.0 10.0
3095.0 1967.0 20.0 10.0
3071.0 1957.0 20.0 10.0
3045.0 1952.0 20.0 10.0
2745.0 689.0 20.0 10.0
1777.0 2105.0 20.0 10.0
1247.0 1237.0 20.0 10.0
2271.0 2475.0 20.0 10.0
543.0 2196.0 20.0 10.0
978.0 234.0 20.0 10.0
985.0 242.0 20.0 10.0
991.0 253.0 20.0 10.0
2245.0 2472.0 20.0 10.0
2845.0 599.0 20.0 10.0
887.0 2325.0 20.0 10.0
3038.0 1947.0 20.0 10.0
3014.0 1951.0 20.0 10.0
1799.0 2229.0 20.0 10.0
2377.0 2683.0 20.0 10.0
620.0 920.0 20.0 10.0
2050.0 2061.0 20.0 10.0
2081.0 1981.0 20.0 10.0
899.0 2354.0 20.0 10.0
896.0 2334.0 20.0 10.0
2627.0 811.0 20.0 10.0
2610.0 826.0 20.0 10.0
2581.0 844.0 20.0 10.0
626.0 924.0 20.0 10.0
1253.0 2225.0 20.0 10.0
2118.0 1834.0 20.0 10.0
2142.0 2535.0 20.0 10.0
2838.0 485.0 20.0 10.0
2057.0 1317.0 20.0 10.0
2600.0 1689.0 20.0 10.0
2593.0 1692.0 20.0 10.0
2580.0 1701.0 20.0 10.0
2562.0 1718.0 20.0 10.0
2485.0 707.0 20.0 10.0
2885.0 1660.0 20.0 10.0
2815.0 630.0 20.0 10.0
2796.0 645.0 20.0 10.0
2547.0 1784.0 20.0 10.0
2172.0 2351.0 20.0 10.0
941.0 1952.0 20.0 10.0
935.0 1975.0 20.0 10.0
948.0 1989.0 20.0 10.0
971.0 1978.0 20.0 10.0
577.0 2129.0 20.0 10.0
601.0 2134.0 20.0 10.0
636.0 2098.0 20.0 10.0
2089.0 2134.0 20.0 10.0
2330.0 1057.0 20.0 10.0
1044.0 388.0 20.0 10.0
1189.0 759.0 20.0 10.0
893.0 26.0 20.0 10.0
2310.0 2560.0 20.0 10.0
2859.0 1893.0 20.0 10.0
535.0 2118.0 20.0 10.0
2299.0 2562.0 20.0 10.0
2794.0 713.0 20.0 10.0
471.0 2590.0 20.0 10.0
2821.0 1681.0 20.0 10.0
2518.0 1769.0 20.0 10.0
1073.0 1423.0 20.0 10.0
758.0 1004.0 20.0 10.0
2451.0 2861.0 20.0 10.0
2078.0 1315.0 20.0 10.0
566.0 2204.0 20.0 10.0
1073.0 1761.0 20.0 10.0
378.0 2736.0 20.0 10.0
1014.0 1209.0 20.0 10.0
895.0 48.0 20.0 10.0
915.0 70.0 20.0 10.0
2916.0 707.0 20.0 10.0
2946.0 1913.0 20.0 10.0
813.0 2254.0 20.0 10.0
1060.0 1728.0 20.0 10.0
1083.0 1741.0 20.0 10.0
2826.0 1696.0 20.0 10.0
693.0 2183.0 20.0 10.0
2933.0 701.0 20.0 10.0
1074.0 473.0 20.0 10.0
547.0 2734.0 20.0 10.0
2735.0 1696.0 20.0 10.0
2677.0 1701.0 20.0 10.0
2615.0 1705.0 20.0 10.0
1036.0 1587.0 20.0 10.0
2159.0 2318.0 20.0 10.0
2360.0 2725.0 20.0 10.0
506.0 2236.0 20.0 10.0
523.0 2221.0 20.0 10.0
537.0 2215.0 20.0 10.0
923.0 2170.0 20.0 10.0
145.0 2964.0 20.0 10.0
1225.0 1266.0 20.0 10.0
2468.0 2875.0 20.0 10.0
2314.0 2556.0 20.0 10.0
2458.0 764.0 20.0 10.0
2089.0 2423.0 20.0 10.0
2104.0 2419.0 20.0 10.0
2653.0 1806.0 20.0 10.0
930.0 75.0 20.0 10.0
2748.0 574.0 20.0 10.0
966.0 35.0 20.0 10.0
507.0 2666.0 20.0 10.0
529.0 2657.0 20.0 10.0
2711.0 764.0 20.0 10.0
2567.0 1690.0 20.0 10.0
977.0 1082.0 20.0 10.0
984.0 1090.0 20.0 10.0
74.0 3041.0 20.0 10.0
88.0 3022.0 20.0 10.0
2668.0 1896.0 20.0 10.0
2260.0 1126.0 20.0 10.0
851.0 2188.0 20.0 10.0
1088.0 1139.0 20.0 10.0
171.0 2933.0 20.0 10.0
1241.0 278.0 20.0 10.0
1261.0 1076.0 20.0 10.0
427.0 2204.0 20.0 10.0
2217.0 1164.0 20.0 10.0
1042.0 1576.0 20.0 10.0
2252.0 2493.0 20.0 10.0
1111.0 428.0 20.0 10.0
1095.0 1161.0 20.0 10.0
960.0 154.0 20.0 10.0
525.0 2748.0 20.0 10.0
1551.0 1330.0 20.0 10.0
2762.0 520.0 20.0 10.0
2819.0 514.0 20.0 10.0
363.0 2698.0 20.0 10.0
896.0 54.0 20.0 10.0
1238.0 494.0 20.0 10.0
3164.0 1989.0 20.0 10.0
825.0 1108.0 20.0 10.0
791.0 2129.0 20.0 10.0
277.0 2707.0 20.0 10.0
252.0 2738.0 20.0 10.0
626.0 962.0 20.0 10.0
1188.0 728.0 20.0 10.0
713.0 2316.0 20.0 10.0
672.0 984.0 20.0 10.0
2482.0 609.0 20.0 10.0
567.0 2494.0 20.0 10.0
1115.0 687.0 20.0 10.0
2429.0 851.0 20.0 10.0
2415.0 896.0 20.0 10.0
671.0 2109.0 20.0 10.0
2825.0 621.0 20.0 10.0
1378.0 1388.0 20.0 10.0
2686.0 1841.0 20.0 10.0
2969.0 1682.0 20.0 10.0
2943.0 1688.0 20.0 10.0
2911.0 1687.0 20.0 10.0
2874.0 1689.0 20.0 10.0
2835.0 1690.0 20.0 10.0
2354.0 1036.0 20.0 10.0
2379.0 2792.0 20.0 10.0
2386.0 2767.0 20.0 10.0
760.0 1051.0 20.0 10.0
2184.0 1077.0 20.0 10.0
1002.0 468.0 20.0 10.0
2421.0 2770.0 20.0 10.0
1490.0 1358.0 20.0 10.0
1464.0 1373.0 20.0 10.0
2626.0 1824.0 20.0 10.0
303.0 2858.0 20.0 10.0
926.0 2131.0 20.0 10.0
2890.0 1908.0 20.0 10.0
2112.0 1734.0 20.0 10.0
483.0 2509.0 20.0 10.0
2484.0 928.0 20.0 10.0
602.0 2083.0 20.0 10.0
1317.0 2142.0 20.0 10.0
705.0 989.0 20.0 10.0
2703.0 773.0 20.0 10.0
2680.0 774.0 20.0 10.0
317.0 2762.0 20.0 10.0
2491.0 2741.0 20.0 10.0
1800.0 2174.0 20.0 10.0
1787.0 2156.0 20.0 10.0
1808.0 2094.0 20.0 10.0
890.0 1096.0 20.0 10.0
2133.0 2446.0 20.0 10.0
963.0 1549.0 20.0 10.0
1044.0 1214.0 20.0 10.0
2762.0 743.0 20.0 10.0
2726.0 762.0 20.0 10.0
1175.0 1531.0 20.0 10.0
2248.0 2447.0 20.0 10.0
734.0 989.0 20.0 10.0
799.0 2289.0 20.0 10.0
2125.0 1569.0 20.0 10.0
920.0 25.0 20.0 10.0
932.0 48.0 20.0 10.0
2166.0 2308.0 20.0 10.0
2166.0 2281.0 20.0 10.0
181.0 2936.0 20.0 10.0
1111.0 1457.0 20.0 10.0
1119.0 1468.0 20.0 10.0
1105.0 472.0 20.0 10.0
1086.0 1436.0 20.0 10.0
1637.0 1352.0 20.0 10.0
1209.0 694.0 20.0 10.0
2622.0 1866.0 20.0 10.0
767.0 2117.0 20.0 10.0
1116.0 515.0 20.0 10.0
133.0 2971.0 20.0 10.0
851.0 2177.0 20.0 10.0
1206.0 1227.0 20.0 10.0
1207.0 1322.0 20.0 10.0
2551.0 1711.0 20.0 10.0
2487.0 1718.0 20.0 10.0
3148.0 2021.0 20.0 10.0
1750.0 2108.0 20.0 10.0
2867.0 1674.0 20.0 10.0
592.0 902.0 20.0 10.0
602.0 910.0 20.0 10.0
2277.0 2491.0 20.0 10.0
2547.0 2963.0 20.0 10.0
2880.0 1683.0 20.0 10.0
944.0 125.0 20.0 10.0
1724.0 2103.0 20.0 10.0
1256.0 226.0 20.0 10.0
2251.0 1136.0 20.0 10.0
2227.0 1139.0 20.0 10.0
2530.0 509.0 20.0 10.0
440.0 2513.0 20.0 10.0
693.0 2112.0 20.0 10.0
1770.0 2138.0 20.0 10.0
1748.0 2120.0 20.0 10.0
645.0 934.0 20.0 10.0
1046.0 1756.0 20.0 10.0
456.0 2507.0 20.0 10.0
2765.0 1878.0 20.0 10.0
1497.0 2130.0 20.0 10.0
1468.0 2119.0 20.0 10.0
1254.0 2185.0 20.0 10.0
361.0 2199.0 20.0 10.0
374.0 2199.0 20.0 10.0
397.0 2201.0 20.0 10.0
1035.0 1226.0 20.0 10.0
2780.0 729.0 20.0 10.0
2185.0 1091.0 20.0 10.0
2535.0 2978.0 20.0 10.0
2533.0 2956.0 20.0 10.0
1028.0 520.0 20.0 10.0
1051.0 1200.0 20.0 10.0
999.0 263.0 20.0 10.0
2522.0 536.0 20.0 10.0
2333.0 1735.0 20.0 10.0
2711.0 666.0 20.0 10.0
469.0 2515.0 20.0 10.0
498.0 2500.0 20.0 10.0
2476.0 1691.0 20.0 10.0
370.0 2709.0 20.0 10.0
1640.0 2110.0 20.0 10.0
2603.0 835.0 20.0 10.0
1068.0 1204.0 20.0 10.0
682.0 972.0 20.0 10.0
631.0 2426.0 20.0 10.0
296.0 2801.0 20.0 10.0
317.0 2773.0 20.0 10.0
3008.0 1936.0 20.0 10.0
2983.0 1944.0 20.0 10.0
652.0 2104.0 20.0 10.0
37.0 3087.0 20.0 10.0
52.0 3068.0 20.0 10.0
2427.0 2706.0 20.0 10.0
1070.0 1233.0 20.0 10.0
1093.0 1270.0 20.0 10.0
1125.0 2135.0 20.0 10.0
512.0 2499.0 20.0 10.0
2491.0 2789.0 20.0 10.0
2474.0 2891.0 20.0 10.0
2757.0 1853.0 20.0 10.0
1249.0 198.0 20.0 10.0
1246.0 220.0 20.0 10.0
2898.0 554.0 20.0 10.0
2754.0 635.0 20.0 10.0
1025.0 1140.0 20.0 10.0
2666.0 1690.0 20.0 10.0
1247.0 1134.0 20.0 10.0
647.0 2415.0 20.0 10.0
457.0 2204.0 20.0 10.0
490.0 2203.0 20.0 10.0
2578.0 849.0 20.0 10.0
320.0 2719.0 20.0 10.0
1968.0 1306.0 20.0 10.0
1986.0 1326.0 20.0 10.0
2501.0 598.0 20.0 10.0
1261.0 2287.0 20.0 10.0
473.0 2207.0 20.0 10.0
2575.0 1703.0 20.0 10.0
2048.0 1287.0 20.0 10.0
2958.0 1695.0 20.0 10.0
1107.0 450.0 20.0 10.0
985.0 225.0 20.0 10.0
2788.0 565.0 20.0 10.0
2901.0 1687.0 20.0 10.0
505.0 2555.0 20.0 10.0
2109.0 1487.0 20.0 10.0
2633.0 1882.0 20.0 10.0
2134.0 2425.0 20.0 10.0
1259.0 2259.0 20.0 10.0
2164.0 2331.0 20.0 10.0
907.0 2143.0 20.0 10.0
2755.0 759.0 20.0 10.0
697.0 2196.0 20.0 10.0
2356.0 1694.0 20.0 10.0
779.0 1023.0 20.0 10.0
2136.0 2337.0 20.0 10.0
1554.0 2116.0 20.0 10.0
1955.0 1324.0 20.0 10.0
823.0 2262.0 20.0 10.0
827.0 2244.0 20.0 10.0
820.0 2216.0 20.0 10.0
2786.0 1891.0 20.0 10.0
942.0 1547.0 20.0 10.0
2179.0 2295.0 20.0 10.0
2155.0 2288.0 20.0 10.0
1172.0 736.0 20.0 10.0
1203.0 1424.0 20.0 10.0
1939.0 1303.0 20.0 10.0
2433.0 1718.0 20.0 10.0
2835.0 489.0 20.0 10.0
2500.0 2890.0 20.0 10.0
2241.0 2422.0 20.0 10.0
1113.0 1230.0 20.0 10.0
2471.0 2846.0 20.0 10.0
704.0 2347.0 20.0 10.0
2425.0 783.0 20.0 10.0
2451.0 785.0 20.0 10.0
2443.0 808.0 20.0 10.0
956.0 68.0 20.0 10.0
2897.0 1671.0 20.0 10.0
880.0 2159.0 20.0 10.0
2515.0 1687.0 20.0 10.0
1036.0 2186.0 20.0 10.0
1026.0 2160.0 20.0 10.0
2517.0 552.0 20.0 10.0
2181.0 1069.0 20.0 10.0
516.0 2791.0 20.0 10.0
895.0 2304.0 20.0 10.0
957.0 139.0 20.0 10.0
2647.0 1882.0 20.0 10.0
2630.0 1870.0 20.0 10.0
855.0 2213.0 20.0 10.0
873.0 2190.0 20.0 10.0
1038.0 1509.0 20.0 10.0
1038.0 1529.0 20.0 10.0
954.0 1064.0 20.0 10.0
231.0 2883.0 20.0 10.0
1573.0 1341.0 20.0 10.0
1241.0 313.0 20.0 10.0
2921.0 538.0 20.0 10.0
1125.0 1242.0 20.0 10.0
1123.0 1271.0 20.0 10.0
2524.0 2930.0 20.0 10.0
2383.0 2716.0 20.0 10.0
732.0 2143.0 20.0 10.0
2199.0 1113.0 20.0 10.0
319.0 2834.0 20.0 10.0
319.0 2805.0 20.0 10.0
567.0 2466.0 20.0 10.0
1062.0 1521.0 20.0 10.0
2356.0 1732.0 20.0 10.0
2768.0 544.0 20.0 10.0
1129.0 1489.0 20.0 10.0
2890.0 701.0 20.0 10.0
1037.0 2176.0 20.0 10.0
2702.0 752.0 20.0 10.0
2121.0 2558.0 20.0 10.0
2127.0 2536.0 20.0 10.0
2095.0 1830.0 20.0 10.0
2838.0 1904.0 20.0 10.0
2595.0 3064.0 20.0 10.0
1212.0 545.0 20.0 10.0
1134.0 533.0 20.0 10.0
2511.0 2794.0 20.0 10.0
675.0 2383.0 20.0 10.0
2921.0 1921.0 20.0 10.0
556.0 2663.0 20.0 10.0
2430.0 769.0 20.0 10.0
1106.0 491.0 20.0 10.0
607.0 2118.0 20.0 10.0
2406.0 2697.0 20.0 10.0
2378.0 2689.0 20.0 10.0
2362.0 2657.0 20.0 10.0
1090.0 506.0 20.0 10.0
1175.0 1513.0 20.0 10.0
762.0 2259.0 20.0 10.0
1259.0 1212.0 20.0 10.0
1104.0 1179.0 20.0 10.0
447.0 2527.0 20.0 10.0
667.0 2203.0 20.0 10.0
2611.0 1849.0 20.0 10.0
544.0 2717.0 20.0 10.0
297.0 2736.0 20.0 10.0
1193.0 793.0 20.0 10.0
2542.0 2969.0 20.0 10.0
2303.0 2542.0 20.0 10.0
202.0 2893.0 20.0 10.0
1133.0 1313.0 20.0 10.0
2777.0 774.0 20.0 10.0
2774.0 592.0 20.0 10.0
2403.0 944.0 20.0 10.0
2391.0 993.0 20.0 10.0
941.0 110.0 20.0 10.0
835.0 1054.0 20.0 10.0
863.0 1072.0 20.0 10.0
1053.0 1238.0 20.0 10.0
1013.0 304.0 20.0 10.0
1275.0 1184.0 20.0 10.0
1262.0 1206.0 20.0 10.0
909.0 85.0 20.0 10.0
996.0 482.0 20.0 10.0
970.0 1077.0 20.0 10.0
2242.0 2500.0 20.0 10.0
1056.0 1445.0 20.0 10.0
1078.0 1431.0 20.0 10.0
2325.0 2578.0 20.0 10.0
2136.0 1743.0 20.0 10.0
1136.0 648.0 20.0 10.0
1152.0 649.0 20.0 10.0
1151.0 679.0 20.0 10.0
753.0 2151.0 20.0 10.0
2911.0 528.0 20.0 10.0
2266.0 1150.0 20.0 10.0
2475.0 641.0 20.0 10.0
1039.0 2151.0 20.0 10.0
2784.0 1857.0 20.0 10.0
1261.0 2273.0 20.0 10.0
1109.0 1506.0 20.0 10.0
1125.0 1528.0 20.0 10.0
782.0 1059.0 20.0 10.0
1475.0 1345.0 20.0 10.0
969.0 56.0 20.0 10.0
1154.0 1487.0 20.0 10.0
795.0 2287.0 20.0 10.0
2721.0 1824.0 20.0 10.0
2407.0 1730.0 20.0 10.0
905.0 2280.0 20.0 10.0
911.0 2245.0 20.0 10.0
916.0 2208.0 20.0 10.0
579.0 2549.0 20.0 10.0
1105.0 462.0 20.0 10.0
430.0 2646.0 20.0 10.0
2743.0 726.0 20.0 10.0
407.0 2683.0 20.0 10.0
933.0 1537.0 20.0 10.0
996.0 1104.0 20.0 10.0
2179.0 1100.0 20.0 10.0
1083.0 1535.0 20.0 10.0
2431.0 960.0 20.0 10.0
1204.0 1193.0 20.0 10.0
1012.0 1612.0 20.0 10.0
1021.0 1603.0 20.0 10.0
2449.0 930.0 20.0 10.0
2425.0 1743.0 20.0 10.0
2855.0 594.0 20.0 10.0
673.0 2158.0 20.0 10.0
982.0 213.0 20.0 10.0
2450.0 2755.0 20.0 10.0
2440.0 2729.0 20.0 10.0
2580.0 1794.0 20.0 10.0
586.0 2477.0 20.0 10.0
2358.0 1674.0 20.0 10.0
2333.0 1688.0 20.0 10.0
788.0 1017.0 20.0 10.0
798.0 1026.0 20.0 10.0
2731.0 640.0 20.0 10.0
659.0 939.0 20.0 10.0
654.0 962.0 20.0 10.0
228.0 2762.0 20.0 10.0
2781.0 658.0 20.0 10.0
2573.0 3012.0 20.0 10.0
2172.0 1162.0 20.0 10.0
545.0 2758.0 20.0 10.0
2139.0 1257.0 20.0 10.0
1193.0 1514.0 20.0 10.0
3142.0 1982.0 20.0 10.0
1110.0 1533.0 20.0 10.0
2933.0 1689.0 20.0 10.0
2459.0 724.0 20.0 10.0
1024.0 481.0 20.0 10.0
1045.0 501.0 20.0 10.0
1070.0 502.0 20.0 10.0
2546.0 632.0 20.0 10.0
2443.0 2827.0 20.0 10.0
1038.0 473.0 20.0 10.0
367.0 2766.0 20.0 10.0
361.0 2737.0 20.0 10.0
506.0 2203.0 20.0 10.0
2512.0 1754.0 20.0 10.0
2529.0 1755.0 20.0 10.0
669.0 951.0 20.0 10.0
2783.0 756.0 20.0 10.0
689.0 2193.0 20.0 10.0
2508.0 683.0 20.0 10.0
1243.0 396.0 20.0 10.0
1019.0 372.0 20.0 10.0
222.0 2864.0 20.0 10.0
1932.0 1325.0 20.0 10.0
2965.0 1705.0 20.0 10.0
2937.0 1703.0 20.0 10.0
2472.0 733.0 20.0 10.0
2273.0 1106.0 20.0 10.0
1281.0 1113.0 20.0 10.0
2183.0 1133.0 20.0 10.0
899.0 2311.0 20.0 10.0
1022.0 379.0 20.0 10.0
1015.0 460.0 20.0 10.0
2138.0 2525.0 20.0 10.0
2134.0 2515.0 20.0 10.0
1076.0 1252.0 20.0 10.0
491.0 2782.0 20.0 10.0
2692.0 702.0 20.0 10.0
2673.0 742.0 20.0 10.0
2630.0 791.0 20.0 10.0
1368.0 2141.0 20.0 10.0
222.0 2872.0 20.0 10.0
803.0 1101.0 20.0 10.0
2802.0 539.0 20.0 10.0
1050.0 520.0 20.0 10.0
2829.0 618.0 20.0 10.0
2141.0 1653.0 20.0 10.0
1232.0 549.0 20.0 10.0
1258.0 150.0 20.0 10.0
2132.0 2499.0 20.0 10.0
2132.0 2482.0 20.0 10.0
2128.0 2417.0 20.0 10.0
1236.0 577.0 20.0 10.0
1224.0 605.0 20.0 10.0
945.0 1156.0 20.0 10.0
2445.0 644.0 20.0 10.0
2760.0 1689.0 20.0 10.0
2449.0 2821.0 20.0 10.0
2034.0 1313.0 20.0 10.0
2291.0 1733.0 20.0 10.0
989.0 1096.0 20.0 10.0
299.0 2791.0 20.0 10.0
2136.0 2390.0 20.0 10.0
2143.0 2379.0 20.0 10.0
2152.0 2351.0 20.0 10.0
301.0 2712.0 20.0 10.0
2790.0 493.0 20.0 10.0
339.0 2734.0 20.0 10.0
1095.0 1442.0 20.0 10.0
1242.0 443.0 20.0 10.0
935.0 94.0 20.0 10.0
1018.0 2099.0 20.0 10.0
2533.0 688.0 20.0 10.0
527.0 2193.0 20.0 10.0
569.0 2182.0 20.0 10.0
503.0 2637.0 20.0 10.0
526.0 2642.0 20.0 10.0
1138.0 1534.0 20.0 10.0
2688.0 1818.0 20.0 10.0
2486.0 2871.0 20.0 10.0
350.0 2723.0 20.0 10.0
1216.0 666.0 20.0 10.0
1205.0 728.0 20.0 10.0
2628.0 1847.0 20.0 10.0
2384.0 2740.0 20.0 10.0
2553.0 869.0 20.0 10.0
2516.0 889.0 20.0 10.0
2454.0 942.0 20.0 10.0
805.0 1042.0 20.0 10.0
835.0 2158.0 20.0 10.0
858.0 2162.0 20.0 10.0
993.0 510.0 20.0 10.0
1012.0 1541.0 20.0 10.0
2432.0 747.0 20.0 10.0
404.0 2201.0 20.0 10.0
1247.0 1168.0 20.0 10.0
1248.0 2210.0 20.0 10.0
2092.0 1406.0 20.0 10.0
2075.0 1324.0 20.0 10.0
274.0 2809.0 20.0 10.0
2529.0 669.0 20.0 10.0
2555.0 2984.0 20.0 10.0
773.0 2257.0 20.0 10.0
85.0 3038.0 20.0 10.0
96.0 3016.0 20.0 10.0
109.0 2999.0 20.0 10.0
1244.0 352.0 20.0 10.0
2507.0 699.0 20.0 10.0
2358.0 2771.0 20.0 10.0
2362.0 2747.0 20.0 10.0
2376.0 2739.0 20.0 10.0
556.0 2208.0 20.0 10.0
348.0 2697.0 20.0 10.0
387.0 2676.0 20.0 10.0
445.0 2615.0 20.0 10.0
1738.0 1355.0 20.0 10.0
2661.0 1692.0 20.0 10.0
2690.0 1684.0 20.0 10.0
612.0 2475.0 20.0 10.0
1311.0 1384.0 20.0 10.0
2513.0 666.0 20.0 10.0
797.0 2273.0 20.0 10.0
996.0 331.0 20.0 10.0
1106.0 523.0 20.0 10.0
1112.0 544.0 20.0 10.0
1110.0 574.0 20.0 10.0
