1000
705.0 754.0 20.0 10.0
804.0 887.0 20.0 10.0
607.0 621.0 20.0 10.0
491.0 505.0 20.0 10.0
663.0 551.0 20.0 10.0
701.0 780.0 20.0 10.0
427.0 389.0 20.0 10.0
922.0 982.0 20.0 10.0
774.0 991.0 20.0 10.0
1041.0 1032.0 20.0 10.0
1092.0 1087.0 20.0 10.0
818.0 908.0 20.0 10.0
410.0 518.0 20.0 10.0
753.0 1084.0 20.0 10.0
384.0 291.0 20.0 10.0
1130.0 1074.0 20.0 10.0
718.0 485.0 20.0 10.0
329.0 527.0 20.0 10.0
769.0 417.0 20.0 10.0
415.0 489.0 20.0 10.0
413.0 344.0 20.0 10.0
498.0 491.0 20.0 10.0
253.0 534.0 20.0 10.0
1212.0 1115.0 20.0 10.0
1069.0 1046.0 20.0 10.0
555.0 639.0 20.0 10.0
1293.0 1156.0 20.0 10.0
582.0 655.0 20.0 10.0
376.0 240.0 20.0 10.0
439.0 426.0 20.0 10.0
841.0 895.0 20.0 10.0
672.0 518.0 20.0 10.0
402.0 364.0 20.0 10.0
734.0 1036.0 20.0 10.0
505.0 658.0 20.0 10.0
342.0 472.0 20.0 10.0
957.0 1020.0 20.0 10.0
462.0 351.0 20.0 10.0
957.0 1075.0 20.0 10.0
663.0 490.0 20.0 10.0
358.0 396.0 20.0 10.0
1068.0 1055.0 20.0 10.0
412.0 457.0 20.0 10.0
684.0 525.0 20.0 10.0
1134.0 1139.0 20.0 10.0
554.0 672.0 20.0 10.0
371.0 330.0 20.0 10.0
338.0 222.0 20.0 10.0
1318.0 1183.0 20.0 10.0
427.0 427.0 20.0 10.0
218.0 552.0 20.0 10.0
988.0 1039.0 20.0 10.0
356.0 285.0 20.0 10.0
368.0 253.0 20.0 10.0
725.0 1156.0 20.0 10.0
739.0 463.0 20.0 10.0
528.0 631.0 20.0 10.0
993.0 1164.0 20.0 10.0
558.0 683.0 20.0 10.0
861.0 876.0 20.0 10.0
487.0 483.0 20.0 10.0
378.0 258.0 20.0 10.0
1160.0 1165.0 20.0 10.0
821.0 876.0 20.0 10.0
493.0 459.0 20.0 10.0
348.0 249.0 20.0 10.0
589.0 683.0 20.0 10.0
350.0 214.0 20.0 10.0
635.0 603.0 20.0 10.0
464.0 672.0 20.0 10.0
643.0 581.0 20.0 10.0
186.0 538.0 20.0 10.0
792.0 1033.0 20.0 10.0
822.0 934.0 20.0 10.0
1357.0 1199.0 20.0 10.0
272.0 455.0 20.0 10.0
144.0 547.0 20.0 10.0
310.0 390.0 20.0 10.0
304.0 179.0 20.0 10.0
313.0 280.0 20.0 10.0
702.0 1224.0 20.0 10.0
693.0 1280.0 20.0 10.0
656.0 615.0 20.0 10.0
1116.0 1035.0 20.0 10.0
744.0 1004.0 20.0 10.0
834.0 909.0 20.0 10.0
1377.0 1232.0 20.0 10.0
1319.0 1158.0 20.0 10.0
911.0 863.0 20.0 10.0
674.0 1266.0 20.0 10.0
787.0 362.0 20.0 10.0
193.0 568.0 20.0 10.0
292.0 524.0 20.0 10.0
321.0 175.0 20.0 10.0
1024.0 1244.0 20.0 10.0
472.0 684.0 20.0 10.0
457.0 688.0 20.0 10.0
737.0 756.0 20.0 10.0
442.0 684.0 20.0 10.0
408.0 413.0 20.0 10.0
653.0 1302.0 20.0 10.0
432.0 694.0 20.0 10.0
1397.0 1209.0 20.0 10.0
481.0 283.0 20.0 10.0
1174.0 1184.0 20.0 10.0
800.0 1063.0 20.0 10.0
937.0 851.0 20.0 10.0
484.0 235.0 20.0 10.0
699.0 1077.0 20.0 10.0
311.0 369.0 20.0 10.0
655.0 530.0 20.0 10.0
1350.0 1164.0 20.0 10.0
1145.0 1044.0 20.0 10.0
977.0 1059.0 20.0 10.0
1042.0 1286.0 20.0 10.0
530.0 668.0 20.0 10.0
797.0 1056.0 20.0 10.0
887.0 876.0 20.0 10.0
151.0 551.0 20.0 10.0
1053.0 1308.0 20.0 10.0
659.0 596.0 20.0 10.0
808.0 320.0 20.0 10.0
1078.0 1042.0 20.0 10.0
268.0 539.0 20.0 10.0
1169.0 1090.0 20.0 10.0
751.0 1126.0 20.0 10.0
689.0 774.0 20.0 10.0
1005.0 1206.0 20.0 10.0
680.0 1100.0 20.0 10.0
1005.0 1061.0 20.0 10.0
459.0 710.0 20.0 10.0
366.0 226.0 20.0 10.0
137.0 533.0 20.0 10.0
423.0 498.0 20.0 10.0
416.0 310.0 20.0 10.0
265.0 249.0 20.0 10.0
440.0 476.0 20.0 10.0
498.0 230.0 20.0 10.0
1385.0 1229.0 20.0 10.0
827.0 280.0 20.0 10.0
1337.0 1209.0 20.0 10.0
471.0 312.0 20.0 10.0
667.0 1114.0 20.0 10.0
354.0 220.0 20.0 10.0
789.0 397.0 20.0 10.0
465.0 321.0 20.0 10.0
177.0 580.0 20.0 10.0
682.0 1331.0 20.0 10.0
1182.0 1038.0 20.0 10.0
1210.0 1223.0 20.0 10.0
271.0 347.0 20.0 10.0
996.0 1096.0 20.0 10.0
506.0 484.0 20.0 10.0
811.0 372.0 20.0 10.0
401.0 344.0 20.0 10.0
1153.0 1037.0 20.0 10.0
444.0 706.0 20.0 10.0
300.0 530.0 20.0 10.0
399.0 388.0 20.0 10.0
371.0 194.0 20.0 10.0
1067.0 1037.0 20.0 10.0
283.0 151.0 20.0 10.0
798.0 1091.0 20.0 10.0
558.0 706.0 20.0 10.0
797.0 323.0 20.0 10.0
1239.0 1039.0 20.0 10.0
448.0 401.0 20.0 10.0
1102.0 1047.0 20.0 10.0
222.0 518.0 20.0 10.0
1245.0 1251.0 20.0 10.0
1039.0 1297.0 20.0 10.0
755.0 1141.0 20.0 10.0
435.0 682.0 20.0 10.0
225.0 220.0 20.0 10.0
763.0 750.0 20.0 10.0
811.0 392.0 20.0 10.0
758.0 393.0 20.0 10.0
1079.0 1352.0 20.0 10.0
663.0 592.0 20.0 10.0
847.0 378.0 20.0 10.0
716.0 793.0 20.0 10.0
755.0 1194.0 20.0 10.0
170.0 586.0 20.0 10.0
193.0 208.0 20.0 10.0
718.0 1192.0 20.0 10.0
1073.0 1026.0 20.0 10.0
1196.0 1105.0 20.0 10.0
307.0 189.0 20.0 10.0
900.0 876.0 20.0 10.0
785.0 1013.0 20.0 10.0
772.0 1019.0 20.0 10.0
306.0 140.0 20.0 10.0
1121.0 1104.0 20.0 10.0
509.0 184.0 20.0 10.0
165.0 198.0 20.0 10.0
970.0 1108.0 20.0 10.0
670.0 1372.0 20.0 10.0
744.0 1159.0 20.0 10.0
531.0 712.0 20.0 10.0
110.0 538.0 20.0 10.0
275.0 377.0 20.0 10.0
857.0 931.0 20.0 10.0
661.0 1405.0 20.0 10.0
637.0 515.0 20.0 10.0
478.0 206.0 20.0 10.0
703.0 1185.0 20.0 10.0
454.0 699.0 20.0 10.0
293.0 372.0 20.0 10.0
1235.0 1251.0 20.0 10.0
379.0 406.0 20.0 10.0
404.0 715.0 20.0 10.0
413.0 713.0 20.0 10.0
995.0 1065.0 20.0 10.0
1399.0 1255.0 20.0 10.0
383.0 728.0 20.0 10.0
850.0 332.0 20.0 10.0
806.0 1071.0 20.0 10.0
1014.0 1039.0 20.0 10.0
270.0 384.0 20.0 10.0
491.0 201.0 20.0 10.0
224.0 547.0 20.0 10.0
832.0 399.0 20.0 10.0
104.0 552.0 20.0 10.0
1150.0 1113.0 20.0 10.0
229.0 444.0 20.0 10.0
542.0 695.0 20.0 10.0
702.0 1061.0 20.0 10.0
159.0 544.0 20.0 10.0
1411.0 1231.0 20.0 10.0
317.0 141.0 20.0 10.0
665.0 1123.0 20.0 10.0
236.0 349.0 20.0 10.0
274.0 140.0 20.0 10.0
784.0 755.0 20.0 10.0
1219.0 1034.0 20.0 10.0
379.0 320.0 20.0 10.0
1393.0 1174.0 20.0 10.0
1071.0 1356.0 20.0 10.0
735.0 467.0 20.0 10.0
98.0 534.0 20.0 10.0
1196.0 1202.0 20.0 10.0
217.0 533.0 20.0 10.0
452.0 376.0 20.0 10.0
67.0 533.0 20.0 10.0
423.0 320.0 20.0 10.0
631.0 490.0 20.0 10.0
842.0 933.0 20.0 10.0
391.0 318.0 20.0 10.0
1154.0 1161.0 20.0 10.0
1409.0 1254.0 20.0 10.0
741.0 778.0 20.0 10.0
313.0 181.0 20.0 10.0
1432.0 1183.0 20.0 10.0
120.0 553.0 20.0 10.0
378.0 497.0 20.0 10.0
689.0 596.0 20.0 10.0
457.0 453.0 20.0 10.0
266.0 519.0 20.0 10.0
579.0 674.0 20.0 10.0
346.0 164.0 20.0 10.0
229.0 551.0 20.0 10.0
947.0 1001.0 20.0 10.0
643.0 1143.0 20.0 10.0
232.0 454.0 20.0 10.0
769.0 1043.0 20.0 10.0
504.0 725.0 20.0 10.0
826.0 885.0 20.0 10.0
291.0 142.0 20.0 10.0
144.0 589.0 20.0 10.0
651.0 1135.0 20.0 10.0
834.0 377.0 20.0 10.0
340.0 254.0 20.0 10.0
699.0 499.0 20.0 10.0
274.0 505.0 20.0 10.0
423.0 726.0 20.0 10.0
283.0 363.0 20.0 10.0
351.0 508.0 20.0 10.0
731.0 1025.0 20.0 10.0
240.0 231.0 20.0 10.0
789.0 748.0 20.0 10.0
750.0 1242.0 20.0 10.0
251.0 119.0 20.0 10.0
220.0 437.0 20.0 10.0
997.0 1083.0 20.0 10.0
601.0 595.0 20.0 10.0
1090.0 1401.0 20.0 10.0
396.0 509.0 20.0 10.0
801.0 373.0 20.0 10.0
181.0 422.0 20.0 10.0
1273.0 1040.0 20.0 10.0
191.0 437.0 20.0 10.0
864.0 914.0 20.0 10.0
656.0 1431.0 20.0 10.0
1218.0 1050.0 20.0 10.0
372.0 312.0 20.0 10.0
193.0 333.0 20.0 10.0
824.0 372.0 20.0 10.0
513.0 144.0 20.0 10.0
308.0 463.0 20.0 10.0
443.0 667.0 20.0 10.0
714.0 1052.0 20.0 10.0
1430.0 1220.0 20.0 10.0
354.0 189.0 20.0 10.0
677.0 626.0 20.0 10.0
956.0 850.0 20.0 10.0
835.0 342.0 20.0 10.0
1048.0 1344.0 20.0 10.0
648.0 1142.0 20.0 10.0
388.0 480.0 20.0 10.0
984.0 1026.0 20.0 10.0
683.0 763.0 20.0 10.0
685.0 1311.0 20.0 10.0
587.0 710.0 20.0 10.0
240.0 515.0 20.0 10.0
796.0 1026.0 20.0 10.0
680.0 491.0 20.0 10.0
511.0 737.0 20.0 10.0
742.0 1272.0 20.0 10.0
75.0 541.0 20.0 10.0
398.0 303.0 20.0 10.0
721.0 1023.0 20.0 10.0
369.0 158.0 20.0 10.0
407.0 269.0 20.0 10.0
524.0 111.0 20.0 10.0
1083.0 1077.0 20.0 10.0
549.0 620.0 20.0 10.0
539.0 724.0 20.0 10.0
565.0 607.0 20.0 10.0
200.0 334.0 20.0 10.0
1265.0 1270.0 20.0 10.0
1382.0 1162.0 20.0 10.0
881.0 298.0 20.0 10.0
685.0 1085.0 20.0 10.0
1013.0 1052.0 20.0 10.0
1252.0 1278.0 20.0 10.0
165.0 319.0 20.0 10.0
856.0 910.0 20.0 10.0
860.0 902.0 20.0 10.0
1291.0 1039.0 20.0 10.0
763.0 1118.0 20.0 10.0
497.0 466.0 20.0 10.0
1467.0 1193.0 20.0 10.0
1441.0 1249.0 20.0 10.0
813.0 1106.0 20.0 10.0
363.0 126.0 20.0 10.0
487.0 326.0 20.0 10.0
367.0 385.0 20.0 10.0
983.0 1132.0 20.0 10.0
660.0 464.0 20.0 10.0
386.0 451.0 20.0 10.0
1015.0 1113.0 20.0 10.0
778.0 764.0 20.0 10.0
1456.0 1256.0 20.0 10.0
1336.0 1039.0 20.0 10.0
868.0 954.0 20.0 10.0
1146.0 1033.0 20.0 10.0
1373.0 1041.0 20.0 10.0
375.0 349.0 20.0 10.0
525.0 120.0 20.0 10.0
1117.0 1117.0 20.0 10.0
425.0 362.0 20.0 10.0
1378.0 1176.0 20.0 10.0
193.0 190.0 20.0 10.0
683.0 1207.0 20.0 10.0
354.0 301.0 20.0 10.0
669.0 1105.0 20.0 10.0
834.0 259.0 20.0 10.0
1266.0 1275.0 20.0 10.0
546.0 730.0 20.0 10.0
78.0 561.0 20.0 10.0
929.0 875.0 20.0 10.0
755.0 1276.0 20.0 10.0
406.0 742.0 20.0 10.0
334.0 118.0 20.0 10.0
328.0 115.0 20.0 10.0
278.0 238.0 20.0 10.0
1252.0 1060.0 20.0 10.0
1100.0 1430.0 20.0 10.0
744.0 1266.0 20.0 10.0
282.0 542.0 20.0 10.0
1125.0 1093.0 20.0 10.0
319.0 198.0 20.0 10.0
252.0 110.0 20.0 10.0
260.0 215.0 20.0 10.0
71.0 554.0 20.0 10.0
1247.0 1019.0 20.0 10.0
517.0 704.0 20.0 10.0
687.0 1077.0 20.0 10.0
724.0 762.0 20.0 10.0
752.0 1177.0 20.0 10.0
1015.0 1122.0 20.0 10.0
579.0 704.0 20.0 10.0
680.0 1085.0 20.0 10.0
701.0 1070.0 20.0 10.0
806.0 901.0 20.0 10.0
874.0 362.0 20.0 10.0
880.0 922.0 20.0 10.0
682.0 1248.0 20.0 10.0
1020.0 1119.0 20.0 10.0
153.0 604.0 20.0 10.0
810.0 293.0 20.0 10.0
529.0 680.0 20.0 10.0
1362.0 1052.0 20.0 10.0
811.0 738.0 20.0 10.0
311.0 75.0 20.0 10.0
1270.0 1278.0 20.0 10.0
996.0 835.0 20.0 10.0
1030.0 820.0 20.0 10.0
801.0 298.0 20.0 10.0
1492.0 1274.0 20.0 10.0
858.0 366.0 20.0 10.0
494.0 449.0 20.0 10.0
580.0 584.0 20.0 10.0
1164.0 1085.0 20.0 10.0
650.0 1455.0 20.0 10.0
756.0 1159.0 20.0 10.0
745.0 1279.0 20.0 10.0
1494.0 1201.0 20.0 10.0
382.0 498.0 20.0 10.0
364.0 266.0 20.0 10.0
919.0 883.0 20.0 10.0
272.0 538.0 20.0 10.0
235.0 440.0 20.0 10.0
490.0 296.0 20.0 10.0
176.0 166.0 20.0 10.0
1107.0 1440.0 20.0 10.0
265.0 362.0 20.0 10.0
194.0 450.0 20.0 10.0
828.0 1133.0 20.0 10.0
821.0 272.0 20.0 10.0
314.0 82.0 20.0 10.0
842.0 247.0 20.0 10.0
1032.0 1146.0 20.0 10.0
675.0 1295.0 20.0 10.0
364.0 743.0 20.0 10.0
1203.0 1207.0 20.0 10.0
330.0 377.0 20.0 10.0
476.0 279.0 20.0 10.0
741.0 1310.0 20.0 10.0
251.0 212.0 20.0 10.0
1098.0 1387.0 20.0 10.0
815.0 1095.0 20.0 10.0
429.0 405.0 20.0 10.0
757.0 1308.0 20.0 10.0
407.0 478.0 20.0 10.0
798.0 756.0 20.0 10.0
701.0 504.0 20.0 10.0
450.0 706.0 20.0 10.0
854.0 225.0 20.0 10.0
424.0 385.0 20.0 10.0
727.0 1014.0 20.0 10.0
1523.0 1281.0 20.0 10.0
899.0 932.0 20.0 10.0
835.0 367.0 20.0 10.0
736.0 1295.0 20.0 10.0
478.0 251.0 20.0 10.0
739.0 1117.0 20.0 10.0
1047.0 1168.0 20.0 10.0
756.0 1111.0 20.0 10.0
673.0 532.0 20.0 10.0
841.0 1157.0 20.0 10.0
1057.0 1320.0 20.0 10.0
716.0 1140.0 20.0 10.0
743.0 1148.0 20.0 10.0
677.0 594.0 20.0 10.0
248.0 362.0 20.0 10.0
954.0 878.0 20.0 10.0
829.0 954.0 20.0 10.0
870.0 309.0 20.0 10.0
856.0 347.0 20.0 10.0
1041.0 1138.0 20.0 10.0
1002.0 1198.0 20.0 10.0
1013.0 1085.0 20.0 10.0
463.0 387.0 20.0 10.0
1055.0 804.0 20.0 10.0
653.0 1426.0 20.0 10.0
238.0 83.0 20.0 10.0
483.0 442.0 20.0 10.0
1055.0 1383.0 20.0 10.0
1144.0 1048.0 20.0 10.0
280.0 452.0 20.0 10.0
1104.0 1054.0 20.0 10.0
631.0 562.0 20.0 10.0
661.0 570.0 20.0 10.0
503.0 692.0 20.0 10.0
1095.0 1383.0 20.0 10.0
769.0 386.0 20.0 10.0
1113.0 1419.0 20.0 10.0
343.0 286.0 20.0 10.0
1122.0 1444.0 20.0 10.0
249.0 207.0 20.0 10.0
514.0 623.0 20.0 10.0
500.0 760.0 20.0 10.0
159.0 318.0 20.0 10.0
485.0 205.0 20.0 10.0
1228.0 1224.0 20.0 10.0
1512.0 1293.0 20.0 10.0
373.0 296.0 20.0 10.0
1017.0 1240.0 20.0 10.0
829.0 368.0 20.0 10.0
645.0 1447.0 20.0 10.0
847.0 872.0 20.0 10.0
698.0 1255.0 20.0 10.0
1431.0 1270.0 20.0 10.0
1051.0 807.0 20.0 10.0
1385.0 1174.0 20.0 10.0
1281.0 1070.0 20.0 10.0
710.0 480.0 20.0 10.0
731.0 1065.0 20.0 10.0
351.0 290.0 20.0 10.0
1075.0 801.0 20.0 10.0
320.0 90.0 20.0 10.0
189.0 424.0 20.0 10.0
643.0 1133.0 20.0 10.0
332.0 525.0 20.0 10.0
842.0 950.0 20.0 10.0
154.0 529.0 20.0 10.0
980.0 875.0 20.0 10.0
1403.0 1189.0 20.0 10.0
759.0 1149.0 20.0 10.0
290.0 249.0 20.0 10.0
982.0 836.0 20.0 10.0
361.0 169.0 20.0 10.0
387.0 526.0 20.0 10.0
352.0 406.0 20.0 10.0
1039.0 1056.0 20.0 10.0
713.0 1222.0 20.0 10.0
878.0 970.0 20.0 10.0
908.0 269.0 20.0 10.0
633.0 1316.0 20.0 10.0
732.0 1186.0 20.0 10.0
534.0 84.0 20.0 10.0
338.0 193.0 20.0 10.0
1139.0 1140.0 20.0 10.0
894.0 983.0 20.0 10.0
182.0 431.0 20.0 10.0
152.0 425.0 20.0 10.0
667.0 1358.0 20.0 10.0
827.0 721.0 20.0 10.0
874.0 306.0 20.0 10.0
808.0 298.0 20.0 10.0
918.0 942.0 20.0 10.0
786.0 409.0 20.0 10.0
1538.0 1292.0 20.0 10.0
473.0 431.0 20.0 10.0
298.0 154.0 20.0 10.0
738.0 795.0 20.0 10.0
891.0 291.0 20.0 10.0
854.0 323.0 20.0 10.0
486.0 742.0 20.0 10.0
814.0 765.0 20.0 10.0
1043.0 1328.0 20.0 10.0
191.0 557.0 20.0 10.0
772.0 1067.0 20.0 10.0
733.0 1021.0 20.0 10.0
380.0 548.0 20.0 10.0
649.0 605.0 20.0 10.0
277.0 106.0 20.0 10.0
467.0 378.0 20.0 10.0
829.0 727.0 20.0 10.0
657.0 1097.0 20.0 10.0
722.0 1090.0 20.0 10.0
837.0 253.0 20.0 10.0
254.0 358.0 20.0 10.0
499.0 210.0 20.0 10.0
857.0 219.0 20.0 10.0
263.0 75.0 20.0 10.0
585.0 700.0 20.0 10.0
697.0 1028.0 20.0 10.0
106.0 528.0 20.0 10.0
842.0 859.0 20.0 10.0
888.0 884.0 20.0 10.0
790.0 404.0 20.0 10.0
313.0 93.0 20.0 10.0
80.0 526.0 20.0 10.0
848.0 232.0 20.0 10.0
709.0 732.0 20.0 10.0
1231.0 1242.0 20.0 10.0
353.0 498.0 20.0 10.0
795.0 868.0 20.0 10.0
671.0 1357.0 20.0 10.0
836.0 951.0 20.0 10.0
962.0 1108.0 20.0 10.0
510.0 688.0 20.0 10.0
621.0 511.0 20.0 10.0
625.0 620.0 20.0 10.0
843.0 393.0 20.0 10.0
348.0 334.0 20.0 10.0
850.0 722.0 20.0 10.0
1412.0 1163.0 20.0 10.0
98.0 568.0 20.0 10.0
677.0 464.0 20.0 10.0
1002.0 1227.0 20.0 10.0
925.0 253.0 20.0 10.0
325.0 323.0 20.0 10.0
723.0 1037.0 20.0 10.0
688.0 1357.0 20.0 10.0
796.0 1113.0 20.0 10.0
1199.0 1106.0 20.0 10.0
1060.0 815.0 20.0 10.0
282.0 342.0 20.0 10.0
1516.0 1278.0 20.0 10.0
399.0 271.0 20.0 10.0
670.0 507.0 20.0 10.0
1035.0 1066.0 20.0 10.0
223.0 183.0 20.0 10.0
282.0 162.0 20.0 10.0
878.0 337.0 20.0 10.0
400.0 246.0 20.0 10.0
903.0 277.0 20.0 10.0
682.0 604.0 20.0 10.0
1027.0 1035.0 20.0 10.0
585.0 615.0 20.0 10.0
1356.0 1222.0 20.0 10.0
573.0 735.0 20.0 10.0
1125.0 1065.0 20.0 10.0
438.0 378.0 20.0 10.0
639.0 1166.0 20.0 10.0
666.0 445.0 20.0 10.0
494.0 781.0 20.0 10.0
740.0 1205.0 20.0 10.0
682.0 576.0 20.0 10.0
1014.0 1202.0 20.0 10.0
359.0 163.0 20.0 10.0
634.0 1323.0 20.0 10.0
241.0 387.0 20.0 10.0
42.0 527.0 20.0 10.0
229.0 189.0 20.0 10.0
1018.0 1227.0 20.0 10.0
343.0 227.0 20.0 10.0
565.0 726.0 20.0 10.0
49.0 565.0 20.0 10.0
356.0 134.0 20.0 10.0
201.0 424.0 20.0 10.0
114.0 516.0 20.0 10.0
1026.0 1076.0 20.0 10.0
1517.0 1202.0 20.0 10.0
805.0 1135.0 20.0 10.0
327.0 88.0 20.0 10.0
326.0 553.0 20.0 10.0
1366.0 1030.0 20.0 10.0
381.0 416.0 20.0 10.0
638.0 1478.0 20.0 10.0
1062.0 1417.0 20.0 10.0
511.0 476.0 20.0 10.0
416.0 688.0 20.0 10.0
684.0 536.0 20.0 10.0
411.0 700.0 20.0 10.0
207.0 565.0 20.0 10.0
1074.0 1038.0 20.0 10.0
1452.0 1231.0 20.0 10.0
1136.0 1130.0 20.0 10.0
820.0 747.0 20.0 10.0
622.0 606.0 20.0 10.0
1473.0 1281.0 20.0 10.0
311.0 351.0 20.0 10.0
489.0 412.0 20.0 10.0
397.0 442.0 20.0 10.0
898.0 279.0 20.0 10.0
705.0 1011.0 20.0 10.0
1326.0 1162.0 20.0 10.0
1488.0 1201.0 20.0 10.0
807.0 755.0 20.0 10.0
314.0 544.0 20.0 10.0
873.0 870.0 20.0 10.0
486.0 709.0 20.0 10.0
128.0 520.0 20.0 10.0
1058.0 1153.0 20.0 10.0
415.0 245.0 20.0 10.0
530.0 608.0 20.0 10.0
781.0 1062.0 20.0 10.0
499.0 306.0 20.0 10.0
1435.0 1256.0 20.0 10.0
371.0 736.0 20.0 10.0
259.0 319.0 20.0 10.0
284.0 167.0 20.0 10.0
224.0 192.0 20.0 10.0
1371.0 1226.0 20.0 10.0
581.0 734.0 20.0 10.0
292.0 256.0 20.0 10.0
134.0 306.0 20.0 10.0
325.0 291.0 20.0 10.0
1244.0 1236.0 20.0 10.0
510.0 194.0 20.0 10.0
70.0 525.0 20.0 10.0
372.0 261.0 20.0 10.0
1186.0 1102.0 20.0 10.0
1242.0 1020.0 20.0 10.0
197.0 510.0 20.0 10.0
1050.0 1378.0 20.0 10.0
774.0 1143.0 20.0 10.0
482.0 355.0 20.0 10.0
1001.0 887.0 20.0 10.0
404.0 310.0 20.0 10.0
675.0 1039.0 20.0 10.0
1098.0 1029.0 20.0 10.0
674.0 1074.0 20.0 10.0
807.0 386.0 20.0 10.0
502.0 301.0 20.0 10.0
414.0 363.0 20.0 10.0
648.0 1087.0 20.0 10.0
497.0 423.0 20.0 10.0
679.0 1359.0 20.0 10.0
391.0 397.0 20.0 10.0
1216.0 1123.0 20.0 10.0
954.0 993.0 20.0 10.0
762.0 1186.0 20.0 10.0
1301.0 1031.0 20.0 10.0
383.0 300.0 20.0 10.0
334.0 86.0 20.0 10.0
1184.0 1182.0 20.0 10.0
386.0 694.0 20.0 10.0
772.0 787.0 20.0 10.0
699.0 1163.0 20.0 10.0
1077.0 1442.0 20.0 10.0
171.0 164.0 20.0 10.0
676.0 1331.0 20.0 10.0
518.0 666.0 20.0 10.0
543.0 644.0 20.0 10.0
689.0 794.0 20.0 10.0
295.0 52.0 20.0 10.0
471.0 387.0 20.0 10.0
719.0 1050.0 20.0 10.0
713.0 477.0 20.0 10.0
653.0 515.0 20.0 10.0
1033.0 1224.0 20.0 10.0
468.0 282.0 20.0 10.0
1034.0 1262.0 20.0 10.0
736.0 1175.0 20.0 10.0
1033.0 1229.0 20.0 10.0
518.0 208.0 20.0 10.0
302.0 48.0 20.0 10.0
1241.0 1049.0 20.0 10.0
517.0 162.0 20.0 10.0
256.0 542.0 20.0 10.0
802.0 337.0 20.0 10.0
778.0 1171.0 20.0 10.0
837.0 755.0 20.0 10.0
1311.0 1173.0 20.0 10.0
589.0 577.0 20.0 10.0
1250.0 1259.0 20.0 10.0
680.0 614.0 20.0 10.0
1054.0 1350.0 20.0 10.0
704.0 564.0 20.0 10.0
150.0 414.0 20.0 10.0
845.0 349.0 20.0 10.0
625.0 1165.0 20.0 10.0
705.0 524.0 20.0 10.0
638.0 1333.0 20.0 10.0
509.0 675.0 20.0 10.0
162.0 446.0 20.0 10.0
1257.0 1301.0 20.0 10.0
1276.0 1069.0 20.0 10.0
707.0 801.0 20.0 10.0
404.0 323.0 20.0 10.0
634.0 1161.0 20.0 10.0
789.0 916.0 20.0 10.0
355.0 487.0 20.0 10.0
1108.0 1411.0 20.0 10.0
1492.0 1185.0 20.0 10.0
702.0 593.0 20.0 10.0
859.0 955.0 20.0 10.0
1086.0 812.0 20.0 10.0
1144.0 1134.0 20.0 10.0
689.0 1277.0 20.0 10.0
870.0 197.0 20.0 10.0
1222.0 1116.0 20.0 10.0
795.0 927.0 20.0 10.0
311.0 49.0 20.0 10.0
1487.0 1259.0 20.0 10.0
1000.0 824.0 20.0 10.0
1405.0 1037.0 20.0 10.0
1061.0 1407.0 20.0 10.0
306.0 521.0 20.0 10.0
256.0 218.0 20.0 10.0
802.0 945.0 20.0 10.0
160.0 521.0 20.0 10.0
293.0 115.0 20.0 10.0
526.0 139.0 20.0 10.0
418.0 279.0 20.0 10.0
708.0 1038.0 20.0 10.0
1068.0 1341.0 20.0 10.0
288.0 383.0 20.0 10.0
1387.0 1211.0 20.0 10.0
358.0 493.0 20.0 10.0
166.0 176.0 20.0 10.0
1490.0 1299.0 20.0 10.0
829.0 1126.0 20.0 10.0
714.0 589.0 20.0 10.0
1252.0 1270.0 20.0 10.0
729.0 560.0 20.0 10.0
634.0 1467.0 20.0 10.0
1291.0 1294.0 20.0 10.0
566.0 654.0 20.0 10.0
152.0 150.0 20.0 10.0
1508.0 1269.0 20.0 10.0
1297.0 1073.0 20.0 10.0
47.0 557.0 20.0 10.0
543.0 62.0 20.0 10.0
370.0 272.0 20.0 10.0
628.0 643.0 20.0 10.0
1416.0 1183.0 20.0 10.0
754.0 446.0 20.0 10.0
1153.0 1093.0 20.0 10.0
1032.0 1047.0 20.0 10.0
621.0 1140.0 20.0 10.0
650.0 1283.0 20.0 10.0
237.0 337.0 20.0 10.0
214.0 568.0 20.0 10.0
245.0 53.0 20.0 10.0
1243.0 1128.0 20.0 10.0
890.0 855.0 20.0 10.0
585.0 578.0 20.0 10.0
1371.0 1171.0 20.0 10.0
1053.0 1247.0 20.0 10.0
1148.0 1026.0 20.0 10.0
483.0 178.0 20.0 10.0
1071.0 1337.0 20.0 10.0
927.0 884.0 20.0 10.0
919.0 260.0 20.0 10.0
1280.0 1291.0 20.0 10.0
395.0 325.0 20.0 10.0
1003.0 866.0 20.0 10.0
218.0 349.0 20.0 10.0
779.0 1044.0 20.0 10.0
772.0 358.0 20.0 10.0
632.0 1362.0 20.0 10.0
1124.0 1051.0 20.0 10.0
1223.0 1222.0 20.0 10.0
795.0 921.0 20.0 10.0
495.0 172.0 20.0 10.0
1095.0 1047.0 20.0 10.0
786.0 768.0 20.0 10.0
1423.0 1217.0 20.0 10.0
291.0 329.0 20.0 10.0
1270.0 1021.0 20.0 10.0
657.0 1289.0 20.0 10.0
1438.0 1191.0 20.0 10.0
621.0 505.0 20.0 10.0
591.0 734.0 20.0 10.0
309.0 509.0 20.0 10.0
305.0 366.0 20.0 10.0
291.0 25.0 20.0 10.0
1267.0 1034.0 20.0 10.0
648.0 1476.0 20.0 10.0
748.0 1337.0 20.0 10.0
605.0 727.0 20.0 10.0
174.0 318.0 20.0 10.0
830.0 349.0 20.0 10.0
788.0 331.0 20.0 10.0
1393.0 1029.0 20.0 10.0
907.0 839.0 20.0 10.0
325.0 232.0 20.0 10.0
1352.0 1175.0 20.0 10.0
362.0 417.0 20.0 10.0
729.0 735.0 20.0 10.0
762.0 1360.0 20.0 10.0
513.0 118.0 20.0 10.0
320.0 266.0 20.0 10.0
590.0 645.0 20.0 10.0
1176.0 1114.0 20.0 10.0
1019.0 822.0 20.0 10.0
390.0 759.0 20.0 10.0
790.0 1075.0 20.0 10.0
332.0 312.0 20.0 10.0
1114.0 1472.0 20.0 10.0
264.0 111.0 20.0 10.0
309.0 147.0 20.0 10.0
843.0 1183.0 20.0 10.0
206.0 337.0 20.0 10.0
1444.0 1239.0 20.0 10.0
202.0 174.0 20.0 10.0
1333.0 1205.0 20.0 10.0
1083.0 1369.0 20.0 10.0
976.0 839.0 20.0 10.0
369.0 470.0 20.0 10.0
740.0 746.0 20.0 10.0
858.0 855.0 20.0 10.0
1428.0 1034.0 20.0 10.0
127.0 562.0 20.0 10.0
879.0 846.0 20.0 10.0
1007.0 1114.0 20.0 10.0
602.0 698.0 20.0 10.0
839.0 1207.0 20.0 10.0
953.0 988.0 20.0 10.0
1546.0 1295.0 20.0 10.0
1442.0 1171.0 20.0 10.0
515.0 283.0 20.0 10.0
405.0 280.0 20.0 10.0
730.0 1314.0 20.0 10.0
234.0 240.0 20.0 10.0
521.0 739.0 20.0 10.0
417.0 255.0 20.0 10.0
697.0 1018.0 20.0 10.0
1374.0 1187.0 20.0 10.0
1123.0 1468.0 20.0 10.0
240.0 380.0 20.0 10.0
337.0 511.0 20.0 10.0
1004.0 1084.0 20.0 10.0
515.0 761.0 20.0 10.0
1029.0 1139.0 20.0 10.0
663.0 578.0 20.0 10.0
202.0 165.0 20.0 10.0
666.0 1350.0 20.0 10.0
389.0 702.0 20.0 10.0
1317.0 1052.0 20.0 10.0
341.0 133.0 20.0 10.0
356.0 98.0 20.0 10.0
389.0 447.0 20.0 10.0
25.0 557.0 20.0 10.0
598.0 726.0 20.0 10.0
1285.0 1300.0 20.0 10.0
478.0 519.0 20.0 10.0
572.0 722.0 20.0 10.0
533.0 90.0 20.0 10.0
833.0 1112.0 20.0 10.0
1318.0 1029.0 20.0 10.0
189.0 532.0 20.0 10.0
537.0 750.0 20.0 10.0
1024.0 1270.0 20.0 10.0
489.0 212.0 20.0 10.0
1418.0 1270.0 20.0 10.0
318.0 270.0 20.0 10.0
928.0 245.0 20.0 10.0
416.0 384.0 20.0 10.0
480.0 462.0 20.0 10.0
398.0 285.0 20.0 10.0
875.0 370.0 20.0 10.0
496.0 254.0 20.0 10.0
516.0 240.0 20.0 10.0
1180.0 1028.0 20.0 10.0
1061.0 1310.0 20.0 10.0
969.0 1135.0 20.0 10.0
461.0 293.0 20.0 10.0
922.0 247.0 20.0 10.0
288.0 457.0 20.0 10.0
626.0 580.0 20.0 10.0
434.0 726.0 20.0 10.0
199.0 499.0 20.0 10.0
610.0 1185.0 20.0 10.0
494.0 265.0 20.0 10.0
764.0 1334.0 20.0 10.0
733.0 1224.0 20.0 10.0
468.0 504.0 20.0 10.0
1082.0 1340.0 20.0 10.0
919.0 828.0 20.0 10.0
243.0 325.0 20.0 10.0
797.0 1084.0 20.0 10.0
767.0 432.0 20.0 10.0
444.0 454.0 20.0 10.0
718.0 466.0 20.0 10.0
221.0 306.0 20.0 10.0
1402.0 1248.0 20.0 10.0
267.0 232.0 20.0 10.0
1400.0 1045.0 20.0 10.0
256.0 327.0 20.0 10.0
532.0 139.0 20.0 10.0
849.0 317.0 20.0 10.0
923.0 865.0 20.0 10.0
332.0 272.0 20.0 10.0
301.0 558.0 20.0 10.0
347.0 757.0 20.0 10.0
945.0 225.0 20.0 10.0
159.0 433.0 20.0 10.0
950.0 891.0 20.0 10.0
308.0 564.0 20.0 10.0
495.0 147.0 20.0 10.0
200.0 434.0 20.0 10.0
209.0 327.0 20.0 10.0
1178.0 1100.0 20.0 10.0
735.0 1150.0 20.0 10.0
248.0 367.0 20.0 10.0
897.0 355.0 20.0 10.0
839.0 710.0 20.0 10.0
210.0 337.0 20.0 10.0
530.0 747.0 20.0 10.0
1566.0 1307.0 20.0 10.0
747.0 1362.0 20.0 10.0
190.0 523.0 20.0 10.0
242.0 372.0 20.0 10.0
1099.0 1014.0 20.0 10.0
1166.0 1146.0 20.0 10.0
781.0 336.0 20.0 10.0
172.0 411.0 20.0 10.0
1029.0 1295.0 20.0 10.0
870.0 386.0 20.0 10.0
623.0 1156.0 20.0 10.0
770.0 1330.0 20.0 10.0
200.0 548.0 20.0 10.0
657.0 1328.0 20.0 10.0
126.0 546.0 20.0 10.0
812.0 965.0 20.0 10.0
255.0 442.0 20.0 10.0
504.0 186.0 20.0 10.0
259.0 140.0 20.0 10.0
621.0 1346.0 20.0 10.0
628.0 1387.0 20.0 10.0
187.0 345.0 20.0 10.0
780.0 418.0 20.0 10.0
1413.0 1219.0 20.0 10.0
