1000
149.0 127.0 20.0 10.0
135.0 93.0 20.0 10.0
135.0 141.0 20.0 10.0
131.0 81.0 20.0 10.0
103.0 56.0 20.0 10.0
144.0 85.0 20.0 10.0
113.0 146.0 20.0 10.0
116.0 136.0 20.0 10.0
98.0 54.0 20.0 10.0
141.0 75.0 20.0 10.0
139.0 120.0 20.0 10.0
113.0 121.0 20.0 10.0
128.0 89.0 20.0 10.0
73.0 66.0 20.0 10.0
137.0 68.0 20.0 10.0
80.0 91.0 20.0 10.0
129.0 128.0 20.0 10.0
102.0 113.0 20.0 10.0
135.0 136.0 20.0 10.0
144.0 98.0 20.0 10.0
122.0 61.0 20.0 10.0
42.0 104.0 20.0 10.0
168.0 115.0 20.0 10.0
82.0 80.0 20.0 10.0
107.0 88.0 20.0 10.0
123.0 132.0 20.0 10.0
118.0 149.0 20.0 10.0
104.0 108.0 20.0 10.0
147.0 142.0 20.0 10.0
95.0 127.0 20.0 10.0
83.0 81.0 20.0 10.0
85.0 49.0 20.0 10.0
124.0 79.0 20.0 10.0
107.0 84.0 20.0 10.0
154.0 63.0 20.0 10.0
140.0 67.0 20.0 10.0
88.0 115.0 20.0 10.0
84.0 108.0 20.0 10.0
100.0 119.0 20.0 10.0
154.0 144.0 20.0 10.0
104.0 92.0 20.0 10.0
97.0 150.0 20.0 10.0
172.0 71.0 20.0 10.0
124.0 131.0 20.0 10.0
130.0 87.0 20.0 10.0
121.0 116.0 20.0 10.0
99.0 124.0 20.0 10.0
133.0 128.0 20.0 10.0
99.0 141.0 20.0 10.0
156.0 101.0 20.0 10.0
155.0 96.0 20.0 10.0
129.0 111.0 20.0 10.0
142.0 77.0 20.0 10.0
120.0 125.0 20.0 10.0
117.0 48.0 20.0 10.0
108.0 96.0 20.0 10.0
86.0 150.0 20.0 10.0
122.0 93.0 20.0 10.0
97.0 74.0 20.0 10.0
146.0 96.0 20.0 10.0
87.0 55.0 20.0 10.0
69.0 100.0 20.0 10.0
95.0 120.0 20.0 10.0
85.0 102.0 20.0 10.0
122.0 111.0 20.0 10.0
127.0 71.0 20.0 10.0
136.0 100.0 20.0 10.0
87.0 118.0 20.0 10.0
135.0 145.0 20.0 10.0
95.0 88.0 20.0 10.0
95.0 97.0 20.0 10.0
135.0 103.0 20.0 10.0
176.0 74.0 20.0 10.0
189.0 129.0 20.0 10.0
138.0 37.0 20.0 10.0
134.0 101.0 20.0 10.0
127.0 100.0 20.0 10.0
161.0 109.0 20.0 10.0
127.0 97.0 20.0 10.0
76.0 153.0 20.0 10.0
90.0 153.0 20.0 10.0
59.0 75.0 20.0 10.0
163.0 107.0 20.0 10.0
126.0 106.0 20.0 10.0
121.0 45.0 20.0 10.0
126.0 121.0 20.0 10.0
114.0 118.0 20.0 10.0
98.0 65.0 20.0 10.0
127.0 132.0 20.0 10.0
78.0 142.0 20.0 10.0
160.0 107.0 20.0 10.0
119.0 33.0 20.0 10.0
95.0 83.0 20.0 10.0
99.0 91.0 20.0 10.0
134.0 76.0 20.0 10.0
90.0 54.0 20.0 10.0
92.0 91.0 20.0 10.0
116.0 121.0 20.0 10.0
79.0 55.0 20.0 10.0
109.0 100.0 20.0 10.0
108.0 129.0 20.0 10.0
102.0 119.0 20.0 10.0
99.0 132.0 20.0 10.0
183.0 109.0 20.0 10.0
146.0 83.0 20.0 10.0
102.0 115.0 20.0 10.0
104.0 166.0 20.0 10.0
91.0 115.0 20.0 10.0
181.0 159.0 20.0 10.0
74.0 109.0 20.0 10.0
84.0 116.0 20.0 10.0
85.0 62.0 20.0 10.0
107.0 89.0 20.0 10.0
79.0 106.0 20.0 10.0
161.0 123.0 20.0 10.0
51.0 97.0 20.0 10.0
102.0 95.0 20.0 10.0
153.0 138.0 20.0 10.0
66.0 85.0 20.0 10.0
108.0 92.0 20.0 10.0
138.0 106.0 20.0 10.0
119.0 60.0 20.0 10.0
123.0 100.0 20.0 10.0
77.0 87.0 20.0 10.0
85.0999984741211 102.0 20.0 10.0
40.0 100.0 20.0 10.0
82.0 94.0 20.0 10.0
130.0 120.0 20.0 10.0
66.0 125.0 20.0 10.0
117.0 102.0 20.0 10.0
125.0 160.0 20.0 10.0
82.0 102.0 20.0 10.0
117.0 95.0 20.0 10.0
102.0 110.0 20.0 10.0
87.0 100.0 20.0 10.0
111.0 121.0 20.0 10.0
79.0 97.0 20.0 10.0
139.0 74.0 20.0 10.0
94.0 68.0 20.0 10.0
141.0 139.0 20.0 10.0
63.0 122.0 20.0 10.0
164.0 153.0 20.0 10.0
120.0 79.0 20.0 10.0
127.0 109.0 20.0 10.0
72.0 103.0 20.0 10.0
157.0 78.0 20.0 10.0
89.0 127.0 20.0 10.0
155.0 80.0 20.0 10.0
86.0 117.0 20.0 10.0
125.0 114.0 20.0 10.0
183.0 88.0 20.0 10.0
104.0 111.0 20.0 10.0
136.0 106.0 20.0 10.0
149.0 62.0 20.0 10.0
87.0 123.0 20.0 10.0
80.0 103.0 20.0 10.0
94.0 117.0 20.0 10.0
153.0 127.0 20.0 10.0
106.0 87.0 20.0 10.0
95.0 122.0 20.0 10.0
149.0 107.0 20.0 10.0
135.0 132.0 20.0 10.0
78.0 128.0 20.0 10.0
133.0 105.0 20.0 10.0
99.0 52.0 20.0 10.0
79.0 111.0 20.0 10.0
138.0 104.0 20.0 10.0
147.0 132.0 20.0 10.0
154.0 147.0 20.0 10.0
106.0 146.0 20.0 10.0
73.0 107.0 20.0 10.0
102.0 90.0 20.0 10.0
89.0 70.0 20.0 10.0
126.0 128.0 20.0 10.0
101.0 132.0 20.0 10.0
110.0 79.0 20.0 10.0
99.0 129.0 20.0 10.0
91.0 77.0 20.0 10.0
115.0 60.0 20.0 10.0
110.0 68.0 20.0 10.0
109.0 91.0 20.0 10.0
137.0 75.0 20.0 10.0
132.0 79.0 20.0 10.0
153.0 118.0 20.0 10.0
155.0 73.0 20.0 10.0
161.0 97.0 20.0 10.0
101.0 32.0 20.0 10.0
55.0 105.0 20.0 10.0
179.0 102.0 20.0 10.0
133.0 140.0 20.0 10.0
84.0 66.0 20.0 10.0
152.0 137.0 20.0 10.0
103.0 133.0 20.0 10.0
109.0 134.0 20.0 10.0
133.0 97.0 20.0 10.0
171.0 148.0 20.0 10.0
139.0 97.0 20.0 10.0
107.0 128.0 20.0 10.0
111.0 93.0 20.0 10.0
106.0 163.0 20.0 10.0
78.0 136.0 20.0 10.0
136.0 172.0 20.0 10.0
110.0 73.0 20.0 10.0
129.0 104.0 20.0 10.0
158.0 100.0 20.0 10.0
97.0 100.0 20.0 10.0
103.0 102.0 20.0 10.0
93.0 50.0 20.0 10.0
156.0 117.0 20.0 10.0
161.0 137.0 20.0 10.0
70.0 127.0 20.0 10.0
96.0 86.0 20.0 10.0
162.0 145.0 20.0 10.0
184.0 114.0 20.0 10.0
145.0 67.0 20.0 10.0
152.0 39.0 20.0 10.0
81.0 108.0 20.0 10.0
68.0 114.0 20.0 10.0
117.0 112.0 20.0 10.0
142.0 112.0 20.0 10.0
96.0 137.0 20.0 10.0
142.0 72.0 20.0 10.0
137.0 79.0 20.0 10.0
90.0 84.0 20.0 10.0
76.0 119.0 20.0 10.0
115.0 131.0 20.0 10.0
128.0 138.0 20.0 10.0
147.0 100.0 20.0 10.0
98.0 114.0 20.0 10.0
137.0 168.0 20.0 10.0
105.0 59.0 20.0 10.0
147.0 115.0 20.0 10.0
43.0 110.0 20.0 10.0
166.0 98.0 20.0 10.0
169.0 128.0 20.0 10.0
106.0 139.0 20.0 10.0
142.0 94.0 20.0 10.0
133.0 75.0 20.0 10.0
86.0 80.0 20.0 10.0
132.0 83.0 20.0 10.0
134.0 125.0 20.0 10.0
97.0 33.0 20.0 10.0
108.0 61.0 20.0 10.0
163.0 90.0 20.0 10.0
143.0 128.0 20.0 10.0
119.0 102.0 20.0 10.0
127.0 44.0 20.0 10.0
120.0 143.0 20.0 10.0
152.0 76.0 20.0 10.0
113.0 151.0 20.0 10.0
121.0 107.0 20.0 10.0
123.0 185.0 20.0 10.0
93.0 99.0 20.0 10.0
115.0 100.0 20.0 10.0
115.0 117.0 20.0 10.0
123.0 149.0 20.0 10.0
126.0 70.0 20.0 10.0
156.0 70.0 20.0 10.0
132.0 109.0 20.0 10.0
91.0 79.0 20.0 10.0
112.0 89.0 20.0 10.0
103.0 127.0 20.0 10.0
73.0 78.0 20.0 10.0
116.0 70.0 20.0 10.0
136.0 112.0 20.0 10.0
112.0 134.0 20.0 10.0
114.0 93.0 20.0 10.0
93.0 141.0 20.0 10.0
119.0 69.0 20.0 10.0
87.0 93.0 20.0 10.0
75.0 100.0 20.0 10.0
73.0 99.0 20.0 10.0
97.0 117.0 20.0 10.0
132.0 68.0 20.0 10.0
103.0 80.0 20.0 10.0
114.0 123.0 20.0 10.0
73.0 58.0 20.0 10.0
162.0 129.0 20.0 10.0
139.0 73.0 20.0 10.0
112.0 139.0 20.0 10.0
92.0 108.0 20.0 10.0
135.0 67.0 20.0 10.0
100.0 103.0 20.0 10.0
153.0 92.0 20.0 10.0
58.0 91.0 20.0 10.0
62.0 110.0 20.0 10.0
148.0 87.0 20.0 10.0
102.0 160.0 20.0 10.0
164.0 119.0 20.0 10.0
111.0 168.0 20.0 10.0
146.0 79.0 20.0 10.0
84.0 56.0 20.0 10.0
126.0 77.0 20.0 10.0
142.0 108.0 20.0 10.0
194.0 94.0 20.0 10.0
108.0 140.0 20.0 10.0
147.0 76.0 20.0 10.0
122.0 105.0 20.0 10.0
119.0 141.0 20.0 10.0
69.0 136.0 20.0 10.0
138.0 127.0 20.0 10.0
98.0 94.0 20.0 10.0
68.0 81.0 20.0 10.0
179.0 105.0 20.0 10.0
150.0 106.0 20.0 10.0
141.0 144.0 20.0 10.0
111.0 49.0 20.0 10.0
114.0 100.0 20.0 10.0
83.0 75.0 20.0 10.0
63.0 102.0 20.0 10.0
110.0 88.0 20.0 10.0
145.0 106.0 20.0 10.0
117.0 172.0 20.0 10.0
174.0 141.0 20.0 10.0
51.0 40.0 20.0 10.0
127.0 115.0 20.0 10.0
92.0 88.0 20.0 10.0
100.0 143.0 20.0 10.0
129.0 57.0 20.0 10.0
53.0 80.0 20.0 10.0
129.0 85.0 20.0 10.0
101.0 73.0 20.0 10.0
96.0 148.0 20.0 10.0
71.0 116.0 20.0 10.0
87.0 129.0 20.0 10.0
149.0 64.0 20.0 10.0
144.0 110.0 20.0 10.0
85.0 126.0 20.0 10.0
106.0 152.0 20.0 10.0
172.0 106.0 20.0 10.0
153.0 106.0 20.0 10.0
100.0 100.0 20.0 10.0
90.0 124.0 20.0 10.0
110.0 158.0 20.0 10.0
107.0 97.0 20.0 10.0
118.0 137.0 20.0 10.0
146.0 159.0 20.0 10.0
122.0 119.0 20.0 10.0
118.0 123.0 20.0 10.0
98.0 130.0 20.0 10.0
130.0 125.0 20.0 10.0
115.0 86.0 20.0 10.0
110.0 119.0 20.0 10.0
56.0 66.0 20.0 10.0
107.0 65.0 20.0 10.0
128.0 83.0 20.0 10.0
86.0 141.0 20.0 10.0
87.0 97.0 20.0 10.0
139.0 114.0 20.0 10.0
63.0 127.0 20.0 10.0
88.0 150.0 20.0 10.0
114.0 90.0 20.0 10.0
102.0 69.0 20.0 10.0
139.0 82.0 20.0 10.0
128.0 123.0 20.0 10.0
46.0 99.0 20.0 10.0
140.0 108.0 20.0 10.0
93.0 132.0 20.0 10.0
117.0 89.0 20.0 10.0
117.0 52.0 20.0 10.0
145.0 163.0 20.0 10.0
123.0 120.0 20.0 10.0
150.0 103.0 20.0 10.0
123.0 140.0 20.0 10.0
96.0 106.0 20.0 10.0
108.0 107.0 20.0 10.0
84.0 130.0 20.0 10.0
130.0 115.0 20.0 10.0
121.0 89.0 20.0 10.0
66.0 82.0 20.0 10.0
141.0 85.0 20.0 10.0
172.0 44.0 20.0 10.0
102.0 78.0 20.0 10.0
140.0 131.0 20.0 10.0
164.0 80.0 20.0 10.0
142.0 80.0 20.0 10.0
105.0 115.0 20.0 10.0
166.0 93.0 20.0 10.0
128.0 148.0 20.0 10.0
119.0 111.0 20.0 10.0
146.0 113.0 20.0 10.0
94.0 104.0 20.0 10.0
132.0 30.0 20.0 10.0
89.0 137.0 20.0 10.0
146.0 61.0 20.0 10.0
129.0 113.0 20.0 10.0
127.0 104.0 20.0 10.0
102.0 148.0 20.0 10.0
124.0 152.0 20.0 10.0
120.0 95.0 20.0 10.0
109.0 152.0 20.0 10.0
75.0 111.0 20.0 10.0
159.0 135.0 20.0 10.0
131.0 151.0 20.0 10.0
78.0 70.0 20.0 10.0
135.0 70.0 20.0 10.0
61.0 99.0 20.0 10.0
107.0 42.0 20.0 10.0
160.0 103.0 20.0 10.0
118.0 84.0 20.0 10.0
169.0 124.0 20.0 10.0
144.0 122.0 20.0 10.0
90.0 80.0 20.0 10.0
96.0 132.0 20.0 10.0
136.0 125.0 20.0 10.0
134.0 62.0 20.0 10.0
79.0 119.0 20.0 10.0
122.0 54.0 20.0 10.0
134.0 150.0 20.0 10.0
165.0 105.0 20.0 10.0
110.0 132.0 20.0 10.0
66.0 111.0 20.0 10.0
128.0 107.0 20.0 10.0
33.0 86.0 20.0 10.0
101.0 82.0 20.0 10.0
141.0 40.0 20.0 10.0
100.0 121.0 20.0 10.0
118.0 106.0 20.0 10.0
142.0 151.0 20.0 10.0
162.0 149.0 20.0 10.0
115.0 141.0 20.0 10.0
114.0 104.0 20.0 10.0
84.0 93.0 20.0 10.0
87.0 111.0 20.0 10.0
110.0 62.0 20.0 10.0
122.0 78.0 20.0 10.0
129.0 140.0 20.0 10.0
89.0 111.0 20.0 10.0
75.0 122.0 20.0 10.0
123.0 135.0 20.0 10.0
108.0 102.0 20.0 10.0
170.0 137.0 20.0 10.0
55.0 167.0 20.0 10.0
108.0 154.0 20.0 10.0
66.0 138.0 20.0 10.0
166.0 74.0 20.0 10.0
72.0 122.0 20.0 10.0
82.0 72.0 20.0 10.0
89.0 120.0 20.0 10.0
110.0 108.0 20.0 10.0
110.0 126.0 20.0 10.0
90.0 117.0 20.0 10.0
125.0 73.0 20.0 10.0
132.0 152.0 20.0 10.0
138.0 129.0 20.0 10.0
113.0 63.0 20.0 10.0
105.0 111.0 20.0 10.0
174.0 111.0 20.0 10.0
127.0 56.0 20.0 10.0
93.0 134.0 20.0 10.0
91.0 126.0 20.0 10.0
135.0 116.0 20.0 10.0
119.0 115.0 20.0 10.0
155.0 126.0 20.0 10.0
148.0 98.0 20.0 10.0
72.0 43.0 20.0 10.0
100.0 77.0 20.0 10.0
75.0 128.0 20.0 10.0
116.0 109.0 20.0 10.0
74.0 75.0 20.0 10.0
106.0 94.0 20.0 10.0
106.0 52.0 20.0 10.0
149.0 89.0 20.0 10.0
168.0 86.0 20.0 10.0
103.0 137.0 20.0 10.0
127.0 74.0 20.0 10.0
138.0 135.0 20.0 10.0
126.0 111.0 20.0 10.0
85.0 70.0 20.0 10.0
120.0 132.0 20.0 10.0
103.0 117.0 20.0 10.0
141.0 158.0 20.0 10.0
121.0 38.0 20.0 10.0
173.0 149.0 20.0 10.0
130.0 100.0 20.0 10.0
156.0 72.0 20.0 10.0
114.0 81.0 20.0 10.0
105.0 133.0 20.0 10.0
96.0 113.0 20.0 10.0
123.0 69.0 20.0 10.0
101.0 129.0 20.0 10.0
122.0 126.0 20.0 10.0
145.0 80.0 20.0 10.0
169.0 100.0 20.0 10.0
104.0 119.0 20.0 10.0
83.0 136.0 20.0 10.0
60.0 151.0 20.0 10.0
157.0 112.0 20.0 10.0
60.0 126.0 20.0 10.0
104.0 99.0 20.0 10.0
126.0 136.0 20.0 10.0
79.0 100.0 20.0 10.0
114.0 126.0 20.0 10.0
95.0 112.0 20.0 10.0
152.0 164.0 20.0 10.0
149.0 128.0 20.0 10.0
98.0 81.0 20.0 10.0
139.0 92.0 20.0 10.0
123.0 144.0 20.0 10.0
124.0 118.0 20.0 10.0
139.0 140.0 20.0 10.0
104.0 77.0 20.0 10.0
131.0 139.0 20.0 10.0
68.0 131.0 20.0 10.0
87.0 95.0 20.0 10.0
150.0 29.0 20.0 10.0
124.0 110.0 20.0 10.0
57.0 136.0 20.0 10.0
111.0 104.0 20.0 10.0
146.0 69.0 20.0 10.0
74.0 80.0 20.0 10.0
155.0 117.0 20.0 10.0
98.0 97.0 20.0 10.0
98.0 84.0 20.0 10.0
104.0 129.0 20.0 10.0
112.0 150.0 20.0 10.0
142.0 167.0 20.0 10.0
89.0 145.0 20.0 10.0
99.0 87.0 20.0 10.0
133.0 93.0 20.0 10.0
111.0 125.0 20.0 10.0
146.0 67.0 20.0 10.0
123.0 81.0 20.0 10.0
96.0 84.0 20.0 10.0
159.0 162.0 20.0 10.0
97.0 115.0 20.0 10.0
104.0 120.0 20.0 10.0
104.0 104.0 20.0 10.0
77.0 121.0 20.0 10.0
88.0 89.0 20.0 10.0
79.0 59.0 20.0 10.0
96.0 108.0 20.0 10.0
101.0 69.0 20.0 10.0
97.0 134.0 20.0 10.0
181.0 82.0 20.0 10.0
69.0 108.0 20.0 10.0
91.0 130.0 20.0 10.0
144.0 126.0 20.0 10.0
148.0 125.0 20.0 10.0
108.0 181.0 20.0 10.0
120.0 83.0 20.0 10.0
167.0 164.0 20.0 10.0
159.0 88.0 20.0 10.0
172.0 129.0 20.0 10.0
140.0 149.0 20.0 10.0
118.0 74.0 20.0 10.0
71.0 101.0 20.0 10.0
126.0 93.0 20.0 10.0
102.0 97.0 20.0 10.0
94.0 56.0 20.0 10.0
103.0 49.0 20.0 10.0
66.0 91.0 20.0 10.0
130.0 48.0 20.0 10.0
118.0 141.0 20.0 10.0
123.0 104.0 20.0 10.0
77.0 73.0 20.0 10.0
98.0 110.0 20.0 10.0
94.0 52.0 20.0 10.0
123.0 87.0 20.0 10.0
78.0 114.0 20.0 10.0
101.0 93.0 20.0 10.0
199.0 91.0 20.0 10.0
92.0 155.0 20.0 10.0
149.0 118.0 20.0 10.0
144.0 99.0 20.0 10.0
140.0 103.0 20.0 10.0
157.0 122.0 20.0 10.0
137.0 86.0 20.0 10.0
159.0 129.0 20.0 10.0
125.0 81.0 20.0 10.0
146.0 118.0 20.0 10.0
108.0 71.0 20.0 10.0
130.0 70.0 20.0 10.0
66.0 105.0 20.0 10.0
113.0 135.0 20.0 10.0
170.0 109.0 20.0 10.0
118.0 131.0 20.0 10.0
74.0 154.0 20.0 10.0
152.0 68.0 20.0 10.0
173.0 90.0 20.0 10.0
130.0 154.0 20.0 10.0
137.0 77.0 20.0 10.0
77.0 95.0 20.0 10.0
117.0 79.0 20.0 10.0
114.0 67.0 20.0 10.0
79.0 64.0 20.0 10.0
112.0 179.0 20.0 10.0
68.0 75.0 20.0 10.0
122.0 96.0 20.0 10.0
95.0 107.0 20.0 10.0
135.0 108.0 20.0 10.0
137.0 95.0 20.0 10.0
116.0 83.0 20.0 10.0
132.0 124.0 20.0 10.0
75.0 74.0 20.0 10.0
152.0 134.0 20.0 10.0
153.0 102.0 20.0 10.0
96.0 75.0 20.0 10.0
118.0 103.0 20.0 10.0
77.0 163.0 20.0 10.0
132.0 95.0 20.0 10.0
153.0 109.0 20.0 10.0
136.0 85.0 20.0 10.0
142.0 99.0 20.0 10.0
143.0 86.0 20.0 10.0
142.0 122.0 20.0 10.0
124.0 146.0 20.0 10.0
175.0 94.0 20.0 10.0
127.0 117.0 20.0 10.0
150.0 112.0 20.0 10.0
98.0 195.0 20.0 10.0
72.0 86.0 20.0 10.0
150.0 131.0 20.0 10.0
52.0 113.0 20.0 10.0
175.0 96.0 20.0 10.0
162.0 74.0 20.0 10.0
79.0 122.0 20.0 10.0
143.0 58.0 20.0 10.0
143.0 132.0 20.0 10.0
89.0 114.0 20.0 10.0
82.0 99.0 20.0 10.0
115.0 84.0 20.0 10.0
68.0 89.0 20.0 10.0
90.0 143.0 20.0 10.0
135.0 146.0 20.0 10.0
116.0 72.0 20.0 10.0
81.0 126.0 20.0 10.0
166.0 113.0 20.0 10.0
126.0 91.0 20.0 10.0
130.0 52.0 20.0 10.0
120.0 93.0 20.0 10.0
179.0 97.0 20.0 10.0
77.0 158.0 20.0 10.0
121.0 76.0 20.0 10.0
120.0 97.0 20.0 10.0
163.0 76.0 20.0 10.0
105.0 45.0 20.0 10.0
84.0 121.0 20.0 10.0
142.0 59.0 20.0 10.0
139.0 118.0 20.0 10.0
60.0 121.0 20.0 10.0
134.0 142.0 20.0 10.0
128.0 86.0 20.0 10.0
112.0 73.0 20.0 10.0
166.0 96.0 20.0 10.0
154.0 94.0 20.0 10.0
93.0 82.0 20.0 10.0
130.0 103.0 20.0 10.0
97.0 81.0 20.0 10.0
180.0 122.0 20.0 10.0
157.0 125.0 20.0 10.0
112.0 71.0 20.0 10.0
93.0 124.0 20.0 10.0
120.0 107.0 20.0 10.0
78.0 146.0 20.0 10.0
103.0 84.0 20.0 10.0
134.0 164.0 20.0 10.0
86.0 110.0 20.0 10.0
103.0 124.0 20.0 10.0
139.0 91.0 20.0 10.0
110.0 97.0 20.0 10.0
91.0 110.0 20.0 10.0
118.0 100.0 20.0 10.0
120.0 152.0 20.0 10.0
146.0 71.0 20.0 10.0
58.0 127.0 20.0 10.0
110.0 173.0 20.0 10.0
108.0 80.0 20.0 10.0
85.0 80.0 20.0 10.0
169.0 112.0 20.0 10.0
79.0 69.0 20.0 10.0
83.0 89.0 20.0 10.0
71.0 143.0 20.0 10.0
108.0 64.0 20.0 10.0
171.0 151.0 20.0 10.0
109.0 72.0 20.0 10.0
183.0 60.0 20.0 10.0
122.0 66.0 20.0 10.0
175.0 75.0 20.0 10.0
93.0 95.0 20.0 10.0
75.0 63.0 20.0 10.0
148.0 122.0 20.0 10.0
163.0 65.0 20.0 10.0
25.0 127.0 20.0 10.0
141.0 52.0 20.0 10.0
119.0 88.0 20.0 10.0
127.0 153.0 20.0 10.0
108.0 98.0 20.0 10.0
100.0 122.0 20.0 10.0
88.0 79.0 20.0 10.0
82.0 113.0 20.0 10.0
128.0 144.0 20.0 10.0
132.0 61.0 20.0 10.0
102.0 88.0 20.0 10.0
90.0 109.0 20.0 10.0
113.0 86.0 20.0 10.0
117.0 97.0 20.0 10.0
145.0 36.0 20.0 10.0
98.0 107.0 20.0 10.0
152.0 80.0 20.0 10.0
119.0 122.0 20.0 10.0
155.0 116.0 20.0 10.0
152.0 83.0 20.0 10.0
110.0 115.0 20.0 10.0
90.0 75.0 20.0 10.0
74.0 115.0 20.0 10.0
163.0 121.0 20.0 10.0
106.0 124.0 20.0 10.0
84.0 71.0 20.0 10.0
133.0 155.0 20.0 10.0
110.0 124.0 20.0 10.0
140.0 147.0 20.0 10.0
87.0 102.0 20.0 10.0
108.0 134.0 20.0 10.0
106.0 118.0 20.0 10.0
97.0 77.0 20.0 10.0
118.0 66.0 20.0 10.0
88.0 158.0 20.0 10.0
140.0 51.0 20.0 10.0
73.0 119.0 20.0 10.0
83.0 172.0 20.0 10.0
117.0 125.0 20.0 10.0
120.0 101.0 20.0 10.0
142.0 101.0 20.0 10.0
106.0 127.0 20.0 10.0
144.0 138.0 20.0 10.0
91.0 138.0 20.0 10.0
109.0 62.0 20.0 10.0
144.0 78.0 20.0 10.0
149.0 115.0 20.0 10.0
100.0 153.0 20.0 10.0
97.0 141.0 20.0 10.0
127.0 125.0 20.0 10.0
131.0 77.0 20.0 10.0
157.0 135.0 20.0 10.0
138.0 131.0 20.0 10.0
84.0 88.0 20.0 10.0
96.0 146.0 20.0 10.0
88.0 141.0 20.0 10.0
97.0 127.0 20.0 10.0
160.0 111.0 20.0 10.0
136.0 157.0 20.0 10.0
115.0 87.0 20.0 10.0
119.0 164.0 20.0 10.0
72.0 81.0 20.0 10.0
153.0 65.0 20.0 10.0
77.0 77.0 20.0 10.0
125.0 118.0 20.0 10.0
70.0 111.0 20.0 10.0
82.0 67.0 20.0 10.0
80.0 148.0 20.0 10.0
92.0 64.0 20.0 10.0
106.0 100.0 20.0 10.0
142.0 91.0 20.0 10.0
80.0 72.0 20.0 10.0
151.0 109.0 20.0 10.0
103.0 143.0 20.0 10.0
158.0 86.0 20.0 10.0
132.0 89.0 20.0 10.0
139.0 86.0 20.0 10.0
135.0 97.0 20.0 10.0
157.0 129.0 20.0 10.0
120.0 109.0 20.0 10.0
132.0 132.0 20.0 10.0
114.0 98.0 20.0 10.0
111.0 115.0 20.0 10.0
179.0 130.0 20.0 10.0
102.0 154.0 20.0 10.0
134.0 144.0 20.0 10.0
125.0 110.0 20.0 10.0
115.0 139.0 20.0 10.0
132.0 71.0 20.0 10.0
121.0 50.0 20.0 10.0
106.0 85.0 20.0 10.0
51.0 106.0 20.0 10.0
150.0 98.0 20.0 10.0
71.0 122.0 20.0 10.0
108.0 94.0 20.0 10.0
106.0 75.0 20.0 10.0
103.0 93.0 20.0 10.0
185.0 93.0 20.0 10.0
143.0 143.0 20.0 10.0
100.0 79.0 20.0 10.0
97.0 102.0 20.0 10.0
62.0 119.0 20.0 10.0
135.0 137.0 20.0 10.0
134.0 134.0 20.0 10.0
79.0 132.0 20.0 10.0
109.0 58.0 20.0 10.0
110.0 86.0 20.0 10.0
93.0 98.0 20.0 10.0
121.0 146.0 20.0 10.0
89.0 121.0 20.0 10.0
74.0 104.0 20.0 10.0
120.0 130.0 20.0 10.0
116.0 146.0 20.0 10.0
62.0 25.0 20.0 10.0
100.0 102.0 20.0 10.0
126.0 80.0 20.0 10.0
45.0 113.0 20.0 10.0
74.0 58.0 20.0 10.0
120.0 120.0 20.0 10.0
150.0 95.0 20.0 10.0
147.0 84.0 20.0 10.0
123.0 112.0 20.0 10.0
93.0 40.0 20.0 10.0
84.0 158.0 20.0 10.0
115.0 113.0 20.0 10.0
125.0 143.0 20.0 10.0
105.0 140.0 20.0 10.0
87.0 136.0 20.0 10.0
116.0 61.0 20.0 10.0
76.0 134.0 20.0 10.0
112.0 131.0 20.0 10.0
61.0 53.0 20.0 10.0
58.0 80.0 20.0 10.0
114.0 110.0 20.0 10.0
129.0 160.0 20.0 10.0
108.0 122.0 20.0 10.0
109.0 112.0 20.0 10.0
125.0 103.0 20.0 10.0
103.0 98.0 20.0 10.0
149.0 121.0 20.0 10.0
70.0 134.0 20.0 10.0
129.0 94.0 20.0 10.0
86.0 82.0 20.0 10.0
87.0 89.0 20.0 10.0
137.0 108.0 20.0 10.0
127.0 98.0 20.0 10.0
166.0 126.0 20.0 10.0
108.0 165.0 20.0 10.0
142.0 117.0 20.0 10.0
114.0 107.0 20.0 10.0
99.0 95.0 20.0 10.0
95.0 111.0 20.0 10.0
65.0 134.0 20.0 10.0
113.0 115.0 20.0 10.0
88.0 99.0 20.0 10.0
136.0 115.0 20.0 10.0
161.0 100.0 20.0 10.0
71.0 139.0 20.0 10.0
154.0 111.0 20.0 10.0
111.0 137.0 20.0 10.0
133.0 114.0 20.0 10.0
90.0 146.0 20.0 10.0
105.0 108.0 20.0 10.0
89.0 85.0 20.0 10.0
132.0 112.0 20.0 10.0
145.0 108.0 20.0 10.0
159.0 119.0 20.0 10.0
125.0 79.0 20.0 10.0
142.0 129.0 20.0 10.0
79.0 52.0 20.0 10.0
146.0 138.0 20.0 10.0
124.0 106.0 20.0 10.0
109.0 147.0 20.0 10.0
134.0 86.0 20.0 10.0
137.0 84.0 20.0 10.0
131.0 104.0 20.0 10.0
122.0 99.0 20.0 10.0
116.0 68.0 20.0 10.0
105.0 83.0 20.0 10.0
138.0 63.0 20.0 10.0
158.0 109.0 20.0 10.0
144.0 115.0 20.0 10.0
116.0 116.0 20.0 10.0
100.0 63.0 20.0 10.0
69.0 88.0 20.0 10.0
150.0 151.0 20.0 10.0
120.0 147.0 20.0 10.0
80.0 161.0 20.0 10.0
125.0 57.0 20.0 10.0
66.0 99.0 20.0 10.0
87.0 86.0 20.0 10.0
104.0 70.0 20.0 10.0
44.0 190.0 20.0 10.0
155.0 103.0 20.0 10.0
119.0 63.0 20.0 10.0
111.0 112.0 20.0 10.0
104.0 61.0 20.0 10.0
131.0 128.0 20.0 10.0
101.0 89.0 20.0 10.0
61.0 87.0 20.0 10.0
101.0 127.0 20.0 10.0
123.0 84.0 20.0 10.0
132.0 48.0 20.0 10.0
84.0 127.0 20.0 10.0
105.0 95.0 20.0 10.0
93.0 167.0 20.0 10.0
80.0 83.0 20.0 10.0
80.0 116.0 20.0 10.0
122.0 58.0 20.0 10.0
155.0 91.0 20.0 10.0
157.0 61.0 20.0 10.0
96.0 92.0 20.0 10.0
105.0 122.0 20.0 10.0
135.0 78.0 20.0 10.0
131.0 114.0 20.0 10.0
129.0 96.0 20.0 10.0
92.0 75.0 20.0 10.0
120.0 154.0 20.0 10.0
119.0 86.0 20.0 10.0
143.0 44.0 20.0 10.0
124.0 169.0 20.0 10.0
168.0 135.0 20.0 10.0
145.0 103.0 20.0 10.0
145.0 134.0 20.0 10.0
167.0 90.0 20.0 10.0
116.0 53.0 20.0 10.0
108.0 57.0 20.0 10.0
81.0 88.0 20.0 10.0
134.0 121.0 20.0 10.0
88.0 106.0 20.0 10.0
120.0 28.0 20.0 10.0
111.0 102.0 20.0 10.0
125.0 151.0 20.0 10.0
123.0 60.0 20.0 10.0
78.0 104.0 20.0 10.0
124.0 92.0 20.0 10.0
162.0 79.0 20.0 10.0
137.0 66.0 20.0 10.0
113.0 56.0 20.0 10.0
102.0 140.0 20.0 10.0
121.0 122.0 20.0 10.0
111.0 109.0 20.0 10.0
86.0 119.0 20.0 10.0
115.0 74.0 20.0 10.0
94.0 118.0 20.0 10.0
116.0 130.0 20.0 10.0
124.0 127.0 20.0 10.0
101.0 86.0 20.0 10.0
108.0 86.0 20.0 10.0
115.0 105.0 20.0 10.0
149.0 124.0 20.0 10.0
147.0 92.0 20.0 10.0
141.0 94.0 20.0 10.0
142.0 87.0 20.0 10.0
100.0 135.0 20.0 10.0
111.0 84.0 20.0 10.0
88.0 133.0 20.0 10.0
137.0 176.0 20.0 10.0
123.0 68.0 20.0 10.0
141.0 136.0 20.0 10.0
113.0 124.0 20.0 10.0
92.0 110.0 20.0 10.0
111.0 101.0 20.0 10.0
117.0 156.0 20.0 10.0
120.0 134.0 20.0 10.0
108.0 109.0 20.0 10.0
136.0 73.0 20.0 10.0
86.0 133.0 20.0 10.0
111.0 67.0 20.0 10.0
148.0 107.0 20.0 10.0
151.0 144.0 20.0 10.0
140.0 127.0 20.0 10.0
124.0 66.0 20.0 10.0
92.0 61.0 20.0 10.0
64.0 63.0 20.0 10.0
117.0 120.0 20.0 10.0
160.0 113.0 20.0 10.0
97.0 96.0 20.0 10.0
127.0 65.0 20.0 10.0
69.0 96.0 20.0 10.0
102.0 108.0 20.0 10.0
81.0 112.0 20.0 10.0
98.0 69.0 20.0 10.0
108.0 78.0 20.0 10.0
65.0 79.0 20.0 10.0
104.0 147.0 20.0 10.0
150.0 148.0 20.0 10.0
107.0 118.0 20.0 10.0
73.0 91.0 20.0 10.0
82.0 84.0 20.0 10.0
170.0 104.0 20.0 10.0
92.0 106.0 20.0 10.0
75.0 115.0 20.0 10.0
73.0 93.0 20.0 10.0
118.0 92.0 20.0 10.0
148.0 31.0 20.0 10.0
140.0 116.0 20.0 10.0
138.0 82.0 20.0 10.0
108.0 54.0 20.0 10.0
131.0 98.0 20.0 10.0
92.0 105.0 20.0 10.0
127.0 78.0 20.0 10.0
106.0 71.0 20.0 10.0
104.0 160.0 20.0 10.0
93.0 87.0 20.0 10.0
122.0 102.0 20.0 10.0
142.0 89.0 20.0 10.0
111.0 80.0 20.0 10.0
102.0 107.0 20.0 10.0
85.0 41.0 20.0 10.0
83.0 105.0 20.0 10.0
80.0 99.0 20.0 10.0
136.0 94.0 20.0 10.0
97.0 144.0 20.0 10.0
92.0 159.0 20.0 10.0
74.0 156.0 20.0 10.0
105.0 49.0 20.0 10.0
