1000
424.0 901.0 20.0 10.0
543.0 832.0 20.0 10.0
669.0 749.0 20.0 10.0
354.0 982.0 20.0 10.0
289.0 1042.0 20.0 10.0
744.0 660.0 20.0 10.0
798.0 549.0 20.0 10.0
701.0 829.0 20.0 10.0
760.0 673.0 20.0 10.0
555.0 858.0 20.0 10.0
503.0 890.0 20.0 10.0
324.0 914.0 20.0 10.0
264.0 941.0 20.0 10.0
700.0 875.0 20.0 10.0
471.0 897.0 20.0 10.0
502.0 960.0 20.0 10.0
851.0 597.0 20.0 10.0
930.0 581.0 20.0 10.0
797.0 551.0 20.0 10.0
956.0 628.0 20.0 10.0
634.0 722.0 20.0 10.0
215.0 962.0 20.0 10.0
231.0 1089.0 20.0 10.0
847.0 442.0 20.0 10.0
1059.0 656.0 20.0 10.0
839.0 516.0 20.0 10.0
325.0 1044.0 20.0 10.0
243.0 921.0 20.0 10.0
811.0 501.0 20.0 10.0
880.0 349.0 20.0 10.0
738.0 903.0 20.0 10.0
198.0 908.0 20.0 10.0
260.0 1083.0 20.0 10.0
770.0 962.0 20.0 10.0
775.0 410.0 20.0 10.0
885.0 574.0 20.0 10.0
768.0 928.0 20.0 10.0
868.0 580.0 20.0 10.0
892.0 632.0 20.0 10.0
776.0 535.0 20.0 10.0
990.0 640.0 20.0 10.0
928.0 666.0 20.0 10.0
512.0 869.0 20.0 10.0
791.0 939.0 20.0 10.0
180.0 1132.0 20.0 10.0
973.0 588.0 20.0 10.0
916.0 292.0 20.0 10.0
601.0 697.0 20.0 10.0
798.0 1016.0 20.0 10.0
785.0 711.0 20.0 10.0
1091.0 662.0 20.0 10.0
485.0 908.0 20.0 10.0
743.0 505.0 20.0 10.0
789.0 955.0 20.0 10.0
764.0 710.0 20.0 10.0
1102.0 669.0 20.0 10.0
462.0 946.0 20.0 10.0
525.0 851.0 20.0 10.0
280.0 901.0 20.0 10.0
319.0 996.0 20.0 10.0
138.0 1165.0 20.0 10.0
895.0 268.0 20.0 10.0
651.0 774.0 20.0 10.0
321.0 1008.0 20.0 10.0
896.0 392.0 20.0 10.0
817.0 759.0 20.0 10.0
843.0 400.0 20.0 10.0
177.0 938.0 20.0 10.0
997.0 560.0 20.0 10.0
943.0 346.0 20.0 10.0
289.0 1001.0 20.0 10.0
455.0 873.0 20.0 10.0
190.0 967.0 20.0 10.0
291.0 925.0 20.0 10.0
919.0 213.0 20.0 10.0
417.0 850.0 20.0 10.0
830.0 791.0 20.0 10.0
751.0 363.0 20.0 10.0
511.0 995.0 20.0 10.0
965.0 572.0 20.0 10.0
792.0 666.0 20.0 10.0
699.0 919.0 20.0 10.0
204.0 913.0 20.0 10.0
442.0 971.0 20.0 10.0
867.0 567.0 20.0 10.0
977.0 319.0 20.0 10.0
878.0 487.0 20.0 10.0
227.0 939.0 20.0 10.0
696.0 960.0 20.0 10.0
693.0 473.0 20.0 10.0
893.0 225.0 20.0 10.0
229.0 962.0 20.0 10.0
491.0 996.0 20.0 10.0
651.0 727.0 20.0 10.0
1138.0 660.0 20.0 10.0
744.0 329.0 20.0 10.0
740.0 325.0 20.0 10.0
864.0 393.0 20.0 10.0
967.0 698.0 20.0 10.0
176.0 980.0 20.0 10.0
713.0 259.0 20.0 10.0
1001.0 722.0 20.0 10.0
295.0 1093.0 20.0 10.0
198.0 988.0 20.0 10.0
181.0 973.0 20.0 10.0
385.0 826.0 20.0 10.0
715.0 650.0 20.0 10.0
961.0 576.0 20.0 10.0
517.0 807.0 20.0 10.0
751.0 953.0 20.0 10.0
903.0 207.0 20.0 10.0
875.0 362.0 20.0 10.0
140.0 1000.0 20.0 10.0
843.0 367.0 20.0 10.0
893.0 198.0 20.0 10.0
265.0 920.0 20.0 10.0
360.0 805.0 20.0 10.0
261.0 1071.0 20.0 10.0
787.0 454.0 20.0 10.0
820.0 657.0 20.0 10.0
518.0 816.0 20.0 10.0
502.0 1020.0 20.0 10.0
385.0 920.0 20.0 10.0
844.0 647.0 20.0 10.0
501.0 1072.0 20.0 10.0
687.0 651.0 20.0 10.0
522.0 875.0 20.0 10.0
847.0 341.0 20.0 10.0
658.0 448.0 20.0 10.0
1042.0 556.0 20.0 10.0
1012.0 296.0 20.0 10.0
729.0 283.0 20.0 10.0
843.0 376.0 20.0 10.0
1126.0 695.0 20.0 10.0
1023.0 734.0 20.0 10.0
918.0 647.0 20.0 10.0
1163.0 720.0 20.0 10.0
560.0 850.0 20.0 10.0
451.0 897.0 20.0 10.0
849.0 798.0 20.0 10.0
893.0 187.0 20.0 10.0
750.0 923.0 20.0 10.0
840.0 371.0 20.0 10.0
799.0 470.0 20.0 10.0
184.0 967.0 20.0 10.0
935.0 184.0 20.0 10.0
491.0 882.0 20.0 10.0
696.0 645.0 20.0 10.0
937.0 668.0 20.0 10.0
515.0 824.0 20.0 10.0
491.0 805.0 20.0 10.0
801.0 645.0 20.0 10.0
154.0 955.0 20.0 10.0
711.0 494.0 20.0 10.0
794.0 945.0 20.0 10.0
843.0 342.0 20.0 10.0
750.0 731.0 20.0 10.0
148.0 1155.0 20.0 10.0
915.0 454.0 20.0 10.0
309.0 1085.0 20.0 10.0
1042.0 277.0 20.0 10.0
735.0 671.0 20.0 10.0
733.0 474.0 20.0 10.0
386.0 901.0 20.0 10.0
487.0 817.0 20.0 10.0
820.0 742.0 20.0 10.0
1044.0 543.0 20.0 10.0
546.0 863.0 20.0 10.0
867.0 353.0 20.0 10.0
1205.0 669.0 20.0 10.0
468.0 865.0 20.0 10.0
647.0 758.0 20.0 10.0
1132.0 679.0 20.0 10.0
490.0 788.0 20.0 10.0
499.0 1120.0 20.0 10.0
354.0 898.0 20.0 10.0
913.0 550.0 20.0 10.0
468.0 932.0 20.0 10.0
751.0 687.0 20.0 10.0
657.0 459.0 20.0 10.0
513.0 1018.0 20.0 10.0
764.0 989.0 20.0 10.0
918.0 367.0 20.0 10.0
668.0 444.0 20.0 10.0
786.0 756.0 20.0 10.0
102.0 1196.0 20.0 10.0
735.0 294.0 20.0 10.0
1036.0 559.0 20.0 10.0
1256.0 680.0 20.0 10.0
159.0 1163.0 20.0 10.0
667.0 773.0 20.0 10.0
925.0 424.0 20.0 10.0
876.0 827.0 20.0 10.0
723.0 244.0 20.0 10.0
253.0 892.0 20.0 10.0
859.0 491.0 20.0 10.0
681.0 982.0 20.0 10.0
657.0 798.0 20.0 10.0
639.0 755.0 20.0 10.0
752.0 984.0 20.0 10.0
823.0 540.0 20.0 10.0
701.0 212.0 20.0 10.0
728.0 485.0 20.0 10.0
817.0 673.0 20.0 10.0
464.0 816.0 20.0 10.0
146.0 954.0 20.0 10.0
479.0 1027.0 20.0 10.0
1064.0 256.0 20.0 10.0
278.0 1121.0 20.0 10.0
114.0 1184.0 20.0 10.0
142.0 944.0 20.0 10.0
698.0 984.0 20.0 10.0
794.0 994.0 20.0 10.0
911.0 149.0 20.0 10.0
1185.0 723.0 20.0 10.0
790.0 442.0 20.0 10.0
531.0 898.0 20.0 10.0
941.0 527.0 20.0 10.0
868.0 425.0 20.0 10.0
573.0 677.0 20.0 10.0
989.0 588.0 20.0 10.0
714.0 886.0 20.0 10.0
161.0 976.0 20.0 10.0
1073.0 534.0 20.0 10.0
125.0 949.0 20.0 10.0
626.0 449.0 20.0 10.0
1174.0 657.0 20.0 10.0
151.0 902.0 20.0 10.0
948.0 432.0 20.0 10.0
743.0 934.0 20.0 10.0
422.0 864.0 20.0 10.0
1032.0 536.0 20.0 10.0
870.0 818.0 20.0 10.0
693.0 177.0 20.0 10.0
554.0 892.0 20.0 10.0
944.0 407.0 20.0 10.0
927.0 111.0 20.0 10.0
252.0 1100.0 20.0 10.0
197.0 922.0 20.0 10.0
1081.0 242.0 20.0 10.0
367.0 938.0 20.0 10.0
290.0 1118.0 20.0 10.0
568.0 878.0 20.0 10.0
718.0 465.0 20.0 10.0
944.0 259.0 20.0 10.0
693.0 996.0 20.0 10.0
267.0 1135.0 20.0 10.0
442.0 898.0 20.0 10.0
958.0 320.0 20.0 10.0
943.0 170.0 20.0 10.0
992.0 705.0 20.0 10.0
243.0 1173.0 20.0 10.0
828.0 778.0 20.0 10.0
111.0 946.0 20.0 10.0
463.0 924.0 20.0 10.0
106.0 1013.0 20.0 10.0
1232.0 746.0 20.0 10.0
581.0 678.0 20.0 10.0
977.0 408.0 20.0 10.0
946.0 244.0 20.0 10.0
687.0 481.0 20.0 10.0
1220.0 733.0 20.0 10.0
678.0 491.0 20.0 10.0
1189.0 658.0 20.0 10.0
472.0 1058.0 20.0 10.0
677.0 740.0 20.0 10.0
499.0 836.0 20.0 10.0
1194.0 741.0 20.0 10.0
355.0 933.0 20.0 10.0
149.0 934.0 20.0 10.0
1014.0 593.0 20.0 10.0
727.0 450.0 20.0 10.0
1125.0 686.0 20.0 10.0
723.0 444.0 20.0 10.0
839.0 762.0 20.0 10.0
692.0 431.0 20.0 10.0
646.0 701.0 20.0 10.0
571.0 691.0 20.0 10.0
1103.0 236.0 20.0 10.0
960.0 134.0 20.0 10.0
273.0 1147.0 20.0 10.0
983.0 557.0 20.0 10.0
971.0 509.0 20.0 10.0
1063.0 559.0 20.0 10.0
771.0 742.0 20.0 10.0
698.0 946.0 20.0 10.0
669.0 402.0 20.0 10.0
444.0 966.0 20.0 10.0
252.0 899.0 20.0 10.0
458.0 811.0 20.0 10.0
790.0 985.0 20.0 10.0
287.0 1025.0 20.0 10.0
1215.0 739.0 20.0 10.0
734.0 298.0 20.0 10.0
167.0 912.0 20.0 10.0
876.0 465.0 20.0 10.0
1094.0 221.0 20.0 10.0
1081.0 550.0 20.0 10.0
647.0 420.0 20.0 10.0
979.0 305.0 20.0 10.0
135.0 1181.0 20.0 10.0
230.0 1081.0 20.0 10.0
237.0 1118.0 20.0 10.0
1220.0 740.0 20.0 10.0
617.0 752.0 20.0 10.0
1084.0 528.0 20.0 10.0
115.0 899.0 20.0 10.0
854.0 771.0 20.0 10.0
1246.0 746.0 20.0 10.0
330.0 1022.0 20.0 10.0
171.0 901.0 20.0 10.0
1029.0 548.0 20.0 10.0
851.0 565.0 20.0 10.0
814.0 1058.0 20.0 10.0
955.0 137.0 20.0 10.0
707.0 473.0 20.0 10.0
690.0 207.0 20.0 10.0
969.0 203.0 20.0 10.0
175.0 909.0 20.0 10.0
443.0 979.0 20.0 10.0
498.0 922.0 20.0 10.0
991.0 385.0 20.0 10.0
762.0 652.0 20.0 10.0
1221.0 675.0 20.0 10.0
832.0 655.0 20.0 10.0
1249.0 667.0 20.0 10.0
787.0 526.0 20.0 10.0
924.0 175.0 20.0 10.0
691.0 185.0 20.0 10.0
648.0 384.0 20.0 10.0
705.0 901.0 20.0 10.0
951.0 511.0 20.0 10.0
196.0 1116.0 20.0 10.0
154.0 990.0 20.0 10.0
1287.0 700.0 20.0 10.0
784.0 508.0 20.0 10.0
87.0 896.0 20.0 10.0
1230.0 663.0 20.0 10.0
691.0 148.0 20.0 10.0
1052.0 595.0 20.0 10.0
943.0 446.0 20.0 10.0
965.0 211.0 20.0 10.0
997.0 500.0 20.0 10.0
998.0 275.0 20.0 10.0
1239.0 700.0 20.0 10.0
883.0 786.0 20.0 10.0
592.0 748.0 20.0 10.0
750.0 650.0 20.0 10.0
939.0 428.0 20.0 10.0
335.0 996.0 20.0 10.0
910.0 117.0 20.0 10.0
924.0 541.0 20.0 10.0
312.0 1044.0 20.0 10.0
1069.0 559.0 20.0 10.0
806.0 801.0 20.0 10.0
497.0 1161.0 20.0 10.0
1014.0 273.0 20.0 10.0
468.0 1047.0 20.0 10.0
999.0 597.0 20.0 10.0
638.0 685.0 20.0 10.0
1249.0 673.0 20.0 10.0
144.0 890.0 20.0 10.0
693.0 1028.0 20.0 10.0
823.0 844.0 20.0 10.0
704.0 222.0 20.0 10.0
958.0 143.0 20.0 10.0
990.0 719.0 20.0 10.0
127.0 1179.0 20.0 10.0
990.0 573.0 20.0 10.0
880.0 796.0 20.0 10.0
177.0 1007.0 20.0 10.0
531.0 878.0 20.0 10.0
509.0 1019.0 20.0 10.0
1215.0 755.0 20.0 10.0
213.0 927.0 20.0 10.0
228.0 1201.0 20.0 10.0
914.0 103.0 20.0 10.0
299.0 1013.0 20.0 10.0
1110.0 510.0 20.0 10.0
302.0 1034.0 20.0 10.0
628.0 427.0 20.0 10.0
1190.0 736.0 20.0 10.0
1276.0 765.0 20.0 10.0
724.0 252.0 20.0 10.0
401.0 923.0 20.0 10.0
891.0 161.0 20.0 10.0
83.0 955.0 20.0 10.0
465.0 793.0 20.0 10.0
506.0 948.0 20.0 10.0
789.0 456.0 20.0 10.0
823.0 1052.0 20.0 10.0
1016.0 742.0 20.0 10.0
557.0 656.0 20.0 10.0
1291.0 689.0 20.0 10.0
430.0 1007.0 20.0 10.0
771.0 410.0 20.0 10.0
176.0 1145.0 20.0 10.0
803.0 731.0 20.0 10.0
123.0 898.0 20.0 10.0
308.0 1053.0 20.0 10.0
396.0 907.0 20.0 10.0
804.0 968.0 20.0 10.0
945.0 652.0 20.0 10.0
1062.0 522.0 20.0 10.0
1277.0 671.0 20.0 10.0
682.0 173.0 20.0 10.0
932.0 399.0 20.0 10.0
672.0 166.0 20.0 10.0
362.0 812.0 20.0 10.0
176.0 1138.0 20.0 10.0
654.0 488.0 20.0 10.0
845.0 822.0 20.0 10.0
336.0 1008.0 20.0 10.0
978.0 184.0 20.0 10.0
1116.0 545.0 20.0 10.0
727.0 691.0 20.0 10.0
837.0 777.0 20.0 10.0
682.0 890.0 20.0 10.0
860.0 322.0 20.0 10.0
441.0 797.0 20.0 10.0
356.0 922.0 20.0 10.0
332.0 1053.0 20.0 10.0
122.0 892.0 20.0 10.0
967.0 301.0 20.0 10.0
1229.0 650.0 20.0 10.0
778.0 1019.0 20.0 10.0
1241.0 663.0 20.0 10.0
686.0 227.0 20.0 10.0
975.0 192.0 20.0 10.0
823.0 872.0 20.0 10.0
815.0 535.0 20.0 10.0
606.0 403.0 20.0 10.0
966.0 664.0 20.0 10.0
555.0 922.0 20.0 10.0
1076.0 601.0 20.0 10.0
711.0 419.0 20.0 10.0
132.0 913.0 20.0 10.0
765.0 370.0 20.0 10.0
94.0 953.0 20.0 10.0
920.0 66.0 20.0 10.0
1024.0 748.0 20.0 10.0
244.0 889.0 20.0 10.0
731.0 328.0 20.0 10.0
696.0 899.0 20.0 10.0
573.0 653.0 20.0 10.0
936.0 40.0 20.0 10.0
81.0 1217.0 20.0 10.0
398.0 917.0 20.0 10.0
483.0 894.0 20.0 10.0
147.0 906.0 20.0 10.0
756.0 376.0 20.0 10.0
487.0 950.0 20.0 10.0
815.0 1043.0 20.0 10.0
670.0 720.0 20.0 10.0
420.0 1032.0 20.0 10.0
571.0 901.0 20.0 10.0
825.0 1093.0 20.0 10.0
885.0 367.0 20.0 10.0
894.0 850.0 20.0 10.0
579.0 688.0 20.0 10.0
219.0 1144.0 20.0 10.0
703.0 231.0 20.0 10.0
603.0 732.0 20.0 10.0
960.0 678.0 20.0 10.0
137.0 951.0 20.0 10.0
845.0 1084.0 20.0 10.0
871.0 791.0 20.0 10.0
185.0 928.0 20.0 10.0
500.0 1147.0 20.0 10.0
686.0 1026.0 20.0 10.0
1020.0 652.0 20.0 10.0
1001.0 575.0 20.0 10.0
450.0 909.0 20.0 10.0
152.0 949.0 20.0 10.0
694.0 1055.0 20.0 10.0
293.0 1005.0 20.0 10.0
1250.0 743.0 20.0 10.0
320.0 1078.0 20.0 10.0
868.0 830.0 20.0 10.0
1322.0 696.0 20.0 10.0
1129.0 654.0 20.0 10.0
828.0 1121.0 20.0 10.0
121.0 878.0 20.0 10.0
964.0 671.0 20.0 10.0
485.0 1146.0 20.0 10.0
841.0 1120.0 20.0 10.0
376.0 944.0 20.0 10.0
1010.0 750.0 20.0 10.0
782.0 770.0 20.0 10.0
884.0 438.0 20.0 10.0
1305.0 777.0 20.0 10.0
127.0 1001.0 20.0 10.0
217.0 909.0 20.0 10.0
860.0 845.0 20.0 10.0
422.0 1025.0 20.0 10.0
701.0 193.0 20.0 10.0
680.0 773.0 20.0 10.0
888.0 414.0 20.0 10.0
675.0 406.0 20.0 10.0
947.0 87.0 20.0 10.0
1234.0 682.0 20.0 10.0
898.0 560.0 20.0 10.0
1328.0 787.0 20.0 10.0
995.0 490.0 20.0 10.0
684.0 1054.0 20.0 10.0
438.0 843.0 20.0 10.0
845.0 878.0 20.0 10.0
724.0 427.0 20.0 10.0
669.0 1043.0 20.0 10.0
685.0 788.0 20.0 10.0
334.0 792.0 20.0 10.0
444.0 815.0 20.0 10.0
905.0 800.0 20.0 10.0
808.0 715.0 20.0 10.0
211.0 1128.0 20.0 10.0
1045.0 245.0 20.0 10.0
782.0 647.0 20.0 10.0
752.0 946.0 20.0 10.0
67.0 1236.0 20.0 10.0
934.0 144.0 20.0 10.0
757.0 993.0 20.0 10.0
342.0 797.0 20.0 10.0
213.0 882.0 20.0 10.0
334.0 885.0 20.0 10.0
186.0 871.0 20.0 10.0
703.0 435.0 20.0 10.0
765.0 942.0 20.0 10.0
883.0 856.0 20.0 10.0
766.0 376.0 20.0 10.0
1156.0 668.0 20.0 10.0
1131.0 670.0 20.0 10.0
161.0 860.0 20.0 10.0
621.0 668.0 20.0 10.0
507.0 1042.0 20.0 10.0
650.0 819.0 20.0 10.0
766.0 520.0 20.0 10.0
534.0 925.0 20.0 10.0
671.0 462.0 20.0 10.0
579.0 924.0 20.0 10.0
200.0 945.0 20.0 10.0
663.0 462.0 20.0 10.0
730.0 633.0 20.0 10.0
258.0 1045.0 20.0 10.0
651.0 768.0 20.0 10.0
478.0 896.0 20.0 10.0
967.0 228.0 20.0 10.0
589.0 679.0 20.0 10.0
1263.0 645.0 20.0 10.0
691.0 196.0 20.0 10.0
902.0 178.0 20.0 10.0
690.0 1054.0 20.0 10.0
1254.0 637.0 20.0 10.0
329.0 936.0 20.0 10.0
781.0 421.0 20.0 10.0
1031.0 585.0 20.0 10.0
1015.0 477.0 20.0 10.0
702.0 1052.0 20.0 10.0
558.0 881.0 20.0 10.0
1018.0 484.0 20.0 10.0
955.0 502.0 20.0 10.0
681.0 627.0 20.0 10.0
79.0 1208.0 20.0 10.0
659.0 134.0 20.0 10.0
1022.0 253.0 20.0 10.0
1152.0 711.0 20.0 10.0
1114.0 518.0 20.0 10.0
890.0 471.0 20.0 10.0
937.0 634.0 20.0 10.0
952.0 589.0 20.0 10.0
585.0 390.0 20.0 10.0
1083.0 589.0 20.0 10.0
751.0 1009.0 20.0 10.0
89.0 1221.0 20.0 10.0
505.0 1055.0 20.0 10.0
449.0 840.0 20.0 10.0
752.0 347.0 20.0 10.0
541.0 639.0 20.0 10.0
633.0 368.0 20.0 10.0
691.0 452.0 20.0 10.0
881.0 371.0 20.0 10.0
468.0 911.0 20.0 10.0
1096.0 559.0 20.0 10.0
887.0 860.0 20.0 10.0
863.0 901.0 20.0 10.0
553.0 676.0 20.0 10.0
944.0 569.0 20.0 10.0
1245.0 691.0 20.0 10.0
505.0 1050.0 20.0 10.0
855.0 1111.0 20.0 10.0
1017.0 574.0 20.0 10.0
315.0 1050.0 20.0 10.0
185.0 946.0 20.0 10.0
877.0 847.0 20.0 10.0
555.0 914.0 20.0 10.0
82.0 1026.0 20.0 10.0
981.0 642.0 20.0 10.0
1314.0 780.0 20.0 10.0
564.0 381.0 20.0 10.0
901.0 321.0 20.0 10.0
884.0 329.0 20.0 10.0
892.0 236.0 20.0 10.0
998.0 747.0 20.0 10.0
973.0 605.0 20.0 10.0
105.0 952.0 20.0 10.0
737.0 353.0 20.0 10.0
605.0 650.0 20.0 10.0
842.0 668.0 20.0 10.0
700.0 784.0 20.0 10.0
172.0 1002.0 20.0 10.0
669.0 653.0 20.0 10.0
264.0 934.0 20.0 10.0
861.0 1136.0 20.0 10.0
570.0 925.0 20.0 10.0
113.0 1195.0 20.0 10.0
422.0 991.0 20.0 10.0
970.0 102.0 20.0 10.0
986.0 168.0 20.0 10.0
958.0 407.0 20.0 10.0
224.0 1206.0 20.0 10.0
942.0 78.0 20.0 10.0
808.0 1019.0 20.0 10.0
820.0 634.0 20.0 10.0
473.0 973.0 20.0 10.0
960.0 221.0 20.0 10.0
89.0 953.0 20.0 10.0
1294.0 679.0 20.0 10.0
497.0 1195.0 20.0 10.0
714.0 297.0 20.0 10.0
847.0 848.0 20.0 10.0
785.0 790.0 20.0 10.0
1010.0 608.0 20.0 10.0
891.0 305.0 20.0 10.0
655.0 379.0 20.0 10.0
552.0 946.0 20.0 10.0
572.0 755.0 20.0 10.0
566.0 669.0 20.0 10.0
704.0 803.0 20.0 10.0
1141.0 532.0 20.0 10.0
202.0 1165.0 20.0 10.0
893.0 345.0 20.0 10.0
509.0 787.0 20.0 10.0
296.0 1075.0 20.0 10.0
859.0 296.0 20.0 10.0
670.0 175.0 20.0 10.0
1039.0 284.0 20.0 10.0
697.0 1006.0 20.0 10.0
1051.0 266.0 20.0 10.0
639.0 455.0 20.0 10.0
786.0 1048.0 20.0 10.0
742.0 964.0 20.0 10.0
216.0 1228.0 20.0 10.0
1008.0 729.0 20.0 10.0
413.0 1055.0 20.0 10.0
1117.0 651.0 20.0 10.0
889.0 441.0 20.0 10.0
694.0 398.0 20.0 10.0
759.0 1025.0 20.0 10.0
1257.0 655.0 20.0 10.0
810.0 827.0 20.0 10.0
763.0 765.0 20.0 10.0
1066.0 227.0 20.0 10.0
51.0 956.0 20.0 10.0
668.0 1000.0 20.0 10.0
860.0 645.0 20.0 10.0
614.0 708.0 20.0 10.0
836.0 868.0 20.0 10.0
654.0 151.0 20.0 10.0
334.0 946.0 20.0 10.0
709.0 788.0 20.0 10.0
666.0 837.0 20.0 10.0
445.0 875.0 20.0 10.0
913.0 88.0 20.0 10.0
1207.0 767.0 20.0 10.0
502.0 990.0 20.0 10.0
78.0 1017.0 20.0 10.0
883.0 162.0 20.0 10.0
406.0 1077.0 20.0 10.0
857.0 471.0 20.0 10.0
504.0 1082.0 20.0 10.0
994.0 203.0 20.0 10.0
276.0 1140.0 20.0 10.0
653.0 421.0 20.0 10.0
687.0 499.0 20.0 10.0
1062.0 271.0 20.0 10.0
419.0 978.0 20.0 10.0
757.0 1052.0 20.0 10.0
884.0 337.0 20.0 10.0
869.0 478.0 20.0 10.0
606.0 432.0 20.0 10.0
1288.0 671.0 20.0 10.0
234.0 1108.0 20.0 10.0
556.0 946.0 20.0 10.0
836.0 684.0 20.0 10.0
1012.0 536.0 20.0 10.0
910.0 617.0 20.0 10.0
499.0 1219.0 20.0 10.0
1293.0 644.0 20.0 10.0
680.0 417.0 20.0 10.0
699.0 181.0 20.0 10.0
299.0 1080.0 20.0 10.0
797.0 441.0 20.0 10.0
871.0 453.0 20.0 10.0
1346.0 792.0 20.0 10.0
709.0 893.0 20.0 10.0
678.0 1052.0 20.0 10.0
768.0 1051.0 20.0 10.0
701.0 644.0 20.0 10.0
970.0 116.0 20.0 10.0
486.0 1192.0 20.0 10.0
638.0 790.0 20.0 10.0
1028.0 731.0 20.0 10.0
411.0 825.0 20.0 10.0
802.0 724.0 20.0 10.0
721.0 301.0 20.0 10.0
938.0 117.0 20.0 10.0
633.0 809.0 20.0 10.0
907.0 422.0 20.0 10.0
998.0 162.0 20.0 10.0
464.0 995.0 20.0 10.0
462.0 1082.0 20.0 10.0
696.0 482.0 20.0 10.0
1002.0 738.0 20.0 10.0
668.0 199.0 20.0 10.0
647.0 712.0 20.0 10.0
833.0 1084.0 20.0 10.0
898.0 841.0 20.0 10.0
839.0 1106.0 20.0 10.0
391.0 815.0 20.0 10.0
786.0 531.0 20.0 10.0
695.0 622.0 20.0 10.0
997.0 388.0 20.0 10.0
1136.0 503.0 20.0 10.0
163.0 942.0 20.0 10.0
899.0 479.0 20.0 10.0
1198.0 661.0 20.0 10.0
861.0 1104.0 20.0 10.0
1050.0 528.0 20.0 10.0
166.0 1169.0 20.0 10.0
1020.0 546.0 20.0 10.0
148.0 1015.0 20.0 10.0
220.0 1225.0 20.0 10.0
427.0 880.0 20.0 10.0
466.0 771.0 20.0 10.0
691.0 411.0 20.0 10.0
295.0 911.0 20.0 10.0
626.0 801.0 20.0 10.0
578.0 656.0 20.0 10.0
879.0 661.0 20.0 10.0
824.0 642.0 20.0 10.0
471.0 926.0 20.0 10.0
549.0 682.0 20.0 10.0
1147.0 540.0 20.0 10.0
575.0 729.0 20.0 10.0
747.0 916.0 20.0 10.0
659.0 647.0 20.0 10.0
190.0 878.0 20.0 10.0
779.0 388.0 20.0 10.0
916.0 74.0 20.0 10.0
1070.0 223.0 20.0 10.0
718.0 223.0 20.0 10.0
425.0 822.0 20.0 10.0
898.0 164.0 20.0 10.0
54.0 964.0 20.0 10.0
1187.0 729.0 20.0 10.0
75.0 1220.0 20.0 10.0
1152.0 693.0 20.0 10.0
658.0 617.0 20.0 10.0
528.0 810.0 20.0 10.0
811.0 749.0 20.0 10.0
871.0 1126.0 20.0 10.0
758.0 523.0 20.0 10.0
297.0 899.0 20.0 10.0
415.0 897.0 20.0 10.0
978.0 76.0 20.0 10.0
839.0 352.0 20.0 10.0
722.0 651.0 20.0 10.0
211.0 1235.0 20.0 10.0
1006.0 137.0 20.0 10.0
647.0 652.0 20.0 10.0
782.0 1075.0 20.0 10.0
334.0 912.0 20.0 10.0
168.0 1130.0 20.0 10.0
1235.0 760.0 20.0 10.0
1248.0 757.0 20.0 10.0
806.0 980.0 20.0 10.0
904.0 816.0 20.0 10.0
1104.0 513.0 20.0 10.0
215.0 1135.0 20.0 10.0
601.0 627.0 20.0 10.0
477.0 1084.0 20.0 10.0
672.0 817.0 20.0 10.0
524.0 793.0 20.0 10.0
1055.0 516.0 20.0 10.0
415.0 802.0 20.0 10.0
287.0 1066.0 20.0 10.0
174.0 1012.0 20.0 10.0
742.0 982.0 20.0 10.0
362.0 929.0 20.0 10.0
1011.0 379.0 20.0 10.0
846.0 414.0 20.0 10.0
281.0 1054.0 20.0 10.0
834.0 814.0 20.0 10.0
1141.0 512.0 20.0 10.0
601.0 443.0 20.0 10.0
121.0 906.0 20.0 10.0
812.0 655.0 20.0 10.0
661.0 206.0 20.0 10.0
989.0 710.0 20.0 10.0
1015.0 178.0 20.0 10.0
797.0 1092.0 20.0 10.0
1319.0 641.0 20.0 10.0
866.0 905.0 20.0 10.0
1157.0 707.0 20.0 10.0
442.0 938.0 20.0 10.0
680.0 187.0 20.0 10.0
1300.0 774.0 20.0 10.0
512.0 987.0 20.0 10.0
718.0 213.0 20.0 10.0
812.0 475.0 20.0 10.0
205.0 1224.0 20.0 10.0
1040.0 769.0 20.0 10.0
55.0 1237.0 20.0 10.0
1035.0 229.0 20.0 10.0
158.0 1155.0 20.0 10.0
102.0 1215.0 20.0 10.0
314.0 944.0 20.0 10.0
476.0 1221.0 20.0 10.0
1110.0 591.0 20.0 10.0
1316.0 714.0 20.0 10.0
395.0 851.0 20.0 10.0
236.0 1056.0 20.0 10.0
976.0 391.0 20.0 10.0
999.0 396.0 20.0 10.0
694.0 759.0 20.0 10.0
480.0 1215.0 20.0 10.0
963.0 108.0 20.0 10.0
38.0 1251.0 20.0 10.0
432.0 988.0 20.0 10.0
598.0 605.0 20.0 10.0
100.0 914.0 20.0 10.0
822.0 782.0 20.0 10.0
418.0 822.0 20.0 10.0
768.0 1017.0 20.0 10.0
462.0 845.0 20.0 10.0
947.0 565.0 20.0 10.0
982.0 715.0 20.0 10.0
483.0 849.0 20.0 10.0
263.0 1172.0 20.0 10.0
885.0 807.0 20.0 10.0
535.0 812.0 20.0 10.0
979.0 493.0 20.0 10.0
627.0 405.0 20.0 10.0
779.0 763.0 20.0 10.0
240.0 1065.0 20.0 10.0
60.0 953.0 20.0 10.0
455.0 953.0 20.0 10.0
332.0 1036.0 20.0 10.0
1260.0 700.0 20.0 10.0
906.0 880.0 20.0 10.0
1028.0 775.0 20.0 10.0
1038.0 575.0 20.0 10.0
778.0 993.0 20.0 10.0
490.0 1243.0 20.0 10.0
25.0 1262.0 20.0 10.0
858.0 417.0 20.0 10.0
836.0 416.0 20.0 10.0
1373.0 802.0 20.0 10.0
923.0 75.0 20.0 10.0
918.0 839.0 20.0 10.0
1227.0 688.0 20.0 10.0
243.0 1071.0 20.0 10.0
858.0 687.0 20.0 10.0
635.0 838.0 20.0 10.0
846.0 1145.0 20.0 10.0
1274.0 666.0 20.0 10.0
1201.0 760.0 20.0 10.0
1133.0 593.0 20.0 10.0
150.0 1143.0 20.0 10.0
652.0 141.0 20.0 10.0
719.0 477.0 20.0 10.0
944.0 159.0 20.0 10.0
312.0 1020.0 20.0 10.0
786.0 415.0 20.0 10.0
84.0 1211.0 20.0 10.0
785.0 1037.0 20.0 10.0
831.0 1079.0 20.0 10.0
928.0 823.0 20.0 10.0
896.0 156.0 20.0 10.0
549.0 668.0 20.0 10.0
414.0 1005.0 20.0 10.0
636.0 738.0 20.0 10.0
780.0 797.0 20.0 10.0
636.0 426.0 20.0 10.0
205.0 1120.0 20.0 10.0
1016.0 110.0 20.0 10.0
676.0 146.0 20.0 10.0
120.0 1202.0 20.0 10.0
954.0 25.0 20.0 10.0
695.0 278.0 20.0 10.0
517.0 1041.0 20.0 10.0
1026.0 560.0 20.0 10.0
1005.0 258.0 20.0 10.0
1371.0 798.0 20.0 10.0
1320.0 671.0 20.0 10.0
864.0 682.0 20.0 10.0
257.0 1193.0 20.0 10.0
761.0 346.0 20.0 10.0
677.0 649.0 20.0 10.0
469.0 799.0 20.0 10.0
818.0 1014.0 20.0 10.0
765.0 384.0 20.0 10.0
898.0 418.0 20.0 10.0
1305.0 668.0 20.0 10.0
666.0 474.0 20.0 10.0
965.0 414.0 20.0 10.0
1270.0 772.0 20.0 10.0
1056.0 581.0 20.0 10.0
755.0 979.0 20.0 10.0
401.0 805.0 20.0 10.0
1028.0 118.0 20.0 10.0
1153.0 594.0 20.0 10.0
116.0 1016.0 20.0 10.0
804.0 751.0 20.0 10.0
689.0 715.0 20.0 10.0
601.0 765.0 20.0 10.0
230.0 1146.0 20.0 10.0
472.0 766.0 20.0 10.0
1122.0 691.0 20.0 10.0
896.0 802.0 20.0 10.0
743.0 959.0 20.0 10.0
512.0 883.0 20.0 10.0
1338.0 789.0 20.0 10.0
1169.0 656.0 20.0 10.0
825.0 991.0 20.0 10.0
1016.0 186.0 20.0 10.0
1318.0 675.0 20.0 10.0
1047.0 234.0 20.0 10.0
873.0 927.0 20.0 10.0
959.0 547.0 20.0 10.0
470.0 1169.0 20.0 10.0
772.0 512.0 20.0 10.0
377.0 834.0 20.0 10.0
155.0 1025.0 20.0 10.0
957.0 217.0 20.0 10.0
426.0 873.0 20.0 10.0
1084.0 672.0 20.0 10.0
639.0 630.0 20.0 10.0
933.0 265.0 20.0 10.0
499.0 1174.0 20.0 10.0
954.0 684.0 20.0 10.0
200.0 1259.0 20.0 10.0
275.0 1070.0 20.0 10.0
717.0 185.0 20.0 10.0
1049.0 753.0 20.0 10.0
119.0 965.0 20.0 10.0
778.0 361.0 20.0 10.0
892.0 415.0 20.0 10.0
452.0 777.0 20.0 10.0
1079.0 583.0 20.0 10.0
444.0 859.0 20.0 10.0
300.0 933.0 20.0 10.0
654.0 478.0 20.0 10.0
644.0 110.0 20.0 10.0
838.0 1072.0 20.0 10.0
451.0 754.0 20.0 10.0
813.0 450.0 20.0 10.0
1031.0 155.0 20.0 10.0
771.0 787.0 20.0 10.0
495.0 1224.0 20.0 10.0
320.0 774.0 20.0 10.0
921.0 145.0 20.0 10.0
460.0 987.0 20.0 10.0
242.0 1094.0 20.0 10.0
228.0 1141.0 20.0 10.0
977.0 177.0 20.0 10.0
733.0 694.0 20.0 10.0
634.0 646.0 20.0 10.0
764.0 336.0 20.0 10.0
1328.0 681.0 20.0 10.0
956.0 52.0 20.0 10.0
828.0 730.0 20.0 10.0
856.0 502.0 20.0 10.0
1040.0 257.0 20.0 10.0
181.0 1126.0 20.0 10.0
1084.0 200.0 20.0 10.0
1169.0 523.0 20.0 10.0
310.0 785.0 20.0 10.0
1082.0 512.0 20.0 10.0
496.0 971.0 20.0 10.0
619.0 791.0 20.0 10.0
1030.0 250.0 20.0 10.0
397.0 896.0 20.0 10.0
868.0 298.0 20.0 10.0
613.0 408.0 20.0 10.0
695.0 980.0 20.0 10.0
828.0 687.0 20.0 10.0
965.0 430.0 20.0 10.0
200.0 864.0 20.0 10.0
976.0 579.0 20.0 10.0
107.0 962.0 20.0 10.0
