1000
962.0 734.0 20.0 10.0
1083.0 694.0 20.0 10.0
1202.0 666.0 20.0 10.0
1022.0 867.0 20.0 10.0
1054.0 993.0 20.0 10.0
1029.0 1067.0 20.0 10.0
826.0 647.0 20.0 10.0
1319.0 635.0 20.0 10.0
1032.0 1109.0 20.0 10.0
777.0 617.0 20.0 10.0
832.0 602.0 20.0 10.0
698.0 558.0 20.0 10.0
636.0 549.0 20.0 10.0
793.0 696.0 20.0 10.0
758.0 740.0 20.0 10.0
1111.0 640.0 20.0 10.0
1044.0 898.0 20.0 10.0
988.0 727.0 20.0 10.0
955.0 761.0 20.0 10.0
577.0 486.0 20.0 10.0
459.0 415.0 20.0 10.0
1104.0 1097.0 20.0 10.0
378.0 338.0 20.0 10.0
1347.0 571.0 20.0 10.0
729.0 632.0 20.0 10.0
371.0 409.0 20.0 10.0
1094.0 917.0 20.0 10.0
1358.0 517.0 20.0 10.0
1370.0 470.0 20.0 10.0
1116.0 607.0 20.0 10.0
301.0 262.0 20.0 10.0
1103.0 615.0 20.0 10.0
1126.0 938.0 20.0 10.0
747.0 615.0 20.0 10.0
581.0 551.0 20.0 10.0
1127.0 928.0 20.0 10.0
821.0 577.0 20.0 10.0
808.0 622.0 20.0 10.0
728.0 779.0 20.0 10.0
834.0 589.0 20.0 10.0
546.0 543.0 20.0 10.0
1033.0 1021.0 20.0 10.0
534.0 557.0 20.0 10.0
611.0 515.0 20.0 10.0
1393.0 667.0 20.0 10.0
665.0 541.0 20.0 10.0
1415.0 696.0 20.0 10.0
1001.0 1131.0 20.0 10.0
1139.0 589.0 20.0 10.0
1019.0 1103.0 20.0 10.0
1153.0 1198.0 20.0 10.0
1156.0 569.0 20.0 10.0
1385.0 593.0 20.0 10.0
420.0 376.0 20.0 10.0
236.0 228.0 20.0 10.0
402.0 339.0 20.0 10.0
709.0 629.0 20.0 10.0
449.0 372.0 20.0 10.0
683.0 643.0 20.0 10.0
1447.0 551.0 20.0 10.0
1201.0 1280.0 20.0 10.0
773.0 641.0 20.0 10.0
177.0 192.0 20.0 10.0
982.0 1181.0 20.0 10.0
248.0 209.0 20.0 10.0
698.0 643.0 20.0 10.0
209.0 166.0 20.0 10.0
1153.0 541.0 20.0 10.0
1239.0 1323.0 20.0 10.0
1164.0 507.0 20.0 10.0
986.0 1162.0 20.0 10.0
411.0 417.0 20.0 10.0
1433.0 681.0 20.0 10.0
1018.0 913.0 20.0 10.0
736.0 755.0 20.0 10.0
369.0 416.0 20.0 10.0
287.0 404.0 20.0 10.0
1398.0 631.0 20.0 10.0
335.0 407.0 20.0 10.0
216.0 166.0 20.0 10.0
1404.0 578.0 20.0 10.0
940.0 745.0 20.0 10.0
1436.0 725.0 20.0 10.0
1506.0 514.0 20.0 10.0
815.0 648.0 20.0 10.0
278.0 202.0 20.0 10.0
975.0 1171.0 20.0 10.0
1385.0 428.0 20.0 10.0
1547.0 497.0 20.0 10.0
1166.0 1263.0 20.0 10.0
1135.0 557.0 20.0 10.0
385.0 409.0 20.0 10.0
1183.0 1299.0 20.0 10.0
382.0 364.0 20.0 10.0
727.0 764.0 20.0 10.0
681.0 486.0 20.0 10.0
212.0 399.0 20.0 10.0
1235.0 1350.0 20.0 10.0
1363.0 553.0 20.0 10.0
1120.0 1133.0 20.0 10.0
1179.0 479.0 20.0 10.0
1171.0 508.0 20.0 10.0
647.0 662.0 20.0 10.0
141.0 161.0 20.0 10.0
1167.0 1302.0 20.0 10.0
969.0 1213.0 20.0 10.0
1030.0 1048.0 20.0 10.0
1158.0 965.0 20.0 10.0
1110.0 570.0 20.0 10.0
431.0 406.0 20.0 10.0
972.0 714.0 20.0 10.0
927.0 762.0 20.0 10.0
1379.0 526.0 20.0 10.0
210.0 193.0 20.0 10.0
1141.0 527.0 20.0 10.0
616.0 681.0 20.0 10.0
1456.0 687.0 20.0 10.0
1272.0 1365.0 20.0 10.0
1425.0 629.0 20.0 10.0
679.0 531.0 20.0 10.0
1014.0 1130.0 20.0 10.0
717.0 806.0 20.0 10.0
786.0 719.0 20.0 10.0
1432.0 692.0 20.0 10.0
959.0 784.0 20.0 10.0
853.0 599.0 20.0 10.0
1473.0 526.0 20.0 10.0
975.0 1209.0 20.0 10.0
1172.0 1314.0 20.0 10.0
1212.0 1003.0 20.0 10.0
840.0 557.0 20.0 10.0
1187.0 1003.0 20.0 10.0
391.0 366.0 20.0 10.0
770.0 566.0 20.0 10.0
490.0 567.0 20.0 10.0
1348.0 647.0 20.0 10.0
187.0 125.0 20.0 10.0
540.0 473.0 20.0 10.0
1197.0 1332.0 20.0 10.0
1169.0 581.0 20.0 10.0
545.0 474.0 20.0 10.0
1396.0 401.0 20.0 10.0
175.0 395.0 20.0 10.0
973.0 758.0 20.0 10.0
129.0 162.0 20.0 10.0
1043.0 879.0 20.0 10.0
1266.0 1416.0 20.0 10.0
1080.0 1025.0 20.0 10.0
449.0 576.0 20.0 10.0
919.0 783.0 20.0 10.0
1171.0 569.0 20.0 10.0
283.0 173.0 20.0 10.0
661.0 466.0 20.0 10.0
609.0 487.0 20.0 10.0
811.0 671.0 20.0 10.0
957.0 1201.0 20.0 10.0
669.0 420.0 20.0 10.0
1361.0 491.0 20.0 10.0
244.0 400.0 20.0 10.0
1362.0 671.0 20.0 10.0
1199.0 981.0 20.0 10.0
1371.0 647.0 20.0 10.0
661.0 364.0 20.0 10.0
276.0 165.0 20.0 10.0
964.0 1218.0 20.0 10.0
1408.0 479.0 20.0 10.0
1382.0 650.0 20.0 10.0
1069.0 912.0 20.0 10.0
837.0 534.0 20.0 10.0
916.0 808.0 20.0 10.0
1031.0 1146.0 20.0 10.0
672.0 664.0 20.0 10.0
1453.0 713.0 20.0 10.0
1515.0 708.0 20.0 10.0
1232.0 1001.0 20.0 10.0
694.0 807.0 20.0 10.0
86.0 136.0 20.0 10.0
657.0 384.0 20.0 10.0
1204.0 1035.0 20.0 10.0
1460.0 639.0 20.0 10.0
1373.0 492.0 20.0 10.0
1006.0 1024.0 20.0 10.0
587.0 497.0 20.0 10.0
1263.0 1040.0 20.0 10.0
738.0 658.0 20.0 10.0
951.0 1247.0 20.0 10.0
1025.0 954.0 20.0 10.0
1065.0 1021.0 20.0 10.0
1565.0 726.0 20.0 10.0
1143.0 617.0 20.0 10.0
1440.0 623.0 20.0 10.0
182.0 177.0 20.0 10.0
1180.0 1232.0 20.0 10.0
516.0 538.0 20.0 10.0
1286.0 1446.0 20.0 10.0
1163.0 1224.0 20.0 10.0
682.0 837.0 20.0 10.0
1103.0 546.0 20.0 10.0
1538.0 504.0 20.0 10.0
1426.0 719.0 20.0 10.0
1088.0 594.0 20.0 10.0
412.0 341.0 20.0 10.0
1003.0 883.0 20.0 10.0
1008.0 1040.0 20.0 10.0
1360.0 478.0 20.0 10.0
152.0 400.0 20.0 10.0
769.0 531.0 20.0 10.0
1534.0 486.0 20.0 10.0
355.0 344.0 20.0 10.0
759.0 521.0 20.0 10.0
412.0 588.0 20.0 10.0
1162.0 618.0 20.0 10.0
708.0 761.0 20.0 10.0
1436.0 445.0 20.0 10.0
1301.0 1401.0 20.0 10.0
674.0 453.0 20.0 10.0
389.0 305.0 20.0 10.0
769.0 511.0 20.0 10.0
991.0 1157.0 20.0 10.0
1140.0 498.0 20.0 10.0
1013.0 937.0 20.0 10.0
862.0 585.0 20.0 10.0
1098.0 541.0 20.0 10.0
401.0 311.0 20.0 10.0
653.0 311.0 20.0 10.0
373.0 280.0 20.0 10.0
687.0 830.0 20.0 10.0
51.0 116.0 20.0 10.0
1259.0 1349.0 20.0 10.0
1470.0 735.0 20.0 10.0
261.0 158.0 20.0 10.0
1166.0 1230.0 20.0 10.0
1423.0 617.0 20.0 10.0
346.0 308.0 20.0 10.0
1507.0 647.0 20.0 10.0
1325.0 1432.0 20.0 10.0
1091.0 510.0 20.0 10.0
1146.0 948.0 20.0 10.0
570.0 475.0 20.0 10.0
1542.0 486.0 20.0 10.0
976.0 1182.0 20.0 10.0
165.0 91.0 20.0 10.0
1548.0 647.0 20.0 10.0
200.0 123.0 20.0 10.0
1012.0 717.0 20.0 10.0
643.0 355.0 20.0 10.0
449.0 340.0 20.0 10.0
106.0 399.0 20.0 10.0
841.0 518.0 20.0 10.0
339.0 416.0 20.0 10.0
1499.0 644.0 20.0 10.0
703.0 678.0 20.0 10.0
249.0 172.0 20.0 10.0
1273.0 1444.0 20.0 10.0
391.0 380.0 20.0 10.0
1025.0 699.0 20.0 10.0
1175.0 1220.0 20.0 10.0
1049.0 929.0 20.0 10.0
1005.0 932.0 20.0 10.0
1261.0 1019.0 20.0 10.0
1451.0 412.0 20.0 10.0
1027.0 1182.0 20.0 10.0
143.0 65.0 20.0 10.0
125.0 43.0 20.0 10.0
1161.0 1334.0 20.0 10.0
949.0 1209.0 20.0 10.0
999.0 1159.0 20.0 10.0
644.0 360.0 20.0 10.0
1173.0 1295.0 20.0 10.0
176.0 152.0 20.0 10.0
1031.0 1092.0 20.0 10.0
396.0 282.0 20.0 10.0
635.0 329.0 20.0 10.0
206.0 226.0 20.0 10.0
1449.0 613.0 20.0 10.0
267.0 249.0 20.0 10.0
249.0 399.0 20.0 10.0
438.0 338.0 20.0 10.0
1479.0 535.0 20.0 10.0
1167.0 545.0 20.0 10.0
912.0 833.0 20.0 10.0
274.0 174.0 20.0 10.0
1159.0 1231.0 20.0 10.0
1191.0 540.0 20.0 10.0
1295.0 1058.0 20.0 10.0
160.0 392.0 20.0 10.0
842.0 514.0 20.0 10.0
1011.0 1155.0 20.0 10.0
1069.0 874.0 20.0 10.0
26.0 97.0 20.0 10.0
749.0 490.0 20.0 10.0
1035.0 916.0 20.0 10.0
757.0 598.0 20.0 10.0
663.0 853.0 20.0 10.0
665.0 454.0 20.0 10.0
550.0 558.0 20.0 10.0
660.0 428.0 20.0 10.0
700.0 775.0 20.0 10.0
116.0 384.0 20.0 10.0
1195.0 1028.0 20.0 10.0
1187.0 480.0 20.0 10.0
1399.0 393.0 20.0 10.0
675.0 674.0 20.0 10.0
722.0 606.0 20.0 10.0
1219.0 1311.0 20.0 10.0
1289.0 1060.0 20.0 10.0
1221.0 1062.0 20.0 10.0
1081.0 613.0 20.0 10.0
1018.0 1212.0 20.0 10.0
352.0 406.0 20.0 10.0
1406.0 372.0 20.0 10.0
1418.0 579.0 20.0 10.0
1296.0 1469.0 20.0 10.0
1091.0 569.0 20.0 10.0
1529.0 492.0 20.0 10.0
1573.0 458.0 20.0 10.0
1005.0 1094.0 20.0 10.0
1444.0 629.0 20.0 10.0
1446.0 637.0 20.0 10.0
391.0 599.0 20.0 10.0
969.0 1242.0 20.0 10.0
1600.0 442.0 20.0 10.0
1090.0 1052.0 20.0 10.0
439.0 350.0 20.0 10.0
849.0 478.0 20.0 10.0
651.0 263.0 20.0 10.0
876.0 576.0 20.0 10.0
1375.0 691.0 20.0 10.0
1220.0 995.0 20.0 10.0
1254.0 1383.0 20.0 10.0
667.0 507.0 20.0 10.0
262.0 178.0 20.0 10.0
1418.0 449.0 20.0 10.0
1496.0 605.0 20.0 10.0
1187.0 459.0 20.0 10.0
1468.0 714.0 20.0 10.0
115.0 405.0 20.0 10.0
991.0 703.0 20.0 10.0
382.0 584.0 20.0 10.0
1228.0 1314.0 20.0 10.0
1092.0 912.0 20.0 10.0
1033.0 720.0 20.0 10.0
1124.0 591.0 20.0 10.0
750.0 641.0 20.0 10.0
1088.0 926.0 20.0 10.0
57.0 119.0 20.0 10.0
1381.0 512.0 20.0 10.0
1088.0 1045.0 20.0 10.0
645.0 221.0 20.0 10.0
337.0 422.0 20.0 10.0
1343.0 1457.0 20.0 10.0
1316.0 1497.0 20.0 10.0
456.0 312.0 20.0 10.0
60.0 114.0 20.0 10.0
1255.0 1334.0 20.0 10.0
664.0 813.0 20.0 10.0
652.0 651.0 20.0 10.0
61.0 122.0 20.0 10.0
598.0 483.0 20.0 10.0
1484.0 642.0 20.0 10.0
948.0 1244.0 20.0 10.0
1110.0 915.0 20.0 10.0
1406.0 507.0 20.0 10.0
1178.0 1360.0 20.0 10.0
894.0 818.0 20.0 10.0
1471.0 701.0 20.0 10.0
249.0 154.0 20.0 10.0
675.0 775.0 20.0 10.0
1475.0 608.0 20.0 10.0
282.0 238.0 20.0 10.0
1100.0 593.0 20.0 10.0
987.0 1039.0 20.0 10.0
638.0 182.0 20.0 10.0
805.0 688.0 20.0 10.0
271.0 147.0 20.0 10.0
933.0 1244.0 20.0 10.0
1498.0 636.0 20.0 10.0
1285.0 1454.0 20.0 10.0
840.0 636.0 20.0 10.0
1610.0 746.0 20.0 10.0
638.0 536.0 20.0 10.0
1581.0 484.0 20.0 10.0
1484.0 617.0 20.0 10.0
1020.0 1239.0 20.0 10.0
1064.0 945.0 20.0 10.0
831.0 556.0 20.0 10.0
1647.0 758.0 20.0 10.0
768.0 500.0 20.0 10.0
116.0 396.0 20.0 10.0
1180.0 625.0 20.0 10.0
1241.0 1024.0 20.0 10.0
674.0 546.0 20.0 10.0
1362.0 1469.0 20.0 10.0
998.0 768.0 20.0 10.0
756.0 482.0 20.0 10.0
222.0 196.0 20.0 10.0
1033.0 728.0 20.0 10.0
743.0 577.0 20.0 10.0
646.0 684.0 20.0 10.0
1185.0 1401.0 20.0 10.0
980.0 1045.0 20.0 10.0
1159.0 504.0 20.0 10.0
1159.0 516.0 20.0 10.0
623.0 653.0 20.0 10.0
1007.0 789.0 20.0 10.0
1271.0 1409.0 20.0 10.0
1064.0 952.0 20.0 10.0
1057.0 948.0 20.0 10.0
1280.0 1344.0 20.0 10.0
394.0 373.0 20.0 10.0
1305.0 1070.0 20.0 10.0
1391.0 469.0 20.0 10.0
68.0 397.0 20.0 10.0
1339.0 1095.0 20.0 10.0
1367.0 1114.0 20.0 10.0
637.0 280.0 20.0 10.0
776.0 739.0 20.0 10.0
1556.0 462.0 20.0 10.0
179.0 93.0 20.0 10.0
996.0 786.0 20.0 10.0
525.0 524.0 20.0 10.0
1529.0 631.0 20.0 10.0
666.0 825.0 20.0 10.0
360.0 345.0 20.0 10.0
1326.0 1096.0 20.0 10.0
1162.0 1359.0 20.0 10.0
424.0 314.0 20.0 10.0
1540.0 598.0 20.0 10.0
994.0 956.0 20.0 10.0
1427.0 640.0 20.0 10.0
744.0 557.0 20.0 10.0
970.0 806.0 20.0 10.0
1524.0 611.0 20.0 10.0
821.0 666.0 20.0 10.0
1498.0 516.0 20.0 10.0
1190.0 562.0 20.0 10.0
658.0 394.0 20.0 10.0
354.0 587.0 20.0 10.0
373.0 351.0 20.0 10.0
1111.0 702.0 20.0 10.0
1215.0 1305.0 20.0 10.0
1210.0 543.0 20.0 10.0
559.0 539.0 20.0 10.0
518.0 551.0 20.0 10.0
934.0 1266.0 20.0 10.0
858.0 444.0 20.0 10.0
842.0 538.0 20.0 10.0
1118.0 933.0 20.0 10.0
591.0 695.0 20.0 10.0
1323.0 1514.0 20.0 10.0
852.0 554.0 20.0 10.0
1547.0 475.0 20.0 10.0
629.0 156.0 20.0 10.0
182.0 140.0 20.0 10.0
733.0 543.0 20.0 10.0
1050.0 719.0 20.0 10.0
1019.0 889.0 20.0 10.0
387.0 315.0 20.0 10.0
1568.0 504.0 20.0 10.0
1537.0 645.0 20.0 10.0
1370.0 708.0 20.0 10.0
1483.0 603.0 20.0 10.0
704.0 602.0 20.0 10.0
756.0 444.0 20.0 10.0
668.0 556.0 20.0 10.0
1504.0 723.0 20.0 10.0
26.0 102.0 20.0 10.0
248.0 124.0 20.0 10.0
926.0 1227.0 20.0 10.0
956.0 1272.0 20.0 10.0
1062.0 866.0 20.0 10.0
1200.0 1324.0 20.0 10.0
1256.0 1015.0 20.0 10.0
1216.0 1057.0 20.0 10.0
1298.0 1489.0 20.0 10.0
754.0 409.0 20.0 10.0
960.0 1233.0 20.0 10.0
1486.0 736.0 20.0 10.0
1498.0 507.0 20.0 10.0
965.0 804.0 20.0 10.0
1209.0 1254.0 20.0 10.0
862.0 521.0 20.0 10.0
1215.0 1028.0 20.0 10.0
1111.0 519.0 20.0 10.0
1185.0 976.0 20.0 10.0
1159.0 477.0 20.0 10.0
383.0 598.0 20.0 10.0
1284.0 1428.0 20.0 10.0
1279.0 1030.0 20.0 10.0
866.0 415.0 20.0 10.0
690.0 529.0 20.0 10.0
967.0 1206.0 20.0 10.0
705.0 822.0 20.0 10.0
1610.0 474.0 20.0 10.0
1643.0 761.0 20.0 10.0
1447.0 605.0 20.0 10.0
1056.0 922.0 20.0 10.0
957.0 1053.0 20.0 10.0
1426.0 485.0 20.0 10.0
394.0 593.0 20.0 10.0
236.0 144.0 20.0 10.0
635.0 309.0 20.0 10.0
430.0 415.0 20.0 10.0
1456.0 699.0 20.0 10.0
209.0 408.0 20.0 10.0
587.0 453.0 20.0 10.0
259.0 128.0 20.0 10.0
1461.0 429.0 20.0 10.0
984.0 1113.0 20.0 10.0
1234.0 669.0 20.0 10.0
1552.0 467.0 20.0 10.0
1575.0 597.0 20.0 10.0
1389.0 1130.0 20.0 10.0
1124.0 922.0 20.0 10.0
1496.0 734.0 20.0 10.0
78.0 375.0 20.0 10.0
1452.0 568.0 20.0 10.0
680.0 459.0 20.0 10.0
1479.0 552.0 20.0 10.0
945.0 1055.0 20.0 10.0
1037.0 993.0 20.0 10.0
1343.0 1549.0 20.0 10.0
779.0 490.0 20.0 10.0
977.0 1103.0 20.0 10.0
820.0 675.0 20.0 10.0
943.0 1273.0 20.0 10.0
450.0 286.0 20.0 10.0
1019.0 759.0 20.0 10.0
1568.0 641.0 20.0 10.0
109.0 132.0 20.0 10.0
25.0 113.0 20.0 10.0
454.0 320.0 20.0 10.0
1147.0 939.0 20.0 10.0
742.0 475.0 20.0 10.0
1564.0 467.0 20.0 10.0
1102.0 1051.0 20.0 10.0
1579.0 651.0 20.0 10.0
1326.0 1415.0 20.0 10.0
1164.0 1323.0 20.0 10.0
879.0 493.0 20.0 10.0
733.0 463.0 20.0 10.0
350.0 315.0 20.0 10.0
431.0 306.0 20.0 10.0
864.0 390.0 20.0 10.0
695.0 780.0 20.0 10.0
708.0 802.0 20.0 10.0
1243.0 1343.0 20.0 10.0
1179.0 558.0 20.0 10.0
1202.0 1424.0 20.0 10.0
1369.0 443.0 20.0 10.0
625.0 251.0 20.0 10.0
1038.0 1046.0 20.0 10.0
1047.0 707.0 20.0 10.0
622.0 530.0 20.0 10.0
1283.0 1440.0 20.0 10.0
866.0 425.0 20.0 10.0
639.0 842.0 20.0 10.0
332.0 398.0 20.0 10.0
720.0 440.0 20.0 10.0
1516.0 749.0 20.0 10.0
1198.0 640.0 20.0 10.0
318.0 430.0 20.0 10.0
944.0 1061.0 20.0 10.0
244.0 131.0 20.0 10.0
1372.0 453.0 20.0 10.0
1202.0 462.0 20.0 10.0
874.0 532.0 20.0 10.0
85.0 101.0 20.0 10.0
1209.0 1361.0 20.0 10.0
824.0 553.0 20.0 10.0
1424.0 441.0 20.0 10.0
1131.0 631.0 20.0 10.0
1214.0 527.0 20.0 10.0
650.0 283.0 20.0 10.0
661.0 631.0 20.0 10.0
1333.0 1519.0 20.0 10.0
1319.0 1074.0 20.0 10.0
572.0 705.0 20.0 10.0
1592.0 460.0 20.0 10.0
1117.0 1070.0 20.0 10.0
1200.0 458.0 20.0 10.0
1097.0 483.0 20.0 10.0
1395.0 706.0 20.0 10.0
302.0 407.0 20.0 10.0
531.0 571.0 20.0 10.0
523.0 560.0 20.0 10.0
86.0 398.0 20.0 10.0
681.0 762.0 20.0 10.0
38.0 99.0 20.0 10.0
714.0 785.0 20.0 10.0
711.0 750.0 20.0 10.0
1114.0 661.0 20.0 10.0
1338.0 1543.0 20.0 10.0
73.0 406.0 20.0 10.0
655.0 685.0 20.0 10.0
1046.0 921.0 20.0 10.0
1049.0 1028.0 20.0 10.0
874.0 396.0 20.0 10.0
1600.0 591.0 20.0 10.0
1127.0 538.0 20.0 10.0
1077.0 551.0 20.0 10.0
1229.0 1277.0 20.0 10.0
995.0 1127.0 20.0 10.0
1493.0 726.0 20.0 10.0
1364.0 414.0 20.0 10.0
1154.0 584.0 20.0 10.0
65.0 78.0 20.0 10.0
939.0 1297.0 20.0 10.0
1626.0 431.0 20.0 10.0
99.0 142.0 20.0 10.0
1031.0 978.0 20.0 10.0
1065.0 883.0 20.0 10.0
583.0 503.0 20.0 10.0
273.0 130.0 20.0 10.0
372.0 285.0 20.0 10.0
362.0 351.0 20.0 10.0
275.0 412.0 20.0 10.0
1466.0 622.0 20.0 10.0
1379.0 718.0 20.0 10.0
721.0 674.0 20.0 10.0
1262.0 1051.0 20.0 10.0
310.0 396.0 20.0 10.0
1457.0 646.0 20.0 10.0
628.0 700.0 20.0 10.0
900.0 524.0 20.0 10.0
1597.0 435.0 20.0 10.0
1527.0 737.0 20.0 10.0
325.0 282.0 20.0 10.0
1145.0 605.0 20.0 10.0
1430.0 409.0 20.0 10.0
1170.0 1381.0 20.0 10.0
1049.0 1016.0 20.0 10.0
1307.0 1523.0 20.0 10.0
366.0 267.0 20.0 10.0
1672.0 767.0 20.0 10.0
1358.0 1576.0 20.0 10.0
1663.0 769.0 20.0 10.0
1066.0 965.0 20.0 10.0
156.0 115.0 20.0 10.0
775.0 471.0 20.0 10.0
1410.0 365.0 20.0 10.0
1527.0 498.0 20.0 10.0
1090.0 576.0 20.0 10.0
1580.0 643.0 20.0 10.0
1022.0 1235.0 20.0 10.0
808.0 679.0 20.0 10.0
970.0 820.0 20.0 10.0
1289.0 1392.0 20.0 10.0
624.0 222.0 20.0 10.0
548.0 463.0 20.0 10.0
766.0 421.0 20.0 10.0
1330.0 1545.0 20.0 10.0
1268.0 1079.0 20.0 10.0
1405.0 730.0 20.0 10.0
415.0 394.0 20.0 10.0
105.0 25.0 20.0 10.0
703.0 657.0 20.0 10.0
1537.0 659.0 20.0 10.0
1236.0 1264.0 20.0 10.0
876.0 507.0 20.0 10.0
954.0 824.0 20.0 10.0
1237.0 1081.0 20.0 10.0
1316.0 1426.0 20.0 10.0
1059.0 1060.0 20.0 10.0
1003.0 746.0 20.0 10.0
264.0 100.0 20.0 10.0
1287.0 1034.0 20.0 10.0
1514.0 494.0 20.0 10.0
1670.0 776.0 20.0 10.0
149.0 139.0 20.0 10.0
1456.0 750.0 20.0 10.0
273.0 252.0 20.0 10.0
746.0 384.0 20.0 10.0
1175.0 1391.0 20.0 10.0
629.0 339.0 20.0 10.0
1568.0 590.0 20.0 10.0
413.0 353.0 20.0 10.0
263.0 169.0 20.0 10.0
258.0 190.0 20.0 10.0
866.0 420.0 20.0 10.0
1486.0 699.0 20.0 10.0
77.0 123.0 20.0 10.0
696.0 705.0 20.0 10.0
182.0 404.0 20.0 10.0
1441.0 472.0 20.0 10.0
1167.0 1290.0 20.0 10.0
1548.0 751.0 20.0 10.0
1571.0 606.0 20.0 10.0
1192.0 1433.0 20.0 10.0
833.0 692.0 20.0 10.0
661.0 659.0 20.0 10.0
155.0 131.0 20.0 10.0
788.0 449.0 20.0 10.0
824.0 689.0 20.0 10.0
921.0 1275.0 20.0 10.0
1383.0 443.0 20.0 10.0
1420.0 341.0 20.0 10.0
875.0 498.0 20.0 10.0
1550.0 726.0 20.0 10.0
385.0 291.0 20.0 10.0
631.0 264.0 20.0 10.0
1166.0 590.0 20.0 10.0
443.0 332.0 20.0 10.0
824.0 542.0 20.0 10.0
896.0 475.0 20.0 10.0
1472.0 539.0 20.0 10.0
1018.0 1253.0 20.0 10.0
890.0 511.0 20.0 10.0
617.0 163.0 20.0 10.0
606.0 525.0 20.0 10.0
1227.0 528.0 20.0 10.0
1608.0 484.0 20.0 10.0
686.0 593.0 20.0 10.0
1050.0 1053.0 20.0 10.0
644.0 828.0 20.0 10.0
1424.0 564.0 20.0 10.0
942.0 730.0 20.0 10.0
1455.0 382.0 20.0 10.0
1063.0 1086.0 20.0 10.0
839.0 644.0 20.0 10.0
1493.0 651.0 20.0 10.0
1139.0 565.0 20.0 10.0
687.0 697.0 20.0 10.0
1197.0 631.0 20.0 10.0
37.0 398.0 20.0 10.0
1357.0 453.0 20.0 10.0
589.0 513.0 20.0 10.0
386.0 603.0 20.0 10.0
1180.0 984.0 20.0 10.0
1426.0 461.0 20.0 10.0
1576.0 743.0 20.0 10.0
1199.0 557.0 20.0 10.0
1177.0 1284.0 20.0 10.0
734.0 438.0 20.0 10.0
1194.0 1240.0 20.0 10.0
112.0 25.0 20.0 10.0
86.0 376.0 20.0 10.0
677.0 684.0 20.0 10.0
1250.0 1376.0 20.0 10.0
641.0 148.0 20.0 10.0
756.0 386.0 20.0 10.0
221.0 203.0 20.0 10.0
1118.0 1129.0 20.0 10.0
312.0 421.0 20.0 10.0
968.0 782.0 20.0 10.0
1224.0 554.0 20.0 10.0
621.0 859.0 20.0 10.0
1366.0 1593.0 20.0 10.0
1528.0 743.0 20.0 10.0
1129.0 706.0 20.0 10.0
1382.0 422.0 20.0 10.0
302.0 270.0 20.0 10.0
856.0 654.0 20.0 10.0
571.0 432.0 20.0 10.0
1313.0 1492.0 20.0 10.0
1514.0 610.0 20.0 10.0
368.0 615.0 20.0 10.0
984.0 1146.0 20.0 10.0
1469.0 768.0 20.0 10.0
991.0 902.0 20.0 10.0
1479.0 764.0 20.0 10.0
1153.0 1255.0 20.0 10.0
859.0 592.0 20.0 10.0
1574.0 441.0 20.0 10.0
1520.0 666.0 20.0 10.0
1284.0 1071.0 20.0 10.0
1190.0 1316.0 20.0 10.0
1161.0 472.0 20.0 10.0
1204.0 1386.0 20.0 10.0
1000.0 1120.0 20.0 10.0
960.0 1115.0 20.0 10.0
1554.0 619.0 20.0 10.0
794.0 694.0 20.0 10.0
489.0 542.0 20.0 10.0
1346.0 1539.0 20.0 10.0
741.0 673.0 20.0 10.0
932.0 756.0 20.0 10.0
38.0 108.0 20.0 10.0
1139.0 645.0 20.0 10.0
910.0 1246.0 20.0 10.0
710.0 634.0 20.0 10.0
1138.0 1155.0 20.0 10.0
1691.0 788.0 20.0 10.0
681.0 655.0 20.0 10.0
1505.0 550.0 20.0 10.0
427.0 278.0 20.0 10.0
1198.0 1451.0 20.0 10.0
672.0 694.0 20.0 10.0
1526.0 649.0 20.0 10.0
156.0 175.0 20.0 10.0
759.0 574.0 20.0 10.0
1309.0 1081.0 20.0 10.0
1074.0 1082.0 20.0 10.0
1091.0 946.0 20.0 10.0
1122.0 1072.0 20.0 10.0
1087.0 461.0 20.0 10.0
715.0 800.0 20.0 10.0
648.0 235.0 20.0 10.0
1240.0 1332.0 20.0 10.0
1443.0 386.0 20.0 10.0
230.0 144.0 20.0 10.0
905.0 1300.0 20.0 10.0
1427.0 414.0 20.0 10.0
660.0 235.0 20.0 10.0
1171.0 620.0 20.0 10.0
1372.0 416.0 20.0 10.0
636.0 119.0 20.0 10.0
1507.0 486.0 20.0 10.0
1135.0 1083.0 20.0 10.0
183.0 420.0 20.0 10.0
628.0 97.0 20.0 10.0
1010.0 1116.0 20.0 10.0
748.0 419.0 20.0 10.0
1186.0 595.0 20.0 10.0
290.0 145.0 20.0 10.0
959.0 1170.0 20.0 10.0
186.0 175.0 20.0 10.0
1031.0 1208.0 20.0 10.0
1051.0 1082.0 20.0 10.0
340.0 329.0 20.0 10.0
908.0 1294.0 20.0 10.0
1152.0 951.0 20.0 10.0
116.0 142.0 20.0 10.0
862.0 368.0 20.0 10.0
377.0 608.0 20.0 10.0
1164.0 448.0 20.0 10.0
1581.0 727.0 20.0 10.0
1179.0 1427.0 20.0 10.0
1023.0 736.0 20.0 10.0
1254.0 1276.0 20.0 10.0
428.0 590.0 20.0 10.0
778.0 444.0 20.0 10.0
1445.0 571.0 20.0 10.0
637.0 867.0 20.0 10.0
1635.0 463.0 20.0 10.0
425.0 579.0 20.0 10.0
1590.0 423.0 20.0 10.0
1105.0 1072.0 20.0 10.0
669.0 857.0 20.0 10.0
893.0 560.0 20.0 10.0
985.0 772.0 20.0 10.0
1506.0 527.0 20.0 10.0
585.0 523.0 20.0 10.0
1174.0 1343.0 20.0 10.0
1576.0 493.0 20.0 10.0
318.0 296.0 20.0 10.0
523.0 448.0 20.0 10.0
1084.0 880.0 20.0 10.0
1079.0 1036.0 20.0 10.0
1466.0 554.0 20.0 10.0
410.0 408.0 20.0 10.0
555.0 718.0 20.0 10.0
1241.0 1041.0 20.0 10.0
304.0 384.0 20.0 10.0
1591.0 442.0 20.0 10.0
161.0 74.0 20.0 10.0
714.0 444.0 20.0 10.0
1425.0 424.0 20.0 10.0
962.0 840.0 20.0 10.0
876.0 553.0 20.0 10.0
143.0 90.0 20.0 10.0
189.0 132.0 20.0 10.0
333.0 581.0 20.0 10.0
1111.0 944.0 20.0 10.0
1341.0 1539.0 20.0 10.0
590.0 684.0 20.0 10.0
401.0 365.0 20.0 10.0
1305.0 1469.0 20.0 10.0
132.0 102.0 20.0 10.0
1357.0 1474.0 20.0 10.0
892.0 1322.0 20.0 10.0
172.0 67.0 20.0 10.0
226.0 155.0 20.0 10.0
1235.0 1056.0 20.0 10.0
1006.0 1198.0 20.0 10.0
738.0 386.0 20.0 10.0
1299.0 1099.0 20.0 10.0
1251.0 1079.0 20.0 10.0
689.0 602.0 20.0 10.0
1020.0 683.0 20.0 10.0
712.0 697.0 20.0 10.0
516.0 457.0 20.0 10.0
313.0 435.0 20.0 10.0
1179.0 1251.0 20.0 10.0
167.0 159.0 20.0 10.0
561.0 486.0 20.0 10.0
779.0 475.0 20.0 10.0
1305.0 1554.0 20.0 10.0
920.0 1287.0 20.0 10.0
245.0 233.0 20.0 10.0
1332.0 1088.0 20.0 10.0
721.0 581.0 20.0 10.0
1396.0 738.0 20.0 10.0
667.0 784.0 20.0 10.0
309.0 244.0 20.0 10.0
281.0 213.0 20.0 10.0
1108.0 491.0 20.0 10.0
169.0 103.0 20.0 10.0
695.0 817.0 20.0 10.0
244.0 142.0 20.0 10.0
666.0 601.0 20.0 10.0
1120.0 1091.0 20.0 10.0
1204.0 516.0 20.0 10.0
1048.0 700.0 20.0 10.0
814.0 539.0 20.0 10.0
151.0 84.0 20.0 10.0
1481.0 659.0 20.0 10.0
1615.0 417.0 20.0 10.0
365.0 599.0 20.0 10.0
538.0 524.0 20.0 10.0
357.0 599.0 20.0 10.0
332.0 329.0 20.0 10.0
868.0 407.0 20.0 10.0
731.0 472.0 20.0 10.0
968.0 1139.0 20.0 10.0
1393.0 445.0 20.0 10.0
294.0 228.0 20.0 10.0
1190.0 514.0 20.0 10.0
1193.0 1260.0 20.0 10.0
280.0 393.0 20.0 10.0
1177.0 487.0 20.0 10.0
175.0 108.0 20.0 10.0
672.0 460.0 20.0 10.0
1487.0 692.0 20.0 10.0
187.0 95.0 20.0 10.0
1354.0 1568.0 20.0 10.0
1470.0 390.0 20.0 10.0
1073.0 900.0 20.0 10.0
852.0 583.0 20.0 10.0
351.0 628.0 20.0 10.0
1376.0 468.0 20.0 10.0
1677.0 757.0 20.0 10.0
334.0 606.0 20.0 10.0
945.0 1144.0 20.0 10.0
973.0 1267.0 20.0 10.0
1442.0 463.0 20.0 10.0
1700.0 753.0 20.0 10.0
245.0 242.0 20.0 10.0
1699.0 771.0 20.0 10.0
623.0 98.0 20.0 10.0
1057.0 730.0 20.0 10.0
146.0 392.0 20.0 10.0
1211.0 1281.0 20.0 10.0
79.0 74.0 20.0 10.0
1406.0 1143.0 20.0 10.0
1312.0 1549.0 20.0 10.0
1634.0 757.0 20.0 10.0
1302.0 1042.0 20.0 10.0
1059.0 1049.0 20.0 10.0
888.0 476.0 20.0 10.0
223.0 398.0 20.0 10.0
790.0 647.0 20.0 10.0
646.0 432.0 20.0 10.0
292.0 432.0 20.0 10.0
1128.0 1060.0 20.0 10.0
664.0 551.0 20.0 10.0
71.0 138.0 20.0 10.0
45.0 375.0 20.0 10.0
651.0 161.0 20.0 10.0
1446.0 619.0 20.0 10.0
1078.0 968.0 20.0 10.0
646.0 696.0 20.0 10.0
576.0 429.0 20.0 10.0
598.0 461.0 20.0 10.0
999.0 1065.0 20.0 10.0
51.0 55.0 20.0 10.0
212.0 213.0 20.0 10.0
1450.0 431.0 20.0 10.0
1184.0 1415.0 20.0 10.0
797.0 662.0 20.0 10.0
1257.0 1362.0 20.0 10.0
207.0 217.0 20.0 10.0
129.0 126.0 20.0 10.0
132.0 386.0 20.0 10.0
1141.0 543.0 20.0 10.0
707.0 570.0 20.0 10.0
612.0 232.0 20.0 10.0
242.0 95.0 20.0 10.0
669.0 790.0 20.0 10.0
320.0 320.0 20.0 10.0
1084.0 522.0 20.0 10.0
1191.0 1428.0 20.0 10.0
1467.0 360.0 20.0 10.0
1555.0 609.0 20.0 10.0
648.0 703.0 20.0 10.0
668.0 583.0 20.0 10.0
1549.0 760.0 20.0 10.0
1507.0 586.0 20.0 10.0
252.0 233.0 20.0 10.0
644.0 541.0 20.0 10.0
84.0 413.0 20.0 10.0
1171.0 965.0 20.0 10.0
228.0 116.0 20.0 10.0
1219.0 544.0 20.0 10.0
1088.0 556.0 20.0 10.0
1381.0 669.0 20.0 10.0
772.0 591.0 20.0 10.0
658.0 641.0 20.0 10.0
611.0 716.0 20.0 10.0
435.0 316.0 20.0 10.0
