1000
93.0 98.0 20.0 10.0
103.0 94.0 20.0 10.0
100.0 108.0 20.0 10.0
78.0 90.0 20.0 10.0
88.0 107.0 20.0 10.0
95.0 102.0 20.0 10.0
111.0 96.0 20.0 10.0
107.0 90.0 20.0 10.0
96.0 107.0 20.0 10.0
107.0 107.0 20.0 10.0
100.0 114.0 20.0 10.0
91.0 96.0 20.0 10.0
121.0 106.0 20.0 10.0
110.0 77.0 20.0 10.0
93.0 117.0 20.0 10.0
95.0 91.0 20.0 10.0
119.0 94.0 20.0 10.0
81.0 103.0 20.0 10.0
92.0 115.0 20.0 10.0
96.0 100.0 20.0 10.0
90.0 106.0 20.0 10.0
89.0 89.0 20.0 10.0
82.0 94.0 20.0 10.0
103.0 89.0 20.0 10.0
101.0 115.0 20.0 10.0
79.0 92.0 20.0 10.0
84.0 89.0 20.0 10.0
95.0 79.0 20.0 10.0
102.0 103.0 20.0 10.0
122.0 117.0 20.0 10.0
85.0 100.0 20.0 10.0
95.0 87.0 20.0 10.0
102.0 83.0 20.0 10.0
108.0 86.0 20.0 10.0
97.0 105.0 20.0 10.0
117.0 100.0 20.0 10.0
102.0 118.0 20.0 10.0
102.0 98.0 20.0 10.0
122.0 92.0 20.0 10.0
103.0 116.0 20.0 10.0
93.0 72.0 20.0 10.0
102.0 78.0 20.0 10.0
85.0 84.0 20.0 10.0
112.0 84.0 20.0 10.0
78.0 106.0 20.0 10.0
84.0 86.0 20.0 10.0
110.0 100.0 20.0 10.0
101.0 105.0 20.0 10.0
90.0 121.0 20.0 10.0
96.0 84.0 20.0 10.0
98.0 111.0 20.0 10.0
122.0 98.0 20.0 10.0
80.0 118.0 20.0 10.0
110.0 114.0 20.0 10.0
76.0 103.0 20.0 10.0
105.0 93.0 20.0 10.0
77.0 108.0 20.0 10.0
85.0 95.0 20.0 10.0
100.0 87.0 20.0 10.0
100.0 127.0 20.0 10.0
104.0 90.0 20.0 10.0
73.0 108.0 20.0 10.0
86.0 119.0 20.0 10.0
104.0 109.0 20.0 10.0
102.0 91.0 20.0 10.0
128.0 113.0 20.0 10.0
92.0 94.0 20.0 10.0
77.0 114.0 20.0 10.0
75.0 128.0 20.0 10.0
88.0 112.0 20.0 10.0
112.0 94.0 20.0 10.0
92.0 99.0 20.0 10.0
83.0 85.0 20.0 10.0
110.0 117.0 20.0 10.0
72.0 106.0 20.0 10.0
117.0 106.0 20.0 10.0
59.0 114.0 20.0 10.0
107.0 104.0 20.0 10.0
76.0 107.0 20.0 10.0
113.0 72.0 20.0 10.0
100.0 92.0 20.0 10.0
81.0 122.0 20.0 10.0
97.0 97.0 20.0 10.0
87.0 126.0 20.0 10.0
96.0 120.0 20.0 10.0
77.0 99.0 20.0 10.0
76.0 124.0 20.0 10.0
91.0 89.0 20.0 10.0
100.0 119.0 20.0 10.0
100.0 59.0 20.0 10.0
99.0 125.0 20.0 10.0
115.0 117.0 20.0 10.0
104.0 67.0 20.0 10.0
115.0 95.0 20.0 10.0
112.0 98.0 20.0 10.0
83.0 100.0 20.0 10.0
79.0 73.0 20.0 10.0
92.0 113.0 20.0 10.0
114.0 71.0 20.0 10.0
92.0 124.0 20.0 10.0
97.0 94.0 20.0 10.0
64.0 97.0 20.0 10.0
105.0 101.0 20.0 10.0
116.0 88.0 20.0 10.0
109.0 92.0 20.0 10.0
89.0 78.0 20.0 10.0
129.0 104.0 20.0 10.0
89.0 77.0 20.0 10.0
111.0 103.0 20.0 10.0
102.0 76.0 20.0 10.0
109.0 121.0 20.0 10.0
105.0 113.0 20.0 10.0
95.0 77.0 20.0 10.0
105.0 85.0 20.0 10.0
84.0 116.0 20.0 10.0
108.0 124.0 20.0 10.0
125.0 100.0 20.0 10.0
127.0 89.0 20.0 10.0
71.0 100.0 20.0 10.0
95.0 69.0 20.0 10.0
126.0 108.0 20.0 10.0
110.0 111.0 20.0 10.0
82.0 99.0 20.0 10.0
84.0 126.0 20.0 10.0
108.0 105.0 20.0 10.0
67.0 73.0 20.0 10.0
92.0 123.0 20.0 10.0
67.0 79.0 20.0 10.0
87.0 73.0 20.0 10.0
100.0 68.0 20.0 10.0
122.0 116.0 20.0 10.0
95.0 116.0 20.0 10.0
122.0 89.0 20.0 10.0
102.0 101.0 20.0 10.0
111.0 79.0 20.0 10.0
118.0 131.0 20.0 10.0
83.0 80.0 20.0 10.0
98.0 68.0 20.0 10.0
94.0 85.0 20.0 10.0
125.0 63.0 20.0 10.0
94.0 109.0 20.0 10.0
92.0 121.0 20.0 10.0
119.0 71.0 20.0 10.0
127.0 72.0 20.0 10.0
85.0 105.0 20.0 10.0
113.0 135.0 20.0 10.0
82.0 88.0 20.0 10.0
95.0 72.0 20.0 10.0
98.0 85.0 20.0 10.0
81.0 112.0 20.0 10.0
105.0 129.0 20.0 10.0
73.0 109.0 20.0 10.0
121.0 88.0 20.0 10.0
58.0 122.0 20.0 10.0
116.0 92.0 20.0 10.0
89.0 92.0 20.0 10.0
63.0 114.0 20.0 10.0
103.0 57.0 20.0 10.0
75.0 125.0 20.0 10.0
123.0 103.0 20.0 10.0
80.0 99.0 20.0 10.0
95.0 82.0 20.0 10.0
141.0 108.0 20.0 10.0
105.0 116.0 20.0 10.0
71.0 128.0 20.0 10.0
121.0 111.0 20.0 10.0
74.0 122.0 20.0 10.0
46.0 100.0 20.0 10.0
103.0 96.0 20.0 10.0
94.0 133.0 20.0 10.0
103.0 100.0 20.0 10.0
97.0 92.0 20.0 10.0
97.0 128.0 20.0 10.0
67.0 78.0 20.0 10.0
117.0 125.0 20.0 10.0
127.0 97.0 20.0 10.0
132.0 67.0 20.0 10.0
133.0 122.0 20.0 10.0
78.0 94.0 20.0 10.0
114.0 121.0 20.0 10.0
115.0 116.0 20.0 10.0
113.0 61.0 20.0 10.0
129.0 102.0 20.0 10.0
71.0 113.0 20.0 10.0
64.0 87.0 20.0 10.0
113.0 102.0 20.0 10.0
93.0 89.0 20.0 10.0
92.0 101.0 20.0 10.0
73.0 136.0 20.0 10.0
129.0 122.0 20.0 10.0
63.0 104.0 20.0 10.0
72.0 124.0 20.0 10.0
131.0 96.0 20.0 10.0
95.0 123.0 20.0 10.0
73.0 72.0 20.0 10.0
106.0 111.0 20.0 10.0
84.0 90.0 20.0 10.0
101.0 71.0 20.0 10.0
109.0 84.0 20.0 10.0
107.0 99.0 20.0 10.0
68.0 111.0 20.0 10.0
118.0 91.0 20.0 10.0
88.0 97.0 20.0 10.0
124.0 112.0 20.0 10.0
53.0 97.0 20.0 10.0
94.0 121.0 20.0 10.0
101.0 54.0 20.0 10.0
91.0 137.0 20.0 10.0
63.0 90.0 20.0 10.0
71.0 116.0 20.0 10.0
96.0 61.0 20.0 10.0
63.0 80.0 20.0 10.0
77.0 91.0 20.0 10.0
94.0 76.0 20.0 10.0
92.0 84.0 20.0 10.0
65.0 117.0 20.0 10.0
105.0 145.0 20.0 10.0
120.0 105.0 20.0 10.0
66.0 120.0 20.0 10.0
81.0 115.0 20.0 10.0
93.0 128.0 20.0 10.0
84.0 122.0 20.0 10.0
136.0 91.0 20.0 10.0
78.0 143.0 20.0 10.0
136.0 113.0 20.0 10.0
75.0 83.0 20.0 10.0
124.0 94.0 20.0 10.0
115.0 68.0 20.0 10.0
80.0 113.0 20.0 10.0
93.0 64.0 20.0 10.0
102.0 141.0 20.0 10.0
73.0 80.0 20.0 10.0
69.0 108.0 20.0 10.0
109.0 109.0 20.0 10.0
115.0 73.0 20.0 10.0
154.0 94.0 20.0 10.0
129.0 97.0 20.0 10.0
84.0 113.0 20.0 10.0
123.0 107.0 20.0 10.0
78.0 74.0 20.0 10.0
74.0 54.0 20.0 10.0
110.0 64.0 20.0 10.0
87.0 79.0 20.0 10.0
98.0 136.0 20.0 10.0
144.0 106.0 20.0 10.0
99.0 96.0 20.0 10.0
113.0 123.0 20.0 10.0
113.0 93.0 20.0 10.0
104.0 137.0 20.0 10.0
109.0 97.0 20.0 10.0
102.0 130.0 20.0 10.0
85.0 136.0 20.0 10.0
70.0 88.0 20.0 10.0
136.0 108.0 20.0 10.0
96.0 65.0 20.0 10.0
117.0 94.0 20.0 10.0
109.0 134.0 20.0 10.0
106.0 60.0 20.0 10.0
63.0 91.0 20.0 10.0
104.0 76.0 20.0 10.0
117.0 78.0 20.0 10.0
83.0 64.0 20.0 10.0
134.0 132.0 20.0 10.0
68.0 109.0 20.0 10.0
131.0 87.0 20.0 10.0
131.0 107.0 20.0 10.0
86.0 76.0 20.0 10.0
61.0 107.0 20.0 10.0
121.0 55.0 20.0 10.0
86.0 146.0 20.0 10.0
73.0 149.0 20.0 10.0
93.0 61.0 20.0 10.0
85.0 125.0 20.0 10.0
86.0 114.0 20.0 10.0
92.0 137.0 20.0 10.0
100.0 130.0 20.0 10.0
111.0 118.0 20.0 10.0
57.0 144.0 20.0 10.0
110.0 56.0 20.0 10.0
118.0 128.0 20.0 10.0
110.0 142.0 20.0 10.0
106.0 133.0 20.0 10.0
118.0 56.0 20.0 10.0
99.0 82.0 20.0 10.0
99.0 75.0 20.0 10.0
137.0 98.0 20.0 10.0
129.0 125.0 20.0 10.0
99.0 112.0 20.0 10.0
126.0 115.0 20.0 10.0
83.0 93.0 20.0 10.0
112.0 127.0 20.0 10.0
104.0 123.0 20.0 10.0
125.0 105.0 20.0 10.0
130.0 77.0 20.0 10.0
116.0 81.0 20.0 10.0
76.0 92.0 20.0 10.0
113.0 106.0 20.0 10.0
52.0 100.0 20.0 10.0
136.0 78.0 20.0 10.0
104.0 69.0 20.0 10.0
76.0 117.0 20.0 10.0
91.0 102.0 20.0 10.0
136.0 111.0 20.0 10.0
137.0 69.0 20.0 10.0
74.0 76.0 20.0 10.0
67.0 148.0 20.0 10.0
81.0 136.0 20.0 10.0
134.0 89.0 20.0 10.0
87.0 111.0 20.0 10.0
119.0 64.0 20.0 10.0
128.0 110.0 20.0 10.0
115.0 109.0 20.0 10.0
133.0 85.0 20.0 10.0
134.0 128.0 20.0 10.0
115.0 104.0 20.0 10.0
102.0 112.0 20.0 10.0
123.0 133.0 20.0 10.0
81.0 84.0 20.0 10.0
61.0 119.0 20.0 10.0
65.0 81.0 20.0 10.0
51.0 63.0 20.0 10.0
115.0 63.0 20.0 10.0
67.0 97.0 20.0 10.0
72.0 78.0 20.0 10.0
100.0 63.0 20.0 10.0
144.0 78.0 20.0 10.0
107.0 101.0 20.0 10.0
149.0 122.0 20.0 10.0
82.0 80.0 20.0 10.0
88.0 63.0 20.0 10.0
63.0 112.0 20.0 10.0
119.0 102.0 20.0 10.0
132.0 94.0 20.0 10.0
77.0 110.0 20.0 10.0
50.0 103.0 20.0 10.0
128.0 101.0 20.0 10.0
115.0 140.0 20.0 10.0
82.0 68.0 20.0 10.0
104.0 91.0 20.0 10.0
110.0 121.0 20.0 10.0
85.0 63.0 20.0 10.0
129.0 84.0 20.0 10.0
107.0 113.0 20.0 10.0
99.0 49.0 20.0 10.0
58.0 90.0 20.0 10.0
120.0 98.0 20.0 10.0
144.0 94.0 20.0 10.0
48.0 107.0 20.0 10.0
96.0 74.0 20.0 10.0
117.0 73.0 20.0 10.0
76.0 72.0 20.0 10.0
88.0 129.0 20.0 10.0
62.0 75.0 20.0 10.0
93.0 58.0 20.0 10.0
79.0 122.0 20.0 10.0
127.0 131.0 20.0 10.0
149.0 108.0 20.0 10.0
47.0 97.0 20.0 10.0
141.0 116.0 20.0 10.0
53.0 89.0 20.0 10.0
79.0 159.0 20.0 10.0
125.0 84.0 20.0 10.0
73.0 104.0 20.0 10.0
66.0 92.0 20.0 10.0
118.0 123.0 20.0 10.0
76.0 87.0 20.0 10.0
160.0 92.0 20.0 10.0
111.0 116.0 20.0 10.0
130.0 91.0 20.0 10.0
100.0 122.0 20.0 10.0
126.0 78.0 20.0 10.0
87.0 58.0 20.0 10.0
91.0 119.0 20.0 10.0
106.0 55.0 20.0 10.0
131.0 83.0 20.0 10.0
63.0 116.0 20.0 10.0
54.0 63.0 20.0 10.0
117.0 83.0 20.0 10.0
69.0 114.0 20.0 10.0
130.0 88.0 20.0 10.0
125.0 86.0 20.0 10.0
99.0 76.0 20.0 10.0
101.0 109.0 20.0 10.0
60.0 92.0 20.0 10.0
64.0 67.0 20.0 10.0
151.0 86.0 20.0 10.0
93.0 143.0 20.0 10.0
67.0 112.0 20.0 10.0
131.0 72.0 20.0 10.0
65.0 77.0 20.0 10.0
88.0 67.0 20.0 10.0
81.0 47.0 20.0 10.0
101.0 64.0 20.0 10.0
68.0 124.0 20.0 10.0
120.0 92.0 20.0 10.0
70.0 108.0 20.0 10.0
98.0 143.0 20.0 10.0
60.0 123.0 20.0 10.0
97.0 130.0 20.0 10.0
96.0 133.0 20.0 10.0
94.0 119.0 20.0 10.0
72.0 91.0 20.0 10.0
133.0 106.0 20.0 10.0
125.0 80.0 20.0 10.0
118.0 118.0 20.0 10.0
87.0 119.0 20.0 10.0
68.0 65.0 20.0 10.0
121.0 138.0 20.0 10.0
111.0 147.0 20.0 10.0
133.0 74.0 20.0 10.0
108.0 68.0 20.0 10.0
77.0 68.0 20.0 10.0
138.0 129.0 20.0 10.0
130.0 119.0 20.0 10.0
143.0 71.0 20.0 10.0
113.0 87.0 20.0 10.0
97.0 153.0 20.0 10.0
132.0 80.0 20.0 10.0
81.0 59.0 20.0 10.0
59.0 132.0 20.0 10.0
70.0 94.0 20.0 10.0
119.0 73.0 20.0 10.0
106.0 119.0 20.0 10.0
138.0 106.0 20.0 10.0
106.0 30.0 20.0 10.0
67.0 89.0 20.0 10.0
119.0 108.0 20.0 10.0
132.0 109.0 20.0 10.0
50.0 110.0 20.0 10.0
78.0 54.0 20.0 10.0
73.0 111.0 20.0 10.0
115.0 132.0 20.0 10.0
128.0 61.0 20.0 10.0
93.0 137.0 20.0 10.0
144.0 115.0 20.0 10.0
82.0 83.0 20.0 10.0
97.0 49.0 20.0 10.0
135.0 94.0 20.0 10.0
90.0 68.0 20.0 10.0
126.0 123.0 20.0 10.0
78.0 131.0 20.0 10.0
83.0 71.0 20.0 10.0
100.0 133.0 20.0 10.0
118.0 66.0 20.0 10.0
58.0 97.0 20.0 10.0
124.0 140.0 20.0 10.0
71.0 56.0 20.0 10.0
117.0 110.0 20.0 10.0
121.0 53.0 20.0 10.0
111.0 61.0 20.0 10.0
154.0 128.0 20.0 10.0
89.0 91.0 20.0 10.0
144.0 137.0 20.0 10.0
108.0 57.0 20.0 10.0
136.0 89.0 20.0 10.0
53.0 115.0 20.0 10.0
78.0 129.0 20.0 10.0
108.0 70.0 20.0 10.0
49.0 121.0 20.0 10.0
104.0 157.0 20.0 10.0
102.0 137.0 20.0 10.0
58.0 74.0 20.0 10.0
139.0 116.0 20.0 10.0
59.0 78.0 20.0 10.0
81.0 139.0 20.0 10.0
83.0 77.0 20.0 10.0
141.0 126.0 20.0 10.0
74.0 127.0 20.0 10.0
130.0 47.0 20.0 10.0
154.0 103.0 20.0 10.0
88.0 49.0 20.0 10.0
56.0 108.0 20.0 10.0
55.0 119.0 20.0 10.0
61.0 104.0 20.0 10.0
130.0 141.0 20.0 10.0
118.0 87.0 20.0 10.0
126.0 137.0 20.0 10.0
73.0 69.0 20.0 10.0
73.0 77.0 20.0 10.0
135.0 103.0 20.0 10.0
136.0 87.0 20.0 10.0
129.0 107.0 20.0 10.0
116.0 58.0 20.0 10.0
54.0 107.0 20.0 10.0
71.0 68.0 20.0 10.0
80.0 54.0 20.0 10.0
127.0 135.0 20.0 10.0
139.0 93.0 20.0 10.0
75.0 96.0 20.0 10.0
84.0 70.0 20.0 10.0
84.0 55.0 20.0 10.0
128.0 81.0 20.0 10.0
91.0 70.0 20.0 10.0
88.0 145.0 20.0 10.0
125.0 125.0 20.0 10.0
160.0 127.0 20.0 10.0
115.0 76.0 20.0 10.0
105.0 149.0 20.0 10.0
84.0 51.0 20.0 10.0
52.0 76.0 20.0 10.0
76.0 134.0 20.0 10.0
90.0 55.0 20.0 10.0
53.0 125.0 20.0 10.0
133.0 53.0 20.0 10.0
101.0 135.0 20.0 10.0
60.0 101.0 20.0 10.0
125.0 49.0 20.0 10.0
76.0 52.0 20.0 10.0
125.0 66.0 20.0 10.0
117.0 121.0 20.0 10.0
73.0 115.0 20.0 10.0
125.0 75.0 20.0 10.0
59.0 61.0 20.0 10.0
120.0 75.0 20.0 10.0
69.0 136.0 20.0 10.0
44.0 128.0 20.0 10.0
67.0 128.0 20.0 10.0
106.0 142.0 20.0 10.0
50.0 108.0 20.0 10.0
70.0 72.0 20.0 10.0
68.0 61.0 20.0 10.0
77.0 60.0 20.0 10.0
119.0 68.0 20.0 10.0
72.0 120.0 20.0 10.0
122.0 137.0 20.0 10.0
141.0 91.0 20.0 10.0
48.0 75.0 20.0 10.0
57.0 101.0 20.0 10.0
93.0 140.0 20.0 10.0
85.0 142.0 20.0 10.0
94.0 154.0 20.0 10.0
102.0 59.0 20.0 10.0
146.0 103.0 20.0 10.0
139.0 111.0 20.0 10.0
48.0 49.0 20.0 10.0
60.0 128.0 20.0 10.0
81.0 96.0 20.0 10.0
61.0 77.0 20.0 10.0
135.0 62.0 20.0 10.0
63.0 122.0 20.0 10.0
114.0 127.0 20.0 10.0
59.0 65.0 20.0 10.0
90.0 144.0 20.0 10.0
113.0 128.0 20.0 10.0
63.0 72.0 20.0 10.0
128.0 69.0 20.0 10.0
53.0 84.0 20.0 10.0
51.0 112.0 20.0 10.0
61.0 94.0 20.0 10.0
88.0 120.0 20.0 10.0
143.0 138.0 20.0 10.0
89.0 62.0 20.0 10.0
133.0 69.0 20.0 10.0
144.0 119.0 20.0 10.0
124.0 127.0 20.0 10.0
85.0 137.0 20.0 10.0
111.0 81.0 20.0 10.0
63.0 143.0 20.0 10.0
83.0 147.0 20.0 10.0
166.0 104.0 20.0 10.0
106.0 138.0 20.0 10.0
124.0 117.0 20.0 10.0
69.0 79.0 20.0 10.0
71.0 74.0 20.0 10.0
56.0 73.0 20.0 10.0
121.0 119.0 20.0 10.0
78.0 127.0 20.0 10.0
69.0 68.0 20.0 10.0
126.0 141.0 20.0 10.0
73.0 134.0 20.0 10.0
39.0 99.0 20.0 10.0
90.0 52.0 20.0 10.0
43.0 59.0 20.0 10.0
97.0 146.0 20.0 10.0
79.0 155.0 20.0 10.0
140.0 100.0 20.0 10.0
67.0 146.0 20.0 10.0
75.0 63.0 20.0 10.0
62.0 124.0 20.0 10.0
103.0 48.0 20.0 10.0
49.0 95.0 20.0 10.0
111.0 145.0 20.0 10.0
132.0 115.0 20.0 10.0
69.0 131.0 20.0 10.0
109.0 61.0 20.0 10.0
111.0 54.0 20.0 10.0
69.0 41.0 20.0 10.0
137.0 103.0 20.0 10.0
100.0 149.0 20.0 10.0
85.0 68.0 20.0 10.0
142.0 79.0 20.0 10.0
150.0 105.0 20.0 10.0
63.0 53.0 20.0 10.0
54.0 86.0 20.0 10.0
75.0 146.0 20.0 10.0
77.0 97.0 20.0 10.0
65.0 133.0 20.0 10.0
134.0 71.0 20.0 10.0
107.0 129.0 20.0 10.0
52.0 79.0 20.0 10.0
78.0 65.0 20.0 10.0
58.0 81.0 20.0 10.0
80.0 63.0 20.0 10.0
138.0 93.0 20.0 10.0
53.0 72.0 20.0 10.0
49.0 118.0 20.0 10.0
110.0 73.0 20.0 10.0
132.0 153.0 20.0 10.0
133.0 133.0 20.0 10.0
123.0 157.0 20.0 10.0
127.0 116.0 20.0 10.0
94.0 49.0 20.0 10.0
67.0 85.0 20.0 10.0
64.0 65.0 20.0 10.0
96.0 119.0 20.0 10.0
134.0 99.0 20.0 10.0
103.0 52.0 20.0 10.0
131.0 124.0 20.0 10.0
75.0 85.0 20.0 10.0
85.0 50.0 20.0 10.0
135.0 114.0 20.0 10.0
126.0 92.0 20.0 10.0
38.0 100.0 20.0 10.0
95.0 160.0 20.0 10.0
131.0 78.0 20.0 10.0
61.0 60.0 20.0 10.0
73.0 44.0 20.0 10.0
117.0 138.0 20.0 10.0
118.0 49.0 20.0 10.0
119.0 82.0 20.0 10.0
104.0 160.0 20.0 10.0
54.0 82.0 20.0 10.0
112.0 153.0 20.0 10.0
47.0 140.0 20.0 10.0
154.0 117.0 20.0 10.0
37.0 143.0 20.0 10.0
141.0 70.0 20.0 10.0
91.0 75.0 20.0 10.0
119.0 158.0 20.0 10.0
78.0 30.0 20.0 10.0
104.0 65.0 20.0 10.0
73.0 94.0 20.0 10.0
49.0 102.0 20.0 10.0
72.0 140.0 20.0 10.0
123.0 70.0 20.0 10.0
40.0 81.0 20.0 10.0
60.0 74.0 20.0 10.0
155.0 99.0 20.0 10.0
57.0 135.0 20.0 10.0
65.0 111.0 20.0 10.0
59.0 56.0 20.0 10.0
91.0 147.0 20.0 10.0
140.0 65.0 20.0 10.0
139.0 58.0 20.0 10.0
135.0 77.0 20.0 10.0
124.0 61.0 20.0 10.0
27.0 88.0 20.0 10.0
105.0 42.0 20.0 10.0
89.0 139.0 20.0 10.0
115.0 113.0 20.0 10.0
119.0 133.0 20.0 10.0
66.0 103.0 20.0 10.0
103.0 144.0 20.0 10.0
45.0 93.0 20.0 10.0
76.0 61.0 20.0 10.0
88.0 47.0 20.0 10.0
90.0 151.0 20.0 10.0
138.0 84.0 20.0 10.0
146.0 70.0 20.0 10.0
64.0 44.0 20.0 10.0
88.0 33.0 20.0 10.0
158.0 89.0 20.0 10.0
46.0 152.0 20.0 10.0
65.0 109.0 20.0 10.0
68.0 151.0 20.0 10.0
147.0 92.0 20.0 10.0
55.0 120.0 20.0 10.0
107.0 136.0 20.0 10.0
140.0 129.0 20.0 10.0
57.0 79.0 20.0 10.0
40.0 115.0 20.0 10.0
63.0 57.0 20.0 10.0
99.0 143.0 20.0 10.0
86.0 149.0 20.0 10.0
136.0 136.0 20.0 10.0
125.0 153.0 20.0 10.0
136.0 121.0 20.0 10.0
94.0 45.0 20.0 10.0
146.0 111.0 20.0 10.0
76.0 149.0 20.0 10.0
101.0 145.0 20.0 10.0
76.0 119.0 20.0 10.0
154.0 45.0 20.0 10.0
75.0 119.0 20.0 10.0
113.0 67.0 20.0 10.0
51.0 94.0 20.0 10.0
145.0 86.0 20.0 10.0
69.0 153.0 20.0 10.0
96.0 92.0 20.0 10.0
41.0 105.0 20.0 10.0
122.0 140.0 20.0 10.0
86.0 152.0 20.0 10.0
133.0 61.0 20.0 10.0
67.0 100.0 20.0 10.0
142.0 117.0 20.0 10.0
39.0 126.0 20.0 10.0
142.0 62.0 20.0 10.0
160.0 72.0 20.0 10.0
68.0 117.0 20.0 10.0
155.0 97.0 20.0 10.0
114.0 167.0 20.0 10.0
159.0 86.0 20.0 10.0
70.0 120.0 20.0 10.0
100.0 173.0 20.0 10.0
135.0 149.0 20.0 10.0
112.0 56.0 20.0 10.0
108.0 153.0 20.0 10.0
126.0 149.0 20.0 10.0
39.0 79.0 20.0 10.0
83.0 60.0 20.0 10.0
134.0 55.0 20.0 10.0
64.0 82.0 20.0 10.0
94.0 54.0 20.0 10.0
131.0 136.0 20.0 10.0
117.0 113.0 20.0 10.0
152.0 91.0 20.0 10.0
124.0 123.0 20.0 10.0
120.0 49.0 20.0 10.0
64.0 126.0 20.0 10.0
73.0 82.0 20.0 10.0
127.0 120.0 20.0 10.0
109.0 71.0 20.0 10.0
97.0 51.0 20.0 10.0
55.0 112.0 20.0 10.0
150.0 80.0 20.0 10.0
130.0 99.0 20.0 10.0
111.0 140.0 20.0 10.0
109.0 76.0 20.0 10.0
127.0 162.0 20.0 10.0
72.0 97.0 20.0 10.0
144.0 125.0 20.0 10.0
157.0 100.0 20.0 10.0
154.0 126.0 20.0 10.0
64.0 48.0 20.0 10.0
60.0 150.0 20.0 10.0
107.0 39.0 20.0 10.0
113.0 118.0 20.0 10.0
141.0 133.0 20.0 10.0
93.0 53.0 20.0 10.0
72.0 52.0 20.0 10.0
123.0 57.0 20.0 10.0
130.0 63.0 20.0 10.0
90.0 132.0 20.0 10.0
112.0 137.0 20.0 10.0
115.0 46.0 20.0 10.0
39.0 120.0 20.0 10.0
65.0 129.0 20.0 10.0
100.0 41.0 20.0 10.0
43.0 99.0 20.0 10.0
88.0 141.0 20.0 10.0
94.0 51.0 20.0 10.0
150.0 73.0 20.0 10.0
36.0 71.0 20.0 10.0
60.0 141.0 20.0 10.0
127.0 52.0 20.0 10.0
144.0 99.0 20.0 10.0
57.0 115.0 20.0 10.0
113.0 142.0 20.0 10.0
158.0 105.0 20.0 10.0
34.0 86.0 20.0 10.0
157.0 77.0 20.0 10.0
79.0 79.0 20.0 10.0
38.0 53.0 20.0 10.0
53.0 128.0 20.0 10.0
46.0 76.0 20.0 10.0
45.0 114.0 20.0 10.0
114.0 56.0 20.0 10.0
141.0 67.0 20.0 10.0
102.0 37.0 20.0 10.0
150.0 135.0 20.0 10.0
120.0 135.0 20.0 10.0
137.0 66.0 20.0 10.0
122.0 142.0 20.0 10.0
109.0 47.0 20.0 10.0
130.0 61.0 20.0 10.0
75.0 139.0 20.0 10.0
98.0 57.0 20.0 10.0
127.0 94.0 20.0 10.0
77.0 158.0 20.0 10.0
72.0 143.0 20.0 10.0
148.0 85.0 20.0 10.0
59.0 148.0 20.0 10.0
55.0 148.0 20.0 10.0
91.0 160.0 20.0 10.0
65.0 50.0 20.0 10.0
52.0 138.0 20.0 10.0
70.0 103.0 20.0 10.0
67.0 87.0 20.0 10.0
133.0 117.0 20.0 10.0
62.0 83.0 20.0 10.0
144.0 49.0 20.0 10.0
90.0 155.0 20.0 10.0
72.0 154.0 20.0 10.0
99.0 139.0 20.0 10.0
72.0 65.0 20.0 10.0
98.0 46.0 20.0 10.0
154.0 113.0 20.0 10.0
149.0 130.0 20.0 10.0
53.0 139.0 20.0 10.0
140.0 107.0 20.0 10.0
80.0 87.0 20.0 10.0
83.0 74.0 20.0 10.0
139.0 84.0 20.0 10.0
42.0 92.0 20.0 10.0
133.0 48.0 20.0 10.0
57.0 85.0 20.0 10.0
60.0 109.0 20.0 10.0
51.0 83.0 20.0 10.0
109.0 145.0 20.0 10.0
70.0 100.0 20.0 10.0
47.0 125.0 20.0 10.0
122.0 147.0 20.0 10.0
31.0 49.0 20.0 10.0
106.0 82.0 20.0 10.0
86.0 156.0 20.0 10.0
103.0 42.0 20.0 10.0
130.0 117.0 20.0 10.0
91.0 47.0 20.0 10.0
68.0 71.0 20.0 10.0
147.0 115.0 20.0 10.0
46.0 104.0 20.0 10.0
160.0 103.0 20.0 10.0
83.0 57.0 20.0 10.0
47.0 64.0 20.0 10.0
150.0 113.0 20.0 10.0
95.0 147.0 20.0 10.0
115.0 144.0 20.0 10.0
79.0 148.0 20.0 10.0
59.0 68.0 20.0 10.0
117.0 42.0 20.0 10.0
131.0 139.0 20.0 10.0
123.0 79.0 20.0 10.0
87.0 54.0 20.0 10.0
65.0 60.0 20.0 10.0
57.0 31.0 20.0 10.0
147.0 57.0 20.0 10.0
98.0 165.0 20.0 10.0
35.0 83.0 20.0 10.0
145.0 90.0 20.0 10.0
145.0 72.0 20.0 10.0
89.0 129.0 20.0 10.0
135.0 142.0 20.0 10.0
129.0 134.0 20.0 10.0
64.0 25.0 20.0 10.0
125.0 129.0 20.0 10.0
65.0 94.0 20.0 10.0
60.0 126.0 20.0 10.0
145.0 52.0 20.0 10.0
88.0 170.0 20.0 10.0
49.0 112.0 20.0 10.0
56.0 56.0 20.0 10.0
57.0 57.0 20.0 10.0
83.0 50.0 20.0 10.0
44.0 122.0 20.0 10.0
48.0 88.0 20.0 10.0
98.0 61.0 20.0 10.0
65.0 144.0 20.0 10.0
174.0 67.0 20.0 10.0
54.0 74.0 20.0 10.0
50.0 132.0 20.0 10.0
115.0 101.0 20.0 10.0
146.0 79.0 20.0 10.0
148.0 63.0 20.0 10.0
45.0 107.0 20.0 10.0
100.0 165.0 20.0 10.0
36.0 121.0 20.0 10.0
152.0 97.0 20.0 10.0
102.0 62.0 20.0 10.0
122.0 75.0 20.0 10.0
145.0 143.0 20.0 10.0
53.0 67.0 20.0 10.0
56.0 66.0 20.0 10.0
86.0 165.0 20.0 10.0
138.0 135.0 20.0 10.0
83.0 128.0 20.0 10.0
97.0 160.0 20.0 10.0
122.0 163.0 20.0 10.0
152.0 121.0 20.0 10.0
102.0 153.0 20.0 10.0
36.0 69.0 20.0 10.0
60.0 69.0 20.0 10.0
80.0 49.0 20.0 10.0
148.0 106.0 20.0 10.0
68.0 160.0 20.0 10.0
38.0 112.0 20.0 10.0
125.0 178.0 20.0 10.0
179.0 138.0 20.0 10.0
44.0 135.0 20.0 10.0
51.0 117.0 20.0 10.0
131.0 148.0 20.0 10.0
70.0 58.0 20.0 10.0
130.0 128.0 20.0 10.0
43.0 112.0 20.0 10.0
119.0 154.0 20.0 10.0
170.0 145.0 20.0 10.0
143.0 131.0 20.0 10.0
116.0 153.0 20.0 10.0
80.0 131.0 20.0 10.0
131.0 145.0 20.0 10.0
121.0 63.0 20.0 10.0
42.0 94.0 20.0 10.0
121.0 61.0 20.0 10.0
108.0 130.0 20.0 10.0
122.0 129.0 20.0 10.0
123.0 36.0 20.0 10.0
156.0 92.0 20.0 10.0
119.0 78.0 20.0 10.0
152.0 74.0 20.0 10.0
129.0 147.0 20.0 10.0
55.0 96.0 20.0 10.0
102.0 146.0 20.0 10.0
75.0 56.0 20.0 10.0
161.0 148.0 20.0 10.0
136.0 118.0 20.0 10.0
63.0 133.0 20.0 10.0
94.0 145.0 20.0 10.0
55.0 131.0 20.0 10.0
126.0 112.0 20.0 10.0
66.0 36.0 20.0 10.0
73.0 144.0 20.0 10.0
73.0 151.0 20.0 10.0
55.0 128.0 20.0 10.0
141.0 120.0 20.0 10.0
93.0 176.0 20.0 10.0
127.0 76.0 20.0 10.0
69.0 57.0 20.0 10.0
46.0 84.0 20.0 10.0
83.0 153.0 20.0 10.0
108.0 49.0 20.0 10.0
141.0 58.0 20.0 10.0
76.0 141.0 20.0 10.0
62.0 99.0 20.0 10.0
105.0 57.0 20.0 10.0
64.0 150.0 20.0 10.0
50.0 160.0 20.0 10.0
50.0 81.0 20.0 10.0
137.0 125.0 20.0 10.0
138.0 75.0 20.0 10.0
126.0 69.0 20.0 10.0
141.0 86.0 20.0 10.0
101.0 74.0 20.0 10.0
156.0 83.0 20.0 10.0
57.0 102.0 20.0 10.0
51.0 90.0 20.0 10.0
78.0 169.0 20.0 10.0
78.0 147.0 20.0 10.0
118.0 147.0 20.0 10.0
84.0 151.0 20.0 10.0
134.0 82.0 20.0 10.0
54.0 124.0 20.0 10.0
141.0 98.0 20.0 10.0
39.0 83.0 20.0 10.0
86.0 55.0 20.0 10.0
145.0 133.0 20.0 10.0
150.0 70.0 20.0 10.0
78.0 57.0 20.0 10.0
82.0 143.0 20.0 10.0
148.0 125.0 20.0 10.0
49.0 128.0 20.0 10.0
167.0 87.0 20.0 10.0
118.0 61.0 20.0 10.0
54.0 99.0 20.0 10.0
129.0 110.0 20.0 10.0
91.0 45.0 20.0 10.0
108.0 55.0 20.0 10.0
73.0 60.0 20.0 10.0
46.0 91.0 20.0 10.0
150.0 119.0 20.0 10.0
148.0 98.0 20.0 10.0
113.0 29.0 20.0 10.0
119.0 115.0 20.0 10.0
102.0 166.0 20.0 10.0
47.0 122.0 20.0 10.0
55.0 93.0 20.0 10.0
24.0 87.0 20.0 10.0
58.0 87.0 20.0 10.0
49.0 73.0 20.0 10.0
141.0 51.0 20.0 10.0
78.0 39.0 20.0 10.0
113.0 41.0 20.0 10.0
30.0 116.0 20.0 10.0
102.0 150.0 20.0 10.0
102.0 25.0 20.0 10.0
167.0 114.0 20.0 10.0
35.0 104.0 20.0 10.0
109.0 42.0 20.0 10.0
108.0 158.0 20.0 10.0
63.0 156.0 20.0 10.0
62.0 134.0 20.0 10.0
60.0 86.0 20.0 10.0
