1000
763.0 862.0 20.0 10.0
636.0 934.0 20.0 10.0
535.0 1023.0 20.0 10.0
882.0 790.0 20.0 10.0
938.0 642.0 20.0 10.0
955.0 868.0 20.0 10.0
1017.0 523.0 20.0 10.0
1057.0 420.0 20.0 10.0
430.0 1084.0 20.0 10.0
911.0 549.0 20.0 10.0
828.0 850.0 20.0 10.0
981.0 918.0 20.0 10.0
1097.0 482.0 20.0 10.0
882.0 891.0 20.0 10.0
332.0 1136.0 20.0 10.0
870.0 480.0 20.0 10.0
510.0 1097.0 20.0 10.0
797.0 853.0 20.0 10.0
796.0 820.0 20.0 10.0
836.0 411.0 20.0 10.0
921.0 624.0 20.0 10.0
1133.0 468.0 20.0 10.0
1013.0 897.0 20.0 10.0
835.0 857.0 20.0 10.0
1058.0 476.0 20.0 10.0
895.0 840.0 20.0 10.0
1133.0 476.0 20.0 10.0
514.0 1061.0 20.0 10.0
1086.0 436.0 20.0 10.0
486.0 1080.0 20.0 10.0
743.0 831.0 20.0 10.0
901.0 617.0 20.0 10.0
918.0 606.0 20.0 10.0
1063.0 385.0 20.0 10.0
305.0 1153.0 20.0 10.0
1016.0 931.0 20.0 10.0
883.0 990.0 20.0 10.0
959.0 834.0 20.0 10.0
1019.0 458.0 20.0 10.0
898.0 1070.0 20.0 10.0
805.0 790.0 20.0 10.0
1014.0 830.0 20.0 10.0
881.0 1013.0 20.0 10.0
977.0 623.0 20.0 10.0
728.0 799.0 20.0 10.0
1102.0 324.0 20.0 10.0
844.0 873.0 20.0 10.0
1168.0 437.0 20.0 10.0
905.0 819.0 20.0 10.0
1011.0 606.0 20.0 10.0
860.0 1039.0 20.0 10.0
916.0 479.0 20.0 10.0
992.0 831.0 20.0 10.0
638.0 967.0 20.0 10.0
576.0 947.0 20.0 10.0
1020.0 396.0 20.0 10.0
457.0 1095.0 20.0 10.0
703.0 796.0 20.0 10.0
872.0 862.0 20.0 10.0
312.0 1185.0 20.0 10.0
1039.0 510.0 20.0 10.0
908.0 1118.0 20.0 10.0
806.0 762.0 20.0 10.0
501.0 1148.0 20.0 10.0
299.0 1233.0 20.0 10.0
1143.0 237.0 20.0 10.0
387.0 1134.0 20.0 10.0
559.0 973.0 20.0 10.0
488.0 1158.0 20.0 10.0
862.0 886.0 20.0 10.0
282.0 1123.0 20.0 10.0
606.0 899.0 20.0 10.0
872.0 1041.0 20.0 10.0
266.0 1158.0 20.0 10.0
816.0 381.0 20.0 10.0
915.0 413.0 20.0 10.0
975.0 635.0 20.0 10.0
573.0 868.0 20.0 10.0
804.0 372.0 20.0 10.0
1062.0 982.0 20.0 10.0
814.0 354.0 20.0 10.0
597.0 871.0 20.0 10.0
607.0 938.0 20.0 10.0
568.0 908.0 20.0 10.0
264.0 1186.0 20.0 10.0
531.0 972.0 20.0 10.0
555.0 840.0 20.0 10.0
965.0 912.0 20.0 10.0
1040.0 832.0 20.0 10.0
1029.0 345.0 20.0 10.0
378.0 1163.0 20.0 10.0
758.0 886.0 20.0 10.0
1040.0 952.0 20.0 10.0
1164.0 458.0 20.0 10.0
920.0 450.0 20.0 10.0
909.0 866.0 20.0 10.0
789.0 303.0 20.0 10.0
637.0 990.0 20.0 10.0
1222.0 404.0 20.0 10.0
924.0 824.0 20.0 10.0
297.0 1146.0 20.0 10.0
1055.0 376.0 20.0 10.0
866.0 1089.0 20.0 10.0
1108.0 1032.0 20.0 10.0
768.0 262.0 20.0 10.0
203.0 1229.0 20.0 10.0
299.0 1264.0 20.0 10.0
1248.0 364.0 20.0 10.0
520.0 947.0 20.0 10.0
242.0 1147.0 20.0 10.0
465.0 1094.0 20.0 10.0
943.0 863.0 20.0 10.0
935.0 801.0 20.0 10.0
747.0 224.0 20.0 10.0
841.0 1088.0 20.0 10.0
245.0 1217.0 20.0 10.0
495.0 1194.0 20.0 10.0
486.0 1178.0 20.0 10.0
998.0 609.0 20.0 10.0
737.0 871.0 20.0 10.0
1176.0 171.0 20.0 10.0
1146.0 1063.0 20.0 10.0
948.0 614.0 20.0 10.0
1016.0 822.0 20.0 10.0
1055.0 962.0 20.0 10.0
1165.0 216.0 20.0 10.0
916.0 1156.0 20.0 10.0
1072.0 982.0 20.0 10.0
235.0 1115.0 20.0 10.0
152.0 1266.0 20.0 10.0
1087.0 448.0 20.0 10.0
439.0 1112.0 20.0 10.0
104.0 1297.0 20.0 10.0
893.0 1033.0 20.0 10.0
516.0 1097.0 20.0 10.0
862.0 1131.0 20.0 10.0
1050.0 496.0 20.0 10.0
1039.0 295.0 20.0 10.0
1002.0 968.0 20.0 10.0
348.0 1182.0 20.0 10.0
1022.0 1009.0 20.0 10.0
1216.0 401.0 20.0 10.0
334.0 1211.0 20.0 10.0
944.0 457.0 20.0 10.0
226.0 1164.0 20.0 10.0
1273.0 391.0 20.0 10.0
1068.0 441.0 20.0 10.0
1122.0 473.0 20.0 10.0
923.0 386.0 20.0 10.0
202.0 1106.0 20.0 10.0
729.0 770.0 20.0 10.0
309.0 1138.0 20.0 10.0
1052.0 263.0 20.0 10.0
907.0 1135.0 20.0 10.0
361.0 1187.0 20.0 10.0
1034.0 920.0 20.0 10.0
766.0 905.0 20.0 10.0
1085.0 468.0 20.0 10.0
982.0 609.0 20.0 10.0
863.0 1167.0 20.0 10.0
530.0 886.0 20.0 10.0
465.0 1215.0 20.0 10.0
879.0 923.0 20.0 10.0
918.0 1191.0 20.0 10.0
544.0 963.0 20.0 10.0
927.0 430.0 20.0 10.0
913.0 353.0 20.0 10.0
933.0 1181.0 20.0 10.0
965.0 586.0 20.0 10.0
793.0 342.0 20.0 10.0
584.0 848.0 20.0 10.0
708.0 774.0 20.0 10.0
973.0 444.0 20.0 10.0
486.0 1224.0 20.0 10.0
448.0 1250.0 20.0 10.0
918.0 525.0 20.0 10.0
1161.0 473.0 20.0 10.0
1184.0 202.0 20.0 10.0
1156.0 181.0 20.0 10.0
251.0 1114.0 20.0 10.0
1163.0 1078.0 20.0 10.0
1200.0 150.0 20.0 10.0
1042.0 254.0 20.0 10.0
592.0 846.0 20.0 10.0
220.0 1173.0 20.0 10.0
1136.0 1077.0 20.0 10.0
862.0 1117.0 20.0 10.0
875.0 894.0 20.0 10.0
775.0 916.0 20.0 10.0
1274.0 338.0 20.0 10.0
506.0 887.0 20.0 10.0
1147.0 193.0 20.0 10.0
497.0 1126.0 20.0 10.0
571.0 822.0 20.0 10.0
1149.0 1112.0 20.0 10.0
721.0 870.0 20.0 10.0
929.0 1238.0 20.0 10.0
288.0 1203.0 20.0 10.0
632.0 1014.0 20.0 10.0
1042.0 226.0 20.0 10.0
1040.0 908.0 20.0 10.0
974.0 952.0 20.0 10.0
966.0 935.0 20.0 10.0
938.0 590.0 20.0 10.0
843.0 453.0 20.0 10.0
88.0 1319.0 20.0 10.0
1064.0 829.0 20.0 10.0
1200.0 138.0 20.0 10.0
849.0 837.0 20.0 10.0
828.0 1118.0 20.0 10.0
849.0 1113.0 20.0 10.0
1114.0 395.0 20.0 10.0
282.0 1272.0 20.0 10.0
283.0 1177.0 20.0 10.0
1163.0 1089.0 20.0 10.0
820.0 767.0 20.0 10.0
1060.0 925.0 20.0 10.0
907.0 314.0 20.0 10.0
827.0 1133.0 20.0 10.0
1188.0 127.0 20.0 10.0
576.0 934.0 20.0 10.0
232.0 1182.0 20.0 10.0
487.0 1124.0 20.0 10.0
1102.0 952.0 20.0 10.0
730.0 821.0 20.0 10.0
72.0 1324.0 20.0 10.0
582.0 827.0 20.0 10.0
814.0 771.0 20.0 10.0
1053.0 386.0 20.0 10.0
860.0 1073.0 20.0 10.0
1217.0 170.0 20.0 10.0
914.0 1107.0 20.0 10.0
1089.0 458.0 20.0 10.0
514.0 1132.0 20.0 10.0
906.0 323.0 20.0 10.0
936.0 1265.0 20.0 10.0
690.0 750.0 20.0 10.0
269.0 1202.0 20.0 10.0
1163.0 134.0 20.0 10.0
707.0 818.0 20.0 10.0
1018.0 351.0 20.0 10.0
453.0 1260.0 20.0 10.0
846.0 1101.0 20.0 10.0
452.0 1293.0 20.0 10.0
303.0 1124.0 20.0 10.0
629.0 985.0 20.0 10.0
775.0 359.0 20.0 10.0
511.0 973.0 20.0 10.0
81.0 1312.0 20.0 10.0
1161.0 1112.0 20.0 10.0
933.0 512.0 20.0 10.0
475.0 887.0 20.0 10.0
902.0 572.0 20.0 10.0
1267.0 346.0 20.0 10.0
935.0 1278.0 20.0 10.0
984.0 989.0 20.0 10.0
1052.0 237.0 20.0 10.0
1029.0 598.0 20.0 10.0
885.0 1055.0 20.0 10.0
629.0 957.0 20.0 10.0
363.0 1179.0 20.0 10.0
1162.0 1135.0 20.0 10.0
746.0 874.0 20.0 10.0
905.0 1149.0 20.0 10.0
235.0 1175.0 20.0 10.0
576.0 828.0 20.0 10.0
574.0 970.0 20.0 10.0
493.0 984.0 20.0 10.0
1118.0 286.0 20.0 10.0
821.0 753.0 20.0 10.0
870.0 1016.0 20.0 10.0
1266.0 333.0 20.0 10.0
243.0 1180.0 20.0 10.0
451.0 866.0 20.0 10.0
909.0 1177.0 20.0 10.0
1049.0 819.0 20.0 10.0
496.0 865.0 20.0 10.0
870.0 915.0 20.0 10.0
1137.0 367.0 20.0 10.0
1036.0 945.0 20.0 10.0
987.0 600.0 20.0 10.0
1039.0 589.0 20.0 10.0
550.0 903.0 20.0 10.0
540.0 907.0 20.0 10.0
779.0 340.0 20.0 10.0
1088.0 945.0 20.0 10.0
466.0 943.0 20.0 10.0
909.0 303.0 20.0 10.0
962.0 644.0 20.0 10.0
551.0 999.0 20.0 10.0
554.0 924.0 20.0 10.0
914.0 362.0 20.0 10.0
761.0 928.0 20.0 10.0
1076.0 386.0 20.0 10.0
73.0 1316.0 20.0 10.0
1035.0 265.0 20.0 10.0
1199.0 119.0 20.0 10.0
835.0 1124.0 20.0 10.0
1295.0 314.0 20.0 10.0
480.0 1150.0 20.0 10.0
1218.0 79.0 20.0 10.0
573.0 804.0 20.0 10.0
419.0 848.0 20.0 10.0
1197.0 95.0 20.0 10.0
496.0 1232.0 20.0 10.0
1254.0 368.0 20.0 10.0
180.0 1180.0 20.0 10.0
1117.0 444.0 20.0 10.0
450.0 1242.0 20.0 10.0
263.0 1142.0 20.0 10.0
733.0 191.0 20.0 10.0
1210.0 86.0 20.0 10.0
79.0 1317.0 20.0 10.0
1187.0 441.0 20.0 10.0
540.0 841.0 20.0 10.0
885.0 603.0 20.0 10.0
969.0 873.0 20.0 10.0
836.0 747.0 20.0 10.0
904.0 1210.0 20.0 10.0
806.0 737.0 20.0 10.0
477.0 877.0 20.0 10.0
285.0 1262.0 20.0 10.0
1041.0 1047.0 20.0 10.0
903.0 269.0 20.0 10.0
1174.0 1087.0 20.0 10.0
1049.0 906.0 20.0 10.0
1013.0 1003.0 20.0 10.0
921.0 888.0 20.0 10.0
720.0 163.0 20.0 10.0
239.0 1213.0 20.0 10.0
322.0 1218.0 20.0 10.0
517.0 811.0 20.0 10.0
1132.0 372.0 20.0 10.0
443.0 1298.0 20.0 10.0
1078.0 987.0 20.0 10.0
505.0 1220.0 20.0 10.0
719.0 749.0 20.0 10.0
360.0 1150.0 20.0 10.0
1256.0 382.0 20.0 10.0
896.0 282.0 20.0 10.0
709.0 146.0 20.0 10.0
491.0 1257.0 20.0 10.0
1058.0 341.0 20.0 10.0
1200.0 104.0 20.0 10.0
1182.0 1144.0 20.0 10.0
928.0 1185.0 20.0 10.0
339.0 1170.0 20.0 10.0
926.0 1223.0 20.0 10.0
469.0 1200.0 20.0 10.0
272.0 1166.0 20.0 10.0
983.0 834.0 20.0 10.0
1054.0 316.0 20.0 10.0
954.0 814.0 20.0 10.0
1301.0 395.0 20.0 10.0
916.0 379.0 20.0 10.0
440.0 932.0 20.0 10.0
845.0 425.0 20.0 10.0
864.0 1033.0 20.0 10.0
1069.0 582.0 20.0 10.0
487.0 990.0 20.0 10.0
463.0 993.0 20.0 10.0
485.0 1260.0 20.0 10.0
1167.0 97.0 20.0 10.0
230.0 1204.0 20.0 10.0
291.0 1246.0 20.0 10.0
1003.0 941.0 20.0 10.0
1237.0 49.0 20.0 10.0
819.0 1176.0 20.0 10.0
1064.0 343.0 20.0 10.0
578.0 973.0 20.0 10.0
148.0 1184.0 20.0 10.0
885.0 260.0 20.0 10.0
1123.0 974.0 20.0 10.0
1286.0 349.0 20.0 10.0
851.0 1066.0 20.0 10.0
1069.0 912.0 20.0 10.0
814.0 1141.0 20.0 10.0
1202.0 1171.0 20.0 10.0
696.0 729.0 20.0 10.0
464.0 1146.0 20.0 10.0
1069.0 358.0 20.0 10.0
431.0 932.0 20.0 10.0
471.0 857.0 20.0 10.0
62.0 1330.0 20.0 10.0
998.0 1017.0 20.0 10.0
971.0 866.0 20.0 10.0
1221.0 109.0 20.0 10.0
1120.0 296.0 20.0 10.0
876.0 1031.0 20.0 10.0
394.0 834.0 20.0 10.0
515.0 825.0 20.0 10.0
1193.0 424.0 20.0 10.0
993.0 837.0 20.0 10.0
502.0 880.0 20.0 10.0
1303.0 330.0 20.0 10.0
1019.0 428.0 20.0 10.0
934.0 864.0 20.0 10.0
1006.0 625.0 20.0 10.0
1072.0 459.0 20.0 10.0
435.0 1275.0 20.0 10.0
743.0 858.0 20.0 10.0
278.0 1301.0 20.0 10.0
985.0 424.0 20.0 10.0
997.0 438.0 20.0 10.0
957.0 438.0 20.0 10.0
494.0 1148.0 20.0 10.0
1083.0 918.0 20.0 10.0
768.0 275.0 20.0 10.0
557.0 947.0 20.0 10.0
919.0 1139.0 20.0 10.0
272.0 1267.0 20.0 10.0
371.0 818.0 20.0 10.0
844.0 831.0 20.0 10.0
942.0 879.0 20.0 10.0
496.0 793.0 20.0 10.0
1029.0 430.0 20.0 10.0
1009.0 428.0 20.0 10.0
885.0 1065.0 20.0 10.0
53.0 1340.0 20.0 10.0
1103.0 969.0 20.0 10.0
711.0 139.0 20.0 10.0
710.0 870.0 20.0 10.0
472.0 1183.0 20.0 10.0
1198.0 1108.0 20.0 10.0
1054.0 1077.0 20.0 10.0
976.0 884.0 20.0 10.0
55.0 1328.0 20.0 10.0
1028.0 418.0 20.0 10.0
1274.0 350.0 20.0 10.0
253.0 1122.0 20.0 10.0
1315.0 375.0 20.0 10.0
1083.0 993.0 20.0 10.0
820.0 1203.0 20.0 10.0
1012.0 309.0 20.0 10.0
445.0 1329.0 20.0 10.0
190.0 1169.0 20.0 10.0
943.0 513.0 20.0 10.0
502.0 1120.0 20.0 10.0
404.0 1092.0 20.0 10.0
1113.0 457.0 20.0 10.0
1089.0 359.0 20.0 10.0
469.0 871.0 20.0 10.0
981.0 977.0 20.0 10.0
444.0 1168.0 20.0 10.0
1290.0 366.0 20.0 10.0
1170.0 1081.0 20.0 10.0
964.0 634.0 20.0 10.0
1082.0 561.0 20.0 10.0
875.0 1117.0 20.0 10.0
315.0 1210.0 20.0 10.0
560.0 810.0 20.0 10.0
901.0 821.0 20.0 10.0
488.0 948.0 20.0 10.0
1203.0 431.0 20.0 10.0
1012.0 273.0 20.0 10.0
551.0 871.0 20.0 10.0
229.0 1157.0 20.0 10.0
1244.0 137.0 20.0 10.0
900.0 1105.0 20.0 10.0
811.0 1207.0 20.0 10.0
1283.0 339.0 20.0 10.0
1036.0 625.0 20.0 10.0
1097.0 580.0 20.0 10.0
953.0 785.0 20.0 10.0
816.0 745.0 20.0 10.0
1064.0 412.0 20.0 10.0
1002.0 287.0 20.0 10.0
882.0 1090.0 20.0 10.0
1213.0 179.0 20.0 10.0
1111.0 418.0 20.0 10.0
1015.0 242.0 20.0 10.0
893.0 540.0 20.0 10.0
1161.0 100.0 20.0 10.0
964.0 941.0 20.0 10.0
820.0 724.0 20.0 10.0
327.0 1214.0 20.0 10.0
1120.0 571.0 20.0 10.0
1136.0 977.0 20.0 10.0
845.0 881.0 20.0 10.0
1156.0 206.0 20.0 10.0
1222.0 1192.0 20.0 10.0
518.0 1153.0 20.0 10.0
1184.0 464.0 20.0 10.0
1195.0 412.0 20.0 10.0
421.0 1297.0 20.0 10.0
1081.0 979.0 20.0 10.0
893.0 1090.0 20.0 10.0
922.0 1268.0 20.0 10.0
170.0 1250.0 20.0 10.0
1024.0 846.0 20.0 10.0
424.0 943.0 20.0 10.0
539.0 811.0 20.0 10.0
336.0 1197.0 20.0 10.0
1151.0 160.0 20.0 10.0
1102.0 831.0 20.0 10.0
599.0 847.0 20.0 10.0
1061.0 632.0 20.0 10.0
940.0 1310.0 20.0 10.0
469.0 967.0 20.0 10.0
799.0 1189.0 20.0 10.0
539.0 991.0 20.0 10.0
1042.0 973.0 20.0 10.0
908.0 1065.0 20.0 10.0
125.0 1196.0 20.0 10.0
1076.0 357.0 20.0 10.0
725.0 177.0 20.0 10.0
999.0 617.0 20.0 10.0
172.0 1105.0 20.0 10.0
1075.0 315.0 20.0 10.0
483.0 869.0 20.0 10.0
292.0 1290.0 20.0 10.0
603.0 965.0 20.0 10.0
1239.0 1209.0 20.0 10.0
850.0 1095.0 20.0 10.0
145.0 1267.0 20.0 10.0
1279.0 308.0 20.0 10.0
846.0 469.0 20.0 10.0
916.0 1051.0 20.0 10.0
1111.0 930.0 20.0 10.0
1174.0 185.0 20.0 10.0
830.0 749.0 20.0 10.0
1134.0 362.0 20.0 10.0
465.0 850.0 20.0 10.0
267.0 1191.0 20.0 10.0
402.0 924.0 20.0 10.0
998.0 1012.0 20.0 10.0
329.0 1239.0 20.0 10.0
864.0 454.0 20.0 10.0
794.0 347.0 20.0 10.0
513.0 836.0 20.0 10.0
243.0 1166.0 20.0 10.0
309.0 1241.0 20.0 10.0
911.0 1210.0 20.0 10.0
443.0 836.0 20.0 10.0
1316.0 353.0 20.0 10.0
1156.0 347.0 20.0 10.0
212.0 1102.0 20.0 10.0
1165.0 997.0 20.0 10.0
243.0 1174.0 20.0 10.0
890.0 917.0 20.0 10.0
721.0 820.0 20.0 10.0
883.0 941.0 20.0 10.0
1080.0 625.0 20.0 10.0
1093.0 841.0 20.0 10.0
1192.0 1099.0 20.0 10.0
127.0 1282.0 20.0 10.0
1097.0 824.0 20.0 10.0
1160.0 168.0 20.0 10.0
517.0 897.0 20.0 10.0
535.0 1018.0 20.0 10.0
884.0 512.0 20.0 10.0
1024.0 584.0 20.0 10.0
1133.0 256.0 20.0 10.0
560.0 999.0 20.0 10.0
389.0 940.0 20.0 10.0
856.0 1194.0 20.0 10.0
921.0 1087.0 20.0 10.0
400.0 1098.0 20.0 10.0
883.0 483.0 20.0 10.0
517.0 1004.0 20.0 10.0
1052.0 1003.0 20.0 10.0
406.0 847.0 20.0 10.0
1016.0 438.0 20.0 10.0
1097.0 358.0 20.0 10.0
823.0 430.0 20.0 10.0
944.0 1208.0 20.0 10.0
153.0 1182.0 20.0 10.0
441.0 853.0 20.0 10.0
528.0 1155.0 20.0 10.0
1287.0 315.0 20.0 10.0
461.0 950.0 20.0 10.0
283.0 1232.0 20.0 10.0
1185.0 139.0 20.0 10.0
616.0 1004.0 20.0 10.0
627.0 913.0 20.0 10.0
709.0 883.0 20.0 10.0
896.0 1237.0 20.0 10.0
600.0 832.0 20.0 10.0
700.0 872.0 20.0 10.0
1091.0 422.0 20.0 10.0
916.0 424.0 20.0 10.0
1306.0 316.0 20.0 10.0
877.0 1050.0 20.0 10.0
849.0 1033.0 20.0 10.0
250.0 1186.0 20.0 10.0
1012.0 594.0 20.0 10.0
833.0 828.0 20.0 10.0
207.0 1117.0 20.0 10.0
1167.0 64.0 20.0 10.0
591.0 809.0 20.0 10.0
1029.0 589.0 20.0 10.0
1193.0 1013.0 20.0 10.0
470.0 1004.0 20.0 10.0
949.0 432.0 20.0 10.0
1217.0 1126.0 20.0 10.0
888.0 556.0 20.0 10.0
933.0 1306.0 20.0 10.0
926.0 599.0 20.0 10.0
891.0 846.0 20.0 10.0
684.0 731.0 20.0 10.0
1319.0 362.0 20.0 10.0
1025.0 958.0 20.0 10.0
774.0 274.0 20.0 10.0
853.0 1212.0 20.0 10.0
1347.0 359.0 20.0 10.0
510.0 869.0 20.0 10.0
229.0 1140.0 20.0 10.0
377.0 832.0 20.0 10.0
805.0 1197.0 20.0 10.0
1230.0 422.0 20.0 10.0
1056.0 310.0 20.0 10.0
273.0 1114.0 20.0 10.0
826.0 1207.0 20.0 10.0
199.0 1120.0 20.0 10.0
1340.0 367.0 20.0 10.0
1216.0 87.0 20.0 10.0
599.0 974.0 20.0 10.0
884.0 918.0 20.0 10.0
450.0 828.0 20.0 10.0
809.0 1233.0 20.0 10.0
1142.0 162.0 20.0 10.0
427.0 1123.0 20.0 10.0
952.0 517.0 20.0 10.0
360.0 1136.0 20.0 10.0
510.0 1084.0 20.0 10.0
1142.0 429.0 20.0 10.0
1067.0 1004.0 20.0 10.0
491.0 816.0 20.0 10.0
1153.0 129.0 20.0 10.0
942.0 821.0 20.0 10.0
1233.0 54.0 20.0 10.0
941.0 594.0 20.0 10.0
248.0 1100.0 20.0 10.0
477.0 774.0 20.0 10.0
973.0 589.0 20.0 10.0
1373.0 347.0 20.0 10.0
352.0 817.0 20.0 10.0
890.0 959.0 20.0 10.0
512.0 1044.0 20.0 10.0
519.0 1122.0 20.0 10.0
1105.0 291.0 20.0 10.0
498.0 1260.0 20.0 10.0
1151.0 338.0 20.0 10.0
1132.0 961.0 20.0 10.0
1112.0 346.0 20.0 10.0
839.0 1057.0 20.0 10.0
1201.0 67.0 20.0 10.0
1252.0 25.0 20.0 10.0
805.0 359.0 20.0 10.0
996.0 824.0 20.0 10.0
967.0 527.0 20.0 10.0
912.0 275.0 20.0 10.0
359.0 945.0 20.0 10.0
459.0 1244.0 20.0 10.0
484.0 1070.0 20.0 10.0
907.0 264.0 20.0 10.0
1293.0 321.0 20.0 10.0
1111.0 291.0 20.0 10.0
380.0 913.0 20.0 10.0
1038.0 444.0 20.0 10.0
254.0 1250.0 20.0 10.0
1232.0 64.0 20.0 10.0
477.0 844.0 20.0 10.0
1168.0 1137.0 20.0 10.0
1166.0 153.0 20.0 10.0
1261.0 108.0 20.0 10.0
1133.0 394.0 20.0 10.0
338.0 1154.0 20.0 10.0
1027.0 1032.0 20.0 10.0
288.0 1169.0 20.0 10.0
912.0 1092.0 20.0 10.0
295.0 1229.0 20.0 10.0
1126.0 937.0 20.0 10.0
797.0 737.0 20.0 10.0
491.0 993.0 20.0 10.0
460.0 1078.0 20.0 10.0
370.0 832.0 20.0 10.0
1340.0 358.0 20.0 10.0
338.0 938.0 20.0 10.0
1136.0 400.0 20.0 10.0
547.0 935.0 20.0 10.0
448.0 1280.0 20.0 10.0
1177.0 40.0 20.0 10.0
417.0 837.0 20.0 10.0
1251.0 408.0 20.0 10.0
711.0 749.0 20.0 10.0
161.0 1172.0 20.0 10.0
1220.0 1027.0 20.0 10.0
384.0 835.0 20.0 10.0
837.0 759.0 20.0 10.0
903.0 624.0 20.0 10.0
796.0 715.0 20.0 10.0
966.0 858.0 20.0 10.0
794.0 837.0 20.0 10.0
1005.0 278.0 20.0 10.0
744.0 799.0 20.0 10.0
1148.0 108.0 20.0 10.0
1027.0 623.0 20.0 10.0
1213.0 388.0 20.0 10.0
995.0 866.0 20.0 10.0
780.0 325.0 20.0 10.0
1237.0 79.0 20.0 10.0
329.0 802.0 20.0 10.0
340.0 818.0 20.0 10.0
505.0 1113.0 20.0 10.0
908.0 229.0 20.0 10.0
427.0 1323.0 20.0 10.0
1258.0 337.0 20.0 10.0
894.0 514.0 20.0 10.0
1060.0 971.0 20.0 10.0
715.0 115.0 20.0 10.0
859.0 851.0 20.0 10.0
934.0 617.0 20.0 10.0
795.0 698.0 20.0 10.0
739.0 779.0 20.0 10.0
123.0 1285.0 20.0 10.0
798.0 323.0 20.0 10.0
254.0 1104.0 20.0 10.0
900.0 1058.0 20.0 10.0
1076.0 457.0 20.0 10.0
764.0 312.0 20.0 10.0
1268.0 114.0 20.0 10.0
1244.0 1039.0 20.0 10.0
816.0 441.0 20.0 10.0
1231.0 162.0 20.0 10.0
650.0 1009.0 20.0 10.0
974.0 798.0 20.0 10.0
1108.0 433.0 20.0 10.0
902.0 1090.0 20.0 10.0
937.0 580.0 20.0 10.0
1060.0 271.0 20.0 10.0
871.0 943.0 20.0 10.0
394.0 949.0 20.0 10.0
600.0 956.0 20.0 10.0
1266.0 1051.0 20.0 10.0
204.0 1192.0 20.0 10.0
1074.0 805.0 20.0 10.0
930.0 895.0 20.0 10.0
1151.0 346.0 20.0 10.0
1045.0 362.0 20.0 10.0
1238.0 383.0 20.0 10.0
266.0 1296.0 20.0 10.0
170.0 1125.0 20.0 10.0
1185.0 1107.0 20.0 10.0
795.0 296.0 20.0 10.0
905.0 351.0 20.0 10.0
897.0 253.0 20.0 10.0
1252.0 53.0 20.0 10.0
1130.0 483.0 20.0 10.0
1124.0 827.0 20.0 10.0
266.0 1272.0 20.0 10.0
752.0 254.0 20.0 10.0
755.0 328.0 20.0 10.0
201.0 1147.0 20.0 10.0
692.0 874.0 20.0 10.0
226.0 1128.0 20.0 10.0
809.0 874.0 20.0 10.0
1045.0 222.0 20.0 10.0
1048.0 201.0 20.0 10.0
1172.0 151.0 20.0 10.0
500.0 1174.0 20.0 10.0
1218.0 1187.0 20.0 10.0
1109.0 401.0 20.0 10.0
1302.0 378.0 20.0 10.0
206.0 1181.0 20.0 10.0
945.0 1341.0 20.0 10.0
1081.0 1034.0 20.0 10.0
1168.0 108.0 20.0 10.0
684.0 781.0 20.0 10.0
937.0 662.0 20.0 10.0
787.0 376.0 20.0 10.0
732.0 757.0 20.0 10.0
634.0 961.0 20.0 10.0
1070.0 1099.0 20.0 10.0
644.0 957.0 20.0 10.0
437.0 1353.0 20.0 10.0
509.0 987.0 20.0 10.0
1133.0 829.0 20.0 10.0
353.0 1174.0 20.0 10.0
533.0 927.0 20.0 10.0
266.0 1300.0 20.0 10.0
691.0 724.0 20.0 10.0
1233.0 156.0 20.0 10.0
495.0 953.0 20.0 10.0
895.0 885.0 20.0 10.0
1063.0 623.0 20.0 10.0
46.0 1343.0 20.0 10.0
558.0 801.0 20.0 10.0
485.0 1207.0 20.0 10.0
178.0 1147.0 20.0 10.0
1060.0 932.0 20.0 10.0
290.0 1132.0 20.0 10.0
1271.0 358.0 20.0 10.0
796.0 426.0 20.0 10.0
1187.0 448.0 20.0 10.0
376.0 929.0 20.0 10.0
523.0 928.0 20.0 10.0
158.0 1197.0 20.0 10.0
1052.0 938.0 20.0 10.0
146.0 1105.0 20.0 10.0
920.0 326.0 20.0 10.0
228.0 1088.0 20.0 10.0
1050.0 628.0 20.0 10.0
902.0 1133.0 20.0 10.0
1224.0 412.0 20.0 10.0
1263.0 1055.0 20.0 10.0
498.0 924.0 20.0 10.0
1058.0 1004.0 20.0 10.0
872.0 935.0 20.0 10.0
505.0 784.0 20.0 10.0
529.0 790.0 20.0 10.0
680.0 710.0 20.0 10.0
645.0 990.0 20.0 10.0
1108.0 1016.0 20.0 10.0
175.0 1248.0 20.0 10.0
466.0 1169.0 20.0 10.0
233.0 1210.0 20.0 10.0
960.0 871.0 20.0 10.0
1251.0 136.0 20.0 10.0
486.0 765.0 20.0 10.0
808.0 408.0 20.0 10.0
1314.0 338.0 20.0 10.0
1115.0 335.0 20.0 10.0
688.0 804.0 20.0 10.0
914.0 855.0 20.0 10.0
538.0 939.0 20.0 10.0
522.0 793.0 20.0 10.0
884.0 462.0 20.0 10.0
908.0 239.0 20.0 10.0
1129.0 1033.0 20.0 10.0
1151.0 827.0 20.0 10.0
397.0 1091.0 20.0 10.0
900.0 331.0 20.0 10.0
1085.0 611.0 20.0 10.0
993.0 879.0 20.0 10.0
906.0 1103.0 20.0 10.0
1052.0 272.0 20.0 10.0
382.0 1114.0 20.0 10.0
878.0 455.0 20.0 10.0
556.0 933.0 20.0 10.0
1091.0 814.0 20.0 10.0
172.0 1118.0 20.0 10.0
131.0 1278.0 20.0 10.0
864.0 960.0 20.0 10.0
1001.0 928.0 20.0 10.0
233.0 1201.0 20.0 10.0
1015.0 965.0 20.0 10.0
54.0 1348.0 20.0 10.0
1016.0 815.0 20.0 10.0
836.0 386.0 20.0 10.0
1134.0 943.0 20.0 10.0
1102.0 427.0 20.0 10.0
939.0 1368.0 20.0 10.0
492.0 889.0 20.0 10.0
976.0 963.0 20.0 10.0
911.0 1185.0 20.0 10.0
1268.0 120.0 20.0 10.0
366.0 949.0 20.0 10.0
919.0 1147.0 20.0 10.0
1185.0 1011.0 20.0 10.0
830.0 379.0 20.0 10.0
982.0 807.0 20.0 10.0
403.0 933.0 20.0 10.0
785.0 420.0 20.0 10.0
473.0 1214.0 20.0 10.0
436.0 955.0 20.0 10.0
1218.0 57.0 20.0 10.0
245.0 1295.0 20.0 10.0
1057.0 574.0 20.0 10.0
413.0 969.0 20.0 10.0
25.0 1361.0 20.0 10.0
696.0 130.0 20.0 10.0
1160.0 151.0 20.0 10.0
297.0 1210.0 20.0 10.0
1139.0 334.0 20.0 10.0
1268.0 1039.0 20.0 10.0
1034.0 1048.0 20.0 10.0
937.0 1162.0 20.0 10.0
1010.0 251.0 20.0 10.0
863.0 1064.0 20.0 10.0
1099.0 1005.0 20.0 10.0
46.0 1326.0 20.0 10.0
817.0 391.0 20.0 10.0
418.0 920.0 20.0 10.0
947.0 1367.0 20.0 10.0
765.0 249.0 20.0 10.0
1067.0 318.0 20.0 10.0
1124.0 1037.0 20.0 10.0
1053.0 852.0 20.0 10.0
910.0 1240.0 20.0 10.0
512.0 915.0 20.0 10.0
1078.0 412.0 20.0 10.0
819.0 1161.0 20.0 10.0
193.0 1186.0 20.0 10.0
396.0 822.0 20.0 10.0
1140.0 133.0 20.0 10.0
1044.0 510.0 20.0 10.0
291.0 1256.0 20.0 10.0
523.0 1161.0 20.0 10.0
1212.0 92.0 20.0 10.0
1311.0 322.0 20.0 10.0
698.0 121.0 20.0 10.0
713.0 150.0 20.0 10.0
1044.0 289.0 20.0 10.0
1205.0 104.0 20.0 10.0
753.0 349.0 20.0 10.0
1012.0 221.0 20.0 10.0
1077.0 844.0 20.0 10.0
992.0 886.0 20.0 10.0
1394.0 338.0 20.0 10.0
487.0 1249.0 20.0 10.0
748.0 804.0 20.0 10.0
770.0 317.0 20.0 10.0
1050.0 1071.0 20.0 10.0
138.0 1171.0 20.0 10.0
1045.0 337.0 20.0 10.0
950.0 1392.0 20.0 10.0
153.0 1263.0 20.0 10.0
542.0 818.0 20.0 10.0
863.0 433.0 20.0 10.0
451.0 1320.0 20.0 10.0
424.0 852.0 20.0 10.0
1176.0 157.0 20.0 10.0
856.0 1160.0 20.0 10.0
256.0 1320.0 20.0 10.0
1126.0 301.0 20.0 10.0
1124.0 986.0 20.0 10.0
1067.0 1033.0 20.0 10.0
788.0 411.0 20.0 10.0
1302.0 385.0 20.0 10.0
930.0 1162.0 20.0 10.0
694.0 100.0 20.0 10.0
229.0 1267.0 20.0 10.0
31.0 1361.0 20.0 10.0
922.0 1251.0 20.0 10.0
1287.0 91.0 20.0 10.0
1020.0 992.0 20.0 10.0
1060.0 452.0 20.0 10.0
910.0 201.0 20.0 10.0
1275.0 82.0 20.0 10.0
529.0 1053.0 20.0 10.0
229.0 1102.0 20.0 10.0
1003.0 790.0 20.0 10.0
432.0 1299.0 20.0 10.0
916.0 577.0 20.0 10.0
1004.0 1036.0 20.0 10.0
1090.0 1063.0 20.0 10.0
808.0 819.0 20.0 10.0
1156.0 956.0 20.0 10.0
1000.0 422.0 20.0 10.0
491.0 1054.0 20.0 10.0
407.0 958.0 20.0 10.0
1093.0 592.0 20.0 10.0
747.0 292.0 20.0 10.0
1131.0 416.0 20.0 10.0
1079.0 819.0 20.0 10.0
313.0 805.0 20.0 10.0
774.0 902.0 20.0 10.0
486.0 1048.0 20.0 10.0
318.0 1242.0 20.0 10.0
987.0 575.0 20.0 10.0
1082.0 296.0 20.0 10.0
1145.0 209.0 20.0 10.0
269.0 1286.0 20.0 10.0
822.0 352.0 20.0 10.0
735.0 236.0 20.0 10.0
291.0 793.0 20.0 10.0
27.0 1342.0 20.0 10.0
710.0 733.0 20.0 10.0
1028.0 812.0 20.0 10.0
1094.0 389.0 20.0 10.0
740.0 301.0 20.0 10.0
533.0 950.0 20.0 10.0
446.0 1240.0 20.0 10.0
1189.0 99.0 20.0 10.0
197.0 1160.0 20.0 10.0
1050.0 803.0 20.0 10.0
417.0 1346.0 20.0 10.0
1287.0 100.0 20.0 10.0
752.0 232.0 20.0 10.0
722.0 776.0 20.0 10.0
375.0 1098.0 20.0 10.0
1152.0 378.0 20.0 10.0
919.0 807.0 20.0 10.0
1134.0 1054.0 20.0 10.0
209.0 1202.0 20.0 10.0
1091.0 437.0 20.0 10.0
108.0 1298.0 20.0 10.0
586.0 786.0 20.0 10.0
1163.0 74.0 20.0 10.0
465.0 1083.0 20.0 10.0
347.0 821.0 20.0 10.0
810.0 354.0 20.0 10.0
515.0 1185.0 20.0 10.0
1388.0 327.0 20.0 10.0
547.0 1018.0 20.0 10.0
1051.0 795.0 20.0 10.0
549.0 783.0 20.0 10.0
1284.0 378.0 20.0 10.0
443.0 1189.0 20.0 10.0
