1000
131.0 93.0 20.0 10.0
43.0 111.0 20.0 10.0
121.0 70.0 20.0 10.0
101.0 131.0 20.0 10.0
88.0 94.0 20.0 10.0
97.0 97.0 20.0 10.0
109.0 88.0 20.0 10.0
93.0 110.0 20.0 10.0
147.0 126.0 20.0 10.0
96.0 58.0 20.0 10.0
163.0 52.0 20.0 10.0
110.0 97.0 20.0 10.0
90.0 164.0 20.0 10.0
138.0 94.0 20.0 10.0
77.0 119.0 20.0 10.0
127.0 119.0 20.0 10.0
64.0 125.0 20.0 10.0
108.0 169.0 20.0 10.0
100.0 108.0 20.0 10.0
91.0 97.0 20.0 10.0
122.0 122.0 20.0 10.0
134.0 96.0 20.0 10.0
126.0 70.0 20.0 10.0
113.0 76.0 20.0 10.0
54.0 127.0 20.0 10.0
124.0 134.0 20.0 10.0
116.0 143.0 20.0 10.0
172.0 137.0 20.0 10.0
75.0 105.0 20.0 10.0
54.0 115.0 20.0 10.0
75.0 89.0 20.0 10.0
123.0 133.0 20.0 10.0
144.0 115.0 20.0 10.0
120.0 108.0 20.0 10.0
130.0 159.0 20.0 10.0
129.0 133.0 20.0 10.0
75.0 144.0 20.0 10.0
162.0 71.0 20.0 10.0
127.0 121.0 20.0 10.0
73.0 132.0 20.0 10.0
71.0 84.0 20.0 10.0
137.0 79.0 20.0 10.0
101.0 74.0 20.0 10.0
63.0 102.0 20.0 10.0
120.0 28.0 20.0 10.0
87.0 103.0 20.0 10.0
88.0 125.0 20.0 10.0
162.0 112.0 20.0 10.0
89.0 157.0 20.0 10.0
78.0 106.0 20.0 10.0
132.0 133.0 20.0 10.0
106.0 136.0 20.0 10.0
133.0 136.0 20.0 10.0
105.0 138.0 20.0 10.0
116.0 129.0 20.0 10.0
71.0 108.0 20.0 10.0
79.0 76.0 20.0 10.0
170.0 90.0 20.0 10.0
115.0 116.0 20.0 10.0
110.0 65.0 20.0 10.0
119.0 89.0 20.0 10.0
102.0 122.0 20.0 10.0
107.0 94.0 20.0 10.0
131.0 128.0 20.0 10.0
165.0 139.0 20.0 10.0
64.0 71.0 20.0 10.0
58.0 134.0 20.0 10.0
64.0 98.0 20.0 10.0
75.0 117.0 20.0 10.0
68.0 90.0 20.0 10.0
95.0 95.0 20.0 10.0
86.0 64.0 20.0 10.0
123.0 115.0 20.0 10.0
159.0 111.0 20.0 10.0
105.0 79.0 20.0 10.0
130.0 98.0 20.0 10.0
152.0 106.0 20.0 10.0
91.0 43.0 20.0 10.0
139.0 87.0 20.0 10.0
97.0 110.0 20.0 10.0
107.0 123.0 20.0 10.0
143.0 93.0 20.0 10.0
132.0 101.0 20.0 10.0
126.0 99.0 20.0 10.0
97.0 143.0 20.0 10.0
92.0 142.0 20.0 10.0
112.0 145.0 20.0 10.0
106.0 125.0 20.0 10.0
96.0 101.0 20.0 10.0
69.0 127.0 20.0 10.0
146.0 95.0 20.0 10.0
112.0 70.0 20.0 10.0
121.0 125.0 20.0 10.0
135.0 85.0 20.0 10.0
115.0 75.0 20.0 10.0
150.0 155.0 20.0 10.0
146.0 103.0 20.0 10.0
128.0 75.0 20.0 10.0
101.0 69.0 20.0 10.0
139.0 121.0 20.0 10.0
105.0 97.0 20.0 10.0
139.0 155.0 20.0 10.0
108.0 85.0 20.0 10.0
151.0 65.0 20.0 10.0
144.0 62.0 20.0 10.0
107.0 97.0 20.0 10.0
88.0 123.0 20.0 10.0
96.0 74.0 20.0 10.0
109.0 94.0 20.0 10.0
137.0 66.0 20.0 10.0
84.0 147.0 20.0 10.0
97.0 129.0 20.0 10.0
106.0 105.0 20.0 10.0
118.0 137.0 20.0 10.0
47.0 95.0 20.0 10.0
104.0 109.0 20.0 10.0
156.0 91.0 20.0 10.0
86.0 161.0 20.0 10.0
140.0 129.0 20.0 10.0
103.0 112.0 20.0 10.0
99.0 80.0 20.0 10.0
142.0 126.0 20.0 10.0
115.0 106.0 20.0 10.0
118.0 116.0 20.0 10.0
144.0 106.0 20.0 10.0
129.0 68.0 20.0 10.0
72.0 128.0 20.0 10.0
93.0 86.0 20.0 10.0
147.0 86.0 20.0 10.0
69.0 118.0 20.0 10.0
142.0 85.0 20.0 10.0
129.0 136.0 20.0 10.0
87.0 57.0 20.0 10.0
156.0 111.0 20.0 10.0
68.0 110.0 20.0 10.0
122.0 76.0 20.0 10.0
58.0 59.0 20.0 10.0
100.0 96.0 20.0 10.0
57.0 140.0 20.0 10.0
185.0 104.0 20.0 10.0
139.0 81.0 20.0 10.0
86.0 84.0 20.0 10.0
67.0 122.0 20.0 10.0
70.0 114.0 20.0 10.0
115.0 82.0 20.0 10.0
86.0 106.0 20.0 10.0
113.0 91.0 20.0 10.0
54.0 102.0 20.0 10.0
129.0 92.0 20.0 10.0
140.0 65.0 20.0 10.0
51.0 137.0 20.0 10.0
111.0 113.0 20.0 10.0
147.0 92.0 20.0 10.0
94.0 94.0 20.0 10.0
124.0 163.0 20.0 10.0
56.0 103.0 20.0 10.0
129.0 105.0 20.0 10.0
140.0 117.0 20.0 10.0
85.0 134.0 20.0 10.0
52.0 119.0 20.0 10.0
166.0 90.0 20.0 10.0
71.0 145.0 20.0 10.0
137.0 113.0 20.0 10.0
60.0 182.0 20.0 10.0
129.0 179.0 20.0 10.0
93.0 60.0 20.0 10.0
136.0 87.0 20.0 10.0
95.0 109.0 20.0 10.0
127.0 98.0 20.0 10.0
100.0 52.0 20.0 10.0
154.0 101.0 20.0 10.0
76.0 86.0 20.0 10.0
174.0 114.0 20.0 10.0
125.0 154.0 20.0 10.0
90.0 177.0 20.0 10.0
61.0 62.0 20.0 10.0
143.0 134.0 20.0 10.0
89.0 85.0 20.0 10.0
80.0 58.0 20.0 10.0
150.0 81.0 20.0 10.0
158.0 81.0 20.0 10.0
74.0 86.0 20.0 10.0
129.0 142.0 20.0 10.0
111.0 90.0 20.0 10.0
25.0 98.0 20.0 10.0
104.0 121.0 20.0 10.0
125.0 87.0 20.0 10.0
72.0 74.0 20.0 10.0
88.0 136.0 20.0 10.0
108.0 92.0 20.0 10.0
116.0 48.0 20.0 10.0
91.0 104.0 20.0 10.0
129.0 96.0 20.0 10.0
112.0 115.0 20.0 10.0
112.0 86.0 20.0 10.0
135.0 69.0 20.0 10.0
70.0 142.0 20.0 10.0
87.0 43.0 20.0 10.0
78.0 116.0 20.0 10.0
152.10000610351562 106.0 20.0 10.0
68.0 129.0 20.0 10.0
116.0 112.0 20.0 10.0
86.0 87.0 20.0 10.0
98.0 143.0 20.0 10.0
121.0 86.0 20.0 10.0
103.0 95.0 20.0 10.0
111.0 110.0 20.0 10.0
83.0 117.0 20.0 10.0
85.0 77.0 20.0 10.0
101.0 86.0 20.0 10.0
123.0 79.0 20.0 10.0
122.0 110.0 20.0 10.0
95.0 78.0 20.0 10.0
158.0 94.0 20.0 10.0
97.0 92.0 20.0 10.0
172.0 104.0 20.0 10.0
127.0 152.0 20.0 10.0
79.0 108.0 20.0 10.0
91.0 120.0 20.0 10.0
142.0 121.0 20.0 10.0
79.0 138.0 20.0 10.0
123.0 89.0 20.0 10.0
132.0 88.0 20.0 10.0
136.0 97.0 20.0 10.0
97.0 131.0 20.0 10.0
137.0 112.0 20.0 10.0
128.0 112.0 20.0 10.0
100.0 76.0 20.0 10.0
125.0 51.0 20.0 10.0
157.0 102.0 20.0 10.0
159.0 130.0 20.0 10.0
115.0 127.0 20.0 10.0
117.0 162.0 20.0 10.0
108.0 69.0 20.0 10.0
83.0 71.0 20.0 10.0
63.0 120.0 20.0 10.0
139.0 143.0 20.0 10.0
32.0 94.0 20.0 10.0
99.0 90.0 20.0 10.0
97.0 106.0 20.0 10.0
25.0 236.0 20.0 10.0
131.0 84.0 20.0 10.0
115.0 102.0 20.0 10.0
106.0 115.0 20.0 10.0
206.0 78.0 20.0 10.0
60.0 100.0 20.0 10.0
105.0 64.0 20.0 10.0
106.0 81.0 20.0 10.0
116.0 101.0 20.0 10.0
105.0 96.0 20.0 10.0
122.0 90.0 20.0 10.0
27.0 107.0 20.0 10.0
71.0 151.0 20.0 10.0
71.0 136.0 20.0 10.0
126.0 52.0 20.0 10.0
80.0 90.0 20.0 10.0
96.0 154.0 20.0 10.0
99.0 121.0 20.0 10.0
135.0 109.0 20.0 10.0
98.0 75.0 20.0 10.0
112.0 132.0 20.0 10.0
132.0 110.0 20.0 10.0
113.0 109.0 20.0 10.0
126.0 107.0 20.0 10.0
118.0 92.0 20.0 10.0
198.0 116.0 20.0 10.0
107.0 87.0 20.0 10.0
110.0 141.0 20.0 10.0
59.0 87.0 20.0 10.0
57.0 117.0 20.0 10.0
136.0 103.0 20.0 10.0
124.0 143.0 20.0 10.0
76.0 73.0 20.0 10.0
130.0 79.0 20.0 10.0
94.0 68.0 20.0 10.0
112.0 139.0 20.0 10.0
118.0 68.0 20.0 10.0
174.0 70.0 20.0 10.0
104.0 140.0 20.0 10.0
151.0 133.0 20.0 10.0
124.0 128.0 20.0 10.0
156.0 113.0 20.0 10.0
167.0 117.0 20.0 10.0
68.0 101.0 20.0 10.0
162.0 96.0 20.0 10.0
83.0 140.0 20.0 10.0
136.0 116.0 20.0 10.0
136.0 101.0 20.0 10.0
79.0 34.0 20.0 10.0
143.0 127.0 20.0 10.0
170.0 83.0 20.0 10.0
112.0 99.0 20.0 10.0
160.0 114.0 20.0 10.0
134.0 164.0 20.0 10.0
39.0 118.0 20.0 10.0
101.0 116.0 20.0 10.0
129.0 90.0 20.0 10.0
98.0 82.0 20.0 10.0
102.0 55.0 20.0 10.0
92.0 91.0 20.0 10.0
119.0 88.0 20.0 10.0
110.0 77.0 20.0 10.0
92.0 149.0 20.0 10.0
124.0 136.0 20.0 10.0
154.0 89.0 20.0 10.0
121.0 161.0 20.0 10.0
166.0 77.0 20.0 10.0
82.0 89.0 20.0 10.0
64.0 95.0 20.0 10.0
116.0 133.0 20.0 10.0
109.0 145.0 20.0 10.0
124.0 141.0 20.0 10.0
92.0 84.0 20.0 10.0
64.0 129.0 20.0 10.0
79.0 130.0 20.0 10.0
137.0 93.0 20.0 10.0
78.0 80.0 20.0 10.0
102.0 130.0 20.0 10.0
108.0 39.0 20.0 10.0
105.0 111.0 20.0 10.0
154.0 116.0 20.0 10.0
74.0 100.0 20.0 10.0
128.0 103.0 20.0 10.0
133.0 47.0 20.0 10.0
65.0 85.0 20.0 10.0
79.0 115.0 20.0 10.0
156.0 124.0 20.0 10.0
116.0 73.0 20.0 10.0
86.0 137.0 20.0 10.0
79.0 54.0 20.0 10.0
78.0 119.0 20.0 10.0
129.0 121.0 20.0 10.0
91.0 121.0 20.0 10.0
102.0 106.0 20.0 10.0
124.0 103.0 20.0 10.0
113.0 142.0 20.0 10.0
82.0 115.0 20.0 10.0
74.0 95.0 20.0 10.0
122.0 153.0 20.0 10.0
142.0 114.0 20.0 10.0
102.0 109.0 20.0 10.0
66.0 104.0 20.0 10.0
88.0 88.0 20.0 10.0
99.0 113.0 20.0 10.0
122.0 105.0 20.0 10.0
150.0 58.0 20.0 10.0
63.0 132.0 20.0 10.0
55.0 107.0 20.0 10.0
127.0 87.0 20.0 10.0
105.0 57.0 20.0 10.0
83.0 138.0 20.0 10.0
131.0 112.0 20.0 10.0
147.0 144.0 20.0 10.0
132.0 85.0 20.0 10.0
145.0 129.0 20.0 10.0
120.0 129.0 20.0 10.0
103.0 89.0 20.0 10.0
131.0 40.0 20.0 10.0
133.0 148.0 20.0 10.0
73.0 88.0 20.0 10.0
115.0 109.0 20.0 10.0
103.0 59.0 20.0 10.0
140.0 93.0 20.0 10.0
116.0 125.0 20.0 10.0
77.0 128.0 20.0 10.0
89.0 150.0 20.0 10.0
117.0 103.0 20.0 10.0
135.0 143.0 20.0 10.0
93.0 117.0 20.0 10.0
125.0 126.0 20.0 10.0
58.0 113.0 20.0 10.0
101.0 124.0 20.0 10.0
119.0 98.0 20.0 10.0
75.0 103.0 20.0 10.0
86.0 70.0 20.0 10.0
124.0 66.0 20.0 10.0
149.0 97.0 20.0 10.0
80.0 101.0 20.0 10.0
117.0 52.0 20.0 10.0
145.0 83.0 20.0 10.0
60.0 50.0 20.0 10.0
125.0 76.0 20.0 10.0
69.0 86.0 20.0 10.0
113.0 68.0 20.0 10.0
122.0 62.0 20.0 10.0
109.0 135.0 20.0 10.0
123.0 111.0 20.0 10.0
83.0 97.0 20.0 10.0
70.0 134.0 20.0 10.0
108.0 116.0 20.0 10.0
78.0 89.0 20.0 10.0
189.0 85.0 20.0 10.0
108.0 67.0 20.0 10.0
85.0 123.0 20.0 10.0
85.0 129.0 20.0 10.0
108.0 103.0 20.0 10.0
133.0 112.0 20.0 10.0
134.0 50.0 20.0 10.0
142.0 82.0 20.0 10.0
125.0 63.0 20.0 10.0
128.0 127.0 20.0 10.0
101.0 175.0 20.0 10.0
187.0 138.0 20.0 10.0
97.0 140.0 20.0 10.0
106.0 74.0 20.0 10.0
159.0 39.0 20.0 10.0
112.0 63.0 20.0 10.0
111.0 94.0 20.0 10.0
148.0 54.0 20.0 10.0
147.0 186.0 20.0 10.0
98.0 115.0 20.0 10.0
183.0 105.0 20.0 10.0
169.0 56.0 20.0 10.0
44.0 89.0 20.0 10.0
83.0 106.0 20.0 10.0
122.0 109.0 20.0 10.0
110.0 72.0 20.0 10.0
150.0 121.0 20.0 10.0
94.0 169.0 20.0 10.0
80.0 118.0 20.0 10.0
132.0 66.0 20.0 10.0
101.0 62.0 20.0 10.0
103.0 136.0 20.0 10.0
91.0 154.0 20.0 10.0
96.0 165.0 20.0 10.0
97.0 88.0 20.0 10.0
55.0 86.0 20.0 10.0
75.0 155.0 20.0 10.0
110.0 49.0 20.0 10.0
152.0 110.0 20.0 10.0
77.0 101.0 20.0 10.0
157.0 124.0 20.0 10.0
80.0 94.0 20.0 10.0
87.0 154.0 20.0 10.0
94.0 146.0 20.0 10.0
80.0 152.0 20.0 10.0
121.0 46.0 20.0 10.0
169.0 81.0 20.0 10.0
141.0 146.0 20.0 10.0
137.0 122.0 20.0 10.0
87.0 107.0 20.0 10.0
95.0 116.0 20.0 10.0
135.0 156.0 20.0 10.0
151.0 94.0 20.0 10.0
81.0 131.0 20.0 10.0
94.0 125.0 20.0 10.0
91.0 100.0 20.0 10.0
94.0 99.0 20.0 10.0
115.0 83.0 20.0 10.0
82.0 88.0 20.0 10.0
83.0 120.0 20.0 10.0
87.0 92.0 20.0 10.0
113.0 93.0 20.0 10.0
81.0 66.0 20.0 10.0
160.0 136.0 20.0 10.0
122.0 145.0 20.0 10.0
88.0 111.0 20.0 10.0
103.0 76.0 20.0 10.0
119.0 53.0 20.0 10.0
170.0 113.0 20.0 10.0
86.0 119.0 20.0 10.0
96.0 60.0 20.0 10.0
66.0 140.0 20.0 10.0
156.0 99.0 20.0 10.0
139.0 62.0 20.0 10.0
106.0 75.0 20.0 10.0
114.0 90.0 20.0 10.0
125.0 90.0 20.0 10.0
114.0 123.0 20.0 10.0
107.0 84.0 20.0 10.0
124.0 92.0 20.0 10.0
123.0 98.0 20.0 10.0
134.0 92.0 20.0 10.0
92.0 101.0 20.0 10.0
107.0 122.0 20.0 10.0
95.0 72.0 20.0 10.0
146.0 100.0 20.0 10.0
85.0 122.0 20.0 10.0
177.0 65.0 20.0 10.0
102.0 156.0 20.0 10.0
101.0 132.0 20.0 10.0
166.0 104.0 20.0 10.0
71.0 102.0 20.0 10.0
113.0 118.0 20.0 10.0
77.0 108.0 20.0 10.0
120.0 123.0 20.0 10.0
103.0 81.0 20.0 10.0
76.0 148.0 20.0 10.0
94.0 131.0 20.0 10.0
130.0 148.0 20.0 10.0
156.0 78.0 20.0 10.0
122.0 103.0 20.0 10.0
128.0 111.0 20.0 10.0
128.0 137.0 20.0 10.0
85.0 97.0 20.0 10.0
83.0 47.0 20.0 10.0
90.0 65.0 20.0 10.0
86.0 66.0 20.0 10.0
156.0 66.0 20.0 10.0
113.0 106.0 20.0 10.0
78.0 99.0 20.0 10.0
117.0 121.0 20.0 10.0
113.0 79.0 20.0 10.0
111.0 101.0 20.0 10.0
48.0 73.0 20.0 10.0
54.0 100.0 20.0 10.0
109.0 73.0 20.0 10.0
68.0 137.0 20.0 10.0
110.0 133.0 20.0 10.0
104.0 63.0 20.0 10.0
123.0 126.0 20.0 10.0
70.0 69.0 20.0 10.0
120.0 84.0 20.0 10.0
98.0 135.0 20.0 10.0
128.0 148.0 20.0 10.0
118.0 109.0 20.0 10.0
111.0 117.0 20.0 10.0
127.0 150.0 20.0 10.0
159.0 158.0 20.0 10.0
128.0 64.0 20.0 10.0
109.0 44.0 20.0 10.0
105.0 143.0 20.0 10.0
125.0 72.0 20.0 10.0
111.0 70.0 20.0 10.0
130.0 126.0 20.0 10.0
147.0 75.0 20.0 10.0
76.0 146.0 20.0 10.0
178.0 106.0 20.0 10.0
68.0 80.0 20.0 10.0
154.0 134.0 20.0 10.0
112.0 84.0 20.0 10.0
88.0 106.0 20.0 10.0
122.0 84.0 20.0 10.0
126.0 123.0 20.0 10.0
125.0 73.0 20.0 10.0
108.0 114.0 20.0 10.0
139.0 89.0 20.0 10.0
118.0 97.0 20.0 10.0
129.0 115.0 20.0 10.0
87.0 96.0 20.0 10.0
103.0 115.0 20.0 10.0
143.0 64.0 20.0 10.0
175.0 107.0 20.0 10.0
115.0 93.0 20.0 10.0
150.0 52.0 20.0 10.0
92.0 58.0 20.0 10.0
127.0 102.0 20.0 10.0
107.0 54.0 20.0 10.0
125.0 131.0 20.0 10.0
114.0 138.0 20.0 10.0
117.0 159.0 20.0 10.0
130.0 45.0 20.0 10.0
78.0 145.0 20.0 10.0
99.0 160.0 20.0 10.0
83.0 121.0 20.0 10.0
69.0 83.0 20.0 10.0
110.0 78.0 20.0 10.0
63.0 93.0 20.0 10.0
86.0 114.0 20.0 10.0
113.0 174.0 20.0 10.0
146.0 107.0 20.0 10.0
94.0 121.0 20.0 10.0
128.0 100.0 20.0 10.0
95.0 132.0 20.0 10.0
74.0 75.0 20.0 10.0
156.0 129.0 20.0 10.0
91.0 87.0 20.0 10.0
132.0 154.0 20.0 10.0
146.0 135.0 20.0 10.0
145.0 117.0 20.0 10.0
113.0 108.0 20.0 10.0
99.0 133.0 20.0 10.0
66.0 46.0 20.0 10.0
88.0 61.0 20.0 10.0
107.0 129.0 20.0 10.0
124.0 146.0 20.0 10.0
98.0 118.0 20.0 10.0
71.0 119.0 20.0 10.0
94.0 90.0 20.0 10.0
111.0 78.0 20.0 10.0
59.0 121.0 20.0 10.0
75.0 123.0 20.0 10.0
137.0 137.0 20.0 10.0
52.0 170.0 20.0 10.0
80.0 28.0 20.0 10.0
99.0 64.0 20.0 10.0
100.0 150.0 20.0 10.0
73.0 70.0 20.0 10.0
119.0 81.0 20.0 10.0
90.0 73.0 20.0 10.0
94.0 106.0 20.0 10.0
79.0 46.0 20.0 10.0
147.0 97.0 20.0 10.0
117.0 101.0 20.0 10.0
148.0 46.0 20.0 10.0
133.0 129.0 20.0 10.0
96.0 127.0 20.0 10.0
108.0 143.0 20.0 10.0
148.0 39.0 20.0 10.0
133.0 125.0 20.0 10.0
83.0 80.0 20.0 10.0
92.0 135.0 20.0 10.0
81.0 75.0 20.0 10.0
151.0 53.0 20.0 10.0
101.0 119.0 20.0 10.0
129.0 130.0 20.0 10.0
78.0 83.0 20.0 10.0
117.0 106.0 20.0 10.0
152.0 118.0 20.0 10.0
106.0 126.0 20.0 10.0
81.0 85.0 20.0 10.0
44.0 120.0 20.0 10.0
108.0 32.0 20.0 10.0
87.0 82.0 20.0 10.0
102.0 97.0 20.0 10.0
49.0 79.0 20.0 10.0
204.0 155.0 20.0 10.0
168.0 119.0 20.0 10.0
104.0 72.0 20.0 10.0
118.0 135.0 20.0 10.0
118.0 91.0 20.0 10.0
97.0 25.0 20.0 10.0
96.0 145.0 20.0 10.0
72.0 66.0 20.0 10.0
54.0 56.0 20.0 10.0
55.0 112.0 20.0 10.0
94.0 72.0 20.0 10.0
123.0 92.0 20.0 10.0
125.0 95.0 20.0 10.0
118.0 125.0 20.0 10.0
122.0 43.0 20.0 10.0
108.0 101.0 20.0 10.0
43.0 95.0 20.0 10.0
142.0 69.0 20.0 10.0
70.0 140.0 20.0 10.0
118.0 41.0 20.0 10.0
142.0 84.0 20.0 10.0
91.0 147.0 20.0 10.0
136.0 120.0 20.0 10.0
161.0 49.0 20.0 10.0
150.0 78.0 20.0 10.0
139.0 145.0 20.0 10.0
108.0 108.0 20.0 10.0
149.0 122.0 20.0 10.0
126.0 94.0 20.0 10.0
124.0 108.0 20.0 10.0
89.0 120.0 20.0 10.0
137.0 118.0 20.0 10.0
115.0 146.0 20.0 10.0
96.0 122.0 20.0 10.0
66.0 127.0 20.0 10.0
103.0 83.0 20.0 10.0
139.0 103.0 20.0 10.0
150.0 113.0 20.0 10.0
102.0 92.0 20.0 10.0
119.0 111.0 20.0 10.0
102.0 128.0 20.0 10.0
88.0 104.0 20.0 10.0
57.0 124.0 20.0 10.0
110.0 121.0 20.0 10.0
126.0 126.0 20.0 10.0
57.0 95.0 20.0 10.0
113.0 55.0 20.0 10.0
78.0 94.0 20.0 10.0
103.0999984741211 89.0 20.0 10.0
130.0 115.0 20.0 10.0
84.0 74.0 20.0 10.0
145.0 108.0 20.0 10.0
83.0 91.0 20.0 10.0
160.0 77.0 20.0 10.0
101.0 110.0 20.0 10.0
107.0 117.0 20.0 10.0
157.0 88.0 20.0 10.0
155.0 118.0 20.0 10.0
130.0 119.0 20.0 10.0
92.0 130.0 20.0 10.0
98.0 120.0 20.0 10.0
131.0 69.0 20.0 10.0
106.0 120.0 20.0 10.0
117.0 155.0 20.0 10.0
86.0 58.0 20.0 10.0
88.0 133.0 20.0 10.0
119.0 104.0 20.0 10.0
174.0 80.0 20.0 10.0
112.0 129.0 20.0 10.0
118.0 113.0 20.0 10.0
152.0 108.0 20.0 10.0
71.0 91.0 20.0 10.0
147.0 71.0 20.0 10.0
107.0 106.0 20.0 10.0
177.0 74.0 20.0 10.0
68.0 60.0 20.0 10.0
163.0 83.0 20.0 10.0
75.0 81.0 20.0 10.0
91.0 48.0 20.0 10.0
104.0 102.0 20.0 10.0
116.0 61.0 20.0 10.0
134.0 161.0 20.0 10.0
66.0 88.0 20.0 10.0
106.0 68.0 20.0 10.0
147.0 60.0 20.0 10.0
139.0 99.0 20.0 10.0
143.0 119.0 20.0 10.0
108.0 131.0 20.0 10.0
139.0 46.0 20.0 10.0
174.0 116.0 20.0 10.0
161.0 104.0 20.0 10.0
119.0 107.0 20.0 10.0
86.0 94.0 20.0 10.0
131.0 122.0 20.0 10.0
152.0 75.0 20.0 10.0
134.0 45.0 20.0 10.0
118.0 77.0 20.0 10.0
85.0 118.0 20.0 10.0
168.0 84.0 20.0 10.0
170.0 93.0 20.0 10.0
116.0 79.0 20.0 10.0
134.0 122.0 20.0 10.0
66.0 115.0 20.0 10.0
64.0 159.0 20.0 10.0
79.0 122.0 20.0 10.0
84.0 101.0 20.0 10.0
87.0 110.0 20.0 10.0
156.0 105.0 20.0 10.0
87.0 145.0 20.0 10.0
151.0 131.0 20.0 10.0
77.0 122.0 20.0 10.0
155.0 86.0 20.0 10.0
144.0 142.0 20.0 10.0
86.0 149.0 20.0 10.0
63.0 117.0 20.0 10.0
137.0 148.0 20.0 10.0
123.0 139.0 20.0 10.0
69.0 99.0 20.0 10.0
128.0 162.0 20.0 10.0
71.0 99.0 20.0 10.0
30.0 88.0 20.0 10.0
125.0 109.0 20.0 10.0
89.0 83.0 20.0 10.0
112.0 182.0 20.0 10.0
96.0 42.0 20.0 10.0
87.0 128.0 20.0 10.0
81.0 179.0 20.0 10.0
106.0 121.0 20.0 10.0
96.0 118.0 20.0 10.0
101.0 103.0 20.0 10.0
96.0 63.0 20.0 10.0
99.0 144.0 20.0 10.0
113.0 112.0 20.0 10.0
145.0 119.0 20.0 10.0
98.0 148.0 20.0 10.0
33.0 90.0 20.0 10.0
102.0 118.0 20.0 10.0
100.0 135.0 20.0 10.0
82.0 112.0 20.0 10.0
111.0 80.0 20.0 10.0
97.0 137.0 20.0 10.0
55.0 94.0 20.0 10.0
105.0 133.0 20.0 10.0
63.0 80.0 20.0 10.0
138.0 125.0 20.0 10.0
98.0 107.0 20.0 10.0
138.0 102.0 20.0 10.0
49.0 108.0 20.0 10.0
117.0 156.0 20.0 10.0
169.0 67.0 20.0 10.0
118.0 64.0 20.0 10.0
128.0 86.0 20.0 10.0
64.0 121.0 20.0 10.0
149.0 140.0 20.0 10.0
65.0 118.0 20.0 10.0
58.0 77.0 20.0 10.0
87.0 183.0 20.0 10.0
97.0 113.0 20.0 10.0
143.0 140.0 20.0 10.0
92.0 105.0 20.0 10.0
132.0 73.0 20.0 10.0
164.0 74.0 20.0 10.0
166.0 87.0 20.0 10.0
144.0 89.0 20.0 10.0
114.0 149.0 20.0 10.0
95.0 51.0 20.0 10.0
59.0 105.0 20.0 10.0
89.0 80.0 20.0 10.0
112.0 150.0 20.0 10.0
133.0 76.0 20.0 10.0
101.0 97.0 20.0 10.0
134.0 145.0 20.0 10.0
70.0 72.0 20.0 10.0
88.0 76.0 20.0 10.0
100.0 73.0 20.0 10.0
121.0 117.0 20.0 10.0
81.0 95.0 20.0 10.0
99.0 126.0 20.0 10.0
93.0 81.0 20.0 10.0
159.0 91.0 20.0 10.0
106.0 58.0 20.0 10.0
81.0 121.0 20.0 10.0
131.0 150.0 20.0 10.0
102.0 102.0 20.0 10.0
157.0 127.0 20.0 10.0
72.0 133.0 20.0 10.0
90.0 102.0 20.0 10.0
151.0 102.0 20.0 10.0
89.0 98.0 20.0 10.0
127.0 118.0 20.0 10.0
89.0 90.0 20.0 10.0
65.0 90.0 20.0 10.0
120.0 133.0 20.0 10.0
101.0 106.0 20.0 10.0
157.0 122.0 20.0 10.0
121.0 58.0 20.0 10.0
124.0 123.0 20.0 10.0
105.0 44.0 20.0 10.0
71.0 88.0 20.0 10.0
120.0 66.0 20.0 10.0
90.0 113.0 20.0 10.0
85.0 130.0 20.0 10.0
94.0 113.0 20.0 10.0
70.0 95.0 20.0 10.0
128.0 84.0 20.0 10.0
109.0 112.0 20.0 10.0
127.0 91.0 20.0 10.0
107.0 74.0 20.0 10.0
83.0 127.0 20.0 10.0
135.0 130.0 20.0 10.0
139.0 141.0 20.0 10.0
167.0 64.0 20.0 10.0
104.0 78.0 20.0 10.0
122.0 129.0 20.0 10.0
120.0 120.0 20.0 10.0
139.0 137.0 20.0 10.0
144.0 84.0 20.0 10.0
120.0 130.0 20.0 10.0
129.0 106.0 20.0 10.0
76.0 98.0 20.0 10.0
97.0 109.0 20.0 10.0
113.0 121.0 20.0 10.0
78.0 133.0 20.0 10.0
142.0 86.0 20.0 10.0
93.0 104.0 20.0 10.0
138.0 92.0 20.0 10.0
78.0 58.0 20.0 10.0
98.0 94.0 20.0 10.0
106.0 119.0 20.0 10.0
117.0 151.0 20.0 10.0
70.0 97.0 20.0 10.0
148.0 110.0 20.0 10.0
85.0 99.0 20.0 10.0
52.0 102.0 20.0 10.0
139.0 69.0 20.0 10.0
53.0 91.0 20.0 10.0
62.0 136.0 20.0 10.0
87.0 116.0 20.0 10.0
79.0 168.0 20.0 10.0
92.0 114.0 20.0 10.0
114.0 154.0 20.0 10.0
122.0 50.0 20.0 10.0
139.0 54.0 20.0 10.0
72.0 104.0 20.0 10.0
102.0 94.0 20.0 10.0
114.0 134.0 20.0 10.0
64.0 108.0 20.0 10.0
87.0 70.0 20.0 10.0
135.0 141.0 20.0 10.0
80.0 107.0 20.0 10.0
146.0 136.0 20.0 10.0
82.0 126.0 20.0 10.0
165.0 46.0 20.0 10.0
111.0 162.0 20.0 10.0
135.0 125.0 20.0 10.0
98.0 44.0 20.0 10.0
121.0 98.0 20.0 10.0
69.0 144.0 20.0 10.0
83.0 114.0 20.0 10.0
77.0 136.0 20.0 10.0
109.0 83.0 20.0 10.0
117.0 88.0 20.0 10.0
110.0 129.0 20.0 10.0
158.0 104.0 20.0 10.0
96.0 85.0 20.0 10.0
77.0 64.0 20.0 10.0
136.0 134.0 20.0 10.0
102.0 68.0 20.0 10.0
90.0 54.0 20.0 10.0
134.0 104.0 20.0 10.0
117.0 104.0 20.0 10.0
78.0 142.0 20.0 10.0
155.0 107.0 20.0 10.0
104.0 147.0 20.0 10.0
107.0 140.0 20.0 10.0
120.0 94.0 20.0 10.0
123.0 66.0 20.0 10.0
112.0 125.0 20.0 10.0
124.0 116.0 20.0 10.0
105.0 100.0 20.0 10.0
92.0 34.0 20.0 10.0
171.0 131.0 20.0 10.0
114.0 88.0 20.0 10.0
142.0 88.0 20.0 10.0
155.0 152.0 20.0 10.0
92.0 97.0 20.0 10.0
114.0 100.0 20.0 10.0
126.0 138.0 20.0 10.0
121.0 172.0 20.0 10.0
67.0 135.0 20.0 10.0
68.0 75.0 20.0 10.0
89.0 129.0 20.0 10.0
72.0 77.0 20.0 10.0
56.0 109.0 20.0 10.0
140.0 133.0 20.0 10.0
107.0 161.0 20.0 10.0
145.0 86.0 20.0 10.0
108.0 61.0 20.0 10.0
77.0 80.0 20.0 10.0
121.0 81.0 20.0 10.0
92.0 182.0 20.0 10.0
93.0 138.0 20.0 10.0
65.0 136.0 20.0 10.0
145.0 121.0 20.0 10.0
99.0 67.0 20.0 10.0
136.0 60.0 20.0 10.0
151.0 91.0 20.0 10.0
81.0 140.0 20.0 10.0
88.0 79.0 20.0 10.0
77.0 127.0 20.0 10.0
125.0 118.0 20.0 10.0
46.0 125.0 20.0 10.0
127.0 160.0 20.0 10.0
100.0 138.0 20.0 10.0
64.0 112.0 20.0 10.0
78.0 61.0 20.0 10.0
59.0 118.0 20.0 10.0
61.0 52.0 20.0 10.0
83.0 103.0 20.0 10.0
112.0 135.0 20.0 10.0
132.0 158.0 20.0 10.0
158.0 182.0 20.0 10.0
143.0 74.0 20.0 10.0
106.0 142.0 20.0 10.0
123.0 94.0 20.0 10.0
131.0 130.0 20.0 10.0
119.0 76.0 20.0 10.0
135.0 111.0 20.0 10.0
130.0 59.0 20.0 10.0
161.0 85.0 20.0 10.0
77.0 75.0 20.0 10.0
142.0 104.0 20.0 10.0
133.0 79.0 20.0 10.0
109.0 125.0 20.0 10.0
117.0 98.0 20.0 10.0
134.0 114.0 20.0 10.0
100.0 89.0 20.0 10.0
149.0 101.0 20.0 10.0
110.0 104.0 20.0 10.0
186.0 120.0 20.0 10.0
112.0 123.0 20.0 10.0
93.0 66.0 20.0 10.0
105.0 130.0 20.0 10.0
138.0 110.0 20.0 10.0
111.0 107.0 20.0 10.0
116.0 86.0 20.0 10.0
143.0 70.0 20.0 10.0
125.0 59.0 20.0 10.0
58.0 128.0 20.0 10.0
77.0 113.0 20.0 10.0
83.0 151.0 20.0 10.0
96.0 147.0 20.0 10.0
89.0 100.0 20.0 10.0
95.0 56.0 20.0 10.0
151.0 84.0 20.0 10.0
96.0 77.0 20.0 10.0
153.0 79.0 20.0 10.0
132.0 82.0 20.0 10.0
84.0 109.0 20.0 10.0
81.0 61.0 20.0 10.0
77.0 151.0 20.0 10.0
66.0 78.0 20.0 10.0
114.0 120.0 20.0 10.0
51.0 60.0 20.0 10.0
125.0 112.0 20.0 10.0
143.0 80.0 20.0 10.0
113.0 26.0 20.0 10.0
114.0 91.0 20.0 10.0
132.0 115.0 20.0 10.0
128.0 72.0 20.0 10.0
149.0 124.0 20.0 10.0
42.0 133.0 20.0 10.0
102.0 142.0 20.0 10.0
93.0 75.0 20.0 10.0
154.0 71.0 20.0 10.0
140.0 135.0 20.0 10.0
170.0 98.0 20.0 10.0
89.0 108.0 20.0 10.0
114.0 163.0 20.0 10.0
170.0 126.0 20.0 10.0
73.0 109.0 20.0 10.0
133.0 63.0 20.0 10.0
142.0 98.0 20.0 10.0
74.0 139.0 20.0 10.0
