1000
138.0 96.0 20.0 10.0
125.0 141.0 20.0 10.0
112.0 151.0 20.0 10.0
93.0 114.0 20.0 10.0
101.0 83.0 20.0 10.0
91.0 157.0 20.0 10.0
101.0 172.0 20.0 10.0
148.0 98.0 20.0 10.0
107.0 117.0 20.0 10.0
194.0 49.0 20.0 10.0
135.0 132.0 20.0 10.0
115.0 151.0 20.0 10.0
76.0 68.0 20.0 10.0
123.0 119.0 20.0 10.0
121.0 91.0 20.0 10.0
140.0 136.0 20.0 10.0
148.0 150.0 20.0 10.0
94.0 144.0 20.0 10.0
91.0 154.0 20.0 10.0
91.0 144.0 20.0 10.0
98.0 118.0 20.0 10.0
166.0 126.0 20.0 10.0
113.0 142.0 20.0 10.0
119.0 78.0 20.0 10.0
132.0 146.0 20.0 10.0
115.0 101.0 20.0 10.0
101.0 102.0 20.0 10.0
87.0 127.0 20.0 10.0
120.0 111.0 20.0 10.0
147.0 161.0 20.0 10.0
85.0 136.0 20.0 10.0
80.0 127.0 20.0 10.0
125.0 124.0 20.0 10.0
134.0 106.0 20.0 10.0
115.0 114.0 20.0 10.0
123.0 96.0 20.0 10.0
146.0 120.0 20.0 10.0
115.0 196.0 20.0 10.0
92.0 86.0 20.0 10.0
86.0 83.0 20.0 10.0
88.0 71.0 20.0 10.0
140.0 86.0 20.0 10.0
145.0 137.0 20.0 10.0
128.0 73.0 20.0 10.0
160.0 84.0 20.0 10.0
99.0 107.0 20.0 10.0
138.0 133.0 20.0 10.0
110.0 84.0 20.0 10.0
146.0 98.0 20.0 10.0
87.0 109.0 20.0 10.0
150.0 126.0 20.0 10.0
136.0 177.0 20.0 10.0
122.0 192.0 20.0 10.0
120.0 97.0 20.0 10.0
146.0 125.0 20.0 10.0
140.0 57.0 20.0 10.0
131.0 90.0 20.0 10.0
107.0 105.0 20.0 10.0
125.0 85.0 20.0 10.0
109.0 189.0 20.0 10.0
100.0 77.0 20.0 10.0
72.0 110.0 20.0 10.0
101.0 89.0 20.0 10.0
101.0 187.0 20.0 10.0
146.0 123.0 20.0 10.0
156.0 128.0 20.0 10.0
98.0 142.0 20.0 10.0
113.0 156.0 20.0 10.0
141.0 88.0 20.0 10.0
153.0 76.0 20.0 10.0
125.0 129.0 20.0 10.0
99.0 83.0 20.0 10.0
115.0 84.0 20.0 10.0
142.0 108.0 20.0 10.0
117.0 143.0 20.0 10.0
121.0 77.0 20.0 10.0
92.0 72.0 20.0 10.0
129.0 131.0 20.0 10.0
149.0 148.0 20.0 10.0
94.0 90.0 20.0 10.0
112.0 131.0 20.0 10.0
101.0 148.0 20.0 10.0
126.0 137.0 20.0 10.0
105.0 95.0 20.0 10.0
97.0 171.0 20.0 10.0
111.0 129.0 20.0 10.0
130.0 111.0 20.0 10.0
130.0 116.0 20.0 10.0
167.0 115.0 20.0 10.0
100.0 116.0 20.0 10.0
83.0 107.0 20.0 10.0
104.0 144.0 20.0 10.0
125.0 161.0 20.0 10.0
141.0 112.0 20.0 10.0
135.0 102.0 20.0 10.0
93.0 101.0 20.0 10.0
141.0 53.0 20.0 10.0
152.0 106.0 20.0 10.0
86.0 129.0 20.0 10.0
160.0 153.0 20.0 10.0
117.0 117.0 20.0 10.0
139.0 147.0 20.0 10.0
153.0 136.0 20.0 10.0
146.0 128.0 20.0 10.0
118.0 152.0 20.0 10.0
139.0 119.0 20.0 10.0
102.0 143.0 20.0 10.0
67.0 160.0 20.0 10.0
155.0 144.0 20.0 10.0
127.0 114.0 20.0 10.0
105.0 154.0 20.0 10.0
112.0 81.0 20.0 10.0
111.0 143.0 20.0 10.0
111.0 115.0 20.0 10.0
110.0 136.0 20.0 10.0
96.0 78.0 20.0 10.0
95.0 130.0 20.0 10.0
92.0 123.0 20.0 10.0
140.0 127.0 20.0 10.0
114.0 125.0 20.0 10.0
150.0 134.0 20.0 10.0
129.0 141.0 20.0 10.0
129.0 46.0 20.0 10.0
147.0 162.0 20.0 10.0
86.0 151.0 20.0 10.0
145.0 163.0 20.0 10.0
109.0 132.0 20.0 10.0
130.0 117.0 20.0 10.0
76.0 79.0 20.0 10.0
85.0 103.0 20.0 10.0
143.0 36.0 20.0 10.0
86.0 88.0 20.0 10.0
140.0 99.0 20.0 10.0
82.0 101.0 20.0 10.0
137.0 99.0 20.0 10.0
140.0 122.0 20.0 10.0
133.0 154.0 20.0 10.0
90.0 140.0 20.0 10.0
165.0 107.0 20.0 10.0
70.0 87.0 20.0 10.0
119.0 100.0 20.0 10.0
88.0 117.0 20.0 10.0
142.0 166.0 20.0 10.0
144.0 84.0 20.0 10.0
139.0 127.0 20.0 10.0
165.0 131.0 20.0 10.0
112.0 158.0 20.0 10.0
132.0 160.0 20.0 10.0
59.0 119.0 20.0 10.0
90.0 105.0 20.0 10.0
166.0 160.0 20.0 10.0
104.0 90.0 20.0 10.0
99.0 154.0 20.0 10.0
196.0 88.0 20.0 10.0
141.0 149.0 20.0 10.0
109.0 100.0 20.0 10.0
135.0 155.0 20.0 10.0
126.0 166.0 20.0 10.0
108.0 91.0 20.0 10.0
137.0 113.0 20.0 10.0
183.0 129.0 20.0 10.0
174.0 114.0 20.0 10.0
99.0 95.0 20.0 10.0
107.0 81.0 20.0 10.0
115.0 180.0 20.0 10.0
120.0 154.0 20.0 10.0
132.0 67.0 20.0 10.0
142.0 175.0 20.0 10.0
156.0 106.0 20.0 10.0
117.0 145.0 20.0 10.0
141.0 163.0 20.0 10.0
68.0 130.0 20.0 10.0
121.0 167.0 20.0 10.0
134.0 122.0 20.0 10.0
103.0 126.0 20.0 10.0
69.0 133.0 20.0 10.0
83.0 156.0 20.0 10.0
66.0 84.0 20.0 10.0
143.0 155.0 20.0 10.0
147.0 152.0 20.0 10.0
153.0 100.0 20.0 10.0
92.0 73.0 20.0 10.0
141.0 105.0 20.0 10.0
163.0 155.0 20.0 10.0
163.0 68.0 20.0 10.0
129.0 157.0 20.0 10.0
121.0 175.0 20.0 10.0
54.0 85.0 20.0 10.0
91.0 96.0 20.0 10.0
142.0 135.0 20.0 10.0
133.0 150.0 20.0 10.0
151.0 132.0 20.0 10.0
126.0 153.0 20.0 10.0
105.0 115.0 20.0 10.0
108.0 108.0 20.0 10.0
142.0 132.0 20.0 10.0
176.0 170.0 20.0 10.0
123.0 90.0 20.0 10.0
99.0 92.0 20.0 10.0
180.0 148.0 20.0 10.0
148.0 110.0 20.0 10.0
128.0 130.0 20.0 10.0
110.0 160.0 20.0 10.0
153.0 110.0 20.0 10.0
132.0 107.0 20.0 10.0
134.0 130.0 20.0 10.0
144.0 100.0 20.0 10.0
73.0 172.0 20.0 10.0
115.0 90.0 20.0 10.0
104.0 99.0 20.0 10.0
170.0 137.0 20.0 10.0
105.0 119.0 20.0 10.0
115.0 166.0 20.0 10.0
74.0 146.0 20.0 10.0
86.0 101.0 20.0 10.0
123.0 37.0 20.0 10.0
85.0 96.0 20.0 10.0
113.0 137.0 20.0 10.0
108.0 87.0 20.0 10.0
114.0 110.0 20.0 10.0
87.0 162.0 20.0 10.0
109.0 157.0 20.0 10.0
95.0 146.0 20.0 10.0
159.0 137.0 20.0 10.0
96.0 118.0 20.0 10.0
132.0 142.0 20.0 10.0
154.0 168.0 20.0 10.0
118.0 78.0 20.0 10.0
108.0 111.0 20.0 10.0
148.0 122.0 20.0 10.0
126.0 158.0 20.0 10.0
67.0 81.0 20.0 10.0
193.0 99.0 20.0 10.0
159.0 136.0 20.0 10.0
151.0 68.0 20.0 10.0
74.0 154.0 20.0 10.0
108.0 104.0 20.0 10.0
174.0 130.0 20.0 10.0
153.0 150.0 20.0 10.0
126.0 112.0 20.0 10.0
126.0 175.0 20.0 10.0
147.0 78.0 20.0 10.0
132.0 79.0 20.0 10.0
78.0 84.0 20.0 10.0
130.0 98.0 20.0 10.0
89.0 169.0 20.0 10.0
153.0 114.0 20.0 10.0
137.0 140.0 20.0 10.0
179.0 99.0 20.0 10.0
62.0 106.0 20.0 10.0
150.0 130.0 20.0 10.0
48.0 145.0 20.0 10.0
109.0 141.0 20.0 10.0
109.0 177.0 20.0 10.0
96.0 177.0 20.0 10.0
109.0 118.0 20.0 10.0
129.0 96.0 20.0 10.0
105.0 60.0 20.0 10.0
61.0 121.0 20.0 10.0
141.0 147.0 20.0 10.0
144.0 71.0 20.0 10.0
66.0 114.0 20.0 10.0
126.0 76.0 20.0 10.0
119.0 138.0 20.0 10.0
126.0 135.0 20.0 10.0
131.0 178.0 20.0 10.0
106.0 134.0 20.0 10.0
140.0 113.0 20.0 10.0
134.0 71.0 20.0 10.0
153.0 146.0 20.0 10.0
130.0 166.0 20.0 10.0
117.0 103.0 20.0 10.0
162.0 91.0 20.0 10.0
124.0 114.0 20.0 10.0
151.0 93.0 20.0 10.0
116.0 74.0 20.0 10.0
148.0 146.0 20.0 10.0
103.0 96.0 20.0 10.0
154.0 140.0 20.0 10.0
143.0 92.0 20.0 10.0
138.0 94.0 20.0 10.0
99.0 98.0 20.0 10.0
93.0 106.0 20.0 10.0
94.0 111.0 20.0 10.0
117.0 124.0 20.0 10.0
96.0 153.0 20.0 10.0
99.0 133.0 20.0 10.0
124.0 59.0 20.0 10.0
136.0 148.0 20.0 10.0
85.0 172.0 20.0 10.0
97.0 123.0 20.0 10.0
93.0 125.0 20.0 10.0
85.0 93.0 20.0 10.0
112.0 54.0 20.0 10.0
161.0 118.0 20.0 10.0
97.0 142.0 20.0 10.0
179.0 175.0 20.0 10.0
140.0 190.0 20.0 10.0
90.0 51.0 20.0 10.0
118.0 85.0 20.0 10.0
96.0 152.0 20.0 10.0
137.0 130.0 20.0 10.0
164.0 123.0 20.0 10.0
171.0 125.0 20.0 10.0
74.0 124.0 20.0 10.0
101.0 124.0 20.0 10.0
88.0 84.0 20.0 10.0
115.0 182.0 20.0 10.0
112.0 126.0 20.0 10.0
105.0 98.0 20.0 10.0
130.0 143.0 20.0 10.0
82.0 111.0 20.0 10.0
121.0 62.0 20.0 10.0
77.0 131.0 20.0 10.0
94.0 116.0 20.0 10.0
117.0 172.0 20.0 10.0
112.0 105.0 20.0 10.0
82.0 114.0 20.0 10.0
86.0 138.0 20.0 10.0
173.0 126.0 20.0 10.0
107.0 169.0 20.0 10.0
92.0 161.0 20.0 10.0
145.0 95.0 20.0 10.0
163.0 142.0 20.0 10.0
75.0 140.0 20.0 10.0
90.0 97.0 20.0 10.0
115.0 130.0 20.0 10.0
156.0 122.0 20.0 10.0
168.0 71.0 20.0 10.0
126.0 92.0 20.0 10.0
121.0 154.0 20.0 10.0
123.0 88.0 20.0 10.0
119.0 162.0 20.0 10.0
141.0 177.0 20.0 10.0
135.0 85.0 20.0 10.0
182.0 138.0 20.0 10.0
149.0 117.0 20.0 10.0
89.0 156.0 20.0 10.0
172.0 120.0 20.0 10.0
122.0 86.0 20.0 10.0
125.0 151.0 20.0 10.0
90.0 121.0 20.0 10.0
97.0 111.0 20.0 10.0
137.0 156.0 20.0 10.0
125.0 111.0 20.0 10.0
76.0 142.0 20.0 10.0
128.0 82.0 20.0 10.0
123.0 162.0 20.0 10.0
75.0 102.0 20.0 10.0
146.0 155.0 20.0 10.0
126.0 130.0 20.0 10.0
145.0 144.0 20.0 10.0
128.0 173.0 20.0 10.0
105.0 92.0 20.0 10.0
144.0 110.0 20.0 10.0
121.0 121.0 20.0 10.0
103.0 158.0 20.0 10.0
164.0 85.0 20.0 10.0
124.0 156.0 20.0 10.0
163.0 131.0 20.0 10.0
110.0 112.0 20.0 10.0
169.0 127.0 20.0 10.0
74.0 149.0 20.0 10.0
179.0 167.0 20.0 10.0
127.0 118.0 20.0 10.0
168.0 129.0 20.0 10.0
151.0 78.0 20.0 10.0
117.0 106.0 20.0 10.0
31.0 48.0 20.0 10.0
112.0 109.0 20.0 10.0
96.0 109.0 20.0 10.0
95.0 133.0 20.0 10.0
83.0 110.0 20.0 10.0
93.0 129.0 20.0 10.0
44.0 155.0 20.0 10.0
92.0 128.0 20.0 10.0
112.0 97.0 20.0 10.0
115.0 93.0 20.0 10.0
121.0 128.0 20.0 10.0
132.0 95.0 20.0 10.0
136.0 120.0 20.0 10.0
142.0 62.0 20.0 10.0
187.0 131.0 20.0 10.0
63.0 127.0 20.0 10.0
122.0 109.0 20.0 10.0
135.0 97.0 20.0 10.0
167.0 111.0 20.0 10.0
104.0 148.0 20.0 10.0
131.0 92.0 20.0 10.0
113.0 133.0 20.0 10.0
101.0 109.0 20.0 10.0
106.0 124.0 20.0 10.0
77.0 100.0 20.0 10.0
124.0 107.0 20.0 10.0
158.0 144.0 20.0 10.0
100.0 99.0 20.0 10.0
141.0 195.0 20.0 10.0
131.0 172.0 20.0 10.0
168.0 96.0 20.0 10.0
114.0 121.0 20.0 10.0
120.0 145.0 20.0 10.0
79.0 146.0 20.0 10.0
88.0 145.0 20.0 10.0
45.0 125.0 20.0 10.0
183.0 119.0 20.0 10.0
144.0 150.0 20.0 10.0
88.0 121.0 20.0 10.0
133.0 114.0 20.0 10.0
106.0 130.0 20.0 10.0
61.0 131.0 20.0 10.0
65.0 126.0 20.0 10.0
159.0 89.0 20.0 10.0
106.0 100.0 20.0 10.0
122.0 101.0 20.0 10.0
90.0 125.0 20.0 10.0
116.0 95.0 20.0 10.0
90.0 158.0 20.0 10.0
135.0 141.0 20.0 10.0
216.0 62.0 20.0 10.0
112.0 172.0 20.0 10.0
138.0 57.0 20.0 10.0
78.0 127.0 20.0 10.0
78.0 140.0 20.0 10.0
168.0 68.0 20.0 10.0
100.0 124.0 20.0 10.0
157.0 101.0 20.0 10.0
141.0 144.0 20.0 10.0
134.0 76.0 20.0 10.0
102.0 153.0 20.0 10.0
119.0 129.0 20.0 10.0
128.0 138.0 20.0 10.0
164.0 81.0 20.0 10.0
134.0 83.0 20.0 10.0
129.0 80.0 20.0 10.0
93.0 98.0 20.0 10.0
90.0 137.0 20.0 10.0
79.0 74.0 20.0 10.0
95.0 166.0 20.0 10.0
117.0 160.0 20.0 10.0
104.0 106.0 20.0 10.0
123.0 117.0 20.0 10.0
95.0 134.0 20.0 10.0
131.0 149.0 20.0 10.0
73.0 133.0 20.0 10.0
84.0 142.0 20.0 10.0
113.0 100.0 20.0 10.0
112.0 115.0 20.0 10.0
184.0 79.0 20.0 10.0
156.0 113.0 20.0 10.0
108.0 139.0 20.0 10.0
74.0 144.0 20.0 10.0
121.0 163.0 20.0 10.0
130.0 183.0 20.0 10.0
165.0 110.0 20.0 10.0
153.0 127.0 20.0 10.0
85.0 141.0 20.0 10.0
125.0 122.0 20.0 10.0
161.0 95.0 20.0 10.0
68.0 122.0 20.0 10.0
132.0 162.0 20.0 10.0
116.0 157.0 20.0 10.0
123.0 165.0 20.0 10.0
166.0 122.0 20.0 10.0
66.0 147.0 20.0 10.0
109.0 90.0 20.0 10.0
156.0 181.0 20.0 10.0
97.0 97.0 20.0 10.0
113.0 185.0 20.0 10.0
122.0 131.0 20.0 10.0
98.0 86.0 20.0 10.0
69.0 98.0 20.0 10.0
131.0 137.0 20.0 10.0
163.0 105.0 20.0 10.0
114.0 167.0 20.0 10.0
64.0 143.0 20.0 10.0
106.0 121.0 20.0 10.0
71.0 141.0 20.0 10.0
148.0 66.0 20.0 10.0
143.0 105.0 20.0 10.0
106.0 96.0 20.0 10.0
97.0 94.0 20.0 10.0
105.0 149.0 20.0 10.0
115.0 96.0 20.0 10.0
148.0 125.0 20.0 10.0
107.0 141.0 20.0 10.0
108.0 146.0 20.0 10.0
105.0 102.0 20.0 10.0
118.0 122.0 20.0 10.0
126.0 83.0 20.0 10.0
125.0 117.0 20.0 10.0
183.0 155.0 20.0 10.0
121.0 107.0 20.0 10.0
100.0 157.0 20.0 10.0
137.0 169.0 20.0 10.0
166.0 83.0 20.0 10.0
124.0 144.0 20.0 10.0
117.0 132.0 20.0 10.0
128.0 150.0 20.0 10.0
122.0 139.0 20.0 10.0
141.0 97.0 20.0 10.0
104.0 175.0 20.0 10.0
161.0 176.0 20.0 10.0
127.0 125.0 20.0 10.0
112.0 111.0 20.0 10.0
143.0 135.0 20.0 10.0
117.0 137.0 20.0 10.0
178.0 87.0 20.0 10.0
97.0 164.0 20.0 10.0
106.0 137.0 20.0 10.0
90.0 166.0 20.0 10.0
119.0 94.0 20.0 10.0
135.0 101.0 20.0 10.0
92.0 118.0 20.0 10.0
150.0 85.0 20.0 10.0
119.0 139.0 20.0 10.0
139.0 69.0 20.0 10.0
94.0 148.0 20.0 10.0
83.0 102.0 20.0 10.0
89.0 90.0 20.0 10.0
85.0 87.0 20.0 10.0
78.0 151.0 20.0 10.0
100.0 107.0 20.0 10.0
70.0 158.0 20.0 10.0
59.0 141.0 20.0 10.0
124.0 131.0 20.0 10.0
103.0 74.0 20.0 10.0
91.0 130.0 20.0 10.0
73.0 106.0 20.0 10.0
96.0 141.0 20.0 10.0
103.0 190.0 20.0 10.0
127.0 113.0 20.0 10.0
137.0 108.0 20.0 10.0
127.0 147.0 20.0 10.0
151.0 128.0 20.0 10.0
113.0 144.0 20.0 10.0
94.0 119.0 20.0 10.0
99.0 126.0 20.0 10.0
131.0 104.0 20.0 10.0
141.0 117.0 20.0 10.0
130.0 130.0 20.0 10.0
141.0 106.0 20.0 10.0
123.0 175.0 20.0 10.0
145.0 142.0 20.0 10.0
163.0 127.0 20.0 10.0
109.0 73.0 20.0 10.0
105.0 134.0 20.0 10.0
131.0 109.0 20.0 10.0
126.0 97.0 20.0 10.0
99.0 155.0 20.0 10.0
179.0 104.0 20.0 10.0
170.0 97.0 20.0 10.0
153.0 85.0 20.0 10.0
110.0 133.0 20.0 10.0
122.0 134.0 20.0 10.0
87.0 107.0 20.0 10.0
121.0 116.0 20.0 10.0
127.0 192.0 20.0 10.0
81.0 139.0 20.0 10.0
79.0 131.0 20.0 10.0
114.0 148.0 20.0 10.0
116.0 105.0 20.0 10.0
165.0 148.0 20.0 10.0
164.0 119.0 20.0 10.0
79.0 115.0 20.0 10.0
126.0 195.0 20.0 10.0
139.0 137.0 20.0 10.0
123.0 77.0 20.0 10.0
110.0 127.0 20.0 10.0
182.0 137.0 20.0 10.0
126.0 147.0 20.0 10.0
105.0 140.0 20.0 10.0
124.0 90.0 20.0 10.0
115.0 129.0 20.0 10.0
80.0 113.0 20.0 10.0
153.0 142.0 20.0 10.0
172.0 75.0 20.0 10.0
88.0 74.0 20.0 10.0
114.0 106.0 20.0 10.0
101.0 133.0 20.0 10.0
65.0 116.0 20.0 10.0
136.0 78.0 20.0 10.0
171.0 110.0 20.0 10.0
81.0 104.0 20.0 10.0
106.0 185.0 20.0 10.0
186.0 164.0 20.0 10.0
160.0 141.0 20.0 10.0
157.0 159.0 20.0 10.0
120.0 133.0 20.0 10.0
107.0 156.0 20.0 10.0
99.0 62.0 20.0 10.0
100.0 134.0 20.0 10.0
142.0 123.0 20.0 10.0
174.0 88.0 20.0 10.0
155.0 77.0 20.0 10.0
158.0 82.0 20.0 10.0
155.0 164.0 20.0 10.0
125.0 158.0 20.0 10.0
151.0 108.0 20.0 10.0
141.0 140.0 20.0 10.0
158.0 94.0 20.0 10.0
118.0 134.0 20.0 10.0
106.0 151.0 20.0 10.0
135.0 144.0 20.0 10.0
116.0 110.0 20.0 10.0
152.0 91.0 20.0 10.0
150.0 111.0 20.0 10.0
123.0 98.0 20.0 10.0
122.0 150.0 20.0 10.0
79.0 158.0 20.0 10.0
177.0 141.0 20.0 10.0
147.0 172.0 20.0 10.0
151.0 116.0 20.0 10.0
79.0 103.0 20.0 10.0
120.0 68.0 20.0 10.0
82.0 147.0 20.0 10.0
102.0 140.0 20.0 10.0
143.0 121.0 20.0 10.0
83.0 179.0 20.0 10.0
101.0 123.0 20.0 10.0
151.0 121.0 20.0 10.0
113.0 164.0 20.0 10.0
159.0 102.0 20.0 10.0
113.0 150.0 20.0 10.0
143.0 75.0 20.0 10.0
125.0 87.0 20.0 10.0
143.0 129.0 20.0 10.0
162.0 144.0 20.0 10.0
130.0 122.0 20.0 10.0
118.0 150.0 20.0 10.0
114.0 73.0 20.0 10.0
144.0 123.0 20.0 10.0
127.0 95.0 20.0 10.0
168.0 134.0 20.0 10.0
125.0 171.0 20.0 10.0
107.0 76.0 20.0 10.0
93.0 102.0 20.0 10.0
154.0 98.0 20.0 10.0
134.0 117.0 20.0 10.0
122.0 103.0 20.0 10.0
161.0 71.0 20.0 10.0
68.0 105.0 20.0 10.0
96.0 103.0 20.0 10.0
126.0 143.0 20.0 10.0
123.0 100.0 20.0 10.0
193.0 127.0 20.0 10.0
101.0 138.0 20.0 10.0
133.0 60.0 20.0 10.0
152.0 102.0 20.0 10.0
94.0 94.0 20.0 10.0
99.0 114.0 20.0 10.0
158.0 153.0 20.0 10.0
163.0 118.0 20.0 10.0
149.0 132.0 20.0 10.0
79.0 170.0 20.0 10.0
113.0 131.0 20.0 10.0
99.0 105.0 20.0 10.0
115.0 169.0 20.0 10.0
132.0 76.0 20.0 10.0
79.0 117.0 20.0 10.0
108.0 123.0 20.0 10.0
76.0 112.0 20.0 10.0
123.0 124.0 20.0 10.0
166.0 144.0 20.0 10.0
116.0 102.0 20.0 10.0
184.0 114.0 20.0 10.0
137.0 76.0 20.0 10.0
135.0 162.0 20.0 10.0
137.0 101.0 20.0 10.0
104.0 168.0 20.0 10.0
91.0 88.0 20.0 10.0
158.0 117.0 20.0 10.0
86.0 68.0 20.0 10.0
57.0 124.0 20.0 10.0
122.0 116.0 20.0 10.0
158.0 101.0 20.0 10.0
128.0 100.0 20.0 10.0
189.0 109.0 20.0 10.0
147.0 137.0 20.0 10.0
116.0 58.0 20.0 10.0
100.0 119.0 20.0 10.0
72.0 74.0 20.0 10.0
154.0 121.0 20.0 10.0
120.0 85.0 20.0 10.0
115.0 120.0 20.0 10.0
135.0 96.0 20.0 10.0
148.0 115.0 20.0 10.0
116.0 121.0 20.0 10.0
130.0 75.0 20.0 10.0
149.0 103.0 20.0 10.0
97.0 134.0 20.0 10.0
145.0 110.0 20.0 10.0
69.0 58.0 20.0 10.0
96.0 100.0 20.0 10.0
101.0 99.0 20.0 10.0
86.0 130.0 20.0 10.0
156.0 147.0 20.0 10.0
67.0 98.0 20.0 10.0
111.0 62.0 20.0 10.0
111.0 66.0 20.0 10.0
107.0 102.0 20.0 10.0
97.0 138.0 20.0 10.0
113.0 80.0 20.0 10.0
122.0 123.0 20.0 10.0
143.0 113.0 20.0 10.0
158.0 132.0 20.0 10.0
111.0 95.0 20.0 10.0
121.0 142.0 20.0 10.0
84.0 145.0 20.0 10.0
177.0 105.0 20.0 10.0
75.0 118.0 20.0 10.0
146.0 113.0 20.0 10.0
97.0 89.0 20.0 10.0
166.0 91.0 20.0 10.0
108.0 114.0 20.0 10.0
119.0 178.0 20.0 10.0
100.0 112.0 20.0 10.0
74.0 96.0 20.0 10.0
105.0 131.0 20.0 10.0
95.0 122.0 20.0 10.0
25.0 105.0 20.0 10.0
130.0 134.0 20.0 10.0
147.0 93.0 20.0 10.0
135.0 126.0 20.0 10.0
113.0 88.0 20.0 10.0
77.0 119.0 20.0 10.0
114.0 115.0 20.0 10.0
83.0 88.0 20.0 10.0
93.0 67.0 20.0 10.0
111.0 164.0 20.0 10.0
57.0 91.0 20.0 10.0
134.0 137.0 20.0 10.0
113.0 132.0 20.0 10.0
147.0 121.0 20.0 10.0
169.0 156.0 20.0 10.0
112.0 124.0 20.0 10.0
91.0 146.0 20.0 10.0
67.0 137.0 20.0 10.0
140.0 83.0 20.0 10.0
129.0 115.0 20.0 10.0
145.0 147.0 20.0 10.0
100.0 164.0 20.0 10.0
106.0 128.0 20.0 10.0
119.0 114.0 20.0 10.0
97.0 129.0 20.0 10.0
85.0 133.0 20.0 10.0
131.0 102.0 20.0 10.0
104.0 130.0 20.0 10.0
114.0 144.0 20.0 10.0
150.0 145.0 20.0 10.0
162.0 126.0 20.0 10.0
181.0 121.0 20.0 10.0
135.0 88.0 20.0 10.0
80.0 142.0 20.0 10.0
141.0 182.0 20.0 10.0
124.0 103.0 20.0 10.0
107.0 149.0 20.0 10.0
100.0 145.0 20.0 10.0
103.0 118.0 20.0 10.0
166.0 99.0 20.0 10.0
74.0 176.0 20.0 10.0
97.0 125.0 20.0 10.0
110.0 90.0 20.0 10.0
132.0 121.0 20.0 10.0
131.0 113.0 20.0 10.0
143.0 81.0 20.0 10.0
101.0 166.0 20.0 10.0
142.0 90.0 20.0 10.0
66.0 107.0 20.0 10.0
120.0 106.0 20.0 10.0
163.0 90.0 20.0 10.0
147.0 96.0 20.0 10.0
117.0 127.0 20.0 10.0
137.0 73.0 20.0 10.0
120.0 147.0 20.0 10.0
131.0 134.0 20.0 10.0
142.0 157.0 20.0 10.0
124.0 81.0 20.0 10.0
64.0 103.0 20.0 10.0
61.0 110.0 20.0 10.0
91.0 107.0 20.0 10.0
81.0 106.0 20.0 10.0
106.0 160.0 20.0 10.0
120.0 118.0 20.0 10.0
128.0 164.0 20.0 10.0
75.0 96.0 20.0 10.0
153.0 124.0 20.0 10.0
121.0 102.0 20.0 10.0
157.0 137.0 20.0 10.0
83.0 135.0 20.0 10.0
149.0 101.0 20.0 10.0
155.0 84.0 20.0 10.0
132.0 135.0 20.0 10.0
112.0 191.0 20.0 10.0
139.0 116.0 20.0 10.0
117.0 187.0 20.0 10.0
146.0 90.0 20.0 10.0
111.0 119.0 20.0 10.0
138.0 91.0 20.0 10.0
95.0 114.0 20.0 10.0
166.0 139.0 20.0 10.0
113.0 93.0 20.0 10.0
131.0 128.0 20.0 10.0
96.0 132.0 20.0 10.0
107.0 147.0 20.0 10.0
127.0 109.0 20.0 10.0
182.0 113.0 20.0 10.0
130.0 126.0 20.0 10.0
116.0 153.0 20.0 10.0
109.0 149.0 20.0 10.0
110.0 121.0 20.0 10.0
137.0 135.0 20.0 10.0
163.0 133.0 20.0 10.0
139.0 98.0 20.0 10.0
122.0 153.0 20.0 10.0
142.0 93.0 20.0 10.0
149.0 159.0 20.0 10.0
105.0 82.0 20.0 10.0
116.0 80.0 20.0 10.0
144.0 102.0 20.0 10.0
164.0 129.0 20.0 10.0
85.0 110.0 20.0 10.0
91.0 190.0 20.0 10.0
149.0 201.0 20.0 10.0
65.0 153.0 20.0 10.0
140.0 152.0 20.0 10.0
173.0 143.0 20.0 10.0
102.0 180.0 20.0 10.0
115.0 134.0 20.0 10.0
76.0 147.0 20.0 10.0
135.0 151.0 20.0 10.0
124.0 94.0 20.0 10.0
91.0 163.0 20.0 10.0
142.0 79.0 20.0 10.0
145.0 117.0 20.0 10.0
128.0 103.0 20.0 10.0
63.0 151.0 20.0 10.0
69.0 75.0 20.0 10.0
134.0 144.0 20.0 10.0
90.0 134.0 20.0 10.0
93.0 120.0 20.0 10.0
121.0 125.0 20.0 10.0
120.0 138.0 20.0 10.0
79.0 123.0 20.0 10.0
138.0 143.0 20.0 10.0
85.0 115.0 20.0 10.0
164.0 153.0 20.0 10.0
55.0 132.0 20.0 10.0
137.0 128.0 20.0 10.0
56.0 90.0 20.0 10.0
127.0 144.0 20.0 10.0
80.0 182.0 20.0 10.0
120.0 171.0 20.0 10.0
92.0 77.0 20.0 10.0
86.0 77.0 20.0 10.0
107.0 69.0 20.0 10.0
98.0 120.0 20.0 10.0
108.0 137.0 20.0 10.0
98.0 102.0 20.0 10.0
136.0 117.0 20.0 10.0
96.0 106.0 20.0 10.0
137.0 122.0 20.0 10.0
150.0 106.0 20.0 10.0
142.0 109.0 20.0 10.0
81.0 92.0 20.0 10.0
137.0 111.0 20.0 10.0
84.0 152.0 20.0 10.0
125.0 74.0 20.0 10.0
112.0 76.0 20.0 10.0
85.0 120.0 20.0 10.0
131.0 169.0 20.0 10.0
112.0 99.0 20.0 10.0
81.0 123.0 20.0 10.0
106.0 109.0 20.0 10.0
75.0 134.0 20.0 10.0
96.0 175.0 20.0 10.0
123.0 138.0 20.0 10.0
104.0 111.0 20.0 10.0
141.0 133.0 20.0 10.0
168.0 136.0 20.0 10.0
76.0 87.0 20.0 10.0
89.0 147.0 20.0 10.0
137.0 143.0 20.0 10.0
198.0 132.0 20.0 10.0
151.0 155.0 20.0 10.0
155.0 113.0 20.0 10.0
112.0 138.0 20.0 10.0
130.0 91.0 20.0 10.0
134.0 147.0 20.0 10.0
170.0 113.0 20.0 10.0
150.0 140.0 20.0 10.0
108.0 177.0 20.0 10.0
135.0 134.0 20.0 10.0
141.0 120.0 20.0 10.0
152.0 135.0 20.0 10.0
141.0 126.0 20.0 10.0
156.0 121.0 20.0 10.0
153.0 82.0 20.0 10.0
163.0 109.0 20.0 10.0
137.0 105.0 20.0 10.0
105.0 63.0 20.0 10.0
63.0 137.0 20.0 10.0
138.0 146.0 20.0 10.0
104.0 91.0 20.0 10.0
170.0 108.0 20.0 10.0
104.0 125.0 20.0 10.0
81.0 131.0 20.0 10.0
111.0 122.0 20.0 10.0
105.0 108.0 20.0 10.0
85.0 122.0 20.0 10.0
126.0 208.0 20.0 10.0
99.0 110.0 20.0 10.0
132.0 119.0 20.0 10.0
111.0 134.0 20.0 10.0
109.0 107.0 20.0 10.0
76.0 91.0 20.0 10.0
147.0 84.0 20.0 10.0
156.0 155.0 20.0 10.0
82.0 95.0 20.0 10.0
86.0 148.0 20.0 10.0
138.0 153.0 20.0 10.0
139.0 110.0 20.0 10.0
134.0 129.0 20.0 10.0
169.0 115.0 20.0 10.0
92.0 147.0 20.0 10.0
104.0 165.0 20.0 10.0
140.0 179.0 20.0 10.0
75.0 126.0 20.0 10.0
94.0 67.0 20.0 10.0
90.0 108.0 20.0 10.0
97.0 114.0 20.0 10.0
113.0 110.0 20.0 10.0
96.0 156.0 20.0 10.0
110.0 97.0 20.0 10.0
145.0 101.0 20.0 10.0
139.0 80.0 20.0 10.0
104.0 152.0 20.0 10.0
112.0 66.0 20.0 10.0
127.0 122.0 20.0 10.0
156.0 170.0 20.0 10.0
174.0 183.0 20.0 10.0
98.0 109.0 20.0 10.0
113.0 175.0 20.0 10.0
79.0 154.0 20.0 10.0
148.0 147.0 20.0 10.0
98.0 67.0 20.0 10.0
119.0 148.0 20.0 10.0
99.0 146.0 20.0 10.0
125.0 62.0 20.0 10.0
162.0 115.0 20.0 10.0
132.0 116.0 20.0 10.0
130.0 152.0 20.0 10.0
145.0 104.0 20.0 10.0
129.0 118.0 20.0 10.0
76.0 105.0 20.0 10.0
144.0 168.0 20.0 10.0
109.0 94.0 20.0 10.0
79.0 111.0 20.0 10.0
106.0 116.0 20.0 10.0
84.0 125.0 20.0 10.0
147.0 178.0 20.0 10.0
105.0 121.0 20.0 10.0
106.0 125.0 20.0 10.0
76.0 137.0 20.0 10.0
124.0 126.0 20.0 10.0
161.0 107.0 20.0 10.0
184.0 107.0 20.0 10.0
134.0 123.0 20.0 10.0
134.0 112.0 20.0 10.0
134.0 164.0 20.0 10.0
90.0 115.0 20.0 10.0
84.0 149.0 20.0 10.0
116.0 138.0 20.0 10.0
116.0 71.0 20.0 10.0
122.0 138.0 20.0 10.0
99.0 140.0 20.0 10.0
94.0 127.0 20.0 10.0
158.0 85.0 20.0 10.0
111.0 146.0 20.0 10.0
106.0 76.0 20.0 10.0
112.0 91.0 20.0 10.0
91.0 100.0 20.0 10.0
80.0 134.0 20.0 10.0
72.0 113.0 20.0 10.0
105.0 163.0 20.0 10.0
153.0 138.0 20.0 10.0
144.0 160.0 20.0 10.0
107.0 85.0 20.0 10.0
121.0 130.0 20.0 10.0
96.0 136.0 20.0 10.0
130.0 106.0 20.0 10.0
216.0 157.0 20.0 10.0
124.0 149.0 20.0 10.0
126.0 90.0 20.0 10.0
89.0 150.0 20.0 10.0
66.0 184.0 20.0 10.0
160.0 115.0 20.0 10.0
97.0 162.0 20.0 10.0
134.0 172.0 20.0 10.0
141.0 25.0 20.0 10.0
150.0 115.0 20.0 10.0
