1000
94.0 91.0 20.0 10.0
90.0 90.0 20.0 10.0
94.0 89.0 20.0 10.0
96.0 90.0 20.0 10.0
92.0 92.0 20.0 10.0
105.0 90.0 20.0 10.0
103.0 90.0 20.0 10.0
100.0 87.0 20.0 10.0
94.0 95.0 20.0 10.0
92.0 106.0 20.0 10.0
93.0 87.0 20.0 10.0
91.0 88.0 20.0 10.0
86.0 92.0 20.0 10.0
96.0 103.0 20.0 10.0
84.0 86.0 20.0 10.0
90.0999984741211 90.0 20.0 10.0
104.0 90.0 20.0 10.0
84.0 91.0 20.0 10.0
82.0 87.0 20.0 10.0
89.0 112.0 20.0 10.0
95.0 77.0 20.0 10.0
107.0 83.0 20.0 10.0
95.0 76.0 20.0 10.0
96.0 87.0 20.0 10.0
93.0 94.0 20.0 10.0
84.0 88.0 20.0 10.0
101.0 84.0 20.0 10.0
99.0 100.0 20.0 10.0
91.0 84.0 20.0 10.0
112.0 89.0 20.0 10.0
95.0 97.0 20.0 10.0
87.0 93.0 20.0 10.0
88.0 81.0 20.0 10.0
83.0 70.0 20.0 10.0
75.0 92.0 20.0 10.0
77.0 88.0 20.0 10.0
87.0 89.0 20.0 10.0
111.0 98.0 20.0 10.0
108.0 88.0 20.0 10.0
75.0 81.0 20.0 10.0
99.0 84.0 20.0 10.0
92.0 83.0 20.0 10.0
89.0 62.0 20.0 10.0
78.0 108.0 20.0 10.0
89.0 92.0 20.0 10.0
84.0 81.0 20.0 10.0
98.0 91.0 20.0 10.0
100.0 85.0 20.0 10.0
72.0 89.0 20.0 10.0
103.0 98.0 20.0 10.0
90.0 96.0 20.0 10.0
101.0 91.0 20.0 10.0
95.0 87.0 20.0 10.0
66.0 76.0 20.0 10.0
86.0 89.0 20.0 10.0
109.0 78.0 20.0 10.0
81.0 97.0 20.0 10.0
92.0 95.0 20.0 10.0
86.0 106.0 20.0 10.0
93.0 107.0 20.0 10.0
94.0 81.0 20.0 10.0
100.0 124.0 20.0 10.0
98.0 105.0 20.0 10.0
79.0 77.0 20.0 10.0
107.0 104.0 20.0 10.0
77.0 81.0 20.0 10.0
84.0 65.0 20.0 10.0
85.0 97.0 20.0 10.0
114.0 71.0 20.0 10.0
115.0 94.0 20.0 10.0
120.0 101.0 20.0 10.0
110.0 85.0 20.0 10.0
98.0 93.0 20.0 10.0
101.0 94.0 20.0 10.0
80.0 90.0 20.0 10.0
96.0 115.0 20.0 10.0
89.0 109.0 20.0 10.0
90.0 64.0 20.0 10.0
80.0 92.0 20.0 10.0
125.0 78.0 20.0 10.0
87.0 97.0 20.0 10.0
80.0 98.0 20.0 10.0
100.0 89.0 20.0 10.0
78.0 95.0 20.0 10.0
86.0 55.0 20.0 10.0
93.0 111.0 20.0 10.0
107.0 108.0 20.0 10.0
85.0 90.0 20.0 10.0
116.0 78.0 20.0 10.0
123.0 62.0 20.0 10.0
83.0 98.0 20.0 10.0
124.0 107.0 20.0 10.0
87.0 67.0 20.0 10.0
104.0 87.0 20.0 10.0
92.0 63.0 20.0 10.0
72.0 65.0 20.0 10.0
101.0 92.0 20.0 10.0
75.0 116.0 20.0 10.0
102.0 61.0 20.0 10.0
127.0 81.0 20.0 10.0
101.0 74.0 20.0 10.0
73.0 95.0 20.0 10.0
97.0 81.0 20.0 10.0
74.0 67.0 20.0 10.0
78.0 118.0 20.0 10.0
92.0 97.0 20.0 10.0
68.0 78.0 20.0 10.0
95.0 106.0 20.0 10.0
100.0 83.0 20.0 10.0
128.0 79.0 20.0 10.0
101.0 99.0 20.0 10.0
128.0 98.0 20.0 10.0
123.0 98.0 20.0 10.0
123.0 108.0 20.0 10.0
74.0 84.0 20.0 10.0
77.0 98.0 20.0 10.0
86.0 69.0 20.0 10.0
111.0 102.0 20.0 10.0
64.0 95.0 20.0 10.0
80.0 80.0 20.0 10.0
101.0 77.0 20.0 10.0
104.0 94.0 20.0 10.0
69.0 111.0 20.0 10.0
88.0 83.0 20.0 10.0
76.0 105.0 20.0 10.0
91.0 117.0 20.0 10.0
88.0 65.0 20.0 10.0
73.0 87.0 20.0 10.0
69.0 95.0 20.0 10.0
60.0 67.0 20.0 10.0
115.0 88.0 20.0 10.0
78.0 104.0 20.0 10.0
87.0 113.0 20.0 10.0
91.0 105.0 20.0 10.0
92.0 113.0 20.0 10.0
116.0 108.0 20.0 10.0
97.0 109.0 20.0 10.0
80.0 54.0 20.0 10.0
59.0 70.0 20.0 10.0
114.0 97.0 20.0 10.0
78.0 100.0 20.0 10.0
110.0 95.0 20.0 10.0
121.0 87.0 20.0 10.0
89.0 103.0 20.0 10.0
110.0 107.0 20.0 10.0
109.0 114.0 20.0 10.0
69.0 82.0 20.0 10.0
110.0 73.0 20.0 10.0
83.0 111.0 20.0 10.0
117.0 67.0 20.0 10.0
79.0 92.0 20.0 10.0
98.0 87.0 20.0 10.0
52.0 83.0 20.0 10.0
89.0 120.0 20.0 10.0
94.0 93.0 20.0 10.0
61.0 69.0 20.0 10.0
89.0 55.0 20.0 10.0
81.0 125.0 20.0 10.0
100.0 65.0 20.0 10.0
110.0 94.0 20.0 10.0
104.0 101.0 20.0 10.0
90.0 85.0 20.0 10.0
62.0 63.0 20.0 10.0
114.0 106.0 20.0 10.0
87.0 118.0 20.0 10.0
66.0 80.0 20.0 10.0
111.0 70.0 20.0 10.0
67.0 100.0 20.0 10.0
111.0 62.0 20.0 10.0
126.0 111.0 20.0 10.0
89.0 100.0 20.0 10.0
95.0 105.0 20.0 10.0
117.0 93.0 20.0 10.0
100.0 55.0 20.0 10.0
91.0 109.0 20.0 10.0
94.0 111.0 20.0 10.0
108.0 115.0 20.0 10.0
62.0 92.0 20.0 10.0
87.0 77.0 20.0 10.0
65.0 109.0 20.0 10.0
121.0 117.0 20.0 10.0
68.0 60.0 20.0 10.0
87.0 75.0 20.0 10.0
105.0 58.0 20.0 10.0
97.0 118.0 20.0 10.0
117.0 97.0 20.0 10.0
72.0 76.0 20.0 10.0
69.0 107.0 20.0 10.0
62.0 110.0 20.0 10.0
100.0 74.0 20.0 10.0
124.0 95.0 20.0 10.0
79.0 87.0 20.0 10.0
69.0 86.0 20.0 10.0
86.0 52.0 20.0 10.0
72.0 70.0 20.0 10.0
111.0 78.0 20.0 10.0
114.0 67.0 20.0 10.0
61.0 103.0 20.0 10.0
93.0 98.0 20.0 10.0
115.0 111.0 20.0 10.0
82.0 111.0 20.0 10.0
87.0 115.0 20.0 10.0
72.0 55.0 20.0 10.0
103.0 102.0 20.0 10.0
82.0 78.0 20.0 10.0
77.0 67.0 20.0 10.0
121.0 64.0 20.0 10.0
106.0 60.0 20.0 10.0
51.0 92.0 20.0 10.0
110.0 76.0 20.0 10.0
111.0 67.0 20.0 10.0
72.0 103.0 20.0 10.0
68.0 110.0 20.0 10.0
78.0 75.0 20.0 10.0
72.0 109.0 20.0 10.0
90.0 125.0 20.0 10.0
79.0 69.0 20.0 10.0
93.0 102.0 20.0 10.0
103.0 131.0 20.0 10.0
97.0 101.0 20.0 10.0
121.0 71.0 20.0 10.0
116.0 103.0 20.0 10.0
120.0 80.0 20.0 10.0
96.0 56.0 20.0 10.0
92.0 67.0 20.0 10.0
121.0 97.0 20.0 10.0
67.0 67.0 20.0 10.0
85.0 101.0 20.0 10.0
123.0 64.0 20.0 10.0
96.0 113.0 20.0 10.0
74.0 64.0 20.0 10.0
61.0 116.0 20.0 10.0
82.0 69.0 20.0 10.0
94.0 75.0 20.0 10.0
115.0 84.0 20.0 10.0
118.0 102.0 20.0 10.0
56.0 78.0 20.0 10.0
104.0 124.0 20.0 10.0
95.0 85.0 20.0 10.0
107.0 120.0 20.0 10.0
54.0 65.0 20.0 10.0
130.0 131.0 20.0 10.0
64.0 98.0 20.0 10.0
125.0 106.0 20.0 10.0
72.0 123.0 20.0 10.0
94.0 127.0 20.0 10.0
98.0 69.0 20.0 10.0
59.0 94.0 20.0 10.0
95.0 70.0 20.0 10.0
111.0 92.0 20.0 10.0
88.0 76.0 20.0 10.0
137.0 99.0 20.0 10.0
70.0 59.0 20.0 10.0
111.0 82.0 20.0 10.0
49.0 86.0 20.0 10.0
68.0 53.0 20.0 10.0
94.0 114.0 20.0 10.0
87.0 73.0 20.0 10.0
101.0 65.0 20.0 10.0
103.0 72.0 20.0 10.0
71.0 117.0 20.0 10.0
88.0 103.0 20.0 10.0
83.0 114.0 20.0 10.0
78.0 65.0 20.0 10.0
57.0 91.0 20.0 10.0
71.0 92.0 20.0 10.0
103.0 95.0 20.0 10.0
72.0 131.0 20.0 10.0
104.0 112.0 20.0 10.0
122.0 89.0 20.0 10.0
123.0 100.0 20.0 10.0
109.0 119.0 20.0 10.0
116.0 61.0 20.0 10.0
115.0 77.0 20.0 10.0
82.0 74.0 20.0 10.0
54.0 93.0 20.0 10.0
130.0 113.0 20.0 10.0
97.0 123.0 20.0 10.0
105.0 78.0 20.0 10.0
97.0 68.0 20.0 10.0
131.0 118.0 20.0 10.0
99.0 111.0 20.0 10.0
80.0 128.0 20.0 10.0
124.0 90.0 20.0 10.0
67.0 58.0 20.0 10.0
96.0 121.0 20.0 10.0
107.0 77.0 20.0 10.0
110.0 105.0 20.0 10.0
107.0 61.0 20.0 10.0
82.0 65.0 20.0 10.0
133.0 79.0 20.0 10.0
123.0 120.0 20.0 10.0
73.0 91.0 20.0 10.0
70.0 72.0 20.0 10.0
58.0 61.0 20.0 10.0
100.0 80.0 20.0 10.0
62.0 95.0 20.0 10.0
46.0 81.0 20.0 10.0
92.0 124.0 20.0 10.0
119.0 117.0 20.0 10.0
105.0 119.0 20.0 10.0
112.0 56.0 20.0 10.0
93.0 61.0 20.0 10.0
104.0 126.0 20.0 10.0
126.0 67.0 20.0 10.0
82.0 140.0 20.0 10.0
94.0 45.0 20.0 10.0
83.0 52.0 20.0 10.0
133.0 81.0 20.0 10.0
60.0 80.0 20.0 10.0
133.0 122.0 20.0 10.0
128.0 121.0 20.0 10.0
105.0 71.0 20.0 10.0
79.0 124.0 20.0 10.0
70.0 57.0 20.0 10.0
116.0 90.0 20.0 10.0
107.0 92.0 20.0 10.0
106.0 97.0 20.0 10.0
118.0 105.0 20.0 10.0
63.0 120.0 20.0 10.0
53.0 72.0 20.0 10.0
57.0 98.0 20.0 10.0
77.0 60.0 20.0 10.0
110.0 115.0 20.0 10.0
105.0 66.0 20.0 10.0
110.0 57.0 20.0 10.0
115.0 133.0 20.0 10.0
131.0 104.0 20.0 10.0
52.0 89.0 20.0 10.0
123.0 127.0 20.0 10.0
84.0 106.0 20.0 10.0
88.0 49.0 20.0 10.0
104.0 82.0 20.0 10.0
120.0 54.0 20.0 10.0
58.0 60.0 20.0 10.0
83.0 57.0 20.0 10.0
105.0 43.0 20.0 10.0
103.0 78.0 20.0 10.0
71.0 87.0 20.0 10.0
87.0 125.0 20.0 10.0
121.0 105.0 20.0 10.0
77.0 84.0 20.0 10.0
89.0 56.0 20.0 10.0
85.0 61.0 20.0 10.0
50.0 67.0 20.0 10.0
110.0 70.0 20.0 10.0
129.0 68.0 20.0 10.0
91.0 42.0 20.0 10.0
104.0 52.0 20.0 10.0
112.0 48.0 20.0 10.0
121.0 77.0 20.0 10.0
95.0 73.0 20.0 10.0
106.0 106.0 20.0 10.0
103.0 43.0 20.0 10.0
135.0 100.0 20.0 10.0
73.0 61.0 20.0 10.0
90.0 80.0 20.0 10.0
101.0 132.0 20.0 10.0
59.0 109.0 20.0 10.0
128.0 125.0 20.0 10.0
131.0 101.0 20.0 10.0
55.0 127.0 20.0 10.0
96.0 75.0 20.0 10.0
100.0 109.0 20.0 10.0
101.0 135.0 20.0 10.0
131.0 68.0 20.0 10.0
119.0 90.0 20.0 10.0
121.0 94.0 20.0 10.0
128.0 86.0 20.0 10.0
61.0 91.0 20.0 10.0
81.0 48.0 20.0 10.0
83.0 63.0 20.0 10.0
53.0 123.0 20.0 10.0
80.0 61.0 20.0 10.0
120.0 59.0 20.0 10.0
59.0 106.0 20.0 10.0
78.0 76.0 20.0 10.0
114.0 127.0 20.0 10.0
122.0 69.0 20.0 10.0
70.0 64.0 20.0 10.0
103.0 85.0 20.0 10.0
108.0 126.0 20.0 10.0
134.0 74.0 20.0 10.0
57.0 66.0 20.0 10.0
113.0 56.0 20.0 10.0
114.0 48.0 20.0 10.0
120.0 62.0 20.0 10.0
95.0 134.0 20.0 10.0
119.0 81.0 20.0 10.0
82.0 67.0 20.0 10.0
110.0 51.0 20.0 10.0
105.0 56.0 20.0 10.0
95.0 121.0 20.0 10.0
103.0 109.0 20.0 10.0
122.0 112.0 20.0 10.0
86.0 44.0 20.0 10.0
69.0 127.0 20.0 10.0
53.0 117.0 20.0 10.0
128.0 55.0 20.0 10.0
94.0 124.0 20.0 10.0
72.0 111.0 20.0 10.0
131.0 97.0 20.0 10.0
91.0 57.0 20.0 10.0
94.0 118.0 20.0 10.0
122.0 50.0 20.0 10.0
101.0 59.0 20.0 10.0
58.0 88.0 20.0 10.0
55.0 112.0 20.0 10.0
109.0 48.0 20.0 10.0
111.0 91.0 20.0 10.0
65.0 60.0 20.0 10.0
105.0 74.0 20.0 10.0
130.0 111.0 20.0 10.0
77.0 101.0 20.0 10.0
66.0 91.0 20.0 10.0
130.0 85.0 20.0 10.0
133.0 83.0 20.0 10.0
107.0 99.0 20.0 10.0
137.0 95.0 20.0 10.0
122.0 92.0 20.0 10.0
126.0 96.0 20.0 10.0
130.0 125.0 20.0 10.0
86.0 33.0 20.0 10.0
82.0 119.0 20.0 10.0
57.0 84.0 20.0 10.0
61.0 51.0 20.0 10.0
108.0 54.0 20.0 10.0
70.0 147.0 20.0 10.0
139.0 110.0 20.0 10.0
98.0 57.0 20.0 10.0
64.0 113.0 20.0 10.0
58.0 124.0 20.0 10.0
97.0 130.0 20.0 10.0
86.0 120.0 20.0 10.0
65.0 83.0 20.0 10.0
68.0 120.0 20.0 10.0
108.0 69.0 20.0 10.0
101.0 117.0 20.0 10.0
130.0 83.0 20.0 10.0
81.0 83.0 20.0 10.0
71.0 99.0 20.0 10.0
101.0 45.0 20.0 10.0
52.0 79.0 20.0 10.0
89.0 69.0 20.0 10.0
71.0 47.0 20.0 10.0
146.0 96.0 20.0 10.0
85.0 129.0 20.0 10.0
126.0 140.0 20.0 10.0
124.0 77.0 20.0 10.0
133.0 61.0 20.0 10.0
106.0 56.0 20.0 10.0
125.0 73.0 20.0 10.0
50.0 100.0 20.0 10.0
84.0 110.0 20.0 10.0
80.0 72.0 20.0 10.0
55.0 79.0 20.0 10.0
120.0 84.0 20.0 10.0
44.0 111.0 20.0 10.0
66.0 120.0 20.0 10.0
68.0 134.0 20.0 10.0
85.0 78.0 20.0 10.0
74.0 71.0 20.0 10.0
98.0 128.0 20.0 10.0
65.0 101.0 20.0 10.0
133.0 65.0 20.0 10.0
71.0 44.0 20.0 10.0
77.0 111.0 20.0 10.0
116.0 129.0 20.0 10.0
65.0 90.0 20.0 10.0
113.0 139.0 20.0 10.0
129.0 64.0 20.0 10.0
83.0 131.0 20.0 10.0
78.0 70.0 20.0 10.0
79.0 56.0 20.0 10.0
94.0 35.0 20.0 10.0
67.0 97.0 20.0 10.0
68.0 50.0 20.0 10.0
154.0 93.0 20.0 10.0
146.0 106.0 20.0 10.0
123.0 67.0 20.0 10.0
89.0 44.0 20.0 10.0
64.0 76.0 20.0 10.0
89.0 85.0 20.0 10.0
112.0 51.0 20.0 10.0
144.0 84.0 20.0 10.0
106.0 85.0 20.0 10.0
135.0 118.0 20.0 10.0
128.0 88.0 20.0 10.0
122.0 103.0 20.0 10.0
62.0 124.0 20.0 10.0
127.0 104.0 20.0 10.0
85.0 123.0 20.0 10.0
102.0 126.0 20.0 10.0
84.0 83.0 20.0 10.0
106.0 129.0 20.0 10.0
58.0 117.0 20.0 10.0
118.0 124.0 20.0 10.0
58.0 112.0 20.0 10.0
43.0 84.0 20.0 10.0
83.0 45.0 20.0 10.0
68.0 108.0 20.0 10.0
125.0 80.0 20.0 10.0
115.0 43.0 20.0 10.0
113.0 118.0 20.0 10.0
63.0 72.0 20.0 10.0
120.0 123.0 20.0 10.0
120.0 67.0 20.0 10.0
75.0 63.0 20.0 10.0
94.0 131.0 20.0 10.0
59.0 57.0 20.0 10.0
141.0 99.0 20.0 10.0
93.0 128.0 20.0 10.0
127.0 60.0 20.0 10.0
65.0 71.0 20.0 10.0
88.0 51.0 20.0 10.0
122.0 114.0 20.0 10.0
41.0 75.0 20.0 10.0
126.0 76.0 20.0 10.0
94.0 79.0 20.0 10.0
65.0 117.0 20.0 10.0
130.0 115.0 20.0 10.0
76.0 58.0 20.0 10.0
117.0 55.0 20.0 10.0
80.0 52.0 20.0 10.0
67.0 62.0 20.0 10.0
81.0 135.0 20.0 10.0
75.0 52.0 20.0 10.0
68.0 72.0 20.0 10.0
78.0 116.0 20.0 10.0
130.0 74.0 20.0 10.0
49.0 75.0 20.0 10.0
86.0 133.0 20.0 10.0
60.0 86.0 20.0 10.0
53.0 108.0 20.0 10.0
56.0 72.0 20.0 10.0
38.0 110.0 20.0 10.0
66.0 124.0 20.0 10.0
101.0 50.0 20.0 10.0
121.0 136.0 20.0 10.0
86.0 135.0 20.0 10.0
136.0 84.0 20.0 10.0
79.0 121.0 20.0 10.0
136.0 125.0 20.0 10.0
50.0 102.0 20.0 10.0
52.0 114.0 20.0 10.0
140.0 104.0 20.0 10.0
127.0 63.0 20.0 10.0
54.0 62.0 20.0 10.0
112.0 142.0 20.0 10.0
82.0 124.0 20.0 10.0
100.0 71.0 20.0 10.0
114.0 117.0 20.0 10.0
91.0 139.0 20.0 10.0
75.0 99.0 20.0 10.0
135.0 88.0 20.0 10.0
116.0 81.0 20.0 10.0
72.0 62.0 20.0 10.0
74.0 39.0 20.0 10.0
114.0 86.0 20.0 10.0
132.0 94.0 20.0 10.0
147.0 81.0 20.0 10.0
70.0 128.0 20.0 10.0
83.0 56.0 20.0 10.0
54.0 105.0 20.0 10.0
90.0 143.0 20.0 10.0
76.0 123.0 20.0 10.0
62.0 105.0 20.0 10.0
64.0 46.0 20.0 10.0
124.0 93.0 20.0 10.0
137.0 60.0 20.0 10.0
48.0 93.0 20.0 10.0
100.0 122.0 20.0 10.0
134.0 93.0 20.0 10.0
81.0 59.0 20.0 10.0
120.0 41.0 20.0 10.0
60.0 64.0 20.0 10.0
78.0 63.0 20.0 10.0
113.0 59.0 20.0 10.0
70.0 102.0 20.0 10.0
55.0 92.0 20.0 10.0
115.0 79.0 20.0 10.0
38.0 123.0 20.0 10.0
99.0 52.0 20.0 10.0
83.0 48.0 20.0 10.0
55.0 121.0 20.0 10.0
49.0 82.0 20.0 10.0
133.0 106.0 20.0 10.0
40.0 92.0 20.0 10.0
108.0 44.0 20.0 10.0
137.0 114.0 20.0 10.0
113.0 133.0 20.0 10.0
144.0 77.0 20.0 10.0
64.0 67.0 20.0 10.0
124.0 112.0 20.0 10.0
90.0 131.0 20.0 10.0
106.0 134.0 20.0 10.0
55.0 97.0 20.0 10.0
114.0 54.0 20.0 10.0
59.0 78.0 20.0 10.0
125.0 129.0 20.0 10.0
120.0 128.0 20.0 10.0
56.0 100.0 20.0 10.0
141.0 121.0 20.0 10.0
87.0 107.0 20.0 10.0
68.0 68.0 20.0 10.0
108.0 110.0 20.0 10.0
113.0 99.0 20.0 10.0
82.0 142.0 20.0 10.0
124.0 54.0 20.0 10.0
44.0 91.0 20.0 10.0
109.0 137.0 20.0 10.0
47.0 83.0 20.0 10.0
49.0 95.0 20.0 10.0
98.0 53.0 20.0 10.0
131.0 76.0 20.0 10.0
141.0 67.0 20.0 10.0
82.0 107.0 20.0 10.0
62.0 119.0 20.0 10.0
126.0 86.0 20.0 10.0
51.0 76.0 20.0 10.0
119.0 100.0 20.0 10.0
49.0 105.0 20.0 10.0
92.0 135.0 20.0 10.0
115.0 72.0 20.0 10.0
56.0 96.0 20.0 10.0
109.0 131.0 20.0 10.0
123.0 123.0 20.0 10.0
46.0 75.0 20.0 10.0
127.0 71.0 20.0 10.0
117.0 64.0 20.0 10.0
44.0 61.0 20.0 10.0
90.0 136.0 20.0 10.0
95.0 142.0 20.0 10.0
96.0 44.0 20.0 10.0
90.0 73.0 20.0 10.0
70.0 83.0 20.0 10.0
61.0 113.0 20.0 10.0
50.0 88.0 20.0 10.0
147.0 90.0 20.0 10.0
138.0 88.0 20.0 10.0
56.0 110.0 20.0 10.0
141.0 90.0 20.0 10.0
69.0 118.0 20.0 10.0
130.0 92.0 20.0 10.0
126.0 43.0 20.0 10.0
143.0 74.0 20.0 10.0
113.0 75.0 20.0 10.0
84.0 118.0 20.0 10.0
140.0 81.0 20.0 10.0
98.0 62.0 20.0 10.0
134.0 71.0 20.0 10.0
93.0 58.0 20.0 10.0
46.0 71.0 20.0 10.0
135.0 70.0 20.0 10.0
134.0 55.0 20.0 10.0
143.0 94.0 20.0 10.0
60.0 75.0 20.0 10.0
109.0 64.0 20.0 10.0
85.0 48.0 20.0 10.0
53.0 102.0 20.0 10.0
148.0 100.0 20.0 10.0
40.0 104.0 20.0 10.0
48.0 90.0 20.0 10.0
65.0 103.0 20.0 10.0
62.0 112.0 20.0 10.0
91.0 51.0 20.0 10.0
102.0 57.0 20.0 10.0
62.0 107.0 20.0 10.0
105.0 62.0 20.0 10.0
62.0 74.0 20.0 10.0
133.0 102.0 20.0 10.0
95.0 49.0 20.0 10.0
97.0 127.0 20.0 10.0
126.0 51.0 20.0 10.0
63.0 130.0 20.0 10.0
120.0 118.0 20.0 10.0
65.0 137.0 20.0 10.0
55.0 69.0 20.0 10.0
49.0 69.0 20.0 10.0
93.0 66.0 20.0 10.0
59.0 102.0 20.0 10.0
75.0 134.0 20.0 10.0
144.0 117.0 20.0 10.0
117.0 137.0 20.0 10.0
102.0 119.0 20.0 10.0
116.0 126.0 20.0 10.0
127.0 54.0 20.0 10.0
94.0 137.0 20.0 10.0
132.0 113.0 20.0 10.0
87.0 126.0 20.0 10.0
121.0 69.0 20.0 10.0
97.0 50.0 20.0 10.0
102.0 68.0 20.0 10.0
135.0 103.0 20.0 10.0
74.0 118.0 20.0 10.0
70.0 41.0 20.0 10.0
76.0 54.0 20.0 10.0
143.0 90.0 20.0 10.0
77.0 49.0 20.0 10.0
88.0 128.0 20.0 10.0
111.0 119.0 20.0 10.0
89.0 145.0 20.0 10.0
88.0 136.0 20.0 10.0
50.0 65.0 20.0 10.0
86.0 43.0 20.0 10.0
119.0 108.0 20.0 10.0
114.0 136.0 20.0 10.0
38.0 99.0 20.0 10.0
118.0 139.0 20.0 10.0
124.0 117.0 20.0 10.0
105.0 113.0 20.0 10.0
68.0 123.0 20.0 10.0
72.0 81.0 20.0 10.0
64.0 83.0 20.0 10.0
56.0 82.0 20.0 10.0
138.0 70.0 20.0 10.0
77.0 50.0 20.0 10.0
145.0 123.0 20.0 10.0
92.0 46.0 20.0 10.0
68.0 44.0 20.0 10.0
46.0 79.0 20.0 10.0
79.0 84.0 20.0 10.0
79.0 131.0 20.0 10.0
125.0 65.0 20.0 10.0
112.0 66.0 20.0 10.0
119.0 48.0 20.0 10.0
60.0 114.0 20.0 10.0
108.0 47.0 20.0 10.0
109.0 123.0 20.0 10.0
76.0 112.0 20.0 10.0
142.0 57.0 20.0 10.0
109.0 62.0 20.0 10.0
135.0 51.0 20.0 10.0
62.0 62.0 20.0 10.0
132.0 100.0 20.0 10.0
137.0 91.0 20.0 10.0
72.0 113.0 20.0 10.0
64.0 116.0 20.0 10.0
158.0 95.0 20.0 10.0
58.0 45.0 20.0 10.0
52.0 90.0 20.0 10.0
127.0 69.0 20.0 10.0
117.0 112.0 20.0 10.0
55.0 49.0 20.0 10.0
51.0 110.0 20.0 10.0
129.0 109.0 20.0 10.0
97.0 48.0 20.0 10.0
94.0 52.0 20.0 10.0
118.0 114.0 20.0 10.0
79.0 48.0 20.0 10.0
97.0 141.0 20.0 10.0
115.0 54.0 20.0 10.0
143.0 72.0 20.0 10.0
45.0 89.0 20.0 10.0
87.0 140.0 20.0 10.0
74.0 128.0 20.0 10.0
107.0 148.0 20.0 10.0
81.0 145.0 20.0 10.0
115.0 55.0 20.0 10.0
91.0 131.0 20.0 10.0
73.0 137.0 20.0 10.0
70.0 51.0 20.0 10.0
131.0 108.0 20.0 10.0
119.0 126.0 20.0 10.0
32.0 139.0 20.0 10.0
54.0 115.0 20.0 10.0
38.0 85.0 20.0 10.0
98.0 147.0 20.0 10.0
126.0 122.0 20.0 10.0
56.0 131.0 20.0 10.0
144.0 97.0 20.0 10.0
44.0 87.0 20.0 10.0
111.0 124.0 20.0 10.0
122.0 56.0 20.0 10.0
43.0 79.0 20.0 10.0
77.0 131.0 20.0 10.0
115.0 121.0 20.0 10.0
118.0 120.0 20.0 10.0
47.0 97.0 20.0 10.0
104.0 146.0 20.0 10.0
53.0 128.0 20.0 10.0
64.0 126.0 20.0 10.0
117.0 51.0 20.0 10.0
102.0 141.0 20.0 10.0
58.0 86.0 20.0 10.0
53.0 100.0 20.0 10.0
135.0 115.0 20.0 10.0
136.0 120.0 20.0 10.0
125.0 102.0 20.0 10.0
94.0 42.0 20.0 10.0
38.0 67.0 20.0 10.0
95.0 53.0 20.0 10.0
138.0 76.0 20.0 10.0
142.0 103.0 20.0 10.0
61.0 44.0 20.0 10.0
38.0 93.0 20.0 10.0
149.0 63.0 20.0 10.0
113.0 123.0 20.0 10.0
67.0 113.0 20.0 10.0
48.0 110.0 20.0 10.0
74.0 139.0 20.0 10.0
146.0 88.0 20.0 10.0
113.0 33.0 20.0 10.0
86.0 148.0 20.0 10.0
78.0 41.0 20.0 10.0
148.0 76.0 20.0 10.0
107.0 50.0 20.0 10.0
27.0 63.0 20.0 10.0
46.0 44.0 20.0 10.0
41.0 100.0 20.0 10.0
106.0 47.0 20.0 10.0
100.0 30.0 20.0 10.0
46.0 67.0 20.0 10.0
135.0 66.0 20.0 10.0
106.0 140.0 20.0 10.0
54.0 75.0 20.0 10.0
71.0 132.0 20.0 10.0
123.0 83.0 20.0 10.0
78.0 136.0 20.0 10.0
45.0 95.0 20.0 10.0
55.0 85.0 20.0 10.0
121.0 110.0 20.0 10.0
118.0 60.0 20.0 10.0
127.0 56.0 20.0 10.0
63.0 56.0 20.0 10.0
77.0 56.0 20.0 10.0
134.0 108.0 20.0 10.0
77.0 42.0 20.0 10.0
89.0 37.0 20.0 10.0
111.0 110.0 20.0 10.0
147.0 92.0 20.0 10.0
111.0 130.0 20.0 10.0
98.0 135.0 20.0 10.0
138.0 38.0 20.0 10.0
100.0 129.0 20.0 10.0
47.0 119.0 20.0 10.0
110.0 143.0 20.0 10.0
66.0 62.0 20.0 10.0
132.0 126.0 20.0 10.0
122.0 41.0 20.0 10.0
160.0 84.0 20.0 10.0
103.0 40.0 20.0 10.0
45.0 53.0 20.0 10.0
139.0 97.0 20.0 10.0
39.0 80.0 20.0 10.0
128.0 46.0 20.0 10.0
131.0 63.0 20.0 10.0
52.0 106.0 20.0 10.0
126.0 113.0 20.0 10.0
133.0 96.0 20.0 10.0
67.0 132.0 20.0 10.0
65.0 43.0 20.0 10.0
103.0 129.0 20.0 10.0
102.0 103.0 20.0 10.0
98.0 36.0 20.0 10.0
117.0 58.0 20.0 10.0
107.0 36.0 20.0 10.0
135.0 76.0 20.0 10.0
76.0 34.0 20.0 10.0
125.0 119.0 20.0 10.0
53.0 107.0 20.0 10.0
112.0 110.0 20.0 10.0
123.0 134.0 20.0 10.0
44.0 106.0 20.0 10.0
90.0 42.0 20.0 10.0
54.0 55.0 20.0 10.0
141.0 109.0 20.0 10.0
120.0 57.0 20.0 10.0
143.0 106.0 20.0 10.0
133.0 87.0 20.0 10.0
72.0 57.0 20.0 10.0
90.0 53.0 20.0 10.0
72.0 129.0 20.0 10.0
60.0 123.0 20.0 10.0
89.0 149.0 20.0 10.0
88.0 123.0 20.0 10.0
149.0 100.0 20.0 10.0
81.0 38.0 20.0 10.0
156.0 108.0 20.0 10.0
63.0 34.0 20.0 10.0
139.0 122.0 20.0 10.0
127.0 85.0 20.0 10.0
85.0 139.0 20.0 10.0
75.0 47.0 20.0 10.0
78.0 45.0 20.0 10.0
142.0 86.0 20.0 10.0
50.0 118.0 20.0 10.0
71.0 121.0 20.0 10.0
56.0 76.0 20.0 10.0
106.0 30.0 20.0 10.0
121.0 132.0 20.0 10.0
138.0 84.0 20.0 10.0
55.0 140.0 20.0 10.0
73.0 119.0 20.0 10.0
100.0 148.0 20.0 10.0
145.0 108.0 20.0 10.0
108.0 43.0 20.0 10.0
70.0 78.0 20.0 10.0
74.0 42.0 20.0 10.0
54.0 81.0 20.0 10.0
66.0 131.0 20.0 10.0
136.0 107.0 20.0 10.0
123.0 82.0 20.0 10.0
129.0 72.0 20.0 10.0
28.0 96.0 20.0 10.0
61.0 33.0 20.0 10.0
65.0 51.0 20.0 10.0
100.0 133.0 20.0 10.0
50.0 103.0 20.0 10.0
111.0 138.0 20.0 10.0
87.0 25.0 20.0 10.0
61.0 129.0 20.0 10.0
63.0 98.0 20.0 10.0
52.0 119.0 20.0 10.0
32.0 75.0 20.0 10.0
77.0 120.0 20.0 10.0
99.0 43.0 20.0 10.0
151.0 73.0 20.0 10.0
94.0 39.0 20.0 10.0
85.0 40.0 20.0 10.0
144.0 93.0 20.0 10.0
37.0 104.0 20.0 10.0
138.0 56.0 20.0 10.0
141.0 62.0 20.0 10.0
59.0 52.0 20.0 10.0
65.0 129.0 20.0 10.0
27.0 72.0 20.0 10.0
131.0 52.0 20.0 10.0
47.0 71.0 20.0 10.0
147.0 62.0 20.0 10.0
142.0 79.0 20.0 10.0
73.0 52.0 20.0 10.0
162.0 75.0 20.0 10.0
51.0 63.0 20.0 10.0
56.0 68.0 20.0 10.0
78.0 39.0 20.0 10.0
131.0 59.0 20.0 10.0
153.0 106.0 20.0 10.0
91.0 48.0 20.0 10.0
129.0 94.0 20.0 10.0
124.0 131.0 20.0 10.0
50.0 97.0 20.0 10.0
45.0 108.0 20.0 10.0
65.0 31.0 20.0 10.0
79.0 142.0 20.0 10.0
79.0 137.0 20.0 10.0
102.0 54.0 20.0 10.0
88.0 39.0 20.0 10.0
78.0 122.0 20.0 10.0
119.0 134.0 20.0 10.0
83.0 127.0 20.0 10.0
148.0 60.0 20.0 10.0
103.0 121.0 20.0 10.0
113.0 37.0 20.0 10.0
48.0 59.0 20.0 10.0
81.0 129.0 20.0 10.0
136.0 64.0 20.0 10.0
102.0 138.0 20.0 10.0
80.0 104.0 20.0 10.0
124.0 50.0 20.0 10.0
116.0 48.0 20.0 10.0
42.0 71.0 20.0 10.0
58.0 54.0 20.0 10.0
104.0 34.0 20.0 10.0
138.0 95.0 20.0 10.0
37.0 96.0 20.0 10.0
127.0 135.0 20.0 10.0
140.0 84.0 20.0 10.0
47.0 105.0 20.0 10.0
32.0 67.0 20.0 10.0
139.0 113.0 20.0 10.0
150.0 56.0 20.0 10.0
130.0 65.0 20.0 10.0
107.0 127.0 20.0 10.0
62.0 56.0 20.0 10.0
54.0 42.0 20.0 10.0
45.0 127.0 20.0 10.0
106.0 53.0 20.0 10.0
67.0 105.0 20.0 10.0
64.0 88.0 20.0 10.0
84.0 33.0 20.0 10.0
122.0 138.0 20.0 10.0
56.0 107.0 20.0 10.0
104.0 137.0 20.0 10.0
82.0 54.0 20.0 10.0
100.0 48.0 20.0 10.0
128.0 44.0 20.0 10.0
52.0 113.0 20.0 10.0
127.0 116.0 20.0 10.0
43.0 102.0 20.0 10.0
65.0 133.0 20.0 10.0
113.0 42.0 20.0 10.0
68.0 30.0 20.0 10.0
94.0 30.0 20.0 10.0
36.0 117.0 20.0 10.0
83.0 27.0 20.0 10.0
101.0 40.0 20.0 10.0
60.0 72.0 20.0 10.0
50.0 41.0 20.0 10.0
25.0 46.0 20.0 10.0
