1000
860.0 630.0 20.0 10.0
786.0 575.0 20.0 10.0
911.0 489.0 20.0 10.0
638.0 633.0 20.0 10.0
550.0 751.0 20.0 10.0
455.0 863.0 20.0 10.0
990.0 449.0 20.0 10.0
1068.0 432.0 20.0 10.0
662.0 631.0 20.0 10.0
410.0 964.0 20.0 10.0
1024.0 458.0 20.0 10.0
386.0 1006.0 20.0 10.0
384.0 1058.0 20.0 10.0
934.0 679.0 20.0 10.0
385.0 953.0 20.0 10.0
533.0 568.0 20.0 10.0
1004.0 725.0 20.0 10.0
398.0 867.0 20.0 10.0
981.0 500.0 20.0 10.0
779.0 553.0 20.0 10.0
1002.0 406.0 20.0 10.0
1055.0 766.0 20.0 10.0
441.0 883.0 20.0 10.0
505.0 572.0 20.0 10.0
1138.0 413.0 20.0 10.0
387.0 1039.0 20.0 10.0
880.0 671.0 20.0 10.0
401.0 1071.0 20.0 10.0
1075.0 312.0 20.0 10.0
370.0 988.0 20.0 10.0
376.0 1056.0 20.0 10.0
1051.0 749.0 20.0 10.0
513.0 523.0 20.0 10.0
907.0 461.0 20.0 10.0
1107.0 804.0 20.0 10.0
1062.0 433.0 20.0 10.0
427.0 862.0 20.0 10.0
956.0 432.0 20.0 10.0
636.0 587.0 20.0 10.0
444.0 547.0 20.0 10.0
368.0 931.0 20.0 10.0
462.0 502.0 20.0 10.0
420.0 983.0 20.0 10.0
633.0 544.0 20.0 10.0
1051.0 506.0 20.0 10.0
517.0 489.0 20.0 10.0
977.0 442.0 20.0 10.0
436.0 1016.0 20.0 10.0
397.0 440.0 20.0 10.0
375.0 530.0 20.0 10.0
350.0 970.0 20.0 10.0
1136.0 249.0 20.0 10.0
611.0 641.0 20.0 10.0
483.0 579.0 20.0 10.0
373.0 1118.0 20.0 10.0
1158.0 839.0 20.0 10.0
285.0 1001.0 20.0 10.0
334.0 378.0 20.0 10.0
675.0 617.0 20.0 10.0
900.0 432.0 20.0 10.0
1111.0 431.0 20.0 10.0
395.0 519.0 20.0 10.0
898.0 712.0 20.0 10.0
334.0 1010.0 20.0 10.0
395.0 551.0 20.0 10.0
1173.0 201.0 20.0 10.0
889.0 407.0 20.0 10.0
252.0 1030.0 20.0 10.0
623.0 662.0 20.0 10.0
895.0 688.0 20.0 10.0
414.0 1099.0 20.0 10.0
630.0 519.0 20.0 10.0
585.0 794.0 20.0 10.0
488.0 520.0 20.0 10.0
1113.0 505.0 20.0 10.0
915.0 754.0 20.0 10.0
604.0 811.0 20.0 10.0
276.0 320.0 20.0 10.0
416.0 534.0 20.0 10.0
362.0 1130.0 20.0 10.0
597.0 662.0 20.0 10.0
621.0 835.0 20.0 10.0
312.0 359.0 20.0 10.0
916.0 788.0 20.0 10.0
1170.0 504.0 20.0 10.0
224.0 1051.0 20.0 10.0
1147.0 505.0 20.0 10.0
1007.0 390.0 20.0 10.0
317.0 985.0 20.0 10.0
888.0 472.0 20.0 10.0
1077.0 770.0 20.0 10.0
1043.0 734.0 20.0 10.0
573.0 815.0 20.0 10.0
432.0 485.0 20.0 10.0
344.0 871.0 20.0 10.0
656.0 650.0 20.0 10.0
1027.0 354.0 20.0 10.0
1018.0 350.0 20.0 10.0
630.0 816.0 20.0 10.0
312.0 517.0 20.0 10.0
1181.0 154.0 20.0 10.0
1182.0 116.0 20.0 10.0
407.0 1030.0 20.0 10.0
529.0 763.0 20.0 10.0
1185.0 130.0 20.0 10.0
229.0 272.0 20.0 10.0
652.0 851.0 20.0 10.0
655.0 819.0 20.0 10.0
221.0 247.0 20.0 10.0
310.0 865.0 20.0 10.0
638.0 608.0 20.0 10.0
490.0 498.0 20.0 10.0
1224.0 503.0 20.0 10.0
208.0 235.0 20.0 10.0
651.0 868.0 20.0 10.0
1121.0 461.0 20.0 10.0
933.0 787.0 20.0 10.0
1183.0 873.0 20.0 10.0
258.0 279.0 20.0 10.0
1099.0 421.0 20.0 10.0
189.0 209.0 20.0 10.0
191.0 238.0 20.0 10.0
951.0 380.0 20.0 10.0
633.0 503.0 20.0 10.0
913.0 730.0 20.0 10.0
172.0 1098.0 20.0 10.0
206.0 258.0 20.0 10.0
310.0 1021.0 20.0 10.0
1192.0 216.0 20.0 10.0
945.0 331.0 20.0 10.0
393.0 1092.0 20.0 10.0
903.0 679.0 20.0 10.0
621.0 862.0 20.0 10.0
1124.0 233.0 20.0 10.0
237.0 1054.0 20.0 10.0
297.0 975.0 20.0 10.0
364.0 875.0 20.0 10.0
245.0 250.0 20.0 10.0
496.0 484.0 20.0 10.0
329.0 883.0 20.0 10.0
122.0 1143.0 20.0 10.0
82.0 1180.0 20.0 10.0
433.0 1030.0 20.0 10.0
50.0 1211.0 20.0 10.0
944.0 290.0 20.0 10.0
1005.0 346.0 20.0 10.0
584.0 642.0 20.0 10.0
233.0 1032.0 20.0 10.0
351.0 555.0 20.0 10.0
1169.0 162.0 20.0 10.0
1177.0 398.0 20.0 10.0
1030.0 726.0 20.0 10.0
670.0 664.0 20.0 10.0
1202.0 401.0 20.0 10.0
1142.0 202.0 20.0 10.0
1072.0 731.0 20.0 10.0
387.0 1160.0 20.0 10.0
1179.0 488.0 20.0 10.0
1188.0 140.0 20.0 10.0
947.0 347.0 20.0 10.0
455.0 1049.0 20.0 10.0
1189.0 116.0 20.0 10.0
679.0 896.0 20.0 10.0
1206.0 81.0 20.0 10.0
285.0 992.0 20.0 10.0
244.0 244.0 20.0 10.0
346.0 497.0 20.0 10.0
359.0 1175.0 20.0 10.0
1013.0 402.0 20.0 10.0
452.0 1066.0 20.0 10.0
1205.0 176.0 20.0 10.0
355.0 1216.0 20.0 10.0
1146.0 423.0 20.0 10.0
362.0 1074.0 20.0 10.0
523.0 465.0 20.0 10.0
458.0 1107.0 20.0 10.0
398.0 1197.0 20.0 10.0
165.0 222.0 20.0 10.0
317.0 492.0 20.0 10.0
683.0 862.0 20.0 10.0
584.0 682.0 20.0 10.0
1102.0 279.0 20.0 10.0
468.0 898.0 20.0 10.0
681.0 619.0 20.0 10.0
1015.0 436.0 20.0 10.0
333.0 519.0 20.0 10.0
228.0 306.0 20.0 10.0
300.0 1028.0 20.0 10.0
1166.0 403.0 20.0 10.0
1206.0 131.0 20.0 10.0
1087.0 766.0 20.0 10.0
1033.0 421.0 20.0 10.0
1205.0 863.0 20.0 10.0
469.0 526.0 20.0 10.0
962.0 708.0 20.0 10.0
302.0 893.0 20.0 10.0
515.0 455.0 20.0 10.0
189.0 292.0 20.0 10.0
1192.0 898.0 20.0 10.0
478.0 446.0 20.0 10.0
479.0 931.0 20.0 10.0
1083.0 753.0 20.0 10.0
431.0 475.0 20.0 10.0
303.0 877.0 20.0 10.0
794.0 553.0 20.0 10.0
460.0 1030.0 20.0 10.0
941.0 256.0 20.0 10.0
1244.0 182.0 20.0 10.0
349.0 1172.0 20.0 10.0
264.0 880.0 20.0 10.0
359.0 1088.0 20.0 10.0
248.0 981.0 20.0 10.0
206.0 1087.0 20.0 10.0
369.0 561.0 20.0 10.0
966.0 695.0 20.0 10.0
1244.0 391.0 20.0 10.0
381.0 1098.0 20.0 10.0
1065.0 378.0 20.0 10.0
354.0 1039.0 20.0 10.0
340.0 930.0 20.0 10.0
939.0 770.0 20.0 10.0
413.0 556.0 20.0 10.0
272.0 1042.0 20.0 10.0
254.0 504.0 20.0 10.0
921.0 664.0 20.0 10.0
944.0 819.0 20.0 10.0
1043.0 401.0 20.0 10.0
883.0 380.0 20.0 10.0
325.0 479.0 20.0 10.0
1255.0 505.0 20.0 10.0
989.0 717.0 20.0 10.0
1046.0 380.0 20.0 10.0
193.0 300.0 20.0 10.0
942.0 809.0 20.0 10.0
1222.0 516.0 20.0 10.0
421.0 562.0 20.0 10.0
1000.0 315.0 20.0 10.0
199.0 1058.0 20.0 10.0
649.0 860.0 20.0 10.0
1252.0 532.0 20.0 10.0
366.0 1009.0 20.0 10.0
460.0 1135.0 20.0 10.0
1081.0 506.0 20.0 10.0
952.0 323.0 20.0 10.0
1069.0 356.0 20.0 10.0
1156.0 197.0 20.0 10.0
986.0 736.0 20.0 10.0
1235.0 405.0 20.0 10.0
255.0 1062.0 20.0 10.0
1284.0 151.0 20.0 10.0
352.0 1011.0 20.0 10.0
323.0 1070.0 20.0 10.0
1043.0 463.0 20.0 10.0
278.0 866.0 20.0 10.0
314.0 560.0 20.0 10.0
998.0 764.0 20.0 10.0
200.0 1100.0 20.0 10.0
1105.0 789.0 20.0 10.0
406.0 1054.0 20.0 10.0
1201.0 112.0 20.0 10.0
1318.0 122.0 20.0 10.0
628.0 462.0 20.0 10.0
891.0 446.0 20.0 10.0
1305.0 128.0 20.0 10.0
237.0 213.0 20.0 10.0
282.0 1052.0 20.0 10.0
212.0 1082.0 20.0 10.0
1047.0 471.0 20.0 10.0
466.0 578.0 20.0 10.0
1148.0 471.0 20.0 10.0
93.0 1166.0 20.0 10.0
199.0 294.0 20.0 10.0
918.0 818.0 20.0 10.0
342.0 1183.0 20.0 10.0
1024.0 754.0 20.0 10.0
882.0 427.0 20.0 10.0
661.0 675.0 20.0 10.0
1194.0 178.0 20.0 10.0
314.0 961.0 20.0 10.0
1259.0 530.0 20.0 10.0
1245.0 397.0 20.0 10.0
1226.0 79.0 20.0 10.0
917.0 694.0 20.0 10.0
1241.0 866.0 20.0 10.0
1147.0 216.0 20.0 10.0
423.0 900.0 20.0 10.0
1168.0 862.0 20.0 10.0
488.0 961.0 20.0 10.0
1028.0 388.0 20.0 10.0
195.0 255.0 20.0 10.0
466.0 489.0 20.0 10.0
172.0 209.0 20.0 10.0
304.0 481.0 20.0 10.0
280.0 464.0 20.0 10.0
174.0 235.0 20.0 10.0
366.0 1123.0 20.0 10.0
201.0 491.0 20.0 10.0
468.0 470.0 20.0 10.0
511.0 425.0 20.0 10.0
614.0 501.0 20.0 10.0
668.0 822.0 20.0 10.0
658.0 688.0 20.0 10.0
376.0 1158.0 20.0 10.0
941.0 403.0 20.0 10.0
466.0 1101.0 20.0 10.0
943.0 813.0 20.0 10.0
874.0 390.0 20.0 10.0
1031.0 747.0 20.0 10.0
460.0 415.0 20.0 10.0
422.0 530.0 20.0 10.0
454.0 483.0 20.0 10.0
1184.0 848.0 20.0 10.0
1045.0 319.0 20.0 10.0
1041.0 476.0 20.0 10.0
1278.0 547.0 20.0 10.0
267.0 287.0 20.0 10.0
449.0 1036.0 20.0 10.0
1050.0 291.0 20.0 10.0
514.0 551.0 20.0 10.0
600.0 477.0 20.0 10.0
1089.0 511.0 20.0 10.0
1092.0 356.0 20.0 10.0
221.0 996.0 20.0 10.0
274.0 476.0 20.0 10.0
915.0 441.0 20.0 10.0
381.0 1194.0 20.0 10.0
1199.0 126.0 20.0 10.0
1209.0 380.0 20.0 10.0
1192.0 82.0 20.0 10.0
935.0 695.0 20.0 10.0
1197.0 132.0 20.0 10.0
1006.0 790.0 20.0 10.0
615.0 440.0 20.0 10.0
184.0 1129.0 20.0 10.0
617.0 598.0 20.0 10.0
368.0 1079.0 20.0 10.0
37.0 1239.0 20.0 10.0
282.0 560.0 20.0 10.0
1241.0 876.0 20.0 10.0
1225.0 152.0 20.0 10.0
370.0 868.0 20.0 10.0
937.0 268.0 20.0 10.0
178.0 1107.0 20.0 10.0
1110.0 359.0 20.0 10.0
374.0 1065.0 20.0 10.0
65.0 1213.0 20.0 10.0
428.0 998.0 20.0 10.0
955.0 773.0 20.0 10.0
154.0 479.0 20.0 10.0
455.0 444.0 20.0 10.0
366.0 1092.0 20.0 10.0
930.0 370.0 20.0 10.0
170.0 1125.0 20.0 10.0
172.0 1083.0 20.0 10.0
1007.0 741.0 20.0 10.0
548.0 775.0 20.0 10.0
617.0 425.0 20.0 10.0
268.0 469.0 20.0 10.0
437.0 1041.0 20.0 10.0
704.0 924.0 20.0 10.0
1029.0 314.0 20.0 10.0
297.0 352.0 20.0 10.0
494.0 406.0 20.0 10.0
1092.0 336.0 20.0 10.0
1067.0 774.0 20.0 10.0
59.0 1187.0 20.0 10.0
343.0 1028.0 20.0 10.0
996.0 747.0 20.0 10.0
926.0 741.0 20.0 10.0
175.0 280.0 20.0 10.0
1001.0 291.0 20.0 10.0
259.0 560.0 20.0 10.0
452.0 577.0 20.0 10.0
1229.0 359.0 20.0 10.0
281.0 953.0 20.0 10.0
1211.0 489.0 20.0 10.0
301.0 508.0 20.0 10.0
451.0 387.0 20.0 10.0
318.0 1029.0 20.0 10.0
1270.0 502.0 20.0 10.0
368.0 508.0 20.0 10.0
349.0 1163.0 20.0 10.0
290.0 958.0 20.0 10.0
951.0 841.0 20.0 10.0
558.0 652.0 20.0 10.0
1137.0 338.0 20.0 10.0
326.0 943.0 20.0 10.0
1226.0 871.0 20.0 10.0
481.0 388.0 20.0 10.0
954.0 265.0 20.0 10.0
1037.0 402.0 20.0 10.0
1154.0 208.0 20.0 10.0
1187.0 165.0 20.0 10.0
908.0 440.0 20.0 10.0
1156.0 171.0 20.0 10.0
429.0 1047.0 20.0 10.0
649.0 595.0 20.0 10.0
487.0 368.0 20.0 10.0
613.0 392.0 20.0 10.0
1272.0 161.0 20.0 10.0
966.0 465.0 20.0 10.0
1155.0 232.0 20.0 10.0
322.0 488.0 20.0 10.0
1185.0 125.0 20.0 10.0
1229.0 413.0 20.0 10.0
161.0 212.0 20.0 10.0
389.0 525.0 20.0 10.0
1001.0 519.0 20.0 10.0
1264.0 871.0 20.0 10.0
576.0 663.0 20.0 10.0
1037.0 381.0 20.0 10.0
206.0 206.0 20.0 10.0
112.0 471.0 20.0 10.0
1058.0 389.0 20.0 10.0
1048.0 450.0 20.0 10.0
933.0 387.0 20.0 10.0
1141.0 184.0 20.0 10.0
233.0 882.0 20.0 10.0
1075.0 741.0 20.0 10.0
408.0 448.0 20.0 10.0
328.0 1219.0 20.0 10.0
144.0 187.0 20.0 10.0
1075.0 509.0 20.0 10.0
1036.0 785.0 20.0 10.0
911.0 423.0 20.0 10.0
440.0 980.0 20.0 10.0
1175.0 174.0 20.0 10.0
1055.0 807.0 20.0 10.0
1209.0 189.0 20.0 10.0
479.0 542.0 20.0 10.0
323.0 858.0 20.0 10.0
1114.0 766.0 20.0 10.0
1345.0 93.0 20.0 10.0
208.0 296.0 20.0 10.0
1174.0 123.0 20.0 10.0
405.0 859.0 20.0 10.0
438.0 478.0 20.0 10.0
675.0 679.0 20.0 10.0
470.0 514.0 20.0 10.0
1165.0 229.0 20.0 10.0
428.0 1008.0 20.0 10.0
1009.0 472.0 20.0 10.0
465.0 1141.0 20.0 10.0
226.0 1057.0 20.0 10.0
1209.0 903.0 20.0 10.0
369.0 542.0 20.0 10.0
1068.0 743.0 20.0 10.0
1085.0 393.0 20.0 10.0
406.0 1015.0 20.0 10.0
1337.0 100.0 20.0 10.0
631.0 889.0 20.0 10.0
240.0 560.0 20.0 10.0
305.0 1092.0 20.0 10.0
945.0 792.0 20.0 10.0
1122.0 258.0 20.0 10.0
342.0 1155.0 20.0 10.0
147.0 1148.0 20.0 10.0
1138.0 350.0 20.0 10.0
172.0 1137.0 20.0 10.0
323.0 562.0 20.0 10.0
1050.0 393.0 20.0 10.0
1180.0 197.0 20.0 10.0
482.0 1129.0 20.0 10.0
1237.0 184.0 20.0 10.0
1192.0 53.0 20.0 10.0
1268.0 867.0 20.0 10.0
939.0 376.0 20.0 10.0
1232.0 155.0 20.0 10.0
189.0 1057.0 20.0 10.0
1261.0 898.0 20.0 10.0
293.0 1096.0 20.0 10.0
1077.0 757.0 20.0 10.0
807.0 562.0 20.0 10.0
437.0 487.0 20.0 10.0
1032.0 324.0 20.0 10.0
635.0 438.0 20.0 10.0
1231.0 882.0 20.0 10.0
1369.0 72.0 20.0 10.0
257.0 956.0 20.0 10.0
354.0 858.0 20.0 10.0
1229.0 394.0 20.0 10.0
385.0 567.0 20.0 10.0
31.0 1236.0 20.0 10.0
471.0 1170.0 20.0 10.0
391.0 564.0 20.0 10.0
986.0 703.0 20.0 10.0
1283.0 915.0 20.0 10.0
1020.0 486.0 20.0 10.0
1233.0 866.0 20.0 10.0
1054.0 356.0 20.0 10.0
335.0 474.0 20.0 10.0
918.0 468.0 20.0 10.0
214.0 242.0 20.0 10.0
502.0 1145.0 20.0 10.0
167.0 246.0 20.0 10.0
165.0 297.0 20.0 10.0
692.0 620.0 20.0 10.0
332.0 1228.0 20.0 10.0
1244.0 529.0 20.0 10.0
156.0 1081.0 20.0 10.0
147.0 1160.0 20.0 10.0
631.0 910.0 20.0 10.0
1235.0 387.0 20.0 10.0
679.0 881.0 20.0 10.0
980.0 468.0 20.0 10.0
955.0 794.0 20.0 10.0
975.0 416.0 20.0 10.0
238.0 459.0 20.0 10.0
286.0 960.0 20.0 10.0
661.0 892.0 20.0 10.0
432.0 1024.0 20.0 10.0
931.0 811.0 20.0 10.0
154.0 283.0 20.0 10.0
188.0 1114.0 20.0 10.0
1239.0 926.0 20.0 10.0
481.0 462.0 20.0 10.0
306.0 509.0 20.0 10.0
998.0 370.0 20.0 10.0
469.0 1164.0 20.0 10.0
914.0 345.0 20.0 10.0
1255.0 495.0 20.0 10.0
444.0 367.0 20.0 10.0
1269.0 937.0 20.0 10.0
544.0 752.0 20.0 10.0
1223.0 892.0 20.0 10.0
257.0 980.0 20.0 10.0
656.0 614.0 20.0 10.0
1041.0 284.0 20.0 10.0
449.0 1079.0 20.0 10.0
1269.0 881.0 20.0 10.0
387.0 1129.0 20.0 10.0
259.0 1002.0 20.0 10.0
602.0 401.0 20.0 10.0
76.0 464.0 20.0 10.0
1220.0 104.0 20.0 10.0
228.0 191.0 20.0 10.0
1158.0 319.0 20.0 10.0
54.0 1190.0 20.0 10.0
314.0 1184.0 20.0 10.0
218.0 452.0 20.0 10.0
280.0 513.0 20.0 10.0
1009.0 308.0 20.0 10.0
696.0 905.0 20.0 10.0
1298.0 505.0 20.0 10.0
382.0 435.0 20.0 10.0
960.0 424.0 20.0 10.0
722.0 953.0 20.0 10.0
322.0 552.0 20.0 10.0
646.0 913.0 20.0 10.0
1273.0 169.0 20.0 10.0
171.0 485.0 20.0 10.0
999.0 449.0 20.0 10.0
1207.0 395.0 20.0 10.0
225.0 240.0 20.0 10.0
209.0 988.0 20.0 10.0
1143.0 438.0 20.0 10.0
592.0 627.0 20.0 10.0
1246.0 54.0 20.0 10.0
1388.0 53.0 20.0 10.0
261.0 331.0 20.0 10.0
278.0 504.0 20.0 10.0
342.0 1209.0 20.0 10.0
260.0 261.0 20.0 10.0
294.0 998.0 20.0 10.0
941.0 323.0 20.0 10.0
303.0 526.0 20.0 10.0
273.0 1118.0 20.0 10.0
354.0 989.0 20.0 10.0
359.0 1005.0 20.0 10.0
1148.0 342.0 20.0 10.0
353.0 869.0 20.0 10.0
500.0 982.0 20.0 10.0
1112.0 781.0 20.0 10.0
1218.0 138.0 20.0 10.0
129.0 274.0 20.0 10.0
92.0 1155.0 20.0 10.0
1114.0 250.0 20.0 10.0
61.0 1201.0 20.0 10.0
1173.0 442.0 20.0 10.0
285.0 1024.0 20.0 10.0
1079.0 521.0 20.0 10.0
1112.0 525.0 20.0 10.0
382.0 1226.0 20.0 10.0
1167.0 504.0 20.0 10.0
1209.0 505.0 20.0 10.0
391.0 1250.0 20.0 10.0
1122.0 520.0 20.0 10.0
1258.0 943.0 20.0 10.0
1295.0 144.0 20.0 10.0
273.0 1031.0 20.0 10.0
471.0 490.0 20.0 10.0
945.0 389.0 20.0 10.0
463.0 518.0 20.0 10.0
567.0 681.0 20.0 10.0
871.0 430.0 20.0 10.0
568.0 638.0 20.0 10.0
408.0 422.0 20.0 10.0
401.0 1229.0 20.0 10.0
1200.0 511.0 20.0 10.0
602.0 487.0 20.0 10.0
187.0 1079.0 20.0 10.0
689.0 908.0 20.0 10.0
998.0 427.0 20.0 10.0
886.0 728.0 20.0 10.0
80.0 1193.0 20.0 10.0
1022.0 764.0 20.0 10.0
222.0 495.0 20.0 10.0
1235.0 369.0 20.0 10.0
1223.0 74.0 20.0 10.0
318.0 1177.0 20.0 10.0
399.0 521.0 20.0 10.0
1048.0 775.0 20.0 10.0
580.0 815.0 20.0 10.0
278.0 332.0 20.0 10.0
351.0 1158.0 20.0 10.0
355.0 1123.0 20.0 10.0
1096.0 793.0 20.0 10.0
1291.0 542.0 20.0 10.0
355.0 1007.0 20.0 10.0
430.0 962.0 20.0 10.0
694.0 934.0 20.0 10.0
667.0 924.0 20.0 10.0
268.0 309.0 20.0 10.0
239.0 226.0 20.0 10.0
875.0 356.0 20.0 10.0
439.0 432.0 20.0 10.0
1209.0 481.0 20.0 10.0
1076.0 335.0 20.0 10.0
1277.0 541.0 20.0 10.0
333.0 1211.0 20.0 10.0
442.0 1065.0 20.0 10.0
619.0 681.0 20.0 10.0
1234.0 859.0 20.0 10.0
436.0 576.0 20.0 10.0
218.0 560.0 20.0 10.0
257.0 970.0 20.0 10.0
178.0 992.0 20.0 10.0
1131.0 158.0 20.0 10.0
547.0 760.0 20.0 10.0
267.0 254.0 20.0 10.0
270.0 341.0 20.0 10.0
466.0 1075.0 20.0 10.0
27.0 1228.0 20.0 10.0
673.0 611.0 20.0 10.0
44.0 1232.0 20.0 10.0
154.0 1105.0 20.0 10.0
1180.0 328.0 20.0 10.0
472.0 538.0 20.0 10.0
245.0 260.0 20.0 10.0
344.0 967.0 20.0 10.0
324.0 1267.0 20.0 10.0
567.0 691.0 20.0 10.0
1227.0 95.0 20.0 10.0
711.0 930.0 20.0 10.0
471.0 925.0 20.0 10.0
1178.0 419.0 20.0 10.0
227.0 316.0 20.0 10.0
1129.0 801.0 20.0 10.0
747.0 963.0 20.0 10.0
869.0 690.0 20.0 10.0
1288.0 946.0 20.0 10.0
1263.0 937.0 20.0 10.0
475.0 1065.0 20.0 10.0
560.0 745.0 20.0 10.0
1194.0 452.0 20.0 10.0
1205.0 497.0 20.0 10.0
941.0 299.0 20.0 10.0
1126.0 413.0 20.0 10.0
1405.0 43.0 20.0 10.0
438.0 351.0 20.0 10.0
339.0 1064.0 20.0 10.0
350.0 517.0 20.0 10.0
928.0 837.0 20.0 10.0
540.0 668.0 20.0 10.0
132.0 173.0 20.0 10.0
1028.0 364.0 20.0 10.0
549.0 675.0 20.0 10.0
978.0 724.0 20.0 10.0
604.0 365.0 20.0 10.0
626.0 615.0 20.0 10.0
594.0 344.0 20.0 10.0
705.0 872.0 20.0 10.0
1202.0 424.0 20.0 10.0
1105.0 508.0 20.0 10.0
738.0 973.0 20.0 10.0
920.0 345.0 20.0 10.0
293.0 1211.0 20.0 10.0
201.0 446.0 20.0 10.0
1281.0 391.0 20.0 10.0
241.0 277.0 20.0 10.0
1265.0 410.0 20.0 10.0
802.0 596.0 20.0 10.0
200.0 219.0 20.0 10.0
1200.0 96.0 20.0 10.0
172.0 186.0 20.0 10.0
938.0 462.0 20.0 10.0
496.0 1152.0 20.0 10.0
1062.0 298.0 20.0 10.0
1222.0 396.0 20.0 10.0
257.0 501.0 20.0 10.0
197.0 304.0 20.0 10.0
341.0 1240.0 20.0 10.0
1101.0 536.0 20.0 10.0
957.0 353.0 20.0 10.0
400.0 1123.0 20.0 10.0
50.0 459.0 20.0 10.0
413.0 1094.0 20.0 10.0
728.0 941.0 20.0 10.0
1299.0 491.0 20.0 10.0
1150.0 142.0 20.0 10.0
485.0 1091.0 20.0 10.0
1149.0 531.0 20.0 10.0
916.0 477.0 20.0 10.0
1160.0 395.0 20.0 10.0
1162.0 176.0 20.0 10.0
112.0 257.0 20.0 10.0
93.0 240.0 20.0 10.0
671.0 884.0 20.0 10.0
104.0 1170.0 20.0 10.0
641.0 481.0 20.0 10.0
978.0 730.0 20.0 10.0
1165.0 184.0 20.0 10.0
280.0 340.0 20.0 10.0
1152.0 178.0 20.0 10.0
898.0 328.0 20.0 10.0
74.0 232.0 20.0 10.0
1222.0 108.0 20.0 10.0
341.0 935.0 20.0 10.0
265.0 231.0 20.0 10.0
1250.0 903.0 20.0 10.0
1055.0 289.0 20.0 10.0
265.0 1112.0 20.0 10.0
502.0 510.0 20.0 10.0
1010.0 468.0 20.0 10.0
1246.0 537.0 20.0 10.0
129.0 1104.0 20.0 10.0
909.0 812.0 20.0 10.0
295.0 1206.0 20.0 10.0
1060.0 355.0 20.0 10.0
919.0 421.0 20.0 10.0
751.0 950.0 20.0 10.0
1245.0 47.0 20.0 10.0
730.0 875.0 20.0 10.0
1044.0 336.0 20.0 10.0
733.0 967.0 20.0 10.0
337.0 1140.0 20.0 10.0
1231.0 917.0 20.0 10.0
1170.0 321.0 20.0 10.0
346.0 1003.0 20.0 10.0
348.0 1249.0 20.0 10.0
1272.0 375.0 20.0 10.0
688.0 675.0 20.0 10.0
511.0 762.0 20.0 10.0
1099.0 744.0 20.0 10.0
135.0 1129.0 20.0 10.0
623.0 817.0 20.0 10.0
1308.0 388.0 20.0 10.0
96.0 1159.0 20.0 10.0
1120.0 408.0 20.0 10.0
1245.0 114.0 20.0 10.0
278.0 1039.0 20.0 10.0
333.0 1178.0 20.0 10.0
663.0 668.0 20.0 10.0
586.0 833.0 20.0 10.0
234.0 186.0 20.0 10.0
1197.0 442.0 20.0 10.0
1052.0 465.0 20.0 10.0
1306.0 504.0 20.0 10.0
249.0 253.0 20.0 10.0
948.0 833.0 20.0 10.0
395.0 857.0 20.0 10.0
337.0 1237.0 20.0 10.0
482.0 1192.0 20.0 10.0
345.0 1199.0 20.0 10.0
401.0 1222.0 20.0 10.0
591.0 327.0 20.0 10.0
673.0 869.0 20.0 10.0
568.0 632.0 20.0 10.0
559.0 698.0 20.0 10.0
477.0 366.0 20.0 10.0
1041.0 342.0 20.0 10.0
1258.0 368.0 20.0 10.0
1256.0 883.0 20.0 10.0
389.0 1219.0 20.0 10.0
570.0 766.0 20.0 10.0
999.0 321.0 20.0 10.0
1181.0 95.0 20.0 10.0
942.0 229.0 20.0 10.0
1290.0 895.0 20.0 10.0
90.0 464.0 20.0 10.0
1262.0 560.0 20.0 10.0
1175.0 517.0 20.0 10.0
456.0 1022.0 20.0 10.0
1207.0 856.0 20.0 10.0
1013.0 277.0 20.0 10.0
1045.0 257.0 20.0 10.0
297.0 883.0 20.0 10.0
285.0 1237.0 20.0 10.0
1277.0 385.0 20.0 10.0
204.0 1074.0 20.0 10.0
236.0 1001.0 20.0 10.0
1361.0 71.0 20.0 10.0
479.0 505.0 20.0 10.0
924.0 505.0 20.0 10.0
319.0 870.0 20.0 10.0
1303.0 561.0 20.0 10.0
456.0 452.0 20.0 10.0
1006.0 251.0 20.0 10.0
243.0 335.0 20.0 10.0
538.0 642.0 20.0 10.0
931.0 277.0 20.0 10.0
1074.0 454.0 20.0 10.0
1316.0 551.0 20.0 10.0
1235.0 176.0 20.0 10.0
25.0 1216.0 20.0 10.0
359.0 1246.0 20.0 10.0
954.0 423.0 20.0 10.0
396.0 983.0 20.0 10.0
956.0 860.0 20.0 10.0
152.0 1006.0 20.0 10.0
125.0 478.0 20.0 10.0
589.0 310.0 20.0 10.0
898.0 419.0 20.0 10.0
361.0 569.0 20.0 10.0
997.0 483.0 20.0 10.0
347.0 1276.0 20.0 10.0
719.0 892.0 20.0 10.0
608.0 610.0 20.0 10.0
266.0 968.0 20.0 10.0
374.0 1090.0 20.0 10.0
310.0 875.0 20.0 10.0
569.0 757.0 20.0 10.0
494.0 984.0 20.0 10.0
1018.0 504.0 20.0 10.0
260.0 1137.0 20.0 10.0
993.0 764.0 20.0 10.0
1336.0 504.0 20.0 10.0
1071.0 370.0 20.0 10.0
1024.0 253.0 20.0 10.0
463.0 421.0 20.0 10.0
1272.0 389.0 20.0 10.0
319.0 1086.0 20.0 10.0
1200.0 310.0 20.0 10.0
327.0 1259.0 20.0 10.0
448.0 406.0 20.0 10.0
87.0 476.0 20.0 10.0
1069.0 798.0 20.0 10.0
384.0 968.0 20.0 10.0
318.0 1298.0 20.0 10.0
434.0 331.0 20.0 10.0
33.0 1199.0 20.0 10.0
1094.0 370.0 20.0 10.0
298.0 1197.0 20.0 10.0
757.0 985.0 20.0 10.0
915.0 370.0 20.0 10.0
1284.0 572.0 20.0 10.0
1276.0 400.0 20.0 10.0
1262.0 380.0 20.0 10.0
184.0 1099.0 20.0 10.0
393.0 1185.0 20.0 10.0
1143.0 116.0 20.0 10.0
673.0 854.0 20.0 10.0
724.0 880.0 20.0 10.0
1212.0 155.0 20.0 10.0
882.0 315.0 20.0 10.0
1074.0 377.0 20.0 10.0
1221.0 54.0 20.0 10.0
465.0 1094.0 20.0 10.0
1245.0 911.0 20.0 10.0
319.0 1172.0 20.0 10.0
924.0 252.0 20.0 10.0
425.0 1025.0 20.0 10.0
546.0 732.0 20.0 10.0
697.0 926.0 20.0 10.0
735.0 937.0 20.0 10.0
1007.0 509.0 20.0 10.0
516.0 997.0 20.0 10.0
1205.0 88.0 20.0 10.0
1399.0 39.0 20.0 10.0
730.0 977.0 20.0 10.0
707.0 621.0 20.0 10.0
302.0 1050.0 20.0 10.0
344.0 1190.0 20.0 10.0
966.0 328.0 20.0 10.0
329.0 982.0 20.0 10.0
325.0 875.0 20.0 10.0
612.0 530.0 20.0 10.0
811.0 582.0 20.0 10.0
86.0 468.0 20.0 10.0
507.0 466.0 20.0 10.0
945.0 302.0 20.0 10.0
390.0 425.0 20.0 10.0
270.0 1109.0 20.0 10.0
813.0 547.0 20.0 10.0
1071.0 477.0 20.0 10.0
937.0 230.0 20.0 10.0
148.0 191.0 20.0 10.0
30.0 454.0 20.0 10.0
1356.0 85.0 20.0 10.0
506.0 1175.0 20.0 10.0
1220.0 84.0 20.0 10.0
104.0 1116.0 20.0 10.0
160.0 1071.0 20.0 10.0
1252.0 72.0 20.0 10.0
255.0 232.0 20.0 10.0
184.0 1003.0 20.0 10.0
50.0 1238.0 20.0 10.0
324.0 958.0 20.0 10.0
943.0 266.0 20.0 10.0
459.0 398.0 20.0 10.0
1221.0 202.0 20.0 10.0
1062.0 319.0 20.0 10.0
320.0 1293.0 20.0 10.0
183.0 217.0 20.0 10.0
174.0 295.0 20.0 10.0
1233.0 513.0 20.0 10.0
1195.0 221.0 20.0 10.0
499.0 1005.0 20.0 10.0
932.0 700.0 20.0 10.0
25.0 457.0 20.0 10.0
1058.0 265.0 20.0 10.0
155.0 188.0 20.0 10.0
485.0 1114.0 20.0 10.0
599.0 690.0 20.0 10.0
922.0 411.0 20.0 10.0
340.0 1111.0 20.0 10.0
310.0 1244.0 20.0 10.0
1024.0 509.0 20.0 10.0
1192.0 406.0 20.0 10.0
936.0 349.0 20.0 10.0
1024.0 740.0 20.0 10.0
314.0 1318.0 20.0 10.0
405.0 478.0 20.0 10.0
932.0 748.0 20.0 10.0
1227.0 387.0 20.0 10.0
1169.0 547.0 20.0 10.0
1116.0 334.0 20.0 10.0
926.0 812.0 20.0 10.0
985.0 750.0 20.0 10.0
200.0 270.0 20.0 10.0
650.0 822.0 20.0 10.0
1288.0 536.0 20.0 10.0
157.0 1167.0 20.0 10.0
1088.0 363.0 20.0 10.0
195.0 1005.0 20.0 10.0
1263.0 542.0 20.0 10.0
199.0 310.0 20.0 10.0
129.0 1009.0 20.0 10.0
413.0 575.0 20.0 10.0
1263.0 25.0 20.0 10.0
665.0 692.0 20.0 10.0
128.0 1119.0 20.0 10.0
421.0 1054.0 20.0 10.0
129.0 474.0 20.0 10.0
1204.0 889.0 20.0 10.0
636.0 416.0 20.0 10.0
410.0 880.0 20.0 10.0
279.0 1113.0 20.0 10.0
645.0 530.0 20.0 10.0
932.0 323.0 20.0 10.0
608.0 509.0 20.0 10.0
1079.0 466.0 20.0 10.0
1203.0 504.0 20.0 10.0
597.0 453.0 20.0 10.0
399.0 1184.0 20.0 10.0
1201.0 409.0 20.0 10.0
973.0 814.0 20.0 10.0
1049.0 233.0 20.0 10.0
420.0 459.0 20.0 10.0
899.0 808.0 20.0 10.0
245.0 462.0 20.0 10.0
418.0 1120.0 20.0 10.0
250.0 1120.0 20.0 10.0
651.0 811.0 20.0 10.0
1252.0 135.0 20.0 10.0
354.0 1115.0 20.0 10.0
1227.0 169.0 20.0 10.0
404.0 870.0 20.0 10.0
1277.0 953.0 20.0 10.0
1333.0 559.0 20.0 10.0
221.0 973.0 20.0 10.0
467.0 1130.0 20.0 10.0
505.0 1124.0 20.0 10.0
394.0 892.0 20.0 10.0
208.0 883.0 20.0 10.0
461.0 444.0 20.0 10.0
519.0 679.0 20.0 10.0
404.0 1252.0 20.0 10.0
1222.0 298.0 20.0 10.0
1139.0 317.0 20.0 10.0
446.0 375.0 20.0 10.0
239.0 322.0 20.0 10.0
279.0 875.0 20.0 10.0
1139.0 506.0 20.0 10.0
241.0 881.0 20.0 10.0
148.0 1100.0 20.0 10.0
1014.0 768.0 20.0 10.0
326.0 1249.0 20.0 10.0
1197.0 57.0 20.0 10.0
830.0 540.0 20.0 10.0
