1000
842.0 861.0 20.0 10.0
700.0 918.0 20.0 10.0
962.0 791.0 20.0 10.0
1010.0 898.0 20.0 10.0
890.0 844.0 20.0 10.0
681.0 958.0 20.0 10.0
584.0 994.0 20.0 10.0
672.0 989.0 20.0 10.0
1074.0 942.0 20.0 10.0
1033.0 658.0 20.0 10.0
677.0 906.0 20.0 10.0
1088.0 652.0 20.0 10.0
1122.0 553.0 20.0 10.0
474.0 1066.0 20.0 10.0
1196.0 471.0 20.0 10.0
819.0 832.0 20.0 10.0
1117.0 639.0 20.0 10.0
935.0 871.0 20.0 10.0
566.0 1027.0 20.0 10.0
1131.0 984.0 20.0 10.0
391.0 1072.0 20.0 10.0
1026.0 594.0 20.0 10.0
1017.0 536.0 20.0 10.0
933.0 865.0 20.0 10.0
1024.0 932.0 20.0 10.0
941.0 830.0 20.0 10.0
992.0 815.0 20.0 10.0
1192.0 533.0 20.0 10.0
1137.0 473.0 20.0 10.0
995.0 956.0 20.0 10.0
1013.0 483.0 20.0 10.0
1048.0 631.0 20.0 10.0
981.0 985.0 20.0 10.0
389.0 1148.0 20.0 10.0
1040.0 988.0 20.0 10.0
1147.0 402.0 20.0 10.0
1034.0 555.0 20.0 10.0
994.0 590.0 20.0 10.0
335.0 1079.0 20.0 10.0
616.0 890.0 20.0 10.0
1071.0 1039.0 20.0 10.0
662.0 1017.0 20.0 10.0
329.0 1220.0 20.0 10.0
1111.0 959.0 20.0 10.0
326.0 1261.0 20.0 10.0
1139.0 647.0 20.0 10.0
959.0 881.0 20.0 10.0
325.0 1068.0 20.0 10.0
262.0 1065.0 20.0 10.0
1249.0 394.0 20.0 10.0
1213.0 438.0 20.0 10.0
1182.0 645.0 20.0 10.0
283.0 1086.0 20.0 10.0
982.0 1008.0 20.0 10.0
651.0 926.0 20.0 10.0
550.0 1012.0 20.0 10.0
206.0 1063.0 20.0 10.0
626.0 932.0 20.0 10.0
234.0 1092.0 20.0 10.0
1109.0 633.0 20.0 10.0
1022.0 879.0 20.0 10.0
204.0 1087.0 20.0 10.0
1081.0 1067.0 20.0 10.0
1226.0 458.0 20.0 10.0
1300.0 322.0 20.0 10.0
557.0 859.0 20.0 10.0
1184.0 1023.0 20.0 10.0
795.0 826.0 20.0 10.0
667.0 974.0 20.0 10.0
316.0 1197.0 20.0 10.0
191.0 1097.0 20.0 10.0
511.0 848.0 20.0 10.0
942.0 774.0 20.0 10.0
927.0 896.0 20.0 10.0
960.0 522.0 20.0 10.0
819.0 812.0 20.0 10.0
153.0 1098.0 20.0 10.0
509.0 826.0 20.0 10.0
263.0 1267.0 20.0 10.0
969.0 569.0 20.0 10.0
931.0 455.0 20.0 10.0
1058.0 1069.0 20.0 10.0
1152.0 541.0 20.0 10.0
1107.0 611.0 20.0 10.0
1068.0 1122.0 20.0 10.0
276.0 1220.0 20.0 10.0
365.0 1087.0 20.0 10.0
1096.0 1089.0 20.0 10.0
1140.0 621.0 20.0 10.0
678.0 932.0 20.0 10.0
1146.0 446.0 20.0 10.0
1152.0 380.0 20.0 10.0
1102.0 957.0 20.0 10.0
356.0 1090.0 20.0 10.0
1018.0 811.0 20.0 10.0
1254.0 519.0 20.0 10.0
1043.0 538.0 20.0 10.0
904.0 412.0 20.0 10.0
1086.0 1128.0 20.0 10.0
1129.0 978.0 20.0 10.0
836.0 887.0 20.0 10.0
1052.0 1116.0 20.0 10.0
1350.0 262.0 20.0 10.0
307.0 1280.0 20.0 10.0
1070.0 612.0 20.0 10.0
770.0 817.0 20.0 10.0
1009.0 439.0 20.0 10.0
1095.0 1068.0 20.0 10.0
1209.0 1041.0 20.0 10.0
253.0 1221.0 20.0 10.0
1004.0 504.0 20.0 10.0
1214.0 521.0 20.0 10.0
1389.0 217.0 20.0 10.0
985.0 888.0 20.0 10.0
914.0 780.0 20.0 10.0
363.0 1179.0 20.0 10.0
1048.0 1143.0 20.0 10.0
1110.0 1181.0 20.0 10.0
1105.0 1160.0 20.0 10.0
979.0 863.0 20.0 10.0
798.0 800.0 20.0 10.0
202.0 1247.0 20.0 10.0
998.0 989.0 20.0 10.0
167.0 1265.0 20.0 10.0
1144.0 365.0 20.0 10.0
1232.0 516.0 20.0 10.0
319.0 1248.0 20.0 10.0
552.0 881.0 20.0 10.0
1171.0 627.0 20.0 10.0
1157.0 338.0 20.0 10.0
281.0 1206.0 20.0 10.0
1311.0 506.0 20.0 10.0
1076.0 1175.0 20.0 10.0
1160.0 371.0 20.0 10.0
1321.0 275.0 20.0 10.0
812.0 874.0 20.0 10.0
1098.0 887.0 20.0 10.0
1078.0 1222.0 20.0 10.0
1174.0 347.0 20.0 10.0
1107.0 661.0 20.0 10.0
1428.0 175.0 20.0 10.0
1011.0 1009.0 20.0 10.0
1130.0 668.0 20.0 10.0
1192.0 605.0 20.0 10.0
283.0 1328.0 20.0 10.0
1135.0 1227.0 20.0 10.0
1459.0 136.0 20.0 10.0
1159.0 377.0 20.0 10.0
845.0 911.0 20.0 10.0
1166.0 281.0 20.0 10.0
154.0 1058.0 20.0 10.0
308.0 1087.0 20.0 10.0
1484.0 120.0 20.0 10.0
520.0 1026.0 20.0 10.0
1156.0 428.0 20.0 10.0
889.0 771.0 20.0 10.0
862.0 766.0 20.0 10.0
463.0 800.0 20.0 10.0
946.0 894.0 20.0 10.0
1171.0 651.0 20.0 10.0
654.0 900.0 20.0 10.0
1168.0 894.0 20.0 10.0
978.0 882.0 20.0 10.0
1326.0 293.0 20.0 10.0
1220.0 451.0 20.0 10.0
356.0 1212.0 20.0 10.0
846.0 786.0 20.0 10.0
898.0 863.0 20.0 10.0
656.0 986.0 20.0 10.0
284.0 1236.0 20.0 10.0
1035.0 609.0 20.0 10.0
294.0 1240.0 20.0 10.0
490.0 874.0 20.0 10.0
654.0 937.0 20.0 10.0
1175.0 385.0 20.0 10.0
1003.0 400.0 20.0 10.0
1033.0 957.0 20.0 10.0
1015.0 797.0 20.0 10.0
163.0 1258.0 20.0 10.0
176.0 1087.0 20.0 10.0
783.0 770.0 20.0 10.0
1370.0 220.0 20.0 10.0
1039.0 1144.0 20.0 10.0
675.0 1009.0 20.0 10.0
472.0 840.0 20.0 10.0
160.0 1109.0 20.0 10.0
227.0 1306.0 20.0 10.0
933.0 505.0 20.0 10.0
214.0 1298.0 20.0 10.0
1047.0 1153.0 20.0 10.0
1046.0 524.0 20.0 10.0
1224.0 1058.0 20.0 10.0
1153.0 309.0 20.0 10.0
661.0 1006.0 20.0 10.0
1013.0 867.0 20.0 10.0
1028.0 417.0 20.0 10.0
431.0 862.0 20.0 10.0
943.0 496.0 20.0 10.0
970.0 1043.0 20.0 10.0
300.0 1273.0 20.0 10.0
324.0 1300.0 20.0 10.0
955.0 1071.0 20.0 10.0
999.0 888.0 20.0 10.0
208.0 1333.0 20.0 10.0
1150.0 532.0 20.0 10.0
1146.0 439.0 20.0 10.0
1249.0 1088.0 20.0 10.0
1164.0 300.0 20.0 10.0
586.0 893.0 20.0 10.0
1012.0 447.0 20.0 10.0
1177.0 232.0 20.0 10.0
214.0 1290.0 20.0 10.0
935.0 473.0 20.0 10.0
252.0 1212.0 20.0 10.0
1026.0 1170.0 20.0 10.0
1156.0 1266.0 20.0 10.0
914.0 396.0 20.0 10.0
817.0 805.0 20.0 10.0
207.0 1105.0 20.0 10.0
396.0 859.0 20.0 10.0
1010.0 650.0 20.0 10.0
1025.0 457.0 20.0 10.0
972.0 1052.0 20.0 10.0
1216.0 1037.0 20.0 10.0
1174.0 520.0 20.0 10.0
1011.0 923.0 20.0 10.0
1255.0 434.0 20.0 10.0
171.0 1325.0 20.0 10.0
1003.0 369.0 20.0 10.0
990.0 474.0 20.0 10.0
853.0 931.0 20.0 10.0
392.0 854.0 20.0 10.0
291.0 1319.0 20.0 10.0
1077.0 592.0 20.0 10.0
976.0 1038.0 20.0 10.0
1136.0 970.0 20.0 10.0
618.0 935.0 20.0 10.0
197.0 1342.0 20.0 10.0
293.0 1065.0 20.0 10.0
292.0 1302.0 20.0 10.0
1099.0 1081.0 20.0 10.0
1078.0 1059.0 20.0 10.0
271.0 1365.0 20.0 10.0
898.0 345.0 20.0 10.0
1017.0 1188.0 20.0 10.0
1309.0 399.0 20.0 10.0
429.0 792.0 20.0 10.0
551.0 1026.0 20.0 10.0
179.0 1113.0 20.0 10.0
426.0 782.0 20.0 10.0
480.0 852.0 20.0 10.0
358.0 843.0 20.0 10.0
1482.0 103.0 20.0 10.0
1461.0 109.0 20.0 10.0
116.0 1054.0 20.0 10.0
1139.0 1258.0 20.0 10.0
882.0 378.0 20.0 10.0
1353.0 369.0 20.0 10.0
1180.0 273.0 20.0 10.0
1231.0 903.0 20.0 10.0
1004.0 454.0 20.0 10.0
1388.0 343.0 20.0 10.0
1192.0 351.0 20.0 10.0
1026.0 962.0 20.0 10.0
876.0 356.0 20.0 10.0
959.0 1001.0 20.0 10.0
1051.0 1017.0 20.0 10.0
1059.0 614.0 20.0 10.0
931.0 788.0 20.0 10.0
959.0 1089.0 20.0 10.0
1206.0 1037.0 20.0 10.0
323.0 1101.0 20.0 10.0
184.0 1369.0 20.0 10.0
988.0 1004.0 20.0 10.0
1264.0 365.0 20.0 10.0
1380.0 239.0 20.0 10.0
1165.0 241.0 20.0 10.0
138.0 1347.0 20.0 10.0
818.0 780.0 20.0 10.0
1105.0 639.0 20.0 10.0
553.0 1054.0 20.0 10.0
942.0 1094.0 20.0 10.0
1284.0 409.0 20.0 10.0
1221.0 524.0 20.0 10.0
634.0 1016.0 20.0 10.0
975.0 578.0 20.0 10.0
245.0 1246.0 20.0 10.0
1334.0 371.0 20.0 10.0
1043.0 1189.0 20.0 10.0
367.0 858.0 20.0 10.0
1279.0 340.0 20.0 10.0
917.0 805.0 20.0 10.0
1041.0 588.0 20.0 10.0
1263.0 498.0 20.0 10.0
976.0 456.0 20.0 10.0
263.0 1394.0 20.0 10.0
825.0 753.0 20.0 10.0
1115.0 649.0 20.0 10.0
1150.0 1255.0 20.0 10.0
608.0 934.0 20.0 10.0
178.0 1311.0 20.0 10.0
190.0 1310.0 20.0 10.0
1091.0 971.0 20.0 10.0
1291.0 482.0 20.0 10.0
937.0 757.0 20.0 10.0
1079.0 569.0 20.0 10.0
176.0 1371.0 20.0 10.0
217.0 1228.0 20.0 10.0
250.0 1204.0 20.0 10.0
1187.0 199.0 20.0 10.0
397.0 769.0 20.0 10.0
949.0 555.0 20.0 10.0
1251.0 501.0 20.0 10.0
387.0 849.0 20.0 10.0
1045.0 931.0 20.0 10.0
914.0 747.0 20.0 10.0
293.0 1100.0 20.0 10.0
1158.0 637.0 20.0 10.0
1361.0 492.0 20.0 10.0
1168.0 1276.0 20.0 10.0
1055.0 500.0 20.0 10.0
137.0 1268.0 20.0 10.0
1035.0 566.0 20.0 10.0
1173.0 1296.0 20.0 10.0
525.0 1048.0 20.0 10.0
1183.0 192.0 20.0 10.0
1404.0 481.0 20.0 10.0
500.0 1058.0 20.0 10.0
1509.0 77.0 20.0 10.0
1256.0 1079.0 20.0 10.0
1419.0 322.0 20.0 10.0
1064.0 481.0 20.0 10.0
1234.0 417.0 20.0 10.0
1017.0 937.0 20.0 10.0
1029.0 1209.0 20.0 10.0
1314.0 469.0 20.0 10.0
1038.0 433.0 20.0 10.0
975.0 768.0 20.0 10.0
328.0 1188.0 20.0 10.0
1203.0 442.0 20.0 10.0
377.0 1175.0 20.0 10.0
151.0 1330.0 20.0 10.0
593.0 940.0 20.0 10.0
292.0 1211.0 20.0 10.0
1040.0 806.0 20.0 10.0
1355.0 277.0 20.0 10.0
1064.0 885.0 20.0 10.0
352.0 835.0 20.0 10.0
571.0 945.0 20.0 10.0
1157.0 417.0 20.0 10.0
633.0 938.0 20.0 10.0
1123.0 1089.0 20.0 10.0
1173.0 250.0 20.0 10.0
913.0 489.0 20.0 10.0
903.0 360.0 20.0 10.0
1104.0 999.0 20.0 10.0
630.0 995.0 20.0 10.0
1184.0 205.0 20.0 10.0
300.0 1101.0 20.0 10.0
223.0 1268.0 20.0 10.0
1069.0 1258.0 20.0 10.0
325.0 826.0 20.0 10.0
81.0 1055.0 20.0 10.0
146.0 1341.0 20.0 10.0
545.0 1004.0 20.0 10.0
1218.0 1045.0 20.0 10.0
270.0 1254.0 20.0 10.0
1283.0 1100.0 20.0 10.0
1343.0 385.0 20.0 10.0
1137.0 661.0 20.0 10.0
235.0 1283.0 20.0 10.0
997.0 420.0 20.0 10.0
1217.0 642.0 20.0 10.0
329.0 1332.0 20.0 10.0
273.0 1275.0 20.0 10.0
1137.0 979.0 20.0 10.0
824.0 796.0 20.0 10.0
893.0 798.0 20.0 10.0
1538.0 68.0 20.0 10.0
246.0 1415.0 20.0 10.0
640.0 877.0 20.0 10.0
988.0 1013.0 20.0 10.0
876.0 812.0 20.0 10.0
119.0 1103.0 20.0 10.0
1277.0 911.0 20.0 10.0
1534.0 79.0 20.0 10.0
906.0 329.0 20.0 10.0
621.0 1035.0 20.0 10.0
1020.0 854.0 20.0 10.0
895.0 385.0 20.0 10.0
1444.0 471.0 20.0 10.0
517.0 1012.0 20.0 10.0
1088.0 1248.0 20.0 10.0
1381.0 265.0 20.0 10.0
1083.0 1256.0 20.0 10.0
979.0 891.0 20.0 10.0
872.0 814.0 20.0 10.0
784.0 741.0 20.0 10.0
1222.0 410.0 20.0 10.0
1159.0 601.0 20.0 10.0
1049.0 946.0 20.0 10.0
1248.0 1064.0 20.0 10.0
1075.0 1276.0 20.0 10.0
584.0 882.0 20.0 10.0
1098.0 1151.0 20.0 10.0
1441.0 310.0 20.0 10.0
651.0 1042.0 20.0 10.0
1219.0 515.0 20.0 10.0
1123.0 1184.0 20.0 10.0
1265.0 356.0 20.0 10.0
408.0 855.0 20.0 10.0
456.0 841.0 20.0 10.0
1206.0 320.0 20.0 10.0
484.0 830.0 20.0 10.0
257.0 1275.0 20.0 10.0
879.0 301.0 20.0 10.0
1141.0 1289.0 20.0 10.0
1121.0 1117.0 20.0 10.0
932.0 768.0 20.0 10.0
781.0 714.0 20.0 10.0
304.0 817.0 20.0 10.0
603.0 944.0 20.0 10.0
323.0 1359.0 20.0 10.0
674.0 977.0 20.0 10.0
230.0 1062.0 20.0 10.0
1187.0 222.0 20.0 10.0
254.0 1252.0 20.0 10.0
1040.0 1218.0 20.0 10.0
1061.0 1167.0 20.0 10.0
487.0 853.0 20.0 10.0
1046.0 866.0 20.0 10.0
767.0 751.0 20.0 10.0
295.0 1190.0 20.0 10.0
440.0 831.0 20.0 10.0
1381.0 187.0 20.0 10.0
122.0 1050.0 20.0 10.0
1269.0 904.0 20.0 10.0
399.0 850.0 20.0 10.0
1242.0 433.0 20.0 10.0
918.0 755.0 20.0 10.0
1085.0 1206.0 20.0 10.0
1074.0 877.0 20.0 10.0
943.0 880.0 20.0 10.0
1150.0 1103.0 20.0 10.0
862.0 355.0 20.0 10.0
1056.0 848.0 20.0 10.0
278.0 1204.0 20.0 10.0
1097.0 881.0 20.0 10.0
1533.0 74.0 20.0 10.0
300.0 1227.0 20.0 10.0
1208.0 896.0 20.0 10.0
1175.0 172.0 20.0 10.0
1513.0 51.0 20.0 10.0
1131.0 629.0 20.0 10.0
100.0 1056.0 20.0 10.0
1383.0 246.0 20.0 10.0
325.0 1325.0 20.0 10.0
273.0 1340.0 20.0 10.0
1285.0 519.0 20.0 10.0
348.0 1241.0 20.0 10.0
1040.0 790.0 20.0 10.0
1470.0 464.0 20.0 10.0
1025.0 564.0 20.0 10.0
232.0 1068.0 20.0 10.0
1046.0 589.0 20.0 10.0
950.0 881.0 20.0 10.0
1090.0 877.0 20.0 10.0
1275.0 1066.0 20.0 10.0
269.0 1185.0 20.0 10.0
1019.0 573.0 20.0 10.0
1133.0 636.0 20.0 10.0
1272.0 1111.0 20.0 10.0
1523.0 49.0 20.0 10.0
1471.0 455.0 20.0 10.0
1167.0 397.0 20.0 10.0
1187.0 352.0 20.0 10.0
877.0 406.0 20.0 10.0
51.0 1061.0 20.0 10.0
1381.0 348.0 20.0 10.0
537.0 1056.0 20.0 10.0
361.0 1067.0 20.0 10.0
1445.0 303.0 20.0 10.0
1260.0 901.0 20.0 10.0
1279.0 1096.0 20.0 10.0
861.0 268.0 20.0 10.0
1212.0 654.0 20.0 10.0
1237.0 654.0 20.0 10.0
1269.0 911.0 20.0 10.0
1087.0 850.0 20.0 10.0
849.0 240.0 20.0 10.0
1242.0 1040.0 20.0 10.0
798.0 769.0 20.0 10.0
1222.0 1053.0 20.0 10.0
654.0 960.0 20.0 10.0
1306.0 383.0 20.0 10.0
1466.0 109.0 20.0 10.0
438.0 778.0 20.0 10.0
148.0 1346.0 20.0 10.0
971.0 1014.0 20.0 10.0
785.0 773.0 20.0 10.0
1071.0 855.0 20.0 10.0
369.0 847.0 20.0 10.0
831.0 910.0 20.0 10.0
170.0 1273.0 20.0 10.0
1143.0 1144.0 20.0 10.0
540.0 955.0 20.0 10.0
950.0 1110.0 20.0 10.0
630.0 942.0 20.0 10.0
245.0 1234.0 20.0 10.0
977.0 969.0 20.0 10.0
1474.0 474.0 20.0 10.0
334.0 832.0 20.0 10.0
1084.0 800.0 20.0 10.0
1384.0 473.0 20.0 10.0
1110.0 839.0 20.0 10.0
1040.0 645.0 20.0 10.0
251.0 1305.0 20.0 10.0
1092.0 648.0 20.0 10.0
282.0 1297.0 20.0 10.0
613.0 953.0 20.0 10.0
1095.0 1059.0 20.0 10.0
1354.0 349.0 20.0 10.0
1248.0 531.0 20.0 10.0
1115.0 1105.0 20.0 10.0
1196.0 666.0 20.0 10.0
1348.0 503.0 20.0 10.0
1130.0 1207.0 20.0 10.0
879.0 272.0 20.0 10.0
185.0 1308.0 20.0 10.0
1330.0 462.0 20.0 10.0
1205.0 1051.0 20.0 10.0
1159.0 1293.0 20.0 10.0
1059.0 501.0 20.0 10.0
266.0 1067.0 20.0 10.0
399.0 791.0 20.0 10.0
945.0 1119.0 20.0 10.0
935.0 1110.0 20.0 10.0
267.0 1217.0 20.0 10.0
883.0 316.0 20.0 10.0
1202.0 330.0 20.0 10.0
1123.0 797.0 20.0 10.0
1168.0 211.0 20.0 10.0
134.0 1120.0 20.0 10.0
545.0 944.0 20.0 10.0
838.0 217.0 20.0 10.0
536.0 842.0 20.0 10.0
122.0 1058.0 20.0 10.0
114.0 1367.0 20.0 10.0
1369.0 370.0 20.0 10.0
613.0 1036.0 20.0 10.0
881.0 392.0 20.0 10.0
1404.0 335.0 20.0 10.0
1044.0 897.0 20.0 10.0
870.0 804.0 20.0 10.0
647.0 1027.0 20.0 10.0
512.0 961.0 20.0 10.0
1494.0 446.0 20.0 10.0
1181.0 628.0 20.0 10.0
965.0 1078.0 20.0 10.0
1050.0 885.0 20.0 10.0
294.0 1072.0 20.0 10.0
553.0 1003.0 20.0 10.0
985.0 398.0 20.0 10.0
1017.0 467.0 20.0 10.0
1246.0 640.0 20.0 10.0
130.0 1271.0 20.0 10.0
278.0 1105.0 20.0 10.0
897.0 786.0 20.0 10.0
957.0 856.0 20.0 10.0
221.0 1239.0 20.0 10.0
270.0 1359.0 20.0 10.0
1186.0 162.0 20.0 10.0
1158.0 210.0 20.0 10.0
632.0 983.0 20.0 10.0
1112.0 982.0 20.0 10.0
1485.0 131.0 20.0 10.0
1507.0 51.0 20.0 10.0
1492.0 461.0 20.0 10.0
948.0 1114.0 20.0 10.0
97.0 1380.0 20.0 10.0
957.0 1034.0 20.0 10.0
123.0 1334.0 20.0 10.0
1533.0 25.0 20.0 10.0
1141.0 524.0 20.0 10.0
147.0 1285.0 20.0 10.0
972.0 451.0 20.0 10.0
175.0 1055.0 20.0 10.0
1177.0 161.0 20.0 10.0
1428.0 335.0 20.0 10.0
1395.0 370.0 20.0 10.0
1036.0 985.0 20.0 10.0
1372.0 379.0 20.0 10.0
296.0 1350.0 20.0 10.0
604.0 1001.0 20.0 10.0
1272.0 529.0 20.0 10.0
1062.0 1146.0 20.0 10.0
303.0 1198.0 20.0 10.0
645.0 967.0 20.0 10.0
236.0 1312.0 20.0 10.0
110.0 1116.0 20.0 10.0
1112.0 797.0 20.0 10.0
549.0 1051.0 20.0 10.0
487.0 805.0 20.0 10.0
1171.0 1288.0 20.0 10.0
1266.0 633.0 20.0 10.0
991.0 761.0 20.0 10.0
335.0 1067.0 20.0 10.0
992.0 434.0 20.0 10.0
896.0 735.0 20.0 10.0
373.0 835.0 20.0 10.0
1277.0 417.0 20.0 10.0
1556.0 51.0 20.0 10.0
1119.0 1073.0 20.0 10.0
343.0 1086.0 20.0 10.0
1031.0 1165.0 20.0 10.0
1368.0 515.0 20.0 10.0
1230.0 491.0 20.0 10.0
1124.0 1106.0 20.0 10.0
1177.0 1289.0 20.0 10.0
1074.0 630.0 20.0 10.0
951.0 1044.0 20.0 10.0
994.0 372.0 20.0 10.0
1240.0 642.0 20.0 10.0
446.0 833.0 20.0 10.0
206.0 1052.0 20.0 10.0
1542.0 33.0 20.0 10.0
1214.0 300.0 20.0 10.0
215.0 1345.0 20.0 10.0
885.0 729.0 20.0 10.0
1366.0 483.0 20.0 10.0
1334.0 379.0 20.0 10.0
1150.0 1316.0 20.0 10.0
669.0 890.0 20.0 10.0
288.0 1346.0 20.0 10.0
1262.0 649.0 20.0 10.0
1467.0 286.0 20.0 10.0
1139.0 1077.0 20.0 10.0
1119.0 1020.0 20.0 10.0
580.0 932.0 20.0 10.0
1199.0 893.0 20.0 10.0
197.0 1367.0 20.0 10.0
818.0 881.0 20.0 10.0
1298.0 1120.0 20.0 10.0
892.0 848.0 20.0 10.0
832.0 868.0 20.0 10.0
1048.0 534.0 20.0 10.0
1049.0 980.0 20.0 10.0
1148.0 498.0 20.0 10.0
1158.0 270.0 20.0 10.0
1146.0 788.0 20.0 10.0
913.0 429.0 20.0 10.0
488.0 811.0 20.0 10.0
1304.0 1116.0 20.0 10.0
25.0 1062.0 20.0 10.0
815.0 906.0 20.0 10.0
1152.0 217.0 20.0 10.0
1500.0 471.0 20.0 10.0
1141.0 1204.0 20.0 10.0
1098.0 948.0 20.0 10.0
842.0 223.0 20.0 10.0
908.0 855.0 20.0 10.0
862.0 822.0 20.0 10.0
1067.0 866.0 20.0 10.0
948.0 550.0 20.0 10.0
1490.0 76.0 20.0 10.0
1303.0 391.0 20.0 10.0
634.0 911.0 20.0 10.0
1059.0 1178.0 20.0 10.0
978.0 1066.0 20.0 10.0
1028.0 915.0 20.0 10.0
1040.0 679.0 20.0 10.0
1313.0 914.0 20.0 10.0
272.0 1199.0 20.0 10.0
1240.0 898.0 20.0 10.0
1134.0 889.0 20.0 10.0
309.0 1061.0 20.0 10.0
1017.0 413.0 20.0 10.0
269.0 1111.0 20.0 10.0
771.0 759.0 20.0 10.0
1038.0 579.0 20.0 10.0
1168.0 403.0 20.0 10.0
1159.0 973.0 20.0 10.0
311.0 1226.0 20.0 10.0
516.0 944.0 20.0 10.0
265.0 1354.0 20.0 10.0
1190.0 135.0 20.0 10.0
1045.0 1201.0 20.0 10.0
1189.0 176.0 20.0 10.0
1496.0 465.0 20.0 10.0
873.0 349.0 20.0 10.0
253.0 1231.0 20.0 10.0
1354.0 364.0 20.0 10.0
798.0 793.0 20.0 10.0
1091.0 893.0 20.0 10.0
1240.0 496.0 20.0 10.0
1283.0 328.0 20.0 10.0
1014.0 639.0 20.0 10.0
899.0 334.0 20.0 10.0
617.0 1041.0 20.0 10.0
245.0 1113.0 20.0 10.0
279.0 1269.0 20.0 10.0
1165.0 654.0 20.0 10.0
1187.0 323.0 20.0 10.0
849.0 330.0 20.0 10.0
840.0 342.0 20.0 10.0
986.0 780.0 20.0 10.0
1094.0 1197.0 20.0 10.0
1173.0 1121.0 20.0 10.0
1004.0 850.0 20.0 10.0
964.0 543.0 20.0 10.0
315.0 1330.0 20.0 10.0
1021.0 980.0 20.0 10.0
268.0 1339.0 20.0 10.0
1189.0 1141.0 20.0 10.0
1187.0 1319.0 20.0 10.0
818.0 856.0 20.0 10.0
1129.0 615.0 20.0 10.0
218.0 1263.0 20.0 10.0
1465.0 303.0 20.0 10.0
1205.0 333.0 20.0 10.0
1134.0 1126.0 20.0 10.0
1408.0 222.0 20.0 10.0
1262.0 910.0 20.0 10.0
967.0 892.0 20.0 10.0
859.0 279.0 20.0 10.0
1117.0 679.0 20.0 10.0
266.0 1192.0 20.0 10.0
260.0 1353.0 20.0 10.0
645.0 1066.0 20.0 10.0
317.0 1075.0 20.0 10.0
1321.0 361.0 20.0 10.0
1237.0 503.0 20.0 10.0
156.0 1394.0 20.0 10.0
233.0 1331.0 20.0 10.0
817.0 893.0 20.0 10.0
1503.0 112.0 20.0 10.0
1393.0 162.0 20.0 10.0
878.0 366.0 20.0 10.0
993.0 344.0 20.0 10.0
1261.0 1114.0 20.0 10.0
1392.0 192.0 20.0 10.0
524.0 1019.0 20.0 10.0
800.0 843.0 20.0 10.0
1197.0 634.0 20.0 10.0
1335.0 246.0 20.0 10.0
1488.0 273.0 20.0 10.0
668.0 1043.0 20.0 10.0
574.0 954.0 20.0 10.0
806.0 743.0 20.0 10.0
1100.0 1156.0 20.0 10.0
96.0 1111.0 20.0 10.0
1023.0 385.0 20.0 10.0
368.0 765.0 20.0 10.0
761.0 794.0 20.0 10.0
242.0 1439.0 20.0 10.0
598.0 863.0 20.0 10.0
1342.0 343.0 20.0 10.0
1025.0 808.0 20.0 10.0
996.0 480.0 20.0 10.0
1090.0 1283.0 20.0 10.0
1067.0 1281.0 20.0 10.0
331.0 845.0 20.0 10.0
351.0 1268.0 20.0 10.0
1052.0 1215.0 20.0 10.0
830.0 312.0 20.0 10.0
1489.0 307.0 20.0 10.0
853.0 807.0 20.0 10.0
139.0 1289.0 20.0 10.0
1427.0 204.0 20.0 10.0
185.0 1235.0 20.0 10.0
1378.0 503.0 20.0 10.0
223.0 1252.0 20.0 10.0
203.0 1369.0 20.0 10.0
864.0 900.0 20.0 10.0
418.0 764.0 20.0 10.0
791.0 872.0 20.0 10.0
1324.0 370.0 20.0 10.0
1141.0 373.0 20.0 10.0
1001.0 644.0 20.0 10.0
1109.0 870.0 20.0 10.0
91.0 1061.0 20.0 10.0
1137.0 337.0 20.0 10.0
883.0 911.0 20.0 10.0
522.0 879.0 20.0 10.0
397.0 778.0 20.0 10.0
1366.0 238.0 20.0 10.0
1076.0 1233.0 20.0 10.0
1375.0 346.0 20.0 10.0
596.0 951.0 20.0 10.0
901.0 381.0 20.0 10.0
28.0 1068.0 20.0 10.0
1030.0 539.0 20.0 10.0
606.0 1058.0 20.0 10.0
1159.0 1166.0 20.0 10.0
830.0 197.0 20.0 10.0
938.0 543.0 20.0 10.0
93.0 1117.0 20.0 10.0
1048.0 851.0 20.0 10.0
206.0 1058.0 20.0 10.0
101.0 1040.0 20.0 10.0
1146.0 1126.0 20.0 10.0
523.0 1038.0 20.0 10.0
1060.0 514.0 20.0 10.0
1030.0 621.0 20.0 10.0
1456.0 161.0 20.0 10.0
1117.0 875.0 20.0 10.0
1153.0 880.0 20.0 10.0
129.0 1052.0 20.0 10.0
1158.0 1150.0 20.0 10.0
1131.0 523.0 20.0 10.0
1063.0 968.0 20.0 10.0
408.0 870.0 20.0 10.0
243.0 1055.0 20.0 10.0
1342.0 234.0 20.0 10.0
290.0 1257.0 20.0 10.0
1022.0 517.0 20.0 10.0
1257.0 498.0 20.0 10.0
282.0 1115.0 20.0 10.0
815.0 752.0 20.0 10.0
1135.0 1136.0 20.0 10.0
1114.0 1176.0 20.0 10.0
1001.0 375.0 20.0 10.0
1221.0 284.0 20.0 10.0
1067.0 1287.0 20.0 10.0
1244.0 629.0 20.0 10.0
999.0 411.0 20.0 10.0
1391.0 487.0 20.0 10.0
985.0 632.0 20.0 10.0
420.0 818.0 20.0 10.0
624.0 923.0 20.0 10.0
558.0 877.0 20.0 10.0
1095.0 1280.0 20.0 10.0
972.0 380.0 20.0 10.0
789.0 747.0 20.0 10.0
1000.0 1015.0 20.0 10.0
645.0 1004.0 20.0 10.0
282.0 1361.0 20.0 10.0
189.0 1322.0 20.0 10.0
1191.0 612.0 20.0 10.0
938.0 1140.0 20.0 10.0
262.0 1385.0 20.0 10.0
951.0 1138.0 20.0 10.0
1055.0 803.0 20.0 10.0
441.0 782.0 20.0 10.0
463.0 873.0 20.0 10.0
600.0 1054.0 20.0 10.0
1353.0 359.0 20.0 10.0
169.0 1351.0 20.0 10.0
1279.0 482.0 20.0 10.0
1060.0 590.0 20.0 10.0
1040.0 976.0 20.0 10.0
881.0 800.0 20.0 10.0
1164.0 188.0 20.0 10.0
1515.0 101.0 20.0 10.0
1247.0 442.0 20.0 10.0
1351.0 466.0 20.0 10.0
857.0 328.0 20.0 10.0
584.0 1017.0 20.0 10.0
1408.0 231.0 20.0 10.0
1146.0 1247.0 20.0 10.0
1103.0 1272.0 20.0 10.0
359.0 836.0 20.0 10.0
1075.0 955.0 20.0 10.0
280.0 1347.0 20.0 10.0
1192.0 659.0 20.0 10.0
1306.0 917.0 20.0 10.0
1337.0 266.0 20.0 10.0
1274.0 1077.0 20.0 10.0
1165.0 1165.0 20.0 10.0
1159.0 1001.0 20.0 10.0
971.0 761.0 20.0 10.0
1358.0 229.0 20.0 10.0
184.0 1300.0 20.0 10.0
353.0 1296.0 20.0 10.0
356.0 1265.0 20.0 10.0
259.0 1294.0 20.0 10.0
1185.0 885.0 20.0 10.0
840.0 309.0 20.0 10.0
1341.0 218.0 20.0 10.0
1139.0 1026.0 20.0 10.0
1006.0 350.0 20.0 10.0
127.0 1348.0 20.0 10.0
1235.0 1056.0 20.0 10.0
1031.0 855.0 20.0 10.0
339.0 1082.0 20.0 10.0
460.0 815.0 20.0 10.0
654.0 877.0 20.0 10.0
1018.0 359.0 20.0 10.0
1403.0 166.0 20.0 10.0
1214.0 878.0 20.0 10.0
1282.0 509.0 20.0 10.0
1066.0 475.0 20.0 10.0
1187.0 666.0 20.0 10.0
1025.0 525.0 20.0 10.0
631.0 896.0 20.0 10.0
107.0 1282.0 20.0 10.0
1403.0 229.0 20.0 10.0
499.0 1043.0 20.0 10.0
94.0 1107.0 20.0 10.0
978.0 1031.0 20.0 10.0
65.0 1060.0 20.0 10.0
1393.0 256.0 20.0 10.0
1043.0 1009.0 20.0 10.0
1452.0 336.0 20.0 10.0
1339.0 918.0 20.0 10.0
1364.0 202.0 20.0 10.0
887.0 339.0 20.0 10.0
1145.0 335.0 20.0 10.0
774.0 794.0 20.0 10.0
417.0 821.0 20.0 10.0
1104.0 1108.0 20.0 10.0
860.0 939.0 20.0 10.0
1075.0 456.0 20.0 10.0
786.0 780.0 20.0 10.0
307.0 1266.0 20.0 10.0
1185.0 1342.0 20.0 10.0
112.0 1299.0 20.0 10.0
1007.0 796.0 20.0 10.0
1377.0 496.0 20.0 10.0
1000.0 978.0 20.0 10.0
1022.0 627.0 20.0 10.0
1499.0 454.0 20.0 10.0
1178.0 142.0 20.0 10.0
522.0 936.0 20.0 10.0
1138.0 870.0 20.0 10.0
1417.0 146.0 20.0 10.0
1404.0 141.0 20.0 10.0
1270.0 1082.0 20.0 10.0
1158.0 1278.0 20.0 10.0
1143.0 999.0 20.0 10.0
1246.0 1071.0 20.0 10.0
191.0 1251.0 20.0 10.0
314.0 1357.0 20.0 10.0
869.0 297.0 20.0 10.0
987.0 433.0 20.0 10.0
1082.0 1283.0 20.0 10.0
776.0 815.0 20.0 10.0
324.0 1285.0 20.0 10.0
272.0 1234.0 20.0 10.0
595.0 875.0 20.0 10.0
1372.0 205.0 20.0 10.0
1442.0 149.0 20.0 10.0
1012.0 499.0 20.0 10.0
272.0 1282.0 20.0 10.0
1277.0 328.0 20.0 10.0
1491.0 287.0 20.0 10.0
1124.0 890.0 20.0 10.0
867.0 275.0 20.0 10.0
650.0 1086.0 20.0 10.0
877.0 773.0 20.0 10.0
923.0 1128.0 20.0 10.0
1486.0 267.0 20.0 10.0
1308.0 357.0 20.0 10.0
1158.0 609.0 20.0 10.0
1021.0 955.0 20.0 10.0
990.0 567.0 20.0 10.0
898.0 478.0 20.0 10.0
1495.0 63.0 20.0 10.0
779.0 781.0 20.0 10.0
1154.0 798.0 20.0 10.0
1237.0 1082.0 20.0 10.0
925.0 771.0 20.0 10.0
577.0 966.0 20.0 10.0
487.0 967.0 20.0 10.0
363.0 1291.0 20.0 10.0
913.0 404.0 20.0 10.0
1355.0 204.0 20.0 10.0
1184.0 795.0 20.0 10.0
1298.0 922.0 20.0 10.0
634.0 1046.0 20.0 10.0
1502.0 61.0 20.0 10.0
1217.0 1075.0 20.0 10.0
1092.0 1229.0 20.0 10.0
956.0 438.0 20.0 10.0
610.0 1027.0 20.0 10.0
1357.0 177.0 20.0 10.0
1049.0 605.0 20.0 10.0
856.0 386.0 20.0 10.0
1198.0 619.0 20.0 10.0
1404.0 496.0 20.0 10.0
1371.0 174.0 20.0 10.0
962.0 437.0 20.0 10.0
1157.0 991.0 20.0 10.0
1058.0 1283.0 20.0 10.0
222.0 1224.0 20.0 10.0
518.0 969.0 20.0 10.0
1302.0 906.0 20.0 10.0
660.0 1067.0 20.0 10.0
1382.0 194.0 20.0 10.0
1231.0 265.0 20.0 10.0
1078.0 1204.0 20.0 10.0
118.0 1364.0 20.0 10.0
931.0 1161.0 20.0 10.0
1174.0 1003.0 20.0 10.0
1197.0 326.0 20.0 10.0
1104.0 1298.0 20.0 10.0
1072.0 1307.0 20.0 10.0
1382.0 178.0 20.0 10.0
175.0 1361.0 20.0 10.0
1015.0 970.0 20.0 10.0
