1000
2255.0 1139.0 20.0 10.0
2228.0 1146.0 20.0 10.0
1151.0 964.0 20.0 10.0
5956.0 5388.0 20.0 10.0
2430.0 2116.0 20.0 10.0
3586.0 4005.0 20.0 10.0
3603.0 4023.0 20.0 10.0
2961.0 2710.0 20.0 10.0
5492.0 4971.0 20.0 10.0
5482.0 4965.0 20.0 10.0
4948.0 4507.0 20.0 10.0
4973.0 4488.0 20.0 10.0
5025.0 4563.0 20.0 10.0
2978.0 2661.0 20.0 10.0
3086.0 2567.0 20.0 10.0
3056.0 2577.0 20.0 10.0
754.0 589.0 20.0 10.0
2124.0 1237.0 20.0 10.0
2412.0 2036.0 20.0 10.0
3107.0 2464.0 20.0 10.0
5959.0 5379.0 20.0 10.0
4900.0 4310.0 20.0 10.0
1603.0 1448.0 20.0 10.0
2403.0 2057.0 20.0 10.0
3671.0 3379.0 20.0 10.0
3393.0 2867.0 20.0 10.0
2861.0 2765.0 20.0 10.0
2870.0 2768.0 20.0 10.0
5644.0 5232.0 20.0 10.0
2347.0 2107.0 20.0 10.0
2155.0 2125.0 20.0 10.0
5764.0 5289.0 20.0 10.0
4521.0 3312.0 20.0 10.0
5209.0 4778.0 20.0 10.0
2740.0 2533.0 20.0 10.0
5708.0 5247.0 20.0 10.0
3565.0 3131.0 20.0 10.0
3580.0 3148.0 20.0 10.0
5097.0 4609.0 20.0 10.0
3681.0 4275.0 20.0 10.0
1847.0 1658.0 20.0 10.0
481.0 288.0 20.0 10.0
5375.0 4883.0 20.0 10.0
5349.0 4866.0 20.0 10.0
1458.0 1231.0 20.0 10.0
2674.0 3211.0 20.0 10.0
2156.0 1548.0 20.0 10.0
932.0 732.0 20.0 10.0
957.0 776.0 20.0 10.0
2890.0 2778.0 20.0 10.0
2768.0 3019.0 20.0 10.0
2104.0 1728.0 20.0 10.0
3140.0 2535.0 20.0 10.0
3716.0 3627.0 20.0 10.0
307.0 267.0 20.0 10.0
4428.0 3837.0 20.0 10.0
3708.0 3708.0 20.0 10.0
2694.0 3189.0 20.0 10.0
3692.0 3961.0 20.0 10.0
3669.0 3417.0 20.0 10.0
4202.0 3473.0 20.0 10.0
4393.0 3364.0 20.0 10.0
5338.0 4842.0 20.0 10.0
344.0 326.0 20.0 10.0
2163.0 2124.0 20.0 10.0
835.0 489.0 20.0 10.0
833.0 510.0 20.0 10.0
411.0 282.0 20.0 10.0
4480.0 4069.0 20.0 10.0
5330.0 4914.0 20.0 10.0
1617.0 1430.0 20.0 10.0
2148.0 1600.0 20.0 10.0
2100.0 1019.0 20.0 10.0
2095.0 1038.0 20.0 10.0
781.0 707.0 20.0 10.0
3151.0 2441.0 20.0 10.0
1715.0 1487.0 20.0 10.0
1713.0 1461.0 20.0 10.0
2056.0 1763.0 20.0 10.0
2387.0 2151.0 20.0 10.0
679.0 551.0 20.0 10.0
793.0 643.0 20.0 10.0
3173.0 2379.0 20.0 10.0
5485.0 5078.0 20.0 10.0
48.0 194.0 20.0 10.0
2208.0 2134.0 20.0 10.0
2098.0 1003.0 20.0 10.0
4535.0 3294.0 20.0 10.0
4545.0 3318.0 20.0 10.0
3189.0 2360.0 20.0 10.0
4867.0 4378.0 20.0 10.0
3721.0 3586.0 20.0 10.0
807.0 486.0 20.0 10.0
4538.0 3995.0 20.0 10.0
2201.0 2102.0 20.0 10.0
2211.0 2110.0 20.0 10.0
3690.0 4193.0 20.0 10.0
3688.0 4183.0 20.0 10.0
1657.0 1365.0 20.0 10.0
1638.0 1378.0 20.0 10.0
2143.0 2108.0 20.0 10.0
4131.0 3492.0 20.0 10.0
4107.0 3499.0 20.0 10.0
143.0 220.0 20.0 10.0
173.0 235.0 20.0 10.0
204.0 251.0 20.0 10.0
4651.0 3329.0 20.0 10.0
1113.0 941.0 20.0 10.0
1122.0 949.0 20.0 10.0
200.0 72.0 20.0 10.0
211.0 100.0 20.0 10.0
3186.0 2450.0 20.0 10.0
2198.0 1231.0 20.0 10.0
2187.0 1263.0 20.0 10.0
4992.0 4354.0 20.0 10.0
4530.0 4018.0 20.0 10.0
4618.0 3320.0 20.0 10.0
3337.0 2976.0 20.0 10.0
696.0 543.0 20.0 10.0
2220.0 1100.0 20.0 10.0
4124.0 3433.0 20.0 10.0
4119.0 3447.0 20.0 10.0
4116.0 3476.0 20.0 10.0
808.0 526.0 20.0 10.0
2302.0 2010.0 20.0 10.0
5996.0 5648.0 20.0 10.0
3553.0 3114.0 20.0 10.0
2957.0 2787.0 20.0 10.0
4830.0 4273.0 20.0 10.0
4808.0 4256.0 20.0 10.0
2776.0 2993.0 20.0 10.0
5443.0 4955.0 20.0 10.0
2433.0 1980.0 20.0 10.0
837.0 561.0 20.0 10.0
5719.0 5356.0 20.0 10.0
5710.0 5343.0 20.0 10.0
5342.0 4949.0 20.0 10.0
5341.0 4938.0 20.0 10.0
2619.0 2537.0 20.0 10.0
1948.0 1851.0 20.0 10.0
5952.0 5394.0 20.0 10.0
2150.0 1539.0 20.0 10.0
911.0 763.0 20.0 10.0
2376.0 2127.0 20.0 10.0
4369.0 3346.0 20.0 10.0
3733.0 3951.0 20.0 10.0
3658.0 4035.0 20.0 10.0
2584.0 2604.0 20.0 10.0
2603.0 2582.0 20.0 10.0
5782.0 5303.0 20.0 10.0
5774.0 5296.0 20.0 10.0
2389.0 2702.0 20.0 10.0
2114.0 1705.0 20.0 10.0
3735.0 3405.0 20.0 10.0
4497.0 3865.0 20.0 10.0
2234.0 2151.0 20.0 10.0
2231.0 2125.0 20.0 10.0
6012.0 5432.0 20.0 10.0
4473.0 3867.0 20.0 10.0
3663.0 3843.0 20.0 10.0
2100.0 1054.0 20.0 10.0
4487.0 3862.0 20.0 10.0
2035.0 1856.0 20.0 10.0
2687.0 3206.0 20.0 10.0
2689.0 3192.0 20.0 10.0
2227.0 2161.0 20.0 10.0
4133.0 3425.0 20.0 10.0
1653.0 1392.0 20.0 10.0
5546.0 5134.0 20.0 10.0
1606.0 1391.0 20.0 10.0
4579.0 4040.0 20.0 10.0
2108.0 1681.0 20.0 10.0
4419.0 3931.0 20.0 10.0
4414.0 3921.0 20.0 10.0
1852.0 1677.0 20.0 10.0
5330.0 4885.0 20.0 10.0
3565.0 4014.0 20.0 10.0
240.0 272.0 20.0 10.0
1780.0 1653.0 20.0 10.0
1794.0 1662.0 20.0 10.0
2696.0 3172.0 20.0 10.0
4439.0 3369.0 20.0 10.0
4411.0 3361.0 20.0 10.0
2946.0 2776.0 20.0 10.0
2649.0 3091.0 20.0 10.0
2064.0 1814.0 20.0 10.0
4425.0 3904.0 20.0 10.0
204.0 267.0 20.0 10.0
5737.0 5227.0 20.0 10.0
5357.0 4950.0 20.0 10.0
5737.0 5365.0 20.0 10.0
2143.0 1532.0 20.0 10.0
2144.0 1591.0 20.0 10.0
2124.0 1490.0 20.0 10.0
6033.0 5447.0 20.0 10.0
3731.0 3607.0 20.0 10.0
2774.0 2493.0 20.0 10.0
5975.0 5619.0 20.0 10.0
2607.0 2524.0 20.0 10.0
3632.0 4025.0 20.0 10.0
3633.0 3494.0 20.0 10.0
3453.0 2878.0 20.0 10.0
2146.0 1681.0 20.0 10.0
5072.0 4388.0 20.0 10.0
5061.0 4383.0 20.0 10.0
2517.0 2545.0 20.0 10.0
2530.0 2549.0 20.0 10.0
240.0 101.0 20.0 10.0
2602.0 2516.0 20.0 10.0
876.0 708.0 20.0 10.0
4087.0 3460.0 20.0 10.0
4086.0 3483.0 20.0 10.0
2424.0 2001.0 20.0 10.0
2098.0 963.0 20.0 10.0
189.0 69.0 20.0 10.0
217.0 80.0 20.0 10.0
4895.0 4338.0 20.0 10.0
2458.0 2032.0 20.0 10.0
2706.0 3144.0 20.0 10.0
3119.0 2444.0 20.0 10.0
3679.0 4298.0 20.0 10.0
4888.0 4419.0 20.0 10.0
3625.0 3498.0 20.0 10.0
3143.0 2483.0 20.0 10.0
3580.0 4014.0 20.0 10.0
1780.0 1665.0 20.0 10.0
5906.0 5361.0 20.0 10.0
2110.0 1053.0 20.0 10.0
2112.0 1066.0 20.0 10.0
2433.0 2077.0 20.0 10.0
3157.0 2531.0 20.0 10.0
3146.0 2536.0 20.0 10.0
1884.0 1613.0 20.0 10.0
1918.0 1695.0 20.0 10.0
3590.0 4018.0 20.0 10.0
3607.0 4030.0 20.0 10.0
828.0 716.0 20.0 10.0
4017.0 3478.0 20.0 10.0
3994.0 3492.0 20.0 10.0
482.0 293.0 20.0 10.0
4378.0 3373.0 20.0 10.0
874.0 619.0 20.0 10.0
5980.0 5406.0 20.0 10.0
2443.0 2637.0 20.0 10.0
4874.0 4397.0 20.0 10.0
4872.0 4384.0 20.0 10.0
386.0 136.0 20.0 10.0
2219.0 1123.0 20.0 10.0
4873.0 4351.0 20.0 10.0
3704.0 3747.0 20.0 10.0
4457.0 3876.0 20.0 10.0
4435.0 3886.0 20.0 10.0
2227.0 2100.0 20.0 10.0
837.0 536.0 20.0 10.0
621.0 511.0 20.0 10.0
649.0 525.0 20.0 10.0
1098.0 903.0 20.0 10.0
3719.0 3831.0 20.0 10.0
3701.0 3849.0 20.0 10.0
2400.0 2593.0 20.0 10.0
789.0 694.0 20.0 10.0
2270.0 2677.0 20.0 10.0
390.0 161.0 20.0 10.0
2363.0 2653.0 20.0 10.0
3701.0 3357.0 20.0 10.0
5781.0 5468.0 20.0 10.0
170.0 68.0 20.0 10.0
5709.0 5230.0 20.0 10.0
2175.0 1295.0 20.0 10.0
2160.0 1329.0 20.0 10.0
1209.0 1022.0 20.0 10.0
1205.0 1039.0 20.0 10.0
2096.0 976.0 20.0 10.0
2995.0 2665.0 20.0 10.0
1963.0 1848.0 20.0 10.0
5677.0 5298.0 20.0 10.0
5767.0 5250.0 20.0 10.0
5697.0 5321.0 20.0 10.0
869.0 600.0 20.0 10.0
2398.0 2143.0 20.0 10.0
678.0 561.0 20.0 10.0
3733.0 4150.0 20.0 10.0
4686.0 3293.0 20.0 10.0
3739.0 3441.0 20.0 10.0
3709.0 3447.0 20.0 10.0
2446.0 2068.0 20.0 10.0
3733.0 3499.0 20.0 10.0
4970.0 4343.0 20.0 10.0
4945.0 4331.0 20.0 10.0
5783.0 5281.0 20.0 10.0
2187.0 2123.0 20.0 10.0
2159.0 2118.0 20.0 10.0
58.0 180.0 20.0 10.0
68.0 186.0 20.0 10.0
92.0 195.0 20.0 10.0
116.0 206.0 20.0 10.0
4203.0 3685.0 20.0 10.0
4584.0 4011.0 20.0 10.0
4752.0 4272.0 20.0 10.0
3371.0 2923.0 20.0 10.0
3355.0 2938.0 20.0 10.0
2154.0 1305.0 20.0 10.0
2625.0 2347.0 20.0 10.0
2462.0 2643.0 20.0 10.0
76.0 181.0 20.0 10.0
2413.0 2026.0 20.0 10.0
4610.0 4124.0 20.0 10.0
4535.0 4050.0 20.0 10.0
2213.0 1185.0 20.0 10.0
2206.0 1200.0 20.0 10.0
5046.0 4377.0 20.0 10.0
3710.0 4152.0 20.0 10.0
3695.0 4142.0 20.0 10.0
534.0 401.0 20.0 10.0
775.0 606.0 20.0 10.0
3160.0 2397.0 20.0 10.0
3148.0 2421.0 20.0 10.0
3128.0 2453.0 20.0 10.0
2137.0 1667.0 20.0 10.0
2095.0 955.0 20.0 10.0
5747.0 5360.0 20.0 10.0
841.0 699.0 20.0 10.0
4533.0 4032.0 20.0 10.0
4893.0 4366.0 20.0 10.0
4866.0 4363.0 20.0 10.0
3099.0 2545.0 20.0 10.0
3697.0 3370.0 20.0 10.0
2533.0 2656.0 20.0 10.0
914.0 698.0 20.0 10.0
3676.0 3944.0 20.0 10.0
2615.0 3198.0 20.0 10.0
2643.0 3199.0 20.0 10.0
4191.0 3472.0 20.0 10.0
3733.0 3453.0 20.0 10.0
5422.0 4918.0 20.0 10.0
4547.0 3269.0 20.0 10.0
3656.0 4110.0 20.0 10.0
1980.0 1845.0 20.0 10.0
2008.0 1854.0 20.0 10.0
2556.0 2592.0 20.0 10.0
702.0 630.0 20.0 10.0
5814.0 5450.0 20.0 10.0
5795.0 5426.0 20.0 10.0
2917.0 2732.0 20.0 10.0
3018.0 2655.0 20.0 10.0
3110.0 2554.0 20.0 10.0
2372.0 2069.0 20.0 10.0
2222.0 2170.0 20.0 10.0
5856.0 5327.0 20.0 10.0
5730.0 5250.0 20.0 10.0
2113.0 1167.0 20.0 10.0
1640.0 1454.0 20.0 10.0
4915.0 4374.0 20.0 10.0
4352.0 3364.0 20.0 10.0
4579.0 3328.0 20.0 10.0
2475.0 2047.0 20.0 10.0
190.0 83.0 20.0 10.0
2171.0 1842.0 20.0 10.0
2143.0 1837.0 20.0 10.0
483.0 312.0 20.0 10.0
509.0 353.0 20.0 10.0
5966.0 5619.0 20.0 10.0
5946.0 5587.0 20.0 10.0
5908.0 5545.0 20.0 10.0
1349.0 1162.0 20.0 10.0
2986.0 2684.0 20.0 10.0
810.0 632.0 20.0 10.0
3026.0 2621.0 20.0 10.0
552.0 438.0 20.0 10.0
580.0 457.0 20.0 10.0
2377.0 2597.0 20.0 10.0
3694.0 4093.0 20.0 10.0
3576.0 3997.0 20.0 10.0
2658.0 3182.0 20.0 10.0
739.0 577.0 20.0 10.0
2458.0 2059.0 20.0 10.0
2087.0 919.0 20.0 10.0
3086.0 2503.0 20.0 10.0
812.0 690.0 20.0 10.0
2346.0 2098.0 20.0 10.0
4601.0 3278.0 20.0 10.0
5316.0 4903.0 20.0 10.0
3643.0 4100.0 20.0 10.0
1654.0 1420.0 20.0 10.0
801.0 585.0 20.0 10.0
1538.0 1330.0 20.0 10.0
2663.0 3080.0 20.0 10.0
2692.0 3073.0 20.0 10.0
4219.0 3421.0 20.0 10.0
2146.0 1865.0 20.0 10.0
398.0 157.0 20.0 10.0
2095.0 1705.0 20.0 10.0
4589.0 4018.0 20.0 10.0
1855.0 1666.0 20.0 10.0
1863.0 1674.0 20.0 10.0
1875.0 1683.0 20.0 10.0
2699.0 3207.0 20.0 10.0
4409.0 3904.0 20.0 10.0
4094.0 3456.0 20.0 10.0
905.0 690.0 20.0 10.0
2093.0 938.0 20.0 10.0
3727.0 3861.0 20.0 10.0
5936.0 5384.0 20.0 10.0
1177.0 1054.0 20.0 10.0
1943.0 1698.0 20.0 10.0
1970.0 1688.0 20.0 10.0
4064.0 3505.0 20.0 10.0
2914.0 2780.0 20.0 10.0
2203.0 1160.0 20.0 10.0
3684.0 4135.0 20.0 10.0
2222.0 1924.0 20.0 10.0
2395.0 2648.0 20.0 10.0
2689.0 3138.0 20.0 10.0
3654.0 4063.0 20.0 10.0
279.0 275.0 20.0 10.0
291.0 282.0 20.0 10.0
4318.0 3392.0 20.0 10.0
2277.0 2669.0 20.0 10.0
3627.0 4082.0 20.0 10.0
3544.0 4024.0 20.0 10.0
849.0 532.0 20.0 10.0
4563.0 4024.0 20.0 10.0
4559.0 4011.0 20.0 10.0
461.0 273.0 20.0 10.0
2160.0 1618.0 20.0 10.0
4105.0 3445.0 20.0 10.0
2445.0 2116.0 20.0 10.0
3129.0 2543.0 20.0 10.0
3206.0 2435.0 20.0 10.0
856.0 506.0 20.0 10.0
4494.0 3334.0 20.0 10.0
4586.0 3331.0 20.0 10.0
2734.0 3076.0 20.0 10.0
2748.0 3034.0 20.0 10.0
2117.0 1187.0 20.0 10.0
2119.0 1210.0 20.0 10.0
5864.0 5497.0 20.0 10.0
5821.0 5447.0 20.0 10.0
25.0 155.0 20.0 10.0
46.0 174.0 20.0 10.0
313.0 296.0 20.0 10.0
2453.0 2656.0 20.0 10.0
4454.0 3347.0 20.0 10.0
4147.0 3461.0 20.0 10.0
5984.0 5639.0 20.0 10.0
497.0 316.0 20.0 10.0
4365.0 3378.0 20.0 10.0
2133.0 2138.0 20.0 10.0
6025.0 5437.0 20.0 10.0
4484.0 4060.0 20.0 10.0
2125.0 1261.0 20.0 10.0
2132.0 1312.0 20.0 10.0
2634.0 2554.0 20.0 10.0
2217.0 1170.0 20.0 10.0
3434.0 2887.0 20.0 10.0
2787.0 2515.0 20.0 10.0
2707.0 2432.0 20.0 10.0
5421.0 4948.0 20.0 10.0
5347.0 4936.0 20.0 10.0
4671.0 3234.0 20.0 10.0
2530.0 2660.0 20.0 10.0
2544.0 2646.0 20.0 10.0
3756.0 3456.0 20.0 10.0
3715.0 3869.0 20.0 10.0
2361.0 2092.0 20.0 10.0
4015.0 3541.0 20.0 10.0
3728.0 3544.0 20.0 10.0
1663.0 1358.0 20.0 10.0
2916.0 2803.0 20.0 10.0
2504.0 2561.0 20.0 10.0
2422.0 2673.0 20.0 10.0
2490.0 2195.0 20.0 10.0
5233.0 4749.0 20.0 10.0
4820.0 4346.0 20.0 10.0
2106.0 1116.0 20.0 10.0
2115.0 1161.0 20.0 10.0
283.0 262.0 20.0 10.0
4407.0 3883.0 20.0 10.0
2082.0 1704.0 20.0 10.0
1895.0 1688.0 20.0 10.0
3688.0 4237.0 20.0 10.0
1292.0 1057.0 20.0 10.0
1290.0 1079.0 20.0 10.0
2208.0 1120.0 20.0 10.0
2209.0 1138.0 20.0 10.0
4960.0 4529.0 20.0 10.0
4581.0 4006.0 20.0 10.0
857.0 586.0 20.0 10.0
2670.0 3076.0 20.0 10.0
244.0 87.0 20.0 10.0
3731.0 3360.0 20.0 10.0
3685.0 4260.0 20.0 10.0
4961.0 4511.0 20.0 10.0
2047.0 1836.0 20.0 10.0
2877.0 2594.0 20.0 10.0
1821.0 1669.0 20.0 10.0
3683.0 4279.0 20.0 10.0
3707.0 3381.0 20.0 10.0
3724.0 3698.0 20.0 10.0
2145.0 1342.0 20.0 10.0
3415.0 2883.0 20.0 10.0
2824.0 2935.0 20.0 10.0
2833.0 2905.0 20.0 10.0
2863.0 2858.0 20.0 10.0
2895.0 2809.0 20.0 10.0
2928.0 2758.0 20.0 10.0
5941.0 5564.0 20.0 10.0
2642.0 3153.0 20.0 10.0
1804.0 1565.0 20.0 10.0
1798.0 1537.0 20.0 10.0
5684.0 5314.0 20.0 10.0
4515.0 3872.0 20.0 10.0
4507.0 3869.0 20.0 10.0
5401.0 4902.0 20.0 10.0
4521.0 3273.0 20.0 10.0
3717.0 3955.0 20.0 10.0
2404.0 2117.0 20.0 10.0
2546.0 2641.0 20.0 10.0
2562.0 2626.0 20.0 10.0
3688.0 4215.0 20.0 10.0
3687.0 4204.0 20.0 10.0
3685.0 4171.0 20.0 10.0
925.0 710.0 20.0 10.0
2372.0 2638.0 20.0 10.0
2143.0 1402.0 20.0 10.0
3338.0 2956.0 20.0 10.0
846.0 734.0 20.0 10.0
2610.0 3235.0 20.0 10.0
5992.0 5416.0 20.0 10.0
5969.0 5403.0 20.0 10.0
4506.0 4010.0 20.0 10.0
2665.0 3156.0 20.0 10.0
847.0 742.0 20.0 10.0
4480.0 4052.0 20.0 10.0
4488.0 4049.0 20.0 10.0
4499.0 4034.0 20.0 10.0
4598.0 3331.0 20.0 10.0
2388.0 2603.0 20.0 10.0
2411.0 2610.0 20.0 10.0
863.0 641.0 20.0 10.0
417.0 371.0 20.0 10.0
469.0 398.0 20.0 10.0
2081.0 993.0 20.0 10.0
200.0 42.0 20.0 10.0
5371.0 4904.0 20.0 10.0
2195.0 1172.0 20.0 10.0
3692.0 3403.0 20.0 10.0
2129.0 1724.0 20.0 10.0
1989.0 1816.0 20.0 10.0
1831.0 1671.0 20.0 10.0
1811.0 1571.0 20.0 10.0
2712.0 3084.0 20.0 10.0
4419.0 3834.0 20.0 10.0
4434.0 3859.0 20.0 10.0
5873.0 5341.0 20.0 10.0
4055.0 3478.0 20.0 10.0
3672.0 3853.0 20.0 10.0
3600.0 4085.0 20.0 10.0
2208.0 1595.0 20.0 10.0
2544.0 2264.0 20.0 10.0
2464.0 2181.0 20.0 10.0
842.0 513.0 20.0 10.0
811.0 551.0 20.0 10.0
2423.0 1997.0 20.0 10.0
2418.0 2010.0 20.0 10.0
2243.0 1095.0 20.0 10.0
5972.0 5573.0 20.0 10.0
1924.0 1856.0 20.0 10.0
1935.0 1854.0 20.0 10.0
4235.0 3448.0 20.0 10.0
4224.0 3450.0 20.0 10.0
1615.0 1387.0 20.0 10.0
3649.0 4083.0 20.0 10.0
5737.0 5317.0 20.0 10.0
5750.0 5296.0 20.0 10.0
5746.0 5272.0 20.0 10.0
2650.0 2568.0 20.0 10.0
5662.0 5224.0 20.0 10.0
5615.0 5202.0 20.0 10.0
1998.0 1819.0 20.0 10.0
1178.0 957.0 20.0 10.0
5437.0 4926.0 20.0 10.0
4182.0 3667.0 20.0 10.0
4625.0 3261.0 20.0 10.0
3665.0 4320.0 20.0 10.0
4152.0 3655.0 20.0 10.0
4387.0 3339.0 20.0 10.0
804.0 627.0 20.0 10.0
4605.0 3345.0 20.0 10.0
5803.0 5415.0 20.0 10.0
3716.0 4342.0 20.0 10.0
3704.0 4321.0 20.0 10.0
3702.0 4303.0 20.0 10.0
3525.0 3126.0 20.0 10.0
3431.0 3051.0 20.0 10.0
3158.0 2470.0 20.0 10.0
3128.0 2470.0 20.0 10.0
3109.0 2492.0 20.0 10.0
3081.0 2533.0 20.0 10.0
2434.0 2663.0 20.0 10.0
4528.0 3272.0 20.0 10.0
2282.0 2109.0 20.0 10.0
2296.0 2683.0 20.0 10.0
1123.0 925.0 20.0 10.0
1041.0 850.0 20.0 10.0
5749.0 5407.0 20.0 10.0
4633.0 3257.0 20.0 10.0
4608.0 3274.0 20.0 10.0
2121.0 1049.0 20.0 10.0
233.0 69.0 20.0 10.0
4769.0 4237.0 20.0 10.0
4728.0 4218.0 20.0 10.0
4684.0 4198.0 20.0 10.0
3631.0 4120.0 20.0 10.0
4407.0 3853.0 20.0 10.0
3152.0 2462.0 20.0 10.0
3132.0 2441.0 20.0 10.0
2340.0 2651.0 20.0 10.0
5556.0 5163.0 20.0 10.0
5552.0 5132.0 20.0 10.0
5487.0 5061.0 20.0 10.0
5422.0 4991.0 20.0 10.0
4556.0 4080.0 20.0 10.0
5841.0 5479.0 20.0 10.0
3738.0 3850.0 20.0 10.0
3679.0 4099.0 20.0 10.0
890.0 652.0 20.0 10.0
2090.0 996.0 20.0 10.0
2110.0 1086.0 20.0 10.0
2967.0 2672.0 20.0 10.0
1194.0 1064.0 20.0 10.0
3681.0 3906.0 20.0 10.0
4633.0 3320.0 20.0 10.0
337.0 319.0 20.0 10.0
2636.0 3102.0 20.0 10.0
2147.0 1652.0 20.0 10.0
4000.0 3519.0 20.0 10.0
4392.0 3330.0 20.0 10.0
4533.0 3833.0 20.0 10.0
1801.0 1663.0 20.0 10.0
1811.0 1666.0 20.0 10.0
811.0 705.0 20.0 10.0
3712.0 3473.0 20.0 10.0
2142.0 1364.0 20.0 10.0
3683.0 3505.0 20.0 10.0
2695.0 2549.0 20.0 10.0
5945.0 5410.0 20.0 10.0
5377.0 4894.0 20.0 10.0
5358.0 4878.0 20.0 10.0
2163.0 1556.0 20.0 10.0
2510.0 2604.0 20.0 10.0
3694.0 3826.0 20.0 10.0
3688.0 4008.0 20.0 10.0
5092.0 4634.0 20.0 10.0
5160.0 4704.0 20.0 10.0
6028.0 5687.0 20.0 10.0
6011.0 5668.0 20.0 10.0
4853.0 4309.0 20.0 10.0
4911.0 4324.0 20.0 10.0
4956.0 4491.0 20.0 10.0
1246.0 1059.0 20.0 10.0
1178.0 1068.0 20.0 10.0
279.0 294.0 20.0 10.0
2239.0 2078.0 20.0 10.0
2366.0 2061.0 20.0 10.0
5449.0 4932.0 20.0 10.0
4518.0 3842.0 20.0 10.0
4508.0 3847.0 20.0 10.0
4497.0 3853.0 20.0 10.0
2896.0 2746.0 20.0 10.0
449.0 321.0 20.0 10.0
489.0 361.0 20.0 10.0
5744.0 5249.0 20.0 10.0
2314.0 2103.0 20.0 10.0
5774.0 5393.0 20.0 10.0
5723.0 5334.0 20.0 10.0
5669.0 5272.0 20.0 10.0
5853.0 5333.0 20.0 10.0
5836.0 5317.0 20.0 10.0
5798.0 5294.0 20.0 10.0
4093.0 3509.0 20.0 10.0
1285.0 1044.0 20.0 10.0
1375.0 1155.0 20.0 10.0
3684.0 4022.0 20.0 10.0
2807.0 2918.0 20.0 10.0
4551.0 4008.0 20.0 10.0
218.0 45.0 20.0 10.0
686.0 511.0 20.0 10.0
5930.0 5412.0 20.0 10.0
2958.0 2878.0 20.0 10.0
2965.0 2852.0 20.0 10.0
2967.0 2834.0 20.0 10.0
4412.0 3374.0 20.0 10.0
4664.0 3304.0 20.0 10.0
2411.0 2571.0 20.0 10.0
5960.0 5395.0 20.0 10.0
2189.0 1579.0 20.0 10.0
4173.0 3476.0 20.0 10.0
2568.0 2620.0 20.0 10.0
1652.0 1378.0 20.0 10.0
1627.0 1385.0 20.0 10.0
1543.0 1308.0 20.0 10.0
4346.0 3392.0 20.0 10.0
3616.0 4140.0 20.0 10.0
4479.0 3998.0 20.0 10.0
4460.0 3972.0 20.0 10.0
3682.0 3426.0 20.0 10.0
5322.0 4851.0 20.0 10.0
4437.0 3363.0 20.0 10.0
732.0 560.0 20.0 10.0
2327.0 2598.0 20.0 10.0
808.0 731.0 20.0 10.0
3579.0 4036.0 20.0 10.0
2307.0 2660.0 20.0 10.0
604.0 497.0 20.0 10.0
3729.0 4063.0 20.0 10.0
3539.0 3129.0 20.0 10.0
709.0 618.0 20.0 10.0
728.0 627.0 20.0 10.0
624.0 516.0 20.0 10.0
2370.0 2597.0 20.0 10.0
2212.0 1147.0 20.0 10.0
647.0 494.0 20.0 10.0
5755.0 5268.0 20.0 10.0
3395.0 2886.0 20.0 10.0
3398.0 2905.0 20.0 10.0
430.0 211.0 20.0 10.0
2136.0 2127.0 20.0 10.0
2915.0 2772.0 20.0 10.0
4706.0 4234.0 20.0 10.0
3727.0 3298.0 20.0 10.0
5576.0 5132.0 20.0 10.0
3713.0 3276.0 20.0 10.0
4851.0 4340.0 20.0 10.0
3655.0 4049.0 20.0 10.0
3680.0 4059.0 20.0 10.0
3721.0 3317.0 20.0 10.0
2194.0 2094.0 20.0 10.0
5562.0 5097.0 20.0 10.0
3698.0 4283.0 20.0 10.0
3693.0 4260.0 20.0 10.0
5470.0 4956.0 20.0 10.0
2935.0 2830.0 20.0 10.0
2229.0 2702.0 20.0 10.0
2249.0 2688.0 20.0 10.0
5943.0 5597.0 20.0 10.0
4915.0 4320.0 20.0 10.0
4231.0 3735.0 20.0 10.0
3696.0 4340.0 20.0 10.0
1106.0 935.0 20.0 10.0
2404.0 2034.0 20.0 10.0
2181.0 2129.0 20.0 10.0
3901.0 3420.0 20.0 10.0
4422.0 3377.0 20.0 10.0
279.0 124.0 20.0 10.0
409.0 164.0 20.0 10.0
415.0 175.0 20.0 10.0
3134.0 2426.0 20.0 10.0
4595.0 3323.0 20.0 10.0
4562.0 3327.0 20.0 10.0
3613.0 4102.0 20.0 10.0
3140.0 2422.0 20.0 10.0
3714.0 3397.0 20.0 10.0
3710.0 3422.0 20.0 10.0
2097.0 1077.0 20.0 10.0
1262.0 1081.0 20.0 10.0
2138.0 1474.0 20.0 10.0
2082.0 1190.0 20.0 10.0
5357.0 4919.0 20.0 10.0
5292.0 4847.0 20.0 10.0
5226.0 4775.0 20.0 10.0
5326.0 4927.0 20.0 10.0
4713.0 4208.0 20.0 10.0
2456.0 2117.0 20.0 10.0
2172.0 1564.0 20.0 10.0
4876.0 4408.0 20.0 10.0
2010.0 1822.0 20.0 10.0
2031.0 1817.0 20.0 10.0
2340.0 2593.0 20.0 10.0
2354.0 2595.0 20.0 10.0
4530.0 3337.0 20.0 10.0
3643.0 4063.0 20.0 10.0
3712.0 4078.0 20.0 10.0
3419.0 2903.0 20.0 10.0
3686.0 3471.0 20.0 10.0
4037.0 3524.0 20.0 10.0
4014.0 3510.0 20.0 10.0
2101.0 1192.0 20.0 10.0
4914.0 4313.0 20.0 10.0
1610.0 1440.0 20.0 10.0
2226.0 1115.0 20.0 10.0
2293.0 2663.0 20.0 10.0
2123.0 1855.0 20.0 10.0
1629.0 1432.0 20.0 10.0
761.0 629.0 20.0 10.0
2297.0 2113.0 20.0 10.0
2523.0 2670.0 20.0 10.0
2755.0 3036.0 20.0 10.0
2884.0 2775.0 20.0 10.0
3630.0 4060.0 20.0 10.0
2721.0 2511.0 20.0 10.0
3748.0 3312.0 20.0 10.0
2157.0 1701.0 20.0 10.0
5923.0 5373.0 20.0 10.0
1132.0 958.0 20.0 10.0
3689.0 3867.0 20.0 10.0
2134.0 1657.0 20.0 10.0
757.0 638.0 20.0 10.0
4074.0 3574.0 20.0 10.0
844.0 599.0 20.0 10.0
857.0 626.0 20.0 10.0
850.0 590.0 20.0 10.0
3444.0 2882.0 20.0 10.0
1181.0 1048.0 20.0 10.0
1201.0 1080.0 20.0 10.0
1217.0 1058.0 20.0 10.0
1230.0 1080.0 20.0 10.0
2091.0 1802.0 20.0 10.0
2118.0 1789.0 20.0 10.0
2145.0 1776.0 20.0 10.0
3152.0 2824.0 20.0 10.0
3060.0 2748.0 20.0 10.0
4628.0 4035.0 20.0 10.0
4613.0 4024.0 20.0 10.0
4602.0 4021.0 20.0 10.0
2428.0 2632.0 20.0 10.0
94.0 171.0 20.0 10.0
2466.0 2616.0 20.0 10.0
2903.0 2795.0 20.0 10.0
1446.0 1249.0 20.0 10.0
648.0 516.0 20.0 10.0
717.0 577.0 20.0 10.0
2410.0 2101.0 20.0 10.0
2382.0 2096.0 20.0 10.0
3153.0 2404.0 20.0 10.0
4577.0 3280.0 20.0 10.0
2805.0 2950.0 20.0 10.0
208.0 259.0 20.0 10.0
219.0 263.0 20.0 10.0
3643.0 3488.0 20.0 10.0
3655.0 3481.0 20.0 10.0
5961.0 5615.0 20.0 10.0
4570.0 3342.0 20.0 10.0
2971.0 2639.0 20.0 10.0
413.0 183.0 20.0 10.0
3522.0 4035.0 20.0 10.0
2934.0 2870.0 20.0 10.0
713.0 562.0 20.0 10.0
4641.0 3312.0 20.0 10.0
2258.0 2125.0 20.0 10.0
4269.0 3406.0 20.0 10.0
3168.0 2466.0 20.0 10.0
5770.0 5450.0 20.0 10.0
5569.0 5116.0 20.0 10.0
458.0 349.0 20.0 10.0
4845.0 4278.0 20.0 10.0
2697.0 3162.0 20.0 10.0
3053.0 2608.0 20.0 10.0
2146.0 1475.0 20.0 10.0
3706.0 3975.0 20.0 10.0
651.0 544.0 20.0 10.0
4656.0 3215.0 20.0 10.0
3716.0 4130.0 20.0 10.0
3666.0 4296.0 20.0 10.0
2437.0 2602.0 20.0 10.0
2939.0 2785.0 20.0 10.0
4572.0 3299.0 20.0 10.0
4548.0 3293.0 20.0 10.0
2398.0 2051.0 20.0 10.0
2404.0 2079.0 20.0 10.0
2934.0 2880.0 20.0 10.0
4762.0 4306.0 20.0 10.0
5755.0 5349.0 20.0 10.0
4879.0 4294.0 20.0 10.0
5766.0 5446.0 20.0 10.0
5756.0 5426.0 20.0 10.0
2381.0 2150.0 20.0 10.0
3611.0 3180.0 20.0 10.0
3619.0 3201.0 20.0 10.0
5926.0 5575.0 20.0 10.0
25.0 170.0 20.0 10.0
3595.0 3163.0 20.0 10.0
3807.0 3348.0 20.0 10.0
4439.0 3908.0 20.0 10.0
79.0 151.0 20.0 10.0
2166.0 1723.0 20.0 10.0
2148.0 1714.0 20.0 10.0
427.0 201.0 20.0 10.0
445.0 234.0 20.0 10.0
3699.0 3787.0 20.0 10.0
2136.0 1342.0 20.0 10.0
829.0 528.0 20.0 10.0
2883.0 2836.0 20.0 10.0
212.0 53.0 20.0 10.0
5736.0 5397.0 20.0 10.0
399.0 183.0 20.0 10.0
4175.0 3681.0 20.0 10.0
835.0 528.0 20.0 10.0
845.0 557.0 20.0 10.0
5729.0 5294.0 20.0 10.0
4403.0 3923.0 20.0 10.0
5977.0 5600.0 20.0 10.0
281.0 299.0 20.0 10.0
2715.0 3114.0 20.0 10.0
2948.0 2647.0 20.0 10.0
3679.0 3984.0 20.0 10.0
3587.0 4137.0 20.0 10.0
929.0 774.0 20.0 10.0
196.0 25.0 20.0 10.0
2330.0 2652.0 20.0 10.0
1195.0 973.0 20.0 10.0
836.0 646.0 20.0 10.0
3699.0 3497.0 20.0 10.0
1988.0 1846.0 20.0 10.0
2144.0 1419.0 20.0 10.0
4585.0 3227.0 20.0 10.0
4113.0 3460.0 20.0 10.0
37.0 143.0 20.0 10.0
56.0 162.0 20.0 10.0
738.0 534.0 20.0 10.0
818.0 507.0 20.0 10.0
3736.0 3477.0 20.0 10.0
367.0 342.0 20.0 10.0
523.0 425.0 20.0 10.0
265.0 109.0 20.0 10.0
2627.0 3217.0 20.0 10.0
1601.0 1370.0 20.0 10.0
792.0 611.0 20.0 10.0
2147.0 2150.0 20.0 10.0
2175.0 2151.0 20.0 10.0
3651.0 4096.0 20.0 10.0
298.0 306.0 20.0 10.0
322.0 318.0 20.0 10.0
1207.0 1001.0 20.0 10.0
291.0 136.0 20.0 10.0
318.0 168.0 20.0 10.0
345.0 203.0 20.0 10.0
378.0 242.0 20.0 10.0
2971.0 2630.0 20.0 10.0
5736.0 5389.0 20.0 10.0
5715.0 5361.0 20.0 10.0
5689.0 5319.0 20.0 10.0
132.0 217.0 20.0 10.0
4568.0 3246.0 20.0 10.0
5730.0 5387.0 20.0 10.0
4654.0 3243.0 20.0 10.0
2935.0 2856.0 20.0 10.0
5388.0 4884.0 20.0 10.0
3385.0 2913.0 20.0 10.0
3739.0 3424.0 20.0 10.0
5059.0 4616.0 20.0 10.0
5084.0 4606.0 20.0 10.0
2099.0 1149.0 20.0 10.0
2101.0 1170.0 20.0 10.0
1632.0 1412.0 20.0 10.0
2427.0 2670.0 20.0 10.0
2944.0 2834.0 20.0 10.0
2948.0 2806.0 20.0 10.0
2558.0 2554.0 20.0 10.0
2579.0 2567.0 20.0 10.0
2980.0 2697.0 20.0 10.0
6051.0 5462.0 20.0 10.0
3671.0 3480.0 20.0 10.0
3599.0 4122.0 20.0 10.0
2543.0 2546.0 20.0 10.0
6007.0 5425.0 20.0 10.0
2408.0 2687.0 20.0 10.0
464.0 255.0 20.0 10.0
469.0 267.0 20.0 10.0
3733.0 3681.0 20.0 10.0
3712.0 3668.0 20.0 10.0
4307.0 3815.0 20.0 10.0
873.0 665.0 20.0 10.0
3616.0 4036.0 20.0 10.0
3638.0 4037.0 20.0 10.0
3299.0 2952.0 20.0 10.0
3317.0 2971.0 20.0 10.0
4384.0 3894.0 20.0 10.0
5460.0 4937.0 20.0 10.0
2688.0 3057.0 20.0 10.0
2718.0 3055.0 20.0 10.0
5030.0 4371.0 20.0 10.0
5011.0 4363.0 20.0 10.0
847.0 724.0 20.0 10.0
854.0 712.0 20.0 10.0
4552.0 3265.0 20.0 10.0
2096.0 1013.0 20.0 10.0
4923.0 4304.0 20.0 10.0
4900.0 4300.0 20.0 10.0
4198.0 3438.0 20.0 10.0
4167.0 3439.0 20.0 10.0
652.0 538.0 20.0 10.0
2084.0 955.0 20.0 10.0
3659.0 4005.0 20.0 10.0
3245.0 2900.0 20.0 10.0
2326.0 2584.0 20.0 10.0
863.0 667.0 20.0 10.0
419.0 158.0 20.0 10.0
4759.0 4297.0 20.0 10.0
3735.0 3291.0 20.0 10.0
