1000
95.0 115.0 20.0 10.0
113.0 108.0 20.0 10.0
114.0 108.0 20.0 10.0
98.0 108.0 20.0 10.0
98.0 103.0 20.0 10.0
93.0 112.0 20.0 10.0
97.0 109.0 20.0 10.0
98.0 102.0 20.0 10.0
108.0 97.0 20.0 10.0
89.0 98.0 20.0 10.0
110.0 102.0 20.0 10.0
99.0 90.0 20.0 10.0
104.0 102.0 20.0 10.0
80.0 102.0 20.0 10.0
90.0 100.0 20.0 10.0
118.0 95.0 20.0 10.0
117.0 95.0 20.0 10.0
94.0 114.0 20.0 10.0
106.0 98.0 20.0 10.0
78.0 100.0 20.0 10.0
104.0 107.0 20.0 10.0
100.0 122.0 20.0 10.0
106.0 87.0 20.0 10.0
91.0 105.0 20.0 10.0
106.0 83.0 20.0 10.0
120.0 110.0 20.0 10.0
99.0 83.0 20.0 10.0
110.0 101.0 20.0 10.0
82.0 118.0 20.0 10.0
119.0 96.0 20.0 10.0
116.0 114.0 20.0 10.0
99.0 94.0 20.0 10.0
108.0 113.0 20.0 10.0
134.0 99.0 20.0 10.0
97.0 100.0 20.0 10.0
93.0 120.0 20.0 10.0
98.0 115.0 20.0 10.0
118.0 117.0 20.0 10.0
121.0 98.0 20.0 10.0
138.0 89.0 20.0 10.0
84.0 101.0 20.0 10.0
99.0 128.0 20.0 10.0
105.0 78.0 20.0 10.0
81.0 109.0 20.0 10.0
113.0 90.0 20.0 10.0
90.0 102.0 20.0 10.0
103.0 117.0 20.0 10.0
110.0 117.0 20.0 10.0
126.0 118.0 20.0 10.0
97.0 133.0 20.0 10.0
124.0 116.0 20.0 10.0
111.0 122.0 20.0 10.0
126.0 79.0 20.0 10.0
114.0 80.0 20.0 10.0
120.0 69.0 20.0 10.0
91.0 91.0 20.0 10.0
69.0 121.0 20.0 10.0
107.0 97.0 20.0 10.0
122.0 125.0 20.0 10.0
92.0 116.0 20.0 10.0
109.0 120.0 20.0 10.0
73.0 114.0 20.0 10.0
90.0 115.0 20.0 10.0
96.0 140.0 20.0 10.0
117.0999984741211 95.0 20.0 10.0
131.0 112.0 20.0 10.0
77.0 119.0 20.0 10.0
99.0 87.0 20.0 10.0
97.0 95.0 20.0 10.0
127.0 99.0 20.0 10.0
129.0 113.0 20.0 10.0
97.0 107.0 20.0 10.0
90.0 111.0 20.0 10.0
119.0 86.0 20.0 10.0
144.0 106.0 20.0 10.0
88.0 130.0 20.0 10.0
75.0 106.0 20.0 10.0
85.0 120.0 20.0 10.0
122.0 100.0 20.0 10.0
115.0 121.0 20.0 10.0
135.0 91.0 20.0 10.0
128.0 103.0 20.0 10.0
128.0 112.0 20.0 10.0
67.0 100.0 20.0 10.0
132.0 119.0 20.0 10.0
102.0 121.0 20.0 10.0
107.0 123.0 20.0 10.0
98.0 76.0 20.0 10.0
97.0 73.0 20.0 10.0
111.0 88.0 20.0 10.0
120.0 122.0 20.0 10.0
114.0 111.0 20.0 10.0
112.0 78.0 20.0 10.0
98.0 84.0 20.0 10.0
91.0 95.0 20.0 10.0
85.0 113.0 20.0 10.0
108.0 86.0 20.0 10.0
83.0 104.0 20.0 10.0
78.0 110.0 20.0 10.0
82.0 92.0 20.0 10.0
125.0 113.0 20.0 10.0
95.0 84.0 20.0 10.0
129.0 83.0 20.0 10.0
85.0 89.0 20.0 10.0
123.0 113.0 20.0 10.0
94.0 96.0 20.0 10.0
134.0 77.0 20.0 10.0
91.0 72.0 20.0 10.0
107.0 133.0 20.0 10.0
92.0 81.0 20.0 10.0
106.0 81.0 20.0 10.0
132.0 114.0 20.0 10.0
83.0 112.0 20.0 10.0
87.0 91.0 20.0 10.0
124.0 94.0 20.0 10.0
111.0 124.0 20.0 10.0
79.0 75.0 20.0 10.0
107.0 74.0 20.0 10.0
104.0 94.0 20.0 10.0
101.0 71.0 20.0 10.0
66.0 110.0 20.0 10.0
99.0 106.0 20.0 10.0
117.0 119.0 20.0 10.0
94.0 127.0 20.0 10.0
92.0 78.0 20.0 10.0
105.0 110.0 20.0 10.0
92.0 99.0 20.0 10.0
90.0 70.0 20.0 10.0
94.0 133.0 20.0 10.0
75.0 109.0 20.0 10.0
102.0 64.0 20.0 10.0
114.0 119.0 20.0 10.0
124.0 85.0 20.0 10.0
121.0 119.0 20.0 10.0
140.0 106.0 20.0 10.0
65.0 105.0 20.0 10.0
98.0 124.0 20.0 10.0
122.0 103.0 20.0 10.0
118.0 110.0 20.0 10.0
95.0 93.0 20.0 10.0
137.0 121.0 20.0 10.0
80.0 79.0 20.0 10.0
85.0 83.0 20.0 10.0
74.0 91.0 20.0 10.0
119.0 127.0 20.0 10.0
97.0 81.0 20.0 10.0
107.0 73.0 20.0 10.0
112.0 139.0 20.0 10.0
81.0 95.0 20.0 10.0
123.0 139.0 20.0 10.0
108.0 136.0 20.0 10.0
140.0 76.0 20.0 10.0
103.0 105.0 20.0 10.0
137.0 106.0 20.0 10.0
113.0 69.0 20.0 10.0
120.0 60.0 20.0 10.0
75.0 88.0 20.0 10.0
94.0 65.0 20.0 10.0
64.0 103.0 20.0 10.0
54.0 99.0 20.0 10.0
86.0 114.0 20.0 10.0
75.0 84.0 20.0 10.0
75.0 103.0 20.0 10.0
80.0 131.0 20.0 10.0
118.0 145.0 20.0 10.0
89.0 84.0 20.0 10.0
110.0 52.0 20.0 10.0
88.0 97.0 20.0 10.0
116.0 131.0 20.0 10.0
87.0 109.0 20.0 10.0
81.0 92.0 20.0 10.0
104.0 96.0 20.0 10.0
108.0 79.0 20.0 10.0
88.0 120.0 20.0 10.0
89.0 75.0 20.0 10.0
86.0 100.0 20.0 10.0
65.0 124.0 20.0 10.0
71.0 136.0 20.0 10.0
130.0 107.0 20.0 10.0
112.0 133.0 20.0 10.0
90.0 119.0 20.0 10.0
80.0 72.0 20.0 10.0
149.0 86.0 20.0 10.0
122.0 131.0 20.0 10.0
73.0 86.0 20.0 10.0
70.0 112.0 20.0 10.0
149.0 106.0 20.0 10.0
108.0 92.0 20.0 10.0
121.0 74.0 20.0 10.0
76.0 147.0 20.0 10.0
87.0 116.0 20.0 10.0
80.0 134.0 20.0 10.0
117.0 68.0 20.0 10.0
135.0 106.0 20.0 10.0
108.0 110.0 20.0 10.0
74.0 128.0 20.0 10.0
122.0 117.0 20.0 10.0
80.0 91.0 20.0 10.0
92.0 128.0 20.0 10.0
120.0 127.0 20.0 10.0
67.0 116.0 20.0 10.0
126.0 107.0 20.0 10.0
66.0 108.0 20.0 10.0
108.0 72.0 20.0 10.0
73.0 143.0 20.0 10.0
83.0 67.0 20.0 10.0
142.0 101.0 20.0 10.0
86.0 87.0 20.0 10.0
87.0 124.0 20.0 10.0
108.0 99.0 20.0 10.0
109.0 134.0 20.0 10.0
64.0 110.0 20.0 10.0
96.0 119.0 20.0 10.0
92.0 111.0 20.0 10.0
83.0 76.0 20.0 10.0
64.0 97.0 20.0 10.0
111.0 61.0 20.0 10.0
77.0 59.0 20.0 10.0
98.0 140.0 20.0 10.0
74.0 120.0 20.0 10.0
80.0 115.0 20.0 10.0
149.0 83.0 20.0 10.0
93.0 87.0 20.0 10.0
69.0 110.0 20.0 10.0
104.0 142.0 20.0 10.0
109.0 82.0 20.0 10.0
91.0 83.0 20.0 10.0
106.0 143.0 20.0 10.0
70.0 88.0 20.0 10.0
114.0 103.0 20.0 10.0
125.0 140.0 20.0 10.0
119.0 108.0 20.0 10.0
102.0 102.0 20.0 10.0
124.0 91.0 20.0 10.0
87.0 135.0 20.0 10.0
74.0 104.0 20.0 10.0
101.0 136.0 20.0 10.0
128.0 127.0 20.0 10.0
87.0 138.0 20.0 10.0
75.0 98.0 20.0 10.0
73.0 106.0 20.0 10.0
63.0 80.0 20.0 10.0
93.0 123.0 20.0 10.0
121.0 71.0 20.0 10.0
71.0 102.0 20.0 10.0
127.0 108.0 20.0 10.0
82.0 142.0 20.0 10.0
84.0 61.0 20.0 10.0
78.0 95.0 20.0 10.0
104.0 66.0 20.0 10.0
69.0 126.0 20.0 10.0
105.0 90.0 20.0 10.0
115.0 116.0 20.0 10.0
135.0 112.0 20.0 10.0
127.0 114.0 20.0 10.0
66.0 91.0 20.0 10.0
84.0 107.0 20.0 10.0
100.0 125.0 20.0 10.0
100.0 159.0 20.0 10.0
77.0 93.0 20.0 10.0
91.0 56.0 20.0 10.0
95.0 62.0 20.0 10.0
95.0 109.0 20.0 10.0
91.0 86.0 20.0 10.0
116.0 76.0 20.0 10.0
144.0 67.0 20.0 10.0
124.0 96.0 20.0 10.0
82.0 127.0 20.0 10.0
92.0 61.0 20.0 10.0
68.0 83.0 20.0 10.0
131.0 92.0 20.0 10.0
77.0 76.0 20.0 10.0
66.0 74.0 20.0 10.0
85.0 139.0 20.0 10.0
84.0 84.0 20.0 10.0
115.0 82.0 20.0 10.0
92.0 136.0 20.0 10.0
114.0 137.0 20.0 10.0
90.0 77.0 20.0 10.0
123.0 118.0 20.0 10.0
117.0 115.0 20.0 10.0
107.0 132.0 20.0 10.0
142.0 116.0 20.0 10.0
97.0 129.0 20.0 10.0
131.0 95.0 20.0 10.0
64.0 94.0 20.0 10.0
93.0 94.0 20.0 10.0
68.0 102.0 20.0 10.0
71.0 82.0 20.0 10.0
93.0 119.0 20.0 10.0
131.0 126.0 20.0 10.0
54.0 110.0 20.0 10.0
137.0 75.0 20.0 10.0
159.0 122.0 20.0 10.0
112.0 94.0 20.0 10.0
71.0 113.0 20.0 10.0
131.0 105.0 20.0 10.0
116.0 93.0 20.0 10.0
81.0 106.0 20.0 10.0
114.0 145.0 20.0 10.0
99.0 100.0 20.0 10.0
127.0 125.0 20.0 10.0
77.0 134.0 20.0 10.0
106.0 95.0 20.0 10.0
109.0 92.0 20.0 10.0
95.0 108.0 20.0 10.0
55.0 140.0 20.0 10.0
82.0 78.0 20.0 10.0
138.0 100.0 20.0 10.0
45.0 104.0 20.0 10.0
65.0 119.0 20.0 10.0
90.0 91.0 20.0 10.0
72.0 91.0 20.0 10.0
141.0 81.0 20.0 10.0
124.0 135.0 20.0 10.0
107.0 89.0 20.0 10.0
120.0 141.0 20.0 10.0
133.0 87.0 20.0 10.0
97.0 54.0 20.0 10.0
124.0 88.0 20.0 10.0
73.0 98.0 20.0 10.0
112.0 107.0 20.0 10.0
45.0 88.0 20.0 10.0
46.0 90.0 20.0 10.0
132.0 84.0 20.0 10.0
96.0 69.0 20.0 10.0
96.0 93.0 20.0 10.0
124.0 114.0 20.0 10.0
82.0 88.0 20.0 10.0
109.0 149.0 20.0 10.0
100.0 128.0 20.0 10.0
111.0 79.0 20.0 10.0
106.0 69.0 20.0 10.0
66.0 135.0 20.0 10.0
83.0 64.0 20.0 10.0
118.0 60.0 20.0 10.0
88.0 126.0 20.0 10.0
91.0 47.0 20.0 10.0
100.0 114.0 20.0 10.0
121.0 136.0 20.0 10.0
137.0 79.0 20.0 10.0
126.0 84.0 20.0 10.0
124.0 105.0 20.0 10.0
125.0 60.0 20.0 10.0
92.0 145.0 20.0 10.0
142.0 124.0 20.0 10.0
92.0 74.0 20.0 10.0
105.0 131.0 20.0 10.0
86.0 77.0 20.0 10.0
63.0 129.0 20.0 10.0
69.0 48.0 20.0 10.0
130.0 123.0 20.0 10.0
114.0 127.0 20.0 10.0
157.0 96.0 20.0 10.0
140.0 142.0 20.0 10.0
132.0 79.0 20.0 10.0
131.0 65.0 20.0 10.0
63.0 106.0 20.0 10.0
66.0 65.0 20.0 10.0
96.0 64.0 20.0 10.0
58.0 83.0 20.0 10.0
98.0 59.0 20.0 10.0
157.0 108.0 20.0 10.0
112.0 136.0 20.0 10.0
78.0 112.0 20.0 10.0
147.0 137.0 20.0 10.0
124.0 67.0 20.0 10.0
71.0 58.0 20.0 10.0
104.0 72.0 20.0 10.0
107.0 125.0 20.0 10.0
136.0 146.0 20.0 10.0
136.0 71.0 20.0 10.0
118.0 140.0 20.0 10.0
140.0 73.0 20.0 10.0
85.0 142.0 20.0 10.0
118.0 81.0 20.0 10.0
148.0 121.0 20.0 10.0
95.0 73.0 20.0 10.0
59.0 91.0 20.0 10.0
144.0 103.0 20.0 10.0
87.0 70.0 20.0 10.0
133.0 127.0 20.0 10.0
125.0 57.0 20.0 10.0
110.0 72.0 20.0 10.0
82.0 101.0 20.0 10.0
132.0 136.0 20.0 10.0
128.0 139.0 20.0 10.0
108.0 59.0 20.0 10.0
154.0 74.0 20.0 10.0
132.0 75.0 20.0 10.0
76.0 107.0 20.0 10.0
47.0 95.0 20.0 10.0
87.0 89.0 20.0 10.0
58.0 90.0 20.0 10.0
78.0 127.0 20.0 10.0
76.0 110.0 20.0 10.0
101.0 148.0 20.0 10.0
117.0 101.0 20.0 10.0
134.0 94.0 20.0 10.0
58.0 135.0 20.0 10.0
128.0 134.0 20.0 10.0
92.0 58.0 20.0 10.0
80.0 148.0 20.0 10.0
80.0 121.0 20.0 10.0
58.0 110.0 20.0 10.0
148.0 107.0 20.0 10.0
126.0 133.0 20.0 10.0
124.0 80.0 20.0 10.0
63.0 59.0 20.0 10.0
91.0 69.0 20.0 10.0
62.0 72.0 20.0 10.0
131.0 88.0 20.0 10.0
112.0 83.0 20.0 10.0
86.0 63.0 20.0 10.0
119.0 83.0 20.0 10.0
67.0 129.0 20.0 10.0
104.0 59.0 20.0 10.0
142.0 86.0 20.0 10.0
102.0 50.0 20.0 10.0
107.0 53.0 20.0 10.0
83.0 138.0 20.0 10.0
158.0 116.0 20.0 10.0
112.0 75.0 20.0 10.0
100.0 64.0 20.0 10.0
131.0 100.0 20.0 10.0
152.0 100.0 20.0 10.0
114.0 70.0 20.0 10.0
120.0 131.0 20.0 10.0
103.0 112.0 20.0 10.0
124.0 77.0 20.0 10.0
76.0 117.0 20.0 10.0
112.0 160.0 20.0 10.0
138.0 93.0 20.0 10.0
134.0 145.0 20.0 10.0
134.0 72.0 20.0 10.0
99.0 54.0 20.0 10.0
140.0 111.0 20.0 10.0
104.0 92.0 20.0 10.0
109.0 126.0 20.0 10.0
155.0 63.0 20.0 10.0
129.0 131.0 20.0 10.0
96.0 60.0 20.0 10.0
95.0 142.0 20.0 10.0
55.0 95.0 20.0 10.0
34.0 93.0 20.0 10.0
60.0 112.0 20.0 10.0
120.0 47.0 20.0 10.0
102.0 131.0 20.0 10.0
101.0 75.0 20.0 10.0
126.0 122.0 20.0 10.0
52.0 125.0 20.0 10.0
88.0 45.0 20.0 10.0
46.0 83.0 20.0 10.0
117.0 105.0 20.0 10.0
84.0 72.0 20.0 10.0
84.0 140.0 20.0 10.0
115.0 157.0 20.0 10.0
127.0 141.0 20.0 10.0
90.0 142.0 20.0 10.0
66.0 83.0 20.0 10.0
62.0 100.0 20.0 10.0
107.0 67.0 20.0 10.0
106.0 137.0 20.0 10.0
116.0 155.0 20.0 10.0
156.0 131.0 20.0 10.0
138.0 145.0 20.0 10.0
132.0 50.0 20.0 10.0
77.0 139.0 20.0 10.0
75.0 113.0 20.0 10.0
146.0 134.0 20.0 10.0
126.0 66.0 20.0 10.0
133.0 139.0 20.0 10.0
53.0 128.0 20.0 10.0
144.0 92.0 20.0 10.0
93.0 74.0 20.0 10.0
82.0 131.0 20.0 10.0
62.0 83.0 20.0 10.0
133.0 53.0 20.0 10.0
89.0 145.0 20.0 10.0
130.0 81.0 20.0 10.0
113.0 59.0 20.0 10.0
166.0 97.0 20.0 10.0
119.0 64.0 20.0 10.0
95.0 86.0 20.0 10.0
61.0 120.0 20.0 10.0
112.0 154.0 20.0 10.0
102.0 133.0 20.0 10.0
137.0 139.0 20.0 10.0
146.0 105.0 20.0 10.0
71.0 121.0 20.0 10.0
95.0 155.0 20.0 10.0
59.0 80.0 20.0 10.0
103.0 46.0 20.0 10.0
130.0 142.0 20.0 10.0
92.0 55.0 20.0 10.0
71.0 116.0 20.0 10.0
110.0 165.0 20.0 10.0
130.0 115.0 20.0 10.0
79.0 104.0 20.0 10.0
127.0 81.0 20.0 10.0
82.0 156.0 20.0 10.0
136.0 83.0 20.0 10.0
100.0 68.0 20.0 10.0
80.0 128.0 20.0 10.0
119.0 124.0 20.0 10.0
115.0 51.0 20.0 10.0
139.0 104.0 20.0 10.0
123.0 69.0 20.0 10.0
46.0 107.0 20.0 10.0
77.0 82.0 20.0 10.0
156.0 140.0 20.0 10.0
71.0 106.0 20.0 10.0
127.0 95.0 20.0 10.0
73.0 54.0 20.0 10.0
59.0 118.0 20.0 10.0
110.0 64.0 20.0 10.0
119.0 121.0 20.0 10.0
111.0 46.0 20.0 10.0
125.0 123.0 20.0 10.0
86.0 67.0 20.0 10.0
105.0 154.0 20.0 10.0
126.0 102.0 20.0 10.0
86.0 135.0 20.0 10.0
67.0 113.0 20.0 10.0
104.0 113.0 20.0 10.0
116.0 74.0 20.0 10.0
102.0 60.0 20.0 10.0
153.0 124.0 20.0 10.0
123.0 130.0 20.0 10.0
33.0 123.0 20.0 10.0
78.0 124.0 20.0 10.0
70.0 97.0 20.0 10.0
98.0 138.0 20.0 10.0
55.0 137.0 20.0 10.0
140.0 79.0 20.0 10.0
118.0 77.0 20.0 10.0
87.0 68.0 20.0 10.0
102.0 138.0 20.0 10.0
106.0 155.0 20.0 10.0
47.0 100.0 20.0 10.0
51.0 107.0 20.0 10.0
72.0 140.0 20.0 10.0
53.0 145.0 20.0 10.0
131.0 42.0 20.0 10.0
129.0 145.0 20.0 10.0
96.0 37.0 20.0 10.0
130.0 60.0 20.0 10.0
136.0 134.0 20.0 10.0
152.0 135.0 20.0 10.0
135.0 130.0 20.0 10.0
57.0 79.0 20.0 10.0
140.0 139.0 20.0 10.0
97.0 144.0 20.0 10.0
102.0 143.0 20.0 10.0
141.0 134.0 20.0 10.0
130.0 109.0 20.0 10.0
101.0 79.0 20.0 10.0
92.0 123.0 20.0 10.0
99.0 80.0 20.0 10.0
82.0 134.0 20.0 10.0
49.0 98.0 20.0 10.0
163.0 111.0 20.0 10.0
82.0 122.0 20.0 10.0
60.0 131.0 20.0 10.0
109.0 143.0 20.0 10.0
132.0 160.0 20.0 10.0
153.0 96.0 20.0 10.0
65.0 55.0 20.0 10.0
113.0 122.0 20.0 10.0
135.0 100.0 20.0 10.0
54.0 86.0 20.0 10.0
116.0 60.0 20.0 10.0
162.0 113.0 20.0 10.0
152.0 117.0 20.0 10.0
104.0 51.0 20.0 10.0
67.0 69.0 20.0 10.0
60.0 137.0 20.0 10.0
70.0 78.0 20.0 10.0
93.0 103.0 20.0 10.0
77.0 114.0 20.0 10.0
116.0 66.0 20.0 10.0
50.0 124.0 20.0 10.0
76.0 78.0 20.0 10.0
131.0 77.0 20.0 10.0
107.0 60.0 20.0 10.0
43.0 113.0 20.0 10.0
119.0 25.0 20.0 10.0
115.0 64.0 20.0 10.0
145.0 80.0 20.0 10.0
128.0 37.0 20.0 10.0
146.0 147.0 20.0 10.0
71.0 75.0 20.0 10.0
78.0 63.0 20.0 10.0
76.0 131.0 20.0 10.0
114.0 133.0 20.0 10.0
62.0 113.0 20.0 10.0
39.0 80.0 20.0 10.0
46.0 129.0 20.0 10.0
121.0 138.0 20.0 10.0
103.0 125.0 20.0 10.0
76.0 63.0 20.0 10.0
105.0 141.0 20.0 10.0
77.0 142.0 20.0 10.0
92.0 150.0 20.0 10.0
150.0 69.0 20.0 10.0
62.0 116.0 20.0 10.0
144.0 113.0 20.0 10.0
98.0 68.0 20.0 10.0
149.0 130.0 20.0 10.0
96.0 126.0 20.0 10.0
78.0 73.0 20.0 10.0
134.0 67.0 20.0 10.0
127.0 89.0 20.0 10.0
134.0 117.0 20.0 10.0
94.0 68.0 20.0 10.0
151.0 82.0 20.0 10.0
144.0 99.0 20.0 10.0
99.0 141.0 20.0 10.0
56.0 102.0 20.0 10.0
54.0 62.0 20.0 10.0
52.0 75.0 20.0 10.0
139.0 121.0 20.0 10.0
86.0 58.0 20.0 10.0
71.0 74.0 20.0 10.0
163.0 133.0 20.0 10.0
72.0 80.0 20.0 10.0
91.0 139.0 20.0 10.0
116.0 160.0 20.0 10.0
44.0 116.0 20.0 10.0
100.0 117.0 20.0 10.0
64.0 66.0 20.0 10.0
142.0 131.0 20.0 10.0
116.0 100.0 20.0 10.0
111.0 69.0 20.0 10.0
152.0 79.0 20.0 10.0
58.0 86.0 20.0 10.0
77.0 50.0 20.0 10.0
69.0 141.0 20.0 10.0
161.0 99.0 20.0 10.0
68.0 55.0 20.0 10.0
108.0 146.0 20.0 10.0
70.0 153.0 20.0 10.0
144.0 133.0 20.0 10.0
128.0 157.0 20.0 10.0
73.0 149.0 20.0 10.0
85.0 38.0 20.0 10.0
105.0 71.0 20.0 10.0
171.0 93.0 20.0 10.0
143.0 57.0 20.0 10.0
114.0 140.0 20.0 10.0
82.0 56.0 20.0 10.0
155.0 107.0 20.0 10.0
79.0 59.0 20.0 10.0
139.0 115.0 20.0 10.0
69.0 143.0 20.0 10.0
74.0 101.0 20.0 10.0
135.0 128.0 20.0 10.0
160.0 80.0 20.0 10.0
65.0 79.0 20.0 10.0
147.0 81.0 20.0 10.0
126.0 49.0 20.0 10.0
68.0 122.0 20.0 10.0
139.0 126.0 20.0 10.0
74.0 47.0 20.0 10.0
134.0 95.0 20.0 10.0
104.0 147.0 20.0 10.0
118.0 100.0 20.0 10.0
148.0 101.0 20.0 10.0
172.0 100.0 20.0 10.0
153.0 89.0 20.0 10.0
155.0 57.0 20.0 10.0
147.0 76.0 20.0 10.0
145.0 88.0 20.0 10.0
105.0 135.0 20.0 10.0
78.0 86.0 20.0 10.0
140.0 148.0 20.0 10.0
55.0 87.0 20.0 10.0
70.0 66.0 20.0 10.0
96.0 148.0 20.0 10.0
62.0 124.0 20.0 10.0
129.0 63.0 20.0 10.0
81.0 49.0 20.0 10.0
141.0 96.0 20.0 10.0
140.0 128.0 20.0 10.0
143.0 69.0 20.0 10.0
151.0 112.0 20.0 10.0
63.0 135.0 20.0 10.0
146.0 129.0 20.0 10.0
128.0 86.0 20.0 10.0
160.0 120.0 20.0 10.0
74.0 123.0 20.0 10.0
70.0 124.0 20.0 10.0
155.0 78.0 20.0 10.0
68.0 166.0 20.0 10.0
112.0 149.0 20.0 10.0
55.0 46.0 20.0 10.0
118.0 160.0 20.0 10.0
75.0 128.0 20.0 10.0
50.0 114.0 20.0 10.0
95.0 77.0 20.0 10.0
81.0 60.0 20.0 10.0
150.0 98.0 20.0 10.0
61.0 138.0 20.0 10.0
52.0 115.0 20.0 10.0
139.0 137.0 20.0 10.0
64.0 91.0 20.0 10.0
48.0 67.0 20.0 10.0
144.0 96.0 20.0 10.0
76.0 70.0 20.0 10.0
146.0 63.0 20.0 10.0
90.0 148.0 20.0 10.0
71.0 94.0 20.0 10.0
62.0 92.0 20.0 10.0
156.0 99.0 20.0 10.0
116.0 63.0 20.0 10.0
72.0 108.0 20.0 10.0
69.0 74.0 20.0 10.0
148.0 117.0 20.0 10.0
120.0 129.0 20.0 10.0
126.0 93.0 20.0 10.0
128.0 90.0 20.0 10.0
122.0 50.0 20.0 10.0
138.0 86.0 20.0 10.0
83.0 40.0 20.0 10.0
71.0 129.0 20.0 10.0
59.0 106.0 20.0 10.0
67.0 125.0 20.0 10.0
136.0 97.0 20.0 10.0
119.0 154.0 20.0 10.0
73.0 75.0 20.0 10.0
89.0 134.0 20.0 10.0
151.0 147.0 20.0 10.0
108.0 139.0 20.0 10.0
141.0 109.0 20.0 10.0
87.0 142.0 20.0 10.0
136.0 66.0 20.0 10.0
123.0 82.0 20.0 10.0
129.0 71.0 20.0 10.0
75.0 133.0 20.0 10.0
67.0 88.0 20.0 10.0
89.0 48.0 20.0 10.0
60.0 70.0 20.0 10.0
103.0 55.0 20.0 10.0
111.0 142.0 20.0 10.0
128.0 60.0 20.0 10.0
107.0 106.0 20.0 10.0
91.0 174.0 20.0 10.0
59.0 99.0 20.0 10.0
159.0 107.0 20.0 10.0
146.0 101.0 20.0 10.0
59.0 87.0 20.0 10.0
87.0 81.0 20.0 10.0
49.0 90.0 20.0 10.0
67.0 71.0 20.0 10.0
118.0 52.0 20.0 10.0
118.0 101.0 20.0 10.0
137.0 109.0 20.0 10.0
103.0 64.0 20.0 10.0
71.0 86.0 20.0 10.0
52.0 93.0 20.0 10.0
152.0 120.0 20.0 10.0
107.0 167.0 20.0 10.0
139.0 61.0 20.0 10.0
49.0 92.0 20.0 10.0
87.0 163.0 20.0 10.0
109.0 67.0 20.0 10.0
61.0 77.0 20.0 10.0
76.0 68.0 20.0 10.0
80.0 47.0 20.0 10.0
71.0 132.0 20.0 10.0
161.0 106.0 20.0 10.0
147.0 86.0 20.0 10.0
123.0 149.0 20.0 10.0
151.0 128.0 20.0 10.0
61.0 76.0 20.0 10.0
107.0 164.0 20.0 10.0
52.0 49.0 20.0 10.0
122.0 62.0 20.0 10.0
141.0 112.0 20.0 10.0
135.0 123.0 20.0 10.0
144.0 73.0 20.0 10.0
117.0 143.0 20.0 10.0
149.0 109.0 20.0 10.0
87.0 61.0 20.0 10.0
128.0 147.0 20.0 10.0
65.0 138.0 20.0 10.0
111.0 59.0 20.0 10.0
88.0 53.0 20.0 10.0
163.0 120.0 20.0 10.0
158.0 76.0 20.0 10.0
62.0 132.0 20.0 10.0
147.0 84.0 20.0 10.0
113.0 47.0 20.0 10.0
63.0 66.0 20.0 10.0
87.0 33.0 20.0 10.0
90.0 51.0 20.0 10.0
53.0 132.0 20.0 10.0
79.0 53.0 20.0 10.0
60.0 81.0 20.0 10.0
73.0 93.0 20.0 10.0
98.0 71.0 20.0 10.0
74.0 39.0 20.0 10.0
51.0 121.0 20.0 10.0
32.0 69.0 20.0 10.0
50.0 96.0 20.0 10.0
67.0 78.0 20.0 10.0
82.0 144.0 20.0 10.0
117.0 137.0 20.0 10.0
136.0 161.0 20.0 10.0
131.0 145.0 20.0 10.0
68.0 158.0 20.0 10.0
99.0 136.0 20.0 10.0
162.0 87.0 20.0 10.0
111.0 129.0 20.0 10.0
129.0 74.0 20.0 10.0
47.0 119.0 20.0 10.0
166.0 100.0 20.0 10.0
97.0 160.0 20.0 10.0
161.0 103.0 20.0 10.0
107.0 41.0 20.0 10.0
133.0 58.0 20.0 10.0
62.0 65.0 20.0 10.0
150.0 125.0 20.0 10.0
54.0 82.0 20.0 10.0
111.0 151.0 20.0 10.0
135.0 132.0 20.0 10.0
164.0 130.0 20.0 10.0
151.0 92.0 20.0 10.0
128.0 146.0 20.0 10.0
70.0 43.0 20.0 10.0
145.0 137.0 20.0 10.0
120.0 146.0 20.0 10.0
125.0 148.0 20.0 10.0
40.0 117.0 20.0 10.0
128.0 73.0 20.0 10.0
145.0 116.0 20.0 10.0
101.0 45.0 20.0 10.0
128.0 142.0 20.0 10.0
50.0 117.0 20.0 10.0
149.0 74.0 20.0 10.0
72.0 71.0 20.0 10.0
127.0 69.0 20.0 10.0
137.0 58.0 20.0 10.0
88.0 150.0 20.0 10.0
144.0 60.0 20.0 10.0
49.0 141.0 20.0 10.0
94.0 148.0 20.0 10.0
100.0 39.0 20.0 10.0
114.0 37.0 20.0 10.0
117.0 133.0 20.0 10.0
54.0 92.0 20.0 10.0
94.0 143.0 20.0 10.0
38.0 103.0 20.0 10.0
133.0 123.0 20.0 10.0
82.0 107.0 20.0 10.0
142.0 157.0 20.0 10.0
56.0 131.0 20.0 10.0
97.0 48.0 20.0 10.0
76.0 137.0 20.0 10.0
107.0 47.0 20.0 10.0
124.0 72.0 20.0 10.0
123.0 58.0 20.0 10.0
54.0 120.0 20.0 10.0
142.0 89.0 20.0 10.0
30.0 104.0 20.0 10.0
76.0 150.0 20.0 10.0
136.0 88.0 20.0 10.0
54.0 113.0 20.0 10.0
117.0 149.0 20.0 10.0
107.0 159.0 20.0 10.0
148.0 72.0 20.0 10.0
140.0 67.0 20.0 10.0
48.0 110.0 20.0 10.0
46.0 77.0 20.0 10.0
156.0 92.0 20.0 10.0
118.0 57.0 20.0 10.0
115.0 54.0 20.0 10.0
60.0 172.0 20.0 10.0
115.0 88.0 20.0 10.0
139.0 98.0 20.0 10.0
146.0 126.0 20.0 10.0
132.0 133.0 20.0 10.0
130.0 135.0 20.0 10.0
91.0 30.0 20.0 10.0
138.0 63.0 20.0 10.0
79.0 98.0 20.0 10.0
90.0 63.0 20.0 10.0
77.0 163.0 20.0 10.0
56.0 104.0 20.0 10.0
43.0 60.0 20.0 10.0
120.0 158.0 20.0 10.0
80.0 123.0 20.0 10.0
132.0 101.0 20.0 10.0
80.0 138.0 20.0 10.0
129.0 92.0 20.0 10.0
108.0 63.0 20.0 10.0
65.0 116.0 20.0 10.0
102.0 100.0 20.0 10.0
145.0 150.0 20.0 10.0
115.0 161.0 20.0 10.0
43.0 81.0 20.0 10.0
160.0 115.0 20.0 10.0
73.0 62.0 20.0 10.0
139.0 131.0 20.0 10.0
77.0 71.0 20.0 10.0
125.0 51.0 20.0 10.0
92.0 138.0 20.0 10.0
94.0 71.0 20.0 10.0
147.0 93.0 20.0 10.0
95.0 52.0 20.0 10.0
59.0 95.0 20.0 10.0
153.0 93.0 20.0 10.0
64.0 143.0 20.0 10.0
43.0 105.0 20.0 10.0
51.0 78.0 20.0 10.0
127.0 76.0 20.0 10.0
152.0 87.0 20.0 10.0
177.0 87.0 20.0 10.0
93.0 63.0 20.0 10.0
140.0 118.0 20.0 10.0
113.0 126.0 20.0 10.0
156.0 70.0 20.0 10.0
122.0 41.0 20.0 10.0
136.0 154.0 20.0 10.0
85.0 43.0 20.0 10.0
73.0 66.0 20.0 10.0
168.0 83.0 20.0 10.0
47.0 108.0 20.0 10.0
145.0 141.0 20.0 10.0
105.0 25.0 20.0 10.0
104.0 160.0 20.0 10.0
121.0 87.0 20.0 10.0
113.0 61.0 20.0 10.0
56.0 129.0 20.0 10.0
107.0 45.0 20.0 10.0
167.0 90.0 20.0 10.0
49.0 109.0 20.0 10.0
53.0 103.0 20.0 10.0
148.0 61.0 20.0 10.0
68.0 132.0 20.0 10.0
91.0 154.0 20.0 10.0
90.0 157.0 20.0 10.0
54.0 73.0 20.0 10.0
86.0 128.0 20.0 10.0
52.0 82.0 20.0 10.0
160.0 90.0 20.0 10.0
156.0 113.0 20.0 10.0
157.0 101.0 20.0 10.0
147.0 95.0 20.0 10.0
25.0 104.0 20.0 10.0
130.0 164.0 20.0 10.0
174.0 69.0 20.0 10.0
63.0 73.0 20.0 10.0
166.0 75.0 20.0 10.0
121.0 152.0 20.0 10.0
67.0 119.0 20.0 10.0
81.0 69.0 20.0 10.0
80.0 82.0 20.0 10.0
129.0 68.0 20.0 10.0
171.0 114.0 20.0 10.0
51.0 85.0 20.0 10.0
59.0 53.0 20.0 10.0
29.0 100.0 20.0 10.0
131.0 139.0 20.0 10.0
77.0 56.0 20.0 10.0
127.0 153.0 20.0 10.0
127.0 162.0 20.0 10.0
70.0 70.0 20.0 10.0
142.0 151.0 20.0 10.0
116.0 147.0 20.0 10.0
101.0 47.0 20.0 10.0
86.0 174.0 20.0 10.0
69.0 86.0 20.0 10.0
143.0 125.0 20.0 10.0
155.0 110.0 20.0 10.0
115.0 40.0 20.0 10.0
103.0 151.0 20.0 10.0
109.0 176.0 20.0 10.0
79.0 119.0 20.0 10.0
80.0 155.0 20.0 10.0
145.0 127.0 20.0 10.0
95.0 138.0 20.0 10.0
98.0 173.0 20.0 10.0
65.0 156.0 20.0 10.0
33.0 107.0 20.0 10.0
36.0 116.0 20.0 10.0
64.0 159.0 20.0 10.0
107.0 151.0 20.0 10.0
74.0 81.0 20.0 10.0
142.0 79.0 20.0 10.0
145.0 108.0 20.0 10.0
101.0 157.0 20.0 10.0
86.0 153.0 20.0 10.0
170.0 67.0 20.0 10.0
55.0 107.0 20.0 10.0
71.0 145.0 20.0 10.0
94.0 158.0 20.0 10.0
33.0 140.0 20.0 10.0
66.0 96.0 20.0 10.0
59.0 126.0 20.0 10.0
