1000
87.0 90.0 20.0 10.0
91.0 87.0 20.0 10.0
79.0 88.0 20.0 10.0
89.0 92.0 20.0 10.0
84.0 90.0 20.0 10.0
87.0 84.0 20.0 10.0
92.0 79.0 20.0 10.0
85.0 87.0 20.0 10.0
80.0 91.0 20.0 10.0
87.0 100.0 20.0 10.0
79.0 100.0 20.0 10.0
82.0 87.0 20.0 10.0
84.0 101.0 20.0 10.0
90.0 94.0 20.0 10.0
69.0 99.0 20.0 10.0
68.0 97.0 20.0 10.0
76.0 90.0 20.0 10.0
91.0999984741211 87.0 20.0 10.0
82.0 94.0 20.0 10.0
92.0 77.0 20.0 10.0
84.0 94.0 20.0 10.0
82.0 84.0 20.0 10.0
81.0 97.0 20.0 10.0
98.0 98.0 20.0 10.0
81.0 92.0 20.0 10.0
95.0 89.0 20.0 10.0
78.0 103.0 20.0 10.0
85.0999984741211 87.0 20.0 10.0
87.0 103.0 20.0 10.0
82.0 79.0 20.0 10.0
103.0 77.0 20.0 10.0
86.0 95.0 20.0 10.0
76.0 92.0 20.0 10.0
110.0 104.0 20.0 10.0
103.0 84.0 20.0 10.0
105.0 105.0 20.0 10.0
80.0 97.0 20.0 10.0
93.0 101.0 20.0 10.0
92.0 109.0 20.0 10.0
91.0 89.0 20.0 10.0
84.0 72.0 20.0 10.0
103.0 82.0 20.0 10.0
72.0 85.0 20.0 10.0
92.0 88.0 20.0 10.0
87.0 78.0 20.0 10.0
72.0 88.0 20.0 10.0
98.0 102.0 20.0 10.0
87.0 82.0 20.0 10.0
84.0 81.0 20.0 10.0
87.0 64.0 20.0 10.0
99.0 92.0 20.0 10.0
87.0 87.0 20.0 10.0
85.0 97.0 20.0 10.0
58.0 80.0 20.0 10.0
71.0 99.0 20.0 10.0
98.0 101.0 20.0 10.0
96.0 90.0 20.0 10.0
88.0 94.0 20.0 10.0
93.0 86.0 20.0 10.0
68.0 84.0 20.0 10.0
86.0 113.0 20.0 10.0
84.0 86.0 20.0 10.0
96.0 98.0 20.0 10.0
63.0 107.0 20.0 10.0
86.0 91.0 20.0 10.0
89.0 117.0 20.0 10.0
94.0 96.0 20.0 10.0
67.0 78.0 20.0 10.0
89.0 105.0 20.0 10.0
70.0 81.0 20.0 10.0
93.0999984741211 101.0 20.0 10.0
62.0 91.0 20.0 10.0
92.0 74.0 20.0 10.0
109.0 102.0 20.0 10.0
89.0 71.0 20.0 10.0
66.0 103.0 20.0 10.0
100.0 104.0 20.0 10.0
91.0 82.0 20.0 10.0
89.0 108.0 20.0 10.0
110.0 93.0 20.0 10.0
80.0 79.0 20.0 10.0
86.0 56.0 20.0 10.0
75.0 106.0 20.0 10.0
88.0 86.0 20.0 10.0
80.0 84.0 20.0 10.0
70.0 92.0 20.0 10.0
76.0 72.0 20.0 10.0
102.0 77.0 20.0 10.0
62.0 112.0 20.0 10.0
76.0 112.0 20.0 10.0
64.0 94.0 20.0 10.0
79.0 93.0 20.0 10.0
94.0 94.0 20.0 10.0
93.0 84.0 20.0 10.0
115.0 99.0 20.0 10.0
79.0 101.0 20.0 10.0
92.0 67.0 20.0 10.0
89.0 99.0 20.0 10.0
89.0 89.0 20.0 10.0
99.0 80.0 20.0 10.0
82.0 119.0 20.0 10.0
101.0 102.0 20.0 10.0
75.0 123.0 20.0 10.0
99.0 83.0 20.0 10.0
100.0 73.0 20.0 10.0
83.0 99.0 20.0 10.0
75.0 77.0 20.0 10.0
76.0 102.0 20.0 10.0
109.0 111.0 20.0 10.0
89.0 119.0 20.0 10.0
83.0 85.0 20.0 10.0
104.0 85.0 20.0 10.0
93.0 120.0 20.0 10.0
77.0 65.0 20.0 10.0
105.0 119.0 20.0 10.0
95.0 84.0 20.0 10.0
69.0 83.0 20.0 10.0
87.0 97.0 20.0 10.0
96.0 70.0 20.0 10.0
83.0 102.0 20.0 10.0
54.0 90.0 20.0 10.0
55.0 78.0 20.0 10.0
94.0 111.0 20.0 10.0
89.0 81.0 20.0 10.0
115.0 79.0 20.0 10.0
102.0 90.0 20.0 10.0
72.0 115.0 20.0 10.0
93.0 81.0 20.0 10.0
51.0 86.0 20.0 10.0
64.0 118.0 20.0 10.0
74.0 53.0 20.0 10.0
112.0 115.0 20.0 10.0
58.0 95.0 20.0 10.0
72.0 112.0 20.0 10.0
78.0 105.0 20.0 10.0
89.0 79.0 20.0 10.0
65.0 95.0 20.0 10.0
66.0 92.0 20.0 10.0
109.0 100.0 20.0 10.0
109.0 98.0 20.0 10.0
102.0 68.0 20.0 10.0
108.0 87.0 20.0 10.0
68.0 106.0 20.0 10.0
112.0 111.0 20.0 10.0
89.0 111.0 20.0 10.0
86.0 60.0 20.0 10.0
71.0 85.0 20.0 10.0
101.0 86.0 20.0 10.0
108.0 76.0 20.0 10.0
56.0 94.0 20.0 10.0
86.0 110.0 20.0 10.0
118.0 96.0 20.0 10.0
97.0 77.0 20.0 10.0
61.0 61.0 20.0 10.0
70.0 97.0 20.0 10.0
55.0 72.0 20.0 10.0
98.0 103.0 20.0 10.0
104.0 93.0 20.0 10.0
85.0 116.0 20.0 10.0
72.0 68.0 20.0 10.0
101.0 93.0 20.0 10.0
74.0 100.0 20.0 10.0
92.0 113.0 20.0 10.0
105.0 99.0 20.0 10.0
63.0 105.0 20.0 10.0
60.0 92.0 20.0 10.0
108.0 103.0 20.0 10.0
81.0 122.0 20.0 10.0
89.0 104.0 20.0 10.0
86.0 121.0 20.0 10.0
98.0 86.0 20.0 10.0
52.0 105.0 20.0 10.0
76.0 109.0 20.0 10.0
59.0 67.0 20.0 10.0
74.0 67.0 20.0 10.0
61.0 87.0 20.0 10.0
51.0 94.0 20.0 10.0
46.0 103.0 20.0 10.0
91.0 122.0 20.0 10.0
120.0 85.0 20.0 10.0
113.0 86.0 20.0 10.0
110.0 125.0 20.0 10.0
97.0 76.0 20.0 10.0
78.0 121.0 20.0 10.0
103.0 60.0 20.0 10.0
93.0 104.0 20.0 10.0
66.0 81.0 20.0 10.0
82.0 108.0 20.0 10.0
119.0 110.0 20.0 10.0
51.0 78.0 20.0 10.0
62.0 121.0 20.0 10.0
59.0 100.0 20.0 10.0
68.0 116.0 20.0 10.0
104.0 95.0 20.0 10.0
63.0 87.0 20.0 10.0
54.0 88.0 20.0 10.0
109.0 71.0 20.0 10.0
92.0 105.0 20.0 10.0
65.0 120.0 20.0 10.0
118.0 86.0 20.0 10.0
85.0 74.0 20.0 10.0
78.0 117.0 20.0 10.0
105.0 103.0 20.0 10.0
92.0 117.0 20.0 10.0
95.0 60.0 20.0 10.0
41.0 116.0 20.0 10.0
118.0 91.0 20.0 10.0
88.0 121.0 20.0 10.0
61.0 98.0 20.0 10.0
82.0 58.0 20.0 10.0
79.0 67.0 20.0 10.0
103.0 88.0 20.0 10.0
86.0 83.0 20.0 10.0
83.0 67.0 20.0 10.0
60.0 108.0 20.0 10.0
106.0 116.0 20.0 10.0
83.0 76.0 20.0 10.0
77.0 111.0 20.0 10.0
112.0 69.0 20.0 10.0
93.0 55.0 20.0 10.0
44.0 90.0 20.0 10.0
49.0 99.0 20.0 10.0
68.0 109.0 20.0 10.0
97.0 61.0 20.0 10.0
69.0 111.0 20.0 10.0
66.0 72.0 20.0 10.0
58.0 75.0 20.0 10.0
60.0 117.0 20.0 10.0
108.0 93.0 20.0 10.0
75.0 85.0 20.0 10.0
50.0 97.0 20.0 10.0
102.0 139.0 20.0 10.0
100.0 67.0 20.0 10.0
108.0 82.0 20.0 10.0
101.0 66.0 20.0 10.0
95.0 100.0 20.0 10.0
109.0 90.0 20.0 10.0
91.0 81.0 20.0 10.0
123.0 117.0 20.0 10.0
111.0 104.0 20.0 10.0
88.0 93.0 20.0 10.0
97.0 139.0 20.0 10.0
84.0 68.0 20.0 10.0
60.0 89.0 20.0 10.0
118.0 129.0 20.0 10.0
97.0 72.0 20.0 10.0
126.0 85.0 20.0 10.0
120.0 99.0 20.0 10.0
97.0 108.0 20.0 10.0
90.0 62.0 20.0 10.0
79.0 84.0 20.0 10.0
76.0 94.0 20.0 10.0
69.0 69.0 20.0 10.0
84.0 92.0 20.0 10.0
110.0 113.0 20.0 10.0
95.0 145.0 20.0 10.0
97.0 58.0 20.0 10.0
110.0 64.0 20.0 10.0
58.0 104.0 20.0 10.0
113.0 80.0 20.0 10.0
116.0 77.0 20.0 10.0
74.0 76.0 20.0 10.0
73.0 63.0 20.0 10.0
81.0 96.0 20.0 10.0
91.0 58.0 20.0 10.0
94.0 73.0 20.0 10.0
73.0 124.0 20.0 10.0
104.0 107.0 20.0 10.0
77.0 78.0 20.0 10.0
58.0 74.0 20.0 10.0
121.0 108.0 20.0 10.0
79.0 108.0 20.0 10.0
99.0 94.0 20.0 10.0
130.0 91.0 20.0 10.0
55.0 110.0 20.0 10.0
89.0 96.0 20.0 10.0
56.0 90.0 20.0 10.0
83.0 53.0 20.0 10.0
78.0 87.0 20.0 10.0
110.0 85.0 20.0 10.0
124.0 91.0 20.0 10.0
125.0 60.0 20.0 10.0
119.0 75.0 20.0 10.0
65.0 88.0 20.0 10.0
51.0 67.0 20.0 10.0
42.0 107.0 20.0 10.0
84.0 57.0 20.0 10.0
106.0 128.0 20.0 10.0
112.0 97.0 20.0 10.0
83.0 107.0 20.0 10.0
110.0 131.0 20.0 10.0
116.0 93.0 20.0 10.0
108.0 91.0 20.0 10.0
91.0 129.0 20.0 10.0
62.0 71.0 20.0 10.0
73.0 80.0 20.0 10.0
49.0 109.0 20.0 10.0
37.0 104.0 20.0 10.0
55.0 106.0 20.0 10.0
100.0 75.0 20.0 10.0
89.0 101.0 20.0 10.0
71.0 121.0 20.0 10.0
46.0 88.0 20.0 10.0
78.0 75.0 20.0 10.0
69.0 54.0 20.0 10.0
113.0 67.0 20.0 10.0
100.0 90.0 20.0 10.0
95.0 114.0 20.0 10.0
82.0 117.0 20.0 10.0
74.0 104.0 20.0 10.0
106.0 79.0 20.0 10.0
104.0 138.0 20.0 10.0
85.0 49.0 20.0 10.0
89.0 112.0 20.0 10.0
110.0 74.0 20.0 10.0
91.0 113.0 20.0 10.0
44.0 125.0 20.0 10.0
104.0 80.0 20.0 10.0
54.0 54.0 20.0 10.0
72.0 58.0 20.0 10.0
116.0 89.0 20.0 10.0
55.0 115.0 20.0 10.0
64.0 69.0 20.0 10.0
81.0 106.0 20.0 10.0
127.0 89.0 20.0 10.0
75.0 134.0 20.0 10.0
110.0 134.0 20.0 10.0
128.0 79.0 20.0 10.0
65.0 131.0 20.0 10.0
117.0 62.0 20.0 10.0
62.0 54.0 20.0 10.0
41.0 77.0 20.0 10.0
84.0 122.0 20.0 10.0
68.0 124.0 20.0 10.0
59.0 85.0 20.0 10.0
79.0 123.0 20.0 10.0
59.0 103.0 20.0 10.0
102.0 73.0 20.0 10.0
122.0 89.0 20.0 10.0
89.0 77.0 20.0 10.0
86.0 75.0 20.0 10.0
64.0 83.0 20.0 10.0
65.0 125.0 20.0 10.0
138.0 95.0 20.0 10.0
66.0 101.0 20.0 10.0
97.0 115.0 20.0 10.0
111.0 120.0 20.0 10.0
57.0 108.0 20.0 10.0
75.0 58.0 20.0 10.0
56.0 74.0 20.0 10.0
101.0 71.0 20.0 10.0
67.0 90.0 20.0 10.0
126.0 94.0 20.0 10.0
96.0 105.0 20.0 10.0
113.0 72.0 20.0 10.0
129.0 96.0 20.0 10.0
75.0 119.0 20.0 10.0
79.0 71.0 20.0 10.0
48.0 82.0 20.0 10.0
55.0 66.0 20.0 10.0
46.0 118.0 20.0 10.0
60.0 122.0 20.0 10.0
42.0 100.0 20.0 10.0
88.0 45.0 20.0 10.0
75.0 94.0 20.0 10.0
129.0 77.0 20.0 10.0
74.0 126.0 20.0 10.0
127.0 72.0 20.0 10.0
88.0 136.0 20.0 10.0
92.0 70.0 20.0 10.0
60.0 81.0 20.0 10.0
65.0 59.0 20.0 10.0
100.0 130.0 20.0 10.0
68.0 93.0 20.0 10.0
61.0 50.0 20.0 10.0
103.0 117.0 20.0 10.0
75.0 43.0 20.0 10.0
54.0 108.0 20.0 10.0
70.0 111.0 20.0 10.0
78.0 56.0 20.0 10.0
105.0 122.0 20.0 10.0
60.0 121.0 20.0 10.0
55.0 99.0 20.0 10.0
86.0 129.0 20.0 10.0
101.0 58.0 20.0 10.0
71.0 118.0 20.0 10.0
52.0 114.0 20.0 10.0
74.0 61.0 20.0 10.0
84.0 114.0 20.0 10.0
120.0 114.0 20.0 10.0
124.0 119.0 20.0 10.0
81.0 70.0 20.0 10.0
72.0 49.0 20.0 10.0
133.0 91.0 20.0 10.0
105.0 79.0 20.0 10.0
85.0 118.0 20.0 10.0
111.0 132.0 20.0 10.0
115.0 104.0 20.0 10.0
126.0 87.0 20.0 10.0
113.0 85.0 20.0 10.0
83.0 134.0 20.0 10.0
88.0 50.0 20.0 10.0
72.0 39.0 20.0 10.0
60.0 115.0 20.0 10.0
112.0 88.0 20.0 10.0
106.0 130.0 20.0 10.0
81.0 73.0 20.0 10.0
102.0 114.0 20.0 10.0
50.0 63.0 20.0 10.0
106.0 111.0 20.0 10.0
63.0 130.0 20.0 10.0
54.0 78.0 20.0 10.0
109.0 120.0 20.0 10.0
84.0 133.0 20.0 10.0
61.0 76.0 20.0 10.0
107.0 68.0 20.0 10.0
113.0 118.0 20.0 10.0
102.0 79.0 20.0 10.0
85.0 136.0 20.0 10.0
87.0 61.0 20.0 10.0
91.0 42.0 20.0 10.0
124.0 124.0 20.0 10.0
70.0 57.0 20.0 10.0
102.0 121.0 20.0 10.0
54.0 61.0 20.0 10.0
119.0 51.0 20.0 10.0
117.0 103.0 20.0 10.0
62.0 102.0 20.0 10.0
79.0 51.0 20.0 10.0
60.0 84.0 20.0 10.0
145.0 103.0 20.0 10.0
48.0 70.0 20.0 10.0
66.0 63.0 20.0 10.0
67.0 94.0 20.0 10.0
115.0 82.0 20.0 10.0
76.0 129.0 20.0 10.0
50.0 88.0 20.0 10.0
77.0 123.0 20.0 10.0
93.0 62.0 20.0 10.0
116.0 110.0 20.0 10.0
123.0 76.0 20.0 10.0
46.0 120.0 20.0 10.0
52.0 101.0 20.0 10.0
57.0 71.0 20.0 10.0
62.0 67.0 20.0 10.0
42.0 111.0 20.0 10.0
72.0 135.0 20.0 10.0
120.0 116.0 20.0 10.0
69.0 105.0 20.0 10.0
52.0 72.0 20.0 10.0
42.0 103.0 20.0 10.0
125.0 90.0 20.0 10.0
79.0 47.0 20.0 10.0
92.0 132.0 20.0 10.0
46.0 93.0 20.0 10.0
109.0 77.0 20.0 10.0
102.0 49.0 20.0 10.0
120.0 121.0 20.0 10.0
39.0 113.0 20.0 10.0
72.0 108.0 20.0 10.0
47.0 91.0 20.0 10.0
64.0 56.0 20.0 10.0
61.0 44.0 20.0 10.0
62.0 60.0 20.0 10.0
124.0 94.0 20.0 10.0
125.0 67.0 20.0 10.0
114.0 122.0 20.0 10.0
92.0 44.0 20.0 10.0
86.0 69.0 20.0 10.0
114.0 140.0 20.0 10.0
103.0 52.0 20.0 10.0
126.0 98.0 20.0 10.0
100.0 125.0 20.0 10.0
122.0 64.0 20.0 10.0
49.0 83.0 20.0 10.0
106.0 44.0 20.0 10.0
81.0 38.0 20.0 10.0
115.0 129.0 20.0 10.0
70.0 72.0 20.0 10.0
99.0 34.0 20.0 10.0
58.0 90.0 20.0 10.0
66.0 79.0 20.0 10.0
30.0 105.0 20.0 10.0
66.0 65.0 20.0 10.0
45.0 63.0 20.0 10.0
49.0 119.0 20.0 10.0
38.0 77.0 20.0 10.0
76.0 82.0 20.0 10.0
113.0 108.0 20.0 10.0
105.0 52.0 20.0 10.0
115.0 112.0 20.0 10.0
62.0 57.0 20.0 10.0
120.0 63.0 20.0 10.0
60.0 130.0 20.0 10.0
99.0 134.0 20.0 10.0
64.0 144.0 20.0 10.0
97.0 69.0 20.0 10.0
54.0 131.0 20.0 10.0
99.0 129.0 20.0 10.0
84.0 129.0 20.0 10.0
120.0 66.0 20.0 10.0
100.0 100.0 20.0 10.0
58.0 59.0 20.0 10.0
70.0 133.0 20.0 10.0
72.0 81.0 20.0 10.0
129.0 109.0 20.0 10.0
66.0 67.0 20.0 10.0
55.0 127.0 20.0 10.0
61.0 63.0 20.0 10.0
131.0 93.0 20.0 10.0
69.0 47.0 20.0 10.0
35.0 74.0 20.0 10.0
108.0 51.0 20.0 10.0
70.0 59.0 20.0 10.0
95.0 54.0 20.0 10.0
69.0 52.0 20.0 10.0
105.0 56.0 20.0 10.0
110.0 51.0 20.0 10.0
107.0 144.0 20.0 10.0
61.0 36.0 20.0 10.0
93.0 127.0 20.0 10.0
76.0 59.0 20.0 10.0
124.0 71.0 20.0 10.0
98.0 62.0 20.0 10.0
47.0 106.0 20.0 10.0
97.0 120.0 20.0 10.0
62.0 80.0 20.0 10.0
137.0 92.0 20.0 10.0
107.0 81.0 20.0 10.0
104.0 113.0 20.0 10.0
43.0 113.0 20.0 10.0
103.0 128.0 20.0 10.0
100.0 53.0 20.0 10.0
117.0 68.0 20.0 10.0
125.0 79.0 20.0 10.0
63.0 75.0 20.0 10.0
54.0 86.0 20.0 10.0
42.0 96.0 20.0 10.0
64.0 109.0 20.0 10.0
51.0 62.0 20.0 10.0
54.0 63.0 20.0 10.0
90.0 49.0 20.0 10.0
120.0 96.0 20.0 10.0
70.0 130.0 20.0 10.0
89.0 55.0 20.0 10.0
116.0 107.0 20.0 10.0
76.0 51.0 20.0 10.0
112.0 101.0 20.0 10.0
57.0 42.0 20.0 10.0
123.0 73.0 20.0 10.0
121.0 73.0 20.0 10.0
93.0 64.0 20.0 10.0
77.0 153.0 20.0 10.0
80.0 81.0 20.0 10.0
49.0 91.0 20.0 10.0
82.0 45.0 20.0 10.0
56.0 38.0 20.0 10.0
99.0 42.0 20.0 10.0
88.0 133.0 20.0 10.0
74.0 49.0 20.0 10.0
58.0 92.0 20.0 10.0
122.0 48.0 20.0 10.0
38.0 121.0 20.0 10.0
87.0 114.0 20.0 10.0
57.0 101.0 20.0 10.0
89.0 40.0 20.0 10.0
59.0 137.0 20.0 10.0
72.0 64.0 20.0 10.0
35.0 97.0 20.0 10.0
78.0 61.0 20.0 10.0
82.0 112.0 20.0 10.0
118.0 81.0 20.0 10.0
42.0 70.0 20.0 10.0
131.0 57.0 20.0 10.0
34.0 78.0 20.0 10.0
85.0 65.0 20.0 10.0
53.0 80.0 20.0 10.0
136.0 115.0 20.0 10.0
58.0 78.0 20.0 10.0
45.0 110.0 20.0 10.0
97.0 50.0 20.0 10.0
83.0 66.0 20.0 10.0
52.0 111.0 20.0 10.0
78.0 113.0 20.0 10.0
57.0 61.0 20.0 10.0
66.0 58.0 20.0 10.0
87.0 52.0 20.0 10.0
64.0 134.0 20.0 10.0
67.0 38.0 20.0 10.0
80.0 59.0 20.0 10.0
54.0 129.0 20.0 10.0
100.0 117.0 20.0 10.0
130.0 117.0 20.0 10.0
64.0 72.0 20.0 10.0
102.0 40.0 20.0 10.0
41.0 83.0 20.0 10.0
101.0 114.0 20.0 10.0
111.0 126.0 20.0 10.0
60.0 53.0 20.0 10.0
52.0 58.0 20.0 10.0
115.0 45.0 20.0 10.0
33.0 101.0 20.0 10.0
70.0 64.0 20.0 10.0
84.0 40.0 20.0 10.0
112.0 47.0 20.0 10.0
79.0 39.0 20.0 10.0
64.0 112.0 20.0 10.0
88.0 67.0 20.0 10.0
142.0 112.0 20.0 10.0
125.0 100.0 20.0 10.0
104.0 68.0 20.0 10.0
95.0 117.0 20.0 10.0
120.0 54.0 20.0 10.0
123.0 127.0 20.0 10.0
54.0 103.0 20.0 10.0
38.0 108.0 20.0 10.0
31.0 67.0 20.0 10.0
42.0 80.0 20.0 10.0
106.0 59.0 20.0 10.0
128.0 124.0 20.0 10.0
122.0 102.0 20.0 10.0
135.0 119.0 20.0 10.0
96.0 134.0 20.0 10.0
120.0 58.0 20.0 10.0
105.0 73.0 20.0 10.0
47.0 128.0 20.0 10.0
86.0 42.0 20.0 10.0
71.0 103.0 20.0 10.0
118.0 70.0 20.0 10.0
125.0 113.0 20.0 10.0
29.0 108.0 20.0 10.0
54.0 124.0 20.0 10.0
48.0 76.0 20.0 10.0
124.0 63.0 20.0 10.0
77.0 48.0 20.0 10.0
76.0 68.0 20.0 10.0
103.0 41.0 20.0 10.0
68.0 54.0 20.0 10.0
103.0 37.0 20.0 10.0
71.0 141.0 20.0 10.0
112.0 45.0 20.0 10.0
129.0 65.0 20.0 10.0
124.0 54.0 20.0 10.0
109.0 55.0 20.0 10.0
48.0 86.0 20.0 10.0
47.0 75.0 20.0 10.0
119.0 116.0 20.0 10.0
52.0 98.0 20.0 10.0
39.0 114.0 20.0 10.0
64.0 127.0 20.0 10.0
131.0 100.0 20.0 10.0
54.0 69.0 20.0 10.0
67.0 118.0 20.0 10.0
42.0 86.0 20.0 10.0
41.0 92.0 20.0 10.0
68.0 147.0 20.0 10.0
73.0 44.0 20.0 10.0
38.0 91.0 20.0 10.0
77.0 127.0 20.0 10.0
139.0 81.0 20.0 10.0
76.0 41.0 20.0 10.0
97.0 42.0 20.0 10.0
122.0 94.0 20.0 10.0
80.0 63.0 20.0 10.0
128.0 81.0 20.0 10.0
63.0 85.0 20.0 10.0
114.0 75.0 20.0 10.0
95.0 137.0 20.0 10.0
74.0 131.0 20.0 10.0
38.0 98.0 20.0 10.0
123.0 98.0 20.0 10.0
105.0 35.0 20.0 10.0
114.0 61.0 20.0 10.0
114.0 69.0 20.0 10.0
133.0 105.0 20.0 10.0
54.0 82.0 20.0 10.0
75.0 54.0 20.0 10.0
67.0 115.0 20.0 10.0
68.0 113.0 20.0 10.0
72.0 92.0 20.0 10.0
122.0 77.0 20.0 10.0
95.0 131.0 20.0 10.0
109.0 35.0 20.0 10.0
101.0 43.0 20.0 10.0
37.0 67.0 20.0 10.0
52.0 115.0 20.0 10.0
49.0 74.0 20.0 10.0
64.0 61.0 20.0 10.0
79.0 131.0 20.0 10.0
62.0 125.0 20.0 10.0
127.0 98.0 20.0 10.0
50.0 112.0 20.0 10.0
104.0 63.0 20.0 10.0
108.0 136.0 20.0 10.0
123.0 87.0 20.0 10.0
49.0 66.0 20.0 10.0
42.0 55.0 20.0 10.0
44.0 76.0 20.0 10.0
133.0 83.0 20.0 10.0
61.0 133.0 20.0 10.0
80.0 55.0 20.0 10.0
71.0 34.0 20.0 10.0
46.0 100.0 20.0 10.0
105.0 124.0 20.0 10.0
79.0 43.0 20.0 10.0
124.0 102.0 20.0 10.0
112.0 79.0 20.0 10.0
113.0 57.0 20.0 10.0
72.0 122.0 20.0 10.0
95.0 123.0 20.0 10.0
109.0 124.0 20.0 10.0
72.0 132.0 20.0 10.0
87.0 46.0 20.0 10.0
115.0 61.0 20.0 10.0
90.0 137.0 20.0 10.0
70.0 138.0 20.0 10.0
121.0 128.0 20.0 10.0
118.0 126.0 20.0 10.0
78.0 132.0 20.0 10.0
65.0 138.0 20.0 10.0
52.0 128.0 20.0 10.0
95.0 52.0 20.0 10.0
57.0 123.0 20.0 10.0
44.0 64.0 20.0 10.0
50.0 72.0 20.0 10.0
89.0 129.0 20.0 10.0
63.0 47.0 20.0 10.0
60.0 99.0 20.0 10.0
35.0 68.0 20.0 10.0
127.0 131.0 20.0 10.0
124.0 107.0 20.0 10.0
138.0 79.0 20.0 10.0
44.0 67.0 20.0 10.0
45.0 96.0 20.0 10.0
57.0 119.0 20.0 10.0
38.0 125.0 20.0 10.0
123.0 110.0 20.0 10.0
109.0 129.0 20.0 10.0
143.0 98.0 20.0 10.0
134.0 71.0 20.0 10.0
50.0 103.0 20.0 10.0
126.0 64.0 20.0 10.0
102.0 55.0 20.0 10.0
109.0 66.0 20.0 10.0
124.0 122.0 20.0 10.0
116.0 117.0 20.0 10.0
92.0 131.0 20.0 10.0
99.0 131.0 20.0 10.0
98.0 65.0 20.0 10.0
85.0 143.0 20.0 10.0
136.0 132.0 20.0 10.0
137.0 109.0 20.0 10.0
114.0 125.0 20.0 10.0
87.0 36.0 20.0 10.0
68.0 60.0 20.0 10.0
29.0 83.0 20.0 10.0
118.0 41.0 20.0 10.0
48.0 138.0 20.0 10.0
123.0 115.0 20.0 10.0
39.0 67.0 20.0 10.0
85.0 151.0 20.0 10.0
116.0 73.0 20.0 10.0
56.0 139.0 20.0 10.0
98.0 112.0 20.0 10.0
130.0 105.0 20.0 10.0
116.0 133.0 20.0 10.0
120.0 91.0 20.0 10.0
111.0 33.0 20.0 10.0
96.0 55.0 20.0 10.0
64.0 50.0 20.0 10.0
80.0 116.0 20.0 10.0
81.0 129.0 20.0 10.0
125.0 117.0 20.0 10.0
118.0 58.0 20.0 10.0
48.0 124.0 20.0 10.0
62.0 128.0 20.0 10.0
50.0 78.0 20.0 10.0
73.0 45.0 20.0 10.0
88.0 38.0 20.0 10.0
45.0 72.0 20.0 10.0
51.0 47.0 20.0 10.0
101.0 151.0 20.0 10.0
63.0 104.0 20.0 10.0
81.0 42.0 20.0 10.0
91.0 144.0 20.0 10.0
119.0 124.0 20.0 10.0
44.0 97.0 20.0 10.0
121.0 69.0 20.0 10.0
127.0 110.0 20.0 10.0
116.0 50.0 20.0 10.0
69.0 37.0 20.0 10.0
49.0 114.0 20.0 10.0
75.0 25.0 20.0 10.0
73.0 148.0 20.0 10.0
38.0 101.0 20.0 10.0
81.0 50.0 20.0 10.0
85.0 44.0 20.0 10.0
40.0 99.0 20.0 10.0
125.0 104.0 20.0 10.0
44.0 119.0 20.0 10.0
130.0 75.0 20.0 10.0
83.0 132.0 20.0 10.0
94.0 35.0 20.0 10.0
131.0 82.0 20.0 10.0
53.0 121.0 20.0 10.0
66.0 47.0 20.0 10.0
47.0 72.0 20.0 10.0
33.0 75.0 20.0 10.0
122.0 80.0 20.0 10.0
115.0 134.0 20.0 10.0
60.0 94.0 20.0 10.0
25.0 113.0 20.0 10.0
81.0 146.0 20.0 10.0
138.0 77.0 20.0 10.0
66.0 140.0 20.0 10.0
158.0 64.0 20.0 10.0
29.0 87.0 20.0 10.0
58.0 136.0 20.0 10.0
94.0 48.0 20.0 10.0
45.0 108.0 20.0 10.0
108.0 42.0 20.0 10.0
140.0 95.0 20.0 10.0
25.0 99.0 20.0 10.0
107.0 59.0 20.0 10.0
133.0 112.0 20.0 10.0
38.0 72.0 20.0 10.0
70.0 48.0 20.0 10.0
52.0 49.0 20.0 10.0
57.0 117.0 20.0 10.0
143.0 114.0 20.0 10.0
110.0 108.0 20.0 10.0
78.0 143.0 20.0 10.0
150.0 88.0 20.0 10.0
49.0 104.0 20.0 10.0
84.0 36.0 20.0 10.0
87.0 141.0 20.0 10.0
127.0 50.0 20.0 10.0
135.0 89.0 20.0 10.0
54.0 137.0 20.0 10.0
115.0 115.0 20.0 10.0
71.0 128.0 20.0 10.0
78.0 144.0 20.0 10.0
126.0 81.0 20.0 10.0
40.0 106.0 20.0 10.0
129.0 69.0 20.0 10.0
134.0 73.0 20.0 10.0
86.0 123.0 20.0 10.0
133.0 85.0 20.0 10.0
116.0 99.0 20.0 10.0
45.0 102.0 20.0 10.0
29.0 73.0 20.0 10.0
48.0 61.0 20.0 10.0
39.0 62.0 20.0 10.0
39.0 83.0 20.0 10.0
122.0 59.0 20.0 10.0
117.0 47.0 20.0 10.0
31.0 90.0 20.0 10.0
138.0 106.0 20.0 10.0
104.0 152.0 20.0 10.0
90.0 45.0 20.0 10.0
49.0 80.0 20.0 10.0
25.0 101.0 20.0 10.0
75.0 143.0 20.0 10.0
135.0 107.0 20.0 10.0
136.0 103.0 20.0 10.0
96.0 42.0 20.0 10.0
105.0 114.0 20.0 10.0
126.0 111.0 20.0 10.0
133.0 115.0 20.0 10.0
58.0 64.0 20.0 10.0
55.0 48.0 20.0 10.0
140.0 108.0 20.0 10.0
54.0 158.0 20.0 10.0
34.0 111.0 20.0 10.0
115.0 89.0 20.0 10.0
27.0 123.0 20.0 10.0
55.0 46.0 20.0 10.0
55.0 132.0 20.0 10.0
97.0 143.0 20.0 10.0
110.0 60.0 20.0 10.0
113.0 51.0 20.0 10.0
58.0 150.0 20.0 10.0
78.0 139.0 20.0 10.0
95.0 143.0 20.0 10.0
68.0 46.0 20.0 10.0
135.0 74.0 20.0 10.0
123.0 134.0 20.0 10.0
110.0 43.0 20.0 10.0
102.0 142.0 20.0 10.0
41.0 51.0 20.0 10.0
33.0 94.0 20.0 10.0
146.0 83.0 20.0 10.0
133.0 119.0 20.0 10.0
108.0 47.0 20.0 10.0
137.0 85.0 20.0 10.0
36.0 63.0 20.0 10.0
64.0 44.0 20.0 10.0
47.0 145.0 20.0 10.0
119.0 83.0 20.0 10.0
134.0 80.0 20.0 10.0
66.0 134.0 20.0 10.0
118.0 103.0 20.0 10.0
78.0 37.0 20.0 10.0
118.0 93.0 20.0 10.0
88.0 152.0 20.0 10.0
46.0 50.0 20.0 10.0
66.0 51.0 20.0 10.0
133.0 64.0 20.0 10.0
97.0 144.0 20.0 10.0
42.0 132.0 20.0 10.0
50.0 136.0 20.0 10.0
33.0 57.0 20.0 10.0
34.0 110.0 20.0 10.0
137.0 98.0 20.0 10.0
133.0 61.0 20.0 10.0
122.0 55.0 20.0 10.0
107.0 110.0 20.0 10.0
50.0 124.0 20.0 10.0
119.0 42.0 20.0 10.0
31.0 54.0 20.0 10.0
102.0 130.0 20.0 10.0
44.0 81.0 20.0 10.0
52.0 124.0 20.0 10.0
70.0 45.0 20.0 10.0
117.0 81.0 20.0 10.0
140.0 87.0 20.0 10.0
97.0 38.0 20.0 10.0
140.0 67.0 20.0 10.0
115.0 124.0 20.0 10.0
55.0 58.0 20.0 10.0
87.0 126.0 20.0 10.0
131.0 72.0 20.0 10.0
91.0 150.0 20.0 10.0
65.0 34.0 20.0 10.0
81.0 47.0 20.0 10.0
123.0 39.0 20.0 10.0
70.0 41.0 20.0 10.0
107.0 54.0 20.0 10.0
133.0 102.0 20.0 10.0
34.0 92.0 20.0 10.0
111.0 129.0 20.0 10.0
44.0 33.0 20.0 10.0
129.0 80.0 20.0 10.0
106.0 123.0 20.0 10.0
113.0 74.0 20.0 10.0
37.0 85.0 20.0 10.0
124.0 131.0 20.0 10.0
147.0 106.0 20.0 10.0
47.0 68.0 20.0 10.0
59.0 49.0 20.0 10.0
111.0 55.0 20.0 10.0
74.0 139.0 20.0 10.0
30.0 139.0 20.0 10.0
36.0 101.0 20.0 10.0
35.0 82.0 20.0 10.0
108.0 40.0 20.0 10.0
25.0 106.0 20.0 10.0
59.0 40.0 20.0 10.0
92.0 25.0 20.0 10.0
53.0 66.0 20.0 10.0
130.0 96.0 20.0 10.0
38.0 88.0 20.0 10.0
79.0 149.0 20.0 10.0
140.0 76.0 20.0 10.0
115.0 56.0 20.0 10.0
97.0 127.0 20.0 10.0
38.0 119.0 20.0 10.0
144.0 74.0 20.0 10.0
40.0 78.0 20.0 10.0
131.0 124.0 20.0 10.0
128.0 68.0 20.0 10.0
112.0 137.0 20.0 10.0
84.0 48.0 20.0 10.0
97.0 48.0 20.0 10.0
47.0 56.0 20.0 10.0
122.0 132.0 20.0 10.0
84.0 30.0 20.0 10.0
36.0 56.0 20.0 10.0
40.0 94.0 20.0 10.0
46.0 123.0 20.0 10.0
67.0 131.0 20.0 10.0
116.0 58.0 20.0 10.0
115.0 38.0 20.0 10.0
133.0 129.0 20.0 10.0
61.0 65.0 20.0 10.0
96.0 67.0 20.0 10.0
58.0 149.0 20.0 10.0
135.0 53.0 20.0 10.0
92.0 107.0 20.0 10.0
131.0 87.0 20.0 10.0
87.0 139.0 20.0 10.0
42.0 122.0 20.0 10.0
103.0 126.0 20.0 10.0
128.0 103.0 20.0 10.0
99.0 41.0 20.0 10.0
130.0 66.0 20.0 10.0
98.0 36.0 20.0 10.0
98.0 91.0 20.0 10.0
55.0 141.0 20.0 10.0
98.0 111.0 20.0 10.0
