1000
959.0 1021.0 20.0 10.0
895.0 904.0 20.0 10.0
801.0 794.0 20.0 10.0
685.0 700.0 20.0 10.0
571.0 606.0 20.0 10.0
830.0 778.0 20.0 10.0
651.0 712.0 20.0 10.0
559.0 522.0 20.0 10.0
870.0 741.0 20.0 10.0
658.0 720.0 20.0 10.0
1023.0 1138.0 20.0 10.0
935.0 691.0 20.0 10.0
1085.0 1257.0 20.0 10.0
1207.0 1305.0 20.0 10.0
1003.0 1301.0 20.0 10.0
930.0 1344.0 20.0 10.0
1070.0 1347.0 20.0 10.0
1324.0 1353.0 20.0 10.0
1114.0 1266.0 20.0 10.0
1052.0 1430.0 20.0 10.0
1036.0 1509.0 20.0 10.0
1042.0 1253.0 20.0 10.0
981.0 910.0 20.0 10.0
987.0 642.0 20.0 10.0
462.0 533.0 20.0 10.0
974.0 1309.0 20.0 10.0
1438.0 1401.0 20.0 10.0
544.0 497.0 20.0 10.0
813.0 795.0 20.0 10.0
669.0 665.0 20.0 10.0
832.0 791.0 20.0 10.0
985.0 1323.0 20.0 10.0
872.0 1379.0 20.0 10.0
544.0 594.0 20.0 10.0
1505.0 1425.0 20.0 10.0
1078.0 1391.0 20.0 10.0
826.0 836.0 20.0 10.0
504.0 624.0 20.0 10.0
550.0 438.0 20.0 10.0
856.0 863.0 20.0 10.0
1499.0 1463.0 20.0 10.0
1061.0 1128.0 20.0 10.0
1559.0 1521.0 20.0 10.0
1139.0 1263.0 20.0 10.0
1054.0 1379.0 20.0 10.0
769.0 835.0 20.0 10.0
542.0 362.0 20.0 10.0
1012.0 622.0 20.0 10.0
856.0 760.0 20.0 10.0
897.0 724.0 20.0 10.0
1083.0 1129.0 20.0 10.0
355.0 460.0 20.0 10.0
901.0 1381.0 20.0 10.0
1025.0 1580.0 20.0 10.0
832.0 1393.0 20.0 10.0
1081.0 1431.0 20.0 10.0
698.0 664.0 20.0 10.0
1616.0 1572.0 20.0 10.0
712.0 636.0 20.0 10.0
1036.0 1455.0 20.0 10.0
666.0 719.0 20.0 10.0
981.0 673.0 20.0 10.0
861.0 840.0 20.0 10.0
533.0 405.0 20.0 10.0
1349.0 1385.0 20.0 10.0
804.0 867.0 20.0 10.0
1055.0 1370.0 20.0 10.0
554.0 404.0 20.0 10.0
450.0 649.0 20.0 10.0
1019.0 1267.0 20.0 10.0
880.0 771.0 20.0 10.0
1538.0 1416.0 20.0 10.0
269.0 420.0 20.0 10.0
1101.0 1144.0 20.0 10.0
321.0 457.0 20.0 10.0
305.0 385.0 20.0 10.0
457.0 620.0 20.0 10.0
409.0 676.0 20.0 10.0
1029.0 604.0 20.0 10.0
909.0 732.0 20.0 10.0
1509.0 1391.0 20.0 10.0
1013.0 1544.0 20.0 10.0
1657.0 1615.0 20.0 10.0
1562.0 1450.0 20.0 10.0
424.0 516.0 20.0 10.0
369.0 696.0 20.0 10.0
1027.0 660.0 20.0 10.0
833.0 1415.0 20.0 10.0
640.0 666.0 20.0 10.0
1002.0 929.0 20.0 10.0
966.0 672.0 20.0 10.0
887.0 869.0 20.0 10.0
1020.0 605.0 20.0 10.0
545.0 402.0 20.0 10.0
1023.0 1642.0 20.0 10.0
1075.0 1421.0 20.0 10.0
876.0 739.0 20.0 10.0
533.0 291.0 20.0 10.0
614.0 665.0 20.0 10.0
1016.0 1696.0 20.0 10.0
781.0 876.0 20.0 10.0
1166.0 1262.0 20.0 10.0
726.0 625.0 20.0 10.0
1087.0 1150.0 20.0 10.0
811.0 892.0 20.0 10.0
257.0 328.0 20.0 10.0
946.0 1305.0 20.0 10.0
884.0 881.0 20.0 10.0
1576.0 1547.0 20.0 10.0
1020.0 1623.0 20.0 10.0
1055.0 576.0 20.0 10.0
1065.0 571.0 20.0 10.0
1069.0 646.0 20.0 10.0
1500.0 1413.0 20.0 10.0
763.0 888.0 20.0 10.0
672.0 629.0 20.0 10.0
1524.0 1497.0 20.0 10.0
1582.0 1552.0 20.0 10.0
921.0 1293.0 20.0 10.0
1663.0 1603.0 20.0 10.0
859.0 733.0 20.0 10.0
1067.0 1266.0 20.0 10.0
449.0 502.0 20.0 10.0
1013.0 633.0 20.0 10.0
1577.0 1386.0 20.0 10.0
404.0 494.0 20.0 10.0
532.0 494.0 20.0 10.0
1538.0 1427.0 20.0 10.0
193.0 381.0 20.0 10.0
742.0 611.0 20.0 10.0
1001.0 1618.0 20.0 10.0
542.0 604.0 20.0 10.0
1609.0 1385.0 20.0 10.0
1044.0 571.0 20.0 10.0
1062.0 1106.0 20.0 10.0
800.0 779.0 20.0 10.0
893.0 832.0 20.0 10.0
419.0 658.0 20.0 10.0
1055.0 587.0 20.0 10.0
243.0 402.0 20.0 10.0
225.0 395.0 20.0 10.0
1558.0 1425.0 20.0 10.0
1616.0 1474.0 20.0 10.0
810.0 1438.0 20.0 10.0
888.0 847.0 20.0 10.0
336.0 715.0 20.0 10.0
1544.0 1418.0 20.0 10.0
1081.0 1109.0 20.0 10.0
1709.0 1633.0 20.0 10.0
1612.0 1443.0 20.0 10.0
1078.0 549.0 20.0 10.0
309.0 731.0 20.0 10.0
1668.0 1495.0 20.0 10.0
386.0 705.0 20.0 10.0
1181.0 1267.0 20.0 10.0
1108.0 634.0 20.0 10.0
216.0 276.0 20.0 10.0
286.0 360.0 20.0 10.0
394.0 674.0 20.0 10.0
699.0 687.0 20.0 10.0
952.0 1310.0 20.0 10.0
902.0 1366.0 20.0 10.0
1097.0 1116.0 20.0 10.0
1099.0 547.0 20.0 10.0
877.0 1413.0 20.0 10.0
339.0 432.0 20.0 10.0
823.0 770.0 20.0 10.0
1000.0 1730.0 20.0 10.0
177.0 229.0 20.0 10.0
1061.0 913.0 20.0 10.0
520.0 382.0 20.0 10.0
1130.0 1114.0 20.0 10.0
410.0 658.0 20.0 10.0
296.0 357.0 20.0 10.0
946.0 727.0 20.0 10.0
1034.0 1543.0 20.0 10.0
412.0 618.0 20.0 10.0
286.0 455.0 20.0 10.0
1127.0 911.0 20.0 10.0
1631.0 1379.0 20.0 10.0
1240.0 1330.0 20.0 10.0
1570.0 1439.0 20.0 10.0
150.0 192.0 20.0 10.0
810.0 756.0 20.0 10.0
799.0 1444.0 20.0 10.0
373.0 671.0 20.0 10.0
236.0 443.0 20.0 10.0
550.0 370.0 20.0 10.0
541.0 406.0 20.0 10.0
1694.0 1654.0 20.0 10.0
1001.0 1243.0 20.0 10.0
1243.0 1308.0 20.0 10.0
887.0 838.0 20.0 10.0
826.0 860.0 20.0 10.0
195.0 377.0 20.0 10.0
1053.0 1266.0 20.0 10.0
854.0 1401.0 20.0 10.0
1063.0 552.0 20.0 10.0
1724.0 1668.0 20.0 10.0
873.0 1365.0 20.0 10.0
525.0 225.0 20.0 10.0
857.0 1441.0 20.0 10.0
1549.0 1520.0 20.0 10.0
521.0 605.0 20.0 10.0
1158.0 1105.0 20.0 10.0
373.0 687.0 20.0 10.0
1740.0 1645.0 20.0 10.0
1265.0 1354.0 20.0 10.0
1116.0 922.0 20.0 10.0
1247.0 1295.0 20.0 10.0
1087.0 1087.0 20.0 10.0
1377.0 1391.0 20.0 10.0
1076.0 1088.0 20.0 10.0
372.0 620.0 20.0 10.0
871.0 1405.0 20.0 10.0
1570.0 1408.0 20.0 10.0
1020.0 1730.0 20.0 10.0
1628.0 1388.0 20.0 10.0
996.0 1565.0 20.0 10.0
1061.0 538.0 20.0 10.0
918.0 1306.0 20.0 10.0
377.0 493.0 20.0 10.0
277.0 334.0 20.0 10.0
1020.0 921.0 20.0 10.0
786.0 802.0 20.0 10.0
191.0 436.0 20.0 10.0
1101.0 1260.0 20.0 10.0
745.0 878.0 20.0 10.0
880.0 1386.0 20.0 10.0
284.0 351.0 20.0 10.0
149.0 348.0 20.0 10.0
1727.0 1679.0 20.0 10.0
1056.0 597.0 20.0 10.0
1766.0 1661.0 20.0 10.0
559.0 379.0 20.0 10.0
827.0 806.0 20.0 10.0
982.0 1653.0 20.0 10.0
921.0 709.0 20.0 10.0
1008.0 1652.0 20.0 10.0
1679.0 1374.0 20.0 10.0
1563.0 1402.0 20.0 10.0
338.0 685.0 20.0 10.0
1052.0 1396.0 20.0 10.0
128.0 351.0 20.0 10.0
1071.0 511.0 20.0 10.0
720.0 915.0 20.0 10.0
430.0 657.0 20.0 10.0
1602.0 1574.0 20.0 10.0
998.0 1131.0 20.0 10.0
760.0 594.0 20.0 10.0
435.0 627.0 20.0 10.0
328.0 428.0 20.0 10.0
997.0 1270.0 20.0 10.0
99.0 327.0 20.0 10.0
847.0 1423.0 20.0 10.0
125.0 330.0 20.0 10.0
128.0 164.0 20.0 10.0
1090.0 546.0 20.0 10.0
1050.0 1463.0 20.0 10.0
1065.0 1239.0 20.0 10.0
1748.0 1655.0 20.0 10.0
1028.0 1648.0 20.0 10.0
725.0 608.0 20.0 10.0
894.0 1342.0 20.0 10.0
626.0 708.0 20.0 10.0
1365.0 1342.0 20.0 10.0
400.0 662.0 20.0 10.0
797.0 1398.0 20.0 10.0
343.0 712.0 20.0 10.0
776.0 1465.0 20.0 10.0
897.0 738.0 20.0 10.0
252.0 293.0 20.0 10.0
964.0 1239.0 20.0 10.0
1018.0 1658.0 20.0 10.0
192.0 373.0 20.0 10.0
909.0 1313.0 20.0 10.0
231.0 300.0 20.0 10.0
1178.0 902.0 20.0 10.0
1049.0 1116.0 20.0 10.0
550.0 340.0 20.0 10.0
1083.0 489.0 20.0 10.0
1118.0 1122.0 20.0 10.0
1087.0 573.0 20.0 10.0
1113.0 580.0 20.0 10.0
162.0 366.0 20.0 10.0
1272.0 1327.0 20.0 10.0
796.0 813.0 20.0 10.0
574.0 360.0 20.0 10.0
1546.0 1518.0 20.0 10.0
851.0 1426.0 20.0 10.0
1218.0 1331.0 20.0 10.0
1455.0 1438.0 20.0 10.0
1670.0 1387.0 20.0 10.0
1358.0 1416.0 20.0 10.0
393.0 507.0 20.0 10.0
1466.0 1412.0 20.0 10.0
1024.0 1676.0 20.0 10.0
1360.0 1359.0 20.0 10.0
840.0 1462.0 20.0 10.0
871.0 1440.0 20.0 10.0
1007.0 1110.0 20.0 10.0
668.0 599.0 20.0 10.0
769.0 800.0 20.0 10.0
627.0 721.0 20.0 10.0
1036.0 581.0 20.0 10.0
1169.0 934.0 20.0 10.0
1713.0 1509.0 20.0 10.0
361.0 728.0 20.0 10.0
1087.0 1458.0 20.0 10.0
305.0 401.0 20.0 10.0
356.0 754.0 20.0 10.0
1157.0 928.0 20.0 10.0
1275.0 1297.0 20.0 10.0
1040.0 551.0 20.0 10.0
873.0 1313.0 20.0 10.0
933.0 1229.0 20.0 10.0
814.0 830.0 20.0 10.0
1034.0 609.0 20.0 10.0
678.0 707.0 20.0 10.0
1012.0 1704.0 20.0 10.0
1708.0 1371.0 20.0 10.0
342.0 611.0 20.0 10.0
1394.0 1321.0 20.0 10.0
638.0 744.0 20.0 10.0
322.0 723.0 20.0 10.0
1048.0 932.0 20.0 10.0
1055.0 1087.0 20.0 10.0
732.0 577.0 20.0 10.0
538.0 378.0 20.0 10.0
660.0 606.0 20.0 10.0
111.0 143.0 20.0 10.0
1057.0 657.0 20.0 10.0
664.0 570.0 20.0 10.0
888.0 713.0 20.0 10.0
880.0 1352.0 20.0 10.0
104.0 329.0 20.0 10.0
520.0 165.0 20.0 10.0
1728.0 1703.0 20.0 10.0
1290.0 1369.0 20.0 10.0
1158.0 1249.0 20.0 10.0
1061.0 1367.0 20.0 10.0
1001.0 1260.0 20.0 10.0
1421.0 1316.0 20.0 10.0
875.0 750.0 20.0 10.0
380.0 658.0 20.0 10.0
1282.0 1281.0 20.0 10.0
1183.0 1095.0 20.0 10.0
1095.0 922.0 20.0 10.0
911.0 1220.0 20.0 10.0
1110.0 525.0 20.0 10.0
1012.0 1736.0 20.0 10.0
204.0 428.0 20.0 10.0
1643.0 1462.0 20.0 10.0
1097.0 525.0 20.0 10.0
738.0 898.0 20.0 10.0
1006.0 906.0 20.0 10.0
832.0 1360.0 20.0 10.0
509.0 130.0 20.0 10.0
190.0 253.0 20.0 10.0
317.0 405.0 20.0 10.0
873.0 888.0 20.0 10.0
334.0 735.0 20.0 10.0
1073.0 1447.0 20.0 10.0
535.0 328.0 20.0 10.0
235.0 265.0 20.0 10.0
435.0 670.0 20.0 10.0
986.0 655.0 20.0 10.0
797.0 896.0 20.0 10.0
114.0 317.0 20.0 10.0
253.0 303.0 20.0 10.0
925.0 741.0 20.0 10.0
517.0 372.0 20.0 10.0
917.0 1223.0 20.0 10.0
594.0 649.0 20.0 10.0
1743.0 1724.0 20.0 10.0
1312.0 1267.0 20.0 10.0
309.0 697.0 20.0 10.0
236.0 457.0 20.0 10.0
625.0 733.0 20.0 10.0
1101.0 1414.0 20.0 10.0
734.0 550.0 20.0 10.0
1168.0 921.0 20.0 10.0
288.0 733.0 20.0 10.0
205.0 372.0 20.0 10.0
702.0 940.0 20.0 10.0
396.0 468.0 20.0 10.0
1300.0 1321.0 20.0 10.0
790.0 923.0 20.0 10.0
983.0 1645.0 20.0 10.0
1295.0 1305.0 20.0 10.0
910.0 933.0 20.0 10.0
1151.0 1103.0 20.0 10.0
751.0 564.0 20.0 10.0
430.0 621.0 20.0 10.0
992.0 1576.0 20.0 10.0
1129.0 505.0 20.0 10.0
804.0 1409.0 20.0 10.0
1540.0 1374.0 20.0 10.0
521.0 127.0 20.0 10.0
1213.0 1326.0 20.0 10.0
1697.0 1514.0 20.0 10.0
844.0 1317.0 20.0 10.0
1034.0 1405.0 20.0 10.0
1086.0 918.0 20.0 10.0
802.0 735.0 20.0 10.0
149.0 432.0 20.0 10.0
1532.0 1454.0 20.0 10.0
1707.0 1364.0 20.0 10.0
92.0 327.0 20.0 10.0
890.0 904.0 20.0 10.0
231.0 259.0 20.0 10.0
378.0 694.0 20.0 10.0
850.0 788.0 20.0 10.0
1011.0 916.0 20.0 10.0
775.0 1412.0 20.0 10.0
966.0 1681.0 20.0 10.0
986.0 1605.0 20.0 10.0
900.0 784.0 20.0 10.0
501.0 348.0 20.0 10.0
1369.0 1442.0 20.0 10.0
332.0 444.0 20.0 10.0
576.0 637.0 20.0 10.0
1487.0 1421.0 20.0 10.0
1663.0 1370.0 20.0 10.0
1550.0 1482.0 20.0 10.0
1563.0 1433.0 20.0 10.0
600.0 751.0 20.0 10.0
662.0 643.0 20.0 10.0
1018.0 1432.0 20.0 10.0
674.0 729.0 20.0 10.0
512.0 122.0 20.0 10.0
909.0 852.0 20.0 10.0
1068.0 946.0 20.0 10.0
1666.0 1475.0 20.0 10.0
1476.0 1474.0 20.0 10.0
998.0 1678.0 20.0 10.0
1528.0 1416.0 20.0 10.0
1305.0 1287.0 20.0 10.0
749.0 1468.0 20.0 10.0
728.0 896.0 20.0 10.0
1122.0 937.0 20.0 10.0
1144.0 948.0 20.0 10.0
1510.0 1419.0 20.0 10.0
1316.0 1369.0 20.0 10.0
1032.0 1130.0 20.0 10.0
438.0 616.0 20.0 10.0
671.0 744.0 20.0 10.0
1141.0 619.0 20.0 10.0
861.0 1340.0 20.0 10.0
352.0 617.0 20.0 10.0
1011.0 1758.0 20.0 10.0
920.0 839.0 20.0 10.0
1000.0 618.0 20.0 10.0
260.0 305.0 20.0 10.0
1158.0 610.0 20.0 10.0
880.0 1310.0 20.0 10.0
1507.0 1447.0 20.0 10.0
1773.0 1675.0 20.0 10.0
125.0 320.0 20.0 10.0
890.0 727.0 20.0 10.0
1014.0 1425.0 20.0 10.0
213.0 231.0 20.0 10.0
1524.0 1408.0 20.0 10.0
1466.0 1456.0 20.0 10.0
298.0 449.0 20.0 10.0
523.0 139.0 20.0 10.0
61.0 317.0 20.0 10.0
205.0 456.0 20.0 10.0
1112.0 1081.0 20.0 10.0
971.0 1335.0 20.0 10.0
1587.0 1388.0 20.0 10.0
335.0 629.0 20.0 10.0
914.0 870.0 20.0 10.0
1221.0 941.0 20.0 10.0
85.0 325.0 20.0 10.0
928.0 952.0 20.0 10.0
1058.0 510.0 20.0 10.0
907.0 702.0 20.0 10.0
1203.0 927.0 20.0 10.0
1177.0 1233.0 20.0 10.0
790.0 1372.0 20.0 10.0
1266.0 1288.0 20.0 10.0
1545.0 1396.0 20.0 10.0
503.0 361.0 20.0 10.0
1681.0 1640.0 20.0 10.0
1031.0 1718.0 20.0 10.0
714.0 698.0 20.0 10.0
713.0 625.0 20.0 10.0
1100.0 1441.0 20.0 10.0
749.0 909.0 20.0 10.0
973.0 1238.0 20.0 10.0
1387.0 1364.0 20.0 10.0
994.0 1722.0 20.0 10.0
913.0 886.0 20.0 10.0
1174.0 1259.0 20.0 10.0
1564.0 1442.0 20.0 10.0
758.0 1389.0 20.0 10.0
277.0 388.0 20.0 10.0
1328.0 1271.0 20.0 10.0
996.0 1759.0 20.0 10.0
1020.0 1417.0 20.0 10.0
210.0 460.0 20.0 10.0
175.0 457.0 20.0 10.0
198.0 459.0 20.0 10.0
300.0 416.0 20.0 10.0
1575.0 1495.0 20.0 10.0
1105.0 1235.0 20.0 10.0
264.0 332.0 20.0 10.0
369.0 504.0 20.0 10.0
838.0 1377.0 20.0 10.0
1133.0 1248.0 20.0 10.0
976.0 1597.0 20.0 10.0
1165.0 604.0 20.0 10.0
424.0 693.0 20.0 10.0
1714.0 1682.0 20.0 10.0
1412.0 1305.0 20.0 10.0
1386.0 1330.0 20.0 10.0
1418.0 1301.0 20.0 10.0
105.0 336.0 20.0 10.0
291.0 706.0 20.0 10.0
517.0 190.0 20.0 10.0
165.0 460.0 20.0 10.0
233.0 309.0 20.0 10.0
773.0 943.0 20.0 10.0
392.0 624.0 20.0 10.0
597.0 656.0 20.0 10.0
1196.0 1275.0 20.0 10.0
698.0 944.0 20.0 10.0
1255.0 950.0 20.0 10.0
1533.0 1435.0 20.0 10.0
1476.0 1468.0 20.0 10.0
779.0 1422.0 20.0 10.0
1742.0 1693.0 20.0 10.0
1653.0 1447.0 20.0 10.0
519.0 594.0 20.0 10.0
349.0 684.0 20.0 10.0
972.0 1594.0 20.0 10.0
1294.0 1342.0 20.0 10.0
312.0 437.0 20.0 10.0
943.0 1228.0 20.0 10.0
251.0 448.0 20.0 10.0
881.0 764.0 20.0 10.0
731.0 909.0 20.0 10.0
1751.0 1526.0 20.0 10.0
1263.0 1303.0 20.0 10.0
652.0 548.0 20.0 10.0
285.0 689.0 20.0 10.0
726.0 940.0 20.0 10.0
149.0 200.0 20.0 10.0
1040.0 1463.0 20.0 10.0
85.0 344.0 20.0 10.0
527.0 480.0 20.0 10.0
1084.0 582.0 20.0 10.0
960.0 1317.0 20.0 10.0
301.0 632.0 20.0 10.0
1001.0 1454.0 20.0 10.0
1787.0 1662.0 20.0 10.0
1782.0 1540.0 20.0 10.0
1024.0 1151.0 20.0 10.0
569.0 376.0 20.0 10.0
369.0 511.0 20.0 10.0
762.0 1383.0 20.0 10.0
1056.0 1215.0 20.0 10.0
849.0 710.0 20.0 10.0
1130.0 1122.0 20.0 10.0
1050.0 1245.0 20.0 10.0
913.0 1356.0 20.0 10.0
1136.0 1077.0 20.0 10.0
531.0 136.0 20.0 10.0
1296.0 1285.0 20.0 10.0
973.0 739.0 20.0 10.0
379.0 449.0 20.0 10.0
814.0 826.0 20.0 10.0
1806.0 1547.0 20.0 10.0
516.0 343.0 20.0 10.0
1305.0 1385.0 20.0 10.0
75.0 307.0 20.0 10.0
680.0 968.0 20.0 10.0
396.0 518.0 20.0 10.0
1045.0 1376.0 20.0 10.0
1716.0 1368.0 20.0 10.0
833.0 1443.0 20.0 10.0
643.0 627.0 20.0 10.0
1137.0 1229.0 20.0 10.0
1772.0 1538.0 20.0 10.0
584.0 770.0 20.0 10.0
881.0 1379.0 20.0 10.0
1690.0 1452.0 20.0 10.0
1163.0 901.0 20.0 10.0
677.0 742.0 20.0 10.0
834.0 1455.0 20.0 10.0
308.0 631.0 20.0 10.0
1681.0 1443.0 20.0 10.0
1109.0 1151.0 20.0 10.0
740.0 591.0 20.0 10.0
1092.0 1463.0 20.0 10.0
703.0 604.0 20.0 10.0
410.0 608.0 20.0 10.0
527.0 382.0 20.0 10.0
196.0 247.0 20.0 10.0
771.0 1461.0 20.0 10.0
1004.0 626.0 20.0 10.0
860.0 707.0 20.0 10.0
1189.0 891.0 20.0 10.0
1153.0 896.0 20.0 10.0
569.0 347.0 20.0 10.0
872.0 682.0 20.0 10.0
135.0 359.0 20.0 10.0
435.0 484.0 20.0 10.0
1112.0 1438.0 20.0 10.0
98.0 357.0 20.0 10.0
1410.0 1329.0 20.0 10.0
1515.0 1474.0 20.0 10.0
1030.0 1271.0 20.0 10.0
1107.0 1225.0 20.0 10.0
1221.0 900.0 20.0 10.0
939.0 891.0 20.0 10.0
889.0 1223.0 20.0 10.0
166.0 352.0 20.0 10.0
1048.0 1091.0 20.0 10.0
642.0 733.0 20.0 10.0
1254.0 1349.0 20.0 10.0
1113.0 569.0 20.0 10.0
273.0 622.0 20.0 10.0
1005.0 1768.0 20.0 10.0
1314.0 1381.0 20.0 10.0
910.0 695.0 20.0 10.0
1694.0 1665.0 20.0 10.0
637.0 724.0 20.0 10.0
1757.0 1689.0 20.0 10.0
1264.0 941.0 20.0 10.0
723.0 911.0 20.0 10.0
881.0 658.0 20.0 10.0
233.0 279.0 20.0 10.0
850.0 816.0 20.0 10.0
1435.0 1287.0 20.0 10.0
99.0 344.0 20.0 10.0
51.0 304.0 20.0 10.0
1186.0 938.0 20.0 10.0
1481.0 1498.0 20.0 10.0
867.0 802.0 20.0 10.0
746.0 552.0 20.0 10.0
1075.0 1261.0 20.0 10.0
758.0 1484.0 20.0 10.0
1077.0 1481.0 20.0 10.0
1046.0 939.0 20.0 10.0
559.0 579.0 20.0 10.0
1099.0 1235.0 20.0 10.0
1577.0 1415.0 20.0 10.0
844.0 1398.0 20.0 10.0
1496.0 1503.0 20.0 10.0
1239.0 1345.0 20.0 10.0
701.0 966.0 20.0 10.0
757.0 961.0 20.0 10.0
1040.0 1567.0 20.0 10.0
442.0 516.0 20.0 10.0
1499.0 1531.0 20.0 10.0
835.0 1349.0 20.0 10.0
1337.0 1255.0 20.0 10.0
1707.0 1388.0 20.0 10.0
28.0 288.0 20.0 10.0
669.0 540.0 20.0 10.0
289.0 743.0 20.0 10.0
701.0 923.0 20.0 10.0
1605.0 1407.0 20.0 10.0
1077.0 1241.0 20.0 10.0
1079.0 521.0 20.0 10.0
1738.0 1394.0 20.0 10.0
664.0 765.0 20.0 10.0
988.0 1126.0 20.0 10.0
756.0 567.0 20.0 10.0
1391.0 1345.0 20.0 10.0
173.0 425.0 20.0 10.0
83.0 296.0 20.0 10.0
1698.0 1507.0 20.0 10.0
274.0 418.0 20.0 10.0
929.0 875.0 20.0 10.0
1363.0 1439.0 20.0 10.0
956.0 1327.0 20.0 10.0
1002.0 1788.0 20.0 10.0
1088.0 1215.0 20.0 10.0
1373.0 1435.0 20.0 10.0
251.0 373.0 20.0 10.0
955.0 1226.0 20.0 10.0
340.0 745.0 20.0 10.0
217.0 237.0 20.0 10.0
1269.0 1281.0 20.0 10.0
1778.0 1538.0 20.0 10.0
827.0 1440.0 20.0 10.0
930.0 1315.0 20.0 10.0
665.0 987.0 20.0 10.0
1594.0 1460.0 20.0 10.0
252.0 409.0 20.0 10.0
669.0 983.0 20.0 10.0
1195.0 1285.0 20.0 10.0
1103.0 1482.0 20.0 10.0
227.0 446.0 20.0 10.0
944.0 843.0 20.0 10.0
1721.0 1686.0 20.0 10.0
997.0 1442.0 20.0 10.0
995.0 669.0 20.0 10.0
507.0 137.0 20.0 10.0
1513.0 1526.0 20.0 10.0
1147.0 1241.0 20.0 10.0
616.0 676.0 20.0 10.0
386.0 611.0 20.0 10.0
797.0 919.0 20.0 10.0
808.0 1384.0 20.0 10.0
420.0 464.0 20.0 10.0
1792.0 1691.0 20.0 10.0
1364.0 1407.0 20.0 10.0
895.0 670.0 20.0 10.0
1118.0 1288.0 20.0 10.0
1746.0 1713.0 20.0 10.0
1355.0 1246.0 20.0 10.0
865.0 807.0 20.0 10.0
168.0 371.0 20.0 10.0
1324.0 1392.0 20.0 10.0
519.0 93.0 20.0 10.0
1043.0 927.0 20.0 10.0
1122.0 523.0 20.0 10.0
991.0 1471.0 20.0 10.0
1065.0 1410.0 20.0 10.0
1035.0 1222.0 20.0 10.0
605.0 731.0 20.0 10.0
1133.0 623.0 20.0 10.0
258.0 449.0 20.0 10.0
1153.0 1232.0 20.0 10.0
677.0 512.0 20.0 10.0
1149.0 924.0 20.0 10.0
521.0 394.0 20.0 10.0
1172.0 1216.0 20.0 10.0
528.0 260.0 20.0 10.0
740.0 925.0 20.0 10.0
111.0 428.0 20.0 10.0
920.0 1315.0 20.0 10.0
297.0 455.0 20.0 10.0
349.0 507.0 20.0 10.0
1014.0 1727.0 20.0 10.0
315.0 611.0 20.0 10.0
1512.0 1490.0 20.0 10.0
405.0 445.0 20.0 10.0
1528.0 1374.0 20.0 10.0
852.0 1468.0 20.0 10.0
533.0 300.0 20.0 10.0
923.0 678.0 20.0 10.0
503.0 99.0 20.0 10.0
172.0 359.0 20.0 10.0
1092.0 533.0 20.0 10.0
1341.0 1373.0 20.0 10.0
1316.0 1337.0 20.0 10.0
1040.0 1573.0 20.0 10.0
1718.0 1528.0 20.0 10.0
829.0 867.0 20.0 10.0
515.0 142.0 20.0 10.0
1196.0 935.0 20.0 10.0
292.0 382.0 20.0 10.0
637.0 643.0 20.0 10.0
777.0 780.0 20.0 10.0
1039.0 908.0 20.0 10.0
420.0 494.0 20.0 10.0
1033.0 1672.0 20.0 10.0
1542.0 1385.0 20.0 10.0
259.0 346.0 20.0 10.0
81.0 424.0 20.0 10.0
1553.0 1453.0 20.0 10.0
1207.0 1084.0 20.0 10.0
1651.0 1459.0 20.0 10.0
958.0 673.0 20.0 10.0
647.0 676.0 20.0 10.0
1249.0 892.0 20.0 10.0
140.0 448.0 20.0 10.0
1298.0 937.0 20.0 10.0
1184.0 590.0 20.0 10.0
1330.0 1283.0 20.0 10.0
1032.0 1277.0 20.0 10.0
1635.0 1599.0 20.0 10.0
1114.0 1461.0 20.0 10.0
290.0 748.0 20.0 10.0
913.0 1364.0 20.0 10.0
807.0 1433.0 20.0 10.0
653.0 522.0 20.0 10.0
513.0 63.0 20.0 10.0
1046.0 1597.0 20.0 10.0
503.0 84.0 20.0 10.0
96.0 124.0 20.0 10.0
960.0 1706.0 20.0 10.0
51.0 341.0 20.0 10.0
953.0 1350.0 20.0 10.0
994.0 1492.0 20.0 10.0
1682.0 1475.0 20.0 10.0
1150.0 904.0 20.0 10.0
238.0 408.0 20.0 10.0
971.0 1258.0 20.0 10.0
644.0 531.0 20.0 10.0
161.0 202.0 20.0 10.0
968.0 836.0 20.0 10.0
1709.0 1649.0 20.0 10.0
1747.0 1371.0 20.0 10.0
742.0 1389.0 20.0 10.0
292.0 374.0 20.0 10.0
1632.0 1408.0 20.0 10.0
1316.0 938.0 20.0 10.0
1160.0 1262.0 20.0 10.0
1722.0 1456.0 20.0 10.0
654.0 999.0 20.0 10.0
968.0 1675.0 20.0 10.0
1598.0 1446.0 20.0 10.0
1005.0 1688.0 20.0 10.0
991.0 825.0 20.0 10.0
923.0 1369.0 20.0 10.0
209.0 431.0 20.0 10.0
982.0 1246.0 20.0 10.0
54.0 332.0 20.0 10.0
67.0 307.0 20.0 10.0
1101.0 1137.0 20.0 10.0
149.0 337.0 20.0 10.0
1143.0 504.0 20.0 10.0
202.0 211.0 20.0 10.0
1385.0 1425.0 20.0 10.0
936.0 1331.0 20.0 10.0
1033.0 934.0 20.0 10.0
506.0 160.0 20.0 10.0
348.0 710.0 20.0 10.0
496.0 52.0 20.0 10.0
1321.0 1326.0 20.0 10.0
1559.0 1470.0 20.0 10.0
575.0 758.0 20.0 10.0
1805.0 1535.0 20.0 10.0
1684.0 1466.0 20.0 10.0
659.0 551.0 20.0 10.0
350.0 491.0 20.0 10.0
1038.0 523.0 20.0 10.0
841.0 893.0 20.0 10.0
1085.0 906.0 20.0 10.0
1712.0 1675.0 20.0 10.0
202.0 464.0 20.0 10.0
651.0 622.0 20.0 10.0
62.0 276.0 20.0 10.0
1709.0 1474.0 20.0 10.0
1233.0 924.0 20.0 10.0
1222.0 1080.0 20.0 10.0
223.0 244.0 20.0 10.0
1036.0 1492.0 20.0 10.0
1726.0 1697.0 20.0 10.0
236.0 276.0 20.0 10.0
803.0 813.0 20.0 10.0
808.0 844.0 20.0 10.0
971.0 1602.0 20.0 10.0
959.0 1617.0 20.0 10.0
964.0 709.0 20.0 10.0
1049.0 1589.0 20.0 10.0
1764.0 1404.0 20.0 10.0
736.0 1399.0 20.0 10.0
739.0 528.0 20.0 10.0
1778.0 1677.0 20.0 10.0
276.0 630.0 20.0 10.0
620.0 763.0 20.0 10.0
1094.0 1484.0 20.0 10.0
1210.0 1286.0 20.0 10.0
1072.0 1412.0 20.0 10.0
1656.0 1392.0 20.0 10.0
631.0 608.0 20.0 10.0
773.0 581.0 20.0 10.0
646.0 504.0 20.0 10.0
783.0 826.0 20.0 10.0
205.0 279.0 20.0 10.0
1292.0 937.0 20.0 10.0
1381.0 1354.0 20.0 10.0
1305.0 1266.0 20.0 10.0
602.0 679.0 20.0 10.0
131.0 177.0 20.0 10.0
751.0 1483.0 20.0 10.0
1832.0 1545.0 20.0 10.0
780.0 754.0 20.0 10.0
524.0 235.0 20.0 10.0
272.0 355.0 20.0 10.0
1492.0 1496.0 20.0 10.0
694.0 678.0 20.0 10.0
1285.0 943.0 20.0 10.0
681.0 489.0 20.0 10.0
267.0 326.0 20.0 10.0
735.0 1405.0 20.0 10.0
672.0 484.0 20.0 10.0
754.0 854.0 20.0 10.0
1742.0 1465.0 20.0 10.0
1570.0 1362.0 20.0 10.0
1561.0 1533.0 20.0 10.0
53.0 313.0 20.0 10.0
1718.0 1519.0 20.0 10.0
980.0 1222.0 20.0 10.0
279.0 322.0 20.0 10.0
1766.0 1732.0 20.0 10.0
995.0 1711.0 20.0 10.0
1740.0 1706.0 20.0 10.0
1388.0 1371.0 20.0 10.0
1524.0 1544.0 20.0 10.0
1801.0 1693.0 20.0 10.0
892.0 1296.0 20.0 10.0
152.0 210.0 20.0 10.0
903.0 915.0 20.0 10.0
1572.0 1375.0 20.0 10.0
1252.0 911.0 20.0 10.0
919.0 656.0 20.0 10.0
581.0 767.0 20.0 10.0
237.0 413.0 20.0 10.0
130.0 168.0 20.0 10.0
1116.0 528.0 20.0 10.0
1199.0 1255.0 20.0 10.0
998.0 1640.0 20.0 10.0
1498.0 1522.0 20.0 10.0
890.0 1308.0 20.0 10.0
866.0 866.0 20.0 10.0
1253.0 901.0 20.0 10.0
1791.0 1740.0 20.0 10.0
944.0 1253.0 20.0 10.0
956.0 1217.0 20.0 10.0
496.0 589.0 20.0 10.0
1040.0 1694.0 20.0 10.0
1004.0 897.0 20.0 10.0
710.0 591.0 20.0 10.0
947.0 1300.0 20.0 10.0
1373.0 1454.0 20.0 10.0
1193.0 904.0 20.0 10.0
1773.0 1380.0 20.0 10.0
1654.0 1620.0 20.0 10.0
1253.0 942.0 20.0 10.0
105.0 297.0 20.0 10.0
1054.0 545.0 20.0 10.0
1342.0 1320.0 20.0 10.0
1115.0 505.0 20.0 10.0
88.0 298.0 20.0 10.0
816.0 1402.0 20.0 10.0
1712.0 1460.0 20.0 10.0
81.0 417.0 20.0 10.0
255.0 274.0 20.0 10.0
498.0 25.0 20.0 10.0
1699.0 1389.0 20.0 10.0
1208.0 899.0 20.0 10.0
140.0 174.0 20.0 10.0
1579.0 1486.0 20.0 10.0
656.0 739.0 20.0 10.0
725.0 969.0 20.0 10.0
1204.0 886.0 20.0 10.0
319.0 596.0 20.0 10.0
1702.0 1489.0 20.0 10.0
491.0 133.0 20.0 10.0
120.0 192.0 20.0 10.0
536.0 386.0 20.0 10.0
867.0 890.0 20.0 10.0
1104.0 1502.0 20.0 10.0
630.0 769.0 20.0 10.0
1130.0 1310.0 20.0 10.0
1547.0 1508.0 20.0 10.0
1202.0 1085.0 20.0 10.0
837.0 884.0 20.0 10.0
56.0 413.0 20.0 10.0
1819.0 1707.0 20.0 10.0
906.0 775.0 20.0 10.0
839.0 910.0 20.0 10.0
937.0 882.0 20.0 10.0
176.0 474.0 20.0 10.0
967.0 1666.0 20.0 10.0
25.0 297.0 20.0 10.0
717.0 934.0 20.0 10.0
938.0 961.0 20.0 10.0
580.0 681.0 20.0 10.0
906.0 762.0 20.0 10.0
1657.0 1381.0 20.0 10.0
511.0 490.0 20.0 10.0
605.0 781.0 20.0 10.0
712.0 562.0 20.0 10.0
1125.0 1263.0 20.0 10.0
1043.0 1614.0 20.0 10.0
1636.0 1454.0 20.0 10.0
310.0 687.0 20.0 10.0
358.0 479.0 20.0 10.0
986.0 1272.0 20.0 10.0
704.0 714.0 20.0 10.0
731.0 1500.0 20.0 10.0
936.0 732.0 20.0 10.0
1128.0 542.0 20.0 10.0
1289.0 1265.0 20.0 10.0
759.0 771.0 20.0 10.0
310.0 390.0 20.0 10.0
508.0 465.0 20.0 10.0
1137.0 1306.0 20.0 10.0
1092.0 1415.0 20.0 10.0
978.0 1584.0 20.0 10.0
846.0 1387.0 20.0 10.0
977.0 723.0 20.0 10.0
202.0 386.0 20.0 10.0
1091.0 1453.0 20.0 10.0
1665.0 1481.0 20.0 10.0
1027.0 1197.0 20.0 10.0
1001.0 731.0 20.0 10.0
1837.0 1722.0 20.0 10.0
660.0 695.0 20.0 10.0
801.0 1364.0 20.0 10.0
1253.0 1357.0 20.0 10.0
