1000
873.0 532.0 20.0 10.0
3795.0 3060.0 20.0 10.0
3287.0 2648.0 20.0 10.0
2508.0 2846.0 20.0 10.0
2193.0 2588.0 20.0 10.0
437.0 682.0 20.0 10.0
267.0 518.0 20.0 10.0
306.0 461.0 20.0 10.0
314.0 473.0 20.0 10.0
1650.0 1835.0 20.0 10.0
2358.0 2875.0 20.0 10.0
640.0 1851.0 20.0 10.0
692.0 1991.0 20.0 10.0
698.0 1963.0 20.0 10.0
1461.0 720.0 20.0 10.0
1463.0 658.0 20.0 10.0
43.0 490.0 20.0 10.0
1385.0 2840.0 20.0 10.0
1391.0 2861.0 20.0 10.0
1634.0 2881.0 20.0 10.0
1579.0 2883.0 20.0 10.0
291.0 1662.0 20.0 10.0
444.0 2038.0 20.0 10.0
1308.0 2947.0 20.0 10.0
1011.0 765.0 20.0 10.0
1638.0 1175.0 20.0 10.0
1016.0 519.0 20.0 10.0
1034.0 538.0 20.0 10.0
365.0 2182.0 20.0 10.0
2765.0 2785.0 20.0 10.0
518.0 2905.0 20.0 10.0
1836.0 2924.0 20.0 10.0
256.0 1669.0 20.0 10.0
2756.0 2800.0 20.0 10.0
233.0 1765.0 20.0 10.0
621.0 130.0 20.0 10.0
2040.0 2937.0 20.0 10.0
987.0 1714.0 20.0 10.0
3520.0 2922.0 20.0 10.0
3491.0 2932.0 20.0 10.0
2465.0 227.0 20.0 10.0
2438.0 231.0 20.0 10.0
2718.0 2833.0 20.0 10.0
686.0 2612.0 20.0 10.0
3936.0 3120.0 20.0 10.0
1267.0 947.0 20.0 10.0
3326.0 2593.0 20.0 10.0
287.0 458.0 20.0 10.0
1231.0 520.0 20.0 10.0
1431.0 2925.0 20.0 10.0
942.0 476.0 20.0 10.0
3412.0 2501.0 20.0 10.0
2182.0 2863.0 20.0 10.0
1382.0 1017.0 20.0 10.0
1363.0 999.0 20.0 10.0
1232.0 561.0 20.0 10.0
2637.0 2839.0 20.0 10.0
2616.0 2855.0 20.0 10.0
2590.0 2844.0 20.0 10.0
368.0 2190.0 20.0 10.0
3597.0 2964.0 20.0 10.0
84.0 1477.0 20.0 10.0
954.0 857.0 20.0 10.0
776.0 2148.0 20.0 10.0
750.0 2148.0 20.0 10.0
1448.0 1832.0 20.0 10.0
3697.0 2920.0 20.0 10.0
3668.0 2939.0 20.0 10.0
313.0 711.0 20.0 10.0
193.0 2235.0 20.0 10.0
215.0 2206.0 20.0 10.0
1358.0 1061.0 20.0 10.0
2295.0 613.0 20.0 10.0
2977.0 2833.0 20.0 10.0
2904.0 2836.0 20.0 10.0
3772.0 2853.0 20.0 10.0
580.0 2637.0 20.0 10.0
948.0 570.0 20.0 10.0
251.0 2971.0 20.0 10.0
1661.0 539.0 20.0 10.0
1227.0 1017.0 20.0 10.0
1311.0 1797.0 20.0 10.0
1341.0 1812.0 20.0 10.0
3718.0 2904.0 20.0 10.0
572.0 2651.0 20.0 10.0
1485.0 1838.0 20.0 10.0
1566.0 1081.0 20.0 10.0
1631.0 1276.0 20.0 10.0
1628.0 1259.0 20.0 10.0
2177.0 2569.0 20.0 10.0
3752.0 3043.0 20.0 10.0
2242.0 2666.0 20.0 10.0
1310.0 2921.0 20.0 10.0
1327.0 2906.0 20.0 10.0
1627.0 1890.0 20.0 10.0
697.0 2025.0 20.0 10.0
289.0 484.0 20.0 10.0
665.0 2869.0 20.0 10.0
670.0 258.0 20.0 10.0
699.0 267.0 20.0 10.0
739.0 280.0 20.0 10.0
271.0 2976.0 20.0 10.0
3790.0 2887.0 20.0 10.0
415.0 3055.0 20.0 10.0
3517.0 2944.0 20.0 10.0
3145.0 2815.0 20.0 10.0
1546.0 1816.0 20.0 10.0
1565.0 1841.0 20.0 10.0
343.0 728.0 20.0 10.0
1043.0 1627.0 20.0 10.0
422.0 1983.0 20.0 10.0
944.0 543.0 20.0 10.0
966.0 533.0 20.0 10.0
2290.0 2714.0 20.0 10.0
675.0 197.0 20.0 10.0
587.0 2071.0 20.0 10.0
2398.0 154.0 20.0 10.0
1273.0 2933.0 20.0 10.0
3347.0 2508.0 20.0 10.0
1629.0 1804.0 20.0 10.0
424.0 3039.0 20.0 10.0
407.0 2502.0 20.0 10.0
1845.0 2947.0 20.0 10.0
2130.0 633.0 20.0 10.0
335.0 660.0 20.0 10.0
2084.0 3067.0 20.0 10.0
1050.0 1677.0 20.0 10.0
1025.0 1680.0 20.0 10.0
603.0 101.0 20.0 10.0
2530.0 211.0 20.0 10.0
2232.0 2631.0 20.0 10.0
2765.0 2860.0 20.0 10.0
2750.0 2841.0 20.0 10.0
2670.0 2843.0 20.0 10.0
3190.0 2752.0 20.0 10.0
1997.0 376.0 20.0 10.0
185.0 1763.0 20.0 10.0
638.0 111.0 20.0 10.0
663.0 2881.0 20.0 10.0
688.0 2879.0 20.0 10.0
2005.0 2916.0 20.0 10.0
1481.0 1960.0 20.0 10.0
1403.0 600.0 20.0 10.0
3256.0 2922.0 20.0 10.0
1703.0 1275.0 20.0 10.0
2175.0 2526.0 20.0 10.0
2457.0 84.0 20.0 10.0
153.0 855.0 20.0 10.0
2813.0 2879.0 20.0 10.0
2798.0 2871.0 20.0 10.0
2039.0 381.0 20.0 10.0
698.0 542.0 20.0 10.0
462.0 567.0 20.0 10.0
2515.0 2875.0 20.0 10.0
312.0 1750.0 20.0 10.0
335.0 1795.0 20.0 10.0
370.0 1838.0 20.0 10.0
405.0 1880.0 20.0 10.0
3404.0 2901.0 20.0 10.0
2242.0 600.0 20.0 10.0
2216.0 592.0 20.0 10.0
1341.0 1017.0 20.0 10.0
3348.0 2487.0 20.0 10.0
1618.0 1138.0 20.0 10.0
158.0 829.0 20.0 10.0
3418.0 2475.0 20.0 10.0
3407.0 2494.0 20.0 10.0
3398.0 2510.0 20.0 10.0
245.0 2178.0 20.0 10.0
1006.0 1655.0 20.0 10.0
1276.0 1760.0 20.0 10.0
133.0 1471.0 20.0 10.0
3251.0 2912.0 20.0 10.0
1083.0 2849.0 20.0 10.0
546.0 2653.0 20.0 10.0
129.0 819.0 20.0 10.0
1301.0 1012.0 20.0 10.0
2446.0 88.0 20.0 10.0
1999.0 533.0 20.0 10.0
3236.0 2897.0 20.0 10.0
3222.0 2880.0 20.0 10.0
3462.0 2926.0 20.0 10.0
3433.0 2916.0 20.0 10.0
1742.0 1823.0 20.0 10.0
1716.0 1822.0 20.0 10.0
3353.0 2567.0 20.0 10.0
3342.0 2589.0 20.0 10.0
834.0 407.0 20.0 10.0
2017.0 2873.0 20.0 10.0
1935.0 2875.0 20.0 10.0
1113.0 830.0 20.0 10.0
1267.0 825.0 20.0 10.0
1316.0 829.0 20.0 10.0
349.0 716.0 20.0 10.0
500.0 2926.0 20.0 10.0
242.0 503.0 20.0 10.0
825.0 1796.0 20.0 10.0
1650.0 1743.0 20.0 10.0
3187.0 2844.0 20.0 10.0
2506.0 223.0 20.0 10.0
248.0 787.0 20.0 10.0
37.0 3032.0 20.0 10.0
734.0 250.0 20.0 10.0
1585.0 588.0 20.0 10.0
652.0 2046.0 20.0 10.0
2472.0 131.0 20.0 10.0
378.0 594.0 20.0 10.0
3252.0 2862.0 20.0 10.0
2151.0 2902.0 20.0 10.0
670.0 188.0 20.0 10.0
1837.0 2897.0 20.0 10.0
1852.0 2877.0 20.0 10.0
338.0 1764.0 20.0 10.0
1569.0 567.0 20.0 10.0
1547.0 570.0 20.0 10.0
3415.0 2507.0 20.0 10.0
2728.0 2807.0 20.0 10.0
512.0 1993.0 20.0 10.0
549.0 2020.0 20.0 10.0
660.0 2149.0 20.0 10.0
547.0 2904.0 20.0 10.0
1587.0 1032.0 20.0 10.0
249.0 2157.0 20.0 10.0
2449.0 130.0 20.0 10.0
2422.0 128.0 20.0 10.0
543.0 2604.0 20.0 10.0
365.0 2961.0 20.0 10.0
1773.0 1859.0 20.0 10.0
2244.0 271.0 20.0 10.0
3763.0 2861.0 20.0 10.0
684.0 2625.0 20.0 10.0
2275.0 612.0 20.0 10.0
3952.0 3128.0 20.0 10.0
217.0 448.0 20.0 10.0
1481.0 2908.0 20.0 10.0
818.0 375.0 20.0 10.0
3254.0 2653.0 20.0 10.0
466.0 2936.0 20.0 10.0
266.0 1771.0 20.0 10.0
3155.0 2789.0 20.0 10.0
55.0 1381.0 20.0 10.0
50.0 1407.0 20.0 10.0
75.0 1417.0 20.0 10.0
3422.0 2513.0 20.0 10.0
3402.0 2523.0 20.0 10.0
1560.0 2862.0 20.0 10.0
3712.0 3020.0 20.0 10.0
3688.0 3007.0 20.0 10.0
3643.0 2987.0 20.0 10.0
1096.0 1628.0 20.0 10.0
1771.0 2879.0 20.0 10.0
630.0 2606.0 20.0 10.0
1516.0 873.0 20.0 10.0
2264.0 2858.0 20.0 10.0
995.0 1652.0 20.0 10.0
3806.0 2885.0 20.0 10.0
611.0 71.0 20.0 10.0
1323.0 1837.0 20.0 10.0
1814.0 477.0 20.0 10.0
437.0 624.0 20.0 10.0
479.0 592.0 20.0 10.0
394.0 656.0 20.0 10.0
1613.0 2876.0 20.0 10.0
2407.0 240.0 20.0 10.0
2381.0 253.0 20.0 10.0
2349.0 244.0 20.0 10.0
1224.0 2818.0 20.0 10.0
643.0 1873.0 20.0 10.0
2696.0 2847.0 20.0 10.0
3218.0 2658.0 20.0 10.0
1254.0 1786.0 20.0 10.0
2438.0 2873.0 20.0 10.0
1039.0 770.0 20.0 10.0
1082.0 786.0 20.0 10.0
2154.0 2407.0 20.0 10.0
404.0 2935.0 20.0 10.0
253.0 1801.0 20.0 10.0
576.0 94.0 20.0 10.0
1326.0 2935.0 20.0 10.0
658.0 550.0 20.0 10.0
425.0 651.0 20.0 10.0
1623.0 1123.0 20.0 10.0
988.0 457.0 20.0 10.0
2778.0 2834.0 20.0 10.0
2548.0 196.0 20.0 10.0
2522.0 199.0 20.0 10.0
2501.0 208.0 20.0 10.0
1068.0 1627.0 20.0 10.0
1032.0 1653.0 20.0 10.0
996.0 1683.0 20.0 10.0
373.0 2163.0 20.0 10.0
384.0 2132.0 20.0 10.0
390.0 2094.0 20.0 10.0
396.0 2053.0 20.0 10.0
646.0 2127.0 20.0 10.0
1007.0 1630.0 20.0 10.0
695.0 202.0 20.0 10.0
3734.0 2880.0 20.0 10.0
1935.0 426.0 20.0 10.0
1464.0 595.0 20.0 10.0
1377.0 586.0 20.0 10.0
117.0 2307.0 20.0 10.0
299.0 1785.0 20.0 10.0
2028.0 3038.0 20.0 10.0
3050.0 2830.0 20.0 10.0
890.0 923.0 20.0 10.0
249.0 1791.0 20.0 10.0
275.0 1803.0 20.0 10.0
2534.0 2854.0 20.0 10.0
1028.0 791.0 20.0 10.0
901.0 911.0 20.0 10.0
912.0 897.0 20.0 10.0
2163.0 2872.0 20.0 10.0
531.0 2689.0 20.0 10.0
549.0 2691.0 20.0 10.0
567.0 2691.0 20.0 10.0
598.0 2559.0 20.0 10.0
878.0 2829.0 20.0 10.0
988.0 479.0 20.0 10.0
1001.0 498.0 20.0 10.0
176.0 1574.0 20.0 10.0
2069.0 3043.0 20.0 10.0
2052.0 3024.0 20.0 10.0
1578.0 2912.0 20.0 10.0
403.0 1767.0 20.0 10.0
2300.0 247.0 20.0 10.0
623.0 2068.0 20.0 10.0
428.0 1778.0 20.0 10.0
2145.0 2370.0 20.0 10.0
1364.0 815.0 20.0 10.0
1486.0 1936.0 20.0 10.0
652.0 2683.0 20.0 10.0
3162.0 2856.0 20.0 10.0
3140.0 2842.0 20.0 10.0
1671.0 1217.0 20.0 10.0
1661.0 1203.0 20.0 10.0
1157.0 1544.0 20.0 10.0
1505.0 861.0 20.0 10.0
706.0 235.0 20.0 10.0
1391.0 2910.0 20.0 10.0
1401.0 2888.0 20.0 10.0
2044.0 541.0 20.0 10.0
2169.0 2486.0 20.0 10.0
3872.0 3073.0 20.0 10.0
1596.0 1063.0 20.0 10.0
1574.0 1050.0 20.0 10.0
1068.0 2823.0 20.0 10.0
411.0 1751.0 20.0 10.0
1852.0 2964.0 20.0 10.0
170.0 842.0 20.0 10.0
1054.0 1732.0 20.0 10.0
2281.0 609.0 20.0 10.0
602.0 50.0 20.0 10.0
466.0 544.0 20.0 10.0
570.0 2614.0 20.0 10.0
721.0 186.0 20.0 10.0
2345.0 2853.0 20.0 10.0
2051.0 620.0 20.0 10.0
2029.0 621.0 20.0 10.0
2010.0 608.0 20.0 10.0
2010.0 578.0 20.0 10.0
168.0 2255.0 20.0 10.0
660.0 1902.0 20.0 10.0
52.0 3028.0 20.0 10.0
1512.0 893.0 20.0 10.0
400.0 595.0 20.0 10.0
697.0 2171.0 20.0 10.0
2030.0 664.0 20.0 10.0
2015.0 403.0 20.0 10.0
1988.0 389.0 20.0 10.0
366.0 2061.0 20.0 10.0
88.0 2273.0 20.0 10.0
116.0 2280.0 20.0 10.0
389.0 1786.0 20.0 10.0
375.0 1809.0 20.0 10.0
1088.0 1738.0 20.0 10.0
212.0 514.0 20.0 10.0
225.0 515.0 20.0 10.0
253.0 521.0 20.0 10.0
301.0 521.0 20.0 10.0
1951.0 530.0 20.0 10.0
225.0 496.0 20.0 10.0
1637.0 1208.0 20.0 10.0
319.0 2063.0 20.0 10.0
2477.0 226.0 20.0 10.0
3763.0 3024.0 20.0 10.0
1597.0 1042.0 20.0 10.0
2394.0 236.0 20.0 10.0
2047.0 357.0 20.0 10.0
2212.0 323.0 20.0 10.0
1899.0 402.0 20.0 10.0
1888.0 409.0 20.0 10.0
1867.0 421.0 20.0 10.0
1851.0 439.0 20.0 10.0
1833.0 458.0 20.0 10.0
2100.0 2868.0 20.0 10.0
559.0 75.0 20.0 10.0
2052.0 2997.0 20.0 10.0
779.0 1822.0 20.0 10.0
160.0 1518.0 20.0 10.0
2440.0 102.0 20.0 10.0
2215.0 280.0 20.0 10.0
2187.0 298.0 20.0 10.0
2128.0 328.0 20.0 10.0
354.0 686.0 20.0 10.0
2399.0 185.0 20.0 10.0
1960.0 560.0 20.0 10.0
923.0 1717.0 20.0 10.0
916.0 1745.0 20.0 10.0
871.0 1771.0 20.0 10.0
633.0 2630.0 20.0 10.0
1868.0 3006.0 20.0 10.0
290.0 1678.0 20.0 10.0
1610.0 1865.0 20.0 10.0
678.0 2047.0 20.0 10.0
3653.0 2930.0 20.0 10.0
3633.0 2951.0 20.0 10.0
423.0 2517.0 20.0 10.0
1634.0 1235.0 20.0 10.0
684.0 1874.0 20.0 10.0
3753.0 2907.0 20.0 10.0
3727.0 2916.0 20.0 10.0
1159.0 2841.0 20.0 10.0
690.0 2594.0 20.0 10.0
2272.0 2738.0 20.0 10.0
205.0 1762.0 20.0 10.0
1871.0 2957.0 20.0 10.0
62.0 866.0 20.0 10.0
1794.0 496.0 20.0 10.0
1900.0 520.0 20.0 10.0
700.0 2016.0 20.0 10.0
672.0 2019.0 20.0 10.0
2296.0 2668.0 20.0 10.0
315.0 2958.0 20.0 10.0
1411.0 535.0 20.0 10.0
1624.0 1254.0 20.0 10.0
1375.0 1817.0 20.0 10.0
2029.0 2904.0 20.0 10.0
3414.0 2922.0 20.0 10.0
1204.0 1556.0 20.0 10.0
1156.0 839.0 20.0 10.0
3282.0 2663.0 20.0 10.0
678.0 220.0 20.0 10.0
127.0 1495.0 20.0 10.0
125.0 1523.0 20.0 10.0
151.0 1547.0 20.0 10.0
86.0 3014.0 20.0 10.0
101.0 3014.0 20.0 10.0
118.0 3013.0 20.0 10.0
1963.0 406.0 20.0 10.0
188.0 812.0 20.0 10.0
1126.0 505.0 20.0 10.0
388.0 2121.0 20.0 10.0
355.0 2085.0 20.0 10.0
726.0 2851.0 20.0 10.0
1280.0 1798.0 20.0 10.0
3350.0 2502.0 20.0 10.0
1701.0 2870.0 20.0 10.0
627.0 2710.0 20.0 10.0
654.0 2709.0 20.0 10.0
697.0 1905.0 20.0 10.0
799.0 2778.0 20.0 10.0
675.0 2662.0 20.0 10.0
701.0 1936.0 20.0 10.0
903.0 2833.0 20.0 10.0
655.0 2088.0 20.0 10.0
1389.0 995.0 20.0 10.0
1311.0 989.0 20.0 10.0
1319.0 965.0 20.0 10.0
3315.0 2618.0 20.0 10.0
25.0 1408.0 20.0 10.0
966.0 471.0 20.0 10.0
725.0 252.0 20.0 10.0
291.0 2957.0 20.0 10.0
503.0 2573.0 20.0 10.0
531.0 2598.0 20.0 10.0
565.0 2625.0 20.0 10.0
605.0 2653.0 20.0 10.0
86.0 896.0 20.0 10.0
91.0 867.0 20.0 10.0
2178.0 2544.0 20.0 10.0
3768.0 3049.0 20.0 10.0
1631.0 546.0 20.0 10.0
926.0 882.0 20.0 10.0
741.0 296.0 20.0 10.0
1529.0 2849.0 20.0 10.0
800.0 538.0 20.0 10.0
1631.0 1861.0 20.0 10.0
2048.0 2967.0 20.0 10.0
169.0 1761.0 20.0 10.0
2012.0 643.0 20.0 10.0
1062.0 2860.0 20.0 10.0
1674.0 2846.0 20.0 10.0
550.0 2049.0 20.0 10.0
633.0 97.0 20.0 10.0
1372.0 983.0 20.0 10.0
925.0 2818.0 20.0 10.0
1215.0 1032.0 20.0 10.0
172.0 510.0 20.0 10.0
210.0 518.0 20.0 10.0
2027.0 542.0 20.0 10.0
473.0 620.0 20.0 10.0
523.0 561.0 20.0 10.0
590.0 556.0 20.0 10.0
70.0 3024.0 20.0 10.0
2294.0 2681.0 20.0 10.0
2550.0 2892.0 20.0 10.0
2532.0 2880.0 20.0 10.0
1915.0 434.0 20.0 10.0
1892.0 446.0 20.0 10.0
3247.0 2890.0 20.0 10.0
432.0 671.0 20.0 10.0
25.0 3035.0 20.0 10.0
230.0 1633.0 20.0 10.0
2299.0 2658.0 20.0 10.0
2084.0 555.0 20.0 10.0
973.0 433.0 20.0 10.0
420.0 1739.0 20.0 10.0
639.0 2621.0 20.0 10.0
653.0 2653.0 20.0 10.0
667.0 2688.0 20.0 10.0
1622.0 1918.0 20.0 10.0
734.0 2725.0 20.0 10.0
1414.0 832.0 20.0 10.0
3382.0 2824.0 20.0 10.0
3369.0 2827.0 20.0 10.0
531.0 1919.0 20.0 10.0
528.0 1943.0 20.0 10.0
475.0 1965.0 20.0 10.0
2102.0 619.0 20.0 10.0
2263.0 2683.0 20.0 10.0
633.0 2101.0 20.0 10.0
902.0 475.0 20.0 10.0
947.0 524.0 20.0 10.0
1682.0 558.0 20.0 10.0
224.0 755.0 20.0 10.0
1659.0 1874.0 20.0 10.0
517.0 1881.0 20.0 10.0
1100.0 1603.0 20.0 10.0
2189.0 2713.0 20.0 10.0
778.0 327.0 20.0 10.0
3751.0 2870.0 20.0 10.0
2254.0 2703.0 20.0 10.0
1686.0 2926.0 20.0 10.0
310.0 1813.0 20.0 10.0
3775.0 2893.0 20.0 10.0
678.0 2185.0 20.0 10.0
213.0 2985.0 20.0 10.0
1697.0 1331.0 20.0 10.0
605.0 2697.0 20.0 10.0
140.0 853.0 20.0 10.0
2229.0 600.0 20.0 10.0
1918.0 558.0 20.0 10.0
1417.0 2901.0 20.0 10.0
1738.0 2871.0 20.0 10.0
1925.0 530.0 20.0 10.0
1237.0 2850.0 20.0 10.0
93.0 3019.0 20.0 10.0
186.0 2199.0 20.0 10.0
1742.0 514.0 20.0 10.0
1433.0 814.0 20.0 10.0
1389.0 518.0 20.0 10.0
2066.0 359.0 20.0 10.0
2523.0 228.0 20.0 10.0
423.0 636.0 20.0 10.0
407.0 619.0 20.0 10.0
1721.0 2870.0 20.0 10.0
987.0 567.0 20.0 10.0
994.0 539.0 20.0 10.0
3374.0 2899.0 20.0 10.0
3817.0 3047.0 20.0 10.0
3776.0 3036.0 20.0 10.0
588.0 2626.0 20.0 10.0
3863.0 3102.0 20.0 10.0
192.0 777.0 20.0 10.0
859.0 425.0 20.0 10.0
456.0 2539.0 20.0 10.0
1224.0 1009.0 20.0 10.0
1235.0 1003.0 20.0 10.0
203.0 1603.0 20.0 10.0
2524.0 221.0 20.0 10.0
102.0 1500.0 20.0 10.0
1383.0 560.0 20.0 10.0
329.0 683.0 20.0 10.0
335.0 2945.0 20.0 10.0
2887.0 2829.0 20.0 10.0
3733.0 3024.0 20.0 10.0
1673.0 2905.0 20.0 10.0
517.0 2963.0 20.0 10.0
1984.0 553.0 20.0 10.0
927.0 475.0 20.0 10.0
1594.0 1125.0 20.0 10.0
1596.0 1096.0 20.0 10.0
3328.0 2877.0 20.0 10.0
3306.0 2870.0 20.0 10.0
3286.0 2851.0 20.0 10.0
2302.0 2676.0 20.0 10.0
1609.0 1833.0 20.0 10.0
732.0 1848.0 20.0 10.0
144.0 802.0 20.0 10.0
1172.0 814.0 20.0 10.0
1411.0 1824.0 20.0 10.0
3213.0 2739.0 20.0 10.0
955.0 615.0 20.0 10.0
661.0 260.0 20.0 10.0
1420.0 2872.0 20.0 10.0
1368.0 2864.0 20.0 10.0
1318.0 2856.0 20.0 10.0
3861.0 3052.0 20.0 10.0
1412.0 802.0 20.0 10.0
1577.0 1020.0 20.0 10.0
1556.0 999.0 20.0 10.0
1551.0 967.0 20.0 10.0
1535.0 946.0 20.0 10.0
1880.0 403.0 20.0 10.0
2282.0 2719.0 20.0 10.0
3305.0 2576.0 20.0 10.0
1180.0 560.0 20.0 10.0
1205.0 564.0 20.0 10.0
1344.0 990.0 20.0 10.0
1345.0 2953.0 20.0 10.0
682.0 160.0 20.0 10.0
688.0 178.0 20.0 10.0
67.0 511.0 20.0 10.0
2364.0 204.0 20.0 10.0
2336.0 214.0 20.0 10.0
693.0 310.0 20.0 10.0
3218.0 2679.0 20.0 10.0
987.0 696.0 20.0 10.0
3363.0 2559.0 20.0 10.0
3224.0 2716.0 20.0 10.0
336.0 2061.0 20.0 10.0
824.0 2824.0 20.0 10.0
93.0 2291.0 20.0 10.0
25.0 504.0 20.0 10.0
1597.0 1741.0 20.0 10.0
1591.0 1769.0 20.0 10.0
1599.0 1799.0 20.0 10.0
3286.0 2675.0 20.0 10.0
2476.0 68.0 20.0 10.0
111.0 507.0 20.0 10.0
48.0 518.0 20.0 10.0
1868.0 2995.0 20.0 10.0
1868.0 2982.0 20.0 10.0
1424.0 574.0 20.0 10.0
1407.0 554.0 20.0 10.0
1259.0 972.0 20.0 10.0
208.0 487.0 20.0 10.0
460.0 3047.0 20.0 10.0
2783.0 2800.0 20.0 10.0
1316.0 867.0 20.0 10.0
1155.0 472.0 20.0 10.0
1146.0 481.0 20.0 10.0
2155.0 2418.0 20.0 10.0
2067.0 553.0 20.0 10.0
586.0 2044.0 20.0 10.0
2146.0 655.0 20.0 10.0
940.0 865.0 20.0 10.0
2466.0 97.0 20.0 10.0
1676.0 1233.0 20.0 10.0
235.0 2199.0 20.0 10.0
2077.0 3056.0 20.0 10.0
1110.0 524.0 20.0 10.0
1317.0 1865.0 20.0 10.0
3709.0 2890.0 20.0 10.0
1523.0 1848.0 20.0 10.0
917.0 1693.0 20.0 10.0
459.0 2916.0 20.0 10.0
2553.0 2902.0 20.0 10.0
2182.0 2514.0 20.0 10.0
2197.0 2542.0 20.0 10.0
2207.0 2571.0 20.0 10.0
2218.0 2600.0 20.0 10.0
2185.0 2886.0 20.0 10.0
183.0 1549.0 20.0 10.0
1186.0 1562.0 20.0 10.0
1159.0 1573.0 20.0 10.0
1130.0 1587.0 20.0 10.0
260.0 482.0 20.0 10.0
723.0 201.0 20.0 10.0
621.0 1868.0 20.0 10.0
633.0 1896.0 20.0 10.0
580.0 1919.0 20.0 10.0
2205.0 2702.0 20.0 10.0
973.0 420.0 20.0 10.0
353.0 669.0 20.0 10.0
2176.0 2902.0 20.0 10.0
3573.0 2957.0 20.0 10.0
3544.0 2948.0 20.0 10.0
2861.0 2837.0 20.0 10.0
574.0 2692.0 20.0 10.0
596.0 2694.0 20.0 10.0
630.0 2689.0 20.0 10.0
478.0 2555.0 20.0 10.0
2275.0 259.0 20.0 10.0
147.0 3006.0 20.0 10.0
179.0 2996.0 20.0 10.0
1662.0 1750.0 20.0 10.0
1646.0 1773.0 20.0 10.0
1105.0 1741.0 20.0 10.0
2084.0 609.0 20.0 10.0
1120.0 551.0 20.0 10.0
1713.0 521.0 20.0 10.0
433.0 2063.0 20.0 10.0
140.0 509.0 20.0 10.0
2288.0 2694.0 20.0 10.0
998.0 453.0 20.0 10.0
1295.0 2970.0 20.0 10.0
299.0 2166.0 20.0 10.0
290.0 2136.0 20.0 10.0
1299.0 1026.0 20.0 10.0
978.0 2842.0 20.0 10.0
1002.0 2825.0 20.0 10.0
993.0 1741.0 20.0 10.0
225.0 2152.0 20.0 10.0
3808.0 3067.0 20.0 10.0
795.0 356.0 20.0 10.0
2369.0 183.0 20.0 10.0
409.0 531.0 20.0 10.0
1029.0 1739.0 20.0 10.0
996.0 1727.0 20.0 10.0
960.0 1718.0 20.0 10.0
2000.0 2971.0 20.0 10.0
1506.0 1878.0 20.0 10.0
1948.0 544.0 20.0 10.0
1486.0 839.0 20.0 10.0
1621.0 2860.0 20.0 10.0
1291.0 576.0 20.0 10.0
3787.0 2894.0 20.0 10.0
2823.0 2886.0 20.0 10.0
2297.0 2766.0 20.0 10.0
596.0 75.0 20.0 10.0
144.0 808.0 20.0 10.0
166.0 815.0 20.0 10.0
464.0 2897.0 20.0 10.0
489.0 2914.0 20.0 10.0
1915.0 584.0 20.0 10.0
967.0 657.0 20.0 10.0
498.0 615.0 20.0 10.0
1541.0 2931.0 20.0 10.0
3668.0 2999.0 20.0 10.0
377.0 680.0 20.0 10.0
1348.0 1039.0 20.0 10.0
589.0 47.0 20.0 10.0
1686.0 1311.0 20.0 10.0
1676.0 1294.0 20.0 10.0
1703.0 2942.0 20.0 10.0
601.0 2679.0 20.0 10.0
1459.0 783.0 20.0 10.0
1011.0 733.0 20.0 10.0
139.0 516.0 20.0 10.0
153.0 513.0 20.0 10.0
1526.0 2883.0 20.0 10.0
1670.0 2860.0 20.0 10.0
1439.0 835.0 20.0 10.0
2264.0 606.0 20.0 10.0
1846.0 510.0 20.0 10.0
3745.0 2899.0 20.0 10.0
897.0 855.0 20.0 10.0
914.0 857.0 20.0 10.0
2775.0 2860.0 20.0 10.0
1346.0 960.0 20.0 10.0
1327.0 936.0 20.0 10.0
606.0 2886.0 20.0 10.0
2427.0 2849.0 20.0 10.0
2408.0 247.0 20.0 10.0
699.0 2713.0 20.0 10.0
749.0 2745.0 20.0 10.0
2187.0 309.0 20.0 10.0
2158.0 312.0 20.0 10.0
350.0 2204.0 20.0 10.0
43.0 503.0 20.0 10.0
61.0 503.0 20.0 10.0
84.0 507.0 20.0 10.0
1721.0 1852.0 20.0 10.0
1689.0 1838.0 20.0 10.0
720.0 207.0 20.0 10.0
728.0 224.0 20.0 10.0
575.0 25.0 20.0 10.0
1486.0 2930.0 20.0 10.0
1254.0 1802.0 20.0 10.0
2366.0 149.0 20.0 10.0
2363.0 164.0 20.0 10.0
2348.0 185.0 20.0 10.0
1221.0 2841.0 20.0 10.0
3853.0 3093.0 20.0 10.0
3837.0 3068.0 20.0 10.0
3205.0 2863.0 20.0 10.0
1459.0 2832.0 20.0 10.0
1457.0 2843.0 20.0 10.0
1465.0 2865.0 20.0 10.0
1538.0 2871.0 20.0 10.0
1595.0 2932.0 20.0 10.0
1491.0 870.0 20.0 10.0
1137.0 491.0 20.0 10.0
107.0 828.0 20.0 10.0
3373.0 2490.0 20.0 10.0
1297.0 1006.0 20.0 10.0
415.0 575.0 20.0 10.0
611.0 2615.0 20.0 10.0
1557.0 1871.0 20.0 10.0
1522.0 2913.0 20.0 10.0
321.0 500.0 20.0 10.0
353.0 521.0 20.0 10.0
273.0 1666.0 20.0 10.0
267.0 1690.0 20.0 10.0
286.0 1707.0 20.0 10.0
2188.0 585.0 20.0 10.0
2156.0 578.0 20.0 10.0
2066.0 3077.0 20.0 10.0
1213.0 539.0 20.0 10.0
2052.0 3047.0 20.0 10.0
1886.0 391.0 20.0 10.0
2162.0 2462.0 20.0 10.0
1500.0 746.0 20.0 10.0
1484.0 734.0 20.0 10.0
618.0 2598.0 20.0 10.0
1686.0 1245.0 20.0 10.0
1246.0 988.0 20.0 10.0
3918.0 3113.0 20.0 10.0
387.0 602.0 20.0 10.0
2205.0 2619.0 20.0 10.0
351.0 2978.0 20.0 10.0
77.0 1446.0 20.0 10.0
1345.0 2882.0 20.0 10.0
236.0 464.0 20.0 10.0
263.0 469.0 20.0 10.0
289.0 2159.0 20.0 10.0
2029.0 372.0 20.0 10.0
2002.0 392.0 20.0 10.0
2373.0 152.0 20.0 10.0
2319.0 2794.0 20.0 10.0
3903.0 3087.0 20.0 10.0
3884.0 3065.0 20.0 10.0
3853.0 3054.0 20.0 10.0
729.0 545.0 20.0 10.0
2021.0 3048.0 20.0 10.0
1421.0 530.0 20.0 10.0
786.0 2830.0 20.0 10.0
314.0 2115.0 20.0 10.0
420.0 2512.0 20.0 10.0
361.0 697.0 20.0 10.0
1748.0 2870.0 20.0 10.0
1093.0 862.0 20.0 10.0
357.0 2188.0 20.0 10.0
1377.0 2843.0 20.0 10.0
367.0 2209.0 20.0 10.0
2336.0 2823.0 20.0 10.0
435.0 2924.0 20.0 10.0
283.0 2986.0 20.0 10.0
295.0 2979.0 20.0 10.0
680.0 2641.0 20.0 10.0
311.0 736.0 20.0 10.0
700.0 297.0 20.0 10.0
728.0 293.0 20.0 10.0
672.0 548.0 20.0 10.0
647.0 160.0 20.0 10.0
2131.0 640.0 20.0 10.0
2118.0 630.0 20.0 10.0
646.0 129.0 20.0 10.0
2065.0 599.0 20.0 10.0
2042.0 587.0 20.0 10.0
521.0 1897.0 20.0 10.0
440.0 1923.0 20.0 10.0
620.0 244.0 20.0 10.0
635.0 248.0 20.0 10.0
2231.0 592.0 20.0 10.0
1493.0 1908.0 20.0 10.0
1289.0 997.0 20.0 10.0
1299.0 985.0 20.0 10.0
1224.0 529.0 20.0 10.0
384.0 2933.0 20.0 10.0
2092.0 383.0 20.0 10.0
385.0 513.0 20.0 10.0
975.0 448.0 20.0 10.0
2738.0 2788.0 20.0 10.0
1058.0 1742.0 20.0 10.0
973.0 409.0 20.0 10.0
362.0 2971.0 20.0 10.0
388.0 2960.0 20.0 10.0
2852.0 2817.0 20.0 10.0
2828.0 2838.0 20.0 10.0
1080.0 876.0 20.0 10.0
1083.0 1730.0 20.0 10.0
95.0 2319.0 20.0 10.0
435.0 2524.0 20.0 10.0
673.0 2169.0 20.0 10.0
3384.0 2535.0 20.0 10.0
641.0 2888.0 20.0 10.0
2063.0 3064.0 20.0 10.0
719.0 2111.0 20.0 10.0
746.0 319.0 20.0 10.0
1283.0 2930.0 20.0 10.0
1296.0 2925.0 20.0 10.0
3737.0 2937.0 20.0 10.0
1473.0 2881.0 20.0 10.0
2417.0 2873.0 20.0 10.0
1679.0 1265.0 20.0 10.0
1289.0 926.0 20.0 10.0
1313.0 904.0 20.0 10.0
1080.0 1743.0 20.0 10.0
670.0 162.0 20.0 10.0
1398.0 516.0 20.0 10.0
1398.0 530.0 20.0 10.0
710.0 2875.0 20.0 10.0
2017.0 2954.0 20.0 10.0
119.0 870.0 20.0 10.0
1602.0 2927.0 20.0 10.0
1380.0 614.0 20.0 10.0
759.0 2130.0 20.0 10.0
733.0 2134.0 20.0 10.0
369.0 2972.0 20.0 10.0
3257.0 2682.0 20.0 10.0
3358.0 2860.0 20.0 10.0
3350.0 2835.0 20.0 10.0
1011.0 798.0 20.0 10.0
338.0 2004.0 20.0 10.0
353.0 2005.0 20.0 10.0
378.0 2001.0 20.0 10.0
405.0 2011.0 20.0 10.0
435.0 2009.0 20.0 10.0
193.0 1744.0 20.0 10.0
210.0 1751.0 20.0 10.0
2072.0 380.0 20.0 10.0
2566.0 2874.0 20.0 10.0
3213.0 2833.0 20.0 10.0
3846.0 3092.0 20.0 10.0
1214.0 2869.0 20.0 10.0
2429.0 111.0 20.0 10.0
896.0 1707.0 20.0 10.0
146.0 2275.0 20.0 10.0
1711.0 2939.0 20.0 10.0
3122.0 2827.0 20.0 10.0
1126.0 803.0 20.0 10.0
2122.0 567.0 20.0 10.0
214.0 810.0 20.0 10.0
216.0 787.0 20.0 10.0
928.0 606.0 20.0 10.0
1837.0 2859.0 20.0 10.0
3884.0 3100.0 20.0 10.0
137.0 872.0 20.0 10.0
942.0 1756.0 20.0 10.0
3343.0 2832.0 20.0 10.0
3318.0 2840.0 20.0 10.0
621.0 235.0 20.0 10.0
3214.0 2648.0 20.0 10.0
602.0 2584.0 20.0 10.0
247.0 762.0 20.0 10.0
277.0 737.0 20.0 10.0
422.0 3031.0 20.0 10.0
448.0 3029.0 20.0 10.0
444.0 3010.0 20.0 10.0
469.0 2996.0 20.0 10.0
493.0 2980.0 20.0 10.0
602.0 2577.0 20.0 10.0
716.0 326.0 20.0 10.0
3313.0 2882.0 20.0 10.0
2168.0 2547.0 20.0 10.0
688.0 2100.0 20.0 10.0
535.0 2936.0 20.0 10.0
1865.0 461.0 20.0 10.0
1203.0 848.0 20.0 10.0
1219.0 822.0 20.0 10.0
647.0 2629.0 20.0 10.0
1596.0 611.0 20.0 10.0
3356.0 2530.0 20.0 10.0
1186.0 1534.0 20.0 10.0
1086.0 864.0 20.0 10.0
1088.0 839.0 20.0 10.0
848.0 2811.0 20.0 10.0
2158.0 2439.0 20.0 10.0
165.0 3002.0 20.0 10.0
2152.0 2369.0 20.0 10.0
2150.0 2382.0 20.0 10.0
199.0 1737.0 20.0 10.0
1080.0 2833.0 20.0 10.0
1346.0 1029.0 20.0 10.0
3240.0 2695.0 20.0 10.0
1302.0 1768.0 20.0 10.0
310.0 2965.0 20.0 10.0
2021.0 2938.0 20.0 10.0
1423.0 2942.0 20.0 10.0
1403.0 2924.0 20.0 10.0
2023.0 645.0 20.0 10.0
934.0 829.0 20.0 10.0
2152.0 2399.0 20.0 10.0
235.0 1713.0 20.0 10.0
228.0 1739.0 20.0 10.0
245.0 2142.0 20.0 10.0
275.0 2145.0 20.0 10.0
1164.0 465.0 20.0 10.0
1301.0 2960.0 20.0 10.0
1687.0 2879.0 20.0 10.0
1751.0 1856.0 20.0 10.0
374.0 2120.0 20.0 10.0
2228.0 2691.0 20.0 10.0
1466.0 2911.0 20.0 10.0
2854.0 2857.0 20.0 10.0
961.0 841.0 20.0 10.0
986.0 823.0 20.0 10.0
