1000
100.0 38.0 20.0 10.0
82.0 126.0 20.0 10.0
139.0 69.0 20.0 10.0
104.0 85.0 20.0 10.0
165.0 63.0 20.0 10.0
170.0 87.0 20.0 10.0
130.0 109.0 20.0 10.0
44.0 94.0 20.0 10.0
115.0 122.0 20.0 10.0
128.0 158.0 20.0 10.0
113.0 157.0 20.0 10.0
147.0 90.0 20.0 10.0
147.0 80.0 20.0 10.0
110.0 95.0 20.0 10.0
143.0 122.0 20.0 10.0
85.0 79.0 20.0 10.0
138.0 116.0 20.0 10.0
151.0 139.0 20.0 10.0
92.0 138.0 20.0 10.0
117.0 114.0 20.0 10.0
125.0 90.0 20.0 10.0
127.0 111.0 20.0 10.0
85.0 105.0 20.0 10.0
151.0 143.0 20.0 10.0
118.0 74.0 20.0 10.0
91.0 120.0 20.0 10.0
124.0 107.0 20.0 10.0
113.0 131.0 20.0 10.0
98.0 115.0 20.0 10.0
112.0 65.0 20.0 10.0
64.0 143.0 20.0 10.0
86.0 95.0 20.0 10.0
143.0 114.0 20.0 10.0
76.0 94.0 20.0 10.0
102.0 90.0 20.0 10.0
149.0 107.0 20.0 10.0
130.0 135.0 20.0 10.0
143.0 53.0 20.0 10.0
101.0 194.0 20.0 10.0
99.0 56.0 20.0 10.0
119.0 130.0 20.0 10.0
126.0 107.0 20.0 10.0
116.0 102.0 20.0 10.0
147.0 68.0 20.0 10.0
90.0 74.0 20.0 10.0
57.0 81.0 20.0 10.0
103.0 123.0 20.0 10.0
124.0 67.0 20.0 10.0
182.0 135.0 20.0 10.0
75.0 115.0 20.0 10.0
143.0 152.0 20.0 10.0
105.0 119.0 20.0 10.0
174.0 73.0 20.0 10.0
115.0 53.0 20.0 10.0
117.0 170.0 20.0 10.0
158.0 111.0 20.0 10.0
135.0 54.0 20.0 10.0
91.0 113.0 20.0 10.0
117.0 100.0 20.0 10.0
119.0 48.0 20.0 10.0
157.0 117.0 20.0 10.0
134.0 102.0 20.0 10.0
105.0 82.0 20.0 10.0
69.0 121.0 20.0 10.0
112.0 76.0 20.0 10.0
103.0 133.0 20.0 10.0
118.0 87.0 20.0 10.0
145.0 113.0 20.0 10.0
104.0 89.0 20.0 10.0
63.0 109.0 20.0 10.0
98.0 145.0 20.0 10.0
69.0 150.0 20.0 10.0
95.0 91.0 20.0 10.0
116.0 82.0 20.0 10.0
71.0 110.0 20.0 10.0
103.0 110.0 20.0 10.0
147.0 127.0 20.0 10.0
124.0 126.0 20.0 10.0
126.0 158.0 20.0 10.0
137.0 113.0 20.0 10.0
134.0 64.0 20.0 10.0
67.0 78.0 20.0 10.0
95.0 122.0 20.0 10.0
122.0 92.0 20.0 10.0
151.0 104.0 20.0 10.0
112.0 117.0 20.0 10.0
136.0 103.0 20.0 10.0
75.0 119.0 20.0 10.0
84.0 107.0 20.0 10.0
87.0 90.0 20.0 10.0
97.0 109.0 20.0 10.0
109.0 80.0 20.0 10.0
116.0 80.0 20.0 10.0
141.0 129.0 20.0 10.0
79.0 58.0 20.0 10.0
130.0 172.0 20.0 10.0
155.0 109.0 20.0 10.0
118.0 67.0 20.0 10.0
40.0 105.0 20.0 10.0
104.0 94.0 20.0 10.0
151.0 137.0 20.0 10.0
124.0 56.0 20.0 10.0
104.0 138.0 20.0 10.0
90.0 135.0 20.0 10.0
116.0 30.0 20.0 10.0
86.0 162.0 20.0 10.0
121.0 81.0 20.0 10.0
79.0 119.0 20.0 10.0
157.0 121.0 20.0 10.0
164.0 80.0 20.0 10.0
102.0 98.0 20.0 10.0
110.0 108.0 20.0 10.0
138.0 80.0 20.0 10.0
89.0 123.0 20.0 10.0
154.0 74.0 20.0 10.0
132.0 101.0 20.0 10.0
93.0 83.0 20.0 10.0
108.0 122.0 20.0 10.0
88.0 101.0 20.0 10.0
113.0 82.0 20.0 10.0
69.0 113.0 20.0 10.0
107.0 90.0 20.0 10.0
133.0 91.0 20.0 10.0
149.0 90.0 20.0 10.0
166.0 130.0 20.0 10.0
81.0 64.0 20.0 10.0
71.0 88.0 20.0 10.0
133.0 116.0 20.0 10.0
84.0 49.0 20.0 10.0
77.0 112.0 20.0 10.0
168.0 103.0 20.0 10.0
88.0 138.0 20.0 10.0
121.0 114.0 20.0 10.0
67.0 116.0 20.0 10.0
156.0 97.0 20.0 10.0
163.0 93.0 20.0 10.0
113.0 85.0 20.0 10.0
95.0 120.0 20.0 10.0
133.0 58.0 20.0 10.0
59.0 81.0 20.0 10.0
124.0 109.0 20.0 10.0
120.0 101.0 20.0 10.0
78.0 108.0 20.0 10.0
51.0 96.0 20.0 10.0
91.0 89.0 20.0 10.0
151.0 68.0 20.0 10.0
116.0 105.0 20.0 10.0
156.0 63.0 20.0 10.0
86.0 137.0 20.0 10.0
158.0 86.0 20.0 10.0
147.0 91.0 20.0 10.0
160.0 87.0 20.0 10.0
109.0 92.0 20.0 10.0
115.0 104.0 20.0 10.0
61.0 118.0 20.0 10.0
103.0 114.0 20.0 10.0
85.0 94.0 20.0 10.0
95.0 110.0 20.0 10.0
104.0 98.0 20.0 10.0
149.0 138.0 20.0 10.0
112.0 126.0 20.0 10.0
112.0 74.0 20.0 10.0
114.0 116.0 20.0 10.0
70.0 94.0 20.0 10.0
97.0 63.0 20.0 10.0
111.0 110.0 20.0 10.0
113.0 53.0 20.0 10.0
93.0 68.0 20.0 10.0
79.0 93.0 20.0 10.0
58.0 78.0 20.0 10.0
118.0 42.0 20.0 10.0
103.0 64.0 20.0 10.0
117.0 91.0 20.0 10.0
58.0 49.0 20.0 10.0
134.0 103.0 20.0 10.0
135.0 90.0 20.0 10.0
88.0 116.0 20.0 10.0
117.0 119.0 20.0 10.0
127.0 76.0 20.0 10.0
89.0 130.0 20.0 10.0
129.0 137.0 20.0 10.0
99.0 108.0 20.0 10.0
140.0 83.0 20.0 10.0
106.0 83.0 20.0 10.0
123.0 99.0 20.0 10.0
163.0 66.0 20.0 10.0
103.0 66.0 20.0 10.0
120.0 161.0 20.0 10.0
108.0 139.0 20.0 10.0
113.0 122.0 20.0 10.0
120.0 85.0 20.0 10.0
133.0 86.0 20.0 10.0
104.0 140.0 20.0 10.0
44.0 100.0 20.0 10.0
75.0 113.0 20.0 10.0
108.0 91.0 20.0 10.0
110.0 92.0 20.0 10.0
98.0 141.0 20.0 10.0
181.0 109.0 20.0 10.0
85.0 112.0 20.0 10.0
139.0 58.0 20.0 10.0
67.0 107.0 20.0 10.0
84.0 116.0 20.0 10.0
127.0 87.0 20.0 10.0
83.0 82.0 20.0 10.0
122.0 89.0 20.0 10.0
112.0 121.0 20.0 10.0
47.0 115.0 20.0 10.0
124.0 62.0 20.0 10.0
60.0 75.0 20.0 10.0
97.0 143.0 20.0 10.0
131.0 121.0 20.0 10.0
125.0 84.0 20.0 10.0
83.0 141.0 20.0 10.0
163.0 126.0 20.0 10.0
81.0 78.0 20.0 10.0
145.0 96.0 20.0 10.0
116.0 118.0 20.0 10.0
87.0 62.0 20.0 10.0
142.0 63.0 20.0 10.0
148.0 124.0 20.0 10.0
138.0 108.0 20.0 10.0
116.0 111.0 20.0 10.0
115.0 130.0 20.0 10.0
64.0 76.0 20.0 10.0
67.0 90.0 20.0 10.0
121.0 47.0 20.0 10.0
145.0 64.0 20.0 10.0
107.0 80.0 20.0 10.0
107.0 150.0 20.0 10.0
173.0 124.0 20.0 10.0
81.0 106.0 20.0 10.0
144.0 80.0 20.0 10.0
151.0 43.0 20.0 10.0
156.10000610351562 97.0 20.0 10.0
129.0 117.0 20.0 10.0
90.0 78.0 20.0 10.0
140.0 78.0 20.0 10.0
144.0 122.0 20.0 10.0
139.0 55.0 20.0 10.0
134.0 75.0 20.0 10.0
133.0 78.0 20.0 10.0
126.0 61.0 20.0 10.0
74.0 58.0 20.0 10.0
138.0 71.0 20.0 10.0
134.0 76.0 20.0 10.0
128.0 103.0 20.0 10.0
90.0 64.0 20.0 10.0
57.0 63.0 20.0 10.0
155.0 81.0 20.0 10.0
144.0 117.0 20.0 10.0
71.0 54.0 20.0 10.0
151.0 93.0 20.0 10.0
32.0 164.0 20.0 10.0
59.0 117.0 20.0 10.0
111.0 87.0 20.0 10.0
110.0 126.0 20.0 10.0
148.0 112.0 20.0 10.0
128.0 67.0 20.0 10.0
150.0 101.0 20.0 10.0
146.0 121.0 20.0 10.0
134.0 141.0 20.0 10.0
102.0 134.0 20.0 10.0
164.0 114.0 20.0 10.0
195.0 115.0 20.0 10.0
132.0 111.0 20.0 10.0
183.0 96.0 20.0 10.0
98.0 84.0 20.0 10.0
134.0 136.0 20.0 10.0
89.0 90.0 20.0 10.0
83.0 113.0 20.0 10.0
73.0 112.0 20.0 10.0
60.0 107.0 20.0 10.0
84.0 148.0 20.0 10.0
58.0 132.0 20.0 10.0
98.0 125.0 20.0 10.0
157.0 83.0 20.0 10.0
94.0 89.0 20.0 10.0
78.0 115.0 20.0 10.0
123.0 123.0 20.0 10.0
148.0 83.0 20.0 10.0
129.0 57.0 20.0 10.0
70.0 136.0 20.0 10.0
88.0 99.0 20.0 10.0
186.0 196.0 20.0 10.0
162.0 49.0 20.0 10.0
96.0 65.0 20.0 10.0
58.0 127.0 20.0 10.0
121.0 121.0 20.0 10.0
112.0 97.0 20.0 10.0
108.0 149.0 20.0 10.0
118.0 128.0 20.0 10.0
134.0 68.0 20.0 10.0
103.0 107.0 20.0 10.0
138.0 91.0 20.0 10.0
154.0 77.0 20.0 10.0
73.0 129.0 20.0 10.0
159.0 114.0 20.0 10.0
165.0 84.0 20.0 10.0
101.0 41.0 20.0 10.0
109.0 61.0 20.0 10.0
139.0 89.0 20.0 10.0
93.0 100.0 20.0 10.0
162.0 85.0 20.0 10.0
118.0 123.0 20.0 10.0
151.0 61.0 20.0 10.0
80.0 101.0 20.0 10.0
171.0 121.0 20.0 10.0
61.0 96.0 20.0 10.0
125.0 105.0 20.0 10.0
97.0 76.0 20.0 10.0
112.0 38.0 20.0 10.0
125.0 144.0 20.0 10.0
136.0 122.0 20.0 10.0
97.0 128.0 20.0 10.0
180.0 128.0 20.0 10.0
105.0 80.0 20.0 10.0
93.0 94.0 20.0 10.0
161.0 72.0 20.0 10.0
123.0 48.0 20.0 10.0
149.0 111.0 20.0 10.0
82.0 86.0 20.0 10.0
71.0 159.0 20.0 10.0
108.0 86.0 20.0 10.0
142.0 71.0 20.0 10.0
126.0 129.0 20.0 10.0
111.0 114.0 20.0 10.0
123.0 50.0 20.0 10.0
120.0 112.0 20.0 10.0
120.0 125.0 20.0 10.0
106.0 96.0 20.0 10.0
119.0 110.0 20.0 10.0
95.0 89.0 20.0 10.0
49.0 113.0 20.0 10.0
129.0 115.0 20.0 10.0
129.0 100.0 20.0 10.0
93.0 85.0 20.0 10.0
93.0 60.0 20.0 10.0
140.0 134.0 20.0 10.0
132.0 69.0 20.0 10.0
106.0 103.0 20.0 10.0
137.0 153.0 20.0 10.0
114.0 56.0 20.0 10.0
52.0 124.0 20.0 10.0
109.0 62.0 20.0 10.0
86.0 118.0 20.0 10.0
62.0 101.0 20.0 10.0
107.0 101.0 20.0 10.0
103.0 55.0 20.0 10.0
114.0 143.0 20.0 10.0
119.0 86.0 20.0 10.0
114.0 151.0 20.0 10.0
101.0 137.0 20.0 10.0
107.0 75.0 20.0 10.0
162.0 109.0 20.0 10.0
84.0 59.0 20.0 10.0
108.0 115.0 20.0 10.0
107.0 118.0 20.0 10.0
122.0 160.0 20.0 10.0
105.0 112.0 20.0 10.0
169.0 158.0 20.0 10.0
83.0 117.0 20.0 10.0
124.0 112.0 20.0 10.0
98.0 81.0 20.0 10.0
98.0 89.0 20.0 10.0
86.0 69.0 20.0 10.0
77.0 72.0 20.0 10.0
111.0 148.0 20.0 10.0
106.0 114.0 20.0 10.0
67.0 85.0 20.0 10.0
143.0 142.0 20.0 10.0
139.0 111.0 20.0 10.0
117.0 54.0 20.0 10.0
145.0 81.0 20.0 10.0
120.0 61.0 20.0 10.0
138.0 75.0 20.0 10.0
70.0 84.0 20.0 10.0
115.0 100.0 20.0 10.0
125.0 99.0 20.0 10.0
107.0 94.0 20.0 10.0
98.0 112.0 20.0 10.0
67.0 141.0 20.0 10.0
143.0 124.0 20.0 10.0
115.0 88.0 20.0 10.0
127.0 97.0 20.0 10.0
126.0 123.0 20.0 10.0
148.0 147.0 20.0 10.0
152.0 38.0 20.0 10.0
90.0 80.0 20.0 10.0
119.0 117.0 20.0 10.0
162.0 105.0 20.0 10.0
126.0 153.0 20.0 10.0
121.0 97.0 20.0 10.0
104.0 51.0 20.0 10.0
158.0 80.0 20.0 10.0
75.0 79.0 20.0 10.0
93.0 74.0 20.0 10.0
79.0 129.0 20.0 10.0
72.0 100.0 20.0 10.0
154.0 130.0 20.0 10.0
131.0 126.0 20.0 10.0
84.0 87.0 20.0 10.0
138.0 111.0 20.0 10.0
64.0 80.0 20.0 10.0
90.0 138.0 20.0 10.0
119.0 150.0 20.0 10.0
96.0 69.0 20.0 10.0
134.0 70.0 20.0 10.0
80.0 84.0 20.0 10.0
127.0 92.0 20.0 10.0
122.0 102.0 20.0 10.0
124.0 79.0 20.0 10.0
127.0 72.0 20.0 10.0
153.0 164.0 20.0 10.0
93.0 47.0 20.0 10.0
165.0 73.0 20.0 10.0
103.0 157.0 20.0 10.0
143.0 118.0 20.0 10.0
145.0 103.0 20.0 10.0
159.0 84.0 20.0 10.0
92.0 148.0 20.0 10.0
150.0 73.0 20.0 10.0
103.0 73.0 20.0 10.0
121.0 109.0 20.0 10.0
136.0 106.0 20.0 10.0
129.0 46.0 20.0 10.0
103.0 103.0 20.0 10.0
122.0 121.0 20.0 10.0
128.0 111.0 20.0 10.0
57.0 96.0 20.0 10.0
142.0 69.0 20.0 10.0
93.0999984741211 74.0 20.0 10.0
85.0 56.0 20.0 10.0
92.0 126.0 20.0 10.0
157.0 43.0 20.0 10.0
64.0 111.0 20.0 10.0
104.0 79.0 20.0 10.0
82.0 72.0 20.0 10.0
127.0 134.0 20.0 10.0
111.0 172.0 20.0 10.0
85.0 144.0 20.0 10.0
116.0 129.0 20.0 10.0
177.0 82.0 20.0 10.0
109.0 85.0 20.0 10.0
118.0 61.0 20.0 10.0
105.0 94.0 20.0 10.0
137.0 77.0 20.0 10.0
121.0 77.0 20.0 10.0
157.0 126.0 20.0 10.0
88.0 146.0 20.0 10.0
118.0 92.0 20.0 10.0
73.0 92.0 20.0 10.0
141.0 116.0 20.0 10.0
106.0 138.0 20.0 10.0
110.0 135.0 20.0 10.0
130.0 90.0 20.0 10.0
150.0 144.0 20.0 10.0
90.0 100.0 20.0 10.0
153.0 78.0 20.0 10.0
101.0 78.0 20.0 10.0
94.0 132.0 20.0 10.0
63.0 83.0 20.0 10.0
194.0 69.0 20.0 10.0
187.0 112.0 20.0 10.0
169.0 132.0 20.0 10.0
127.0 52.0 20.0 10.0
77.0 76.0 20.0 10.0
157.0 108.0 20.0 10.0
116.0 124.0 20.0 10.0
142.0 134.0 20.0 10.0
147.0 115.0 20.0 10.0
99.0 155.0 20.0 10.0
88.0 114.0 20.0 10.0
141.0 40.0 20.0 10.0
135.0 135.0 20.0 10.0
163.0 110.0 20.0 10.0
134.0 114.0 20.0 10.0
145.0 58.0 20.0 10.0
120.0 103.0 20.0 10.0
103.0 120.0 20.0 10.0
117.0 64.0 20.0 10.0
119.0 99.0 20.0 10.0
141.0 125.0 20.0 10.0
71.0 72.0 20.0 10.0
142.0 82.0 20.0 10.0
101.0 105.0 20.0 10.0
129.0 131.0 20.0 10.0
175.0 156.0 20.0 10.0
130.0 96.0 20.0 10.0
106.0 128.0 20.0 10.0
141.0 104.0 20.0 10.0
104.0 92.0 20.0 10.0
121.0 95.0 20.0 10.0
137.0 94.0 20.0 10.0
62.0 94.0 20.0 10.0
169.0 65.0 20.0 10.0
149.0 105.0 20.0 10.0
146.0 130.0 20.0 10.0
67.0 95.0 20.0 10.0
181.0 98.0 20.0 10.0
75.0 127.0 20.0 10.0
118.0 84.0 20.0 10.0
149.0 154.0 20.0 10.0
120.0 58.0 20.0 10.0
79.0 92.0 20.0 10.0
135.0 101.0 20.0 10.0
130.0 112.0 20.0 10.0
76.0 52.0 20.0 10.0
117.0 134.0 20.0 10.0
79.0 97.0 20.0 10.0
150.0 70.0 20.0 10.0
90.0 72.0 20.0 10.0
99.0 47.0 20.0 10.0
70.0 87.0 20.0 10.0
168.0 123.0 20.0 10.0
119.0 90.0 20.0 10.0
52.0 120.0 20.0 10.0
71.0 96.0 20.0 10.0
120.0 25.0 20.0 10.0
139.0 133.0 20.0 10.0
104.0 75.0 20.0 10.0
90.0 111.0 20.0 10.0
115.0 119.0 20.0 10.0
80.0 115.0 20.0 10.0
159.0 93.0 20.0 10.0
101.0 68.0 20.0 10.0
120.0 133.0 20.0 10.0
88.0 87.0 20.0 10.0
98.0 78.0 20.0 10.0
79.0 90.0 20.0 10.0
137.0 157.0 20.0 10.0
131.0 37.0 20.0 10.0
120.0 120.0 20.0 10.0
112.0 128.0 20.0 10.0
110.0 111.0 20.0 10.0
110.0 104.0 20.0 10.0
125.0 142.0 20.0 10.0
115.0 139.0 20.0 10.0
86.0 120.0 20.0 10.0
99.0 53.0 20.0 10.0
127.0 115.0 20.0 10.0
138.10000610351562 111.0 20.0 10.0
148.0 68.0 20.0 10.0
79.0 49.0 20.0 10.0
73.0 103.0 20.0 10.0
136.0 67.0 20.0 10.0
98.0 104.0 20.0 10.0
134.0 133.0 20.0 10.0
66.0 120.0 20.0 10.0
151.0 114.0 20.0 10.0
100.0 101.0 20.0 10.0
84.0 82.0 20.0 10.0
143.0 72.0 20.0 10.0
91.0 150.0 20.0 10.0
133.0 124.0 20.0 10.0
177.0 93.0 20.0 10.0
101.0 72.0 20.0 10.0
153.0 95.0 20.0 10.0
125.0 117.0 20.0 10.0
147.0 103.0 20.0 10.0
115.0 46.0 20.0 10.0
85.0 98.0 20.0 10.0
103.0 101.0 20.0 10.0
100.0 75.0 20.0 10.0
176.0 101.0 20.0 10.0
98.0 130.0 20.0 10.0
168.0 93.0 20.0 10.0
134.0 105.0 20.0 10.0
107.0 74.0 20.0 10.0
119.0 76.0 20.0 10.0
121.0 113.0 20.0 10.0
117.0 108.0 20.0 10.0
144.0 150.0 20.0 10.0
148.0 141.0 20.0 10.0
90.0 69.0 20.0 10.0
129.0 102.0 20.0 10.0
79.0 68.0 20.0 10.0
95.0 80.0 20.0 10.0
106.0 57.0 20.0 10.0
71.0 101.0 20.0 10.0
84.0 120.0 20.0 10.0
154.0 107.0 20.0 10.0
130.0 156.0 20.0 10.0
71.0 123.0 20.0 10.0
87.0 133.0 20.0 10.0
110.0 113.0 20.0 10.0
123.0 60.0 20.0 10.0
82.0 122.0 20.0 10.0
129.0 83.0 20.0 10.0
70.0 128.0 20.0 10.0
149.0 94.0 20.0 10.0
122.0 119.0 20.0 10.0
148.0 59.0 20.0 10.0
123.0 84.0 20.0 10.0
81.0 137.0 20.0 10.0
98.0 152.0 20.0 10.0
114.0 161.0 20.0 10.0
119.0 82.0 20.0 10.0
108.0 114.0 20.0 10.0
173.0 144.0 20.0 10.0
133.0 121.0 20.0 10.0
147.0 105.0 20.0 10.0
159.0 103.0 20.0 10.0
172.0 131.0 20.0 10.0
124.0 76.0 20.0 10.0
119.0 152.0 20.0 10.0
109.0 141.0 20.0 10.0
157.0 101.0 20.0 10.0
119.0 128.0 20.0 10.0
106.0 69.0 20.0 10.0
69.0 67.0 20.0 10.0
121.0 79.0 20.0 10.0
78.0 80.0 20.0 10.0
134.0 138.0 20.0 10.0
138.0 79.0 20.0 10.0
78.0 149.0 20.0 10.0
68.0 118.0 20.0 10.0
157.0 158.0 20.0 10.0
95.0 150.0 20.0 10.0
128.0 81.0 20.0 10.0
100.0 149.0 20.0 10.0
130.0 81.0 20.0 10.0
83.0 103.0 20.0 10.0
129.0 129.0 20.0 10.0
69.0 70.0 20.0 10.0
128.0 28.0 20.0 10.0
59.0 113.0 20.0 10.0
124.0 168.0 20.0 10.0
114.0 77.0 20.0 10.0
114.0 108.0 20.0 10.0
130.0 76.0 20.0 10.0
122.0 68.0 20.0 10.0
92.0 108.0 20.0 10.0
124.0 135.0 20.0 10.0
149.0 77.0 20.0 10.0
142.0 75.0 20.0 10.0
109.0 132.0 20.0 10.0
161.0 107.0 20.0 10.0
76.0 85.0 20.0 10.0
92.0 129.0 20.0 10.0
180.0 79.0 20.0 10.0
123.0 104.0 20.0 10.0
75.0 106.0 20.0 10.0
99.0 113.0 20.0 10.0
112.0 134.0 20.0 10.0
74.0 110.0 20.0 10.0
127.0 124.0 20.0 10.0
96.0 58.0 20.0 10.0
99.0 74.0 20.0 10.0
155.0 101.0 20.0 10.0
118.0 95.0 20.0 10.0
82.0 155.0 20.0 10.0
78.0 138.0 20.0 10.0
94.0 64.0 20.0 10.0
158.0 91.0 20.0 10.0
98.0 122.0 20.0 10.0
148.0 61.0 20.0 10.0
128.0 92.0 20.0 10.0
85.0 65.0 20.0 10.0
44.0 107.0 20.0 10.0
104.0 96.0 20.0 10.0
159.0 141.0 20.0 10.0
87.0 109.0 20.0 10.0
100.0 132.0 20.0 10.0
144.0 88.0 20.0 10.0
117.0 137.0 20.0 10.0
103.0 115.0 20.0 10.0
131.0 71.0 20.0 10.0
94.0 87.0 20.0 10.0
101.0 119.0 20.0 10.0
127.0 79.0 20.0 10.0
74.0 147.0 20.0 10.0
160.0 151.0 20.0 10.0
112.0 142.0 20.0 10.0
95.0 98.0 20.0 10.0
154.0 86.0 20.0 10.0
102.0 81.0 20.0 10.0
102.0 116.0 20.0 10.0
113.0 107.0 20.0 10.0
78.0 100.0 20.0 10.0
123.0 143.0 20.0 10.0
152.0 136.0 20.0 10.0
123.0 139.0 20.0 10.0
73.0 137.0 20.0 10.0
173.0 52.0 20.0 10.0
159.0 97.0 20.0 10.0
73.0 119.0 20.0 10.0
38.0 86.0 20.0 10.0
125.0 139.0 20.0 10.0
152.0 126.0 20.0 10.0
126.0 148.0 20.0 10.0
139.0 46.0 20.0 10.0
98.0 102.0 20.0 10.0
157.0 131.0 20.0 10.0
76.0 67.0 20.0 10.0
110.0 117.0 20.0 10.0
122.0 132.0 20.0 10.0
106.0 105.0 20.0 10.0
150.0 88.0 20.0 10.0
168.0 169.0 20.0 10.0
73.0 67.0 20.0 10.0
88.0 128.0 20.0 10.0
106.0 110.0 20.0 10.0
138.0 82.0 20.0 10.0
120.0 65.0 20.0 10.0
127.0 84.0 20.0 10.0
89.0 150.0 20.0 10.0
131.0 100.0 20.0 10.0
81.0 112.0 20.0 10.0
101.0 118.0 20.0 10.0
104.0 129.0 20.0 10.0
69.0 124.0 20.0 10.0
87.0 44.0 20.0 10.0
71.0 53.0 20.0 10.0
135.0 95.0 20.0 10.0
114.0 82.0 20.0 10.0
57.0 83.0 20.0 10.0
82.0 98.0 20.0 10.0
86.0 91.0 20.0 10.0
144.0 93.0 20.0 10.0
152.0 132.0 20.0 10.0
110.0 129.0 20.0 10.0
104.0 124.0 20.0 10.0
163.0 118.0 20.0 10.0
90.0 140.0 20.0 10.0
106.0 48.0 20.0 10.0
103.0 88.0 20.0 10.0
82.0 68.0 20.0 10.0
95.0 102.0 20.0 10.0
101.0 111.0 20.0 10.0
51.0 170.0 20.0 10.0
132.0 147.0 20.0 10.0
135.0 110.0 20.0 10.0
108.0 119.0 20.0 10.0
59.0 68.0 20.0 10.0
101.0 96.0 20.0 10.0
146.0 124.0 20.0 10.0
144.0 131.0 20.0 10.0
87.0 73.0 20.0 10.0
58.0 102.0 20.0 10.0
91.0 106.0 20.0 10.0
148.0 99.0 20.0 10.0
156.0 61.0 20.0 10.0
125.0 113.0 20.0 10.0
147.0 42.0 20.0 10.0
102.0 151.0 20.0 10.0
101.0 107.0 20.0 10.0
97.0 119.0 20.0 10.0
126.0 167.0 20.0 10.0
120.0 106.0 20.0 10.0
101.0 99.0 20.0 10.0
133.0 130.0 20.0 10.0
84.0 76.0 20.0 10.0
94.0 147.0 20.0 10.0
127.0 56.0 20.0 10.0
97.0 95.0 20.0 10.0
142.0 108.0 20.0 10.0
105.0 63.0 20.0 10.0
91.0 54.0 20.0 10.0
135.0 82.0 20.0 10.0
146.0 72.0 20.0 10.0
140.0 121.0 20.0 10.0
93.0 80.0 20.0 10.0
142.0 132.0 20.0 10.0
123.0 87.0 20.0 10.0
84.0 109.0 20.0 10.0
79.0 131.0 20.0 10.0
170.0 69.0 20.0 10.0
165.0 138.0 20.0 10.0
181.0 60.0 20.0 10.0
140.0 88.0 20.0 10.0
141.0 102.0 20.0 10.0
108.0 110.0 20.0 10.0
97.0 159.0 20.0 10.0
71.0 80.0 20.0 10.0
146.0 109.0 20.0 10.0
99.0 93.0 20.0 10.0
155.0 90.0 20.0 10.0
152.0 65.0 20.0 10.0
85.0 47.0 20.0 10.0
101.0 84.0 20.0 10.0
96.0 118.0 20.0 10.0
148.0 109.0 20.0 10.0
145.0 178.0 20.0 10.0
113.0 105.0 20.0 10.0
63.0 114.0 20.0 10.0
129.0 67.0 20.0 10.0
122.0 55.0 20.0 10.0
132.0 87.0 20.0 10.0
125.0 96.0 20.0 10.0
144.0 139.0 20.0 10.0
144.0 79.0 20.0 10.0
128.0 95.0 20.0 10.0
68.0 98.0 20.0 10.0
132.0 72.0 20.0 10.0
129.0 97.0 20.0 10.0
155.0 136.0 20.0 10.0
197.0 152.0 20.0 10.0
68.0 132.0 20.0 10.0
112.0 162.0 20.0 10.0
81.0 37.0 20.0 10.0
141.0 100.0 20.0 10.0
101.0 145.0 20.0 10.0
87.0 120.0 20.0 10.0
73.0 133.0 20.0 10.0
127.0 139.0 20.0 10.0
96.0 79.0 20.0 10.0
86.0 126.0 20.0 10.0
152.0 59.0 20.0 10.0
91.0 118.0 20.0 10.0
129.0 120.0 20.0 10.0
113.0 71.0 20.0 10.0
64.0 126.0 20.0 10.0
136.0 129.0 20.0 10.0
84.0 157.0 20.0 10.0
76.0 91.0 20.0 10.0
120.0 138.0 20.0 10.0
137.0 83.0 20.0 10.0
98.0 61.0 20.0 10.0
89.0 119.0 20.0 10.0
51.0 81.0 20.0 10.0
177.0 132.0 20.0 10.0
116.0 146.0 20.0 10.0
152.0 106.0 20.0 10.0
107.0 99.0 20.0 10.0
141.0 110.0 20.0 10.0
108.0 82.0 20.0 10.0
142.0 106.0 20.0 10.0
115.0 111.0 20.0 10.0
25.0 101.0 20.0 10.0
85.0 62.0 20.0 10.0
148.0 56.0 20.0 10.0
128.0 59.0 20.0 10.0
168.0 112.0 20.0 10.0
135.0 125.0 20.0 10.0
178.0 120.0 20.0 10.0
109.0 102.0 20.0 10.0
98.0 106.0 20.0 10.0
94.0 98.0 20.0 10.0
92.0 87.0 20.0 10.0
120.0 80.0 20.0 10.0
112.0 91.0 20.0 10.0
121.0 146.0 20.0 10.0
76.0 121.0 20.0 10.0
115.0 87.0 20.0 10.0
174.0 136.0 20.0 10.0
130.0 88.0 20.0 10.0
115.0 142.0 20.0 10.0
132.0 105.0 20.0 10.0
103.0 131.0 20.0 10.0
143.0 102.0 20.0 10.0
112.0 53.0 20.0 10.0
89.0 125.0 20.0 10.0
105.0 77.0 20.0 10.0
132.0 108.0 20.0 10.0
157.0 92.0 20.0 10.0
101.0 51.0 20.0 10.0
88.0 81.0 20.0 10.0
137.0 143.0 20.0 10.0
90.0 132.0 20.0 10.0
150.0 134.0 20.0 10.0
88.0 58.0 20.0 10.0
69.0 106.0 20.0 10.0
116.0 62.0 20.0 10.0
64.0 42.0 20.0 10.0
120.0 98.0 20.0 10.0
130.0 123.0 20.0 10.0
109.0 71.0 20.0 10.0
138.0 63.0 20.0 10.0
150.0 85.0 20.0 10.0
134.0 147.0 20.0 10.0
121.0 74.0 20.0 10.0
112.0 104.0 20.0 10.0
177.0 70.0 20.0 10.0
120.0 91.0 20.0 10.0
96.0 37.0 20.0 10.0
107.0 123.0 20.0 10.0
155.0 155.0 20.0 10.0
42.0 133.0 20.0 10.0
148.0 85.0 20.0 10.0
140.0 98.0 20.0 10.0
87.0 77.0 20.0 10.0
142.0 91.0 20.0 10.0
94.0 95.0 20.0 10.0
96.0 115.0 20.0 10.0
88.0 112.0 20.0 10.0
83.0 105.0 20.0 10.0
184.0 86.0 20.0 10.0
84.0 72.0 20.0 10.0
131.0 105.0 20.0 10.0
78.0 151.0 20.0 10.0
126.0 29.0 20.0 10.0
142.0 84.0 20.0 10.0
113.0 87.0 20.0 10.0
127.0 71.0 20.0 10.0
151.0 116.0 20.0 10.0
128.0 145.0 20.0 10.0
128.0 109.0 20.0 10.0
100.0 124.0 20.0 10.0
93.0 142.0 20.0 10.0
161.0 87.0 20.0 10.0
114.0 75.0 20.0 10.0
137.0 96.0 20.0 10.0
119.0 142.0 20.0 10.0
112.0 138.0 20.0 10.0
65.0 91.0 20.0 10.0
92.0 65.0 20.0 10.0
138.0 84.0 20.0 10.0
142.0 88.0 20.0 10.0
153.0 82.0 20.0 10.0
26.0 127.0 20.0 10.0
99.0 196.0 20.0 10.0
134.0 93.0 20.0 10.0
107.0 65.0 20.0 10.0
87.0 141.0 20.0 10.0
63.0 89.0 20.0 10.0
164.0 101.0 20.0 10.0
113.0 79.0 20.0 10.0
56.0 104.0 20.0 10.0
93.0 105.0 20.0 10.0
162.0 120.0 20.0 10.0
76.0 167.0 20.0 10.0
112.0 69.0 20.0 10.0
120.0 57.0 20.0 10.0
62.0 138.0 20.0 10.0
43.0 97.0 20.0 10.0
113.0 69.0 20.0 10.0
84.0 93.0 20.0 10.0
79.0 85.0 20.0 10.0
68.0 61.0 20.0 10.0
109.0 108.0 20.0 10.0
89.0 94.0 20.0 10.0
175.0 99.0 20.0 10.0
132.0 139.0 20.0 10.0
136.0 98.0 20.0 10.0
139.0 141.0 20.0 10.0
162.0 57.0 20.0 10.0
138.0 48.0 20.0 10.0
121.0 110.0 20.0 10.0
93.0 158.0 20.0 10.0
95.0 53.0 20.0 10.0
85.0 124.0 20.0 10.0
124.0 87.0 20.0 10.0
145.0 99.0 20.0 10.0
123.0 95.0 20.0 10.0
127.0 151.0 20.0 10.0
157.0 185.0 20.0 10.0
126.0 127.0 20.0 10.0
81.0 134.0 20.0 10.0
158.0 52.0 20.0 10.0
115.0 95.0 20.0 10.0
110.0 77.0 20.0 10.0
108.0 72.0 20.0 10.0
117.0 79.0 20.0 10.0
87.0 100.0 20.0 10.0
187.0 91.0 20.0 10.0
94.0 129.0 20.0 10.0
133.0 151.0 20.0 10.0
111.0 84.0 20.0 10.0
101.0 62.0 20.0 10.0
170.0 108.0 20.0 10.0
108.0 36.0 20.0 10.0
62.0 81.0 20.0 10.0
145.0 127.0 20.0 10.0
93.0 114.0 20.0 10.0
116.0 136.0 20.0 10.0
139.0 102.0 20.0 10.0
74.0 140.0 20.0 10.0
118.0 146.0 20.0 10.0
66.0 82.0 20.0 10.0
73.0 86.0 20.0 10.0
112.0 95.0 20.0 10.0
135.0 121.0 20.0 10.0
92.0 98.0 20.0 10.0
135.0 86.0 20.0 10.0
104.0 144.0 20.0 10.0
131.0 78.0 20.0 10.0
74.0 102.0 20.0 10.0
122.0 148.0 20.0 10.0
78.0 78.0 20.0 10.0
83.0 95.0 20.0 10.0
135.0 108.0 20.0 10.0
110.0 98.0 20.0 10.0
145.0 106.0 20.0 10.0
113.0 150.0 20.0 10.0
138.0 87.0 20.0 10.0
90.0 156.0 20.0 10.0
103.0 154.0 20.0 10.0
163.0 144.0 20.0 10.0
153.0 121.0 20.0 10.0
106.0 133.0 20.0 10.0
64.0 105.0 20.0 10.0
148.0 48.0 20.0 10.0
138.0 126.0 20.0 10.0
101.0 128.0 20.0 10.0
149.0 118.0 20.0 10.0
155.0 120.0 20.0 10.0
45.0 120.0 20.0 10.0
89.0 83.0 20.0 10.0
95.0 84.0 20.0 10.0
