100
72.0 62.0 20.0 10.0
64.0 72.0 20.0 10.0
58.0 76.0 20.0 10.0
76.0 81.0 20.0 10.0
78.0 63.0 20.0 10.0
68.0 69.0 20.0 10.0
89.0 73.0 20.0 10.0
54.0 67.0 20.0 10.0
94.0 55.0 20.0 10.0
78.0 68.0 20.0 10.0
63.0 62.0 20.0 10.0
54.0 86.0 20.0 10.0
60.0 52.0 20.0 10.0
85.0 48.0 20.0 10.0
82.0 78.0 20.0 10.0
70.0 99.0 20.0 10.0
102.0 69.0 20.0 10.0
82.0 75.0 20.0 10.0
84.0 70.0 20.0 10.0
31.0 45.0 20.0 10.0
43.0 90.0 20.0 10.0
79.0 103.0 20.0 10.0
95.0 78.0 20.0 10.0
53.0 98.0 20.0 10.0
66.0 52.0 20.0 10.0
82.0 92.0 20.0 10.0
73.0 79.0 20.0 10.0
64.0 102.0 20.0 10.0
55.0 74.0 20.0 10.0
94.0 60.0 20.0 10.0
54.0 92.0 20.0 10.0
58.0 81.0 20.0 10.0
64.0 93.0 20.0 10.0
76.0 30.0 20.0 10.0
69.0 83.0 20.0 10.0
40.0 79.0 20.0 10.0
96.0 105.0 20.0 10.0
73.0 104.0 20.0 10.0
26.0 109.0 20.0 10.0
29.0 77.0 20.0 10.0
44.0 57.0 20.0 10.0
45.0 65.0 20.0 10.0
45.0 100.0 20.0 10.0
94.0 94.0 20.0 10.0
80.0 98.0 20.0 10.0
76.0 110.0 20.0 10.0
54.0 59.0 20.0 10.0
100.0 95.0 20.0 10.0
85.0 43.0 20.0 10.0
34.0 82.0 20.0 10.0
110.0 96.0 20.0 10.0
56.0 108.0 20.0 10.0
50.0 43.0 20.0 10.0
52.0 118.0 20.0 10.0
82.0 121.0 20.0 10.0
43.0 50.0 20.0 10.0
87.0 92.0 20.0 10.0
56.0 45.0 20.0 10.0
86.0 112.0 20.0 10.0
71.0 40.0 20.0 10.0
76.0 122.0 20.0 10.0
99.0 117.0 20.0 10.0
36.0 99.0 20.0 10.0
56.0 118.0 20.0 10.0
83.0 54.0 20.0 10.0
108.0 75.0 20.0 10.0
93.0 30.0 20.0 10.0
81.0 115.0 20.0 10.0
120.0 57.0 20.0 10.0
58.0 31.0 20.0 10.0
95.0 40.0 20.0 10.0
119.0 99.0 20.0 10.0
107.0 66.0 20.0 10.0
101.0 107.0 20.0 10.0
102.0 57.0 20.0 10.0
97.0 46.0 20.0 10.0
128.0 90.0 20.0 10.0
68.0 27.0 20.0 10.0
45.0 84.0 20.0 10.0
35.0 68.0 20.0 10.0
25.0 47.0 20.0 10.0
65.0 114.0 20.0 10.0
63.0 39.0 20.0 10.0
67.0 119.0 20.0 10.0
25.0 58.0 20.0 10.0
116.0 70.0 20.0 10.0
47.0 33.0 20.0 10.0
118.0 49.0 20.0 10.0
80.0 38.0 20.0 10.0
125.0 58.0 20.0 10.0
47.0 120.0 20.0 10.0
111.0 47.0 20.0 10.0
124.0 78.0 20.0 10.0
110.0 82.0 20.0 10.0
107.0 34.0 20.0 10.0
43.0 39.0 20.0 10.0
97.0 25.0 20.0 10.0
112.0 89.0 20.0 10.0
34.0 114.0 20.0 10.0
35.0 51.0 20.0 10.0
