100
104.0 66.0 20.0 10.0
83.0 73.0 20.0 10.0
84.0 55.0 20.0 10.0
96.0 56.0 20.0 10.0
67.0 83.0 20.0 10.0
83.0 80.0 20.0 10.0
73.0 88.0 20.0 10.0
61.0 51.0 20.0 10.0
97.0 52.0 20.0 10.0
60.0 86.0 20.0 10.0
80.0 63.0 20.0 10.0
93.0 96.0 20.0 10.0
90.0 50.0 20.0 10.0
96.0 86.0 20.0 10.0
102.0 90.0 20.0 10.0
82.0 104.0 20.0 10.0
66.0 88.0 20.0 10.0
125.0 36.0 20.0 10.0
56.0 80.0 20.0 10.0
95.0 69.0 20.0 10.0
71.0 46.0 20.0 10.0
53.0 77.0 20.0 10.0
90.0 100.0 20.0 10.0
104.0 78.0 20.0 10.0
78.0 58.0 20.0 10.0
77.0 92.0 20.0 10.0
70.0 71.0 20.0 10.0
37.0 73.0 20.0 10.0
82.0 68.0 20.0 10.0
124.0 71.0 20.0 10.0
95.0 64.0 20.0 10.0
92.0 37.0 20.0 10.0
53.0 113.0 20.0 10.0
91.0 104.0 20.0 10.0
104.0 39.0 20.0 10.0
70.0 61.0 20.0 10.0
123.0 116.0 20.0 10.0
50.0 71.0 20.0 10.0
93.0 109.0 20.0 10.0
64.0 107.0 20.0 10.0
35.0 53.0 20.0 10.0
49.0 98.0 20.0 10.0
84.0 36.0 20.0 10.0
113.0 98.0 20.0 10.0
76.0 106.0 20.0 10.0
93.0 75.0 20.0 10.0
123.0 98.0 20.0 10.0
81.0 47.0 20.0 10.0
66.0 98.0 20.0 10.0
58.0 125.0 20.0 10.0
117.0 42.0 20.0 10.0
58.0 54.0 20.0 10.0
49.0 79.0 20.0 10.0
110.0 47.0 20.0 10.0
68.0 120.0 20.0 10.0
121.0 55.0 20.0 10.0
87.0 25.0 20.0 10.0
106.0 104.0 20.0 10.0
50.0 43.0 20.0 10.0
51.0 104.0 20.0 10.0
36.0 64.0 20.0 10.0
110.0 77.0 20.0 10.0
79.0 119.0 20.0 10.0
48.0 52.0 20.0 10.0
80.0 87.0 20.0 10.0
113.0 59.0 20.0 10.0
112.0 34.0 20.0 10.0
131.0 110.0 20.0 10.0
67.0 36.0 20.0 10.0
102.0 116.0 20.0 10.0
56.0 100.0 20.0 10.0
141.0 85.0 20.0 10.0
124.0 25.0 20.0 10.0
45.0 114.0 20.0 10.0
25.0 74.0 20.0 10.0
58.0 67.0 20.0 10.0
65.0 136.0 20.0 10.0
124.0 85.0 20.0 10.0
118.0 121.0 20.0 10.0
98.0 123.0 20.0 10.0
123.0 48.0 20.0 10.0
25.0 80.0 20.0 10.0
78.0 33.0 20.0 10.0
54.0 119.0 20.0 10.0
108.0 88.0 20.0 10.0
55.0 62.0 20.0 10.0
110.0 114.0 20.0 10.0
119.0 68.0 20.0 10.0
128.0 39.0 20.0 10.0
86.0 128.0 20.0 10.0
72.0 131.0 20.0 10.0
102.0 99.0 20.0 10.0
51.0 29.0 20.0 10.0
131.0 64.0 20.0 10.0
115.0 134.0 20.0 10.0
92.0 138.0 20.0 10.0
135.0 74.0 20.0 10.0
143.0 61.0 20.0 10.0
115.0 83.0 20.0 10.0
83.0 133.0 20.0 10.0
