100
77.0 73.0 20.0 10.0
102.0 79.0 20.0 10.0
77.0 95.0 20.0 10.0
83.0 72.0 20.0 10.0
76.0 77.0 20.0 10.0
72.0 68.0 20.0 10.0
80.0 65.0 20.0 10.0
53.0 78.0 20.0 10.0
71.0 55.0 20.0 10.0
76.0 64.0 20.0 10.0
57.0 81.0 20.0 10.0
83.0 79.0 20.0 10.0
66.0 73.0 20.0 10.0
101.0 73.0 20.0 10.0
84.0 93.0 20.0 10.0
94.0 86.0 20.0 10.0
85.0 55.0 20.0 10.0
68.0 49.0 20.0 10.0
86.0 84.0 20.0 10.0
60.0 84.0 20.0 10.0
70.0 110.0 20.0 10.0
90.0 107.0 20.0 10.0
67.0 95.0 20.0 10.0
73.0 100.0 20.0 10.0
73.0 84.0 20.0 10.0
105.0 60.0 20.0 10.0
60.0 72.0 20.0 10.0
62.0 102.0 20.0 10.0
99.0 109.0 20.0 10.0
102.0 104.0 20.0 10.0
43.0 66.0 20.0 10.0
60.0 96.0 20.0 10.0
67.0 65.0 20.0 10.0
100.0 69.0 20.0 10.0
39.0 90.0 20.0 10.0
84.0 43.0 20.0 10.0
85.0 100.0 20.0 10.0
48.0 62.0 20.0 10.0
48.0 100.0 20.0 10.0
50.0 105.0 20.0 10.0
59.0 36.0 20.0 10.0
72.0 29.0 20.0 10.0
36.0 78.0 20.0 10.0
98.0 44.0 20.0 10.0
90.0 29.0 20.0 10.0
96.0 50.0 20.0 10.0
82.0 47.0 20.0 10.0
109.0 92.0 20.0 10.0
48.0 73.0 20.0 10.0
89.0 75.0 20.0 10.0
53.0 113.0 20.0 10.0
40.0 70.0 20.0 10.0
48.0 29.0 20.0 10.0
114.0 64.0 20.0 10.0
32.0 85.0 20.0 10.0
125.0 72.0 20.0 10.0
62.0 112.0 20.0 10.0
30.0 60.0 20.0 10.0
40.0 55.0 20.0 10.0
114.0 104.0 20.0 10.0
113.0 51.0 20.0 10.0
29.0 80.0 20.0 10.0
107.0 98.0 20.0 10.0
90.0 47.0 20.0 10.0
119.0 49.0 20.0 10.0
107.0 55.0 20.0 10.0
68.0 121.0 20.0 10.0
93.0 63.0 20.0 10.0
38.0 111.0 20.0 10.0
117.0 74.0 20.0 10.0
105.0 110.0 20.0 10.0
30.0 48.0 20.0 10.0
48.0 41.0 20.0 10.0
43.0 44.0 20.0 10.0
25.0 108.0 20.0 10.0
41.0 102.0 20.0 10.0
57.0 51.0 20.0 10.0
117.0 84.0 20.0 10.0
99.0 120.0 20.0 10.0
84.0 128.0 20.0 10.0
125.0 58.0 20.0 10.0
129.0 54.0 20.0 10.0
72.0 39.0 20.0 10.0
65.0 28.0 20.0 10.0
89.0 118.0 20.0 10.0
30.0 68.0 20.0 10.0
107.0 123.0 20.0 10.0
121.0 82.0 20.0 10.0
39.0 48.0 20.0 10.0
30.0 101.0 20.0 10.0
113.0 72.0 20.0 10.0
97.0 35.0 20.0 10.0
79.0 122.0 20.0 10.0
79.0 25.0 20.0 10.0
54.0 46.0 20.0 10.0
110.0 31.0 20.0 10.0
116.0 92.0 20.0 10.0
45.0 125.0 20.0 10.0
127.0 67.0 20.0 10.0
110.0 42.0 20.0 10.0
