100
73.0 81.0 20.0 10.0
79.0 67.0 20.0 10.0
82.0 79.0 20.0 10.0
84.0 88.0 20.0 10.0
74.0 71.0 20.0 10.0
60.0 91.0 20.0 10.0
102.0 72.0 20.0 10.0
92.0 90.0 20.0 10.0
69.0 77.0 20.0 10.0
52.0 67.0 20.0 10.0
57.0 87.0 20.0 10.0
71.0 91.0 20.0 10.0
93.0 62.0 20.0 10.0
54.0 115.0 20.0 10.0
88.0 76.0 20.0 10.0
91.0 71.0 20.0 10.0
99.0 71.0 20.0 10.0
87.0 54.0 20.0 10.0
117.0 69.0 20.0 10.0
100.0 91.0 20.0 10.0
66.0 48.0 20.0 10.0
77.0 57.0 20.0 10.0
67.0 100.0 20.0 10.0
89.0 43.0 20.0 10.0
104.0 58.0 20.0 10.0
112.0 103.0 20.0 10.0
56.0 32.0 20.0 10.0
81.0 38.0 20.0 10.0
75.0 102.0 20.0 10.0
46.0 66.0 20.0 10.0
113.0 78.0 20.0 10.0
82.0 55.0 20.0 10.0
48.0 72.0 20.0 10.0
77.0 74.0 20.0 10.0
87.0 65.0 20.0 10.0
82.0 74.0 20.0 10.0
116.0 62.0 20.0 10.0
85.0 95.0 20.0 10.0
107.0 89.0 20.0 10.0
83.0 99.0 20.0 10.0
48.0 94.0 20.0 10.0
53.0 83.0 20.0 10.0
111.0 58.0 20.0 10.0
60.0 49.0 20.0 10.0
128.0 52.0 20.0 10.0
83.0 119.0 20.0 10.0
56.0 79.0 20.0 10.0
44.0 116.0 20.0 10.0
82.0 41.0 20.0 10.0
62.0 117.0 20.0 10.0
48.0 52.0 20.0 10.0
104.0 29.0 20.0 10.0
70.0 110.0 20.0 10.0
121.0 96.0 20.0 10.0
98.0 46.0 20.0 10.0
69.0 120.0 20.0 10.0
99.0 111.0 20.0 10.0
72.0 58.0 20.0 10.0
63.0 61.0 20.0 10.0
55.0 44.0 20.0 10.0
90.0 123.0 20.0 10.0
43.0 62.0 20.0 10.0
122.0 76.0 20.0 10.0
113.0 96.0 20.0 10.0
41.0 82.0 20.0 10.0
57.0 108.0 20.0 10.0
113.0 117.0 20.0 10.0
58.0 120.0 20.0 10.0
40.0 110.0 20.0 10.0
104.0 49.0 20.0 10.0
71.0 34.0 20.0 10.0
62.0 39.0 20.0 10.0
117.0 87.0 20.0 10.0
106.0 44.0 20.0 10.0
122.0 90.0 20.0 10.0
44.0 76.0 20.0 10.0
90.0 114.0 20.0 10.0
34.0 78.0 20.0 10.0
34.0 86.0 20.0 10.0
35.0 52.0 20.0 10.0
56.0 58.0 20.0 10.0
123.0 121.0 20.0 10.0
46.0 39.0 20.0 10.0
70.0 29.0 20.0 10.0
107.0 112.0 20.0 10.0
115.0 33.0 20.0 10.0
128.0 59.0 20.0 10.0
25.0 103.0 20.0 10.0
102.0 120.0 20.0 10.0
51.0 102.0 20.0 10.0
29.0 119.0 20.0 10.0
103.0 99.0 20.0 10.0
35.0 96.0 20.0 10.0
93.0 29.0 20.0 10.0
79.0 83.0 20.0 10.0
43.0 54.0 20.0 10.0
27.0 61.0 20.0 10.0
92.0 99.0 20.0 10.0
70.0 25.0 20.0 10.0
127.0 84.0 20.0 10.0
