100
78.0 98.0 20.0 10.0
71.0 85.0 20.0 10.0
96.0 94.0 20.0 10.0
72.0 68.0 20.0 10.0
80.0 64.0 20.0 10.0
82.0 93.0 20.0 10.0
71.0 89.0 20.0 10.0
77.0 80.0 20.0 10.0
91.0 86.0 20.0 10.0
69.0 73.0 20.0 10.0
73.0 102.0 20.0 10.0
67.0 107.0 20.0 10.0
85.0 70.0 20.0 10.0
84.0 117.0 20.0 10.0
106.0 105.0 20.0 10.0
97.0 69.0 20.0 10.0
57.0 55.0 20.0 10.0
84.0 108.0 20.0 10.0
95.0 104.0 20.0 10.0
106.0 68.0 20.0 10.0
96.0 73.0 20.0 10.0
48.0 89.0 20.0 10.0
49.0 60.0 20.0 10.0
73.0 74.0 20.0 10.0
68.0 65.0 20.0 10.0
101.0 51.0 20.0 10.0
105.0 77.0 20.0 10.0
64.0 136.0 20.0 10.0
58.0 80.0 20.0 10.0
67.0 43.0 20.0 10.0
44.0 96.0 20.0 10.0
39.0 80.0 20.0 10.0
73.0 31.0 20.0 10.0
88.0 58.0 20.0 10.0
55.0 68.0 20.0 10.0
64.0 85.0 20.0 10.0
56.0 45.0 20.0 10.0
47.0 78.0 20.0 10.0
99.0 83.0 20.0 10.0
50.0 72.0 20.0 10.0
117.0 79.0 20.0 10.0
114.0 47.0 20.0 10.0
57.0 93.0 20.0 10.0
41.0 93.0 20.0 10.0
94.0 35.0 20.0 10.0
82.0 44.0 20.0 10.0
112.0 92.0 20.0 10.0
98.0 131.0 20.0 10.0
80.0 56.0 20.0 10.0
95.0 51.0 20.0 10.0
116.0 101.0 20.0 10.0
108.0 56.0 20.0 10.0
34.0 66.0 20.0 10.0
53.0 106.0 20.0 10.0
37.0 124.0 20.0 10.0
123.0 87.0 20.0 10.0
111.0 43.0 20.0 10.0
61.0 76.0 20.0 10.0
25.0 107.0 20.0 10.0
25.0 76.0 20.0 10.0
49.0 115.0 20.0 10.0
63.0 34.0 20.0 10.0
123.0 73.0 20.0 10.0
32.0 52.0 20.0 10.0
40.0 107.0 20.0 10.0
100.0 36.0 20.0 10.0
93.0 116.0 20.0 10.0
43.0 57.0 20.0 10.0
33.0 104.0 20.0 10.0
117.0 57.0 20.0 10.0
103.0 98.0 20.0 10.0
113.0 115.0 20.0 10.0
120.0 109.0 20.0 10.0
50.0 54.0 20.0 10.0
139.0 61.0 20.0 10.0
35.0 84.0 20.0 10.0
25.0 93.0 20.0 10.0
119.0 95.0 20.0 10.0
69.0 114.0 20.0 10.0
74.0 122.0 20.0 10.0
97.0 112.0 20.0 10.0
48.0 132.0 20.0 10.0
60.0 105.0 20.0 10.0
94.0 128.0 20.0 10.0
96.0 64.0 20.0 10.0
36.0 119.0 20.0 10.0
102.0 25.0 20.0 10.0
50.0 40.0 20.0 10.0
35.0 45.0 20.0 10.0
118.0 133.0 20.0 10.0
135.0 82.0 20.0 10.0
72.0 53.0 20.0 10.0
111.0 127.0 20.0 10.0
87.0 130.0 20.0 10.0
63.0 120.0 20.0 10.0
139.0 94.0 20.0 10.0
72.0 44.0 20.0 10.0
79.0 130.0 20.0 10.0
87.0 38.0 20.0 10.0
105.0 137.0 20.0 10.0
