100
96.0 68.0 20.0 10.0
74.0 85.0 20.0 10.0
97.0 81.0 20.0 10.0
78.0 77.0 20.0 10.0
82.0 81.0 20.0 10.0
79.0 94.0 20.0 10.0
102.0 97.0 20.0 10.0
71.0 70.0 20.0 10.0
92.0 70.0 20.0 10.0
88.0 105.0 20.0 10.0
97.0 96.0 20.0 10.0
116.0 87.0 20.0 10.0
97.0 76.0 20.0 10.0
112.0 80.0 20.0 10.0
60.0 68.0 20.0 10.0
91.0 107.0 20.0 10.0
94.0 115.0 20.0 10.0
60.0 55.0 20.0 10.0
78.0 72.0 20.0 10.0
114.0 69.0 20.0 10.0
129.0 95.0 20.0 10.0
121.0 97.0 20.0 10.0
82.0 98.0 20.0 10.0
121.0 65.0 20.0 10.0
63.0 84.0 20.0 10.0
130.0 81.0 20.0 10.0
92.0 44.0 20.0 10.0
95.0 59.0 20.0 10.0
75.0 105.0 20.0 10.0
59.0 49.0 20.0 10.0
72.0 115.0 20.0 10.0
80.0 57.0 20.0 10.0
101.0 62.0 20.0 10.0
107.0 87.0 20.0 10.0
54.0 68.0 20.0 10.0
66.0 54.0 20.0 10.0
64.0 102.0 20.0 10.0
81.0 38.0 20.0 10.0
37.0 58.0 20.0 10.0
88.0 28.0 20.0 10.0
71.0 37.0 20.0 10.0
32.0 32.0 20.0 10.0
81.0 120.0 20.0 10.0
70.0 94.0 20.0 10.0
98.0 119.0 20.0 10.0
36.0 94.0 20.0 10.0
123.0 35.0 20.0 10.0
92.0 97.0 20.0 10.0
45.0 108.0 20.0 10.0
110.0 53.0 20.0 10.0
121.0 106.0 20.0 10.0
101.0 37.0 20.0 10.0
134.0 75.0 20.0 10.0
88.0 93.0 20.0 10.0
66.0 139.0 20.0 10.0
80.0 137.0 20.0 10.0
138.0 54.0 20.0 10.0
62.0 33.0 20.0 10.0
121.0 81.0 20.0 10.0
48.0 104.0 20.0 10.0
141.0 80.0 20.0 10.0
67.0 120.0 20.0 10.0
54.0 106.0 20.0 10.0
70.0 108.0 20.0 10.0
44.0 66.0 20.0 10.0
34.0 81.0 20.0 10.0
110.0 97.0 20.0 10.0
84.0 116.0 20.0 10.0
53.0 56.0 20.0 10.0
140.0 100.0 20.0 10.0
118.0 58.0 20.0 10.0
71.0 59.0 20.0 10.0
53.0 27.0 20.0 10.0
42.0 89.0 20.0 10.0
56.0 91.0 20.0 10.0
112.0 108.0 20.0 10.0
107.0 54.0 20.0 10.0
99.0 44.0 20.0 10.0
103.0 25.0 20.0 10.0
43.0 39.0 20.0 10.0
57.0 76.0 20.0 10.0
87.0 40.0 20.0 10.0
119.0 47.0 20.0 10.0
85.0 51.0 20.0 10.0
97.0 140.0 20.0 10.0
114.0 130.0 20.0 10.0
101.0 114.0 20.0 10.0
25.0 79.0 20.0 10.0
61.0 43.0 20.0 10.0
36.0 70.0 20.0 10.0
109.0 115.0 20.0 10.0
117.0 53.0 20.0 10.0
125.0 90.0 20.0 10.0
46.0 97.0 20.0 10.0
57.0 123.0 20.0 10.0
63.0 112.0 20.0 10.0
87.0 140.0 20.0 10.0
34.0 117.0 20.0 10.0
74.0 29.0 20.0 10.0
104.0 132.0 20.0 10.0
