100
84.0 93.0 20.0 10.0
100.0 73.0 20.0 10.0
74.0 89.0 20.0 10.0
71.0 79.0 20.0 10.0
78.0 86.0 20.0 10.0
76.0 80.0 20.0 10.0
85.0 68.0 20.0 10.0
80.0 48.0 20.0 10.0
96.0 83.0 20.0 10.0
59.0 77.0 20.0 10.0
91.0 88.0 20.0 10.0
76.0 60.0 20.0 10.0
80.0 92.0 20.0 10.0
81.0 86.0 20.0 10.0
92.0 107.0 20.0 10.0
63.0 91.0 20.0 10.0
115.0 77.0 20.0 10.0
62.0 52.0 20.0 10.0
69.0 68.0 20.0 10.0
42.0 92.0 20.0 10.0
78.0 71.0 20.0 10.0
56.0 66.0 20.0 10.0
101.0 63.0 20.0 10.0
57.0 111.0 20.0 10.0
71.0 58.0 20.0 10.0
51.0 92.0 20.0 10.0
91.0 94.0 20.0 10.0
45.0 63.0 20.0 10.0
85.0 78.0 20.0 10.0
54.0 59.0 20.0 10.0
64.0 97.0 20.0 10.0
71.0 65.0 20.0 10.0
68.0 87.0 20.0 10.0
48.0 87.0 20.0 10.0
105.0 92.0 20.0 10.0
104.0 70.0 20.0 10.0
40.0 53.0 20.0 10.0
95.0 65.0 20.0 10.0
91.0 60.0 20.0 10.0
116.0 95.0 20.0 10.0
63.0 101.0 20.0 10.0
41.0 78.0 20.0 10.0
109.0 55.0 20.0 10.0
71.0 36.0 20.0 10.0
70.0 126.0 20.0 10.0
68.0 108.0 20.0 10.0
49.0 97.0 20.0 10.0
85.0 131.0 20.0 10.0
114.0 56.0 20.0 10.0
112.0 105.0 20.0 10.0
102.0 57.0 20.0 10.0
33.0 83.0 20.0 10.0
108.0 46.0 20.0 10.0
65.0 122.0 20.0 10.0
55.0 86.0 20.0 10.0
76.0 55.0 20.0 10.0
48.0 38.0 20.0 10.0
120.0 76.0 20.0 10.0
111.0 87.0 20.0 10.0
118.0 81.0 20.0 10.0
53.0 51.0 20.0 10.0
83.0 42.0 20.0 10.0
25.0 83.0 20.0 10.0
26.0 115.0 20.0 10.0
97.0 94.0 20.0 10.0
67.0 54.0 20.0 10.0
61.0 70.0 20.0 10.0
122.0 69.0 20.0 10.0
99.0 115.0 20.0 10.0
82.0 122.0 20.0 10.0
137.0 73.0 20.0 10.0
56.0 123.0 20.0 10.0
31.0 51.0 20.0 10.0
120.0 91.0 20.0 10.0
82.0 104.0 20.0 10.0
40.0 84.0 20.0 10.0
65.0 42.0 20.0 10.0
76.0 107.0 20.0 10.0
74.0 128.0 20.0 10.0
25.0 52.0 20.0 10.0
88.0 128.0 20.0 10.0
103.0 49.0 20.0 10.0
108.0 28.0 20.0 10.0
91.0 25.0 20.0 10.0
93.0 45.0 20.0 10.0
110.0 63.0 20.0 10.0
50.0 121.0 20.0 10.0
117.0 64.0 20.0 10.0
103.0 114.0 20.0 10.0
33.0 67.0 20.0 10.0
116.0 102.0 20.0 10.0
79.0 128.0 20.0 10.0
117.0 120.0 20.0 10.0
45.0 67.0 20.0 10.0
95.0 123.0 20.0 10.0
139.0 84.0 20.0 10.0
112.0 111.0 20.0 10.0
90.0 35.0 20.0 10.0
34.0 105.0 20.0 10.0
45.0 105.0 20.0 10.0
