100
77.0 56.0 20.0 10.0
55.0 82.0 20.0 10.0
84.0 86.0 20.0 10.0
85.0 73.0 20.0 10.0
96.0 74.0 20.0 10.0
88.0 62.0 20.0 10.0
98.0 87.0 20.0 10.0
83.0 78.0 20.0 10.0
92.0 81.0 20.0 10.0
89.0 77.0 20.0 10.0
105.0 79.0 20.0 10.0
113.0 70.0 20.0 10.0
83.0 98.0 20.0 10.0
68.0 90.0 20.0 10.0
65.0 86.0 20.0 10.0
60.0 66.0 20.0 10.0
78.0 78.0 20.0 10.0
60.0 78.0 20.0 10.0
89.0 109.0 20.0 10.0
102.0 89.0 20.0 10.0
99.0 58.0 20.0 10.0
67.0 96.0 20.0 10.0
105.0 55.0 20.0 10.0
121.0 111.0 20.0 10.0
100.0 64.0 20.0 10.0
75.0 68.0 20.0 10.0
82.0 124.0 20.0 10.0
76.0 52.0 20.0 10.0
62.0 111.0 20.0 10.0
78.0 95.0 20.0 10.0
59.0 49.0 20.0 10.0
74.0 42.0 20.0 10.0
114.0 92.0 20.0 10.0
104.0 46.0 20.0 10.0
51.0 82.0 20.0 10.0
94.0 50.0 20.0 10.0
61.0 100.0 20.0 10.0
111.0 60.0 20.0 10.0
73.0 80.0 20.0 10.0
83.0 51.0 20.0 10.0
56.0 42.0 20.0 10.0
67.0 28.0 20.0 10.0
90.0 89.0 20.0 10.0
64.0 40.0 20.0 10.0
72.0 115.0 20.0 10.0
57.0 109.0 20.0 10.0
109.0 112.0 20.0 10.0
115.0 46.0 20.0 10.0
136.0 62.0 20.0 10.0
125.0 47.0 20.0 10.0
87.0 117.0 20.0 10.0
80.0 111.0 20.0 10.0
126.0 66.0 20.0 10.0
40.0 102.0 20.0 10.0
46.0 67.0 20.0 10.0
83.0 117.0 20.0 10.0
108.0 31.0 20.0 10.0
112.0 81.0 20.0 10.0
50.0 47.0 20.0 10.0
37.0 73.0 20.0 10.0
132.0 70.0 20.0 10.0
53.0 92.0 20.0 10.0
77.0 102.0 20.0 10.0
36.0 84.0 20.0 10.0
78.0 65.0 20.0 10.0
107.0 110.0 20.0 10.0
80.0 25.0 20.0 10.0
68.0 113.0 20.0 10.0
132.0 52.0 20.0 10.0
122.0 79.0 20.0 10.0
50.0 104.0 20.0 10.0
53.0 54.0 20.0 10.0
61.0 62.0 20.0 10.0
131.0 87.0 20.0 10.0
54.0 66.0 20.0 10.0
112.0 102.0 20.0 10.0
102.0 41.0 20.0 10.0
68.0 39.0 20.0 10.0
58.0 124.0 20.0 10.0
66.0 134.0 20.0 10.0
95.0 133.0 20.0 10.0
105.0 118.0 20.0 10.0
98.0 25.0 20.0 10.0
37.0 113.0 20.0 10.0
45.0 88.0 20.0 10.0
121.0 57.0 20.0 10.0
51.0 118.0 20.0 10.0
120.0 26.0 20.0 10.0
88.0 43.0 20.0 10.0
96.0 113.0 20.0 10.0
44.0 59.0 20.0 10.0
25.0 92.0 20.0 10.0
94.0 37.0 20.0 10.0
82.0 43.0 20.0 10.0
38.0 48.0 20.0 10.0
122.0 89.0 20.0 10.0
124.0 103.0 20.0 10.0
121.0 49.0 20.0 10.0
27.0 69.0 20.0 10.0
123.0 124.0 20.0 10.0
