100
69.0 77.0 20.0 10.0
77.0 71.0 20.0 10.0
90.0 81.0 20.0 10.0
89.0 61.0 20.0 10.0
77.0 83.0 20.0 10.0
71.0 69.0 20.0 10.0
81.0 86.0 20.0 10.0
83.0 77.0 20.0 10.0
78.0 94.0 20.0 10.0
68.0 73.0 20.0 10.0
69.0 96.0 20.0 10.0
77.0 104.0 20.0 10.0
74.0 80.0 20.0 10.0
70.0 84.0 20.0 10.0
72.0 47.0 20.0 10.0
101.0 90.0 20.0 10.0
54.0 101.0 20.0 10.0
86.0 59.0 20.0 10.0
61.0 62.0 20.0 10.0
53.0 87.0 20.0 10.0
50.0 64.0 20.0 10.0
77.0 113.0 20.0 10.0
55.0 53.0 20.0 10.0
83.0 107.0 20.0 10.0
49.0 92.0 20.0 10.0
58.0 111.0 20.0 10.0
61.0 55.0 20.0 10.0
51.0 96.0 20.0 10.0
50.0 79.0 20.0 10.0
111.0 91.0 20.0 10.0
115.0 81.0 20.0 10.0
76.0 60.0 20.0 10.0
104.0 82.0 20.0 10.0
83.0 47.0 20.0 10.0
64.0 100.0 20.0 10.0
73.0 120.0 20.0 10.0
93.0 90.0 20.0 10.0
98.0 57.0 20.0 10.0
75.0 43.0 20.0 10.0
68.0 54.0 20.0 10.0
83.0 64.0 20.0 10.0
49.0 108.0 20.0 10.0
105.0 122.0 20.0 10.0
82.0 114.0 20.0 10.0
93.0 72.0 20.0 10.0
109.0 58.0 20.0 10.0
120.0 90.0 20.0 10.0
114.0 68.0 20.0 10.0
89.0 101.0 20.0 10.0
104.0 50.0 20.0 10.0
42.0 61.0 20.0 10.0
41.0 82.0 20.0 10.0
45.0 86.0 20.0 10.0
81.0 125.0 20.0 10.0
70.0 58.0 20.0 10.0
54.0 121.0 20.0 10.0
30.0 72.0 20.0 10.0
88.0 83.0 20.0 10.0
86.0 92.0 20.0 10.0
102.0 68.0 20.0 10.0
55.0 48.0 20.0 10.0
38.0 54.0 20.0 10.0
56.0 29.0 20.0 10.0
67.0 117.0 20.0 10.0
115.0 56.0 20.0 10.0
108.0 113.0 20.0 10.0
67.0 25.0 20.0 10.0
81.0 35.0 20.0 10.0
115.0 44.0 20.0 10.0
111.0 101.0 20.0 10.0
85.0 30.0 20.0 10.0
90.0 40.0 20.0 10.0
129.0 104.0 20.0 10.0
61.0 91.0 20.0 10.0
100.0 44.0 20.0 10.0
88.0 70.0 20.0 10.0
104.0 101.0 20.0 10.0
121.0 79.0 20.0 10.0
64.0 107.0 20.0 10.0
38.0 71.0 20.0 10.0
125.0 63.0 20.0 10.0
37.0 102.0 20.0 10.0
77.0 26.0 20.0 10.0
99.0 126.0 20.0 10.0
106.0 73.0 20.0 10.0
115.0 51.0 20.0 10.0
34.0 82.0 20.0 10.0
41.0 99.0 20.0 10.0
86.0 123.0 20.0 10.0
96.0 30.0 20.0 10.0
96.0 109.0 20.0 10.0
25.0 79.0 20.0 10.0
32.0 37.0 20.0 10.0
61.0 44.0 20.0 10.0
37.0 95.0 20.0 10.0
31.0 68.0 20.0 10.0
37.0 37.0 20.0 10.0
54.0 37.0 20.0 10.0
46.0 127.0 20.0 10.0
107.0 44.0 20.0 10.0
