100
83.0 67.0 20.0 10.0
84.0 98.0 20.0 10.0
89.0 82.0 20.0 10.0
100.0 97.0 20.0 10.0
82.0 72.0 20.0 10.0
85.0 62.0 20.0 10.0
99.0 70.0 20.0 10.0
81.0 85.0 20.0 10.0
63.0 90.0 20.0 10.0
71.0 85.0 20.0 10.0
78.0 94.0 20.0 10.0
77.0 71.0 20.0 10.0
78.0 63.0 20.0 10.0
83.0 93.0 20.0 10.0
108.0 68.0 20.0 10.0
74.0 99.0 20.0 10.0
120.0 90.0 20.0 10.0
75.0 66.0 20.0 10.0
80.0 80.0 20.0 10.0
66.0 55.0 20.0 10.0
51.0 67.0 20.0 10.0
49.0 78.0 20.0 10.0
90.0 77.0 20.0 10.0
100.0 47.0 20.0 10.0
110.0 77.0 20.0 10.0
61.0 70.0 20.0 10.0
69.0 103.0 20.0 10.0
55.0 48.0 20.0 10.0
91.0 63.0 20.0 10.0
99.0 65.0 20.0 10.0
92.0 103.0 20.0 10.0
87.0 73.0 20.0 10.0
48.0 72.0 20.0 10.0
47.0 104.0 20.0 10.0
76.0 108.0 20.0 10.0
109.0 82.0 20.0 10.0
89.0 90.0 20.0 10.0
71.0 62.0 20.0 10.0
54.0 88.0 20.0 10.0
117.0 82.0 20.0 10.0
84.0 43.0 20.0 10.0
42.0 75.0 20.0 10.0
122.0 61.0 20.0 10.0
102.0 50.0 20.0 10.0
66.0 65.0 20.0 10.0
102.0 88.0 20.0 10.0
60.0 65.0 20.0 10.0
63.0 80.0 20.0 10.0
50.0 96.0 20.0 10.0
121.0 98.0 20.0 10.0
38.0 82.0 20.0 10.0
56.0 35.0 20.0 10.0
43.0 92.0 20.0 10.0
62.0 99.0 20.0 10.0
89.0 122.0 20.0 10.0
72.0 28.0 20.0 10.0
49.0 55.0 20.0 10.0
87.0 32.0 20.0 10.0
75.0 46.0 20.0 10.0
40.0 54.0 20.0 10.0
99.0 102.0 20.0 10.0
107.0 90.0 20.0 10.0
79.0 119.0 20.0 10.0
50.0 41.0 20.0 10.0
128.0 92.0 20.0 10.0
124.0 71.0 20.0 10.0
111.0 65.0 20.0 10.0
122.0 50.0 20.0 10.0
58.0 105.0 20.0 10.0
65.0 39.0 20.0 10.0
107.0 114.0 20.0 10.0
128.0 82.0 20.0 10.0
72.0 49.0 20.0 10.0
115.0 56.0 20.0 10.0
101.0 29.0 20.0 10.0
99.0 114.0 20.0 10.0
40.0 46.0 20.0 10.0
92.0 43.0 20.0 10.0
114.0 112.0 20.0 10.0
42.0 88.0 20.0 10.0
96.0 115.0 20.0 10.0
80.0 37.0 20.0 10.0
129.0 108.0 20.0 10.0
130.0 52.0 20.0 10.0
52.0 104.0 20.0 10.0
96.0 26.0 20.0 10.0
130.0 76.0 20.0 10.0
110.0 96.0 20.0 10.0
66.0 119.0 20.0 10.0
116.0 47.0 20.0 10.0
65.0 25.0 20.0 10.0
72.0 129.0 20.0 10.0
25.0 106.0 20.0 10.0
34.0 74.0 20.0 10.0
51.0 130.0 20.0 10.0
107.0 39.0 20.0 10.0
113.0 34.0 20.0 10.0
132.0 64.0 20.0 10.0
103.0 58.0 20.0 10.0
57.0 112.0 20.0 10.0
