100
90.0 96.0 20.0 10.0
93.0 90.0 20.0 10.0
76.0 87.0 20.0 10.0
83.0 75.0 20.0 10.0
62.0 74.0 20.0 10.0
82.0 79.0 20.0 10.0
82.0 69.0 20.0 10.0
90.0 68.0 20.0 10.0
83.0 64.0 20.0 10.0
89.0 86.0 20.0 10.0
68.0 95.0 20.0 10.0
94.0 70.0 20.0 10.0
67.0 90.0 20.0 10.0
107.0 72.0 20.0 10.0
69.0 83.0 20.0 10.0
55.0 69.0 20.0 10.0
107.0 97.0 20.0 10.0
86.0 101.0 20.0 10.0
69.0 47.0 20.0 10.0
81.0 93.0 20.0 10.0
53.0 88.0 20.0 10.0
98.0 114.0 20.0 10.0
75.0 57.0 20.0 10.0
80.0 50.0 20.0 10.0
57.0 79.0 20.0 10.0
84.0 43.0 20.0 10.0
51.0 51.0 20.0 10.0
90.0 77.0 20.0 10.0
95.0 64.0 20.0 10.0
115.0 79.0 20.0 10.0
60.0 68.0 20.0 10.0
91.0 105.0 20.0 10.0
95.0 48.0 20.0 10.0
88.0 58.0 20.0 10.0
67.0 71.0 20.0 10.0
112.0 51.0 20.0 10.0
62.0 110.0 20.0 10.0
108.0 59.0 20.0 10.0
103.0 103.0 20.0 10.0
113.0 92.0 20.0 10.0
59.0 60.0 20.0 10.0
51.0 80.0 20.0 10.0
62.0 123.0 20.0 10.0
57.0 42.0 20.0 10.0
84.0 50.0 20.0 10.0
117.0 37.0 20.0 10.0
102.0 58.0 20.0 10.0
45.0 49.0 20.0 10.0
34.0 101.0 20.0 10.0
34.0 88.0 20.0 10.0
75.0 98.0 20.0 10.0
43.0 92.0 20.0 10.0
118.0 92.0 20.0 10.0
58.0 50.0 20.0 10.0
122.0 71.0 20.0 10.0
103.0 52.0 20.0 10.0
64.0 44.0 20.0 10.0
31.0 65.0 20.0 10.0
117.0 68.0 20.0 10.0
32.0 73.0 20.0 10.0
102.0 122.0 20.0 10.0
97.0 129.0 20.0 10.0
85.0 127.0 20.0 10.0
127.0 82.0 20.0 10.0
88.0 28.0 20.0 10.0
110.0 111.0 20.0 10.0
116.0 31.0 20.0 10.0
92.0 26.0 20.0 10.0
40.0 103.0 20.0 10.0
72.0 35.0 20.0 10.0
136.0 73.0 20.0 10.0
127.0 55.0 20.0 10.0
102.0 35.0 20.0 10.0
42.0 56.0 20.0 10.0
41.0 37.0 20.0 10.0
80.0 36.0 20.0 10.0
50.0 64.0 20.0 10.0
66.0 25.0 20.0 10.0
74.0 123.0 20.0 10.0
51.0 112.0 20.0 10.0
27.0 104.0 20.0 10.0
64.0 133.0 20.0 10.0
51.0 106.0 20.0 10.0
43.0 111.0 20.0 10.0
125.0 109.0 20.0 10.0
52.0 96.0 20.0 10.0
120.0 61.0 20.0 10.0
119.0 48.0 20.0 10.0
45.0 66.0 20.0 10.0
103.0 117.0 20.0 10.0
67.0 104.0 20.0 10.0
74.0 133.0 20.0 10.0
125.0 36.0 20.0 10.0
24.0 57.0 20.0 10.0
94.0 84.0 20.0 10.0
99.0 49.0 20.0 10.0
81.0 118.0 20.0 10.0
64.0 32.0 20.0 10.0
35.0 94.0 20.0 10.0
35.0 78.0 20.0 10.0
