100
64.0 79.0 20.0 10.0
64.0 66.0 20.0 10.0
63.0 62.0 20.0 10.0
86.0 76.0 20.0 10.0
80.0 89.0 20.0 10.0
63.0 74.0 20.0 10.0
93.0 87.0 20.0 10.0
71.0 102.0 20.0 10.0
74.0 74.0 20.0 10.0
74.0 111.0 20.0 10.0
76.0 102.0 20.0 10.0
79.0 81.0 20.0 10.0
91.0 92.0 20.0 10.0
69.0 72.0 20.0 10.0
57.0 88.0 20.0 10.0
79.0 73.0 20.0 10.0
98.0 53.0 20.0 10.0
68.0 76.0 20.0 10.0
111.0 69.0 20.0 10.0
70.0 48.0 20.0 10.0
73.0 93.0 20.0 10.0
73.0 67.0 20.0 10.0
51.0 109.0 20.0 10.0
96.0 89.0 20.0 10.0
87.0 81.0 20.0 10.0
85.0 53.0 20.0 10.0
102.0 62.0 20.0 10.0
58.0 67.0 20.0 10.0
111.0 60.0 20.0 10.0
93.0 80.0 20.0 10.0
75.0 85.0 20.0 10.0
84.0 66.0 20.0 10.0
93.0 99.0 20.0 10.0
97.0 65.0 20.0 10.0
50.0 65.0 20.0 10.0
37.0 93.0 20.0 10.0
93.0 71.0 20.0 10.0
107.0 107.0 20.0 10.0
126.0 92.0 20.0 10.0
62.0 52.0 20.0 10.0
95.0 76.0 20.0 10.0
89.0 39.0 20.0 10.0
51.0 94.0 20.0 10.0
73.0 119.0 20.0 10.0
119.0 103.0 20.0 10.0
62.0 85.0 20.0 10.0
78.0 36.0 20.0 10.0
81.0 48.0 20.0 10.0
93.0 48.0 20.0 10.0
32.0 89.0 20.0 10.0
70.0 109.0 20.0 10.0
109.0 101.0 20.0 10.0
98.0 126.0 20.0 10.0
67.0 24.0 20.0 10.0
113.0 84.0 20.0 10.0
116.0 76.0 20.0 10.0
38.0 85.0 20.0 10.0
81.0 57.0 20.0 10.0
103.0 90.0 20.0 10.0
58.0 99.0 20.0 10.0
48.0 39.0 20.0 10.0
32.0 98.0 20.0 10.0
122.0 79.0 20.0 10.0
45.0 46.0 20.0 10.0
58.0 107.0 20.0 10.0
47.0 103.0 20.0 10.0
55.0 53.0 20.0 10.0
32.0 64.0 20.0 10.0
38.0 57.0 20.0 10.0
113.0 108.0 20.0 10.0
117.0 89.0 20.0 10.0
64.0 31.0 20.0 10.0
36.0 105.0 20.0 10.0
90.0 33.0 20.0 10.0
90.0 118.0 20.0 10.0
109.0 47.0 20.0 10.0
102.0 31.0 20.0 10.0
34.0 79.0 20.0 10.0
129.0 63.0 20.0 10.0
62.0 38.0 20.0 10.0
104.0 50.0 20.0 10.0
53.0 78.0 20.0 10.0
55.0 123.0 20.0 10.0
86.0 107.0 20.0 10.0
107.0 118.0 20.0 10.0
115.0 26.0 20.0 10.0
108.0 53.0 20.0 10.0
43.0 57.0 20.0 10.0
91.0 114.0 20.0 10.0
72.0 42.0 20.0 10.0
117.0 65.0 20.0 10.0
38.0 98.0 20.0 10.0
73.0 33.0 20.0 10.0
102.0 110.0 20.0 10.0
39.0 43.0 20.0 10.0
43.0 75.0 20.0 10.0
36.0 71.0 20.0 10.0
83.0 123.0 20.0 10.0
101.0 43.0 20.0 10.0
24.0 60.0 20.0 10.0
