100
81.0 80.0 20.0 10.0
87.0 61.0 20.0 10.0
89.0 91.0 20.0 10.0
77.0 70.0 20.0 10.0
87.0 82.0 20.0 10.0
70.0 76.0 20.0 10.0
93.0 82.0 20.0 10.0
87.0 94.0 20.0 10.0
95.0 67.0 20.0 10.0
74.0 82.0 20.0 10.0
90.0 72.0 20.0 10.0
81.0 105.0 20.0 10.0
68.0 63.0 20.0 10.0
105.0 85.0 20.0 10.0
79.0 96.0 20.0 10.0
101.0 56.0 20.0 10.0
60.0 93.0 20.0 10.0
92.0 112.0 20.0 10.0
75.0 92.0 20.0 10.0
88.0 49.0 20.0 10.0
103.0 74.0 20.0 10.0
65.0 68.0 20.0 10.0
82.0 57.0 20.0 10.0
80.0 39.0 20.0 10.0
68.0 71.0 20.0 10.0
56.0 72.0 20.0 10.0
61.0 61.0 20.0 10.0
100.0 48.0 20.0 10.0
98.0 94.0 20.0 10.0
80.0 68.0 20.0 10.0
69.0 92.0 20.0 10.0
93.0 63.0 20.0 10.0
69.0 42.0 20.0 10.0
63.0 120.0 20.0 10.0
54.0 66.0 20.0 10.0
51.0 82.0 20.0 10.0
100.0 105.0 20.0 10.0
108.0 62.0 20.0 10.0
110.0 70.0 20.0 10.0
61.0 104.0 20.0 10.0
86.0 76.0 20.0 10.0
105.0 97.0 20.0 10.0
116.0 89.0 20.0 10.0
50.0 44.0 20.0 10.0
110.0 79.0 20.0 10.0
91.0 40.0 20.0 10.0
95.0 33.0 20.0 10.0
128.0 66.0 20.0 10.0
52.0 113.0 20.0 10.0
52.0 73.0 20.0 10.0
72.0 96.0 20.0 10.0
50.0 63.0 20.0 10.0
63.0 49.0 20.0 10.0
42.0 71.0 20.0 10.0
68.0 25.0 20.0 10.0
108.0 109.0 20.0 10.0
72.0 56.0 20.0 10.0
100.0 35.0 20.0 10.0
34.0 95.0 20.0 10.0
79.0 121.0 20.0 10.0
66.0 55.0 20.0 10.0
120.0 67.0 20.0 10.0
130.0 75.0 20.0 10.0
102.0 90.0 20.0 10.0
113.0 51.0 20.0 10.0
33.0 81.0 20.0 10.0
77.0 31.0 20.0 10.0
126.0 82.0 20.0 10.0
42.0 94.0 20.0 10.0
94.0 130.0 20.0 10.0
120.0 48.0 20.0 10.0
44.0 77.0 20.0 10.0
110.0 45.0 20.0 10.0
65.0 107.0 20.0 10.0
96.0 122.0 20.0 10.0
132.0 117.0 20.0 10.0
86.0 31.0 20.0 10.0
104.0 25.0 20.0 10.0
125.0 87.0 20.0 10.0
47.0 94.0 20.0 10.0
76.0 114.0 20.0 10.0
125.0 54.0 20.0 10.0
25.0 77.0 20.0 10.0
110.0 119.0 20.0 10.0
47.0 111.0 20.0 10.0
104.0 124.0 20.0 10.0
57.0 86.0 20.0 10.0
122.0 98.0 20.0 10.0
40.0 105.0 20.0 10.0
37.0 38.0 20.0 10.0
116.0 111.0 20.0 10.0
82.0 127.0 20.0 10.0
129.0 59.0 20.0 10.0
44.0 50.0 20.0 10.0
53.0 39.0 20.0 10.0
108.0 40.0 20.0 10.0
60.0 31.0 20.0 10.0
71.0 115.0 20.0 10.0
73.0 38.0 20.0 10.0
60.0 113.0 20.0 10.0
