100
76.0 101.0 20.0 10.0
75.0 64.0 20.0 10.0
80.0 85.0 20.0 10.0
60.0 94.0 20.0 10.0
72.0 71.0 20.0 10.0
84.0 62.0 20.0 10.0
103.0 88.0 20.0 10.0
78.0 69.0 20.0 10.0
69.0 82.0 20.0 10.0
94.0 91.0 20.0 10.0
91.0 48.0 20.0 10.0
56.0 54.0 20.0 10.0
69.0 77.0 20.0 10.0
55.0 84.0 20.0 10.0
80.0 90.0 20.0 10.0
78.0 48.0 20.0 10.0
89.0 78.0 20.0 10.0
63.0 59.0 20.0 10.0
80.0 41.0 20.0 10.0
44.0 86.0 20.0 10.0
71.0 42.0 20.0 10.0
107.0 59.0 20.0 10.0
60.0 67.0 20.0 10.0
101.0 49.0 20.0 10.0
65.0 39.0 20.0 10.0
113.0 67.0 20.0 10.0
62.0 88.0 20.0 10.0
86.0 69.0 20.0 10.0
52.0 102.0 20.0 10.0
34.0 58.0 20.0 10.0
71.0 88.0 20.0 10.0
102.0 77.0 20.0 10.0
82.0 108.0 20.0 10.0
53.0 57.0 20.0 10.0
33.0 68.0 20.0 10.0
44.0 51.0 20.0 10.0
76.0 72.0 20.0 10.0
49.0 72.0 20.0 10.0
30.0 84.0 20.0 10.0
67.0 60.0 20.0 10.0
45.0 72.0 20.0 10.0
40.0 74.0 20.0 10.0
85.0 85.0 20.0 10.0
60.0 104.0 20.0 10.0
95.0 83.0 20.0 10.0
82.0 127.0 20.0 10.0
47.0 110.0 20.0 10.0
42.0 101.0 20.0 10.0
96.0 57.0 20.0 10.0
50.0 95.0 20.0 10.0
90.0 53.0 20.0 10.0
98.0 68.0 20.0 10.0
54.0 47.0 20.0 10.0
82.0 49.0 20.0 10.0
74.0 106.0 20.0 10.0
113.0 82.0 20.0 10.0
68.0 106.0 20.0 10.0
56.0 108.0 20.0 10.0
89.0 119.0 20.0 10.0
73.0 116.0 20.0 10.0
83.0 90.0 20.0 10.0
116.0 77.0 20.0 10.0
74.0 124.0 20.0 10.0
81.0 113.0 20.0 10.0
74.0 36.0 20.0 10.0
72.0 92.0 20.0 10.0
87.0 34.0 20.0 10.0
43.0 58.0 20.0 10.0
106.0 119.0 20.0 10.0
103.0 94.0 20.0 10.0
50.0 63.0 20.0 10.0
99.0 33.0 20.0 10.0
45.0 95.0 20.0 10.0
66.0 127.0 20.0 10.0
37.0 97.0 20.0 10.0
42.0 38.0 20.0 10.0
90.0 64.0 20.0 10.0
65.0 117.0 20.0 10.0
43.0 25.0 20.0 10.0
130.0 62.0 20.0 10.0
108.0 130.0 20.0 10.0
25.0 69.0 20.0 10.0
63.0 46.0 20.0 10.0
121.0 51.0 20.0 10.0
31.0 75.0 20.0 10.0
92.0 36.0 20.0 10.0
114.0 118.0 20.0 10.0
93.0 114.0 20.0 10.0
50.0 81.0 20.0 10.0
29.0 106.0 20.0 10.0
96.0 97.0 20.0 10.0
33.0 51.0 20.0 10.0
121.0 92.0 20.0 10.0
45.0 127.0 20.0 10.0
101.0 116.0 20.0 10.0
57.0 122.0 20.0 10.0
109.0 25.0 20.0 10.0
109.0 36.0 20.0 10.0
88.0 105.0 20.0 10.0
115.0 92.0 20.0 10.0
