100
94.0 87.0 20.0 10.0
83.0 92.0 20.0 10.0
81.0 92.0 20.0 10.0
97.0 69.0 20.0 10.0
87.0 94.0 20.0 10.0
68.0 73.0 20.0 10.0
88.0 72.0 20.0 10.0
64.0 79.0 20.0 10.0
86.0 109.0 20.0 10.0
92.0 81.0 20.0 10.0
76.0 64.0 20.0 10.0
75.0 71.0 20.0 10.0
114.0 93.0 20.0 10.0
67.0 70.0 20.0 10.0
93.0 91.0 20.0 10.0
75.0 54.0 20.0 10.0
87.0 83.0 20.0 10.0
68.0 60.0 20.0 10.0
61.0 105.0 20.0 10.0
58.0 73.0 20.0 10.0
84.0 56.0 20.0 10.0
103.0 72.0 20.0 10.0
88.0 115.0 20.0 10.0
98.0 66.0 20.0 10.0
61.0 66.0 20.0 10.0
58.0 57.0 20.0 10.0
81.0 39.0 20.0 10.0
77.0 47.0 20.0 10.0
94.0 46.0 20.0 10.0
70.0 99.0 20.0 10.0
118.0 94.0 20.0 10.0
101.0 87.0 20.0 10.0
100.0 79.0 20.0 10.0
73.0 104.0 20.0 10.0
115.0 60.0 20.0 10.0
82.0 105.0 20.0 10.0
116.0 112.0 20.0 10.0
100.0 51.0 20.0 10.0
89.0 60.0 20.0 10.0
58.0 96.0 20.0 10.0
110.0 55.0 20.0 10.0
109.0 98.0 20.0 10.0
98.0 99.0 20.0 10.0
82.0 71.0 20.0 10.0
130.0 88.0 20.0 10.0
89.0 104.0 20.0 10.0
77.0 96.0 20.0 10.0
69.0 31.0 20.0 10.0
41.0 75.0 20.0 10.0
93.0 134.0 20.0 10.0
111.0 124.0 20.0 10.0
46.0 93.0 20.0 10.0
54.0 82.0 20.0 10.0
57.0 101.0 20.0 10.0
109.0 74.0 20.0 10.0
29.0 80.0 20.0 10.0
80.0 135.0 20.0 10.0
79.0 31.0 20.0 10.0
95.0 32.0 20.0 10.0
87.0 136.0 20.0 10.0
90.0 42.0 20.0 10.0
125.0 105.0 20.0 10.0
50.0 30.0 20.0 10.0
56.0 114.0 20.0 10.0
120.0 44.0 20.0 10.0
101.0 106.0 20.0 10.0
131.0 63.0 20.0 10.0
50.0 38.0 20.0 10.0
50.0 98.0 20.0 10.0
121.0 66.0 20.0 10.0
141.0 85.0 20.0 10.0
129.0 48.0 20.0 10.0
53.0 93.0 20.0 10.0
109.0 31.0 20.0 10.0
101.0 133.0 20.0 10.0
123.0 112.0 20.0 10.0
51.0 57.0 20.0 10.0
123.0 72.0 20.0 10.0
42.0 127.0 20.0 10.0
25.0 63.0 20.0 10.0
66.0 112.0 20.0 10.0
140.0 70.0 20.0 10.0
61.0 131.0 20.0 10.0
112.0 105.0 20.0 10.0
45.0 105.0 20.0 10.0
39.0 90.0 20.0 10.0
84.0 46.0 20.0 10.0
65.0 90.0 20.0 10.0
116.0 81.0 20.0 10.0
80.0 129.0 20.0 10.0
32.0 92.0 20.0 10.0
102.0 122.0 20.0 10.0
97.0 119.0 20.0 10.0
46.0 70.0 20.0 10.0
129.0 120.0 20.0 10.0
117.0 25.0 20.0 10.0
130.0 83.0 20.0 10.0
102.0 41.0 20.0 10.0
117.0 137.0 20.0 10.0
54.0 66.0 20.0 10.0
