100
69.0 81.0 20.0 10.0
59.0 95.0 20.0 10.0
65.0 77.0 20.0 10.0
78.0 88.0 20.0 10.0
73.0 87.0 20.0 10.0
77.0 81.0 20.0 10.0
92.0 79.0 20.0 10.0
45.0 71.0 20.0 10.0
81.0 77.0 20.0 10.0
79.0 65.0 20.0 10.0
67.0 94.0 20.0 10.0
84.0 63.0 20.0 10.0
56.0 72.0 20.0 10.0
70.0 48.0 20.0 10.0
99.0 74.0 20.0 10.0
82.0 97.0 20.0 10.0
102.0 103.0 20.0 10.0
47.0 84.0 20.0 10.0
46.0 112.0 20.0 10.0
92.0 101.0 20.0 10.0
78.0 75.0 20.0 10.0
86.0 55.0 20.0 10.0
37.0 66.0 20.0 10.0
103.0 79.0 20.0 10.0
92.0 55.0 20.0 10.0
98.0 106.0 20.0 10.0
42.0 64.0 20.0 10.0
116.0 88.0 20.0 10.0
58.0 56.0 20.0 10.0
89.0 111.0 20.0 10.0
85.0 118.0 20.0 10.0
84.0 35.0 20.0 10.0
79.0 57.0 20.0 10.0
104.0 99.0 20.0 10.0
52.0 113.0 20.0 10.0
108.0 46.0 20.0 10.0
108.0 76.0 20.0 10.0
68.0 74.0 20.0 10.0
66.0 111.0 20.0 10.0
88.0 90.0 20.0 10.0
92.0 65.0 20.0 10.0
122.0 89.0 20.0 10.0
62.0 99.0 20.0 10.0
54.0 63.0 20.0 10.0
85.0 103.0 20.0 10.0
67.0 106.0 20.0 10.0
99.0 36.0 20.0 10.0
115.0 47.0 20.0 10.0
35.0 51.0 20.0 10.0
55.0 44.0 20.0 10.0
58.0 25.0 20.0 10.0
106.0 92.0 20.0 10.0
66.0 122.0 20.0 10.0
39.0 102.0 20.0 10.0
37.0 112.0 20.0 10.0
73.0 70.0 20.0 10.0
77.0 37.0 20.0 10.0
80.0 114.0 20.0 10.0
113.0 97.0 20.0 10.0
99.0 55.0 20.0 10.0
56.0 116.0 20.0 10.0
121.0 80.0 20.0 10.0
37.0 82.0 20.0 10.0
100.0 63.0 20.0 10.0
82.0 27.0 20.0 10.0
68.0 56.0 20.0 10.0
49.0 78.0 20.0 10.0
70.0 30.0 20.0 10.0
90.0 119.0 20.0 10.0
91.0 36.0 20.0 10.0
39.0 47.0 20.0 10.0
67.0 31.0 20.0 10.0
100.0 119.0 20.0 10.0
111.0 81.0 20.0 10.0
114.0 106.0 20.0 10.0
123.0 64.0 20.0 10.0
46.0 61.0 20.0 10.0
26.0 83.0 20.0 10.0
73.0 125.0 20.0 10.0
43.0 92.0 20.0 10.0
70.0 40.0 20.0 10.0
29.0 92.0 20.0 10.0
48.0 96.0 20.0 10.0
95.0 114.0 20.0 10.0
41.0 40.0 20.0 10.0
119.0 74.0 20.0 10.0
25.0 58.0 20.0 10.0
64.0 61.0 20.0 10.0
60.0 48.0 20.0 10.0
107.0 38.0 20.0 10.0
73.0 104.0 20.0 10.0
132.0 49.0 20.0 10.0
57.0 36.0 20.0 10.0
96.0 42.0 20.0 10.0
49.0 128.0 20.0 10.0
115.0 56.0 20.0 10.0
40.0 130.0 20.0 10.0
126.0 115.0 20.0 10.0
116.0 64.0 20.0 10.0
26.0 43.0 20.0 10.0
