100
82.0 92.0 20.0 10.0
71.0 71.0 20.0 10.0
72.0 87.0 20.0 10.0
70.0 90.0 20.0 10.0
77.0 91.0 20.0 10.0
87.0 89.0 20.0 10.0
71.0 78.0 20.0 10.0
62.0 72.0 20.0 10.0
83.0 73.0 20.0 10.0
100.0 72.0 20.0 10.0
94.0 90.0 20.0 10.0
82.0 83.0 20.0 10.0
85.0 69.0 20.0 10.0
59.0 65.0 20.0 10.0
49.0 84.0 20.0 10.0
76.0 65.0 20.0 10.0
110.0 91.0 20.0 10.0
54.0 113.0 20.0 10.0
68.0 66.0 20.0 10.0
64.0 53.0 20.0 10.0
59.0 94.0 20.0 10.0
75.0 109.0 20.0 10.0
59.0 85.0 20.0 10.0
82.0 54.0 20.0 10.0
48.0 68.0 20.0 10.0
98.0 50.0 20.0 10.0
53.0 43.0 20.0 10.0
68.0 56.0 20.0 10.0
80.0 43.0 20.0 10.0
92.0 67.0 20.0 10.0
92.0 57.0 20.0 10.0
52.0 88.0 20.0 10.0
67.0 106.0 20.0 10.0
88.0 86.0 20.0 10.0
78.0 101.0 20.0 10.0
37.0 66.0 20.0 10.0
45.0 115.0 20.0 10.0
47.0 55.0 20.0 10.0
86.0 113.0 20.0 10.0
94.0 44.0 20.0 10.0
61.0 108.0 20.0 10.0
93.0 73.0 20.0 10.0
54.0 61.0 20.0 10.0
59.0 102.0 20.0 10.0
84.0 126.0 20.0 10.0
84.0 107.0 20.0 10.0
54.0 74.0 20.0 10.0
40.0 51.0 20.0 10.0
61.0 118.0 20.0 10.0
98.0 114.0 20.0 10.0
107.0 97.0 20.0 10.0
125.0 71.0 20.0 10.0
100.0 126.0 20.0 10.0
60.0 37.0 20.0 10.0
108.0 121.0 20.0 10.0
29.0 78.0 20.0 10.0
78.0 52.0 20.0 10.0
67.0 116.0 20.0 10.0
74.0 123.0 20.0 10.0
37.0 60.0 20.0 10.0
32.0 31.0 20.0 10.0
77.0 30.0 20.0 10.0
112.0 47.0 20.0 10.0
117.0 77.0 20.0 10.0
32.0 117.0 20.0 10.0
115.0 99.0 20.0 10.0
40.0 104.0 20.0 10.0
101.0 60.0 20.0 10.0
100.0 96.0 20.0 10.0
103.0 66.0 20.0 10.0
111.0 101.0 20.0 10.0
50.0 105.0 20.0 10.0
92.0 131.0 20.0 10.0
46.0 47.0 20.0 10.0
122.0 84.0 20.0 10.0
32.0 103.0 20.0 10.0
59.0 128.0 20.0 10.0
112.0 110.0 20.0 10.0
74.0 45.0 20.0 10.0
122.0 105.0 20.0 10.0
54.0 31.0 20.0 10.0
58.0 25.0 20.0 10.0
69.0 34.0 20.0 10.0
37.0 97.0 20.0 10.0
107.0 85.0 20.0 10.0
27.0 89.0 20.0 10.0
123.0 61.0 20.0 10.0
109.0 58.0 20.0 10.0
90.0 34.0 20.0 10.0
37.0 91.0 20.0 10.0
84.0 136.0 20.0 10.0
35.0 78.0 20.0 10.0
25.0 65.0 20.0 10.0
104.0 32.0 20.0 10.0
137.0 85.0 20.0 10.0
82.0 31.0 20.0 10.0
111.0 63.0 20.0 10.0
47.0 77.0 20.0 10.0
115.0 84.0 20.0 10.0
106.0 110.0 20.0 10.0
