100
79.0 63.0 20.0 10.0
99.0 75.0 20.0 10.0
104.0 70.0 20.0 10.0
72.0 75.0 20.0 10.0
97.0 81.0 20.0 10.0
75.0 77.0 20.0 10.0
105.0 85.0 20.0 10.0
80.0 46.0 20.0 10.0
82.0 80.0 20.0 10.0
89.0 66.0 20.0 10.0
67.0 96.0 20.0 10.0
91.0 83.0 20.0 10.0
76.0 53.0 20.0 10.0
72.0 100.0 20.0 10.0
76.0 89.0 20.0 10.0
59.0 93.0 20.0 10.0
92.0 46.0 20.0 10.0
60.0 65.0 20.0 10.0
112.0 55.0 20.0 10.0
64.0 101.0 20.0 10.0
41.0 108.0 20.0 10.0
124.0 66.0 20.0 10.0
64.0 86.0 20.0 10.0
94.0 100.0 20.0 10.0
55.0 67.0 20.0 10.0
102.0 119.0 20.0 10.0
73.0 68.0 20.0 10.0
83.0 52.0 20.0 10.0
46.0 82.0 20.0 10.0
116.0 73.0 20.0 10.0
89.0 101.0 20.0 10.0
77.0 100.0 20.0 10.0
91.0 59.0 20.0 10.0
65.0 56.0 20.0 10.0
94.0 89.0 20.0 10.0
51.0 90.0 20.0 10.0
111.0 44.0 20.0 10.0
58.0 106.0 20.0 10.0
43.0 89.0 20.0 10.0
119.0 58.0 20.0 10.0
45.0 66.0 20.0 10.0
93.0 112.0 20.0 10.0
65.0 66.0 20.0 10.0
67.0 125.0 20.0 10.0
79.0 94.0 20.0 10.0
112.0 84.0 20.0 10.0
40.0 123.0 20.0 10.0
77.0 110.0 20.0 10.0
54.0 125.0 20.0 10.0
83.0 113.0 20.0 10.0
81.0 122.0 20.0 10.0
37.0 86.0 20.0 10.0
105.0 60.0 20.0 10.0
61.0 72.0 20.0 10.0
128.0 79.0 20.0 10.0
24.0 68.0 20.0 10.0
85.0 37.0 20.0 10.0
121.0 47.0 20.0 10.0
114.0 65.0 20.0 10.0
102.0 42.0 20.0 10.0
40.0 96.0 20.0 10.0
90.0 122.0 20.0 10.0
122.0 92.0 20.0 10.0
133.0 86.0 20.0 10.0
61.0 114.0 20.0 10.0
56.0 49.0 20.0 10.0
52.0 35.0 20.0 10.0
71.0 83.0 20.0 10.0
109.0 102.0 20.0 10.0
99.0 135.0 20.0 10.0
129.0 93.0 20.0 10.0
112.0 77.0 20.0 10.0
126.0 108.0 20.0 10.0
34.0 102.0 20.0 10.0
75.0 135.0 20.0 10.0
97.0 51.0 20.0 10.0
69.0 36.0 20.0 10.0
49.0 121.0 20.0 10.0
36.0 55.0 20.0 10.0
61.0 35.0 20.0 10.0
101.0 91.0 20.0 10.0
113.0 126.0 20.0 10.0
69.0 45.0 20.0 10.0
36.0 45.0 20.0 10.0
133.0 72.0 20.0 10.0
93.0 32.0 20.0 10.0
104.0 109.0 20.0 10.0
117.0 98.0 20.0 10.0
129.0 49.0 20.0 10.0
116.0 121.0 20.0 10.0
113.0 34.0 20.0 10.0
129.0 101.0 20.0 10.0
73.0 120.0 20.0 10.0
51.0 56.0 20.0 10.0
60.0 25.0 20.0 10.0
109.0 119.0 20.0 10.0
54.0 79.0 20.0 10.0
136.0 100.0 20.0 10.0
32.0 81.0 20.0 10.0
49.0 63.0 20.0 10.0
