100
76.0 60.0 20.0 10.0
107.0 99.0 20.0 10.0
124.0 81.0 20.0 10.0
56.0 39.0 20.0 10.0
80.0 107.0 20.0 10.0
68.0 88.0 20.0 10.0
104.0 82.0 20.0 10.0
55.0 83.0 20.0 10.0
95.0 94.0 20.0 10.0
69.0 120.0 20.0 10.0
96.0 62.0 20.0 10.0
117.0 68.0 20.0 10.0
38.0 60.0 20.0 10.0
115.0 87.0 20.0 10.0
63.0 78.0 20.0 10.0
84.0 70.0 20.0 10.0
71.0 91.0 20.0 10.0
55.0 71.0 20.0 10.0
48.0 81.0 20.0 10.0
69.0 44.0 20.0 10.0
107.0 111.0 20.0 10.0
82.0 119.0 20.0 10.0
68.0 70.0 20.0 10.0
84.0 66.0 20.0 10.0
48.0 100.0 20.0 10.0
44.0 75.0 20.0 10.0
97.0 51.0 20.0 10.0
68.0 80.0 20.0 10.0
116.0 44.0 20.0 10.0
75.0 73.0 20.0 10.0
136.0 73.0 20.0 10.0
112.0 72.0 20.0 10.0
126.0 36.0 20.0 10.0
79.0 143.0 20.0 10.0
147.0 110.0 20.0 10.0
137.0 88.0 20.0 10.0
91.0 25.0 20.0 10.0
161.0 70.0 20.0 10.0
79.0 101.0 20.0 10.0
109.0 114.0 20.0 10.0
46.0 62.0 20.0 10.0
71.0 102.0 20.0 10.0
94.0 76.0 20.0 10.0
104.0 91.0 20.0 10.0
44.0 90.0 20.0 10.0
95.0 70.0 20.0 10.0
128.0 111.0 20.0 10.0
76.0 85.0 20.0 10.0
62.0 66.0 20.0 10.0
109.0 123.0 20.0 10.0
63.0 45.0 20.0 10.0
62.0 115.0 20.0 10.0
92.0 131.0 20.0 10.0
120.0 77.0 20.0 10.0
25.0 78.0 20.0 10.0
78.0 94.0 20.0 10.0
75.0 50.0 20.0 10.0
93.0 113.0 20.0 10.0
122.0 107.0 20.0 10.0
117.0 157.0 20.0 10.0
78.0 27.0 20.0 10.0
64.0 108.0 20.0 10.0
131.0 64.0 20.0 10.0
84.0 75.0 20.0 10.0
96.0 89.0 20.0 10.0
103.0 70.0 20.0 10.0
87.0 52.0 20.0 10.0
128.0 76.0 20.0 10.0
102.0 48.0 20.0 10.0
108.0 75.0 20.0 10.0
57.0 95.0 20.0 10.0
84.0 98.0 20.0 10.0
75.0 106.0 20.0 10.0
122.0 87.0 20.0 10.0
67.0 74.0 20.0 10.0
34.0 102.0 20.0 10.0
112.0 52.0 20.0 10.0
115.0 110.0 20.0 10.0
27.0 27.0 20.0 10.0
73.0 63.0 20.0 10.0
49.0 91.0 20.0 10.0
63.0 57.0 20.0 10.0
46.0 51.0 20.0 10.0
133.0 92.0 20.0 10.0
105.0 63.0 20.0 10.0
112.0 89.0 20.0 10.0
95.0 108.0 20.0 10.0
89.0 82.0 20.0 10.0
129.0 49.0 20.0 10.0
93.0 44.0 20.0 10.0
81.0 48.0 20.0 10.0
82.0 41.0 20.0 10.0
117.0 141.0 20.0 10.0
104.0 52.0 20.0 10.0
139.0 57.0 20.0 10.0
93.0 98.0 20.0 10.0
85.0 133.0 20.0 10.0
55.0 117.0 20.0 10.0
36.0 45.0 20.0 10.0
43.0 115.0 20.0 10.0
