100
115.0 132.0 20.0 10.0
86.0 115.0 20.0 10.0
103.0 110.0 20.0 10.0
75.0 81.0 20.0 10.0
95.0 146.0 20.0 10.0
142.0 67.0 20.0 10.0
78.0 112.0 20.0 10.0
97.0 138.0 20.0 10.0
116.0 110.0 20.0 10.0
109.0 91.0 20.0 10.0
86.0 99.0 20.0 10.0
92.0 66.0 20.0 10.0
93.0 85.0 20.0 10.0
110.0 32.0 20.0 10.0
78.0 66.0 20.0 10.0
125.0 111.0 20.0 10.0
139.0 92.0 20.0 10.0
66.0 75.0 20.0 10.0
111.0 107.0 20.0 10.0
95.0 114.0 20.0 10.0
70.0 122.0 20.0 10.0
109.0 82.0 20.0 10.0
87.0 88.0 20.0 10.0
98.0 25.0 20.0 10.0
126.0 163.0 20.0 10.0
119.0 117.0 20.0 10.0
94.0 110.0 20.0 10.0
80.0 85.0 20.0 10.0
101.0 127.0 20.0 10.0
25.0 74.0 20.0 10.0
71.0 87.0 20.0 10.0
145.0 123.0 20.0 10.0
135.0 75.0 20.0 10.0
132.0 126.0 20.0 10.0
151.0 115.0 20.0 10.0
126.0 106.0 20.0 10.0
107.0 70.0 20.0 10.0
100.0 88.0 20.0 10.0
112.0 44.0 20.0 10.0
150.0 67.0 20.0 10.0
136.0 109.0 20.0 10.0
111.0 78.0 20.0 10.0
122.0 94.0 20.0 10.0
146.0 119.0 20.0 10.0
150.0 73.0 20.0 10.0
125.0 65.0 20.0 10.0
136.0 48.0 20.0 10.0
148.0 56.0 20.0 10.0
119.0 105.0 20.0 10.0
87.0 58.0 20.0 10.0
144.0 93.0 20.0 10.0
97.0 96.0 20.0 10.0
64.0 113.0 20.0 10.0
177.0 169.0 20.0 10.0
106.0 115.0 20.0 10.0
78.0 94.0 20.0 10.0
77.0 138.0 20.0 10.0
109.0 63.0 20.0 10.0
52.0 98.0 20.0 10.0
134.0 83.0 20.0 10.0
130.0 97.0 20.0 10.0
111.0 123.0 20.0 10.0
124.0 85.0 20.0 10.0
93.0 42.0 20.0 10.0
175.0 82.0 20.0 10.0
119.0 122.0 20.0 10.0
93.0 118.0 20.0 10.0
118.0 75.0 20.0 10.0
73.0 55.0 20.0 10.0
93.0 100.0 20.0 10.0
171.0 70.0 20.0 10.0
113.0 70.0 20.0 10.0
111.0 97.0 20.0 10.0
85.0 75.0 20.0 10.0
82.0 116.0 20.0 10.0
149.0 85.0 20.0 10.0
134.0 136.0 20.0 10.0
114.0 122.0 20.0 10.0
103.0 99.0 20.0 10.0
81.0 99.0 20.0 10.0
92.0 139.0 20.0 10.0
121.0 142.0 20.0 10.0
63.0 98.0 20.0 10.0
118.0 99.0 20.0 10.0
131.0 52.0 20.0 10.0
83.0 105.0 20.0 10.0
80.0 128.0 20.0 10.0
141.0 55.0 20.0 10.0
147.0 136.0 20.0 10.0
125.0 123.0 20.0 10.0
120.0 57.0 20.0 10.0
104.0 57.0 20.0 10.0
121.0 77.0 20.0 10.0
144.0 101.0 20.0 10.0
114.0 88.0 20.0 10.0
146.0 108.0 20.0 10.0
152.0 90.0 20.0 10.0
118.0 84.0 20.0 10.0
89.0 94.0 20.0 10.0
131.0 91.0 20.0 10.0
