100
117.0 58.0 20.0 10.0
124.0 83.0 20.0 10.0
80.0 80.0 20.0 10.0
90.0 86.0 20.0 10.0
79.0 89.0 20.0 10.0
76.0 67.0 20.0 10.0
132.0 77.0 20.0 10.0
100.0 120.0 20.0 10.0
70.0 69.0 20.0 10.0
56.0 121.0 20.0 10.0
108.0 41.0 20.0 10.0
105.0 67.0 20.0 10.0
54.0 82.0 20.0 10.0
118.0 26.0 20.0 10.0
90.0 92.0 20.0 10.0
101.0 105.0 20.0 10.0
67.0 77.0 20.0 10.0
36.0 84.0 20.0 10.0
99.0 75.0 20.0 10.0
66.0 113.0 20.0 10.0
138.0 78.0 20.0 10.0
63.0 87.0 20.0 10.0
86.0 67.0 20.0 10.0
83.0 46.0 20.0 10.0
88.0 120.0 20.0 10.0
120.0 108.0 20.0 10.0
120.0 67.0 20.0 10.0
96.0 44.0 20.0 10.0
70.0 125.0 20.0 10.0
110.0 98.0 20.0 10.0
62.0 44.0 20.0 10.0
43.0 65.0 20.0 10.0
119.0 92.0 20.0 10.0
25.0 68.0 20.0 10.0
87.0 112.0 20.0 10.0
74.0 113.0 20.0 10.0
104.0 91.0 20.0 10.0
102.0 52.0 20.0 10.0
103.0 102.0 20.0 10.0
76.0 29.0 20.0 10.0
84.0 137.0 20.0 10.0
101.0 136.0 20.0 10.0
131.0 89.0 20.0 10.0
65.0 129.0 20.0 10.0
93.0 81.0 20.0 10.0
44.0 88.0 20.0 10.0
141.0 45.0 20.0 10.0
123.0 45.0 20.0 10.0
87.0 71.0 20.0 10.0
60.0 93.0 20.0 10.0
121.0 122.0 20.0 10.0
54.0 106.0 20.0 10.0
103.0 31.0 20.0 10.0
69.0 108.0 20.0 10.0
84.0 97.0 20.0 10.0
143.0 91.0 20.0 10.0
130.0 107.0 20.0 10.0
114.0 104.0 20.0 10.0
100.0 87.0 20.0 10.0
56.0 69.0 20.0 10.0
95.0 125.0 20.0 10.0
110.0 89.0 20.0 10.0
104.0 83.0 20.0 10.0
55.0 52.0 20.0 10.0
86.0 58.0 20.0 10.0
111.0 68.0 20.0 10.0
123.0 74.0 20.0 10.0
70.0 88.0 20.0 10.0
25.0 125.0 20.0 10.0
84.0 106.0 20.0 10.0
125.0 60.0 20.0 10.0
36.0 116.0 20.0 10.0
148.0 113.0 20.0 10.0
52.0 76.0 20.0 10.0
62.0 63.0 20.0 10.0
72.0 94.0 20.0 10.0
92.0 25.0 20.0 10.0
55.0 46.0 20.0 10.0
54.0 98.0 20.0 10.0
26.0 97.0 20.0 10.0
114.0 78.0 20.0 10.0
77.0 129.0 20.0 10.0
62.0 39.0 20.0 10.0
91.0 69.0 20.0 10.0
76.0 42.0 20.0 10.0
106.0 116.0 20.0 10.0
91.0 57.0 20.0 10.0
79.0 104.0 20.0 10.0
99.0 94.0 20.0 10.0
125.0 108.0 20.0 10.0
71.0 103.0 20.0 10.0
72.0 51.0 20.0 10.0
133.0 54.0 20.0 10.0
97.0 63.0 20.0 10.0
86.0 38.0 20.0 10.0
93.0 95.0 20.0 10.0
80.0 68.0 20.0 10.0
100.0 40.0 20.0 10.0
47.0 95.0 20.0 10.0
127.0 68.0 20.0 10.0
