100
92.0 68.0 20.0 10.0
65.0 54.0 20.0 10.0
55.0 92.0 20.0 10.0
102.0 64.0 20.0 10.0
105.0 85.0 20.0 10.0
115.0 116.0 20.0 10.0
85.0 143.0 20.0 10.0
69.0 114.0 20.0 10.0
88.0 79.0 20.0 10.0
83.0 113.0 20.0 10.0
79.0 66.0 20.0 10.0
100.0 83.0 20.0 10.0
87.0 110.0 20.0 10.0
48.0 106.0 20.0 10.0
56.0 60.0 20.0 10.0
81.0 87.0 20.0 10.0
43.0 59.0 20.0 10.0
118.0 131.0 20.0 10.0
56.0 125.0 20.0 10.0
94.0 132.0 20.0 10.0
107.0 121.0 20.0 10.0
34.0 99.0 20.0 10.0
111.0 141.0 20.0 10.0
113.0 96.0 20.0 10.0
92.0 29.0 20.0 10.0
62.0 61.0 20.0 10.0
111.0 53.0 20.0 10.0
95.0 83.0 20.0 10.0
89.0 90.0 20.0 10.0
42.0 90.0 20.0 10.0
70.0 68.0 20.0 10.0
93.0 97.0 20.0 10.0
71.0 133.0 20.0 10.0
133.0 100.0 20.0 10.0
75.0 108.0 20.0 10.0
77.0 135.0 20.0 10.0
89.0 59.0 20.0 10.0
55.0 68.0 20.0 10.0
70.0 26.0 20.0 10.0
56.0 104.0 20.0 10.0
56.0 134.0 20.0 10.0
85.0 95.0 20.0 10.0
165.0 88.0 20.0 10.0
112.0 126.0 20.0 10.0
63.0 84.0 20.0 10.0
104.0 99.0 20.0 10.0
117.0 108.0 20.0 10.0
47.0 116.0 20.0 10.0
74.0 61.0 20.0 10.0
84.0 75.0 20.0 10.0
79.0 158.0 20.0 10.0
66.0 81.0 20.0 10.0
78.0 122.0 20.0 10.0
100.0 93.0 20.0 10.0
107.0 126.0 20.0 10.0
85.0 131.0 20.0 10.0
46.0 43.0 20.0 10.0
68.0 102.0 20.0 10.0
76.0 82.0 20.0 10.0
63.0 74.0 20.0 10.0
62.0 95.0 20.0 10.0
73.0 104.0 20.0 10.0
133.0 57.0 20.0 10.0
60.0 45.0 20.0 10.0
91.0 123.0 20.0 10.0
95.0 49.0 20.0 10.0
73.0 98.0 20.0 10.0
25.0 25.0 20.0 10.0
62.0 113.0 20.0 10.0
82.0 54.0 20.0 10.0
132.0 72.0 20.0 10.0
77.0 45.0 20.0 10.0
43.0 83.0 20.0 10.0
113.0 102.0 20.0 10.0
93.0 63.0 20.0 10.0
82.0 83.0 20.0 10.0
117.0 66.0 20.0 10.0
95.0 43.0 20.0 10.0
49.0 96.0 20.0 10.0
29.0 87.0 20.0 10.0
73.0 91.0 20.0 10.0
42.0 132.0 20.0 10.0
26.0 106.0 20.0 10.0
27.0 118.0 20.0 10.0
81.0 63.0 20.0 10.0
56.0 113.0 20.0 10.0
52.0 73.0 20.0 10.0
121.0 86.0 20.0 10.0
106.0 61.0 20.0 10.0
31.0 124.0 20.0 10.0
107.0 160.0 20.0 10.0
144.0 91.0 20.0 10.0
111.0 69.0 20.0 10.0
104.0 107.0 20.0 10.0
71.0 74.0 20.0 10.0
79.0 96.0 20.0 10.0
53.0 85.0 20.0 10.0
57.0 96.0 20.0 10.0
84.0 120.0 20.0 10.0
70.0 119.0 20.0 10.0
