100
88.0 139.0 20.0 10.0
71.0 91.0 20.0 10.0
96.0 111.0 20.0 10.0
81.0 132.0 20.0 10.0
122.0 54.0 20.0 10.0
103.0 41.0 20.0 10.0
124.0 71.0 20.0 10.0
87.0 100.0 20.0 10.0
151.0 135.0 20.0 10.0
132.0 119.0 20.0 10.0
116.0 124.0 20.0 10.0
67.0 142.0 20.0 10.0
62.0 107.0 20.0 10.0
102.0 69.0 20.0 10.0
42.0 119.0 20.0 10.0
79.0 107.0 20.0 10.0
94.0 130.0 20.0 10.0
134.0 98.0 20.0 10.0
109.0 58.0 20.0 10.0
110.0 131.0 20.0 10.0
71.0 107.0 20.0 10.0
105.0 78.0 20.0 10.0
113.0 111.0 20.0 10.0
60.0 99.0 20.0 10.0
59.0 131.0 20.0 10.0
46.0 81.0 20.0 10.0
105.0 109.0 20.0 10.0
90.0 109.0 20.0 10.0
82.0 99.0 20.0 10.0
114.0 98.0 20.0 10.0
96.0 99.0 20.0 10.0
117.0 71.0 20.0 10.0
150.0 106.0 20.0 10.0
27.0 80.0 20.0 10.0
132.0 81.0 20.0 10.0
71.0 57.0 20.0 10.0
55.0 86.0 20.0 10.0
131.0 92.0 20.0 10.0
76.0 124.0 20.0 10.0
118.0 136.0 20.0 10.0
57.0 25.0 20.0 10.0
100.0 81.0 20.0 10.0
48.0 110.0 20.0 10.0
123.0 121.0 20.0 10.0
138.0 102.0 20.0 10.0
91.0 74.0 20.0 10.0
82.0 93.0 20.0 10.0
57.0 66.0 20.0 10.0
128.0 87.0 20.0 10.0
93.0 32.0 20.0 10.0
69.0 129.0 20.0 10.0
51.0 111.0 20.0 10.0
84.0 104.0 20.0 10.0
97.0 55.0 20.0 10.0
121.0 126.0 20.0 10.0
69.0 74.0 20.0 10.0
133.0 110.0 20.0 10.0
70.0 115.0 20.0 10.0
122.0 98.0 20.0 10.0
41.0 49.0 20.0 10.0
59.0 76.0 20.0 10.0
47.0 89.0 20.0 10.0
90.0 94.0 20.0 10.0
109.0 105.0 20.0 10.0
64.0 63.0 20.0 10.0
25.0 66.0 20.0 10.0
98.0 92.0 20.0 10.0
76.0 80.0 20.0 10.0
96.0 61.0 20.0 10.0
36.0 92.0 20.0 10.0
90.0 52.0 20.0 10.0
105.0 145.0 20.0 10.0
95.0 118.0 20.0 10.0
79.0 71.0 20.0 10.0
76.0 57.0 20.0 10.0
147.0 97.0 20.0 10.0
88.0 82.0 20.0 10.0
129.0 60.0 20.0 10.0
99.0 126.0 20.0 10.0
122.0 78.0 20.0 10.0
121.0 117.0 20.0 10.0
106.0 85.0 20.0 10.0
133.0 64.0 20.0 10.0
114.0 90.0 20.0 10.0
64.0 77.0 20.0 10.0
88.0 43.0 20.0 10.0
52.0 101.0 20.0 10.0
39.0 147.0 20.0 10.0
103.0 130.0 20.0 10.0
104.0 94.0 20.0 10.0
86.0 112.0 20.0 10.0
75.0 91.0 20.0 10.0
113.0 82.0 20.0 10.0
72.0 101.0 20.0 10.0
64.0 69.0 20.0 10.0
111.0 71.0 20.0 10.0
82.0 61.0 20.0 10.0
101.0 104.0 20.0 10.0
82.0 80.0 20.0 10.0
45.0 101.0 20.0 10.0
