100
58.0 51.0 20.0 10.0
102.0 32.0 20.0 10.0
102.0 81.0 20.0 10.0
71.0 98.0 20.0 10.0
59.0 118.0 20.0 10.0
54.0 65.0 20.0 10.0
92.0 100.0 20.0 10.0
103.0 74.0 20.0 10.0
103.0 129.0 20.0 10.0
63.0 119.0 20.0 10.0
82.0 100.0 20.0 10.0
99.0 56.0 20.0 10.0
30.0 50.0 20.0 10.0
62.0 66.0 20.0 10.0
25.0 103.0 20.0 10.0
69.0 72.0 20.0 10.0
98.0 25.0 20.0 10.0
141.0 61.0 20.0 10.0
39.0 95.0 20.0 10.0
117.0 103.0 20.0 10.0
98.0 79.0 20.0 10.0
42.0 83.0 20.0 10.0
143.0 94.0 20.0 10.0
53.0 36.0 20.0 10.0
73.0 77.0 20.0 10.0
109.0 55.0 20.0 10.0
49.0 41.0 20.0 10.0
107.0 63.0 20.0 10.0
72.0 65.0 20.0 10.0
96.0 89.0 20.0 10.0
73.0 104.0 20.0 10.0
69.0 43.0 20.0 10.0
112.0 102.0 20.0 10.0
67.0 88.0 20.0 10.0
95.0 72.0 20.0 10.0
134.0 76.0 20.0 10.0
108.0 91.0 20.0 10.0
107.0 37.0 20.0 10.0
86.0 61.0 20.0 10.0
62.0 77.0 20.0 10.0
134.0 64.0 20.0 10.0
79.0 45.0 20.0 10.0
87.0 51.0 20.0 10.0
117.0 115.0 20.0 10.0
87.0 36.0 20.0 10.0
63.0 57.0 20.0 10.0
33.0 88.0 20.0 10.0
84.0 109.0 20.0 10.0
59.0 107.0 20.0 10.0
89.0 55.0 20.0 10.0
130.0 44.0 20.0 10.0
104.0 119.0 20.0 10.0
77.0 106.0 20.0 10.0
115.0 57.0 20.0 10.0
111.0 81.0 20.0 10.0
86.0 118.0 20.0 10.0
123.0 136.0 20.0 10.0
117.0 81.0 20.0 10.0
62.0 112.0 20.0 10.0
81.0 74.0 20.0 10.0
52.0 93.0 20.0 10.0
70.0 64.0 20.0 10.0
60.0 84.0 20.0 10.0
82.0 128.0 20.0 10.0
92.0 30.0 20.0 10.0
33.0 61.0 20.0 10.0
100.0 60.0 20.0 10.0
71.0 75.0 20.0 10.0
99.0 105.0 20.0 10.0
38.0 61.0 20.0 10.0
86.0 103.0 20.0 10.0
93.0 125.0 20.0 10.0
116.0 67.0 20.0 10.0
74.0 51.0 20.0 10.0
97.0 41.0 20.0 10.0
61.0 95.0 20.0 10.0
94.0 69.0 20.0 10.0
62.0 70.0 20.0 10.0
75.0 89.0 20.0 10.0
64.0 43.0 20.0 10.0
39.0 68.0 20.0 10.0
74.0 120.0 20.0 10.0
50.0 105.0 20.0 10.0
116.0 63.0 20.0 10.0
129.0 94.0 20.0 10.0
132.0 83.0 20.0 10.0
106.0 79.0 20.0 10.0
105.0 103.0 20.0 10.0
57.0 140.0 20.0 10.0
48.0 74.0 20.0 10.0
136.0 55.0 20.0 10.0
128.0 61.0 20.0 10.0
90.0 84.0 20.0 10.0
93.0 115.0 20.0 10.0
71.0 35.0 20.0 10.0
37.0 100.0 20.0 10.0
84.0 84.0 20.0 10.0
78.0 37.0 20.0 10.0
104.0 46.0 20.0 10.0
76.0 82.0 20.0 10.0
