100
70.0 35.0 20.0 10.0
121.0 63.0 20.0 10.0
130.0 94.0 20.0 10.0
76.0 30.0 20.0 10.0
54.0 73.0 20.0 10.0
77.0 53.0 20.0 10.0
86.0 71.0 20.0 10.0
99.0 130.0 20.0 10.0
105.0 61.0 20.0 10.0
69.0 117.0 20.0 10.0
127.0 60.0 20.0 10.0
68.0 88.0 20.0 10.0
107.0 83.0 20.0 10.0
96.0 50.0 20.0 10.0
54.0 97.0 20.0 10.0
83.0 57.0 20.0 10.0
92.0 95.0 20.0 10.0
107.0 113.0 20.0 10.0
75.0 91.0 20.0 10.0
134.0 76.0 20.0 10.0
69.0 74.0 20.0 10.0
127.0 100.0 20.0 10.0
112.0 66.0 20.0 10.0
48.0 62.0 20.0 10.0
119.0 68.0 20.0 10.0
103.0 100.0 20.0 10.0
86.0 63.0 20.0 10.0
107.0 78.0 20.0 10.0
101.0 74.0 20.0 10.0
139.0 115.0 20.0 10.0
58.0 112.0 20.0 10.0
58.0 35.0 20.0 10.0
60.0 73.0 20.0 10.0
85.0 112.0 20.0 10.0
71.0 64.0 20.0 10.0
83.0 39.0 20.0 10.0
111.0 30.0 20.0 10.0
72.0 79.0 20.0 10.0
98.0 117.0 20.0 10.0
44.0 57.0 20.0 10.0
84.0 34.0 20.0 10.0
25.0 47.0 20.0 10.0
88.0 44.0 20.0 10.0
71.0 40.0 20.0 10.0
110.0 100.0 20.0 10.0
134.0 34.0 20.0 10.0
105.0 25.0 20.0 10.0
104.0 40.0 20.0 10.0
79.0 71.0 20.0 10.0
80.0 126.0 20.0 10.0
54.0 81.0 20.0 10.0
62.0 52.0 20.0 10.0
148.0 68.0 20.0 10.0
115.0 158.0 20.0 10.0
88.0 90.0 20.0 10.0
93.0 82.0 20.0 10.0
60.0 63.0 20.0 10.0
79.0 101.0 20.0 10.0
108.0 88.0 20.0 10.0
45.0 70.0 20.0 10.0
68.0 104.0 20.0 10.0
126.0 48.0 20.0 10.0
83.0 97.0 20.0 10.0
65.0 61.0 20.0 10.0
111.0 58.0 20.0 10.0
36.0 95.0 20.0 10.0
88.0 103.0 20.0 10.0
114.0 125.0 20.0 10.0
80.0 80.0 20.0 10.0
133.0 64.0 20.0 10.0
97.0 43.0 20.0 10.0
66.0 82.0 20.0 10.0
118.0 99.0 20.0 10.0
76.0 27.0 20.0 10.0
98.0 92.0 20.0 10.0
148.0 88.0 20.0 10.0
99.0 61.0 20.0 10.0
75.0 68.0 20.0 10.0
159.0 82.0 20.0 10.0
98.0 80.0 20.0 10.0
29.0 63.0 20.0 10.0
87.0 123.0 20.0 10.0
83.0 52.0 20.0 10.0
29.0 148.0 20.0 10.0
120.0 83.0 20.0 10.0
92.0 58.0 20.0 10.0
97.0 102.0 20.0 10.0
43.0 101.0 20.0 10.0
48.0 89.0 20.0 10.0
57.0 47.0 20.0 10.0
111.0 37.0 20.0 10.0
85.0 88.0 20.0 10.0
127.0 136.0 20.0 10.0
103.0 65.0 20.0 10.0
121.0 92.0 20.0 10.0
56.0 105.0 20.0 10.0
74.0 103.0 20.0 10.0
93.0 65.0 20.0 10.0
39.0 73.0 20.0 10.0
113.0 77.0 20.0 10.0
