100
116.0 110.0 20.0 10.0
73.0 131.0 20.0 10.0
59.0 80.0 20.0 10.0
118.0 87.0 20.0 10.0
144.0 46.0 20.0 10.0
112.0 78.0 20.0 10.0
51.0 95.0 20.0 10.0
136.0 78.0 20.0 10.0
49.0 102.0 20.0 10.0
24.0 66.0 20.0 10.0
100.0 90.0 20.0 10.0
83.0 112.0 20.0 10.0
100.0 102.0 20.0 10.0
137.0 102.0 20.0 10.0
119.0 94.0 20.0 10.0
123.0 100.0 20.0 10.0
89.0 74.0 20.0 10.0
113.0 89.0 20.0 10.0
142.0 86.0 20.0 10.0
83.0 70.0 20.0 10.0
100.0 121.0 20.0 10.0
52.0 84.0 20.0 10.0
58.0 48.0 20.0 10.0
105.0 74.0 20.0 10.0
125.0 76.0 20.0 10.0
77.0 122.0 20.0 10.0
127.0 88.0 20.0 10.0
69.0 115.0 20.0 10.0
71.0 120.0 20.0 10.0
89.0 86.0 20.0 10.0
89.0 100.0 20.0 10.0
37.0 25.0 20.0 10.0
95.0 38.0 20.0 10.0
82.0 81.0 20.0 10.0
69.0 100.0 20.0 10.0
69.0 92.0 20.0 10.0
86.0 137.0 20.0 10.0
105.0 59.0 20.0 10.0
69.0 85.0 20.0 10.0
93.0 129.0 20.0 10.0
88.0 106.0 20.0 10.0
79.0 75.0 20.0 10.0
68.0 50.0 20.0 10.0
70.0 108.0 20.0 10.0
49.0 120.0 20.0 10.0
94.0 50.0 20.0 10.0
124.0 114.0 20.0 10.0
110.0 66.0 20.0 10.0
84.0 118.0 20.0 10.0
118.0 126.0 20.0 10.0
93.0 104.0 20.0 10.0
149.0 95.0 20.0 10.0
81.0 106.0 20.0 10.0
59.0 88.0 20.0 10.0
104.0 38.0 20.0 10.0
89.0 59.0 20.0 10.0
105.0 122.0 20.0 10.0
95.0 116.0 20.0 10.0
105.0 86.0 20.0 10.0
125.0 84.0 20.0 10.0
67.0 74.0 20.0 10.0
109.0 50.0 20.0 10.0
76.0 107.0 20.0 10.0
107.0 159.0 20.0 10.0
132.0 106.0 20.0 10.0
104.0 149.0 20.0 10.0
163.0 94.0 20.0 10.0
121.0 68.0 20.0 10.0
59.0 113.0 20.0 10.0
101.0 115.0 20.0 10.0
96.0 77.0 20.0 10.0
132.0 62.0 20.0 10.0
65.0 88.0 20.0 10.0
153.0 57.0 20.0 10.0
38.0 87.0 20.0 10.0
115.0 137.0 20.0 10.0
131.0 100.0 20.0 10.0
51.0 100.0 20.0 10.0
82.0 50.0 20.0 10.0
115.0 57.0 20.0 10.0
84.0 84.0 20.0 10.0
31.0 103.0 20.0 10.0
73.0 125.0 20.0 10.0
105.0 133.0 20.0 10.0
95.0 93.0 20.0 10.0
134.0 27.0 20.0 10.0
110.0 106.0 20.0 10.0
96.0 66.0 20.0 10.0
67.0 59.0 20.0 10.0
84.0 93.0 20.0 10.0
98.0 84.0 20.0 10.0
133.0 113.0 20.0 10.0
109.0 124.0 20.0 10.0
129.0 51.0 20.0 10.0
58.0 74.0 20.0 10.0
127.0 119.0 20.0 10.0
106.0 98.0 20.0 10.0
74.0 62.0 20.0 10.0
85.0 145.0 20.0 10.0
140.0 63.0 20.0 10.0
