100
62.0 116.0 20.0 10.0
113.0 50.0 20.0 10.0
106.0 52.0 20.0 10.0
43.0 131.0 20.0 10.0
65.0 106.0 20.0 10.0
76.0 68.0 20.0 10.0
74.0 146.0 20.0 10.0
71.0 60.0 20.0 10.0
139.0 112.0 20.0 10.0
61.0 92.0 20.0 10.0
118.0 86.0 20.0 10.0
113.0 125.0 20.0 10.0
111.0 65.0 20.0 10.0
55.0 87.0 20.0 10.0
116.0 68.0 20.0 10.0
64.0 98.0 20.0 10.0
97.0 116.0 20.0 10.0
68.0 75.0 20.0 10.0
65.0 71.0 20.0 10.0
62.0 125.0 20.0 10.0
73.0 53.0 20.0 10.0
68.0 100.0 20.0 10.0
154.0 81.0 20.0 10.0
54.0 82.0 20.0 10.0
123.0 148.0 20.0 10.0
104.0 117.0 20.0 10.0
87.0 78.0 20.0 10.0
109.0 127.0 20.0 10.0
60.0 136.0 20.0 10.0
125.0 111.0 20.0 10.0
66.0 53.0 20.0 10.0
90.0 96.0 20.0 10.0
99.0 42.0 20.0 10.0
112.0 100.0 20.0 10.0
56.0 72.0 20.0 10.0
109.0 88.0 20.0 10.0
93.0 81.0 20.0 10.0
42.0 76.0 20.0 10.0
40.0 85.0 20.0 10.0
87.0 37.0 20.0 10.0
69.0 67.0 20.0 10.0
134.0 75.0 20.0 10.0
131.0 97.0 20.0 10.0
105.0 70.0 20.0 10.0
141.0 68.0 20.0 10.0
102.0 97.0 20.0 10.0
81.0 77.0 20.0 10.0
49.0 50.0 20.0 10.0
71.0 106.0 20.0 10.0
49.0 121.0 20.0 10.0
84.0 84.0 20.0 10.0
81.0 27.0 20.0 10.0
92.0 108.0 20.0 10.0
75.0 107.0 20.0 10.0
95.0 101.0 20.0 10.0
128.0 63.0 20.0 10.0
85.0 111.0 20.0 10.0
101.0 25.0 20.0 10.0
115.0 95.0 20.0 10.0
88.0 89.0 20.0 10.0
32.0 78.0 20.0 10.0
81.0 120.0 20.0 10.0
90.0 126.0 20.0 10.0
122.0 84.0 20.0 10.0
52.0 26.0 20.0 10.0
91.0 61.0 20.0 10.0
30.0 82.0 20.0 10.0
52.0 106.0 20.0 10.0
89.0 70.0 20.0 10.0
112.0 54.0 20.0 10.0
101.0 81.0 20.0 10.0
57.0 100.0 20.0 10.0
83.0 54.0 20.0 10.0
106.0 107.0 20.0 10.0
96.0 147.0 20.0 10.0
94.0 55.0 20.0 10.0
105.0 112.0 20.0 10.0
54.0 117.0 20.0 10.0
114.0 74.0 20.0 10.0
97.0 93.0 20.0 10.0
80.0 94.0 20.0 10.0
86.0 100.0 20.0 10.0
84.0 125.0 20.0 10.0
76.0 75.0 20.0 10.0
56.0 94.0 20.0 10.0
58.0 150.0 20.0 10.0
81.0 69.0 20.0 10.0
150.0 137.0 20.0 10.0
127.0 56.0 20.0 10.0
97.0 86.0 20.0 10.0
25.0 108.0 20.0 10.0
103.0 125.0 20.0 10.0
112.0 43.0 20.0 10.0
50.0 65.0 20.0 10.0
96.0 134.0 20.0 10.0
139.0 30.0 20.0 10.0
70.0 90.0 20.0 10.0
129.0 101.0 20.0 10.0
78.0 40.0 20.0 10.0
77.0 116.0 20.0 10.0
