100
103.0 57.0 20.0 10.0
92.0 61.0 20.0 10.0
40.0 106.0 20.0 10.0
66.0 73.0 20.0 10.0
105.0 89.0 20.0 10.0
153.0 92.0 20.0 10.0
104.0 102.0 20.0 10.0
39.0 90.0 20.0 10.0
25.0 74.0 20.0 10.0
91.0 32.0 20.0 10.0
128.0 72.0 20.0 10.0
128.0 110.0 20.0 10.0
128.0 80.0 20.0 10.0
76.0 75.0 20.0 10.0
89.0 116.0 20.0 10.0
78.0 112.0 20.0 10.0
73.0 53.0 20.0 10.0
126.0 137.0 20.0 10.0
118.0 41.0 20.0 10.0
93.0 82.0 20.0 10.0
56.0 76.0 20.0 10.0
98.0 113.0 20.0 10.0
59.0 36.0 20.0 10.0
63.0 80.0 20.0 10.0
141.0 84.0 20.0 10.0
55.0 71.0 20.0 10.0
108.0 86.0 20.0 10.0
158.0 138.0 20.0 10.0
108.0 61.0 20.0 10.0
66.0 99.0 20.0 10.0
55.0 90.0 20.0 10.0
61.0 60.0 20.0 10.0
106.0 70.0 20.0 10.0
122.0 108.0 20.0 10.0
81.0 63.0 20.0 10.0
83.0 116.0 20.0 10.0
139.0 145.0 20.0 10.0
57.0 126.0 20.0 10.0
119.0 120.0 20.0 10.0
118.0 106.0 20.0 10.0
62.0 134.0 20.0 10.0
105.0 111.0 20.0 10.0
77.0 48.0 20.0 10.0
76.0 102.0 20.0 10.0
112.0 88.0 20.0 10.0
128.0 59.0 20.0 10.0
148.0 69.0 20.0 10.0
79.0 131.0 20.0 10.0
86.0 91.0 20.0 10.0
54.0 101.0 20.0 10.0
83.0 124.0 20.0 10.0
55.0 86.0 20.0 10.0
108.0 78.0 20.0 10.0
86.0 96.0 20.0 10.0
95.0 101.0 20.0 10.0
91.0 97.0 20.0 10.0
131.0 99.0 20.0 10.0
121.0 88.0 20.0 10.0
127.0 89.0 20.0 10.0
154.0 24.0 20.0 10.0
94.0 54.0 20.0 10.0
75.0 65.0 20.0 10.0
118.0 72.0 20.0 10.0
84.0 102.0 20.0 10.0
92.0 70.0 20.0 10.0
122.0 95.0 20.0 10.0
116.0 112.0 20.0 10.0
65.0 66.0 20.0 10.0
80.0 98.0 20.0 10.0
129.0 65.0 20.0 10.0
99.0 90.0 20.0 10.0
66.0 120.0 20.0 10.0
138.0 62.0 20.0 10.0
98.0 129.0 20.0 10.0
99.0 63.0 20.0 10.0
106.0 125.0 20.0 10.0
93.0 26.0 20.0 10.0
74.0 91.0 20.0 10.0
89.0 106.0 20.0 10.0
72.0 149.0 20.0 10.0
98.0 123.0 20.0 10.0
138.0 105.0 20.0 10.0
93.0 76.0 20.0 10.0
91.0 138.0 20.0 10.0
84.0 68.0 20.0 10.0
110.0 53.0 20.0 10.0
136.0 85.0 20.0 10.0
140.0 73.0 20.0 10.0
54.0 108.0 20.0 10.0
89.0 129.0 20.0 10.0
59.0 99.0 20.0 10.0
99.0 87.0 20.0 10.0
35.0 118.0 20.0 10.0
80.0 88.0 20.0 10.0
75.0 84.0 20.0 10.0
123.0 121.0 20.0 10.0
115.0 136.0 20.0 10.0
129.0 43.0 20.0 10.0
106.0 97.0 20.0 10.0
106.0 142.0 20.0 10.0
