100
104.0 111.0 20.0 10.0
114.0 80.0 20.0 10.0
104.0 52.0 20.0 10.0
122.0 92.0 20.0 10.0
25.0 103.0 20.0 10.0
119.0 75.0 20.0 10.0
95.0 54.0 20.0 10.0
74.0 95.0 20.0 10.0
53.0 117.0 20.0 10.0
133.0 87.0 20.0 10.0
100.0 89.0 20.0 10.0
45.0 59.0 20.0 10.0
95.0 111.0 20.0 10.0
87.0 47.0 20.0 10.0
87.0 60.0 20.0 10.0
99.0 59.0 20.0 10.0
136.0 72.0 20.0 10.0
105.0 75.0 20.0 10.0
91.0 104.0 20.0 10.0
105.0 107.0 20.0 10.0
51.0 111.0 20.0 10.0
93.0 90.0 20.0 10.0
67.0 131.0 20.0 10.0
143.0 25.0 20.0 10.0
89.0 127.0 20.0 10.0
52.0 54.0 20.0 10.0
122.0 81.0 20.0 10.0
74.0 50.0 20.0 10.0
103.0 29.0 20.0 10.0
63.0 36.0 20.0 10.0
60.0 70.0 20.0 10.0
105.0 68.0 20.0 10.0
70.0 138.0 20.0 10.0
54.0 30.0 20.0 10.0
31.0 94.0 20.0 10.0
60.0 78.0 20.0 10.0
61.0 60.0 20.0 10.0
107.0 99.0 20.0 10.0
123.0 104.0 20.0 10.0
107.0 55.0 20.0 10.0
79.0 99.0 20.0 10.0
64.0 92.0 20.0 10.0
75.0 73.0 20.0 10.0
75.0 56.0 20.0 10.0
49.0 68.0 20.0 10.0
68.0 25.0 20.0 10.0
109.0 71.0 20.0 10.0
107.0 131.0 20.0 10.0
43.0 72.0 20.0 10.0
32.0 83.0 20.0 10.0
79.0 104.0 20.0 10.0
96.0 64.0 20.0 10.0
126.0 87.0 20.0 10.0
70.0 109.0 20.0 10.0
75.0 82.0 20.0 10.0
65.0 105.0 20.0 10.0
64.0 82.0 20.0 10.0
83.0 68.0 20.0 10.0
112.0 115.0 20.0 10.0
87.0 39.0 20.0 10.0
72.0 56.0 20.0 10.0
62.0 64.0 20.0 10.0
92.0 101.0 20.0 10.0
116.0 88.0 20.0 10.0
78.0 30.0 20.0 10.0
89.0 70.0 20.0 10.0
83.0 82.0 20.0 10.0
62.0 41.0 20.0 10.0
94.0 35.0 20.0 10.0
99.0 123.0 20.0 10.0
62.0 119.0 20.0 10.0
32.0 42.0 20.0 10.0
87.0 86.0 20.0 10.0
87.0 123.0 20.0 10.0
95.0 70.0 20.0 10.0
104.0 95.0 20.0 10.0
97.0 83.0 20.0 10.0
126.0 30.0 20.0 10.0
71.0 65.0 20.0 10.0
57.0 87.0 20.0 10.0
86.0 74.0 20.0 10.0
40.0 90.0 20.0 10.0
89.0 25.0 20.0 10.0
77.0 85.0 20.0 10.0
144.0 62.0 20.0 10.0
79.0 119.0 20.0 10.0
87.0 98.0 20.0 10.0
80.0 89.0 20.0 10.0
132.0 46.0 20.0 10.0
80.0 50.0 20.0 10.0
128.0 64.0 20.0 10.0
113.0 54.0 20.0 10.0
107.0 60.0 20.0 10.0
92.0 81.0 20.0 10.0
135.0 124.0 20.0 10.0
53.0 97.0 20.0 10.0
69.0 95.0 20.0 10.0
124.0 47.0 20.0 10.0
49.0 75.0 20.0 10.0
60.0 99.0 20.0 10.0
