100
76.0 91.0 20.0 10.0
46.0 56.0 20.0 10.0
73.0 62.0 20.0 10.0
53.0 125.0 20.0 10.0
72.0 25.0 20.0 10.0
55.0 116.0 20.0 10.0
80.0 101.0 20.0 10.0
57.0 50.0 20.0 10.0
39.0 96.0 20.0 10.0
92.0 114.0 20.0 10.0
126.0 61.0 20.0 10.0
104.0 77.0 20.0 10.0
108.0 109.0 20.0 10.0
79.0 47.0 20.0 10.0
56.0 64.0 20.0 10.0
87.0 86.0 20.0 10.0
44.0 87.0 20.0 10.0
90.0 65.0 20.0 10.0
88.0 70.0 20.0 10.0
66.0 85.0 20.0 10.0
79.0 105.0 20.0 10.0
92.0 82.0 20.0 10.0
82.0 90.0 20.0 10.0
87.0 64.0 20.0 10.0
101.0 72.0 20.0 10.0
24.0 79.0 20.0 10.0
111.0 75.0 20.0 10.0
60.0 94.0 20.0 10.0
114.0 69.0 20.0 10.0
71.0 143.0 20.0 10.0
109.0 52.0 20.0 10.0
99.0 86.0 20.0 10.0
135.0 100.0 20.0 10.0
55.0 41.0 20.0 10.0
64.0 56.0 20.0 10.0
35.0 75.0 20.0 10.0
71.0 87.0 20.0 10.0
96.0 81.0 20.0 10.0
104.0 120.0 20.0 10.0
115.0 92.0 20.0 10.0
97.0 103.0 20.0 10.0
58.0 69.0 20.0 10.0
70.0 98.0 20.0 10.0
81.0 114.0 20.0 10.0
70.0 68.0 20.0 10.0
86.0 77.0 20.0 10.0
100.0 37.0 20.0 10.0
108.0 144.0 20.0 10.0
41.0 108.0 20.0 10.0
98.0 45.0 20.0 10.0
78.0 94.0 20.0 10.0
49.0 84.0 20.0 10.0
82.0 59.0 20.0 10.0
52.0 107.0 20.0 10.0
111.0 120.0 20.0 10.0
126.0 75.0 20.0 10.0
80.0 81.0 20.0 10.0
114.0 87.0 20.0 10.0
33.0 68.0 20.0 10.0
117.0 108.0 20.0 10.0
61.0 74.0 20.0 10.0
60.0 87.0 20.0 10.0
120.0 49.0 20.0 10.0
58.0 81.0 20.0 10.0
88.0 93.0 20.0 10.0
117.0 98.0 20.0 10.0
135.0 121.0 20.0 10.0
82.0 51.0 20.0 10.0
130.0 78.0 20.0 10.0
124.0 107.0 20.0 10.0
112.0 104.0 20.0 10.0
97.0 63.0 20.0 10.0
145.0 138.0 20.0 10.0
141.0 48.0 20.0 10.0
101.0 109.0 20.0 10.0
70.0 45.0 20.0 10.0
72.0 57.0 20.0 10.0
66.0 135.0 20.0 10.0
66.0 108.0 20.0 10.0
44.0 92.0 20.0 10.0
76.0 120.0 20.0 10.0
54.0 76.0 20.0 10.0
96.0 93.0 20.0 10.0
70.0 73.0 20.0 10.0
87.0 123.0 20.0 10.0
120.0 37.0 20.0 10.0
72.0 121.0 20.0 10.0
46.0 119.0 20.0 10.0
104.0 98.0 20.0 10.0
36.0 120.0 20.0 10.0
104.0 126.0 20.0 10.0
113.0 61.0 20.0 10.0
84.0 139.0 20.0 10.0
64.0 115.0 20.0 10.0
123.0 79.0 20.0 10.0
55.0 93.0 20.0 10.0
74.0 102.0 20.0 10.0
71.0 109.0 20.0 10.0
92.0 135.0 20.0 10.0
95.0 122.0 20.0 10.0
