100
87.0 80.0 20.0 10.0
80.0 128.0 20.0 10.0
54.0 127.0 20.0 10.0
96.0 89.0 20.0 10.0
54.0 65.0 20.0 10.0
70.0 51.0 20.0 10.0
115.0 31.0 20.0 10.0
86.0 97.0 20.0 10.0
108.0 45.0 20.0 10.0
92.0 108.0 20.0 10.0
96.0 70.0 20.0 10.0
87.0 61.0 20.0 10.0
88.0 53.0 20.0 10.0
76.0 69.0 20.0 10.0
88.0 127.0 20.0 10.0
121.0 55.0 20.0 10.0
37.0 87.0 20.0 10.0
100.0 76.0 20.0 10.0
67.0 115.0 20.0 10.0
113.0 125.0 20.0 10.0
62.0 101.0 20.0 10.0
119.0 65.0 20.0 10.0
84.0 116.0 20.0 10.0
61.0 125.0 20.0 10.0
121.0 105.0 20.0 10.0
69.0 111.0 20.0 10.0
49.0 103.0 20.0 10.0
94.0 52.0 20.0 10.0
57.0 46.0 20.0 10.0
112.0 135.0 20.0 10.0
123.0 100.0 20.0 10.0
39.0 57.0 20.0 10.0
44.0 84.0 20.0 10.0
65.0 90.0 20.0 10.0
115.0 59.0 20.0 10.0
67.0 86.0 20.0 10.0
67.0 81.0 20.0 10.0
98.0 81.0 20.0 10.0
77.0 87.0 20.0 10.0
82.0 53.0 20.0 10.0
90.0 139.0 20.0 10.0
152.0 50.0 20.0 10.0
79.0 120.0 20.0 10.0
105.0 148.0 20.0 10.0
111.0 80.0 20.0 10.0
86.0 48.0 20.0 10.0
25.0 155.0 20.0 10.0
68.0 66.0 20.0 10.0
83.0 74.0 20.0 10.0
101.0 106.0 20.0 10.0
123.0 81.0 20.0 10.0
52.0 52.0 20.0 10.0
103.0 62.0 20.0 10.0
56.0 108.0 20.0 10.0
151.0 130.0 20.0 10.0
109.0 92.0 20.0 10.0
98.0 103.0 20.0 10.0
76.0 98.0 20.0 10.0
103.0 71.0 20.0 10.0
85.0 84.0 20.0 10.0
82.0 104.0 20.0 10.0
131.0 99.0 20.0 10.0
57.0 71.0 20.0 10.0
44.0 126.0 20.0 10.0
146.0 79.0 20.0 10.0
74.0 81.0 20.0 10.0
94.0 114.0 20.0 10.0
74.0 126.0 20.0 10.0
115.0 103.0 20.0 10.0
74.0 63.0 20.0 10.0
122.0 130.0 20.0 10.0
75.0 104.0 20.0 10.0
114.0 106.0 20.0 10.0
100.0 96.0 20.0 10.0
132.0 70.0 20.0 10.0
125.0 25.0 20.0 10.0
73.0 94.0 20.0 10.0
110.0 106.0 20.0 10.0
88.0 38.0 20.0 10.0
89.0 69.0 20.0 10.0
123.0 93.0 20.0 10.0
87.0 30.0 20.0 10.0
61.0 78.0 20.0 10.0
89.0 93.0 20.0 10.0
117.0 69.0 20.0 10.0
129.0 134.0 20.0 10.0
81.0 66.0 20.0 10.0
48.0 63.0 20.0 10.0
135.0 88.0 20.0 10.0
62.0 56.0 20.0 10.0
166.0 59.0 20.0 10.0
53.0 85.0 20.0 10.0
101.0 116.0 20.0 10.0
131.0 62.0 20.0 10.0
94.0 79.0 20.0 10.0
100.0 53.0 20.0 10.0
56.0 91.0 20.0 10.0
94.0 145.0 20.0 10.0
134.0 107.0 20.0 10.0
124.0 75.0 20.0 10.0
