100
114.0 95.0 20.0 10.0
104.0 122.0 20.0 10.0
97.0 100.0 20.0 10.0
56.0 112.0 20.0 10.0
47.0 124.0 20.0 10.0
109.0 148.0 20.0 10.0
131.0 100.0 20.0 10.0
119.0 159.0 20.0 10.0
87.0 108.0 20.0 10.0
121.0 135.0 20.0 10.0
139.0 91.0 20.0 10.0
84.0 25.0 20.0 10.0
114.0 122.0 20.0 10.0
42.0 77.0 20.0 10.0
108.0 141.0 20.0 10.0
94.0 55.0 20.0 10.0
108.0 92.0 20.0 10.0
97.0 86.0 20.0 10.0
58.0 100.0 20.0 10.0
85.0 119.0 20.0 10.0
91.0 150.0 20.0 10.0
57.0 78.0 20.0 10.0
129.0 71.0 20.0 10.0
49.0 84.0 20.0 10.0
114.0 90.0 20.0 10.0
25.0 82.0 20.0 10.0
112.0 110.0 20.0 10.0
56.0 65.0 20.0 10.0
75.0 114.0 20.0 10.0
113.0 127.0 20.0 10.0
126.0 52.0 20.0 10.0
135.0 125.0 20.0 10.0
54.0 101.0 20.0 10.0
101.0 60.0 20.0 10.0
121.0 103.0 20.0 10.0
50.0 115.0 20.0 10.0
145.0 79.0 20.0 10.0
52.0 80.0 20.0 10.0
104.0 127.0 20.0 10.0
65.0 112.0 20.0 10.0
96.0 108.0 20.0 10.0
49.0 133.0 20.0 10.0
109.0 83.0 20.0 10.0
44.0 101.0 20.0 10.0
81.0 58.0 20.0 10.0
73.0 109.0 20.0 10.0
90.0 125.0 20.0 10.0
121.0 81.0 20.0 10.0
69.0 104.0 20.0 10.0
110.0 68.0 20.0 10.0
96.0 133.0 20.0 10.0
115.0 116.0 20.0 10.0
72.0 135.0 20.0 10.0
82.0 144.0 20.0 10.0
120.0 142.0 20.0 10.0
85.0 89.0 20.0 10.0
86.0 95.0 20.0 10.0
81.0 85.0 20.0 10.0
102.0 78.0 20.0 10.0
66.0 146.0 20.0 10.0
96.0 77.0 20.0 10.0
63.0 141.0 20.0 10.0
125.0 65.0 20.0 10.0
86.0 103.0 20.0 10.0
113.0 75.0 20.0 10.0
78.0 77.0 20.0 10.0
101.0 87.0 20.0 10.0
156.0 159.0 20.0 10.0
119.0 111.0 20.0 10.0
61.0 85.0 20.0 10.0
72.0 126.0 20.0 10.0
49.0 142.0 20.0 10.0
77.0 93.0 20.0 10.0
90.0 49.0 20.0 10.0
79.0 122.0 20.0 10.0
65.0 78.0 20.0 10.0
71.0 114.0 20.0 10.0
77.0 68.0 20.0 10.0
109.0 103.0 20.0 10.0
120.0 56.0 20.0 10.0
165.0 61.0 20.0 10.0
80.0 102.0 20.0 10.0
132.0 111.0 20.0 10.0
90.0 68.0 20.0 10.0
150.0 110.0 20.0 10.0
101.0 116.0 20.0 10.0
77.0 141.0 20.0 10.0
90.0 86.0 20.0 10.0
132.0 92.0 20.0 10.0
92.0 116.0 20.0 10.0
96.0 43.0 20.0 10.0
89.0 100.0 20.0 10.0
77.0 127.0 20.0 10.0
99.0 94.0 20.0 10.0
96.0 65.0 20.0 10.0
106.0 110.0 20.0 10.0
76.0 52.0 20.0 10.0
62.0 77.0 20.0 10.0
75.0 96.0 20.0 10.0
82.0 132.0 20.0 10.0
