100
94.0 71.0 20.0 10.0
61.0 64.0 20.0 10.0
112.0 81.0 20.0 10.0
68.0 54.0 20.0 10.0
55.0 26.0 20.0 10.0
106.0 87.0 20.0 10.0
114.0 93.0 20.0 10.0
98.0 101.0 20.0 10.0
88.0 42.0 20.0 10.0
106.0 78.0 20.0 10.0
59.0 48.0 20.0 10.0
71.0 47.0 20.0 10.0
38.0 79.0 20.0 10.0
82.0 66.0 20.0 10.0
90.0 118.0 20.0 10.0
85.0 78.0 20.0 10.0
75.0 138.0 20.0 10.0
106.0 97.0 20.0 10.0
121.0 61.0 20.0 10.0
110.0 64.0 20.0 10.0
30.0 81.0 20.0 10.0
82.0 130.0 20.0 10.0
122.0 84.0 20.0 10.0
81.0 76.0 20.0 10.0
24.0 32.0 20.0 10.0
70.0 81.0 20.0 10.0
77.0 101.0 20.0 10.0
59.0 90.0 20.0 10.0
48.0 49.0 20.0 10.0
89.0 98.0 20.0 10.0
122.0 70.0 20.0 10.0
68.0 40.0 20.0 10.0
69.0 90.0 20.0 10.0
81.0 29.0 20.0 10.0
123.0 77.0 20.0 10.0
69.0 98.0 20.0 10.0
110.0 104.0 20.0 10.0
116.0 106.0 20.0 10.0
95.0 90.0 20.0 10.0
122.0 99.0 20.0 10.0
54.0 70.0 20.0 10.0
79.0 92.0 20.0 10.0
45.0 109.0 20.0 10.0
73.0 60.0 20.0 10.0
142.0 85.0 20.0 10.0
92.0 57.0 20.0 10.0
91.0 124.0 20.0 10.0
60.0 109.0 20.0 10.0
57.0 84.0 20.0 10.0
108.0 117.0 20.0 10.0
71.0 65.0 20.0 10.0
83.0 106.0 20.0 10.0
89.0 61.0 20.0 10.0
127.0 42.0 20.0 10.0
78.0 69.0 20.0 10.0
41.0 90.0 20.0 10.0
108.0 45.0 20.0 10.0
98.0 144.0 20.0 10.0
126.0 90.0 20.0 10.0
85.0 38.0 20.0 10.0
80.0 52.0 20.0 10.0
49.0 132.0 20.0 10.0
91.0 102.0 20.0 10.0
105.0 41.0 20.0 10.0
70.0 77.0 20.0 10.0
102.0 72.0 20.0 10.0
94.0 25.0 20.0 10.0
122.0 120.0 20.0 10.0
64.0 98.0 20.0 10.0
110.0 72.0 20.0 10.0
92.0 78.0 20.0 10.0
69.0 118.0 20.0 10.0
42.0 61.0 20.0 10.0
41.0 66.0 20.0 10.0
45.0 26.0 20.0 10.0
61.0 126.0 20.0 10.0
101.0 109.0 20.0 10.0
71.0 125.0 20.0 10.0
93.0 107.0 20.0 10.0
115.0 67.0 20.0 10.0
69.0 63.0 20.0 10.0
146.0 61.0 20.0 10.0
92.0 88.0 20.0 10.0
127.0 104.0 20.0 10.0
56.0 67.0 20.0 10.0
86.0 88.0 20.0 10.0
57.0 102.0 20.0 10.0
115.0 87.0 20.0 10.0
102.0 55.0 20.0 10.0
77.0 34.0 20.0 10.0
119.0 49.0 20.0 10.0
95.0 66.0 20.0 10.0
90.0 65.0 20.0 10.0
101.0 60.0 20.0 10.0
134.0 105.0 20.0 10.0
67.0 133.0 20.0 10.0
31.0 38.0 20.0 10.0
106.0 68.0 20.0 10.0
100.0 40.0 20.0 10.0
97.0 118.0 20.0 10.0
