100
45.0 89.0 20.0 10.0
33.0 126.0 20.0 10.0
120.0 111.0 20.0 10.0
94.0 55.0 20.0 10.0
130.0 62.0 20.0 10.0
67.0 75.0 20.0 10.0
105.0 125.0 20.0 10.0
108.0 25.0 20.0 10.0
89.0 57.0 20.0 10.0
144.0 99.0 20.0 10.0
108.0 96.0 20.0 10.0
74.0 129.0 20.0 10.0
66.0 48.0 20.0 10.0
105.0 107.0 20.0 10.0
86.0 129.0 20.0 10.0
111.0 74.0 20.0 10.0
80.0 117.0 20.0 10.0
75.0 73.0 20.0 10.0
61.0 71.0 20.0 10.0
82.0 113.0 20.0 10.0
102.0 79.0 20.0 10.0
65.0 124.0 20.0 10.0
95.0 90.0 20.0 10.0
113.0 63.0 20.0 10.0
79.0 95.0 20.0 10.0
78.0 46.0 20.0 10.0
85.0 100.0 20.0 10.0
37.0 107.0 20.0 10.0
74.0 30.0 20.0 10.0
82.0 86.0 20.0 10.0
55.0 49.0 20.0 10.0
70.0 103.0 20.0 10.0
114.0 109.0 20.0 10.0
105.0 85.0 20.0 10.0
80.0 38.0 20.0 10.0
50.0 92.0 20.0 10.0
135.0 83.0 20.0 10.0
114.0 78.0 20.0 10.0
85.0 54.0 20.0 10.0
96.0 101.0 20.0 10.0
94.0 107.0 20.0 10.0
115.0 92.0 20.0 10.0
53.0 105.0 20.0 10.0
92.0 135.0 20.0 10.0
64.0 83.0 20.0 10.0
39.0 118.0 20.0 10.0
63.0 94.0 20.0 10.0
64.0 60.0 20.0 10.0
54.0 59.0 20.0 10.0
91.0 124.0 20.0 10.0
33.0 54.0 20.0 10.0
72.0 94.0 20.0 10.0
69.0 68.0 20.0 10.0
100.0 72.0 20.0 10.0
67.0 43.0 20.0 10.0
38.0 66.0 20.0 10.0
97.0 111.0 20.0 10.0
60.0 25.0 20.0 10.0
122.0 72.0 20.0 10.0
68.0 108.0 20.0 10.0
84.0 71.0 20.0 10.0
66.0 114.0 20.0 10.0
64.0 133.0 20.0 10.0
77.0 51.0 20.0 10.0
90.0 82.0 20.0 10.0
79.0 60.0 20.0 10.0
75.0 121.0 20.0 10.0
31.0 81.0 20.0 10.0
73.0 99.0 20.0 10.0
60.0 107.0 20.0 10.0
25.0 60.0 20.0 10.0
37.0 88.0 20.0 10.0
90.0 40.0 20.0 10.0
60.0 113.0 20.0 10.0
59.0 79.0 20.0 10.0
96.0 96.0 20.0 10.0
45.0 68.0 20.0 10.0
75.0 80.0 20.0 10.0
96.0 81.0 20.0 10.0
79.0 105.0 20.0 10.0
51.0 25.0 20.0 10.0
114.0 140.0 20.0 10.0
39.0 96.0 20.0 10.0
46.0 101.0 20.0 10.0
104.0 113.0 20.0 10.0
100.0 61.0 20.0 10.0
67.0 91.0 20.0 10.0
45.0 94.0 20.0 10.0
99.0 41.0 20.0 10.0
54.0 65.0 20.0 10.0
126.0 130.0 20.0 10.0
122.0 61.0 20.0 10.0
105.0 101.0 20.0 10.0
70.0 83.0 20.0 10.0
58.0 62.0 20.0 10.0
130.0 97.0 20.0 10.0
81.0 79.0 20.0 10.0
93.0 46.0 20.0 10.0
98.0 67.0 20.0 10.0
75.0 89.0 20.0 10.0
