100
166.0 121.0 20.0 10.0
136.0 70.0 20.0 10.0
77.0 117.0 20.0 10.0
104.0 70.0 20.0 10.0
139.0 44.0 20.0 10.0
76.0 78.0 20.0 10.0
100.0 50.0 20.0 10.0
106.0 101.0 20.0 10.0
133.0 130.0 20.0 10.0
114.0 100.0 20.0 10.0
75.0 39.0 20.0 10.0
51.0 74.0 20.0 10.0
52.0 98.0 20.0 10.0
99.0 139.0 20.0 10.0
107.0 74.0 20.0 10.0
71.0 91.0 20.0 10.0
167.0 136.0 20.0 10.0
95.0 44.0 20.0 10.0
97.0 103.0 20.0 10.0
172.0 101.0 20.0 10.0
131.0 103.0 20.0 10.0
160.0 107.0 20.0 10.0
137.0 109.0 20.0 10.0
112.0 49.0 20.0 10.0
121.0 108.0 20.0 10.0
125.0 94.0 20.0 10.0
85.0 97.0 20.0 10.0
171.0 60.0 20.0 10.0
76.0 59.0 20.0 10.0
99.0 88.0 20.0 10.0
89.0 87.0 20.0 10.0
108.0 94.0 20.0 10.0
144.0 83.0 20.0 10.0
177.0 85.0 20.0 10.0
25.0 191.0 20.0 10.0
140.0 99.0 20.0 10.0
130.0 74.0 20.0 10.0
95.0 114.0 20.0 10.0
150.0 59.0 20.0 10.0
98.0 63.0 20.0 10.0
128.0 134.0 20.0 10.0
142.0 76.0 20.0 10.0
144.0 67.0 20.0 10.0
94.0 103.0 20.0 10.0
117.0 81.0 20.0 10.0
95.0 83.0 20.0 10.0
149.0 109.0 20.0 10.0
107.0 87.0 20.0 10.0
91.0 98.0 20.0 10.0
161.0 70.0 20.0 10.0
110.0 124.0 20.0 10.0
106.0 59.0 20.0 10.0
133.0 87.0 20.0 10.0
110.0 84.0 20.0 10.0
101.0 91.0 20.0 10.0
25.0 63.0 20.0 10.0
103.0 115.0 20.0 10.0
74.0 110.0 20.0 10.0
83.0 141.0 20.0 10.0
140.0 32.0 20.0 10.0
118.0 60.0 20.0 10.0
107.0 107.0 20.0 10.0
115.0 135.0 20.0 10.0
137.0 80.0 20.0 10.0
110.0 114.0 20.0 10.0
126.0 104.0 20.0 10.0
68.0 51.0 20.0 10.0
81.0 81.0 20.0 10.0
122.0 73.0 20.0 10.0
105.0 129.0 20.0 10.0
79.0 87.0 20.0 10.0
118.0 115.0 20.0 10.0
158.0 84.0 20.0 10.0
107.0 54.0 20.0 10.0
90.0 112.0 20.0 10.0
128.0 83.0 20.0 10.0
148.0 101.0 20.0 10.0
81.0 70.0 20.0 10.0
109.0 66.0 20.0 10.0
182.0 30.0 20.0 10.0
117.0 121.0 20.0 10.0
111.0 34.0 20.0 10.0
149.0 38.0 20.0 10.0
113.0 70.0 20.0 10.0
87.0 74.0 20.0 10.0
128.0 63.0 20.0 10.0
90.0 81.0 20.0 10.0
176.0 49.0 20.0 10.0
76.0 72.0 20.0 10.0
90.0 60.0 20.0 10.0
69.0 74.0 20.0 10.0
126.0 46.0 20.0 10.0
125.0 118.0 20.0 10.0
125.0 66.0 20.0 10.0
97.0 70.0 20.0 10.0
113.0 78.0 20.0 10.0
117.0 25.0 20.0 10.0
103.0 104.0 20.0 10.0
115.0 90.0 20.0 10.0
142.0 130.0 20.0 10.0
