100
70.0 113.0 20.0 10.0
121.0 92.0 20.0 10.0
78.0 99.0 20.0 10.0
51.0 111.0 20.0 10.0
81.0 80.0 20.0 10.0
144.0 69.0 20.0 10.0
29.0 80.0 20.0 10.0
92.0 63.0 20.0 10.0
67.0 139.0 20.0 10.0
79.0 54.0 20.0 10.0
47.0 64.0 20.0 10.0
86.0 58.0 20.0 10.0
130.0 64.0 20.0 10.0
59.0 89.0 20.0 10.0
27.0 87.0 20.0 10.0
106.0 97.0 20.0 10.0
55.0 80.0 20.0 10.0
75.0 45.0 20.0 10.0
97.0 127.0 20.0 10.0
56.0 61.0 20.0 10.0
90.0 107.0 20.0 10.0
75.0 109.0 20.0 10.0
85.0 130.0 20.0 10.0
128.0 101.0 20.0 10.0
71.0 107.0 20.0 10.0
91.0 141.0 20.0 10.0
76.0 32.0 20.0 10.0
51.0 71.0 20.0 10.0
27.0 58.0 20.0 10.0
100.0 59.0 20.0 10.0
109.0 25.0 20.0 10.0
76.0 86.0 20.0 10.0
112.0 86.0 20.0 10.0
33.0 136.0 20.0 10.0
56.0 67.0 20.0 10.0
131.0 75.0 20.0 10.0
105.0 106.0 20.0 10.0
130.0 120.0 20.0 10.0
77.0 67.0 20.0 10.0
43.0 73.0 20.0 10.0
64.0 124.0 20.0 10.0
48.0 34.0 20.0 10.0
80.0 137.0 20.0 10.0
75.0 116.0 20.0 10.0
63.0 130.0 20.0 10.0
73.0 75.0 20.0 10.0
67.0 91.0 20.0 10.0
82.0 45.0 20.0 10.0
39.0 143.0 20.0 10.0
102.0 80.0 20.0 10.0
61.0 109.0 20.0 10.0
61.0 97.0 20.0 10.0
136.0 96.0 20.0 10.0
53.0 98.0 20.0 10.0
71.0 70.0 20.0 10.0
89.0 49.0 20.0 10.0
63.0 74.0 20.0 10.0
72.0 128.0 20.0 10.0
124.0 127.0 20.0 10.0
65.0 71.0 20.0 10.0
88.0 29.0 20.0 10.0
68.0 49.0 20.0 10.0
96.0 94.0 20.0 10.0
90.0 81.0 20.0 10.0
90.0 98.0 20.0 10.0
48.0 86.0 20.0 10.0
82.0 72.0 20.0 10.0
90.0 102.0 20.0 10.0
87.0 112.0 20.0 10.0
34.0 61.0 20.0 10.0
61.0 46.0 20.0 10.0
81.0 90.0 20.0 10.0
93.0 119.0 20.0 10.0
95.0 107.0 20.0 10.0
108.0 127.0 20.0 10.0
96.0 66.0 20.0 10.0
67.0 104.0 20.0 10.0
103.0 91.0 20.0 10.0
47.0 126.0 20.0 10.0
112.0 73.0 20.0 10.0
67.0 84.0 20.0 10.0
52.0 102.0 20.0 10.0
45.0 108.0 20.0 10.0
132.0 43.0 20.0 10.0
124.0 85.0 20.0 10.0
102.0 75.0 20.0 10.0
87.0 85.0 20.0 10.0
116.0 98.0 20.0 10.0
102.0 54.0 20.0 10.0
96.0 74.0 20.0 10.0
36.0 96.0 20.0 10.0
117.0 65.0 20.0 10.0
111.0 116.0 20.0 10.0
57.0 45.0 20.0 10.0
82.0 101.0 20.0 10.0
62.0 89.0 20.0 10.0
25.0 104.0 20.0 10.0
98.0 101.0 20.0 10.0
62.0 79.0 20.0 10.0
102.0 111.0 20.0 10.0
