100
110.0 58.0 20.0 10.0
122.0 64.0 20.0 10.0
80.0 98.0 20.0 10.0
65.0 84.0 20.0 10.0
25.0 96.0 20.0 10.0
91.0 123.0 20.0 10.0
86.0 106.0 20.0 10.0
98.0 106.0 20.0 10.0
106.0 48.0 20.0 10.0
107.0 114.0 20.0 10.0
125.0 63.0 20.0 10.0
118.0 97.0 20.0 10.0
127.0 99.0 20.0 10.0
34.0 69.0 20.0 10.0
122.0 122.0 20.0 10.0
96.0 130.0 20.0 10.0
143.0 75.0 20.0 10.0
128.0 114.0 20.0 10.0
90.0 73.0 20.0 10.0
64.0 116.0 20.0 10.0
69.0 52.0 20.0 10.0
74.0 46.0 20.0 10.0
126.0 78.0 20.0 10.0
83.0 93.0 20.0 10.0
130.0 57.0 20.0 10.0
93.0 108.0 20.0 10.0
50.0 45.0 20.0 10.0
106.0 80.0 20.0 10.0
76.0 62.0 20.0 10.0
109.0 100.0 20.0 10.0
66.0 69.0 20.0 10.0
149.0 96.0 20.0 10.0
110.0 134.0 20.0 10.0
142.0 91.0 20.0 10.0
55.0 90.0 20.0 10.0
81.0 107.0 20.0 10.0
49.0 128.0 20.0 10.0
81.0 41.0 20.0 10.0
60.0 60.0 20.0 10.0
94.0 80.0 20.0 10.0
39.0 82.0 20.0 10.0
73.0 73.0 20.0 10.0
115.0 147.0 20.0 10.0
68.0 131.0 20.0 10.0
153.0 108.0 20.0 10.0
121.0 88.0 20.0 10.0
30.0 80.0 20.0 10.0
86.0 65.0 20.0 10.0
38.0 119.0 20.0 10.0
102.0 119.0 20.0 10.0
77.0 66.0 20.0 10.0
66.0 88.0 20.0 10.0
112.0 93.0 20.0 10.0
85.0 136.0 20.0 10.0
79.0 80.0 20.0 10.0
51.0 70.0 20.0 10.0
120.0 25.0 20.0 10.0
53.0 83.0 20.0 10.0
140.0 66.0 20.0 10.0
109.0 108.0 20.0 10.0
73.0 102.0 20.0 10.0
151.0 61.0 20.0 10.0
90.0 84.0 20.0 10.0
100.0 125.0 20.0 10.0
140.0 114.0 20.0 10.0
85.0 117.0 20.0 10.0
72.0 122.0 20.0 10.0
67.0 74.0 20.0 10.0
85.0 126.0 20.0 10.0
51.0 112.0 20.0 10.0
63.0 147.0 20.0 10.0
125.0 85.0 20.0 10.0
102.0 83.0 20.0 10.0
87.0 40.0 20.0 10.0
129.0 123.0 20.0 10.0
38.0 126.0 20.0 10.0
65.0 99.0 20.0 10.0
92.0 32.0 20.0 10.0
83.0 86.0 20.0 10.0
62.0 54.0 20.0 10.0
101.0 46.0 20.0 10.0
96.0 68.0 20.0 10.0
26.0 120.0 20.0 10.0
112.0 71.0 20.0 10.0
61.0 107.0 20.0 10.0
94.0 90.0 20.0 10.0
68.0 93.0 20.0 10.0
102.0 71.0 20.0 10.0
59.0 112.0 20.0 10.0
78.0 115.0 20.0 10.0
58.0 82.0 20.0 10.0
119.0 111.0 20.0 10.0
112.0 82.0 20.0 10.0
99.0 98.0 20.0 10.0
96.0 147.0 20.0 10.0
90.0 79.0 20.0 10.0
49.0 92.0 20.0 10.0
93.0 95.0 20.0 10.0
77.0 55.0 20.0 10.0
138.0 125.0 20.0 10.0
