100
92.0 83.0 20.0 10.0
72.0 64.0 20.0 10.0
96.0 80.0 20.0 10.0
110.0 56.0 20.0 10.0
78.0 121.0 20.0 10.0
122.0 98.0 20.0 10.0
26.0 89.0 20.0 10.0
123.0 76.0 20.0 10.0
67.0 82.0 20.0 10.0
152.0 142.0 20.0 10.0
48.0 65.0 20.0 10.0
98.0 90.0 20.0 10.0
60.0 108.0 20.0 10.0
104.0 113.0 20.0 10.0
110.0 69.0 20.0 10.0
92.0 118.0 20.0 10.0
104.0 68.0 20.0 10.0
46.0 94.0 20.0 10.0
65.0 123.0 20.0 10.0
123.0 64.0 20.0 10.0
132.0 97.0 20.0 10.0
49.0 25.0 20.0 10.0
136.0 76.0 20.0 10.0
44.0 81.0 20.0 10.0
60.0 101.0 20.0 10.0
105.0 79.0 20.0 10.0
91.0 110.0 20.0 10.0
79.0 86.0 20.0 10.0
116.0 73.0 20.0 10.0
125.0 112.0 20.0 10.0
111.0 39.0 20.0 10.0
76.0 95.0 20.0 10.0
58.0 68.0 20.0 10.0
64.0 107.0 20.0 10.0
88.0 89.0 20.0 10.0
71.0 86.0 20.0 10.0
82.0 100.0 20.0 10.0
85.0 64.0 20.0 10.0
88.0 96.0 20.0 10.0
119.0 80.0 20.0 10.0
84.0 41.0 20.0 10.0
73.0 99.0 20.0 10.0
70.0 137.0 20.0 10.0
112.0 86.0 20.0 10.0
76.0 76.0 20.0 10.0
71.0 36.0 20.0 10.0
54.0 43.0 20.0 10.0
96.0 128.0 20.0 10.0
141.0 107.0 20.0 10.0
80.0 109.0 20.0 10.0
71.0 52.0 20.0 10.0
96.0 121.0 20.0 10.0
118.0 127.0 20.0 10.0
118.0 104.0 20.0 10.0
59.0 56.0 20.0 10.0
40.0 91.0 20.0 10.0
101.0 141.0 20.0 10.0
48.0 105.0 20.0 10.0
107.0 81.0 20.0 10.0
38.0 108.0 20.0 10.0
73.0 58.0 20.0 10.0
94.0 71.0 20.0 10.0
131.0 82.0 20.0 10.0
94.0 63.0 20.0 10.0
88.0 134.0 20.0 10.0
47.0 58.0 20.0 10.0
114.0 114.0 20.0 10.0
110.0 100.0 20.0 10.0
56.0 116.0 20.0 10.0
76.0 38.0 20.0 10.0
64.0 116.0 20.0 10.0
64.0 90.0 20.0 10.0
95.0 113.0 20.0 10.0
95.0 104.0 20.0 10.0
122.0 119.0 20.0 10.0
134.0 44.0 20.0 10.0
67.0 77.0 20.0 10.0
24.0 106.0 20.0 10.0
105.0 87.0 20.0 10.0
102.0 58.0 20.0 10.0
98.0 74.0 20.0 10.0
87.0 58.0 20.0 10.0
107.0 105.0 20.0 10.0
63.0 95.0 20.0 10.0
109.0 62.0 20.0 10.0
31.0 70.0 20.0 10.0
94.0 37.0 20.0 10.0
99.0 53.0 20.0 10.0
84.0 78.0 20.0 10.0
138.0 65.0 20.0 10.0
150.0 100.0 20.0 10.0
92.0 95.0 20.0 10.0
72.0 80.0 20.0 10.0
104.0 93.0 20.0 10.0
96.0 96.0 20.0 10.0
53.0 134.0 20.0 10.0
104.0 126.0 20.0 10.0
84.0 48.0 20.0 10.0
62.0 74.0 20.0 10.0
84.0 124.0 20.0 10.0
