100
106.0 43.0 20.0 10.0
73.0 75.0 20.0 10.0
83.0 70.0 20.0 10.0
104.0 75.0 20.0 10.0
41.0 74.0 20.0 10.0
25.0 60.0 20.0 10.0
60.0 95.0 20.0 10.0
113.0 55.0 20.0 10.0
26.0 73.0 20.0 10.0
83.0 102.0 20.0 10.0
62.0 108.0 20.0 10.0
64.0 84.0 20.0 10.0
85.0 110.0 20.0 10.0
86.0 51.0 20.0 10.0
68.0 53.0 20.0 10.0
77.0 140.0 20.0 10.0
117.0 30.0 20.0 10.0
97.0 54.0 20.0 10.0
49.0 82.0 20.0 10.0
77.0 130.0 20.0 10.0
109.0 32.0 20.0 10.0
71.0 94.0 20.0 10.0
35.0 80.0 20.0 10.0
101.0 65.0 20.0 10.0
56.0 65.0 20.0 10.0
62.0 43.0 20.0 10.0
49.0 126.0 20.0 10.0
63.0 128.0 20.0 10.0
98.0 127.0 20.0 10.0
87.0 74.0 20.0 10.0
47.0 114.0 20.0 10.0
94.0 111.0 20.0 10.0
88.0 95.0 20.0 10.0
90.0 80.0 20.0 10.0
63.0 61.0 20.0 10.0
101.0 81.0 20.0 10.0
54.0 70.0 20.0 10.0
50.0 39.0 20.0 10.0
95.0 76.0 20.0 10.0
89.0 47.0 20.0 10.0
41.0 81.0 20.0 10.0
60.0 33.0 20.0 10.0
111.0 75.0 20.0 10.0
101.0 137.0 20.0 10.0
61.0 80.0 20.0 10.0
45.0 103.0 20.0 10.0
54.0 96.0 20.0 10.0
92.0 64.0 20.0 10.0
43.0 91.0 20.0 10.0
67.0 98.0 20.0 10.0
112.0 92.0 20.0 10.0
70.0 101.0 20.0 10.0
75.0 52.0 20.0 10.0
80.0 34.0 20.0 10.0
69.0 71.0 20.0 10.0
128.0 86.0 20.0 10.0
140.0 66.0 20.0 10.0
28.0 113.0 20.0 10.0
74.0 62.0 20.0 10.0
106.0 98.0 20.0 10.0
80.0 30.0 20.0 10.0
81.0 77.0 20.0 10.0
91.0 102.0 20.0 10.0
52.0 29.0 20.0 10.0
98.0 89.0 20.0 10.0
26.0 103.0 20.0 10.0
75.0 111.0 20.0 10.0
60.0 88.0 20.0 10.0
68.0 80.0 20.0 10.0
83.0 94.0 20.0 10.0
106.0 47.0 20.0 10.0
77.0 106.0 20.0 10.0
35.0 68.0 20.0 10.0
38.0 56.0 20.0 10.0
88.0 58.0 20.0 10.0
88.0 66.0 20.0 10.0
117.0 83.0 20.0 10.0
110.0 104.0 20.0 10.0
38.0 96.0 20.0 10.0
102.0 103.0 20.0 10.0
65.0 120.0 20.0 10.0
121.0 109.0 20.0 10.0
61.0 57.0 20.0 10.0
90.0 54.0 20.0 10.0
45.0 57.0 20.0 10.0
31.0 85.0 20.0 10.0
104.0 126.0 20.0 10.0
54.0 89.0 20.0 10.0
59.0 48.0 20.0 10.0
89.0 25.0 20.0 10.0
81.0 98.0 20.0 10.0
74.0 86.0 20.0 10.0
64.0 90.0 20.0 10.0
86.0 36.0 20.0 10.0
78.0 60.0 20.0 10.0
64.0 67.0 20.0 10.0
79.0 119.0 20.0 10.0
98.0 105.0 20.0 10.0
94.0 85.0 20.0 10.0
107.0 65.0 20.0 10.0
