100
49.0 52.0 20.0 10.0
84.0 103.0 20.0 10.0
72.0 106.0 20.0 10.0
84.0 77.0 20.0 10.0
105.0 149.0 20.0 10.0
57.0 66.0 20.0 10.0
106.0 133.0 20.0 10.0
77.0 132.0 20.0 10.0
116.0 82.0 20.0 10.0
96.0 61.0 20.0 10.0
49.0 96.0 20.0 10.0
64.0 46.0 20.0 10.0
99.0 88.0 20.0 10.0
106.0 80.0 20.0 10.0
112.0 25.0 20.0 10.0
92.0 116.0 20.0 10.0
98.0 99.0 20.0 10.0
84.0 116.0 20.0 10.0
97.0 65.0 20.0 10.0
153.0 68.0 20.0 10.0
110.0 104.0 20.0 10.0
36.0 85.0 20.0 10.0
66.0 95.0 20.0 10.0
103.0 60.0 20.0 10.0
113.0 96.0 20.0 10.0
92.0 94.0 20.0 10.0
122.0 105.0 20.0 10.0
112.0 127.0 20.0 10.0
71.0 120.0 20.0 10.0
90.0 100.0 20.0 10.0
36.0 120.0 20.0 10.0
112.0 60.0 20.0 10.0
84.0 59.0 20.0 10.0
64.0 127.0 20.0 10.0
96.0 121.0 20.0 10.0
115.0 103.0 20.0 10.0
95.0 74.0 20.0 10.0
89.0 136.0 20.0 10.0
50.0 124.0 20.0 10.0
25.0 114.0 20.0 10.0
95.0 84.0 20.0 10.0
57.0 107.0 20.0 10.0
109.0 71.0 20.0 10.0
120.0 88.0 20.0 10.0
77.0 108.0 20.0 10.0
46.0 100.0 20.0 10.0
133.0 130.0 20.0 10.0
37.0 96.0 20.0 10.0
60.0 126.0 20.0 10.0
76.0 100.0 20.0 10.0
71.0 91.0 20.0 10.0
78.0 35.0 20.0 10.0
96.0 112.0 20.0 10.0
84.0 109.0 20.0 10.0
59.0 84.0 20.0 10.0
98.0 50.0 20.0 10.0
112.0 44.0 20.0 10.0
135.0 106.0 20.0 10.0
103.0 82.0 20.0 10.0
104.0 116.0 20.0 10.0
128.0 77.0 20.0 10.0
127.0 112.0 20.0 10.0
80.0 86.0 20.0 10.0
42.0 87.0 20.0 10.0
38.0 101.0 20.0 10.0
73.0 66.0 20.0 10.0
103.0 94.0 20.0 10.0
52.0 152.0 20.0 10.0
48.0 116.0 20.0 10.0
136.0 70.0 20.0 10.0
85.0 68.0 20.0 10.0
62.0 120.0 20.0 10.0
137.0 80.0 20.0 10.0
117.0 113.0 20.0 10.0
72.0 82.0 20.0 10.0
65.0 82.0 20.0 10.0
88.0 37.0 20.0 10.0
64.0 66.0 20.0 10.0
87.0 63.0 20.0 10.0
119.0 120.0 20.0 10.0
76.0 82.0 20.0 10.0
94.0 108.0 20.0 10.0
131.0 96.0 20.0 10.0
101.0 109.0 20.0 10.0
127.0 99.0 20.0 10.0
76.0 150.0 20.0 10.0
100.0 133.0 20.0 10.0
58.0 62.0 20.0 10.0
97.0 89.0 20.0 10.0
61.0 79.0 20.0 10.0
80.0 70.0 20.0 10.0
115.0 72.0 20.0 10.0
92.0 145.0 20.0 10.0
88.0 124.0 20.0 10.0
57.0 75.0 20.0 10.0
61.0 109.0 20.0 10.0
65.0 88.0 20.0 10.0
44.0 137.0 20.0 10.0
136.0 90.0 20.0 10.0
76.0 96.0 20.0 10.0
