100
255.0 298.0 20.0 10.0
291.0 346.0 20.0 10.0
219.0 252.0 20.0 10.0
335.0 389.0 20.0 10.0
383.0 424.0 20.0 10.0
184.0 206.0 20.0 10.0
194.0 178.0 20.0 10.0
362.0 373.0 20.0 10.0
147.0 162.0 20.0 10.0
366.0 392.0 20.0 10.0
105.0 149.0 20.0 10.0
192.0 245.0 20.0 10.0
69.0 134.0 20.0 10.0
236.0 223.0 20.0 10.0
389.0 375.0 20.0 10.0
377.0 350.0 20.0 10.0
314.0 371.0 20.0 10.0
328.0 430.0 20.0 10.0
253.0 362.0 20.0 10.0
220.0 383.0 20.0 10.0
427.0 458.0 20.0 10.0
470.0 488.0 20.0 10.0
192.0 403.0 20.0 10.0
74.0 158.0 20.0 10.0
52.0 161.0 20.0 10.0
81.0 129.0 20.0 10.0
413.0 429.0 20.0 10.0
505.0 519.0 20.0 10.0
314.0 413.0 20.0 10.0
494.0 505.0 20.0 10.0
136.0 128.0 20.0 10.0
406.0 371.0 20.0 10.0
195.0 376.0 20.0 10.0
310.0 452.0 20.0 10.0
156.0 103.0 20.0 10.0
117.0 168.0 20.0 10.0
343.0 457.0 20.0 10.0
539.0 546.0 20.0 10.0
139.0 117.0 20.0 10.0
225.0 353.0 20.0 10.0
196.0 396.0 20.0 10.0
171.0 82.0 20.0 10.0
195.0 270.0 20.0 10.0
348.0 478.0 20.0 10.0
208.0 156.0 20.0 10.0
348.0 361.0 20.0 10.0
298.0 316.0 20.0 10.0
95.0 185.0 20.0 10.0
572.0 570.0 20.0 10.0
308.0 463.0 20.0 10.0
122.0 79.0 20.0 10.0
44.0 113.0 20.0 10.0
111.0 103.0 20.0 10.0
146.0 83.0 20.0 10.0
438.0 419.0 20.0 10.0
506.0 487.0 20.0 10.0
532.0 504.0 20.0 10.0
164.0 252.0 20.0 10.0
167.0 138.0 20.0 10.0
25.0 97.0 20.0 10.0
594.0 584.0 20.0 10.0
287.0 483.0 20.0 10.0
248.0 195.0 20.0 10.0
534.0 475.0 20.0 10.0
602.0 591.0 20.0 10.0
125.0 183.0 20.0 10.0
159.0 59.0 20.0 10.0
174.0 414.0 20.0 10.0
628.0 609.0 20.0 10.0
456.0 400.0 20.0 10.0
147.0 248.0 20.0 10.0
103.0 48.0 20.0 10.0
291.0 431.0 20.0 10.0
168.0 279.0 20.0 10.0
246.0 242.0 20.0 10.0
287.0 376.0 20.0 10.0
269.0 397.0 20.0 10.0
79.0 31.0 20.0 10.0
100.0 25.0 20.0 10.0
400.0 450.0 20.0 10.0
301.0 485.0 20.0 10.0
265.0 181.0 20.0 10.0
563.0 563.0 20.0 10.0
86.0 26.0 20.0 10.0
280.0 478.0 20.0 10.0
550.0 524.0 20.0 10.0
204.0 406.0 20.0 10.0
475.0 519.0 20.0 10.0
644.0 621.0 20.0 10.0
28.0 89.0 20.0 10.0
86.0 89.0 20.0 10.0
621.0 605.0 20.0 10.0
496.0 536.0 20.0 10.0
257.0 205.0 20.0 10.0
359.0 338.0 20.0 10.0
269.0 442.0 20.0 10.0
553.0 475.0 20.0 10.0
92.0 83.0 20.0 10.0
137.0 59.0 20.0 10.0
447.0 478.0 20.0 10.0
