100
387.0 301.0 20.0 10.0
356.0 352.0 20.0 10.0
390.0 398.0 20.0 10.0
381.0 268.0 20.0 10.0
298.0 363.0 20.0 10.0
418.0 443.0 20.0 10.0
449.0 450.0 20.0 10.0
238.0 377.0 20.0 10.0
422.0 483.0 20.0 10.0
417.0 253.0 20.0 10.0
371.0 239.0 20.0 10.0
438.0 205.0 20.0 10.0
460.0 159.0 20.0 10.0
190.0 397.0 20.0 10.0
223.0 409.0 20.0 10.0
478.0 118.0 20.0 10.0
205.0 349.0 20.0 10.0
143.0 415.0 20.0 10.0
173.0 354.0 20.0 10.0
364.0 215.0 20.0 10.0
432.0 516.0 20.0 10.0
417.0 399.0 20.0 10.0
360.0 198.0 20.0 10.0
399.0 428.0 20.0 10.0
294.0 393.0 20.0 10.0
414.0 222.0 20.0 10.0
353.0 322.0 20.0 10.0
211.0 438.0 20.0 10.0
373.0 373.0 20.0 10.0
228.0 350.0 20.0 10.0
452.0 241.0 20.0 10.0
194.0 316.0 20.0 10.0
490.0 148.0 20.0 10.0
405.0 457.0 20.0 10.0
359.0 396.0 20.0 10.0
445.0 478.0 20.0 10.0
471.0 485.0 20.0 10.0
421.0 386.0 20.0 10.0
385.0 341.0 20.0 10.0
466.0 508.0 20.0 10.0
127.0 441.0 20.0 10.0
149.0 368.0 20.0 10.0
107.0 436.0 20.0 10.0
454.0 507.0 20.0 10.0
341.0 298.0 20.0 10.0
179.0 294.0 20.0 10.0
447.0 129.0 20.0 10.0
105.0 412.0 20.0 10.0
508.0 130.0 20.0 10.0
191.0 325.0 20.0 10.0
176.0 334.0 20.0 10.0
77.0 400.0 20.0 10.0
74.0 419.0 20.0 10.0
416.0 293.0 20.0 10.0
185.0 449.0 20.0 10.0
437.0 537.0 20.0 10.0
447.0 390.0 20.0 10.0
482.0 81.0 20.0 10.0
438.0 103.0 20.0 10.0
505.0 96.0 20.0 10.0
425.0 510.0 20.0 10.0
292.0 418.0 20.0 10.0
477.0 227.0 20.0 10.0
497.0 215.0 20.0 10.0
212.0 389.0 20.0 10.0
463.0 500.0 20.0 10.0
378.0 428.0 20.0 10.0
527.0 75.0 20.0 10.0
75.0 457.0 20.0 10.0
432.0 471.0 20.0 10.0
152.0 326.0 20.0 10.0
441.0 237.0 20.0 10.0
47.0 470.0 20.0 10.0
328.0 282.0 20.0 10.0
479.0 526.0 20.0 10.0
468.0 218.0 20.0 10.0
25.0 474.0 20.0 10.0
158.0 312.0 20.0 10.0
480.0 138.0 20.0 10.0
280.0 340.0 20.0 10.0
29.0 482.0 20.0 10.0
171.0 299.0 20.0 10.0
242.0 407.0 20.0 10.0
473.0 443.0 20.0 10.0
83.0 450.0 20.0 10.0
52.0 428.0 20.0 10.0
507.0 63.0 20.0 10.0
441.0 286.0 20.0 10.0
425.0 424.0 20.0 10.0
52.0 410.0 20.0 10.0
468.0 52.0 20.0 10.0
163.0 413.0 20.0 10.0
489.0 50.0 20.0 10.0
106.0 454.0 20.0 10.0
362.0 449.0 20.0 10.0
223.0 462.0 20.0 10.0
312.0 415.0 20.0 10.0
481.0 25.0 20.0 10.0
276.0 314.0 20.0 10.0
541.0 59.0 20.0 10.0
