100
305.0 282.0 20.0 10.0
275.0 280.0 20.0 10.0
309.0 341.0 20.0 10.0
298.0 228.0 20.0 10.0
317.0 244.0 20.0 10.0
289.0 182.0 20.0 10.0
346.0 328.0 20.0 10.0
251.0 293.0 20.0 10.0
381.0 314.0 20.0 10.0
279.0 378.0 20.0 10.0
256.0 335.0 20.0 10.0
248.0 402.0 20.0 10.0
285.0 138.0 20.0 10.0
350.0 218.0 20.0 10.0
279.0 235.0 20.0 10.0
409.0 320.0 20.0 10.0
355.0 380.0 20.0 10.0
403.0 409.0 20.0 10.0
388.0 377.0 20.0 10.0
346.0 409.0 20.0 10.0
306.0 194.0 20.0 10.0
444.0 440.0 20.0 10.0
223.0 427.0 20.0 10.0
476.0 468.0 20.0 10.0
206.0 328.0 20.0 10.0
315.0 206.0 20.0 10.0
231.0 307.0 20.0 10.0
504.0 489.0 20.0 10.0
159.0 317.0 20.0 10.0
274.0 204.0 20.0 10.0
359.0 418.0 20.0 10.0
216.0 457.0 20.0 10.0
115.0 305.0 20.0 10.0
284.0 101.0 20.0 10.0
286.0 70.0 20.0 10.0
305.0 166.0 20.0 10.0
482.0 445.0 20.0 10.0
76.0 297.0 20.0 10.0
247.0 222.0 20.0 10.0
375.0 195.0 20.0 10.0
131.0 308.0 20.0 10.0
379.0 399.0 20.0 10.0
412.0 301.0 20.0 10.0
377.0 216.0 20.0 10.0
46.0 293.0 20.0 10.0
471.0 448.0 20.0 10.0
362.0 451.0 20.0 10.0
272.0 415.0 20.0 10.0
221.0 320.0 20.0 10.0
47.0 282.0 20.0 10.0
435.0 297.0 20.0 10.0
515.0 446.0 20.0 10.0
359.0 187.0 20.0 10.0
382.0 225.0 20.0 10.0
88.0 301.0 20.0 10.0
195.0 423.0 20.0 10.0
286.0 44.0 20.0 10.0
202.0 472.0 20.0 10.0
439.0 414.0 20.0 10.0
534.0 489.0 20.0 10.0
438.0 307.0 20.0 10.0
396.0 181.0 20.0 10.0
315.0 168.0 20.0 10.0
248.0 200.0 20.0 10.0
249.0 239.0 20.0 10.0
367.0 443.0 20.0 10.0
275.0 442.0 20.0 10.0
265.0 448.0 20.0 10.0
91.0 284.0 20.0 10.0
377.0 330.0 20.0 10.0
218.0 400.0 20.0 10.0
470.0 410.0 20.0 10.0
416.0 381.0 20.0 10.0
287.0 152.0 20.0 10.0
291.0 201.0 20.0 10.0
390.0 288.0 20.0 10.0
535.0 451.0 20.0 10.0
297.0 366.0 20.0 10.0
367.0 471.0 20.0 10.0
507.0 518.0 20.0 10.0
277.0 76.0 20.0 10.0
284.0 25.0 20.0 10.0
25.0 291.0 20.0 10.0
508.0 469.0 20.0 10.0
220.0 217.0 20.0 10.0
362.0 163.0 20.0 10.0
27.0 273.0 20.0 10.0
400.0 153.0 20.0 10.0
478.0 498.0 20.0 10.0
490.0 409.0 20.0 10.0
304.0 393.0 20.0 10.0
272.0 56.0 20.0 10.0
262.0 437.0 20.0 10.0
448.0 473.0 20.0 10.0
201.0 208.0 20.0 10.0
69.0 276.0 20.0 10.0
228.0 340.0 20.0 10.0
380.0 426.0 20.0 10.0
258.0 467.0 20.0 10.0
453.0 497.0 20.0 10.0
