100
283.0 197.0 20.0 10.0
295.0 170.0 20.0 10.0
326.0 121.0 20.0 10.0
360.0 83.0 20.0 10.0
305.0 201.0 20.0 10.0
238.0 198.0 20.0 10.0
191.0 239.0 20.0 10.0
379.0 54.0 20.0 10.0
269.0 151.0 20.0 10.0
155.0 229.0 20.0 10.0
340.0 197.0 20.0 10.0
391.0 61.0 20.0 10.0
249.0 130.0 20.0 10.0
281.0 224.0 20.0 10.0
151.0 280.0 20.0 10.0
115.0 324.0 20.0 10.0
329.0 85.0 20.0 10.0
80.0 321.0 20.0 10.0
385.0 218.0 20.0 10.0
352.0 105.0 20.0 10.0
95.0 366.0 20.0 10.0
388.0 30.0 20.0 10.0
122.0 215.0 20.0 10.0
287.0 130.0 20.0 10.0
367.0 48.0 20.0 10.0
76.0 387.0 20.0 10.0
200.0 172.0 20.0 10.0
339.0 92.0 20.0 10.0
124.0 295.0 20.0 10.0
74.0 401.0 20.0 10.0
346.0 59.0 20.0 10.0
332.0 176.0 20.0 10.0
51.0 312.0 20.0 10.0
54.0 428.0 20.0 10.0
404.0 34.0 20.0 10.0
127.0 228.0 20.0 10.0
121.0 350.0 20.0 10.0
119.0 276.0 20.0 10.0
86.0 392.0 20.0 10.0
411.0 229.0 20.0 10.0
91.0 264.0 20.0 10.0
310.0 230.0 20.0 10.0
316.0 248.0 20.0 10.0
79.0 339.0 20.0 10.0
165.0 151.0 20.0 10.0
182.0 147.0 20.0 10.0
423.0 238.0 20.0 10.0
133.0 145.0 20.0 10.0
326.0 155.0 20.0 10.0
94.0 204.0 20.0 10.0
194.0 271.0 20.0 10.0
47.0 345.0 20.0 10.0
150.0 124.0 20.0 10.0
459.0 246.0 20.0 10.0
418.0 221.0 20.0 10.0
361.0 187.0 20.0 10.0
363.0 215.0 20.0 10.0
99.0 198.0 20.0 10.0
110.0 140.0 20.0 10.0
487.0 259.0 20.0 10.0
235.0 114.0 20.0 10.0
64.0 362.0 20.0 10.0
41.0 450.0 20.0 10.0
25.0 347.0 20.0 10.0
174.0 292.0 20.0 10.0
506.0 268.0 20.0 10.0
273.0 97.0 20.0 10.0
374.0 25.0 20.0 10.0
289.0 98.0 20.0 10.0
357.0 145.0 20.0 10.0
250.0 83.0 20.0 10.0
30.0 468.0 20.0 10.0
410.0 42.0 20.0 10.0
106.0 353.0 20.0 10.0
363.0 172.0 20.0 10.0
448.0 252.0 20.0 10.0
138.0 133.0 20.0 10.0
96.0 348.0 20.0 10.0
283.0 70.0 20.0 10.0
186.0 295.0 20.0 10.0
300.0 74.0 20.0 10.0
238.0 229.0 20.0 10.0
114.0 125.0 20.0 10.0
441.0 221.0 20.0 10.0
384.0 150.0 20.0 10.0
58.0 419.0 20.0 10.0
94.0 287.0 20.0 10.0
388.0 171.0 20.0 10.0
387.0 187.0 20.0 10.0
94.0 213.0 20.0 10.0
190.0 122.0 20.0 10.0
389.0 82.0 20.0 10.0
110.0 315.0 20.0 10.0
483.0 250.0 20.0 10.0
373.0 125.0 20.0 10.0
222.0 249.0 20.0 10.0
337.0 57.0 20.0 10.0
124.0 113.0 20.0 10.0
209.0 195.0 20.0 10.0
465.0 265.0 20.0 10.0
