100
169.0 356.0 20.0 10.0
196.0 298.0 20.0 10.0
143.0 390.0 20.0 10.0
161.0 293.0 20.0 10.0
179.0 403.0 20.0 10.0
184.0 442.0 20.0 10.0
243.0 254.0 20.0 10.0
290.0 213.0 20.0 10.0
192.0 433.0 20.0 10.0
331.0 184.0 20.0 10.0
295.0 184.0 20.0 10.0
322.0 177.0 20.0 10.0
230.0 218.0 20.0 10.0
124.0 298.0 20.0 10.0
366.0 152.0 20.0 10.0
90.0 302.0 20.0 10.0
173.0 436.0 20.0 10.0
158.0 269.0 20.0 10.0
143.0 421.0 20.0 10.0
130.0 427.0 20.0 10.0
126.0 460.0 20.0 10.0
70.0 303.0 20.0 10.0
123.0 451.0 20.0 10.0
398.0 122.0 20.0 10.0
226.0 186.0 20.0 10.0
213.0 191.0 20.0 10.0
127.0 385.0 20.0 10.0
110.0 386.0 20.0 10.0
148.0 241.0 20.0 10.0
339.0 145.0 20.0 10.0
92.0 393.0 20.0 10.0
363.0 177.0 20.0 10.0
193.0 373.0 20.0 10.0
69.0 405.0 20.0 10.0
175.0 471.0 20.0 10.0
326.0 145.0 20.0 10.0
98.0 308.0 20.0 10.0
398.0 170.0 20.0 10.0
273.0 264.0 20.0 10.0
427.0 95.0 20.0 10.0
107.0 316.0 20.0 10.0
94.0 420.0 20.0 10.0
171.0 262.0 20.0 10.0
357.0 173.0 20.0 10.0
195.0 462.0 20.0 10.0
342.0 115.0 20.0 10.0
209.0 326.0 20.0 10.0
126.0 242.0 20.0 10.0
322.0 221.0 20.0 10.0
451.0 73.0 20.0 10.0
225.0 309.0 20.0 10.0
347.0 209.0 20.0 10.0
260.0 230.0 20.0 10.0
67.0 434.0 20.0 10.0
230.0 161.0 20.0 10.0
186.0 472.0 20.0 10.0
164.0 233.0 20.0 10.0
260.0 201.0 20.0 10.0
473.0 53.0 20.0 10.0
96.0 242.0 20.0 10.0
251.0 306.0 20.0 10.0
175.0 235.0 20.0 10.0
426.0 166.0 20.0 10.0
214.0 165.0 20.0 10.0
414.0 105.0 20.0 10.0
202.0 396.0 20.0 10.0
298.0 260.0 20.0 10.0
116.0 211.0 20.0 10.0
68.0 453.0 20.0 10.0
448.0 164.0 20.0 10.0
493.0 37.0 20.0 10.0
347.0 218.0 20.0 10.0
204.0 423.0 20.0 10.0
164.0 461.0 20.0 10.0
95.0 228.0 20.0 10.0
106.0 191.0 20.0 10.0
255.0 176.0 20.0 10.0
116.0 403.0 20.0 10.0
98.0 294.0 20.0 10.0
65.0 232.0 20.0 10.0
467.0 163.0 20.0 10.0
67.0 484.0 20.0 10.0
297.0 248.0 20.0 10.0
218.0 379.0 20.0 10.0
508.0 25.0 20.0 10.0
233.0 333.0 20.0 10.0
212.0 450.0 20.0 10.0
309.0 145.0 20.0 10.0
119.0 479.0 20.0 10.0
324.0 118.0 20.0 10.0
127.0 260.0 20.0 10.0
387.0 168.0 20.0 10.0
39.0 460.0 20.0 10.0
47.0 477.0 20.0 10.0
307.0 117.0 20.0 10.0
71.0 219.0 20.0 10.0
186.0 284.0 20.0 10.0
101.0 264.0 20.0 10.0
346.0 93.0 20.0 10.0
25.0 487.0 20.0 10.0
