100
188.0 241.0 20.0 10.0
242.0 220.0 20.0 10.0
203.0 270.0 20.0 10.0
292.0 203.0 20.0 10.0
148.0 263.0 20.0 10.0
109.0 278.0 20.0 10.0
220.0 282.0 20.0 10.0
168.0 291.0 20.0 10.0
172.0 330.0 20.0 10.0
334.0 209.0 20.0 10.0
247.0 324.0 20.0 10.0
274.0 357.0 20.0 10.0
152.0 194.0 20.0 10.0
142.0 329.0 20.0 10.0
204.0 208.0 20.0 10.0
326.0 172.0 20.0 10.0
252.0 359.0 20.0 10.0
210.0 175.0 20.0 10.0
352.0 233.0 20.0 10.0
176.0 363.0 20.0 10.0
114.0 358.0 20.0 10.0
355.0 141.0 20.0 10.0
363.0 193.0 20.0 10.0
230.0 156.0 20.0 10.0
228.0 190.0 20.0 10.0
380.0 114.0 20.0 10.0
401.0 91.0 20.0 10.0
115.0 150.0 20.0 10.0
270.0 199.0 20.0 10.0
205.0 299.0 20.0 10.0
94.0 109.0 20.0 10.0
181.0 212.0 20.0 10.0
73.0 72.0 20.0 10.0
385.0 177.0 20.0 10.0
92.0 382.0 20.0 10.0
80.0 401.0 20.0 10.0
416.0 75.0 20.0 10.0
151.0 234.0 20.0 10.0
45.0 51.0 20.0 10.0
57.0 44.0 20.0 10.0
144.0 317.0 20.0 10.0
369.0 220.0 20.0 10.0
117.0 230.0 20.0 10.0
131.0 358.0 20.0 10.0
236.0 137.0 20.0 10.0
81.0 280.0 20.0 10.0
85.0 293.0 20.0 10.0
423.0 84.0 20.0 10.0
82.0 137.0 20.0 10.0
145.0 164.0 20.0 10.0
423.0 69.0 20.0 10.0
289.0 174.0 20.0 10.0
75.0 289.0 20.0 10.0
293.0 389.0 20.0 10.0
91.0 123.0 20.0 10.0
77.0 155.0 20.0 10.0
48.0 25.0 20.0 10.0
138.0 140.0 20.0 10.0
397.0 229.0 20.0 10.0
125.0 214.0 20.0 10.0
178.0 389.0 20.0 10.0
266.0 346.0 20.0 10.0
94.0 245.0 20.0 10.0
56.0 53.0 20.0 10.0
119.0 115.0 20.0 10.0
113.0 377.0 20.0 10.0
263.0 386.0 20.0 10.0
312.0 412.0 20.0 10.0
140.0 95.0 20.0 10.0
54.0 296.0 20.0 10.0
387.0 187.0 20.0 10.0
107.0 195.0 20.0 10.0
216.0 296.0 20.0 10.0
437.0 56.0 20.0 10.0
221.0 244.0 20.0 10.0
424.0 215.0 20.0 10.0
297.0 376.0 20.0 10.0
124.0 250.0 20.0 10.0
61.0 123.0 20.0 10.0
65.0 113.0 20.0 10.0
68.0 99.0 20.0 10.0
305.0 158.0 20.0 10.0
317.0 144.0 20.0 10.0
51.0 87.0 20.0 10.0
46.0 160.0 20.0 10.0
90.0 372.0 20.0 10.0
314.0 388.0 20.0 10.0
31.0 36.0 20.0 10.0
324.0 430.0 20.0 10.0
302.0 410.0 20.0 10.0
103.0 91.0 20.0 10.0
246.0 256.0 20.0 10.0
267.0 406.0 20.0 10.0
175.0 412.0 20.0 10.0
447.0 196.0 20.0 10.0
25.0 142.0 20.0 10.0
117.0 328.0 20.0 10.0
407.0 70.0 20.0 10.0
261.0 279.0 20.0 10.0
122.0 280.0 20.0 10.0
