100
156.0 234.0 20.0 10.0
119.0 208.0 20.0 10.0
216.0 226.0 20.0 10.0
122.0 265.0 20.0 10.0
196.0 191.0 20.0 10.0
112.0 239.0 20.0 10.0
278.0 220.0 20.0 10.0
275.0 178.0 20.0 10.0
88.0 290.0 20.0 10.0
320.0 261.0 20.0 10.0
316.0 183.0 20.0 10.0
226.0 200.0 20.0 10.0
77.0 248.0 20.0 10.0
322.0 300.0 20.0 10.0
140.0 260.0 20.0 10.0
355.0 163.0 20.0 10.0
385.0 139.0 20.0 10.0
363.0 292.0 20.0 10.0
189.0 238.0 20.0 10.0
336.0 145.0 20.0 10.0
100.0 178.0 20.0 10.0
64.0 311.0 20.0 10.0
357.0 111.0 20.0 10.0
397.0 304.0 20.0 10.0
89.0 259.0 20.0 10.0
230.0 254.0 20.0 10.0
271.0 137.0 20.0 10.0
266.0 99.0 20.0 10.0
427.0 306.0 20.0 10.0
326.0 335.0 20.0 10.0
415.0 124.0 20.0 10.0
207.0 263.0 20.0 10.0
128.0 245.0 20.0 10.0
436.0 111.0 20.0 10.0
349.0 355.0 20.0 10.0
354.0 254.0 20.0 10.0
386.0 247.0 20.0 10.0
382.0 85.0 20.0 10.0
280.0 76.0 20.0 10.0
171.0 166.0 20.0 10.0
151.0 145.0 20.0 10.0
170.0 258.0 20.0 10.0
396.0 326.0 20.0 10.0
332.0 363.0 20.0 10.0
330.0 157.0 20.0 10.0
39.0 322.0 20.0 10.0
48.0 253.0 20.0 10.0
340.0 283.0 20.0 10.0
347.0 384.0 20.0 10.0
425.0 353.0 20.0 10.0
454.0 100.0 20.0 10.0
301.0 58.0 20.0 10.0
54.0 299.0 20.0 10.0
26.0 299.0 20.0 10.0
307.0 218.0 20.0 10.0
46.0 328.0 20.0 10.0
29.0 308.0 20.0 10.0
403.0 63.0 20.0 10.0
147.0 154.0 20.0 10.0
418.0 42.0 20.0 10.0
158.0 140.0 20.0 10.0
84.0 194.0 20.0 10.0
303.0 352.0 20.0 10.0
193.0 294.0 20.0 10.0
347.0 181.0 20.0 10.0
195.0 159.0 20.0 10.0
25.0 252.0 20.0 10.0
259.0 113.0 20.0 10.0
445.0 370.0 20.0 10.0
409.0 235.0 20.0 10.0
380.0 318.0 20.0 10.0
397.0 288.0 20.0 10.0
460.0 384.0 20.0 10.0
430.0 26.0 20.0 10.0
255.0 69.0 20.0 10.0
81.0 163.0 20.0 10.0
388.0 160.0 20.0 10.0
82.0 230.0 20.0 10.0
252.0 44.0 20.0 10.0
420.0 272.0 20.0 10.0
413.0 349.0 20.0 10.0
407.0 226.0 20.0 10.0
410.0 151.0 20.0 10.0
249.0 25.0 20.0 10.0
422.0 335.0 20.0 10.0
62.0 173.0 20.0 10.0
186.0 135.0 20.0 10.0
175.0 315.0 20.0 10.0
303.0 285.0 20.0 10.0
97.0 189.0 20.0 10.0
176.0 136.0 20.0 10.0
42.0 163.0 20.0 10.0
60.0 242.0 20.0 10.0
378.0 96.0 20.0 10.0
167.0 333.0 20.0 10.0
419.0 344.0 20.0 10.0
220.0 288.0 20.0 10.0
408.0 141.0 20.0 10.0
405.0 352.0 20.0 10.0
449.0 321.0 20.0 10.0
