100
292.0 325.0 20.0 10.0
305.0 332.0 20.0 10.0
260.0 363.0 20.0 10.0
257.0 274.0 20.0 10.0
220.0 227.0 20.0 10.0
352.0 347.0 20.0 10.0
181.0 187.0 20.0 10.0
372.0 392.0 20.0 10.0
255.0 324.0 20.0 10.0
227.0 188.0 20.0 10.0
368.0 422.0 20.0 10.0
239.0 159.0 20.0 10.0
240.0 249.0 20.0 10.0
406.0 354.0 20.0 10.0
145.0 147.0 20.0 10.0
120.0 135.0 20.0 10.0
156.0 167.0 20.0 10.0
241.0 402.0 20.0 10.0
299.0 365.0 20.0 10.0
284.0 356.0 20.0 10.0
389.0 432.0 20.0 10.0
438.0 374.0 20.0 10.0
408.0 463.0 20.0 10.0
378.0 319.0 20.0 10.0
327.0 318.0 20.0 10.0
226.0 383.0 20.0 10.0
108.0 121.0 20.0 10.0
254.0 139.0 20.0 10.0
402.0 292.0 20.0 10.0
149.0 112.0 20.0 10.0
431.0 336.0 20.0 10.0
203.0 171.0 20.0 10.0
125.0 117.0 20.0 10.0
200.0 404.0 20.0 10.0
453.0 357.0 20.0 10.0
462.0 398.0 20.0 10.0
227.0 440.0 20.0 10.0
230.0 309.0 20.0 10.0
251.0 168.0 20.0 10.0
198.0 206.0 20.0 10.0
499.0 363.0 20.0 10.0
187.0 227.0 20.0 10.0
78.0 92.0 20.0 10.0
422.0 487.0 20.0 10.0
221.0 160.0 20.0 10.0
520.0 342.0 20.0 10.0
531.0 378.0 20.0 10.0
182.0 429.0 20.0 10.0
557.0 389.0 20.0 10.0
222.0 324.0 20.0 10.0
422.0 271.0 20.0 10.0
461.0 390.0 20.0 10.0
293.0 401.0 20.0 10.0
55.0 72.0 20.0 10.0
217.0 475.0 20.0 10.0
400.0 407.0 20.0 10.0
483.0 408.0 20.0 10.0
533.0 355.0 20.0 10.0
318.0 388.0 20.0 10.0
207.0 498.0 20.0 10.0
197.0 323.0 20.0 10.0
59.0 61.0 20.0 10.0
523.0 386.0 20.0 10.0
430.0 507.0 20.0 10.0
102.0 99.0 20.0 10.0
300.0 299.0 20.0 10.0
284.0 431.0 20.0 10.0
550.0 332.0 20.0 10.0
452.0 326.0 20.0 10.0
37.0 58.0 20.0 10.0
439.0 253.0 20.0 10.0
178.0 327.0 20.0 10.0
39.0 39.0 20.0 10.0
311.0 421.0 20.0 10.0
228.0 467.0 20.0 10.0
276.0 285.0 20.0 10.0
388.0 464.0 20.0 10.0
234.0 138.0 20.0 10.0
392.0 418.0 20.0 10.0
183.0 418.0 20.0 10.0
554.0 397.0 20.0 10.0
372.0 487.0 20.0 10.0
113.0 89.0 20.0 10.0
233.0 343.0 20.0 10.0
96.0 71.0 20.0 10.0
557.0 368.0 20.0 10.0
343.0 320.0 20.0 10.0
164.0 439.0 20.0 10.0
25.0 25.0 20.0 10.0
269.0 385.0 20.0 10.0
454.0 243.0 20.0 10.0
414.0 434.0 20.0 10.0
246.0 278.0 20.0 10.0
168.0 210.0 20.0 10.0
283.0 451.0 20.0 10.0
157.0 82.0 20.0 10.0
446.0 236.0 20.0 10.0
199.0 516.0 20.0 10.0
156.0 61.0 20.0 10.0
216.0 463.0 20.0 10.0
