100
284.0 298.0 20.0 10.0
239.0 330.0 20.0 10.0
200.0 362.0 20.0 10.0
163.0 388.0 20.0 10.0
308.0 241.0 20.0 10.0
314.0 343.0 20.0 10.0
341.0 192.0 20.0 10.0
352.0 149.0 20.0 10.0
349.0 369.0 20.0 10.0
343.0 333.0 20.0 10.0
318.0 156.0 20.0 10.0
383.0 161.0 20.0 10.0
131.0 414.0 20.0 10.0
274.0 218.0 20.0 10.0
203.0 325.0 20.0 10.0
418.0 129.0 20.0 10.0
249.0 283.0 20.0 10.0
452.0 99.0 20.0 10.0
376.0 193.0 20.0 10.0
345.0 350.0 20.0 10.0
310.0 385.0 20.0 10.0
102.0 439.0 20.0 10.0
467.0 65.0 20.0 10.0
355.0 111.0 20.0 10.0
297.0 410.0 20.0 10.0
240.0 258.0 20.0 10.0
216.0 264.0 20.0 10.0
468.0 77.0 20.0 10.0
328.0 374.0 20.0 10.0
240.0 208.0 20.0 10.0
383.0 392.0 20.0 10.0
190.0 240.0 20.0 10.0
169.0 217.0 20.0 10.0
416.0 152.0 20.0 10.0
349.0 393.0 20.0 10.0
412.0 398.0 20.0 10.0
360.0 410.0 20.0 10.0
248.0 229.0 20.0 10.0
304.0 122.0 20.0 10.0
444.0 154.0 20.0 10.0
406.0 199.0 20.0 10.0
310.0 422.0 20.0 10.0
255.0 191.0 20.0 10.0
74.0 443.0 20.0 10.0
487.0 41.0 20.0 10.0
431.0 203.0 20.0 10.0
364.0 119.0 20.0 10.0
288.0 144.0 20.0 10.0
48.0 435.0 20.0 10.0
410.0 416.0 20.0 10.0
407.0 407.0 20.0 10.0
235.0 362.0 20.0 10.0
476.0 43.0 20.0 10.0
212.0 210.0 20.0 10.0
487.0 90.0 20.0 10.0
499.0 25.0 20.0 10.0
364.0 212.0 20.0 10.0
156.0 194.0 20.0 10.0
340.0 123.0 20.0 10.0
221.0 384.0 20.0 10.0
181.0 387.0 20.0 10.0
149.0 201.0 20.0 10.0
282.0 101.0 20.0 10.0
428.0 433.0 20.0 10.0
219.0 353.0 20.0 10.0
514.0 105.0 20.0 10.0
214.0 199.0 20.0 10.0
79.0 464.0 20.0 10.0
177.0 309.0 20.0 10.0
25.0 427.0 20.0 10.0
60.0 484.0 20.0 10.0
297.0 136.0 20.0 10.0
227.0 180.0 20.0 10.0
309.0 452.0 20.0 10.0
372.0 126.0 20.0 10.0
308.0 473.0 20.0 10.0
41.0 501.0 20.0 10.0
27.0 515.0 20.0 10.0
363.0 83.0 20.0 10.0
184.0 345.0 20.0 10.0
373.0 353.0 20.0 10.0
430.0 213.0 20.0 10.0
52.0 502.0 20.0 10.0
330.0 468.0 20.0 10.0
501.0 64.0 20.0 10.0
175.0 320.0 20.0 10.0
515.0 80.0 20.0 10.0
276.0 82.0 20.0 10.0
250.0 202.0 20.0 10.0
530.0 58.0 20.0 10.0
389.0 224.0 20.0 10.0
466.0 162.0 20.0 10.0
396.0 415.0 20.0 10.0
309.0 311.0 20.0 10.0
281.0 190.0 20.0 10.0
295.0 370.0 20.0 10.0
171.0 408.0 20.0 10.0
434.0 425.0 20.0 10.0
351.0 84.0 20.0 10.0
371.0 86.0 20.0 10.0
