100
216.0 280.0 20.0 10.0
187.0 229.0 20.0 10.0
279.0 276.0 20.0 10.0
186.0 273.0 20.0 10.0
178.0 327.0 20.0 10.0
181.0 361.0 20.0 10.0
179.0 182.0 20.0 10.0
171.0 138.0 20.0 10.0
139.0 371.0 20.0 10.0
308.0 292.0 20.0 10.0
339.0 275.0 20.0 10.0
290.0 309.0 20.0 10.0
228.0 311.0 20.0 10.0
147.0 211.0 20.0 10.0
152.0 402.0 20.0 10.0
99.0 389.0 20.0 10.0
385.0 296.0 20.0 10.0
180.0 200.0 20.0 10.0
115.0 385.0 20.0 10.0
415.0 289.0 20.0 10.0
129.0 415.0 20.0 10.0
179.0 107.0 20.0 10.0
378.0 252.0 20.0 10.0
161.0 101.0 20.0 10.0
136.0 445.0 20.0 10.0
426.0 311.0 20.0 10.0
409.0 318.0 20.0 10.0
306.0 263.0 20.0 10.0
161.0 212.0 20.0 10.0
461.0 326.0 20.0 10.0
292.0 245.0 20.0 10.0
242.0 337.0 20.0 10.0
121.0 453.0 20.0 10.0
414.0 234.0 20.0 10.0
110.0 192.0 20.0 10.0
334.0 310.0 20.0 10.0
224.0 251.0 20.0 10.0
112.0 485.0 20.0 10.0
106.0 368.0 20.0 10.0
191.0 389.0 20.0 10.0
67.0 409.0 20.0 10.0
442.0 215.0 20.0 10.0
340.0 334.0 20.0 10.0
159.0 273.0 20.0 10.0
93.0 162.0 20.0 10.0
193.0 297.0 20.0 10.0
150.0 70.0 20.0 10.0
361.0 254.0 20.0 10.0
469.0 214.0 20.0 10.0
201.0 200.0 20.0 10.0
42.0 423.0 20.0 10.0
243.0 362.0 20.0 10.0
157.0 184.0 20.0 10.0
75.0 188.0 20.0 10.0
108.0 438.0 20.0 10.0
24.0 435.0 20.0 10.0
108.0 505.0 20.0 10.0
64.0 392.0 20.0 10.0
394.0 225.0 20.0 10.0
42.0 400.0 20.0 10.0
394.0 327.0 20.0 10.0
409.0 248.0 20.0 10.0
484.0 349.0 20.0 10.0
111.0 464.0 20.0 10.0
305.0 333.0 20.0 10.0
87.0 134.0 20.0 10.0
295.0 215.0 20.0 10.0
511.0 344.0 20.0 10.0
144.0 45.0 20.0 10.0
87.0 494.0 20.0 10.0
146.0 330.0 20.0 10.0
225.0 340.0 20.0 10.0
87.0 187.0 20.0 10.0
138.0 400.0 20.0 10.0
150.0 114.0 20.0 10.0
420.0 217.0 20.0 10.0
76.0 148.0 20.0 10.0
491.0 324.0 20.0 10.0
51.0 176.0 20.0 10.0
305.0 199.0 20.0 10.0
75.0 402.0 20.0 10.0
169.0 81.0 20.0 10.0
142.0 93.0 20.0 10.0
512.0 326.0 20.0 10.0
192.0 410.0 20.0 10.0
359.0 303.0 20.0 10.0
195.0 173.0 20.0 10.0
111.0 356.0 20.0 10.0
79.0 369.0 20.0 10.0
295.0 338.0 20.0 10.0
356.0 227.0 20.0 10.0
490.0 378.0 20.0 10.0
465.0 205.0 20.0 10.0
416.0 345.0 20.0 10.0
33.0 165.0 20.0 10.0
275.0 246.0 20.0 10.0
441.0 228.0 20.0 10.0
179.0 82.0 20.0 10.0
157.0 285.0 20.0 10.0
138.0 24.0 20.0 10.0
