100
247.0 255.0 20.0 10.0
301.0 226.0 20.0 10.0
204.0 298.0 20.0 10.0
218.0 221.0 20.0 10.0
353.0 198.0 20.0 10.0
398.0 161.0 20.0 10.0
443.0 126.0 20.0 10.0
451.0 82.0 20.0 10.0
486.0 104.0 20.0 10.0
185.0 344.0 20.0 10.0
517.0 80.0 20.0 10.0
323.0 248.0 20.0 10.0
155.0 304.0 20.0 10.0
386.0 221.0 20.0 10.0
189.0 189.0 20.0 10.0
334.0 274.0 20.0 10.0
164.0 388.0 20.0 10.0
478.0 136.0 20.0 10.0
214.0 332.0 20.0 10.0
229.0 317.0 20.0 10.0
110.0 313.0 20.0 10.0
145.0 430.0 20.0 10.0
136.0 466.0 20.0 10.0
442.0 54.0 20.0 10.0
386.0 133.0 20.0 10.0
182.0 280.0 20.0 10.0
126.0 498.0 20.0 10.0
273.0 248.0 20.0 10.0
426.0 169.0 20.0 10.0
465.0 146.0 20.0 10.0
74.0 322.0 20.0 10.0
417.0 242.0 20.0 10.0
119.0 453.0 20.0 10.0
88.0 337.0 20.0 10.0
407.0 238.0 20.0 10.0
181.0 318.0 20.0 10.0
454.0 99.0 20.0 10.0
228.0 194.0 20.0 10.0
82.0 298.0 20.0 10.0
447.0 259.0 20.0 10.0
181.0 156.0 20.0 10.0
343.0 266.0 20.0 10.0
294.0 197.0 20.0 10.0
541.0 65.0 20.0 10.0
155.0 329.0 20.0 10.0
510.0 145.0 20.0 10.0
191.0 223.0 20.0 10.0
221.0 364.0 20.0 10.0
477.0 64.0 20.0 10.0
207.0 387.0 20.0 10.0
471.0 272.0 20.0 10.0
46.0 328.0 20.0 10.0
468.0 49.0 20.0 10.0
84.0 327.0 20.0 10.0
512.0 110.0 20.0 10.0
480.0 90.0 20.0 10.0
97.0 474.0 20.0 10.0
317.0 203.0 20.0 10.0
197.0 136.0 20.0 10.0
360.0 171.0 20.0 10.0
159.0 167.0 20.0 10.0
52.0 341.0 20.0 10.0
507.0 81.0 20.0 10.0
234.0 386.0 20.0 10.0
265.0 278.0 20.0 10.0
128.0 317.0 20.0 10.0
407.0 136.0 20.0 10.0
531.0 156.0 20.0 10.0
84.0 488.0 20.0 10.0
534.0 134.0 20.0 10.0
490.0 277.0 20.0 10.0
161.0 139.0 20.0 10.0
161.0 338.0 20.0 10.0
536.0 58.0 20.0 10.0
457.0 25.0 20.0 10.0
24.0 340.0 20.0 10.0
129.0 287.0 20.0 10.0
225.0 390.0 20.0 10.0
105.0 514.0 20.0 10.0
149.0 491.0 20.0 10.0
485.0 285.0 20.0 10.0
143.0 412.0 20.0 10.0
520.0 98.0 20.0 10.0
141.0 521.0 20.0 10.0
176.0 131.0 20.0 10.0
240.0 343.0 20.0 10.0
135.0 141.0 20.0 10.0
203.0 197.0 20.0 10.0
63.0 286.0 20.0 10.0
117.0 119.0 20.0 10.0
542.0 83.0 20.0 10.0
167.0 133.0 20.0 10.0
495.0 32.0 20.0 10.0
157.0 456.0 20.0 10.0
437.0 254.0 20.0 10.0
140.0 153.0 20.0 10.0
462.0 58.0 20.0 10.0
101.0 109.0 20.0 10.0
108.0 102.0 20.0 10.0
432.0 56.0 20.0 10.0
