100
174.0 210.0 20.0 10.0
197.0 263.0 20.0 10.0
190.0 177.0 20.0 10.0
155.0 162.0 20.0 10.0
160.0 182.0 20.0 10.0
225.0 233.0 20.0 10.0
136.0 117.0 20.0 10.0
228.0 205.0 20.0 10.0
152.0 131.0 20.0 10.0
240.0 311.0 20.0 10.0
219.0 349.0 20.0 10.0
296.0 333.0 20.0 10.0
245.0 351.0 20.0 10.0
126.0 78.0 20.0 10.0
327.0 315.0 20.0 10.0
256.0 231.0 20.0 10.0
197.0 383.0 20.0 10.0
346.0 360.0 20.0 10.0
129.0 51.0 20.0 10.0
181.0 409.0 20.0 10.0
133.0 88.0 20.0 10.0
209.0 151.0 20.0 10.0
113.0 96.0 20.0 10.0
144.0 268.0 20.0 10.0
385.0 374.0 20.0 10.0
100.0 270.0 20.0 10.0
248.0 205.0 20.0 10.0
229.0 135.0 20.0 10.0
108.0 253.0 20.0 10.0
366.0 397.0 20.0 10.0
349.0 394.0 20.0 10.0
368.0 375.0 20.0 10.0
372.0 427.0 20.0 10.0
217.0 381.0 20.0 10.0
311.0 307.0 20.0 10.0
247.0 126.0 20.0 10.0
103.0 109.0 20.0 10.0
325.0 342.0 20.0 10.0
295.0 365.0 20.0 10.0
119.0 45.0 20.0 10.0
251.0 241.0 20.0 10.0
261.0 180.0 20.0 10.0
264.0 152.0 20.0 10.0
195.0 416.0 20.0 10.0
64.0 270.0 20.0 10.0
75.0 238.0 20.0 10.0
214.0 205.0 20.0 10.0
310.0 359.0 20.0 10.0
384.0 349.0 20.0 10.0
417.0 350.0 20.0 10.0
144.0 198.0 20.0 10.0
147.0 85.0 20.0 10.0
420.0 382.0 20.0 10.0
134.0 178.0 20.0 10.0
328.0 372.0 20.0 10.0
354.0 303.0 20.0 10.0
115.0 288.0 20.0 10.0
198.0 239.0 20.0 10.0
40.0 269.0 20.0 10.0
222.0 370.0 20.0 10.0
384.0 427.0 20.0 10.0
72.0 258.0 20.0 10.0
73.0 278.0 20.0 10.0
252.0 389.0 20.0 10.0
178.0 437.0 20.0 10.0
193.0 364.0 20.0 10.0
149.0 61.0 20.0 10.0
71.0 268.0 20.0 10.0
198.0 443.0 20.0 10.0
87.0 300.0 20.0 10.0
354.0 337.0 20.0 10.0
45.0 234.0 20.0 10.0
447.0 391.0 20.0 10.0
261.0 418.0 20.0 10.0
438.0 350.0 20.0 10.0
115.0 54.0 20.0 10.0
25.0 228.0 20.0 10.0
266.0 297.0 20.0 10.0
264.0 123.0 20.0 10.0
145.0 214.0 20.0 10.0
380.0 361.0 20.0 10.0
406.0 365.0 20.0 10.0
77.0 108.0 20.0 10.0
133.0 296.0 20.0 10.0
169.0 388.0 20.0 10.0
225.0 407.0 20.0 10.0
249.0 422.0 20.0 10.0
249.0 443.0 20.0 10.0
113.0 25.0 20.0 10.0
106.0 71.0 20.0 10.0
161.0 107.0 20.0 10.0
252.0 221.0 20.0 10.0
378.0 299.0 20.0 10.0
123.0 318.0 20.0 10.0
266.0 439.0 20.0 10.0
116.0 205.0 20.0 10.0
59.0 303.0 20.0 10.0
400.0 444.0 20.0 10.0
467.0 399.0 20.0 10.0
391.0 407.0 20.0 10.0
