100
395.0 368.0 20.0 10.0
429.0 408.0 20.0 10.0
357.0 325.0 20.0 10.0
323.0 277.0 20.0 10.0
298.0 302.0 20.0 10.0
268.0 254.0 20.0 10.0
358.0 238.0 20.0 10.0
409.0 391.0 20.0 10.0
389.0 202.0 20.0 10.0
379.0 342.0 20.0 10.0
466.0 426.0 20.0 10.0
440.0 450.0 20.0 10.0
395.0 238.0 20.0 10.0
427.0 230.0 20.0 10.0
214.0 232.0 20.0 10.0
451.0 488.0 20.0 10.0
419.0 199.0 20.0 10.0
402.0 167.0 20.0 10.0
455.0 216.0 20.0 10.0
422.0 180.0 20.0 10.0
460.0 521.0 20.0 10.0
392.0 403.0 20.0 10.0
186.0 244.0 20.0 10.0
500.0 446.0 20.0 10.0
450.0 225.0 20.0 10.0
163.0 208.0 20.0 10.0
251.0 227.0 20.0 10.0
447.0 428.0 20.0 10.0
529.0 467.0 20.0 10.0
141.0 166.0 20.0 10.0
544.0 493.0 20.0 10.0
353.0 203.0 20.0 10.0
115.0 214.0 20.0 10.0
273.0 326.0 20.0 10.0
234.0 206.0 20.0 10.0
450.0 160.0 20.0 10.0
570.0 492.0 20.0 10.0
253.0 347.0 20.0 10.0
405.0 135.0 20.0 10.0
119.0 129.0 20.0 10.0
349.0 171.0 20.0 10.0
80.0 202.0 20.0 10.0
366.0 369.0 20.0 10.0
368.0 396.0 20.0 10.0
103.0 96.0 20.0 10.0
520.0 457.0 20.0 10.0
469.0 539.0 20.0 10.0
87.0 224.0 20.0 10.0
469.0 141.0 20.0 10.0
488.0 125.0 20.0 10.0
340.0 354.0 20.0 10.0
451.0 516.0 20.0 10.0
405.0 109.0 20.0 10.0
325.0 250.0 20.0 10.0
327.0 384.0 20.0 10.0
327.0 408.0 20.0 10.0
51.0 208.0 20.0 10.0
400.0 432.0 20.0 10.0
118.0 150.0 20.0 10.0
99.0 192.0 20.0 10.0
232.0 183.0 20.0 10.0
341.0 179.0 20.0 10.0
87.0 68.0 20.0 10.0
70.0 50.0 20.0 10.0
88.0 238.0 20.0 10.0
71.0 25.0 20.0 10.0
226.0 347.0 20.0 10.0
390.0 434.0 20.0 10.0
91.0 115.0 20.0 10.0
77.0 220.0 20.0 10.0
196.0 207.0 20.0 10.0
502.0 111.0 20.0 10.0
66.0 250.0 20.0 10.0
244.0 321.0 20.0 10.0
157.0 238.0 20.0 10.0
134.0 137.0 20.0 10.0
545.0 522.0 20.0 10.0
280.0 354.0 20.0 10.0
53.0 200.0 20.0 10.0
257.0 374.0 20.0 10.0
253.0 198.0 20.0 10.0
427.0 363.0 20.0 10.0
396.0 107.0 20.0 10.0
474.0 209.0 20.0 10.0
132.0 229.0 20.0 10.0
391.0 172.0 20.0 10.0
45.0 228.0 20.0 10.0
58.0 240.0 20.0 10.0
337.0 411.0 20.0 10.0
359.0 177.0 20.0 10.0
463.0 510.0 20.0 10.0
311.0 227.0 20.0 10.0
354.0 149.0 20.0 10.0
426.0 374.0 20.0 10.0
452.0 374.0 20.0 10.0
63.0 118.0 20.0 10.0
163.0 250.0 20.0 10.0
25.0 232.0 20.0 10.0
62.0 28.0 20.0 10.0
444.0 481.0 20.0 10.0
