100
231.0 250.0 20.0 10.0
263.0 227.0 20.0 10.0
311.0 236.0 20.0 10.0
358.0 239.0 20.0 10.0
214.0 189.0 20.0 10.0
273.0 285.0 20.0 10.0
199.0 267.0 20.0 10.0
286.0 340.0 20.0 10.0
170.0 166.0 20.0 10.0
128.0 145.0 20.0 10.0
200.0 146.0 20.0 10.0
290.0 182.0 20.0 10.0
177.0 193.0 20.0 10.0
308.0 138.0 20.0 10.0
187.0 107.0 20.0 10.0
227.0 277.0 20.0 10.0
325.0 168.0 20.0 10.0
97.0 150.0 20.0 10.0
401.0 242.0 20.0 10.0
95.0 124.0 20.0 10.0
307.0 387.0 20.0 10.0
347.0 149.0 20.0 10.0
324.0 433.0 20.0 10.0
172.0 71.0 20.0 10.0
189.0 210.0 20.0 10.0
314.0 111.0 20.0 10.0
297.0 372.0 20.0 10.0
347.0 466.0 20.0 10.0
298.0 153.0 20.0 10.0
94.0 139.0 20.0 10.0
294.0 403.0 20.0 10.0
185.0 81.0 20.0 10.0
271.0 376.0 20.0 10.0
173.0 85.0 20.0 10.0
160.0 45.0 20.0 10.0
341.0 230.0 20.0 10.0
330.0 104.0 20.0 10.0
256.0 409.0 20.0 10.0
148.0 29.0 20.0 10.0
387.0 238.0 20.0 10.0
341.0 72.0 20.0 10.0
359.0 499.0 20.0 10.0
258.0 316.0 20.0 10.0
231.0 323.0 20.0 10.0
438.0 243.0 20.0 10.0
303.0 105.0 20.0 10.0
316.0 469.0 20.0 10.0
318.0 501.0 20.0 10.0
472.0 245.0 20.0 10.0
334.0 464.0 20.0 10.0
64.0 114.0 20.0 10.0
333.0 489.0 20.0 10.0
42.0 100.0 20.0 10.0
273.0 254.0 20.0 10.0
190.0 174.0 20.0 10.0
170.0 274.0 20.0 10.0
334.0 260.0 20.0 10.0
363.0 217.0 20.0 10.0
235.0 224.0 20.0 10.0
149.0 286.0 20.0 10.0
251.0 439.0 20.0 10.0
501.0 248.0 20.0 10.0
229.0 411.0 20.0 10.0
147.0 190.0 20.0 10.0
356.0 528.0 20.0 10.0
244.0 458.0 20.0 10.0
138.0 160.0 20.0 10.0
159.0 212.0 20.0 10.0
356.0 90.0 20.0 10.0
142.0 200.0 20.0 10.0
334.0 288.0 20.0 10.0
364.0 527.0 20.0 10.0
525.0 250.0 20.0 10.0
326.0 372.0 20.0 10.0
361.0 257.0 20.0 10.0
119.0 200.0 20.0 10.0
373.0 144.0 20.0 10.0
357.0 163.0 20.0 10.0
246.0 345.0 20.0 10.0
545.0 252.0 20.0 10.0
71.0 137.0 20.0 10.0
297.0 424.0 20.0 10.0
354.0 436.0 20.0 10.0
207.0 158.0 20.0 10.0
132.0 297.0 20.0 10.0
306.0 82.0 20.0 10.0
157.0 25.0 20.0 10.0
24.0 89.0 20.0 10.0
459.0 244.0 20.0 10.0
224.0 158.0 20.0 10.0
492.0 246.0 20.0 10.0
383.0 85.0 20.0 10.0
281.0 151.0 20.0 10.0
121.0 116.0 20.0 10.0
381.0 160.0 20.0 10.0
375.0 515.0 20.0 10.0
219.0 346.0 20.0 10.0
340.0 47.0 20.0 10.0
349.0 49.0 20.0 10.0
317.0 522.0 20.0 10.0
