100
232.0 343.0 20.0 10.0
284.0 315.0 20.0 10.0
182.0 362.0 20.0 10.0
247.0 287.0 20.0 10.0
146.0 356.0 20.0 10.0
237.0 258.0 20.0 10.0
326.0 269.0 20.0 10.0
161.0 396.0 20.0 10.0
296.0 349.0 20.0 10.0
359.0 222.0 20.0 10.0
307.0 361.0 20.0 10.0
219.0 278.0 20.0 10.0
310.0 233.0 20.0 10.0
295.0 201.0 20.0 10.0
345.0 247.0 20.0 10.0
369.0 279.0 20.0 10.0
398.0 287.0 20.0 10.0
367.0 177.0 20.0 10.0
398.0 197.0 20.0 10.0
148.0 424.0 20.0 10.0
339.0 385.0 20.0 10.0
141.0 376.0 20.0 10.0
311.0 382.0 20.0 10.0
376.0 136.0 20.0 10.0
368.0 403.0 20.0 10.0
321.0 404.0 20.0 10.0
409.0 288.0 20.0 10.0
417.0 168.0 20.0 10.0
345.0 372.0 20.0 10.0
429.0 144.0 20.0 10.0
214.0 288.0 20.0 10.0
381.0 201.0 20.0 10.0
346.0 219.0 20.0 10.0
435.0 182.0 20.0 10.0
294.0 413.0 20.0 10.0
333.0 441.0 20.0 10.0
465.0 164.0 20.0 10.0
307.0 175.0 20.0 10.0
442.0 300.0 20.0 10.0
272.0 183.0 20.0 10.0
333.0 472.0 20.0 10.0
189.0 279.0 20.0 10.0
217.0 379.0 20.0 10.0
215.0 264.0 20.0 10.0
390.0 100.0 20.0 10.0
205.0 412.0 20.0 10.0
399.0 69.0 20.0 10.0
283.0 442.0 20.0 10.0
291.0 389.0 20.0 10.0
104.0 385.0 20.0 10.0
72.0 392.0 20.0 10.0
184.0 252.0 20.0 10.0
276.0 467.0 20.0 10.0
117.0 356.0 20.0 10.0
266.0 483.0 20.0 10.0
374.0 370.0 20.0 10.0
211.0 248.0 20.0 10.0
471.0 313.0 20.0 10.0
481.0 139.0 20.0 10.0
493.0 315.0 20.0 10.0
385.0 114.0 20.0 10.0
440.0 128.0 20.0 10.0
407.0 45.0 20.0 10.0
51.0 413.0 20.0 10.0
358.0 451.0 20.0 10.0
335.0 364.0 20.0 10.0
118.0 348.0 20.0 10.0
387.0 415.0 20.0 10.0
491.0 176.0 20.0 10.0
369.0 393.0 20.0 10.0
258.0 308.0 20.0 10.0
141.0 413.0 20.0 10.0
348.0 419.0 20.0 10.0
119.0 364.0 20.0 10.0
372.0 256.0 20.0 10.0
463.0 306.0 20.0 10.0
203.0 440.0 20.0 10.0
164.0 237.0 20.0 10.0
312.0 434.0 20.0 10.0
413.0 25.0 20.0 10.0
277.0 486.0 20.0 10.0
196.0 439.0 20.0 10.0
490.0 324.0 20.0 10.0
400.0 50.0 20.0 10.0
40.0 440.0 20.0 10.0
25.0 404.0 20.0 10.0
370.0 358.0 20.0 10.0
280.0 157.0 20.0 10.0
338.0 495.0 20.0 10.0
200.0 340.0 20.0 10.0
315.0 205.0 20.0 10.0
368.0 191.0 20.0 10.0
148.0 225.0 20.0 10.0
258.0 258.0 20.0 10.0
462.0 192.0 20.0 10.0
154.0 427.0 20.0 10.0
233.0 316.0 20.0 10.0
499.0 128.0 20.0 10.0
190.0 433.0 20.0 10.0
153.0 351.0 20.0 10.0
