100
284.0 182.0 20.0 10.0
313.0 132.0 20.0 10.0
346.0 92.0 20.0 10.0
224.0 202.0 20.0 10.0
358.0 57.0 20.0 10.0
186.0 244.0 20.0 10.0
330.0 211.0 20.0 10.0
175.0 180.0 20.0 10.0
151.0 285.0 20.0 10.0
131.0 167.0 20.0 10.0
142.0 187.0 20.0 10.0
376.0 65.0 20.0 10.0
370.0 32.0 20.0 10.0
369.0 244.0 20.0 10.0
101.0 151.0 20.0 10.0
102.0 163.0 20.0 10.0
363.0 67.0 20.0 10.0
404.0 268.0 20.0 10.0
301.0 95.0 20.0 10.0
385.0 271.0 20.0 10.0
157.0 233.0 20.0 10.0
118.0 322.0 20.0 10.0
148.0 165.0 20.0 10.0
88.0 329.0 20.0 10.0
87.0 354.0 20.0 10.0
289.0 112.0 20.0 10.0
370.0 217.0 20.0 10.0
92.0 162.0 20.0 10.0
349.0 120.0 20.0 10.0
298.0 60.0 20.0 10.0
143.0 253.0 20.0 10.0
399.0 40.0 20.0 10.0
348.0 235.0 20.0 10.0
151.0 202.0 20.0 10.0
288.0 214.0 20.0 10.0
116.0 354.0 20.0 10.0
313.0 173.0 20.0 10.0
73.0 385.0 20.0 10.0
159.0 170.0 20.0 10.0
414.0 25.0 20.0 10.0
405.0 219.0 20.0 10.0
80.0 142.0 20.0 10.0
57.0 377.0 20.0 10.0
435.0 288.0 20.0 10.0
155.0 148.0 20.0 10.0
225.0 232.0 20.0 10.0
36.0 400.0 20.0 10.0
225.0 171.0 20.0 10.0
45.0 405.0 20.0 10.0
383.0 111.0 20.0 10.0
73.0 412.0 20.0 10.0
320.0 99.0 20.0 10.0
432.0 226.0 20.0 10.0
286.0 243.0 20.0 10.0
183.0 278.0 20.0 10.0
243.0 252.0 20.0 10.0
464.0 304.0 20.0 10.0
374.0 81.0 20.0 10.0
314.0 36.0 20.0 10.0
137.0 131.0 20.0 10.0
399.0 254.0 20.0 10.0
200.0 242.0 20.0 10.0
485.0 319.0 20.0 10.0
344.0 167.0 20.0 10.0
452.0 228.0 20.0 10.0
65.0 158.0 20.0 10.0
362.0 272.0 20.0 10.0
25.0 424.0 20.0 10.0
371.0 167.0 20.0 10.0
98.0 375.0 20.0 10.0
128.0 130.0 20.0 10.0
279.0 77.0 20.0 10.0
408.0 284.0 20.0 10.0
107.0 116.0 20.0 10.0
177.0 303.0 20.0 10.0
398.0 49.0 20.0 10.0
397.0 223.0 20.0 10.0
31.0 372.0 20.0 10.0
383.0 146.0 20.0 10.0
326.0 70.0 20.0 10.0
122.0 207.0 20.0 10.0
410.0 107.0 20.0 10.0
338.0 48.0 20.0 10.0
115.0 182.0 20.0 10.0
378.0 37.0 20.0 10.0
64.0 318.0 20.0 10.0
288.0 263.0 20.0 10.0
108.0 377.0 20.0 10.0
310.0 230.0 20.0 10.0
65.0 409.0 20.0 10.0
213.0 257.0 20.0 10.0
165.0 300.0 20.0 10.0
391.0 179.0 20.0 10.0
174.0 143.0 20.0 10.0
132.0 311.0 20.0 10.0
456.0 297.0 20.0 10.0
44.0 154.0 20.0 10.0
277.0 43.0 20.0 10.0
427.0 85.0 20.0 10.0
501.0 330.0 20.0 10.0
