100
288.0 208.0 20.0 10.0
346.0 214.0 20.0 10.0
274.0 179.0 20.0 10.0
405.0 217.0 20.0 10.0
232.0 203.0 20.0 10.0
204.0 211.0 20.0 10.0
434.0 267.0 20.0 10.0
445.0 180.0 20.0 10.0
457.0 145.0 20.0 10.0
462.0 315.0 20.0 10.0
484.0 145.0 20.0 10.0
201.0 173.0 20.0 10.0
426.0 236.0 20.0 10.0
184.0 213.0 20.0 10.0
456.0 346.0 20.0 10.0
172.0 149.0 20.0 10.0
142.0 216.0 20.0 10.0
519.0 108.0 20.0 10.0
483.0 337.0 20.0 10.0
102.0 218.0 20.0 10.0
400.0 180.0 20.0 10.0
77.0 202.0 20.0 10.0
514.0 78.0 20.0 10.0
80.0 235.0 20.0 10.0
264.0 150.0 20.0 10.0
491.0 359.0 20.0 10.0
517.0 401.0 20.0 10.0
389.0 144.0 20.0 10.0
481.0 127.0 20.0 10.0
492.0 305.0 20.0 10.0
383.0 112.0 20.0 10.0
439.0 335.0 20.0 10.0
521.0 370.0 20.0 10.0
70.0 228.0 20.0 10.0
265.0 227.0 20.0 10.0
221.0 175.0 20.0 10.0
530.0 72.0 20.0 10.0
550.0 84.0 20.0 10.0
57.0 192.0 20.0 10.0
552.0 105.0 20.0 10.0
492.0 391.0 20.0 10.0
577.0 63.0 20.0 10.0
377.0 216.0 20.0 10.0
599.0 48.0 20.0 10.0
462.0 115.0 20.0 10.0
540.0 441.0 20.0 10.0
145.0 133.0 20.0 10.0
332.0 242.0 20.0 10.0
545.0 43.0 20.0 10.0
216.0 233.0 20.0 10.0
553.0 477.0 20.0 10.0
156.0 234.0 20.0 10.0
44.0 241.0 20.0 10.0
566.0 508.0 20.0 10.0
435.0 364.0 20.0 10.0
561.0 25.0 20.0 10.0
570.0 463.0 20.0 10.0
131.0 247.0 20.0 10.0
530.0 471.0 20.0 10.0
367.0 87.0 20.0 10.0
185.0 193.0 20.0 10.0
491.0 322.0 20.0 10.0
506.0 412.0 20.0 10.0
375.0 120.0 20.0 10.0
586.0 482.0 20.0 10.0
321.0 198.0 20.0 10.0
511.0 490.0 20.0 10.0
362.0 190.0 20.0 10.0
444.0 118.0 20.0 10.0
449.0 241.0 20.0 10.0
574.0 528.0 20.0 10.0
472.0 367.0 20.0 10.0
453.0 288.0 20.0 10.0
575.0 93.0 20.0 10.0
476.0 96.0 20.0 10.0
196.0 251.0 20.0 10.0
312.0 260.0 20.0 10.0
247.0 133.0 20.0 10.0
587.0 491.0 20.0 10.0
569.0 29.0 20.0 10.0
560.0 501.0 20.0 10.0
412.0 154.0 20.0 10.0
354.0 163.0 20.0 10.0
189.0 245.0 20.0 10.0
615.0 36.0 20.0 10.0
601.0 507.0 20.0 10.0
572.0 83.0 20.0 10.0
25.0 245.0 20.0 10.0
306.0 276.0 20.0 10.0
128.0 122.0 20.0 10.0
472.0 186.0 20.0 10.0
185.0 147.0 20.0 10.0
559.0 463.0 20.0 10.0
535.0 391.0 20.0 10.0
539.0 85.0 20.0 10.0
155.0 131.0 20.0 10.0
116.0 259.0 20.0 10.0
362.0 68.0 20.0 10.0
175.0 161.0 20.0 10.0
542.0 126.0 20.0 10.0
