100
224.0 242.0 20.0 10.0
235.0 289.0 20.0 10.0
187.0 206.0 20.0 10.0
251.0 281.0 20.0 10.0
152.0 170.0 20.0 10.0
236.0 218.0 20.0 10.0
210.0 266.0 20.0 10.0
264.0 210.0 20.0 10.0
260.0 334.0 20.0 10.0
127.0 131.0 20.0 10.0
100.0 97.0 20.0 10.0
297.0 303.0 20.0 10.0
267.0 323.0 20.0 10.0
241.0 203.0 20.0 10.0
312.0 343.0 20.0 10.0
74.0 70.0 20.0 10.0
253.0 379.0 20.0 10.0
358.0 347.0 20.0 10.0
263.0 172.0 20.0 10.0
47.0 49.0 20.0 10.0
134.0 150.0 20.0 10.0
166.0 187.0 20.0 10.0
244.0 417.0 20.0 10.0
233.0 444.0 20.0 10.0
398.0 343.0 20.0 10.0
268.0 408.0 20.0 10.0
101.0 119.0 20.0 10.0
282.0 294.0 20.0 10.0
161.0 144.0 20.0 10.0
213.0 357.0 20.0 10.0
206.0 279.0 20.0 10.0
321.0 287.0 20.0 10.0
433.0 339.0 20.0 10.0
305.0 320.0 20.0 10.0
285.0 146.0 20.0 10.0
333.0 282.0 20.0 10.0
117.0 107.0 20.0 10.0
70.0 44.0 20.0 10.0
169.0 376.0 20.0 10.0
28.0 31.0 20.0 10.0
280.0 358.0 20.0 10.0
319.0 350.0 20.0 10.0
106.0 112.0 20.0 10.0
135.0 378.0 20.0 10.0
119.0 169.0 20.0 10.0
147.0 396.0 20.0 10.0
57.0 24.0 20.0 10.0
306.0 132.0 20.0 10.0
420.0 344.0 20.0 10.0
302.0 381.0 20.0 10.0
108.0 377.0 20.0 10.0
131.0 393.0 20.0 10.0
94.0 158.0 20.0 10.0
458.0 321.0 20.0 10.0
273.0 260.0 20.0 10.0
343.0 355.0 20.0 10.0
292.0 351.0 20.0 10.0
229.0 301.0 20.0 10.0
191.0 378.0 20.0 10.0
248.0 308.0 20.0 10.0
316.0 271.0 20.0 10.0
96.0 407.0 20.0 10.0
347.0 254.0 20.0 10.0
316.0 374.0 20.0 10.0
53.0 58.0 20.0 10.0
249.0 174.0 20.0 10.0
273.0 157.0 20.0 10.0
74.0 415.0 20.0 10.0
338.0 363.0 20.0 10.0
65.0 411.0 20.0 10.0
359.0 267.0 20.0 10.0
44.0 415.0 20.0 10.0
142.0 108.0 20.0 10.0
358.0 292.0 20.0 10.0
256.0 353.0 20.0 10.0
302.0 123.0 20.0 10.0
332.0 242.0 20.0 10.0
231.0 156.0 20.0 10.0
70.0 423.0 20.0 10.0
71.0 147.0 20.0 10.0
52.0 434.0 20.0 10.0
383.0 352.0 20.0 10.0
184.0 368.0 20.0 10.0
353.0 259.0 20.0 10.0
218.0 434.0 20.0 10.0
343.0 346.0 20.0 10.0
53.0 142.0 20.0 10.0
343.0 225.0 20.0 10.0
36.0 27.0 20.0 10.0
452.0 339.0 20.0 10.0
282.0 428.0 20.0 10.0
220.0 468.0 20.0 10.0
25.0 38.0 20.0 10.0
230.0 400.0 20.0 10.0
263.0 438.0 20.0 10.0
131.0 411.0 20.0 10.0
312.0 105.0 20.0 10.0
89.0 370.0 20.0 10.0
479.0 301.0 20.0 10.0
209.0 305.0 20.0 10.0
