100
274.0 260.0 20.0 10.0
321.0 288.0 20.0 10.0
227.0 220.0 20.0 10.0
237.0 161.0 20.0 10.0
267.0 205.0 20.0 10.0
355.0 308.0 20.0 10.0
228.0 115.0 20.0 10.0
294.0 184.0 20.0 10.0
166.0 230.0 20.0 10.0
117.0 212.0 20.0 10.0
291.0 291.0 20.0 10.0
265.0 122.0 20.0 10.0
342.0 308.0 20.0 10.0
86.0 185.0 20.0 10.0
305.0 254.0 20.0 10.0
360.0 282.0 20.0 10.0
136.0 231.0 20.0 10.0
219.0 259.0 20.0 10.0
284.0 101.0 20.0 10.0
203.0 196.0 20.0 10.0
213.0 134.0 20.0 10.0
104.0 182.0 20.0 10.0
301.0 205.0 20.0 10.0
177.0 201.0 20.0 10.0
267.0 146.0 20.0 10.0
219.0 77.0 20.0 10.0
281.0 85.0 20.0 10.0
57.0 166.0 20.0 10.0
208.0 293.0 20.0 10.0
304.0 319.0 20.0 10.0
131.0 265.0 20.0 10.0
195.0 168.0 20.0 10.0
97.0 280.0 20.0 10.0
69.0 283.0 20.0 10.0
343.0 324.0 20.0 10.0
298.0 59.0 20.0 10.0
200.0 107.0 20.0 10.0
289.0 219.0 20.0 10.0
363.0 356.0 20.0 10.0
276.0 298.0 20.0 10.0
381.0 326.0 20.0 10.0
295.0 105.0 20.0 10.0
209.0 47.0 20.0 10.0
201.0 27.0 20.0 10.0
109.0 298.0 20.0 10.0
299.0 274.0 20.0 10.0
87.0 202.0 20.0 10.0
314.0 337.0 20.0 10.0
79.0 217.0 20.0 10.0
386.0 377.0 20.0 10.0
313.0 90.0 20.0 10.0
283.0 182.0 20.0 10.0
367.0 336.0 20.0 10.0
223.0 318.0 20.0 10.0
233.0 132.0 20.0 10.0
185.0 306.0 20.0 10.0
211.0 25.0 20.0 10.0
386.0 270.0 20.0 10.0
69.0 162.0 20.0 10.0
271.0 58.0 20.0 10.0
254.0 136.0 20.0 10.0
282.0 332.0 20.0 10.0
381.0 301.0 20.0 10.0
223.0 87.0 20.0 10.0
87.0 227.0 20.0 10.0
392.0 278.0 20.0 10.0
317.0 174.0 20.0 10.0
377.0 375.0 20.0 10.0
48.0 227.0 20.0 10.0
292.0 359.0 20.0 10.0
63.0 240.0 20.0 10.0
212.0 89.0 20.0 10.0
81.0 319.0 20.0 10.0
415.0 282.0 20.0 10.0
63.0 214.0 20.0 10.0
71.0 291.0 20.0 10.0
203.0 236.0 20.0 10.0
76.0 296.0 20.0 10.0
35.0 157.0 20.0 10.0
246.0 241.0 20.0 10.0
296.0 379.0 20.0 10.0
64.0 171.0 20.0 10.0
294.0 193.0 20.0 10.0
144.0 251.0 20.0 10.0
324.0 192.0 20.0 10.0
56.0 328.0 20.0 10.0
179.0 180.0 20.0 10.0
400.0 393.0 20.0 10.0
312.0 39.0 20.0 10.0
24.0 227.0 20.0 10.0
61.0 337.0 20.0 10.0
192.0 274.0 20.0 10.0
111.0 284.0 20.0 10.0
185.0 170.0 20.0 10.0
306.0 70.0 20.0 10.0
87.0 314.0 20.0 10.0
224.0 286.0 20.0 10.0
236.0 285.0 20.0 10.0
400.0 344.0 20.0 10.0
193.0 112.0 20.0 10.0
