100
303.0 180.0 20.0 10.0
304.0 234.0 20.0 10.0
252.0 223.0 20.0 10.0
340.0 283.0 20.0 10.0
205.0 217.0 20.0 10.0
313.0 308.0 20.0 10.0
158.0 210.0 20.0 10.0
311.0 133.0 20.0 10.0
382.0 328.0 20.0 10.0
379.0 358.0 20.0 10.0
227.0 198.0 20.0 10.0
284.0 316.0 20.0 10.0
421.0 375.0 20.0 10.0
113.0 202.0 20.0 10.0
362.0 349.0 20.0 10.0
463.0 414.0 20.0 10.0
451.0 369.0 20.0 10.0
87.0 177.0 20.0 10.0
221.0 168.0 20.0 10.0
197.0 190.0 20.0 10.0
502.0 453.0 20.0 10.0
291.0 334.0 20.0 10.0
416.0 410.0 20.0 10.0
69.0 153.0 20.0 10.0
76.0 206.0 20.0 10.0
44.0 210.0 20.0 10.0
473.0 445.0 20.0 10.0
411.0 316.0 20.0 10.0
223.0 239.0 20.0 10.0
52.0 144.0 20.0 10.0
318.0 336.0 20.0 10.0
326.0 108.0 20.0 10.0
474.0 376.0 20.0 10.0
495.0 412.0 20.0 10.0
405.0 439.0 20.0 10.0
269.0 355.0 20.0 10.0
256.0 370.0 20.0 10.0
473.0 471.0 20.0 10.0
543.0 466.0 20.0 10.0
193.0 245.0 20.0 10.0
25.0 210.0 20.0 10.0
286.0 143.0 20.0 10.0
441.0 396.0 20.0 10.0
293.0 359.0 20.0 10.0
300.0 120.0 20.0 10.0
505.0 483.0 20.0 10.0
93.0 225.0 20.0 10.0
263.0 331.0 20.0 10.0
559.0 493.0 20.0 10.0
520.0 493.0 20.0 10.0
411.0 463.0 20.0 10.0
266.0 109.0 20.0 10.0
531.0 520.0 20.0 10.0
540.0 526.0 20.0 10.0
310.0 87.0 20.0 10.0
327.0 64.0 20.0 10.0
576.0 469.0 20.0 10.0
437.0 320.0 20.0 10.0
440.0 308.0 20.0 10.0
244.0 85.0 20.0 10.0
598.0 470.0 20.0 10.0
430.0 301.0 20.0 10.0
423.0 485.0 20.0 10.0
289.0 293.0 20.0 10.0
91.0 193.0 20.0 10.0
53.0 219.0 20.0 10.0
317.0 51.0 20.0 10.0
206.0 174.0 20.0 10.0
265.0 123.0 20.0 10.0
336.0 88.0 20.0 10.0
251.0 250.0 20.0 10.0
305.0 60.0 20.0 10.0
405.0 399.0 20.0 10.0
459.0 302.0 20.0 10.0
571.0 457.0 20.0 10.0
344.0 255.0 20.0 10.0
561.0 551.0 20.0 10.0
254.0 84.0 20.0 10.0
304.0 25.0 20.0 10.0
175.0 258.0 20.0 10.0
368.0 273.0 20.0 10.0
570.0 488.0 20.0 10.0
87.0 217.0 20.0 10.0
198.0 151.0 20.0 10.0
236.0 62.0 20.0 10.0
358.0 376.0 20.0 10.0
528.0 470.0 20.0 10.0
328.0 31.0 20.0 10.0
582.0 516.0 20.0 10.0
537.0 497.0 20.0 10.0
295.0 52.0 20.0 10.0
427.0 335.0 20.0 10.0
276.0 27.0 20.0 10.0
186.0 168.0 20.0 10.0
57.0 189.0 20.0 10.0
200.0 255.0 20.0 10.0
101.0 172.0 20.0 10.0
490.0 468.0 20.0 10.0
582.0 565.0 20.0 10.0
575.0 570.0 20.0 10.0
