100
163.0 246.0 20.0 10.0
211.0 282.0 20.0 10.0
264.0 318.0 20.0 10.0
321.0 324.0 20.0 10.0
300.0 343.0 20.0 10.0
238.0 333.0 20.0 10.0
142.0 196.0 20.0 10.0
177.0 296.0 20.0 10.0
277.0 288.0 20.0 10.0
118.0 150.0 20.0 10.0
125.0 235.0 20.0 10.0
372.0 329.0 20.0 10.0
88.0 235.0 20.0 10.0
257.0 368.0 20.0 10.0
257.0 400.0 20.0 10.0
316.0 307.0 20.0 10.0
123.0 265.0 20.0 10.0
254.0 412.0 20.0 10.0
334.0 279.0 20.0 10.0
120.0 207.0 20.0 10.0
403.0 319.0 20.0 10.0
241.0 391.0 20.0 10.0
82.0 128.0 20.0 10.0
247.0 444.0 20.0 10.0
197.0 310.0 20.0 10.0
324.0 376.0 20.0 10.0
114.0 107.0 20.0 10.0
351.0 307.0 20.0 10.0
54.0 104.0 20.0 10.0
112.0 75.0 20.0 10.0
351.0 382.0 20.0 10.0
343.0 406.0 20.0 10.0
304.0 378.0 20.0 10.0
338.0 253.0 20.0 10.0
95.0 76.0 20.0 10.0
100.0 50.0 20.0 10.0
89.0 286.0 20.0 10.0
402.0 331.0 20.0 10.0
126.0 76.0 20.0 10.0
353.0 324.0 20.0 10.0
53.0 125.0 20.0 10.0
315.0 276.0 20.0 10.0
110.0 49.0 20.0 10.0
127.0 46.0 20.0 10.0
341.0 295.0 20.0 10.0
326.0 407.0 20.0 10.0
87.0 46.0 20.0 10.0
274.0 261.0 20.0 10.0
414.0 340.0 20.0 10.0
450.0 346.0 20.0 10.0
347.0 343.0 20.0 10.0
60.0 295.0 20.0 10.0
91.0 267.0 20.0 10.0
147.0 297.0 20.0 10.0
73.0 309.0 20.0 10.0
261.0 446.0 20.0 10.0
57.0 241.0 20.0 10.0
441.0 339.0 20.0 10.0
106.0 122.0 20.0 10.0
192.0 339.0 20.0 10.0
400.0 343.0 20.0 10.0
269.0 474.0 20.0 10.0
429.0 317.0 20.0 10.0
58.0 306.0 20.0 10.0
42.0 318.0 20.0 10.0
127.0 25.0 20.0 10.0
476.0 351.0 20.0 10.0
98.0 223.0 20.0 10.0
247.0 473.0 20.0 10.0
377.0 306.0 20.0 10.0
352.0 434.0 20.0 10.0
244.0 494.0 20.0 10.0
497.0 355.0 20.0 10.0
25.0 103.0 20.0 10.0
304.0 410.0 20.0 10.0
28.0 87.0 20.0 10.0
25.0 59.0 20.0 10.0
65.0 275.0 20.0 10.0
134.0 167.0 20.0 10.0
220.0 250.0 20.0 10.0
35.0 241.0 20.0 10.0
216.0 222.0 20.0 10.0
365.0 452.0 20.0 10.0
224.0 356.0 20.0 10.0
258.0 289.0 20.0 10.0
152.0 318.0 20.0 10.0
203.0 253.0 20.0 10.0
261.0 347.0 20.0 10.0
131.0 335.0 20.0 10.0
438.0 351.0 20.0 10.0
307.0 431.0 20.0 10.0
81.0 26.0 20.0 10.0
215.0 202.0 20.0 10.0
174.0 326.0 20.0 10.0
274.0 495.0 20.0 10.0
373.0 347.0 20.0 10.0
49.0 76.0 20.0 10.0
277.0 368.0 20.0 10.0
71.0 226.0 20.0 10.0
109.0 341.0 20.0 10.0
