100
274.0 186.0 20.0 10.0
212.0 201.0 20.0 10.0
170.0 240.0 20.0 10.0
304.0 190.0 20.0 10.0
324.0 207.0 20.0 10.0
140.0 254.0 20.0 10.0
224.0 243.0 20.0 10.0
239.0 276.0 20.0 10.0
170.0 161.0 20.0 10.0
125.0 146.0 20.0 10.0
252.0 260.0 20.0 10.0
367.0 207.0 20.0 10.0
312.0 148.0 20.0 10.0
159.0 277.0 20.0 10.0
224.0 170.0 20.0 10.0
225.0 142.0 20.0 10.0
217.0 279.0 20.0 10.0
130.0 269.0 20.0 10.0
249.0 302.0 20.0 10.0
155.0 117.0 20.0 10.0
225.0 307.0 20.0 10.0
404.0 207.0 20.0 10.0
105.0 301.0 20.0 10.0
347.0 114.0 20.0 10.0
81.0 324.0 20.0 10.0
51.0 327.0 20.0 10.0
82.0 132.0 20.0 10.0
337.0 237.0 20.0 10.0
55.0 108.0 20.0 10.0
355.0 233.0 20.0 10.0
433.0 205.0 20.0 10.0
454.0 207.0 20.0 10.0
354.0 199.0 20.0 10.0
134.0 83.0 20.0 10.0
251.0 179.0 20.0 10.0
155.0 309.0 20.0 10.0
380.0 258.0 20.0 10.0
262.0 206.0 20.0 10.0
217.0 306.0 20.0 10.0
157.0 83.0 20.0 10.0
48.0 138.0 20.0 10.0
52.0 125.0 20.0 10.0
395.0 197.0 20.0 10.0
137.0 238.0 20.0 10.0
381.0 88.0 20.0 10.0
257.0 286.0 20.0 10.0
48.0 80.0 20.0 10.0
75.0 103.0 20.0 10.0
119.0 51.0 20.0 10.0
26.0 109.0 20.0 10.0
164.0 304.0 20.0 10.0
26.0 128.0 20.0 10.0
221.0 122.0 20.0 10.0
151.0 55.0 20.0 10.0
55.0 145.0 20.0 10.0
357.0 256.0 20.0 10.0
343.0 143.0 20.0 10.0
110.0 25.0 20.0 10.0
98.0 38.0 20.0 10.0
368.0 134.0 20.0 10.0
182.0 201.0 20.0 10.0
242.0 305.0 20.0 10.0
356.0 84.0 20.0 10.0
413.0 74.0 20.0 10.0
81.0 352.0 20.0 10.0
436.0 61.0 20.0 10.0
401.0 280.0 20.0 10.0
151.0 35.0 20.0 10.0
396.0 220.0 20.0 10.0
399.0 61.0 20.0 10.0
356.0 60.0 20.0 10.0
407.0 36.0 20.0 10.0
93.0 278.0 20.0 10.0
66.0 288.0 20.0 10.0
152.0 137.0 20.0 10.0
46.0 296.0 20.0 10.0
153.0 332.0 20.0 10.0
200.0 172.0 20.0 10.0
170.0 271.0 20.0 10.0
103.0 281.0 20.0 10.0
111.0 252.0 20.0 10.0
331.0 130.0 20.0 10.0
79.0 310.0 20.0 10.0
454.0 50.0 20.0 10.0
118.0 25.0 20.0 10.0
293.0 164.0 20.0 10.0
141.0 91.0 20.0 10.0
311.0 115.0 20.0 10.0
377.0 106.0 20.0 10.0
104.0 29.0 20.0 10.0
313.0 90.0 20.0 10.0
428.0 276.0 20.0 10.0
154.0 208.0 20.0 10.0
433.0 28.0 20.0 10.0
223.0 272.0 20.0 10.0
421.0 216.0 20.0 10.0
413.0 298.0 20.0 10.0
155.0 196.0 20.0 10.0
349.0 262.0 20.0 10.0
24.0 143.0 20.0 10.0
