100
288.0 267.0 20.0 10.0
267.0 303.0 20.0 10.0
332.0 310.0 20.0 10.0
370.0 355.0 20.0 10.0
368.0 295.0 20.0 10.0
249.0 217.0 20.0 10.0
317.0 270.0 20.0 10.0
197.0 187.0 20.0 10.0
367.0 397.0 20.0 10.0
403.0 355.0 20.0 10.0
162.0 146.0 20.0 10.0
261.0 285.0 20.0 10.0
355.0 424.0 20.0 10.0
412.0 384.0 20.0 10.0
432.0 356.0 20.0 10.0
317.0 339.0 20.0 10.0
241.0 330.0 20.0 10.0
370.0 435.0 20.0 10.0
255.0 277.0 20.0 10.0
393.0 274.0 20.0 10.0
299.0 237.0 20.0 10.0
452.0 399.0 20.0 10.0
485.0 415.0 20.0 10.0
238.0 302.0 20.0 10.0
128.0 110.0 20.0 10.0
194.0 158.0 20.0 10.0
153.0 196.0 20.0 10.0
513.0 430.0 20.0 10.0
440.0 415.0 20.0 10.0
273.0 176.0 20.0 10.0
389.0 382.0 20.0 10.0
147.0 121.0 20.0 10.0
94.0 83.0 20.0 10.0
414.0 259.0 20.0 10.0
535.0 441.0 20.0 10.0
212.0 342.0 20.0 10.0
304.0 149.0 20.0 10.0
171.0 175.0 20.0 10.0
461.0 446.0 20.0 10.0
406.0 406.0 20.0 10.0
264.0 248.0 20.0 10.0
224.0 354.0 20.0 10.0
255.0 153.0 20.0 10.0
125.0 76.0 20.0 10.0
474.0 414.0 20.0 10.0
478.0 470.0 20.0 10.0
316.0 252.0 20.0 10.0
399.0 294.0 20.0 10.0
392.0 455.0 20.0 10.0
112.0 205.0 20.0 10.0
85.0 191.0 20.0 10.0
356.0 459.0 20.0 10.0
77.0 210.0 20.0 10.0
281.0 140.0 20.0 10.0
111.0 53.0 20.0 10.0
241.0 264.0 20.0 10.0
554.0 449.0 20.0 10.0
287.0 110.0 20.0 10.0
301.0 118.0 20.0 10.0
66.0 73.0 20.0 10.0
419.0 311.0 20.0 10.0
311.0 212.0 20.0 10.0
48.0 210.0 20.0 10.0
91.0 228.0 20.0 10.0
65.0 58.0 20.0 10.0
40.0 39.0 20.0 10.0
492.0 491.0 20.0 10.0
64.0 174.0 20.0 10.0
303.0 89.0 20.0 10.0
421.0 422.0 20.0 10.0
90.0 37.0 20.0 10.0
369.0 466.0 20.0 10.0
74.0 240.0 20.0 10.0
355.0 383.0 20.0 10.0
325.0 120.0 20.0 10.0
194.0 351.0 20.0 10.0
127.0 181.0 20.0 10.0
368.0 488.0 20.0 10.0
204.0 369.0 20.0 10.0
333.0 137.0 20.0 10.0
503.0 509.0 20.0 10.0
25.0 191.0 20.0 10.0
170.0 117.0 20.0 10.0
289.0 293.0 20.0 10.0
133.0 133.0 20.0 10.0
264.0 119.0 20.0 10.0
285.0 214.0 20.0 10.0
345.0 101.0 20.0 10.0
74.0 64.0 20.0 10.0
31.0 232.0 20.0 10.0
212.0 374.0 20.0 10.0
42.0 47.0 20.0 10.0
419.0 268.0 20.0 10.0
25.0 25.0 20.0 10.0
453.0 371.0 20.0 10.0
102.0 94.0 20.0 10.0
349.0 122.0 20.0 10.0
336.0 339.0 20.0 10.0
359.0 85.0 20.0 10.0
361.0 320.0 20.0 10.0
