100
110.0 126.0 20.0 10.0
351.0 880.0 20.0 10.0
363.0 864.0 20.0 10.0
385.0 843.0 20.0 10.0
153.0 236.0 20.0 10.0
177.0 271.0 20.0 10.0
385.0 543.0 20.0 10.0
262.0 457.0 20.0 10.0
286.0 473.0 20.0 10.0
317.0 464.0 20.0 10.0
392.0 906.0 20.0 10.0
788.0 538.0 20.0 10.0
148.0 174.0 20.0 10.0
131.0 199.0 20.0 10.0
420.0 856.0 20.0 10.0
408.0 818.0 20.0 10.0
687.0 484.0 20.0 10.0
678.0 512.0 20.0 10.0
305.0 601.0 20.0 10.0
321.0 586.0 20.0 10.0
342.0 574.0 20.0 10.0
355.0 550.0 20.0 10.0
571.0 552.0 20.0 10.0
512.0 418.0 20.0 10.0
458.0 935.0 20.0 10.0
254.0 416.0 20.0 10.0
285.0 423.0 20.0 10.0
696.0 542.0 20.0 10.0
661.0 538.0 20.0 10.0
487.0 462.0 20.0 10.0
67.0 109.0 20.0 10.0
125.0 102.0 20.0 10.0
37.0 72.0 20.0 10.0
407.0 775.0 20.0 10.0
404.0 732.0 20.0 10.0
402.0 686.0 20.0 10.0
397.0 639.0 20.0 10.0
81.0 43.0 20.0 10.0
98.0 65.0 20.0 10.0
501.0 433.0 20.0 10.0
479.0 451.0 20.0 10.0
463.0 477.0 20.0 10.0
436.0 479.0 20.0 10.0
174.0 297.0 20.0 10.0
202.0 308.0 20.0 10.0
68.0 25.0 20.0 10.0
43.0 140.0 20.0 10.0
72.0 153.0 20.0 10.0
330.0 439.0 20.0 10.0
728.0 542.0 20.0 10.0
350.0 504.0 20.0 10.0
949.0 496.0 20.0 10.0
933.0 498.0 20.0 10.0
914.0 499.0 20.0 10.0
446.0 506.0 20.0 10.0
378.0 829.0 20.0 10.0
444.0 875.0 20.0 10.0
329.0 623.0 20.0 10.0
80.0 181.0 20.0 10.0
54.0 186.0 20.0 10.0
892.0 501.0 20.0 10.0
868.0 503.0 20.0 10.0
843.0 516.0 20.0 10.0
386.0 757.0 20.0 10.0
229.0 344.0 20.0 10.0
257.0 382.0 20.0 10.0
29.0 114.0 20.0 10.0
347.0 702.0 20.0 10.0
359.0 683.0 20.0 10.0
384.0 668.0 20.0 10.0
244.0 508.0 20.0 10.0
260.0 488.0 20.0 10.0
627.0 538.0 20.0 10.0
591.0 537.0 20.0 10.0
552.0 538.0 20.0 10.0
512.0 541.0 20.0 10.0
828.0 495.0 20.0 10.0
814.0 523.0 20.0 10.0
86.0 135.0 20.0 10.0
105.0 164.0 20.0 10.0
830.0 548.0 20.0 10.0
232.0 365.0 20.0 10.0
209.0 441.0 20.0 10.0
226.0 419.0 20.0 10.0
49.0 88.0 20.0 10.0
434.0 834.0 20.0 10.0
471.0 542.0 20.0 10.0
428.0 537.0 20.0 10.0
695.0 494.0 20.0 10.0
392.0 591.0 20.0 10.0
429.0 937.0 20.0 10.0
448.0 918.0 20.0 10.0
437.0 889.0 20.0 10.0
414.0 887.0 20.0 10.0
334.0 601.0 20.0 10.0
25.0 123.0 20.0 10.0
474.0 503.0 20.0 10.0
758.0 542.0 20.0 10.0
398.0 879.0 20.0 10.0
109.0 93.0 20.0 10.0
