100
131.0 306.0 20.0 10.0
151.0 284.0 20.0 10.0
155.0 251.0 20.0 10.0
425.0 493.0 20.0 10.0
119.0 480.0 20.0 10.0
473.0 267.0 20.0 10.0
142.0 544.0 20.0 10.0
136.0 514.0 20.0 10.0
376.0 133.0 20.0 10.0
198.0 139.0 20.0 10.0
370.0 154.0 20.0 10.0
201.0 98.0 20.0 10.0
396.0 507.0 20.0 10.0
381.0 478.0 20.0 10.0
399.0 452.0 20.0 10.0
309.0 391.0 20.0 10.0
147.0 493.0 20.0 10.0
31.0 373.0 20.0 10.0
491.0 65.0 20.0 10.0
82.0 440.0 20.0 10.0
116.0 451.0 20.0 10.0
91.0 415.0 20.0 10.0
96.0 447.0 20.0 10.0
71.0 418.0 20.0 10.0
29.0 525.0 20.0 10.0
53.0 504.0 20.0 10.0
85.0 485.0 20.0 10.0
89.0 519.0 20.0 10.0
94.0 549.0 20.0 10.0
120.0 561.0 20.0 10.0
255.0 112.0 20.0 10.0
56.0 481.0 20.0 10.0
220.0 96.0 20.0 10.0
226.0 127.0 20.0 10.0
260.0 413.0 20.0 10.0
461.0 447.0 20.0 10.0
431.0 461.0 20.0 10.0
344.0 188.0 20.0 10.0
341.0 157.0 20.0 10.0
89.0 278.0 20.0 10.0
486.0 290.0 20.0 10.0
308.0 93.0 20.0 10.0
495.0 76.0 20.0 10.0
433.0 225.0 20.0 10.0
401.0 207.0 20.0 10.0
372.0 183.0 20.0 10.0
227.0 376.0 20.0 10.0
214.0 401.0 20.0 10.0
268.0 25.0 20.0 10.0
277.0 48.0 20.0 10.0
396.0 110.0 20.0 10.0
167.0 309.0 20.0 10.0
285.0 401.0 20.0 10.0
420.0 260.0 20.0 10.0
408.0 238.0 20.0 10.0
281.0 79.0 20.0 10.0
121.0 199.0 20.0 10.0
146.0 189.0 20.0 10.0
178.0 194.0 20.0 10.0
214.0 193.0 20.0 10.0
248.0 164.0 20.0 10.0
491.0 435.0 20.0 10.0
229.0 423.0 20.0 10.0
195.0 427.0 20.0 10.0
459.0 277.0 20.0 10.0
454.0 248.0 20.0 10.0
25.0 315.0 20.0 10.0
43.0 305.0 20.0 10.0
64.0 294.0 20.0 10.0
67.0 515.0 20.0 10.0
200.0 116.0 20.0 10.0
53.0 390.0 20.0 10.0
472.0 86.0 20.0 10.0
50.0 540.0 20.0 10.0
378.0 428.0 20.0 10.0
286.0 115.0 20.0 10.0
143.0 443.0 20.0 10.0
473.0 51.0 20.0 10.0
452.0 65.0 20.0 10.0
442.0 93.0 20.0 10.0
411.0 114.0 20.0 10.0
28.0 411.0 20.0 10.0
50.0 429.0 20.0 10.0
25.0 512.0 20.0 10.0
179.0 73.0 20.0 10.0
159.0 534.0 20.0 10.0
320.0 71.0 20.0 10.0
157.0 440.0 20.0 10.0
185.0 224.0 20.0 10.0
254.0 194.0 20.0 10.0
163.0 51.0 20.0 10.0
129.0 417.0 20.0 10.0
294.0 151.0 20.0 10.0
120.0 264.0 20.0 10.0
328.0 386.0 20.0 10.0
126.0 387.0 20.0 10.0
127.0 167.0 20.0 10.0
146.0 390.0 20.0 10.0
148.0 35.0 20.0 10.0
115.0 323.0 20.0 10.0
