100
463.0 133.0 20.0 10.0
427.0 333.0 20.0 10.0
87.0 209.0 20.0 10.0
225.0 161.0 20.0 10.0
202.0 143.0 20.0 10.0
140.0 116.0 20.0 10.0
377.0 300.0 20.0 10.0
569.0 362.0 20.0 10.0
538.0 364.0 20.0 10.0
75.0 32.0 20.0 10.0
98.0 44.0 20.0 10.0
656.0 117.0 20.0 10.0
686.0 107.0 20.0 10.0
356.0 199.0 20.0 10.0
362.0 169.0 20.0 10.0
310.0 326.0 20.0 10.0
304.0 357.0 20.0 10.0
169.0 118.0 20.0 10.0
776.0 103.0 20.0 10.0
344.0 396.0 20.0 10.0
136.0 39.0 20.0 10.0
177.0 176.0 20.0 10.0
449.0 354.0 20.0 10.0
801.0 101.0 20.0 10.0
180.0 209.0 20.0 10.0
406.0 193.0 20.0 10.0
396.0 166.0 20.0 10.0
376.0 141.0 20.0 10.0
421.0 136.0 20.0 10.0
333.0 337.0 20.0 10.0
25.0 70.0 20.0 10.0
144.0 64.0 20.0 10.0
135.0 94.0 20.0 10.0
315.0 447.0 20.0 10.0
72.0 371.0 20.0 10.0
103.0 364.0 20.0 10.0
533.0 136.0 20.0 10.0
325.0 475.0 20.0 10.0
585.0 117.0 20.0 10.0
623.0 113.0 20.0 10.0
455.0 442.0 20.0 10.0
431.0 461.0 20.0 10.0
204.0 477.0 20.0 10.0
209.0 363.0 20.0 10.0
115.0 68.0 20.0 10.0
515.0 333.0 20.0 10.0
719.0 107.0 20.0 10.0
212.0 331.0 20.0 10.0
159.0 201.0 20.0 10.0
25.0 370.0 20.0 10.0
198.0 197.0 20.0 10.0
237.0 386.0 20.0 10.0
202.0 378.0 20.0 10.0
173.0 237.0 20.0 10.0
43.0 77.0 20.0 10.0
68.0 87.0 20.0 10.0
101.0 93.0 20.0 10.0
50.0 25.0 20.0 10.0
185.0 496.0 20.0 10.0
151.0 229.0 20.0 10.0
338.0 467.0 20.0 10.0
104.0 239.0 20.0 10.0
749.0 106.0 20.0 10.0
210.0 114.0 20.0 10.0
163.0 327.0 20.0 10.0
820.0 99.0 20.0 10.0
46.0 370.0 20.0 10.0
115.0 329.0 20.0 10.0
546.0 121.0 20.0 10.0
247.0 142.0 20.0 10.0
115.0 248.0 20.0 10.0
117.0 216.0 20.0 10.0
144.0 193.0 20.0 10.0
312.0 391.0 20.0 10.0
279.0 386.0 20.0 10.0
218.0 452.0 20.0 10.0
228.0 420.0 20.0 10.0
433.0 430.0 20.0 10.0
458.0 410.0 20.0 10.0
157.0 298.0 20.0 10.0
376.0 110.0 20.0 10.0
609.0 129.0 20.0 10.0
435.0 111.0 20.0 10.0
290.0 143.0 20.0 10.0
333.0 142.0 20.0 10.0
368.0 382.0 20.0 10.0
356.0 316.0 20.0 10.0
506.0 127.0 20.0 10.0
783.0 76.0 20.0 10.0
681.0 122.0 20.0 10.0
655.0 106.0 20.0 10.0
136.0 354.0 20.0 10.0
173.0 359.0 20.0 10.0
504.0 363.0 20.0 10.0
473.0 378.0 20.0 10.0
398.0 220.0 20.0 10.0
296.0 418.0 20.0 10.0
101.0 303.0 20.0 10.0
434.0 85.0 20.0 10.0
488.0 149.0 20.0 10.0
