100
332.0 48.0 20.0 10.0
249.0 55.0 20.0 10.0
119.0 459.0 20.0 10.0
112.0 488.0 20.0 10.0
140.0 491.0 20.0 10.0
286.0 522.0 20.0 10.0
286.0 398.0 20.0 10.0
364.0 308.0 20.0 10.0
351.0 290.0 20.0 10.0
49.0 657.0 20.0 10.0
338.0 253.0 20.0 10.0
310.0 241.0 20.0 10.0
337.0 148.0 20.0 10.0
145.0 666.0 20.0 10.0
310.0 138.0 20.0 10.0
90.0 233.0 20.0 10.0
200.0 287.0 20.0 10.0
215.0 264.0 20.0 10.0
150.0 235.0 20.0 10.0
184.0 218.0 20.0 10.0
585.0 527.0 20.0 10.0
566.0 505.0 20.0 10.0
113.0 216.0 20.0 10.0
183.0 695.0 20.0 10.0
183.0 665.0 20.0 10.0
393.0 48.0 20.0 10.0
369.0 489.0 20.0 10.0
87.0 268.0 20.0 10.0
278.0 593.0 20.0 10.0
267.0 622.0 20.0 10.0
257.0 654.0 20.0 10.0
242.0 678.0 20.0 10.0
220.0 660.0 20.0 10.0
188.0 185.0 20.0 10.0
593.0 492.0 20.0 10.0
609.0 515.0 20.0 10.0
378.0 33.0 20.0 10.0
312.0 414.0 20.0 10.0
437.0 473.0 20.0 10.0
469.0 483.0 20.0 10.0
501.0 493.0 20.0 10.0
533.0 499.0 20.0 10.0
218.0 543.0 20.0 10.0
207.0 514.0 20.0 10.0
182.0 490.0 20.0 10.0
285.0 644.0 20.0 10.0
219.0 199.0 20.0 10.0
364.0 59.0 20.0 10.0
88.0 680.0 20.0 10.0
403.0 460.0 20.0 10.0
259.0 109.0 20.0 10.0
27.0 423.0 20.0 10.0
52.0 441.0 20.0 10.0
346.0 25.0 20.0 10.0
236.0 364.0 20.0 10.0
156.0 466.0 20.0 10.0
236.0 525.0 20.0 10.0
220.0 63.0 20.0 10.0
242.0 81.0 20.0 10.0
324.0 370.0 20.0 10.0
339.0 396.0 20.0 10.0
342.0 429.0 20.0 10.0
364.0 460.0 20.0 10.0
156.0 182.0 20.0 10.0
128.0 189.0 20.0 10.0
316.0 686.0 20.0 10.0
287.0 671.0 20.0 10.0
198.0 412.0 20.0 10.0
176.0 438.0 20.0 10.0
329.0 270.0 20.0 10.0
110.0 658.0 20.0 10.0
76.0 416.0 20.0 10.0
86.0 445.0 20.0 10.0
305.0 108.0 20.0 10.0
218.0 388.0 20.0 10.0
37.0 267.0 20.0 10.0
60.0 283.0 20.0 10.0
346.0 689.0 20.0 10.0
215.0 233.0 20.0 10.0
316.0 197.0 20.0 10.0
290.0 182.0 20.0 10.0
259.0 180.0 20.0 10.0
421.0 436.0 20.0 10.0
363.0 85.0 20.0 10.0
25.0 622.0 20.0 10.0
53.0 625.0 20.0 10.0
77.0 646.0 20.0 10.0
135.0 694.0 20.0 10.0
333.0 80.0 20.0 10.0
410.0 28.0 20.0 10.0
301.0 537.0 20.0 10.0
313.0 508.0 20.0 10.0
337.0 483.0 20.0 10.0
24.0 455.0 20.0 10.0
282.0 242.0 20.0 10.0
25.0 314.0 20.0 10.0
41.0 302.0 20.0 10.0
115.0 246.0 20.0 10.0
278.0 139.0 20.0 10.0
283.0 212.0 20.0 10.0
