100
591.0 151.0 20.0 10.0
584.0 185.0 20.0 10.0
823.0 126.0 20.0 10.0
800.0 135.0 20.0 10.0
772.0 156.0 20.0 10.0
729.0 170.0 20.0 10.0
828.0 142.0 20.0 10.0
207.0 551.0 20.0 10.0
372.0 555.0 20.0 10.0
832.0 40.0 20.0 10.0
45.0 729.0 20.0 10.0
732.0 260.0 20.0 10.0
714.0 233.0 20.0 10.0
255.0 615.0 20.0 10.0
264.0 599.0 20.0 10.0
570.0 161.0 20.0 10.0
118.0 629.0 20.0 10.0
550.0 265.0 20.0 10.0
818.0 57.0 20.0 10.0
638.0 266.0 20.0 10.0
582.0 308.0 20.0 10.0
432.0 371.0 20.0 10.0
455.0 360.0 20.0 10.0
297.0 379.0 20.0 10.0
330.0 383.0 20.0 10.0
302.0 508.0 20.0 10.0
844.0 25.0 20.0 10.0
618.0 300.0 20.0 10.0
768.0 322.0 20.0 10.0
472.0 336.0 20.0 10.0
581.0 147.0 20.0 10.0
807.0 156.0 20.0 10.0
75.0 684.0 20.0 10.0
109.0 682.0 20.0 10.0
288.0 543.0 20.0 10.0
745.0 221.0 20.0 10.0
730.0 197.0 20.0 10.0
581.0 74.0 20.0 10.0
581.0 92.0 20.0 10.0
451.0 315.0 20.0 10.0
747.0 284.0 20.0 10.0
32.0 708.0 20.0 10.0
49.0 698.0 20.0 10.0
777.0 314.0 20.0 10.0
762.0 305.0 20.0 10.0
361.0 391.0 20.0 10.0
608.0 269.0 20.0 10.0
308.0 381.0 20.0 10.0
752.0 147.0 20.0 10.0
633.0 293.0 20.0 10.0
25.0 666.0 20.0 10.0
278.0 498.0 20.0 10.0
519.0 220.0 20.0 10.0
530.0 245.0 20.0 10.0
250.0 374.0 20.0 10.0
272.0 377.0 20.0 10.0
589.0 226.0 20.0 10.0
295.0 605.0 20.0 10.0
790.0 166.0 20.0 10.0
764.0 177.0 20.0 10.0
546.0 311.0 20.0 10.0
513.0 302.0 20.0 10.0
622.0 340.0 20.0 10.0
624.0 323.0 20.0 10.0
648.0 174.0 20.0 10.0
318.0 474.0 20.0 10.0
358.0 442.0 20.0 10.0
562.0 138.0 20.0 10.0
36.0 745.0 20.0 10.0
605.0 162.0 20.0 10.0
241.0 524.0 20.0 10.0
95.0 657.0 20.0 10.0
783.0 102.0 20.0 10.0
64.0 711.0 20.0 10.0
66.0 650.0 20.0 10.0
582.0 116.0 20.0 10.0
43.0 666.0 20.0 10.0
387.0 573.0 20.0 10.0
392.0 405.0 20.0 10.0
667.0 277.0 20.0 10.0
685.0 259.0 20.0 10.0
655.0 286.0 20.0 10.0
732.0 286.0 20.0 10.0
283.0 576.0 20.0 10.0
305.0 625.0 20.0 10.0
706.0 160.0 20.0 10.0
810.0 62.0 20.0 10.0
801.0 77.0 20.0 10.0
146.0 604.0 20.0 10.0
176.0 579.0 20.0 10.0
392.0 547.0 20.0 10.0
368.0 532.0 20.0 10.0
379.0 504.0 20.0 10.0
369.0 473.0 20.0 10.0
635.0 204.0 20.0 10.0
683.0 184.0 20.0 10.0
761.0 129.0 20.0 10.0
739.0 159.0 20.0 10.0
232.0 373.0 20.0 10.0
615.0 135.0 20.0 10.0
