100
620.0 442.0 20.0 10.0
416.0 268.0 20.0 10.0
56.0 71.0 20.0 10.0
735.0 704.0 20.0 10.0
633.0 443.0 20.0 10.0
828.0 821.0 20.0 10.0
178.0 114.0 20.0 10.0
838.0 837.0 20.0 10.0
261.0 196.0 20.0 10.0
301.0 223.0 20.0 10.0
343.0 250.0 20.0 10.0
820.0 776.0 20.0 10.0
114.0 59.0 20.0 10.0
114.0 89.0 20.0 10.0
668.0 514.0 20.0 10.0
99.0 128.0 20.0 10.0
122.0 143.0 20.0 10.0
151.0 147.0 20.0 10.0
582.0 287.0 20.0 10.0
580.0 308.0 20.0 10.0
452.0 366.0 20.0 10.0
444.0 340.0 20.0 10.0
561.0 328.0 20.0 10.0
800.0 544.0 20.0 10.0
784.0 543.0 20.0 10.0
764.0 540.0 20.0 10.0
752.0 635.0 20.0 10.0
763.0 612.0 20.0 10.0
756.0 593.0 20.0 10.0
647.0 384.0 20.0 10.0
647.0 415.0 20.0 10.0
166.0 91.0 20.0 10.0
422.0 351.0 20.0 10.0
745.0 573.0 20.0 10.0
692.0 371.0 20.0 10.0
755.0 742.0 20.0 10.0
745.0 715.0 20.0 10.0
380.0 299.0 20.0 10.0
683.0 641.0 20.0 10.0
681.0 620.0 20.0 10.0
664.0 573.0 20.0 10.0
549.0 355.0 20.0 10.0
90.0 63.0 20.0 10.0
725.0 552.0 20.0 10.0
194.0 177.0 20.0 10.0
796.0 763.0 20.0 10.0
83.0 77.0 20.0 10.0
616.0 403.0 20.0 10.0
362.0 291.0 20.0 10.0
512.0 380.0 20.0 10.0
556.0 416.0 20.0 10.0
677.0 592.0 20.0 10.0
701.0 635.0 20.0 10.0
729.0 650.0 20.0 10.0
738.0 349.0 20.0 10.0
731.0 374.0 20.0 10.0
706.0 389.0 20.0 10.0
734.0 395.0 20.0 10.0
25.0 25.0 20.0 10.0
38.0 36.0 20.0 10.0
64.0 47.0 20.0 10.0
562.0 406.0 20.0 10.0
569.0 360.0 20.0 10.0
551.0 384.0 20.0 10.0
736.0 492.0 20.0 10.0
731.0 517.0 20.0 10.0
703.0 527.0 20.0 10.0
649.0 569.0 20.0 10.0
737.0 533.0 20.0 10.0
276.0 210.0 20.0 10.0
572.0 287.0 20.0 10.0
599.0 425.0 20.0 10.0
585.0 404.0 20.0 10.0
218.0 140.0 20.0 10.0
222.0 169.0 20.0 10.0
783.0 781.0 20.0 10.0
769.0 748.0 20.0 10.0
84.0 92.0 20.0 10.0
407.0 295.0 20.0 10.0
429.0 310.0 20.0 10.0
471.0 344.0 20.0 10.0
802.0 808.0 20.0 10.0
148.0 116.0 20.0 10.0
183.0 143.0 20.0 10.0
386.0 278.0 20.0 10.0
704.0 402.0 20.0 10.0
411.0 397.0 20.0 10.0
415.0 371.0 20.0 10.0
700.0 343.0 20.0 10.0
647.0 591.0 20.0 10.0
365.0 256.0 20.0 10.0
720.0 326.0 20.0 10.0
712.0 348.0 20.0 10.0
785.0 806.0 20.0 10.0
674.0 402.0 20.0 10.0
639.0 427.0 20.0 10.0
602.0 451.0 20.0 10.0
633.0 498.0 20.0 10.0
654.0 545.0 20.0 10.0
723.0 677.0 20.0 10.0
