100
652.0 295.0 20.0 10.0
627.0 283.0 20.0 10.0
80.0 209.0 20.0 10.0
156.0 413.0 20.0 10.0
393.0 75.0 20.0 10.0
245.0 113.0 20.0 10.0
221.0 127.0 20.0 10.0
268.0 131.0 20.0 10.0
516.0 152.0 20.0 10.0
96.0 190.0 20.0 10.0
109.0 161.0 20.0 10.0
615.0 147.0 20.0 10.0
753.0 70.0 20.0 10.0
582.0 190.0 20.0 10.0
677.0 95.0 20.0 10.0
34.0 199.0 20.0 10.0
102.0 79.0 20.0 10.0
52.0 42.0 20.0 10.0
416.0 89.0 20.0 10.0
375.0 187.0 20.0 10.0
466.0 148.0 20.0 10.0
280.0 442.0 20.0 10.0
33.0 372.0 20.0 10.0
25.0 397.0 20.0 10.0
55.0 394.0 20.0 10.0
736.0 72.0 20.0 10.0
741.0 101.0 20.0 10.0
796.0 55.0 20.0 10.0
772.0 79.0 20.0 10.0
878.0 170.0 20.0 10.0
24.0 36.0 20.0 10.0
43.0 45.0 20.0 10.0
73.0 57.0 20.0 10.0
293.0 119.0 20.0 10.0
317.0 135.0 20.0 10.0
657.0 322.0 20.0 10.0
233.0 376.0 20.0 10.0
377.0 221.0 20.0 10.0
630.0 92.0 20.0 10.0
664.0 139.0 20.0 10.0
932.0 173.0 20.0 10.0
913.0 154.0 20.0 10.0
887.0 145.0 20.0 10.0
857.0 152.0 20.0 10.0
824.0 158.0 20.0 10.0
787.0 154.0 20.0 10.0
643.0 266.0 20.0 10.0
112.0 444.0 20.0 10.0
128.0 168.0 20.0 10.0
772.0 51.0 20.0 10.0
88.0 404.0 20.0 10.0
772.0 106.0 20.0 10.0
405.0 115.0 20.0 10.0
415.0 144.0 20.0 10.0
174.0 121.0 20.0 10.0
142.0 144.0 20.0 10.0
400.0 174.0 20.0 10.0
487.0 247.0 20.0 10.0
365.0 140.0 20.0 10.0
567.0 156.0 20.0 10.0
49.0 179.0 20.0 10.0
254.0 395.0 20.0 10.0
392.0 202.0 20.0 10.0
366.0 215.0 20.0 10.0
506.0 126.0 20.0 10.0
597.0 277.0 20.0 10.0
614.0 253.0 20.0 10.0
748.0 145.0 20.0 10.0
710.0 130.0 20.0 10.0
928.0 131.0 20.0 10.0
378.0 103.0 20.0 10.0
845.0 179.0 20.0 10.0
48.0 68.0 20.0 10.0
70.0 80.0 20.0 10.0
634.0 307.0 20.0 10.0
580.0 133.0 20.0 10.0
822.0 36.0 20.0 10.0
109.0 100.0 20.0 10.0
50.0 150.0 20.0 10.0
75.0 164.0 20.0 10.0
819.0 45.0 20.0 10.0
110.0 54.0 20.0 10.0
134.0 67.0 20.0 10.0
597.0 222.0 20.0 10.0
284.0 93.0 20.0 10.0
877.0 208.0 20.0 10.0
864.0 196.0 20.0 10.0
837.0 24.0 20.0 10.0
71.0 203.0 20.0 10.0
120.0 414.0 20.0 10.0
491.0 231.0 20.0 10.0
496.0 206.0 20.0 10.0
505.0 180.0 20.0 10.0
630.0 120.0 20.0 10.0
657.0 112.0 20.0 10.0
647.0 72.0 20.0 10.0
138.0 98.0 20.0 10.0
253.0 426.0 20.0 10.0
225.0 407.0 20.0 10.0
190.0 410.0 20.0 10.0
