100
353.0 732.0 20.0 10.0
838.0 34.0 20.0 10.0
401.0 321.0 20.0 10.0
446.0 360.0 20.0 10.0
407.0 394.0 20.0 10.0
520.0 109.0 20.0 10.0
528.0 124.0 20.0 10.0
719.0 141.0 20.0 10.0
527.0 295.0 20.0 10.0
488.0 296.0 20.0 10.0
341.0 423.0 20.0 10.0
226.0 573.0 20.0 10.0
70.0 710.0 20.0 10.0
114.0 662.0 20.0 10.0
555.0 163.0 20.0 10.0
139.0 559.0 20.0 10.0
506.0 347.0 20.0 10.0
265.0 559.0 20.0 10.0
135.0 635.0 20.0 10.0
862.0 25.0 20.0 10.0
647.0 205.0 20.0 10.0
740.0 117.0 20.0 10.0
145.0 373.0 20.0 10.0
169.0 390.0 20.0 10.0
486.0 327.0 20.0 10.0
537.0 141.0 20.0 10.0
340.0 601.0 20.0 10.0
339.0 560.0 20.0 10.0
336.0 518.0 20.0 10.0
353.0 474.0 20.0 10.0
366.0 429.0 20.0 10.0
112.0 348.0 20.0 10.0
760.0 139.0 20.0 10.0
741.0 155.0 20.0 10.0
719.0 171.0 20.0 10.0
68.0 648.0 20.0 10.0
660.0 161.0 20.0 10.0
68.0 675.0 20.0 10.0
87.0 668.0 20.0 10.0
410.0 312.0 20.0 10.0
428.0 334.0 20.0 10.0
657.0 193.0 20.0 10.0
828.0 52.0 20.0 10.0
805.0 66.0 20.0 10.0
779.0 87.0 20.0 10.0
248.0 416.0 20.0 10.0
320.0 430.0 20.0 10.0
276.0 433.0 20.0 10.0
302.0 684.0 20.0 10.0
324.0 666.0 20.0 10.0
342.0 639.0 20.0 10.0
203.0 392.0 20.0 10.0
194.0 417.0 20.0 10.0
230.0 439.0 20.0 10.0
577.0 143.0 20.0 10.0
161.0 419.0 20.0 10.0
52.0 734.0 20.0 10.0
33.0 770.0 20.0 10.0
751.0 112.0 20.0 10.0
127.0 359.0 20.0 10.0
333.0 725.0 20.0 10.0
349.0 705.0 20.0 10.0
346.0 675.0 20.0 10.0
562.0 122.0 20.0 10.0
180.0 486.0 20.0 10.0
209.0 475.0 20.0 10.0
560.0 229.0 20.0 10.0
155.0 552.0 20.0 10.0
63.0 728.0 20.0 10.0
587.0 110.0 20.0 10.0
720.0 213.0 20.0 10.0
703.0 210.0 20.0 10.0
349.0 664.0 20.0 10.0
467.0 276.0 20.0 10.0
161.0 609.0 20.0 10.0
301.0 540.0 20.0 10.0
355.0 751.0 20.0 10.0
341.0 588.0 20.0 10.0
25.0 763.0 20.0 10.0
173.0 398.0 20.0 10.0
566.0 262.0 20.0 10.0
83.0 704.0 20.0 10.0
39.0 753.0 20.0 10.0
120.0 392.0 20.0 10.0
135.0 417.0 20.0 10.0
683.0 209.0 20.0 10.0
224.0 409.0 20.0 10.0
848.0 36.0 20.0 10.0
636.0 220.0 20.0 10.0
95.0 689.0 20.0 10.0
555.0 196.0 20.0 10.0
608.0 234.0 20.0 10.0
686.0 174.0 20.0 10.0
457.0 388.0 20.0 10.0
199.0 444.0 20.0 10.0
664.0 133.0 20.0 10.0
193.0 510.0 20.0 10.0
184.0 546.0 20.0 10.0
189.0 582.0 20.0 10.0
687.0 119.0 20.0 10.0
