100
63.0 170.0 20.0 10.0
587.0 593.0 20.0 10.0
609.0 613.0 20.0 10.0
562.0 213.0 20.0 10.0
534.0 198.0 20.0 10.0
533.0 227.0 20.0 10.0
454.0 368.0 20.0 10.0
172.0 351.0 20.0 10.0
150.0 330.0 20.0 10.0
459.0 322.0 20.0 10.0
432.0 331.0 20.0 10.0
25.0 131.0 20.0 10.0
25.0 700.0 20.0 10.0
44.0 684.0 20.0 10.0
44.0 600.0 20.0 10.0
622.0 553.0 20.0 10.0
490.0 518.0 20.0 10.0
359.0 624.0 20.0 10.0
527.0 559.0 20.0 10.0
112.0 315.0 20.0 10.0
91.0 567.0 20.0 10.0
353.0 562.0 20.0 10.0
342.0 589.0 20.0 10.0
327.0 618.0 20.0 10.0
294.0 629.0 20.0 10.0
54.0 505.0 20.0 10.0
69.0 537.0 20.0 10.0
124.0 514.0 20.0 10.0
384.0 256.0 20.0 10.0
552.0 635.0 20.0 10.0
60.0 349.0 20.0 10.0
73.0 372.0 20.0 10.0
89.0 343.0 20.0 10.0
648.0 180.0 20.0 10.0
369.0 324.0 20.0 10.0
340.0 305.0 20.0 10.0
302.0 303.0 20.0 10.0
32.0 453.0 20.0 10.0
276.0 269.0 20.0 10.0
265.0 297.0 20.0 10.0
65.0 448.0 20.0 10.0
51.0 473.0 20.0 10.0
362.0 281.0 20.0 10.0
187.0 293.0 20.0 10.0
686.0 242.0 20.0 10.0
591.0 553.0 20.0 10.0
561.0 573.0 20.0 10.0
548.0 604.0 20.0 10.0
519.0 617.0 20.0 10.0
55.0 47.0 20.0 10.0
53.0 74.0 20.0 10.0
51.0 104.0 20.0 10.0
55.0 137.0 20.0 10.0
127.0 261.0 20.0 10.0
146.0 295.0 20.0 10.0
80.0 309.0 20.0 10.0
658.0 225.0 20.0 10.0
630.0 208.0 20.0 10.0
177.0 656.0 20.0 10.0
405.0 206.0 20.0 10.0
397.0 230.0 20.0 10.0
461.0 549.0 20.0 10.0
105.0 538.0 20.0 10.0
62.0 398.0 20.0 10.0
595.0 211.0 20.0 10.0
379.0 602.0 20.0 10.0
411.0 630.0 20.0 10.0
51.0 307.0 20.0 10.0
469.0 528.0 20.0 10.0
492.0 549.0 20.0 10.0
401.0 337.0 20.0 10.0
86.0 199.0 20.0 10.0
107.0 229.0 20.0 10.0
640.0 513.0 20.0 10.0
615.0 529.0 20.0 10.0
28.0 491.0 20.0 10.0
147.0 391.0 20.0 10.0
146.0 363.0 20.0 10.0
56.0 25.0 20.0 10.0
257.0 629.0 20.0 10.0
32.0 177.0 20.0 10.0
312.0 654.0 20.0 10.0
387.0 634.0 20.0 10.0
244.0 685.0 20.0 10.0
231.0 660.0 20.0 10.0
219.0 631.0 20.0 10.0
180.0 626.0 20.0 10.0
143.0 615.0 20.0 10.0
105.0 604.0 20.0 10.0
71.0 611.0 20.0 10.0
54.0 636.0 20.0 10.0
66.0 662.0 20.0 10.0
88.0 636.0 20.0 10.0
226.0 296.0 20.0 10.0
483.0 369.0 20.0 10.0
426.0 358.0 20.0 10.0
490.0 609.0 20.0 10.0
481.0 579.0 20.0 10.0
474.0 382.0 20.0 10.0
36.0 162.0 20.0 10.0
