100
44.0 423.0 20.0 10.0
68.0 443.0 20.0 10.0
164.0 252.0 20.0 10.0
75.0 568.0 20.0 10.0
295.0 527.0 20.0 10.0
557.0 93.0 20.0 10.0
649.0 345.0 20.0 10.0
641.0 317.0 20.0 10.0
570.0 72.0 20.0 10.0
288.0 280.0 20.0 10.0
283.0 253.0 20.0 10.0
502.0 228.0 20.0 10.0
499.0 199.0 20.0 10.0
139.0 110.0 20.0 10.0
147.0 132.0 20.0 10.0
414.0 533.0 20.0 10.0
427.0 507.0 20.0 10.0
50.0 240.0 20.0 10.0
579.0 35.0 20.0 10.0
282.0 178.0 20.0 10.0
307.0 202.0 20.0 10.0
606.0 54.0 20.0 10.0
152.0 540.0 20.0 10.0
137.0 512.0 20.0 10.0
580.0 212.0 20.0 10.0
436.0 79.0 20.0 10.0
390.0 187.0 20.0 10.0
349.0 194.0 20.0 10.0
473.0 169.0 20.0 10.0
431.0 179.0 20.0 10.0
512.0 462.0 20.0 10.0
572.0 279.0 20.0 10.0
29.0 579.0 20.0 10.0
49.0 557.0 20.0 10.0
76.0 538.0 20.0 10.0
98.0 510.0 20.0 10.0
122.0 483.0 20.0 10.0
143.0 272.0 20.0 10.0
272.0 222.0 20.0 10.0
232.0 232.0 20.0 10.0
191.0 237.0 20.0 10.0
301.0 558.0 20.0 10.0
216.0 453.0 20.0 10.0
470.0 437.0 20.0 10.0
581.0 66.0 20.0 10.0
533.0 561.0 20.0 10.0
146.0 433.0 20.0 10.0
103.0 270.0 20.0 10.0
554.0 218.0 20.0 10.0
123.0 255.0 20.0 10.0
150.0 239.0 20.0 10.0
94.0 462.0 20.0 10.0
188.0 441.0 20.0 10.0
245.0 409.0 20.0 10.0
526.0 226.0 20.0 10.0
456.0 102.0 20.0 10.0
465.0 135.0 20.0 10.0
179.0 182.0 20.0 10.0
212.0 164.0 20.0 10.0
155.0 461.0 20.0 10.0
177.0 481.0 20.0 10.0
24.0 402.0 20.0 10.0
180.0 315.0 20.0 10.0
621.0 336.0 20.0 10.0
619.0 307.0 20.0 10.0
274.0 281.0 20.0 10.0
500.0 437.0 20.0 10.0
482.0 465.0 20.0 10.0
462.0 496.0 20.0 10.0
511.0 541.0 20.0 10.0
487.0 519.0 20.0 10.0
166.0 216.0 20.0 10.0
604.0 25.0 20.0 10.0
349.0 556.0 20.0 10.0
25.0 256.0 20.0 10.0
45.0 251.0 20.0 10.0
75.0 247.0 20.0 10.0
110.0 240.0 20.0 10.0
323.0 537.0 20.0 10.0
356.0 526.0 20.0 10.0
391.0 517.0 20.0 10.0
623.0 44.0 20.0 10.0
595.0 299.0 20.0 10.0
168.0 287.0 20.0 10.0
549.0 255.0 20.0 10.0
83.0 235.0 20.0 10.0
158.0 158.0 20.0 10.0
337.0 502.0 20.0 10.0
447.0 49.0 20.0 10.0
458.0 74.0 20.0 10.0
519.0 412.0 20.0 10.0
222.0 395.0 20.0 10.0
218.0 423.0 20.0 10.0
198.0 411.0 20.0 10.0
532.0 119.0 20.0 10.0
504.0 145.0 20.0 10.0
248.0 165.0 20.0 10.0
209.0 110.0 20.0 10.0
217.0 134.0 20.0 10.0
197.0 138.0 20.0 10.0
