100
331.0 659.0 20.0 10.0
363.0 641.0 20.0 10.0
82.0 85.0 20.0 10.0
565.0 326.0 20.0 10.0
548.0 305.0 20.0 10.0
359.0 209.0 20.0 10.0
147.0 479.0 20.0 10.0
142.0 116.0 20.0 10.0
180.0 129.0 20.0 10.0
389.0 608.0 20.0 10.0
84.0 134.0 20.0 10.0
489.0 178.0 20.0 10.0
705.0 25.0 20.0 10.0
549.0 146.0 20.0 10.0
524.0 156.0 20.0 10.0
574.0 239.0 20.0 10.0
387.0 225.0 20.0 10.0
383.0 196.0 20.0 10.0
574.0 263.0 20.0 10.0
79.0 462.0 20.0 10.0
601.0 283.0 20.0 10.0
104.0 379.0 20.0 10.0
100.0 406.0 20.0 10.0
269.0 574.0 20.0 10.0
281.0 543.0 20.0 10.0
265.0 507.0 20.0 10.0
596.0 93.0 20.0 10.0
683.0 65.0 20.0 10.0
260.0 604.0 20.0 10.0
606.0 312.0 20.0 10.0
631.0 275.0 20.0 10.0
554.0 329.0 20.0 10.0
52.0 85.0 20.0 10.0
626.0 98.0 20.0 10.0
247.0 176.0 20.0 10.0
709.0 52.0 20.0 10.0
47.0 485.0 20.0 10.0
75.0 422.0 20.0 10.0
445.0 149.0 20.0 10.0
306.0 570.0 20.0 10.0
49.0 415.0 20.0 10.0
625.0 299.0 20.0 10.0
226.0 497.0 20.0 10.0
337.0 630.0 20.0 10.0
597.0 120.0 20.0 10.0
560.0 135.0 20.0 10.0
361.0 605.0 20.0 10.0
331.0 598.0 20.0 10.0
626.0 122.0 20.0 10.0
24.0 489.0 20.0 10.0
655.0 80.0 20.0 10.0
546.0 210.0 20.0 10.0
517.0 210.0 20.0 10.0
447.0 204.0 20.0 10.0
47.0 119.0 20.0 10.0
736.0 52.0 20.0 10.0
356.0 499.0 20.0 10.0
401.0 409.0 20.0 10.0
381.0 426.0 20.0 10.0
151.0 139.0 20.0 10.0
264.0 150.0 20.0 10.0
409.0 382.0 20.0 10.0
103.0 438.0 20.0 10.0
195.0 156.0 20.0 10.0
221.0 140.0 20.0 10.0
137.0 508.0 20.0 10.0
309.0 156.0 20.0 10.0
730.0 35.0 20.0 10.0
25.0 93.0 20.0 10.0
131.0 451.0 20.0 10.0
179.0 519.0 20.0 10.0
237.0 158.0 20.0 10.0
187.0 490.0 20.0 10.0
435.0 130.0 20.0 10.0
76.0 109.0 20.0 10.0
76.0 484.0 20.0 10.0
496.0 230.0 20.0 10.0
472.0 219.0 20.0 10.0
266.0 180.0 20.0 10.0
252.0 629.0 20.0 10.0
172.0 172.0 20.0 10.0
328.0 488.0 20.0 10.0
297.0 483.0 20.0 10.0
259.0 121.0 20.0 10.0
630.0 326.0 20.0 10.0
113.0 127.0 20.0 10.0
126.0 152.0 20.0 10.0
354.0 404.0 20.0 10.0
351.0 434.0 20.0 10.0
321.0 453.0 20.0 10.0
108.0 103.0 20.0 10.0
323.0 424.0 20.0 10.0
98.0 500.0 20.0 10.0
443.0 175.0 20.0 10.0
352.0 162.0 20.0 10.0
397.0 170.0 20.0 10.0
109.0 472.0 20.0 10.0
752.0 29.0 20.0 10.0
543.0 275.0 20.0 10.0
544.0 241.0 20.0 10.0
