100
883.0 853.0 20.0 10.0
880.0 826.0 20.0 10.0
368.0 402.0 20.0 10.0
391.0 418.0 20.0 10.0
417.0 400.0 20.0 10.0
826.0 714.0 20.0 10.0
893.0 779.0 20.0 10.0
437.0 628.0 20.0 10.0
135.0 78.0 20.0 10.0
139.0 105.0 20.0 10.0
308.0 184.0 20.0 10.0
355.0 357.0 20.0 10.0
138.0 160.0 20.0 10.0
304.0 157.0 20.0 10.0
267.0 277.0 20.0 10.0
97.0 90.0 20.0 10.0
123.0 113.0 20.0 10.0
190.0 155.0 20.0 10.0
221.0 187.0 20.0 10.0
159.0 46.0 20.0 10.0
171.0 65.0 20.0 10.0
72.0 99.0 20.0 10.0
163.0 163.0 20.0 10.0
800.0 725.0 20.0 10.0
777.0 747.0 20.0 10.0
322.0 245.0 20.0 10.0
292.0 285.0 20.0 10.0
747.0 628.0 20.0 10.0
338.0 428.0 20.0 10.0
663.0 627.0 20.0 10.0
696.0 658.0 20.0 10.0
729.0 690.0 20.0 10.0
930.0 849.0 20.0 10.0
922.0 822.0 20.0 10.0
896.0 816.0 20.0 10.0
737.0 735.0 20.0 10.0
763.0 721.0 20.0 10.0
799.0 751.0 20.0 10.0
57.0 46.0 20.0 10.0
253.0 218.0 20.0 10.0
353.0 321.0 20.0 10.0
724.0 804.0 20.0 10.0
750.0 797.0 20.0 10.0
403.0 337.0 20.0 10.0
385.0 360.0 20.0 10.0
324.0 448.0 20.0 10.0
75.0 66.0 20.0 10.0
25.0 25.0 20.0 10.0
803.0 809.0 20.0 10.0
807.0 781.0 20.0 10.0
467.0 468.0 20.0 10.0
400.0 291.0 20.0 10.0
413.0 314.0 20.0 10.0
496.0 673.0 20.0 10.0
489.0 648.0 20.0 10.0
482.0 616.0 20.0 10.0
563.0 533.0 20.0 10.0
598.0 564.0 20.0 10.0
631.0 595.0 20.0 10.0
438.0 379.0 20.0 10.0
438.0 655.0 20.0 10.0
720.0 618.0 20.0 10.0
773.0 624.0 20.0 10.0
507.0 671.0 20.0 10.0
480.0 445.0 20.0 10.0
452.0 438.0 20.0 10.0
485.0 477.0 20.0 10.0
525.0 505.0 20.0 10.0
39.0 35.0 20.0 10.0
452.0 610.0 20.0 10.0
471.0 585.0 20.0 10.0
474.0 549.0 20.0 10.0
479.0 513.0 20.0 10.0
463.0 376.0 20.0 10.0
755.0 648.0 20.0 10.0
725.0 646.0 20.0 10.0
920.0 784.0 20.0 10.0
899.0 794.0 20.0 10.0
869.0 796.0 20.0 10.0
833.0 779.0 20.0 10.0
839.0 812.0 20.0 10.0
851.0 837.0 20.0 10.0
843.0 842.0 20.0 10.0
286.0 249.0 20.0 10.0
343.0 443.0 20.0 10.0
185.0 90.0 20.0 10.0
189.0 121.0 20.0 10.0
342.0 258.0 20.0 10.0
322.0 280.0 20.0 10.0
443.0 638.0 20.0 10.0
715.0 750.0 20.0 10.0
366.0 435.0 20.0 10.0
904.0 844.0 20.0 10.0
767.0 776.0 20.0 10.0
840.0 705.0 20.0 10.0
832.0 841.0 20.0 10.0
315.0 157.0 20.0 10.0
323.0 181.0 20.0 10.0
323.0 210.0 20.0 10.0
156.0 131.0 20.0 10.0
