100
49.0 686.0 20.0 10.0
236.0 638.0 20.0 10.0
207.0 622.0 20.0 10.0
961.0 394.0 20.0 10.0
944.0 370.0 20.0 10.0
904.0 366.0 20.0 10.0
119.0 563.0 20.0 10.0
282.0 41.0 20.0 10.0
118.0 361.0 20.0 10.0
654.0 326.0 20.0 10.0
722.0 351.0 20.0 10.0
301.0 249.0 20.0 10.0
424.0 283.0 20.0 10.0
470.0 290.0 20.0 10.0
280.0 25.0 20.0 10.0
1131.0 399.0 20.0 10.0
547.0 365.0 20.0 10.0
205.0 569.0 20.0 10.0
181.0 595.0 20.0 10.0
115.0 616.0 20.0 10.0
142.0 622.0 20.0 10.0
236.0 333.0 20.0 10.0
1085.0 387.0 20.0 10.0
345.0 168.0 20.0 10.0
259.0 658.0 20.0 10.0
214.0 651.0 20.0 10.0
271.0 205.0 20.0 10.0
291.0 226.0 20.0 10.0
458.0 317.0 20.0 10.0
1095.0 347.0 20.0 10.0
230.0 547.0 20.0 10.0
287.0 60.0 20.0 10.0
741.0 337.0 20.0 10.0
73.0 670.0 20.0 10.0
63.0 699.0 20.0 10.0
1072.0 355.0 20.0 10.0
301.0 81.0 20.0 10.0
1107.0 405.0 20.0 10.0
583.0 299.0 20.0 10.0
823.0 353.0 20.0 10.0
480.0 314.0 20.0 10.0
1054.0 379.0 20.0 10.0
1019.0 373.0 20.0 10.0
47.0 413.0 20.0 10.0
299.0 311.0 20.0 10.0
202.0 346.0 20.0 10.0
782.0 345.0 20.0 10.0
863.0 360.0 20.0 10.0
670.0 351.0 20.0 10.0
324.0 230.0 20.0 10.0
87.0 479.0 20.0 10.0
255.0 528.0 20.0 10.0
407.0 304.0 20.0 10.0
1004.0 393.0 20.0 10.0
339.0 296.0 20.0 10.0
97.0 536.0 20.0 10.0
505.0 317.0 20.0 10.0
336.0 112.0 20.0 10.0
328.0 137.0 20.0 10.0
736.0 375.0 20.0 10.0
182.0 333.0 20.0 10.0
219.0 326.0 20.0 10.0
259.0 320.0 20.0 10.0
92.0 643.0 20.0 10.0
598.0 324.0 20.0 10.0
278.0 515.0 20.0 10.0
917.0 393.0 20.0 10.0
62.0 481.0 20.0 10.0
609.0 316.0 20.0 10.0
148.0 345.0 20.0 10.0
181.0 357.0 20.0 10.0
326.0 200.0 20.0 10.0
339.0 97.0 20.0 10.0
75.0 507.0 20.0 10.0
46.0 354.0 20.0 10.0
212.0 593.0 20.0 10.0
517.0 296.0 20.0 10.0
25.0 476.0 20.0 10.0
45.0 496.0 20.0 10.0
357.0 242.0 20.0 10.0
378.0 278.0 20.0 10.0
354.0 205.0 20.0 10.0
30.0 426.0 20.0 10.0
1072.0 402.0 20.0 10.0
279.0 190.0 20.0 10.0
303.0 206.0 20.0 10.0
583.0 359.0 20.0 10.0
25.0 419.0 20.0 10.0
562.0 340.0 20.0 10.0
562.0 309.0 20.0 10.0
285.0 94.0 20.0 10.0
308.0 110.0 20.0 10.0
142.0 593.0 20.0 10.0
698.0 331.0 20.0 10.0
68.0 357.0 20.0 10.0
90.0 377.0 20.0 10.0
1112.0 382.0 20.0 10.0
983.0 372.0 20.0 10.0
44.0 387.0 20.0 10.0
69.0 399.0 20.0 10.0
