100
880.0 98.0 20.0 10.0
859.0 106.0 20.0 10.0
793.0 203.0 20.0 10.0
329.0 191.0 20.0 10.0
723.0 64.0 20.0 10.0
24.0 262.0 20.0 10.0
43.0 259.0 20.0 10.0
742.0 94.0 20.0 10.0
210.0 139.0 20.0 10.0
764.0 211.0 20.0 10.0
732.0 206.0 20.0 10.0
394.0 271.0 20.0 10.0
397.0 238.0 20.0 10.0
405.0 204.0 20.0 10.0
507.0 254.0 20.0 10.0
259.0 158.0 20.0 10.0
270.0 186.0 20.0 10.0
305.0 520.0 20.0 10.0
712.0 83.0 20.0 10.0
491.0 241.0 20.0 10.0
225.0 414.0 20.0 10.0
208.0 110.0 20.0 10.0
129.0 90.0 20.0 10.0
103.0 25.0 20.0 10.0
108.0 44.0 20.0 10.0
111.0 73.0 20.0 10.0
172.0 245.0 20.0 10.0
213.0 240.0 20.0 10.0
97.0 252.0 20.0 10.0
133.0 248.0 20.0 10.0
638.0 170.0 20.0 10.0
611.0 173.0 20.0 10.0
698.0 109.0 20.0 10.0
693.0 141.0 20.0 10.0
730.0 122.0 20.0 10.0
766.0 110.0 20.0 10.0
801.0 103.0 20.0 10.0
178.0 66.0 20.0 10.0
176.0 92.0 20.0 10.0
473.0 143.0 20.0 10.0
405.0 364.0 20.0 10.0
410.0 293.0 20.0 10.0
79.0 348.0 20.0 10.0
108.0 348.0 20.0 10.0
136.0 343.0 20.0 10.0
158.0 329.0 20.0 10.0
180.0 310.0 20.0 10.0
207.0 290.0 20.0 10.0
835.0 137.0 20.0 10.0
809.0 142.0 20.0 10.0
778.0 159.0 20.0 10.0
742.0 170.0 20.0 10.0
471.0 223.0 20.0 10.0
458.0 197.0 20.0 10.0
510.0 188.0 20.0 10.0
703.0 180.0 20.0 10.0
219.0 444.0 20.0 10.0
215.0 477.0 20.0 10.0
251.0 522.0 20.0 10.0
239.0 163.0 20.0 10.0
301.0 214.0 20.0 10.0
462.0 139.0 20.0 10.0
458.0 166.0 20.0 10.0
399.0 300.0 20.0 10.0
585.0 197.0 20.0 10.0
561.0 180.0 20.0 10.0
831.0 116.0 20.0 10.0
233.0 265.0 20.0 10.0
258.0 235.0 20.0 10.0
180.0 485.0 20.0 10.0
59.0 524.0 20.0 10.0
79.0 500.0 20.0 10.0
113.0 497.0 20.0 10.0
147.0 492.0 20.0 10.0
571.0 150.0 20.0 10.0
520.0 265.0 20.0 10.0
756.0 74.0 20.0 10.0
820.0 57.0 20.0 10.0
823.0 85.0 20.0 10.0
427.0 187.0 20.0 10.0
392.0 175.0 20.0 10.0
67.0 255.0 20.0 10.0
810.0 273.0 20.0 10.0
796.0 261.0 20.0 10.0
778.0 248.0 20.0 10.0
755.0 230.0 20.0 10.0
184.0 231.0 20.0 10.0
274.0 476.0 20.0 10.0
248.0 492.0 20.0 10.0
353.0 209.0 20.0 10.0
661.0 167.0 20.0 10.0
25.0 471.0 20.0 10.0
49.0 487.0 20.0 10.0
405.0 346.0 20.0 10.0
405.0 327.0 20.0 10.0
105.0 248.0 20.0 10.0
279.0 504.0 20.0 10.0
150.0 107.0 20.0 10.0
179.0 120.0 20.0 10.0
897.0 90.0 20.0 10.0
