100
34.0 361.0 20.0 10.0
814.0 229.0 20.0 10.0
247.0 241.0 20.0 10.0
287.0 218.0 20.0 10.0
371.0 115.0 20.0 10.0
353.0 140.0 20.0 10.0
323.0 128.0 20.0 10.0
160.0 199.0 20.0 10.0
177.0 205.0 20.0 10.0
198.0 215.0 20.0 10.0
388.0 199.0 20.0 10.0
990.0 227.0 20.0 10.0
967.0 231.0 20.0 10.0
333.0 51.0 20.0 10.0
348.0 71.0 20.0 10.0
323.0 78.0 20.0 10.0
1060.0 310.0 20.0 10.0
1035.0 300.0 20.0 10.0
1010.0 284.0 20.0 10.0
980.0 270.0 20.0 10.0
236.0 448.0 20.0 10.0
265.0 460.0 20.0 10.0
343.0 104.0 20.0 10.0
207.0 284.0 20.0 10.0
390.0 219.0 20.0 10.0
445.0 137.0 20.0 10.0
477.0 25.0 20.0 10.0
426.0 170.0 20.0 10.0
635.0 158.0 20.0 10.0
293.0 439.0 20.0 10.0
351.0 421.0 20.0 10.0
72.0 331.0 20.0 10.0
912.0 245.0 20.0 10.0
177.0 271.0 20.0 10.0
569.0 179.0 20.0 10.0
948.0 254.0 20.0 10.0
290.0 84.0 20.0 10.0
293.0 475.0 20.0 10.0
305.0 105.0 20.0 10.0
46.0 341.0 20.0 10.0
50.0 423.0 20.0 10.0
79.0 433.0 20.0 10.0
102.0 315.0 20.0 10.0
85.0 272.0 20.0 10.0
688.0 210.0 20.0 10.0
616.0 182.0 20.0 10.0
862.0 152.0 20.0 10.0
835.0 157.0 20.0 10.0
819.0 184.0 20.0 10.0
321.0 422.0 20.0 10.0
645.0 131.0 20.0 10.0
253.0 221.0 20.0 10.0
752.0 202.0 20.0 10.0
25.0 326.0 20.0 10.0
208.0 462.0 20.0 10.0
1117.0 338.0 20.0 10.0
1101.0 330.0 20.0 10.0
27.0 356.0 20.0 10.0
456.0 69.0 20.0 10.0
456.0 102.0 20.0 10.0
393.0 98.0 20.0 10.0
795.0 209.0 20.0 10.0
296.0 235.0 20.0 10.0
419.0 142.0 20.0 10.0
400.0 121.0 20.0 10.0
1082.0 321.0 20.0 10.0
861.0 236.0 20.0 10.0
223.0 233.0 20.0 10.0
462.0 42.0 20.0 10.0
241.0 546.0 20.0 10.0
239.0 515.0 20.0 10.0
237.0 480.0 20.0 10.0
846.0 172.0 20.0 10.0
875.0 236.0 20.0 10.0
835.0 223.0 20.0 10.0
103.0 293.0 20.0 10.0
168.0 279.0 20.0 10.0
206.0 260.0 20.0 10.0
557.0 205.0 20.0 10.0
538.0 194.0 20.0 10.0
521.0 176.0 20.0 10.0
474.0 175.0 20.0 10.0
109.0 440.0 20.0 10.0
141.0 447.0 20.0 10.0
174.0 454.0 20.0 10.0
375.0 175.0 20.0 10.0
305.0 210.0 20.0 10.0
331.0 197.0 20.0 10.0
487.0 60.0 20.0 10.0
476.0 81.0 20.0 10.0
962.0 276.0 20.0 10.0
662.0 189.0 20.0 10.0
314.0 55.0 20.0 10.0
224.0 265.0 20.0 10.0
729.0 214.0 20.0 10.0
741.0 144.0 20.0 10.0
722.0 165.0 20.0 10.0
708.0 193.0 20.0 10.0
133.0 297.0 20.0 10.0
25.0 411.0 20.0 10.0
