100
584.0 294.0 20.0 10.0
558.0 289.0 20.0 10.0
256.0 471.0 20.0 10.0
518.0 78.0 20.0 10.0
52.0 498.0 20.0 10.0
55.0 379.0 20.0 10.0
401.0 284.0 20.0 10.0
255.0 345.0 20.0 10.0
544.0 57.0 20.0 10.0
419.0 170.0 20.0 10.0
104.0 175.0 20.0 10.0
525.0 117.0 20.0 10.0
502.0 132.0 20.0 10.0
488.0 102.0 20.0 10.0
655.0 376.0 20.0 10.0
186.0 266.0 20.0 10.0
266.0 322.0 20.0 10.0
82.0 499.0 20.0 10.0
286.0 263.0 20.0 10.0
519.0 108.0 20.0 10.0
191.0 205.0 20.0 10.0
214.0 280.0 20.0 10.0
616.0 340.0 20.0 10.0
343.0 575.0 20.0 10.0
316.0 560.0 20.0 10.0
284.0 559.0 20.0 10.0
307.0 239.0 20.0 10.0
360.0 229.0 20.0 10.0
374.0 336.0 20.0 10.0
184.0 287.0 20.0 10.0
347.0 258.0 20.0 10.0
688.0 408.0 20.0 10.0
672.0 394.0 20.0 10.0
24.0 493.0 20.0 10.0
502.0 157.0 20.0 10.0
425.0 337.0 20.0 10.0
153.0 329.0 20.0 10.0
209.0 589.0 20.0 10.0
75.0 364.0 20.0 10.0
700.0 421.0 20.0 10.0
533.0 238.0 20.0 10.0
636.0 359.0 20.0 10.0
555.0 258.0 20.0 10.0
578.0 25.0 20.0 10.0
564.0 39.0 20.0 10.0
160.0 272.0 20.0 10.0
176.0 307.0 20.0 10.0
333.0 339.0 20.0 10.0
498.0 249.0 20.0 10.0
25.0 390.0 20.0 10.0
44.0 373.0 20.0 10.0
590.0 322.0 20.0 10.0
471.0 149.0 20.0 10.0
441.0 172.0 20.0 10.0
224.0 224.0 20.0 10.0
255.0 251.0 20.0 10.0
273.0 293.0 20.0 10.0
149.0 502.0 20.0 10.0
181.0 518.0 20.0 10.0
508.0 82.0 20.0 10.0
454.0 231.0 20.0 10.0
252.0 542.0 20.0 10.0
579.0 266.0 20.0 10.0
411.0 212.0 20.0 10.0
157.0 192.0 20.0 10.0
61.0 142.0 20.0 10.0
78.0 151.0 20.0 10.0
99.0 162.0 20.0 10.0
125.0 180.0 20.0 10.0
30.0 399.0 20.0 10.0
609.0 202.0 20.0 10.0
590.0 207.0 20.0 10.0
565.0 224.0 20.0 10.0
488.0 126.0 20.0 10.0
214.0 495.0 20.0 10.0
219.0 525.0 20.0 10.0
139.0 168.0 20.0 10.0
266.0 349.0 20.0 10.0
418.0 311.0 20.0 10.0
559.0 303.0 20.0 10.0
531.0 276.0 20.0 10.0
448.0 125.0 20.0 10.0
432.0 355.0 20.0 10.0
461.0 135.0 20.0 10.0
139.0 472.0 20.0 10.0
202.0 312.0 20.0 10.0
381.0 256.0 20.0 10.0
300.0 587.0 20.0 10.0
327.0 598.0 20.0 10.0
115.0 501.0 20.0 10.0
106.0 350.0 20.0 10.0
139.0 329.0 20.0 10.0
351.0 321.0 20.0 10.0
240.0 498.0 20.0 10.0
130.0 151.0 20.0 10.0
401.0 186.0 20.0 10.0
344.0 291.0 20.0 10.0
166.0 167.0 20.0 10.0
212.0 558.0 20.0 10.0
159.0 538.0 20.0 10.0
