100
960.0 97.0 20.0 10.0
959.0 125.0 20.0 10.0
955.0 154.0 20.0 10.0
936.0 179.0 20.0 10.0
656.0 140.0 20.0 10.0
637.0 163.0 20.0 10.0
612.0 179.0 20.0 10.0
668.0 350.0 20.0 10.0
687.0 326.0 20.0 10.0
202.0 117.0 20.0 10.0
159.0 109.0 20.0 10.0
121.0 236.0 20.0 10.0
125.0 218.0 20.0 10.0
150.0 213.0 20.0 10.0
120.0 98.0 20.0 10.0
1051.0 153.0 20.0 10.0
1031.0 174.0 20.0 10.0
59.0 114.0 20.0 10.0
79.0 88.0 20.0 10.0
56.0 79.0 20.0 10.0
995.0 211.0 20.0 10.0
1016.0 229.0 20.0 10.0
667.0 113.0 20.0 10.0
965.0 25.0 20.0 10.0
945.0 41.0 20.0 10.0
268.0 108.0 20.0 10.0
36.0 48.0 20.0 10.0
897.0 170.0 20.0 10.0
861.0 157.0 20.0 10.0
821.0 173.0 20.0 10.0
901.0 92.0 20.0 10.0
879.0 124.0 20.0 10.0
174.0 198.0 20.0 10.0
196.0 180.0 20.0 10.0
201.0 148.0 20.0 10.0
971.0 188.0 20.0 10.0
73.0 544.0 20.0 10.0
43.0 554.0 20.0 10.0
909.0 67.0 20.0 10.0
108.0 75.0 20.0 10.0
54.0 39.0 20.0 10.0
78.0 55.0 20.0 10.0
138.0 133.0 20.0 10.0
122.0 161.0 20.0 10.0
116.0 190.0 20.0 10.0
25.0 528.0 20.0 10.0
679.0 394.0 20.0 10.0
55.0 517.0 20.0 10.0
662.0 384.0 20.0 10.0
683.0 362.0 20.0 10.0
696.0 252.0 20.0 10.0
26.0 64.0 20.0 10.0
47.0 76.0 20.0 10.0
656.0 415.0 20.0 10.0
364.0 139.0 20.0 10.0
324.0 134.0 20.0 10.0
1056.0 243.0 20.0 10.0
1041.0 267.0 20.0 10.0
1031.0 249.0 20.0 10.0
625.0 47.0 20.0 10.0
1072.0 171.0 20.0 10.0
525.0 168.0 20.0 10.0
484.0 160.0 20.0 10.0
757.0 175.0 20.0 10.0
739.0 199.0 20.0 10.0
696.0 212.0 20.0 10.0
654.0 196.0 20.0 10.0
172.0 84.0 20.0 10.0
25.0 83.0 20.0 10.0
47.0 99.0 20.0 10.0
583.0 121.0 20.0 10.0
1017.0 146.0 20.0 10.0
611.0 74.0 20.0 10.0
105.0 551.0 20.0 10.0
955.0 50.0 20.0 10.0
926.0 66.0 20.0 10.0
624.0 28.0 20.0 10.0
781.0 187.0 20.0 10.0
282.0 128.0 20.0 10.0
242.0 120.0 20.0 10.0
575.0 63.0 20.0 10.0
583.0 84.0 20.0 10.0
602.0 106.0 20.0 10.0
602.0 143.0 20.0 10.0
60.0 61.0 20.0 10.0
1002.0 173.0 20.0 10.0
688.0 101.0 20.0 10.0
673.0 313.0 20.0 10.0
692.0 290.0 20.0 10.0
444.0 152.0 20.0 10.0
403.0 145.0 20.0 10.0
1050.0 283.0 20.0 10.0
37.0 132.0 20.0 10.0
653.0 467.0 20.0 10.0
568.0 175.0 20.0 10.0
102.0 210.0 20.0 10.0
978.0 39.0 20.0 10.0
1039.0 236.0 20.0 10.0
673.0 445.0 20.0 10.0
689.0 421.0 20.0 10.0
