100
121.0 147.0 20.0 10.0
123.0 100.0 20.0 10.0
170.0 127.0 20.0 10.0
148.0 103.0 20.0 10.0
606.0 507.0 20.0 10.0
628.0 486.0 20.0 10.0
818.0 799.0 20.0 10.0
64.0 116.0 20.0 10.0
715.0 683.0 20.0 10.0
697.0 647.0 20.0 10.0
676.0 529.0 20.0 10.0
645.0 307.0 20.0 10.0
593.0 400.0 20.0 10.0
576.0 357.0 20.0 10.0
534.0 335.0 20.0 10.0
491.0 313.0 20.0 10.0
121.0 41.0 20.0 10.0
89.0 134.0 20.0 10.0
709.0 298.0 20.0 10.0
42.0 110.0 20.0 10.0
215.0 63.0 20.0 10.0
209.0 84.0 20.0 10.0
610.0 333.0 20.0 10.0
817.0 812.0 20.0 10.0
335.0 196.0 20.0 10.0
321.0 223.0 20.0 10.0
626.0 551.0 20.0 10.0
159.0 151.0 20.0 10.0
110.0 25.0 20.0 10.0
864.0 860.0 20.0 10.0
852.0 848.0 20.0 10.0
159.0 33.0 20.0 10.0
468.0 310.0 20.0 10.0
448.0 291.0 20.0 10.0
642.0 278.0 20.0 10.0
136.0 76.0 20.0 10.0
145.0 59.0 20.0 10.0
391.0 230.0 20.0 10.0
381.0 217.0 20.0 10.0
273.0 293.0 20.0 10.0
294.0 277.0 20.0 10.0
140.0 122.0 20.0 10.0
611.0 443.0 20.0 10.0
273.0 175.0 20.0 10.0
277.0 202.0 20.0 10.0
199.0 149.0 20.0 10.0
788.0 192.0 20.0 10.0
762.0 201.0 20.0 10.0
91.0 279.0 20.0 10.0
704.0 233.0 20.0 10.0
768.0 271.0 20.0 10.0
743.0 260.0 20.0 10.0
713.0 258.0 20.0 10.0
205.0 205.0 20.0 10.0
234.0 182.0 20.0 10.0
709.0 773.0 20.0 10.0
854.0 839.0 20.0 10.0
834.0 831.0 20.0 10.0
677.0 792.0 20.0 10.0
786.0 271.0 20.0 10.0
177.0 228.0 20.0 10.0
826.0 145.0 20.0 10.0
809.0 161.0 20.0 10.0
739.0 229.0 20.0 10.0
683.0 251.0 20.0 10.0
681.0 283.0 20.0 10.0
176.0 211.0 20.0 10.0
195.0 75.0 20.0 10.0
703.0 604.0 20.0 10.0
691.0 580.0 20.0 10.0
152.0 236.0 20.0 10.0
303.0 248.0 20.0 10.0
170.0 79.0 20.0 10.0
192.0 108.0 20.0 10.0
265.0 307.0 20.0 10.0
743.0 709.0 20.0 10.0
106.0 269.0 20.0 10.0
645.0 597.0 20.0 10.0
146.0 243.0 20.0 10.0
785.0 762.0 20.0 10.0
765.0 735.0 20.0 10.0
123.0 256.0 20.0 10.0
679.0 610.0 20.0 10.0
662.0 570.0 20.0 10.0
645.0 528.0 20.0 10.0
380.0 294.0 20.0 10.0
376.0 268.0 20.0 10.0
726.0 793.0 20.0 10.0
181.0 50.0 20.0 10.0
25.0 106.0 20.0 10.0
797.0 790.0 20.0 10.0
408.0 267.0 20.0 10.0
833.0 153.0 20.0 10.0
810.0 169.0 20.0 10.0
786.0 179.0 20.0 10.0
366.0 243.0 20.0 10.0
72.0 155.0 20.0 10.0
681.0 772.0 20.0 10.0
696.0 747.0 20.0 10.0
705.0 716.0 20.0 10.0
