100
577.0 142.0 20.0 10.0
670.0 196.0 20.0 10.0
417.0 169.0 20.0 10.0
147.0 368.0 20.0 10.0
353.0 171.0 20.0 10.0
173.0 39.0 20.0 10.0
146.0 107.0 20.0 10.0
175.0 122.0 20.0 10.0
633.0 54.0 20.0 10.0
185.0 292.0 20.0 10.0
203.0 270.0 20.0 10.0
351.0 199.0 20.0 10.0
726.0 163.0 20.0 10.0
696.0 170.0 20.0 10.0
650.0 170.0 20.0 10.0
249.0 184.0 20.0 10.0
806.0 187.0 20.0 10.0
163.0 25.0 20.0 10.0
86.0 272.0 20.0 10.0
117.0 265.0 20.0 10.0
272.0 171.0 20.0 10.0
674.0 78.0 20.0 10.0
153.0 247.0 20.0 10.0
532.0 201.0 20.0 10.0
589.0 96.0 20.0 10.0
221.0 78.0 20.0 10.0
231.0 105.0 20.0 10.0
193.0 297.0 20.0 10.0
206.0 36.0 20.0 10.0
209.0 53.0 20.0 10.0
208.0 133.0 20.0 10.0
244.0 141.0 20.0 10.0
773.0 155.0 20.0 10.0
712.0 238.0 20.0 10.0
605.0 171.0 20.0 10.0
25.0 279.0 20.0 10.0
56.0 394.0 20.0 10.0
88.0 391.0 20.0 10.0
45.0 269.0 20.0 10.0
209.0 102.0 20.0 10.0
231.0 118.0 20.0 10.0
810.0 135.0 20.0 10.0
49.0 265.0 20.0 10.0
74.0 254.0 20.0 10.0
158.0 318.0 20.0 10.0
629.0 70.0 20.0 10.0
92.0 290.0 20.0 10.0
405.0 194.0 20.0 10.0
458.0 190.0 20.0 10.0
121.0 283.0 20.0 10.0
166.0 295.0 20.0 10.0
145.0 310.0 20.0 10.0
584.0 236.0 20.0 10.0
839.0 132.0 20.0 10.0
837.0 163.0 20.0 10.0
812.0 172.0 20.0 10.0
176.0 265.0 20.0 10.0
186.0 410.0 20.0 10.0
156.0 396.0 20.0 10.0
592.0 199.0 20.0 10.0
632.0 201.0 20.0 10.0
177.0 220.0 20.0 10.0
298.0 203.0 20.0 10.0
624.0 94.0 20.0 10.0
201.0 238.0 20.0 10.0
250.0 222.0 20.0 10.0
807.0 140.0 20.0 10.0
778.0 144.0 20.0 10.0
743.0 162.0 20.0 10.0
112.0 246.0 20.0 10.0
857.0 126.0 20.0 10.0
133.0 84.0 20.0 10.0
45.0 304.0 20.0 10.0
66.0 298.0 20.0 10.0
600.0 117.0 20.0 10.0
834.0 178.0 20.0 10.0
406.0 143.0 20.0 10.0
697.0 200.0 20.0 10.0
124.0 389.0 20.0 10.0
507.0 155.0 20.0 10.0
201.0 296.0 20.0 10.0
121.0 115.0 20.0 10.0
748.0 181.0 20.0 10.0
681.0 87.0 20.0 10.0
651.0 82.0 20.0 10.0
558.0 172.0 20.0 10.0
511.0 183.0 20.0 10.0
551.0 192.0 20.0 10.0
739.0 263.0 20.0 10.0
574.0 240.0 20.0 10.0
563.0 219.0 20.0 10.0
186.0 56.0 20.0 10.0
207.0 79.0 20.0 10.0
24.0 397.0 20.0 10.0
727.0 251.0 20.0 10.0
692.0 220.0 20.0 10.0
106.0 94.0 20.0 10.0
149.0 280.0 20.0 10.0
780.0 173.0 20.0 10.0
582.0 117.0 20.0 10.0
