100
237.0 566.0 20.0 10.0
535.0 348.0 20.0 10.0
76.0 588.0 20.0 10.0
93.0 35.0 20.0 10.0
78.0 61.0 20.0 10.0
104.0 481.0 20.0 10.0
124.0 503.0 20.0 10.0
262.0 544.0 20.0 10.0
63.0 360.0 20.0 10.0
184.0 142.0 20.0 10.0
421.0 587.0 20.0 10.0
144.0 571.0 20.0 10.0
283.0 522.0 20.0 10.0
154.0 279.0 20.0 10.0
584.0 503.0 20.0 10.0
562.0 659.0 20.0 10.0
167.0 131.0 20.0 10.0
158.0 162.0 20.0 10.0
506.0 339.0 20.0 10.0
444.0 559.0 20.0 10.0
127.0 597.0 20.0 10.0
575.0 609.0 20.0 10.0
184.0 110.0 20.0 10.0
474.0 339.0 20.0 10.0
239.0 612.0 20.0 10.0
128.0 536.0 20.0 10.0
393.0 600.0 20.0 10.0
231.0 253.0 20.0 10.0
268.0 265.0 20.0 10.0
104.0 516.0 20.0 10.0
104.0 285.0 20.0 10.0
481.0 600.0 20.0 10.0
117.0 557.0 20.0 10.0
192.0 242.0 20.0 10.0
24.0 572.0 20.0 10.0
46.0 591.0 20.0 10.0
603.0 368.0 20.0 10.0
585.0 363.0 20.0 10.0
92.0 261.0 20.0 10.0
126.0 267.0 20.0 10.0
25.0 431.0 20.0 10.0
36.0 413.0 20.0 10.0
556.0 631.0 20.0 10.0
168.0 629.0 20.0 10.0
462.0 309.0 20.0 10.0
442.0 328.0 20.0 10.0
581.0 556.0 20.0 10.0
111.0 179.0 20.0 10.0
37.0 25.0 20.0 10.0
54.0 42.0 20.0 10.0
397.0 512.0 20.0 10.0
546.0 601.0 20.0 10.0
136.0 325.0 20.0 10.0
138.0 297.0 20.0 10.0
62.0 79.0 20.0 10.0
86.0 93.0 20.0 10.0
99.0 125.0 20.0 10.0
318.0 666.0 20.0 10.0
103.0 301.0 20.0 10.0
109.0 580.0 20.0 10.0
385.0 258.0 20.0 10.0
378.0 290.0 20.0 10.0
410.0 310.0 20.0 10.0
383.0 325.0 20.0 10.0
354.0 317.0 20.0 10.0
269.0 613.0 20.0 10.0
67.0 276.0 20.0 10.0
337.0 677.0 20.0 10.0
81.0 330.0 20.0 10.0
520.0 361.0 20.0 10.0
160.0 661.0 20.0 10.0
62.0 388.0 20.0 10.0
63.0 252.0 20.0 10.0
192.0 541.0 20.0 10.0
180.0 570.0 20.0 10.0
413.0 556.0 20.0 10.0
387.0 539.0 20.0 10.0
441.0 529.0 20.0 10.0
482.0 571.0 20.0 10.0
47.0 388.0 20.0 10.0
551.0 556.0 20.0 10.0
520.0 575.0 20.0 10.0
568.0 528.0 20.0 10.0
119.0 158.0 20.0 10.0
140.0 191.0 20.0 10.0
152.0 233.0 20.0 10.0
265.0 637.0 20.0 10.0
340.0 344.0 20.0 10.0
461.0 534.0 20.0 10.0
305.0 275.0 20.0 10.0
341.0 288.0 20.0 10.0
410.0 616.0 20.0 10.0
417.0 537.0 20.0 10.0
210.0 589.0 20.0 10.0
174.0 595.0 20.0 10.0
397.0 268.0 20.0 10.0
299.0 501.0 20.0 10.0
141.0 681.0 20.0 10.0
561.0 357.0 20.0 10.0
292.0 654.0 20.0 10.0
