100
92.0 25.0 20.0 10.0
49.0 624.0 20.0 10.0
99.0 46.0 20.0 10.0
158.0 165.0 20.0 10.0
318.0 705.0 20.0 10.0
233.0 682.0 20.0 10.0
446.0 547.0 20.0 10.0
136.0 667.0 20.0 10.0
502.0 58.0 20.0 10.0
494.0 86.0 20.0 10.0
352.0 438.0 20.0 10.0
425.0 138.0 20.0 10.0
170.0 664.0 20.0 10.0
327.0 110.0 20.0 10.0
290.0 701.0 20.0 10.0
353.0 143.0 20.0 10.0
100.0 85.0 20.0 10.0
53.0 174.0 20.0 10.0
81.0 177.0 20.0 10.0
41.0 447.0 20.0 10.0
399.0 362.0 20.0 10.0
548.0 142.0 20.0 10.0
129.0 97.0 20.0 10.0
52.0 709.0 20.0 10.0
52.0 160.0 20.0 10.0
25.0 476.0 20.0 10.0
450.0 518.0 20.0 10.0
316.0 140.0 20.0 10.0
38.0 669.0 20.0 10.0
262.0 697.0 20.0 10.0
321.0 427.0 20.0 10.0
59.0 197.0 20.0 10.0
171.0 197.0 20.0 10.0
507.0 496.0 20.0 10.0
206.0 663.0 20.0 10.0
82.0 428.0 20.0 10.0
104.0 445.0 20.0 10.0
138.0 440.0 20.0 10.0
174.0 441.0 20.0 10.0
375.0 415.0 20.0 10.0
278.0 146.0 20.0 10.0
563.0 78.0 20.0 10.0
580.0 139.0 20.0 10.0
392.0 389.0 20.0 10.0
337.0 53.0 20.0 10.0
458.0 129.0 20.0 10.0
491.0 118.0 20.0 10.0
122.0 65.0 20.0 10.0
192.0 514.0 20.0 10.0
93.0 247.0 20.0 10.0
248.0 437.0 20.0 10.0
205.0 485.0 20.0 10.0
79.0 694.0 20.0 10.0
479.0 490.0 20.0 10.0
171.0 280.0 20.0 10.0
183.0 255.0 20.0 10.0
574.0 104.0 20.0 10.0
555.0 127.0 20.0 10.0
225.0 638.0 20.0 10.0
99.0 667.0 20.0 10.0
177.0 492.0 20.0 10.0
499.0 511.0 20.0 10.0
76.0 239.0 20.0 10.0
99.0 216.0 20.0 10.0
208.0 546.0 20.0 10.0
52.0 479.0 20.0 10.0
526.0 151.0 20.0 10.0
318.0 441.0 20.0 10.0
182.0 227.0 20.0 10.0
34.0 597.0 20.0 10.0
525.0 122.0 20.0 10.0
543.0 96.0 20.0 10.0
139.0 40.0 20.0 10.0
282.0 391.0 20.0 10.0
70.0 454.0 20.0 10.0
285.0 427.0 20.0 10.0
215.0 517.0 20.0 10.0
211.0 450.0 20.0 10.0
121.0 213.0 20.0 10.0
119.0 183.0 20.0 10.0
224.0 177.0 20.0 10.0
200.0 159.0 20.0 10.0
239.0 152.0 20.0 10.0
389.0 142.0 20.0 10.0
246.0 615.0 20.0 10.0
66.0 653.0 20.0 10.0
25.0 697.0 20.0 10.0
277.0 331.0 20.0 10.0
293.0 330.0 20.0 10.0
282.0 358.0 20.0 10.0
25.0 157.0 20.0 10.0
99.0 160.0 20.0 10.0
144.0 130.0 20.0 10.0
47.0 434.0 20.0 10.0
64.0 263.0 20.0 10.0
335.0 81.0 20.0 10.0
447.0 487.0 20.0 10.0
417.0 471.0 20.0 10.0
384.0 457.0 20.0 10.0
531.0 504.0 20.0 10.0
