200
91.0 83.0 20.0 10.0
69.0 80.0 20.0 10.0
75.0 80.0 20.0 10.0
80.0 82.0 20.0 10.0
81.0 72.0 20.0 10.0
85.0 82.0 20.0 10.0
88.0 70.0 20.0 10.0
77.0 72.0 20.0 10.0
97.0 82.0 20.0 10.0
72.0 71.0 20.0 10.0
78.0 88.0 20.0 10.0
65.0 56.0 20.0 10.0
75.0 77.0 20.0 10.0
84.0 95.0 20.0 10.0
90.0 79.0 20.0 10.0
56.0 45.0 20.0 10.0
73.0 80.0 20.0 10.0
100.0 78.0 20.0 10.0
100.0 94.0 20.0 10.0
61.0 81.0 20.0 10.0
71.0 102.0 20.0 10.0
100.0 101.0 20.0 10.0
59.0 88.0 20.0 10.0
44.0 71.0 20.0 10.0
73.0 117.0 20.0 10.0
65.0 89.0 20.0 10.0
72.0 112.0 20.0 10.0
77.0 67.0 20.0 10.0
114.0 65.0 20.0 10.0
88.0 62.0 20.0 10.0
53.0 97.0 20.0 10.0
88.0 58.0 20.0 10.0
109.0 88.0 20.0 10.0
57.0 73.0 20.0 10.0
56.0 62.0 20.0 10.0
70.0 64.0 20.0 10.0
84.0 43.0 20.0 10.0
65.0 104.0 20.0 10.0
74.0 60.0 20.0 10.0
96.0 60.0 20.0 10.0
123.0 78.0 20.0 10.0
72.0 45.0 20.0 10.0
109.0 104.0 20.0 10.0
56.0 84.0 20.0 10.0
51.0 61.0 20.0 10.0
64.0 73.0 20.0 10.0
86.0 87.0 20.0 10.0
108.0 94.0 20.0 10.0
98.0 110.0 20.0 10.0
78.0 94.0 20.0 10.0
81.0 64.0 20.0 10.0
99.0 87.0 20.0 10.0
81.0 104.0 20.0 10.0
54.0 58.0 20.0 10.0
105.0 49.0 20.0 10.0
72.0 84.0 20.0 10.0
77.0 41.0 20.0 10.0
95.0 84.0 20.0 10.0
68.0 70.0 20.0 10.0
89.0 75.0 20.0 10.0
71.0 58.0 20.0 10.0
83.0 74.0 20.0 10.0
103.0 96.0 20.0 10.0
100.0 41.0 20.0 10.0
81.0 60.0 20.0 10.0
46.0 55.0 20.0 10.0
50.0 73.0 20.0 10.0
96.0 69.0 20.0 10.0
87.0 99.0 20.0 10.0
102.0 53.0 20.0 10.0
87.0 113.0 20.0 10.0
47.0 49.0 20.0 10.0
56.0 111.0 20.0 10.0
132.0 88.0 20.0 10.0
119.0 53.0 20.0 10.0
104.0 91.0 20.0 10.0
87.0 37.0 20.0 10.0
119.0 77.0 20.0 10.0
79.0 53.0 20.0 10.0
93.0 41.0 20.0 10.0
60.0 104.0 20.0 10.0
81.0 37.0 20.0 10.0
100.0 65.0 20.0 10.0
116.0 87.0 20.0 10.0
116.0 73.0 20.0 10.0
32.0 86.0 20.0 10.0
104.0 74.0 20.0 10.0
35.0 70.0 20.0 10.0
113.0 109.0 20.0 10.0
102.0 104.0 20.0 10.0
78.0 117.0 20.0 10.0
99.0 74.0 20.0 10.0
121.0 62.0 20.0 10.0
41.0 101.0 20.0 10.0
82.0 86.0 20.0 10.0
118.0 66.0 20.0 10.0
63.0 40.0 20.0 10.0
115.0 101.0 20.0 10.0
121.0 90.0 20.0 10.0
102.0 113.0 20.0 10.0
60.0 48.0 20.0 10.0
93.0 54.0 20.0 10.0
122.0 81.0 20.0 10.0
119.0 97.0 20.0 10.0
111.0 80.0 20.0 10.0
57.0 34.0 20.0 10.0
92.0 111.0 20.0 10.0
93.0 35.0 20.0 10.0
90.0 90.0 20.0 10.0
116.0 49.0 20.0 10.0
47.0 102.0 20.0 10.0
46.0 95.0 20.0 10.0
38.0 59.0 20.0 10.0
66.0 96.0 20.0 10.0
61.0 27.0 20.0 10.0
144.0 80.0 20.0 10.0
117.0 83.0 20.0 10.0
86.0 104.0 20.0 10.0
71.0 28.0 20.0 10.0
111.0 53.0 20.0 10.0
117.0 62.0 20.0 10.0
112.0 62.0 20.0 10.0
129.0 65.0 20.0 10.0
63.0 64.0 20.0 10.0
115.0 32.0 20.0 10.0
64.0 53.0 20.0 10.0
53.0 109.0 20.0 10.0
50.0 113.0 20.0 10.0
65.0 110.0 20.0 10.0
82.0 67.0 20.0 10.0
55.0 101.0 20.0 10.0
91.0 98.0 20.0 10.0
110.0 57.0 20.0 10.0
92.0 127.0 20.0 10.0
38.0 88.0 20.0 10.0
123.0 114.0 20.0 10.0
49.0 82.0 20.0 10.0
85.0 129.0 20.0 10.0
58.0 126.0 20.0 10.0
38.0 49.0 20.0 10.0
38.0 84.0 20.0 10.0
43.0 77.0 20.0 10.0
101.0 25.0 20.0 10.0
125.0 71.0 20.0 10.0
112.0 84.0 20.0 10.0
59.0 96.0 20.0 10.0
94.0 95.0 20.0 10.0
69.0 122.0 20.0 10.0
54.0 52.0 20.0 10.0
78.0 46.0 20.0 10.0
34.0 104.0 20.0 10.0
87.0 64.0 20.0 10.0
94.0 105.0 20.0 10.0
52.0 79.0 20.0 10.0
67.0 113.0 20.0 10.0
126.0 100.0 20.0 10.0
72.0 34.0 20.0 10.0
81.0 108.0 20.0 10.0
126.0 109.0 20.0 10.0
41.0 94.0 20.0 10.0
92.0 47.0 20.0 10.0
85.0 121.0 20.0 10.0
45.0 88.0 20.0 10.0
24.0 123.0 20.0 10.0
100.0 48.0 20.0 10.0
59.0 119.0 20.0 10.0
80.0 25.0 20.0 10.0
50.0 140.0 20.0 10.0
115.0 47.0 20.0 10.0
38.0 65.0 20.0 10.0
31.0 94.0 20.0 10.0
75.0 103.0 20.0 10.0
98.0 134.0 20.0 10.0
53.0 39.0 20.0 10.0
38.0 117.0 20.0 10.0
52.0 93.0 20.0 10.0
138.0 73.0 20.0 10.0
130.0 52.0 20.0 10.0
78.0 127.0 20.0 10.0
94.0 117.0 20.0 10.0
100.0 127.0 20.0 10.0
111.0 41.0 20.0 10.0
32.0 81.0 20.0 10.0
138.0 38.0 20.0 10.0
84.0 25.0 20.0 10.0
48.0 69.0 20.0 10.0
27.0 74.0 20.0 10.0
102.0 119.0 20.0 10.0
29.0 57.0 20.0 10.0
110.0 113.0 20.0 10.0
77.0 109.0 20.0 10.0
34.0 51.0 20.0 10.0
94.0 26.0 20.0 10.0
99.0 36.0 20.0 10.0
68.0 40.0 20.0 10.0
131.0 95.0 20.0 10.0
64.0 32.0 20.0 10.0
140.0 60.0 20.0 10.0
45.0 38.0 20.0 10.0
26.0 78.0 20.0 10.0
