200
78.0 96.0 20.0 10.0
99.0 69.0 20.0 10.0
97.0 97.0 20.0 10.0
87.0 71.0 20.0 10.0
83.0 82.0 20.0 10.0
82.0 98.0 20.0 10.0
105.0 98.0 20.0 10.0
77.0 79.0 20.0 10.0
92.0 74.0 20.0 10.0
94.0 72.0 20.0 10.0
109.0 80.0 20.0 10.0
92.0 84.0 20.0 10.0
115.0 79.0 20.0 10.0
94.0 108.0 20.0 10.0
73.0 112.0 20.0 10.0
79.0 89.0 20.0 10.0
91.0 86.0 20.0 10.0
61.0 84.0 20.0 10.0
74.0 103.0 20.0 10.0
82.0 66.0 20.0 10.0
89.0 92.0 20.0 10.0
102.0 109.0 20.0 10.0
127.0 87.0 20.0 10.0
50.0 94.0 20.0 10.0
67.0 56.0 20.0 10.0
79.0 49.0 20.0 10.0
53.0 99.0 20.0 10.0
87.0 67.0 20.0 10.0
69.0 81.0 20.0 10.0
124.0 98.0 20.0 10.0
69.0 127.0 20.0 10.0
78.0 102.0 20.0 10.0
69.0 108.0 20.0 10.0
80.0 130.0 20.0 10.0
72.0 86.0 20.0 10.0
108.0 87.0 20.0 10.0
104.0 91.0 20.0 10.0
113.0 65.0 20.0 10.0
54.0 81.0 20.0 10.0
128.0 93.0 20.0 10.0
74.0 73.0 20.0 10.0
99.0 115.0 20.0 10.0
82.0 74.0 20.0 10.0
116.0 106.0 20.0 10.0
109.0 64.0 20.0 10.0
123.0 90.0 20.0 10.0
100.0 61.0 20.0 10.0
127.0 64.0 20.0 10.0
62.0 57.0 20.0 10.0
129.0 69.0 20.0 10.0
109.0 54.0 20.0 10.0
68.0 95.0 20.0 10.0
92.0 106.0 20.0 10.0
92.0 47.0 20.0 10.0
65.0 72.0 20.0 10.0
55.0 117.0 20.0 10.0
70.0 121.0 20.0 10.0
89.0 99.0 20.0 10.0
75.0 69.0 20.0 10.0
114.0 90.0 20.0 10.0
107.0 104.0 20.0 10.0
74.0 44.0 20.0 10.0
107.0 132.0 20.0 10.0
104.0 123.0 20.0 10.0
57.0 97.0 20.0 10.0
57.0 84.0 20.0 10.0
69.0 84.0 20.0 10.0
90.0 117.0 20.0 10.0
89.0 39.0 20.0 10.0
58.0 67.0 20.0 10.0
75.0 119.0 20.0 10.0
107.0 110.0 20.0 10.0
61.0 112.0 20.0 10.0
112.0 104.0 20.0 10.0
87.0 133.0 20.0 10.0
112.0 97.0 20.0 10.0
124.0 127.0 20.0 10.0
122.0 122.0 20.0 10.0
81.0 137.0 20.0 10.0
74.0 62.0 20.0 10.0
67.0 62.0 20.0 10.0
117.0 85.0 20.0 10.0
89.0 126.0 20.0 10.0
38.0 72.0 20.0 10.0
67.0 74.0 20.0 10.0
55.0 75.0 20.0 10.0
124.0 72.0 20.0 10.0
72.0 66.0 20.0 10.0
118.0 129.0 20.0 10.0
72.0 114.0 20.0 10.0
118.0 100.0 20.0 10.0
105.0 69.0 20.0 10.0
134.0 51.0 20.0 10.0
109.0 106.0 20.0 10.0
24.0 66.0 20.0 10.0
104.0 97.0 20.0 10.0
58.0 92.0 20.0 10.0
138.0 77.0 20.0 10.0
117.0 72.0 20.0 10.0
52.0 73.0 20.0 10.0
82.0 117.0 20.0 10.0
101.0 132.0 20.0 10.0
106.0 44.0 20.0 10.0
54.0 65.0 20.0 10.0
99.0 89.0 20.0 10.0
78.0 148.0 20.0 10.0
45.0 59.0 20.0 10.0
122.0 139.0 20.0 10.0
145.0 96.0 20.0 10.0
128.0 76.0 20.0 10.0
72.0 49.0 20.0 10.0
119.0 61.0 20.0 10.0
94.0 132.0 20.0 10.0
109.0 59.0 20.0 10.0
51.0 66.0 20.0 10.0
26.0 81.0 20.0 10.0
68.0 113.0 20.0 10.0
36.0 89.0 20.0 10.0
59.0 74.0 20.0 10.0
52.0 106.0 20.0 10.0
69.0 102.0 20.0 10.0
152.0 74.0 20.0 10.0
119.0 111.0 20.0 10.0
77.0 59.0 20.0 10.0
45.0 78.0 20.0 10.0
57.0 129.0 20.0 10.0
62.0 134.0 20.0 10.0
52.0 56.0 20.0 10.0
77.0 42.0 20.0 10.0
32.0 104.0 20.0 10.0
137.0 43.0 20.0 10.0
127.0 119.0 20.0 10.0
99.0 42.0 20.0 10.0
37.0 57.0 20.0 10.0
139.0 71.0 20.0 10.0
137.0 92.0 20.0 10.0
87.0 59.0 20.0 10.0
73.0 38.0 20.0 10.0
119.0 46.0 20.0 10.0
94.0 119.0 20.0 10.0
107.0 119.0 20.0 10.0
132.0 74.0 20.0 10.0
120.0 79.0 20.0 10.0
92.0 142.0 20.0 10.0
47.0 74.0 20.0 10.0
45.0 103.0 20.0 10.0
132.0 96.0 20.0 10.0
149.0 51.0 20.0 10.0
60.0 124.0 20.0 10.0
92.0 145.0 20.0 10.0
104.0 49.0 20.0 10.0
92.0 27.0 20.0 10.0
147.0 77.0 20.0 10.0
96.0 46.0 20.0 10.0
42.0 99.0 20.0 10.0
63.0 45.0 20.0 10.0
110.0 138.0 20.0 10.0
54.0 47.0 20.0 10.0
82.0 54.0 20.0 10.0
97.0 106.0 20.0 10.0
124.0 54.0 20.0 10.0
112.0 47.0 20.0 10.0
114.0 148.0 20.0 10.0
116.0 55.0 20.0 10.0
111.0 117.0 20.0 10.0
37.0 112.0 20.0 10.0
52.0 37.0 20.0 10.0
101.0 24.0 20.0 10.0
133.0 87.0 20.0 10.0
85.0 49.0 20.0 10.0
144.0 109.0 20.0 10.0
99.0 34.0 20.0 10.0
114.0 131.0 20.0 10.0
99.0 135.0 20.0 10.0
147.0 102.0 20.0 10.0
132.0 34.0 20.0 10.0
52.0 150.0 20.0 10.0
77.0 129.0 20.0 10.0
147.0 83.0 20.0 10.0
122.0 114.0 20.0 10.0
117.0 95.0 20.0 10.0
72.0 124.0 20.0 10.0
34.0 77.0 20.0 10.0
48.0 123.0 20.0 10.0
130.0 108.0 20.0 10.0
60.0 144.0 20.0 10.0
119.0 27.0 20.0 10.0
99.0 123.0 20.0 10.0
150.0 66.0 20.0 10.0
142.0 105.0 20.0 10.0
137.0 112.0 20.0 10.0
51.0 131.0 20.0 10.0
134.0 68.0 20.0 10.0
60.0 102.0 20.0 10.0
146.0 117.0 20.0 10.0
68.0 136.0 20.0 10.0
76.0 144.0 20.0 10.0
110.0 41.0 20.0 10.0
142.0 148.0 20.0 10.0
49.0 85.0 20.0 10.0
