200
92.0 73.0 20.0 10.0
89.0 71.0 20.0 10.0
88.0 84.0 20.0 10.0
75.0 67.0 20.0 10.0
91.0 81.0 20.0 10.0
92.0 88.0 20.0 10.0
85.0 77.0 20.0 10.0
91.0 66.0 20.0 10.0
106.0 66.0 20.0 10.0
95.0 75.0 20.0 10.0
71.0 85.0 20.0 10.0
73.0 88.0 20.0 10.0
111.0 76.0 20.0 10.0
102.0 101.0 20.0 10.0
62.0 80.0 20.0 10.0
93.0 85.0 20.0 10.0
121.0 88.0 20.0 10.0
82.0 97.0 20.0 10.0
104.0 62.0 20.0 10.0
108.0 98.0 20.0 10.0
101.0 80.0 20.0 10.0
62.0 74.0 20.0 10.0
89.0 79.0 20.0 10.0
73.0 61.0 20.0 10.0
96.0 99.0 20.0 10.0
80.0 81.0 20.0 10.0
69.0 89.0 20.0 10.0
76.0 96.0 20.0 10.0
94.0 101.0 20.0 10.0
95.0 68.0 20.0 10.0
66.0 64.0 20.0 10.0
83.0 73.0 20.0 10.0
57.0 67.0 20.0 10.0
97.0 93.0 20.0 10.0
81.0 68.0 20.0 10.0
70.0 96.0 20.0 10.0
106.0 110.0 20.0 10.0
87.0 57.0 20.0 10.0
98.0 77.0 20.0 10.0
76.0 84.0 20.0 10.0
62.0 101.0 20.0 10.0
72.0 118.0 20.0 10.0
64.0 50.0 20.0 10.0
69.0 77.0 20.0 10.0
83.0 87.0 20.0 10.0
96.0 103.0 20.0 10.0
62.0 91.0 20.0 10.0
78.0 59.0 20.0 10.0
96.0 115.0 20.0 10.0
76.0 74.0 20.0 10.0
120.0 94.0 20.0 10.0
73.0 80.0 20.0 10.0
82.0 63.0 20.0 10.0
103.0 56.0 20.0 10.0
88.0 48.0 20.0 10.0
62.0 106.0 20.0 10.0
53.0 88.0 20.0 10.0
123.0 75.0 20.0 10.0
132.0 57.0 20.0 10.0
67.0 108.0 20.0 10.0
83.0 110.0 20.0 10.0
68.0 83.0 20.0 10.0
88.0 97.0 20.0 10.0
109.0 69.0 20.0 10.0
112.0 93.0 20.0 10.0
107.0 77.0 20.0 10.0
76.0 42.0 20.0 10.0
112.0 88.0 20.0 10.0
95.0 81.0 20.0 10.0
117.0 63.0 20.0 10.0
63.0 111.0 20.0 10.0
97.0 31.0 20.0 10.0
65.0 101.0 20.0 10.0
40.0 82.0 20.0 10.0
57.0 106.0 20.0 10.0
91.0 45.0 20.0 10.0
100.0 54.0 20.0 10.0
84.0 50.0 20.0 10.0
115.0 50.0 20.0 10.0
74.0 121.0 20.0 10.0
92.0 62.0 20.0 10.0
96.0 111.0 20.0 10.0
79.0 112.0 20.0 10.0
42.0 99.0 20.0 10.0
87.0 102.0 20.0 10.0
123.0 83.0 20.0 10.0
107.0 90.0 20.0 10.0
106.0 101.0 20.0 10.0
109.0 121.0 20.0 10.0
53.0 67.0 20.0 10.0
66.0 43.0 20.0 10.0
120.0 100.0 20.0 10.0
66.0 77.0 20.0 10.0
72.0 44.0 20.0 10.0
76.0 55.0 20.0 10.0
49.0 76.0 20.0 10.0
100.0 33.0 20.0 10.0
79.0 103.0 20.0 10.0
65.0 87.0 20.0 10.0
85.0 116.0 20.0 10.0
74.0 101.0 20.0 10.0
104.0 48.0 20.0 10.0
136.0 92.0 20.0 10.0
92.0 92.0 20.0 10.0
79.0 38.0 20.0 10.0
41.0 91.0 20.0 10.0
112.0 63.0 20.0 10.0
70.0 138.0 20.0 10.0
118.0 42.0 20.0 10.0
50.0 56.0 20.0 10.0
127.0 71.0 20.0 10.0
110.0 81.0 20.0 10.0
53.0 96.0 20.0 10.0
117.0 106.0 20.0 10.0
95.0 127.0 20.0 10.0
84.0 122.0 20.0 10.0
29.0 89.0 20.0 10.0
90.0 123.0 20.0 10.0
84.0 61.0 20.0 10.0
64.0 55.0 20.0 10.0
62.0 36.0 20.0 10.0
53.0 48.0 20.0 10.0
89.0 132.0 20.0 10.0
94.0 38.0 20.0 10.0
69.0 56.0 20.0 10.0
124.0 66.0 20.0 10.0
55.0 61.0 20.0 10.0
38.0 89.0 20.0 10.0
87.0 108.0 20.0 10.0
115.0 99.0 20.0 10.0
140.0 89.0 20.0 10.0
49.0 81.0 20.0 10.0
68.0 36.0 20.0 10.0
55.0 58.0 20.0 10.0
76.0 113.0 20.0 10.0
110.0 28.0 20.0 10.0
127.0 85.0 20.0 10.0
42.0 114.0 20.0 10.0
67.0 125.0 20.0 10.0
39.0 105.0 20.0 10.0
37.0 46.0 20.0 10.0
111.0 141.0 20.0 10.0
62.0 132.0 20.0 10.0
49.0 105.0 20.0 10.0
109.0 57.0 20.0 10.0
55.0 81.0 20.0 10.0
70.0 31.0 20.0 10.0
126.0 123.0 20.0 10.0
56.0 50.0 20.0 10.0
57.0 91.0 20.0 10.0
81.0 118.0 20.0 10.0
117.0 120.0 20.0 10.0
92.0 140.0 20.0 10.0
48.0 114.0 20.0 10.0
37.0 74.0 20.0 10.0
128.0 109.0 20.0 10.0
121.0 113.0 20.0 10.0
53.0 25.0 20.0 10.0
130.0 83.0 20.0 10.0
78.0 29.0 20.0 10.0
58.0 44.0 20.0 10.0
101.0 112.0 20.0 10.0
125.0 46.0 20.0 10.0
39.0 54.0 20.0 10.0
121.0 42.0 20.0 10.0
109.0 35.0 20.0 10.0
103.0 41.0 20.0 10.0
111.0 47.0 20.0 10.0
120.0 35.0 20.0 10.0
118.0 72.0 20.0 10.0
128.0 91.0 20.0 10.0
41.0 71.0 20.0 10.0
147.0 96.0 20.0 10.0
46.0 64.0 20.0 10.0
46.0 98.0 20.0 10.0
131.0 74.0 20.0 10.0
134.0 66.0 20.0 10.0
56.0 125.0 20.0 10.0
111.0 113.0 20.0 10.0
57.0 113.0 20.0 10.0
102.0 75.0 20.0 10.0
24.0 66.0 20.0 10.0
45.0 80.0 20.0 10.0
129.0 54.0 20.0 10.0
118.0 111.0 20.0 10.0
85.0 38.0 20.0 10.0
86.0 31.0 20.0 10.0
139.0 76.0 20.0 10.0
91.0 117.0 20.0 10.0
112.0 110.0 20.0 10.0
39.0 34.0 20.0 10.0
106.0 25.0 20.0 10.0
101.0 120.0 20.0 10.0
108.0 126.0 20.0 10.0
72.0 106.0 20.0 10.0
51.0 71.0 20.0 10.0
141.0 59.0 20.0 10.0
99.0 135.0 20.0 10.0
65.0 29.0 20.0 10.0
130.0 103.0 20.0 10.0
