200
79.0 74.0 20.0 10.0
97.0 99.0 20.0 10.0
83.0 73.0 20.0 10.0
91.0 91.0 20.0 10.0
87.0 75.0 20.0 10.0
75.0 100.0 20.0 10.0
89.0 84.0 20.0 10.0
85.0 79.0 20.0 10.0
77.0 81.0 20.0 10.0
93.0 81.0 20.0 10.0
80.0 68.0 20.0 10.0
77.0 66.0 20.0 10.0
77.0 87.0 20.0 10.0
99.0 64.0 20.0 10.0
90.0 73.0 20.0 10.0
87.0 70.0 20.0 10.0
64.0 80.0 20.0 10.0
66.0 81.0 20.0 10.0
96.0 70.0 20.0 10.0
73.0 58.0 20.0 10.0
116.0 60.0 20.0 10.0
82.0 82.0 20.0 10.0
65.0 69.0 20.0 10.0
79.0 59.0 20.0 10.0
65.0 48.0 20.0 10.0
94.0 85.0 20.0 10.0
74.0 74.0 20.0 10.0
92.0 64.0 20.0 10.0
71.0 89.0 20.0 10.0
57.0 82.0 20.0 10.0
47.0 63.0 20.0 10.0
95.0 54.0 20.0 10.0
49.0 88.0 20.0 10.0
73.0 67.0 20.0 10.0
60.0 80.0 20.0 10.0
114.0 103.0 20.0 10.0
87.0 88.0 20.0 10.0
76.0 96.0 20.0 10.0
75.0 92.0 20.0 10.0
57.0 58.0 20.0 10.0
96.0 57.0 20.0 10.0
104.0 99.0 20.0 10.0
75.0 61.0 20.0 10.0
88.0 104.0 20.0 10.0
101.0 97.0 20.0 10.0
119.0 79.0 20.0 10.0
70.0 81.0 20.0 10.0
81.0 38.0 20.0 10.0
101.0 91.0 20.0 10.0
98.0 50.0 20.0 10.0
88.0 113.0 20.0 10.0
88.0 51.0 20.0 10.0
101.0 59.0 20.0 10.0
60.0 49.0 20.0 10.0
108.0 79.0 20.0 10.0
41.0 87.0 20.0 10.0
46.0 59.0 20.0 10.0
106.0 69.0 20.0 10.0
92.0 59.0 20.0 10.0
44.0 83.0 20.0 10.0
116.0 67.0 20.0 10.0
52.0 46.0 20.0 10.0
43.0 71.0 20.0 10.0
88.0 97.0 20.0 10.0
61.0 116.0 20.0 10.0
53.0 78.0 20.0 10.0
77.0 105.0 20.0 10.0
60.0 71.0 20.0 10.0
93.0 90.0 20.0 10.0
82.0 91.0 20.0 10.0
76.0 52.0 20.0 10.0
128.0 64.0 20.0 10.0
35.0 96.0 20.0 10.0
80.0 118.0 20.0 10.0
92.0 109.0 20.0 10.0
78.0 111.0 20.0 10.0
82.0 102.0 20.0 10.0
115.0 97.0 20.0 10.0
110.0 69.0 20.0 10.0
51.0 97.0 20.0 10.0
90.0 127.0 20.0 10.0
113.0 53.0 20.0 10.0
60.0 44.0 20.0 10.0
58.0 93.0 20.0 10.0
119.0 56.0 20.0 10.0
106.0 75.0 20.0 10.0
66.0 61.0 20.0 10.0
106.0 92.0 20.0 10.0
109.0 110.0 20.0 10.0
100.0 87.0 20.0 10.0
54.0 92.0 20.0 10.0
74.0 108.0 20.0 10.0
53.0 86.0 20.0 10.0
101.0 76.0 20.0 10.0
118.0 75.0 20.0 10.0
129.0 88.0 20.0 10.0
60.0 67.0 20.0 10.0
108.0 97.0 20.0 10.0
116.0 84.0 20.0 10.0
127.0 97.0 20.0 10.0
74.0 128.0 20.0 10.0
113.0 119.0 20.0 10.0
60.0 87.0 20.0 10.0
72.0 40.0 20.0 10.0
126.0 43.0 20.0 10.0
127.0 114.0 20.0 10.0
113.0 88.0 20.0 10.0
41.0 110.0 20.0 10.0
105.0 104.0 20.0 10.0
63.0 112.0 20.0 10.0
56.0 131.0 20.0 10.0
131.0 84.0 20.0 10.0
104.0 44.0 20.0 10.0
71.0 50.0 20.0 10.0
108.0 56.0 20.0 10.0
69.0 103.0 20.0 10.0
103.0 125.0 20.0 10.0
61.0 37.0 20.0 10.0
56.0 54.0 20.0 10.0
112.0 66.0 20.0 10.0
66.0 100.0 20.0 10.0
96.0 42.0 20.0 10.0
48.0 68.0 20.0 10.0
60.0 102.0 20.0 10.0
73.0 35.0 20.0 10.0
41.0 69.0 20.0 10.0
70.0 67.0 20.0 10.0
54.0 37.0 20.0 10.0
68.0 125.0 20.0 10.0
95.0 115.0 20.0 10.0
119.0 39.0 20.0 10.0
61.0 91.0 20.0 10.0
131.0 69.0 20.0 10.0
124.0 63.0 20.0 10.0
114.0 115.0 20.0 10.0
91.0 28.0 20.0 10.0
61.0 28.0 20.0 10.0
55.0 109.0 20.0 10.0
106.0 32.0 20.0 10.0
47.0 36.0 20.0 10.0
86.0 110.0 20.0 10.0
110.0 121.0 20.0 10.0
79.0 122.0 20.0 10.0
136.0 63.0 20.0 10.0
66.0 31.0 20.0 10.0
102.0 40.0 20.0 10.0
89.0 33.0 20.0 10.0
93.0 47.0 20.0 10.0
55.0 123.0 20.0 10.0
83.0 132.0 20.0 10.0
38.0 63.0 20.0 10.0
126.0 84.0 20.0 10.0
71.0 116.0 20.0 10.0
102.0 116.0 20.0 10.0
100.0 32.0 20.0 10.0
113.0 40.0 20.0 10.0
56.0 113.0 20.0 10.0
80.0 25.0 20.0 10.0
89.0 37.0 20.0 10.0
109.0 104.0 20.0 10.0
48.0 76.0 20.0 10.0
47.0 53.0 20.0 10.0
96.0 29.0 20.0 10.0
25.0 61.0 20.0 10.0
127.0 72.0 20.0 10.0
42.0 119.0 20.0 10.0
134.0 75.0 20.0 10.0
39.0 79.0 20.0 10.0
129.0 57.0 20.0 10.0
45.0 41.0 20.0 10.0
60.0 106.0 20.0 10.0
30.0 72.0 20.0 10.0
84.0 125.0 20.0 10.0
126.0 105.0 20.0 10.0
111.0 34.0 20.0 10.0
110.0 46.0 20.0 10.0
78.0 44.0 20.0 10.0
120.0 100.0 20.0 10.0
35.0 86.0 20.0 10.0
37.0 101.0 20.0 10.0
134.0 99.0 20.0 10.0
130.0 78.0 20.0 10.0
119.0 94.0 20.0 10.0
131.0 95.0 20.0 10.0
109.0 51.0 20.0 10.0
131.0 49.0 20.0 10.0
71.0 43.0 20.0 10.0
98.0 119.0 20.0 10.0
119.0 46.0 20.0 10.0
101.0 109.0 20.0 10.0
54.0 102.0 20.0 10.0
124.0 124.0 20.0 10.0
78.0 28.0 20.0 10.0
52.0 112.0 20.0 10.0
41.0 104.0 20.0 10.0
28.0 82.0 20.0 10.0
100.0 134.0 20.0 10.0
47.0 111.0 20.0 10.0
86.0 44.0 20.0 10.0
42.0 92.0 20.0 10.0
