200
76.0 64.0 20.0 10.0
80.0 70.0 20.0 10.0
93.0 91.0 20.0 10.0
76.0 85.0 20.0 10.0
79.0 95.0 20.0 10.0
87.0 71.0 20.0 10.0
81.0 82.0 20.0 10.0
83.0 71.0 20.0 10.0
74.0 86.0 20.0 10.0
81.0 90.0 20.0 10.0
86.0 83.0 20.0 10.0
73.0 94.0 20.0 10.0
94.0 73.0 20.0 10.0
70.0 67.0 20.0 10.0
76.0 90.0 20.0 10.0
89.0 92.0 20.0 10.0
77.0 69.0 20.0 10.0
98.0 77.0 20.0 10.0
91.0 108.0 20.0 10.0
102.0 98.0 20.0 10.0
92.0 80.0 20.0 10.0
76.0 98.0 20.0 10.0
65.0 99.0 20.0 10.0
87.0 77.0 20.0 10.0
96.0 70.0 20.0 10.0
72.0 62.0 20.0 10.0
77.0 75.0 20.0 10.0
70.0 60.0 20.0 10.0
85.0 109.0 20.0 10.0
92.0 117.0 20.0 10.0
91.0 73.0 20.0 10.0
54.0 86.0 20.0 10.0
110.0 97.0 20.0 10.0
113.0 77.0 20.0 10.0
63.0 86.0 20.0 10.0
99.0 61.0 20.0 10.0
105.0 89.0 20.0 10.0
69.0 82.0 20.0 10.0
46.0 87.0 20.0 10.0
89.0 123.0 20.0 10.0
42.0 75.0 20.0 10.0
98.0 94.0 20.0 10.0
86.0 61.0 20.0 10.0
71.0 52.0 20.0 10.0
95.0 98.0 20.0 10.0
118.0 97.0 20.0 10.0
70.0 107.0 20.0 10.0
64.0 78.0 20.0 10.0
94.0 84.0 20.0 10.0
55.0 48.0 20.0 10.0
94.0 59.0 20.0 10.0
51.0 74.0 20.0 10.0
61.0 95.0 20.0 10.0
92.0 76.0 20.0 10.0
100.0 83.0 20.0 10.0
86.0 103.0 20.0 10.0
84.0 121.0 20.0 10.0
111.0 67.0 20.0 10.0
97.0 85.0 20.0 10.0
108.0 85.0 20.0 10.0
56.0 97.0 20.0 10.0
48.0 82.0 20.0 10.0
110.0 56.0 20.0 10.0
99.0 52.0 20.0 10.0
79.0 112.0 20.0 10.0
97.0 48.0 20.0 10.0
65.0 101.0 20.0 10.0
57.0 127.0 20.0 10.0
52.0 68.0 20.0 10.0
54.0 60.0 20.0 10.0
58.0 65.0 20.0 10.0
60.0 98.0 20.0 10.0
59.0 79.0 20.0 10.0
62.0 109.0 20.0 10.0
55.0 78.0 20.0 10.0
63.0 106.0 20.0 10.0
120.0 86.0 20.0 10.0
82.0 78.0 20.0 10.0
73.0 104.0 20.0 10.0
103.0 122.0 20.0 10.0
69.0 55.0 20.0 10.0
62.0 72.0 20.0 10.0
88.0 113.0 20.0 10.0
102.0 42.0 20.0 10.0
38.0 98.0 20.0 10.0
109.0 75.0 20.0 10.0
107.0 109.0 20.0 10.0
60.0 87.0 20.0 10.0
67.0 44.0 20.0 10.0
51.0 122.0 20.0 10.0
112.0 111.0 20.0 10.0
92.0 125.0 20.0 10.0
116.0 82.0 20.0 10.0
44.0 101.0 20.0 10.0
103.0 77.0 20.0 10.0
89.0 52.0 20.0 10.0
126.0 84.0 20.0 10.0
119.0 79.0 20.0 10.0
131.0 107.0 20.0 10.0
48.0 60.0 20.0 10.0
91.0 95.0 20.0 10.0
100.0 132.0 20.0 10.0
30.0 76.0 20.0 10.0
75.0 50.0 20.0 10.0
67.0 119.0 20.0 10.0
123.0 72.0 20.0 10.0
48.0 56.0 20.0 10.0
97.0 33.0 20.0 10.0
82.0 60.0 20.0 10.0
95.0 116.0 20.0 10.0
117.0 86.0 20.0 10.0
92.0 54.0 20.0 10.0
130.0 99.0 20.0 10.0
40.0 108.0 20.0 10.0
64.0 123.0 20.0 10.0
66.0 113.0 20.0 10.0
63.0 61.0 20.0 10.0
55.0 136.0 20.0 10.0
111.0 116.0 20.0 10.0
51.0 94.0 20.0 10.0
51.0 102.0 20.0 10.0
59.0 39.0 20.0 10.0
30.0 65.0 20.0 10.0
41.0 62.0 20.0 10.0
40.0 72.0 20.0 10.0
46.0 68.0 20.0 10.0
123.0 97.0 20.0 10.0
100.0 107.0 20.0 10.0
59.0 114.0 20.0 10.0
77.0 45.0 20.0 10.0
81.0 106.0 20.0 10.0
91.0 41.0 20.0 10.0
32.0 93.0 20.0 10.0
115.0 110.0 20.0 10.0
42.0 47.0 20.0 10.0
120.0 92.0 20.0 10.0
52.0 52.0 20.0 10.0
118.0 126.0 20.0 10.0
82.0 36.0 20.0 10.0
42.0 84.0 20.0 10.0
53.0 34.0 20.0 10.0
118.0 103.0 20.0 10.0
117.0 71.0 20.0 10.0
130.0 54.0 20.0 10.0
74.0 126.0 20.0 10.0
105.0 99.0 20.0 10.0
105.0 132.0 20.0 10.0
130.0 92.0 20.0 10.0
121.0 56.0 20.0 10.0
139.0 106.0 20.0 10.0
88.0 82.0 20.0 10.0
70.0 131.0 20.0 10.0
45.0 97.0 20.0 10.0
75.0 33.0 20.0 10.0
109.0 60.0 20.0 10.0
75.0 139.0 20.0 10.0
61.0 51.0 20.0 10.0
127.0 128.0 20.0 10.0
117.0 54.0 20.0 10.0
113.0 131.0 20.0 10.0
98.0 39.0 20.0 10.0
87.0 35.0 20.0 10.0
53.0 106.0 20.0 10.0
96.0 135.0 20.0 10.0
127.0 63.0 20.0 10.0
108.0 46.0 20.0 10.0
81.0 53.0 20.0 10.0
63.0 128.0 20.0 10.0
137.0 74.0 20.0 10.0
131.0 79.0 20.0 10.0
120.0 63.0 20.0 10.0
62.0 48.0 20.0 10.0
39.0 67.0 20.0 10.0
105.0 36.0 20.0 10.0
98.0 122.0 20.0 10.0
116.0 42.0 20.0 10.0
91.0 34.0 20.0 10.0
85.0 48.0 20.0 10.0
122.0 111.0 20.0 10.0
134.0 67.0 20.0 10.0
79.0 25.0 20.0 10.0
43.0 40.0 20.0 10.0
69.0 32.0 20.0 10.0
109.0 120.0 20.0 10.0
38.0 92.0 20.0 10.0
131.0 87.0 20.0 10.0
115.0 47.0 20.0 10.0
25.0 78.0 20.0 10.0
106.0 113.0 20.0 10.0
133.0 43.0 20.0 10.0
137.0 62.0 20.0 10.0
26.0 107.0 20.0 10.0
77.0 108.0 20.0 10.0
107.0 65.0 20.0 10.0
51.0 113.0 20.0 10.0
82.0 40.0 20.0 10.0
45.0 124.0 20.0 10.0
134.0 121.0 20.0 10.0
35.0 111.0 20.0 10.0
134.0 58.0 20.0 10.0
