200
73.0 79.0 20.0 10.0
72.0 90.0 20.0 10.0
96.0 102.0 20.0 10.0
87.0 80.0 20.0 10.0
86.0 91.0 20.0 10.0
80.0 82.0 20.0 10.0
48.0 99.0 20.0 10.0
67.0 104.0 20.0 10.0
69.0 73.0 20.0 10.0
76.0 100.0 20.0 10.0
74.0 86.0 20.0 10.0
99.0 96.0 20.0 10.0
61.0 118.0 20.0 10.0
87.0 70.0 20.0 10.0
61.0 70.0 20.0 10.0
89.0 69.0 20.0 10.0
111.0 72.0 20.0 10.0
81.0 78.0 20.0 10.0
56.0 73.0 20.0 10.0
91.0 68.0 20.0 10.0
97.0 105.0 20.0 10.0
109.0 83.0 20.0 10.0
95.0 84.0 20.0 10.0
98.0 113.0 20.0 10.0
94.0 100.0 20.0 10.0
102.0 71.0 20.0 10.0
67.0 62.0 20.0 10.0
77.0 102.0 20.0 10.0
104.0 119.0 20.0 10.0
94.0 74.0 20.0 10.0
89.0 103.0 20.0 10.0
63.0 49.0 20.0 10.0
91.0 47.0 20.0 10.0
117.0 106.0 20.0 10.0
105.0 104.0 20.0 10.0
109.0 77.0 20.0 10.0
89.0 62.0 20.0 10.0
80.0 53.0 20.0 10.0
64.0 100.0 20.0 10.0
66.0 109.0 20.0 10.0
69.0 48.0 20.0 10.0
122.0 84.0 20.0 10.0
95.0 55.0 20.0 10.0
76.0 72.0 20.0 10.0
128.0 90.0 20.0 10.0
75.0 47.0 20.0 10.0
76.0 114.0 20.0 10.0
60.0 62.0 20.0 10.0
55.0 79.0 20.0 10.0
86.0 117.0 20.0 10.0
66.0 96.0 20.0 10.0
104.0 61.0 20.0 10.0
142.0 93.0 20.0 10.0
77.0 60.0 20.0 10.0
109.0 59.0 20.0 10.0
54.0 101.0 20.0 10.0
59.0 100.0 20.0 10.0
99.0 123.0 20.0 10.0
87.0 111.0 20.0 10.0
109.0 100.0 20.0 10.0
80.0 65.0 20.0 10.0
79.0 121.0 20.0 10.0
99.0 47.0 20.0 10.0
57.0 94.0 20.0 10.0
75.0 83.0 20.0 10.0
76.0 108.0 20.0 10.0
115.0 61.0 20.0 10.0
71.0 53.0 20.0 10.0
53.0 85.0 20.0 10.0
67.0 54.0 20.0 10.0
117.0 68.0 20.0 10.0
115.0 98.0 20.0 10.0
61.0 114.0 20.0 10.0
52.0 42.0 20.0 10.0
45.0 78.0 20.0 10.0
123.0 93.0 20.0 10.0
53.0 55.0 20.0 10.0
47.0 70.0 20.0 10.0
54.0 129.0 20.0 10.0
43.0 113.0 20.0 10.0
58.0 40.0 20.0 10.0
115.0 123.0 20.0 10.0
57.0 68.0 20.0 10.0
122.0 119.0 20.0 10.0
50.0 90.0 20.0 10.0
70.0 118.0 20.0 10.0
25.0 105.0 20.0 10.0
113.0 101.0 20.0 10.0
86.0 124.0 20.0 10.0
136.0 102.0 20.0 10.0
105.0 97.0 20.0 10.0
92.0 36.0 20.0 10.0
103.0 65.0 20.0 10.0
63.0 60.0 20.0 10.0
53.0 65.0 20.0 10.0
99.0 72.0 20.0 10.0
97.0 80.0 20.0 10.0
78.0 91.0 20.0 10.0
36.0 58.0 20.0 10.0
35.0 113.0 20.0 10.0
93.0 111.0 20.0 10.0
45.0 59.0 20.0 10.0
81.0 55.0 20.0 10.0
46.0 92.0 20.0 10.0
83.0 111.0 20.0 10.0
56.0 90.0 20.0 10.0
109.0 66.0 20.0 10.0
79.0 40.0 20.0 10.0
82.0 102.0 20.0 10.0
139.0 127.0 20.0 10.0
35.0 81.0 20.0 10.0
51.0 121.0 20.0 10.0
100.0 117.0 20.0 10.0
70.0 34.0 20.0 10.0
102.0 55.0 20.0 10.0
120.0 112.0 20.0 10.0
76.0 134.0 20.0 10.0
67.0 133.0 20.0 10.0
72.0 129.0 20.0 10.0
47.0 116.0 20.0 10.0
88.0 41.0 20.0 10.0
126.0 63.0 20.0 10.0
81.0 25.0 20.0 10.0
38.0 56.0 20.0 10.0
114.0 79.0 20.0 10.0
112.0 92.0 20.0 10.0
126.0 95.0 20.0 10.0
59.0 35.0 20.0 10.0
103.0 134.0 20.0 10.0
121.0 102.0 20.0 10.0
137.0 94.0 20.0 10.0
66.0 121.0 20.0 10.0
115.0 85.0 20.0 10.0
85.0 138.0 20.0 10.0
115.0 117.0 20.0 10.0
129.0 69.0 20.0 10.0
117.0 49.0 20.0 10.0
121.0 63.0 20.0 10.0
119.0 133.0 20.0 10.0
55.0 117.0 20.0 10.0
101.0 140.0 20.0 10.0
39.0 38.0 20.0 10.0
72.0 38.0 20.0 10.0
35.0 99.0 20.0 10.0
39.0 109.0 20.0 10.0
116.0 54.0 20.0 10.0
38.0 87.0 20.0 10.0
41.0 99.0 20.0 10.0
51.0 143.0 20.0 10.0
112.0 106.0 20.0 10.0
107.0 38.0 20.0 10.0
93.0 118.0 20.0 10.0
138.0 68.0 20.0 10.0
76.0 32.0 20.0 10.0
93.0 137.0 20.0 10.0
144.0 57.0 20.0 10.0
138.0 84.0 20.0 10.0
128.0 130.0 20.0 10.0
74.0 124.0 20.0 10.0
140.0 63.0 20.0 10.0
123.0 88.0 20.0 10.0
60.0 130.0 20.0 10.0
121.0 127.0 20.0 10.0
113.0 46.0 20.0 10.0
80.0 34.0 20.0 10.0
51.0 107.0 20.0 10.0
66.0 93.0 20.0 10.0
47.0 106.0 20.0 10.0
42.0 89.0 20.0 10.0
105.0 90.0 20.0 10.0
54.0 47.0 20.0 10.0
40.0 75.0 20.0 10.0
131.0 47.0 20.0 10.0
102.0 147.0 20.0 10.0
47.0 50.0 20.0 10.0
132.0 84.0 20.0 10.0
80.0 130.0 20.0 10.0
47.0 82.0 20.0 10.0
41.0 82.0 20.0 10.0
102.0 127.0 20.0 10.0
63.0 84.0 20.0 10.0
148.0 113.0 20.0 10.0
84.0 49.0 20.0 10.0
127.0 76.0 20.0 10.0
143.0 120.0 20.0 10.0
66.0 138.0 20.0 10.0
38.0 147.0 20.0 10.0
36.0 67.0 20.0 10.0
51.0 76.0 20.0 10.0
34.0 74.0 20.0 10.0
127.0 53.0 20.0 10.0
83.0 147.0 20.0 10.0
34.0 135.0 20.0 10.0
100.0 48.0 20.0 10.0
118.0 142.0 20.0 10.0
135.0 74.0 20.0 10.0
92.0 129.0 20.0 10.0
42.0 66.0 20.0 10.0
95.0 95.0 20.0 10.0
37.0 49.0 20.0 10.0
