200
80.0 96.0 20.0 10.0
87.0 73.0 20.0 10.0
103.0 110.0 20.0 10.0
100.0 84.0 20.0 10.0
105.0 103.0 20.0 10.0
102.0 98.0 20.0 10.0
98.0 105.0 20.0 10.0
109.0 98.0 20.0 10.0
100.0 77.0 20.0 10.0
90.0 91.0 20.0 10.0
94.0 98.0 20.0 10.0
99.0 60.0 20.0 10.0
96.0 91.0 20.0 10.0
80.0 77.0 20.0 10.0
100.0 67.0 20.0 10.0
88.0 109.0 20.0 10.0
91.0 76.0 20.0 10.0
133.0 102.0 20.0 10.0
113.0 100.0 20.0 10.0
132.0 80.0 20.0 10.0
93.0 87.0 20.0 10.0
121.0 112.0 20.0 10.0
81.0 92.0 20.0 10.0
71.0 91.0 20.0 10.0
72.0 86.0 20.0 10.0
82.0 86.0 20.0 10.0
104.0 94.0 20.0 10.0
98.0 118.0 20.0 10.0
107.0 121.0 20.0 10.0
68.0 55.0 20.0 10.0
87.0 82.0 20.0 10.0
117.0 49.0 20.0 10.0
73.0 96.0 20.0 10.0
67.0 111.0 20.0 10.0
112.0 76.0 20.0 10.0
108.0 73.0 20.0 10.0
70.0 99.0 20.0 10.0
57.0 88.0 20.0 10.0
78.0 88.0 20.0 10.0
132.0 92.0 20.0 10.0
133.0 97.0 20.0 10.0
137.0 82.0 20.0 10.0
62.0 67.0 20.0 10.0
96.0 127.0 20.0 10.0
143.0 97.0 20.0 10.0
121.0 58.0 20.0 10.0
120.0 87.0 20.0 10.0
124.0 70.0 20.0 10.0
110.0 87.0 20.0 10.0
78.0 83.0 20.0 10.0
98.0 112.0 20.0 10.0
91.0 124.0 20.0 10.0
113.0 62.0 20.0 10.0
109.0 76.0 20.0 10.0
62.0 62.0 20.0 10.0
78.0 120.0 20.0 10.0
115.0 82.0 20.0 10.0
136.0 64.0 20.0 10.0
57.0 69.0 20.0 10.0
115.0 124.0 20.0 10.0
88.0 139.0 20.0 10.0
86.0 121.0 20.0 10.0
100.0 101.0 20.0 10.0
105.0 133.0 20.0 10.0
113.0 110.0 20.0 10.0
75.0 127.0 20.0 10.0
86.0 79.0 20.0 10.0
116.0 120.0 20.0 10.0
125.0 66.0 20.0 10.0
104.0 89.0 20.0 10.0
128.0 131.0 20.0 10.0
131.0 75.0 20.0 10.0
77.0 63.0 20.0 10.0
81.0 51.0 20.0 10.0
124.0 102.0 20.0 10.0
49.0 79.0 20.0 10.0
75.0 58.0 20.0 10.0
108.0 58.0 20.0 10.0
82.0 109.0 20.0 10.0
76.0 107.0 20.0 10.0
68.0 121.0 20.0 10.0
127.0 107.0 20.0 10.0
105.0 46.0 20.0 10.0
108.0 65.0 20.0 10.0
63.0 56.0 20.0 10.0
67.0 76.0 20.0 10.0
84.0 61.0 20.0 10.0
116.0 104.0 20.0 10.0
61.0 90.0 20.0 10.0
99.0 64.0 20.0 10.0
101.0 53.0 20.0 10.0
72.0 51.0 20.0 10.0
57.0 61.0 20.0 10.0
76.0 112.0 20.0 10.0
92.0 118.0 20.0 10.0
97.0 56.0 20.0 10.0
45.0 53.0 20.0 10.0
120.0 132.0 20.0 10.0
119.0 106.0 20.0 10.0
86.0 35.0 20.0 10.0
54.0 48.0 20.0 10.0
107.0 116.0 20.0 10.0
104.0 139.0 20.0 10.0
63.0 129.0 20.0 10.0
154.0 53.0 20.0 10.0
62.0 76.0 20.0 10.0
116.0 66.0 20.0 10.0
114.0 90.0 20.0 10.0
118.0 138.0 20.0 10.0
88.0 133.0 20.0 10.0
124.0 125.0 20.0 10.0
73.0 119.0 20.0 10.0
77.0 42.0 20.0 10.0
95.0 153.0 20.0 10.0
92.0 71.0 20.0 10.0
120.0 63.0 20.0 10.0
92.0 42.0 20.0 10.0
76.0 132.0 20.0 10.0
142.0 72.0 20.0 10.0
52.0 107.0 20.0 10.0
130.0 123.0 20.0 10.0
68.0 144.0 20.0 10.0
55.0 102.0 20.0 10.0
79.0 71.0 20.0 10.0
86.0 44.0 20.0 10.0
129.0 140.0 20.0 10.0
111.0 141.0 20.0 10.0
103.0 37.0 20.0 10.0
70.0 68.0 20.0 10.0
51.0 102.0 20.0 10.0
68.0 84.0 20.0 10.0
45.0 133.0 20.0 10.0
45.0 85.0 20.0 10.0
85.0 56.0 20.0 10.0
98.0 46.0 20.0 10.0
70.0 38.0 20.0 10.0
84.0 68.0 20.0 10.0
61.0 110.0 20.0 10.0
112.0 112.0 20.0 10.0
101.0 127.0 20.0 10.0
113.0 57.0 20.0 10.0
57.0 83.0 20.0 10.0
97.0 134.0 20.0 10.0
63.0 102.0 20.0 10.0
142.0 127.0 20.0 10.0
60.0 120.0 20.0 10.0
104.0 28.0 20.0 10.0
133.0 121.0 20.0 10.0
67.0 106.0 20.0 10.0
54.0 91.0 20.0 10.0
71.0 138.0 20.0 10.0
153.0 43.0 20.0 10.0
130.0 67.0 20.0 10.0
91.0 60.0 20.0 10.0
122.0 80.0 20.0 10.0
92.0 111.0 20.0 10.0
122.0 93.0 20.0 10.0
86.0 126.0 20.0 10.0
57.0 94.0 20.0 10.0
64.0 48.0 20.0 10.0
49.0 72.0 20.0 10.0
145.0 102.0 20.0 10.0
131.0 86.0 20.0 10.0
118.0 75.0 20.0 10.0
147.0 60.0 20.0 10.0
47.0 67.0 20.0 10.0
77.0 29.0 20.0 10.0
120.0 43.0 20.0 10.0
49.0 64.0 20.0 10.0
66.0 125.0 20.0 10.0
55.0 118.0 20.0 10.0
25.0 84.0 20.0 10.0
50.0 124.0 20.0 10.0
99.0 142.0 20.0 10.0
138.0 87.0 20.0 10.0
117.0 40.0 20.0 10.0
146.0 77.0 20.0 10.0
96.0 33.0 20.0 10.0
92.0 25.0 20.0 10.0
151.0 120.0 20.0 10.0
139.0 99.0 20.0 10.0
80.0 104.0 20.0 10.0
46.0 111.0 20.0 10.0
111.0 40.0 20.0 10.0
124.0 134.0 20.0 10.0
91.0 52.0 20.0 10.0
144.0 84.0 20.0 10.0
82.0 138.0 20.0 10.0
129.0 45.0 20.0 10.0
121.0 52.0 20.0 10.0
49.0 82.0 20.0 10.0
87.0 50.0 20.0 10.0
61.0 114.0 20.0 10.0
60.0 41.0 20.0 10.0
66.0 61.0 20.0 10.0
153.0 113.0 20.0 10.0
137.0 113.0 20.0 10.0
141.0 110.0 20.0 10.0
129.0 28.0 20.0 10.0
42.0 91.0 20.0 10.0
