200
96.0 87.0 20.0 10.0
61.0 82.0 20.0 10.0
93.0 77.0 20.0 10.0
82.0 93.0 20.0 10.0
82.0 100.0 20.0 10.0
88.0 96.0 20.0 10.0
81.0 84.0 20.0 10.0
80.0 88.0 20.0 10.0
88.0 102.0 20.0 10.0
74.0 94.0 20.0 10.0
93.0 93.0 20.0 10.0
63.0 89.0 20.0 10.0
73.0 104.0 20.0 10.0
74.0 107.0 20.0 10.0
103.0 76.0 20.0 10.0
79.0 74.0 20.0 10.0
59.0 66.0 20.0 10.0
104.0 115.0 20.0 10.0
79.0 104.0 20.0 10.0
59.0 92.0 20.0 10.0
81.0 112.0 20.0 10.0
69.0 113.0 20.0 10.0
57.0 90.0 20.0 10.0
75.0 92.0 20.0 10.0
109.0 68.0 20.0 10.0
63.0 75.0 20.0 10.0
69.0 98.0 20.0 10.0
89.0 84.0 20.0 10.0
101.0 68.0 20.0 10.0
42.0 98.0 20.0 10.0
95.0 73.0 20.0 10.0
99.0 107.0 20.0 10.0
84.0 78.0 20.0 10.0
95.0 107.0 20.0 10.0
78.0 117.0 20.0 10.0
85.0 90.0 20.0 10.0
79.0 79.0 20.0 10.0
46.0 82.0 20.0 10.0
119.0 107.0 20.0 10.0
55.0 108.0 20.0 10.0
109.0 107.0 20.0 10.0
81.0 49.0 20.0 10.0
69.0 82.0 20.0 10.0
62.0 70.0 20.0 10.0
112.0 88.0 20.0 10.0
44.0 87.0 20.0 10.0
88.0 79.0 20.0 10.0
47.0 99.0 20.0 10.0
88.0 131.0 20.0 10.0
52.0 70.0 20.0 10.0
89.0 72.0 20.0 10.0
29.0 95.0 20.0 10.0
74.0 118.0 20.0 10.0
79.0 53.0 20.0 10.0
65.0 93.0 20.0 10.0
103.0 96.0 20.0 10.0
124.0 77.0 20.0 10.0
99.0 96.0 20.0 10.0
51.0 120.0 20.0 10.0
116.0 72.0 20.0 10.0
109.0 114.0 20.0 10.0
102.0 89.0 20.0 10.0
39.0 82.0 20.0 10.0
91.0 60.0 20.0 10.0
73.0 84.0 20.0 10.0
87.0 68.0 20.0 10.0
55.0 97.0 20.0 10.0
78.0 70.0 20.0 10.0
49.0 78.0 20.0 10.0
75.0 77.0 20.0 10.0
62.0 125.0 20.0 10.0
107.0 94.0 20.0 10.0
48.0 102.0 20.0 10.0
115.0 68.0 20.0 10.0
32.0 101.0 20.0 10.0
52.0 84.0 20.0 10.0
120.0 95.0 20.0 10.0
94.0 66.0 20.0 10.0
91.0 111.0 20.0 10.0
63.0 62.0 20.0 10.0
108.0 83.0 20.0 10.0
56.0 81.0 20.0 10.0
97.0 101.0 20.0 10.0
86.0 140.0 20.0 10.0
58.0 61.0 20.0 10.0
100.0 78.0 20.0 10.0
73.0 132.0 20.0 10.0
104.0 63.0 20.0 10.0
85.0 58.0 20.0 10.0
52.0 58.0 20.0 10.0
57.0 52.0 20.0 10.0
45.0 104.0 20.0 10.0
96.0 128.0 20.0 10.0
107.0 47.0 20.0 10.0
98.0 58.0 20.0 10.0
64.0 128.0 20.0 10.0
134.0 82.0 20.0 10.0
82.0 61.0 20.0 10.0
90.0 50.0 20.0 10.0
64.0 55.0 20.0 10.0
52.0 110.0 20.0 10.0
67.0 120.0 20.0 10.0
42.0 109.0 20.0 10.0
124.0 100.0 20.0 10.0
124.0 54.0 20.0 10.0
125.0 93.0 20.0 10.0
79.0 124.0 20.0 10.0
125.0 68.0 20.0 10.0
74.0 42.0 20.0 10.0
83.0 45.0 20.0 10.0
112.0 54.0 20.0 10.0
107.0 102.0 20.0 10.0
70.0 49.0 20.0 10.0
116.0 49.0 20.0 10.0
118.0 87.0 20.0 10.0
122.0 104.0 20.0 10.0
84.0 109.0 20.0 10.0
38.0 75.0 20.0 10.0
108.0 64.0 20.0 10.0
89.0 46.0 20.0 10.0
115.0 131.0 20.0 10.0
77.0 58.0 20.0 10.0
71.0 36.0 20.0 10.0
56.0 120.0 20.0 10.0
92.0 143.0 20.0 10.0
139.0 111.0 20.0 10.0
43.0 113.0 20.0 10.0
57.0 124.0 20.0 10.0
118.0 80.0 20.0 10.0
64.0 47.0 20.0 10.0
38.0 51.0 20.0 10.0
80.0 41.0 20.0 10.0
36.0 89.0 20.0 10.0
88.0 126.0 20.0 10.0
81.0 130.0 20.0 10.0
49.0 48.0 20.0 10.0
101.0 120.0 20.0 10.0
46.0 58.0 20.0 10.0
146.0 104.0 20.0 10.0
64.0 107.0 20.0 10.0
59.0 136.0 20.0 10.0
101.0 49.0 20.0 10.0
45.0 70.0 20.0 10.0
103.0 42.0 20.0 10.0
92.0 117.0 20.0 10.0
92.0 36.0 20.0 10.0
111.0 29.0 20.0 10.0
51.0 91.0 20.0 10.0
29.0 86.0 20.0 10.0
130.0 71.0 20.0 10.0
128.0 63.0 20.0 10.0
116.0 55.0 20.0 10.0
108.0 136.0 20.0 10.0
137.0 86.0 20.0 10.0
34.0 120.0 20.0 10.0
137.0 93.0 20.0 10.0
63.0 102.0 20.0 10.0
78.0 34.0 20.0 10.0
105.0 121.0 20.0 10.0
56.0 102.0 20.0 10.0
54.0 75.0 20.0 10.0
97.0 132.0 20.0 10.0
93.0 124.0 20.0 10.0
109.0 74.0 20.0 10.0
49.0 62.0 20.0 10.0
116.0 138.0 20.0 10.0
24.0 75.0 20.0 10.0
38.0 94.0 20.0 10.0
92.0 136.0 20.0 10.0
141.0 74.0 20.0 10.0
111.0 101.0 20.0 10.0
94.0 40.0 20.0 10.0
121.0 136.0 20.0 10.0
99.0 41.0 20.0 10.0
36.0 64.0 20.0 10.0
104.0 130.0 20.0 10.0
58.0 46.0 20.0 10.0
131.0 76.0 20.0 10.0
52.0 25.0 20.0 10.0
71.0 57.0 20.0 10.0
124.0 132.0 20.0 10.0
131.0 123.0 20.0 10.0
146.0 89.0 20.0 10.0
121.0 91.0 20.0 10.0
81.0 140.0 20.0 10.0
70.0 133.0 20.0 10.0
117.0 63.0 20.0 10.0
123.0 114.0 20.0 10.0
129.0 51.0 20.0 10.0
113.0 124.0 20.0 10.0
75.0 141.0 20.0 10.0
117.0 115.0 20.0 10.0
129.0 101.0 20.0 10.0
54.0 129.0 20.0 10.0
113.0 33.0 20.0 10.0
108.0 131.0 20.0 10.0
139.0 68.0 20.0 10.0
134.0 114.0 20.0 10.0
132.0 57.0 20.0 10.0
117.0 99.0 20.0 10.0
