200
74.0 87.0 20.0 10.0
73.0 84.0 20.0 10.0
78.0 87.0 20.0 10.0
86.0 76.0 20.0 10.0
102.0 99.0 20.0 10.0
83.0 80.0 20.0 10.0
83.0 85.0 20.0 10.0
96.0 69.0 20.0 10.0
90.0 71.0 20.0 10.0
90.0 90.0 20.0 10.0
83.0 107.0 20.0 10.0
99.0 78.0 20.0 10.0
90.0 74.0 20.0 10.0
104.0 106.0 20.0 10.0
69.0 70.0 20.0 10.0
71.0 85.0 20.0 10.0
89.0 99.0 20.0 10.0
93.0 86.0 20.0 10.0
103.0 82.0 20.0 10.0
87.0 86.0 20.0 10.0
103.0 74.0 20.0 10.0
113.0 101.0 20.0 10.0
83.0 128.0 20.0 10.0
83.0 93.0 20.0 10.0
97.0 74.0 20.0 10.0
97.0 86.0 20.0 10.0
66.0 119.0 20.0 10.0
63.0 94.0 20.0 10.0
86.0 59.0 20.0 10.0
89.0 95.0 20.0 10.0
105.0 67.0 20.0 10.0
69.0 64.0 20.0 10.0
77.0 51.0 20.0 10.0
96.0 52.0 20.0 10.0
70.0 57.0 20.0 10.0
108.0 94.0 20.0 10.0
60.0 86.0 20.0 10.0
123.0 72.0 20.0 10.0
97.0 82.0 20.0 10.0
106.0 112.0 20.0 10.0
91.0 49.0 20.0 10.0
73.0 103.0 20.0 10.0
86.0 83.0 20.0 10.0
82.0 114.0 20.0 10.0
60.0 75.0 20.0 10.0
113.0 83.0 20.0 10.0
108.0 86.0 20.0 10.0
103.0 102.0 20.0 10.0
79.0 100.0 20.0 10.0
64.0 113.0 20.0 10.0
67.0 73.0 20.0 10.0
100.0 65.0 20.0 10.0
99.0 60.0 20.0 10.0
92.0 119.0 20.0 10.0
113.0 91.0 20.0 10.0
53.0 92.0 20.0 10.0
107.0 54.0 20.0 10.0
119.0 100.0 20.0 10.0
75.0 48.0 20.0 10.0
117.0 92.0 20.0 10.0
69.0 76.0 20.0 10.0
95.0 41.0 20.0 10.0
88.0 124.0 20.0 10.0
92.0 98.0 20.0 10.0
106.0 61.0 20.0 10.0
50.0 96.0 20.0 10.0
68.0 102.0 20.0 10.0
75.0 121.0 20.0 10.0
114.0 71.0 20.0 10.0
91.0 53.0 20.0 10.0
109.0 82.0 20.0 10.0
133.0 90.0 20.0 10.0
46.0 94.0 20.0 10.0
71.0 97.0 20.0 10.0
88.0 112.0 20.0 10.0
91.0 62.0 20.0 10.0
77.0 106.0 20.0 10.0
131.0 95.0 20.0 10.0
51.0 88.0 20.0 10.0
60.0 54.0 20.0 10.0
76.0 55.0 20.0 10.0
109.0 69.0 20.0 10.0
97.0 102.0 20.0 10.0
37.0 118.0 20.0 10.0
52.0 107.0 20.0 10.0
111.0 113.0 20.0 10.0
94.0 66.0 20.0 10.0
117.0 78.0 20.0 10.0
75.0 75.0 20.0 10.0
46.0 107.0 20.0 10.0
115.0 112.0 20.0 10.0
128.0 55.0 20.0 10.0
78.0 66.0 20.0 10.0
61.0 101.0 20.0 10.0
81.0 117.0 20.0 10.0
132.0 131.0 20.0 10.0
105.0 51.0 20.0 10.0
127.0 75.0 20.0 10.0
71.0 45.0 20.0 10.0
122.0 98.0 20.0 10.0
125.0 88.0 20.0 10.0
129.0 80.0 20.0 10.0
94.0 109.0 20.0 10.0
110.0 42.0 20.0 10.0
104.0 34.0 20.0 10.0
139.0 95.0 20.0 10.0
107.0 127.0 20.0 10.0
68.0 89.0 20.0 10.0
116.0 59.0 20.0 10.0
96.0 125.0 20.0 10.0
127.0 119.0 20.0 10.0
92.0 125.0 20.0 10.0
95.0 49.0 20.0 10.0
122.0 81.0 20.0 10.0
60.0 68.0 20.0 10.0
41.0 75.0 20.0 10.0
59.0 107.0 20.0 10.0
45.0 50.0 20.0 10.0
56.0 72.0 20.0 10.0
60.0 81.0 20.0 10.0
43.0 90.0 20.0 10.0
120.0 112.0 20.0 10.0
98.0 118.0 20.0 10.0
59.0 96.0 20.0 10.0
126.0 102.0 20.0 10.0
119.0 136.0 20.0 10.0
86.0 44.0 20.0 10.0
129.0 90.0 20.0 10.0
33.0 94.0 20.0 10.0
63.0 51.0 20.0 10.0
51.0 58.0 20.0 10.0
46.0 65.0 20.0 10.0
74.0 111.0 20.0 10.0
122.0 45.0 20.0 10.0
129.0 98.0 20.0 10.0
65.0 58.0 20.0 10.0
111.0 123.0 20.0 10.0
120.0 62.0 20.0 10.0
136.0 58.0 20.0 10.0
64.0 126.0 20.0 10.0
47.0 79.0 20.0 10.0
32.0 71.0 20.0 10.0
71.0 33.0 20.0 10.0
127.0 48.0 20.0 10.0
57.0 47.0 20.0 10.0
117.0 55.0 20.0 10.0
102.0 134.0 20.0 10.0
75.0 68.0 20.0 10.0
81.0 41.0 20.0 10.0
101.0 139.0 20.0 10.0
127.0 63.0 20.0 10.0
119.0 128.0 20.0 10.0
49.0 127.0 20.0 10.0
47.0 100.0 20.0 10.0
42.0 110.0 20.0 10.0
71.0 116.0 20.0 10.0
56.0 58.0 20.0 10.0
60.0 62.0 20.0 10.0
124.0 39.0 20.0 10.0
91.0 134.0 20.0 10.0
61.0 135.0 20.0 10.0
63.0 44.0 20.0 10.0
103.0 116.0 20.0 10.0
42.0 118.0 20.0 10.0
102.0 49.0 20.0 10.0
80.0 25.0 20.0 10.0
59.0 89.0 20.0 10.0
48.0 71.0 20.0 10.0
130.0 52.0 20.0 10.0
34.0 100.0 20.0 10.0
112.0 131.0 20.0 10.0
138.0 89.0 20.0 10.0
83.0 132.0 20.0 10.0
67.0 42.0 20.0 10.0
40.0 80.0 20.0 10.0
103.0 39.0 20.0 10.0
34.0 69.0 20.0 10.0
132.0 101.0 20.0 10.0
81.0 32.0 20.0 10.0
58.0 127.0 20.0 10.0
111.0 50.0 20.0 10.0
76.0 45.0 20.0 10.0
132.0 125.0 20.0 10.0
29.0 60.0 20.0 10.0
47.0 43.0 20.0 10.0
95.0 25.0 20.0 10.0
144.0 114.0 20.0 10.0
103.0 25.0 20.0 10.0
49.0 104.0 20.0 10.0
25.0 98.0 20.0 10.0
26.0 85.0 20.0 10.0
56.0 27.0 20.0 10.0
138.0 81.0 20.0 10.0
34.0 86.0 20.0 10.0
98.0 27.0 20.0 10.0
52.0 122.0 20.0 10.0
125.0 112.0 20.0 10.0
51.0 50.0 20.0 10.0
103.0 94.0 20.0 10.0
143.0 69.0 20.0 10.0
