200
97.0 74.0 20.0 10.0
80.0 93.0 20.0 10.0
93.0 77.0 20.0 10.0
81.0 81.0 20.0 10.0
92.0 80.0 20.0 10.0
113.0 81.0 20.0 10.0
88.0 94.0 20.0 10.0
91.0 94.0 20.0 10.0
111.0 103.0 20.0 10.0
96.0 102.0 20.0 10.0
104.0 59.0 20.0 10.0
81.0 88.0 20.0 10.0
64.0 80.0 20.0 10.0
90.0 72.0 20.0 10.0
64.0 56.0 20.0 10.0
81.0 74.0 20.0 10.0
72.0 86.0 20.0 10.0
98.0 79.0 20.0 10.0
80.0 97.0 20.0 10.0
98.0 95.0 20.0 10.0
106.0 77.0 20.0 10.0
113.0 106.0 20.0 10.0
118.0 87.0 20.0 10.0
109.0 77.0 20.0 10.0
98.0 108.0 20.0 10.0
112.0 69.0 20.0 10.0
79.0 104.0 20.0 10.0
105.0 71.0 20.0 10.0
97.0 60.0 20.0 10.0
55.0 83.0 20.0 10.0
69.0 100.0 20.0 10.0
90.0 118.0 20.0 10.0
115.0 100.0 20.0 10.0
111.0 85.0 20.0 10.0
104.0 89.0 20.0 10.0
72.0 105.0 20.0 10.0
99.0 123.0 20.0 10.0
82.0 66.0 20.0 10.0
94.0 98.0 20.0 10.0
129.0 85.0 20.0 10.0
124.0 85.0 20.0 10.0
47.0 80.0 20.0 10.0
69.0 62.0 20.0 10.0
123.0 70.0 20.0 10.0
47.0 91.0 20.0 10.0
91.0 128.0 20.0 10.0
121.0 98.0 20.0 10.0
111.0 58.0 20.0 10.0
66.0 89.0 20.0 10.0
80.0 110.0 20.0 10.0
87.0 120.0 20.0 10.0
71.0 79.0 20.0 10.0
99.0 133.0 20.0 10.0
58.0 95.0 20.0 10.0
60.0 56.0 20.0 10.0
111.0 62.0 20.0 10.0
79.0 46.0 20.0 10.0
105.0 106.0 20.0 10.0
40.0 98.0 20.0 10.0
73.0 116.0 20.0 10.0
120.0 108.0 20.0 10.0
155.0 83.0 20.0 10.0
47.0 103.0 20.0 10.0
61.0 63.0 20.0 10.0
79.0 127.0 20.0 10.0
90.0 55.0 20.0 10.0
52.0 118.0 20.0 10.0
96.0 118.0 20.0 10.0
76.0 96.0 20.0 10.0
109.0 92.0 20.0 10.0
118.0 133.0 20.0 10.0
48.0 85.0 20.0 10.0
135.0 127.0 20.0 10.0
68.0 118.0 20.0 10.0
132.0 67.0 20.0 10.0
76.0 66.0 20.0 10.0
55.0 63.0 20.0 10.0
63.0 72.0 20.0 10.0
56.0 88.0 20.0 10.0
122.0 94.0 20.0 10.0
104.0 100.0 20.0 10.0
94.0 125.0 20.0 10.0
71.0 135.0 20.0 10.0
128.0 91.0 20.0 10.0
48.0 97.0 20.0 10.0
70.0 48.0 20.0 10.0
105.0 135.0 20.0 10.0
124.0 114.0 20.0 10.0
113.0 116.0 20.0 10.0
108.0 122.0 20.0 10.0
47.0 67.0 20.0 10.0
127.0 47.0 20.0 10.0
126.0 73.0 20.0 10.0
125.0 57.0 20.0 10.0
123.0 79.0 20.0 10.0
108.0 114.0 20.0 10.0
137.0 54.0 20.0 10.0
64.0 124.0 20.0 10.0
41.0 52.0 20.0 10.0
67.0 106.0 20.0 10.0
82.0 131.0 20.0 10.0
72.0 42.0 20.0 10.0
58.0 106.0 20.0 10.0
115.0 50.0 20.0 10.0
85.0 54.0 20.0 10.0
103.0 118.0 20.0 10.0
46.0 76.0 20.0 10.0
54.0 113.0 20.0 10.0
52.0 69.0 20.0 10.0
108.0 54.0 20.0 10.0
131.0 58.0 20.0 10.0
118.0 43.0 20.0 10.0
52.0 61.0 20.0 10.0
24.0 120.0 20.0 10.0
98.0 85.0 20.0 10.0
80.0 143.0 20.0 10.0
100.0 68.0 20.0 10.0
56.0 78.0 20.0 10.0
101.0 66.0 20.0 10.0
94.0 56.0 20.0 10.0
158.0 73.0 20.0 10.0
51.0 108.0 20.0 10.0
124.0 104.0 20.0 10.0
90.0 36.0 20.0 10.0
136.0 93.0 20.0 10.0
115.0 42.0 20.0 10.0
42.0 83.0 20.0 10.0
63.0 96.0 20.0 10.0
140.0 104.0 20.0 10.0
126.0 106.0 20.0 10.0
98.0 50.0 20.0 10.0
81.0 41.0 20.0 10.0
59.0 109.0 20.0 10.0
32.0 131.0 20.0 10.0
132.0 62.0 20.0 10.0
133.0 80.0 20.0 10.0
101.0 116.0 20.0 10.0
148.0 65.0 20.0 10.0
101.0 144.0 20.0 10.0
94.0 37.0 20.0 10.0
84.0 124.0 20.0 10.0
148.0 57.0 20.0 10.0
149.0 27.0 20.0 10.0
132.0 99.0 20.0 10.0
132.0 110.0 20.0 10.0
90.0 101.0 20.0 10.0
43.0 123.0 20.0 10.0
85.0 132.0 20.0 10.0
91.0 63.0 20.0 10.0
67.0 59.0 20.0 10.0
56.0 120.0 20.0 10.0
27.0 105.0 20.0 10.0
69.0 115.0 20.0 10.0
80.0 58.0 20.0 10.0
91.0 144.0 20.0 10.0
33.0 58.0 20.0 10.0
106.0 42.0 20.0 10.0
144.0 88.0 20.0 10.0
87.0 43.0 20.0 10.0
60.0 122.0 20.0 10.0
79.0 25.0 20.0 10.0
119.0 82.0 20.0 10.0
122.0 64.0 20.0 10.0
72.0 53.0 20.0 10.0
146.0 125.0 20.0 10.0
140.0 85.0 20.0 10.0
139.0 98.0 20.0 10.0
109.0 33.0 20.0 10.0
110.0 40.0 20.0 10.0
117.0 28.0 20.0 10.0
60.0 66.0 20.0 10.0
70.0 97.0 20.0 10.0
59.0 127.0 20.0 10.0
86.0 49.0 20.0 10.0
62.0 48.0 20.0 10.0
115.0 138.0 20.0 10.0
51.0 41.0 20.0 10.0
144.0 75.0 20.0 10.0
153.0 95.0 20.0 10.0
134.0 75.0 20.0 10.0
41.0 68.0 20.0 10.0
30.0 67.0 20.0 10.0
71.0 125.0 20.0 10.0
121.0 47.0 20.0 10.0
41.0 58.0 20.0 10.0
127.0 41.0 20.0 10.0
102.0 53.0 20.0 10.0
152.0 101.0 20.0 10.0
78.0 121.0 20.0 10.0
116.0 122.0 20.0 10.0
123.0 126.0 20.0 10.0
95.0 27.0 20.0 10.0
33.0 95.0 20.0 10.0
61.0 36.0 20.0 10.0
39.0 72.0 20.0 10.0
140.0 116.0 20.0 10.0
67.0 133.0 20.0 10.0
63.0 158.0 20.0 10.0
62.0 31.0 20.0 10.0
115.0 112.0 20.0 10.0
