200
89.0 82.0 20.0 10.0
90.0 90.0 20.0 10.0
87.0 97.0 20.0 10.0
74.0 96.0 20.0 10.0
89.0 86.0 20.0 10.0
78.0 82.0 20.0 10.0
84.0 85.0 20.0 10.0
83.0 70.0 20.0 10.0
68.0 69.0 20.0 10.0
82.0 94.0 20.0 10.0
98.0 91.0 20.0 10.0
73.0 83.0 20.0 10.0
84.0 81.0 20.0 10.0
81.0 88.0 20.0 10.0
62.0 101.0 20.0 10.0
71.0 85.0 20.0 10.0
88.0 67.0 20.0 10.0
82.0 99.0 20.0 10.0
100.0 55.0 20.0 10.0
71.0 104.0 20.0 10.0
77.0 72.0 20.0 10.0
95.0 75.0 20.0 10.0
108.0 68.0 20.0 10.0
65.0 77.0 20.0 10.0
78.0 99.0 20.0 10.0
77.0 95.0 20.0 10.0
79.0 103.0 20.0 10.0
89.0 104.0 20.0 10.0
105.0 94.0 20.0 10.0
93.0 92.0 20.0 10.0
97.0 125.0 20.0 10.0
71.0 101.0 20.0 10.0
75.0 126.0 20.0 10.0
96.0 129.0 20.0 10.0
118.0 82.0 20.0 10.0
89.0 125.0 20.0 10.0
83.0 57.0 20.0 10.0
91.0 66.0 20.0 10.0
127.0 106.0 20.0 10.0
102.0 76.0 20.0 10.0
56.0 71.0 20.0 10.0
114.0 79.0 20.0 10.0
97.0 51.0 20.0 10.0
106.0 73.0 20.0 10.0
70.0 94.0 20.0 10.0
86.0 116.0 20.0 10.0
56.0 95.0 20.0 10.0
87.0 62.0 20.0 10.0
119.0 117.0 20.0 10.0
113.0 92.0 20.0 10.0
91.0 74.0 20.0 10.0
114.0 107.0 20.0 10.0
103.0 119.0 20.0 10.0
53.0 94.0 20.0 10.0
101.0 114.0 20.0 10.0
109.0 92.0 20.0 10.0
54.0 87.0 20.0 10.0
73.0 81.0 20.0 10.0
103.0 42.0 20.0 10.0
55.0 103.0 20.0 10.0
123.0 70.0 20.0 10.0
64.0 43.0 20.0 10.0
85.0 51.0 20.0 10.0
82.0 52.0 20.0 10.0
45.0 63.0 20.0 10.0
111.0 124.0 20.0 10.0
93.0 54.0 20.0 10.0
98.0 82.0 20.0 10.0
75.0 69.0 20.0 10.0
81.0 117.0 20.0 10.0
70.0 57.0 20.0 10.0
48.0 85.0 20.0 10.0
60.0 63.0 20.0 10.0
71.0 129.0 20.0 10.0
36.0 72.0 20.0 10.0
111.0 71.0 20.0 10.0
113.0 64.0 20.0 10.0
61.0 126.0 20.0 10.0
61.0 48.0 20.0 10.0
88.0 57.0 20.0 10.0
107.0 53.0 20.0 10.0
120.0 88.0 20.0 10.0
103.0 99.0 20.0 10.0
103.0 90.0 20.0 10.0
86.0 133.0 20.0 10.0
91.0 118.0 20.0 10.0
44.0 105.0 20.0 10.0
47.0 93.0 20.0 10.0
140.0 110.0 20.0 10.0
82.0 63.0 20.0 10.0
81.0 39.0 20.0 10.0
46.0 80.0 20.0 10.0
78.0 57.0 20.0 10.0
98.0 107.0 20.0 10.0
119.0 123.0 20.0 10.0
82.0 46.0 20.0 10.0
64.0 86.0 20.0 10.0
133.0 73.0 20.0 10.0
54.0 82.0 20.0 10.0
68.0 61.0 20.0 10.0
57.0 50.0 20.0 10.0
72.0 53.0 20.0 10.0
73.0 114.0 20.0 10.0
52.0 76.0 20.0 10.0
61.0 54.0 20.0 10.0
131.0 80.0 20.0 10.0
128.0 97.0 20.0 10.0
40.0 88.0 20.0 10.0
118.0 62.0 20.0 10.0
67.0 118.0 20.0 10.0
114.0 112.0 20.0 10.0
75.0 63.0 20.0 10.0
100.0 128.0 20.0 10.0
112.0 75.0 20.0 10.0
41.0 58.0 20.0 10.0
48.0 97.0 20.0 10.0
138.0 74.0 20.0 10.0
83.0 106.0 20.0 10.0
80.0 123.0 20.0 10.0
46.0 44.0 20.0 10.0
105.0 111.0 20.0 10.0
44.0 136.0 20.0 10.0
109.0 78.0 20.0 10.0
62.0 109.0 20.0 10.0
88.0 33.0 20.0 10.0
46.0 53.0 20.0 10.0
115.0 35.0 20.0 10.0
117.0 40.0 20.0 10.0
111.0 86.0 20.0 10.0
130.0 87.0 20.0 10.0
108.0 58.0 20.0 10.0
52.0 113.0 20.0 10.0
122.0 98.0 20.0 10.0
52.0 48.0 20.0 10.0
46.0 114.0 20.0 10.0
44.0 69.0 20.0 10.0
50.0 119.0 20.0 10.0
119.0 107.0 20.0 10.0
90.0 37.0 20.0 10.0
102.0 134.0 20.0 10.0
51.0 90.0 20.0 10.0
101.0 36.0 20.0 10.0
57.0 60.0 20.0 10.0
57.0 77.0 20.0 10.0
95.0 60.0 20.0 10.0
62.0 121.0 20.0 10.0
56.0 36.0 20.0 10.0
107.0 122.0 20.0 10.0
52.0 105.0 20.0 10.0
58.0 117.0 20.0 10.0
121.0 55.0 20.0 10.0
67.0 137.0 20.0 10.0
130.0 62.0 20.0 10.0
80.0 130.0 20.0 10.0
116.0 116.0 20.0 10.0
49.0 69.0 20.0 10.0
56.0 111.0 20.0 10.0
72.0 34.0 20.0 10.0
55.0 66.0 20.0 10.0
34.0 89.0 20.0 10.0
119.0 94.0 20.0 10.0
99.0 47.0 20.0 10.0
39.0 62.0 20.0 10.0
68.0 36.0 20.0 10.0
133.0 67.0 20.0 10.0
122.0 49.0 20.0 10.0
126.0 59.0 20.0 10.0
91.0 42.0 20.0 10.0
141.0 67.0 20.0 10.0
92.0 132.0 20.0 10.0
38.0 102.0 20.0 10.0
28.0 93.0 20.0 10.0
46.0 77.0 20.0 10.0
101.0 62.0 20.0 10.0
109.0 104.0 20.0 10.0
108.0 133.0 20.0 10.0
42.0 125.0 20.0 10.0
36.0 98.0 20.0 10.0
52.0 58.0 20.0 10.0
69.0 43.0 20.0 10.0
132.0 116.0 20.0 10.0
66.0 48.0 20.0 10.0
69.0 24.0 20.0 10.0
34.0 79.0 20.0 10.0
74.0 122.0 20.0 10.0
140.0 81.0 20.0 10.0
117.0 48.0 20.0 10.0
62.0 132.0 20.0 10.0
105.0 38.0 20.0 10.0
28.0 111.0 20.0 10.0
139.0 92.0 20.0 10.0
69.0 109.0 20.0 10.0
121.0 33.0 20.0 10.0
29.0 85.0 20.0 10.0
72.0 132.0 20.0 10.0
110.0 62.0 20.0 10.0
130.0 40.0 20.0 10.0
125.0 103.0 20.0 10.0
25.0 78.0 20.0 10.0
97.0 36.0 20.0 10.0
