200
96.0 90.0 20.0 10.0
98.0 94.0 20.0 10.0
89.0 92.0 20.0 10.0
78.0 83.0 20.0 10.0
111.0 78.0 20.0 10.0
78.0 73.0 20.0 10.0
72.0 95.0 20.0 10.0
82.0 97.0 20.0 10.0
104.0 72.0 20.0 10.0
86.0 59.0 20.0 10.0
74.0 70.0 20.0 10.0
97.0 84.0 20.0 10.0
77.0 105.0 20.0 10.0
82.0 70.0 20.0 10.0
88.0 97.0 20.0 10.0
102.0 105.0 20.0 10.0
93.0 115.0 20.0 10.0
61.0 95.0 20.0 10.0
74.0 54.0 20.0 10.0
101.0 76.0 20.0 10.0
67.0 78.0 20.0 10.0
96.0 103.0 20.0 10.0
119.0 107.0 20.0 10.0
109.0 107.0 20.0 10.0
102.0 88.0 20.0 10.0
88.0 86.0 20.0 10.0
90.0 71.0 20.0 10.0
101.0 116.0 20.0 10.0
81.0 90.0 20.0 10.0
103.0 66.0 20.0 10.0
55.0 101.0 20.0 10.0
110.0 74.0 20.0 10.0
104.0 96.0 20.0 10.0
113.0 80.0 20.0 10.0
89.0 79.0 20.0 10.0
55.0 85.0 20.0 10.0
118.0 67.0 20.0 10.0
125.0 118.0 20.0 10.0
112.0 113.0 20.0 10.0
70.0 94.0 20.0 10.0
66.0 104.0 20.0 10.0
79.0 80.0 20.0 10.0
120.0 93.0 20.0 10.0
54.0 62.0 20.0 10.0
74.0 106.0 20.0 10.0
59.0 93.0 20.0 10.0
77.0 46.0 20.0 10.0
116.0 76.0 20.0 10.0
110.0 98.0 20.0 10.0
104.0 52.0 20.0 10.0
71.0 107.0 20.0 10.0
59.0 58.0 20.0 10.0
50.0 114.0 20.0 10.0
92.0 84.0 20.0 10.0
55.0 114.0 20.0 10.0
58.0 74.0 20.0 10.0
85.0 130.0 20.0 10.0
76.0 114.0 20.0 10.0
55.0 97.0 20.0 10.0
68.0 122.0 20.0 10.0
90.0 54.0 20.0 10.0
81.0 114.0 20.0 10.0
63.0 85.0 20.0 10.0
83.0 62.0 20.0 10.0
64.0 49.0 20.0 10.0
113.0 70.0 20.0 10.0
108.0 44.0 20.0 10.0
71.0 58.0 20.0 10.0
101.0 63.0 20.0 10.0
45.0 82.0 20.0 10.0
127.0 76.0 20.0 10.0
91.0 118.0 20.0 10.0
138.0 84.0 20.0 10.0
89.0 133.0 20.0 10.0
95.0 56.0 20.0 10.0
78.0 49.0 20.0 10.0
68.0 72.0 20.0 10.0
111.0 87.0 20.0 10.0
73.0 45.0 20.0 10.0
41.0 100.0 20.0 10.0
61.0 102.0 20.0 10.0
60.0 78.0 20.0 10.0
129.0 105.0 20.0 10.0
69.0 115.0 20.0 10.0
60.0 63.0 20.0 10.0
138.0 102.0 20.0 10.0
117.0 53.0 20.0 10.0
99.0 136.0 20.0 10.0
85.0 101.0 20.0 10.0
123.0 144.0 20.0 10.0
51.0 108.0 20.0 10.0
68.0 65.0 20.0 10.0
58.0 125.0 20.0 10.0
122.0 61.0 20.0 10.0
73.0 125.0 20.0 10.0
66.0 111.0 20.0 10.0
102.0 37.0 20.0 10.0
103.0 45.0 20.0 10.0
139.0 90.0 20.0 10.0
64.0 115.0 20.0 10.0
54.0 144.0 20.0 10.0
93.0 128.0 20.0 10.0
38.0 83.0 20.0 10.0
133.0 69.0 20.0 10.0
129.0 88.0 20.0 10.0
53.0 86.0 20.0 10.0
110.0 67.0 20.0 10.0
119.0 34.0 20.0 10.0
25.0 130.0 20.0 10.0
109.0 118.0 20.0 10.0
91.0 45.0 20.0 10.0
131.0 116.0 20.0 10.0
39.0 64.0 20.0 10.0
104.0 115.0 20.0 10.0
122.0 77.0 20.0 10.0
77.0 121.0 20.0 10.0
98.0 123.0 20.0 10.0
62.0 150.0 20.0 10.0
52.0 71.0 20.0 10.0
76.0 98.0 20.0 10.0
33.0 86.0 20.0 10.0
83.0 125.0 20.0 10.0
115.0 100.0 20.0 10.0
114.0 121.0 20.0 10.0
118.0 49.0 20.0 10.0
97.0 111.0 20.0 10.0
66.0 53.0 20.0 10.0
84.0 141.0 20.0 10.0
101.0 58.0 20.0 10.0
42.0 77.0 20.0 10.0
91.0 61.0 20.0 10.0
67.0 88.0 20.0 10.0
36.0 95.0 20.0 10.0
124.0 112.0 20.0 10.0
38.0 72.0 20.0 10.0
79.0 141.0 20.0 10.0
80.0 83.0 20.0 10.0
148.0 76.0 20.0 10.0
86.0 33.0 20.0 10.0
51.0 92.0 20.0 10.0
119.0 131.0 20.0 10.0
104.0 131.0 20.0 10.0
45.0 57.0 20.0 10.0
119.0 102.0 20.0 10.0
105.0 145.0 20.0 10.0
48.0 70.0 20.0 10.0
51.0 77.0 20.0 10.0
116.0 61.0 20.0 10.0
97.0 49.0 20.0 10.0
96.0 32.0 20.0 10.0
137.0 114.0 20.0 10.0
77.0 128.0 20.0 10.0
25.0 119.0 20.0 10.0
66.0 127.0 20.0 10.0
54.0 56.0 20.0 10.0
132.0 63.0 20.0 10.0
142.0 98.0 20.0 10.0
47.0 126.0 20.0 10.0
26.0 110.0 20.0 10.0
151.0 107.0 20.0 10.0
117.0 137.0 20.0 10.0
74.0 139.0 20.0 10.0
130.0 42.0 20.0 10.0
150.0 101.0 20.0 10.0
38.0 55.0 20.0 10.0
40.0 109.0 20.0 10.0
121.0 83.0 20.0 10.0
61.0 30.0 20.0 10.0
107.0 60.0 20.0 10.0
53.0 122.0 20.0 10.0
125.0 35.0 20.0 10.0
71.0 134.0 20.0 10.0
127.0 57.0 20.0 10.0
54.0 107.0 20.0 10.0
96.0 128.0 20.0 10.0
142.0 82.0 20.0 10.0
47.0 136.0 20.0 10.0
48.0 86.0 20.0 10.0
106.0 122.0 20.0 10.0
71.0 63.0 20.0 10.0
87.0 43.0 20.0 10.0
80.0 25.0 20.0 10.0
125.0 151.0 20.0 10.0
82.0 52.0 20.0 10.0
42.0 50.0 20.0 10.0
76.0 134.0 20.0 10.0
135.0 126.0 20.0 10.0
88.0 138.0 20.0 10.0
137.0 49.0 20.0 10.0
125.0 91.0 20.0 10.0
143.0 69.0 20.0 10.0
132.0 100.0 20.0 10.0
136.0 74.0 20.0 10.0
34.0 125.0 20.0 10.0
95.0 69.0 20.0 10.0
69.0 32.0 20.0 10.0
33.0 96.0 20.0 10.0
60.0 46.0 20.0 10.0
25.0 102.0 20.0 10.0
129.0 70.0 20.0 10.0
