200
86.0 77.0 20.0 10.0
106.0 89.0 20.0 10.0
101.0 88.0 20.0 10.0
82.0 74.0 20.0 10.0
94.0 78.0 20.0 10.0
94.0 95.0 20.0 10.0
96.0 94.0 20.0 10.0
94.0 87.0 20.0 10.0
102.0 70.0 20.0 10.0
87.0 83.0 20.0 10.0
88.0 84.0 20.0 10.0
80.0 95.0 20.0 10.0
90.0 78.0 20.0 10.0
73.0 88.0 20.0 10.0
84.0 56.0 20.0 10.0
72.0 70.0 20.0 10.0
82.0 63.0 20.0 10.0
92.0 56.0 20.0 10.0
110.0 105.0 20.0 10.0
89.0 68.0 20.0 10.0
76.0 96.0 20.0 10.0
91.0 51.0 20.0 10.0
67.0 101.0 20.0 10.0
72.0 109.0 20.0 10.0
59.0 77.0 20.0 10.0
115.0 93.0 20.0 10.0
89.0 96.0 20.0 10.0
59.0 60.0 20.0 10.0
62.0 70.0 20.0 10.0
110.0 74.0 20.0 10.0
76.0 81.0 20.0 10.0
91.0 110.0 20.0 10.0
57.0 80.0 20.0 10.0
103.0 63.0 20.0 10.0
104.0 92.0 20.0 10.0
92.0 105.0 20.0 10.0
102.0 48.0 20.0 10.0
65.0 96.0 20.0 10.0
112.0 55.0 20.0 10.0
74.0 94.0 20.0 10.0
68.0 55.0 20.0 10.0
69.0 104.0 20.0 10.0
111.0 68.0 20.0 10.0
109.0 85.0 20.0 10.0
89.0 115.0 20.0 10.0
119.0 87.0 20.0 10.0
54.0 70.0 20.0 10.0
90.0 62.0 20.0 10.0
86.0 105.0 20.0 10.0
70.0 66.0 20.0 10.0
128.0 84.0 20.0 10.0
90.0 120.0 20.0 10.0
76.0 64.0 20.0 10.0
59.0 107.0 20.0 10.0
97.0 65.0 20.0 10.0
98.0 91.0 20.0 10.0
102.0 83.0 20.0 10.0
115.0 60.0 20.0 10.0
120.0 75.0 20.0 10.0
76.0 73.0 20.0 10.0
82.0 114.0 20.0 10.0
53.0 88.0 20.0 10.0
51.0 62.0 20.0 10.0
104.0 42.0 20.0 10.0
130.0 67.0 20.0 10.0
100.0 122.0 20.0 10.0
103.0 122.0 20.0 10.0
108.0 129.0 20.0 10.0
59.0 95.0 20.0 10.0
93.0 82.0 20.0 10.0
92.0 90.0 20.0 10.0
106.0 70.0 20.0 10.0
96.0 36.0 20.0 10.0
82.0 87.0 20.0 10.0
124.0 87.0 20.0 10.0
56.0 49.0 20.0 10.0
102.0 37.0 20.0 10.0
134.0 77.0 20.0 10.0
106.0 57.0 20.0 10.0
80.0 104.0 20.0 10.0
125.0 79.0 20.0 10.0
112.0 45.0 20.0 10.0
44.0 87.0 20.0 10.0
100.0 113.0 20.0 10.0
54.0 101.0 20.0 10.0
51.0 50.0 20.0 10.0
38.0 105.0 20.0 10.0
66.0 115.0 20.0 10.0
70.0 119.0 20.0 10.0
39.0 90.0 20.0 10.0
130.0 57.0 20.0 10.0
59.0 100.0 20.0 10.0
69.0 91.0 20.0 10.0
83.0 47.0 20.0 10.0
93.0 84.0 20.0 10.0
120.0 104.0 20.0 10.0
126.0 55.0 20.0 10.0
76.0 119.0 20.0 10.0
114.0 74.0 20.0 10.0
24.0 67.0 20.0 10.0
43.0 72.0 20.0 10.0
87.0 35.0 20.0 10.0
116.0 54.0 20.0 10.0
116.0 68.0 20.0 10.0
122.0 49.0 20.0 10.0
75.0 60.0 20.0 10.0
124.0 65.0 20.0 10.0
80.0 45.0 20.0 10.0
62.0 86.0 20.0 10.0
52.0 80.0 20.0 10.0
135.0 82.0 20.0 10.0
114.0 101.0 20.0 10.0
63.0 80.0 20.0 10.0
85.0 31.0 20.0 10.0
102.0 67.0 20.0 10.0
136.0 46.0 20.0 10.0
131.0 71.0 20.0 10.0
67.0 74.0 20.0 10.0
50.0 114.0 20.0 10.0
59.0 69.0 20.0 10.0
95.0 44.0 20.0 10.0
97.0 117.0 20.0 10.0
43.0 96.0 20.0 10.0
108.0 90.0 20.0 10.0
55.0 62.0 20.0 10.0
65.0 45.0 20.0 10.0
115.0 34.0 20.0 10.0
99.0 110.0 20.0 10.0
134.0 102.0 20.0 10.0
129.0 108.0 20.0 10.0
73.0 47.0 20.0 10.0
126.0 116.0 20.0 10.0
114.0 124.0 20.0 10.0
51.0 98.0 20.0 10.0
108.0 120.0 20.0 10.0
53.0 42.0 20.0 10.0
67.0 136.0 20.0 10.0
64.0 52.0 20.0 10.0
136.0 113.0 20.0 10.0
78.0 31.0 20.0 10.0
78.0 37.0 20.0 10.0
91.0 127.0 20.0 10.0
73.0 125.0 20.0 10.0
136.0 108.0 20.0 10.0
58.0 37.0 20.0 10.0
98.0 104.0 20.0 10.0
50.0 29.0 20.0 10.0
143.0 76.0 20.0 10.0
40.0 55.0 20.0 10.0
117.0 50.0 20.0 10.0
65.0 61.0 20.0 10.0
54.0 75.0 20.0 10.0
132.0 92.0 20.0 10.0
46.0 79.0 20.0 10.0
100.0 27.0 20.0 10.0
59.0 119.0 20.0 10.0
48.0 105.0 20.0 10.0
123.0 127.0 20.0 10.0
110.0 126.0 20.0 10.0
131.0 35.0 20.0 10.0
128.0 72.0 20.0 10.0
96.0 127.0 20.0 10.0
147.0 98.0 20.0 10.0
65.0 91.0 20.0 10.0
107.0 45.0 20.0 10.0
120.0 121.0 20.0 10.0
121.0 60.0 20.0 10.0
55.0 114.0 20.0 10.0
70.0 33.0 20.0 10.0
34.0 119.0 20.0 10.0
62.0 123.0 20.0 10.0
41.0 83.0 20.0 10.0
123.0 100.0 20.0 10.0
119.0 112.0 20.0 10.0
81.0 133.0 20.0 10.0
110.0 114.0 20.0 10.0
57.0 122.0 20.0 10.0
138.0 68.0 20.0 10.0
76.0 52.0 20.0 10.0
93.0 37.0 20.0 10.0
84.0 51.0 20.0 10.0
58.0 24.0 20.0 10.0
137.0 60.0 20.0 10.0
50.0 71.0 20.0 10.0
105.0 108.0 20.0 10.0
122.0 93.0 20.0 10.0
49.0 93.0 20.0 10.0
71.0 77.0 20.0 10.0
144.0 79.0 20.0 10.0
61.0 34.0 20.0 10.0
43.0 44.0 20.0 10.0
144.0 86.0 20.0 10.0
106.0 50.0 20.0 10.0
111.0 30.0 20.0 10.0
95.0 27.0 20.0 10.0
93.0 146.0 20.0 10.0
38.0 64.0 20.0 10.0
79.0 126.0 20.0 10.0
70.0 132.0 20.0 10.0
31.0 93.0 20.0 10.0
