200
73.0 84.0 20.0 10.0
82.0 91.0 20.0 10.0
90.0 88.0 20.0 10.0
77.0 94.0 20.0 10.0
88.0 96.0 20.0 10.0
73.0 90.0 20.0 10.0
80.0 82.0 20.0 10.0
87.0 68.0 20.0 10.0
78.0 79.0 20.0 10.0
71.0 74.0 20.0 10.0
50.0 104.0 20.0 10.0
74.0 86.0 20.0 10.0
67.0 71.0 20.0 10.0
80.0 86.0 20.0 10.0
96.0 87.0 20.0 10.0
73.0 94.0 20.0 10.0
66.0 99.0 20.0 10.0
93.0 72.0 20.0 10.0
77.0 63.0 20.0 10.0
65.0 91.0 20.0 10.0
73.0 102.0 20.0 10.0
112.0 96.0 20.0 10.0
78.0 99.0 20.0 10.0
69.0 79.0 20.0 10.0
67.0 83.0 20.0 10.0
86.0 91.0 20.0 10.0
108.0 95.0 20.0 10.0
85.0 86.0 20.0 10.0
95.0 107.0 20.0 10.0
51.0 73.0 20.0 10.0
82.0 64.0 20.0 10.0
64.0 68.0 20.0 10.0
62.0 106.0 20.0 10.0
69.0 89.0 20.0 10.0
51.0 92.0 20.0 10.0
67.0 128.0 20.0 10.0
61.0 75.0 20.0 10.0
100.0 73.0 20.0 10.0
73.0 65.0 20.0 10.0
83.0 109.0 20.0 10.0
93.0 84.0 20.0 10.0
43.0 70.0 20.0 10.0
89.0 104.0 20.0 10.0
97.0 101.0 20.0 10.0
98.0 114.0 20.0 10.0
83.0 54.0 20.0 10.0
87.0 72.0 20.0 10.0
82.0 76.0 20.0 10.0
54.0 63.0 20.0 10.0
101.0 81.0 20.0 10.0
41.0 65.0 20.0 10.0
92.0 102.0 20.0 10.0
99.0 78.0 20.0 10.0
93.0 94.0 20.0 10.0
99.0 118.0 20.0 10.0
56.0 122.0 20.0 10.0
91.0 59.0 20.0 10.0
96.0 61.0 20.0 10.0
86.0 75.0 20.0 10.0
97.0 53.0 20.0 10.0
106.0 61.0 20.0 10.0
62.0 90.0 20.0 10.0
102.0 107.0 20.0 10.0
58.0 79.0 20.0 10.0
50.0 99.0 20.0 10.0
67.0 115.0 20.0 10.0
89.0 38.0 20.0 10.0
110.0 64.0 20.0 10.0
93.0 77.0 20.0 10.0
90.0 122.0 20.0 10.0
82.0 122.0 20.0 10.0
65.0 65.0 20.0 10.0
58.0 67.0 20.0 10.0
40.0 79.0 20.0 10.0
101.0 89.0 20.0 10.0
52.0 85.0 20.0 10.0
109.0 83.0 20.0 10.0
55.0 97.0 20.0 10.0
84.0 81.0 20.0 10.0
67.0 48.0 20.0 10.0
29.0 100.0 20.0 10.0
115.0 104.0 20.0 10.0
59.0 105.0 20.0 10.0
84.0 133.0 20.0 10.0
96.0 66.0 20.0 10.0
106.0 70.0 20.0 10.0
86.0 61.0 20.0 10.0
53.0 53.0 20.0 10.0
57.0 113.0 20.0 10.0
63.0 121.0 20.0 10.0
106.0 57.0 20.0 10.0
36.0 103.0 20.0 10.0
121.0 91.0 20.0 10.0
85.0 46.0 20.0 10.0
123.0 83.0 20.0 10.0
103.0 121.0 20.0 10.0
120.0 68.0 20.0 10.0
69.0 44.0 20.0 10.0
54.0 59.0 20.0 10.0
82.0 115.0 20.0 10.0
106.0 99.0 20.0 10.0
61.0 115.0 20.0 10.0
117.0 81.0 20.0 10.0
101.0 122.0 20.0 10.0
39.0 86.0 20.0 10.0
111.0 50.0 20.0 10.0
68.0 56.0 20.0 10.0
37.0 125.0 20.0 10.0
47.0 65.0 20.0 10.0
69.0 107.0 20.0 10.0
130.0 106.0 20.0 10.0
25.0 81.0 20.0 10.0
128.0 68.0 20.0 10.0
75.0 133.0 20.0 10.0
75.0 127.0 20.0 10.0
113.0 69.0 20.0 10.0
115.0 88.0 20.0 10.0
38.0 93.0 20.0 10.0
127.0 78.0 20.0 10.0
115.0 65.0 20.0 10.0
89.0 117.0 20.0 10.0
114.0 83.0 20.0 10.0
63.0 137.0 20.0 10.0
87.0 134.0 20.0 10.0
113.0 40.0 20.0 10.0
93.0 44.0 20.0 10.0
55.0 47.0 20.0 10.0
73.0 41.0 20.0 10.0
127.0 98.0 20.0 10.0
60.0 86.0 20.0 10.0
76.0 114.0 20.0 10.0
79.0 102.0 20.0 10.0
34.0 107.0 20.0 10.0
80.0 130.0 20.0 10.0
34.0 45.0 20.0 10.0
51.0 117.0 20.0 10.0
66.0 122.0 20.0 10.0
100.0 57.0 20.0 10.0
59.0 53.0 20.0 10.0
42.0 114.0 20.0 10.0
104.0 135.0 20.0 10.0
72.0 55.0 20.0 10.0
46.0 116.0 20.0 10.0
60.0 45.0 20.0 10.0
129.0 102.0 20.0 10.0
44.0 79.0 20.0 10.0
88.0 50.0 20.0 10.0
30.0 95.0 20.0 10.0
65.0 36.0 20.0 10.0
28.0 76.0 20.0 10.0
59.0 25.0 20.0 10.0
48.0 61.0 20.0 10.0
96.0 35.0 20.0 10.0
53.0 141.0 20.0 10.0
54.0 103.0 20.0 10.0
31.0 72.0 20.0 10.0
108.0 113.0 20.0 10.0
50.0 135.0 20.0 10.0
94.0 137.0 20.0 10.0
25.0 92.0 20.0 10.0
132.0 87.0 20.0 10.0
116.0 72.0 20.0 10.0
47.0 46.0 20.0 10.0
111.0 105.0 20.0 10.0
40.0 98.0 20.0 10.0
97.0 138.0 20.0 10.0
99.0 48.0 20.0 10.0
106.0 116.0 20.0 10.0
62.0 140.0 20.0 10.0
141.0 65.0 20.0 10.0
64.0 55.0 20.0 10.0
60.0 70.0 20.0 10.0
113.0 77.0 20.0 10.0
119.0 97.0 20.0 10.0
117.0 111.0 20.0 10.0
112.0 126.0 20.0 10.0
37.0 82.0 20.0 10.0
96.0 130.0 20.0 10.0
31.0 68.0 20.0 10.0
91.0 137.0 20.0 10.0
136.0 109.0 20.0 10.0
70.0 137.0 20.0 10.0
125.0 49.0 20.0 10.0
44.0 106.0 20.0 10.0
127.0 88.0 20.0 10.0
74.0 34.0 20.0 10.0
45.0 55.0 20.0 10.0
80.0 36.0 20.0 10.0
90.0 127.0 20.0 10.0
116.0 119.0 20.0 10.0
103.0 29.0 20.0 10.0
98.0 127.0 20.0 10.0
82.0 27.0 20.0 10.0
77.0 50.0 20.0 10.0
34.0 59.0 20.0 10.0
104.0 46.0 20.0 10.0
121.0 113.0 20.0 10.0
122.0 109.0 20.0 10.0
118.0 58.0 20.0 10.0
62.0 129.0 20.0 10.0
