200
99.0 92.0 20.0 10.0
81.0 95.0 20.0 10.0
73.0 90.0 20.0 10.0
73.0 92.0 20.0 10.0
81.0 77.0 20.0 10.0
88.0 82.0 20.0 10.0
76.0 94.0 20.0 10.0
94.0 100.0 20.0 10.0
87.0 74.0 20.0 10.0
92.0 78.0 20.0 10.0
110.0 102.0 20.0 10.0
107.0 91.0 20.0 10.0
80.0 124.0 20.0 10.0
78.0 89.0 20.0 10.0
91.0 89.0 20.0 10.0
87.0 85.0 20.0 10.0
66.0 64.0 20.0 10.0
96.0 63.0 20.0 10.0
79.0 81.0 20.0 10.0
90.0 59.0 20.0 10.0
87.0 62.0 20.0 10.0
100.0 74.0 20.0 10.0
96.0 118.0 20.0 10.0
77.0 99.0 20.0 10.0
112.0 70.0 20.0 10.0
95.0 112.0 20.0 10.0
106.0 88.0 20.0 10.0
108.0 124.0 20.0 10.0
84.0 94.0 20.0 10.0
70.0 90.0 20.0 10.0
109.0 108.0 20.0 10.0
94.0 95.0 20.0 10.0
94.0 84.0 20.0 10.0
90.0 70.0 20.0 10.0
75.0 106.0 20.0 10.0
93.0 120.0 20.0 10.0
73.0 57.0 20.0 10.0
104.0 104.0 20.0 10.0
70.0 72.0 20.0 10.0
99.0 106.0 20.0 10.0
86.0 121.0 20.0 10.0
116.0 99.0 20.0 10.0
89.0 107.0 20.0 10.0
66.0 106.0 20.0 10.0
78.0 64.0 20.0 10.0
99.0 102.0 20.0 10.0
79.0 35.0 20.0 10.0
73.0 62.0 20.0 10.0
53.0 64.0 20.0 10.0
56.0 80.0 20.0 10.0
71.0 97.0 20.0 10.0
59.0 103.0 20.0 10.0
117.0 85.0 20.0 10.0
56.0 88.0 20.0 10.0
103.0 36.0 20.0 10.0
85.0 107.0 20.0 10.0
99.0 111.0 20.0 10.0
91.0 102.0 20.0 10.0
55.0 78.0 20.0 10.0
73.0 67.0 20.0 10.0
66.0 70.0 20.0 10.0
99.0 51.0 20.0 10.0
37.0 68.0 20.0 10.0
52.0 94.0 20.0 10.0
115.0 93.0 20.0 10.0
97.0 46.0 20.0 10.0
64.0 94.0 20.0 10.0
116.0 129.0 20.0 10.0
101.0 59.0 20.0 10.0
86.0 113.0 20.0 10.0
63.0 111.0 20.0 10.0
64.0 59.0 20.0 10.0
61.0 89.0 20.0 10.0
57.0 60.0 20.0 10.0
40.0 109.0 20.0 10.0
46.0 89.0 20.0 10.0
116.0 66.0 20.0 10.0
68.0 116.0 20.0 10.0
99.0 134.0 20.0 10.0
107.0 52.0 20.0 10.0
61.0 71.0 20.0 10.0
112.0 58.0 20.0 10.0
88.0 128.0 20.0 10.0
49.0 71.0 20.0 10.0
62.0 123.0 20.0 10.0
79.0 53.0 20.0 10.0
130.0 84.0 20.0 10.0
57.0 117.0 20.0 10.0
93.0 137.0 20.0 10.0
60.0 82.0 20.0 10.0
61.0 98.0 20.0 10.0
49.0 100.0 20.0 10.0
47.0 92.0 20.0 10.0
116.0 77.0 20.0 10.0
93.0 58.0 20.0 10.0
118.0 114.0 20.0 10.0
103.0 121.0 20.0 10.0
73.0 121.0 20.0 10.0
86.0 135.0 20.0 10.0
28.0 70.0 20.0 10.0
95.0 133.0 20.0 10.0
113.0 120.0 20.0 10.0
30.0 108.0 20.0 10.0
73.0 76.0 20.0 10.0
109.0 77.0 20.0 10.0
83.0 72.0 20.0 10.0
59.0 113.0 20.0 10.0
43.0 118.0 20.0 10.0
105.0 78.0 20.0 10.0
57.0 50.0 20.0 10.0
46.0 81.0 20.0 10.0
44.0 55.0 20.0 10.0
101.0 86.0 20.0 10.0
75.0 127.0 20.0 10.0
55.0 127.0 20.0 10.0
116.0 73.0 20.0 10.0
128.0 57.0 20.0 10.0
104.0 64.0 20.0 10.0
106.0 114.0 20.0 10.0
70.0 54.0 20.0 10.0
71.0 45.0 20.0 10.0
128.0 105.0 20.0 10.0
44.0 78.0 20.0 10.0
94.0 50.0 20.0 10.0
68.0 129.0 20.0 10.0
112.0 63.0 20.0 10.0
82.0 48.0 20.0 10.0
40.0 74.0 20.0 10.0
77.0 115.0 20.0 10.0
122.0 66.0 20.0 10.0
51.0 126.0 20.0 10.0
122.0 95.0 20.0 10.0
53.0 55.0 20.0 10.0
77.0 25.0 20.0 10.0
80.0 120.0 20.0 10.0
117.0 110.0 20.0 10.0
118.0 45.0 20.0 10.0
44.0 97.0 20.0 10.0
60.0 45.0 20.0 10.0
120.0 76.0 20.0 10.0
51.0 106.0 20.0 10.0
118.0 89.0 20.0 10.0
104.0 67.0 20.0 10.0
108.0 32.0 20.0 10.0
65.0 54.0 20.0 10.0
76.0 45.0 20.0 10.0
40.0 87.0 20.0 10.0
75.0 86.0 20.0 10.0
67.0 123.0 20.0 10.0
49.0 48.0 20.0 10.0
45.0 70.0 20.0 10.0
106.0 136.0 20.0 10.0
68.0 49.0 20.0 10.0
82.0 29.0 20.0 10.0
41.0 66.0 20.0 10.0
35.0 80.0 20.0 10.0
123.0 48.0 20.0 10.0
104.0 41.0 20.0 10.0
25.0 83.0 20.0 10.0
92.0 42.0 20.0 10.0
59.0 67.0 20.0 10.0
119.0 81.0 20.0 10.0
66.0 137.0 20.0 10.0
110.0 45.0 20.0 10.0
138.0 98.0 20.0 10.0
120.0 35.0 20.0 10.0
128.0 72.0 20.0 10.0
52.0 88.0 20.0 10.0
78.0 41.0 20.0 10.0
135.0 80.0 20.0 10.0
43.0 121.0 20.0 10.0
110.0 130.0 20.0 10.0
72.0 110.0 20.0 10.0
132.0 114.0 20.0 10.0
49.0 54.0 20.0 10.0
131.0 93.0 20.0 10.0
38.0 104.0 20.0 10.0
104.0 57.0 20.0 10.0
96.0 29.0 20.0 10.0
51.0 133.0 20.0 10.0
51.0 39.0 20.0 10.0
120.0 106.0 20.0 10.0
131.0 66.0 20.0 10.0
34.0 54.0 20.0 10.0
31.0 76.0 20.0 10.0
125.0 99.0 20.0 10.0
86.0 50.0 20.0 10.0
28.0 94.0 20.0 10.0
61.0 132.0 20.0 10.0
126.0 82.0 20.0 10.0
112.0 114.0 20.0 10.0
133.0 132.0 20.0 10.0
128.0 88.0 20.0 10.0
126.0 109.0 20.0 10.0
69.0 32.0 20.0 10.0
33.0 120.0 20.0 10.0
138.0 87.0 20.0 10.0
134.0 70.0 20.0 10.0
57.0 42.0 20.0 10.0
139.0 41.0 20.0 10.0
