200
73.0 83.0 20.0 10.0
74.0 92.0 20.0 10.0
77.0 94.0 20.0 10.0
82.0 83.0 20.0 10.0
72.0 74.0 20.0 10.0
77.0 76.0 20.0 10.0
88.0 92.0 20.0 10.0
71.0 96.0 20.0 10.0
76.0 80.0 20.0 10.0
80.0 84.0 20.0 10.0
92.0 68.0 20.0 10.0
101.0 92.0 20.0 10.0
60.0 71.0 20.0 10.0
96.0 77.0 20.0 10.0
90.0 61.0 20.0 10.0
89.0 79.0 20.0 10.0
84.0 54.0 20.0 10.0
58.0 56.0 20.0 10.0
79.0 70.0 20.0 10.0
90.0 102.0 20.0 10.0
95.0 82.0 20.0 10.0
95.0 112.0 20.0 10.0
57.0 110.0 20.0 10.0
79.0 63.0 20.0 10.0
103.0 55.0 20.0 10.0
93.0 98.0 20.0 10.0
76.0 62.0 20.0 10.0
82.0 98.0 20.0 10.0
96.0 62.0 20.0 10.0
70.0 80.0 20.0 10.0
53.0 100.0 20.0 10.0
97.0 74.0 20.0 10.0
119.0 83.0 20.0 10.0
99.0 96.0 20.0 10.0
98.0 66.0 20.0 10.0
65.0 94.0 20.0 10.0
78.0 104.0 20.0 10.0
85.0 65.0 20.0 10.0
61.0 47.0 20.0 10.0
61.0 64.0 20.0 10.0
99.0 112.0 20.0 10.0
51.0 67.0 20.0 10.0
72.0 68.0 20.0 10.0
118.0 63.0 20.0 10.0
111.0 79.0 20.0 10.0
57.0 95.0 20.0 10.0
75.0 103.0 20.0 10.0
55.0 69.0 20.0 10.0
98.0 85.0 20.0 10.0
69.0 55.0 20.0 10.0
65.0 99.0 20.0 10.0
95.0 68.0 20.0 10.0
67.0 73.0 20.0 10.0
102.0 46.0 20.0 10.0
63.0 113.0 20.0 10.0
77.0 50.0 20.0 10.0
66.0 40.0 20.0 10.0
76.0 97.0 20.0 10.0
114.0 95.0 20.0 10.0
104.0 68.0 20.0 10.0
94.0 47.0 20.0 10.0
73.0 53.0 20.0 10.0
87.0 111.0 20.0 10.0
85.0 31.0 20.0 10.0
56.0 89.0 20.0 10.0
107.0 56.0 20.0 10.0
44.0 80.0 20.0 10.0
102.0 127.0 20.0 10.0
74.0 113.0 20.0 10.0
53.0 93.0 20.0 10.0
109.0 67.0 20.0 10.0
110.0 72.0 20.0 10.0
62.0 124.0 20.0 10.0
91.0 129.0 20.0 10.0
75.0 129.0 20.0 10.0
107.0 70.0 20.0 10.0
81.0 96.0 20.0 10.0
25.0 66.0 20.0 10.0
42.0 77.0 20.0 10.0
80.0 116.0 20.0 10.0
60.0 104.0 20.0 10.0
128.0 83.0 20.0 10.0
130.0 65.0 20.0 10.0
39.0 111.0 20.0 10.0
43.0 90.0 20.0 10.0
75.0 46.0 20.0 10.0
47.0 59.0 20.0 10.0
58.0 80.0 20.0 10.0
106.0 64.0 20.0 10.0
70.0 59.0 20.0 10.0
50.0 106.0 20.0 10.0
118.0 57.0 20.0 10.0
30.0 94.0 20.0 10.0
81.0 51.0 20.0 10.0
38.0 75.0 20.0 10.0
89.0 48.0 20.0 10.0
65.0 85.0 20.0 10.0
77.0 40.0 20.0 10.0
114.0 87.0 20.0 10.0
96.0 128.0 20.0 10.0
117.0 98.0 20.0 10.0
78.0 125.0 20.0 10.0
67.0 119.0 20.0 10.0
108.0 116.0 20.0 10.0
100.0 42.0 20.0 10.0
102.0 109.0 20.0 10.0
55.0 125.0 20.0 10.0
72.0 42.0 20.0 10.0
136.0 95.0 20.0 10.0
83.0 37.0 20.0 10.0
44.0 104.0 20.0 10.0
85.0 77.0 20.0 10.0
46.0 64.0 20.0 10.0
114.0 109.0 20.0 10.0
50.0 75.0 20.0 10.0
39.0 83.0 20.0 10.0
106.0 103.0 20.0 10.0
126.0 96.0 20.0 10.0
82.0 136.0 20.0 10.0
100.0 133.0 20.0 10.0
64.0 63.0 20.0 10.0
109.0 36.0 20.0 10.0
71.0 124.0 20.0 10.0
34.0 71.0 20.0 10.0
85.0 131.0 20.0 10.0
31.0 98.0 20.0 10.0
97.0 101.0 20.0 10.0
34.0 48.0 20.0 10.0
106.0 28.0 20.0 10.0
55.0 50.0 20.0 10.0
126.0 71.0 20.0 10.0
61.0 42.0 20.0 10.0
107.0 93.0 20.0 10.0
71.0 63.0 20.0 10.0
71.0 30.0 20.0 10.0
88.0 128.0 20.0 10.0
118.0 43.0 20.0 10.0
72.0 116.0 20.0 10.0
84.0 48.0 20.0 10.0
56.0 42.0 20.0 10.0
35.0 57.0 20.0 10.0
45.0 115.0 20.0 10.0
83.0 118.0 20.0 10.0
119.0 121.0 20.0 10.0
108.0 46.0 20.0 10.0
114.0 71.0 20.0 10.0
99.0 35.0 20.0 10.0
42.0 38.0 20.0 10.0
55.0 25.0 20.0 10.0
75.0 30.0 20.0 10.0
140.0 38.0 20.0 10.0
140.0 65.0 20.0 10.0
42.0 47.0 20.0 10.0
60.0 90.0 20.0 10.0
35.0 89.0 20.0 10.0
121.0 59.0 20.0 10.0
53.0 116.0 20.0 10.0
109.0 109.0 20.0 10.0
100.0 51.0 20.0 10.0
70.0 104.0 20.0 10.0
141.0 88.0 20.0 10.0
35.0 102.0 20.0 10.0
92.0 38.0 20.0 10.0
54.0 80.0 20.0 10.0
56.0 103.0 20.0 10.0
81.0 32.0 20.0 10.0
46.0 46.0 20.0 10.0
43.0 71.0 20.0 10.0
124.0 101.0 20.0 10.0
109.0 53.0 20.0 10.0
81.0 129.0 20.0 10.0
67.0 50.0 20.0 10.0
28.0 82.0 20.0 10.0
58.0 132.0 20.0 10.0
65.0 27.0 20.0 10.0
25.0 75.0 20.0 10.0
63.0 34.0 20.0 10.0
45.0 95.0 20.0 10.0
91.0 119.0 20.0 10.0
115.0 105.0 20.0 10.0
96.0 43.0 20.0 10.0
120.0 76.0 20.0 10.0
113.0 132.0 20.0 10.0
117.0 50.0 20.0 10.0
34.0 36.0 20.0 10.0
128.0 51.0 20.0 10.0
127.0 108.0 20.0 10.0
125.0 116.0 20.0 10.0
136.0 87.0 20.0 10.0
66.0 133.0 20.0 10.0
102.0 99.0 20.0 10.0
56.0 60.0 20.0 10.0
43.0 98.0 20.0 10.0
89.0 43.0 20.0 10.0
110.0 88.0 20.0 10.0
125.0 87.0 20.0 10.0
138.0 77.0 20.0 10.0
135.0 69.0 20.0 10.0
133.0 82.0 20.0 10.0
46.0 119.0 20.0 10.0
