200
84.0 90.0 20.0 10.0
78.0 68.0 20.0 10.0
81.0 83.0 20.0 10.0
58.0 81.0 20.0 10.0
81.0 64.0 20.0 10.0
73.0 74.0 20.0 10.0
86.0 87.0 20.0 10.0
66.0 81.0 20.0 10.0
95.0 73.0 20.0 10.0
107.0 64.0 20.0 10.0
79.0 87.0 20.0 10.0
90.0 70.0 20.0 10.0
76.0 64.0 20.0 10.0
88.0 104.0 20.0 10.0
74.0 82.0 20.0 10.0
86.0 99.0 20.0 10.0
74.0 84.0 20.0 10.0
89.0 82.0 20.0 10.0
85.0 96.0 20.0 10.0
102.0 87.0 20.0 10.0
59.0 74.0 20.0 10.0
110.0 100.0 20.0 10.0
119.0 83.0 20.0 10.0
73.0 67.0 20.0 10.0
84.0 72.0 20.0 10.0
57.0 94.0 20.0 10.0
69.0 39.0 20.0 10.0
79.0 99.0 20.0 10.0
102.0 108.0 20.0 10.0
102.0 100.0 20.0 10.0
90.0 96.0 20.0 10.0
44.0 65.0 20.0 10.0
44.0 89.0 20.0 10.0
44.0 100.0 20.0 10.0
100.0 82.0 20.0 10.0
42.0 83.0 20.0 10.0
82.0 58.0 20.0 10.0
67.0 85.0 20.0 10.0
50.0 109.0 20.0 10.0
96.0 103.0 20.0 10.0
85.0 73.0 20.0 10.0
61.0 52.0 20.0 10.0
66.0 75.0 20.0 10.0
62.0 97.0 20.0 10.0
101.0 62.0 20.0 10.0
76.0 74.0 20.0 10.0
104.0 58.0 20.0 10.0
72.0 91.0 20.0 10.0
109.0 68.0 20.0 10.0
93.0 109.0 20.0 10.0
65.0 92.0 20.0 10.0
53.0 63.0 20.0 10.0
65.0 65.0 20.0 10.0
71.0 51.0 20.0 10.0
106.0 77.0 20.0 10.0
96.0 91.0 20.0 10.0
90.0 47.0 20.0 10.0
67.0 118.0 20.0 10.0
73.0 41.0 20.0 10.0
115.0 94.0 20.0 10.0
36.0 82.0 20.0 10.0
69.0 103.0 20.0 10.0
62.0 116.0 20.0 10.0
84.0 50.0 20.0 10.0
40.0 70.0 20.0 10.0
109.0 89.0 20.0 10.0
108.0 93.0 20.0 10.0
90.0 119.0 20.0 10.0
111.0 61.0 20.0 10.0
78.0 138.0 20.0 10.0
44.0 107.0 20.0 10.0
67.0 52.0 20.0 10.0
75.0 50.0 20.0 10.0
35.0 98.0 20.0 10.0
78.0 78.0 20.0 10.0
49.0 96.0 20.0 10.0
101.0 121.0 20.0 10.0
64.0 104.0 20.0 10.0
116.0 116.0 20.0 10.0
36.0 59.0 20.0 10.0
58.0 105.0 20.0 10.0
105.0 84.0 20.0 10.0
73.0 96.0 20.0 10.0
82.0 36.0 20.0 10.0
41.0 95.0 20.0 10.0
88.0 56.0 20.0 10.0
52.0 69.0 20.0 10.0
54.0 51.0 20.0 10.0
87.0 41.0 20.0 10.0
98.0 66.0 20.0 10.0
45.0 47.0 20.0 10.0
95.0 95.0 20.0 10.0
113.0 89.0 20.0 10.0
89.0 26.0 20.0 10.0
120.0 66.0 20.0 10.0
110.0 83.0 20.0 10.0
92.0 35.0 20.0 10.0
78.0 107.0 20.0 10.0
98.0 57.0 20.0 10.0
51.0 89.0 20.0 10.0
129.0 58.0 20.0 10.0
49.0 122.0 20.0 10.0
110.0 56.0 20.0 10.0
124.0 77.0 20.0 10.0
35.0 106.0 20.0 10.0
118.0 78.0 20.0 10.0
110.0 78.0 20.0 10.0
64.0 47.0 20.0 10.0
94.0 114.0 20.0 10.0
117.0 73.0 20.0 10.0
130.0 95.0 20.0 10.0
41.0 53.0 20.0 10.0
60.0 68.0 20.0 10.0
49.0 103.0 20.0 10.0
40.0 74.0 20.0 10.0
53.0 45.0 20.0 10.0
120.0 89.0 20.0 10.0
117.0 65.0 20.0 10.0
99.0 52.0 20.0 10.0
73.0 57.0 20.0 10.0
100.0 112.0 20.0 10.0
71.0 99.0 20.0 10.0
106.0 46.0 20.0 10.0
54.0 85.0 20.0 10.0
55.0 116.0 20.0 10.0
33.0 88.0 20.0 10.0
104.0 50.0 20.0 10.0
49.0 117.0 20.0 10.0
77.0 122.0 20.0 10.0
128.0 33.0 20.0 10.0
96.0 45.0 20.0 10.0
26.0 66.0 20.0 10.0
70.0 129.0 20.0 10.0
72.0 114.0 20.0 10.0
117.0 108.0 20.0 10.0
105.0 38.0 20.0 10.0
74.0 107.0 20.0 10.0
45.0 80.0 20.0 10.0
106.0 73.0 20.0 10.0
117.0 55.0 20.0 10.0
112.0 48.0 20.0 10.0
85.0 113.0 20.0 10.0
58.0 25.0 20.0 10.0
81.0 132.0 20.0 10.0
87.0 132.0 20.0 10.0
104.0 95.0 20.0 10.0
46.0 71.0 20.0 10.0
126.0 108.0 20.0 10.0
100.0 32.0 20.0 10.0
69.0 122.0 20.0 10.0
121.0 113.0 20.0 10.0
82.0 139.0 20.0 10.0
97.0 123.0 20.0 10.0
88.0 32.0 20.0 10.0
45.0 142.0 20.0 10.0
97.0 115.0 20.0 10.0
66.0 135.0 20.0 10.0
111.0 40.0 20.0 10.0
55.0 35.0 20.0 10.0
59.0 41.0 20.0 10.0
59.0 56.0 20.0 10.0
94.0 128.0 20.0 10.0
144.0 72.0 20.0 10.0
63.0 120.0 20.0 10.0
48.0 42.0 20.0 10.0
121.0 31.0 20.0 10.0
31.0 52.0 20.0 10.0
80.0 116.0 20.0 10.0
76.0 39.0 20.0 10.0
126.0 98.0 20.0 10.0
113.0 122.0 20.0 10.0
137.0 86.0 20.0 10.0
33.0 78.0 20.0 10.0
135.0 100.0 20.0 10.0
60.0 125.0 20.0 10.0
30.0 60.0 20.0 10.0
118.0 59.0 20.0 10.0
38.0 87.0 20.0 10.0
134.0 90.0 20.0 10.0
102.0 78.0 20.0 10.0
94.0 27.0 20.0 10.0
73.0 29.0 20.0 10.0
25.0 110.0 20.0 10.0
92.0 136.0 20.0 10.0
117.0 102.0 20.0 10.0
88.0 121.0 20.0 10.0
100.0 40.0 20.0 10.0
64.0 32.0 20.0 10.0
107.0 133.0 20.0 10.0
60.0 122.0 20.0 10.0
129.0 123.0 20.0 10.0
43.0 58.0 20.0 10.0
73.0 126.0 20.0 10.0
123.0 72.0 20.0 10.0
56.0 113.0 20.0 10.0
108.0 109.0 20.0 10.0
93.0 42.0 20.0 10.0
123.0 86.0 20.0 10.0
121.0 49.0 20.0 10.0
79.0 25.0 20.0 10.0
