200
127.0 109.0 20.0 10.0
92.0 119.0 20.0 10.0
97.0 104.0 20.0 10.0
104.0 123.0 20.0 10.0
82.0 119.0 20.0 10.0
102.0 92.0 20.0 10.0
84.0 86.0 20.0 10.0
104.0 68.0 20.0 10.0
25.0 59.0 20.0 10.0
93.0 130.0 20.0 10.0
62.0 76.0 20.0 10.0
78.0 117.0 20.0 10.0
65.0 115.0 20.0 10.0
121.0 83.0 20.0 10.0
89.0 113.0 20.0 10.0
90.0 124.0 20.0 10.0
127.0 102.0 20.0 10.0
97.0 66.0 20.0 10.0
73.0 100.0 20.0 10.0
118.0 100.0 20.0 10.0
119.0 69.0 20.0 10.0
118.0 73.0 20.0 10.0
151.0 57.0 20.0 10.0
88.0 86.0 20.0 10.0
103.0 96.0 20.0 10.0
88.0 58.0 20.0 10.0
75.0 114.0 20.0 10.0
116.0 37.0 20.0 10.0
64.0 110.0 20.0 10.0
101.0 100.0 20.0 10.0
83.0 102.0 20.0 10.0
64.0 125.0 20.0 10.0
120.0 114.0 20.0 10.0
72.0 95.0 20.0 10.0
63.0 121.0 20.0 10.0
84.0 77.0 20.0 10.0
140.0 89.0 20.0 10.0
122.0 110.0 20.0 10.0
64.0 55.0 20.0 10.0
91.0 77.0 20.0 10.0
119.0 140.0 20.0 10.0
68.0 105.0 20.0 10.0
105.0 59.0 20.0 10.0
57.0 93.0 20.0 10.0
63.0 133.0 20.0 10.0
98.0 58.0 20.0 10.0
104.0 81.0 20.0 10.0
158.0 81.0 20.0 10.0
55.0 62.0 20.0 10.0
123.0 93.0 20.0 10.0
122.0 81.0 20.0 10.0
68.0 125.0 20.0 10.0
55.0 85.0 20.0 10.0
84.0 92.0 20.0 10.0
105.0 109.0 20.0 10.0
96.0 122.0 20.0 10.0
89.0 94.0 20.0 10.0
156.0 136.0 20.0 10.0
57.0 116.0 20.0 10.0
113.0 122.0 20.0 10.0
113.0 79.0 20.0 10.0
104.0 101.0 20.0 10.0
109.0 54.0 20.0 10.0
115.0 127.0 20.0 10.0
88.0 50.0 20.0 10.0
126.0 54.0 20.0 10.0
114.0 99.0 20.0 10.0
77.0 148.0 20.0 10.0
108.0 127.0 20.0 10.0
140.0 134.0 20.0 10.0
74.0 31.0 20.0 10.0
129.0 82.0 20.0 10.0
99.0 87.0 20.0 10.0
70.0 80.0 20.0 10.0
103.0 105.0 20.0 10.0
163.0 31.0 20.0 10.0
61.0 65.0 20.0 10.0
118.0 134.0 20.0 10.0
92.0 53.0 20.0 10.0
115.0 117.0 20.0 10.0
84.0 57.0 20.0 10.0
138.0 121.0 20.0 10.0
111.0 111.0 20.0 10.0
98.0 27.0 20.0 10.0
40.0 116.0 20.0 10.0
101.0 83.0 20.0 10.0
62.0 95.0 20.0 10.0
69.0 63.0 20.0 10.0
113.0 55.0 20.0 10.0
107.0 105.0 20.0 10.0
126.0 126.0 20.0 10.0
88.0 111.0 20.0 10.0
55.0 24.0 20.0 10.0
82.0 110.0 20.0 10.0
115.0 73.0 20.0 10.0
110.0 84.0 20.0 10.0
81.0 78.0 20.0 10.0
139.0 112.0 20.0 10.0
79.0 122.0 20.0 10.0
106.0 132.0 20.0 10.0
103.0 36.0 20.0 10.0
72.0 123.0 20.0 10.0
125.0 62.0 20.0 10.0
147.0 112.0 20.0 10.0
164.0 114.0 20.0 10.0
98.0 139.0 20.0 10.0
146.0 80.0 20.0 10.0
57.0 124.0 20.0 10.0
133.0 112.0 20.0 10.0
59.0 98.0 20.0 10.0
69.0 98.0 20.0 10.0
96.0 73.0 20.0 10.0
67.0 44.0 20.0 10.0
134.0 79.0 20.0 10.0
111.0 89.0 20.0 10.0
109.0 43.0 20.0 10.0
37.0 99.0 20.0 10.0
69.0 56.0 20.0 10.0
76.0 68.0 20.0 10.0
42.0 94.0 20.0 10.0
139.0 93.0 20.0 10.0
87.0 76.0 20.0 10.0
132.0 95.0 20.0 10.0
107.0 93.0 20.0 10.0
131.0 90.0 20.0 10.0
72.0 141.0 20.0 10.0
123.0 88.0 20.0 10.0
81.0 53.0 20.0 10.0
60.0 86.0 20.0 10.0
93.0 70.0 20.0 10.0
104.0 113.0 20.0 10.0
65.0 88.0 20.0 10.0
87.0 81.0 20.0 10.0
114.0 94.0 20.0 10.0
50.0 88.0 20.0 10.0
136.0 65.0 20.0 10.0
106.0 81.0 20.0 10.0
51.0 94.0 20.0 10.0
119.0 56.0 20.0 10.0
51.0 66.0 20.0 10.0
88.0 139.0 20.0 10.0
97.0 127.0 20.0 10.0
80.0 104.0 20.0 10.0
64.0 62.0 20.0 10.0
122.0 98.0 20.0 10.0
69.0 91.0 20.0 10.0
56.0 71.0 20.0 10.0
80.0 87.0 20.0 10.0
113.0 149.0 20.0 10.0
145.0 103.0 20.0 10.0
122.0 62.0 20.0 10.0
95.0 76.0 20.0 10.0
136.0 86.0 20.0 10.0
80.0 128.0 20.0 10.0
60.0 162.0 20.0 10.0
113.0 106.0 20.0 10.0
85.0 69.0 20.0 10.0
77.0 49.0 20.0 10.0
112.0 58.0 20.0 10.0
52.0 119.0 20.0 10.0
51.0 112.0 20.0 10.0
128.0 117.0 20.0 10.0
80.0 81.0 20.0 10.0
84.0 123.0 20.0 10.0
83.0 137.0 20.0 10.0
114.0 83.0 20.0 10.0
137.0 75.0 20.0 10.0
95.0 96.0 20.0 10.0
91.0 46.0 20.0 10.0
72.0 85.0 20.0 10.0
83.0 98.0 20.0 10.0
90.0 91.0 20.0 10.0
46.0 91.0 20.0 10.0
96.0 62.0 20.0 10.0
136.0 130.0 20.0 10.0
80.0 91.0 20.0 10.0
88.0 62.0 20.0 10.0
88.0 26.0 20.0 10.0
37.0 127.0 20.0 10.0
93.0 85.0 20.0 10.0
71.0 107.0 20.0 10.0
90.0 105.0 20.0 10.0
127.0 49.0 20.0 10.0
124.0 72.0 20.0 10.0
92.0 110.0 20.0 10.0
111.0 117.0 20.0 10.0
49.0 76.0 20.0 10.0
92.0 97.0 20.0 10.0
107.0 100.0 20.0 10.0
108.0 70.0 20.0 10.0
158.0 65.0 20.0 10.0
71.0 150.0 20.0 10.0
116.0 111.0 20.0 10.0
77.0 36.0 20.0 10.0
94.0 100.0 20.0 10.0
101.0 126.0 20.0 10.0
132.0 128.0 20.0 10.0
143.0 96.0 20.0 10.0
70.0 75.0 20.0 10.0
95.0 113.0 20.0 10.0
