200
57.0 43.0 20.0 10.0
99.0 58.0 20.0 10.0
116.0 132.0 20.0 10.0
100.0 78.0 20.0 10.0
69.0 120.0 20.0 10.0
108.0 105.0 20.0 10.0
67.0 65.0 20.0 10.0
76.0 109.0 20.0 10.0
116.0 55.0 20.0 10.0
69.0 60.0 20.0 10.0
145.0 25.0 20.0 10.0
103.0 96.0 20.0 10.0
117.0 110.0 20.0 10.0
126.0 90.0 20.0 10.0
81.0 109.0 20.0 10.0
112.0 87.0 20.0 10.0
109.0 143.0 20.0 10.0
176.0 66.0 20.0 10.0
94.0 96.0 20.0 10.0
62.0 96.0 20.0 10.0
129.0 99.0 20.0 10.0
55.0 50.0 20.0 10.0
91.0 109.0 20.0 10.0
98.0 53.0 20.0 10.0
60.0 53.0 20.0 10.0
160.0 115.0 20.0 10.0
64.0 115.0 20.0 10.0
169.0 103.0 20.0 10.0
46.0 59.0 20.0 10.0
85.0 118.0 20.0 10.0
104.0 73.0 20.0 10.0
68.0 101.0 20.0 10.0
108.0 53.0 20.0 10.0
129.0 79.0 20.0 10.0
87.0 132.0 20.0 10.0
48.0 91.0 20.0 10.0
78.0 68.0 20.0 10.0
80.0 91.0 20.0 10.0
76.0 71.0 20.0 10.0
53.0 96.0 20.0 10.0
78.0 132.0 20.0 10.0
127.0 43.0 20.0 10.0
103.0 68.0 20.0 10.0
64.0 110.0 20.0 10.0
109.0 38.0 20.0 10.0
30.0 78.0 20.0 10.0
133.0 110.0 20.0 10.0
83.0 38.0 20.0 10.0
69.0 86.0 20.0 10.0
118.0 103.0 20.0 10.0
137.0 82.0 20.0 10.0
116.0 94.0 20.0 10.0
80.0 128.0 20.0 10.0
102.0 54.0 20.0 10.0
54.0 155.0 20.0 10.0
133.0 72.0 20.0 10.0
80.0 79.0 20.0 10.0
107.0 132.0 20.0 10.0
97.0 91.0 20.0 10.0
81.0 35.0 20.0 10.0
97.0 84.0 20.0 10.0
121.0 109.0 20.0 10.0
132.0 135.0 20.0 10.0
91.0 66.0 20.0 10.0
92.0 130.0 20.0 10.0
85.0 53.0 20.0 10.0
24.0 119.0 20.0 10.0
107.0 116.0 20.0 10.0
95.0 30.0 20.0 10.0
96.0 109.0 20.0 10.0
145.0 74.0 20.0 10.0
131.0 61.0 20.0 10.0
81.0 75.0 20.0 10.0
75.0 68.0 20.0 10.0
51.0 57.0 20.0 10.0
56.0 101.0 20.0 10.0
125.0 72.0 20.0 10.0
113.0 75.0 20.0 10.0
25.0 29.0 20.0 10.0
73.0 84.0 20.0 10.0
78.0 124.0 20.0 10.0
76.0 51.0 20.0 10.0
91.0 69.0 20.0 10.0
48.0 118.0 20.0 10.0
88.0 61.0 20.0 10.0
83.0 68.0 20.0 10.0
57.0 110.0 20.0 10.0
39.0 79.0 20.0 10.0
116.0 34.0 20.0 10.0
141.0 92.0 20.0 10.0
90.0 32.0 20.0 10.0
88.0 47.0 20.0 10.0
123.0 113.0 20.0 10.0
65.0 79.0 20.0 10.0
39.0 71.0 20.0 10.0
77.0 44.0 20.0 10.0
144.0 102.0 20.0 10.0
98.0 106.0 20.0 10.0
122.0 79.0 20.0 10.0
56.0 85.0 20.0 10.0
105.0 60.0 20.0 10.0
38.0 63.0 20.0 10.0
143.0 53.0 20.0 10.0
71.0 111.0 20.0 10.0
71.0 96.0 20.0 10.0
63.0 46.0 20.0 10.0
112.0 126.0 20.0 10.0
118.0 68.0 20.0 10.0
60.0 62.0 20.0 10.0
80.0 96.0 20.0 10.0
128.0 76.0 20.0 10.0
73.0 55.0 20.0 10.0
91.0 79.0 20.0 10.0
96.0 119.0 20.0 10.0
78.0 88.0 20.0 10.0
67.0 89.0 20.0 10.0
69.0 79.0 20.0 10.0
120.0 92.0 20.0 10.0
41.0 131.0 20.0 10.0
71.0 104.0 20.0 10.0
134.0 102.0 20.0 10.0
68.0 43.0 20.0 10.0
142.0 99.0 20.0 10.0
92.0 166.0 20.0 10.0
119.0 99.0 20.0 10.0
92.0 98.0 20.0 10.0
46.0 102.0 20.0 10.0
96.0 47.0 20.0 10.0
112.0 119.0 20.0 10.0
85.0 28.0 20.0 10.0
46.0 79.0 20.0 10.0
82.0 45.0 20.0 10.0
67.0 74.0 20.0 10.0
93.0 60.0 20.0 10.0
122.0 59.0 20.0 10.0
108.0 93.0 20.0 10.0
118.0 135.0 20.0 10.0
109.0 79.0 20.0 10.0
143.0 120.0 20.0 10.0
100.0 116.0 20.0 10.0
111.0 100.0 20.0 10.0
106.0 26.0 20.0 10.0
112.0 52.0 20.0 10.0
108.0 66.0 20.0 10.0
75.0 116.0 20.0 10.0
30.0 106.0 20.0 10.0
94.0 71.0 20.0 10.0
75.0 92.0 20.0 10.0
87.0 79.0 20.0 10.0
73.0 61.0 20.0 10.0
102.0 128.0 20.0 10.0
89.0 123.0 20.0 10.0
120.0 86.0 20.0 10.0
102.0 89.0 20.0 10.0
136.0 79.0 20.0 10.0
52.0 88.0 20.0 10.0
111.0 111.0 20.0 10.0
92.0 121.0 20.0 10.0
77.0 105.0 20.0 10.0
102.0 82.0 20.0 10.0
56.0 131.0 20.0 10.0
39.0 123.0 20.0 10.0
83.0 104.0 20.0 10.0
89.0 95.0 20.0 10.0
91.0 86.0 20.0 10.0
112.0 60.0 20.0 10.0
42.0 55.0 20.0 10.0
130.0 112.0 20.0 10.0
85.0 136.0 20.0 10.0
110.0 158.0 20.0 10.0
74.0 77.0 20.0 10.0
37.0 113.0 20.0 10.0
75.0 28.0 20.0 10.0
75.0 80.0 20.0 10.0
99.0 98.0 20.0 10.0
107.0 82.0 20.0 10.0
38.0 100.0 20.0 10.0
31.0 86.0 20.0 10.0
117.0 48.0 20.0 10.0
117.0 115.0 20.0 10.0
100.0 101.0 20.0 10.0
106.0 90.0 20.0 10.0
72.0 33.0 20.0 10.0
162.0 94.0 20.0 10.0
89.0 85.0 20.0 10.0
49.0 71.0 20.0 10.0
76.0 57.0 20.0 10.0
91.0 49.0 20.0 10.0
54.0 70.0 20.0 10.0
62.0 86.0 20.0 10.0
67.0 92.0 20.0 10.0
62.0 100.0 20.0 10.0
82.0 62.0 20.0 10.0
88.0 105.0 20.0 10.0
103.0 76.0 20.0 10.0
67.0 134.0 20.0 10.0
107.0 74.0 20.0 10.0
90.0 88.0 20.0 10.0
103.0 110.0 20.0 10.0
37.0 92.0 20.0 10.0
