200
80.0 128.0 20.0 10.0
124.0 99.0 20.0 10.0
110.0 87.0 20.0 10.0
107.0 89.0 20.0 10.0
99.0 142.0 20.0 10.0
117.0 69.0 20.0 10.0
135.0 106.0 20.0 10.0
107.0 52.0 20.0 10.0
57.0 64.0 20.0 10.0
107.0 107.0 20.0 10.0
91.0 55.0 20.0 10.0
99.0 59.0 20.0 10.0
123.0 40.0 20.0 10.0
73.0 101.0 20.0 10.0
48.0 65.0 20.0 10.0
134.0 97.0 20.0 10.0
50.0 105.0 20.0 10.0
69.0 77.0 20.0 10.0
98.0 138.0 20.0 10.0
66.0 74.0 20.0 10.0
30.0 89.0 20.0 10.0
64.0 130.0 20.0 10.0
103.0 94.0 20.0 10.0
103.0 133.0 20.0 10.0
83.0 86.0 20.0 10.0
106.0 97.0 20.0 10.0
79.0 87.0 20.0 10.0
158.0 80.0 20.0 10.0
86.0 136.0 20.0 10.0
125.0 112.0 20.0 10.0
66.0 84.0 20.0 10.0
124.0 52.0 20.0 10.0
90.0 97.0 20.0 10.0
114.0 45.0 20.0 10.0
83.0 134.0 20.0 10.0
83.0 129.0 20.0 10.0
83.0 112.0 20.0 10.0
99.0 99.0 20.0 10.0
135.0 86.0 20.0 10.0
103.0 79.0 20.0 10.0
42.0 116.0 20.0 10.0
48.0 120.0 20.0 10.0
123.0 95.0 20.0 10.0
87.0 111.0 20.0 10.0
98.0 90.0 20.0 10.0
86.0 141.0 20.0 10.0
139.0 108.0 20.0 10.0
94.0 113.0 20.0 10.0
72.0 106.0 20.0 10.0
167.0 96.0 20.0 10.0
59.0 108.0 20.0 10.0
137.0 64.0 20.0 10.0
60.0 94.0 20.0 10.0
120.0 62.0 20.0 10.0
152.0 113.0 20.0 10.0
95.0 128.0 20.0 10.0
25.0 136.0 20.0 10.0
88.0 62.0 20.0 10.0
62.0 89.0 20.0 10.0
66.0 125.0 20.0 10.0
144.0 77.0 20.0 10.0
74.0 34.0 20.0 10.0
110.0 121.0 20.0 10.0
105.0 141.0 20.0 10.0
119.0 127.0 20.0 10.0
69.0 39.0 20.0 10.0
66.0 119.0 20.0 10.0
80.0 78.0 20.0 10.0
125.0 82.0 20.0 10.0
67.0 87.0 20.0 10.0
75.0 59.0 20.0 10.0
60.0 25.0 20.0 10.0
121.0 72.0 20.0 10.0
131.0 127.0 20.0 10.0
100.0 76.0 20.0 10.0
133.0 54.0 20.0 10.0
111.0 68.0 20.0 10.0
82.0 106.0 20.0 10.0
106.0 162.0 20.0 10.0
93.0 135.0 20.0 10.0
55.0 111.0 20.0 10.0
86.0 77.0 20.0 10.0
110.0 103.0 20.0 10.0
96.0 149.0 20.0 10.0
77.0 95.0 20.0 10.0
116.0 132.0 20.0 10.0
101.0 108.0 20.0 10.0
78.0 70.0 20.0 10.0
111.0 61.0 20.0 10.0
86.0 123.0 20.0 10.0
149.0 118.0 20.0 10.0
44.0 96.0 20.0 10.0
142.0 109.0 20.0 10.0
165.0 114.0 20.0 10.0
123.0 121.0 20.0 10.0
63.0 96.0 20.0 10.0
64.0 108.0 20.0 10.0
139.0 142.0 20.0 10.0
80.0 63.0 20.0 10.0
102.0 66.0 20.0 10.0
97.0 69.0 20.0 10.0
39.0 97.0 20.0 10.0
40.0 139.0 20.0 10.0
110.0 127.0 20.0 10.0
98.0 84.0 20.0 10.0
140.0 124.0 20.0 10.0
137.0 60.0 20.0 10.0
139.0 98.0 20.0 10.0
91.0 47.0 20.0 10.0
97.0 62.0 20.0 10.0
142.0 83.0 20.0 10.0
50.0 88.0 20.0 10.0
114.0 72.0 20.0 10.0
73.0 84.0 20.0 10.0
92.0 90.0 20.0 10.0
97.0 79.0 20.0 10.0
117.0 107.0 20.0 10.0
72.0 129.0 20.0 10.0
65.0 55.0 20.0 10.0
117.0 142.0 20.0 10.0
152.0 104.0 20.0 10.0
76.0 124.0 20.0 10.0
74.0 113.0 20.0 10.0
94.0 99.0 20.0 10.0
108.0 82.0 20.0 10.0
94.0 104.0 20.0 10.0
33.0 111.0 20.0 10.0
64.0 99.0 20.0 10.0
115.0 81.0 20.0 10.0
128.0 95.0 20.0 10.0
91.0 81.0 20.0 10.0
135.0 46.0 20.0 10.0
118.0 94.0 20.0 10.0
115.0 86.0 20.0 10.0
74.0 99.0 20.0 10.0
92.0 63.0 20.0 10.0
88.0 89.0 20.0 10.0
127.0 70.0 20.0 10.0
102.0 121.0 20.0 10.0
124.0 125.0 20.0 10.0
90.0 108.0 20.0 10.0
49.0 100.0 20.0 10.0
96.0 72.0 20.0 10.0
69.0 99.0 20.0 10.0
60.0 135.0 20.0 10.0
134.0 135.0 20.0 10.0
105.0 56.0 20.0 10.0
84.0 97.0 20.0 10.0
87.0 130.0 20.0 10.0
153.0 65.0 20.0 10.0
119.0 85.0 20.0 10.0
77.0 54.0 20.0 10.0
143.0 139.0 20.0 10.0
81.0 99.0 20.0 10.0
116.0 102.0 20.0 10.0
89.0 102.0 20.0 10.0
71.0 137.0 20.0 10.0
125.0 145.0 20.0 10.0
108.0 73.0 20.0 10.0
127.0 141.0 20.0 10.0
92.0 118.0 20.0 10.0
79.0 112.0 20.0 10.0
121.0 77.0 20.0 10.0
177.0 82.0 20.0 10.0
46.0 54.0 20.0 10.0
129.0 102.0 20.0 10.0
84.0 68.0 20.0 10.0
129.0 57.0 20.0 10.0
110.0 110.0 20.0 10.0
64.0 69.0 20.0 10.0
137.0 100.0 20.0 10.0
41.0 176.0 20.0 10.0
121.0 83.0 20.0 10.0
53.0 77.0 20.0 10.0
115.0 115.0 20.0 10.0
117.0 148.0 20.0 10.0
111.0 117.0 20.0 10.0
113.0 130.0 20.0 10.0
105.0 118.0 20.0 10.0
148.0 68.0 20.0 10.0
98.0 105.0 20.0 10.0
88.0 48.0 20.0 10.0
144.0 66.0 20.0 10.0
138.0 78.0 20.0 10.0
133.0 113.0 20.0 10.0
71.0 162.0 20.0 10.0
98.0 120.0 20.0 10.0
87.0 85.0 20.0 10.0
128.0 84.0 20.0 10.0
132.0 71.0 20.0 10.0
120.0 116.0 20.0 10.0
105.0 104.0 20.0 10.0
57.0 81.0 20.0 10.0
102.0 46.0 20.0 10.0
125.0 89.0 20.0 10.0
90.0 73.0 20.0 10.0
67.0 61.0 20.0 10.0
114.0 92.0 20.0 10.0
90.0 94.0 20.0 10.0
85.0 101.0 20.0 10.0
