200
68.0 93.0 20.0 10.0
133.0 132.0 20.0 10.0
87.0 122.0 20.0 10.0
98.0 111.0 20.0 10.0
99.0 142.0 20.0 10.0
78.0 125.0 20.0 10.0
49.0 148.0 20.0 10.0
55.0 114.0 20.0 10.0
69.0 114.0 20.0 10.0
106.0 84.0 20.0 10.0
98.0 94.0 20.0 10.0
69.0 126.0 20.0 10.0
52.0 69.0 20.0 10.0
113.0 115.0 20.0 10.0
109.0 104.0 20.0 10.0
115.0 92.0 20.0 10.0
122.0 76.0 20.0 10.0
71.0 107.0 20.0 10.0
93.0 43.0 20.0 10.0
127.0 50.0 20.0 10.0
123.0 117.0 20.0 10.0
95.0 99.0 20.0 10.0
96.0 149.0 20.0 10.0
123.0 142.0 20.0 10.0
121.0 64.0 20.0 10.0
81.0 82.0 20.0 10.0
93.0 136.0 20.0 10.0
80.0 128.0 20.0 10.0
48.0 138.0 20.0 10.0
95.0 102.0 20.0 10.0
72.0 58.0 20.0 10.0
59.0 163.0 20.0 10.0
114.0 131.0 20.0 10.0
101.0 158.0 20.0 10.0
62.0 75.0 20.0 10.0
102.0 135.0 20.0 10.0
119.0 93.0 20.0 10.0
94.0 90.0 20.0 10.0
96.0 69.0 20.0 10.0
140.0 106.0 20.0 10.0
56.0 98.0 20.0 10.0
50.0 45.0 20.0 10.0
112.0 80.0 20.0 10.0
93.0 107.0 20.0 10.0
87.0 98.0 20.0 10.0
84.0 115.0 20.0 10.0
62.0 95.0 20.0 10.0
133.0 105.0 20.0 10.0
29.0 72.0 20.0 10.0
105.0 56.0 20.0 10.0
126.0 122.0 20.0 10.0
132.0 90.0 20.0 10.0
92.0 145.0 20.0 10.0
125.0 154.0 20.0 10.0
65.0 63.0 20.0 10.0
117.0 105.0 20.0 10.0
65.0 100.0 20.0 10.0
121.0 127.0 20.0 10.0
100.0 87.0 20.0 10.0
57.0 129.0 20.0 10.0
91.0 84.0 20.0 10.0
86.0 75.0 20.0 10.0
141.0 143.0 20.0 10.0
129.0 64.0 20.0 10.0
89.0 79.0 20.0 10.0
135.0 123.0 20.0 10.0
135.0 92.0 20.0 10.0
93.0 72.0 20.0 10.0
80.0 154.0 20.0 10.0
75.0 99.0 20.0 10.0
145.0 91.0 20.0 10.0
71.0 123.0 20.0 10.0
93.0 171.0 20.0 10.0
140.0 94.0 20.0 10.0
94.0 123.0 20.0 10.0
56.0 92.0 20.0 10.0
86.0 136.0 20.0 10.0
129.0 98.0 20.0 10.0
78.0 110.0 20.0 10.0
90.0 105.0 20.0 10.0
61.0 85.0 20.0 10.0
118.0 111.0 20.0 10.0
83.0 139.0 20.0 10.0
111.0 88.0 20.0 10.0
62.0 122.0 20.0 10.0
127.0 69.0 20.0 10.0
80.0 102.0 20.0 10.0
118.0 145.0 20.0 10.0
108.0 97.0 20.0 10.0
133.0 112.0 20.0 10.0
115.0 120.0 20.0 10.0
78.0 64.0 20.0 10.0
106.0 133.0 20.0 10.0
57.0 105.0 20.0 10.0
110.0 131.0 20.0 10.0
73.0 114.0 20.0 10.0
68.0 71.0 20.0 10.0
112.0 155.0 20.0 10.0
136.0 64.0 20.0 10.0
130.0 80.0 20.0 10.0
105.0 80.0 20.0 10.0
72.0 145.0 20.0 10.0
132.0 25.0 20.0 10.0
106.0 113.0 20.0 10.0
49.0 80.0 20.0 10.0
75.0 91.0 20.0 10.0
73.0 76.0 20.0 10.0
83.0 69.0 20.0 10.0
130.0 125.0 20.0 10.0
155.0 64.0 20.0 10.0
123.0 111.0 20.0 10.0
63.0 132.0 20.0 10.0
63.0 90.0 20.0 10.0
147.0 121.0 20.0 10.0
93.0 113.0 20.0 10.0
81.0 148.0 20.0 10.0
123.0 90.0 20.0 10.0
39.0 105.0 20.0 10.0
95.0 109.0 20.0 10.0
118.0 74.0 20.0 10.0
107.0 118.0 20.0 10.0
104.0 99.0 20.0 10.0
101.0 116.0 20.0 10.0
95.0 87.0 20.0 10.0
89.0 166.0 20.0 10.0
89.0 95.0 20.0 10.0
120.0 114.0 20.0 10.0
136.0 79.0 20.0 10.0
58.0 109.0 20.0 10.0
85.0 129.0 20.0 10.0
108.0 91.0 20.0 10.0
52.0 102.0 20.0 10.0
81.0 92.0 20.0 10.0
107.0 77.0 20.0 10.0
136.0 135.0 20.0 10.0
128.0 88.0 20.0 10.0
102.0 80.0 20.0 10.0
77.0 73.0 20.0 10.0
113.0 141.0 20.0 10.0
54.0 146.0 20.0 10.0
103.0 121.0 20.0 10.0
127.0 95.0 20.0 10.0
122.0 134.0 20.0 10.0
142.0 109.0 20.0 10.0
81.0 113.0 20.0 10.0
96.0 59.0 20.0 10.0
110.0 63.0 20.0 10.0
114.0 126.0 20.0 10.0
77.0 117.0 20.0 10.0
157.0 120.0 20.0 10.0
87.0 145.0 20.0 10.0
84.0 90.0 20.0 10.0
109.0 112.0 20.0 10.0
130.0 148.0 20.0 10.0
70.0 84.0 20.0 10.0
99.0 131.0 20.0 10.0
74.0 135.0 20.0 10.0
114.0 99.0 20.0 10.0
106.0 129.0 20.0 10.0
92.0 131.0 20.0 10.0
83.0 166.0 20.0 10.0
90.0 127.0 20.0 10.0
89.0 70.0 20.0 10.0
88.0 86.0 20.0 10.0
69.0 143.0 20.0 10.0
117.0 69.0 20.0 10.0
72.0 162.0 20.0 10.0
101.0 67.0 20.0 10.0
95.0 82.0 20.0 10.0
168.0 125.0 20.0 10.0
84.0 121.0 20.0 10.0
101.0 127.0 20.0 10.0
87.0 107.0 20.0 10.0
39.0 113.0 20.0 10.0
97.0 106.0 20.0 10.0
88.0 57.0 20.0 10.0
84.0 156.0 20.0 10.0
100.0 124.0 20.0 10.0
55.0 119.0 20.0 10.0
140.0 87.0 20.0 10.0
71.0 101.0 20.0 10.0
111.0 101.0 20.0 10.0
110.0 108.0 20.0 10.0
101.0 37.0 20.0 10.0
77.0 96.0 20.0 10.0
147.0 113.0 20.0 10.0
173.0 78.0 20.0 10.0
24.0 107.0 20.0 10.0
79.0 38.0 20.0 10.0
116.0 62.0 20.0 10.0
48.0 117.0 20.0 10.0
127.0 108.0 20.0 10.0
41.0 152.0 20.0 10.0
114.0 154.0 20.0 10.0
101.0 92.0 20.0 10.0
100.0 54.0 20.0 10.0
83.0 59.0 20.0 10.0
137.0 97.0 20.0 10.0
62.0 82.0 20.0 10.0
43.0 93.0 20.0 10.0
