200
132.0 90.0 20.0 10.0
119.0 107.0 20.0 10.0
99.0 129.0 20.0 10.0
34.0 116.0 20.0 10.0
92.0 128.0 20.0 10.0
103.0 54.0 20.0 10.0
129.0 70.0 20.0 10.0
86.0 56.0 20.0 10.0
124.0 79.0 20.0 10.0
61.0 115.0 20.0 10.0
119.0 65.0 20.0 10.0
73.0 122.0 20.0 10.0
102.0 91.0 20.0 10.0
86.0 78.0 20.0 10.0
115.0 87.0 20.0 10.0
67.0 149.0 20.0 10.0
133.0 103.0 20.0 10.0
77.0 120.0 20.0 10.0
115.0 76.0 20.0 10.0
148.0 90.0 20.0 10.0
93.0 105.0 20.0 10.0
120.0 99.0 20.0 10.0
48.0 86.0 20.0 10.0
41.0 85.0 20.0 10.0
58.0 66.0 20.0 10.0
106.0 90.0 20.0 10.0
92.0 55.0 20.0 10.0
85.0 105.0 20.0 10.0
66.0 104.0 20.0 10.0
147.0 58.0 20.0 10.0
143.0 124.0 20.0 10.0
137.0 80.0 20.0 10.0
111.0 44.0 20.0 10.0
122.0 118.0 20.0 10.0
134.0 97.0 20.0 10.0
90.0 113.0 20.0 10.0
117.0 49.0 20.0 10.0
61.0 52.0 20.0 10.0
122.0 58.0 20.0 10.0
79.0 142.0 20.0 10.0
88.0 86.0 20.0 10.0
90.0 154.0 20.0 10.0
124.0 90.0 20.0 10.0
91.0 32.0 20.0 10.0
101.0 74.0 20.0 10.0
53.0 103.0 20.0 10.0
64.0 92.0 20.0 10.0
122.0 113.0 20.0 10.0
108.0 50.0 20.0 10.0
71.0 156.0 20.0 10.0
60.0 97.0 20.0 10.0
103.0 138.0 20.0 10.0
74.0 117.0 20.0 10.0
140.0 83.0 20.0 10.0
116.0 85.0 20.0 10.0
75.0 76.0 20.0 10.0
108.0 78.0 20.0 10.0
110.0 118.0 20.0 10.0
75.0 94.0 20.0 10.0
116.0 66.0 20.0 10.0
46.0 96.0 20.0 10.0
98.0 52.0 20.0 10.0
70.0 97.0 20.0 10.0
49.0 142.0 20.0 10.0
131.0 64.0 20.0 10.0
117.0 101.0 20.0 10.0
112.0 99.0 20.0 10.0
91.0 138.0 20.0 10.0
83.0 120.0 20.0 10.0
72.0 141.0 20.0 10.0
103.0 107.0 20.0 10.0
97.0 57.0 20.0 10.0
135.0 153.0 20.0 10.0
148.0 127.0 20.0 10.0
141.0 91.0 20.0 10.0
107.0 134.0 20.0 10.0
25.0 66.0 20.0 10.0
134.0 129.0 20.0 10.0
83.0 62.0 20.0 10.0
106.0 83.0 20.0 10.0
93.0 74.0 20.0 10.0
105.0 120.0 20.0 10.0
70.0 106.0 20.0 10.0
113.0 32.0 20.0 10.0
110.0 111.0 20.0 10.0
81.0 111.0 20.0 10.0
118.0 80.0 20.0 10.0
96.0 116.0 20.0 10.0
66.0 69.0 20.0 10.0
101.0 61.0 20.0 10.0
54.0 113.0 20.0 10.0
44.0 99.0 20.0 10.0
74.0 101.0 20.0 10.0
75.0 110.0 20.0 10.0
101.0 146.0 20.0 10.0
76.0 128.0 20.0 10.0
29.0 81.0 20.0 10.0
141.0 56.0 20.0 10.0
122.0 153.0 20.0 10.0
87.0 64.0 20.0 10.0
72.0 91.0 20.0 10.0
94.0 123.0 20.0 10.0
111.0 70.0 20.0 10.0
109.0 89.0 20.0 10.0
126.0 100.0 20.0 10.0
85.0 85.0 20.0 10.0
92.0 84.0 20.0 10.0
69.0 78.0 20.0 10.0
118.0 119.0 20.0 10.0
93.0 79.0 20.0 10.0
83.0 78.0 20.0 10.0
83.0 93.0 20.0 10.0
44.0 65.0 20.0 10.0
94.0 93.0 20.0 10.0
72.0 85.0 20.0 10.0
85.0 113.0 20.0 10.0
95.0 153.0 20.0 10.0
89.0 60.0 20.0 10.0
70.0 61.0 20.0 10.0
62.0 43.0 20.0 10.0
80.0 71.0 20.0 10.0
88.0 131.0 20.0 10.0
120.0 76.0 20.0 10.0
95.0 157.0 20.0 10.0
44.0 121.0 20.0 10.0
126.0 136.0 20.0 10.0
111.0 113.0 20.0 10.0
76.0 49.0 20.0 10.0
88.0 125.0 20.0 10.0
53.0 148.0 20.0 10.0
62.0 132.0 20.0 10.0
77.0 115.0 20.0 10.0
39.0 25.0 20.0 10.0
144.0 107.0 20.0 10.0
109.0 99.0 20.0 10.0
116.0 139.0 20.0 10.0
25.0 59.0 20.0 10.0
119.0 129.0 20.0 10.0
57.0 86.0 20.0 10.0
133.0 142.0 20.0 10.0
64.0 82.0 20.0 10.0
107.0 117.0 20.0 10.0
112.0 57.0 20.0 10.0
111.0 106.0 20.0 10.0
58.0 78.0 20.0 10.0
55.0 128.0 20.0 10.0
46.0 71.0 20.0 10.0
49.0 124.0 20.0 10.0
87.0 143.0 20.0 10.0
66.0 143.0 20.0 10.0
105.0 130.0 20.0 10.0
95.0 102.0 20.0 10.0
64.0 62.0 20.0 10.0
38.0 82.0 20.0 10.0
108.0 67.0 20.0 10.0
92.0 69.0 20.0 10.0
109.0 93.0 20.0 10.0
143.0 114.0 20.0 10.0
85.0 101.0 20.0 10.0
46.0 130.0 20.0 10.0
90.0 91.0 20.0 10.0
158.0 150.0 20.0 10.0
103.0 100.0 20.0 10.0
57.0 101.0 20.0 10.0
166.0 117.0 20.0 10.0
92.0 100.0 20.0 10.0
105.0 125.0 20.0 10.0
136.0 69.0 20.0 10.0
79.0 83.0 20.0 10.0
74.0 86.0 20.0 10.0
81.0 124.0 20.0 10.0
64.0 106.0 20.0 10.0
131.0 55.0 20.0 10.0
96.0 107.0 20.0 10.0
68.0 113.0 20.0 10.0
97.0 89.0 20.0 10.0
100.0 93.0 20.0 10.0
79.0 129.0 20.0 10.0
71.0 125.0 20.0 10.0
41.0 108.0 20.0 10.0
120.0 92.0 20.0 10.0
124.0 128.0 20.0 10.0
63.0 125.0 20.0 10.0
79.0 98.0 20.0 10.0
105.0 103.0 20.0 10.0
135.0 109.0 20.0 10.0
102.0 111.0 20.0 10.0
73.0 81.0 20.0 10.0
103.0 79.0 20.0 10.0
59.0 72.0 20.0 10.0
33.0 107.0 20.0 10.0
57.0 93.0 20.0 10.0
77.0 93.0 20.0 10.0
74.0 73.0 20.0 10.0
76.0 138.0 20.0 10.0
84.0 96.0 20.0 10.0
93.0 118.0 20.0 10.0
139.0 96.0 20.0 10.0
147.0 74.0 20.0 10.0
131.0 125.0 20.0 10.0
