200
69.0 96.0 20.0 10.0
84.0 117.0 20.0 10.0
95.0 143.0 20.0 10.0
113.0 101.0 20.0 10.0
92.0 106.0 20.0 10.0
61.0 118.0 20.0 10.0
157.0 93.0 20.0 10.0
96.0 88.0 20.0 10.0
104.0 78.0 20.0 10.0
61.0 110.0 20.0 10.0
134.0 98.0 20.0 10.0
78.0 69.0 20.0 10.0
98.0 104.0 20.0 10.0
120.0 110.0 20.0 10.0
92.0 80.0 20.0 10.0
60.0 68.0 20.0 10.0
131.0 84.0 20.0 10.0
117.0 83.0 20.0 10.0
81.0 149.0 20.0 10.0
125.0 91.0 20.0 10.0
123.0 108.0 20.0 10.0
31.0 143.0 20.0 10.0
114.0 118.0 20.0 10.0
125.0 136.0 20.0 10.0
123.0 79.0 20.0 10.0
97.0 75.0 20.0 10.0
76.0 56.0 20.0 10.0
111.0 133.0 20.0 10.0
79.0 116.0 20.0 10.0
69.0 106.0 20.0 10.0
85.0 74.0 20.0 10.0
148.0 107.0 20.0 10.0
148.0 116.0 20.0 10.0
115.0 96.0 20.0 10.0
123.0 94.0 20.0 10.0
59.0 79.0 20.0 10.0
63.0 137.0 20.0 10.0
102.0 52.0 20.0 10.0
120.0 128.0 20.0 10.0
113.0 65.0 20.0 10.0
86.0 108.0 20.0 10.0
87.0 78.0 20.0 10.0
79.0 86.0 20.0 10.0
39.0 104.0 20.0 10.0
98.0 99.0 20.0 10.0
146.0 91.0 20.0 10.0
74.0 118.0 20.0 10.0
140.0 157.0 20.0 10.0
106.0 32.0 20.0 10.0
104.0 87.0 20.0 10.0
89.0 113.0 20.0 10.0
130.0 76.0 20.0 10.0
96.0 116.0 20.0 10.0
67.0 84.0 20.0 10.0
103.0 61.0 20.0 10.0
102.0 125.0 20.0 10.0
107.0 79.0 20.0 10.0
118.0 116.0 20.0 10.0
44.0 85.0 20.0 10.0
106.0 111.0 20.0 10.0
90.0 119.0 20.0 10.0
66.0 74.0 20.0 10.0
131.0 79.0 20.0 10.0
74.0 155.0 20.0 10.0
143.0 78.0 20.0 10.0
86.0 101.0 20.0 10.0
72.0 71.0 20.0 10.0
88.0 91.0 20.0 10.0
128.0 150.0 20.0 10.0
107.0 59.0 20.0 10.0
133.0 103.0 20.0 10.0
93.0 73.0 20.0 10.0
136.0 109.0 20.0 10.0
130.0 107.0 20.0 10.0
140.0 113.0 20.0 10.0
84.0 66.0 20.0 10.0
91.0 95.0 20.0 10.0
123.0 155.0 20.0 10.0
115.0 54.0 20.0 10.0
87.0 134.0 20.0 10.0
81.0 24.0 20.0 10.0
108.0 126.0 20.0 10.0
111.0 50.0 20.0 10.0
113.0 140.0 20.0 10.0
75.0 76.0 20.0 10.0
104.0 119.0 20.0 10.0
66.0 90.0 20.0 10.0
99.0 109.0 20.0 10.0
128.0 133.0 20.0 10.0
83.0 101.0 20.0 10.0
58.0 141.0 20.0 10.0
143.0 47.0 20.0 10.0
76.0 46.0 20.0 10.0
111.0 108.0 20.0 10.0
136.0 88.0 20.0 10.0
105.0 45.0 20.0 10.0
141.0 94.0 20.0 10.0
113.0 83.0 20.0 10.0
135.0 56.0 20.0 10.0
105.0 107.0 20.0 10.0
46.0 101.0 20.0 10.0
79.0 81.0 20.0 10.0
120.0 98.0 20.0 10.0
82.0 42.0 20.0 10.0
105.0 131.0 20.0 10.0
162.0 85.0 20.0 10.0
110.0 116.0 20.0 10.0
128.0 50.0 20.0 10.0
139.0 124.0 20.0 10.0
77.0 133.0 20.0 10.0
154.0 130.0 20.0 10.0
98.0 60.0 20.0 10.0
94.0 67.0 20.0 10.0
83.0 70.0 20.0 10.0
94.0 101.0 20.0 10.0
95.0 120.0 20.0 10.0
136.0 35.0 20.0 10.0
123.0 76.0 20.0 10.0
77.0 91.0 20.0 10.0
126.0 98.0 20.0 10.0
79.0 113.0 20.0 10.0
130.0 111.0 20.0 10.0
93.0 123.0 20.0 10.0
85.0 163.0 20.0 10.0
158.0 102.0 20.0 10.0
123.0 67.0 20.0 10.0
103.0 147.0 20.0 10.0
142.0 57.0 20.0 10.0
110.0 92.0 20.0 10.0
116.0 133.0 20.0 10.0
133.0 92.0 20.0 10.0
64.0 115.0 20.0 10.0
110.0 87.0 20.0 10.0
98.0 84.0 20.0 10.0
106.0 152.0 20.0 10.0
112.0 96.0 20.0 10.0
116.0 122.0 20.0 10.0
120.0 136.0 20.0 10.0
122.0 85.0 20.0 10.0
98.0 139.0 20.0 10.0
123.0 64.0 20.0 10.0
55.0 142.0 20.0 10.0
157.0 84.0 20.0 10.0
116.0 106.0 20.0 10.0
118.0 48.0 20.0 10.0
124.0 125.0 20.0 10.0
80.0 103.0 20.0 10.0
140.0 102.0 20.0 10.0
109.0 103.0 20.0 10.0
142.0 64.0 20.0 10.0
70.0 126.0 20.0 10.0
88.0 142.0 20.0 10.0
103.0 96.0 20.0 10.0
86.0 84.0 20.0 10.0
104.0 68.0 20.0 10.0
101.0 113.0 20.0 10.0
144.0 107.0 20.0 10.0
138.0 90.0 20.0 10.0
142.0 75.0 20.0 10.0
52.0 89.0 20.0 10.0
113.0 91.0 20.0 10.0
93.0 152.0 20.0 10.0
101.0 74.0 20.0 10.0
157.0 64.0 20.0 10.0
156.0 111.0 20.0 10.0
174.0 140.0 20.0 10.0
133.0 73.0 20.0 10.0
131.0 120.0 20.0 10.0
72.0 113.0 20.0 10.0
106.0 102.0 20.0 10.0
162.0 69.0 20.0 10.0
96.0 93.0 20.0 10.0
130.0 115.0 20.0 10.0
85.0 138.0 20.0 10.0
59.0 98.0 20.0 10.0
130.0 67.0 20.0 10.0
157.0 37.0 20.0 10.0
128.0 119.0 20.0 10.0
119.0 89.0 20.0 10.0
110.0 69.0 20.0 10.0
130.0 101.0 20.0 10.0
100.0 117.0 20.0 10.0
116.0 74.0 20.0 10.0
53.0 111.0 20.0 10.0
81.0 126.0 20.0 10.0
103.0 135.0 20.0 10.0
24.0 173.0 20.0 10.0
134.0 61.0 20.0 10.0
122.0 59.0 20.0 10.0
101.0 98.0 20.0 10.0
133.0 127.0 20.0 10.0
148.0 72.0 20.0 10.0
91.0 109.0 20.0 10.0
149.0 149.0 20.0 10.0
139.0 128.0 20.0 10.0
102.0 31.0 20.0 10.0
56.0 84.0 20.0 10.0
113.0 76.0 20.0 10.0
74.0 98.0 20.0 10.0
94.0 129.0 20.0 10.0
