200
109.0 42.0 20.0 10.0
142.0 104.0 20.0 10.0
152.0 63.0 20.0 10.0
79.0 112.0 20.0 10.0
165.0 106.0 20.0 10.0
103.0 100.0 20.0 10.0
108.0 135.0 20.0 10.0
99.0 59.0 20.0 10.0
114.0 67.0 20.0 10.0
73.0 107.0 20.0 10.0
144.0 128.0 20.0 10.0
123.0 64.0 20.0 10.0
108.0 110.0 20.0 10.0
102.0 89.0 20.0 10.0
105.0 74.0 20.0 10.0
153.0 88.0 20.0 10.0
92.0 63.0 20.0 10.0
133.0 76.0 20.0 10.0
109.0 146.0 20.0 10.0
109.0 98.0 20.0 10.0
119.0 67.0 20.0 10.0
136.0 109.0 20.0 10.0
126.0 94.0 20.0 10.0
122.0 98.0 20.0 10.0
135.0 88.0 20.0 10.0
67.0 59.0 20.0 10.0
97.0 149.0 20.0 10.0
142.0 80.0 20.0 10.0
84.0 101.0 20.0 10.0
121.0 116.0 20.0 10.0
166.0 97.0 20.0 10.0
94.0 58.0 20.0 10.0
85.0 73.0 20.0 10.0
133.0 60.0 20.0 10.0
84.0 54.0 20.0 10.0
111.0 87.0 20.0 10.0
85.0 60.0 20.0 10.0
151.0 96.0 20.0 10.0
81.0 75.0 20.0 10.0
175.0 105.0 20.0 10.0
120.0 108.0 20.0 10.0
104.0 41.0 20.0 10.0
120.0 125.0 20.0 10.0
128.0 101.0 20.0 10.0
139.0 83.0 20.0 10.0
73.0 95.0 20.0 10.0
103.0 66.0 20.0 10.0
91.0 124.0 20.0 10.0
154.0 53.0 20.0 10.0
89.0 96.0 20.0 10.0
102.0 97.0 20.0 10.0
125.0 35.0 20.0 10.0
87.0 151.0 20.0 10.0
75.0 86.0 20.0 10.0
93.0 137.0 20.0 10.0
118.0 98.0 20.0 10.0
72.0 122.0 20.0 10.0
69.0 111.0 20.0 10.0
50.0 137.0 20.0 10.0
130.0 64.0 20.0 10.0
138.0 55.0 20.0 10.0
143.0 69.0 20.0 10.0
148.0 94.0 20.0 10.0
136.0 114.0 20.0 10.0
73.0 101.0 20.0 10.0
88.0 129.0 20.0 10.0
130.0 80.0 20.0 10.0
114.0 112.0 20.0 10.0
156.0 68.0 20.0 10.0
104.0 25.0 20.0 10.0
115.0 26.0 20.0 10.0
91.0 102.0 20.0 10.0
82.0 91.0 20.0 10.0
59.0 96.0 20.0 10.0
133.0 94.0 20.0 10.0
123.0 92.0 20.0 10.0
60.0 82.0 20.0 10.0
125.0 110.0 20.0 10.0
132.0 87.0 20.0 10.0
96.0 174.0 20.0 10.0
54.0 105.0 20.0 10.0
128.0 126.0 20.0 10.0
116.0 107.0 20.0 10.0
126.0 83.0 20.0 10.0
115.0 131.0 20.0 10.0
107.0 64.0 20.0 10.0
77.0 79.0 20.0 10.0
94.0 50.0 20.0 10.0
112.0 82.0 20.0 10.0
64.0 35.0 20.0 10.0
128.0 52.0 20.0 10.0
80.0 67.0 20.0 10.0
117.0 122.0 20.0 10.0
89.0 77.0 20.0 10.0
121.0 57.0 20.0 10.0
111.0 103.0 20.0 10.0
93.0 115.0 20.0 10.0
121.0 132.0 20.0 10.0
76.0 71.0 20.0 10.0
87.0 110.0 20.0 10.0
92.0 46.0 20.0 10.0
142.0 61.0 20.0 10.0
83.0 83.0 20.0 10.0
109.0 71.0 20.0 10.0
75.0 83.0 20.0 10.0
98.0 121.0 20.0 10.0
124.0 129.0 20.0 10.0
117.0 54.0 20.0 10.0
138.0 99.0 20.0 10.0
133.0 71.0 20.0 10.0
147.0 86.0 20.0 10.0
151.0 108.0 20.0 10.0
77.0 91.0 20.0 10.0
121.0 75.0 20.0 10.0
89.0 113.0 20.0 10.0
107.0 103.0 20.0 10.0
116.0 46.0 20.0 10.0
156.0 94.0 20.0 10.0
143.0 116.0 20.0 10.0
93.0 99.0 20.0 10.0
161.0 32.0 20.0 10.0
63.0 113.0 20.0 10.0
81.0 121.0 20.0 10.0
108.0 122.0 20.0 10.0
103.0 108.0 20.0 10.0
152.0 143.0 20.0 10.0
117.0 69.0 20.0 10.0
100.0 116.0 20.0 10.0
145.0 145.0 20.0 10.0
68.0 162.0 20.0 10.0
118.0 114.0 20.0 10.0
115.0 78.0 20.0 10.0
64.0 121.0 20.0 10.0
115.0 86.0 20.0 10.0
110.0 59.0 20.0 10.0
48.0 78.0 20.0 10.0
111.0 108.0 20.0 10.0
63.0 66.0 20.0 10.0
148.0 101.0 20.0 10.0
92.0 119.0 20.0 10.0
129.0 119.0 20.0 10.0
98.0 89.0 20.0 10.0
86.0 143.0 20.0 10.0
122.0 82.0 20.0 10.0
108.0 129.0 20.0 10.0
124.0 100.0 20.0 10.0
156.0 88.0 20.0 10.0
87.0 88.0 20.0 10.0
135.0 119.0 20.0 10.0
128.0 74.0 20.0 10.0
91.0 89.0 20.0 10.0
133.0 104.0 20.0 10.0
108.0 125.0 20.0 10.0
142.0 91.0 20.0 10.0
141.0 119.0 20.0 10.0
144.0 88.0 20.0 10.0
165.0 49.0 20.0 10.0
109.0 52.0 20.0 10.0
106.0 84.0 20.0 10.0
95.0 109.0 20.0 10.0
156.0 104.0 20.0 10.0
58.0 72.0 20.0 10.0
97.0 80.0 20.0 10.0
129.0 133.0 20.0 10.0
57.0 88.0 20.0 10.0
113.0 73.0 20.0 10.0
75.0 127.0 20.0 10.0
124.0 114.0 20.0 10.0
25.0 129.0 20.0 10.0
102.0 146.0 20.0 10.0
146.0 29.0 20.0 10.0
94.0 83.0 20.0 10.0
70.0 68.0 20.0 10.0
75.0 111.0 20.0 10.0
112.0 122.0 20.0 10.0
151.0 112.0 20.0 10.0
64.0 102.0 20.0 10.0
124.0 88.0 20.0 10.0
105.0 133.0 20.0 10.0
132.0 117.0 20.0 10.0
97.0 75.0 20.0 10.0
119.0 104.0 20.0 10.0
98.0 97.0 20.0 10.0
138.0 66.0 20.0 10.0
139.0 75.0 20.0 10.0
113.0 92.0 20.0 10.0
89.0 70.0 20.0 10.0
91.0 34.0 20.0 10.0
106.0 88.0 20.0 10.0
65.0 83.0 20.0 10.0
98.0 125.0 20.0 10.0
109.0 91.0 20.0 10.0
139.0 132.0 20.0 10.0
64.0 91.0 20.0 10.0
69.0 78.0 20.0 10.0
172.0 130.0 20.0 10.0
119.0 89.0 20.0 10.0
87.0 81.0 20.0 10.0
155.0 127.0 20.0 10.0
98.0 131.0 20.0 10.0
