200
110.0 75.0 20.0 10.0
75.0 69.0 20.0 10.0
64.0 75.0 20.0 10.0
63.0 55.0 20.0 10.0
93.0 60.0 20.0 10.0
70.0 30.0 20.0 10.0
131.0 103.0 20.0 10.0
68.0 50.0 20.0 10.0
94.0 120.0 20.0 10.0
93.0 74.0 20.0 10.0
77.0 115.0 20.0 10.0
51.0 85.0 20.0 10.0
105.0 25.0 20.0 10.0
131.0 108.0 20.0 10.0
174.0 88.0 20.0 10.0
103.0 99.0 20.0 10.0
64.0 70.0 20.0 10.0
156.0 123.0 20.0 10.0
125.0 78.0 20.0 10.0
106.0 67.0 20.0 10.0
96.0 105.0 20.0 10.0
67.0 107.0 20.0 10.0
112.0 31.0 20.0 10.0
110.0 89.0 20.0 10.0
95.0 73.0 20.0 10.0
114.0 137.0 20.0 10.0
81.0 63.0 20.0 10.0
98.0 63.0 20.0 10.0
147.0 31.0 20.0 10.0
58.0 51.0 20.0 10.0
124.0 125.0 20.0 10.0
115.0 66.0 20.0 10.0
95.0 42.0 20.0 10.0
178.0 103.0 20.0 10.0
79.0 111.0 20.0 10.0
105.0 47.0 20.0 10.0
135.0 76.0 20.0 10.0
125.0 48.0 20.0 10.0
135.0 106.0 20.0 10.0
76.0 119.0 20.0 10.0
124.0 105.0 20.0 10.0
117.0 53.0 20.0 10.0
72.0 89.0 20.0 10.0
151.0 73.0 20.0 10.0
139.0 104.0 20.0 10.0
82.0 57.0 20.0 10.0
129.0 40.0 20.0 10.0
121.0 55.0 20.0 10.0
128.0 92.0 20.0 10.0
97.0 114.0 20.0 10.0
90.0 52.0 20.0 10.0
124.0 64.0 20.0 10.0
104.0 81.0 20.0 10.0
117.0 126.0 20.0 10.0
51.0 55.0 20.0 10.0
108.0 111.0 20.0 10.0
49.0 109.0 20.0 10.0
136.0 97.0 20.0 10.0
69.0 77.0 20.0 10.0
98.0 79.0 20.0 10.0
104.0 38.0 20.0 10.0
78.0 96.0 20.0 10.0
88.0 73.0 20.0 10.0
134.0 59.0 20.0 10.0
112.0 42.0 20.0 10.0
46.0 91.0 20.0 10.0
151.0 67.0 20.0 10.0
25.0 128.0 20.0 10.0
121.0 100.0 20.0 10.0
98.0 84.0 20.0 10.0
65.0 131.0 20.0 10.0
109.0 78.0 20.0 10.0
131.0 62.0 20.0 10.0
124.0 113.0 20.0 10.0
81.0 92.0 20.0 10.0
78.0 89.0 20.0 10.0
95.0 59.0 20.0 10.0
90.0 85.0 20.0 10.0
131.0 84.0 20.0 10.0
86.0 85.0 20.0 10.0
168.0 67.0 20.0 10.0
92.0 34.0 20.0 10.0
156.0 46.0 20.0 10.0
101.0 35.0 20.0 10.0
41.0 66.0 20.0 10.0
124.0 81.0 20.0 10.0
102.0 106.0 20.0 10.0
146.0 103.0 20.0 10.0
101.0 92.0 20.0 10.0
93.0 87.0 20.0 10.0
150.0 84.0 20.0 10.0
154.0 57.0 20.0 10.0
85.0 71.0 20.0 10.0
111.0 82.0 20.0 10.0
85.0 81.0 20.0 10.0
126.0 52.0 20.0 10.0
131.0 76.0 20.0 10.0
87.0 110.0 20.0 10.0
87.0 45.0 20.0 10.0
87.0 66.0 20.0 10.0
78.0 125.0 20.0 10.0
76.0 29.0 20.0 10.0
119.0 109.0 20.0 10.0
149.0 44.0 20.0 10.0
76.0 44.0 20.0 10.0
92.0 111.0 20.0 10.0
119.0 98.0 20.0 10.0
135.0 92.0 20.0 10.0
85.0 104.0 20.0 10.0
125.0 99.0 20.0 10.0
99.0 100.0 20.0 10.0
96.0 67.0 20.0 10.0
53.0 80.0 20.0 10.0
61.0 112.0 20.0 10.0
112.0 120.0 20.0 10.0
115.0 88.0 20.0 10.0
120.0 91.0 20.0 10.0
121.0 50.0 20.0 10.0
141.0 73.0 20.0 10.0
159.0 62.0 20.0 10.0
107.0 43.0 20.0 10.0
173.0 96.0 20.0 10.0
88.0 122.0 20.0 10.0
141.0 96.0 20.0 10.0
117.0 83.0 20.0 10.0
95.0 116.0 20.0 10.0
78.0 50.0 20.0 10.0
112.0 95.0 20.0 10.0
62.0 105.0 20.0 10.0
126.0 86.0 20.0 10.0
106.0 122.0 20.0 10.0
112.0 48.0 20.0 10.0
125.0 73.0 20.0 10.0
149.0 96.0 20.0 10.0
68.0 117.0 20.0 10.0
75.0 73.0 20.0 10.0
152.0 76.0 20.0 10.0
58.0 99.0 20.0 10.0
140.0 116.0 20.0 10.0
136.0 71.0 20.0 10.0
86.0 99.0 20.0 10.0
138.0 129.0 20.0 10.0
146.0 71.0 20.0 10.0
121.0 40.0 20.0 10.0
131.0 97.0 20.0 10.0
96.0 65.0 20.0 10.0
75.0 82.0 20.0 10.0
72.0 93.0 20.0 10.0
121.0 75.0 20.0 10.0
77.0 66.0 20.0 10.0
103.0 74.0 20.0 10.0
90.0 36.0 20.0 10.0
105.0 53.0 20.0 10.0
158.0 84.0 20.0 10.0
128.0 45.0 20.0 10.0
98.0 46.0 20.0 10.0
96.0 54.0 20.0 10.0
164.0 100.0 20.0 10.0
107.0 91.0 20.0 10.0
110.0 131.0 20.0 10.0
105.0 103.0 20.0 10.0
101.0 119.0 20.0 10.0
104.0 117.0 20.0 10.0
135.0 50.0 20.0 10.0
68.0 62.0 20.0 10.0
68.0 86.0 20.0 10.0
148.0 90.0 20.0 10.0
118.0 58.0 20.0 10.0
121.0 68.0 20.0 10.0
104.0 72.0 20.0 10.0
71.0 37.0 20.0 10.0
115.0 74.0 20.0 10.0
110.0 64.0 20.0 10.0
78.0 103.0 20.0 10.0
127.0 58.0 20.0 10.0
56.0 73.0 20.0 10.0
61.0 98.0 20.0 10.0
159.0 68.0 20.0 10.0
89.0 79.0 20.0 10.0
87.0 56.0 20.0 10.0
140.0 54.0 20.0 10.0
135.0 83.0 20.0 10.0
114.0 103.0 20.0 10.0
111.0 55.0 20.0 10.0
58.0 86.0 20.0 10.0
92.0 104.0 20.0 10.0
135.0 45.0 20.0 10.0
108.0 83.0 20.0 10.0
95.0 128.0 20.0 10.0
65.0 51.0 20.0 10.0
104.0 88.0 20.0 10.0
105.0 141.0 20.0 10.0
84.0 47.0 20.0 10.0
29.0 51.0 20.0 10.0
141.0 67.0 20.0 10.0
132.0 117.0 20.0 10.0
115.0 116.0 20.0 10.0
63.0 151.0 20.0 10.0
108.0 69.0 20.0 10.0
93.0 92.0 20.0 10.0
