200
74.0 106.0 20.0 10.0
48.0 96.0 20.0 10.0
83.0 112.0 20.0 10.0
99.0 94.0 20.0 10.0
99.0 67.0 20.0 10.0
128.0 102.0 20.0 10.0
73.0 74.0 20.0 10.0
86.0 131.0 20.0 10.0
83.0 98.0 20.0 10.0
105.0 36.0 20.0 10.0
73.0 76.0 20.0 10.0
55.0 145.0 20.0 10.0
143.0 131.0 20.0 10.0
69.0 93.0 20.0 10.0
71.0 64.0 20.0 10.0
43.0 60.0 20.0 10.0
92.0 86.0 20.0 10.0
74.0 100.0 20.0 10.0
102.0 109.0 20.0 10.0
64.0 107.0 20.0 10.0
103.0 75.0 20.0 10.0
110.0 24.0 20.0 10.0
119.0 69.0 20.0 10.0
109.0 101.0 20.0 10.0
76.0 152.0 20.0 10.0
130.0 76.0 20.0 10.0
80.0 82.0 20.0 10.0
101.0 94.0 20.0 10.0
103.0 92.0 20.0 10.0
25.0 105.0 20.0 10.0
37.0 93.0 20.0 10.0
90.0 103.0 20.0 10.0
47.0 103.0 20.0 10.0
104.0 60.0 20.0 10.0
128.0 43.0 20.0 10.0
89.0 81.0 20.0 10.0
96.0 141.0 20.0 10.0
55.0 92.0 20.0 10.0
73.0 44.0 20.0 10.0
105.0 69.0 20.0 10.0
79.0 119.0 20.0 10.0
123.0 81.0 20.0 10.0
98.0 42.0 20.0 10.0
45.0 114.0 20.0 10.0
80.0 68.0 20.0 10.0
107.0 107.0 20.0 10.0
115.0 57.0 20.0 10.0
111.0 109.0 20.0 10.0
85.0 141.0 20.0 10.0
95.0 65.0 20.0 10.0
124.0 60.0 20.0 10.0
123.0 91.0 20.0 10.0
109.0 95.0 20.0 10.0
36.0 116.0 20.0 10.0
86.0 103.0 20.0 10.0
100.0 86.0 20.0 10.0
90.0 110.0 20.0 10.0
105.0 40.0 20.0 10.0
146.0 117.0 20.0 10.0
107.0 148.0 20.0 10.0
93.0 78.0 20.0 10.0
127.0 63.0 20.0 10.0
140.0 118.0 20.0 10.0
74.0 112.0 20.0 10.0
92.0 112.0 20.0 10.0
53.0 99.0 20.0 10.0
94.0 39.0 20.0 10.0
65.0 89.0 20.0 10.0
123.0 97.0 20.0 10.0
61.0 32.0 20.0 10.0
71.0 98.0 20.0 10.0
134.0 88.0 20.0 10.0
55.0 70.0 20.0 10.0
85.0 129.0 20.0 10.0
78.0 122.0 20.0 10.0
88.0 75.0 20.0 10.0
138.0 105.0 20.0 10.0
89.0 49.0 20.0 10.0
99.0 60.0 20.0 10.0
50.0 70.0 20.0 10.0
55.0 121.0 20.0 10.0
157.0 76.0 20.0 10.0
78.0 37.0 20.0 10.0
89.0 122.0 20.0 10.0
135.0 78.0 20.0 10.0
127.0 110.0 20.0 10.0
91.0 116.0 20.0 10.0
134.0 102.0 20.0 10.0
62.0 117.0 20.0 10.0
96.0 109.0 20.0 10.0
78.0 102.0 20.0 10.0
106.0 141.0 20.0 10.0
48.0 35.0 20.0 10.0
112.0 139.0 20.0 10.0
114.0 81.0 20.0 10.0
85.0 82.0 20.0 10.0
51.0 89.0 20.0 10.0
80.0 113.0 20.0 10.0
75.0 82.0 20.0 10.0
35.0 81.0 20.0 10.0
82.0 108.0 20.0 10.0
46.0 137.0 20.0 10.0
94.0 69.0 20.0 10.0
63.0 127.0 20.0 10.0
116.0 72.0 20.0 10.0
68.0 154.0 20.0 10.0
94.0 89.0 20.0 10.0
89.0 97.0 20.0 10.0
56.0 113.0 20.0 10.0
101.0 79.0 20.0 10.0
115.0 95.0 20.0 10.0
87.0 72.0 20.0 10.0
66.0 151.0 20.0 10.0
102.0 125.0 20.0 10.0
70.0 71.0 20.0 10.0
76.0 71.0 20.0 10.0
58.0 96.0 20.0 10.0
86.0 53.0 20.0 10.0
76.0 109.0 20.0 10.0
117.0 49.0 20.0 10.0
38.0 136.0 20.0 10.0
63.0 76.0 20.0 10.0
60.0 88.0 20.0 10.0
80.0 74.0 20.0 10.0
74.0 116.0 20.0 10.0
116.0 67.0 20.0 10.0
69.0 33.0 20.0 10.0
98.0 100.0 20.0 10.0
117.0 110.0 20.0 10.0
153.0 109.0 20.0 10.0
69.0 86.0 20.0 10.0
63.0 68.0 20.0 10.0
102.0 68.0 20.0 10.0
57.0 109.0 20.0 10.0
86.0 62.0 20.0 10.0
106.0 132.0 20.0 10.0
40.0 97.0 20.0 10.0
34.0 87.0 20.0 10.0
33.0 65.0 20.0 10.0
66.0 71.0 20.0 10.0
73.0 51.0 20.0 10.0
66.0 102.0 20.0 10.0
48.0 55.0 20.0 10.0
84.0 91.0 20.0 10.0
48.0 122.0 20.0 10.0
127.0 87.0 20.0 10.0
94.0 121.0 20.0 10.0
91.0 138.0 20.0 10.0
79.0 30.0 20.0 10.0
127.0 95.0 20.0 10.0
68.0 51.0 20.0 10.0
105.0 116.0 20.0 10.0
50.0 50.0 20.0 10.0
90.0 91.0 20.0 10.0
130.0 123.0 20.0 10.0
94.0 74.0 20.0 10.0
96.0 79.0 20.0 10.0
110.0 79.0 20.0 10.0
97.0 152.0 20.0 10.0
43.0 49.0 20.0 10.0
140.0 52.0 20.0 10.0
86.0 34.0 20.0 10.0
66.0 54.0 20.0 10.0
47.0 117.0 20.0 10.0
98.0 55.0 20.0 10.0
109.0 90.0 20.0 10.0
136.0 97.0 20.0 10.0
81.0 102.0 20.0 10.0
108.0 116.0 20.0 10.0
119.0 103.0 20.0 10.0
41.0 86.0 20.0 10.0
123.0 133.0 20.0 10.0
112.0 124.0 20.0 10.0
136.0 115.0 20.0 10.0
49.0 78.0 20.0 10.0
113.0 104.0 20.0 10.0
102.0 102.0 20.0 10.0
73.0 123.0 20.0 10.0
70.0 60.0 20.0 10.0
56.0 51.0 20.0 10.0
69.0 120.0 20.0 10.0
58.0 99.0 20.0 10.0
25.0 130.0 20.0 10.0
57.0 79.0 20.0 10.0
71.0 81.0 20.0 10.0
46.0 74.0 20.0 10.0
121.0 120.0 20.0 10.0
119.0 123.0 20.0 10.0
107.0 52.0 20.0 10.0
69.0 108.0 20.0 10.0
97.0 117.0 20.0 10.0
57.0 86.0 20.0 10.0
89.0 66.0 20.0 10.0
47.0 82.0 20.0 10.0
65.0 97.0 20.0 10.0
53.0 110.0 20.0 10.0
108.0 85.0 20.0 10.0
52.0 127.0 20.0 10.0
77.0 92.0 20.0 10.0
122.0 77.0 20.0 10.0
