200
81.0 63.0 20.0 10.0
77.0 112.0 20.0 10.0
43.0 128.0 20.0 10.0
135.0 119.0 20.0 10.0
64.0 49.0 20.0 10.0
53.0 137.0 20.0 10.0
92.0 71.0 20.0 10.0
92.0 53.0 20.0 10.0
174.0 90.0 20.0 10.0
43.0 79.0 20.0 10.0
87.0 25.0 20.0 10.0
85.0 111.0 20.0 10.0
90.0 94.0 20.0 10.0
64.0 84.0 20.0 10.0
109.0 138.0 20.0 10.0
109.0 97.0 20.0 10.0
104.0 89.0 20.0 10.0
85.0 72.0 20.0 10.0
54.0 122.0 20.0 10.0
141.0 138.0 20.0 10.0
79.0 71.0 20.0 10.0
97.0 121.0 20.0 10.0
91.0 80.0 20.0 10.0
62.0 107.0 20.0 10.0
71.0 50.0 20.0 10.0
121.0 119.0 20.0 10.0
126.0 89.0 20.0 10.0
97.0 128.0 20.0 10.0
104.0 70.0 20.0 10.0
136.0 114.0 20.0 10.0
122.0 130.0 20.0 10.0
153.0 113.0 20.0 10.0
89.0 75.0 20.0 10.0
62.0 91.0 20.0 10.0
141.0 119.0 20.0 10.0
84.0 95.0 20.0 10.0
95.0 111.0 20.0 10.0
122.0 76.0 20.0 10.0
112.0 135.0 20.0 10.0
112.0 61.0 20.0 10.0
26.0 40.0 20.0 10.0
142.0 96.0 20.0 10.0
83.0 105.0 20.0 10.0
128.0 125.0 20.0 10.0
144.0 85.0 20.0 10.0
125.0 106.0 20.0 10.0
75.0 136.0 20.0 10.0
164.0 97.0 20.0 10.0
55.0 88.0 20.0 10.0
113.0 53.0 20.0 10.0
76.0 55.0 20.0 10.0
84.0 85.0 20.0 10.0
90.0 83.0 20.0 10.0
131.0 72.0 20.0 10.0
91.0 63.0 20.0 10.0
117.0 131.0 20.0 10.0
70.0 102.0 20.0 10.0
56.0 94.0 20.0 10.0
44.0 45.0 20.0 10.0
112.0 94.0 20.0 10.0
148.0 102.0 20.0 10.0
111.0 84.0 20.0 10.0
75.0 101.0 20.0 10.0
136.0 73.0 20.0 10.0
63.0 77.0 20.0 10.0
116.0 138.0 20.0 10.0
70.0 91.0 20.0 10.0
93.0 104.0 20.0 10.0
85.0 90.0 20.0 10.0
102.0 125.0 20.0 10.0
78.0 87.0 20.0 10.0
65.0 118.0 20.0 10.0
106.0 75.0 20.0 10.0
97.0 84.0 20.0 10.0
115.0 99.0 20.0 10.0
113.0 108.0 20.0 10.0
81.0 130.0 20.0 10.0
92.0 89.0 20.0 10.0
135.0 80.0 20.0 10.0
45.0 111.0 20.0 10.0
26.0 61.0 20.0 10.0
98.0 89.0 20.0 10.0
121.0 88.0 20.0 10.0
90.0 108.0 20.0 10.0
65.0 45.0 20.0 10.0
109.0 71.0 20.0 10.0
160.0 56.0 20.0 10.0
144.0 123.0 20.0 10.0
75.0 108.0 20.0 10.0
79.0 117.0 20.0 10.0
121.0 67.0 20.0 10.0
83.0 77.0 20.0 10.0
43.0 87.0 20.0 10.0
86.0 53.0 20.0 10.0
121.0 99.0 20.0 10.0
127.0 50.0 20.0 10.0
102.0 34.0 20.0 10.0
35.0 98.0 20.0 10.0
145.0 70.0 20.0 10.0
70.0 70.0 20.0 10.0
119.0 80.0 20.0 10.0
118.0 114.0 20.0 10.0
61.0 68.0 20.0 10.0
131.0 113.0 20.0 10.0
131.0 84.0 20.0 10.0
69.0 139.0 20.0 10.0
124.0 52.0 20.0 10.0
30.0 84.0 20.0 10.0
73.0 85.0 20.0 10.0
55.0 70.0 20.0 10.0
101.0 111.0 20.0 10.0
115.0 77.0 20.0 10.0
66.0 145.0 20.0 10.0
52.0 84.0 20.0 10.0
128.0 120.0 20.0 10.0
136.0 50.0 20.0 10.0
113.0 45.0 20.0 10.0
107.0 101.0 20.0 10.0
104.0 106.0 20.0 10.0
98.0 53.0 20.0 10.0
69.0 89.0 20.0 10.0
141.0 89.0 20.0 10.0
102.0 86.0 20.0 10.0
140.0 101.0 20.0 10.0
121.0 107.0 20.0 10.0
101.0 92.0 20.0 10.0
115.0 63.0 20.0 10.0
88.0 133.0 20.0 10.0
59.0 121.0 20.0 10.0
95.0 63.0 20.0 10.0
125.0 76.0 20.0 10.0
75.0 116.0 20.0 10.0
119.0 68.0 20.0 10.0
110.0 144.0 20.0 10.0
81.0 109.0 20.0 10.0
146.0 167.0 20.0 10.0
132.0 96.0 20.0 10.0
132.0 109.0 20.0 10.0
101.0 96.0 20.0 10.0
98.0 117.0 20.0 10.0
141.0 77.0 20.0 10.0
172.0 74.0 20.0 10.0
107.0 80.0 20.0 10.0
81.0 81.0 20.0 10.0
67.0 79.0 20.0 10.0
99.0 48.0 20.0 10.0
54.0 112.0 20.0 10.0
65.0 114.0 20.0 10.0
146.0 78.0 20.0 10.0
76.0 48.0 20.0 10.0
98.0 73.0 20.0 10.0
52.0 76.0 20.0 10.0
110.0 125.0 20.0 10.0
79.0 159.0 20.0 10.0
73.0 43.0 20.0 10.0
116.0 88.0 20.0 10.0
101.0 141.0 20.0 10.0
73.0 62.0 20.0 10.0
156.0 83.0 20.0 10.0
103.0 116.0 20.0 10.0
73.0 73.0 20.0 10.0
99.0 154.0 20.0 10.0
91.0 145.0 20.0 10.0
86.0 81.0 20.0 10.0
92.0 125.0 20.0 10.0
79.0 59.0 20.0 10.0
103.0 97.0 20.0 10.0
125.0 41.0 20.0 10.0
125.0 95.0 20.0 10.0
109.0 111.0 20.0 10.0
89.0 119.0 20.0 10.0
92.0 113.0 20.0 10.0
115.0 114.0 20.0 10.0
130.0 60.0 20.0 10.0
88.0 48.0 20.0 10.0
100.0 59.0 20.0 10.0
116.0 93.0 20.0 10.0
136.0 127.0 20.0 10.0
116.0 70.0 20.0 10.0
75.0 127.0 20.0 10.0
84.0 135.0 20.0 10.0
98.0 102.0 20.0 10.0
103.0 46.0 20.0 10.0
81.0 101.0 20.0 10.0
130.0 55.0 20.0 10.0
62.0 96.0 20.0 10.0
96.0 135.0 20.0 10.0
93.0 99.0 20.0 10.0
134.0 45.0 20.0 10.0
94.0 45.0 20.0 10.0
99.0 41.0 20.0 10.0
128.0 104.0 20.0 10.0
152.0 93.0 20.0 10.0
94.0 87.0 20.0 10.0
96.0 70.0 20.0 10.0
105.0 50.0 20.0 10.0
69.0 108.0 20.0 10.0
110.0 105.0 20.0 10.0
107.0 59.0 20.0 10.0
25.0 95.0 20.0 10.0
