200
75.0 58.0 20.0 10.0
58.0 72.0 20.0 10.0
123.0 64.0 20.0 10.0
112.0 100.0 20.0 10.0
88.0 57.0 20.0 10.0
90.0 85.0 20.0 10.0
128.0 110.0 20.0 10.0
83.0 81.0 20.0 10.0
75.0 147.0 20.0 10.0
84.0 128.0 20.0 10.0
140.0 107.0 20.0 10.0
143.0 68.0 20.0 10.0
101.0 89.0 20.0 10.0
62.0 129.0 20.0 10.0
138.0 140.0 20.0 10.0
112.0 106.0 20.0 10.0
124.0 75.0 20.0 10.0
141.0 91.0 20.0 10.0
105.0 109.0 20.0 10.0
32.0 105.0 20.0 10.0
64.0 58.0 20.0 10.0
109.0 90.0 20.0 10.0
93.0 62.0 20.0 10.0
83.0 90.0 20.0 10.0
143.0 114.0 20.0 10.0
158.0 56.0 20.0 10.0
110.0 72.0 20.0 10.0
66.0 92.0 20.0 10.0
137.0 66.0 20.0 10.0
63.0 77.0 20.0 10.0
77.0 49.0 20.0 10.0
73.0 50.0 20.0 10.0
92.0 68.0 20.0 10.0
135.0 101.0 20.0 10.0
25.0 133.0 20.0 10.0
72.0 72.0 20.0 10.0
48.0 128.0 20.0 10.0
59.0 125.0 20.0 10.0
115.0 94.0 20.0 10.0
72.0 64.0 20.0 10.0
100.0 72.0 20.0 10.0
118.0 101.0 20.0 10.0
130.0 74.0 20.0 10.0
101.0 127.0 20.0 10.0
100.0 118.0 20.0 10.0
102.0 76.0 20.0 10.0
149.0 101.0 20.0 10.0
93.0 53.0 20.0 10.0
93.0 78.0 20.0 10.0
120.0 97.0 20.0 10.0
89.0 81.0 20.0 10.0
67.0 78.0 20.0 10.0
102.0 104.0 20.0 10.0
58.0 119.0 20.0 10.0
81.0 96.0 20.0 10.0
117.0 78.0 20.0 10.0
151.0 89.0 20.0 10.0
109.0 56.0 20.0 10.0
93.0 155.0 20.0 10.0
116.0 128.0 20.0 10.0
118.0 55.0 20.0 10.0
78.0 114.0 20.0 10.0
102.0 91.0 20.0 10.0
107.0 49.0 20.0 10.0
112.0 127.0 20.0 10.0
94.0 85.0 20.0 10.0
96.0 96.0 20.0 10.0
109.0 103.0 20.0 10.0
99.0 79.0 20.0 10.0
91.0 109.0 20.0 10.0
132.0 52.0 20.0 10.0
92.0 106.0 20.0 10.0
25.0 30.0 20.0 10.0
120.0 61.0 20.0 10.0
109.0 95.0 20.0 10.0
80.0 70.0 20.0 10.0
127.0 54.0 20.0 10.0
100.0 136.0 20.0 10.0
142.0 85.0 20.0 10.0
35.0 90.0 20.0 10.0
75.0 127.0 20.0 10.0
116.0 105.0 20.0 10.0
89.0 91.0 20.0 10.0
147.0 79.0 20.0 10.0
115.0 45.0 20.0 10.0
103.0 131.0 20.0 10.0
79.0 83.0 20.0 10.0
93.0 147.0 20.0 10.0
117.0 34.0 20.0 10.0
77.0 25.0 20.0 10.0
113.0 86.0 20.0 10.0
96.0 133.0 20.0 10.0
43.0 103.0 20.0 10.0
50.0 76.0 20.0 10.0
64.0 149.0 20.0 10.0
104.0 87.0 20.0 10.0
101.0 63.0 20.0 10.0
95.0 87.0 20.0 10.0
100.0 113.0 20.0 10.0
130.0 66.0 20.0 10.0
116.0 122.0 20.0 10.0
64.0 109.0 20.0 10.0
132.0 88.0 20.0 10.0
110.0 135.0 20.0 10.0
128.0 134.0 20.0 10.0
106.0 63.0 20.0 10.0
161.0 94.0 20.0 10.0
136.0 84.0 20.0 10.0
64.0 72.0 20.0 10.0
139.0 112.0 20.0 10.0
89.0 122.0 20.0 10.0
143.0 101.0 20.0 10.0
171.0 127.0 20.0 10.0
157.0 81.0 20.0 10.0
120.0 107.0 20.0 10.0
114.0 71.0 20.0 10.0
152.0 108.0 20.0 10.0
145.0 94.0 20.0 10.0
106.0 113.0 20.0 10.0
65.0 124.0 20.0 10.0
134.0 67.0 20.0 10.0
96.0 26.0 20.0 10.0
92.0 74.0 20.0 10.0
43.0 74.0 20.0 10.0
121.0 122.0 20.0 10.0
103.0 95.0 20.0 10.0
141.0 128.0 20.0 10.0
105.0 149.0 20.0 10.0
118.0 72.0 20.0 10.0
68.0 53.0 20.0 10.0
93.0 128.0 20.0 10.0
129.0 94.0 20.0 10.0
88.0 41.0 20.0 10.0
51.0 119.0 20.0 10.0
109.0 32.0 20.0 10.0
121.0 113.0 20.0 10.0
67.0 85.0 20.0 10.0
171.0 65.0 20.0 10.0
117.0 140.0 20.0 10.0
89.0 104.0 20.0 10.0
135.0 96.0 20.0 10.0
76.0 93.0 20.0 10.0
75.0 84.0 20.0 10.0
76.0 76.0 20.0 10.0
123.0 50.0 20.0 10.0
120.0 126.0 20.0 10.0
80.0 116.0 20.0 10.0
73.0 99.0 20.0 10.0
63.0 101.0 20.0 10.0
88.0 133.0 20.0 10.0
106.0 139.0 20.0 10.0
105.0 80.0 20.0 10.0
72.0 114.0 20.0 10.0
76.0 134.0 20.0 10.0
97.0 110.0 20.0 10.0
73.0 105.0 20.0 10.0
110.0 116.0 20.0 10.0
64.0 96.0 20.0 10.0
129.0 115.0 20.0 10.0
83.0 95.0 20.0 10.0
94.0 58.0 20.0 10.0
95.0 120.0 20.0 10.0
76.0 89.0 20.0 10.0
47.0 44.0 20.0 10.0
77.0 119.0 20.0 10.0
123.0 92.0 20.0 10.0
124.0 125.0 20.0 10.0
89.0 74.0 20.0 10.0
129.0 123.0 20.0 10.0
88.0 118.0 20.0 10.0
107.0 142.0 20.0 10.0
146.0 125.0 20.0 10.0
82.0 60.0 20.0 10.0
56.0 56.0 20.0 10.0
59.0 81.0 20.0 10.0
88.0 115.0 20.0 10.0
118.0 159.0 20.0 10.0
82.0 55.0 20.0 10.0
116.0 96.0 20.0 10.0
96.0 138.0 20.0 10.0
132.0 78.0 20.0 10.0
126.0 85.0 20.0 10.0
96.0 68.0 20.0 10.0
110.0 79.0 20.0 10.0
50.0 86.0 20.0 10.0
77.0 101.0 20.0 10.0
102.0 57.0 20.0 10.0
137.0 119.0 20.0 10.0
104.0 102.0 20.0 10.0
109.0 42.0 20.0 10.0
94.0 47.0 20.0 10.0
69.0 144.0 20.0 10.0
114.0 98.0 20.0 10.0
99.0 36.0 20.0 10.0
144.0 73.0 20.0 10.0
65.0 64.0 20.0 10.0
73.0 150.0 20.0 10.0
130.0 119.0 20.0 10.0
122.0 86.0 20.0 10.0
83.0 62.0 20.0 10.0
