200
125.0 74.0 20.0 10.0
102.0 83.0 20.0 10.0
131.0 47.0 20.0 10.0
137.0 128.0 20.0 10.0
80.0 107.0 20.0 10.0
122.0 125.0 20.0 10.0
165.0 74.0 20.0 10.0
122.0 105.0 20.0 10.0
129.0 102.0 20.0 10.0
117.0 140.0 20.0 10.0
180.0 143.0 20.0 10.0
95.0 114.0 20.0 10.0
153.0 112.0 20.0 10.0
59.0 111.0 20.0 10.0
114.0 132.0 20.0 10.0
146.0 167.0 20.0 10.0
154.0 73.0 20.0 10.0
141.0 60.0 20.0 10.0
174.0 109.0 20.0 10.0
145.0 126.0 20.0 10.0
120.0 115.0 20.0 10.0
79.0 122.0 20.0 10.0
157.0 25.0 20.0 10.0
86.0 89.0 20.0 10.0
92.0 106.0 20.0 10.0
92.0 98.0 20.0 10.0
90.0 160.0 20.0 10.0
126.0 147.0 20.0 10.0
97.0 81.0 20.0 10.0
47.0 159.0 20.0 10.0
88.0 102.0 20.0 10.0
163.0 136.0 20.0 10.0
179.0 110.0 20.0 10.0
66.0 102.0 20.0 10.0
67.0 73.0 20.0 10.0
89.0 115.0 20.0 10.0
97.0 141.0 20.0 10.0
110.0 117.0 20.0 10.0
134.0 165.0 20.0 10.0
110.0 90.0 20.0 10.0
85.0 95.0 20.0 10.0
126.0 131.0 20.0 10.0
167.0 64.0 20.0 10.0
132.0 87.0 20.0 10.0
104.0 103.0 20.0 10.0
77.0 148.0 20.0 10.0
131.0 121.0 20.0 10.0
134.0 143.0 20.0 10.0
116.0 113.0 20.0 10.0
85.0 145.0 20.0 10.0
68.0 121.0 20.0 10.0
119.0 100.0 20.0 10.0
101.0 130.0 20.0 10.0
103.0 85.0 20.0 10.0
97.0 112.0 20.0 10.0
93.0 149.0 20.0 10.0
120.0 93.0 20.0 10.0
152.0 137.0 20.0 10.0
133.0 139.0 20.0 10.0
127.0 93.0 20.0 10.0
59.0 138.0 20.0 10.0
160.0 76.0 20.0 10.0
90.0 77.0 20.0 10.0
148.0 92.0 20.0 10.0
129.0 75.0 20.0 10.0
138.0 131.0 20.0 10.0
106.0 117.0 20.0 10.0
95.0 156.0 20.0 10.0
117.0 132.0 20.0 10.0
136.0 101.0 20.0 10.0
153.0 145.0 20.0 10.0
101.0 146.0 20.0 10.0
139.0 141.0 20.0 10.0
121.0 153.0 20.0 10.0
101.0 125.0 20.0 10.0
96.0 47.0 20.0 10.0
102.0 93.0 20.0 10.0
133.0 107.0 20.0 10.0
136.0 113.0 20.0 10.0
93.0 141.0 20.0 10.0
138.0 164.0 20.0 10.0
146.0 109.0 20.0 10.0
94.0 128.0 20.0 10.0
120.0 87.0 20.0 10.0
112.0 100.0 20.0 10.0
61.0 153.0 20.0 10.0
148.0 67.0 20.0 10.0
93.0 135.0 20.0 10.0
113.0 95.0 20.0 10.0
120.0 135.0 20.0 10.0
152.0 89.0 20.0 10.0
80.0 94.0 20.0 10.0
81.0 114.0 20.0 10.0
109.0 136.0 20.0 10.0
121.0 110.0 20.0 10.0
84.0 134.0 20.0 10.0
136.0 88.0 20.0 10.0
79.0 136.0 20.0 10.0
172.0 105.0 20.0 10.0
149.0 133.0 20.0 10.0
145.0 131.0 20.0 10.0
54.0 120.0 20.0 10.0
115.0 123.0 20.0 10.0
74.0 79.0 20.0 10.0
100.0 120.0 20.0 10.0
123.0 112.0 20.0 10.0
55.0 92.0 20.0 10.0
148.0 158.0 20.0 10.0
122.0 68.0 20.0 10.0
101.0 164.0 20.0 10.0
148.0 103.0 20.0 10.0
131.0 113.0 20.0 10.0
104.0 178.0 20.0 10.0
139.0 91.0 20.0 10.0
45.0 125.0 20.0 10.0
91.0 125.0 20.0 10.0
114.0 150.0 20.0 10.0
25.0 163.0 20.0 10.0
98.0 110.0 20.0 10.0
154.0 103.0 20.0 10.0
104.0 73.0 20.0 10.0
122.0 97.0 20.0 10.0
96.0 166.0 20.0 10.0
133.0 97.0 20.0 10.0
122.0 88.0 20.0 10.0
148.0 123.0 20.0 10.0
116.0 142.0 20.0 10.0
142.0 108.0 20.0 10.0
64.0 109.0 20.0 10.0
116.0 84.0 20.0 10.0
127.0 138.0 20.0 10.0
83.0 100.0 20.0 10.0
134.0 160.0 20.0 10.0
95.0 66.0 20.0 10.0
110.0 172.0 20.0 10.0
141.0 118.0 20.0 10.0
134.0 59.0 20.0 10.0
107.0 123.0 20.0 10.0
123.0 81.0 20.0 10.0
73.0 108.0 20.0 10.0
148.0 147.0 20.0 10.0
161.0 126.0 20.0 10.0
115.0 118.0 20.0 10.0
94.0 122.0 20.0 10.0
157.0 140.0 20.0 10.0
113.0 103.0 20.0 10.0
154.0 130.0 20.0 10.0
132.0 128.0 20.0 10.0
127.0 43.0 20.0 10.0
80.0 130.0 20.0 10.0
121.0 148.0 20.0 10.0
157.0 95.0 20.0 10.0
107.0 129.0 20.0 10.0
73.0 119.0 20.0 10.0
107.0 151.0 20.0 10.0
81.0 147.0 20.0 10.0
105.0 95.0 20.0 10.0
120.0 122.0 20.0 10.0
114.0 68.0 20.0 10.0
111.0 106.0 20.0 10.0
93.0 89.0 20.0 10.0
122.0 120.0 20.0 10.0
118.0 71.0 20.0 10.0
76.0 114.0 20.0 10.0
111.0 57.0 20.0 10.0
127.0 165.0 20.0 10.0
105.0 108.0 20.0 10.0
171.0 118.0 20.0 10.0
55.0 132.0 20.0 10.0
87.0 128.0 20.0 10.0
120.0 161.0 20.0 10.0
145.0 117.0 20.0 10.0
128.0 110.0 20.0 10.0
166.0 97.0 20.0 10.0
158.0 121.0 20.0 10.0
111.0 81.0 20.0 10.0
91.0 83.0 20.0 10.0
66.0 88.0 20.0 10.0
82.0 158.0 20.0 10.0
102.0 160.0 20.0 10.0
105.0 132.0 20.0 10.0
79.0 104.0 20.0 10.0
95.0 96.0 20.0 10.0
66.0 134.0 20.0 10.0
97.0 103.0 20.0 10.0
124.0 119.0 20.0 10.0
97.0 126.0 20.0 10.0
127.0 154.0 20.0 10.0
137.0 151.0 20.0 10.0
59.0 167.0 20.0 10.0
106.0 64.0 20.0 10.0
140.0 126.0 20.0 10.0
82.0 122.0 20.0 10.0
145.0 75.0 20.0 10.0
100.0 98.0 20.0 10.0
111.0 142.0 20.0 10.0
142.0 97.0 20.0 10.0
104.0 144.0 20.0 10.0
96.0 131.0 20.0 10.0
62.0 128.0 20.0 10.0
