200
120.0 115.0 20.0 10.0
144.0 68.0 20.0 10.0
90.0 126.0 20.0 10.0
119.0 25.0 20.0 10.0
150.0 105.0 20.0 10.0
102.0 155.0 20.0 10.0
94.0 120.0 20.0 10.0
136.0 61.0 20.0 10.0
116.0 112.0 20.0 10.0
137.0 106.0 20.0 10.0
107.0 110.0 20.0 10.0
98.0 46.0 20.0 10.0
103.0 122.0 20.0 10.0
146.0 88.0 20.0 10.0
80.0 66.0 20.0 10.0
108.0 107.0 20.0 10.0
95.0 132.0 20.0 10.0
100.0 69.0 20.0 10.0
102.0 40.0 20.0 10.0
95.0 97.0 20.0 10.0
159.0 75.0 20.0 10.0
76.0 89.0 20.0 10.0
39.0 63.0 20.0 10.0
124.0 59.0 20.0 10.0
117.0 138.0 20.0 10.0
80.0 74.0 20.0 10.0
89.0 83.0 20.0 10.0
100.0 80.0 20.0 10.0
107.0 78.0 20.0 10.0
144.0 57.0 20.0 10.0
84.0 68.0 20.0 10.0
124.0 71.0 20.0 10.0
149.0 91.0 20.0 10.0
75.0 39.0 20.0 10.0
146.0 76.0 20.0 10.0
76.0 100.0 20.0 10.0
112.0 112.0 20.0 10.0
131.0 101.0 20.0 10.0
125.0 109.0 20.0 10.0
136.0 69.0 20.0 10.0
59.0 93.0 20.0 10.0
141.0 110.0 20.0 10.0
139.0 99.0 20.0 10.0
107.0 101.0 20.0 10.0
67.0 63.0 20.0 10.0
118.0 68.0 20.0 10.0
85.0 62.0 20.0 10.0
51.0 88.0 20.0 10.0
54.0 109.0 20.0 10.0
103.0 117.0 20.0 10.0
88.0 105.0 20.0 10.0
76.0 85.0 20.0 10.0
119.0 48.0 20.0 10.0
128.0 110.0 20.0 10.0
175.0 102.0 20.0 10.0
100.0 27.0 20.0 10.0
128.0 94.0 20.0 10.0
73.0 58.0 20.0 10.0
121.0 121.0 20.0 10.0
57.0 60.0 20.0 10.0
119.0 98.0 20.0 10.0
73.0 78.0 20.0 10.0
59.0 134.0 20.0 10.0
134.0 115.0 20.0 10.0
97.0 112.0 20.0 10.0
72.0 112.0 20.0 10.0
115.0 74.0 20.0 10.0
151.0 98.0 20.0 10.0
56.0 73.0 20.0 10.0
134.0 97.0 20.0 10.0
128.0 133.0 20.0 10.0
114.0 125.0 20.0 10.0
72.0 47.0 20.0 10.0
80.0 90.0 20.0 10.0
71.0 107.0 20.0 10.0
59.0 104.0 20.0 10.0
135.0 120.0 20.0 10.0
86.0 100.0 20.0 10.0
77.0 46.0 20.0 10.0
97.0 44.0 20.0 10.0
56.0 112.0 20.0 10.0
134.0 127.0 20.0 10.0
107.0 63.0 20.0 10.0
115.0 87.0 20.0 10.0
117.0 77.0 20.0 10.0
115.0 54.0 20.0 10.0
117.0 93.0 20.0 10.0
100.0 129.0 20.0 10.0
81.0 123.0 20.0 10.0
145.0 123.0 20.0 10.0
125.0 93.0 20.0 10.0
161.0 57.0 20.0 10.0
124.0 29.0 20.0 10.0
92.0 107.0 20.0 10.0
80.0 104.0 20.0 10.0
90.0 42.0 20.0 10.0
112.0 54.0 20.0 10.0
112.0 100.0 20.0 10.0
54.0 127.0 20.0 10.0
113.0 63.0 20.0 10.0
100.0 105.0 20.0 10.0
97.0 37.0 20.0 10.0
121.0 66.0 20.0 10.0
151.0 79.0 20.0 10.0
81.0 78.0 20.0 10.0
115.0 102.0 20.0 10.0
100.0 88.0 20.0 10.0
79.0 144.0 20.0 10.0
141.0 44.0 20.0 10.0
90.0 75.0 20.0 10.0
132.0 37.0 20.0 10.0
130.0 83.0 20.0 10.0
136.0 88.0 20.0 10.0
110.0 85.0 20.0 10.0
127.0 50.0 20.0 10.0
128.0 25.0 20.0 10.0
127.0 77.0 20.0 10.0
127.0 65.0 20.0 10.0
137.0 76.0 20.0 10.0
100.0 77.0 20.0 10.0
107.0 29.0 20.0 10.0
132.0 136.0 20.0 10.0
97.0 73.0 20.0 10.0
88.0 141.0 20.0 10.0
117.0 72.0 20.0 10.0
130.0 46.0 20.0 10.0
162.0 90.0 20.0 10.0
141.0 90.0 20.0 10.0
107.0 71.0 20.0 10.0
68.0 51.0 20.0 10.0
107.0 132.0 20.0 10.0
88.0 47.0 20.0 10.0
118.0 102.0 20.0 10.0
95.0 79.0 20.0 10.0
85.0 84.0 20.0 10.0
88.0 67.0 20.0 10.0
75.0 64.0 20.0 10.0
105.0 84.0 20.0 10.0
122.0 96.0 20.0 10.0
104.0 89.0 20.0 10.0
105.0 101.0 20.0 10.0
156.0 116.0 20.0 10.0
113.0 144.0 20.0 10.0
46.0 68.0 20.0 10.0
101.0 109.0 20.0 10.0
129.0 73.0 20.0 10.0
74.0 29.0 20.0 10.0
102.0 51.0 20.0 10.0
58.0 78.0 20.0 10.0
86.0 134.0 20.0 10.0
124.0 52.0 20.0 10.0
65.0 70.0 20.0 10.0
151.0 54.0 20.0 10.0
106.0 60.0 20.0 10.0
100.0 93.0 20.0 10.0
73.0 71.0 20.0 10.0
95.0 68.0 20.0 10.0
140.0 69.0 20.0 10.0
83.0 110.0 20.0 10.0
119.0 89.0 20.0 10.0
61.0 81.0 20.0 10.0
93.0 54.0 20.0 10.0
124.0 88.0 20.0 10.0
113.0 119.0 20.0 10.0
88.0 73.0 20.0 10.0
140.0 125.0 20.0 10.0
85.0 90.0 20.0 10.0
83.0 103.0 20.0 10.0
103.0 62.0 20.0 10.0
146.0 134.0 20.0 10.0
73.0 102.0 20.0 10.0
140.0 84.0 20.0 10.0
130.0 67.0 20.0 10.0
122.0 104.0 20.0 10.0
95.0 91.0 20.0 10.0
80.0 127.0 20.0 10.0
112.0 115.0 20.0 10.0
146.0 97.0 20.0 10.0
102.0 75.0 20.0 10.0
102.0 98.0 20.0 10.0
75.0 122.0 20.0 10.0
151.0 102.0 20.0 10.0
121.0 110.0 20.0 10.0
68.0 121.0 20.0 10.0
124.0 136.0 20.0 10.0
85.0 80.0 20.0 10.0
66.0 96.0 20.0 10.0
103.0 68.0 20.0 10.0
112.0 96.0 20.0 10.0
97.0 120.0 20.0 10.0
126.0 82.0 20.0 10.0
25.0 165.0 20.0 10.0
132.0 90.0 20.0 10.0
96.0 53.0 20.0 10.0
117.0 83.0 20.0 10.0
136.0 110.0 20.0 10.0
122.0 76.0 20.0 10.0
85.0 117.0 20.0 10.0
89.0 95.0 20.0 10.0
158.0 92.0 20.0 10.0
