200
67.0 63.0 20.0 10.0
124.0 74.0 20.0 10.0
87.0 93.0 20.0 10.0
141.0 63.0 20.0 10.0
141.0 56.0 20.0 10.0
64.0 101.0 20.0 10.0
113.0 60.0 20.0 10.0
100.0 116.0 20.0 10.0
89.0 66.0 20.0 10.0
56.0 65.0 20.0 10.0
59.0 82.0 20.0 10.0
100.0 110.0 20.0 10.0
158.0 89.0 20.0 10.0
69.0 104.0 20.0 10.0
84.0 124.0 20.0 10.0
134.0 108.0 20.0 10.0
51.0 130.0 20.0 10.0
99.0 69.0 20.0 10.0
53.0 92.0 20.0 10.0
50.0 111.0 20.0 10.0
122.0 110.0 20.0 10.0
85.0 128.0 20.0 10.0
84.0 101.0 20.0 10.0
79.0 76.0 20.0 10.0
82.0 150.0 20.0 10.0
124.0 66.0 20.0 10.0
92.0 53.0 20.0 10.0
108.0 117.0 20.0 10.0
89.0 82.0 20.0 10.0
82.0 62.0 20.0 10.0
106.0 129.0 20.0 10.0
100.0 127.0 20.0 10.0
113.0 123.0 20.0 10.0
70.0 119.0 20.0 10.0
112.0 95.0 20.0 10.0
91.0 123.0 20.0 10.0
70.0 50.0 20.0 10.0
67.0 137.0 20.0 10.0
126.0 152.0 20.0 10.0
110.0 47.0 20.0 10.0
95.0 81.0 20.0 10.0
33.0 99.0 20.0 10.0
87.0 51.0 20.0 10.0
49.0 83.0 20.0 10.0
70.0 94.0 20.0 10.0
103.0 93.0 20.0 10.0
116.0 72.0 20.0 10.0
102.0 80.0 20.0 10.0
136.0 120.0 20.0 10.0
153.0 72.0 20.0 10.0
74.0 82.0 20.0 10.0
101.0 61.0 20.0 10.0
96.0 121.0 20.0 10.0
60.0 38.0 20.0 10.0
61.0 105.0 20.0 10.0
127.0 117.0 20.0 10.0
70.0 61.0 20.0 10.0
106.0 132.0 20.0 10.0
82.0 47.0 20.0 10.0
85.0 169.0 20.0 10.0
50.0 89.0 20.0 10.0
113.0 100.0 20.0 10.0
89.0 60.0 20.0 10.0
103.0 116.0 20.0 10.0
141.0 45.0 20.0 10.0
124.0 104.0 20.0 10.0
104.0 82.0 20.0 10.0
35.0 84.0 20.0 10.0
42.0 84.0 20.0 10.0
56.0 107.0 20.0 10.0
108.0 105.0 20.0 10.0
84.0 119.0 20.0 10.0
60.0 155.0 20.0 10.0
139.0 89.0 20.0 10.0
31.0 136.0 20.0 10.0
74.0 147.0 20.0 10.0
96.0 124.0 20.0 10.0
116.0 133.0 20.0 10.0
116.0 112.0 20.0 10.0
114.0 108.0 20.0 10.0
112.0 86.0 20.0 10.0
99.0 45.0 20.0 10.0
73.0 106.0 20.0 10.0
89.0 85.0 20.0 10.0
143.0 118.0 20.0 10.0
72.0 71.0 20.0 10.0
47.0 70.0 20.0 10.0
82.0 85.0 20.0 10.0
66.0 71.0 20.0 10.0
115.0 70.0 20.0 10.0
138.0 81.0 20.0 10.0
135.0 100.0 20.0 10.0
93.0 100.0 20.0 10.0
132.0 95.0 20.0 10.0
59.0 144.0 20.0 10.0
46.0 160.0 20.0 10.0
85.0 130.0 20.0 10.0
94.0 93.0 20.0 10.0
113.0 52.0 20.0 10.0
76.0 120.0 20.0 10.0
108.0 100.0 20.0 10.0
79.0 89.0 20.0 10.0
72.0 158.0 20.0 10.0
44.0 101.0 20.0 10.0
68.0 112.0 20.0 10.0
54.0 117.0 20.0 10.0
116.0 89.0 20.0 10.0
96.0 139.0 20.0 10.0
72.0 55.0 20.0 10.0
118.0 53.0 20.0 10.0
75.0 116.0 20.0 10.0
79.0 95.0 20.0 10.0
90.0 110.0 20.0 10.0
70.0 116.0 20.0 10.0
93.0 67.0 20.0 10.0
97.0 97.0 20.0 10.0
126.0 99.0 20.0 10.0
85.0 80.0 20.0 10.0
108.0 95.0 20.0 10.0
122.0 87.0 20.0 10.0
68.0 86.0 20.0 10.0
95.0 105.0 20.0 10.0
119.0 77.0 20.0 10.0
154.0 118.0 20.0 10.0
77.0 83.0 20.0 10.0
138.0 129.0 20.0 10.0
127.0 131.0 20.0 10.0
111.0 80.0 20.0 10.0
131.0 62.0 20.0 10.0
143.0 97.0 20.0 10.0
74.0 134.0 20.0 10.0
81.0 68.0 20.0 10.0
112.0 65.0 20.0 10.0
102.0 54.0 20.0 10.0
106.0 73.0 20.0 10.0
109.0 37.0 20.0 10.0
107.0 63.0 20.0 10.0
97.0 112.0 20.0 10.0
130.0 124.0 20.0 10.0
129.0 65.0 20.0 10.0
105.0 145.0 20.0 10.0
132.0 87.0 20.0 10.0
25.0 54.0 20.0 10.0
145.0 85.0 20.0 10.0
74.0 89.0 20.0 10.0
136.0 69.0 20.0 10.0
115.0 41.0 20.0 10.0
59.0 70.0 20.0 10.0
76.0 125.0 20.0 10.0
105.0 110.0 20.0 10.0
102.0 70.0 20.0 10.0
93.0 73.0 20.0 10.0
133.0 137.0 20.0 10.0
99.0 94.0 20.0 10.0
105.0 50.0 20.0 10.0
107.0 166.0 20.0 10.0
114.0 146.0 20.0 10.0
81.0 114.0 20.0 10.0
68.0 77.0 20.0 10.0
121.0 106.0 20.0 10.0
88.0 151.0 20.0 10.0
102.0 123.0 20.0 10.0
69.0 128.0 20.0 10.0
122.0 83.0 20.0 10.0
105.0 123.0 20.0 10.0
54.0 139.0 20.0 10.0
39.0 104.0 20.0 10.0
62.0 120.0 20.0 10.0
67.0 94.0 20.0 10.0
78.0 102.0 20.0 10.0
60.0 97.0 20.0 10.0
130.0 80.0 20.0 10.0
80.0 109.0 20.0 10.0
83.0 73.0 20.0 10.0
68.0 80.0 20.0 10.0
97.0 53.0 20.0 10.0
80.0 130.0 20.0 10.0
103.0 89.0 20.0 10.0
109.0 120.0 20.0 10.0
76.0 108.0 20.0 10.0
107.0 90.0 20.0 10.0
99.0 102.0 20.0 10.0
96.0 135.0 20.0 10.0
87.0 135.0 20.0 10.0
97.0 89.0 20.0 10.0
62.0 113.0 20.0 10.0
75.0 100.0 20.0 10.0
82.0 95.0 20.0 10.0
93.0 107.0 20.0 10.0
96.0 77.0 20.0 10.0
141.0 101.0 20.0 10.0
130.0 25.0 20.0 10.0
46.0 65.0 20.0 10.0
57.0 126.0 20.0 10.0
100.0 84.0 20.0 10.0
90.0 132.0 20.0 10.0
170.0 56.0 20.0 10.0
63.0 126.0 20.0 10.0
119.0 117.0 20.0 10.0
49.0 124.0 20.0 10.0
