200
57.0 73.0 20.0 10.0
124.0 74.0 20.0 10.0
57.0 99.0 20.0 10.0
94.0 138.0 20.0 10.0
114.0 57.0 20.0 10.0
87.0 86.0 20.0 10.0
126.0 60.0 20.0 10.0
125.0 113.0 20.0 10.0
107.0 101.0 20.0 10.0
82.0 103.0 20.0 10.0
86.0 150.0 20.0 10.0
64.0 133.0 20.0 10.0
66.0 61.0 20.0 10.0
102.0 72.0 20.0 10.0
74.0 130.0 20.0 10.0
80.0 88.0 20.0 10.0
60.0 123.0 20.0 10.0
112.0 25.0 20.0 10.0
62.0 97.0 20.0 10.0
111.0 73.0 20.0 10.0
72.0 106.0 20.0 10.0
168.0 106.0 20.0 10.0
126.0 142.0 20.0 10.0
135.0 85.0 20.0 10.0
76.0 72.0 20.0 10.0
142.0 162.0 20.0 10.0
48.0 117.0 20.0 10.0
114.0 105.0 20.0 10.0
105.0 137.0 20.0 10.0
105.0 77.0 20.0 10.0
25.0 77.0 20.0 10.0
75.0 116.0 20.0 10.0
111.0 144.0 20.0 10.0
112.0 97.0 20.0 10.0
97.0 122.0 20.0 10.0
62.0 116.0 20.0 10.0
109.0 48.0 20.0 10.0
151.0 37.0 20.0 10.0
86.0 70.0 20.0 10.0
131.0 94.0 20.0 10.0
110.0 116.0 20.0 10.0
122.0 107.0 20.0 10.0
51.0 65.0 20.0 10.0
77.0 85.0 20.0 10.0
82.0 138.0 20.0 10.0
117.0 50.0 20.0 10.0
99.0 56.0 20.0 10.0
115.0 92.0 20.0 10.0
52.0 80.0 20.0 10.0
148.0 86.0 20.0 10.0
87.0 103.0 20.0 10.0
89.0 114.0 20.0 10.0
119.0 56.0 20.0 10.0
70.0 112.0 20.0 10.0
146.0 94.0 20.0 10.0
92.0 83.0 20.0 10.0
144.0 97.0 20.0 10.0
95.0 110.0 20.0 10.0
124.0 69.0 20.0 10.0
45.0 102.0 20.0 10.0
77.0 92.0 20.0 10.0
73.0 63.0 20.0 10.0
64.0 83.0 20.0 10.0
96.0 127.0 20.0 10.0
90.0 158.0 20.0 10.0
56.0 122.0 20.0 10.0
141.0 52.0 20.0 10.0
74.0 42.0 20.0 10.0
72.0 97.0 20.0 10.0
93.0 109.0 20.0 10.0
152.0 81.0 20.0 10.0
121.0 115.0 20.0 10.0
106.0 143.0 20.0 10.0
100.0 45.0 20.0 10.0
101.0 146.0 20.0 10.0
122.0 100.0 20.0 10.0
100.0 97.0 20.0 10.0
54.0 111.0 20.0 10.0
112.0 88.0 20.0 10.0
79.0 99.0 20.0 10.0
47.0 89.0 20.0 10.0
49.0 50.0 20.0 10.0
131.0 62.0 20.0 10.0
106.0 57.0 20.0 10.0
147.0 103.0 20.0 10.0
108.0 97.0 20.0 10.0
120.0 121.0 20.0 10.0
99.0 93.0 20.0 10.0
126.0 65.0 20.0 10.0
131.0 55.0 20.0 10.0
149.0 62.0 20.0 10.0
101.0 105.0 20.0 10.0
61.0 86.0 20.0 10.0
157.0 74.0 20.0 10.0
107.0 64.0 20.0 10.0
82.0 59.0 20.0 10.0
110.0 111.0 20.0 10.0
118.0 139.0 20.0 10.0
99.0 84.0 20.0 10.0
94.0 105.0 20.0 10.0
45.0 55.0 20.0 10.0
152.0 137.0 20.0 10.0
82.0 142.0 20.0 10.0
91.0 67.0 20.0 10.0
82.0 122.0 20.0 10.0
75.0 53.0 20.0 10.0
57.0 78.0 20.0 10.0
153.0 127.0 20.0 10.0
87.0 124.0 20.0 10.0
114.0 111.0 20.0 10.0
96.0 86.0 20.0 10.0
154.0 113.0 20.0 10.0
89.0 47.0 20.0 10.0
116.0 101.0 20.0 10.0
84.0 55.0 20.0 10.0
142.0 72.0 20.0 10.0
86.0 75.0 20.0 10.0
119.0 104.0 20.0 10.0
90.0 38.0 20.0 10.0
128.0 32.0 20.0 10.0
115.0 125.0 20.0 10.0
86.0 91.0 20.0 10.0
79.0 121.0 20.0 10.0
129.0 99.0 20.0 10.0
91.0 118.0 20.0 10.0
95.0 66.0 20.0 10.0
66.0 125.0 20.0 10.0
96.0 36.0 20.0 10.0
94.0 99.0 20.0 10.0
115.0 84.0 20.0 10.0
25.0 50.0 20.0 10.0
94.0 80.0 20.0 10.0
98.0 31.0 20.0 10.0
66.0 67.0 20.0 10.0
136.0 93.0 20.0 10.0
100.0 125.0 20.0 10.0
65.0 93.0 20.0 10.0
75.0 92.0 20.0 10.0
119.0 67.0 20.0 10.0
101.0 89.0 20.0 10.0
85.0 110.0 20.0 10.0
85.0 65.0 20.0 10.0
116.0 78.0 20.0 10.0
139.0 124.0 20.0 10.0
103.0 82.0 20.0 10.0
67.0 42.0 20.0 10.0
92.0 132.0 20.0 10.0
115.0 138.0 20.0 10.0
104.0 31.0 20.0 10.0
75.0 34.0 20.0 10.0
104.0 107.0 20.0 10.0
61.0 141.0 20.0 10.0
134.0 70.0 20.0 10.0
100.0 100.0 20.0 10.0
90.0 89.0 20.0 10.0
49.0 94.0 20.0 10.0
120.0 84.0 20.0 10.0
94.0 91.0 20.0 10.0
145.0 83.0 20.0 10.0
131.0 117.0 20.0 10.0
92.0 55.0 20.0 10.0
88.0 73.0 20.0 10.0
65.0 107.0 20.0 10.0
108.0 90.0 20.0 10.0
110.0 69.0 20.0 10.0
113.0 66.0 20.0 10.0
78.0 82.0 20.0 10.0
71.0 25.0 20.0 10.0
124.0 86.0 20.0 10.0
62.0 75.0 20.0 10.0
126.0 102.0 20.0 10.0
75.0 78.0 20.0 10.0
99.0 79.0 20.0 10.0
90.0 59.0 20.0 10.0
100.0 115.0 20.0 10.0
136.0 88.0 20.0 10.0
136.0 111.0 20.0 10.0
126.0 92.0 20.0 10.0
101.0 111.0 20.0 10.0
40.0 116.0 20.0 10.0
122.0 62.0 20.0 10.0
73.0 122.0 20.0 10.0
83.0 116.0 20.0 10.0
118.0 93.0 20.0 10.0
138.0 103.0 20.0 10.0
72.0 71.0 20.0 10.0
101.0 118.0 20.0 10.0
78.0 108.0 20.0 10.0
130.0 128.0 20.0 10.0
130.0 76.0 20.0 10.0
127.0 81.0 20.0 10.0
117.0 119.0 20.0 10.0
44.0 130.0 20.0 10.0
130.0 105.0 20.0 10.0
97.0 62.0 20.0 10.0
106.0 133.0 20.0 10.0
109.0 122.0 20.0 10.0
159.0 109.0 20.0 10.0
133.0 137.0 20.0 10.0
75.0 100.0 20.0 10.0
