200
176.0 377.0 20.0 10.0
225.0 342.0 20.0 10.0
299.0 311.0 20.0 10.0
351.0 258.0 20.0 10.0
220.0 379.0 20.0 10.0
350.0 332.0 20.0 10.0
148.0 369.0 20.0 10.0
168.0 327.0 20.0 10.0
334.0 279.0 20.0 10.0
124.0 330.0 20.0 10.0
346.0 314.0 20.0 10.0
295.0 356.0 20.0 10.0
394.0 207.0 20.0 10.0
321.0 236.0 20.0 10.0
211.0 383.0 20.0 10.0
145.0 310.0 20.0 10.0
86.0 334.0 20.0 10.0
137.0 409.0 20.0 10.0
198.0 422.0 20.0 10.0
290.0 395.0 20.0 10.0
389.0 243.0 20.0 10.0
305.0 245.0 20.0 10.0
215.0 414.0 20.0 10.0
266.0 282.0 20.0 10.0
436.0 180.0 20.0 10.0
299.0 221.0 20.0 10.0
305.0 384.0 20.0 10.0
237.0 253.0 20.0 10.0
393.0 318.0 20.0 10.0
396.0 373.0 20.0 10.0
140.0 381.0 20.0 10.0
438.0 412.0 20.0 10.0
327.0 206.0 20.0 10.0
342.0 242.0 20.0 10.0
454.0 162.0 20.0 10.0
128.0 320.0 20.0 10.0
474.0 156.0 20.0 10.0
209.0 445.0 20.0 10.0
112.0 439.0 20.0 10.0
308.0 203.0 20.0 10.0
473.0 444.0 20.0 10.0
364.0 219.0 20.0 10.0
131.0 308.0 20.0 10.0
94.0 319.0 20.0 10.0
467.0 437.0 20.0 10.0
209.0 231.0 20.0 10.0
188.0 207.0 20.0 10.0
194.0 339.0 20.0 10.0
160.0 402.0 20.0 10.0
375.0 186.0 20.0 10.0
470.0 470.0 20.0 10.0
103.0 421.0 20.0 10.0
363.0 373.0 20.0 10.0
102.0 295.0 20.0 10.0
420.0 334.0 20.0 10.0
288.0 340.0 20.0 10.0
369.0 410.0 20.0 10.0
419.0 229.0 20.0 10.0
275.0 296.0 20.0 10.0
218.0 238.0 20.0 10.0
313.0 337.0 20.0 10.0
387.0 434.0 20.0 10.0
195.0 450.0 20.0 10.0
418.0 162.0 20.0 10.0
110.0 431.0 20.0 10.0
170.0 185.0 20.0 10.0
279.0 215.0 20.0 10.0
285.0 419.0 20.0 10.0
204.0 409.0 20.0 10.0
300.0 287.0 20.0 10.0
345.0 210.0 20.0 10.0
374.0 237.0 20.0 10.0
490.0 461.0 20.0 10.0
188.0 449.0 20.0 10.0
501.0 491.0 20.0 10.0
441.0 135.0 20.0 10.0
436.0 341.0 20.0 10.0
390.0 383.0 20.0 10.0
286.0 431.0 20.0 10.0
282.0 381.0 20.0 10.0
423.0 392.0 20.0 10.0
505.0 134.0 20.0 10.0
499.0 144.0 20.0 10.0
53.0 338.0 20.0 10.0
202.0 321.0 20.0 10.0
83.0 455.0 20.0 10.0
170.0 332.0 20.0 10.0
497.0 519.0 20.0 10.0
323.0 176.0 20.0 10.0
436.0 205.0 20.0 10.0
439.0 122.0 20.0 10.0
209.0 474.0 20.0 10.0
445.0 219.0 20.0 10.0
445.0 396.0 20.0 10.0
183.0 310.0 20.0 10.0
111.0 286.0 20.0 10.0
154.0 408.0 20.0 10.0
377.0 345.0 20.0 10.0
288.0 453.0 20.0 10.0
504.0 460.0 20.0 10.0
208.0 357.0 20.0 10.0
108.0 303.0 20.0 10.0
498.0 472.0 20.0 10.0
512.0 490.0 20.0 10.0
379.0 157.0 20.0 10.0
529.0 478.0 20.0 10.0
25.0 342.0 20.0 10.0
260.0 184.0 20.0 10.0
265.0 306.0 20.0 10.0
366.0 230.0 20.0 10.0
513.0 518.0 20.0 10.0
83.0 445.0 20.0 10.0
338.0 345.0 20.0 10.0
114.0 394.0 20.0 10.0
104.0 320.0 20.0 10.0
519.0 500.0 20.0 10.0
460.0 88.0 20.0 10.0
74.0 434.0 20.0 10.0
154.0 162.0 20.0 10.0
413.0 183.0 20.0 10.0
131.0 428.0 20.0 10.0
196.0 395.0 20.0 10.0
434.0 319.0 20.0 10.0
531.0 529.0 20.0 10.0
288.0 463.0 20.0 10.0
534.0 117.0 20.0 10.0
141.0 321.0 20.0 10.0
549.0 492.0 20.0 10.0
477.0 63.0 20.0 10.0
449.0 96.0 20.0 10.0
360.0 440.0 20.0 10.0
339.0 182.0 20.0 10.0
239.0 291.0 20.0 10.0
447.0 239.0 20.0 10.0
476.0 73.0 20.0 10.0
462.0 116.0 20.0 10.0
382.0 129.0 20.0 10.0
515.0 463.0 20.0 10.0
201.0 371.0 20.0 10.0
464.0 335.0 20.0 10.0
248.0 157.0 20.0 10.0
140.0 434.0 20.0 10.0
543.0 463.0 20.0 10.0
467.0 320.0 20.0 10.0
481.0 101.0 20.0 10.0
404.0 458.0 20.0 10.0
64.0 320.0 20.0 10.0
457.0 121.0 20.0 10.0
289.0 179.0 20.0 10.0
489.0 42.0 20.0 10.0
496.0 314.0 20.0 10.0
93.0 460.0 20.0 10.0
264.0 275.0 20.0 10.0
338.0 251.0 20.0 10.0
535.0 521.0 20.0 10.0
492.0 337.0 20.0 10.0
414.0 255.0 20.0 10.0
401.0 218.0 20.0 10.0
463.0 167.0 20.0 10.0
179.0 399.0 20.0 10.0
525.0 138.0 20.0 10.0
108.0 378.0 20.0 10.0
384.0 389.0 20.0 10.0
439.0 403.0 20.0 10.0
562.0 106.0 20.0 10.0
195.0 213.0 20.0 10.0
305.0 171.0 20.0 10.0
466.0 499.0 20.0 10.0
465.0 61.0 20.0 10.0
188.0 405.0 20.0 10.0
175.0 425.0 20.0 10.0
221.0 284.0 20.0 10.0
162.0 447.0 20.0 10.0
395.0 354.0 20.0 10.0
567.0 510.0 20.0 10.0
75.0 289.0 20.0 10.0
280.0 231.0 20.0 10.0
261.0 194.0 20.0 10.0
494.0 324.0 20.0 10.0
180.0 477.0 20.0 10.0
555.0 102.0 20.0 10.0
520.0 336.0 20.0 10.0
381.0 101.0 20.0 10.0
393.0 422.0 20.0 10.0
381.0 263.0 20.0 10.0
526.0 122.0 20.0 10.0
454.0 331.0 20.0 10.0
96.0 335.0 20.0 10.0
364.0 468.0 20.0 10.0
347.0 186.0 20.0 10.0
416.0 324.0 20.0 10.0
297.0 408.0 20.0 10.0
316.0 269.0 20.0 10.0
350.0 398.0 20.0 10.0
275.0 328.0 20.0 10.0
152.0 332.0 20.0 10.0
499.0 25.0 20.0 10.0
206.0 277.0 20.0 10.0
522.0 471.0 20.0 10.0
290.0 491.0 20.0 10.0
