200
408.0 298.0 20.0 10.0
391.0 335.0 20.0 10.0
356.0 366.0 20.0 10.0
330.0 272.0 20.0 10.0
295.0 262.0 20.0 10.0
458.0 392.0 20.0 10.0
507.0 462.0 20.0 10.0
541.0 464.0 20.0 10.0
552.0 515.0 20.0 10.0
269.0 218.0 20.0 10.0
583.0 566.0 20.0 10.0
470.0 419.0 20.0 10.0
358.0 325.0 20.0 10.0
326.0 318.0 20.0 10.0
625.0 587.0 20.0 10.0
496.0 427.0 20.0 10.0
399.0 271.0 20.0 10.0
229.0 163.0 20.0 10.0
325.0 227.0 20.0 10.0
334.0 394.0 20.0 10.0
301.0 320.0 20.0 10.0
663.0 605.0 20.0 10.0
447.0 429.0 20.0 10.0
457.0 445.0 20.0 10.0
512.0 375.0 20.0 10.0
216.0 204.0 20.0 10.0
500.0 494.0 20.0 10.0
424.0 263.0 20.0 10.0
320.0 377.0 20.0 10.0
235.0 201.0 20.0 10.0
173.0 184.0 20.0 10.0
414.0 291.0 20.0 10.0
451.0 254.0 20.0 10.0
535.0 513.0 20.0 10.0
584.0 541.0 20.0 10.0
300.0 329.0 20.0 10.0
197.0 111.0 20.0 10.0
370.0 391.0 20.0 10.0
613.0 559.0 20.0 10.0
317.0 203.0 20.0 10.0
555.0 544.0 20.0 10.0
590.0 521.0 20.0 10.0
211.0 177.0 20.0 10.0
289.0 383.0 20.0 10.0
322.0 187.0 20.0 10.0
306.0 160.0 20.0 10.0
615.0 540.0 20.0 10.0
266.0 258.0 20.0 10.0
194.0 134.0 20.0 10.0
695.0 621.0 20.0 10.0
515.0 519.0 20.0 10.0
559.0 372.0 20.0 10.0
180.0 201.0 20.0 10.0
270.0 245.0 20.0 10.0
248.0 193.0 20.0 10.0
307.0 412.0 20.0 10.0
360.0 397.0 20.0 10.0
296.0 377.0 20.0 10.0
281.0 426.0 20.0 10.0
563.0 562.0 20.0 10.0
237.0 167.0 20.0 10.0
547.0 353.0 20.0 10.0
170.0 73.0 20.0 10.0
332.0 201.0 20.0 10.0
588.0 610.0 20.0 10.0
602.0 636.0 20.0 10.0
602.0 598.0 20.0 10.0
332.0 329.0 20.0 10.0
418.0 344.0 20.0 10.0
314.0 158.0 20.0 10.0
434.0 237.0 20.0 10.0
603.0 369.0 20.0 10.0
267.0 398.0 20.0 10.0
581.0 337.0 20.0 10.0
633.0 367.0 20.0 10.0
591.0 377.0 20.0 10.0
458.0 466.0 20.0 10.0
331.0 370.0 20.0 10.0
164.0 87.0 20.0 10.0
188.0 104.0 20.0 10.0
434.0 209.0 20.0 10.0
295.0 390.0 20.0 10.0
474.0 466.0 20.0 10.0
440.0 183.0 20.0 10.0
640.0 372.0 20.0 10.0
310.0 199.0 20.0 10.0
355.0 418.0 20.0 10.0
669.0 371.0 20.0 10.0
414.0 371.0 20.0 10.0
600.0 647.0 20.0 10.0
261.0 223.0 20.0 10.0
149.0 46.0 20.0 10.0
693.0 369.0 20.0 10.0
350.0 299.0 20.0 10.0
616.0 385.0 20.0 10.0
174.0 116.0 20.0 10.0
153.0 202.0 20.0 10.0
591.0 570.0 20.0 10.0
308.0 131.0 20.0 10.0
131.0 168.0 20.0 10.0
539.0 370.0 20.0 10.0
180.0 83.0 20.0 10.0
566.0 543.0 20.0 10.0
182.0 74.0 20.0 10.0
437.0 300.0 20.0 10.0
595.0 606.0 20.0 10.0
97.0 150.0 20.0 10.0
406.0 239.0 20.0 10.0
450.0 301.0 20.0 10.0
390.0 284.0 20.0 10.0
451.0 161.0 20.0 10.0
640.0 557.0 20.0 10.0
614.0 327.0 20.0 10.0
628.0 648.0 20.0 10.0
297.0 180.0 20.0 10.0
450.0 262.0 20.0 10.0
176.0 45.0 20.0 10.0
688.0 609.0 20.0 10.0
187.0 195.0 20.0 10.0
655.0 681.0 20.0 10.0
372.0 284.0 20.0 10.0
325.0 173.0 20.0 10.0
530.0 484.0 20.0 10.0
554.0 500.0 20.0 10.0
614.0 675.0 20.0 10.0
418.0 236.0 20.0 10.0
166.0 184.0 20.0 10.0
354.0 389.0 20.0 10.0
513.0 491.0 20.0 10.0
272.0 254.0 20.0 10.0
167.0 51.0 20.0 10.0
571.0 466.0 20.0 10.0
638.0 312.0 20.0 10.0
295.0 436.0 20.0 10.0
577.0 492.0 20.0 10.0
716.0 626.0 20.0 10.0
576.0 353.0 20.0 10.0
492.0 399.0 20.0 10.0
160.0 122.0 20.0 10.0
674.0 706.0 20.0 10.0
711.0 366.0 20.0 10.0
182.0 105.0 20.0 10.0
649.0 669.0 20.0 10.0
333.0 423.0 20.0 10.0
467.0 235.0 20.0 10.0
153.0 191.0 20.0 10.0
143.0 49.0 20.0 10.0
310.0 108.0 20.0 10.0
648.0 676.0 20.0 10.0
327.0 359.0 20.0 10.0
692.0 726.0 20.0 10.0
655.0 360.0 20.0 10.0
69.0 135.0 20.0 10.0
632.0 388.0 20.0 10.0
76.0 141.0 20.0 10.0
645.0 321.0 20.0 10.0
284.0 331.0 20.0 10.0
660.0 696.0 20.0 10.0
135.0 78.0 20.0 10.0
248.0 254.0 20.0 10.0
619.0 693.0 20.0 10.0
665.0 306.0 20.0 10.0
607.0 675.0 20.0 10.0
263.0 193.0 20.0 10.0
519.0 402.0 20.0 10.0
287.0 316.0 20.0 10.0
621.0 616.0 20.0 10.0
656.0 372.0 20.0 10.0
625.0 525.0 20.0 10.0
146.0 63.0 20.0 10.0
528.0 513.0 20.0 10.0
300.0 143.0 20.0 10.0
673.0 700.0 20.0 10.0
132.0 25.0 20.0 10.0
617.0 585.0 20.0 10.0
603.0 700.0 20.0 10.0
724.0 631.0 20.0 10.0
414.0 212.0 20.0 10.0
746.0 645.0 20.0 10.0
499.0 521.0 20.0 10.0
647.0 534.0 20.0 10.0
46.0 123.0 20.0 10.0
621.0 624.0 20.0 10.0
463.0 491.0 20.0 10.0
503.0 453.0 20.0 10.0
132.0 118.0 20.0 10.0
160.0 52.0 20.0 10.0
25.0 112.0 20.0 10.0
162.0 136.0 20.0 10.0
293.0 370.0 20.0 10.0
408.0 395.0 20.0 10.0
639.0 329.0 20.0 10.0
121.0 29.0 20.0 10.0
589.0 473.0 20.0 10.0
205.0 147.0 20.0 10.0
523.0 419.0 20.0 10.0
631.0 639.0 20.0 10.0
182.0 155.0 20.0 10.0
609.0 338.0 20.0 10.0
669.0 543.0 20.0 10.0
