200
506.0 160.0 20.0 10.0
447.0 200.0 20.0 10.0
370.0 233.0 20.0 10.0
295.0 266.0 20.0 10.0
251.0 334.0 20.0 10.0
560.0 128.0 20.0 10.0
403.0 229.0 20.0 10.0
243.0 360.0 20.0 10.0
206.0 399.0 20.0 10.0
228.0 435.0 20.0 10.0
430.0 234.0 20.0 10.0
429.0 249.0 20.0 10.0
158.0 452.0 20.0 10.0
135.0 500.0 20.0 10.0
124.0 492.0 20.0 10.0
164.0 401.0 20.0 10.0
191.0 423.0 20.0 10.0
202.0 444.0 20.0 10.0
600.0 94.0 20.0 10.0
240.0 224.0 20.0 10.0
127.0 401.0 20.0 10.0
202.0 484.0 20.0 10.0
393.0 198.0 20.0 10.0
458.0 254.0 20.0 10.0
178.0 402.0 20.0 10.0
639.0 72.0 20.0 10.0
116.0 464.0 20.0 10.0
601.0 125.0 20.0 10.0
235.0 181.0 20.0 10.0
115.0 543.0 20.0 10.0
224.0 461.0 20.0 10.0
196.0 217.0 20.0 10.0
502.0 205.0 20.0 10.0
583.0 102.0 20.0 10.0
191.0 514.0 20.0 10.0
412.0 202.0 20.0 10.0
477.0 195.0 20.0 10.0
95.0 504.0 20.0 10.0
102.0 575.0 20.0 10.0
252.0 456.0 20.0 10.0
402.0 258.0 20.0 10.0
217.0 327.0 20.0 10.0
281.0 354.0 20.0 10.0
191.0 196.0 20.0 10.0
93.0 523.0 20.0 10.0
454.0 166.0 20.0 10.0
270.0 462.0 20.0 10.0
639.0 128.0 20.0 10.0
224.0 191.0 20.0 10.0
114.0 528.0 20.0 10.0
78.0 475.0 20.0 10.0
115.0 559.0 20.0 10.0
620.0 65.0 20.0 10.0
310.0 366.0 20.0 10.0
610.0 101.0 20.0 10.0
127.0 458.0 20.0 10.0
201.0 516.0 20.0 10.0
181.0 325.0 20.0 10.0
203.0 164.0 20.0 10.0
165.0 226.0 20.0 10.0
84.0 551.0 20.0 10.0
470.0 144.0 20.0 10.0
216.0 147.0 20.0 10.0
450.0 266.0 20.0 10.0
296.0 380.0 20.0 10.0
144.0 169.0 20.0 10.0
240.0 471.0 20.0 10.0
271.0 351.0 20.0 10.0
549.0 205.0 20.0 10.0
137.0 407.0 20.0 10.0
199.0 181.0 20.0 10.0
107.0 159.0 20.0 10.0
539.0 214.0 20.0 10.0
157.0 207.0 20.0 10.0
57.0 481.0 20.0 10.0
185.0 145.0 20.0 10.0
425.0 181.0 20.0 10.0
593.0 202.0 20.0 10.0
527.0 214.0 20.0 10.0
143.0 480.0 20.0 10.0
167.0 126.0 20.0 10.0
548.0 154.0 20.0 10.0
269.0 475.0 20.0 10.0
523.0 134.0 20.0 10.0
407.0 173.0 20.0 10.0
105.0 147.0 20.0 10.0
71.0 550.0 20.0 10.0
331.0 358.0 20.0 10.0
626.0 193.0 20.0 10.0
227.0 155.0 20.0 10.0
95.0 408.0 20.0 10.0
321.0 387.0 20.0 10.0
104.0 405.0 20.0 10.0
193.0 507.0 20.0 10.0
166.0 181.0 20.0 10.0
195.0 471.0 20.0 10.0
218.0 217.0 20.0 10.0
337.0 369.0 20.0 10.0
212.0 300.0 20.0 10.0
187.0 296.0 20.0 10.0
572.0 212.0 20.0 10.0
520.0 122.0 20.0 10.0
90.0 468.0 20.0 10.0
670.0 76.0 20.0 10.0
542.0 103.0 20.0 10.0
248.0 502.0 20.0 10.0
587.0 146.0 20.0 10.0
634.0 48.0 20.0 10.0
80.0 153.0 20.0 10.0
69.0 508.0 20.0 10.0
306.0 350.0 20.0 10.0
619.0 199.0 20.0 10.0
117.0 585.0 20.0 10.0
131.0 206.0 20.0 10.0
50.0 571.0 20.0 10.0
502.0 195.0 20.0 10.0
626.0 200.0 20.0 10.0
620.0 73.0 20.0 10.0
658.0 43.0 20.0 10.0
119.0 417.0 20.0 10.0
672.0 63.0 20.0 10.0
565.0 214.0 20.0 10.0
194.0 539.0 20.0 10.0
167.0 212.0 20.0 10.0
73.0 143.0 20.0 10.0
480.0 256.0 20.0 10.0
129.0 531.0 20.0 10.0
533.0 98.0 20.0 10.0
89.0 124.0 20.0 10.0
199.0 120.0 20.0 10.0
208.0 125.0 20.0 10.0
196.0 341.0 20.0 10.0
103.0 567.0 20.0 10.0
90.0 597.0 20.0 10.0
665.0 137.0 20.0 10.0
355.0 377.0 20.0 10.0
209.0 543.0 20.0 10.0
369.0 383.0 20.0 10.0
649.0 204.0 20.0 10.0
158.0 324.0 20.0 10.0
620.0 138.0 20.0 10.0
49.0 489.0 20.0 10.0
545.0 120.0 20.0 10.0
671.0 126.0 20.0 10.0
268.0 521.0 20.0 10.0
427.0 275.0 20.0 10.0
598.0 84.0 20.0 10.0
181.0 491.0 20.0 10.0
95.0 577.0 20.0 10.0
140.0 505.0 20.0 10.0
149.0 317.0 20.0 10.0
123.0 209.0 20.0 10.0
590.0 215.0 20.0 10.0
335.0 404.0 20.0 10.0
644.0 127.0 20.0 10.0
197.0 233.0 20.0 10.0
78.0 602.0 20.0 10.0
651.0 47.0 20.0 10.0
245.0 196.0 20.0 10.0
73.0 411.0 20.0 10.0
646.0 189.0 20.0 10.0
541.0 95.0 20.0 10.0
51.0 416.0 20.0 10.0
118.0 160.0 20.0 10.0
183.0 282.0 20.0 10.0
159.0 312.0 20.0 10.0
219.0 166.0 20.0 10.0
550.0 79.0 20.0 10.0
238.0 154.0 20.0 10.0
702.0 58.0 20.0 10.0
258.0 206.0 20.0 10.0
79.0 162.0 20.0 10.0
185.0 467.0 20.0 10.0
481.0 127.0 20.0 10.0
65.0 533.0 20.0 10.0
488.0 169.0 20.0 10.0
140.0 221.0 20.0 10.0
399.0 173.0 20.0 10.0
129.0 314.0 20.0 10.0
533.0 146.0 20.0 10.0
247.0 532.0 20.0 10.0
104.0 206.0 20.0 10.0
534.0 200.0 20.0 10.0
286.0 404.0 20.0 10.0
231.0 498.0 20.0 10.0
25.0 502.0 20.0 10.0
63.0 623.0 20.0 10.0
70.0 136.0 20.0 10.0
184.0 97.0 20.0 10.0
438.0 204.0 20.0 10.0
475.0 274.0 20.0 10.0
45.0 118.0 20.0 10.0
679.0 25.0 20.0 10.0
45.0 128.0 20.0 10.0
212.0 170.0 20.0 10.0
112.0 311.0 20.0 10.0
169.0 75.0 20.0 10.0
259.0 307.0 20.0 10.0
497.0 216.0 20.0 10.0
668.0 116.0 20.0 10.0
