200
313.0 268.0 20.0 10.0
390.0 231.0 20.0 10.0
298.0 212.0 20.0 10.0
327.0 302.0 20.0 10.0
246.0 321.0 20.0 10.0
252.0 347.0 20.0 10.0
180.0 310.0 20.0 10.0
292.0 165.0 20.0 10.0
128.0 317.0 20.0 10.0
212.0 391.0 20.0 10.0
173.0 454.0 20.0 10.0
396.0 196.0 20.0 10.0
163.0 482.0 20.0 10.0
158.0 498.0 20.0 10.0
315.0 239.0 20.0 10.0
281.0 125.0 20.0 10.0
342.0 330.0 20.0 10.0
162.0 281.0 20.0 10.0
220.0 310.0 20.0 10.0
340.0 286.0 20.0 10.0
136.0 285.0 20.0 10.0
284.0 251.0 20.0 10.0
252.0 367.0 20.0 10.0
140.0 469.0 20.0 10.0
364.0 349.0 20.0 10.0
268.0 229.0 20.0 10.0
366.0 297.0 20.0 10.0
272.0 180.0 20.0 10.0
442.0 180.0 20.0 10.0
146.0 478.0 20.0 10.0
341.0 257.0 20.0 10.0
233.0 429.0 20.0 10.0
462.0 152.0 20.0 10.0
88.0 322.0 20.0 10.0
450.0 244.0 20.0 10.0
178.0 491.0 20.0 10.0
139.0 501.0 20.0 10.0
94.0 266.0 20.0 10.0
301.0 294.0 20.0 10.0
306.0 139.0 20.0 10.0
164.0 336.0 20.0 10.0
110.0 543.0 20.0 10.0
153.0 479.0 20.0 10.0
173.0 283.0 20.0 10.0
418.0 218.0 20.0 10.0
310.0 182.0 20.0 10.0
416.0 251.0 20.0 10.0
267.0 344.0 20.0 10.0
485.0 141.0 20.0 10.0
486.0 160.0 20.0 10.0
155.0 310.0 20.0 10.0
480.0 266.0 20.0 10.0
507.0 138.0 20.0 10.0
253.0 161.0 20.0 10.0
507.0 278.0 20.0 10.0
247.0 152.0 20.0 10.0
247.0 464.0 20.0 10.0
254.0 490.0 20.0 10.0
258.0 256.0 20.0 10.0
62.0 264.0 20.0 10.0
507.0 113.0 20.0 10.0
504.0 253.0 20.0 10.0
260.0 516.0 20.0 10.0
67.0 251.0 20.0 10.0
523.0 288.0 20.0 10.0
526.0 107.0 20.0 10.0
89.0 569.0 20.0 10.0
32.0 263.0 20.0 10.0
455.0 137.0 20.0 10.0
483.0 241.0 20.0 10.0
561.0 76.0 20.0 10.0
257.0 234.0 20.0 10.0
551.0 253.0 20.0 10.0
238.0 456.0 20.0 10.0
352.0 231.0 20.0 10.0
502.0 223.0 20.0 10.0
445.0 206.0 20.0 10.0
538.0 268.0 20.0 10.0
225.0 341.0 20.0 10.0
435.0 271.0 20.0 10.0
588.0 257.0 20.0 10.0
480.0 134.0 20.0 10.0
88.0 582.0 20.0 10.0
513.0 170.0 20.0 10.0
586.0 53.0 20.0 10.0
70.0 611.0 20.0 10.0
366.0 285.0 20.0 10.0
517.0 151.0 20.0 10.0
586.0 64.0 20.0 10.0
349.0 320.0 20.0 10.0
210.0 423.0 20.0 10.0
99.0 337.0 20.0 10.0
95.0 303.0 20.0 10.0
475.0 104.0 20.0 10.0
233.0 137.0 20.0 10.0
251.0 452.0 20.0 10.0
581.0 238.0 20.0 10.0
183.0 407.0 20.0 10.0
293.0 96.0 20.0 10.0
151.0 323.0 20.0 10.0
202.0 448.0 20.0 10.0
564.0 269.0 20.0 10.0
66.0 600.0 20.0 10.0
548.0 86.0 20.0 10.0
414.0 174.0 20.0 10.0
522.0 141.0 20.0 10.0
382.0 304.0 20.0 10.0
103.0 313.0 20.0 10.0
301.0 186.0 20.0 10.0
368.0 331.0 20.0 10.0
374.0 368.0 20.0 10.0
239.0 214.0 20.0 10.0
147.0 535.0 20.0 10.0
524.0 97.0 20.0 10.0
592.0 54.0 20.0 10.0
617.0 261.0 20.0 10.0
256.0 106.0 20.0 10.0
581.0 263.0 20.0 10.0
191.0 469.0 20.0 10.0
55.0 316.0 20.0 10.0
141.0 269.0 20.0 10.0
113.0 526.0 20.0 10.0
324.0 164.0 20.0 10.0
607.0 269.0 20.0 10.0
614.0 37.0 20.0 10.0
182.0 520.0 20.0 10.0
567.0 279.0 20.0 10.0
232.0 383.0 20.0 10.0
238.0 127.0 20.0 10.0
589.0 287.0 20.0 10.0
459.0 186.0 20.0 10.0
73.0 256.0 20.0 10.0
154.0 292.0 20.0 10.0
241.0 479.0 20.0 10.0
383.0 387.0 20.0 10.0
129.0 304.0 20.0 10.0
226.0 204.0 20.0 10.0
334.0 220.0 20.0 10.0
61.0 336.0 20.0 10.0
248.0 166.0 20.0 10.0
549.0 126.0 20.0 10.0
578.0 56.0 20.0 10.0
63.0 257.0 20.0 10.0
241.0 236.0 20.0 10.0
210.0 489.0 20.0 10.0
145.0 458.0 20.0 10.0
109.0 344.0 20.0 10.0
58.0 629.0 20.0 10.0
139.0 521.0 20.0 10.0
112.0 270.0 20.0 10.0
81.0 610.0 20.0 10.0
455.0 282.0 20.0 10.0
155.0 413.0 20.0 10.0
74.0 353.0 20.0 10.0
400.0 166.0 20.0 10.0
94.0 542.0 20.0 10.0
262.0 467.0 20.0 10.0
409.0 142.0 20.0 10.0
267.0 97.0 20.0 10.0
116.0 486.0 20.0 10.0
125.0 497.0 20.0 10.0
443.0 261.0 20.0 10.0
601.0 38.0 20.0 10.0
618.0 254.0 20.0 10.0
185.0 546.0 20.0 10.0
608.0 226.0 20.0 10.0
263.0 156.0 20.0 10.0
484.0 77.0 20.0 10.0
273.0 193.0 20.0 10.0
494.0 78.0 20.0 10.0
136.0 346.0 20.0 10.0
50.0 235.0 20.0 10.0
36.0 251.0 20.0 10.0
542.0 136.0 20.0 10.0
502.0 53.0 20.0 10.0
574.0 117.0 20.0 10.0
298.0 67.0 20.0 10.0
495.0 88.0 20.0 10.0
166.0 427.0 20.0 10.0
560.0 278.0 20.0 10.0
506.0 246.0 20.0 10.0
137.0 566.0 20.0 10.0
74.0 604.0 20.0 10.0
135.0 556.0 20.0 10.0
147.0 525.0 20.0 10.0
451.0 152.0 20.0 10.0
462.0 266.0 20.0 10.0
266.0 541.0 20.0 10.0
505.0 271.0 20.0 10.0
140.0 431.0 20.0 10.0
256.0 69.0 20.0 10.0
104.0 296.0 20.0 10.0
475.0 180.0 20.0 10.0
245.0 79.0 20.0 10.0
67.0 298.0 20.0 10.0
422.0 148.0 20.0 10.0
135.0 593.0 20.0 10.0
633.0 25.0 20.0 10.0
74.0 583.0 20.0 10.0
25.0 316.0 20.0 10.0
