200
452.0 443.0 20.0 10.0
421.0 414.0 20.0 10.0
443.0 418.0 20.0 10.0
404.0 512.0 20.0 10.0
358.0 576.0 20.0 10.0
391.0 385.0 20.0 10.0
377.0 556.0 20.0 10.0
394.0 610.0 20.0 10.0
507.0 380.0 20.0 10.0
365.0 626.0 20.0 10.0
521.0 409.0 20.0 10.0
291.0 607.0 20.0 10.0
557.0 316.0 20.0 10.0
240.0 646.0 20.0 10.0
243.0 610.0 20.0 10.0
201.0 617.0 20.0 10.0
349.0 600.0 20.0 10.0
579.0 255.0 20.0 10.0
610.0 289.0 20.0 10.0
656.0 270.0 20.0 10.0
603.0 197.0 20.0 10.0
372.0 673.0 20.0 10.0
165.0 626.0 20.0 10.0
623.0 146.0 20.0 10.0
425.0 645.0 20.0 10.0
343.0 639.0 20.0 10.0
192.0 683.0 20.0 10.0
359.0 367.0 20.0 10.0
325.0 568.0 20.0 10.0
385.0 490.0 20.0 10.0
468.0 429.0 20.0 10.0
641.0 288.0 20.0 10.0
164.0 701.0 20.0 10.0
319.0 611.0 20.0 10.0
646.0 125.0 20.0 10.0
347.0 543.0 20.0 10.0
212.0 667.0 20.0 10.0
148.0 709.0 20.0 10.0
378.0 711.0 20.0 10.0
334.0 347.0 20.0 10.0
105.0 729.0 20.0 10.0
489.0 418.0 20.0 10.0
697.0 249.0 20.0 10.0
409.0 562.0 20.0 10.0
444.0 681.0 20.0 10.0
401.0 542.0 20.0 10.0
373.0 658.0 20.0 10.0
321.0 634.0 20.0 10.0
302.0 665.0 20.0 10.0
374.0 369.0 20.0 10.0
384.0 354.0 20.0 10.0
300.0 627.0 20.0 10.0
631.0 170.0 20.0 10.0
382.0 740.0 20.0 10.0
318.0 533.0 20.0 10.0
68.0 739.0 20.0 10.0
547.0 383.0 20.0 10.0
296.0 525.0 20.0 10.0
42.0 755.0 20.0 10.0
337.0 380.0 20.0 10.0
464.0 707.0 20.0 10.0
317.0 325.0 20.0 10.0
380.0 606.0 20.0 10.0
437.0 565.0 20.0 10.0
644.0 104.0 20.0 10.0
658.0 148.0 20.0 10.0
637.0 261.0 20.0 10.0
458.0 573.0 20.0 10.0
676.0 130.0 20.0 10.0
135.0 635.0 20.0 10.0
731.0 228.0 20.0 10.0
440.0 672.0 20.0 10.0
614.0 115.0 20.0 10.0
625.0 110.0 20.0 10.0
142.0 642.0 20.0 10.0
368.0 330.0 20.0 10.0
78.0 750.0 20.0 10.0
571.0 395.0 20.0 10.0
362.0 480.0 20.0 10.0
172.0 718.0 20.0 10.0
625.0 82.0 20.0 10.0
108.0 647.0 20.0 10.0
665.0 240.0 20.0 10.0
482.0 727.0 20.0 10.0
323.0 330.0 20.0 10.0
750.0 213.0 20.0 10.0
502.0 338.0 20.0 10.0
426.0 494.0 20.0 10.0
758.0 207.0 20.0 10.0
150.0 744.0 20.0 10.0
597.0 165.0 20.0 10.0
463.0 685.0 20.0 10.0
348.0 476.0 20.0 10.0
390.0 635.0 20.0 10.0
118.0 721.0 20.0 10.0
367.0 531.0 20.0 10.0
400.0 633.0 20.0 10.0
567.0 406.0 20.0 10.0
434.0 506.0 20.0 10.0
292.0 314.0 20.0 10.0
535.0 371.0 20.0 10.0
374.0 741.0 20.0 10.0
378.0 335.0 20.0 10.0
595.0 402.0 20.0 10.0
616.0 85.0 20.0 10.0
550.0 350.0 20.0 10.0
511.0 309.0 20.0 10.0
140.0 706.0 20.0 10.0
529.0 400.0 20.0 10.0
668.0 81.0 20.0 10.0
290.0 689.0 20.0 10.0
383.0 702.0 20.0 10.0
59.0 766.0 20.0 10.0
569.0 363.0 20.0 10.0
326.0 601.0 20.0 10.0
575.0 289.0 20.0 10.0
589.0 414.0 20.0 10.0
44.0 784.0 20.0 10.0
399.0 661.0 20.0 10.0
575.0 222.0 20.0 10.0
483.0 314.0 20.0 10.0
336.0 674.0 20.0 10.0
298.0 577.0 20.0 10.0
382.0 768.0 20.0 10.0
127.0 754.0 20.0 10.0
330.0 703.0 20.0 10.0
388.0 725.0 20.0 10.0
577.0 372.0 20.0 10.0
494.0 306.0 20.0 10.0
682.0 226.0 20.0 10.0
524.0 320.0 20.0 10.0
587.0 306.0 20.0 10.0
683.0 64.0 20.0 10.0
667.0 274.0 20.0 10.0
259.0 620.0 20.0 10.0
657.0 69.0 20.0 10.0
602.0 142.0 20.0 10.0
438.0 390.0 20.0 10.0
497.0 744.0 20.0 10.0
24.0 763.0 20.0 10.0
303.0 310.0 20.0 10.0
499.0 355.0 20.0 10.0
718.0 226.0 20.0 10.0
604.0 363.0 20.0 10.0
313.0 661.0 20.0 10.0
594.0 141.0 20.0 10.0
558.0 283.0 20.0 10.0
329.0 530.0 20.0 10.0
625.0 261.0 20.0 10.0
475.0 722.0 20.0 10.0
431.0 672.0 20.0 10.0
396.0 417.0 20.0 10.0
780.0 195.0 20.0 10.0
722.0 234.0 20.0 10.0
679.0 48.0 20.0 10.0
797.0 186.0 20.0 10.0
178.0 639.0 20.0 10.0
424.0 541.0 20.0 10.0
596.0 352.0 20.0 10.0
240.0 640.0 20.0 10.0
597.0 275.0 20.0 10.0
481.0 335.0 20.0 10.0
649.0 41.0 20.0 10.0
85.0 649.0 20.0 10.0
298.0 650.0 20.0 10.0
361.0 314.0 20.0 10.0
580.0 200.0 20.0 10.0
639.0 276.0 20.0 10.0
123.0 760.0 20.0 10.0
303.0 655.0 20.0 10.0
479.0 454.0 20.0 10.0
374.0 701.0 20.0 10.0
47.0 747.0 20.0 10.0
367.0 339.0 20.0 10.0
380.0 634.0 20.0 10.0
295.0 541.0 20.0 10.0
524.0 342.0 20.0 10.0
690.0 25.0 20.0 10.0
272.0 582.0 20.0 10.0
404.0 594.0 20.0 10.0
336.0 629.0 20.0 10.0
51.0 755.0 20.0 10.0
489.0 280.0 20.0 10.0
656.0 254.0 20.0 10.0
478.0 294.0 20.0 10.0
424.0 584.0 20.0 10.0
110.0 781.0 20.0 10.0
348.0 346.0 20.0 10.0
696.0 214.0 20.0 10.0
511.0 758.0 20.0 10.0
505.0 289.0 20.0 10.0
347.0 519.0 20.0 10.0
146.0 731.0 20.0 10.0
343.0 657.0 20.0 10.0
136.0 699.0 20.0 10.0
688.0 116.0 20.0 10.0
413.0 654.0 20.0 10.0
406.0 659.0 20.0 10.0
321.0 729.0 20.0 10.0
487.0 261.0 20.0 10.0
