200
406.0 320.0 20.0 10.0
355.0 335.0 20.0 10.0
400.0 393.0 20.0 10.0
413.0 447.0 20.0 10.0
375.0 262.0 20.0 10.0
306.0 297.0 20.0 10.0
297.0 380.0 20.0 10.0
242.0 422.0 20.0 10.0
455.0 302.0 20.0 10.0
358.0 222.0 20.0 10.0
191.0 464.0 20.0 10.0
176.0 506.0 20.0 10.0
259.0 259.0 20.0 10.0
220.0 223.0 20.0 10.0
346.0 365.0 20.0 10.0
436.0 485.0 20.0 10.0
460.0 516.0 20.0 10.0
224.0 254.0 20.0 10.0
219.0 443.0 20.0 10.0
347.0 186.0 20.0 10.0
146.0 487.0 20.0 10.0
283.0 412.0 20.0 10.0
452.0 430.0 20.0 10.0
180.0 201.0 20.0 10.0
497.0 461.0 20.0 10.0
188.0 532.0 20.0 10.0
157.0 541.0 20.0 10.0
152.0 466.0 20.0 10.0
266.0 431.0 20.0 10.0
528.0 470.0 20.0 10.0
105.0 511.0 20.0 10.0
126.0 452.0 20.0 10.0
480.0 278.0 20.0 10.0
410.0 217.0 20.0 10.0
439.0 330.0 20.0 10.0
76.0 535.0 20.0 10.0
484.0 430.0 20.0 10.0
421.0 488.0 20.0 10.0
146.0 188.0 20.0 10.0
490.0 305.0 20.0 10.0
470.0 545.0 20.0 10.0
265.0 386.0 20.0 10.0
212.0 435.0 20.0 10.0
469.0 462.0 20.0 10.0
124.0 482.0 20.0 10.0
250.0 409.0 20.0 10.0
378.0 208.0 20.0 10.0
52.0 549.0 20.0 10.0
402.0 240.0 20.0 10.0
277.0 442.0 20.0 10.0
386.0 159.0 20.0 10.0
351.0 196.0 20.0 10.0
532.0 485.0 20.0 10.0
372.0 316.0 20.0 10.0
439.0 519.0 20.0 10.0
343.0 200.0 20.0 10.0
555.0 482.0 20.0 10.0
164.0 491.0 20.0 10.0
342.0 155.0 20.0 10.0
158.0 174.0 20.0 10.0
479.0 542.0 20.0 10.0
97.0 485.0 20.0 10.0
497.0 287.0 20.0 10.0
410.0 419.0 20.0 10.0
133.0 555.0 20.0 10.0
523.0 491.0 20.0 10.0
496.0 262.0 20.0 10.0
204.0 233.0 20.0 10.0
74.0 525.0 20.0 10.0
441.0 177.0 20.0 10.0
466.0 141.0 20.0 10.0
429.0 187.0 20.0 10.0
384.0 419.0 20.0 10.0
360.0 236.0 20.0 10.0
355.0 305.0 20.0 10.0
396.0 115.0 20.0 10.0
343.0 127.0 20.0 10.0
477.0 116.0 20.0 10.0
425.0 299.0 20.0 10.0
464.0 347.0 20.0 10.0
422.0 225.0 20.0 10.0
483.0 485.0 20.0 10.0
534.0 278.0 20.0 10.0
49.0 533.0 20.0 10.0
397.0 472.0 20.0 10.0
471.0 283.0 20.0 10.0
427.0 410.0 20.0 10.0
524.0 269.0 20.0 10.0
338.0 308.0 20.0 10.0
541.0 252.0 20.0 10.0
344.0 332.0 20.0 10.0
546.0 505.0 20.0 10.0
196.0 257.0 20.0 10.0
147.0 156.0 20.0 10.0
146.0 508.0 20.0 10.0
477.0 450.0 20.0 10.0
520.0 301.0 20.0 10.0
549.0 305.0 20.0 10.0
434.0 436.0 20.0 10.0
133.0 564.0 20.0 10.0
139.0 514.0 20.0 10.0
371.0 179.0 20.0 10.0
199.0 190.0 20.0 10.0
568.0 273.0 20.0 10.0
36.0 561.0 20.0 10.0
287.0 465.0 20.0 10.0
448.0 551.0 20.0 10.0
377.0 129.0 20.0 10.0
419.0 94.0 20.0 10.0
442.0 430.0 20.0 10.0
124.0 535.0 20.0 10.0
135.0 161.0 20.0 10.0
323.0 350.0 20.0 10.0
483.0 126.0 20.0 10.0
421.0 342.0 20.0 10.0
511.0 424.0 20.0 10.0
308.0 312.0 20.0 10.0
200.0 459.0 20.0 10.0
325.0 383.0 20.0 10.0
247.0 401.0 20.0 10.0
407.0 82.0 20.0 10.0
487.0 359.0 20.0 10.0
161.0 186.0 20.0 10.0
486.0 113.0 20.0 10.0
459.0 154.0 20.0 10.0
488.0 569.0 20.0 10.0
430.0 221.0 20.0 10.0
441.0 162.0 20.0 10.0
423.0 365.0 20.0 10.0
563.0 280.0 20.0 10.0
214.0 227.0 20.0 10.0
509.0 245.0 20.0 10.0
415.0 518.0 20.0 10.0
418.0 52.0 20.0 10.0
194.0 451.0 20.0 10.0
416.0 190.0 20.0 10.0
393.0 494.0 20.0 10.0
478.0 294.0 20.0 10.0
517.0 479.0 20.0 10.0
435.0 196.0 20.0 10.0
155.0 213.0 20.0 10.0
532.0 513.0 20.0 10.0
390.0 294.0 20.0 10.0
337.0 287.0 20.0 10.0
25.0 538.0 20.0 10.0
444.0 211.0 20.0 10.0
500.0 89.0 20.0 10.0
180.0 164.0 20.0 10.0
562.0 496.0 20.0 10.0
320.0 342.0 20.0 10.0
122.0 589.0 20.0 10.0
316.0 397.0 20.0 10.0
479.0 531.0 20.0 10.0
517.0 277.0 20.0 10.0
384.0 83.0 20.0 10.0
377.0 103.0 20.0 10.0
120.0 524.0 20.0 10.0
343.0 165.0 20.0 10.0
335.0 133.0 20.0 10.0
512.0 66.0 20.0 10.0
163.0 141.0 20.0 10.0
168.0 180.0 20.0 10.0
560.0 502.0 20.0 10.0
493.0 474.0 20.0 10.0
416.0 25.0 20.0 10.0
234.0 273.0 20.0 10.0
255.0 454.0 20.0 10.0
242.0 238.0 20.0 10.0
451.0 580.0 20.0 10.0
285.0 326.0 20.0 10.0
319.0 289.0 20.0 10.0
99.0 455.0 20.0 10.0
117.0 189.0 20.0 10.0
60.0 547.0 20.0 10.0
506.0 325.0 20.0 10.0
596.0 271.0 20.0 10.0
489.0 479.0 20.0 10.0
392.0 216.0 20.0 10.0
498.0 446.0 20.0 10.0
149.0 568.0 20.0 10.0
378.0 438.0 20.0 10.0
118.0 174.0 20.0 10.0
497.0 381.0 20.0 10.0
268.0 326.0 20.0 10.0
149.0 122.0 20.0 10.0
202.0 274.0 20.0 10.0
586.0 515.0 20.0 10.0
550.0 263.0 20.0 10.0
514.0 363.0 20.0 10.0
249.0 230.0 20.0 10.0
121.0 503.0 20.0 10.0
542.0 367.0 20.0 10.0
415.0 546.0 20.0 10.0
125.0 169.0 20.0 10.0
136.0 108.0 20.0 10.0
236.0 214.0 20.0 10.0
387.0 55.0 20.0 10.0
131.0 476.0 20.0 10.0
440.0 509.0 20.0 10.0
155.0 525.0 20.0 10.0
