200
258.0 299.0 20.0 10.0
274.0 223.0 20.0 10.0
321.0 333.0 20.0 10.0
195.0 351.0 20.0 10.0
168.0 348.0 20.0 10.0
255.0 201.0 20.0 10.0
149.0 407.0 20.0 10.0
381.0 366.0 20.0 10.0
140.0 441.0 20.0 10.0
440.0 399.0 20.0 10.0
147.0 345.0 20.0 10.0
285.0 169.0 20.0 10.0
250.0 173.0 20.0 10.0
108.0 355.0 20.0 10.0
111.0 421.0 20.0 10.0
294.0 367.0 20.0 10.0
483.0 428.0 20.0 10.0
111.0 458.0 20.0 10.0
521.0 451.0 20.0 10.0
355.0 310.0 20.0 10.0
270.0 383.0 20.0 10.0
122.0 350.0 20.0 10.0
301.0 124.0 20.0 10.0
387.0 295.0 20.0 10.0
481.0 392.0 20.0 10.0
459.0 415.0 20.0 10.0
85.0 497.0 20.0 10.0
296.0 413.0 20.0 10.0
319.0 386.0 20.0 10.0
85.0 435.0 20.0 10.0
509.0 450.0 20.0 10.0
286.0 129.0 20.0 10.0
261.0 338.0 20.0 10.0
226.0 135.0 20.0 10.0
313.0 175.0 20.0 10.0
346.0 131.0 20.0 10.0
130.0 441.0 20.0 10.0
464.0 379.0 20.0 10.0
79.0 479.0 20.0 10.0
436.0 436.0 20.0 10.0
290.0 449.0 20.0 10.0
335.0 309.0 20.0 10.0
242.0 381.0 20.0 10.0
373.0 96.0 20.0 10.0
217.0 100.0 20.0 10.0
320.0 90.0 20.0 10.0
206.0 106.0 20.0 10.0
306.0 445.0 20.0 10.0
515.0 395.0 20.0 10.0
372.0 105.0 20.0 10.0
395.0 70.0 20.0 10.0
545.0 456.0 20.0 10.0
310.0 85.0 20.0 10.0
242.0 134.0 20.0 10.0
218.0 365.0 20.0 10.0
172.0 376.0 20.0 10.0
230.0 312.0 20.0 10.0
406.0 381.0 20.0 10.0
115.0 345.0 20.0 10.0
77.0 361.0 20.0 10.0
368.0 279.0 20.0 10.0
377.0 115.0 20.0 10.0
465.0 426.0 20.0 10.0
207.0 69.0 20.0 10.0
50.0 373.0 20.0 10.0
248.0 98.0 20.0 10.0
66.0 520.0 20.0 10.0
541.0 472.0 20.0 10.0
452.0 373.0 20.0 10.0
294.0 436.0 20.0 10.0
65.0 530.0 20.0 10.0
200.0 290.0 20.0 10.0
334.0 68.0 20.0 10.0
279.0 441.0 20.0 10.0
129.0 470.0 20.0 10.0
526.0 473.0 20.0 10.0
546.0 391.0 20.0 10.0
185.0 388.0 20.0 10.0
191.0 77.0 20.0 10.0
285.0 101.0 20.0 10.0
188.0 96.0 20.0 10.0
412.0 50.0 20.0 10.0
199.0 80.0 20.0 10.0
261.0 309.0 20.0 10.0
53.0 502.0 20.0 10.0
44.0 552.0 20.0 10.0
175.0 270.0 20.0 10.0
157.0 354.0 20.0 10.0
415.0 295.0 20.0 10.0
342.0 171.0 20.0 10.0
478.0 402.0 20.0 10.0
508.0 383.0 20.0 10.0
469.0 405.0 20.0 10.0
257.0 403.0 20.0 10.0
76.0 524.0 20.0 10.0
283.0 470.0 20.0 10.0
253.0 62.0 20.0 10.0
412.0 308.0 20.0 10.0
407.0 273.0 20.0 10.0
339.0 393.0 20.0 10.0
59.0 446.0 20.0 10.0
376.0 256.0 20.0 10.0
314.0 52.0 20.0 10.0
189.0 84.0 20.0 10.0
53.0 364.0 20.0 10.0
402.0 408.0 20.0 10.0
506.0 413.0 20.0 10.0
449.0 435.0 20.0 10.0
322.0 466.0 20.0 10.0
342.0 158.0 20.0 10.0
351.0 133.0 20.0 10.0
126.0 370.0 20.0 10.0
250.0 30.0 20.0 10.0
455.0 468.0 20.0 10.0
550.0 468.0 20.0 10.0
393.0 85.0 20.0 10.0
430.0 32.0 20.0 10.0
306.0 476.0 20.0 10.0
382.0 323.0 20.0 10.0
306.0 342.0 20.0 10.0
288.0 481.0 20.0 10.0
346.0 387.0 20.0 10.0
163.0 258.0 20.0 10.0
223.0 72.0 20.0 10.0
235.0 325.0 20.0 10.0
363.0 100.0 20.0 10.0
151.0 363.0 20.0 10.0
120.0 334.0 20.0 10.0
377.0 79.0 20.0 10.0
251.0 186.0 20.0 10.0
100.0 383.0 20.0 10.0
534.0 411.0 20.0 10.0
435.0 467.0 20.0 10.0
291.0 508.0 20.0 10.0
300.0 98.0 20.0 10.0
574.0 486.0 20.0 10.0
367.0 287.0 20.0 10.0
388.0 240.0 20.0 10.0
426.0 463.0 20.0 10.0
567.0 482.0 20.0 10.0
33.0 524.0 20.0 10.0
177.0 421.0 20.0 10.0
197.0 40.0 20.0 10.0
505.0 405.0 20.0 10.0
295.0 316.0 20.0 10.0
171.0 439.0 20.0 10.0
251.0 397.0 20.0 10.0
182.0 416.0 20.0 10.0
295.0 395.0 20.0 10.0
483.0 358.0 20.0 10.0
97.0 499.0 20.0 10.0
302.0 70.0 20.0 10.0
271.0 457.0 20.0 10.0
83.0 533.0 20.0 10.0
335.0 285.0 20.0 10.0
361.0 393.0 20.0 10.0
573.0 387.0 20.0 10.0
487.0 440.0 20.0 10.0
198.0 343.0 20.0 10.0
314.0 503.0 20.0 10.0
323.0 63.0 20.0 10.0
76.0 395.0 20.0 10.0
75.0 556.0 20.0 10.0
156.0 255.0 20.0 10.0
158.0 394.0 20.0 10.0
486.0 449.0 20.0 10.0
428.0 253.0 20.0 10.0
246.0 270.0 20.0 10.0
185.0 277.0 20.0 10.0
91.0 344.0 20.0 10.0
63.0 553.0 20.0 10.0
326.0 148.0 20.0 10.0
421.0 396.0 20.0 10.0
121.0 466.0 20.0 10.0
261.0 33.0 20.0 10.0
487.0 416.0 20.0 10.0
369.0 164.0 20.0 10.0
593.0 503.0 20.0 10.0
296.0 104.0 20.0 10.0
308.0 315.0 20.0 10.0
314.0 25.0 20.0 10.0
351.0 340.0 20.0 10.0
509.0 440.0 20.0 10.0
392.0 267.0 20.0 10.0
275.0 148.0 20.0 10.0
70.0 454.0 20.0 10.0
363.0 142.0 20.0 10.0
473.0 453.0 20.0 10.0
128.0 427.0 20.0 10.0
138.0 239.0 20.0 10.0
220.0 265.0 20.0 10.0
24.0 571.0 20.0 10.0
290.0 71.0 20.0 10.0
134.0 363.0 20.0 10.0
50.0 480.0 20.0 10.0
399.0 95.0 20.0 10.0
167.0 406.0 20.0 10.0
288.0 412.0 20.0 10.0
227.0 391.0 20.0 10.0
462.0 497.0 20.0 10.0
