200
380.0 455.0 20.0 10.0
442.0 401.0 20.0 10.0
510.0 374.0 20.0 10.0
437.0 333.0 20.0 10.0
324.0 509.0 20.0 10.0
362.0 425.0 20.0 10.0
430.0 266.0 20.0 10.0
267.0 555.0 20.0 10.0
482.0 437.0 20.0 10.0
332.0 472.0 20.0 10.0
402.0 469.0 20.0 10.0
522.0 462.0 20.0 10.0
305.0 541.0 20.0 10.0
422.0 374.0 20.0 10.0
215.0 599.0 20.0 10.0
287.0 457.0 20.0 10.0
575.0 352.0 20.0 10.0
629.0 349.0 20.0 10.0
524.0 341.0 20.0 10.0
168.0 641.0 20.0 10.0
428.0 226.0 20.0 10.0
618.0 319.0 20.0 10.0
346.0 512.0 20.0 10.0
406.0 444.0 20.0 10.0
539.0 311.0 20.0 10.0
341.0 400.0 20.0 10.0
250.0 445.0 20.0 10.0
139.0 687.0 20.0 10.0
428.0 210.0 20.0 10.0
425.0 159.0 20.0 10.0
136.0 729.0 20.0 10.0
656.0 290.0 20.0 10.0
115.0 721.0 20.0 10.0
415.0 195.0 20.0 10.0
556.0 472.0 20.0 10.0
252.0 579.0 20.0 10.0
122.0 650.0 20.0 10.0
206.0 627.0 20.0 10.0
82.0 652.0 20.0 10.0
299.0 481.0 20.0 10.0
357.0 551.0 20.0 10.0
542.0 381.0 20.0 10.0
679.0 276.0 20.0 10.0
125.0 712.0 20.0 10.0
561.0 400.0 20.0 10.0
316.0 496.0 20.0 10.0
102.0 702.0 20.0 10.0
423.0 345.0 20.0 10.0
321.0 390.0 20.0 10.0
499.0 472.0 20.0 10.0
534.0 355.0 20.0 10.0
405.0 238.0 20.0 10.0
56.0 658.0 20.0 10.0
399.0 483.0 20.0 10.0
552.0 489.0 20.0 10.0
406.0 172.0 20.0 10.0
680.0 346.0 20.0 10.0
231.0 421.0 20.0 10.0
726.0 343.0 20.0 10.0
457.0 251.0 20.0 10.0
268.0 432.0 20.0 10.0
393.0 210.0 20.0 10.0
451.0 338.0 20.0 10.0
48.0 662.0 20.0 10.0
124.0 764.0 20.0 10.0
451.0 207.0 20.0 10.0
689.0 263.0 20.0 10.0
767.0 339.0 20.0 10.0
270.0 494.0 20.0 10.0
421.0 113.0 20.0 10.0
800.0 325.0 20.0 10.0
396.0 356.0 20.0 10.0
419.0 76.0 20.0 10.0
551.0 290.0 20.0 10.0
91.0 664.0 20.0 10.0
121.0 749.0 20.0 10.0
577.0 511.0 20.0 10.0
279.0 552.0 20.0 10.0
711.0 243.0 20.0 10.0
585.0 476.0 20.0 10.0
362.0 585.0 20.0 10.0
518.0 500.0 20.0 10.0
603.0 497.0 20.0 10.0
625.0 292.0 20.0 10.0
498.0 460.0 20.0 10.0
276.0 488.0 20.0 10.0
569.0 424.0 20.0 10.0
385.0 331.0 20.0 10.0
726.0 223.0 20.0 10.0
364.0 337.0 20.0 10.0
797.0 335.0 20.0 10.0
96.0 716.0 20.0 10.0
253.0 461.0 20.0 10.0
824.0 339.0 20.0 10.0
305.0 458.0 20.0 10.0
661.0 344.0 20.0 10.0
412.0 508.0 20.0 10.0
413.0 318.0 20.0 10.0
601.0 528.0 20.0 10.0
63.0 678.0 20.0 10.0
293.0 501.0 20.0 10.0
59.0 643.0 20.0 10.0
416.0 529.0 20.0 10.0
409.0 85.0 20.0 10.0
423.0 84.0 20.0 10.0
46.0 686.0 20.0 10.0
818.0 314.0 20.0 10.0
319.0 382.0 20.0 10.0
182.0 609.0 20.0 10.0
421.0 182.0 20.0 10.0
113.0 791.0 20.0 10.0
86.0 807.0 20.0 10.0
788.0 326.0 20.0 10.0
431.0 179.0 20.0 10.0
412.0 48.0 20.0 10.0
85.0 739.0 20.0 10.0
612.0 469.0 20.0 10.0
414.0 54.0 20.0 10.0
105.0 815.0 20.0 10.0
399.0 154.0 20.0 10.0
364.0 607.0 20.0 10.0
242.0 580.0 20.0 10.0
234.0 565.0 20.0 10.0
402.0 67.0 20.0 10.0
355.0 612.0 20.0 10.0
605.0 340.0 20.0 10.0
188.0 617.0 20.0 10.0
58.0 666.0 20.0 10.0
537.0 482.0 20.0 10.0
300.0 433.0 20.0 10.0
794.0 348.0 20.0 10.0
75.0 712.0 20.0 10.0
251.0 412.0 20.0 10.0
473.0 189.0 20.0 10.0
442.0 242.0 20.0 10.0
648.0 313.0 20.0 10.0
300.0 573.0 20.0 10.0
96.0 746.0 20.0 10.0
711.0 254.0 20.0 10.0
624.0 542.0 20.0 10.0
374.0 604.0 20.0 10.0
25.0 663.0 20.0 10.0
538.0 524.0 20.0 10.0
472.0 400.0 20.0 10.0
217.0 443.0 20.0 10.0
421.0 133.0 20.0 10.0
719.0 245.0 20.0 10.0
566.0 308.0 20.0 10.0
826.0 325.0 20.0 10.0
439.0 302.0 20.0 10.0
530.0 517.0 20.0 10.0
430.0 60.0 20.0 10.0
197.0 424.0 20.0 10.0
61.0 755.0 20.0 10.0
70.0 718.0 20.0 10.0
590.0 525.0 20.0 10.0
821.0 352.0 20.0 10.0
373.0 192.0 20.0 10.0
640.0 294.0 20.0 10.0
305.0 600.0 20.0 10.0
559.0 355.0 20.0 10.0
339.0 416.0 20.0 10.0
224.0 463.0 20.0 10.0
673.0 360.0 20.0 10.0
571.0 379.0 20.0 10.0
355.0 539.0 20.0 10.0
322.0 543.0 20.0 10.0
406.0 325.0 20.0 10.0
381.0 485.0 20.0 10.0
423.0 524.0 20.0 10.0
330.0 571.0 20.0 10.0
422.0 237.0 20.0 10.0
551.0 542.0 20.0 10.0
71.0 763.0 20.0 10.0
289.0 594.0 20.0 10.0
221.0 588.0 20.0 10.0
254.0 501.0 20.0 10.0
231.0 474.0 20.0 10.0
329.0 593.0 20.0 10.0
326.0 437.0 20.0 10.0
413.0 25.0 20.0 10.0
658.0 277.0 20.0 10.0
544.0 264.0 20.0 10.0
751.0 329.0 20.0 10.0
403.0 301.0 20.0 10.0
413.0 242.0 20.0 10.0
588.0 383.0 20.0 10.0
766.0 321.0 20.0 10.0
776.0 365.0 20.0 10.0
51.0 731.0 20.0 10.0
301.0 368.0 20.0 10.0
740.0 229.0 20.0 10.0
646.0 306.0 20.0 10.0
757.0 212.0 20.0 10.0
563.0 558.0 20.0 10.0
362.0 573.0 20.0 10.0
374.0 317.0 20.0 10.0
578.0 284.0 20.0 10.0
189.0 439.0 20.0 10.0
386.0 191.0 20.0 10.0
