200
235.0 428.0 20.0 10.0
297.0 382.0 20.0 10.0
373.0 351.0 20.0 10.0
358.0 375.0 20.0 10.0
361.0 319.0 20.0 10.0
433.0 298.0 20.0 10.0
455.0 235.0 20.0 10.0
231.0 467.0 20.0 10.0
408.0 398.0 20.0 10.0
194.0 479.0 20.0 10.0
253.0 351.0 20.0 10.0
498.0 286.0 20.0 10.0
215.0 490.0 20.0 10.0
472.0 205.0 20.0 10.0
172.0 524.0 20.0 10.0
231.0 368.0 20.0 10.0
236.0 495.0 20.0 10.0
229.0 327.0 20.0 10.0
146.0 562.0 20.0 10.0
365.0 399.0 20.0 10.0
122.0 595.0 20.0 10.0
428.0 269.0 20.0 10.0
477.0 173.0 20.0 10.0
478.0 130.0 20.0 10.0
154.0 501.0 20.0 10.0
206.0 445.0 20.0 10.0
425.0 442.0 20.0 10.0
539.0 292.0 20.0 10.0
167.0 513.0 20.0 10.0
220.0 297.0 20.0 10.0
525.0 278.0 20.0 10.0
223.0 500.0 20.0 10.0
177.0 428.0 20.0 10.0
535.0 269.0 20.0 10.0
411.0 430.0 20.0 10.0
144.0 421.0 20.0 10.0
126.0 431.0 20.0 10.0
573.0 286.0 20.0 10.0
117.0 517.0 20.0 10.0
152.0 416.0 20.0 10.0
500.0 126.0 20.0 10.0
449.0 417.0 20.0 10.0
522.0 83.0 20.0 10.0
597.0 274.0 20.0 10.0
138.0 543.0 20.0 10.0
212.0 324.0 20.0 10.0
472.0 217.0 20.0 10.0
335.0 309.0 20.0 10.0
137.0 586.0 20.0 10.0
180.0 461.0 20.0 10.0
101.0 621.0 20.0 10.0
551.0 273.0 20.0 10.0
89.0 440.0 20.0 10.0
356.0 290.0 20.0 10.0
423.0 245.0 20.0 10.0
177.0 323.0 20.0 10.0
443.0 482.0 20.0 10.0
66.0 457.0 20.0 10.0
180.0 312.0 20.0 10.0
513.0 100.0 20.0 10.0
458.0 518.0 20.0 10.0
535.0 48.0 20.0 10.0
544.0 58.0 20.0 10.0
110.0 560.0 20.0 10.0
476.0 544.0 20.0 10.0
110.0 614.0 20.0 10.0
300.0 413.0 20.0 10.0
500.0 223.0 20.0 10.0
199.0 337.0 20.0 10.0
210.0 520.0 20.0 10.0
507.0 149.0 20.0 10.0
568.0 250.0 20.0 10.0
155.0 470.0 20.0 10.0
553.0 25.0 20.0 10.0
593.0 231.0 20.0 10.0
573.0 294.0 20.0 10.0
403.0 458.0 20.0 10.0
188.0 293.0 20.0 10.0
145.0 434.0 20.0 10.0
150.0 317.0 20.0 10.0
160.0 277.0 20.0 10.0
341.0 284.0 20.0 10.0
485.0 439.0 20.0 10.0
473.0 96.0 20.0 10.0
517.0 462.0 20.0 10.0
449.0 506.0 20.0 10.0
602.0 206.0 20.0 10.0
439.0 464.0 20.0 10.0
144.0 529.0 20.0 10.0
491.0 99.0 20.0 10.0
397.0 367.0 20.0 10.0
465.0 542.0 20.0 10.0
62.0 451.0 20.0 10.0
521.0 238.0 20.0 10.0
296.0 439.0 20.0 10.0
500.0 188.0 20.0 10.0
133.0 263.0 20.0 10.0
439.0 436.0 20.0 10.0
265.0 324.0 20.0 10.0
542.0 256.0 20.0 10.0
560.0 35.0 20.0 10.0
95.0 582.0 20.0 10.0
441.0 245.0 20.0 10.0
501.0 462.0 20.0 10.0
402.0 480.0 20.0 10.0
614.0 220.0 20.0 10.0
602.0 257.0 20.0 10.0
495.0 489.0 20.0 10.0
643.0 247.0 20.0 10.0
410.0 481.0 20.0 10.0
293.0 458.0 20.0 10.0
637.0 237.0 20.0 10.0
534.0 130.0 20.0 10.0
233.0 296.0 20.0 10.0
423.0 365.0 20.0 10.0
664.0 223.0 20.0 10.0
133.0 471.0 20.0 10.0
81.0 428.0 20.0 10.0
442.0 363.0 20.0 10.0
560.0 120.0 20.0 10.0
472.0 69.0 20.0 10.0
521.0 304.0 20.0 10.0
80.0 567.0 20.0 10.0
222.0 354.0 20.0 10.0
202.0 322.0 20.0 10.0
673.0 231.0 20.0 10.0
483.0 145.0 20.0 10.0
464.0 435.0 20.0 10.0
428.0 471.0 20.0 10.0
484.0 98.0 20.0 10.0
656.0 215.0 20.0 10.0
604.0 293.0 20.0 10.0
545.0 478.0 20.0 10.0
533.0 475.0 20.0 10.0
357.0 265.0 20.0 10.0
567.0 494.0 20.0 10.0
673.0 241.0 20.0 10.0
523.0 101.0 20.0 10.0
697.0 235.0 20.0 10.0
262.0 299.0 20.0 10.0
499.0 78.0 20.0 10.0
353.0 248.0 20.0 10.0
81.0 640.0 20.0 10.0
519.0 125.0 20.0 10.0
462.0 306.0 20.0 10.0
227.0 493.0 20.0 10.0
182.0 264.0 20.0 10.0
698.0 218.0 20.0 10.0
50.0 430.0 20.0 10.0
496.0 564.0 20.0 10.0
153.0 305.0 20.0 10.0
544.0 26.0 20.0 10.0
50.0 438.0 20.0 10.0
84.0 522.0 20.0 10.0
218.0 523.0 20.0 10.0
527.0 196.0 20.0 10.0
55.0 425.0 20.0 10.0
389.0 328.0 20.0 10.0
568.0 44.0 20.0 10.0
529.0 489.0 20.0 10.0
121.0 423.0 20.0 10.0
462.0 68.0 20.0 10.0
26.0 423.0 20.0 10.0
429.0 221.0 20.0 10.0
59.0 533.0 20.0 10.0
285.0 435.0 20.0 10.0
272.0 388.0 20.0 10.0
598.0 281.0 20.0 10.0
550.0 505.0 20.0 10.0
475.0 107.0 20.0 10.0
153.0 328.0 20.0 10.0
130.0 583.0 20.0 10.0
540.0 465.0 20.0 10.0
484.0 76.0 20.0 10.0
627.0 301.0 20.0 10.0
114.0 245.0 20.0 10.0
129.0 464.0 20.0 10.0
35.0 547.0 20.0 10.0
473.0 563.0 20.0 10.0
630.0 249.0 20.0 10.0
24.0 447.0 20.0 10.0
659.0 235.0 20.0 10.0
212.0 272.0 20.0 10.0
549.0 300.0 20.0 10.0
373.0 293.0 20.0 10.0
484.0 183.0 20.0 10.0
515.0 177.0 20.0 10.0
52.0 579.0 20.0 10.0
65.0 443.0 20.0 10.0
587.0 511.0 20.0 10.0
532.0 26.0 20.0 10.0
89.0 643.0 20.0 10.0
537.0 146.0 20.0 10.0
490.0 203.0 20.0 10.0
489.0 568.0 20.0 10.0
124.0 504.0 20.0 10.0
243.0 323.0 20.0 10.0
248.0 300.0 20.0 10.0
154.0 297.0 20.0 10.0
235.0 522.0 20.0 10.0
