200
461.0 331.0 20.0 10.0
472.0 393.0 20.0 10.0
532.0 424.0 20.0 10.0
405.0 438.0 20.0 10.0
522.0 349.0 20.0 10.0
337.0 481.0 20.0 10.0
272.0 523.0 20.0 10.0
230.0 542.0 20.0 10.0
214.0 563.0 20.0 10.0
565.0 436.0 20.0 10.0
156.0 595.0 20.0 10.0
582.0 457.0 20.0 10.0
187.0 532.0 20.0 10.0
568.0 303.0 20.0 10.0
226.0 582.0 20.0 10.0
604.0 256.0 20.0 10.0
473.0 286.0 20.0 10.0
535.0 458.0 20.0 10.0
443.0 276.0 20.0 10.0
421.0 225.0 20.0 10.0
330.0 515.0 20.0 10.0
410.0 269.0 20.0 10.0
481.0 261.0 20.0 10.0
122.0 599.0 20.0 10.0
485.0 242.0 20.0 10.0
382.0 269.0 20.0 10.0
195.0 599.0 20.0 10.0
471.0 420.0 20.0 10.0
115.0 612.0 20.0 10.0
557.0 352.0 20.0 10.0
403.0 181.0 20.0 10.0
384.0 142.0 20.0 10.0
179.0 631.0 20.0 10.0
444.0 347.0 20.0 10.0
455.0 369.0 20.0 10.0
576.0 421.0 20.0 10.0
490.0 206.0 20.0 10.0
625.0 476.0 20.0 10.0
534.0 448.0 20.0 10.0
590.0 439.0 20.0 10.0
665.0 494.0 20.0 10.0
305.0 473.0 20.0 10.0
610.0 473.0 20.0 10.0
493.0 430.0 20.0 10.0
618.0 419.0 20.0 10.0
113.0 629.0 20.0 10.0
502.0 282.0 20.0 10.0
519.0 253.0 20.0 10.0
78.0 658.0 20.0 10.0
529.0 480.0 20.0 10.0
635.0 213.0 20.0 10.0
158.0 535.0 20.0 10.0
448.0 408.0 20.0 10.0
472.0 261.0 20.0 10.0
57.0 679.0 20.0 10.0
575.0 488.0 20.0 10.0
588.0 289.0 20.0 10.0
501.0 179.0 20.0 10.0
371.0 108.0 20.0 10.0
584.0 482.0 20.0 10.0
603.0 486.0 20.0 10.0
549.0 343.0 20.0 10.0
394.0 204.0 20.0 10.0
357.0 133.0 20.0 10.0
606.0 286.0 20.0 10.0
365.0 263.0 20.0 10.0
652.0 179.0 20.0 10.0
51.0 684.0 20.0 10.0
587.0 343.0 20.0 10.0
434.0 316.0 20.0 10.0
635.0 273.0 20.0 10.0
695.0 500.0 20.0 10.0
713.0 508.0 20.0 10.0
615.0 456.0 20.0 10.0
365.0 278.0 20.0 10.0
276.0 470.0 20.0 10.0
494.0 217.0 20.0 10.0
633.0 501.0 20.0 10.0
259.0 470.0 20.0 10.0
624.0 259.0 20.0 10.0
399.0 470.0 20.0 10.0
408.0 151.0 20.0 10.0
31.0 701.0 20.0 10.0
492.0 178.0 20.0 10.0
556.0 251.0 20.0 10.0
78.0 614.0 20.0 10.0
344.0 123.0 20.0 10.0
78.0 636.0 20.0 10.0
538.0 235.0 20.0 10.0
220.0 619.0 20.0 10.0
696.0 508.0 20.0 10.0
287.0 491.0 20.0 10.0
652.0 425.0 20.0 10.0
590.0 255.0 20.0 10.0
91.0 658.0 20.0 10.0
425.0 338.0 20.0 10.0
147.0 527.0 20.0 10.0
356.0 270.0 20.0 10.0
122.0 531.0 20.0 10.0
661.0 260.0 20.0 10.0
371.0 75.0 20.0 10.0
660.0 182.0 20.0 10.0
671.0 155.0 20.0 10.0
677.0 149.0 20.0 10.0
636.0 486.0 20.0 10.0
718.0 522.0 20.0 10.0
607.0 516.0 20.0 10.0
112.0 527.0 20.0 10.0
621.0 224.0 20.0 10.0
597.0 432.0 20.0 10.0
341.0 104.0 20.0 10.0
575.0 239.0 20.0 10.0
620.0 272.0 20.0 10.0
474.0 440.0 20.0 10.0
680.0 426.0 20.0 10.0
427.0 193.0 20.0 10.0
361.0 48.0 20.0 10.0
99.0 641.0 20.0 10.0
176.0 621.0 20.0 10.0
539.0 487.0 20.0 10.0
50.0 620.0 20.0 10.0
76.0 680.0 20.0 10.0
206.0 650.0 20.0 10.0
503.0 212.0 20.0 10.0
543.0 243.0 20.0 10.0
582.0 349.0 20.0 10.0
346.0 91.0 20.0 10.0
208.0 641.0 20.0 10.0
510.0 192.0 20.0 10.0
157.0 656.0 20.0 10.0
317.0 503.0 20.0 10.0
159.0 525.0 20.0 10.0
562.0 322.0 20.0 10.0
48.0 638.0 20.0 10.0
441.0 428.0 20.0 10.0
157.0 635.0 20.0 10.0
544.0 479.0 20.0 10.0
197.0 678.0 20.0 10.0
191.0 699.0 20.0 10.0
336.0 271.0 20.0 10.0
93.0 669.0 20.0 10.0
393.0 499.0 20.0 10.0
320.0 543.0 20.0 10.0
89.0 524.0 20.0 10.0
502.0 154.0 20.0 10.0
690.0 124.0 20.0 10.0
659.0 153.0 20.0 10.0
646.0 241.0 20.0 10.0
255.0 548.0 20.0 10.0
367.0 193.0 20.0 10.0
308.0 565.0 20.0 10.0
560.0 422.0 20.0 10.0
456.0 266.0 20.0 10.0
616.0 433.0 20.0 10.0
737.0 536.0 20.0 10.0
625.0 196.0 20.0 10.0
652.0 281.0 20.0 10.0
351.0 177.0 20.0 10.0
325.0 71.0 20.0 10.0
430.0 167.0 20.0 10.0
599.0 301.0 20.0 10.0
686.0 504.0 20.0 10.0
653.0 521.0 20.0 10.0
304.0 580.0 20.0 10.0
647.0 182.0 20.0 10.0
708.0 106.0 20.0 10.0
383.0 489.0 20.0 10.0
419.0 203.0 20.0 10.0
706.0 419.0 20.0 10.0
613.0 463.0 20.0 10.0
390.0 519.0 20.0 10.0
449.0 437.0 20.0 10.0
185.0 572.0 20.0 10.0
95.0 594.0 20.0 10.0
577.0 251.0 20.0 10.0
163.0 651.0 20.0 10.0
25.0 691.0 20.0 10.0
395.0 215.0 20.0 10.0
699.0 430.0 20.0 10.0
521.0 193.0 20.0 10.0
376.0 82.0 20.0 10.0
521.0 452.0 20.0 10.0
54.0 612.0 20.0 10.0
448.0 273.0 20.0 10.0
439.0 198.0 20.0 10.0
392.0 223.0 20.0 10.0
320.0 272.0 20.0 10.0
123.0 588.0 20.0 10.0
350.0 25.0 20.0 10.0
311.0 535.0 20.0 10.0
71.0 522.0 20.0 10.0
134.0 619.0 20.0 10.0
605.0 339.0 20.0 10.0
186.0 717.0 20.0 10.0
148.0 673.0 20.0 10.0
123.0 522.0 20.0 10.0
370.0 202.0 20.0 10.0
385.0 83.0 20.0 10.0
389.0 535.0 20.0 10.0
374.0 436.0 20.0 10.0
