200
407.0 367.0 20.0 10.0
345.0 417.0 20.0 10.0
462.0 404.0 20.0 10.0
435.0 395.0 20.0 10.0
274.0 432.0 20.0 10.0
431.0 290.0 20.0 10.0
458.0 219.0 20.0 10.0
209.0 442.0 20.0 10.0
515.0 440.0 20.0 10.0
457.0 430.0 20.0 10.0
407.0 427.0 20.0 10.0
443.0 173.0 20.0 10.0
475.0 380.0 20.0 10.0
436.0 193.0 20.0 10.0
495.0 165.0 20.0 10.0
316.0 409.0 20.0 10.0
534.0 464.0 20.0 10.0
512.0 139.0 20.0 10.0
453.0 421.0 20.0 10.0
443.0 140.0 20.0 10.0
458.0 189.0 20.0 10.0
248.0 421.0 20.0 10.0
345.0 481.0 20.0 10.0
152.0 448.0 20.0 10.0
556.0 475.0 20.0 10.0
513.0 362.0 20.0 10.0
531.0 152.0 20.0 10.0
486.0 198.0 20.0 10.0
510.0 191.0 20.0 10.0
427.0 169.0 20.0 10.0
446.0 260.0 20.0 10.0
432.0 260.0 20.0 10.0
532.0 122.0 20.0 10.0
429.0 134.0 20.0 10.0
529.0 91.0 20.0 10.0
537.0 354.0 20.0 10.0
113.0 456.0 20.0 10.0
357.0 536.0 20.0 10.0
376.0 576.0 20.0 10.0
292.0 417.0 20.0 10.0
497.0 394.0 20.0 10.0
179.0 425.0 20.0 10.0
418.0 105.0 20.0 10.0
406.0 463.0 20.0 10.0
570.0 511.0 20.0 10.0
582.0 504.0 20.0 10.0
125.0 450.0 20.0 10.0
377.0 368.0 20.0 10.0
317.0 506.0 20.0 10.0
497.0 122.0 20.0 10.0
550.0 354.0 20.0 10.0
436.0 435.0 20.0 10.0
561.0 145.0 20.0 10.0
170.0 468.0 20.0 10.0
420.0 259.0 20.0 10.0
163.0 401.0 20.0 10.0
554.0 449.0 20.0 10.0
431.0 144.0 20.0 10.0
415.0 457.0 20.0 10.0
541.0 85.0 20.0 10.0
471.0 245.0 20.0 10.0
579.0 137.0 20.0 10.0
356.0 517.0 20.0 10.0
593.0 484.0 20.0 10.0
604.0 529.0 20.0 10.0
120.0 464.0 20.0 10.0
394.0 485.0 20.0 10.0
549.0 440.0 20.0 10.0
466.0 169.0 20.0 10.0
125.0 434.0 20.0 10.0
570.0 335.0 20.0 10.0
413.0 87.0 20.0 10.0
408.0 153.0 20.0 10.0
244.0 459.0 20.0 10.0
576.0 441.0 20.0 10.0
301.0 533.0 20.0 10.0
417.0 488.0 20.0 10.0
433.0 343.0 20.0 10.0
587.0 533.0 20.0 10.0
571.0 345.0 20.0 10.0
416.0 325.0 20.0 10.0
628.0 489.0 20.0 10.0
586.0 473.0 20.0 10.0
421.0 317.0 20.0 10.0
466.0 344.0 20.0 10.0
500.0 86.0 20.0 10.0
148.0 482.0 20.0 10.0
656.0 495.0 20.0 10.0
332.0 512.0 20.0 10.0
382.0 473.0 20.0 10.0
375.0 439.0 20.0 10.0
110.0 442.0 20.0 10.0
498.0 240.0 20.0 10.0
544.0 54.0 20.0 10.0
366.0 576.0 20.0 10.0
411.0 264.0 20.0 10.0
524.0 473.0 20.0 10.0
504.0 60.0 20.0 10.0
223.0 429.0 20.0 10.0
493.0 96.0 20.0 10.0
393.0 599.0 20.0 10.0
445.0 147.0 20.0 10.0
320.0 492.0 20.0 10.0
562.0 90.0 20.0 10.0
137.0 493.0 20.0 10.0
411.0 299.0 20.0 10.0
539.0 364.0 20.0 10.0
374.0 605.0 20.0 10.0
497.0 355.0 20.0 10.0
217.0 466.0 20.0 10.0
538.0 135.0 20.0 10.0
397.0 306.0 20.0 10.0
511.0 231.0 20.0 10.0
586.0 65.0 20.0 10.0
75.0 447.0 20.0 10.0
399.0 596.0 20.0 10.0
105.0 507.0 20.0 10.0
222.0 475.0 20.0 10.0
246.0 443.0 20.0 10.0
501.0 376.0 20.0 10.0
566.0 108.0 20.0 10.0
377.0 417.0 20.0 10.0
142.0 391.0 20.0 10.0
331.0 541.0 20.0 10.0
394.0 337.0 20.0 10.0
289.0 559.0 20.0 10.0
451.0 451.0 20.0 10.0
345.0 447.0 20.0 10.0
49.0 445.0 20.0 10.0
96.0 433.0 20.0 10.0
552.0 56.0 20.0 10.0
374.0 613.0 20.0 10.0
527.0 366.0 20.0 10.0
323.0 454.0 20.0 10.0
628.0 548.0 20.0 10.0
354.0 567.0 20.0 10.0
89.0 465.0 20.0 10.0
222.0 488.0 20.0 10.0
197.0 502.0 20.0 10.0
81.0 520.0 20.0 10.0
435.0 366.0 20.0 10.0
609.0 45.0 20.0 10.0
100.0 477.0 20.0 10.0
198.0 492.0 20.0 10.0
180.0 522.0 20.0 10.0
458.0 272.0 20.0 10.0
326.0 462.0 20.0 10.0
588.0 76.0 20.0 10.0
604.0 554.0 20.0 10.0
310.0 526.0 20.0 10.0
351.0 425.0 20.0 10.0
485.0 271.0 20.0 10.0
407.0 81.0 20.0 10.0
396.0 241.0 20.0 10.0
443.0 120.0 20.0 10.0
650.0 564.0 20.0 10.0
625.0 25.0 20.0 10.0
562.0 504.0 20.0 10.0
408.0 489.0 20.0 10.0
525.0 497.0 20.0 10.0
381.0 637.0 20.0 10.0
413.0 415.0 20.0 10.0
423.0 441.0 20.0 10.0
538.0 489.0 20.0 10.0
415.0 123.0 20.0 10.0
84.0 526.0 20.0 10.0
574.0 430.0 20.0 10.0
511.0 34.0 20.0 10.0
588.0 444.0 20.0 10.0
59.0 535.0 20.0 10.0
81.0 441.0 20.0 10.0
384.0 601.0 20.0 10.0
460.0 367.0 20.0 10.0
24.0 441.0 20.0 10.0
550.0 376.0 20.0 10.0
614.0 449.0 20.0 10.0
653.0 504.0 20.0 10.0
534.0 346.0 20.0 10.0
373.0 565.0 20.0 10.0
517.0 371.0 20.0 10.0
82.0 465.0 20.0 10.0
370.0 642.0 20.0 10.0
502.0 97.0 20.0 10.0
119.0 379.0 20.0 10.0
590.0 94.0 20.0 10.0
60.0 471.0 20.0 10.0
380.0 537.0 20.0 10.0
127.0 461.0 20.0 10.0
640.0 455.0 20.0 10.0
401.0 489.0 20.0 10.0
516.0 197.0 20.0 10.0
417.0 237.0 20.0 10.0
366.0 541.0 20.0 10.0
394.0 61.0 20.0 10.0
575.0 358.0 20.0 10.0
376.0 356.0 20.0 10.0
412.0 276.0 20.0 10.0
562.0 113.0 20.0 10.0
350.0 355.0 20.0 10.0
375.0 541.0 20.0 10.0
