200
405.0 507.0 20.0 10.0
435.0 448.0 20.0 10.0
455.0 502.0 20.0 10.0
459.0 546.0 20.0 10.0
437.0 369.0 20.0 10.0
367.0 364.0 20.0 10.0
379.0 566.0 20.0 10.0
475.0 469.0 20.0 10.0
486.0 301.0 20.0 10.0
474.0 242.0 20.0 10.0
518.0 317.0 20.0 10.0
354.0 613.0 20.0 10.0
460.0 391.0 20.0 10.0
471.0 530.0 20.0 10.0
463.0 585.0 20.0 10.0
546.0 256.0 20.0 10.0
339.0 384.0 20.0 10.0
464.0 188.0 20.0 10.0
489.0 212.0 20.0 10.0
604.0 212.0 20.0 10.0
513.0 489.0 20.0 10.0
450.0 344.0 20.0 10.0
637.0 174.0 20.0 10.0
414.0 339.0 20.0 10.0
303.0 356.0 20.0 10.0
546.0 510.0 20.0 10.0
244.0 352.0 20.0 10.0
656.0 196.0 20.0 10.0
498.0 277.0 20.0 10.0
664.0 163.0 20.0 10.0
193.0 341.0 20.0 10.0
460.0 140.0 20.0 10.0
702.0 175.0 20.0 10.0
390.0 315.0 20.0 10.0
453.0 101.0 20.0 10.0
666.0 138.0 20.0 10.0
742.0 154.0 20.0 10.0
467.0 105.0 20.0 10.0
549.0 321.0 20.0 10.0
412.0 311.0 20.0 10.0
777.0 137.0 20.0 10.0
372.0 520.0 20.0 10.0
617.0 173.0 20.0 10.0
496.0 537.0 20.0 10.0
468.0 620.0 20.0 10.0
808.0 121.0 20.0 10.0
606.0 179.0 20.0 10.0
146.0 336.0 20.0 10.0
371.0 606.0 20.0 10.0
625.0 138.0 20.0 10.0
206.0 355.0 20.0 10.0
273.0 337.0 20.0 10.0
105.0 335.0 20.0 10.0
334.0 659.0 20.0 10.0
375.0 631.0 20.0 10.0
516.0 298.0 20.0 10.0
581.0 254.0 20.0 10.0
83.0 322.0 20.0 10.0
606.0 247.0 20.0 10.0
352.0 586.0 20.0 10.0
480.0 546.0 20.0 10.0
480.0 185.0 20.0 10.0
247.0 333.0 20.0 10.0
446.0 157.0 20.0 10.0
496.0 186.0 20.0 10.0
467.0 156.0 20.0 10.0
347.0 533.0 20.0 10.0
443.0 73.0 20.0 10.0
634.0 206.0 20.0 10.0
71.0 331.0 20.0 10.0
505.0 587.0 20.0 10.0
629.0 191.0 20.0 10.0
337.0 350.0 20.0 10.0
469.0 647.0 20.0 10.0
577.0 523.0 20.0 10.0
826.0 114.0 20.0 10.0
724.0 162.0 20.0 10.0
690.0 105.0 20.0 10.0
59.0 315.0 20.0 10.0
47.0 326.0 20.0 10.0
632.0 111.0 20.0 10.0
541.0 491.0 20.0 10.0
523.0 626.0 20.0 10.0
631.0 119.0 20.0 10.0
622.0 244.0 20.0 10.0
357.0 393.0 20.0 10.0
557.0 496.0 20.0 10.0
832.0 110.0 20.0 10.0
247.0 346.0 20.0 10.0
370.0 641.0 20.0 10.0
312.0 684.0 20.0 10.0
369.0 292.0 20.0 10.0
299.0 709.0 20.0 10.0
479.0 646.0 20.0 10.0
537.0 660.0 20.0 10.0
377.0 595.0 20.0 10.0
683.0 184.0 20.0 10.0
851.0 101.0 20.0 10.0
357.0 268.0 20.0 10.0
368.0 665.0 20.0 10.0
174.0 359.0 20.0 10.0
469.0 666.0 20.0 10.0
310.0 361.0 20.0 10.0
493.0 565.0 20.0 10.0
365.0 683.0 20.0 10.0
73.0 342.0 20.0 10.0
526.0 605.0 20.0 10.0
467.0 371.0 20.0 10.0
156.0 357.0 20.0 10.0
474.0 639.0 20.0 10.0
324.0 701.0 20.0 10.0
270.0 362.0 20.0 10.0
330.0 264.0 20.0 10.0
446.0 224.0 20.0 10.0
554.0 686.0 20.0 10.0
637.0 217.0 20.0 10.0
50.0 350.0 20.0 10.0
334.0 547.0 20.0 10.0
709.0 76.0 20.0 10.0
411.0 382.0 20.0 10.0
462.0 74.0 20.0 10.0
458.0 418.0 20.0 10.0
469.0 85.0 20.0 10.0
438.0 201.0 20.0 10.0
721.0 48.0 20.0 10.0
386.0 526.0 20.0 10.0
317.0 737.0 20.0 10.0
304.0 766.0 20.0 10.0
654.0 191.0 20.0 10.0
428.0 477.0 20.0 10.0
693.0 128.0 20.0 10.0
475.0 135.0 20.0 10.0
312.0 393.0 20.0 10.0
733.0 25.0 20.0 10.0
487.0 386.0 20.0 10.0
299.0 784.0 20.0 10.0
290.0 401.0 20.0 10.0
327.0 597.0 20.0 10.0
573.0 317.0 20.0 10.0
349.0 340.0 20.0 10.0
469.0 276.0 20.0 10.0
568.0 710.0 20.0 10.0
541.0 285.0 20.0 10.0
569.0 231.0 20.0 10.0
567.0 203.0 20.0 10.0
556.0 706.0 20.0 10.0
293.0 789.0 20.0 10.0
433.0 399.0 20.0 10.0
452.0 75.0 20.0 10.0
436.0 74.0 20.0 10.0
439.0 128.0 20.0 10.0
488.0 668.0 20.0 10.0
537.0 631.0 20.0 10.0
579.0 313.0 20.0 10.0
348.0 572.0 20.0 10.0
509.0 612.0 20.0 10.0
372.0 267.0 20.0 10.0
478.0 250.0 20.0 10.0
560.0 179.0 20.0 10.0
251.0 369.0 20.0 10.0
481.0 81.0 20.0 10.0
388.0 599.0 20.0 10.0
156.0 366.0 20.0 10.0
424.0 106.0 20.0 10.0
707.0 49.0 20.0 10.0
501.0 475.0 20.0 10.0
435.0 176.0 20.0 10.0
310.0 382.0 20.0 10.0
472.0 211.0 20.0 10.0
546.0 313.0 20.0 10.0
312.0 349.0 20.0 10.0
600.0 537.0 20.0 10.0
575.0 702.0 20.0 10.0
795.0 129.0 20.0 10.0
556.0 279.0 20.0 10.0
623.0 549.0 20.0 10.0
329.0 540.0 20.0 10.0
447.0 133.0 20.0 10.0
643.0 89.0 20.0 10.0
495.0 164.0 20.0 10.0
83.0 339.0 20.0 10.0
224.0 323.0 20.0 10.0
349.0 244.0 20.0 10.0
617.0 558.0 20.0 10.0
184.0 361.0 20.0 10.0
354.0 416.0 20.0 10.0
270.0 714.0 20.0 10.0
738.0 76.0 20.0 10.0
594.0 527.0 20.0 10.0
406.0 539.0 20.0 10.0
576.0 550.0 20.0 10.0
345.0 317.0 20.0 10.0
660.0 211.0 20.0 10.0
598.0 316.0 20.0 10.0
25.0 321.0 20.0 10.0
337.0 368.0 20.0 10.0
283.0 810.0 20.0 10.0
299.0 738.0 20.0 10.0
52.0 339.0 20.0 10.0
215.0 354.0 20.0 10.0
