200
299.0 310.0 20.0 10.0
364.0 366.0 20.0 10.0
404.0 367.0 20.0 10.0
432.0 404.0 20.0 10.0
288.0 279.0 20.0 10.0
229.0 320.0 20.0 10.0
266.0 249.0 20.0 10.0
231.0 190.0 20.0 10.0
195.0 336.0 20.0 10.0
499.0 441.0 20.0 10.0
201.0 150.0 20.0 10.0
313.0 286.0 20.0 10.0
563.0 479.0 20.0 10.0
194.0 299.0 20.0 10.0
171.0 320.0 20.0 10.0
606.0 524.0 20.0 10.0
338.0 281.0 20.0 10.0
314.0 257.0 20.0 10.0
223.0 146.0 20.0 10.0
195.0 323.0 20.0 10.0
174.0 110.0 20.0 10.0
614.0 470.0 20.0 10.0
362.0 421.0 20.0 10.0
122.0 315.0 20.0 10.0
600.0 487.0 20.0 10.0
206.0 111.0 20.0 10.0
218.0 155.0 20.0 10.0
439.0 353.0 20.0 10.0
632.0 504.0 20.0 10.0
647.0 566.0 20.0 10.0
156.0 73.0 20.0 10.0
323.0 230.0 20.0 10.0
319.0 265.0 20.0 10.0
361.0 471.0 20.0 10.0
332.0 209.0 20.0 10.0
361.0 516.0 20.0 10.0
646.0 473.0 20.0 10.0
341.0 175.0 20.0 10.0
470.0 350.0 20.0 10.0
365.0 555.0 20.0 10.0
662.0 506.0 20.0 10.0
356.0 392.0 20.0 10.0
167.0 311.0 20.0 10.0
660.0 467.0 20.0 10.0
366.0 498.0 20.0 10.0
203.0 351.0 20.0 10.0
160.0 342.0 20.0 10.0
622.0 555.0 20.0 10.0
83.0 316.0 20.0 10.0
193.0 139.0 20.0 10.0
179.0 275.0 20.0 10.0
681.0 514.0 20.0 10.0
527.0 454.0 20.0 10.0
356.0 196.0 20.0 10.0
331.0 400.0 20.0 10.0
412.0 395.0 20.0 10.0
579.0 512.0 20.0 10.0
141.0 46.0 20.0 10.0
629.0 489.0 20.0 10.0
284.0 336.0 20.0 10.0
350.0 170.0 20.0 10.0
282.0 362.0 20.0 10.0
365.0 578.0 20.0 10.0
257.0 263.0 20.0 10.0
537.0 478.0 20.0 10.0
676.0 605.0 20.0 10.0
143.0 310.0 20.0 10.0
137.0 318.0 20.0 10.0
597.0 534.0 20.0 10.0
385.0 517.0 20.0 10.0
162.0 283.0 20.0 10.0
700.0 471.0 20.0 10.0
53.0 314.0 20.0 10.0
732.0 472.0 20.0 10.0
129.0 328.0 20.0 10.0
496.0 347.0 20.0 10.0
94.0 332.0 20.0 10.0
703.0 638.0 20.0 10.0
691.0 629.0 20.0 10.0
171.0 368.0 20.0 10.0
587.0 542.0 20.0 10.0
320.0 311.0 20.0 10.0
353.0 135.0 20.0 10.0
248.0 237.0 20.0 10.0
348.0 252.0 20.0 10.0
381.0 578.0 20.0 10.0
335.0 271.0 20.0 10.0
369.0 234.0 20.0 10.0
137.0 343.0 20.0 10.0
135.0 358.0 20.0 10.0
166.0 333.0 20.0 10.0
379.0 541.0 20.0 10.0
510.0 472.0 20.0 10.0
683.0 584.0 20.0 10.0
140.0 379.0 20.0 10.0
136.0 271.0 20.0 10.0
328.0 146.0 20.0 10.0
642.0 465.0 20.0 10.0
201.0 84.0 20.0 10.0
371.0 165.0 20.0 10.0
105.0 331.0 20.0 10.0
367.0 243.0 20.0 10.0
375.0 517.0 20.0 10.0
376.0 410.0 20.0 10.0
367.0 454.0 20.0 10.0
698.0 626.0 20.0 10.0
725.0 653.0 20.0 10.0
715.0 597.0 20.0 10.0
120.0 398.0 20.0 10.0
724.0 465.0 20.0 10.0
644.0 529.0 20.0 10.0
337.0 435.0 20.0 10.0
304.0 229.0 20.0 10.0
726.0 481.0 20.0 10.0
730.0 662.0 20.0 10.0
432.0 361.0 20.0 10.0
666.0 591.0 20.0 10.0
310.0 335.0 20.0 10.0
309.0 358.0 20.0 10.0
363.0 105.0 20.0 10.0
371.0 587.0 20.0 10.0
308.0 207.0 20.0 10.0
29.0 314.0 20.0 10.0
380.0 615.0 20.0 10.0
273.0 378.0 20.0 10.0
257.0 215.0 20.0 10.0
195.0 170.0 20.0 10.0
377.0 448.0 20.0 10.0
756.0 473.0 20.0 10.0
215.0 126.0 20.0 10.0
148.0 388.0 20.0 10.0
173.0 342.0 20.0 10.0
150.0 355.0 20.0 10.0
719.0 658.0 20.0 10.0
422.0 394.0 20.0 10.0
384.0 223.0 20.0 10.0
330.0 121.0 20.0 10.0
575.0 536.0 20.0 10.0
186.0 92.0 20.0 10.0
747.0 680.0 20.0 10.0
176.0 145.0 20.0 10.0
208.0 81.0 20.0 10.0
378.0 608.0 20.0 10.0
73.0 345.0 20.0 10.0
742.0 587.0 20.0 10.0
231.0 245.0 20.0 10.0
150.0 43.0 20.0 10.0
226.0 220.0 20.0 10.0
424.0 350.0 20.0 10.0
241.0 194.0 20.0 10.0
687.0 467.0 20.0 10.0
319.0 180.0 20.0 10.0
387.0 144.0 20.0 10.0
638.0 572.0 20.0 10.0
228.0 344.0 20.0 10.0
201.0 377.0 20.0 10.0
511.0 349.0 20.0 10.0
123.0 27.0 20.0 10.0
142.0 25.0 20.0 10.0
762.0 695.0 20.0 10.0
93.0 311.0 20.0 10.0
593.0 538.0 20.0 10.0
230.0 273.0 20.0 10.0
359.0 232.0 20.0 10.0
214.0 164.0 20.0 10.0
606.0 513.0 20.0 10.0
109.0 267.0 20.0 10.0
258.0 344.0 20.0 10.0
372.0 150.0 20.0 10.0
68.0 329.0 20.0 10.0
449.0 364.0 20.0 10.0
486.0 352.0 20.0 10.0
149.0 52.0 20.0 10.0
365.0 416.0 20.0 10.0
425.0 420.0 20.0 10.0
723.0 623.0 20.0 10.0
379.0 638.0 20.0 10.0
167.0 165.0 20.0 10.0
442.0 386.0 20.0 10.0
515.0 342.0 20.0 10.0
25.0 306.0 20.0 10.0
206.0 132.0 20.0 10.0
740.0 605.0 20.0 10.0
531.0 436.0 20.0 10.0
342.0 532.0 20.0 10.0
234.0 197.0 20.0 10.0
207.0 255.0 20.0 10.0
725.0 471.0 20.0 10.0
385.0 125.0 20.0 10.0
154.0 126.0 20.0 10.0
162.0 83.0 20.0 10.0
349.0 462.0 20.0 10.0
362.0 77.0 20.0 10.0
349.0 105.0 20.0 10.0
531.0 338.0 20.0 10.0
215.0 226.0 20.0 10.0
261.0 291.0 20.0 10.0
193.0 90.0 20.0 10.0
417.0 422.0 20.0 10.0
687.0 475.0 20.0 10.0
