200
442.0 314.0 20.0 10.0
381.0 352.0 20.0 10.0
498.0 273.0 20.0 10.0
323.0 399.0 20.0 10.0
528.0 274.0 20.0 10.0
365.0 413.0 20.0 10.0
548.0 267.0 20.0 10.0
532.0 228.0 20.0 10.0
259.0 356.0 20.0 10.0
205.0 349.0 20.0 10.0
310.0 471.0 20.0 10.0
349.0 441.0 20.0 10.0
296.0 501.0 20.0 10.0
213.0 305.0 20.0 10.0
213.0 315.0 20.0 10.0
390.0 311.0 20.0 10.0
208.0 267.0 20.0 10.0
400.0 412.0 20.0 10.0
401.0 433.0 20.0 10.0
152.0 350.0 20.0 10.0
170.0 261.0 20.0 10.0
588.0 253.0 20.0 10.0
425.0 442.0 20.0 10.0
305.0 538.0 20.0 10.0
382.0 474.0 20.0 10.0
358.0 473.0 20.0 10.0
566.0 186.0 20.0 10.0
129.0 227.0 20.0 10.0
318.0 504.0 20.0 10.0
223.0 351.0 20.0 10.0
178.0 293.0 20.0 10.0
299.0 601.0 20.0 10.0
138.0 252.0 20.0 10.0
601.0 149.0 20.0 10.0
400.0 277.0 20.0 10.0
634.0 117.0 20.0 10.0
289.0 512.0 20.0 10.0
296.0 423.0 20.0 10.0
217.0 283.0 20.0 10.0
321.0 631.0 20.0 10.0
147.0 230.0 20.0 10.0
151.0 293.0 20.0 10.0
113.0 353.0 20.0 10.0
272.0 445.0 20.0 10.0
354.0 501.0 20.0 10.0
598.0 226.0 20.0 10.0
125.0 349.0 20.0 10.0
144.0 298.0 20.0 10.0
413.0 350.0 20.0 10.0
280.0 640.0 20.0 10.0
113.0 337.0 20.0 10.0
661.0 115.0 20.0 10.0
195.0 333.0 20.0 10.0
301.0 644.0 20.0 10.0
117.0 219.0 20.0 10.0
401.0 288.0 20.0 10.0
268.0 539.0 20.0 10.0
371.0 438.0 20.0 10.0
410.0 481.0 20.0 10.0
586.0 275.0 20.0 10.0
549.0 204.0 20.0 10.0
251.0 464.0 20.0 10.0
436.0 446.0 20.0 10.0
402.0 249.0 20.0 10.0
663.0 88.0 20.0 10.0
95.0 195.0 20.0 10.0
316.0 529.0 20.0 10.0
224.0 466.0 20.0 10.0
576.0 275.0 20.0 10.0
258.0 566.0 20.0 10.0
308.0 631.0 20.0 10.0
270.0 473.0 20.0 10.0
421.0 407.0 20.0 10.0
423.0 427.0 20.0 10.0
508.0 244.0 20.0 10.0
689.0 65.0 20.0 10.0
174.0 312.0 20.0 10.0
192.0 360.0 20.0 10.0
390.0 420.0 20.0 10.0
266.0 668.0 20.0 10.0
412.0 501.0 20.0 10.0
614.0 277.0 20.0 10.0
145.0 198.0 20.0 10.0
270.0 526.0 20.0 10.0
297.0 679.0 20.0 10.0
560.0 241.0 20.0 10.0
73.0 167.0 20.0 10.0
179.0 384.0 20.0 10.0
275.0 674.0 20.0 10.0
434.0 515.0 20.0 10.0
81.0 359.0 20.0 10.0
637.0 278.0 20.0 10.0
83.0 342.0 20.0 10.0
442.0 519.0 20.0 10.0
379.0 504.0 20.0 10.0
621.0 239.0 20.0 10.0
137.0 375.0 20.0 10.0
188.0 387.0 20.0 10.0
464.0 538.0 20.0 10.0
414.0 305.0 20.0 10.0
246.0 438.0 20.0 10.0
300.0 528.0 20.0 10.0
466.0 294.0 20.0 10.0
67.0 138.0 20.0 10.0
310.0 377.0 20.0 10.0
237.0 375.0 20.0 10.0
283.0 384.0 20.0 10.0
705.0 40.0 20.0 10.0
205.0 244.0 20.0 10.0
281.0 546.0 20.0 10.0
64.0 182.0 20.0 10.0
647.0 96.0 20.0 10.0
390.0 281.0 20.0 10.0
80.0 324.0 20.0 10.0
644.0 229.0 20.0 10.0
259.0 395.0 20.0 10.0
696.0 43.0 20.0 10.0
52.0 364.0 20.0 10.0
276.0 565.0 20.0 10.0
44.0 152.0 20.0 10.0
422.0 374.0 20.0 10.0
431.0 417.0 20.0 10.0
387.0 265.0 20.0 10.0
277.0 626.0 20.0 10.0
466.0 451.0 20.0 10.0
342.0 471.0 20.0 10.0
454.0 544.0 20.0 10.0
264.0 325.0 20.0 10.0
303.0 676.0 20.0 10.0
302.0 707.0 20.0 10.0
244.0 490.0 20.0 10.0
437.0 363.0 20.0 10.0
325.0 661.0 20.0 10.0
25.0 133.0 20.0 10.0
394.0 498.0 20.0 10.0
291.0 638.0 20.0 10.0
720.0 25.0 20.0 10.0
166.0 228.0 20.0 10.0
649.0 237.0 20.0 10.0
158.0 295.0 20.0 10.0
52.0 318.0 20.0 10.0
43.0 164.0 20.0 10.0
361.0 522.0 20.0 10.0
400.0 233.0 20.0 10.0
579.0 162.0 20.0 10.0
576.0 266.0 20.0 10.0
487.0 463.0 20.0 10.0
482.0 558.0 20.0 10.0
34.0 309.0 20.0 10.0
286.0 541.0 20.0 10.0
42.0 174.0 20.0 10.0
655.0 279.0 20.0 10.0
293.0 629.0 20.0 10.0
168.0 346.0 20.0 10.0
615.0 128.0 20.0 10.0
207.0 234.0 20.0 10.0
716.0 69.0 20.0 10.0
394.0 326.0 20.0 10.0
228.0 287.0 20.0 10.0
223.0 259.0 20.0 10.0
459.0 444.0 20.0 10.0
90.0 348.0 20.0 10.0
407.0 228.0 20.0 10.0
231.0 260.0 20.0 10.0
125.0 296.0 20.0 10.0
409.0 211.0 20.0 10.0
405.0 339.0 20.0 10.0
203.0 212.0 20.0 10.0
172.0 366.0 20.0 10.0
306.0 659.0 20.0 10.0
158.0 205.0 20.0 10.0
279.0 662.0 20.0 10.0
342.0 651.0 20.0 10.0
131.0 174.0 20.0 10.0
262.0 651.0 20.0 10.0
619.0 254.0 20.0 10.0
424.0 419.0 20.0 10.0
461.0 460.0 20.0 10.0
638.0 252.0 20.0 10.0
56.0 347.0 20.0 10.0
621.0 134.0 20.0 10.0
172.0 338.0 20.0 10.0
287.0 665.0 20.0 10.0
452.0 415.0 20.0 10.0
196.0 189.0 20.0 10.0
142.0 279.0 20.0 10.0
586.0 167.0 20.0 10.0
491.0 302.0 20.0 10.0
673.0 228.0 20.0 10.0
97.0 211.0 20.0 10.0
126.0 337.0 20.0 10.0
73.0 197.0 20.0 10.0
474.0 318.0 20.0 10.0
372.0 325.0 20.0 10.0
384.0 289.0 20.0 10.0
265.0 698.0 20.0 10.0
541.0 200.0 20.0 10.0
26.0 322.0 20.0 10.0
241.0 585.0 20.0 10.0
73.0 208.0 20.0 10.0
