200
530.0 461.0 20.0 10.0
535.0 488.0 20.0 10.0
564.0 537.0 20.0 10.0
537.0 382.0 20.0 10.0
576.0 447.0 20.0 10.0
616.0 585.0 20.0 10.0
509.0 335.0 20.0 10.0
608.0 459.0 20.0 10.0
456.0 459.0 20.0 10.0
656.0 632.0 20.0 10.0
502.0 461.0 20.0 10.0
553.0 600.0 20.0 10.0
693.0 675.0 20.0 10.0
558.0 315.0 20.0 10.0
655.0 602.0 20.0 10.0
613.0 443.0 20.0 10.0
576.0 253.0 20.0 10.0
527.0 637.0 20.0 10.0
385.0 455.0 20.0 10.0
365.0 432.0 20.0 10.0
482.0 293.0 20.0 10.0
323.0 442.0 20.0 10.0
432.0 479.0 20.0 10.0
285.0 450.0 20.0 10.0
301.0 426.0 20.0 10.0
725.0 714.0 20.0 10.0
447.0 429.0 20.0 10.0
595.0 551.0 20.0 10.0
349.0 413.0 20.0 10.0
268.0 432.0 20.0 10.0
575.0 634.0 20.0 10.0
754.0 747.0 20.0 10.0
588.0 658.0 20.0 10.0
589.0 195.0 20.0 10.0
353.0 485.0 20.0 10.0
603.0 421.0 20.0 10.0
584.0 295.0 20.0 10.0
524.0 314.0 20.0 10.0
627.0 542.0 20.0 10.0
563.0 360.0 20.0 10.0
344.0 420.0 20.0 10.0
340.0 508.0 20.0 10.0
708.0 699.0 20.0 10.0
508.0 671.0 20.0 10.0
495.0 439.0 20.0 10.0
584.0 560.0 20.0 10.0
240.0 432.0 20.0 10.0
575.0 220.0 20.0 10.0
594.0 205.0 20.0 10.0
580.0 159.0 20.0 10.0
566.0 133.0 20.0 10.0
219.0 426.0 20.0 10.0
457.0 255.0 20.0 10.0
323.0 508.0 20.0 10.0
498.0 689.0 20.0 10.0
540.0 642.0 20.0 10.0
647.0 437.0 20.0 10.0
777.0 776.0 20.0 10.0
558.0 642.0 20.0 10.0
636.0 440.0 20.0 10.0
797.0 798.0 20.0 10.0
602.0 227.0 20.0 10.0
446.0 237.0 20.0 10.0
349.0 463.0 20.0 10.0
318.0 476.0 20.0 10.0
541.0 559.0 20.0 10.0
301.0 494.0 20.0 10.0
599.0 586.0 20.0 10.0
602.0 148.0 20.0 10.0
605.0 431.0 20.0 10.0
433.0 219.0 20.0 10.0
532.0 680.0 20.0 10.0
648.0 545.0 20.0 10.0
554.0 278.0 20.0 10.0
422.0 503.0 20.0 10.0
554.0 356.0 20.0 10.0
463.0 407.0 20.0 10.0
413.0 188.0 20.0 10.0
637.0 616.0 20.0 10.0
632.0 408.0 20.0 10.0
613.0 107.0 20.0 10.0
676.0 437.0 20.0 10.0
616.0 74.0 20.0 10.0
542.0 248.0 20.0 10.0
263.0 464.0 20.0 10.0
626.0 81.0 20.0 10.0
290.0 486.0 20.0 10.0
649.0 643.0 20.0 10.0
530.0 716.0 20.0 10.0
396.0 162.0 20.0 10.0
516.0 743.0 20.0 10.0
568.0 679.0 20.0 10.0
177.0 419.0 20.0 10.0
574.0 261.0 20.0 10.0
387.0 141.0 20.0 10.0
627.0 477.0 20.0 10.0
541.0 744.0 20.0 10.0
716.0 701.0 20.0 10.0
380.0 120.0 20.0 10.0
139.0 416.0 20.0 10.0
639.0 605.0 20.0 10.0
653.0 397.0 20.0 10.0
495.0 701.0 20.0 10.0
481.0 388.0 20.0 10.0
298.0 419.0 20.0 10.0
192.0 440.0 20.0 10.0
423.0 461.0 20.0 10.0
633.0 60.0 20.0 10.0
555.0 465.0 20.0 10.0
653.0 470.0 20.0 10.0
443.0 400.0 20.0 10.0
501.0 309.0 20.0 10.0
522.0 663.0 20.0 10.0
579.0 578.0 20.0 10.0
593.0 665.0 20.0 10.0
545.0 667.0 20.0 10.0
531.0 225.0 20.0 10.0
618.0 207.0 20.0 10.0
524.0 615.0 20.0 10.0
619.0 128.0 20.0 10.0
676.0 658.0 20.0 10.0
403.0 481.0 20.0 10.0
552.0 481.0 20.0 10.0
816.0 810.0 20.0 10.0
676.0 631.0 20.0 10.0
575.0 291.0 20.0 10.0
596.0 655.0 20.0 10.0
303.0 522.0 20.0 10.0
104.0 415.0 20.0 10.0
611.0 552.0 20.0 10.0
577.0 710.0 20.0 10.0
701.0 642.0 20.0 10.0
324.0 459.0 20.0 10.0
601.0 172.0 20.0 10.0
380.0 146.0 20.0 10.0
599.0 692.0 20.0 10.0
595.0 230.0 20.0 10.0
496.0 378.0 20.0 10.0
473.0 434.0 20.0 10.0
628.0 49.0 20.0 10.0
72.0 416.0 20.0 10.0
332.0 512.0 20.0 10.0
484.0 723.0 20.0 10.0
45.0 410.0 20.0 10.0
605.0 578.0 20.0 10.0
257.0 469.0 20.0 10.0
512.0 506.0 20.0 10.0
625.0 419.0 20.0 10.0
436.0 409.0 20.0 10.0
500.0 518.0 20.0 10.0
611.0 169.0 20.0 10.0
439.0 384.0 20.0 10.0
25.0 425.0 20.0 10.0
415.0 497.0 20.0 10.0
741.0 734.0 20.0 10.0
574.0 668.0 20.0 10.0
686.0 602.0 20.0 10.0
613.0 122.0 20.0 10.0
622.0 154.0 20.0 10.0
711.0 614.0 20.0 10.0
738.0 712.0 20.0 10.0
770.0 771.0 20.0 10.0
509.0 632.0 20.0 10.0
579.0 739.0 20.0 10.0
467.0 385.0 20.0 10.0
539.0 624.0 20.0 10.0
231.0 472.0 20.0 10.0
302.0 474.0 20.0 10.0
808.0 814.0 20.0 10.0
566.0 108.0 20.0 10.0
598.0 279.0 20.0 10.0
671.0 623.0 20.0 10.0
491.0 310.0 20.0 10.0
563.0 438.0 20.0 10.0
634.0 423.0 20.0 10.0
244.0 415.0 20.0 10.0
676.0 390.0 20.0 10.0
484.0 483.0 20.0 10.0
660.0 419.0 20.0 10.0
593.0 526.0 20.0 10.0
528.0 207.0 20.0 10.0
390.0 489.0 20.0 10.0
659.0 661.0 20.0 10.0
367.0 132.0 20.0 10.0
704.0 438.0 20.0 10.0
287.0 532.0 20.0 10.0
630.0 193.0 20.0 10.0
595.0 599.0 20.0 10.0
167.0 449.0 20.0 10.0
278.0 408.0 20.0 10.0
674.0 550.0 20.0 10.0
489.0 731.0 20.0 10.0
30.0 387.0 20.0 10.0
783.0 788.0 20.0 10.0
331.0 500.0 20.0 10.0
520.0 374.0 20.0 10.0
633.0 25.0 20.0 10.0
404.0 174.0 20.0 10.0
319.0 534.0 20.0 10.0
487.0 315.0 20.0 10.0
