200
162.0 375.0 20.0 10.0
208.0 360.0 20.0 10.0
269.0 377.0 20.0 10.0
331.0 395.0 20.0 10.0
399.0 352.0 20.0 10.0
465.0 310.0 20.0 10.0
286.0 448.0 20.0 10.0
128.0 400.0 20.0 10.0
348.0 439.0 20.0 10.0
347.0 473.0 20.0 10.0
470.0 244.0 20.0 10.0
537.0 311.0 20.0 10.0
166.0 325.0 20.0 10.0
607.0 312.0 20.0 10.0
474.0 182.0 20.0 10.0
142.0 295.0 20.0 10.0
565.0 290.0 20.0 10.0
645.0 320.0 20.0 10.0
359.0 477.0 20.0 10.0
450.0 221.0 20.0 10.0
347.0 498.0 20.0 10.0
291.0 371.0 20.0 10.0
661.0 333.0 20.0 10.0
709.0 343.0 20.0 10.0
688.0 359.0 20.0 10.0
486.0 149.0 20.0 10.0
274.0 481.0 20.0 10.0
241.0 496.0 20.0 10.0
301.0 399.0 20.0 10.0
99.0 423.0 20.0 10.0
681.0 315.0 20.0 10.0
326.0 491.0 20.0 10.0
653.0 284.0 20.0 10.0
203.0 541.0 20.0 10.0
495.0 220.0 20.0 10.0
442.0 294.0 20.0 10.0
265.0 508.0 20.0 10.0
491.0 130.0 20.0 10.0
512.0 97.0 20.0 10.0
159.0 287.0 20.0 10.0
287.0 503.0 20.0 10.0
129.0 305.0 20.0 10.0
587.0 264.0 20.0 10.0
320.0 422.0 20.0 10.0
122.0 282.0 20.0 10.0
747.0 360.0 20.0 10.0
125.0 380.0 20.0 10.0
199.0 331.0 20.0 10.0
166.0 581.0 20.0 10.0
343.0 367.0 20.0 10.0
364.0 509.0 20.0 10.0
517.0 198.0 20.0 10.0
687.0 256.0 20.0 10.0
685.0 352.0 20.0 10.0
711.0 307.0 20.0 10.0
458.0 142.0 20.0 10.0
97.0 393.0 20.0 10.0
174.0 266.0 20.0 10.0
442.0 196.0 20.0 10.0
227.0 528.0 20.0 10.0
737.0 295.0 20.0 10.0
133.0 614.0 20.0 10.0
562.0 328.0 20.0 10.0
250.0 497.0 20.0 10.0
715.0 374.0 20.0 10.0
496.0 85.0 20.0 10.0
212.0 517.0 20.0 10.0
659.0 345.0 20.0 10.0
195.0 536.0 20.0 10.0
72.0 437.0 20.0 10.0
176.0 562.0 20.0 10.0
49.0 447.0 20.0 10.0
129.0 321.0 20.0 10.0
121.0 267.0 20.0 10.0
102.0 643.0 20.0 10.0
146.0 267.0 20.0 10.0
778.0 371.0 20.0 10.0
368.0 535.0 20.0 10.0
72.0 661.0 20.0 10.0
330.0 411.0 20.0 10.0
185.0 382.0 20.0 10.0
146.0 257.0 20.0 10.0
443.0 107.0 20.0 10.0
524.0 224.0 20.0 10.0
509.0 54.0 20.0 10.0
692.0 336.0 20.0 10.0
507.0 103.0 20.0 10.0
365.0 459.0 20.0 10.0
101.0 365.0 20.0 10.0
168.0 408.0 20.0 10.0
137.0 234.0 20.0 10.0
453.0 159.0 20.0 10.0
106.0 249.0 20.0 10.0
101.0 307.0 20.0 10.0
429.0 271.0 20.0 10.0
715.0 237.0 20.0 10.0
606.0 240.0 20.0 10.0
710.0 350.0 20.0 10.0
162.0 429.0 20.0 10.0
719.0 244.0 20.0 10.0
690.0 274.0 20.0 10.0
340.0 521.0 20.0 10.0
766.0 374.0 20.0 10.0
230.0 346.0 20.0 10.0
670.0 361.0 20.0 10.0
317.0 380.0 20.0 10.0
490.0 298.0 20.0 10.0
368.0 563.0 20.0 10.0
128.0 275.0 20.0 10.0
504.0 61.0 20.0 10.0
227.0 373.0 20.0 10.0
102.0 281.0 20.0 10.0
507.0 129.0 20.0 10.0
358.0 412.0 20.0 10.0
488.0 52.0 20.0 10.0
538.0 190.0 20.0 10.0
76.0 265.0 20.0 10.0
369.0 469.0 20.0 10.0
804.0 377.0 20.0 10.0
70.0 400.0 20.0 10.0
730.0 385.0 20.0 10.0
764.0 291.0 20.0 10.0
492.0 326.0 20.0 10.0
334.0 463.0 20.0 10.0
60.0 449.0 20.0 10.0
435.0 78.0 20.0 10.0
483.0 25.0 20.0 10.0
514.0 27.0 20.0 10.0
375.0 559.0 20.0 10.0
95.0 229.0 20.0 10.0
382.0 493.0 20.0 10.0
151.0 301.0 20.0 10.0
220.0 519.0 20.0 10.0
589.0 303.0 20.0 10.0
707.0 374.0 20.0 10.0
197.0 305.0 20.0 10.0
334.0 338.0 20.0 10.0
442.0 117.0 20.0 10.0
482.0 333.0 20.0 10.0
51.0 254.0 20.0 10.0
254.0 532.0 20.0 10.0
25.0 456.0 20.0 10.0
55.0 673.0 20.0 10.0
680.0 267.0 20.0 10.0
733.0 225.0 20.0 10.0
504.0 192.0 20.0 10.0
82.0 666.0 20.0 10.0
523.0 72.0 20.0 10.0
746.0 345.0 20.0 10.0
619.0 227.0 20.0 10.0
144.0 600.0 20.0 10.0
217.0 289.0 20.0 10.0
532.0 49.0 20.0 10.0
109.0 630.0 20.0 10.0
155.0 425.0 20.0 10.0
352.0 324.0 20.0 10.0
79.0 658.0 20.0 10.0
374.0 431.0 20.0 10.0
746.0 236.0 20.0 10.0
73.0 298.0 20.0 10.0
65.0 684.0 20.0 10.0
712.0 262.0 20.0 10.0
635.0 308.0 20.0 10.0
395.0 506.0 20.0 10.0
526.0 179.0 20.0 10.0
388.0 515.0 20.0 10.0
671.0 259.0 20.0 10.0
45.0 301.0 20.0 10.0
210.0 552.0 20.0 10.0
774.0 365.0 20.0 10.0
220.0 312.0 20.0 10.0
144.0 230.0 20.0 10.0
539.0 210.0 20.0 10.0
47.0 291.0 20.0 10.0
109.0 401.0 20.0 10.0
775.0 344.0 20.0 10.0
707.0 240.0 20.0 10.0
27.0 245.0 20.0 10.0
167.0 399.0 20.0 10.0
311.0 325.0 20.0 10.0
139.0 594.0 20.0 10.0
483.0 119.0 20.0 10.0
261.0 469.0 20.0 10.0
608.0 249.0 20.0 10.0
43.0 402.0 20.0 10.0
75.0 358.0 20.0 10.0
496.0 271.0 20.0 10.0
180.0 409.0 20.0 10.0
295.0 432.0 20.0 10.0
721.0 262.0 20.0 10.0
749.0 257.0 20.0 10.0
361.0 351.0 20.0 10.0
430.0 53.0 20.0 10.0
439.0 137.0 20.0 10.0
433.0 86.0 20.0 10.0
465.0 101.0 20.0 10.0
62.0 254.0 20.0 10.0
45.0 439.0 20.0 10.0
626.0 334.0 20.0 10.0
802.0 351.0 20.0 10.0
