200
478.0 401.0 20.0 10.0
418.0 344.0 20.0 10.0
383.0 378.0 20.0 10.0
357.0 289.0 20.0 10.0
297.0 235.0 20.0 10.0
537.0 458.0 20.0 10.0
554.0 522.0 20.0 10.0
574.0 582.0 20.0 10.0
601.0 471.0 20.0 10.0
634.0 476.0 20.0 10.0
582.0 635.0 20.0 10.0
237.0 194.0 20.0 10.0
602.0 615.0 20.0 10.0
662.0 485.0 20.0 10.0
347.0 405.0 20.0 10.0
452.0 307.0 20.0 10.0
329.0 295.0 20.0 10.0
594.0 683.0 20.0 10.0
348.0 262.0 20.0 10.0
612.0 714.0 20.0 10.0
185.0 152.0 20.0 10.0
279.0 191.0 20.0 10.0
142.0 109.0 20.0 10.0
375.0 409.0 20.0 10.0
629.0 644.0 20.0 10.0
720.0 499.0 20.0 10.0
253.0 168.0 20.0 10.0
767.0 516.0 20.0 10.0
656.0 665.0 20.0 10.0
318.0 436.0 20.0 10.0
761.0 503.0 20.0 10.0
561.0 486.0 20.0 10.0
638.0 671.0 20.0 10.0
135.0 74.0 20.0 10.0
611.0 740.0 20.0 10.0
267.0 152.0 20.0 10.0
427.0 367.0 20.0 10.0
484.0 271.0 20.0 10.0
258.0 239.0 20.0 10.0
792.0 537.0 20.0 10.0
480.0 301.0 20.0 10.0
565.0 446.0 20.0 10.0
631.0 734.0 20.0 10.0
294.0 463.0 20.0 10.0
680.0 672.0 20.0 10.0
638.0 694.0 20.0 10.0
272.0 484.0 20.0 10.0
270.0 218.0 20.0 10.0
272.0 256.0 20.0 10.0
106.0 76.0 20.0 10.0
126.0 84.0 20.0 10.0
498.0 304.0 20.0 10.0
419.0 392.0 20.0 10.0
490.0 242.0 20.0 10.0
592.0 453.0 20.0 10.0
305.0 194.0 20.0 10.0
510.0 235.0 20.0 10.0
509.0 459.0 20.0 10.0
303.0 156.0 20.0 10.0
793.0 499.0 20.0 10.0
312.0 162.0 20.0 10.0
532.0 202.0 20.0 10.0
255.0 118.0 20.0 10.0
530.0 488.0 20.0 10.0
279.0 161.0 20.0 10.0
595.0 711.0 20.0 10.0
244.0 90.0 20.0 10.0
239.0 68.0 20.0 10.0
370.0 263.0 20.0 10.0
221.0 237.0 20.0 10.0
144.0 140.0 20.0 10.0
313.0 171.0 20.0 10.0
552.0 173.0 20.0 10.0
297.0 123.0 20.0 10.0
805.0 520.0 20.0 10.0
161.0 129.0 20.0 10.0
105.0 94.0 20.0 10.0
202.0 182.0 20.0 10.0
834.0 528.0 20.0 10.0
567.0 144.0 20.0 10.0
552.0 147.0 20.0 10.0
190.0 230.0 20.0 10.0
558.0 433.0 20.0 10.0
365.0 435.0 20.0 10.0
602.0 723.0 20.0 10.0
207.0 186.0 20.0 10.0
79.0 77.0 20.0 10.0
244.0 266.0 20.0 10.0
110.0 130.0 20.0 10.0
304.0 284.0 20.0 10.0
515.0 482.0 20.0 10.0
162.0 222.0 20.0 10.0
454.0 369.0 20.0 10.0
358.0 458.0 20.0 10.0
587.0 508.0 20.0 10.0
616.0 510.0 20.0 10.0
297.0 100.0 20.0 10.0
504.0 409.0 20.0 10.0
314.0 317.0 20.0 10.0
561.0 470.0 20.0 10.0
139.0 225.0 20.0 10.0
583.0 535.0 20.0 10.0
366.0 454.0 20.0 10.0
613.0 755.0 20.0 10.0
802.0 531.0 20.0 10.0
747.0 511.0 20.0 10.0
479.0 318.0 20.0 10.0
72.0 54.0 20.0 10.0
830.0 543.0 20.0 10.0
587.0 426.0 20.0 10.0
122.0 122.0 20.0 10.0
554.0 553.0 20.0 10.0
313.0 134.0 20.0 10.0
515.0 510.0 20.0 10.0
75.0 89.0 20.0 10.0
181.0 164.0 20.0 10.0
253.0 501.0 20.0 10.0
324.0 422.0 20.0 10.0
512.0 206.0 20.0 10.0
77.0 83.0 20.0 10.0
325.0 448.0 20.0 10.0
118.0 130.0 20.0 10.0
515.0 532.0 20.0 10.0
261.0 191.0 20.0 10.0
537.0 513.0 20.0 10.0
693.0 487.0 20.0 10.0
851.0 554.0 20.0 10.0
243.0 207.0 20.0 10.0
580.0 178.0 20.0 10.0
228.0 159.0 20.0 10.0
560.0 579.0 20.0 10.0
589.0 665.0 20.0 10.0
219.0 255.0 20.0 10.0
610.0 524.0 20.0 10.0
230.0 67.0 20.0 10.0
822.0 497.0 20.0 10.0
620.0 778.0 20.0 10.0
820.0 543.0 20.0 10.0
586.0 480.0 20.0 10.0
90.0 47.0 20.0 10.0
420.0 409.0 20.0 10.0
584.0 126.0 20.0 10.0
581.0 613.0 20.0 10.0
300.0 410.0 20.0 10.0
318.0 398.0 20.0 10.0
593.0 406.0 20.0 10.0
125.0 50.0 20.0 10.0
627.0 800.0 20.0 10.0
246.0 99.0 20.0 10.0
228.0 280.0 20.0 10.0
715.0 500.0 20.0 10.0
170.0 220.0 20.0 10.0
43.0 41.0 20.0 10.0
604.0 709.0 20.0 10.0
65.0 33.0 20.0 10.0
538.0 235.0 20.0 10.0
539.0 178.0 20.0 10.0
236.0 186.0 20.0 10.0
86.0 120.0 20.0 10.0
606.0 752.0 20.0 10.0
244.0 218.0 20.0 10.0
552.0 226.0 20.0 10.0
462.0 279.0 20.0 10.0
571.0 158.0 20.0 10.0
68.0 116.0 20.0 10.0
318.0 115.0 20.0 10.0
394.0 331.0 20.0 10.0
273.0 138.0 20.0 10.0
559.0 149.0 20.0 10.0
821.0 506.0 20.0 10.0
787.0 523.0 20.0 10.0
443.0 278.0 20.0 10.0
283.0 478.0 20.0 10.0
223.0 173.0 20.0 10.0
296.0 83.0 20.0 10.0
656.0 652.0 20.0 10.0
291.0 306.0 20.0 10.0
353.0 473.0 20.0 10.0
564.0 554.0 20.0 10.0
25.0 25.0 20.0 10.0
615.0 464.0 20.0 10.0
855.0 530.0 20.0 10.0
757.0 535.0 20.0 10.0
228.0 503.0 20.0 10.0
612.0 437.0 20.0 10.0
771.0 478.0 20.0 10.0
678.0 682.0 20.0 10.0
293.0 442.0 20.0 10.0
802.0 546.0 20.0 10.0
629.0 530.0 20.0 10.0
356.0 237.0 20.0 10.0
607.0 770.0 20.0 10.0
266.0 436.0 20.0 10.0
240.0 518.0 20.0 10.0
354.0 377.0 20.0 10.0
77.0 64.0 20.0 10.0
463.0 252.0 20.0 10.0
455.0 252.0 20.0 10.0
789.0 511.0 20.0 10.0
470.0 258.0 20.0 10.0
