200
337.0 433.0 20.0 10.0
411.0 397.0 20.0 10.0
430.0 375.0 20.0 10.0
284.0 489.0 20.0 10.0
280.0 400.0 20.0 10.0
351.0 474.0 20.0 10.0
425.0 333.0 20.0 10.0
431.0 424.0 20.0 10.0
485.0 403.0 20.0 10.0
444.0 276.0 20.0 10.0
366.0 509.0 20.0 10.0
243.0 408.0 20.0 10.0
558.0 406.0 20.0 10.0
208.0 413.0 20.0 10.0
257.0 358.0 20.0 10.0
251.0 503.0 20.0 10.0
237.0 543.0 20.0 10.0
601.0 380.0 20.0 10.0
236.0 337.0 20.0 10.0
619.0 422.0 20.0 10.0
353.0 507.0 20.0 10.0
229.0 380.0 20.0 10.0
516.0 401.0 20.0 10.0
645.0 447.0 20.0 10.0
190.0 593.0 20.0 10.0
154.0 634.0 20.0 10.0
151.0 623.0 20.0 10.0
375.0 495.0 20.0 10.0
634.0 375.0 20.0 10.0
669.0 438.0 20.0 10.0
616.0 353.0 20.0 10.0
664.0 415.0 20.0 10.0
180.0 359.0 20.0 10.0
252.0 329.0 20.0 10.0
268.0 376.0 20.0 10.0
162.0 608.0 20.0 10.0
440.0 244.0 20.0 10.0
700.0 462.0 20.0 10.0
435.0 218.0 20.0 10.0
725.0 480.0 20.0 10.0
627.0 387.0 20.0 10.0
671.0 460.0 20.0 10.0
124.0 670.0 20.0 10.0
668.0 451.0 20.0 10.0
446.0 383.0 20.0 10.0
190.0 393.0 20.0 10.0
711.0 444.0 20.0 10.0
254.0 489.0 20.0 10.0
112.0 639.0 20.0 10.0
356.0 530.0 20.0 10.0
97.0 699.0 20.0 10.0
457.0 226.0 20.0 10.0
467.0 258.0 20.0 10.0
454.0 435.0 20.0 10.0
446.0 309.0 20.0 10.0
148.0 335.0 20.0 10.0
279.0 521.0 20.0 10.0
223.0 518.0 20.0 10.0
335.0 526.0 20.0 10.0
510.0 425.0 20.0 10.0
474.0 367.0 20.0 10.0
468.0 252.0 20.0 10.0
638.0 357.0 20.0 10.0
660.0 344.0 20.0 10.0
162.0 334.0 20.0 10.0
415.0 297.0 20.0 10.0
471.0 181.0 20.0 10.0
747.0 446.0 20.0 10.0
406.0 268.0 20.0 10.0
398.0 252.0 20.0 10.0
631.0 451.0 20.0 10.0
99.0 691.0 20.0 10.0
410.0 306.0 20.0 10.0
387.0 521.0 20.0 10.0
235.0 323.0 20.0 10.0
337.0 499.0 20.0 10.0
136.0 352.0 20.0 10.0
371.0 542.0 20.0 10.0
197.0 630.0 20.0 10.0
213.0 296.0 20.0 10.0
99.0 340.0 20.0 10.0
201.0 280.0 20.0 10.0
379.0 565.0 20.0 10.0
72.0 719.0 20.0 10.0
334.0 403.0 20.0 10.0
490.0 352.0 20.0 10.0
184.0 422.0 20.0 10.0
86.0 661.0 20.0 10.0
482.0 142.0 20.0 10.0
704.0 408.0 20.0 10.0
496.0 346.0 20.0 10.0
193.0 660.0 20.0 10.0
72.0 321.0 20.0 10.0
157.0 592.0 20.0 10.0
350.0 537.0 20.0 10.0
77.0 713.0 20.0 10.0
129.0 305.0 20.0 10.0
55.0 297.0 20.0 10.0
667.0 341.0 20.0 10.0
685.0 324.0 20.0 10.0
246.0 366.0 20.0 10.0
313.0 386.0 20.0 10.0
311.0 446.0 20.0 10.0
347.0 561.0 20.0 10.0
405.0 533.0 20.0 10.0
224.0 292.0 20.0 10.0
176.0 419.0 20.0 10.0
466.0 365.0 20.0 10.0
189.0 622.0 20.0 10.0
94.0 660.0 20.0 10.0
431.0 302.0 20.0 10.0
748.0 491.0 20.0 10.0
153.0 310.0 20.0 10.0
214.0 269.0 20.0 10.0
626.0 365.0 20.0 10.0
58.0 739.0 20.0 10.0
492.0 106.0 20.0 10.0
265.0 511.0 20.0 10.0
672.0 349.0 20.0 10.0
69.0 672.0 20.0 10.0
500.0 74.0 20.0 10.0
493.0 46.0 20.0 10.0
112.0 287.0 20.0 10.0
452.0 443.0 20.0 10.0
521.0 61.0 20.0 10.0
692.0 404.0 20.0 10.0
659.0 370.0 20.0 10.0
772.0 502.0 20.0 10.0
409.0 366.0 20.0 10.0
579.0 430.0 20.0 10.0
485.0 233.0 20.0 10.0
188.0 685.0 20.0 10.0
379.0 590.0 20.0 10.0
160.0 307.0 20.0 10.0
188.0 428.0 20.0 10.0
208.0 525.0 20.0 10.0
470.0 300.0 20.0 10.0
184.0 411.0 20.0 10.0
86.0 651.0 20.0 10.0
128.0 318.0 20.0 10.0
169.0 636.0 20.0 10.0
257.0 536.0 20.0 10.0
208.0 246.0 20.0 10.0
507.0 332.0 20.0 10.0
73.0 349.0 20.0 10.0
639.0 339.0 20.0 10.0
155.0 420.0 20.0 10.0
658.0 363.0 20.0 10.0
197.0 274.0 20.0 10.0
139.0 660.0 20.0 10.0
736.0 400.0 20.0 10.0
511.0 339.0 20.0 10.0
393.0 346.0 20.0 10.0
139.0 308.0 20.0 10.0
45.0 309.0 20.0 10.0
407.0 246.0 20.0 10.0
390.0 376.0 20.0 10.0
312.0 420.0 20.0 10.0
394.0 537.0 20.0 10.0
116.0 680.0 20.0 10.0
472.0 452.0 20.0 10.0
120.0 349.0 20.0 10.0
466.0 459.0 20.0 10.0
128.0 651.0 20.0 10.0
25.0 291.0 20.0 10.0
760.0 398.0 20.0 10.0
771.0 460.0 20.0 10.0
160.0 664.0 20.0 10.0
92.0 272.0 20.0 10.0
693.0 343.0 20.0 10.0
435.0 410.0 20.0 10.0
137.0 620.0 20.0 10.0
776.0 440.0 20.0 10.0
730.0 466.0 20.0 10.0
738.0 430.0 20.0 10.0
311.0 505.0 20.0 10.0
144.0 690.0 20.0 10.0
186.0 258.0 20.0 10.0
134.0 605.0 20.0 10.0
47.0 347.0 20.0 10.0
217.0 567.0 20.0 10.0
241.0 310.0 20.0 10.0
88.0 313.0 20.0 10.0
785.0 398.0 20.0 10.0
584.0 412.0 20.0 10.0
645.0 428.0 20.0 10.0
649.0 468.0 20.0 10.0
263.0 334.0 20.0 10.0
455.0 292.0 20.0 10.0
388.0 581.0 20.0 10.0
282.0 547.0 20.0 10.0
451.0 196.0 20.0 10.0
483.0 81.0 20.0 10.0
122.0 644.0 20.0 10.0
412.0 426.0 20.0 10.0
197.0 654.0 20.0 10.0
231.0 520.0 20.0 10.0
499.0 25.0 20.0 10.0
326.0 483.0 20.0 10.0
663.0 464.0 20.0 10.0
