200
396.0 421.0 20.0 10.0
391.0 365.0 20.0 10.0
358.0 296.0 20.0 10.0
421.0 285.0 20.0 10.0
279.0 296.0 20.0 10.0
436.0 400.0 20.0 10.0
208.0 310.0 20.0 10.0
342.0 246.0 20.0 10.0
240.0 263.0 20.0 10.0
461.0 273.0 20.0 10.0
326.0 198.0 20.0 10.0
472.0 288.0 20.0 10.0
473.0 437.0 20.0 10.0
310.0 158.0 20.0 10.0
386.0 238.0 20.0 10.0
452.0 260.0 20.0 10.0
267.0 267.0 20.0 10.0
497.0 475.0 20.0 10.0
391.0 453.0 20.0 10.0
365.0 357.0 20.0 10.0
379.0 394.0 20.0 10.0
519.0 286.0 20.0 10.0
195.0 344.0 20.0 10.0
362.0 383.0 20.0 10.0
387.0 201.0 20.0 10.0
502.0 448.0 20.0 10.0
205.0 248.0 20.0 10.0
380.0 462.0 20.0 10.0
498.0 258.0 20.0 10.0
374.0 500.0 20.0 10.0
401.0 476.0 20.0 10.0
340.0 401.0 20.0 10.0
471.0 409.0 20.0 10.0
505.0 511.0 20.0 10.0
414.0 187.0 20.0 10.0
158.0 297.0 20.0 10.0
115.0 289.0 20.0 10.0
419.0 147.0 20.0 10.0
543.0 278.0 20.0 10.0
410.0 453.0 20.0 10.0
499.0 284.0 20.0 10.0
398.0 414.0 20.0 10.0
482.0 238.0 20.0 10.0
419.0 356.0 20.0 10.0
171.0 323.0 20.0 10.0
323.0 163.0 20.0 10.0
425.0 429.0 20.0 10.0
403.0 461.0 20.0 10.0
362.0 532.0 20.0 10.0
414.0 113.0 20.0 10.0
433.0 144.0 20.0 10.0
175.0 236.0 20.0 10.0
497.0 415.0 20.0 10.0
446.0 106.0 20.0 10.0
133.0 279.0 20.0 10.0
323.0 173.0 20.0 10.0
447.0 288.0 20.0 10.0
360.0 416.0 20.0 10.0
410.0 91.0 20.0 10.0
148.0 344.0 20.0 10.0
157.0 326.0 20.0 10.0
130.0 367.0 20.0 10.0
451.0 80.0 20.0 10.0
126.0 339.0 20.0 10.0
305.0 122.0 20.0 10.0
288.0 97.0 20.0 10.0
424.0 373.0 20.0 10.0
308.0 134.0 20.0 10.0
329.0 225.0 20.0 10.0
182.0 324.0 20.0 10.0
112.0 337.0 20.0 10.0
175.0 249.0 20.0 10.0
404.0 215.0 20.0 10.0
351.0 440.0 20.0 10.0
446.0 163.0 20.0 10.0
408.0 504.0 20.0 10.0
231.0 232.0 20.0 10.0
186.0 226.0 20.0 10.0
257.0 246.0 20.0 10.0
415.0 533.0 20.0 10.0
510.0 224.0 20.0 10.0
458.0 235.0 20.0 10.0
463.0 84.0 20.0 10.0
327.0 141.0 20.0 10.0
422.0 447.0 20.0 10.0
519.0 540.0 20.0 10.0
295.0 96.0 20.0 10.0
75.0 343.0 20.0 10.0
386.0 167.0 20.0 10.0
316.0 412.0 20.0 10.0
423.0 479.0 20.0 10.0
260.0 321.0 20.0 10.0
363.0 321.0 20.0 10.0
89.0 291.0 20.0 10.0
536.0 563.0 20.0 10.0
423.0 529.0 20.0 10.0
552.0 288.0 20.0 10.0
440.0 502.0 20.0 10.0
489.0 458.0 20.0 10.0
579.0 296.0 20.0 10.0
389.0 441.0 20.0 10.0
155.0 315.0 20.0 10.0
215.0 258.0 20.0 10.0
341.0 217.0 20.0 10.0
340.0 364.0 20.0 10.0
239.0 276.0 20.0 10.0
218.0 230.0 20.0 10.0
453.0 371.0 20.0 10.0
410.0 491.0 20.0 10.0
48.0 351.0 20.0 10.0
283.0 72.0 20.0 10.0
259.0 237.0 20.0 10.0
175.0 349.0 20.0 10.0
528.0 491.0 20.0 10.0
139.0 320.0 20.0 10.0
80.0 289.0 20.0 10.0
128.0 330.0 20.0 10.0
197.0 202.0 20.0 10.0
53.0 285.0 20.0 10.0
334.0 386.0 20.0 10.0
474.0 145.0 20.0 10.0
502.0 294.0 20.0 10.0
388.0 480.0 20.0 10.0
371.0 489.0 20.0 10.0
401.0 530.0 20.0 10.0
182.0 370.0 20.0 10.0
441.0 467.0 20.0 10.0
448.0 450.0 20.0 10.0
102.0 356.0 20.0 10.0
521.0 427.0 20.0 10.0
500.0 126.0 20.0 10.0
285.0 325.0 20.0 10.0
176.0 181.0 20.0 10.0
413.0 234.0 20.0 10.0
208.0 264.0 20.0 10.0
28.0 278.0 20.0 10.0
369.0 523.0 20.0 10.0
255.0 348.0 20.0 10.0
357.0 524.0 20.0 10.0
522.0 245.0 20.0 10.0
85.0 350.0 20.0 10.0
458.0 74.0 20.0 10.0
86.0 279.0 20.0 10.0
420.0 559.0 20.0 10.0
424.0 88.0 20.0 10.0
130.0 299.0 20.0 10.0
191.0 372.0 20.0 10.0
470.0 157.0 20.0 10.0
86.0 339.0 20.0 10.0
439.0 117.0 20.0 10.0
430.0 217.0 20.0 10.0
472.0 47.0 20.0 10.0
25.0 361.0 20.0 10.0
423.0 515.0 20.0 10.0
545.0 289.0 20.0 10.0
487.0 268.0 20.0 10.0
553.0 509.0 20.0 10.0
127.0 290.0 20.0 10.0
257.0 216.0 20.0 10.0
388.0 145.0 20.0 10.0
242.0 364.0 20.0 10.0
507.0 501.0 20.0 10.0
378.0 419.0 20.0 10.0
118.0 319.0 20.0 10.0
527.0 302.0 20.0 10.0
236.0 324.0 20.0 10.0
433.0 473.0 20.0 10.0
393.0 178.0 20.0 10.0
555.0 277.0 20.0 10.0
273.0 323.0 20.0 10.0
273.0 238.0 20.0 10.0
582.0 278.0 20.0 10.0
377.0 210.0 20.0 10.0
325.0 134.0 20.0 10.0
178.0 306.0 20.0 10.0
207.0 203.0 20.0 10.0
297.0 133.0 20.0 10.0
530.0 245.0 20.0 10.0
222.0 207.0 20.0 10.0
486.0 25.0 20.0 10.0
451.0 422.0 20.0 10.0
324.0 114.0 20.0 10.0
533.0 206.0 20.0 10.0
519.0 106.0 20.0 10.0
499.0 219.0 20.0 10.0
214.0 317.0 20.0 10.0
187.0 266.0 20.0 10.0
388.0 128.0 20.0 10.0
478.0 254.0 20.0 10.0
471.0 374.0 20.0 10.0
382.0 176.0 20.0 10.0
555.0 231.0 20.0 10.0
521.0 257.0 20.0 10.0
351.0 558.0 20.0 10.0
414.0 123.0 20.0 10.0
448.0 363.0 20.0 10.0
525.0 464.0 20.0 10.0
580.0 264.0 20.0 10.0
50.0 357.0 20.0 10.0
573.0 529.0 20.0 10.0
