200
465.0 324.0 20.0 10.0
443.0 353.0 20.0 10.0
485.0 413.0 20.0 10.0
365.0 329.0 20.0 10.0
308.0 293.0 20.0 10.0
528.0 473.0 20.0 10.0
577.0 511.0 20.0 10.0
538.0 523.0 20.0 10.0
268.0 242.0 20.0 10.0
620.0 542.0 20.0 10.0
521.0 496.0 20.0 10.0
569.0 472.0 20.0 10.0
591.0 454.0 20.0 10.0
605.0 474.0 20.0 10.0
227.0 196.0 20.0 10.0
275.0 328.0 20.0 10.0
499.0 317.0 20.0 10.0
552.0 279.0 20.0 10.0
588.0 235.0 20.0 10.0
190.0 153.0 20.0 10.0
534.0 561.0 20.0 10.0
590.0 261.0 20.0 10.0
511.0 512.0 20.0 10.0
157.0 121.0 20.0 10.0
439.0 383.0 20.0 10.0
300.0 330.0 20.0 10.0
553.0 564.0 20.0 10.0
223.0 163.0 20.0 10.0
567.0 600.0 20.0 10.0
475.0 290.0 20.0 10.0
200.0 147.0 20.0 10.0
526.0 517.0 20.0 10.0
244.0 362.0 20.0 10.0
489.0 343.0 20.0 10.0
236.0 329.0 20.0 10.0
226.0 392.0 20.0 10.0
533.0 595.0 20.0 10.0
535.0 623.0 20.0 10.0
194.0 189.0 20.0 10.0
489.0 260.0 20.0 10.0
657.0 561.0 20.0 10.0
589.0 617.0 20.0 10.0
220.0 418.0 20.0 10.0
179.0 335.0 20.0 10.0
268.0 357.0 20.0 10.0
508.0 238.0 20.0 10.0
592.0 536.0 20.0 10.0
344.0 311.0 20.0 10.0
501.0 551.0 20.0 10.0
129.0 341.0 20.0 10.0
623.0 200.0 20.0 10.0
357.0 285.0 20.0 10.0
163.0 136.0 20.0 10.0
172.0 172.0 20.0 10.0
212.0 407.0 20.0 10.0
99.0 359.0 20.0 10.0
152.0 315.0 20.0 10.0
373.0 293.0 20.0 10.0
500.0 289.0 20.0 10.0
445.0 308.0 20.0 10.0
594.0 203.0 20.0 10.0
680.0 579.0 20.0 10.0
494.0 584.0 20.0 10.0
538.0 650.0 20.0 10.0
468.0 262.0 20.0 10.0
636.0 477.0 20.0 10.0
288.0 267.0 20.0 10.0
126.0 93.0 20.0 10.0
661.0 491.0 20.0 10.0
515.0 219.0 20.0 10.0
101.0 66.0 20.0 10.0
224.0 136.0 20.0 10.0
499.0 539.0 20.0 10.0
645.0 572.0 20.0 10.0
581.0 628.0 20.0 10.0
177.0 118.0 20.0 10.0
627.0 491.0 20.0 10.0
459.0 377.0 20.0 10.0
81.0 46.0 20.0 10.0
530.0 325.0 20.0 10.0
592.0 282.0 20.0 10.0
625.0 245.0 20.0 10.0
653.0 171.0 20.0 10.0
207.0 175.0 20.0 10.0
156.0 95.0 20.0 10.0
341.0 282.0 20.0 10.0
111.0 79.0 20.0 10.0
645.0 563.0 20.0 10.0
511.0 249.0 20.0 10.0
374.0 260.0 20.0 10.0
672.0 156.0 20.0 10.0
660.0 583.0 20.0 10.0
265.0 255.0 20.0 10.0
215.0 384.0 20.0 10.0
67.0 34.0 20.0 10.0
197.0 398.0 20.0 10.0
649.0 178.0 20.0 10.0
574.0 582.0 20.0 10.0
595.0 545.0 20.0 10.0
278.0 309.0 20.0 10.0
628.0 282.0 20.0 10.0
146.0 330.0 20.0 10.0
682.0 150.0 20.0 10.0
488.0 612.0 20.0 10.0
158.0 104.0 20.0 10.0
371.0 232.0 20.0 10.0
212.0 346.0 20.0 10.0
484.0 241.0 20.0 10.0
155.0 165.0 20.0 10.0
650.0 294.0 20.0 10.0
348.0 221.0 20.0 10.0
88.0 53.0 20.0 10.0
704.0 589.0 20.0 10.0
592.0 487.0 20.0 10.0
87.0 335.0 20.0 10.0
53.0 332.0 20.0 10.0
485.0 628.0 20.0 10.0
255.0 296.0 20.0 10.0
251.0 303.0 20.0 10.0
694.0 135.0 20.0 10.0
521.0 204.0 20.0 10.0
608.0 237.0 20.0 10.0
683.0 573.0 20.0 10.0
647.0 264.0 20.0 10.0
156.0 350.0 20.0 10.0
482.0 636.0 20.0 10.0
77.0 369.0 20.0 10.0
64.0 314.0 20.0 10.0
366.0 360.0 20.0 10.0
653.0 226.0 20.0 10.0
479.0 660.0 20.0 10.0
25.0 319.0 20.0 10.0
61.0 321.0 20.0 10.0
667.0 205.0 20.0 10.0
665.0 595.0 20.0 10.0
605.0 526.0 20.0 10.0
187.0 166.0 20.0 10.0
208.0 316.0 20.0 10.0
609.0 179.0 20.0 10.0
370.0 212.0 20.0 10.0
229.0 111.0 20.0 10.0
223.0 374.0 20.0 10.0
499.0 438.0 20.0 10.0
615.0 217.0 20.0 10.0
28.0 348.0 20.0 10.0
252.0 373.0 20.0 10.0
615.0 560.0 20.0 10.0
71.0 25.0 20.0 10.0
619.0 567.0 20.0 10.0
484.0 223.0 20.0 10.0
66.0 355.0 20.0 10.0
235.0 386.0 20.0 10.0
489.0 554.0 20.0 10.0
52.0 377.0 20.0 10.0
529.0 584.0 20.0 10.0
659.0 284.0 20.0 10.0
342.0 379.0 20.0 10.0
157.0 359.0 20.0 10.0
251.0 344.0 20.0 10.0
332.0 338.0 20.0 10.0
393.0 321.0 20.0 10.0
211.0 307.0 20.0 10.0
597.0 653.0 20.0 10.0
624.0 455.0 20.0 10.0
615.0 519.0 20.0 10.0
147.0 74.0 20.0 10.0
366.0 190.0 20.0 10.0
651.0 287.0 20.0 10.0
242.0 171.0 20.0 10.0
628.0 591.0 20.0 10.0
240.0 141.0 20.0 10.0
260.0 262.0 20.0 10.0
399.0 293.0 20.0 10.0
669.0 166.0 20.0 10.0
605.0 206.0 20.0 10.0
685.0 282.0 20.0 10.0
678.0 209.0 20.0 10.0
706.0 139.0 20.0 10.0
644.0 533.0 20.0 10.0
227.0 381.0 20.0 10.0
495.0 271.0 20.0 10.0
680.0 617.0 20.0 10.0
290.0 359.0 20.0 10.0
680.0 225.0 20.0 10.0
620.0 185.0 20.0 10.0
673.0 537.0 20.0 10.0
121.0 319.0 20.0 10.0
632.0 202.0 20.0 10.0
666.0 544.0 20.0 10.0
427.0 400.0 20.0 10.0
318.0 272.0 20.0 10.0
146.0 128.0 20.0 10.0
351.0 356.0 20.0 10.0
140.0 51.0 20.0 10.0
189.0 393.0 20.0 10.0
360.0 379.0 20.0 10.0
206.0 329.0 20.0 10.0
482.0 386.0 20.0 10.0
321.0 298.0 20.0 10.0
686.0 492.0 20.0 10.0
