200
414.0 382.0 20.0 10.0
374.0 362.0 20.0 10.0
411.0 412.0 20.0 10.0
488.0 404.0 20.0 10.0
356.0 443.0 20.0 10.0
417.0 301.0 20.0 10.0
296.0 494.0 20.0 10.0
558.0 412.0 20.0 10.0
239.0 543.0 20.0 10.0
433.0 406.0 20.0 10.0
337.0 366.0 20.0 10.0
216.0 561.0 20.0 10.0
326.0 462.0 20.0 10.0
574.0 439.0 20.0 10.0
344.0 336.0 20.0 10.0
423.0 259.0 20.0 10.0
228.0 576.0 20.0 10.0
614.0 423.0 20.0 10.0
325.0 389.0 20.0 10.0
664.0 435.0 20.0 10.0
306.0 373.0 20.0 10.0
449.0 238.0 20.0 10.0
397.0 340.0 20.0 10.0
352.0 488.0 20.0 10.0
277.0 380.0 20.0 10.0
316.0 314.0 20.0 10.0
517.0 394.0 20.0 10.0
421.0 226.0 20.0 10.0
252.0 379.0 20.0 10.0
407.0 223.0 20.0 10.0
513.0 443.0 20.0 10.0
332.0 512.0 20.0 10.0
190.0 587.0 20.0 10.0
536.0 476.0 20.0 10.0
442.0 169.0 20.0 10.0
586.0 436.0 20.0 10.0
226.0 373.0 20.0 10.0
396.0 175.0 20.0 10.0
587.0 390.0 20.0 10.0
392.0 270.0 20.0 10.0
432.0 194.0 20.0 10.0
312.0 406.0 20.0 10.0
441.0 129.0 20.0 10.0
270.0 514.0 20.0 10.0
690.0 459.0 20.0 10.0
296.0 472.0 20.0 10.0
201.0 563.0 20.0 10.0
143.0 622.0 20.0 10.0
462.0 215.0 20.0 10.0
714.0 479.0 20.0 10.0
560.0 502.0 20.0 10.0
370.0 134.0 20.0 10.0
362.0 519.0 20.0 10.0
650.0 421.0 20.0 10.0
201.0 368.0 20.0 10.0
612.0 380.0 20.0 10.0
390.0 242.0 20.0 10.0
367.0 249.0 20.0 10.0
572.0 522.0 20.0 10.0
586.0 540.0 20.0 10.0
354.0 514.0 20.0 10.0
421.0 167.0 20.0 10.0
344.0 526.0 20.0 10.0
351.0 98.0 20.0 10.0
466.0 223.0 20.0 10.0
205.0 549.0 20.0 10.0
175.0 581.0 20.0 10.0
340.0 556.0 20.0 10.0
306.0 285.0 20.0 10.0
349.0 363.0 20.0 10.0
607.0 461.0 20.0 10.0
411.0 317.0 20.0 10.0
446.0 376.0 20.0 10.0
296.0 299.0 20.0 10.0
433.0 105.0 20.0 10.0
473.0 365.0 20.0 10.0
581.0 519.0 20.0 10.0
271.0 288.0 20.0 10.0
431.0 97.0 20.0 10.0
462.0 124.0 20.0 10.0
282.0 266.0 20.0 10.0
102.0 654.0 20.0 10.0
533.0 464.0 20.0 10.0
549.0 481.0 20.0 10.0
578.0 390.0 20.0 10.0
207.0 539.0 20.0 10.0
169.0 570.0 20.0 10.0
361.0 390.0 20.0 10.0
76.0 669.0 20.0 10.0
542.0 394.0 20.0 10.0
391.0 381.0 20.0 10.0
399.0 198.0 20.0 10.0
376.0 413.0 20.0 10.0
281.0 479.0 20.0 10.0
640.0 431.0 20.0 10.0
443.0 282.0 20.0 10.0
490.0 354.0 20.0 10.0
340.0 66.0 20.0 10.0
300.0 464.0 20.0 10.0
425.0 330.0 20.0 10.0
357.0 221.0 20.0 10.0
293.0 264.0 20.0 10.0
157.0 591.0 20.0 10.0
673.0 411.0 20.0 10.0
393.0 434.0 20.0 10.0
368.0 542.0 20.0 10.0
392.0 193.0 20.0 10.0
308.0 475.0 20.0 10.0
541.0 384.0 20.0 10.0
451.0 326.0 20.0 10.0
370.0 333.0 20.0 10.0
521.0 470.0 20.0 10.0
434.0 71.0 20.0 10.0
459.0 90.0 20.0 10.0
700.0 424.0 20.0 10.0
385.0 176.0 20.0 10.0
384.0 137.0 20.0 10.0
457.0 183.0 20.0 10.0
244.0 575.0 20.0 10.0
152.0 576.0 20.0 10.0
341.0 307.0 20.0 10.0
377.0 112.0 20.0 10.0
478.0 88.0 20.0 10.0
84.0 682.0 20.0 10.0
590.0 419.0 20.0 10.0
323.0 410.0 20.0 10.0
447.0 425.0 20.0 10.0
423.0 434.0 20.0 10.0
67.0 664.0 20.0 10.0
109.0 632.0 20.0 10.0
597.0 398.0 20.0 10.0
334.0 45.0 20.0 10.0
338.0 203.0 20.0 10.0
305.0 517.0 20.0 10.0
691.0 434.0 20.0 10.0
288.0 324.0 20.0 10.0
320.0 343.0 20.0 10.0
226.0 599.0 20.0 10.0
630.0 389.0 20.0 10.0
70.0 680.0 20.0 10.0
246.0 521.0 20.0 10.0
479.0 54.0 20.0 10.0
440.0 314.0 20.0 10.0
375.0 105.0 20.0 10.0
463.0 150.0 20.0 10.0
505.0 429.0 20.0 10.0
288.0 385.0 20.0 10.0
48.0 677.0 20.0 10.0
700.0 438.0 20.0 10.0
528.0 491.0 20.0 10.0
41.0 694.0 20.0 10.0
732.0 440.0 20.0 10.0
471.0 147.0 20.0 10.0
500.0 65.0 20.0 10.0
180.0 622.0 20.0 10.0
162.0 608.0 20.0 10.0
629.0 474.0 20.0 10.0
602.0 454.0 20.0 10.0
678.0 464.0 20.0 10.0
168.0 645.0 20.0 10.0
482.0 25.0 20.0 10.0
653.0 382.0 20.0 10.0
376.0 247.0 20.0 10.0
457.0 60.0 20.0 10.0
328.0 547.0 20.0 10.0
553.0 474.0 20.0 10.0
588.0 404.0 20.0 10.0
236.0 383.0 20.0 10.0
157.0 666.0 20.0 10.0
389.0 202.0 20.0 10.0
25.0 709.0 20.0 10.0
345.0 76.0 20.0 10.0
88.0 646.0 20.0 10.0
261.0 318.0 20.0 10.0
486.0 128.0 20.0 10.0
448.0 246.0 20.0 10.0
672.0 376.0 20.0 10.0
356.0 108.0 20.0 10.0
346.0 549.0 20.0 10.0
488.0 104.0 20.0 10.0
504.0 82.0 20.0 10.0
467.0 360.0 20.0 10.0
322.0 48.0 20.0 10.0
371.0 224.0 20.0 10.0
614.0 408.0 20.0 10.0
458.0 400.0 20.0 10.0
118.0 641.0 20.0 10.0
333.0 581.0 20.0 10.0
692.0 422.0 20.0 10.0
134.0 614.0 20.0 10.0
441.0 431.0 20.0 10.0
58.0 696.0 20.0 10.0
359.0 543.0 20.0 10.0
373.0 81.0 20.0 10.0
180.0 558.0 20.0 10.0
433.0 137.0 20.0 10.0
602.0 534.0 20.0 10.0
676.0 419.0 20.0 10.0
728.0 427.0 20.0 10.0
454.0 217.0 20.0 10.0
