200
304.0 274.0 20.0 10.0
338.0 322.0 20.0 10.0
285.0 367.0 20.0 10.0
359.0 343.0 20.0 10.0
321.0 257.0 20.0 10.0
301.0 234.0 20.0 10.0
377.0 380.0 20.0 10.0
274.0 399.0 20.0 10.0
395.0 270.0 20.0 10.0
237.0 384.0 20.0 10.0
454.0 227.0 20.0 10.0
414.0 439.0 20.0 10.0
503.0 219.0 20.0 10.0
268.0 234.0 20.0 10.0
537.0 229.0 20.0 10.0
299.0 247.0 20.0 10.0
403.0 224.0 20.0 10.0
468.0 188.0 20.0 10.0
237.0 209.0 20.0 10.0
456.0 487.0 20.0 10.0
249.0 404.0 20.0 10.0
491.0 530.0 20.0 10.0
287.0 409.0 20.0 10.0
383.0 346.0 20.0 10.0
470.0 514.0 20.0 10.0
528.0 558.0 20.0 10.0
258.0 429.0 20.0 10.0
540.0 210.0 20.0 10.0
492.0 183.0 20.0 10.0
220.0 441.0 20.0 10.0
368.0 325.0 20.0 10.0
402.0 395.0 20.0 10.0
529.0 146.0 20.0 10.0
561.0 112.0 20.0 10.0
284.0 438.0 20.0 10.0
299.0 198.0 20.0 10.0
281.0 305.0 20.0 10.0
191.0 400.0 20.0 10.0
493.0 522.0 20.0 10.0
215.0 194.0 20.0 10.0
520.0 538.0 20.0 10.0
257.0 419.0 20.0 10.0
238.0 226.0 20.0 10.0
457.0 524.0 20.0 10.0
413.0 413.0 20.0 10.0
481.0 154.0 20.0 10.0
490.0 489.0 20.0 10.0
515.0 192.0 20.0 10.0
246.0 200.0 20.0 10.0
407.0 179.0 20.0 10.0
509.0 151.0 20.0 10.0
260.0 380.0 20.0 10.0
340.0 349.0 20.0 10.0
198.0 475.0 20.0 10.0
580.0 82.0 20.0 10.0
264.0 347.0 20.0 10.0
487.0 502.0 20.0 10.0
222.0 186.0 20.0 10.0
571.0 205.0 20.0 10.0
515.0 494.0 20.0 10.0
173.0 422.0 20.0 10.0
415.0 153.0 20.0 10.0
407.0 243.0 20.0 10.0
237.0 343.0 20.0 10.0
223.0 172.0 20.0 10.0
413.0 143.0 20.0 10.0
266.0 200.0 20.0 10.0
219.0 409.0 20.0 10.0
416.0 131.0 20.0 10.0
252.0 361.0 20.0 10.0
537.0 221.0 20.0 10.0
417.0 113.0 20.0 10.0
475.0 163.0 20.0 10.0
304.0 168.0 20.0 10.0
300.0 433.0 20.0 10.0
199.0 150.0 20.0 10.0
409.0 481.0 20.0 10.0
276.0 443.0 20.0 10.0
226.0 288.0 20.0 10.0
419.0 85.0 20.0 10.0
401.0 507.0 20.0 10.0
403.0 519.0 20.0 10.0
555.0 584.0 20.0 10.0
588.0 90.0 20.0 10.0
491.0 132.0 20.0 10.0
566.0 196.0 20.0 10.0
555.0 572.0 20.0 10.0
178.0 270.0 20.0 10.0
472.0 206.0 20.0 10.0
529.0 131.0 20.0 10.0
562.0 230.0 20.0 10.0
133.0 255.0 20.0 10.0
337.0 246.0 20.0 10.0
407.0 549.0 20.0 10.0
314.0 208.0 20.0 10.0
250.0 445.0 20.0 10.0
431.0 254.0 20.0 10.0
152.0 415.0 20.0 10.0
565.0 216.0 20.0 10.0
95.0 242.0 20.0 10.0
299.0 140.0 20.0 10.0
227.0 426.0 20.0 10.0
128.0 438.0 20.0 10.0
502.0 567.0 20.0 10.0
569.0 608.0 20.0 10.0
526.0 195.0 20.0 10.0
143.0 444.0 20.0 10.0
118.0 416.0 20.0 10.0
505.0 509.0 20.0 10.0
420.0 289.0 20.0 10.0
179.0 498.0 20.0 10.0
189.0 288.0 20.0 10.0
216.0 219.0 20.0 10.0
126.0 408.0 20.0 10.0
272.0 171.0 20.0 10.0
545.0 573.0 20.0 10.0
236.0 368.0 20.0 10.0
409.0 195.0 20.0 10.0
459.0 196.0 20.0 10.0
278.0 222.0 20.0 10.0
610.0 71.0 20.0 10.0
66.0 230.0 20.0 10.0
251.0 296.0 20.0 10.0
417.0 199.0 20.0 10.0
524.0 583.0 20.0 10.0
598.0 60.0 20.0 10.0
505.0 157.0 20.0 10.0
636.0 67.0 20.0 10.0
478.0 245.0 20.0 10.0
203.0 464.0 20.0 10.0
259.0 173.0 20.0 10.0
208.0 189.0 20.0 10.0
90.0 423.0 20.0 10.0
419.0 60.0 20.0 10.0
387.0 221.0 20.0 10.0
499.0 599.0 20.0 10.0
449.0 550.0 20.0 10.0
186.0 493.0 20.0 10.0
237.0 433.0 20.0 10.0
628.0 54.0 20.0 10.0
437.0 453.0 20.0 10.0
213.0 226.0 20.0 10.0
482.0 483.0 20.0 10.0
43.0 223.0 20.0 10.0
320.0 228.0 20.0 10.0
108.0 461.0 20.0 10.0
280.0 466.0 20.0 10.0
161.0 518.0 20.0 10.0
199.0 280.0 20.0 10.0
445.0 288.0 20.0 10.0
71.0 233.0 20.0 10.0
419.0 95.0 20.0 10.0
168.0 281.0 20.0 10.0
160.0 280.0 20.0 10.0
488.0 560.0 20.0 10.0
142.0 535.0 20.0 10.0
412.0 575.0 20.0 10.0
480.0 499.0 20.0 10.0
212.0 203.0 20.0 10.0
399.0 550.0 20.0 10.0
399.0 542.0 20.0 10.0
53.0 228.0 20.0 10.0
183.0 481.0 20.0 10.0
25.0 216.0 20.0 10.0
424.0 276.0 20.0 10.0
338.0 277.0 20.0 10.0
182.0 127.0 20.0 10.0
547.0 173.0 20.0 10.0
398.0 573.0 20.0 10.0
221.0 356.0 20.0 10.0
517.0 545.0 20.0 10.0
162.0 394.0 20.0 10.0
445.0 470.0 20.0 10.0
310.0 384.0 20.0 10.0
511.0 624.0 20.0 10.0
484.0 239.0 20.0 10.0
264.0 468.0 20.0 10.0
200.0 357.0 20.0 10.0
614.0 41.0 20.0 10.0
262.0 492.0 20.0 10.0
505.0 241.0 20.0 10.0
457.0 552.0 20.0 10.0
445.0 516.0 20.0 10.0
575.0 604.0 20.0 10.0
190.0 168.0 20.0 10.0
310.0 177.0 20.0 10.0
592.0 625.0 20.0 10.0
294.0 461.0 20.0 10.0
397.0 199.0 20.0 10.0
153.0 260.0 20.0 10.0
631.0 25.0 20.0 10.0
529.0 219.0 20.0 10.0
573.0 585.0 20.0 10.0
482.0 227.0 20.0 10.0
528.0 231.0 20.0 10.0
499.0 114.0 20.0 10.0
166.0 104.0 20.0 10.0
292.0 113.0 20.0 10.0
135.0 281.0 20.0 10.0
268.0 423.0 20.0 10.0
