200
281.0 243.0 20.0 10.0
353.0 204.0 20.0 10.0
421.0 167.0 20.0 10.0
234.0 299.0 20.0 10.0
218.0 215.0 20.0 10.0
248.0 263.0 20.0 10.0
195.0 362.0 20.0 10.0
182.0 188.0 20.0 10.0
468.0 122.0 20.0 10.0
172.0 192.0 20.0 10.0
204.0 319.0 20.0 10.0
255.0 326.0 20.0 10.0
472.0 93.0 20.0 10.0
196.0 190.0 20.0 10.0
317.0 258.0 20.0 10.0
345.0 280.0 20.0 10.0
376.0 185.0 20.0 10.0
197.0 419.0 20.0 10.0
374.0 162.0 20.0 10.0
159.0 159.0 20.0 10.0
473.0 173.0 20.0 10.0
274.0 260.0 20.0 10.0
195.0 472.0 20.0 10.0
499.0 98.0 20.0 10.0
148.0 397.0 20.0 10.0
153.0 168.0 20.0 10.0
158.0 378.0 20.0 10.0
391.0 216.0 20.0 10.0
190.0 515.0 20.0 10.0
206.0 261.0 20.0 10.0
201.0 506.0 20.0 10.0
172.0 321.0 20.0 10.0
454.0 145.0 20.0 10.0
186.0 548.0 20.0 10.0
266.0 352.0 20.0 10.0
257.0 228.0 20.0 10.0
175.0 254.0 20.0 10.0
134.0 137.0 20.0 10.0
415.0 237.0 20.0 10.0
366.0 303.0 20.0 10.0
109.0 118.0 20.0 10.0
188.0 502.0 20.0 10.0
516.0 92.0 20.0 10.0
170.0 216.0 20.0 10.0
518.0 173.0 20.0 10.0
106.0 432.0 20.0 10.0
555.0 67.0 20.0 10.0
72.0 452.0 20.0 10.0
134.0 168.0 20.0 10.0
552.0 83.0 20.0 10.0
393.0 307.0 20.0 10.0
354.0 170.0 20.0 10.0
555.0 171.0 20.0 10.0
148.0 194.0 20.0 10.0
361.0 141.0 20.0 10.0
199.0 215.0 20.0 10.0
262.0 192.0 20.0 10.0
205.0 308.0 20.0 10.0
182.0 389.0 20.0 10.0
585.0 173.0 20.0 10.0
190.0 540.0 20.0 10.0
273.0 367.0 20.0 10.0
127.0 217.0 20.0 10.0
203.0 179.0 20.0 10.0
265.0 166.0 20.0 10.0
253.0 353.0 20.0 10.0
153.0 325.0 20.0 10.0
455.0 121.0 20.0 10.0
275.0 209.0 20.0 10.0
81.0 465.0 20.0 10.0
137.0 224.0 20.0 10.0
423.0 220.0 20.0 10.0
183.0 576.0 20.0 10.0
153.0 243.0 20.0 10.0
611.0 177.0 20.0 10.0
306.0 282.0 20.0 10.0
194.0 448.0 20.0 10.0
342.0 249.0 20.0 10.0
148.0 408.0 20.0 10.0
297.0 204.0 20.0 10.0
512.0 184.0 20.0 10.0
481.0 131.0 20.0 10.0
490.0 142.0 20.0 10.0
110.0 148.0 20.0 10.0
178.0 305.0 20.0 10.0
122.0 379.0 20.0 10.0
102.0 460.0 20.0 10.0
506.0 129.0 20.0 10.0
142.0 232.0 20.0 10.0
477.0 83.0 20.0 10.0
326.0 320.0 20.0 10.0
46.0 470.0 20.0 10.0
95.0 388.0 20.0 10.0
538.0 195.0 20.0 10.0
206.0 498.0 20.0 10.0
54.0 466.0 20.0 10.0
337.0 357.0 20.0 10.0
101.0 383.0 20.0 10.0
178.0 602.0 20.0 10.0
205.0 236.0 20.0 10.0
122.0 408.0 20.0 10.0
447.0 112.0 20.0 10.0
587.0 56.0 20.0 10.0
91.0 218.0 20.0 10.0
343.0 392.0 20.0 10.0
344.0 260.0 20.0 10.0
179.0 325.0 20.0 10.0
152.0 255.0 20.0 10.0
177.0 496.0 20.0 10.0
176.0 526.0 20.0 10.0
453.0 93.0 20.0 10.0
191.0 412.0 20.0 10.0
160.0 518.0 20.0 10.0
56.0 485.0 20.0 10.0
168.0 166.0 20.0 10.0
583.0 46.0 20.0 10.0
203.0 447.0 20.0 10.0
419.0 207.0 20.0 10.0
448.0 215.0 20.0 10.0
531.0 64.0 20.0 10.0
153.0 436.0 20.0 10.0
496.0 187.0 20.0 10.0
542.0 181.0 20.0 10.0
202.0 394.0 20.0 10.0
486.0 53.0 20.0 10.0
35.0 507.0 20.0 10.0
206.0 152.0 20.0 10.0
545.0 83.0 20.0 10.0
283.0 363.0 20.0 10.0
403.0 186.0 20.0 10.0
185.0 167.0 20.0 10.0
103.0 167.0 20.0 10.0
230.0 224.0 20.0 10.0
178.0 276.0 20.0 10.0
252.0 168.0 20.0 10.0
493.0 29.0 20.0 10.0
502.0 68.0 20.0 10.0
70.0 494.0 20.0 10.0
258.0 161.0 20.0 10.0
192.0 178.0 20.0 10.0
137.0 189.0 20.0 10.0
313.0 308.0 20.0 10.0
361.0 148.0 20.0 10.0
104.0 189.0 20.0 10.0
295.0 372.0 20.0 10.0
577.0 174.0 20.0 10.0
534.0 98.0 20.0 10.0
178.0 267.0 20.0 10.0
502.0 28.0 20.0 10.0
440.0 238.0 20.0 10.0
368.0 122.0 20.0 10.0
542.0 36.0 20.0 10.0
117.0 412.0 20.0 10.0
188.0 149.0 20.0 10.0
375.0 330.0 20.0 10.0
604.0 25.0 20.0 10.0
465.0 243.0 20.0 10.0
241.0 329.0 20.0 10.0
468.0 220.0 20.0 10.0
201.0 528.0 20.0 10.0
99.0 418.0 20.0 10.0
424.0 137.0 20.0 10.0
520.0 136.0 20.0 10.0
610.0 40.0 20.0 10.0
352.0 416.0 20.0 10.0
536.0 171.0 20.0 10.0
559.0 98.0 20.0 10.0
74.0 441.0 20.0 10.0
222.0 517.0 20.0 10.0
539.0 132.0 20.0 10.0
344.0 384.0 20.0 10.0
328.0 347.0 20.0 10.0
204.0 188.0 20.0 10.0
153.0 275.0 20.0 10.0
83.0 444.0 20.0 10.0
60.0 212.0 20.0 10.0
392.0 353.0 20.0 10.0
367.0 282.0 20.0 10.0
264.0 136.0 20.0 10.0
503.0 168.0 20.0 10.0
214.0 192.0 20.0 10.0
215.0 528.0 20.0 10.0
52.0 517.0 20.0 10.0
115.0 197.0 20.0 10.0
25.0 487.0 20.0 10.0
580.0 57.0 20.0 10.0
145.0 456.0 20.0 10.0
362.0 438.0 20.0 10.0
32.0 204.0 20.0 10.0
327.0 372.0 20.0 10.0
517.0 45.0 20.0 10.0
101.0 153.0 20.0 10.0
70.0 149.0 20.0 10.0
575.0 74.0 20.0 10.0
179.0 544.0 20.0 10.0
71.0 387.0 20.0 10.0
375.0 460.0 20.0 10.0
177.0 124.0 20.0 10.0
229.0 328.0 20.0 10.0
55.0 446.0 20.0 10.0
