200
298.0 292.0 20.0 10.0
203.0 820.0 20.0 10.0
434.0 180.0 20.0 10.0
131.0 422.0 20.0 10.0
374.0 141.0 20.0 10.0
666.0 196.0 20.0 10.0
248.0 776.0 20.0 10.0
104.0 471.0 20.0 10.0
304.0 818.0 20.0 10.0
292.0 844.0 20.0 10.0
569.0 105.0 20.0 10.0
543.0 134.0 20.0 10.0
108.0 753.0 20.0 10.0
139.0 738.0 20.0 10.0
566.0 204.0 20.0 10.0
257.0 982.0 20.0 10.0
25.0 675.0 20.0 10.0
319.0 861.0 20.0 10.0
538.0 106.0 20.0 10.0
130.0 482.0 20.0 10.0
500.0 944.0 20.0 10.0
469.0 925.0 20.0 10.0
434.0 908.0 20.0 10.0
343.0 65.0 20.0 10.0
445.0 961.0 20.0 10.0
89.0 550.0 20.0 10.0
25.0 34.0 20.0 10.0
466.0 839.0 20.0 10.0
452.0 819.0 20.0 10.0
114.0 83.0 20.0 10.0
145.0 102.0 20.0 10.0
269.0 982.0 20.0 10.0
99.0 696.0 20.0 10.0
54.0 511.0 20.0 10.0
134.0 446.0 20.0 10.0
156.0 407.0 20.0 10.0
243.0 35.0 20.0 10.0
256.0 48.0 20.0 10.0
162.0 382.0 20.0 10.0
190.0 370.0 20.0 10.0
226.0 333.0 20.0 10.0
254.0 327.0 20.0 10.0
332.0 234.0 20.0 10.0
350.0 258.0 20.0 10.0
710.0 284.0 20.0 10.0
810.0 322.0 20.0 10.0
62.0 53.0 20.0 10.0
240.0 1006.0 20.0 10.0
700.0 186.0 20.0 10.0
67.0 690.0 20.0 10.0
766.0 307.0 20.0 10.0
279.0 313.0 20.0 10.0
463.0 809.0 20.0 10.0
437.0 794.0 20.0 10.0
76.0 492.0 20.0 10.0
557.0 229.0 20.0 10.0
534.0 212.0 20.0 10.0
476.0 200.0 20.0 10.0
67.0 563.0 20.0 10.0
238.0 965.0 20.0 10.0
266.0 958.0 20.0 10.0
275.0 832.0 20.0 10.0
541.0 725.0 20.0 10.0
626.0 87.0 20.0 10.0
773.0 180.0 20.0 10.0
754.0 182.0 20.0 10.0
429.0 226.0 20.0 10.0
588.0 225.0 20.0 10.0
672.0 267.0 20.0 10.0
864.0 362.0 20.0 10.0
848.0 353.0 20.0 10.0
179.0 653.0 20.0 10.0
450.0 733.0 20.0 10.0
592.0 88.0 20.0 10.0
530.0 943.0 20.0 10.0
499.0 973.0 20.0 10.0
748.0 296.0 20.0 10.0
526.0 694.0 20.0 10.0
808.0 288.0 20.0 10.0
310.0 128.0 20.0 10.0
731.0 184.0 20.0 10.0
235.0 144.0 20.0 10.0
135.0 704.0 20.0 10.0
375.0 266.0 20.0 10.0
120.0 415.0 20.0 10.0
294.0 105.0 20.0 10.0
370.0 801.0 20.0 10.0
483.0 188.0 20.0 10.0
205.0 301.0 20.0 10.0
368.0 853.0 20.0 10.0
375.0 110.0 20.0 10.0
348.0 25.0 20.0 10.0
314.0 203.0 20.0 10.0
344.0 211.0 20.0 10.0
302.0 251.0 20.0 10.0
267.0 198.0 20.0 10.0
180.0 628.0 20.0 10.0
509.0 722.0 20.0 10.0
476.0 741.0 20.0 10.0
123.0 510.0 20.0 10.0
598.0 114.0 20.0 10.0
571.0 119.0 20.0 10.0
248.0 261.0 20.0 10.0
283.0 927.0 20.0 10.0
297.0 892.0 20.0 10.0
113.0 720.0 20.0 10.0
41.0 42.0 20.0 10.0
186.0 802.0 20.0 10.0
341.0 89.0 20.0 10.0
111.0 534.0 20.0 10.0
52.0 451.0 20.0 10.0
69.0 443.0 20.0 10.0
90.0 431.0 20.0 10.0
139.0 815.0 20.0 10.0
158.0 627.0 20.0 10.0
157.0 651.0 20.0 10.0
397.0 268.0 20.0 10.0
403.0 915.0 20.0 10.0
400.0 884.0 20.0 10.0
177.0 126.0 20.0 10.0
249.0 987.0 20.0 10.0
615.0 239.0 20.0 10.0
270.0 70.0 20.0 10.0
287.0 95.0 20.0 10.0
586.0 181.0 20.0 10.0
88.0 66.0 20.0 10.0
137.0 658.0 20.0 10.0
98.0 430.0 20.0 10.0
163.0 681.0 20.0 10.0
171.0 721.0 20.0 10.0
210.0 747.0 20.0 10.0
721.0 183.0 20.0 10.0
440.0 246.0 20.0 10.0
487.0 719.0 20.0 10.0
328.0 167.0 20.0 10.0
142.0 716.0 20.0 10.0
290.0 147.0 20.0 10.0
524.0 138.0 20.0 10.0
430.0 299.0 20.0 10.0
424.0 283.0 20.0 10.0
616.0 75.0 20.0 10.0
318.0 268.0 20.0 10.0
351.0 157.0 20.0 10.0
295.0 177.0 20.0 10.0
61.0 765.0 20.0 10.0
80.0 756.0 20.0 10.0
250.0 171.0 20.0 10.0
296.0 193.0 20.0 10.0
275.0 267.0 20.0 10.0
461.0 183.0 20.0 10.0
269.0 250.0 20.0 10.0
277.0 866.0 20.0 10.0
316.0 139.0 20.0 10.0
443.0 937.0 20.0 10.0
350.0 120.0 20.0 10.0
292.0 123.0 20.0 10.0
830.0 342.0 20.0 10.0
345.0 44.0 20.0 10.0
441.0 758.0 20.0 10.0
551.0 967.0 20.0 10.0
526.0 961.0 20.0 10.0
25.0 543.0 20.0 10.0
37.0 529.0 20.0 10.0
726.0 239.0 20.0 10.0
703.0 260.0 20.0 10.0
794.0 328.0 20.0 10.0
783.0 303.0 20.0 10.0
389.0 130.0 20.0 10.0
411.0 204.0 20.0 10.0
421.0 255.0 20.0 10.0
283.0 160.0 20.0 10.0
636.0 223.0 20.0 10.0
731.0 293.0 20.0 10.0
589.0 727.0 20.0 10.0
570.0 730.0 20.0 10.0
211.0 149.0 20.0 10.0
44.0 682.0 20.0 10.0
258.0 941.0 20.0 10.0
290.0 801.0 20.0 10.0
559.0 654.0 20.0 10.0
541.0 670.0 20.0 10.0
431.0 273.0 20.0 10.0
407.0 780.0 20.0 10.0
118.0 613.0 20.0 10.0
602.0 95.0 20.0 10.0
510.0 166.0 20.0 10.0
112.0 642.0 20.0 10.0
630.0 248.0 20.0 10.0
251.0 30.0 20.0 10.0
573.0 641.0 20.0 10.0
628.0 209.0 20.0 10.0
334.0 824.0 20.0 10.0
208.0 310.0 20.0 10.0
232.0 303.0 20.0 10.0
262.0 293.0 20.0 10.0
216.0 792.0 20.0 10.0
166.0 822.0 20.0 10.0
343.0 195.0 20.0 10.0
365.0 235.0 20.0 10.0
72.0 58.0 20.0 10.0
