200
1544.0 1481.0 20.0 10.0
198.0 290.0 20.0 10.0
661.0 632.0 20.0 10.0
91.0 62.0 20.0 10.0
1344.0 1355.0 20.0 10.0
1351.0 1326.0 20.0 10.0
234.0 276.0 20.0 10.0
239.0 302.0 20.0 10.0
271.0 310.0 20.0 10.0
307.0 351.0 20.0 10.0
1217.0 1209.0 20.0 10.0
92.0 495.0 20.0 10.0
647.0 731.0 20.0 10.0
970.0 1137.0 20.0 10.0
964.0 1111.0 20.0 10.0
848.0 599.0 20.0 10.0
819.0 595.0 20.0 10.0
790.0 629.0 20.0 10.0
145.0 465.0 20.0 10.0
157.0 471.0 20.0 10.0
176.0 479.0 20.0 10.0
205.0 464.0 20.0 10.0
316.0 461.0 20.0 10.0
337.0 440.0 20.0 10.0
1489.0 1453.0 20.0 10.0
798.0 771.0 20.0 10.0
652.0 891.0 20.0 10.0
842.0 792.0 20.0 10.0
816.0 793.0 20.0 10.0
959.0 534.0 20.0 10.0
1631.0 1421.0 20.0 10.0
1020.0 410.0 20.0 10.0
1556.0 1489.0 20.0 10.0
83.0 121.0 20.0 10.0
115.0 139.0 20.0 10.0
1066.0 1083.0 20.0 10.0
971.0 1011.0 20.0 10.0
1106.0 1157.0 20.0 10.0
1108.0 1129.0 20.0 10.0
706.0 906.0 20.0 10.0
1091.0 348.0 20.0 10.0
1079.0 358.0 20.0 10.0
985.0 1217.0 20.0 10.0
985.0 1203.0 20.0 10.0
849.0 908.0 20.0 10.0
848.0 880.0 20.0 10.0
1176.0 1175.0 20.0 10.0
1134.0 1141.0 20.0 10.0
925.0 964.0 20.0 10.0
1301.0 1268.0 20.0 10.0
1259.0 1239.0 20.0 10.0
975.0 1161.0 20.0 10.0
1004.0 518.0 20.0 10.0
890.0 1050.0 20.0 10.0
759.0 859.0 20.0 10.0
806.0 895.0 20.0 10.0
856.0 924.0 20.0 10.0
962.0 510.0 20.0 10.0
916.0 533.0 20.0 10.0
90.0 480.0 20.0 10.0
600.0 742.0 20.0 10.0
619.0 730.0 20.0 10.0
864.0 1056.0 20.0 10.0
234.0 506.0 20.0 10.0
220.0 482.0 20.0 10.0
234.0 458.0 20.0 10.0
267.0 452.0 20.0 10.0
301.0 444.0 20.0 10.0
1615.0 1417.0 20.0 10.0
956.0 448.0 20.0 10.0
718.0 818.0 20.0 10.0
1537.0 1461.0 20.0 10.0
1227.0 1238.0 20.0 10.0
285.0 278.0 20.0 10.0
291.0 300.0 20.0 10.0
963.0 1078.0 20.0 10.0
959.0 1043.0 20.0 10.0
949.0 1006.0 20.0 10.0
990.0 518.0 20.0 10.0
969.0 516.0 20.0 10.0
937.0 513.0 20.0 10.0
905.0 507.0 20.0 10.0
875.0 534.0 20.0 10.0
847.0 564.0 20.0 10.0
891.0 1064.0 20.0 10.0
993.0 1216.0 20.0 10.0
210.0 299.0 20.0 10.0
1384.0 1320.0 20.0 10.0
1342.0 1295.0 20.0 10.0
699.0 881.0 20.0 10.0
729.0 877.0 20.0 10.0
912.0 1029.0 20.0 10.0
1045.0 335.0 20.0 10.0
1054.0 363.0 20.0 10.0
1045.0 390.0 20.0 10.0
870.0 784.0 20.0 10.0
857.0 788.0 20.0 10.0
797.0 847.0 20.0 10.0
138.0 137.0 20.0 10.0
30.0 25.0 20.0 10.0
38.0 40.0 20.0 10.0
49.0 66.0 20.0 10.0
59.0 97.0 20.0 10.0
124.0 483.0 20.0 10.0
147.0 480.0 20.0 10.0
1376.0 1415.0 20.0 10.0
1373.0 1401.0 20.0 10.0
1450.0 1358.0 20.0 10.0
1424.0 1346.0 20.0 10.0
1054.0 319.0 20.0 10.0
637.0 896.0 20.0 10.0
362.0 443.0 20.0 10.0
791.0 937.0 20.0 10.0
800.0 924.0 20.0 10.0
1380.0 1393.0 20.0 10.0
989.0 363.0 20.0 10.0
512.0 615.0 20.0 10.0
371.0 506.0 20.0 10.0
390.0 485.0 20.0 10.0
901.0 967.0 20.0 10.0
187.0 473.0 20.0 10.0
937.0 461.0 20.0 10.0
928.0 475.0 20.0 10.0
813.0 653.0 20.0 10.0
787.0 647.0 20.0 10.0
765.0 646.0 20.0 10.0
763.0 667.0 20.0 10.0
584.0 640.0 20.0 10.0
614.0 686.0 20.0 10.0
1089.0 1108.0 20.0 10.0
1598.0 1411.0 20.0 10.0
1577.0 1406.0 20.0 10.0
1555.0 1399.0 20.0 10.0
1528.0 1391.0 20.0 10.0
1305.0 1298.0 20.0 10.0
1468.0 1436.0 20.0 10.0
1607.0 1484.0 20.0 10.0
799.0 750.0 20.0 10.0
782.0 708.0 20.0 10.0
324.0 370.0 20.0 10.0
342.0 392.0 20.0 10.0
377.0 435.0 20.0 10.0
418.0 476.0 20.0 10.0
1008.0 396.0 20.0 10.0
107.0 489.0 20.0 10.0
105.0 58.0 20.0 10.0
114.0 77.0 20.0 10.0
111.0 106.0 20.0 10.0
208.0 232.0 20.0 10.0
241.0 268.0 20.0 10.0
876.0 1025.0 20.0 10.0
882.0 994.0 20.0 10.0
621.0 744.0 20.0 10.0
1460.0 1408.0 20.0 10.0
1460.0 1376.0 20.0 10.0
671.0 886.0 20.0 10.0
1044.0 1073.0 20.0 10.0
997.0 1039.0 20.0 10.0
1360.0 1378.0 20.0 10.0
298.0 324.0 20.0 10.0
1481.0 1457.0 20.0 10.0
1515.0 1433.0 20.0 10.0
1489.0 1404.0 20.0 10.0
1582.0 1521.0 20.0 10.0
1581.0 1495.0 20.0 10.0
1015.0 428.0 20.0 10.0
69.0 489.0 20.0 10.0
84.0 488.0 20.0 10.0
773.0 878.0 20.0 10.0
801.0 882.0 20.0 10.0
717.0 661.0 20.0 10.0
672.0 654.0 20.0 10.0
628.0 646.0 20.0 10.0
25.0 71.0 20.0 10.0
979.0 1195.0 20.0 10.0
980.0 1183.0 20.0 10.0
91.0 87.0 20.0 10.0
50.0 37.0 20.0 10.0
145.0 167.0 20.0 10.0
282.0 249.0 20.0 10.0
283.0 262.0 20.0 10.0
528.0 577.0 20.0 10.0
1056.0 379.0 20.0 10.0
897.0 1016.0 20.0 10.0
982.0 397.0 20.0 10.0
987.0 427.0 20.0 10.0
704.0 640.0 20.0 10.0
675.0 877.0 20.0 10.0
1604.0 1531.0 20.0 10.0
1591.0 1520.0 20.0 10.0
458.0 517.0 20.0 10.0
499.0 558.0 20.0 10.0
540.0 601.0 20.0 10.0
852.0 1030.0 20.0 10.0
985.0 378.0 20.0 10.0
1496.0 1381.0 20.0 10.0
681.0 776.0 20.0 10.0
176.0 199.0 20.0 10.0
821.0 861.0 20.0 10.0
834.0 836.0 20.0 10.0
