200
343.0 328.0 20.0 10.0
365.0 346.0 20.0 10.0
1071.0 318.0 20.0 10.0
1373.0 295.0 20.0 10.0
1350.0 323.0 20.0 10.0
1490.0 371.0 20.0 10.0
313.0 399.0 20.0 10.0
1819.0 573.0 20.0 10.0
324.0 459.0 20.0 10.0
1173.0 163.0 20.0 10.0
39.0 529.0 20.0 10.0
58.0 525.0 20.0 10.0
388.0 434.0 20.0 10.0
1160.0 138.0 20.0 10.0
1387.0 446.0 20.0 10.0
1443.0 246.0 20.0 10.0
1425.0 263.0 20.0 10.0
1399.0 275.0 20.0 10.0
1394.0 436.0 20.0 10.0
118.0 750.0 20.0 10.0
313.0 460.0 20.0 10.0
320.0 430.0 20.0 10.0
1870.0 638.0 20.0 10.0
41.0 566.0 20.0 10.0
53.0 556.0 20.0 10.0
333.0 285.0 20.0 10.0
342.0 300.0 20.0 10.0
1275.0 177.0 20.0 10.0
1449.0 386.0 20.0 10.0
1030.0 243.0 20.0 10.0
1063.0 284.0 20.0 10.0
1096.0 323.0 20.0 10.0
46.0 695.0 20.0 10.0
1404.0 474.0 20.0 10.0
1424.0 428.0 20.0 10.0
1361.0 401.0 20.0 10.0
1854.0 629.0 20.0 10.0
1392.0 392.0 20.0 10.0
382.0 374.0 20.0 10.0
971.0 334.0 20.0 10.0
1034.0 328.0 20.0 10.0
92.0 523.0 20.0 10.0
1565.0 508.0 20.0 10.0
790.0 349.0 20.0 10.0
849.0 344.0 20.0 10.0
909.0 339.0 20.0 10.0
1282.0 116.0 20.0 10.0
1290.0 142.0 20.0 10.0
1459.0 230.0 20.0 10.0
1164.0 317.0 20.0 10.0
1174.0 302.0 20.0 10.0
455.0 442.0 20.0 10.0
444.0 419.0 20.0 10.0
1174.0 268.0 20.0 10.0
1164.0 233.0 20.0 10.0
215.0 484.0 20.0 10.0
24.0 717.0 20.0 10.0
1611.0 486.0 20.0 10.0
1580.0 492.0 20.0 10.0
220.0 774.0 20.0 10.0
186.0 769.0 20.0 10.0
1188.0 55.0 20.0 10.0
1534.0 478.0 20.0 10.0
255.0 399.0 20.0 10.0
1629.0 526.0 20.0 10.0
1599.0 510.0 20.0 10.0
1548.0 480.0 20.0 10.0
1215.0 214.0 20.0 10.0
242.0 447.0 20.0 10.0
195.0 392.0 20.0 10.0
299.0 373.0 20.0 10.0
1152.0 120.0 20.0 10.0
345.0 422.0 20.0 10.0
1123.0 201.0 20.0 10.0
974.0 188.0 20.0 10.0
1186.0 69.0 20.0 10.0
1183.0 87.0 20.0 10.0
113.0 518.0 20.0 10.0
143.0 508.0 20.0 10.0
310.0 770.0 20.0 10.0
222.0 463.0 20.0 10.0
255.0 466.0 20.0 10.0
1778.0 624.0 20.0 10.0
620.0 366.0 20.0 10.0
733.0 354.0 20.0 10.0
1697.0 479.0 20.0 10.0
909.0 89.0 20.0 10.0
152.0 765.0 20.0 10.0
1397.0 462.0 20.0 10.0
1240.0 374.0 20.0 10.0
927.0 125.0 20.0 10.0
106.0 717.0 20.0 10.0
329.0 790.0 20.0 10.0
117.0 688.0 20.0 10.0
1448.0 370.0 20.0 10.0
462.0 455.0 20.0 10.0
1824.0 631.0 20.0 10.0
1795.0 624.0 20.0 10.0
1759.0 608.0 20.0 10.0
1724.0 587.0 20.0 10.0
1596.0 438.0 20.0 10.0
1574.0 434.0 20.0 10.0
1547.0 432.0 20.0 10.0
178.0 497.0 20.0 10.0
937.0 64.0 20.0 10.0
948.0 88.0 20.0 10.0
931.0 58.0 20.0 10.0
1687.0 564.0 20.0 10.0
1647.0 537.0 20.0 10.0
1722.0 559.0 20.0 10.0
934.0 102.0 20.0 10.0
1374.0 423.0 20.0 10.0
1224.0 228.0 20.0 10.0
1200.0 248.0 20.0 10.0
1262.0 191.0 20.0 10.0
1804.0 568.0 20.0 10.0
979.0 163.0 20.0 10.0
1002.0 203.0 20.0 10.0
1584.0 528.0 20.0 10.0
1420.0 378.0 20.0 10.0
676.0 360.0 20.0 10.0
1379.0 314.0 20.0 10.0
80.0 521.0 20.0 10.0
1005.0 227.0 20.0 10.0
1826.0 616.0 20.0 10.0
1511.0 177.0 20.0 10.0
270.0 458.0 20.0 10.0
1666.0 474.0 20.0 10.0
1630.0 471.0 20.0 10.0
1185.0 95.0 20.0 10.0
196.0 401.0 20.0 10.0
212.0 401.0 20.0 10.0
234.0 405.0 20.0 10.0
267.0 412.0 20.0 10.0
889.0 86.0 20.0 10.0
30.0 793.0 20.0 10.0
52.0 771.0 20.0 10.0
304.0 414.0 20.0 10.0
1737.0 477.0 20.0 10.0
1488.0 201.0 20.0 10.0
1474.0 215.0 20.0 10.0
1522.0 451.0 20.0 10.0
1137.0 93.0 20.0 10.0
1144.0 105.0 20.0 10.0
1737.0 484.0 20.0 10.0
1180.0 133.0 20.0 10.0
1784.0 562.0 20.0 10.0
1756.0 563.0 20.0 10.0
28.0 749.0 20.0 10.0
1287.0 161.0 20.0 10.0
453.0 365.0 20.0 10.0
506.0 356.0 20.0 10.0
1475.0 375.0 20.0 10.0
905.0 113.0 20.0 10.0
325.0 272.0 20.0 10.0
78.0 699.0 20.0 10.0
289.0 363.0 20.0 10.0
510.0 384.0 20.0 10.0
565.0 374.0 20.0 10.0
1594.0 541.0 20.0 10.0
1501.0 188.0 20.0 10.0
86.0 764.0 20.0 10.0
270.0 478.0 20.0 10.0
1506.0 478.0 20.0 10.0
944.0 319.0 20.0 10.0
1720.0 480.0 20.0 10.0
157.0 794.0 20.0 10.0
1147.0 189.0 20.0 10.0
1170.0 198.0 20.0 10.0
910.0 25.0 20.0 10.0
280.0 394.0 20.0 10.0
25.0 533.0 20.0 10.0
1180.0 106.0 20.0 10.0
919.0 39.0 20.0 10.0
958.0 125.0 20.0 10.0
1590.0 474.0 20.0 10.0
399.0 405.0 20.0 10.0
455.0 393.0 20.0 10.0
439.0 366.0 20.0 10.0
1045.0 310.0 20.0 10.0
1487.0 454.0 20.0 10.0
1193.0 190.0 20.0 10.0
1188.0 219.0 20.0 10.0
282.0 778.0 20.0 10.0
251.0 777.0 20.0 10.0
470.0 464.0 20.0 10.0
916.0 323.0 20.0 10.0
943.0 332.0 20.0 10.0
1165.0 337.0 20.0 10.0
1686.0 549.0 20.0 10.0
80.0 554.0 20.0 10.0
105.0 547.0 20.0 10.0
374.0 348.0 20.0 10.0
311.0 476.0 20.0 10.0
299.0 445.0 20.0 10.0
1324.0 351.0 20.0 10.0
1297.0 376.0 20.0 10.0
1246.0 207.0 20.0 10.0
1231.0 355.0 20.0 10.0
350.0 304.0 20.0 10.0
