200
669.0 269.0 20.0 10.0
803.0 538.0 20.0 10.0
1292.0 207.0 20.0 10.0
436.0 685.0 20.0 10.0
701.0 267.0 20.0 10.0
727.0 276.0 20.0 10.0
897.0 265.0 20.0 10.0
953.0 257.0 20.0 10.0
1008.0 248.0 20.0 10.0
1061.0 238.0 20.0 10.0
1114.0 230.0 20.0 10.0
50.0 819.0 20.0 10.0
1533.0 188.0 20.0 10.0
103.0 312.0 20.0 10.0
859.0 506.0 20.0 10.0
1481.0 204.0 20.0 10.0
1629.0 235.0 20.0 10.0
450.0 241.0 20.0 10.0
1265.0 207.0 20.0 10.0
175.0 295.0 20.0 10.0
834.0 507.0 20.0 10.0
41.0 314.0 20.0 10.0
315.0 802.0 20.0 10.0
378.0 259.0 20.0 10.0
1663.0 124.0 20.0 10.0
1314.0 201.0 20.0 10.0
839.0 607.0 20.0 10.0
184.0 51.0 20.0 10.0
143.0 735.0 20.0 10.0
275.0 264.0 20.0 10.0
980.0 268.0 20.0 10.0
1613.0 102.0 20.0 10.0
600.0 214.0 20.0 10.0
1617.0 149.0 20.0 10.0
1141.0 190.0 20.0 10.0
817.0 252.0 20.0 10.0
200.0 70.0 20.0 10.0
234.0 40.0 20.0 10.0
227.0 66.0 20.0 10.0
1070.0 209.0 20.0 10.0
1599.0 231.0 20.0 10.0
783.0 459.0 20.0 10.0
133.0 857.0 20.0 10.0
81.0 357.0 20.0 10.0
84.0 331.0 20.0 10.0
593.0 241.0 20.0 10.0
156.0 837.0 20.0 10.0
57.0 675.0 20.0 10.0
82.0 684.0 20.0 10.0
103.0 703.0 20.0 10.0
848.0 486.0 20.0 10.0
25.0 319.0 20.0 10.0
81.0 821.0 20.0 10.0
188.0 286.0 20.0 10.0
216.0 285.0 20.0 10.0
257.0 270.0 20.0 10.0
135.0 905.0 20.0 10.0
1444.0 42.0 20.0 10.0
112.0 928.0 20.0 10.0
123.0 903.0 20.0 10.0
1128.0 253.0 20.0 10.0
617.0 288.0 20.0 10.0
1535.0 205.0 20.0 10.0
1216.0 214.0 20.0 10.0
117.0 678.0 20.0 10.0
805.0 513.0 20.0 10.0
819.0 485.0 20.0 10.0
446.0 820.0 20.0 10.0
421.0 813.0 20.0 10.0
314.0 148.0 20.0 10.0
139.0 308.0 20.0 10.0
205.0 918.0 20.0 10.0
327.0 783.0 20.0 10.0
825.0 520.0 20.0 10.0
959.0 231.0 20.0 10.0
609.0 187.0 20.0 10.0
852.0 282.0 20.0 10.0
293.0 120.0 20.0 10.0
49.0 318.0 20.0 10.0
804.0 354.0 20.0 10.0
1583.0 151.0 20.0 10.0
757.0 302.0 20.0 10.0
596.0 166.0 20.0 10.0
574.0 206.0 20.0 10.0
213.0 25.0 20.0 10.0
605.0 165.0 20.0 10.0
1645.0 154.0 20.0 10.0
174.0 240.0 20.0 10.0
1166.0 222.0 20.0 10.0
178.0 907.0 20.0 10.0
194.0 881.0 20.0 10.0
184.0 854.0 20.0 10.0
359.0 727.0 20.0 10.0
351.0 755.0 20.0 10.0
462.0 794.0 20.0 10.0
166.0 934.0 20.0 10.0
798.0 553.0 20.0 10.0
1424.0 137.0 20.0 10.0
1555.0 134.0 20.0 10.0
25.0 815.0 20.0 10.0
1575.0 235.0 20.0 10.0
1441.0 116.0 20.0 10.0
975.0 216.0 20.0 10.0
117.0 731.0 20.0 10.0
138.0 762.0 20.0 10.0
1431.0 93.0 20.0 10.0
1649.0 265.0 20.0 10.0
909.0 240.0 20.0 10.0
368.0 206.0 20.0 10.0
398.0 709.0 20.0 10.0
377.0 732.0 20.0 10.0
1303.0 232.0 20.0 10.0
767.0 345.0 20.0 10.0
196.0 252.0 20.0 10.0
225.0 258.0 20.0 10.0
1104.0 258.0 20.0 10.0
1567.0 217.0 20.0 10.0
432.0 790.0 20.0 10.0
400.0 795.0 20.0 10.0
330.0 130.0 20.0 10.0
558.0 254.0 20.0 10.0
339.0 178.0 20.0 10.0
1422.0 165.0 20.0 10.0
120.0 277.0 20.0 10.0
144.0 289.0 20.0 10.0
369.0 234.0 20.0 10.0
1441.0 55.0 20.0 10.0
781.0 256.0 20.0 10.0
784.0 285.0 20.0 10.0
820.0 337.0 20.0 10.0
840.0 273.0 20.0 10.0
169.0 872.0 20.0 10.0
487.0 797.0 20.0 10.0
117.0 881.0 20.0 10.0
809.0 449.0 20.0 10.0
803.0 411.0 20.0 10.0
1141.0 217.0 20.0 10.0
91.0 657.0 20.0 10.0
1574.0 170.0 20.0 10.0
1545.0 164.0 20.0 10.0
274.0 94.0 20.0 10.0
69.0 369.0 20.0 10.0
340.0 151.0 20.0 10.0
88.0 866.0 20.0 10.0
364.0 791.0 20.0 10.0
796.0 398.0 20.0 10.0
796.0 371.0 20.0 10.0
272.0 821.0 20.0 10.0
245.0 808.0 20.0 10.0
1363.0 195.0 20.0 10.0
480.0 234.0 20.0 10.0
349.0 249.0 20.0 10.0
783.0 509.0 20.0 10.0
46.0 305.0 20.0 10.0
504.0 247.0 20.0 10.0
396.0 237.0 20.0 10.0
113.0 785.0 20.0 10.0
142.0 799.0 20.0 10.0
1079.0 260.0 20.0 10.0
791.0 329.0 20.0 10.0
612.0 261.0 20.0 10.0
254.0 73.0 20.0 10.0
208.0 49.0 20.0 10.0
1620.0 108.0 20.0 10.0
1607.0 129.0 20.0 10.0
1459.0 188.0 20.0 10.0
1505.0 183.0 20.0 10.0
309.0 175.0 20.0 10.0
485.0 784.0 20.0 10.0
302.0 260.0 20.0 10.0
1636.0 121.0 20.0 10.0
1456.0 91.0 20.0 10.0
836.0 591.0 20.0 10.0
832.0 572.0 20.0 10.0
827.0 550.0 20.0 10.0
71.0 306.0 20.0 10.0
206.0 236.0 20.0 10.0
53.0 906.0 20.0 10.0
69.0 890.0 20.0 10.0
433.0 220.0 20.0 10.0
193.0 785.0 20.0 10.0
199.0 818.0 20.0 10.0
170.0 761.0 20.0 10.0
787.0 301.0 20.0 10.0
1411.0 191.0 20.0 10.0
1438.0 71.0 20.0 10.0
801.0 275.0 20.0 10.0
828.0 277.0 20.0 10.0
142.0 873.0 20.0 10.0
1688.0 255.0 20.0 10.0
1674.0 248.0 20.0 10.0
1655.0 240.0 20.0 10.0
780.0 484.0 20.0 10.0
287.0 796.0 20.0 10.0
417.0 695.0 20.0 10.0
118.0 827.0 20.0 10.0
120.0 849.0 20.0 10.0
24.0 827.0 20.0 10.0
1667.0 143.0 20.0 10.0
1648.0 143.0 20.0 10.0
