200
419.0 823.0 20.0 10.0
1224.0 72.0 20.0 10.0
402.0 1039.0 20.0 10.0
972.0 272.0 20.0 10.0
78.0 1272.0 20.0 10.0
1257.0 123.0 20.0 10.0
1048.0 141.0 20.0 10.0
222.0 1081.0 20.0 10.0
702.0 649.0 20.0 10.0
649.0 685.0 20.0 10.0
1237.0 886.0 20.0 10.0
1072.0 242.0 20.0 10.0
1061.0 165.0 20.0 10.0
1086.0 182.0 20.0 10.0
1084.0 220.0 20.0 10.0
1050.0 260.0 20.0 10.0
166.0 1143.0 20.0 10.0
796.0 482.0 20.0 10.0
915.0 398.0 20.0 10.0
423.0 554.0 20.0 10.0
64.0 1292.0 20.0 10.0
74.0 1277.0 20.0 10.0
283.0 994.0 20.0 10.0
639.0 721.0 20.0 10.0
1168.0 128.0 20.0 10.0
536.0 937.0 20.0 10.0
1066.0 809.0 20.0 10.0
1030.0 784.0 20.0 10.0
600.0 789.0 20.0 10.0
966.0 409.0 20.0 10.0
1149.0 189.0 20.0 10.0
1204.0 856.0 20.0 10.0
1072.0 878.0 20.0 10.0
1101.0 104.0 20.0 10.0
375.0 863.0 20.0 10.0
577.0 680.0 20.0 10.0
1106.0 127.0 20.0 10.0
300.0 1034.0 20.0 10.0
1122.0 190.0 20.0 10.0
481.0 938.0 20.0 10.0
506.0 908.0 20.0 10.0
995.0 286.0 20.0 10.0
193.0 1097.0 20.0 10.0
210.0 1074.0 20.0 10.0
449.0 553.0 20.0 10.0
406.0 798.0 20.0 10.0
499.0 791.0 20.0 10.0
1172.0 949.0 20.0 10.0
1100.0 120.0 20.0 10.0
595.0 713.0 20.0 10.0
536.0 559.0 20.0 10.0
382.0 887.0 20.0 10.0
1270.0 66.0 20.0 10.0
958.0 309.0 20.0 10.0
814.0 405.0 20.0 10.0
1258.0 76.0 20.0 10.0
1005.0 782.0 20.0 10.0
1022.0 759.0 20.0 10.0
1224.0 879.0 20.0 10.0
47.0 1247.0 20.0 10.0
65.0 1222.0 20.0 10.0
297.0 940.0 20.0 10.0
106.0 1213.0 20.0 10.0
540.0 593.0 20.0 10.0
453.0 727.0 20.0 10.0
480.0 738.0 20.0 10.0
512.0 743.0 20.0 10.0
545.0 752.0 20.0 10.0
1101.0 152.0 20.0 10.0
835.0 661.0 20.0 10.0
796.0 638.0 20.0 10.0
539.0 575.0 20.0 10.0
703.0 620.0 20.0 10.0
982.0 798.0 20.0 10.0
1125.0 862.0 20.0 10.0
530.0 638.0 20.0 10.0
556.0 648.0 20.0 10.0
971.0 714.0 20.0 10.0
494.0 720.0 20.0 10.0
1170.0 935.0 20.0 10.0
535.0 915.0 20.0 10.0
1192.0 863.0 20.0 10.0
89.0 1202.0 20.0 10.0
784.0 536.0 20.0 10.0
1246.0 38.0 20.0 10.0
1104.0 831.0 20.0 10.0
1256.0 25.0 20.0 10.0
991.0 759.0 20.0 10.0
953.0 734.0 20.0 10.0
915.0 709.0 20.0 10.0
1011.0 266.0 20.0 10.0
1075.0 124.0 20.0 10.0
1083.0 150.0 20.0 10.0
1226.0 118.0 20.0 10.0
799.0 424.0 20.0 10.0
446.0 1000.0 20.0 10.0
783.0 463.0 20.0 10.0
34.0 1271.0 20.0 10.0
1039.0 147.0 20.0 10.0
1204.0 104.0 20.0 10.0
1293.0 92.0 20.0 10.0
188.0 1124.0 20.0 10.0
307.0 1014.0 20.0 10.0
337.0 1020.0 20.0 10.0
445.0 698.0 20.0 10.0
177.0 1113.0 20.0 10.0
867.0 472.0 20.0 10.0
784.0 445.0 20.0 10.0
400.0 805.0 20.0 10.0
820.0 465.0 20.0 10.0
1157.0 158.0 20.0 10.0
932.0 686.0 20.0 10.0
427.0 547.0 20.0 10.0
404.0 869.0 20.0 10.0
362.0 911.0 20.0 10.0
452.0 963.0 20.0 10.0
1015.0 300.0 20.0 10.0
979.0 340.0 20.0 10.0
438.0 558.0 20.0 10.0
1279.0 118.0 20.0 10.0
897.0 729.0 20.0 10.0
450.0 830.0 20.0 10.0
1173.0 844.0 20.0 10.0
1130.0 949.0 20.0 10.0
1306.0 75.0 20.0 10.0
1185.0 165.0 20.0 10.0
504.0 639.0 20.0 10.0
1059.0 895.0 20.0 10.0
1178.0 1008.0 20.0 10.0
366.0 1015.0 20.0 10.0
394.0 1002.0 20.0 10.0
425.0 987.0 20.0 10.0
534.0 544.0 20.0 10.0
417.0 706.0 20.0 10.0
1074.0 839.0 20.0 10.0
533.0 883.0 20.0 10.0
555.0 853.0 20.0 10.0
575.0 820.0 20.0 10.0
1051.0 112.0 20.0 10.0
1082.0 788.0 20.0 10.0
876.0 685.0 20.0 10.0
595.0 828.0 20.0 10.0
1151.0 912.0 20.0 10.0
1140.0 894.0 20.0 10.0
386.0 1046.0 20.0 10.0
509.0 931.0 20.0 10.0
1271.0 885.0 20.0 10.0
1253.0 880.0 20.0 10.0
1229.0 867.0 20.0 10.0
432.0 710.0 20.0 10.0
939.0 381.0 20.0 10.0
390.0 1028.0 20.0 10.0
1203.0 94.0 20.0 10.0
228.0 1056.0 20.0 10.0
904.0 426.0 20.0 10.0
460.0 716.0 20.0 10.0
484.0 991.0 20.0 10.0
466.0 982.0 20.0 10.0
1194.0 987.0 20.0 10.0
1183.0 970.0 20.0 10.0
246.0 1034.0 20.0 10.0
1245.0 96.0 20.0 10.0
322.0 952.0 20.0 10.0
95.0 1254.0 20.0 10.0
487.0 640.0 20.0 10.0
1139.0 835.0 20.0 10.0
120.0 1187.0 20.0 10.0
455.0 569.0 20.0 10.0
475.0 586.0 20.0 10.0
1190.0 129.0 20.0 10.0
1149.0 927.0 20.0 10.0
622.0 756.0 20.0 10.0
441.0 536.0 20.0 10.0
1218.0 141.0 20.0 10.0
378.0 850.0 20.0 10.0
503.0 600.0 20.0 10.0
532.0 619.0 20.0 10.0
884.0 447.0 20.0 10.0
1099.0 883.0 20.0 10.0
1160.0 853.0 20.0 10.0
415.0 1019.0 20.0 10.0
1288.0 890.0 20.0 10.0
1056.0 861.0 20.0 10.0
109.0 1224.0 20.0 10.0
304.0 974.0 20.0 10.0
25.0 1291.0 20.0 10.0
147.0 1151.0 20.0 10.0
296.0 948.0 20.0 10.0
384.0 1061.0 20.0 10.0
781.0 507.0 20.0 10.0
335.0 903.0 20.0 10.0
945.0 394.0 20.0 10.0
998.0 316.0 20.0 10.0
1205.0 998.0 20.0 10.0
1235.0 53.0 20.0 10.0
831.0 518.0 20.0 10.0
793.0 566.0 20.0 10.0
755.0 615.0 20.0 10.0
939.0 328.0 20.0 10.0
949.0 352.0 20.0 10.0
