200
1107.0 528.0 20.0 10.0
214.0 641.0 20.0 10.0
222.0 556.0 20.0 10.0
251.0 561.0 20.0 10.0
594.0 365.0 20.0 10.0
871.0 194.0 20.0 10.0
833.0 884.0 20.0 10.0
950.0 358.0 20.0 10.0
926.0 367.0 20.0 10.0
508.0 885.0 20.0 10.0
95.0 939.0 20.0 10.0
852.0 176.0 20.0 10.0
690.0 315.0 20.0 10.0
960.0 64.0 20.0 10.0
1061.0 442.0 20.0 10.0
316.0 864.0 20.0 10.0
472.0 459.0 20.0 10.0
518.0 435.0 20.0 10.0
308.0 523.0 20.0 10.0
337.0 521.0 20.0 10.0
80.0 961.0 20.0 10.0
799.0 889.0 20.0 10.0
931.0 73.0 20.0 10.0
661.0 852.0 20.0 10.0
635.0 872.0 20.0 10.0
1371.0 487.0 20.0 10.0
338.0 940.0 20.0 10.0
936.0 66.0 20.0 10.0
1216.0 469.0 20.0 10.0
1172.0 466.0 20.0 10.0
209.0 570.0 20.0 10.0
763.0 328.0 20.0 10.0
83.0 624.0 20.0 10.0
865.0 223.0 20.0 10.0
86.0 752.0 20.0 10.0
913.0 138.0 20.0 10.0
186.0 611.0 20.0 10.0
613.0 119.0 20.0 10.0
623.0 132.0 20.0 10.0
632.0 210.0 20.0 10.0
662.0 888.0 20.0 10.0
913.0 905.0 20.0 10.0
1127.0 461.0 20.0 10.0
458.0 784.0 20.0 10.0
439.0 796.0 20.0 10.0
1153.0 698.0 20.0 10.0
25.0 884.0 20.0 10.0
47.0 882.0 20.0 10.0
75.0 874.0 20.0 10.0
919.0 874.0 20.0 10.0
816.0 314.0 20.0 10.0
839.0 268.0 20.0 10.0
1123.0 621.0 20.0 10.0
1080.0 458.0 20.0 10.0
1033.0 441.0 20.0 10.0
918.0 265.0 20.0 10.0
892.0 252.0 20.0 10.0
862.0 251.0 20.0 10.0
601.0 862.0 20.0 10.0
573.0 880.0 20.0 10.0
589.0 907.0 20.0 10.0
619.0 901.0 20.0 10.0
378.0 836.0 20.0 10.0
1165.0 582.0 20.0 10.0
25.0 986.0 20.0 10.0
951.0 524.0 20.0 10.0
942.0 400.0 20.0 10.0
899.0 373.0 20.0 10.0
858.0 345.0 20.0 10.0
278.0 874.0 20.0 10.0
1166.0 449.0 20.0 10.0
493.0 416.0 20.0 10.0
593.0 832.0 20.0 10.0
168.0 848.0 20.0 10.0
132.0 832.0 20.0 10.0
98.0 848.0 20.0 10.0
60.0 633.0 20.0 10.0
1298.0 480.0 20.0 10.0
1258.0 474.0 20.0 10.0
1441.0 483.0 20.0 10.0
266.0 543.0 20.0 10.0
911.0 576.0 20.0 10.0
923.0 557.0 20.0 10.0
409.0 378.0 20.0 10.0
637.0 155.0 20.0 10.0
197.0 945.0 20.0 10.0
205.0 915.0 20.0 10.0
890.0 595.0 20.0 10.0
905.0 581.0 20.0 10.0
174.0 880.0 20.0 10.0
396.0 478.0 20.0 10.0
241.0 893.0 20.0 10.0
485.0 443.0 20.0 10.0
686.0 832.0 20.0 10.0
726.0 364.0 20.0 10.0
710.0 343.0 20.0 10.0
449.0 387.0 20.0 10.0
463.0 410.0 20.0 10.0
895.0 213.0 20.0 10.0
899.0 492.0 20.0 10.0
248.0 934.0 20.0 10.0
973.0 49.0 20.0 10.0
646.0 234.0 20.0 10.0
1449.0 501.0 20.0 10.0
1427.0 496.0 20.0 10.0
1239.0 468.0 20.0 10.0
381.0 502.0 20.0 10.0
426.0 481.0 20.0 10.0
1338.0 468.0 20.0 10.0
1322.0 473.0 20.0 10.0
232.0 589.0 20.0 10.0
1335.0 484.0 20.0 10.0
1423.0 485.0 20.0 10.0
927.0 100.0 20.0 10.0
955.0 91.0 20.0 10.0
1135.0 527.0 20.0 10.0
119.0 748.0 20.0 10.0
119.0 769.0 20.0 10.0
621.0 158.0 20.0 10.0
886.0 149.0 20.0 10.0
905.0 107.0 20.0 10.0
539.0 882.0 20.0 10.0
171.0 584.0 20.0 10.0
132.0 941.0 20.0 10.0
169.0 931.0 20.0 10.0
661.0 365.0 20.0 10.0
387.0 769.0 20.0 10.0
377.0 788.0 20.0 10.0
361.0 813.0 20.0 10.0
948.0 25.0 20.0 10.0
1400.0 491.0 20.0 10.0
926.0 500.0 20.0 10.0
944.0 476.0 20.0 10.0
1154.0 457.0 20.0 10.0
613.0 388.0 20.0 10.0
324.0 919.0 20.0 10.0
303.0 895.0 20.0 10.0
268.0 900.0 20.0 10.0
231.0 900.0 20.0 10.0
897.0 124.0 20.0 10.0
213.0 615.0 20.0 10.0
861.0 897.0 20.0 10.0
423.0 398.0 20.0 10.0
1095.0 492.0 20.0 10.0
658.0 258.0 20.0 10.0
673.0 285.0 20.0 10.0
923.0 170.0 20.0 10.0
108.0 614.0 20.0 10.0
137.0 600.0 20.0 10.0
294.0 541.0 20.0 10.0
149.0 595.0 20.0 10.0
371.0 871.0 20.0 10.0
353.0 846.0 20.0 10.0
1187.0 608.0 20.0 10.0
1177.0 596.0 20.0 10.0
914.0 471.0 20.0 10.0
230.0 932.0 20.0 10.0
843.0 202.0 20.0 10.0
42.0 974.0 20.0 10.0
65.0 958.0 20.0 10.0
1146.0 683.0 20.0 10.0
1138.0 665.0 20.0 10.0
1131.0 644.0 20.0 10.0
264.0 991.0 20.0 10.0
943.0 42.0 20.0 10.0
92.0 786.0 20.0 10.0
863.0 834.0 20.0 10.0
862.0 865.0 20.0 10.0
423.0 386.0 20.0 10.0
439.0 811.0 20.0 10.0
416.0 816.0 20.0 10.0
890.0 884.0 20.0 10.0
201.0 872.0 20.0 10.0
260.0 965.0 20.0 10.0
117.0 799.0 20.0 10.0
388.0 834.0 20.0 10.0
891.0 180.0 20.0 10.0
97.0 773.0 20.0 10.0
910.0 83.0 20.0 10.0
969.0 117.0 20.0 10.0
942.0 119.0 20.0 10.0
565.0 411.0 20.0 10.0
1466.0 504.0 20.0 10.0
228.0 617.0 20.0 10.0
898.0 600.0 20.0 10.0
253.0 592.0 20.0 10.0
736.0 904.0 20.0 10.0
766.0 896.0 20.0 10.0
25.0 647.0 20.0 10.0
41.0 642.0 20.0 10.0
77.0 909.0 20.0 10.0
941.0 530.0 20.0 10.0
962.0 500.0 20.0 10.0
973.0 464.0 20.0 10.0
984.0 427.0 20.0 10.0
627.0 182.0 20.0 10.0
636.0 222.0 20.0 10.0
1142.0 572.0 20.0 10.0
1117.0 595.0 20.0 10.0
1115.0 563.0 20.0 10.0
