200
344.0 968.0 20.0 10.0
332.0 946.0 20.0 10.0
215.0 979.0 20.0 10.0
228.0 965.0 20.0 10.0
248.0 938.0 20.0 10.0
738.0 719.0 20.0 10.0
707.0 728.0 20.0 10.0
640.0 729.0 20.0 10.0
489.0 311.0 20.0 10.0
267.0 917.0 20.0 10.0
302.0 126.0 20.0 10.0
310.0 154.0 20.0 10.0
760.0 458.0 20.0 10.0
420.0 180.0 20.0 10.0
428.0 207.0 20.0 10.0
414.0 231.0 20.0 10.0
984.0 753.0 20.0 10.0
895.0 498.0 20.0 10.0
622.0 967.0 20.0 10.0
598.0 622.0 20.0 10.0
563.0 246.0 20.0 10.0
679.0 648.0 20.0 10.0
778.0 731.0 20.0 10.0
766.0 708.0 20.0 10.0
530.0 761.0 20.0 10.0
497.0 795.0 20.0 10.0
442.0 270.0 20.0 10.0
394.0 252.0 20.0 10.0
568.0 578.0 20.0 10.0
1042.0 911.0 20.0 10.0
543.0 258.0 20.0 10.0
514.0 261.0 20.0 10.0
1009.0 704.0 20.0 10.0
989.0 728.0 20.0 10.0
84.0 507.0 20.0 10.0
262.0 62.0 20.0 10.0
275.0 89.0 20.0 10.0
562.0 307.0 20.0 10.0
533.0 309.0 20.0 10.0
490.0 286.0 20.0 10.0
959.0 527.0 20.0 10.0
944.0 516.0 20.0 10.0
920.0 725.0 20.0 10.0
667.0 352.0 20.0 10.0
645.0 339.0 20.0 10.0
618.0 350.0 20.0 10.0
568.0 927.0 20.0 10.0
995.0 840.0 20.0 10.0
976.0 811.0 20.0 10.0
956.0 781.0 20.0 10.0
923.0 790.0 20.0 10.0
888.0 784.0 20.0 10.0
864.0 760.0 20.0 10.0
860.0 729.0 20.0 10.0
770.0 391.0 20.0 10.0
488.0 682.0 20.0 10.0
310.0 264.0 20.0 10.0
655.0 994.0 20.0 10.0
640.0 981.0 20.0 10.0
29.0 499.0 20.0 10.0
887.0 711.0 20.0 10.0
541.0 905.0 20.0 10.0
274.0 935.0 20.0 10.0
1036.0 702.0 20.0 10.0
561.0 725.0 20.0 10.0
1009.0 925.0 20.0 10.0
1018.0 898.0 20.0 10.0
1011.0 868.0 20.0 10.0
1042.0 939.0 20.0 10.0
720.0 688.0 20.0 10.0
700.0 708.0 20.0 10.0
528.0 620.0 20.0 10.0
544.0 648.0 20.0 10.0
162.0 100.0 20.0 10.0
277.0 198.0 20.0 10.0
870.0 483.0 20.0 10.0
841.0 467.0 20.0 10.0
528.0 209.0 20.0 10.0
534.0 236.0 20.0 10.0
784.0 699.0 20.0 10.0
676.0 727.0 20.0 10.0
965.0 713.0 20.0 10.0
179.0 113.0 20.0 10.0
295.0 889.0 20.0 10.0
25.0 887.0 20.0 10.0
44.0 888.0 20.0 10.0
67.0 890.0 20.0 10.0
540.0 619.0 20.0 10.0
344.0 136.0 20.0 10.0
349.0 165.0 20.0 10.0
247.0 947.0 20.0 10.0
522.0 628.0 20.0 10.0
207.0 315.0 20.0 10.0
106.0 458.0 20.0 10.0
771.0 410.0 20.0 10.0
146.0 857.0 20.0 10.0
393.0 971.0 20.0 10.0
386.0 954.0 20.0 10.0
377.0 925.0 20.0 10.0
920.0 659.0 20.0 10.0
920.0 690.0 20.0 10.0
346.0 235.0 20.0 10.0
332.0 192.0 20.0 10.0
155.0 407.0 20.0 10.0
956.0 742.0 20.0 10.0
24.0 528.0 20.0 10.0
414.0 816.0 20.0 10.0
301.0 241.0 20.0 10.0
329.0 251.0 20.0 10.0
823.0 402.0 20.0 10.0
152.0 379.0 20.0 10.0
181.0 378.0 20.0 10.0
207.0 348.0 20.0 10.0
237.0 318.0 20.0 10.0
895.0 750.0 20.0 10.0
809.0 449.0 20.0 10.0
776.0 430.0 20.0 10.0
288.0 121.0 20.0 10.0
260.0 103.0 20.0 10.0
232.0 108.0 20.0 10.0
205.0 122.0 20.0 10.0
306.0 336.0 20.0 10.0
294.0 330.0 20.0 10.0
276.0 315.0 20.0 10.0
273.0 290.0 20.0 10.0
633.0 698.0 20.0 10.0
52.0 527.0 20.0 10.0
57.0 500.0 20.0 10.0
669.0 647.0 20.0 10.0
657.0 672.0 20.0 10.0
744.0 438.0 20.0 10.0
741.0 407.0 20.0 10.0
858.0 785.0 20.0 10.0
602.0 951.0 20.0 10.0
580.0 932.0 20.0 10.0
553.0 909.0 20.0 10.0
523.0 886.0 20.0 10.0
493.0 858.0 20.0 10.0
245.0 177.0 20.0 10.0
179.0 889.0 20.0 10.0
695.0 636.0 20.0 10.0
604.0 720.0 20.0 10.0
335.0 109.0 20.0 10.0
599.0 588.0 20.0 10.0
834.0 684.0 20.0 10.0
862.0 690.0 20.0 10.0
576.0 331.0 20.0 10.0
474.0 662.0 20.0 10.0
503.0 705.0 20.0 10.0
532.0 716.0 20.0 10.0
176.0 145.0 20.0 10.0
193.0 149.0 20.0 10.0
220.0 152.0 20.0 10.0
799.0 396.0 20.0 10.0
916.0 516.0 20.0 10.0
264.0 894.0 20.0 10.0
727.0 384.0 20.0 10.0
700.0 389.0 20.0 10.0
658.0 371.0 20.0 10.0
311.0 216.0 20.0 10.0
177.0 344.0 20.0 10.0
513.0 231.0 20.0 10.0
922.0 494.0 20.0 10.0
129.0 884.0 20.0 10.0
166.0 876.0 20.0 10.0
204.0 872.0 20.0 10.0
299.0 943.0 20.0 10.0
294.0 914.0 20.0 10.0
329.0 916.0 20.0 10.0
360.0 897.0 20.0 10.0
373.0 861.0 20.0 10.0
326.0 866.0 20.0 10.0
285.0 862.0 20.0 10.0
244.0 868.0 20.0 10.0
856.0 807.0 20.0 10.0
873.0 777.0 20.0 10.0
854.0 836.0 20.0 10.0
95.0 884.0 20.0 10.0
591.0 664.0 20.0 10.0
564.0 680.0 20.0 10.0
465.0 830.0 20.0 10.0
419.0 846.0 20.0 10.0
920.0 632.0 20.0 10.0
460.0 655.0 20.0 10.0
131.0 844.0 20.0 10.0
1020.0 732.0 20.0 10.0
574.0 605.0 20.0 10.0
574.0 642.0 20.0 10.0
49.0 476.0 20.0 10.0
79.0 478.0 20.0 10.0
555.0 578.0 20.0 10.0
147.0 89.0 20.0 10.0
360.0 834.0 20.0 10.0
106.0 898.0 20.0 10.0
244.0 25.0 20.0 10.0
252.0 41.0 20.0 10.0
77.0 432.0 20.0 10.0
100.0 425.0 20.0 10.0
128.0 432.0 20.0 10.0
328.0 164.0 20.0 10.0
