200
488.0 967.0 20.0 10.0
449.0 962.0 20.0 10.0
382.0 687.0 20.0 10.0
222.0 1013.0 20.0 10.0
252.0 1021.0 20.0 10.0
273.0 996.0 20.0 10.0
121.0 709.0 20.0 10.0
206.0 987.0 20.0 10.0
336.0 235.0 20.0 10.0
826.0 614.0 20.0 10.0
67.0 514.0 20.0 10.0
860.0 199.0 20.0 10.0
837.0 208.0 20.0 10.0
292.0 296.0 20.0 10.0
506.0 673.0 20.0 10.0
484.0 652.0 20.0 10.0
453.0 669.0 20.0 10.0
418.0 680.0 20.0 10.0
99.0 733.0 20.0 10.0
710.0 1007.0 20.0 10.0
627.0 402.0 20.0 10.0
102.0 491.0 20.0 10.0
123.0 483.0 20.0 10.0
155.0 466.0 20.0 10.0
502.0 147.0 20.0 10.0
234.0 1071.0 20.0 10.0
409.0 958.0 20.0 10.0
367.0 959.0 20.0 10.0
25.0 592.0 20.0 10.0
861.0 669.0 20.0 10.0
463.0 697.0 20.0 10.0
690.0 1003.0 20.0 10.0
361.0 396.0 20.0 10.0
355.0 365.0 20.0 10.0
278.0 380.0 20.0 10.0
310.0 388.0 20.0 10.0
357.0 439.0 20.0 10.0
622.0 291.0 20.0 10.0
542.0 25.0 20.0 10.0
587.0 908.0 20.0 10.0
565.0 921.0 20.0 10.0
235.0 928.0 20.0 10.0
166.0 458.0 20.0 10.0
189.0 446.0 20.0 10.0
227.0 428.0 20.0 10.0
268.0 411.0 20.0 10.0
583.0 593.0 20.0 10.0
675.0 789.0 20.0 10.0
888.0 650.0 20.0 10.0
90.0 880.0 20.0 10.0
179.0 623.0 20.0 10.0
183.0 655.0 20.0 10.0
256.0 487.0 20.0 10.0
246.0 1047.0 20.0 10.0
541.0 129.0 20.0 10.0
568.0 314.0 20.0 10.0
59.0 925.0 20.0 10.0
91.0 498.0 20.0 10.0
652.0 802.0 20.0 10.0
44.0 514.0 20.0 10.0
909.0 784.0 20.0 10.0
855.0 609.0 20.0 10.0
847.0 638.0 20.0 10.0
344.0 696.0 20.0 10.0
760.0 535.0 20.0 10.0
118.0 924.0 20.0 10.0
334.0 254.0 20.0 10.0
363.0 258.0 20.0 10.0
584.0 311.0 20.0 10.0
359.0 422.0 20.0 10.0
581.0 40.0 20.0 10.0
554.0 48.0 20.0 10.0
91.0 712.0 20.0 10.0
539.0 68.0 20.0 10.0
539.0 97.0 20.0 10.0
306.0 705.0 20.0 10.0
911.0 629.0 20.0 10.0
310.0 974.0 20.0 10.0
911.0 753.0 20.0 10.0
74.0 745.0 20.0 10.0
584.0 290.0 20.0 10.0
239.0 957.0 20.0 10.0
256.0 399.0 20.0 10.0
285.0 402.0 20.0 10.0
230.0 1042.0 20.0 10.0
753.0 475.0 20.0 10.0
722.0 477.0 20.0 10.0
250.0 930.0 20.0 10.0
633.0 995.0 20.0 10.0
161.0 1015.0 20.0 10.0
177.0 987.0 20.0 10.0
883.0 730.0 20.0 10.0
585.0 972.0 20.0 10.0
557.0 973.0 20.0 10.0
46.0 988.0 20.0 10.0
379.0 298.0 20.0 10.0
397.0 337.0 20.0 10.0
447.0 326.0 20.0 10.0
598.0 996.0 20.0 10.0
562.0 988.0 20.0 10.0
749.0 518.0 20.0 10.0
26.0 884.0 20.0 10.0
54.0 893.0 20.0 10.0
86.0 905.0 20.0 10.0
152.0 944.0 20.0 10.0
508.0 275.0 20.0 10.0
496.0 316.0 20.0 10.0
145.0 978.0 20.0 10.0
236.0 773.0 20.0 10.0
422.0 305.0 20.0 10.0
227.0 701.0 20.0 10.0
412.0 993.0 20.0 10.0
390.0 977.0 20.0 10.0
969.0 755.0 20.0 10.0
518.0 169.0 20.0 10.0
695.0 258.0 20.0 10.0
659.0 273.0 20.0 10.0
789.0 733.0 20.0 10.0
758.0 746.0 20.0 10.0
249.0 744.0 20.0 10.0
436.0 706.0 20.0 10.0
275.0 682.0 20.0 10.0
266.0 715.0 20.0 10.0
243.0 460.0 20.0 10.0
245.0 434.0 20.0 10.0
325.0 960.0 20.0 10.0
282.0 964.0 20.0 10.0
467.0 984.0 20.0 10.0
165.0 957.0 20.0 10.0
193.0 958.0 20.0 10.0
969.0 786.0 20.0 10.0
726.0 755.0 20.0 10.0
42.0 604.0 20.0 10.0
63.0 623.0 20.0 10.0
699.0 771.0 20.0 10.0
878.0 191.0 20.0 10.0
163.0 602.0 20.0 10.0
852.0 195.0 20.0 10.0
342.0 193.0 20.0 10.0
657.0 1005.0 20.0 10.0
328.0 210.0 20.0 10.0
682.0 268.0 20.0 10.0
664.0 992.0 20.0 10.0
87.0 924.0 20.0 10.0
34.0 877.0 20.0 10.0
758.0 237.0 20.0 10.0
729.0 247.0 20.0 10.0
93.0 979.0 20.0 10.0
321.0 293.0 20.0 10.0
355.0 294.0 20.0 10.0
813.0 216.0 20.0 10.0
787.0 225.0 20.0 10.0
353.0 222.0 20.0 10.0
188.0 688.0 20.0 10.0
25.0 535.0 20.0 10.0
42.0 525.0 20.0 10.0
334.0 174.0 20.0 10.0
88.0 644.0 20.0 10.0
117.0 664.0 20.0 10.0
147.0 685.0 20.0 10.0
736.0 500.0 20.0 10.0
528.0 971.0 20.0 10.0
574.0 359.0 20.0 10.0
608.0 385.0 20.0 10.0
544.0 327.0 20.0 10.0
71.0 998.0 20.0 10.0
355.0 324.0 20.0 10.0
782.0 468.0 20.0 10.0
602.0 585.0 20.0 10.0
311.0 803.0 20.0 10.0
317.0 827.0 20.0 10.0
790.0 496.0 20.0 10.0
562.0 603.0 20.0 10.0
538.0 616.0 20.0 10.0
510.0 632.0 20.0 10.0
253.0 282.0 20.0 10.0
271.0 288.0 20.0 10.0
956.0 798.0 20.0 10.0
943.0 770.0 20.0 10.0
25.0 893.0 20.0 10.0
697.0 458.0 20.0 10.0
669.0 437.0 20.0 10.0
638.0 414.0 20.0 10.0
299.0 776.0 20.0 10.0
284.0 746.0 20.0 10.0
218.0 794.0 20.0 10.0
368.0 229.0 20.0 10.0
290.0 656.0 20.0 10.0
391.0 293.0 20.0 10.0
542.0 162.0 20.0 10.0
530.0 197.0 20.0 10.0
519.0 236.0 20.0 10.0
699.0 743.0 20.0 10.0
855.0 706.0 20.0 10.0
822.0 720.0 20.0 10.0
545.0 944.0 20.0 10.0
668.0 364.0 20.0 10.0
637.0 370.0 20.0 10.0
650.0 391.0 20.0 10.0
120.0 960.0 20.0 10.0
