200
687.0 166.0 20.0 10.0
2133.0 124.0 20.0 10.0
2127.0 152.0 20.0 10.0
2101.0 162.0 20.0 10.0
1562.0 367.0 20.0 10.0
92.0 98.0 20.0 10.0
1010.0 203.0 20.0 10.0
1016.0 231.0 20.0 10.0
1035.0 214.0 20.0 10.0
1526.0 306.0 20.0 10.0
1514.0 279.0 20.0 10.0
25.0 175.0 20.0 10.0
42.0 175.0 20.0 10.0
65.0 187.0 20.0 10.0
468.0 187.0 20.0 10.0
1949.0 327.0 20.0 10.0
97.0 145.0 20.0 10.0
28.0 434.0 20.0 10.0
46.0 462.0 20.0 10.0
77.0 465.0 20.0 10.0
1834.0 209.0 20.0 10.0
962.0 241.0 20.0 10.0
457.0 238.0 20.0 10.0
2359.0 65.0 20.0 10.0
2420.0 81.0 20.0 10.0
2399.0 62.0 20.0 10.0
1950.0 298.0 20.0 10.0
1947.0 351.0 20.0 10.0
1946.0 198.0 20.0 10.0
1890.0 204.0 20.0 10.0
583.0 209.0 20.0 10.0
1228.0 328.0 20.0 10.0
2290.0 178.0 20.0 10.0
2275.0 172.0 20.0 10.0
2258.0 164.0 20.0 10.0
1507.0 229.0 20.0 10.0
1544.0 365.0 20.0 10.0
708.0 183.0 20.0 10.0
736.0 174.0 20.0 10.0
809.0 266.0 20.0 10.0
1928.0 72.0 20.0 10.0
1342.0 199.0 20.0 10.0
1316.0 208.0 20.0 10.0
684.0 129.0 20.0 10.0
2212.0 114.0 20.0 10.0
971.0 214.0 20.0 10.0
406.0 249.0 20.0 10.0
384.0 239.0 20.0 10.0
378.0 210.0 20.0 10.0
2076.0 309.0 20.0 10.0
2064.0 309.0 20.0 10.0
2051.0 301.0 20.0 10.0
2323.0 120.0 20.0 10.0
2304.0 107.0 20.0 10.0
1218.0 319.0 20.0 10.0
1244.0 309.0 20.0 10.0
1767.0 204.0 20.0 10.0
1778.0 213.0 20.0 10.0
1720.0 215.0 20.0 10.0
2193.0 134.0 20.0 10.0
81.0 87.0 20.0 10.0
1941.0 365.0 20.0 10.0
2228.0 71.0 20.0 10.0
1919.0 38.0 20.0 10.0
1915.0 53.0 20.0 10.0
1899.0 74.0 20.0 10.0
238.0 149.0 20.0 10.0
2225.0 120.0 20.0 10.0
2214.0 148.0 20.0 10.0
1986.0 324.0 20.0 10.0
1499.0 251.0 20.0 10.0
522.0 207.0 20.0 10.0
459.0 204.0 20.0 10.0
733.0 219.0 20.0 10.0
751.0 197.0 20.0 10.0
2122.0 124.0 20.0 10.0
1662.0 216.0 20.0 10.0
1603.0 217.0 20.0 10.0
1310.0 240.0 20.0 10.0
1292.0 218.0 20.0 10.0
1957.0 233.0 20.0 10.0
99.0 99.0 20.0 10.0
120.0 108.0 20.0 10.0
2183.0 157.0 20.0 10.0
2149.0 151.0 20.0 10.0
2292.0 83.0 20.0 10.0
2276.0 103.0 20.0 10.0
2237.0 120.0 20.0 10.0
1481.0 222.0 20.0 10.0
2372.0 62.0 20.0 10.0
109.0 513.0 20.0 10.0
81.0 496.0 20.0 10.0
835.0 238.0 20.0 10.0
133.0 255.0 20.0 10.0
160.0 242.0 20.0 10.0
121.0 243.0 20.0 10.0
87.0 242.0 20.0 10.0
70.0 216.0 20.0 10.0
198.0 256.0 20.0 10.0
222.0 243.0 20.0 10.0
246.0 225.0 20.0 10.0
201.0 234.0 20.0 10.0
1630.0 208.0 20.0 10.0
117.0 266.0 20.0 10.0
1909.0 83.0 20.0 10.0
1885.0 96.0 20.0 10.0
1986.0 233.0 20.0 10.0
206.0 163.0 20.0 10.0
250.0 174.0 20.0 10.0
1225.0 341.0 20.0 10.0
1973.0 344.0 20.0 10.0
1872.0 117.0 20.0 10.0
224.0 141.0 20.0 10.0
1950.0 366.0 20.0 10.0
1532.0 195.0 20.0 10.0
1507.0 208.0 20.0 10.0
2240.0 157.0 20.0 10.0
323.0 176.0 20.0 10.0
2071.0 319.0 20.0 10.0
775.0 213.0 20.0 10.0
2236.0 74.0 20.0 10.0
2230.0 94.0 20.0 10.0
906.0 213.0 20.0 10.0
841.0 212.0 20.0 10.0
808.0 242.0 20.0 10.0
252.0 292.0 20.0 10.0
273.0 281.0 20.0 10.0
100.0 179.0 20.0 10.0
67.0 161.0 20.0 10.0
89.0 169.0 20.0 10.0
2303.0 185.0 20.0 10.0
2431.0 42.0 20.0 10.0
174.0 247.0 20.0 10.0
93.0 151.0 20.0 10.0
122.0 159.0 20.0 10.0
2019.0 163.0 20.0 10.0
704.0 144.0 20.0 10.0
162.0 114.0 20.0 10.0
165.0 127.0 20.0 10.0
163.0 154.0 20.0 10.0
68.0 251.0 20.0 10.0
1555.0 384.0 20.0 10.0
363.0 257.0 20.0 10.0
1227.0 264.0 20.0 10.0
1224.0 239.0 20.0 10.0
1228.0 215.0 20.0 10.0
1164.0 214.0 20.0 10.0
1099.0 214.0 20.0 10.0
1923.0 25.0 20.0 10.0
951.0 195.0 20.0 10.0
25.0 516.0 20.0 10.0
48.0 494.0 20.0 10.0
2416.0 47.0 20.0 10.0
712.0 134.0 20.0 10.0
2021.0 275.0 20.0 10.0
2006.0 254.0 20.0 10.0
1539.0 331.0 20.0 10.0
394.0 185.0 20.0 10.0
259.0 298.0 20.0 10.0
468.0 218.0 20.0 10.0
1851.0 158.0 20.0 10.0
1843.0 183.0 20.0 10.0
1656.0 198.0 20.0 10.0
1251.0 201.0 20.0 10.0
892.0 237.0 20.0 10.0
2312.0 85.0 20.0 10.0
2025.0 352.0 20.0 10.0
2018.0 339.0 20.0 10.0
2003.0 319.0 20.0 10.0
1381.0 231.0 20.0 10.0
733.0 146.0 20.0 10.0
41.0 254.0 20.0 10.0
60.0 249.0 20.0 10.0
399.0 204.0 20.0 10.0
339.0 202.0 20.0 10.0
292.0 213.0 20.0 10.0
1981.0 297.0 20.0 10.0
1962.0 269.0 20.0 10.0
2343.0 71.0 20.0 10.0
283.0 265.0 20.0 10.0
304.0 249.0 20.0 10.0
324.0 229.0 20.0 10.0
294.0 187.0 20.0 10.0
710.0 213.0 20.0 10.0
646.0 212.0 20.0 10.0
2038.0 292.0 20.0 10.0
2027.0 174.0 20.0 10.0
1999.0 184.0 20.0 10.0
1861.0 138.0 20.0 10.0
1228.0 290.0 20.0 10.0
113.0 120.0 20.0 10.0
140.0 129.0 20.0 10.0
1601.0 366.0 20.0 10.0
1583.0 358.0 20.0 10.0
2051.0 173.0 20.0 10.0
1117.0 234.0 20.0 10.0
1419.0 221.0 20.0 10.0
1356.0 220.0 20.0 10.0
1562.0 343.0 20.0 10.0
1543.0 219.0 20.0 10.0
