200
25.0 216.0 20.0 10.0
76.0 355.0 20.0 10.0
717.0 729.0 20.0 10.0
479.0 439.0 20.0 10.0
329.0 742.0 20.0 10.0
347.0 769.0 20.0 10.0
352.0 70.0 20.0 10.0
619.0 431.0 20.0 10.0
705.0 609.0 20.0 10.0
329.0 910.0 20.0 10.0
662.0 90.0 20.0 10.0
648.0 108.0 20.0 10.0
628.0 139.0 20.0 10.0
669.0 244.0 20.0 10.0
502.0 404.0 20.0 10.0
410.0 206.0 20.0 10.0
103.0 818.0 20.0 10.0
677.0 507.0 20.0 10.0
662.0 495.0 20.0 10.0
154.0 229.0 20.0 10.0
467.0 163.0 20.0 10.0
487.0 423.0 20.0 10.0
688.0 810.0 20.0 10.0
394.0 762.0 20.0 10.0
377.0 791.0 20.0 10.0
648.0 627.0 20.0 10.0
355.0 996.0 20.0 10.0
350.0 972.0 20.0 10.0
753.0 715.0 20.0 10.0
860.0 884.0 20.0 10.0
169.0 230.0 20.0 10.0
370.0 993.0 20.0 10.0
588.0 425.0 20.0 10.0
607.0 467.0 20.0 10.0
235.0 261.0 20.0 10.0
462.0 369.0 20.0 10.0
232.0 304.0 20.0 10.0
248.0 284.0 20.0 10.0
25.0 764.0 20.0 10.0
275.0 835.0 20.0 10.0
865.0 946.0 20.0 10.0
260.0 228.0 20.0 10.0
728.0 172.0 20.0 10.0
838.0 730.0 20.0 10.0
710.0 25.0 20.0 10.0
699.0 40.0 20.0 10.0
685.0 58.0 20.0 10.0
669.0 79.0 20.0 10.0
100.0 382.0 20.0 10.0
788.0 845.0 20.0 10.0
753.0 823.0 20.0 10.0
337.0 32.0 20.0 10.0
732.0 201.0 20.0 10.0
43.0 217.0 20.0 10.0
715.0 625.0 20.0 10.0
388.0 170.0 20.0 10.0
368.0 960.0 20.0 10.0
920.0 962.0 20.0 10.0
328.0 251.0 20.0 10.0
314.0 835.0 20.0 10.0
342.0 806.0 20.0 10.0
581.0 116.0 20.0 10.0
567.0 140.0 20.0 10.0
401.0 677.0 20.0 10.0
409.0 704.0 20.0 10.0
344.0 49.0 20.0 10.0
29.0 701.0 20.0 10.0
38.0 727.0 20.0 10.0
588.0 121.0 20.0 10.0
687.0 490.0 20.0 10.0
193.0 237.0 20.0 10.0
213.0 207.0 20.0 10.0
236.0 213.0 20.0 10.0
527.0 979.0 20.0 10.0
960.0 881.0 20.0 10.0
931.0 875.0 20.0 10.0
658.0 881.0 20.0 10.0
642.0 320.0 20.0 10.0
631.0 357.0 20.0 10.0
612.0 392.0 20.0 10.0
849.0 912.0 20.0 10.0
573.0 472.0 20.0 10.0
563.0 115.0 20.0 10.0
455.0 133.0 20.0 10.0
135.0 357.0 20.0 10.0
161.0 343.0 20.0 10.0
582.0 169.0 20.0 10.0
553.0 170.0 20.0 10.0
601.0 171.0 20.0 10.0
52.0 753.0 20.0 10.0
77.0 769.0 20.0 10.0
982.0 882.0 20.0 10.0
66.0 382.0 20.0 10.0
470.0 110.0 20.0 10.0
505.0 962.0 20.0 10.0
528.0 951.0 20.0 10.0
547.0 926.0 20.0 10.0
667.0 478.0 20.0 10.0
409.0 280.0 20.0 10.0
187.0 327.0 20.0 10.0
216.0 308.0 20.0 10.0
825.0 865.0 20.0 10.0
619.0 508.0 20.0 10.0
687.0 578.0 20.0 10.0
942.0 973.0 20.0 10.0
318.0 715.0 20.0 10.0
316.0 99.0 20.0 10.0
348.0 102.0 20.0 10.0
549.0 401.0 20.0 10.0
511.0 375.0 20.0 10.0
823.0 749.0 20.0 10.0
805.0 775.0 20.0 10.0
781.0 800.0 20.0 10.0
350.0 233.0 20.0 10.0
378.0 245.0 20.0 10.0
372.0 908.0 20.0 10.0
347.0 892.0 20.0 10.0
342.0 123.0 20.0 10.0
367.0 135.0 20.0 10.0
435.0 785.0 20.0 10.0
409.0 795.0 20.0 10.0
442.0 314.0 20.0 10.0
682.0 615.0 20.0 10.0
658.0 604.0 20.0 10.0
751.0 205.0 20.0 10.0
701.0 794.0 20.0 10.0
548.0 139.0 20.0 10.0
571.0 933.0 20.0 10.0
571.0 902.0 20.0 10.0
605.0 888.0 20.0 10.0
640.0 874.0 20.0 10.0
720.0 816.0 20.0 10.0
323.0 874.0 20.0 10.0
262.0 39.0 20.0 10.0
275.0 53.0 20.0 10.0
293.0 68.0 20.0 10.0
321.0 81.0 20.0 10.0
827.0 720.0 20.0 10.0
489.0 146.0 20.0 10.0
234.0 245.0 20.0 10.0
278.0 256.0 20.0 10.0
887.0 972.0 20.0 10.0
896.0 944.0 20.0 10.0
875.0 918.0 20.0 10.0
406.0 737.0 20.0 10.0
679.0 861.0 20.0 10.0
717.0 844.0 20.0 10.0
72.0 804.0 20.0 10.0
100.0 792.0 20.0 10.0
130.0 810.0 20.0 10.0
166.0 818.0 20.0 10.0
200.0 826.0 20.0 10.0
237.0 831.0 20.0 10.0
912.0 851.0 20.0 10.0
572.0 451.0 20.0 10.0
753.0 184.0 20.0 10.0
666.0 291.0 20.0 10.0
738.0 718.0 20.0 10.0
743.0 746.0 20.0 10.0
748.0 784.0 20.0 10.0
517.0 868.0 20.0 10.0
539.0 889.0 20.0 10.0
494.0 986.0 20.0 10.0
637.0 482.0 20.0 10.0
93.0 852.0 20.0 10.0
118.0 839.0 20.0 10.0
666.0 792.0 20.0 10.0
924.0 894.0 20.0 10.0
898.0 878.0 20.0 10.0
476.0 345.0 20.0 10.0
668.0 254.0 20.0 10.0
641.0 239.0 20.0 10.0
706.0 187.0 20.0 10.0
672.0 189.0 20.0 10.0
635.0 198.0 20.0 10.0
66.0 219.0 20.0 10.0
92.0 222.0 20.0 10.0
104.0 356.0 20.0 10.0
259.0 276.0 20.0 10.0
57.0 405.0 20.0 10.0
736.0 147.0 20.0 10.0
342.0 942.0 20.0 10.0
365.0 827.0 20.0 10.0
369.0 275.0 20.0 10.0
374.0 746.0 20.0 10.0
396.0 730.0 20.0 10.0
683.0 594.0 20.0 10.0
657.0 573.0 20.0 10.0
612.0 612.0 20.0 10.0
616.0 594.0 20.0 10.0
444.0 160.0 20.0 10.0
457.0 190.0 20.0 10.0
506.0 181.0 20.0 10.0
751.0 687.0 20.0 10.0
625.0 573.0 20.0 10.0
634.0 544.0 20.0 10.0
120.0 226.0 20.0 10.0
485.0 877.0 20.0 10.0
508.0 886.0 20.0 10.0
643.0 280.0 20.0 10.0
