200
933.0 363.0 20.0 10.0
1352.0 125.0 20.0 10.0
815.0 467.0 20.0 10.0
994.0 341.0 20.0 10.0
171.0 956.0 20.0 10.0
711.0 665.0 20.0 10.0
1449.0 60.0 20.0 10.0
1435.0 69.0 20.0 10.0
644.0 1040.0 20.0 10.0
822.0 1401.0 20.0 10.0
495.0 1054.0 20.0 10.0
687.0 1139.0 20.0 10.0
167.0 1163.0 20.0 10.0
1129.0 25.0 20.0 10.0
336.0 1028.0 20.0 10.0
675.0 1072.0 20.0 10.0
661.0 1065.0 20.0 10.0
192.0 839.0 20.0 10.0
211.0 850.0 20.0 10.0
773.0 488.0 20.0 10.0
643.0 794.0 20.0 10.0
600.0 776.0 20.0 10.0
179.0 964.0 20.0 10.0
195.0 958.0 20.0 10.0
224.0 953.0 20.0 10.0
686.0 1131.0 20.0 10.0
480.0 770.0 20.0 10.0
785.0 379.0 20.0 10.0
809.0 400.0 20.0 10.0
775.0 360.0 20.0 10.0
25.0 1251.0 20.0 10.0
41.0 1243.0 20.0 10.0
60.0 1235.0 20.0 10.0
849.0 343.0 20.0 10.0
870.0 364.0 20.0 10.0
443.0 736.0 20.0 10.0
791.0 1373.0 20.0 10.0
784.0 1336.0 20.0 10.0
766.0 1301.0 20.0 10.0
746.0 1266.0 20.0 10.0
639.0 1012.0 20.0 10.0
924.0 414.0 20.0 10.0
891.0 453.0 20.0 10.0
508.0 954.0 20.0 10.0
113.0 1218.0 20.0 10.0
873.0 319.0 20.0 10.0
1231.0 196.0 20.0 10.0
702.0 698.0 20.0 10.0
679.0 719.0 20.0 10.0
638.0 820.0 20.0 10.0
244.0 1139.0 20.0 10.0
232.0 1114.0 20.0 10.0
516.0 829.0 20.0 10.0
465.0 753.0 20.0 10.0
742.0 1220.0 20.0 10.0
1266.0 177.0 20.0 10.0
817.0 1428.0 20.0 10.0
299.0 918.0 20.0 10.0
326.0 942.0 20.0 10.0
1140.0 45.0 20.0 10.0
438.0 781.0 20.0 10.0
453.0 805.0 20.0 10.0
725.0 1227.0 20.0 10.0
875.0 469.0 20.0 10.0
1032.0 308.0 20.0 10.0
549.0 899.0 20.0 10.0
1419.0 81.0 20.0 10.0
1376.0 109.0 20.0 10.0
1399.0 95.0 20.0 10.0
1114.0 259.0 20.0 10.0
1164.0 61.0 20.0 10.0
790.0 1357.0 20.0 10.0
1312.0 153.0 20.0 10.0
954.0 375.0 20.0 10.0
149.0 1172.0 20.0 10.0
231.0 862.0 20.0 10.0
250.0 886.0 20.0 10.0
810.0 1390.0 20.0 10.0
269.0 962.0 20.0 10.0
501.0 796.0 20.0 10.0
610.0 830.0 20.0 10.0
645.0 774.0 20.0 10.0
600.0 760.0 20.0 10.0
43.0 1274.0 20.0 10.0
875.0 397.0 20.0 10.0
1070.0 275.0 20.0 10.0
603.0 880.0 20.0 10.0
55.0 1261.0 20.0 10.0
67.0 1245.0 20.0 10.0
82.0 1227.0 20.0 10.0
108.0 1208.0 20.0 10.0
656.0 910.0 20.0 10.0
642.0 896.0 20.0 10.0
625.0 888.0 20.0 10.0
773.0 312.0 20.0 10.0
783.0 327.0 20.0 10.0
122.0 1204.0 20.0 10.0
135.0 1185.0 20.0 10.0
374.0 994.0 20.0 10.0
1110.0 114.0 20.0 10.0
1100.0 142.0 20.0 10.0
1089.0 170.0 20.0 10.0
1078.0 201.0 20.0 10.0
1073.0 237.0 20.0 10.0
1325.0 142.0 20.0 10.0
1296.0 159.0 20.0 10.0
889.0 507.0 20.0 10.0
212.0 1123.0 20.0 10.0
1124.0 222.0 20.0 10.0
368.0 951.0 20.0 10.0
411.0 960.0 20.0 10.0
450.0 731.0 20.0 10.0
457.0 748.0 20.0 10.0
753.0 1231.0 20.0 10.0
629.0 1019.0 20.0 10.0
623.0 990.0 20.0 10.0
892.0 342.0 20.0 10.0
916.0 385.0 20.0 10.0
463.0 1004.0 20.0 10.0
156.0 1184.0 20.0 10.0
788.0 305.0 20.0 10.0
792.0 323.0 20.0 10.0
808.0 348.0 20.0 10.0
823.0 383.0 20.0 10.0
849.0 396.0 20.0 10.0
745.0 612.0 20.0 10.0
182.0 826.0 20.0 10.0
465.0 937.0 20.0 10.0
299.0 1059.0 20.0 10.0
674.0 1117.0 20.0 10.0
665.0 1090.0 20.0 10.0
482.0 819.0 20.0 10.0
520.0 916.0 20.0 10.0
781.0 403.0 20.0 10.0
1138.0 253.0 20.0 10.0
208.0 962.0 20.0 10.0
616.0 800.0 20.0 10.0
801.0 1402.0 20.0 10.0
1098.0 226.0 20.0 10.0
254.0 952.0 20.0 10.0
1093.0 279.0 20.0 10.0
313.0 1064.0 20.0 10.0
545.0 856.0 20.0 10.0
276.0 895.0 20.0 10.0
874.0 506.0 20.0 10.0
854.0 489.0 20.0 10.0
818.0 526.0 20.0 10.0
779.0 561.0 20.0 10.0
794.0 512.0 20.0 10.0
835.0 421.0 20.0 10.0
432.0 822.0 20.0 10.0
892.0 368.0 20.0 10.0
810.0 1419.0 20.0 10.0
1139.0 107.0 20.0 10.0
185.0 932.0 20.0 10.0
574.0 885.0 20.0 10.0
771.0 632.0 20.0 10.0
1134.0 66.0 20.0 10.0
1117.0 88.0 20.0 10.0
477.0 1012.0 20.0 10.0
495.0 991.0 20.0 10.0
769.0 1343.0 20.0 10.0
768.0 1327.0 20.0 10.0
599.0 937.0 20.0 10.0
662.0 938.0 20.0 10.0
714.0 1205.0 20.0 10.0
707.0 1183.0 20.0 10.0
1156.0 240.0 20.0 10.0
185.0 1154.0 20.0 10.0
198.0 1139.0 20.0 10.0
731.0 1199.0 20.0 10.0
245.0 864.0 20.0 10.0
167.0 853.0 20.0 10.0
829.0 1442.0 20.0 10.0
1233.0 213.0 20.0 10.0
1218.0 213.0 20.0 10.0
1194.0 218.0 20.0 10.0
1414.0 90.0 20.0 10.0
513.0 984.0 20.0 10.0
684.0 1109.0 20.0 10.0
1166.0 101.0 20.0 10.0
821.0 1445.0 20.0 10.0
289.0 948.0 20.0 10.0
318.0 1049.0 20.0 10.0
753.0 652.0 20.0 10.0
727.0 639.0 20.0 10.0
493.0 1071.0 20.0 10.0
1169.0 36.0 20.0 10.0
687.0 747.0 20.0 10.0
663.0 750.0 20.0 10.0
746.0 514.0 20.0 10.0
766.0 535.0 20.0 10.0
482.0 777.0 20.0 10.0
447.0 1058.0 20.0 10.0
465.0 1045.0 20.0 10.0
489.0 1027.0 20.0 10.0
424.0 771.0 20.0 10.0
149.0 1199.0 20.0 10.0
513.0 1019.0 20.0 10.0
265.0 1088.0 20.0 10.0
