200
297.0 872.0 20.0 10.0
352.0 219.0 20.0 10.0
253.0 355.0 20.0 10.0
264.0 379.0 20.0 10.0
311.0 842.0 20.0 10.0
764.0 759.0 20.0 10.0
1170.0 151.0 20.0 10.0
859.0 723.0 20.0 10.0
687.0 823.0 20.0 10.0
678.0 809.0 20.0 10.0
172.0 971.0 20.0 10.0
217.0 399.0 20.0 10.0
55.0 1014.0 20.0 10.0
24.0 1010.0 20.0 10.0
25.0 980.0 20.0 10.0
55.0 980.0 20.0 10.0
746.0 279.0 20.0 10.0
796.0 281.0 20.0 10.0
271.0 828.0 20.0 10.0
300.0 819.0 20.0 10.0
1257.0 182.0 20.0 10.0
66.0 644.0 20.0 10.0
1027.0 402.0 20.0 10.0
239.0 361.0 20.0 10.0
243.0 389.0 20.0 10.0
537.0 728.0 20.0 10.0
190.0 287.0 20.0 10.0
214.0 292.0 20.0 10.0
246.0 301.0 20.0 10.0
526.0 270.0 20.0 10.0
664.0 779.0 20.0 10.0
645.0 756.0 20.0 10.0
1306.0 152.0 20.0 10.0
1017.0 602.0 20.0 10.0
1004.0 587.0 20.0 10.0
973.0 589.0 20.0 10.0
949.0 622.0 20.0 10.0
920.0 648.0 20.0 10.0
889.0 672.0 20.0 10.0
854.0 691.0 20.0 10.0
815.0 707.0 20.0 10.0
772.0 713.0 20.0 10.0
43.0 611.0 20.0 10.0
63.0 614.0 20.0 10.0
86.0 606.0 20.0 10.0
1410.0 92.0 20.0 10.0
340.0 25.0 20.0 10.0
337.0 40.0 20.0 10.0
334.0 58.0 20.0 10.0
337.0 82.0 20.0 10.0
438.0 662.0 20.0 10.0
156.0 592.0 20.0 10.0
533.0 699.0 20.0 10.0
705.0 742.0 20.0 10.0
1076.0 267.0 20.0 10.0
485.0 682.0 20.0 10.0
987.0 612.0 20.0 10.0
325.0 795.0 20.0 10.0
344.0 763.0 20.0 10.0
360.0 725.0 20.0 10.0
374.0 683.0 20.0 10.0
324.0 25.0 20.0 10.0
328.0 41.0 20.0 10.0
1274.0 171.0 20.0 10.0
25.0 631.0 20.0 10.0
41.0 627.0 20.0 10.0
59.0 622.0 20.0 10.0
259.0 298.0 20.0 10.0
282.0 313.0 20.0 10.0
322.0 328.0 20.0 10.0
361.0 349.0 20.0 10.0
1411.0 85.0 20.0 10.0
1395.0 97.0 20.0 10.0
1371.0 109.0 20.0 10.0
195.0 583.0 20.0 10.0
297.0 310.0 20.0 10.0
592.0 835.0 20.0 10.0
359.0 598.0 20.0 10.0
390.0 641.0 20.0 10.0
265.0 410.0 20.0 10.0
677.0 257.0 20.0 10.0
340.0 108.0 20.0 10.0
343.0 137.0 20.0 10.0
923.0 282.0 20.0 10.0
631.0 722.0 20.0 10.0
582.0 713.0 20.0 10.0
78.0 635.0 20.0 10.0
96.0 625.0 20.0 10.0
118.0 601.0 20.0 10.0
298.0 504.0 20.0 10.0
328.0 501.0 20.0 10.0
1210.0 175.0 20.0 10.0
1180.0 172.0 20.0 10.0
1180.0 192.0 20.0 10.0
592.0 819.0 20.0 10.0
593.0 801.0 20.0 10.0
583.0 776.0 20.0 10.0
579.0 746.0 20.0 10.0
1207.0 168.0 20.0 10.0
786.0 242.0 20.0 10.0
789.0 256.0 20.0 10.0
233.0 407.0 20.0 10.0
696.0 279.0 20.0 10.0
1165.0 206.0 20.0 10.0
1142.0 218.0 20.0 10.0
1117.0 230.0 20.0 10.0
380.0 710.0 20.0 10.0
269.0 503.0 20.0 10.0
183.0 1010.0 20.0 10.0
153.0 996.0 20.0 10.0
348.0 167.0 20.0 10.0
361.0 202.0 20.0 10.0
282.0 562.0 20.0 10.0
1425.0 76.0 20.0 10.0
489.0 711.0 20.0 10.0
83.0 997.0 20.0 10.0
297.0 729.0 20.0 10.0
288.0 882.0 20.0 10.0
347.0 185.0 20.0 10.0
96.0 611.0 20.0 10.0
264.0 585.0 20.0 10.0
287.0 583.0 20.0 10.0
314.0 580.0 20.0 10.0
328.0 554.0 20.0 10.0
237.0 904.0 20.0 10.0
308.0 720.0 20.0 10.0
321.0 709.0 20.0 10.0
346.0 695.0 20.0 10.0
670.0 808.0 20.0 10.0
656.0 787.0 20.0 10.0
684.0 792.0 20.0 10.0
1035.0 330.0 20.0 10.0
1221.0 202.0 20.0 10.0
759.0 766.0 20.0 10.0
744.0 743.0 20.0 10.0
727.0 718.0 20.0 10.0
680.0 721.0 20.0 10.0
992.0 631.0 20.0 10.0
578.0 263.0 20.0 10.0
264.0 434.0 20.0 10.0
295.0 432.0 20.0 10.0
330.0 448.0 20.0 10.0
1059.0 486.0 20.0 10.0
214.0 1020.0 20.0 10.0
244.0 869.0 20.0 10.0
867.0 756.0 20.0 10.0
854.0 746.0 20.0 10.0
834.0 732.0 20.0 10.0
123.0 624.0 20.0 10.0
884.0 259.0 20.0 10.0
238.0 415.0 20.0 10.0
1010.0 519.0 20.0 10.0
995.0 557.0 20.0 10.0
846.0 282.0 20.0 10.0
256.0 834.0 20.0 10.0
274.0 921.0 20.0 10.0
266.0 896.0 20.0 10.0
498.0 296.0 20.0 10.0
118.0 997.0 20.0 10.0
346.0 399.0 20.0 10.0
1182.0 221.0 20.0 10.0
1139.0 235.0 20.0 10.0
1093.0 248.0 20.0 10.0
1047.0 264.0 20.0 10.0
547.0 290.0 20.0 10.0
597.0 285.0 20.0 10.0
647.0 280.0 20.0 10.0
1350.0 125.0 20.0 10.0
1322.0 141.0 20.0 10.0
1291.0 161.0 20.0 10.0
972.0 277.0 20.0 10.0
237.0 573.0 20.0 10.0
378.0 295.0 20.0 10.0
1021.0 631.0 20.0 10.0
1387.0 104.0 20.0 10.0
1073.0 490.0 20.0 10.0
1042.0 482.0 20.0 10.0
1045.0 285.0 20.0 10.0
1023.0 282.0 20.0 10.0
199.0 286.0 20.0 10.0
674.0 765.0 20.0 10.0
148.0 622.0 20.0 10.0
1137.0 250.0 20.0 10.0
258.0 859.0 20.0 10.0
287.0 848.0 20.0 10.0
373.0 238.0 20.0 10.0
388.0 275.0 20.0 10.0
399.0 315.0 20.0 10.0
899.0 262.0 20.0 10.0
896.0 286.0 20.0 10.0
947.0 284.0 20.0 10.0
999.0 284.0 20.0 10.0
1011.0 324.0 20.0 10.0
1022.0 363.0 20.0 10.0
132.0 601.0 20.0 10.0
449.0 304.0 20.0 10.0
1025.0 441.0 20.0 10.0
1018.0 481.0 20.0 10.0
153.0 278.0 20.0 10.0
170.0 282.0 20.0 10.0
