200
274.0 303.0 20.0 10.0
1215.0 51.0 20.0 10.0
542.0 719.0 20.0 10.0
551.0 683.0 20.0 10.0
300.0 1052.0 20.0 10.0
985.0 256.0 20.0 10.0
976.0 281.0 20.0 10.0
934.0 660.0 20.0 10.0
903.0 647.0 20.0 10.0
953.0 672.0 20.0 10.0
422.0 235.0 20.0 10.0
428.0 254.0 20.0 10.0
266.0 25.0 20.0 10.0
227.0 199.0 20.0 10.0
251.0 176.0 20.0 10.0
804.0 576.0 20.0 10.0
772.0 541.0 20.0 10.0
739.0 506.0 20.0 10.0
310.0 1114.0 20.0 10.0
942.0 192.0 20.0 10.0
1116.0 124.0 20.0 10.0
459.0 959.0 20.0 10.0
848.0 649.0 20.0 10.0
834.0 611.0 20.0 10.0
898.0 239.0 20.0 10.0
885.0 269.0 20.0 10.0
214.0 126.0 20.0 10.0
247.0 138.0 20.0 10.0
142.0 254.0 20.0 10.0
72.0 342.0 20.0 10.0
271.0 1159.0 20.0 10.0
254.0 1133.0 20.0 10.0
163.0 1173.0 20.0 10.0
189.0 1151.0 20.0 10.0
215.0 1125.0 20.0 10.0
67.0 872.0 20.0 10.0
91.0 886.0 20.0 10.0
1050.0 165.0 20.0 10.0
151.0 250.0 20.0 10.0
150.0 89.0 20.0 10.0
167.0 101.0 20.0 10.0
186.0 113.0 20.0 10.0
419.0 985.0 20.0 10.0
393.0 1000.0 20.0 10.0
366.0 1019.0 20.0 10.0
932.0 764.0 20.0 10.0
49.0 341.0 20.0 10.0
417.0 361.0 20.0 10.0
439.0 347.0 20.0 10.0
464.0 321.0 20.0 10.0
416.0 315.0 20.0 10.0
367.0 310.0 20.0 10.0
320.0 307.0 20.0 10.0
95.0 296.0 20.0 10.0
359.0 207.0 20.0 10.0
394.0 244.0 20.0 10.0
430.0 282.0 20.0 10.0
200.0 971.0 20.0 10.0
1158.0 97.0 20.0 10.0
109.0 1206.0 20.0 10.0
136.0 1191.0 20.0 10.0
139.0 861.0 20.0 10.0
203.0 214.0 20.0 10.0
513.0 326.0 20.0 10.0
522.0 345.0 20.0 10.0
321.0 403.0 20.0 10.0
346.0 388.0 20.0 10.0
378.0 386.0 20.0 10.0
955.0 679.0 20.0 10.0
518.0 792.0 20.0 10.0
526.0 777.0 20.0 10.0
545.0 753.0 20.0 10.0
127.0 249.0 20.0 10.0
407.0 262.0 20.0 10.0
66.0 289.0 20.0 10.0
88.0 296.0 20.0 10.0
174.0 867.0 20.0 10.0
152.0 888.0 20.0 10.0
148.0 920.0 20.0 10.0
25.0 854.0 20.0 10.0
44.0 861.0 20.0 10.0
992.0 284.0 20.0 10.0
108.0 337.0 20.0 10.0
760.0 327.0 20.0 10.0
898.0 736.0 20.0 10.0
135.0 81.0 20.0 10.0
441.0 970.0 20.0 10.0
613.0 482.0 20.0 10.0
624.0 438.0 20.0 10.0
732.0 484.0 20.0 10.0
706.0 468.0 20.0 10.0
303.0 104.0 20.0 10.0
911.0 286.0 20.0 10.0
549.0 710.0 20.0 10.0
259.0 70.0 20.0 10.0
493.0 349.0 20.0 10.0
685.0 366.0 20.0 10.0
1169.0 90.0 20.0 10.0
600.0 681.0 20.0 10.0
598.0 659.0 20.0 10.0
623.0 646.0 20.0 10.0
595.0 632.0 20.0 10.0
575.0 607.0 20.0 10.0
587.0 567.0 20.0 10.0
600.0 525.0 20.0 10.0
560.0 645.0 20.0 10.0
579.0 368.0 20.0 10.0
1110.0 165.0 20.0 10.0
1084.0 146.0 20.0 10.0
928.0 240.0 20.0 10.0
931.0 203.0 20.0 10.0
918.0 219.0 20.0 10.0
900.0 622.0 20.0 10.0
871.0 627.0 20.0 10.0
923.0 743.0 20.0 10.0
324.0 126.0 20.0 10.0
324.0 146.0 20.0 10.0
301.0 88.0 20.0 10.0
49.0 288.0 20.0 10.0
661.0 399.0 20.0 10.0
580.0 683.0 20.0 10.0
409.0 369.0 20.0 10.0
533.0 772.0 20.0 10.0
836.0 293.0 20.0 10.0
1212.0 111.0 20.0 10.0
1195.0 106.0 20.0 10.0
211.0 312.0 20.0 10.0
25.0 324.0 20.0 10.0
92.0 332.0 20.0 10.0
117.0 312.0 20.0 10.0
151.0 320.0 20.0 10.0
861.0 685.0 20.0 10.0
922.0 751.0 20.0 10.0
1010.0 188.0 20.0 10.0
970.0 214.0 20.0 10.0
265.0 1065.0 20.0 10.0
174.0 944.0 20.0 10.0
876.0 804.0 20.0 10.0
874.0 788.0 20.0 10.0
306.0 421.0 20.0 10.0
592.0 392.0 20.0 10.0
626.0 671.0 20.0 10.0
870.0 768.0 20.0 10.0
868.0 747.0 20.0 10.0
874.0 718.0 20.0 10.0
42.0 1243.0 20.0 10.0
62.0 1234.0 20.0 10.0
85.0 1222.0 20.0 10.0
333.0 1032.0 20.0 10.0
311.0 1008.0 20.0 10.0
279.0 1009.0 20.0 10.0
541.0 742.0 20.0 10.0
845.0 675.0 20.0 10.0
971.0 688.0 20.0 10.0
289.0 1091.0 20.0 10.0
188.0 312.0 20.0 10.0
1128.0 155.0 20.0 10.0
1106.0 134.0 20.0 10.0
272.0 45.0 20.0 10.0
832.0 270.0 20.0 10.0
817.0 280.0 20.0 10.0
798.0 294.0 20.0 10.0
785.0 318.0 20.0 10.0
735.0 341.0 20.0 10.0
951.0 283.0 20.0 10.0
920.0 271.0 20.0 10.0
222.0 41.0 20.0 10.0
232.0 57.0 20.0 10.0
292.0 429.0 20.0 10.0
279.0 101.0 20.0 10.0
302.0 134.0 20.0 10.0
321.0 172.0 20.0 10.0
154.0 284.0 20.0 10.0
170.0 266.0 20.0 10.0
195.0 287.0 20.0 10.0
228.0 298.0 20.0 10.0
219.0 265.0 20.0 10.0
219.0 231.0 20.0 10.0
671.0 431.0 20.0 10.0
636.0 393.0 20.0 10.0
928.0 662.0 20.0 10.0
536.0 796.0 20.0 10.0
543.0 778.0 20.0 10.0
223.0 999.0 20.0 10.0
250.0 1029.0 20.0 10.0
116.0 907.0 20.0 10.0
281.0 158.0 20.0 10.0
920.0 641.0 20.0 10.0
330.0 433.0 20.0 10.0
340.0 421.0 20.0 10.0
357.0 405.0 20.0 10.0
1143.0 106.0 20.0 10.0
1202.0 61.0 20.0 10.0
1186.0 74.0 20.0 10.0
283.0 78.0 20.0 10.0
1046.0 168.0 20.0 10.0
1034.0 176.0 20.0 10.0
244.0 1100.0 20.0 10.0
836.0 341.0 20.0 10.0
809.0 337.0 20.0 10.0
