200
720.0 109.0 20.0 10.0
740.0 122.0 20.0 10.0
763.0 136.0 20.0 10.0
792.0 151.0 20.0 10.0
824.0 168.0 20.0 10.0
888.0 180.0 20.0 10.0
944.0 253.0 20.0 10.0
1282.0 271.0 20.0 10.0
1270.0 241.0 20.0 10.0
753.0 381.0 20.0 10.0
1135.0 521.0 20.0 10.0
1117.0 497.0 20.0 10.0
1135.0 472.0 20.0 10.0
1144.0 443.0 20.0 10.0
1141.0 412.0 20.0 10.0
1395.0 81.0 20.0 10.0
1381.0 101.0 20.0 10.0
1364.0 124.0 20.0 10.0
482.0 129.0 20.0 10.0
1368.0 311.0 20.0 10.0
797.0 374.0 20.0 10.0
818.0 343.0 20.0 10.0
1063.0 334.0 20.0 10.0
1036.0 349.0 20.0 10.0
1009.0 362.0 20.0 10.0
1133.0 327.0 20.0 10.0
1778.0 508.0 20.0 10.0
1762.0 504.0 20.0 10.0
1742.0 491.0 20.0 10.0
1720.0 477.0 20.0 10.0
1696.0 462.0 20.0 10.0
1423.0 133.0 20.0 10.0
859.0 169.0 20.0 10.0
52.0 71.0 20.0 10.0
65.0 90.0 20.0 10.0
92.0 94.0 20.0 10.0
1721.0 413.0 20.0 10.0
57.0 158.0 20.0 10.0
74.0 152.0 20.0 10.0
100.0 135.0 20.0 10.0
1564.0 129.0 20.0 10.0
1539.0 143.0 20.0 10.0
25.0 625.0 20.0 10.0
1455.0 190.0 20.0 10.0
1426.0 174.0 20.0 10.0
1392.0 162.0 20.0 10.0
970.0 136.0 20.0 10.0
84.0 156.0 20.0 10.0
356.0 144.0 20.0 10.0
382.0 123.0 20.0 10.0
432.0 125.0 20.0 10.0
952.0 102.0 20.0 10.0
960.0 118.0 20.0 10.0
1006.0 384.0 20.0 10.0
1357.0 85.0 20.0 10.0
1154.0 560.0 20.0 10.0
1153.0 541.0 20.0 10.0
1488.0 356.0 20.0 10.0
1230.0 268.0 20.0 10.0
1104.0 186.0 20.0 10.0
312.0 167.0 20.0 10.0
1206.0 190.0 20.0 10.0
1183.0 202.0 20.0 10.0
1399.0 63.0 20.0 10.0
954.0 385.0 20.0 10.0
927.0 394.0 20.0 10.0
899.0 393.0 20.0 10.0
1381.0 139.0 20.0 10.0
1353.0 150.0 20.0 10.0
781.0 335.0 20.0 10.0
1454.0 110.0 20.0 10.0
154.0 65.0 20.0 10.0
164.0 77.0 20.0 10.0
179.0 90.0 20.0 10.0
725.0 379.0 20.0 10.0
747.0 362.0 20.0 10.0
1514.0 132.0 20.0 10.0
1628.0 416.0 20.0 10.0
1613.0 405.0 20.0 10.0
1576.0 391.0 20.0 10.0
1537.0 372.0 20.0 10.0
1495.0 350.0 20.0 10.0
360.0 107.0 20.0 10.0
981.0 389.0 20.0 10.0
1773.0 516.0 20.0 10.0
981.0 368.0 20.0 10.0
1644.0 427.0 20.0 10.0
926.0 182.0 20.0 10.0
955.0 195.0 20.0 10.0
1166.0 504.0 20.0 10.0
1157.0 489.0 20.0 10.0
1120.0 346.0 20.0 10.0
1109.0 306.0 20.0 10.0
1100.0 263.0 20.0 10.0
1094.0 221.0 20.0 10.0
828.0 356.0 20.0 10.0
847.0 326.0 20.0 10.0
871.0 297.0 20.0 10.0
906.0 274.0 20.0 10.0
769.0 359.0 20.0 10.0
797.0 359.0 20.0 10.0
1166.0 225.0 20.0 10.0
1166.0 258.0 20.0 10.0
1150.0 286.0 20.0 10.0
973.0 144.0 20.0 10.0
1118.0 156.0 20.0 10.0
1462.0 138.0 20.0 10.0
921.0 427.0 20.0 10.0
1670.0 445.0 20.0 10.0
1478.0 139.0 20.0 10.0
1419.0 368.0 20.0 10.0
1408.0 355.0 20.0 10.0
1239.0 227.0 20.0 10.0
982.0 231.0 20.0 10.0
1022.0 210.0 20.0 10.0
1096.0 116.0 20.0 10.0
1124.0 131.0 20.0 10.0
1197.0 221.0 20.0 10.0
1384.0 338.0 20.0 10.0
709.0 96.0 20.0 10.0
124.0 112.0 20.0 10.0
1058.0 136.0 20.0 10.0
1064.0 149.0 20.0 10.0
1084.0 166.0 20.0 10.0
161.0 111.0 20.0 10.0
201.0 108.0 20.0 10.0
244.0 108.0 20.0 10.0
288.0 110.0 20.0 10.0
334.0 116.0 20.0 10.0
1513.0 56.0 20.0 10.0
1341.0 180.0 20.0 10.0
1289.0 202.0 20.0 10.0
1480.0 89.0 20.0 10.0
1131.0 69.0 20.0 10.0
1130.0 89.0 20.0 10.0
834.0 400.0 20.0 10.0
1489.0 147.0 20.0 10.0
338.0 97.0 20.0 10.0
842.0 314.0 20.0 10.0
1123.0 303.0 20.0 10.0
1092.0 319.0 20.0 10.0
1217.0 243.0 20.0 10.0
1408.0 346.0 20.0 10.0
1502.0 69.0 20.0 10.0
203.0 151.0 20.0 10.0
216.0 125.0 20.0 10.0
1730.0 489.0 20.0 10.0
816.0 445.0 20.0 10.0
824.0 429.0 20.0 10.0
834.0 411.0 20.0 10.0
78.0 121.0 20.0 10.0
1320.0 292.0 20.0 10.0
86.0 641.0 20.0 10.0
85.0 610.0 20.0 10.0
1492.0 324.0 20.0 10.0
1474.0 345.0 20.0 10.0
1448.0 328.0 20.0 10.0
1398.0 305.0 20.0 10.0
1492.0 214.0 20.0 10.0
1475.0 209.0 20.0 10.0
1471.0 161.0 20.0 10.0
1437.0 151.0 20.0 10.0
1550.0 25.0 20.0 10.0
1538.0 37.0 20.0 10.0
1521.0 52.0 20.0 10.0
767.0 412.0 20.0 10.0
1555.0 115.0 20.0 10.0
1537.0 123.0 20.0 10.0
1697.0 412.0 20.0 10.0
1673.0 410.0 20.0 10.0
920.0 243.0 20.0 10.0
504.0 129.0 20.0 10.0
535.0 134.0 20.0 10.0
589.0 140.0 20.0 10.0
645.0 146.0 20.0 10.0
703.0 154.0 20.0 10.0
1294.0 254.0 20.0 10.0
25.0 72.0 20.0 10.0
42.0 77.0 20.0 10.0
332.0 163.0 20.0 10.0
871.0 393.0 20.0 10.0
846.0 384.0 20.0 10.0
951.0 427.0 20.0 10.0
927.0 413.0 20.0 10.0
1645.0 402.0 20.0 10.0
990.0 157.0 20.0 10.0
1007.0 180.0 20.0 10.0
1347.0 281.0 20.0 10.0
57.0 627.0 20.0 10.0
1306.0 285.0 20.0 10.0
1758.0 414.0 20.0 10.0
1742.0 414.0 20.0 10.0
763.0 161.0 20.0 10.0
762.0 406.0 20.0 10.0
777.0 397.0 20.0 10.0
47.0 114.0 20.0 10.0
1133.0 381.0 20.0 10.0
1127.0 108.0 20.0 10.0
107.0 91.0 20.0 10.0
704.0 104.0 20.0 10.0
