200
521.0 364.0 20.0 10.0
106.0 577.0 20.0 10.0
125.0 558.0 20.0 10.0
89.0 697.0 20.0 10.0
631.0 442.0 20.0 10.0
602.0 410.0 20.0 10.0
96.0 265.0 20.0 10.0
125.0 278.0 20.0 10.0
159.0 293.0 20.0 10.0
1020.0 670.0 20.0 10.0
202.0 795.0 20.0 10.0
906.0 183.0 20.0 10.0
698.0 704.0 20.0 10.0
660.0 293.0 20.0 10.0
643.0 267.0 20.0 10.0
628.0 291.0 20.0 10.0
366.0 43.0 20.0 10.0
347.0 65.0 20.0 10.0
245.0 840.0 20.0 10.0
264.0 820.0 20.0 10.0
269.0 791.0 20.0 10.0
824.0 186.0 20.0 10.0
800.0 203.0 20.0 10.0
758.0 222.0 20.0 10.0
381.0 1025.0 20.0 10.0
50.0 888.0 20.0 10.0
338.0 990.0 20.0 10.0
118.0 852.0 20.0 10.0
173.0 754.0 20.0 10.0
180.0 778.0 20.0 10.0
547.0 752.0 20.0 10.0
953.0 662.0 20.0 10.0
254.0 424.0 20.0 10.0
283.0 413.0 20.0 10.0
316.0 372.0 20.0 10.0
370.0 356.0 20.0 10.0
423.0 339.0 20.0 10.0
480.0 339.0 20.0 10.0
537.0 339.0 20.0 10.0
673.0 268.0 20.0 10.0
761.0 174.0 20.0 10.0
176.0 396.0 20.0 10.0
194.0 394.0 20.0 10.0
89.0 866.0 20.0 10.0
881.0 698.0 20.0 10.0
855.0 703.0 20.0 10.0
1028.0 643.0 20.0 10.0
352.0 91.0 20.0 10.0
359.0 121.0 20.0 10.0
369.0 153.0 20.0 10.0
522.0 660.0 20.0 10.0
311.0 537.0 20.0 10.0
309.0 520.0 20.0 10.0
291.0 500.0 20.0 10.0
275.0 478.0 20.0 10.0
226.0 354.0 20.0 10.0
714.0 500.0 20.0 10.0
117.0 707.0 20.0 10.0
625.0 430.0 20.0 10.0
726.0 723.0 20.0 10.0
1044.0 651.0 20.0 10.0
89.0 587.0 20.0 10.0
247.0 447.0 20.0 10.0
985.0 681.0 20.0 10.0
362.0 173.0 20.0 10.0
148.0 532.0 20.0 10.0
181.0 509.0 20.0 10.0
212.0 480.0 20.0 10.0
106.0 806.0 20.0 10.0
720.0 511.0 20.0 10.0
25.0 237.0 20.0 10.0
1096.0 647.0 20.0 10.0
1079.0 652.0 20.0 10.0
1054.0 668.0 20.0 10.0
1045.0 695.0 20.0 10.0
156.0 562.0 20.0 10.0
174.0 541.0 20.0 10.0
416.0 146.0 20.0 10.0
394.0 163.0 20.0 10.0
376.0 741.0 20.0 10.0
398.0 757.0 20.0 10.0
770.0 565.0 20.0 10.0
757.0 551.0 20.0 10.0
740.0 534.0 20.0 10.0
228.0 807.0 20.0 10.0
398.0 973.0 20.0 10.0
388.0 951.0 20.0 10.0
361.0 941.0 20.0 10.0
552.0 723.0 20.0 10.0
335.0 921.0 20.0 10.0
755.0 148.0 20.0 10.0
733.0 166.0 20.0 10.0
738.0 191.0 20.0 10.0
739.0 222.0 20.0 10.0
715.0 244.0 20.0 10.0
947.0 149.0 20.0 10.0
928.0 167.0 20.0 10.0
145.0 720.0 20.0 10.0
544.0 778.0 20.0 10.0
964.0 710.0 20.0 10.0
943.0 689.0 20.0 10.0
579.0 401.0 20.0 10.0
392.0 225.0 20.0 10.0
444.0 358.0 20.0 10.0
326.0 30.0 20.0 10.0
1065.0 706.0 20.0 10.0
626.0 380.0 20.0 10.0
611.0 721.0 20.0 10.0
594.0 744.0 20.0 10.0
120.0 830.0 20.0 10.0
871.0 146.0 20.0 10.0
157.0 524.0 20.0 10.0
96.0 593.0 20.0 10.0
24.0 891.0 20.0 10.0
41.0 883.0 20.0 10.0
63.0 870.0 20.0 10.0
69.0 688.0 20.0 10.0
368.0 1002.0 20.0 10.0
362.0 972.0 20.0 10.0
380.0 25.0 20.0 10.0
316.0 791.0 20.0 10.0
149.0 579.0 20.0 10.0
365.0 869.0 20.0 10.0
366.0 832.0 20.0 10.0
689.0 492.0 20.0 10.0
660.0 470.0 20.0 10.0
863.0 207.0 20.0 10.0
176.0 853.0 20.0 10.0
816.0 679.0 20.0 10.0
812.0 708.0 20.0 10.0
190.0 825.0 20.0 10.0
719.0 528.0 20.0 10.0
701.0 513.0 20.0 10.0
99.0 696.0 20.0 10.0
221.0 466.0 20.0 10.0
141.0 883.0 20.0 10.0
899.0 696.0 20.0 10.0
197.0 308.0 20.0 10.0
175.0 733.0 20.0 10.0
208.0 749.0 20.0 10.0
522.0 417.0 20.0 10.0
521.0 392.0 20.0 10.0
217.0 376.0 20.0 10.0
248.0 370.0 20.0 10.0
283.0 370.0 20.0 10.0
210.0 313.0 20.0 10.0
238.0 324.0 20.0 10.0
278.0 345.0 20.0 10.0
1001.0 654.0 20.0 10.0
311.0 466.0 20.0 10.0
287.0 448.0 20.0 10.0
638.0 737.0 20.0 10.0
682.0 729.0 20.0 10.0
643.0 244.0 20.0 10.0
150.0 836.0 20.0 10.0
1038.0 715.0 20.0 10.0
1014.0 698.0 20.0 10.0
533.0 677.0 20.0 10.0
551.0 697.0 20.0 10.0
901.0 150.0 20.0 10.0
876.0 173.0 20.0 10.0
840.0 187.0 20.0 10.0
601.0 369.0 20.0 10.0
360.0 905.0 20.0 10.0
412.0 173.0 20.0 10.0
384.0 188.0 20.0 10.0
856.0 161.0 20.0 10.0
456.0 772.0 20.0 10.0
502.0 762.0 20.0 10.0
336.0 959.0 20.0 10.0
893.0 671.0 20.0 10.0
384.0 1043.0 20.0 10.0
582.0 313.0 20.0 10.0
155.0 870.0 20.0 10.0
344.0 1017.0 20.0 10.0
934.0 121.0 20.0 10.0
919.0 132.0 20.0 10.0
53.0 681.0 20.0 10.0
897.0 724.0 20.0 10.0
240.0 766.0 20.0 10.0
808.0 268.0 20.0 10.0
790.0 259.0 20.0 10.0
29.0 227.0 20.0 10.0
44.0 240.0 20.0 10.0
68.0 253.0 20.0 10.0
643.0 396.0 20.0 10.0
401.0 263.0 20.0 10.0
412.0 301.0 20.0 10.0
823.0 274.0 20.0 10.0
131.0 547.0 20.0 10.0
769.0 716.0 20.0 10.0
363.0 795.0 20.0 10.0
410.0 782.0 20.0 10.0
420.0 809.0 20.0 10.0
50.0 248.0 20.0 10.0
527.0 434.0 20.0 10.0
189.0 499.0 20.0 10.0
766.0 242.0 20.0 10.0
334.0 46.0 20.0 10.0
571.0 374.0 20.0 10.0
