200
892.0 114.0 20.0 10.0
919.0 262.0 20.0 10.0
924.0 309.0 20.0 10.0
1210.0 221.0 20.0 10.0
994.0 916.0 20.0 10.0
1113.0 739.0 20.0 10.0
234.0 1174.0 20.0 10.0
87.0 1289.0 20.0 10.0
82.0 1262.0 20.0 10.0
102.0 1090.0 20.0 10.0
1327.0 249.0 20.0 10.0
885.0 92.0 20.0 10.0
391.0 1004.0 20.0 10.0
1312.0 273.0 20.0 10.0
1257.0 326.0 20.0 10.0
1112.0 330.0 20.0 10.0
805.0 721.0 20.0 10.0
211.0 1255.0 20.0 10.0
213.0 1234.0 20.0 10.0
927.0 74.0 20.0 10.0
929.0 102.0 20.0 10.0
121.0 1061.0 20.0 10.0
134.0 1088.0 20.0 10.0
280.0 1072.0 20.0 10.0
292.0 1046.0 20.0 10.0
232.0 1133.0 20.0 10.0
1234.0 323.0 20.0 10.0
1239.0 306.0 20.0 10.0
169.0 1042.0 20.0 10.0
187.0 1059.0 20.0 10.0
170.0 1099.0 20.0 10.0
1076.0 718.0 20.0 10.0
53.0 1205.0 20.0 10.0
66.0 1187.0 20.0 10.0
979.0 881.0 20.0 10.0
772.0 725.0 20.0 10.0
821.0 694.0 20.0 10.0
1269.0 290.0 20.0 10.0
234.0 1096.0 20.0 10.0
215.0 1211.0 20.0 10.0
1248.0 240.0 20.0 10.0
1126.0 361.0 20.0 10.0
1080.0 374.0 20.0 10.0
1038.0 400.0 20.0 10.0
996.0 426.0 20.0 10.0
1019.0 727.0 20.0 10.0
1019.0 757.0 20.0 10.0
990.0 767.0 20.0 10.0
1030.0 791.0 20.0 10.0
1252.0 868.0 20.0 10.0
241.0 1201.0 20.0 10.0
173.0 1146.0 20.0 10.0
927.0 30.0 20.0 10.0
924.0 48.0 20.0 10.0
530.0 862.0 20.0 10.0
759.0 750.0 20.0 10.0
956.0 703.0 20.0 10.0
970.0 849.0 20.0 10.0
1109.0 304.0 20.0 10.0
783.0 741.0 20.0 10.0
1046.0 814.0 20.0 10.0
1294.0 330.0 20.0 10.0
249.0 1220.0 20.0 10.0
984.0 845.0 20.0 10.0
142.0 1119.0 20.0 10.0
168.0 1115.0 20.0 10.0
987.0 891.0 20.0 10.0
508.0 908.0 20.0 10.0
550.0 879.0 20.0 10.0
358.0 1021.0 20.0 10.0
331.0 1015.0 20.0 10.0
374.0 986.0 20.0 10.0
25.0 1205.0 20.0 10.0
930.0 459.0 20.0 10.0
57.0 1248.0 20.0 10.0
973.0 860.0 20.0 10.0
1122.0 845.0 20.0 10.0
1110.0 828.0 20.0 10.0
414.0 1013.0 20.0 10.0
252.0 1080.0 20.0 10.0
1025.0 426.0 20.0 10.0
1086.0 212.0 20.0 10.0
1082.0 228.0 20.0 10.0
1319.0 271.0 20.0 10.0
81.0 1094.0 20.0 10.0
704.0 654.0 20.0 10.0
1294.0 276.0 20.0 10.0
1134.0 811.0 20.0 10.0
1145.0 780.0 20.0 10.0
111.0 1187.0 20.0 10.0
1098.0 743.0 20.0 10.0
211.0 1272.0 20.0 10.0
892.0 25.0 20.0 10.0
895.0 43.0 20.0 10.0
738.0 663.0 20.0 10.0
52.0 1096.0 20.0 10.0
71.0 1094.0 20.0 10.0
209.0 1112.0 20.0 10.0
1121.0 764.0 20.0 10.0
1098.0 760.0 20.0 10.0
1006.0 959.0 20.0 10.0
1312.0 261.0 20.0 10.0
1104.0 358.0 20.0 10.0
1137.0 326.0 20.0 10.0
1204.0 861.0 20.0 10.0
720.0 674.0 20.0 10.0
1228.0 869.0 20.0 10.0
1202.0 815.0 20.0 10.0
898.0 76.0 20.0 10.0
88.0 1236.0 20.0 10.0
115.0 1211.0 20.0 10.0
893.0 218.0 20.0 10.0
1013.0 975.0 20.0 10.0
1206.0 325.0 20.0 10.0
1144.0 834.0 20.0 10.0
1143.0 802.0 20.0 10.0
1127.0 777.0 20.0 10.0
1167.0 341.0 20.0 10.0
915.0 131.0 20.0 10.0
1068.0 742.0 20.0 10.0
1033.0 726.0 20.0 10.0
1278.0 856.0 20.0 10.0
878.0 540.0 20.0 10.0
78.0 1203.0 20.0 10.0
99.0 1183.0 20.0 10.0
137.0 1176.0 20.0 10.0
54.0 1269.0 20.0 10.0
508.0 881.0 20.0 10.0
921.0 333.0 20.0 10.0
931.0 357.0 20.0 10.0
941.0 404.0 20.0 10.0
419.0 960.0 20.0 10.0
464.0 935.0 20.0 10.0
1000.0 938.0 20.0 10.0
1077.0 249.0 20.0 10.0
1073.0 272.0 20.0 10.0
1337.0 266.0 20.0 10.0
1138.0 299.0 20.0 10.0
954.0 452.0 20.0 10.0
933.0 505.0 20.0 10.0
913.0 559.0 20.0 10.0
892.0 613.0 20.0 10.0
754.0 673.0 20.0 10.0
790.0 679.0 20.0 10.0
25.0 1280.0 20.0 10.0
679.0 786.0 20.0 10.0
893.0 542.0 20.0 10.0
1070.0 813.0 20.0 10.0
592.0 848.0 20.0 10.0
636.0 817.0 20.0 10.0
696.0 691.0 20.0 10.0
1177.0 851.0 20.0 10.0
42.0 1198.0 20.0 10.0
899.0 66.0 20.0 10.0
907.0 97.0 20.0 10.0
936.0 833.0 20.0 10.0
963.0 823.0 20.0 10.0
955.0 783.0 20.0 10.0
209.0 1182.0 20.0 10.0
1177.0 828.0 20.0 10.0
1149.0 840.0 20.0 10.0
57.0 1212.0 20.0 10.0
678.0 668.0 20.0 10.0
890.0 776.0 20.0 10.0
910.0 772.0 20.0 10.0
922.0 749.0 20.0 10.0
39.0 1265.0 20.0 10.0
1221.0 244.0 20.0 10.0
894.0 176.0 20.0 10.0
902.0 194.0 20.0 10.0
919.0 217.0 20.0 10.0
1221.0 268.0 20.0 10.0
1206.0 288.0 20.0 10.0
1189.0 313.0 20.0 10.0
918.0 173.0 20.0 10.0
432.0 865.0 20.0 10.0
433.0 893.0 20.0 10.0
1058.0 723.0 20.0 10.0
1058.0 310.0 20.0 10.0
1073.0 303.0 20.0 10.0
1072.0 338.0 20.0 10.0
175.0 1063.0 20.0 10.0
186.0 1090.0 20.0 10.0
908.0 147.0 20.0 10.0
1277.0 329.0 20.0 10.0
874.0 667.0 20.0 10.0
994.0 713.0 20.0 10.0
770.0 667.0 20.0 10.0
448.0 889.0 20.0 10.0
440.0 918.0 20.0 10.0
255.0 1235.0 20.0 10.0
109.0 1049.0 20.0 10.0
917.0 701.0 20.0 10.0
435.0 1020.0 20.0 10.0
59.0 1068.0 20.0 10.0
215.0 1149.0 20.0 10.0
804.0 774.0 20.0 10.0
809.0 750.0 20.0 10.0
724.0 756.0 20.0 10.0
949.0 742.0 20.0 10.0
