200
910.0 319.0 20.0 10.0
459.0 805.0 20.0 10.0
493.0 809.0 20.0 10.0
521.0 798.0 20.0 10.0
546.0 774.0 20.0 10.0
549.0 738.0 20.0 10.0
396.0 812.0 20.0 10.0
580.0 297.0 20.0 10.0
570.0 268.0 20.0 10.0
312.0 199.0 20.0 10.0
714.0 75.0 20.0 10.0
720.0 293.0 20.0 10.0
1102.0 457.0 20.0 10.0
822.0 644.0 20.0 10.0
144.0 176.0 20.0 10.0
858.0 575.0 20.0 10.0
842.0 586.0 20.0 10.0
535.0 705.0 20.0 10.0
1126.0 249.0 20.0 10.0
1102.0 263.0 20.0 10.0
426.0 855.0 20.0 10.0
56.0 545.0 20.0 10.0
234.0 652.0 20.0 10.0
25.0 534.0 20.0 10.0
47.0 545.0 20.0 10.0
73.0 564.0 20.0 10.0
95.0 592.0 20.0 10.0
128.0 613.0 20.0 10.0
169.0 629.0 20.0 10.0
210.0 647.0 20.0 10.0
467.0 258.0 20.0 10.0
518.0 262.0 20.0 10.0
694.0 298.0 20.0 10.0
359.0 447.0 20.0 10.0
1134.0 426.0 20.0 10.0
1151.0 213.0 20.0 10.0
176.0 713.0 20.0 10.0
201.0 710.0 20.0 10.0
822.0 286.0 20.0 10.0
502.0 783.0 20.0 10.0
1138.0 267.0 20.0 10.0
444.0 819.0 20.0 10.0
423.0 794.0 20.0 10.0
621.0 25.0 20.0 10.0
625.0 40.0 20.0 10.0
630.0 58.0 20.0 10.0
645.0 83.0 20.0 10.0
1035.0 300.0 20.0 10.0
556.0 800.0 20.0 10.0
197.0 697.0 20.0 10.0
224.0 689.0 20.0 10.0
385.0 897.0 20.0 10.0
381.0 875.0 20.0 10.0
379.0 847.0 20.0 10.0
410.0 598.0 20.0 10.0
415.0 615.0 20.0 10.0
1169.0 254.0 20.0 10.0
1124.0 219.0 20.0 10.0
1104.0 233.0 20.0 10.0
807.0 600.0 20.0 10.0
796.0 620.0 20.0 10.0
769.0 638.0 20.0 10.0
580.0 697.0 20.0 10.0
527.0 314.0 20.0 10.0
955.0 324.0 20.0 10.0
984.0 350.0 20.0 10.0
1015.0 371.0 20.0 10.0
372.0 419.0 20.0 10.0
41.0 578.0 20.0 10.0
368.0 469.0 20.0 10.0
48.0 139.0 20.0 10.0
996.0 311.0 20.0 10.0
738.0 655.0 20.0 10.0
1170.0 332.0 20.0 10.0
1154.0 328.0 20.0 10.0
1131.0 322.0 20.0 10.0
1101.0 318.0 20.0 10.0
270.0 700.0 20.0 10.0
416.0 702.0 20.0 10.0
413.0 738.0 20.0 10.0
415.0 776.0 20.0 10.0
449.0 760.0 20.0 10.0
471.0 734.0 20.0 10.0
488.0 706.0 20.0 10.0
440.0 702.0 20.0 10.0
392.0 699.0 20.0 10.0
545.0 753.0 20.0 10.0
524.0 769.0 20.0 10.0
174.0 208.0 20.0 10.0
348.0 851.0 20.0 10.0
1079.0 345.0 20.0 10.0
252.0 669.0 20.0 10.0
296.0 685.0 20.0 10.0
344.0 701.0 20.0 10.0
362.0 737.0 20.0 10.0
387.0 771.0 20.0 10.0
574.0 737.0 20.0 10.0
440.0 604.0 20.0 10.0
328.0 873.0 20.0 10.0
355.0 867.0 20.0 10.0
832.0 583.0 20.0 10.0
821.0 602.0 20.0 10.0
798.0 304.0 20.0 10.0
769.0 301.0 20.0 10.0
817.0 310.0 20.0 10.0
475.0 777.0 20.0 10.0
322.0 692.0 20.0 10.0
335.0 882.0 20.0 10.0
1186.0 248.0 20.0 10.0
406.0 831.0 20.0 10.0
386.0 804.0 20.0 10.0
701.0 85.0 20.0 10.0
680.0 99.0 20.0 10.0
200.0 192.0 20.0 10.0
632.0 643.0 20.0 10.0
639.0 669.0 20.0 10.0
320.0 427.0 20.0 10.0
333.0 408.0 20.0 10.0
358.0 392.0 20.0 10.0
663.0 661.0 20.0 10.0
369.0 792.0 20.0 10.0
52.0 648.0 20.0 10.0
291.0 224.0 20.0 10.0
320.0 228.0 20.0 10.0
32.0 601.0 20.0 10.0
60.0 598.0 20.0 10.0
680.0 72.0 20.0 10.0
703.0 670.0 20.0 10.0
66.0 120.0 20.0 10.0
162.0 165.0 20.0 10.0
185.0 187.0 20.0 10.0
485.0 297.0 20.0 10.0
511.0 290.0 20.0 10.0
1129.0 453.0 20.0 10.0
688.0 675.0 20.0 10.0
665.0 685.0 20.0 10.0
623.0 692.0 20.0 10.0
669.0 49.0 20.0 10.0
184.0 140.0 20.0 10.0
201.0 160.0 20.0 10.0
229.0 202.0 20.0 10.0
274.0 216.0 20.0 10.0
40.0 111.0 20.0 10.0
153.0 139.0 20.0 10.0
1165.0 263.0 20.0 10.0
623.0 70.0 20.0 10.0
625.0 110.0 20.0 10.0
654.0 113.0 20.0 10.0
657.0 146.0 20.0 10.0
654.0 178.0 20.0 10.0
1106.0 434.0 20.0 10.0
82.0 160.0 20.0 10.0
523.0 336.0 20.0 10.0
312.0 440.0 20.0 10.0
285.0 195.0 20.0 10.0
1068.0 278.0 20.0 10.0
186.0 216.0 20.0 10.0
150.0 209.0 20.0 10.0
369.0 359.0 20.0 10.0
383.0 326.0 20.0 10.0
1068.0 315.0 20.0 10.0
31.0 527.0 20.0 10.0
398.0 871.0 20.0 10.0
408.0 649.0 20.0 10.0
422.0 669.0 20.0 10.0
1107.0 414.0 20.0 10.0
842.0 642.0 20.0 10.0
75.0 148.0 20.0 10.0
107.0 163.0 20.0 10.0
416.0 640.0 20.0 10.0
374.0 308.0 20.0 10.0
397.0 291.0 20.0 10.0
415.0 257.0 20.0 10.0
658.0 651.0 20.0 10.0
24.0 146.0 20.0 10.0
73.0 644.0 20.0 10.0
114.0 173.0 20.0 10.0
621.0 272.0 20.0 10.0
671.0 283.0 20.0 10.0
806.0 677.0 20.0 10.0
795.0 651.0 20.0 10.0
97.0 625.0 20.0 10.0
352.0 219.0 20.0 10.0
368.0 242.0 20.0 10.0
367.0 824.0 20.0 10.0
1092.0 460.0 20.0 10.0
1083.0 439.0 20.0 10.0
1077.0 414.0 20.0 10.0
1047.0 392.0 20.0 10.0
1073.0 375.0 20.0 10.0
1151.0 244.0 20.0 10.0
379.0 446.0 20.0 10.0
359.0 423.0 20.0 10.0
1159.0 477.0 20.0 10.0
1146.0 466.0 20.0 10.0
31.0 614.0 20.0 10.0
647.0 210.0 20.0 10.0
635.0 241.0 20.0 10.0
864.0 314.0 20.0 10.0
147.0 617.0 20.0 10.0
