200
602.0 637.0 20.0 10.0
825.0 610.0 20.0 10.0
659.0 503.0 20.0 10.0
184.0 947.0 20.0 10.0
152.0 943.0 20.0 10.0
120.0 952.0 20.0 10.0
1061.0 94.0 20.0 10.0
661.0 578.0 20.0 10.0
313.0 158.0 20.0 10.0
318.0 173.0 20.0 10.0
323.0 191.0 20.0 10.0
870.0 263.0 20.0 10.0
845.0 246.0 20.0 10.0
441.0 364.0 20.0 10.0
54.0 938.0 20.0 10.0
748.0 853.0 20.0 10.0
414.0 363.0 20.0 10.0
972.0 776.0 20.0 10.0
947.0 762.0 20.0 10.0
939.0 708.0 20.0 10.0
913.0 682.0 20.0 10.0
882.0 653.0 20.0 10.0
560.0 379.0 20.0 10.0
572.0 403.0 20.0 10.0
512.0 719.0 20.0 10.0
266.0 427.0 20.0 10.0
608.0 785.0 20.0 10.0
613.0 768.0 20.0 10.0
885.0 269.0 20.0 10.0
291.0 246.0 20.0 10.0
164.0 141.0 20.0 10.0
187.0 152.0 20.0 10.0
591.0 381.0 20.0 10.0
324.0 404.0 20.0 10.0
468.0 717.0 20.0 10.0
491.0 733.0 20.0 10.0
542.0 692.0 20.0 10.0
311.0 422.0 20.0 10.0
357.0 410.0 20.0 10.0
407.0 398.0 20.0 10.0
638.0 447.0 20.0 10.0
875.0 178.0 20.0 10.0
872.0 206.0 20.0 10.0
906.0 666.0 20.0 10.0
998.0 767.0 20.0 10.0
265.0 940.0 20.0 10.0
281.0 968.0 20.0 10.0
297.0 940.0 20.0 10.0
154.0 127.0 20.0 10.0
898.0 675.0 20.0 10.0
215.0 939.0 20.0 10.0
758.0 837.0 20.0 10.0
1055.0 68.0 20.0 10.0
1037.0 85.0 20.0 10.0
946.0 86.0 20.0 10.0
941.0 99.0 20.0 10.0
983.0 747.0 20.0 10.0
956.0 733.0 20.0 10.0
1028.0 59.0 20.0 10.0
1008.0 87.0 20.0 10.0
979.0 115.0 20.0 10.0
1073.0 711.0 20.0 10.0
1051.0 703.0 20.0 10.0
648.0 497.0 20.0 10.0
488.0 399.0 20.0 10.0
519.0 407.0 20.0 10.0
634.0 685.0 20.0 10.0
834.0 196.0 20.0 10.0
826.0 222.0 20.0 10.0
941.0 651.0 20.0 10.0
898.0 635.0 20.0 10.0
852.0 621.0 20.0 10.0
802.0 594.0 20.0 10.0
555.0 687.0 20.0 10.0
572.0 340.0 20.0 10.0
575.0 354.0 20.0 10.0
141.0 977.0 20.0 10.0
173.0 977.0 20.0 10.0
25.0 930.0 20.0 10.0
641.0 654.0 20.0 10.0
796.0 749.0 20.0 10.0
1074.0 32.0 20.0 10.0
842.0 606.0 20.0 10.0
999.0 754.0 20.0 10.0
24.0 456.0 20.0 10.0
41.0 451.0 20.0 10.0
683.0 588.0 20.0 10.0
88.0 439.0 20.0 10.0
118.0 433.0 20.0 10.0
87.0 946.0 20.0 10.0
296.0 237.0 20.0 10.0
633.0 662.0 20.0 10.0
638.0 625.0 20.0 10.0
642.0 584.0 20.0 10.0
660.0 547.0 20.0 10.0
989.0 91.0 20.0 10.0
44.0 44.0 20.0 10.0
58.0 54.0 20.0 10.0
1042.0 39.0 20.0 10.0
1052.0 25.0 20.0 10.0
748.0 239.0 20.0 10.0
751.0 253.0 20.0 10.0
754.0 268.0 20.0 10.0
132.0 120.0 20.0 10.0
755.0 732.0 20.0 10.0
732.0 711.0 20.0 10.0
719.0 672.0 20.0 10.0
702.0 630.0 20.0 10.0
783.0 739.0 20.0 10.0
229.0 199.0 20.0 10.0
694.0 515.0 20.0 10.0
130.0 93.0 20.0 10.0
158.0 98.0 20.0 10.0
727.0 734.0 20.0 10.0
777.0 301.0 20.0 10.0
746.0 292.0 20.0 10.0
705.0 325.0 20.0 10.0
665.0 361.0 20.0 10.0
626.0 399.0 20.0 10.0
618.0 748.0 20.0 10.0
624.0 725.0 20.0 10.0
882.0 165.0 20.0 10.0
262.0 379.0 20.0 10.0
278.0 382.0 20.0 10.0
298.0 389.0 20.0 10.0
730.0 751.0 20.0 10.0
945.0 139.0 20.0 10.0
73.0 442.0 20.0 10.0
717.0 591.0 20.0 10.0
751.0 569.0 20.0 10.0
706.0 534.0 20.0 10.0
376.0 309.0 20.0 10.0
417.0 346.0 20.0 10.0
458.0 386.0 20.0 10.0
639.0 536.0 20.0 10.0
830.0 163.0 20.0 10.0
832.0 178.0 20.0 10.0
476.0 747.0 20.0 10.0
358.0 389.0 20.0 10.0
195.0 169.0 20.0 10.0
219.0 182.0 20.0 10.0
254.0 214.0 20.0 10.0
748.0 835.0 20.0 10.0
748.0 814.0 20.0 10.0
739.0 786.0 20.0 10.0
764.0 709.0 20.0 10.0
1008.0 129.0 20.0 10.0
637.0 618.0 20.0 10.0
676.0 605.0 20.0 10.0
541.0 400.0 20.0 10.0
885.0 241.0 20.0 10.0
862.0 224.0 20.0 10.0
621.0 740.0 20.0 10.0
610.0 472.0 20.0 10.0
563.0 441.0 20.0 10.0
381.0 384.0 20.0 10.0
1070.0 720.0 20.0 10.0
1005.0 686.0 20.0 10.0
982.0 669.0 20.0 10.0
713.0 560.0 20.0 10.0
690.0 541.0 20.0 10.0
773.0 880.0 20.0 10.0
765.0 857.0 20.0 10.0
630.0 698.0 20.0 10.0
976.0 740.0 20.0 10.0
326.0 212.0 20.0 10.0
324.0 242.0 20.0 10.0
334.0 275.0 20.0 10.0
462.0 758.0 20.0 10.0
236.0 446.0 20.0 10.0
239.0 416.0 20.0 10.0
743.0 760.0 20.0 10.0
1063.0 42.0 20.0 10.0
1019.0 686.0 20.0 10.0
1119.0 737.0 20.0 10.0
1102.0 729.0 20.0 10.0
1081.0 720.0 20.0 10.0
814.0 242.0 20.0 10.0
786.0 256.0 20.0 10.0
932.0 117.0 20.0 10.0
922.0 136.0 20.0 10.0
907.0 163.0 20.0 10.0
866.0 191.0 20.0 10.0
533.0 703.0 20.0 10.0
66.0 55.0 20.0 10.0
77.0 68.0 20.0 10.0
97.0 85.0 20.0 10.0
121.0 106.0 20.0 10.0
46.0 443.0 20.0 10.0
62.0 444.0 20.0 10.0
1050.0 45.0 20.0 10.0
749.0 774.0 20.0 10.0
779.0 816.0 20.0 10.0
965.0 669.0 20.0 10.0
936.0 174.0 20.0 10.0
149.0 427.0 20.0 10.0
185.0 426.0 20.0 10.0
224.0 427.0 20.0 10.0
554.0 644.0 20.0 10.0
577.0 662.0 20.0 10.0
