200
586.0 573.0 20.0 10.0
562.0 552.0 20.0 10.0
469.0 165.0 20.0 10.0
477.0 178.0 20.0 10.0
248.0 603.0 20.0 10.0
212.0 608.0 20.0 10.0
1122.0 183.0 20.0 10.0
242.0 207.0 20.0 10.0
578.0 160.0 20.0 10.0
581.0 174.0 20.0 10.0
577.0 199.0 20.0 10.0
1039.0 293.0 20.0 10.0
199.0 669.0 20.0 10.0
1259.0 204.0 20.0 10.0
152.0 233.0 20.0 10.0
1347.0 472.0 20.0 10.0
595.0 195.0 20.0 10.0
589.0 223.0 20.0 10.0
606.0 549.0 20.0 10.0
341.0 220.0 20.0 10.0
374.0 221.0 20.0 10.0
429.0 226.0 20.0 10.0
359.0 604.0 20.0 10.0
321.0 607.0 20.0 10.0
285.0 602.0 20.0 10.0
228.0 232.0 20.0 10.0
51.0 523.0 20.0 10.0
72.0 542.0 20.0 10.0
458.0 199.0 20.0 10.0
485.0 206.0 20.0 10.0
1388.0 436.0 20.0 10.0
1365.0 427.0 20.0 10.0
1388.0 26.0 20.0 10.0
1359.0 25.0 20.0 10.0
1339.0 34.0 20.0 10.0
1305.0 97.0 20.0 10.0
1277.0 96.0 20.0 10.0
937.0 209.0 20.0 10.0
961.0 211.0 20.0 10.0
459.0 604.0 20.0 10.0
86.0 225.0 20.0 10.0
26.0 562.0 20.0 10.0
1371.0 416.0 20.0 10.0
1331.0 40.0 20.0 10.0
433.0 267.0 20.0 10.0
134.0 136.0 20.0 10.0
1336.0 295.0 20.0 10.0
1317.0 297.0 20.0 10.0
1288.0 304.0 20.0 10.0
1270.0 234.0 20.0 10.0
489.0 232.0 20.0 10.0
1266.0 265.0 20.0 10.0
1252.0 299.0 20.0 10.0
559.0 595.0 20.0 10.0
83.0 570.0 20.0 10.0
52.0 573.0 20.0 10.0
751.0 627.0 20.0 10.0
1360.0 473.0 20.0 10.0
1350.0 447.0 20.0 10.0
1092.0 299.0 20.0 10.0
1337.0 271.0 20.0 10.0
1321.0 276.0 20.0 10.0
1287.0 281.0 20.0 10.0
25.0 535.0 20.0 10.0
1252.0 120.0 20.0 10.0
977.0 81.0 20.0 10.0
1087.0 403.0 20.0 10.0
1090.0 386.0 20.0 10.0
1091.0 365.0 20.0 10.0
617.0 577.0 20.0 10.0
1242.0 353.0 20.0 10.0
1210.0 320.0 20.0 10.0
1207.0 356.0 20.0 10.0
434.0 541.0 20.0 10.0
408.0 555.0 20.0 10.0
396.0 588.0 20.0 10.0
1068.0 307.0 20.0 10.0
884.0 576.0 20.0 10.0
515.0 644.0 20.0 10.0
538.0 621.0 20.0 10.0
462.0 587.0 20.0 10.0
431.0 591.0 20.0 10.0
964.0 178.0 20.0 10.0
203.0 639.0 20.0 10.0
836.0 269.0 20.0 10.0
61.0 229.0 20.0 10.0
1282.0 292.0 20.0 10.0
1265.0 365.0 20.0 10.0
501.0 280.0 20.0 10.0
514.0 274.0 20.0 10.0
533.0 261.0 20.0 10.0
667.0 566.0 20.0 10.0
94.0 238.0 20.0 10.0
117.0 234.0 20.0 10.0
408.0 524.0 20.0 10.0
189.0 226.0 20.0 10.0
228.0 217.0 20.0 10.0
396.0 227.0 20.0 10.0
597.0 272.0 20.0 10.0
609.0 243.0 20.0 10.0
672.0 246.0 20.0 10.0
646.0 259.0 20.0 10.0
980.0 282.0 20.0 10.0
1076.0 208.0 20.0 10.0
448.0 248.0 20.0 10.0
1137.0 346.0 20.0 10.0
1119.0 328.0 20.0 10.0
1097.0 305.0 20.0 10.0
1365.0 64.0 20.0 10.0
1334.0 64.0 20.0 10.0
1302.0 73.0 20.0 10.0
957.0 244.0 20.0 10.0
996.0 233.0 20.0 10.0
1036.0 221.0 20.0 10.0
313.0 636.0 20.0 10.0
1330.0 101.0 20.0 10.0
1156.0 316.0 20.0 10.0
1313.0 275.0 20.0 10.0
1388.0 420.0 20.0 10.0
1380.0 56.0 20.0 10.0
798.0 307.0 20.0 10.0
78.0 243.0 20.0 10.0
1084.0 334.0 20.0 10.0
1160.0 165.0 20.0 10.0
1153.0 181.0 20.0 10.0
1190.0 162.0 20.0 10.0
983.0 88.0 20.0 10.0
975.0 102.0 20.0 10.0
974.0 123.0 20.0 10.0
970.0 148.0 20.0 10.0
794.0 591.0 20.0 10.0
828.0 584.0 20.0 10.0
856.0 567.0 20.0 10.0
1097.0 328.0 20.0 10.0
943.0 183.0 20.0 10.0
500.0 200.0 20.0 10.0
509.0 229.0 20.0 10.0
547.0 237.0 20.0 10.0
414.0 613.0 20.0 10.0
1092.0 359.0 20.0 10.0
1038.0 180.0 20.0 10.0
1043.0 195.0 20.0 10.0
760.0 596.0 20.0 10.0
436.0 201.0 20.0 10.0
321.0 215.0 20.0 10.0
978.0 66.0 20.0 10.0
859.0 593.0 20.0 10.0
702.0 344.0 20.0 10.0
709.0 331.0 20.0 10.0
990.0 308.0 20.0 10.0
904.0 276.0 20.0 10.0
1259.0 342.0 20.0 10.0
1225.0 339.0 20.0 10.0
1127.0 300.0 20.0 10.0
1228.0 365.0 20.0 10.0
1212.0 352.0 20.0 10.0
512.0 550.0 20.0 10.0
538.0 569.0 20.0 10.0
179.0 598.0 20.0 10.0
145.0 589.0 20.0 10.0
113.0 582.0 20.0 10.0
1274.0 382.0 20.0 10.0
270.0 208.0 20.0 10.0
479.0 249.0 20.0 10.0
1104.0 264.0 20.0 10.0
1114.0 232.0 20.0 10.0
1116.0 200.0 20.0 10.0
1334.0 449.0 20.0 10.0
696.0 575.0 20.0 10.0
728.0 585.0 20.0 10.0
24.0 233.0 20.0 10.0
41.0 231.0 20.0 10.0
576.0 623.0 20.0 10.0
1225.0 146.0 20.0 10.0
1244.0 174.0 20.0 10.0
458.0 268.0 20.0 10.0
690.0 309.0 20.0 10.0
717.0 306.0 20.0 10.0
1288.0 334.0 20.0 10.0
477.0 279.0 20.0 10.0
376.0 629.0 20.0 10.0
690.0 279.0 20.0 10.0
718.0 276.0 20.0 10.0
734.0 250.0 20.0 10.0
797.0 255.0 20.0 10.0
860.0 261.0 20.0 10.0
923.0 267.0 20.0 10.0
785.0 282.0 20.0 10.0
1189.0 334.0 20.0 10.0
356.0 634.0 20.0 10.0
1316.0 423.0 20.0 10.0
1307.0 403.0 20.0 10.0
1339.0 420.0 20.0 10.0
69.0 145.0 20.0 10.0
85.0 151.0 20.0 10.0
107.0 155.0 20.0 10.0
136.0 160.0 20.0 10.0
168.0 161.0 20.0 10.0
202.0 171.0 20.0 10.0
236.0 187.0 20.0 10.0
