200
1132.0 583.0 20.0 10.0
1526.0 612.0 20.0 10.0
1477.0 610.0 20.0 10.0
716.0 683.0 20.0 10.0
633.0 271.0 20.0 10.0
620.0 295.0 20.0 10.0
1734.0 650.0 20.0 10.0
96.0 888.0 20.0 10.0
973.0 584.0 20.0 10.0
964.0 573.0 20.0 10.0
946.0 559.0 20.0 10.0
925.0 531.0 20.0 10.0
267.0 1066.0 20.0 10.0
86.0 1066.0 20.0 10.0
120.0 1059.0 20.0 10.0
709.0 700.0 20.0 10.0
615.0 25.0 20.0 10.0
1684.0 649.0 20.0 10.0
1670.0 622.0 20.0 10.0
724.0 550.0 20.0 10.0
478.0 529.0 20.0 10.0
225.0 525.0 20.0 10.0
299.0 701.0 20.0 10.0
93.0 851.0 20.0 10.0
1994.0 616.0 20.0 10.0
114.0 915.0 20.0 10.0
816.0 432.0 20.0 10.0
516.0 541.0 20.0 10.0
639.0 311.0 20.0 10.0
124.0 501.0 20.0 10.0
140.0 505.0 20.0 10.0
160.0 509.0 20.0 10.0
184.0 514.0 20.0 10.0
731.0 661.0 20.0 10.0
776.0 435.0 20.0 10.0
744.0 427.0 20.0 10.0
1718.0 624.0 20.0 10.0
2028.0 714.0 20.0 10.0
2081.0 739.0 20.0 10.0
2057.0 727.0 20.0 10.0
616.0 41.0 20.0 10.0
1166.0 583.0 20.0 10.0
271.0 778.0 20.0 10.0
946.0 484.0 20.0 10.0
902.0 500.0 20.0 10.0
1761.0 642.0 20.0 10.0
25.0 965.0 20.0 10.0
33.0 945.0 20.0 10.0
42.0 917.0 20.0 10.0
614.0 514.0 20.0 10.0
2132.0 596.0 20.0 10.0
2117.0 761.0 20.0 10.0
426.0 658.0 20.0 10.0
1550.0 633.0 20.0 10.0
1764.0 626.0 20.0 10.0
617.0 62.0 20.0 10.0
619.0 88.0 20.0 10.0
1273.0 593.0 20.0 10.0
636.0 435.0 20.0 10.0
604.0 462.0 20.0 10.0
913.0 474.0 20.0 10.0
559.0 563.0 20.0 10.0
65.0 970.0 20.0 10.0
73.0 957.0 20.0 10.0
83.0 940.0 20.0 10.0
2132.0 770.0 20.0 10.0
1077.0 577.0 20.0 10.0
1058.0 572.0 20.0 10.0
1003.0 567.0 20.0 10.0
710.0 423.0 20.0 10.0
967.0 532.0 20.0 10.0
952.0 535.0 20.0 10.0
873.0 478.0 20.0 10.0
841.0 461.0 20.0 10.0
809.0 449.0 20.0 10.0
77.0 853.0 20.0 10.0
63.0 910.0 20.0 10.0
95.0 915.0 20.0 10.0
124.0 897.0 20.0 10.0
865.0 624.0 20.0 10.0
1575.0 615.0 20.0 10.0
828.0 582.0 20.0 10.0
942.0 511.0 20.0 10.0
1623.0 618.0 20.0 10.0
704.0 715.0 20.0 10.0
884.0 603.0 20.0 10.0
898.0 580.0 20.0 10.0
1940.0 652.0 20.0 10.0
322.0 699.0 20.0 10.0
329.0 1048.0 20.0 10.0
25.0 1082.0 20.0 10.0
54.0 1074.0 20.0 10.0
777.0 586.0 20.0 10.0
836.0 556.0 20.0 10.0
892.0 557.0 20.0 10.0
735.0 632.0 20.0 10.0
201.0 1078.0 20.0 10.0
187.0 1050.0 20.0 10.0
119.0 864.0 20.0 10.0
355.0 554.0 20.0 10.0
616.0 47.0 20.0 10.0
1241.0 593.0 20.0 10.0
1219.0 588.0 20.0 10.0
531.0 569.0 20.0 10.0
2077.0 578.0 20.0 10.0
2063.0 588.0 20.0 10.0
266.0 1036.0 20.0 10.0
617.0 73.0 20.0 10.0
171.0 1078.0 20.0 10.0
633.0 458.0 20.0 10.0
195.0 518.0 20.0 10.0
210.0 521.0 20.0 10.0
571.0 321.0 20.0 10.0
1908.0 675.0 20.0 10.0
530.0 619.0 20.0 10.0
1918.0 622.0 20.0 10.0
579.0 334.0 20.0 10.0
588.0 350.0 20.0 10.0
612.0 360.0 20.0 10.0
646.0 396.0 20.0 10.0
623.0 415.0 20.0 10.0
603.0 438.0 20.0 10.0
1854.0 639.0 20.0 10.0
1810.0 631.0 20.0 10.0
239.0 526.0 20.0 10.0
269.0 534.0 20.0 10.0
303.0 539.0 20.0 10.0
342.0 543.0 20.0 10.0
381.0 552.0 20.0 10.0
419.0 566.0 20.0 10.0
461.0 579.0 20.0 10.0
506.0 588.0 20.0 10.0
472.0 539.0 20.0 10.0
492.0 554.0 20.0 10.0
176.0 854.0 20.0 10.0
207.0 832.0 20.0 10.0
237.0 806.0 20.0 10.0
465.0 624.0 20.0 10.0
147.0 502.0 20.0 10.0
1112.0 577.0 20.0 10.0
326.0 837.0 20.0 10.0
2007.0 615.0 20.0 10.0
634.0 145.0 20.0 10.0
629.0 160.0 20.0 10.0
2109.0 763.0 20.0 10.0
529.0 632.0 20.0 10.0
362.0 1046.0 20.0 10.0
262.0 740.0 20.0 10.0
1897.0 645.0 20.0 10.0
2117.0 602.0 20.0 10.0
2093.0 596.0 20.0 10.0
641.0 296.0 20.0 10.0
336.0 816.0 20.0 10.0
328.0 821.0 20.0 10.0
332.0 803.0 20.0 10.0
334.0 780.0 20.0 10.0
781.0 555.0 20.0 10.0
335.0 751.0 20.0 10.0
346.0 719.0 20.0 10.0
386.0 689.0 20.0 10.0
922.0 455.0 20.0 10.0
216.0 1035.0 20.0 10.0
541.0 598.0 20.0 10.0
627.0 338.0 20.0 10.0
295.0 1050.0 20.0 10.0
320.0 544.0 20.0 10.0
2087.0 631.0 20.0 10.0
2065.0 615.0 20.0 10.0
2037.0 601.0 20.0 10.0
673.0 425.0 20.0 10.0
933.0 444.0 20.0 10.0
617.0 117.0 20.0 10.0
614.0 150.0 20.0 10.0
616.0 183.0 20.0 10.0
619.0 217.0 20.0 10.0
149.0 876.0 20.0 10.0
1790.0 645.0 20.0 10.0
748.0 637.0 20.0 10.0
760.0 613.0 20.0 10.0
1427.0 607.0 20.0 10.0
1377.0 603.0 20.0 10.0
1325.0 598.0 20.0 10.0
1187.0 588.0 20.0 10.0
2100.0 752.0 20.0 10.0
589.0 478.0 20.0 10.0
622.0 486.0 20.0 10.0
613.0 536.0 20.0 10.0
669.0 544.0 20.0 10.0
630.0 385.0 20.0 10.0
375.0 748.0 20.0 10.0
347.0 745.0 20.0 10.0
619.0 254.0 20.0 10.0
1973.0 633.0 20.0 10.0
2026.0 701.0 20.0 10.0
1997.0 700.0 20.0 10.0
1968.0 678.0 20.0 10.0
278.0 740.0 20.0 10.0
307.0 748.0 20.0 10.0
150.0 1020.0 20.0 10.0
154.0 1051.0 20.0 10.0
