200
920.0 353.0 20.0 10.0
905.0 341.0 20.0 10.0
244.0 242.0 20.0 10.0
68.0 25.0 20.0 10.0
795.0 729.0 20.0 10.0
276.0 294.0 20.0 10.0
297.0 620.0 20.0 10.0
146.0 736.0 20.0 10.0
827.0 683.0 20.0 10.0
805.0 204.0 20.0 10.0
764.0 231.0 20.0 10.0
945.0 30.0 20.0 10.0
92.0 841.0 20.0 10.0
108.0 821.0 20.0 10.0
244.0 304.0 20.0 10.0
446.0 252.0 20.0 10.0
438.0 279.0 20.0 10.0
25.0 54.0 20.0 10.0
40.0 65.0 20.0 10.0
796.0 680.0 20.0 10.0
459.0 358.0 20.0 10.0
432.0 349.0 20.0 10.0
631.0 582.0 20.0 10.0
254.0 437.0 20.0 10.0
821.0 288.0 20.0 10.0
793.0 261.0 20.0 10.0
454.0 429.0 20.0 10.0
429.0 413.0 20.0 10.0
428.0 391.0 20.0 10.0
913.0 205.0 20.0 10.0
882.0 205.0 20.0 10.0
247.0 261.0 20.0 10.0
267.0 277.0 20.0 10.0
222.0 292.0 20.0 10.0
590.0 212.0 20.0 10.0
25.0 830.0 20.0 10.0
904.0 395.0 20.0 10.0
870.0 227.0 20.0 10.0
845.0 207.0 20.0 10.0
768.0 720.0 20.0 10.0
764.0 686.0 20.0 10.0
736.0 663.0 20.0 10.0
705.0 644.0 20.0 10.0
319.0 545.0 20.0 10.0
327.0 573.0 20.0 10.0
54.0 797.0 20.0 10.0
125.0 178.0 20.0 10.0
144.0 179.0 20.0 10.0
166.0 181.0 20.0 10.0
959.0 221.0 20.0 10.0
937.0 202.0 20.0 10.0
172.0 378.0 20.0 10.0
192.0 365.0 20.0 10.0
214.0 342.0 20.0 10.0
244.0 321.0 20.0 10.0
895.0 379.0 20.0 10.0
245.0 695.0 20.0 10.0
288.0 684.0 20.0 10.0
382.0 550.0 20.0 10.0
360.0 579.0 20.0 10.0
336.0 609.0 20.0 10.0
312.0 645.0 20.0 10.0
267.0 422.0 20.0 10.0
884.0 360.0 20.0 10.0
865.0 339.0 20.0 10.0
851.0 311.0 20.0 10.0
882.0 106.0 20.0 10.0
142.0 630.0 20.0 10.0
160.0 647.0 20.0 10.0
432.0 297.0 20.0 10.0
395.0 756.0 20.0 10.0
455.0 401.0 20.0 10.0
416.0 826.0 20.0 10.0
934.0 44.0 20.0 10.0
615.0 645.0 20.0 10.0
591.0 669.0 20.0 10.0
561.0 679.0 20.0 10.0
529.0 675.0 20.0 10.0
447.0 859.0 20.0 10.0
692.0 186.0 20.0 10.0
715.0 204.0 20.0 10.0
343.0 547.0 20.0 10.0
778.0 782.0 20.0 10.0
406.0 254.0 20.0 10.0
580.0 181.0 20.0 10.0
247.0 207.0 20.0 10.0
273.0 218.0 20.0 10.0
297.0 371.0 20.0 10.0
320.0 341.0 20.0 10.0
356.0 382.0 20.0 10.0
332.0 369.0 20.0 10.0
195.0 184.0 20.0 10.0
231.0 207.0 20.0 10.0
865.0 183.0 20.0 10.0
283.0 402.0 20.0 10.0
611.0 251.0 20.0 10.0
508.0 259.0 20.0 10.0
712.0 237.0 20.0 10.0
661.0 245.0 20.0 10.0
873.0 692.0 20.0 10.0
853.0 688.0 20.0 10.0
456.0 264.0 20.0 10.0
31.0 843.0 20.0 10.0
52.0 826.0 20.0 10.0
79.0 808.0 20.0 10.0
409.0 499.0 20.0 10.0
312.0 418.0 20.0 10.0
311.0 399.0 20.0 10.0
393.0 583.0 20.0 10.0
279.0 430.0 20.0 10.0
142.0 768.0 20.0 10.0
528.0 592.0 20.0 10.0
315.0 271.0 20.0 10.0
920.0 63.0 20.0 10.0
903.0 83.0 20.0 10.0
59.0 78.0 20.0 10.0
82.0 98.0 20.0 10.0
108.0 111.0 20.0 10.0
475.0 368.0 20.0 10.0
873.0 114.0 20.0 10.0
859.0 138.0 20.0 10.0
83.0 775.0 20.0 10.0
883.0 320.0 20.0 10.0
86.0 62.0 20.0 10.0
96.0 84.0 20.0 10.0
910.0 323.0 20.0 10.0
433.0 844.0 20.0 10.0
185.0 592.0 20.0 10.0
191.0 614.0 20.0 10.0
205.0 641.0 20.0 10.0
683.0 582.0 20.0 10.0
657.0 593.0 20.0 10.0
430.0 311.0 20.0 10.0
624.0 552.0 20.0 10.0
109.0 790.0 20.0 10.0
135.0 132.0 20.0 10.0
164.0 158.0 20.0 10.0
292.0 767.0 20.0 10.0
310.0 746.0 20.0 10.0
316.0 716.0 20.0 10.0
344.0 743.0 20.0 10.0
370.0 773.0 20.0 10.0
382.0 799.0 20.0 10.0
395.0 778.0 20.0 10.0
505.0 817.0 20.0 10.0
497.0 789.0 20.0 10.0
517.0 770.0 20.0 10.0
509.0 739.0 20.0 10.0
516.0 707.0 20.0 10.0
304.0 552.0 20.0 10.0
562.0 200.0 20.0 10.0
564.0 227.0 20.0 10.0
559.0 256.0 20.0 10.0
276.0 449.0 20.0 10.0
64.0 90.0 20.0 10.0
435.0 247.0 20.0 10.0
172.0 775.0 20.0 10.0
175.0 745.0 20.0 10.0
210.0 721.0 20.0 10.0
903.0 110.0 20.0 10.0
292.0 311.0 20.0 10.0
412.0 363.0 20.0 10.0
404.0 329.0 20.0 10.0
362.0 337.0 20.0 10.0
288.0 195.0 20.0 10.0
312.0 372.0 20.0 10.0
742.0 280.0 20.0 10.0
734.0 256.0 20.0 10.0
288.0 260.0 20.0 10.0
535.0 795.0 20.0 10.0
932.0 226.0 20.0 10.0
419.0 507.0 20.0 10.0
401.0 525.0 20.0 10.0
695.0 263.0 20.0 10.0
670.0 631.0 20.0 10.0
634.0 616.0 20.0 10.0
155.0 389.0 20.0 10.0
537.0 641.0 20.0 10.0
847.0 121.0 20.0 10.0
217.0 671.0 20.0 10.0
357.0 801.0 20.0 10.0
396.0 800.0 20.0 10.0
595.0 612.0 20.0 10.0
728.0 178.0 20.0 10.0
315.0 230.0 20.0 10.0
355.0 250.0 20.0 10.0
77.0 41.0 20.0 10.0
187.0 661.0 20.0 10.0
498.0 596.0 20.0 10.0
888.0 130.0 20.0 10.0
395.0 617.0 20.0 10.0
370.0 603.0 20.0 10.0
774.0 752.0 20.0 10.0
501.0 541.0 20.0 10.0
514.0 564.0 20.0 10.0
557.0 612.0 20.0 10.0
929.0 335.0 20.0 10.0
828.0 140.0 20.0 10.0
831.0 169.0 20.0 10.0
739.0 185.0 20.0 10.0
