200
608.0 455.0 20.0 10.0
420.0 145.0 20.0 10.0
181.0 246.0 20.0 10.0
241.0 538.0 20.0 10.0
234.0 838.0 20.0 10.0
46.0 710.0 20.0 10.0
401.0 318.0 20.0 10.0
957.0 294.0 20.0 10.0
855.0 192.0 20.0 10.0
877.0 171.0 20.0 10.0
113.0 829.0 20.0 10.0
172.0 923.0 20.0 10.0
845.0 112.0 20.0 10.0
193.0 888.0 20.0 10.0
917.0 235.0 20.0 10.0
384.0 101.0 20.0 10.0
370.0 127.0 20.0 10.0
371.0 160.0 20.0 10.0
1052.0 292.0 20.0 10.0
371.0 25.0 20.0 10.0
618.0 476.0 20.0 10.0
777.0 153.0 20.0 10.0
864.0 98.0 20.0 10.0
356.0 208.0 20.0 10.0
118.0 212.0 20.0 10.0
698.0 207.0 20.0 10.0
100.0 855.0 20.0 10.0
71.0 870.0 20.0 10.0
853.0 89.0 20.0 10.0
151.0 1024.0 20.0 10.0
892.0 382.0 20.0 10.0
68.0 712.0 20.0 10.0
170.0 886.0 20.0 10.0
197.0 1011.0 20.0 10.0
209.0 942.0 20.0 10.0
879.0 193.0 20.0 10.0
81.0 1022.0 20.0 10.0
58.0 157.0 20.0 10.0
124.0 955.0 20.0 10.0
152.0 958.0 20.0 10.0
356.0 362.0 20.0 10.0
919.0 166.0 20.0 10.0
904.0 175.0 20.0 10.0
209.0 854.0 20.0 10.0
247.0 281.0 20.0 10.0
784.0 596.0 20.0 10.0
755.0 599.0 20.0 10.0
986.0 293.0 20.0 10.0
90.0 177.0 20.0 10.0
291.0 935.0 20.0 10.0
848.0 37.0 20.0 10.0
107.0 704.0 20.0 10.0
117.0 686.0 20.0 10.0
134.0 653.0 20.0 10.0
153.0 616.0 20.0 10.0
368.0 220.0 20.0 10.0
390.0 236.0 20.0 10.0
56.0 819.0 20.0 10.0
144.0 224.0 20.0 10.0
221.0 826.0 20.0 10.0
826.0 100.0 20.0 10.0
829.0 136.0 20.0 10.0
108.0 191.0 20.0 10.0
812.0 482.0 20.0 10.0
820.0 455.0 20.0 10.0
769.0 130.0 20.0 10.0
267.0 304.0 20.0 10.0
942.0 361.0 20.0 10.0
476.0 260.0 20.0 10.0
189.0 220.0 20.0 10.0
42.0 1008.0 20.0 10.0
199.0 251.0 20.0 10.0
223.0 273.0 20.0 10.0
310.0 334.0 20.0 10.0
882.0 135.0 20.0 10.0
55.0 897.0 20.0 10.0
48.0 928.0 20.0 10.0
51.0 960.0 20.0 10.0
384.0 195.0 20.0 10.0
670.0 160.0 20.0 10.0
770.0 646.0 20.0 10.0
749.0 617.0 20.0 10.0
71.0 752.0 20.0 10.0
83.0 738.0 20.0 10.0
849.0 466.0 20.0 10.0
944.0 354.0 20.0 10.0
163.0 230.0 20.0 10.0
227.0 555.0 20.0 10.0
221.0 528.0 20.0 10.0
935.0 234.0 20.0 10.0
957.0 261.0 20.0 10.0
176.0 580.0 20.0 10.0
217.0 869.0 20.0 10.0
372.0 67.0 20.0 10.0
890.0 211.0 20.0 10.0
702.0 471.0 20.0 10.0
656.0 477.0 20.0 10.0
106.0 629.0 20.0 10.0
122.0 617.0 20.0 10.0
259.0 890.0 20.0 10.0
239.0 911.0 20.0 10.0
154.0 646.0 20.0 10.0
66.0 990.0 20.0 10.0
201.0 975.0 20.0 10.0
680.0 515.0 20.0 10.0
100.0 999.0 20.0 10.0
197.0 570.0 20.0 10.0
130.0 182.0 20.0 10.0
941.0 264.0 20.0 10.0
942.0 327.0 20.0 10.0
779.0 182.0 20.0 10.0
514.0 431.0 20.0 10.0
510.0 410.0 20.0 10.0
94.0 202.0 20.0 10.0
112.0 203.0 20.0 10.0
144.0 213.0 20.0 10.0
204.0 908.0 20.0 10.0
820.0 173.0 20.0 10.0
1034.0 292.0 20.0 10.0
1012.0 292.0 20.0 10.0
454.0 332.0 20.0 10.0
728.0 585.0 20.0 10.0
705.0 551.0 20.0 10.0
794.0 665.0 20.0 10.0
171.0 1044.0 20.0 10.0
232.0 508.0 20.0 10.0
261.0 472.0 20.0 10.0
145.0 181.0 20.0 10.0
963.0 326.0 20.0 10.0
739.0 194.0 20.0 10.0
396.0 164.0 20.0 10.0
201.0 542.0 20.0 10.0
658.0 225.0 20.0 10.0
173.0 610.0 20.0 10.0
112.0 1048.0 20.0 10.0
192.0 173.0 20.0 10.0
78.0 756.0 20.0 10.0
218.0 285.0 20.0 10.0
242.0 300.0 20.0 10.0
137.0 867.0 20.0 10.0
692.0 535.0 20.0 10.0
373.0 48.0 20.0 10.0
843.0 54.0 20.0 10.0
120.0 198.0 20.0 10.0
825.0 665.0 20.0 10.0
861.0 405.0 20.0 10.0
827.0 428.0 20.0 10.0
789.0 447.0 20.0 10.0
461.0 386.0 20.0 10.0
675.0 132.0 20.0 10.0
683.0 148.0 20.0 10.0
695.0 175.0 20.0 10.0
97.0 715.0 20.0 10.0
618.0 242.0 20.0 10.0
494.0 305.0 20.0 10.0
537.0 283.0 20.0 10.0
137.0 153.0 20.0 10.0
865.0 478.0 20.0 10.0
491.0 278.0 20.0 10.0
200.0 594.0 20.0 10.0
40.0 145.0 20.0 10.0
842.0 87.0 20.0 10.0
292.0 436.0 20.0 10.0
323.0 399.0 20.0 10.0
420.0 122.0 20.0 10.0
409.0 140.0 20.0 10.0
917.0 354.0 20.0 10.0
370.0 96.0 20.0 10.0
72.0 839.0 20.0 10.0
856.0 125.0 20.0 10.0
746.0 462.0 20.0 10.0
25.0 135.0 20.0 10.0
761.0 635.0 20.0 10.0
538.0 415.0 20.0 10.0
679.0 185.0 20.0 10.0
394.0 278.0 20.0 10.0
173.0 994.0 20.0 10.0
559.0 434.0 20.0 10.0
376.0 41.0 20.0 10.0
80.0 170.0 20.0 10.0
414.0 358.0 20.0 10.0
25.0 1023.0 20.0 10.0
811.0 703.0 20.0 10.0
92.0 638.0 20.0 10.0
193.0 191.0 20.0 10.0
82.0 835.0 20.0 10.0
837.0 74.0 20.0 10.0
237.0 806.0 20.0 10.0
470.0 363.0 20.0 10.0
492.0 343.0 20.0 10.0
512.0 321.0 20.0 10.0
460.0 280.0 20.0 10.0
127.0 1025.0 20.0 10.0
138.0 994.0 20.0 10.0
651.0 177.0 20.0 10.0
577.0 262.0 20.0 10.0
286.0 460.0 20.0 10.0
268.0 922.0 20.0 10.0
878.0 489.0 20.0 10.0
800.0 688.0 20.0 10.0
