500
83.0 95.0 20.0 10.0
99.0 85.0 20.0 10.0
92.0 96.0 20.0 10.0
87.0 97.0 20.0 10.0
99.0 97.0 20.0 10.0
99.0 96.0 20.0 10.0
84.0 92.0 20.0 10.0
98.0 92.0 20.0 10.0
95.0 88.0 20.0 10.0
89.0 84.0 20.0 10.0
101.0 81.0 20.0 10.0
75.0 91.0 20.0 10.0
106.0 85.0 20.0 10.0
114.0 101.0 20.0 10.0
94.0 93.0 20.0 10.0
98.0 89.0 20.0 10.0
80.0 83.0 20.0 10.0
96.0 104.0 20.0 10.0
97.0 76.0 20.0 10.0
89.0 78.0 20.0 10.0
121.0 78.0 20.0 10.0
100.0 94.0 20.0 10.0
84.0 73.0 20.0 10.0
85.0 101.0 20.0 10.0
86.0 110.0 20.0 10.0
83.0 86.0 20.0 10.0
111.0 99.0 20.0 10.0
77.0 92.0 20.0 10.0
112.0 62.0 20.0 10.0
83.0 124.0 20.0 10.0
111.0 93.0 20.0 10.0
79.0 102.0 20.0 10.0
88.0 105.0 20.0 10.0
111.0 97.0 20.0 10.0
103.0 79.0 20.0 10.0
114.0 76.0 20.0 10.0
102.0 84.0 20.0 10.0
81.0 104.0 20.0 10.0
93.0 72.0 20.0 10.0
83.0 101.0 20.0 10.0
98.0 101.0 20.0 10.0
77.0 96.0 20.0 10.0
97.0 101.0 20.0 10.0
89.0 108.0 20.0 10.0
70.0 72.0 20.0 10.0
106.0 100.0 20.0 10.0
88.0 68.0 20.0 10.0
95.0 69.0 20.0 10.0
108.0 109.0 20.0 10.0
106.0 131.0 20.0 10.0
67.0 98.0 20.0 10.0
107.0 101.0 20.0 10.0
101.0 90.0 20.0 10.0
109.0 74.0 20.0 10.0
103.0 71.0 20.0 10.0
103.0 103.0 20.0 10.0
71.0 108.0 20.0 10.0
107.0 124.0 20.0 10.0
73.0 96.0 20.0 10.0
123.0 62.0 20.0 10.0
126.0 100.0 20.0 10.0
106.0 79.0 20.0 10.0
89.0 86.0 20.0 10.0
85.0 59.0 20.0 10.0
110.0 65.0 20.0 10.0
104.0 69.0 20.0 10.0
117.0 85.0 20.0 10.0
85.0 84.0 20.0 10.0
87.0 117.0 20.0 10.0
126.0 72.0 20.0 10.0
73.0 66.0 20.0 10.0
113.0 71.0 20.0 10.0
93.0 116.0 20.0 10.0
115.0 92.0 20.0 10.0
118.0 107.0 20.0 10.0
118.0 122.0 20.0 10.0
80.0 86.0 20.0 10.0
70.0 98.0 20.0 10.0
142.0 76.0 20.0 10.0
104.0 62.0 20.0 10.0
118.0 82.0 20.0 10.0
122.0 65.0 20.0 10.0
135.0 98.0 20.0 10.0
64.0 79.0 20.0 10.0
93.0 122.0 20.0 10.0
100.0 70.0 20.0 10.0
95.0 98.0 20.0 10.0
74.0 84.0 20.0 10.0
116.0 75.0 20.0 10.0
68.0 105.0 20.0 10.0
83.0 99.0 20.0 10.0
98.0 57.0 20.0 10.0
121.0 104.0 20.0 10.0
84.0 71.0 20.0 10.0
77.0 109.0 20.0 10.0
76.0 123.0 20.0 10.0
109.0 85.0 20.0 10.0
68.0 91.0 20.0 10.0
59.0 88.0 20.0 10.0
97.0 59.0 20.0 10.0
97.0 114.0 20.0 10.0
109.0 117.0 20.0 10.0
78.0 68.0 20.0 10.0
82.0 76.0 20.0 10.0
69.0 74.0 20.0 10.0
61.0 90.0 20.0 10.0
100.0 123.0 20.0 10.0
68.0 119.0 20.0 10.0
71.0 118.0 20.0 10.0
107.0 94.0 20.0 10.0
88.0 72.0 20.0 10.0
122.0 94.0 20.0 10.0
88.0 82.0 20.0 10.0
140.0 67.0 20.0 10.0
74.0 111.0 20.0 10.0
91.0 114.0 20.0 10.0
125.0 53.0 20.0 10.0
119.0 75.0 20.0 10.0
105.0 120.0 20.0 10.0
106.0 66.0 20.0 10.0
63.0 69.0 20.0 10.0
72.0 64.0 20.0 10.0
72.0 101.0 20.0 10.0
55.0 102.0 20.0 10.0
100.0 118.0 20.0 10.0
92.0 104.0 20.0 10.0
122.0 102.0 20.0 10.0
89.0 91.0 20.0 10.0
84.0 114.0 20.0 10.0
89.0 130.0 20.0 10.0
94.0 63.0 20.0 10.0
89.0 126.0 20.0 10.0
76.0 75.0 20.0 10.0
124.0 77.0 20.0 10.0
113.0 94.0 20.0 10.0
102.0 58.0 20.0 10.0
80.0 72.0 20.0 10.0
54.0 118.0 20.0 10.0
79.0 79.0 20.0 10.0
134.0 72.0 20.0 10.0
61.0 83.0 20.0 10.0
89.0 60.0 20.0 10.0
61.0 103.0 20.0 10.0
107.0 113.0 20.0 10.0
119.0 60.0 20.0 10.0
78.0 81.0 20.0 10.0
50.0 95.0 20.0 10.0
67.0 123.0 20.0 10.0
125.0 115.0 20.0 10.0
126.0 62.0 20.0 10.0
81.0 91.0 20.0 10.0
37.0 108.0 20.0 10.0
111.0 130.0 20.0 10.0
125.0 96.0 20.0 10.0
97.0 73.0 20.0 10.0
53.0 97.0 20.0 10.0
134.0 106.0 20.0 10.0
130.0 93.0 20.0 10.0
77.0 118.0 20.0 10.0
86.0 129.0 20.0 10.0
143.0 96.0 20.0 10.0
65.0 117.0 20.0 10.0
144.0 99.0 20.0 10.0
129.0 84.0 20.0 10.0
61.0 71.0 20.0 10.0
118.0 69.0 20.0 10.0
96.0 120.0 20.0 10.0
59.0 93.0 20.0 10.0
82.0 85.0 20.0 10.0
125.0 89.0 20.0 10.0
91.0 153.0 20.0 10.0
134.0 64.0 20.0 10.0
79.0 93.0 20.0 10.0
61.0 120.0 20.0 10.0
105.0 58.0 20.0 10.0
75.0 101.0 20.0 10.0
83.0 129.0 20.0 10.0
104.0 94.0 20.0 10.0
80.0 147.0 20.0 10.0
117.0 71.0 20.0 10.0
49.0 117.0 20.0 10.0
126.0 120.0 20.0 10.0
47.0 110.0 20.0 10.0
73.0 123.0 20.0 10.0
119.0 112.0 20.0 10.0
141.0 79.0 20.0 10.0
130.0 101.0 20.0 10.0
98.0 140.0 20.0 10.0
46.0 78.0 20.0 10.0
103.0 54.0 20.0 10.0
79.0 53.0 20.0 10.0
87.0 44.0 20.0 10.0
86.0 137.0 20.0 10.0
140.0 89.0 20.0 10.0
137.0 90.0 20.0 10.0
41.0 74.0 20.0 10.0
105.0 98.0 20.0 10.0
129.0 78.0 20.0 10.0
105.0 49.0 20.0 10.0
106.0 70.0 20.0 10.0
57.0 83.0 20.0 10.0
129.0 107.0 20.0 10.0
77.0 127.0 20.0 10.0
105.0 109.0 20.0 10.0
67.0 77.0 20.0 10.0
53.0 91.0 20.0 10.0
136.0 113.0 20.0 10.0
114.0 85.0 20.0 10.0
123.0 92.0 20.0 10.0
71.0 82.0 20.0 10.0
119.0 55.0 20.0 10.0
109.0 136.0 20.0 10.0
62.0 64.0 20.0 10.0
46.0 88.0 20.0 10.0
57.0 110.0 20.0 10.0
123.0 116.0 20.0 10.0
128.0 74.0 20.0 10.0
59.0 146.0 20.0 10.0
132.0 128.0 20.0 10.0
53.0 109.0 20.0 10.0
107.0 76.0 20.0 10.0
81.0 62.0 20.0 10.0
103.0 52.0 20.0 10.0
96.0 129.0 20.0 10.0
103.0 66.0 20.0 10.0
84.0 49.0 20.0 10.0
92.0 71.0 20.0 10.0
82.0 67.0 20.0 10.0
95.0 114.0 20.0 10.0
51.0 103.0 20.0 10.0
71.0 78.0 20.0 10.0
122.0 84.0 20.0 10.0
107.0 56.0 20.0 10.0
108.0 105.0 20.0 10.0
59.0 75.0 20.0 10.0
119.0 136.0 20.0 10.0
109.0 62.0 20.0 10.0
128.0 98.0 20.0 10.0
92.0 133.0 20.0 10.0
52.0 83.0 20.0 10.0
59.0 115.0 20.0 10.0
105.0 147.0 20.0 10.0
86.0 61.0 20.0 10.0
112.0 42.0 20.0 10.0
136.0 86.0 20.0 10.0
74.0 132.0 20.0 10.0
41.0 88.0 20.0 10.0
116.0 65.0 20.0 10.0
80.0 130.0 20.0 10.0
114.0 59.0 20.0 10.0
64.0 72.0 20.0 10.0
106.0 128.0 20.0 10.0
98.0 44.0 20.0 10.0
132.0 90.0 20.0 10.0
117.0 103.0 20.0 10.0
67.0 83.0 20.0 10.0
111.0 123.0 20.0 10.0
122.0 77.0 20.0 10.0
75.0 53.0 20.0 10.0
135.0 131.0 20.0 10.0
110.0 126.0 20.0 10.0
63.0 76.0 20.0 10.0
92.0 126.0 20.0 10.0
109.0 54.0 20.0 10.0
96.0 47.0 20.0 10.0
115.0 50.0 20.0 10.0
140.0 100.0 20.0 10.0
115.0 117.0 20.0 10.0
123.0 43.0 20.0 10.0
109.0 47.0 20.0 10.0
86.0 52.0 20.0 10.0
116.0 111.0 20.0 10.0
51.0 66.0 20.0 10.0
138.0 78.0 20.0 10.0
153.0 81.0 20.0 10.0
85.0 106.0 20.0 10.0
107.0 40.0 20.0 10.0
52.0 74.0 20.0 10.0
81.0 33.0 20.0 10.0
140.0 107.0 20.0 10.0
54.0 48.0 20.0 10.0
69.0 62.0 20.0 10.0
51.0 79.0 20.0 10.0
99.0 36.0 20.0 10.0
113.0 126.0 20.0 10.0
69.0 58.0 20.0 10.0
105.0 73.0 20.0 10.0
132.0 86.0 20.0 10.0
59.0 78.0 20.0 10.0
65.0 54.0 20.0 10.0
88.0 65.0 20.0 10.0
86.0 140.0 20.0 10.0
55.0 74.0 20.0 10.0
57.0 133.0 20.0 10.0
78.0 37.0 20.0 10.0
59.0 52.0 20.0 10.0
87.0 58.0 20.0 10.0
114.0 114.0 20.0 10.0
54.0 60.0 20.0 10.0
131.0 68.0 20.0 10.0
41.0 102.0 20.0 10.0
72.0 113.0 20.0 10.0
91.0 101.0 20.0 10.0
84.0 81.0 20.0 10.0
93.0 57.0 20.0 10.0
75.0 136.0 20.0 10.0
115.0 140.0 20.0 10.0
47.0 74.0 20.0 10.0
96.0 133.0 20.0 10.0
118.0 97.0 20.0 10.0
92.0 44.0 20.0 10.0
83.0 28.0 20.0 10.0
30.0 84.0 20.0 10.0
64.0 105.0 20.0 10.0
104.0 123.0 20.0 10.0
148.0 108.0 20.0 10.0
122.0 121.0 20.0 10.0
77.0 57.0 20.0 10.0
131.0 104.0 20.0 10.0
64.0 47.0 20.0 10.0
148.0 68.0 20.0 10.0
56.0 97.0 20.0 10.0
56.0 119.0 20.0 10.0
94.0 80.0 20.0 10.0
95.0 51.0 20.0 10.0
142.0 118.0 20.0 10.0
77.0 114.0 20.0 10.0
56.0 85.0 20.0 10.0
137.0 75.0 20.0 10.0
52.0 64.0 20.0 10.0
134.0 116.0 20.0 10.0
113.0 120.0 20.0 10.0
51.0 131.0 20.0 10.0
91.0 140.0 20.0 10.0
53.0 137.0 20.0 10.0
70.0 36.0 20.0 10.0
119.0 51.0 20.0 10.0
112.0 36.0 20.0 10.0
122.0 68.0 20.0 10.0
99.0 64.0 20.0 10.0
77.0 43.0 20.0 10.0
149.0 77.0 20.0 10.0
70.0 125.0 20.0 10.0
118.0 131.0 20.0 10.0
66.0 112.0 20.0 10.0
103.0 40.0 20.0 10.0
69.0 45.0 20.0 10.0
99.0 47.0 20.0 10.0
46.0 82.0 20.0 10.0
115.0 137.0 20.0 10.0
87.0 103.0 20.0 10.0
99.0 40.0 20.0 10.0
100.0 131.0 20.0 10.0
129.0 54.0 20.0 10.0
72.0 60.0 20.0 10.0
153.0 108.0 20.0 10.0
77.0 32.0 20.0 10.0
79.0 134.0 20.0 10.0
138.0 102.0 20.0 10.0
39.0 115.0 20.0 10.0
83.0 139.0 20.0 10.0
104.0 115.0 20.0 10.0
80.0 140.0 20.0 10.0
49.0 90.0 20.0 10.0
99.0 120.0 20.0 10.0
65.0 66.0 20.0 10.0
82.0 64.0 20.0 10.0
88.0 121.0 20.0 10.0
56.0 130.0 20.0 10.0
138.0 82.0 20.0 10.0
85.0 53.0 20.0 10.0
146.0 89.0 20.0 10.0
66.0 107.0 20.0 10.0
113.0 67.0 20.0 10.0
34.0 85.0 20.0 10.0
121.0 97.0 20.0 10.0
124.0 111.0 20.0 10.0
68.0 138.0 20.0 10.0
63.0 60.0 20.0 10.0
89.0 37.0 20.0 10.0
125.0 92.0 20.0 10.0
95.0 40.0 20.0 10.0
66.0 63.0 20.0 10.0
106.0 135.0 20.0 10.0
103.0 32.0 20.0 10.0
100.0 126.0 20.0 10.0
52.0 127.0 20.0 10.0
119.0 34.0 20.0 10.0
59.0 56.0 20.0 10.0
156.0 94.0 20.0 10.0
74.0 152.0 20.0 10.0
50.0 100.0 20.0 10.0
47.0 61.0 20.0 10.0
32.0 74.0 20.0 10.0
115.0 42.0 20.0 10.0
129.0 67.0 20.0 10.0
63.0 90.0 20.0 10.0
141.0 115.0 20.0 10.0
110.0 39.0 20.0 10.0
124.0 127.0 20.0 10.0
63.0 97.0 20.0 10.0
60.0 105.0 20.0 10.0
25.0 107.0 20.0 10.0
145.0 86.0 20.0 10.0
100.0 112.0 20.0 10.0
127.0 127.0 20.0 10.0
71.0 133.0 20.0 10.0
43.0 111.0 20.0 10.0
47.0 91.0 20.0 10.0
127.0 106.0 20.0 10.0
135.0 124.0 20.0 10.0
72.0 145.0 20.0 10.0
49.0 85.0 20.0 10.0
139.0 69.0 20.0 10.0
75.0 37.0 20.0 10.0
67.0 41.0 20.0 10.0
120.0 119.0 20.0 10.0
62.0 126.0 20.0 10.0
146.0 50.0 20.0 10.0
128.0 51.0 20.0 10.0
100.0 137.0 20.0 10.0
131.0 79.0 20.0 10.0
69.0 65.0 20.0 10.0
66.0 87.0 20.0 10.0
120.0 38.0 20.0 10.0
62.0 133.0 20.0 10.0
138.0 40.0 20.0 10.0
98.0 145.0 20.0 10.0
142.0 92.0 20.0 10.0
125.0 139.0 20.0 10.0
110.0 57.0 20.0 10.0
97.0 52.0 20.0 10.0
83.0 42.0 20.0 10.0
132.0 121.0 20.0 10.0
145.0 82.0 20.0 10.0
128.0 42.0 20.0 10.0
104.0 132.0 20.0 10.0
38.0 96.0 20.0 10.0
45.0 114.0 20.0 10.0
47.0 69.0 20.0 10.0
146.0 104.0 20.0 10.0
36.0 74.0 20.0 10.0
86.0 132.0 20.0 10.0
119.0 88.0 20.0 10.0
142.0 55.0 20.0 10.0
73.0 129.0 20.0 10.0
52.0 93.0 20.0 10.0
48.0 54.0 20.0 10.0
79.0 125.0 20.0 10.0
44.0 56.0 20.0 10.0
47.0 99.0 20.0 10.0
126.0 80.0 20.0 10.0
144.0 66.0 20.0 10.0
136.0 118.0 20.0 10.0
84.0 37.0 20.0 10.0
59.0 95.0 20.0 10.0
71.0 54.0 20.0 10.0
147.0 94.0 20.0 10.0
64.0 121.0 20.0 10.0
97.0 156.0 20.0 10.0
129.0 121.0 20.0 10.0
73.0 43.0 20.0 10.0
130.0 137.0 20.0 10.0
146.0 113.0 20.0 10.0
124.0 58.0 20.0 10.0
113.0 134.0 20.0 10.0
66.0 135.0 20.0 10.0
112.0 110.0 20.0 10.0
88.0 48.0 20.0 10.0
63.0 115.0 20.0 10.0
69.0 50.0 20.0 10.0
73.0 149.0 20.0 10.0
147.0 125.0 20.0 10.0
92.0 136.0 20.0 10.0
94.0 141.0 20.0 10.0
134.0 73.0 20.0 10.0
63.0 37.0 20.0 10.0
46.0 104.0 20.0 10.0
127.0 25.0 20.0 10.0
81.0 121.0 20.0 10.0
61.0 138.0 20.0 10.0
54.0 57.0 20.0 10.0
65.0 55.0 20.0 10.0
41.0 81.0 20.0 10.0
35.0 92.0 20.0 10.0
120.0 142.0 20.0 10.0
91.0 146.0 20.0 10.0
123.0 133.0 20.0 10.0
105.0 139.0 20.0 10.0
90.0 46.0 20.0 10.0
56.0 103.0 20.0 10.0
135.0 83.0 20.0 10.0
118.0 127.0 20.0 10.0
35.0 58.0 20.0 10.0
133.0 55.0 20.0 10.0
64.0 51.0 20.0 10.0
89.0 54.0 20.0 10.0
36.0 106.0 20.0 10.0
59.0 108.0 20.0 10.0
95.0 136.0 20.0 10.0
