500
89.0 101.0 20.0 10.0
104.0 103.0 20.0 10.0
89.0 108.0 20.0 10.0
86.0 109.0 20.0 10.0
101.0 88.0 20.0 10.0
90.0 77.0 20.0 10.0
87.0 96.0 20.0 10.0
85.0 94.0 20.0 10.0
97.0 80.0 20.0 10.0
88.0 89.0 20.0 10.0
105.0 101.0 20.0 10.0
108.0 89.0 20.0 10.0
97.0 98.0 20.0 10.0
70.0 79.0 20.0 10.0
106.0 96.0 20.0 10.0
73.0 91.0 20.0 10.0
114.0 111.0 20.0 10.0
91.0 96.0 20.0 10.0
106.0 73.0 20.0 10.0
108.0 76.0 20.0 10.0
109.0 88.0 20.0 10.0
90.0 93.0 20.0 10.0
113.0 75.0 20.0 10.0
107.0 112.0 20.0 10.0
109.0 77.0 20.0 10.0
85.0 113.0 20.0 10.0
87.0 99.0 20.0 10.0
103.0 79.0 20.0 10.0
79.0 99.0 20.0 10.0
95.0 108.0 20.0 10.0
75.0 105.0 20.0 10.0
103.0 102.0 20.0 10.0
92.0 80.0 20.0 10.0
90.0 85.0 20.0 10.0
118.0 83.0 20.0 10.0
70.0 71.0 20.0 10.0
96.0 91.0 20.0 10.0
86.0 117.0 20.0 10.0
91.0 98.0 20.0 10.0
116.0 74.0 20.0 10.0
108.0 102.0 20.0 10.0
92.0 119.0 20.0 10.0
72.0 86.0 20.0 10.0
110.0 126.0 20.0 10.0
91.0 91.0 20.0 10.0
96.0 63.0 20.0 10.0
82.0 128.0 20.0 10.0
123.0 107.0 20.0 10.0
120.0 100.0 20.0 10.0
89.0 72.0 20.0 10.0
65.0 101.0 20.0 10.0
79.0 90.0 20.0 10.0
85.0 103.0 20.0 10.0
74.0 88.0 20.0 10.0
91.0 57.0 20.0 10.0
82.0 67.0 20.0 10.0
62.0 91.0 20.0 10.0
102.0 69.0 20.0 10.0
100.0 111.0 20.0 10.0
129.0 113.0 20.0 10.0
84.0 74.0 20.0 10.0
85.0 122.0 20.0 10.0
93.0 101.0 20.0 10.0
85.0 90.0 20.0 10.0
61.0 111.0 20.0 10.0
108.0 95.0 20.0 10.0
70.0 120.0 20.0 10.0
74.0 114.0 20.0 10.0
72.0 95.0 20.0 10.0
101.0 123.0 20.0 10.0
86.0 126.0 20.0 10.0
80.0 113.0 20.0 10.0
123.0 74.0 20.0 10.0
116.0 106.0 20.0 10.0
134.0 83.0 20.0 10.0
66.0 106.0 20.0 10.0
129.0 104.0 20.0 10.0
102.0 95.0 20.0 10.0
73.0 69.0 20.0 10.0
114.0 71.0 20.0 10.0
111.0 87.0 20.0 10.0
77.0 121.0 20.0 10.0
80.0 86.0 20.0 10.0
111.0 111.0 20.0 10.0
100.0 55.0 20.0 10.0
88.0 116.0 20.0 10.0
78.0 83.0 20.0 10.0
112.0 83.0 20.0 10.0
121.0 96.0 20.0 10.0
77.0 129.0 20.0 10.0
101.0 117.0 20.0 10.0
75.0 74.0 20.0 10.0
110.0 92.0 20.0 10.0
67.0 110.0 20.0 10.0
116.0 98.0 20.0 10.0
122.0 114.0 20.0 10.0
147.0 78.0 20.0 10.0
70.0 108.0 20.0 10.0
116.0 72.0 20.0 10.0
49.0 90.0 20.0 10.0
124.0 112.0 20.0 10.0
69.0 124.0 20.0 10.0
98.0 107.0 20.0 10.0
114.0 58.0 20.0 10.0
75.0 124.0 20.0 10.0
86.0 61.0 20.0 10.0
107.0 117.0 20.0 10.0
121.0 116.0 20.0 10.0
102.0 111.0 20.0 10.0
79.0 77.0 20.0 10.0
94.0 129.0 20.0 10.0
96.0 142.0 20.0 10.0
88.0 54.0 20.0 10.0
108.0 119.0 20.0 10.0
129.0 101.0 20.0 10.0
67.0 75.0 20.0 10.0
85.0 134.0 20.0 10.0
59.0 119.0 20.0 10.0
94.0 110.0 20.0 10.0
112.0 115.0 20.0 10.0
94.0 55.0 20.0 10.0
74.0 90.0 20.0 10.0
140.0 118.0 20.0 10.0
98.0 76.0 20.0 10.0
93.0 86.0 20.0 10.0
93.0 118.0 20.0 10.0
100.0 63.0 20.0 10.0
130.0 106.0 20.0 10.0
58.0 122.0 20.0 10.0
120.0 121.0 20.0 10.0
51.0 87.0 20.0 10.0
83.0 130.0 20.0 10.0
95.0 69.0 20.0 10.0
139.0 107.0 20.0 10.0
86.0 57.0 20.0 10.0
116.0 77.0 20.0 10.0
99.0 128.0 20.0 10.0
135.0 106.0 20.0 10.0
117.0 117.0 20.0 10.0
54.0 88.0 20.0 10.0
63.0 81.0 20.0 10.0
92.0 124.0 20.0 10.0
113.0 65.0 20.0 10.0
117.0 122.0 20.0 10.0
83.0 48.0 20.0 10.0
79.0 139.0 20.0 10.0
94.0 76.0 20.0 10.0
108.0 132.0 20.0 10.0
73.0 110.0 20.0 10.0
131.0 119.0 20.0 10.0
68.0 84.0 20.0 10.0
58.0 98.0 20.0 10.0
92.0 70.0 20.0 10.0
63.0 77.0 20.0 10.0
97.0 116.0 20.0 10.0
84.0 65.0 20.0 10.0
71.0 134.0 20.0 10.0
64.0 70.0 20.0 10.0
130.0 84.0 20.0 10.0
93.0 138.0 20.0 10.0
71.0 113.0 20.0 10.0
51.0 104.0 20.0 10.0
61.0 127.0 20.0 10.0
104.0 121.0 20.0 10.0
118.0 93.0 20.0 10.0
113.0 121.0 20.0 10.0
86.0 51.0 20.0 10.0
105.0 93.0 20.0 10.0
56.0 81.0 20.0 10.0
67.0 103.0 20.0 10.0
96.0 59.0 20.0 10.0
59.0 126.0 20.0 10.0
59.0 77.0 20.0 10.0
107.0 122.0 20.0 10.0
90.0 44.0 20.0 10.0
64.0 131.0 20.0 10.0
76.0 55.0 20.0 10.0
124.0 88.0 20.0 10.0
57.0 74.0 20.0 10.0
117.0 80.0 20.0 10.0
133.0 123.0 20.0 10.0
115.0 50.0 20.0 10.0
124.0 103.0 20.0 10.0
77.0 104.0 20.0 10.0
49.0 127.0 20.0 10.0
64.0 119.0 20.0 10.0
47.0 95.0 20.0 10.0
84.0 128.0 20.0 10.0
69.0 131.0 20.0 10.0
129.0 69.0 20.0 10.0
82.0 125.0 20.0 10.0
70.0 86.0 20.0 10.0
109.0 136.0 20.0 10.0
111.0 134.0 20.0 10.0
104.0 61.0 20.0 10.0
64.0 109.0 20.0 10.0
129.0 92.0 20.0 10.0
128.0 96.0 20.0 10.0
124.0 94.0 20.0 10.0
129.0 72.0 20.0 10.0
146.0 111.0 20.0 10.0
117.0 57.0 20.0 10.0
120.0 66.0 20.0 10.0
90.0 132.0 20.0 10.0
139.0 80.0 20.0 10.0
64.0 116.0 20.0 10.0
119.0 114.0 20.0 10.0
115.0 139.0 20.0 10.0
136.0 76.0 20.0 10.0
61.0 141.0 20.0 10.0
132.0 92.0 20.0 10.0
138.0 105.0 20.0 10.0
84.0 83.0 20.0 10.0
66.0 83.0 20.0 10.0
70.0 99.0 20.0 10.0
96.0 66.0 20.0 10.0
109.0 70.0 20.0 10.0
99.0 39.0 20.0 10.0
43.0 110.0 20.0 10.0
134.0 104.0 20.0 10.0
45.0 99.0 20.0 10.0
90.0 61.0 20.0 10.0
138.0 89.0 20.0 10.0
122.0 71.0 20.0 10.0
151.0 83.0 20.0 10.0
131.0 103.0 20.0 10.0
80.0 62.0 20.0 10.0
54.0 66.0 20.0 10.0
51.0 94.0 20.0 10.0
38.0 120.0 20.0 10.0
73.0 132.0 20.0 10.0
107.0 128.0 20.0 10.0
124.0 66.0 20.0 10.0
130.0 122.0 20.0 10.0
135.0 116.0 20.0 10.0
95.0 51.0 20.0 10.0
72.0 127.0 20.0 10.0
83.0 51.0 20.0 10.0
136.0 92.0 20.0 10.0
142.0 89.0 20.0 10.0
121.0 131.0 20.0 10.0
98.0 55.0 20.0 10.0
44.0 102.0 20.0 10.0
102.0 134.0 20.0 10.0
55.0 136.0 20.0 10.0
58.0 110.0 20.0 10.0
51.0 114.0 20.0 10.0
45.0 111.0 20.0 10.0
98.0 60.0 20.0 10.0
39.0 94.0 20.0 10.0
105.0 57.0 20.0 10.0
74.0 117.0 20.0 10.0
55.0 85.0 20.0 10.0
135.0 67.0 20.0 10.0
144.0 94.0 20.0 10.0
51.0 53.0 20.0 10.0
71.0 58.0 20.0 10.0
111.0 56.0 20.0 10.0
110.0 63.0 20.0 10.0
90.0 65.0 20.0 10.0
98.0 122.0 20.0 10.0
48.0 62.0 20.0 10.0
125.0 79.0 20.0 10.0
115.0 127.0 20.0 10.0
124.0 76.0 20.0 10.0
57.0 85.0 20.0 10.0
60.0 93.0 20.0 10.0
38.0 66.0 20.0 10.0
73.0 52.0 20.0 10.0
133.0 78.0 20.0 10.0
105.0 151.0 20.0 10.0
149.0 96.0 20.0 10.0
102.0 90.0 20.0 10.0
120.0 72.0 20.0 10.0
122.0 110.0 20.0 10.0
118.0 104.0 20.0 10.0
54.0 96.0 20.0 10.0
138.0 130.0 20.0 10.0
117.0 132.0 20.0 10.0
77.0 136.0 20.0 10.0
93.0 116.0 20.0 10.0
115.0 88.0 20.0 10.0
43.0 125.0 20.0 10.0
73.0 62.0 20.0 10.0
82.0 60.0 20.0 10.0
105.0 81.0 20.0 10.0
49.0 79.0 20.0 10.0
90.0 115.0 20.0 10.0
35.0 125.0 20.0 10.0
75.0 61.0 20.0 10.0
132.0 139.0 20.0 10.0
84.0 79.0 20.0 10.0
134.0 72.0 20.0 10.0
33.0 85.0 20.0 10.0
110.0 147.0 20.0 10.0
103.0 35.0 20.0 10.0
94.0 66.0 20.0 10.0
69.0 50.0 20.0 10.0
160.0 79.0 20.0 10.0
98.0 134.0 20.0 10.0
99.0 145.0 20.0 10.0
122.0 122.0 20.0 10.0
62.0 65.0 20.0 10.0
139.0 87.0 20.0 10.0
135.0 145.0 20.0 10.0
125.0 81.0 20.0 10.0
54.0 60.0 20.0 10.0
144.0 98.0 20.0 10.0
97.0 150.0 20.0 10.0
111.0 79.0 20.0 10.0
86.0 41.0 20.0 10.0
129.0 66.0 20.0 10.0
89.0 135.0 20.0 10.0
50.0 71.0 20.0 10.0
116.0 120.0 20.0 10.0
60.0 53.0 20.0 10.0
94.0 46.0 20.0 10.0
122.0 44.0 20.0 10.0
136.0 126.0 20.0 10.0
35.0 90.0 20.0 10.0
103.0 74.0 20.0 10.0
80.0 142.0 20.0 10.0
75.0 67.0 20.0 10.0
46.0 128.0 20.0 10.0
101.0 73.0 20.0 10.0
49.0 108.0 20.0 10.0
57.0 78.0 20.0 10.0
27.0 75.0 20.0 10.0
63.0 95.0 20.0 10.0
36.0 64.0 20.0 10.0
104.0 136.0 20.0 10.0
60.0 59.0 20.0 10.0
126.0 53.0 20.0 10.0
48.0 81.0 20.0 10.0
49.0 74.0 20.0 10.0
117.0 145.0 20.0 10.0
103.0 131.0 20.0 10.0
104.0 140.0 20.0 10.0
70.0 152.0 20.0 10.0
83.0 55.0 20.0 10.0
109.0 56.0 20.0 10.0
146.0 107.0 20.0 10.0
126.0 58.0 20.0 10.0
137.0 109.0 20.0 10.0
48.0 100.0 20.0 10.0
137.0 56.0 20.0 10.0
57.0 115.0 20.0 10.0
112.0 103.0 20.0 10.0
64.0 137.0 20.0 10.0
41.0 103.0 20.0 10.0
112.0 151.0 20.0 10.0
82.0 104.0 20.0 10.0
83.0 144.0 20.0 10.0
132.0 132.0 20.0 10.0
95.0 35.0 20.0 10.0
73.0 137.0 20.0 10.0
96.0 147.0 20.0 10.0
128.0 128.0 20.0 10.0
141.0 54.0 20.0 10.0
67.0 61.0 20.0 10.0
124.0 123.0 20.0 10.0
73.0 75.0 20.0 10.0
116.0 43.0 20.0 10.0
77.0 145.0 20.0 10.0
92.0 134.0 20.0 10.0
62.0 85.0 20.0 10.0
29.0 102.0 20.0 10.0
75.0 132.0 20.0 10.0
68.0 56.0 20.0 10.0
59.0 48.0 20.0 10.0
129.0 88.0 20.0 10.0
76.0 93.0 20.0 10.0
82.0 161.0 20.0 10.0
76.0 63.0 20.0 10.0
140.0 113.0 20.0 10.0
126.0 86.0 20.0 10.0
156.0 109.0 20.0 10.0
105.0 45.0 20.0 10.0
117.0 65.0 20.0 10.0
121.0 56.0 20.0 10.0
35.0 94.0 20.0 10.0
138.0 96.0 20.0 10.0
92.0 150.0 20.0 10.0
107.0 51.0 20.0 10.0
57.0 58.0 20.0 10.0
151.0 100.0 20.0 10.0
51.0 65.0 20.0 10.0
117.0 61.0 20.0 10.0
123.0 148.0 20.0 10.0
87.0 135.0 20.0 10.0
78.0 44.0 20.0 10.0
111.0 50.0 20.0 10.0
80.0 120.0 20.0 10.0
61.0 105.0 20.0 10.0
96.0 158.0 20.0 10.0
57.0 88.0 20.0 10.0
66.0 66.0 20.0 10.0
117.0 153.0 20.0 10.0
81.0 34.0 20.0 10.0
129.0 61.0 20.0 10.0
140.0 46.0 20.0 10.0
74.0 79.0 20.0 10.0
59.0 150.0 20.0 10.0
53.0 45.0 20.0 10.0
63.0 114.0 20.0 10.0
129.0 140.0 20.0 10.0
133.0 52.0 20.0 10.0
31.0 47.0 20.0 10.0
55.0 120.0 20.0 10.0
70.0 36.0 20.0 10.0
135.0 119.0 20.0 10.0
144.0 107.0 20.0 10.0
112.0 40.0 20.0 10.0
40.0 115.0 20.0 10.0
121.0 103.0 20.0 10.0
145.0 67.0 20.0 10.0
139.0 100.0 20.0 10.0
79.0 70.0 20.0 10.0
160.0 105.0 20.0 10.0
151.0 146.0 20.0 10.0
131.0 75.0 20.0 10.0
92.0 131.0 20.0 10.0
96.0 130.0 20.0 10.0
73.0 121.0 20.0 10.0
109.0 107.0 20.0 10.0
113.0 132.0 20.0 10.0
74.0 146.0 20.0 10.0
40.0 106.0 20.0 10.0
81.0 42.0 20.0 10.0
124.0 118.0 20.0 10.0
64.0 44.0 20.0 10.0
130.0 97.0 20.0 10.0
28.0 86.0 20.0 10.0
61.0 99.0 20.0 10.0
136.0 46.0 20.0 10.0
44.0 77.0 20.0 10.0
128.0 51.0 20.0 10.0
148.0 71.0 20.0 10.0
123.0 38.0 20.0 10.0
116.0 24.0 20.0 10.0
27.0 117.0 20.0 10.0
93.0 41.0 20.0 10.0
53.0 90.0 20.0 10.0
81.0 150.0 20.0 10.0
40.0 90.0 20.0 10.0
151.0 65.0 20.0 10.0
110.0 145.0 20.0 10.0
95.0 123.0 20.0 10.0
146.0 120.0 20.0 10.0
101.0 139.0 20.0 10.0
120.0 125.0 20.0 10.0
113.0 97.0 20.0 10.0
70.0 65.0 20.0 10.0
55.0 104.0 20.0 10.0
63.0 55.0 20.0 10.0
151.0 112.0 20.0 10.0
119.0 110.0 20.0 10.0
84.0 137.0 20.0 10.0
74.0 112.0 20.0 10.0
47.0 115.0 20.0 10.0
130.0 68.0 20.0 10.0
118.0 53.0 20.0 10.0
52.0 131.0 20.0 10.0
50.0 45.0 20.0 10.0
144.0 83.0 20.0 10.0
101.0 47.0 20.0 10.0
54.0 110.0 20.0 10.0
55.0 78.0 20.0 10.0
124.0 126.0 20.0 10.0
143.0 74.0 20.0 10.0
124.0 158.0 20.0 10.0
151.0 90.0 20.0 10.0
109.0 37.0 20.0 10.0
51.0 120.0 20.0 10.0
92.0 139.0 20.0 10.0
41.0 83.0 20.0 10.0
103.0 39.0 20.0 10.0
57.0 129.0 20.0 10.0
53.0 98.0 20.0 10.0
131.0 43.0 20.0 10.0
147.0 91.0 20.0 10.0
60.0 31.0 20.0 10.0
25.0 121.0 20.0 10.0
108.0 60.0 20.0 10.0
38.0 75.0 20.0 10.0
50.0 142.0 20.0 10.0
146.0 35.0 20.0 10.0
65.0 57.0 20.0 10.0
137.0 68.0 20.0 10.0
67.0 30.0 20.0 10.0
70.0 139.0 20.0 10.0
128.0 134.0 20.0 10.0
125.0 141.0 20.0 10.0
161.0 128.0 20.0 10.0
121.0 86.0 20.0 10.0
76.0 47.0 20.0 10.0
66.0 74.0 20.0 10.0
130.0 109.0 20.0 10.0
98.0 48.0 20.0 10.0
42.0 80.0 20.0 10.0
