500
112.0 80.0 20.0 10.0
89.0 87.0 20.0 10.0
99.0 96.0 20.0 10.0
90.0 83.0 20.0 10.0
93.0 101.0 20.0 10.0
96.0 103.0 20.0 10.0
96.0 84.0 20.0 10.0
83.0 91.0 20.0 10.0
105.0 88.0 20.0 10.0
92.0 90.0 20.0 10.0
105.0 82.0 20.0 10.0
93.0 95.0 20.0 10.0
93.0 83.0 20.0 10.0
101.0 77.0 20.0 10.0
76.0 85.0 20.0 10.0
96.0 74.0 20.0 10.0
99.0 103.0 20.0 10.0
85.0 105.0 20.0 10.0
113.0 88.0 20.0 10.0
67.0 84.0 20.0 10.0
90.0 102.0 20.0 10.0
113.0 66.0 20.0 10.0
76.0 89.0 20.0 10.0
99.0 110.0 20.0 10.0
79.0 83.0 20.0 10.0
85.0 82.0 20.0 10.0
93.0 71.0 20.0 10.0
95.0 77.0 20.0 10.0
83.0 84.0 20.0 10.0
109.0 101.0 20.0 10.0
95.0 88.0 20.0 10.0
102.0 91.0 20.0 10.0
76.0 81.0 20.0 10.0
112.0 104.0 20.0 10.0
83.0 87.0 20.0 10.0
87.0 64.0 20.0 10.0
105.0 84.0 20.0 10.0
119.0 94.0 20.0 10.0
89.0 84.0 20.0 10.0
114.0 80.0 20.0 10.0
81.0 94.0 20.0 10.0
94.0 74.0 20.0 10.0
105.0 79.0 20.0 10.0
92.0 99.0 20.0 10.0
101.0 72.0 20.0 10.0
77.0 104.0 20.0 10.0
106.0 108.0 20.0 10.0
95.0 105.0 20.0 10.0
104.0 66.0 20.0 10.0
116.0 101.0 20.0 10.0
98.0 132.0 20.0 10.0
90.0 121.0 20.0 10.0
107.0 76.0 20.0 10.0
106.0 106.0 20.0 10.0
104.0 120.0 20.0 10.0
111.0 113.0 20.0 10.0
92.0 110.0 20.0 10.0
85.0 71.0 20.0 10.0
71.0 117.0 20.0 10.0
100.0 66.0 20.0 10.0
102.0 60.0 20.0 10.0
128.0 73.0 20.0 10.0
98.0 106.0 20.0 10.0
84.0 99.0 20.0 10.0
94.0 128.0 20.0 10.0
103.0 102.0 20.0 10.0
124.0 71.0 20.0 10.0
90.0 117.0 20.0 10.0
91.0 69.0 20.0 10.0
74.0 119.0 20.0 10.0
81.0 69.0 20.0 10.0
88.0 92.0 20.0 10.0
87.0 50.0 20.0 10.0
118.0 76.0 20.0 10.0
80.0 132.0 20.0 10.0
91.0 73.0 20.0 10.0
92.0 55.0 20.0 10.0
81.0 96.0 20.0 10.0
79.0 93.0 20.0 10.0
81.0 113.0 20.0 10.0
89.0 106.0 20.0 10.0
93.0 58.0 20.0 10.0
95.0 94.0 20.0 10.0
112.0 101.0 20.0 10.0
82.0 103.0 20.0 10.0
97.0 65.0 20.0 10.0
84.0 127.0 20.0 10.0
90.0 124.0 20.0 10.0
98.0 89.0 20.0 10.0
123.0 67.0 20.0 10.0
76.0 74.0 20.0 10.0
70.0 102.0 20.0 10.0
93.0 114.0 20.0 10.0
61.0 74.0 20.0 10.0
83.0 123.0 20.0 10.0
131.0 105.0 20.0 10.0
94.0 87.0 20.0 10.0
102.0 98.0 20.0 10.0
66.0 92.0 20.0 10.0
107.0 97.0 20.0 10.0
122.0 92.0 20.0 10.0
71.0 100.0 20.0 10.0
72.0 108.0 20.0 10.0
81.0 78.0 20.0 10.0
99.0 115.0 20.0 10.0
103.0 96.0 20.0 10.0
104.0 92.0 20.0 10.0
106.0 110.0 20.0 10.0
129.0 75.0 20.0 10.0
55.0 90.0 20.0 10.0
96.0 98.0 20.0 10.0
107.0 99.0 20.0 10.0
106.0 127.0 20.0 10.0
99.0 124.0 20.0 10.0
100.0 109.0 20.0 10.0
118.0 80.0 20.0 10.0
105.0 140.0 20.0 10.0
83.0 94.0 20.0 10.0
128.0 91.0 20.0 10.0
130.0 88.0 20.0 10.0
124.0 77.0 20.0 10.0
123.0 90.0 20.0 10.0
106.0 51.0 20.0 10.0
69.0 76.0 20.0 10.0
64.0 107.0 20.0 10.0
76.0 67.0 20.0 10.0
81.0 72.0 20.0 10.0
95.0 135.0 20.0 10.0
70.0 51.0 20.0 10.0
72.0 104.0 20.0 10.0
91.0 95.0 20.0 10.0
115.0 86.0 20.0 10.0
105.0 70.0 20.0 10.0
54.0 104.0 20.0 10.0
84.0 52.0 20.0 10.0
130.0 122.0 20.0 10.0
60.0 84.0 20.0 10.0
124.0 118.0 20.0 10.0
86.0 61.0 20.0 10.0
71.0 92.0 20.0 10.0
132.0 101.0 20.0 10.0
113.0 109.0 20.0 10.0
104.0 113.0 20.0 10.0
82.0 116.0 20.0 10.0
70.0 78.0 20.0 10.0
61.0 128.0 20.0 10.0
90.0 62.0 20.0 10.0
85.0 112.0 20.0 10.0
97.0 80.0 20.0 10.0
61.0 111.0 20.0 10.0
93.0 63.0 20.0 10.0
83.0 107.0 20.0 10.0
127.0 99.0 20.0 10.0
135.0 59.0 20.0 10.0
113.0 52.0 20.0 10.0
61.0 77.0 20.0 10.0
52.0 56.0 20.0 10.0
113.0 57.0 20.0 10.0
64.0 90.0 20.0 10.0
134.0 106.0 20.0 10.0
121.0 54.0 20.0 10.0
50.0 116.0 20.0 10.0
117.0 90.0 20.0 10.0
116.0 58.0 20.0 10.0
131.0 82.0 20.0 10.0
98.0 55.0 20.0 10.0
118.0 114.0 20.0 10.0
148.0 105.0 20.0 10.0
120.0 110.0 20.0 10.0
68.0 96.0 20.0 10.0
113.0 84.0 20.0 10.0
59.0 105.0 20.0 10.0
57.0 110.0 20.0 10.0
50.0 61.0 20.0 10.0
65.0 70.0 20.0 10.0
55.0 107.0 20.0 10.0
84.0 77.0 20.0 10.0
64.0 63.0 20.0 10.0
64.0 84.0 20.0 10.0
54.0 84.0 20.0 10.0
59.0 123.0 20.0 10.0
74.0 46.0 20.0 10.0
75.0 99.0 20.0 10.0
109.0 55.0 20.0 10.0
58.0 117.0 20.0 10.0
57.0 64.0 20.0 10.0
119.0 83.0 20.0 10.0
126.0 96.0 20.0 10.0
52.0 76.0 20.0 10.0
69.0 60.0 20.0 10.0
90.0 78.0 20.0 10.0
65.0 95.0 20.0 10.0
110.0 128.0 20.0 10.0
114.0 69.0 20.0 10.0
127.0 114.0 20.0 10.0
95.0 62.0 20.0 10.0
49.0 74.0 20.0 10.0
135.0 93.0 20.0 10.0
66.0 100.0 20.0 10.0
66.0 118.0 20.0 10.0
86.0 103.0 20.0 10.0
77.0 110.0 20.0 10.0
88.0 140.0 20.0 10.0
110.0 140.0 20.0 10.0
68.0 104.0 20.0 10.0
71.0 72.0 20.0 10.0
86.0 91.0 20.0 10.0
74.0 108.0 20.0 10.0
83.0 48.0 20.0 10.0
114.0 62.0 20.0 10.0
100.0 58.0 20.0 10.0
52.0 84.0 20.0 10.0
135.0 120.0 20.0 10.0
65.0 123.0 20.0 10.0
51.0 82.0 20.0 10.0
59.0 108.0 20.0 10.0
80.0 58.0 20.0 10.0
109.0 133.0 20.0 10.0
52.0 110.0 20.0 10.0
66.0 110.0 20.0 10.0
113.0 93.0 20.0 10.0
134.0 68.0 20.0 10.0
142.0 93.0 20.0 10.0
39.0 85.0 20.0 10.0
83.0 129.0 20.0 10.0
76.0 115.0 20.0 10.0
77.0 48.0 20.0 10.0
70.0 57.0 20.0 10.0
61.0 69.0 20.0 10.0
123.0 85.0 20.0 10.0
119.0 64.0 20.0 10.0
67.0 65.0 20.0 10.0
49.0 106.0 20.0 10.0
116.0 97.0 20.0 10.0
84.0 137.0 20.0 10.0
115.0 117.0 20.0 10.0
83.0 65.0 20.0 10.0
119.0 106.0 20.0 10.0
132.0 90.0 20.0 10.0
127.0 105.0 20.0 10.0
89.0 65.0 20.0 10.0
86.0 79.0 20.0 10.0
78.0 119.0 20.0 10.0
109.0 89.0 20.0 10.0
58.0 128.0 20.0 10.0
62.0 57.0 20.0 10.0
80.0 51.0 20.0 10.0
65.0 56.0 20.0 10.0
131.0 118.0 20.0 10.0
117.0 72.0 20.0 10.0
56.0 98.0 20.0 10.0
61.0 93.0 20.0 10.0
107.0 64.0 20.0 10.0
140.0 106.0 20.0 10.0
136.0 62.0 20.0 10.0
56.0 92.0 20.0 10.0
117.0 138.0 20.0 10.0
123.0 74.0 20.0 10.0
86.0 131.0 20.0 10.0
59.0 56.0 20.0 10.0
129.0 64.0 20.0 10.0
134.0 86.0 20.0 10.0
74.0 70.0 20.0 10.0
79.0 140.0 20.0 10.0
127.0 135.0 20.0 10.0
88.0 55.0 20.0 10.0
62.0 71.0 20.0 10.0
61.0 54.0 20.0 10.0
107.0 58.0 20.0 10.0
127.0 79.0 20.0 10.0
75.0 95.0 20.0 10.0
126.0 57.0 20.0 10.0
118.0 126.0 20.0 10.0
56.0 77.0 20.0 10.0
100.0 87.0 20.0 10.0
106.0 118.0 20.0 10.0
84.0 118.0 20.0 10.0
114.0 73.0 20.0 10.0
123.0 100.0 20.0 10.0
119.0 117.0 20.0 10.0
49.0 119.0 20.0 10.0
110.0 63.0 20.0 10.0
84.0 115.0 20.0 10.0
62.0 67.0 20.0 10.0
98.0 71.0 20.0 10.0
55.0 50.0 20.0 10.0
94.0 141.0 20.0 10.0
38.0 75.0 20.0 10.0
76.0 76.0 20.0 10.0
69.0 114.0 20.0 10.0
88.0 118.0 20.0 10.0
25.0 86.0 20.0 10.0
122.0 88.0 20.0 10.0
51.0 68.0 20.0 10.0
122.0 139.0 20.0 10.0
50.0 121.0 20.0 10.0
65.0 135.0 20.0 10.0
61.0 101.0 20.0 10.0
98.0 52.0 20.0 10.0
143.0 79.0 20.0 10.0
131.0 135.0 20.0 10.0
97.0 32.0 20.0 10.0
59.0 88.0 20.0 10.0
95.0 51.0 20.0 10.0
127.0 117.0 20.0 10.0
91.0 128.0 20.0 10.0
124.0 58.0 20.0 10.0
126.0 124.0 20.0 10.0
152.0 97.0 20.0 10.0
138.0 98.0 20.0 10.0
83.0 39.0 20.0 10.0
54.0 68.0 20.0 10.0
67.0 80.0 20.0 10.0
45.0 77.0 20.0 10.0
49.0 66.0 20.0 10.0
90.0 135.0 20.0 10.0
100.0 46.0 20.0 10.0
63.0 74.0 20.0 10.0
101.0 51.0 20.0 10.0
143.0 100.0 20.0 10.0
106.0 120.0 20.0 10.0
133.0 43.0 20.0 10.0
75.0 54.0 20.0 10.0
70.0 67.0 20.0 10.0
118.0 69.0 20.0 10.0
65.0 131.0 20.0 10.0
126.0 111.0 20.0 10.0
138.0 119.0 20.0 10.0
94.0 40.0 20.0 10.0
57.0 96.0 20.0 10.0
103.0 129.0 20.0 10.0
77.0 43.0 20.0 10.0
72.0 126.0 20.0 10.0
144.0 68.0 20.0 10.0
52.0 51.0 20.0 10.0
127.0 54.0 20.0 10.0
37.0 116.0 20.0 10.0
51.0 95.0 20.0 10.0
135.0 114.0 20.0 10.0
94.0 123.0 20.0 10.0
106.0 42.0 20.0 10.0
97.0 141.0 20.0 10.0
129.0 112.0 20.0 10.0
67.0 128.0 20.0 10.0
119.0 122.0 20.0 10.0
110.0 121.0 20.0 10.0
71.0 42.0 20.0 10.0
71.0 138.0 20.0 10.0
108.0 52.0 20.0 10.0
88.0 125.0 20.0 10.0
141.0 75.0 20.0 10.0
63.0 49.0 20.0 10.0
119.0 131.0 20.0 10.0
101.0 107.0 20.0 10.0
64.0 114.0 20.0 10.0
123.0 113.0 20.0 10.0
158.0 94.0 20.0 10.0
138.0 84.0 20.0 10.0
49.0 89.0 20.0 10.0
99.0 147.0 20.0 10.0
145.0 111.0 20.0 10.0
84.0 139.0 20.0 10.0
76.0 124.0 20.0 10.0
127.0 83.0 20.0 10.0
41.0 80.0 20.0 10.0
117.0 50.0 20.0 10.0
152.0 86.0 20.0 10.0
63.0 60.0 20.0 10.0
72.0 77.0 20.0 10.0
50.0 86.0 20.0 10.0
149.0 102.0 20.0 10.0
48.0 99.0 20.0 10.0
93.0 27.0 20.0 10.0
48.0 113.0 20.0 10.0
115.0 147.0 20.0 10.0
63.0 125.0 20.0 10.0
129.0 134.0 20.0 10.0
80.0 41.0 20.0 10.0
112.0 48.0 20.0 10.0
114.0 46.0 20.0 10.0
89.0 45.0 20.0 10.0
119.0 45.0 20.0 10.0
72.0 140.0 20.0 10.0
44.0 68.0 20.0 10.0
45.0 59.0 20.0 10.0
58.0 45.0 20.0 10.0
132.0 74.0 20.0 10.0
139.0 49.0 20.0 10.0
51.0 126.0 20.0 10.0
103.0 158.0 20.0 10.0
59.0 39.0 20.0 10.0
51.0 90.0 20.0 10.0
32.0 103.0 20.0 10.0
128.0 66.0 20.0 10.0
146.0 78.0 20.0 10.0
133.0 128.0 20.0 10.0
116.0 34.0 20.0 10.0
57.0 72.0 20.0 10.0
113.0 40.0 20.0 10.0
45.0 86.0 20.0 10.0
131.0 66.0 20.0 10.0
76.0 130.0 20.0 10.0
136.0 149.0 20.0 10.0
101.0 136.0 20.0 10.0
144.0 95.0 20.0 10.0
61.0 135.0 20.0 10.0
43.0 98.0 20.0 10.0
115.0 54.0 20.0 10.0
68.0 125.0 20.0 10.0
132.0 55.0 20.0 10.0
48.0 109.0 20.0 10.0
144.0 55.0 20.0 10.0
150.0 85.0 20.0 10.0
75.0 134.0 20.0 10.0
117.0 130.0 20.0 10.0
145.0 58.0 20.0 10.0
128.0 142.0 20.0 10.0
88.0 134.0 20.0 10.0
56.0 117.0 20.0 10.0
77.0 62.0 20.0 10.0
110.0 36.0 20.0 10.0
42.0 79.0 20.0 10.0
74.0 146.0 20.0 10.0
69.0 25.0 20.0 10.0
121.0 96.0 20.0 10.0
101.0 126.0 20.0 10.0
74.0 126.0 20.0 10.0
119.0 142.0 20.0 10.0
35.0 93.0 20.0 10.0
91.0 47.0 20.0 10.0
40.0 71.0 20.0 10.0
107.0 146.0 20.0 10.0
72.0 60.0 20.0 10.0
91.0 114.0 20.0 10.0
150.0 89.0 20.0 10.0
132.0 110.0 20.0 10.0
98.0 139.0 20.0 10.0
29.0 103.0 20.0 10.0
53.0 141.0 20.0 10.0
128.0 51.0 20.0 10.0
87.0 35.0 20.0 10.0
105.0 136.0 20.0 10.0
102.0 38.0 20.0 10.0
138.0 112.0 20.0 10.0
77.0 141.0 20.0 10.0
37.0 139.0 20.0 10.0
54.0 128.0 20.0 10.0
71.0 29.0 20.0 10.0
47.0 91.0 20.0 10.0
61.0 121.0 20.0 10.0
61.0 80.0 20.0 10.0
102.0 29.0 20.0 10.0
143.0 84.0 20.0 10.0
83.0 148.0 20.0 10.0
37.0 62.0 20.0 10.0
133.0 81.0 20.0 10.0
45.0 53.0 20.0 10.0
151.0 91.0 20.0 10.0
54.0 100.0 20.0 10.0
61.0 62.0 20.0 10.0
77.0 55.0 20.0 10.0
130.0 49.0 20.0 10.0
130.0 45.0 20.0 10.0
104.0 148.0 20.0 10.0
73.0 36.0 20.0 10.0
99.0 43.0 20.0 10.0
78.0 124.0 20.0 10.0
62.0 33.0 20.0 10.0
83.0 43.0 20.0 10.0
36.0 89.0 20.0 10.0
70.0 129.0 20.0 10.0
52.0 117.0 20.0 10.0
41.0 94.0 20.0 10.0
124.0 130.0 20.0 10.0
25.0 64.0 20.0 10.0
89.0 30.0 20.0 10.0
66.0 147.0 20.0 10.0
127.0 120.0 20.0 10.0
43.0 103.0 20.0 10.0
81.0 139.0 20.0 10.0
45.0 99.0 20.0 10.0
123.0 80.0 20.0 10.0
37.0 39.0 20.0 10.0
60.0 117.0 20.0 10.0
123.0 47.0 20.0 10.0
65.0 45.0 20.0 10.0
115.0 41.0 20.0 10.0
133.0 97.0 20.0 10.0
84.0 58.0 20.0 10.0
69.0 47.0 20.0 10.0
139.0 71.0 20.0 10.0
106.0 143.0 20.0 10.0
87.0 39.0 20.0 10.0
136.0 75.0 20.0 10.0
64.0 143.0 20.0 10.0
130.0 127.0 20.0 10.0
69.0 134.0 20.0 10.0
144.0 114.0 20.0 10.0
143.0 89.0 20.0 10.0
129.0 61.0 20.0 10.0
