500
90.0 95.0 20.0 10.0
80.0 91.0 20.0 10.0
80.0 90.0 20.0 10.0
90.0 92.0 20.0 10.0
85.0 80.0 20.0 10.0
87.0 88.0 20.0 10.0
86.0 90.0 20.0 10.0
88.0 78.0 20.0 10.0
87.0 92.0 20.0 10.0
87.0 85.0 20.0 10.0
83.0 76.0 20.0 10.0
102.0 80.0 20.0 10.0
90.0 84.0 20.0 10.0
78.0 91.0 20.0 10.0
84.0 78.0 20.0 10.0
70.0 88.0 20.0 10.0
92.0 80.0 20.0 10.0
118.0 76.0 20.0 10.0
98.0 84.0 20.0 10.0
75.0 104.0 20.0 10.0
80.0 77.0 20.0 10.0
78.0 82.0 20.0 10.0
104.0 83.0 20.0 10.0
107.0 86.0 20.0 10.0
72.0 89.0 20.0 10.0
61.0 105.0 20.0 10.0
52.0 89.0 20.0 10.0
105.0 82.0 20.0 10.0
76.0 89.0 20.0 10.0
88.0 70.0 20.0 10.0
74.0 86.0 20.0 10.0
74.0 106.0 20.0 10.0
72.0 98.0 20.0 10.0
75.0 69.0 20.0 10.0
105.0 116.0 20.0 10.0
95.0 61.0 20.0 10.0
93.0 89.0 20.0 10.0
78.0 120.0 20.0 10.0
80.0 56.0 20.0 10.0
92.0 114.0 20.0 10.0
113.0 114.0 20.0 10.0
100.0 74.0 20.0 10.0
71.0 75.0 20.0 10.0
72.0 93.0 20.0 10.0
83.0 68.0 20.0 10.0
107.0 105.0 20.0 10.0
76.0 84.0 20.0 10.0
67.0 58.0 20.0 10.0
79.0 86.0 20.0 10.0
81.0 72.0 20.0 10.0
80.0 83.0 20.0 10.0
86.0 79.0 20.0 10.0
66.0 62.0 20.0 10.0
97.0 108.0 20.0 10.0
97.0 102.0 20.0 10.0
70.0 100.0 20.0 10.0
68.0 80.0 20.0 10.0
108.0 110.0 20.0 10.0
95.0 76.0 20.0 10.0
80.0 109.0 20.0 10.0
76.0 99.0 20.0 10.0
88.0 66.0 20.0 10.0
84.0 80.0 20.0 10.0
106.0 70.0 20.0 10.0
50.0 91.0 20.0 10.0
94.0 84.0 20.0 10.0
114.0 74.0 20.0 10.0
95.0 78.0 20.0 10.0
56.0 92.0 20.0 10.0
88.0 62.0 20.0 10.0
84.0 102.0 20.0 10.0
84.0 82.0 20.0 10.0
110.0 98.0 20.0 10.0
104.0 108.0 20.0 10.0
82.0 116.0 20.0 10.0
101.0 57.0 20.0 10.0
84.0 105.0 20.0 10.0
65.0 92.0 20.0 10.0
88.0 104.0 20.0 10.0
93.0 66.0 20.0 10.0
78.0 103.0 20.0 10.0
101.0 88.0 20.0 10.0
75.0 82.0 20.0 10.0
89.0 90.0 20.0 10.0
71.0 104.0 20.0 10.0
105.0 89.0 20.0 10.0
70.0 56.0 20.0 10.0
92.0 111.0 20.0 10.0
84.0 93.0 20.0 10.0
84.0 62.0 20.0 10.0
62.0 65.0 20.0 10.0
107.0 94.0 20.0 10.0
70.0 78.0 20.0 10.0
71.0 81.0 20.0 10.0
61.0 72.0 20.0 10.0
109.0 94.0 20.0 10.0
99.0 80.0 20.0 10.0
100.0 101.0 20.0 10.0
78.0 70.0 20.0 10.0
122.0 83.0 20.0 10.0
89.0 42.0 20.0 10.0
70.0 68.0 20.0 10.0
81.0 94.0 20.0 10.0
80.0 99.0 20.0 10.0
65.0 83.0 20.0 10.0
54.0 56.0 20.0 10.0
40.0 94.0 20.0 10.0
79.0 118.0 20.0 10.0
88.0 57.0 20.0 10.0
49.0 94.0 20.0 10.0
82.0 86.0 20.0 10.0
125.0 86.0 20.0 10.0
128.0 86.0 20.0 10.0
90.0 118.0 20.0 10.0
52.0 83.0 20.0 10.0
51.0 73.0 20.0 10.0
56.0 122.0 20.0 10.0
73.0 66.0 20.0 10.0
125.0 73.0 20.0 10.0
74.0 108.0 20.0 10.0
108.0 59.0 20.0 10.0
118.0 81.0 20.0 10.0
97.0 56.0 20.0 10.0
71.0 102.0 20.0 10.0
102.0 112.0 20.0 10.0
84.0 64.0 20.0 10.0
55.0 88.0 20.0 10.0
71.0 110.0 20.0 10.0
57.0 108.0 20.0 10.0
48.0 77.0 20.0 10.0
92.0 106.0 20.0 10.0
38.0 110.0 20.0 10.0
102.0 59.0 20.0 10.0
109.0 81.0 20.0 10.0
60.0 67.0 20.0 10.0
72.0 129.0 20.0 10.0
104.0 78.0 20.0 10.0
63.0 110.0 20.0 10.0
80.0 78.0 20.0 10.0
66.0 54.0 20.0 10.0
106.0 110.0 20.0 10.0
74.0 94.0 20.0 10.0
104.0 51.0 20.0 10.0
114.0 82.0 20.0 10.0
116.0 90.0 20.0 10.0
78.0 75.0 20.0 10.0
112.0 96.0 20.0 10.0
117.0 56.0 20.0 10.0
74.0 57.0 20.0 10.0
87.0 99.0 20.0 10.0
57.0 80.0 20.0 10.0
110.0 55.0 20.0 10.0
112.0 46.0 20.0 10.0
84.0 133.0 20.0 10.0
77.0 72.0 20.0 10.0
87.0 52.0 20.0 10.0
57.0 102.0 20.0 10.0
62.0 94.0 20.0 10.0
56.0 95.0 20.0 10.0
107.0 50.0 20.0 10.0
63.0 54.0 20.0 10.0
121.0 97.0 20.0 10.0
96.0 110.0 20.0 10.0
94.0 131.0 20.0 10.0
80.0 68.0 20.0 10.0
71.0 52.0 20.0 10.0
90.0 72.0 20.0 10.0
94.0 45.0 20.0 10.0
41.0 90.0 20.0 10.0
110.0 73.0 20.0 10.0
54.0 82.0 20.0 10.0
92.0 76.0 20.0 10.0
103.0 94.0 20.0 10.0
98.0 127.0 20.0 10.0
69.0 60.0 20.0 10.0
120.0 65.0 20.0 10.0
120.0 70.0 20.0 10.0
121.0 81.0 20.0 10.0
104.0 97.0 20.0 10.0
121.0 74.0 20.0 10.0
82.0 54.0 20.0 10.0
61.0 50.0 20.0 10.0
86.0 72.0 20.0 10.0
100.0 77.0 20.0 10.0
59.0 59.0 20.0 10.0
105.0 72.0 20.0 10.0
112.0 104.0 20.0 10.0
59.0 91.0 20.0 10.0
60.0 89.0 20.0 10.0
86.0 114.0 20.0 10.0
113.0 78.0 20.0 10.0
93.0 51.0 20.0 10.0
50.0 60.0 20.0 10.0
50.0 114.0 20.0 10.0
116.0 80.0 20.0 10.0
120.0 110.0 20.0 10.0
59.0 62.0 20.0 10.0
96.0 68.0 20.0 10.0
116.0 85.0 20.0 10.0
114.0 100.0 20.0 10.0
100.0 38.0 20.0 10.0
53.0 63.0 20.0 10.0
68.0 74.0 20.0 10.0
88.0 120.0 20.0 10.0
57.0 98.0 20.0 10.0
68.0 84.0 20.0 10.0
75.0 124.0 20.0 10.0
58.0 118.0 20.0 10.0
129.0 91.0 20.0 10.0
48.0 86.0 20.0 10.0
109.0 133.0 20.0 10.0
125.0 77.0 20.0 10.0
92.0 58.0 20.0 10.0
60.0 100.0 20.0 10.0
98.0 48.0 20.0 10.0
90.0 96.0 20.0 10.0
80.0 66.0 20.0 10.0
106.0 100.0 20.0 10.0
68.0 49.0 20.0 10.0
53.0 100.0 20.0 10.0
55.0 60.0 20.0 10.0
122.0 68.0 20.0 10.0
131.0 93.0 20.0 10.0
65.0 68.0 20.0 10.0
112.0 63.0 20.0 10.0
92.0 98.0 20.0 10.0
62.0 46.0 20.0 10.0
69.0 66.0 20.0 10.0
42.0 95.0 20.0 10.0
112.0 70.0 20.0 10.0
113.0 121.0 20.0 10.0
39.0 90.0 20.0 10.0
59.0 47.0 20.0 10.0
130.0 89.0 20.0 10.0
114.0 94.0 20.0 10.0
45.0 66.0 20.0 10.0
102.0 124.0 20.0 10.0
66.0 104.0 20.0 10.0
114.0 103.0 20.0 10.0
130.0 100.0 20.0 10.0
98.0 103.0 20.0 10.0
96.0 130.0 20.0 10.0
81.0 63.0 20.0 10.0
120.0 90.0 20.0 10.0
111.0 78.0 20.0 10.0
98.0 44.0 20.0 10.0
105.0 66.0 20.0 10.0
98.0 112.0 20.0 10.0
100.0 83.0 20.0 10.0
62.0 116.0 20.0 10.0
86.0 35.0 20.0 10.0
111.0 88.0 20.0 10.0
110.0 86.0 20.0 10.0
80.0 47.0 20.0 10.0
63.0 126.0 20.0 10.0
40.0 82.0 20.0 10.0
117.0 60.0 20.0 10.0
74.0 115.0 20.0 10.0
124.0 95.0 20.0 10.0
68.0 83.0 20.0 10.0
128.0 110.0 20.0 10.0
46.0 101.0 20.0 10.0
100.0 93.0 20.0 10.0
29.0 98.0 20.0 10.0
58.0 84.0 20.0 10.0
80.0 124.0 20.0 10.0
84.0 47.0 20.0 10.0
65.0 106.0 20.0 10.0
62.0 48.0 20.0 10.0
117.0 66.0 20.0 10.0
78.0 126.0 20.0 10.0
132.0 104.0 20.0 10.0
49.0 66.0 20.0 10.0
73.0 120.0 20.0 10.0
52.0 78.0 20.0 10.0
112.0 112.0 20.0 10.0
95.0 116.0 20.0 10.0
65.0 124.0 20.0 10.0
58.0 53.0 20.0 10.0
70.0 114.0 20.0 10.0
114.0 60.0 20.0 10.0
121.0 101.0 20.0 10.0
81.0 114.0 20.0 10.0
144.0 77.0 20.0 10.0
123.0 108.0 20.0 10.0
103.0 44.0 20.0 10.0
76.0 59.0 20.0 10.0
103.0 120.0 20.0 10.0
92.0 91.0 20.0 10.0
88.0 128.0 20.0 10.0
107.0 54.0 20.0 10.0
116.0 111.0 20.0 10.0
91.0 46.0 20.0 10.0
103.0 33.0 20.0 10.0
66.0 39.0 20.0 10.0
104.0 60.0 20.0 10.0
66.0 88.0 20.0 10.0
66.0 66.0 20.0 10.0
110.0 120.0 20.0 10.0
96.0 53.0 20.0 10.0
54.0 69.0 20.0 10.0
52.0 49.0 20.0 10.0
73.0 38.0 20.0 10.0
150.0 74.0 20.0 10.0
84.0 28.0 20.0 10.0
42.0 64.0 20.0 10.0
117.0 116.0 20.0 10.0
48.0 58.0 20.0 10.0
58.0 113.0 20.0 10.0
53.0 108.0 20.0 10.0
136.0 76.0 20.0 10.0
102.0 130.0 20.0 10.0
36.0 100.0 20.0 10.0
118.0 131.0 20.0 10.0
74.0 48.0 20.0 10.0
84.0 37.0 20.0 10.0
109.0 126.0 20.0 10.0
58.0 124.0 20.0 10.0
37.0 76.0 20.0 10.0
97.0 36.0 20.0 10.0
56.0 64.0 20.0 10.0
62.0 124.0 20.0 10.0
103.0 38.0 20.0 10.0
47.0 131.0 20.0 10.0
72.0 42.0 20.0 10.0
77.0 110.0 20.0 10.0
110.0 58.0 20.0 10.0
67.0 43.0 20.0 10.0
68.0 132.0 20.0 10.0
119.0 119.0 20.0 10.0
44.0 78.0 20.0 10.0
122.0 62.0 20.0 10.0
75.0 44.0 20.0 10.0
52.0 124.0 20.0 10.0
136.0 95.0 20.0 10.0
93.0 122.0 20.0 10.0
65.0 112.0 20.0 10.0
124.0 45.0 20.0 10.0
108.0 102.0 20.0 10.0
70.0 138.0 20.0 10.0
61.0 120.0 20.0 10.0
125.0 116.0 20.0 10.0
126.0 48.0 20.0 10.0
44.0 68.0 20.0 10.0
50.0 122.0 20.0 10.0
76.0 54.0 20.0 10.0
123.0 56.0 20.0 10.0
106.0 46.0 20.0 10.0
80.0 29.0 20.0 10.0
84.0 139.0 20.0 10.0
53.0 113.0 20.0 10.0
47.0 104.0 20.0 10.0
106.0 120.0 20.0 10.0
114.0 52.0 20.0 10.0
24.0 117.0 20.0 10.0
40.0 118.0 20.0 10.0
124.0 105.0 20.0 10.0
50.0 38.0 20.0 10.0
107.0 64.0 20.0 10.0
108.0 26.0 20.0 10.0
38.0 73.0 20.0 10.0
50.0 119.0 20.0 10.0
47.0 50.0 20.0 10.0
45.0 73.0 20.0 10.0
105.0 124.0 20.0 10.0
66.0 121.0 20.0 10.0
90.0 130.0 20.0 10.0
126.0 100.0 20.0 10.0
28.0 84.0 20.0 10.0
55.0 75.0 20.0 10.0
55.0 48.0 20.0 10.0
28.0 88.0 20.0 10.0
114.0 66.0 20.0 10.0
90.0 123.0 20.0 10.0
130.0 67.0 20.0 10.0
68.0 31.0 20.0 10.0
66.0 126.0 20.0 10.0
126.0 67.0 20.0 10.0
50.0 69.0 20.0 10.0
87.0 124.0 20.0 10.0
120.0 51.0 20.0 10.0
78.0 25.0 20.0 10.0
70.0 128.0 20.0 10.0
128.0 80.0 20.0 10.0
90.0 140.0 20.0 10.0
40.0 104.0 20.0 10.0
80.0 143.0 20.0 10.0
74.0 41.0 20.0 10.0
124.0 89.0 20.0 10.0
110.0 34.0 20.0 10.0
50.0 98.0 20.0 10.0
128.0 59.0 20.0 10.0
141.0 87.0 20.0 10.0
55.0 52.0 20.0 10.0
92.0 39.0 20.0 10.0
102.0 132.0 20.0 10.0
46.0 97.0 20.0 10.0
71.0 41.0 20.0 10.0
94.0 105.0 20.0 10.0
89.0 49.0 20.0 10.0
32.0 74.0 20.0 10.0
50.0 104.0 20.0 10.0
123.0 41.0 20.0 10.0
34.0 118.0 20.0 10.0
63.0 131.0 20.0 10.0
66.0 117.0 20.0 10.0
100.0 116.0 20.0 10.0
70.0 118.0 20.0 10.0
126.0 97.0 20.0 10.0
94.0 127.0 20.0 10.0
38.0 79.0 20.0 10.0
37.0 88.0 20.0 10.0
114.0 108.0 20.0 10.0
114.0 138.0 20.0 10.0
38.0 61.0 20.0 10.0
34.0 104.0 20.0 10.0
90.0 31.0 20.0 10.0
120.0 107.0 20.0 10.0
62.0 62.0 20.0 10.0
62.0 32.0 20.0 10.0
37.0 113.0 20.0 10.0
74.0 32.0 20.0 10.0
146.0 66.0 20.0 10.0
47.0 111.0 20.0 10.0
58.0 25.0 20.0 10.0
110.0 62.0 20.0 10.0
28.0 114.0 20.0 10.0
45.0 58.0 20.0 10.0
45.0 132.0 20.0 10.0
44.0 108.0 20.0 10.0
135.0 118.0 20.0 10.0
108.0 123.0 20.0 10.0
96.0 26.0 20.0 10.0
46.0 81.0 20.0 10.0
84.0 32.0 20.0 10.0
74.0 25.0 20.0 10.0
61.0 148.0 20.0 10.0
82.0 120.0 20.0 10.0
84.0 51.0 20.0 10.0
138.0 77.0 20.0 10.0
103.0 29.0 20.0 10.0
84.0 110.0 20.0 10.0
44.0 43.0 20.0 10.0
53.0 118.0 20.0 10.0
75.0 144.0 20.0 10.0
87.0 127.0 20.0 10.0
127.0 64.0 20.0 10.0
80.0 137.0 20.0 10.0
27.0 74.0 20.0 10.0
135.0 82.0 20.0 10.0
115.0 118.0 20.0 10.0
41.0 74.0 20.0 10.0
132.0 73.0 20.0 10.0
144.0 69.0 20.0 10.0
149.0 94.0 20.0 10.0
131.0 121.0 20.0 10.0
125.0 36.0 20.0 10.0
42.0 57.0 20.0 10.0
35.0 94.0 20.0 10.0
109.0 116.0 20.0 10.0
64.0 46.0 20.0 10.0
35.0 85.0 20.0 10.0
26.0 103.0 20.0 10.0
117.0 70.0 20.0 10.0
66.0 136.0 20.0 10.0
124.0 92.0 20.0 10.0
78.0 47.0 20.0 10.0
56.0 39.0 20.0 10.0
125.0 81.0 20.0 10.0
53.0 93.0 20.0 10.0
38.0 68.0 20.0 10.0
76.0 128.0 20.0 10.0
116.0 107.0 20.0 10.0
31.0 70.0 20.0 10.0
108.0 42.0 20.0 10.0
43.0 52.0 20.0 10.0
142.0 104.0 20.0 10.0
63.0 73.0 20.0 10.0
43.0 120.0 20.0 10.0
34.0 68.0 20.0 10.0
135.0 110.0 20.0 10.0
120.0 40.0 20.0 10.0
112.0 43.0 20.0 10.0
43.0 70.0 20.0 10.0
35.0 82.0 20.0 10.0
55.0 106.0 20.0 10.0
116.0 47.0 20.0 10.0
80.0 131.0 20.0 10.0
80.0 39.0 20.0 10.0
142.0 73.0 20.0 10.0
52.0 44.0 20.0 10.0
28.0 47.0 20.0 10.0
134.0 50.0 20.0 10.0
76.0 34.0 20.0 10.0
126.0 122.0 20.0 10.0
36.0 91.0 20.0 10.0
128.0 102.0 20.0 10.0
96.0 122.0 20.0 10.0
84.0 40.0 20.0 10.0
138.0 92.0 20.0 10.0
