500
90.0 89.0 20.0 10.0
86.0 86.0 20.0 10.0
99.0 81.0 20.0 10.0
75.0 81.0 20.0 10.0
91.0 77.0 20.0 10.0
93.0 97.0 20.0 10.0
82.0 96.0 20.0 10.0
87.0 81.0 20.0 10.0
99.0 84.0 20.0 10.0
75.0 91.0 20.0 10.0
96.0 90.0 20.0 10.0
85.0 91.0 20.0 10.0
105.0 86.0 20.0 10.0
103.0 82.0 20.0 10.0
94.0 66.0 20.0 10.0
114.0 88.0 20.0 10.0
88.0 78.0 20.0 10.0
97.0 86.0 20.0 10.0
98.0 75.0 20.0 10.0
88.0 84.0 20.0 10.0
80.0 82.0 20.0 10.0
95.0 75.0 20.0 10.0
105.0 65.0 20.0 10.0
99.0 88.0 20.0 10.0
83.0 100.0 20.0 10.0
107.0 99.0 20.0 10.0
89.0 76.0 20.0 10.0
83.0 87.0 20.0 10.0
89.0 67.0 20.0 10.0
89.0 96.0 20.0 10.0
95.0 94.0 20.0 10.0
94.0 82.0 20.0 10.0
98.0 102.0 20.0 10.0
70.0 83.0 20.0 10.0
63.0 94.0 20.0 10.0
89.0 93.0 20.0 10.0
87.0 97.0 20.0 10.0
92.0 91.0 20.0 10.0
70.0 90.0 20.0 10.0
115.0 72.0 20.0 10.0
72.0 73.0 20.0 10.0
67.0 57.0 20.0 10.0
73.0 72.0 20.0 10.0
88.0 69.0 20.0 10.0
93.0 112.0 20.0 10.0
107.0 89.0 20.0 10.0
95.0 86.0 20.0 10.0
74.0 94.0 20.0 10.0
83.0 108.0 20.0 10.0
98.0 67.0 20.0 10.0
96.0 91.0 20.0 10.0
69.0 94.0 20.0 10.0
95.0 71.0 20.0 10.0
103.0 56.0 20.0 10.0
110.0 93.0 20.0 10.0
83.0 92.0 20.0 10.0
78.0 95.0 20.0 10.0
97.0 96.0 20.0 10.0
79.0 87.0 20.0 10.0
79.0 89.0 20.0 10.0
110.0 72.0 20.0 10.0
110.0 83.0 20.0 10.0
78.0 69.0 20.0 10.0
98.0 63.0 20.0 10.0
102.0 93.0 20.0 10.0
78.0 64.0 20.0 10.0
101.0 120.0 20.0 10.0
82.0 77.0 20.0 10.0
64.0 73.0 20.0 10.0
88.0 125.0 20.0 10.0
123.0 87.0 20.0 10.0
116.0 83.0 20.0 10.0
88.0 100.0 20.0 10.0
60.0 77.0 20.0 10.0
102.0 65.0 20.0 10.0
99.0 112.0 20.0 10.0
78.0 121.0 20.0 10.0
119.0 76.0 20.0 10.0
71.0 50.0 20.0 10.0
102.0 102.0 20.0 10.0
122.0 81.0 20.0 10.0
63.0 81.0 20.0 10.0
62.0 108.0 20.0 10.0
124.0 85.0 20.0 10.0
87.0 43.0 20.0 10.0
80.0 107.0 20.0 10.0
67.0 97.0 20.0 10.0
87.0 105.0 20.0 10.0
84.0 94.0 20.0 10.0
45.0 98.0 20.0 10.0
117.0 56.0 20.0 10.0
113.0 101.0 20.0 10.0
75.0 61.0 20.0 10.0
126.0 60.0 20.0 10.0
81.0 71.0 20.0 10.0
91.0 104.0 20.0 10.0
119.0 60.0 20.0 10.0
85.0 121.0 20.0 10.0
83.0 128.0 20.0 10.0
71.0 84.0 20.0 10.0
83.0 69.0 20.0 10.0
44.0 93.0 20.0 10.0
93.0 70.0 20.0 10.0
67.0 63.0 20.0 10.0
136.0 106.0 20.0 10.0
101.0 68.0 20.0 10.0
73.0 61.0 20.0 10.0
109.0 59.0 20.0 10.0
63.0 61.0 20.0 10.0
84.0 88.0 20.0 10.0
51.0 100.0 20.0 10.0
85.0 88.0 20.0 10.0
51.0 107.0 20.0 10.0
93.0 59.0 20.0 10.0
116.0 77.0 20.0 10.0
66.0 72.0 20.0 10.0
111.0 57.0 20.0 10.0
93.0 74.0 20.0 10.0
112.0 68.0 20.0 10.0
129.0 69.0 20.0 10.0
96.0 132.0 20.0 10.0
97.0 121.0 20.0 10.0
71.0 76.0 20.0 10.0
120.0 104.0 20.0 10.0
126.0 121.0 20.0 10.0
130.0 108.0 20.0 10.0
69.0 80.0 20.0 10.0
102.0 54.0 20.0 10.0
110.0 46.0 20.0 10.0
80.0 52.0 20.0 10.0
108.0 91.0 20.0 10.0
101.0 113.0 20.0 10.0
142.0 71.0 20.0 10.0
38.0 69.0 20.0 10.0
64.0 67.0 20.0 10.0
55.0 83.0 20.0 10.0
63.0 96.0 20.0 10.0
127.0 98.0 20.0 10.0
112.0 78.0 20.0 10.0
109.0 70.0 20.0 10.0
84.0 71.0 20.0 10.0
63.0 122.0 20.0 10.0
118.0 118.0 20.0 10.0
112.0 38.0 20.0 10.0
64.0 72.0 20.0 10.0
73.0 91.0 20.0 10.0
124.0 105.0 20.0 10.0
74.0 77.0 20.0 10.0
137.0 85.0 20.0 10.0
111.0 113.0 20.0 10.0
124.0 101.0 20.0 10.0
132.0 92.0 20.0 10.0
60.0 57.0 20.0 10.0
98.0 129.0 20.0 10.0
71.0 113.0 20.0 10.0
112.0 94.0 20.0 10.0
57.0 92.0 20.0 10.0
110.0 41.0 20.0 10.0
101.0 71.0 20.0 10.0
118.0 89.0 20.0 10.0
69.0 110.0 20.0 10.0
54.0 116.0 20.0 10.0
95.0 121.0 20.0 10.0
129.0 74.0 20.0 10.0
120.0 84.0 20.0 10.0
92.0 64.0 20.0 10.0
98.0 107.0 20.0 10.0
83.0 60.0 20.0 10.0
64.0 116.0 20.0 10.0
75.0 118.0 20.0 10.0
93.0 117.0 20.0 10.0
83.0 114.0 20.0 10.0
65.0 48.0 20.0 10.0
123.0 109.0 20.0 10.0
65.0 120.0 20.0 10.0
57.0 105.0 20.0 10.0
134.0 88.0 20.0 10.0
106.0 109.0 20.0 10.0
53.0 89.0 20.0 10.0
100.0 54.0 20.0 10.0
82.0 33.0 20.0 10.0
75.0 112.0 20.0 10.0
95.0 125.0 20.0 10.0
90.0 42.0 20.0 10.0
66.0 112.0 20.0 10.0
56.0 55.0 20.0 10.0
66.0 109.0 20.0 10.0
47.0 93.0 20.0 10.0
80.0 116.0 20.0 10.0
55.0 64.0 20.0 10.0
104.0 75.0 20.0 10.0
52.0 96.0 20.0 10.0
118.0 114.0 20.0 10.0
76.0 54.0 20.0 10.0
53.0 80.0 20.0 10.0
101.0 59.0 20.0 10.0
123.0 91.0 20.0 10.0
119.0 53.0 20.0 10.0
78.0 79.0 20.0 10.0
67.0 40.0 20.0 10.0
97.0 115.0 20.0 10.0
70.0 66.0 20.0 10.0
37.0 78.0 20.0 10.0
71.0 53.0 20.0 10.0
123.0 116.0 20.0 10.0
65.0 51.0 20.0 10.0
95.0 34.0 20.0 10.0
60.0 97.0 20.0 10.0
118.0 100.0 20.0 10.0
65.0 105.0 20.0 10.0
70.0 102.0 20.0 10.0
50.0 80.0 20.0 10.0
72.0 119.0 20.0 10.0
120.0 79.0 20.0 10.0
127.0 125.0 20.0 10.0
48.0 70.0 20.0 10.0
83.0 54.0 20.0 10.0
117.0 93.0 20.0 10.0
128.0 94.0 20.0 10.0
61.0 118.0 20.0 10.0
107.0 127.0 20.0 10.0
123.0 67.0 20.0 10.0
55.0 106.0 20.0 10.0
114.0 106.0 20.0 10.0
55.0 112.0 20.0 10.0
110.0 104.0 20.0 10.0
111.0 107.0 20.0 10.0
77.0 105.0 20.0 10.0
93.0 48.0 20.0 10.0
60.0 51.0 20.0 10.0
86.0 55.0 20.0 10.0
85.0 146.0 20.0 10.0
91.0 133.0 20.0 10.0
107.0 50.0 20.0 10.0
114.0 45.0 20.0 10.0
71.0 45.0 20.0 10.0
66.0 79.0 20.0 10.0
41.0 74.0 20.0 10.0
133.0 76.0 20.0 10.0
143.0 86.0 20.0 10.0
109.0 62.0 20.0 10.0
72.0 70.0 20.0 10.0
79.0 42.0 20.0 10.0
73.0 85.0 20.0 10.0
68.0 61.0 20.0 10.0
59.0 44.0 20.0 10.0
62.0 56.0 20.0 10.0
72.0 106.0 20.0 10.0
111.0 128.0 20.0 10.0
81.0 47.0 20.0 10.0
90.0 118.0 20.0 10.0
70.0 55.0 20.0 10.0
134.0 70.0 20.0 10.0
109.0 77.0 20.0 10.0
46.0 85.0 20.0 10.0
120.0 119.0 20.0 10.0
29.0 81.0 20.0 10.0
98.0 46.0 20.0 10.0
130.0 99.0 20.0 10.0
128.0 114.0 20.0 10.0
142.0 56.0 20.0 10.0
101.0 130.0 20.0 10.0
89.0 53.0 20.0 10.0
133.0 79.0 20.0 10.0
133.0 49.0 20.0 10.0
55.0 77.0 20.0 10.0
70.0 125.0 20.0 10.0
25.0 72.0 20.0 10.0
114.0 75.0 20.0 10.0
55.0 71.0 20.0 10.0
74.0 58.0 20.0 10.0
63.0 41.0 20.0 10.0
64.0 76.0 20.0 10.0
56.0 61.0 20.0 10.0
90.0 48.0 20.0 10.0
120.0 63.0 20.0 10.0
116.0 97.0 20.0 10.0
75.0 130.0 20.0 10.0
108.0 116.0 20.0 10.0
118.0 126.0 20.0 10.0
105.0 42.0 20.0 10.0
49.0 85.0 20.0 10.0
94.0 51.0 20.0 10.0
32.0 50.0 20.0 10.0
68.0 120.0 20.0 10.0
123.0 77.0 20.0 10.0
43.0 52.0 20.0 10.0
141.0 92.0 20.0 10.0
129.0 117.0 20.0 10.0
80.0 58.0 20.0 10.0
70.0 115.0 20.0 10.0
56.0 96.0 20.0 10.0
133.0 82.0 20.0 10.0
88.0 121.0 20.0 10.0
135.0 55.0 20.0 10.0
82.0 142.0 20.0 10.0
78.0 38.0 20.0 10.0
122.0 97.0 20.0 10.0
44.0 81.0 20.0 10.0
89.0 111.0 20.0 10.0
119.0 107.0 20.0 10.0
139.0 66.0 20.0 10.0
124.0 126.0 20.0 10.0
63.0 64.0 20.0 10.0
104.0 47.0 20.0 10.0
103.0 117.0 20.0 10.0
112.0 119.0 20.0 10.0
65.0 57.0 20.0 10.0
102.0 44.0 20.0 10.0
103.0 109.0 20.0 10.0
68.0 42.0 20.0 10.0
113.0 84.0 20.0 10.0
54.0 123.0 20.0 10.0
130.0 65.0 20.0 10.0
75.0 43.0 20.0 10.0
100.0 35.0 20.0 10.0
145.0 111.0 20.0 10.0
61.0 50.0 20.0 10.0
96.0 55.0 20.0 10.0
105.0 113.0 20.0 10.0
67.0 128.0 20.0 10.0
111.0 34.0 20.0 10.0
73.0 27.0 20.0 10.0
47.0 121.0 20.0 10.0
66.0 99.0 20.0 10.0
47.0 78.0 20.0 10.0
57.0 128.0 20.0 10.0
48.0 46.0 20.0 10.0
29.0 106.0 20.0 10.0
109.0 56.0 20.0 10.0
141.0 100.0 20.0 10.0
95.0 137.0 20.0 10.0
90.0 109.0 20.0 10.0
86.0 57.0 20.0 10.0
102.0 90.0 20.0 10.0
90.0 114.0 20.0 10.0
41.0 94.0 20.0 10.0
109.0 124.0 20.0 10.0
123.0 133.0 20.0 10.0
151.0 68.0 20.0 10.0
125.0 81.0 20.0 10.0
100.0 144.0 20.0 10.0
115.0 135.0 20.0 10.0
51.0 65.0 20.0 10.0
128.0 46.0 20.0 10.0
139.0 106.0 20.0 10.0
46.0 107.0 20.0 10.0
111.0 65.0 20.0 10.0
46.0 59.0 20.0 10.0
32.0 69.0 20.0 10.0
124.0 64.0 20.0 10.0
124.0 49.0 20.0 10.0
117.0 68.0 20.0 10.0
97.0 74.0 20.0 10.0
143.0 106.0 20.0 10.0
115.0 111.0 20.0 10.0
53.0 38.0 20.0 10.0
33.0 58.0 20.0 10.0
108.0 138.0 20.0 10.0
44.0 72.0 20.0 10.0
77.0 46.0 20.0 10.0
124.0 95.0 20.0 10.0
89.0 134.0 20.0 10.0
63.0 83.0 20.0 10.0
116.0 39.0 20.0 10.0
102.0 106.0 20.0 10.0
154.0 94.0 20.0 10.0
70.0 31.0 20.0 10.0
52.0 112.0 20.0 10.0
42.0 62.0 20.0 10.0
81.0 39.0 20.0 10.0
121.0 40.0 20.0 10.0
129.0 38.0 20.0 10.0
86.0 116.0 20.0 10.0
132.0 52.0 20.0 10.0
33.0 89.0 20.0 10.0
55.0 53.0 20.0 10.0
45.0 110.0 20.0 10.0
52.0 104.0 20.0 10.0
71.0 133.0 20.0 10.0
49.0 111.0 20.0 10.0
142.0 78.0 20.0 10.0
119.0 70.0 20.0 10.0
60.0 86.0 20.0 10.0
59.0 66.0 20.0 10.0
102.0 133.0 20.0 10.0
92.0 125.0 20.0 10.0
56.0 123.0 20.0 10.0
59.0 88.0 20.0 10.0
35.0 87.0 20.0 10.0
91.0 35.0 20.0 10.0
45.0 68.0 20.0 10.0
60.0 103.0 20.0 10.0
123.0 52.0 20.0 10.0
35.0 82.0 20.0 10.0
47.0 103.0 20.0 10.0
39.0 115.0 20.0 10.0
64.0 35.0 20.0 10.0
114.0 61.0 20.0 10.0
74.0 135.0 20.0 10.0
129.0 59.0 20.0 10.0
104.0 129.0 20.0 10.0
49.0 98.0 20.0 10.0
115.0 131.0 20.0 10.0
144.0 55.0 20.0 10.0
56.0 87.0 20.0 10.0
105.0 55.0 20.0 10.0
111.0 133.0 20.0 10.0
38.0 102.0 20.0 10.0
60.0 137.0 20.0 10.0
157.0 57.0 20.0 10.0
44.0 76.0 20.0 10.0
138.0 69.0 20.0 10.0
138.0 124.0 20.0 10.0
79.0 33.0 20.0 10.0
139.0 116.0 20.0 10.0
49.0 56.0 20.0 10.0
79.0 50.0 20.0 10.0
107.0 134.0 20.0 10.0
48.0 40.0 20.0 10.0
135.0 65.0 20.0 10.0
93.0 32.0 20.0 10.0
121.0 46.0 20.0 10.0
82.0 135.0 20.0 10.0
109.0 119.0 20.0 10.0
57.0 116.0 20.0 10.0
48.0 74.0 20.0 10.0
156.0 103.0 20.0 10.0
61.0 120.0 20.0 10.0
150.0 82.0 20.0 10.0
41.0 101.0 20.0 10.0
133.0 60.0 20.0 10.0
38.0 89.0 20.0 10.0
49.0 60.0 20.0 10.0
66.0 141.0 20.0 10.0
138.0 61.0 20.0 10.0
132.0 71.0 20.0 10.0
119.0 124.0 20.0 10.0
127.0 76.0 20.0 10.0
129.0 86.0 20.0 10.0
43.0 117.0 20.0 10.0
85.0 131.0 20.0 10.0
72.0 121.0 20.0 10.0
140.0 109.0 20.0 10.0
84.0 44.0 20.0 10.0
98.0 124.0 20.0 10.0
91.0 142.0 20.0 10.0
77.0 149.0 20.0 10.0
142.0 83.0 20.0 10.0
127.0 91.0 20.0 10.0
87.0 30.0 20.0 10.0
105.0 32.0 20.0 10.0
145.0 98.0 20.0 10.0
134.0 94.0 20.0 10.0
145.0 90.0 20.0 10.0
47.0 90.0 20.0 10.0
119.0 43.0 20.0 10.0
80.0 123.0 20.0 10.0
144.0 68.0 20.0 10.0
30.0 99.0 20.0 10.0
80.0 27.0 20.0 10.0
128.0 109.0 20.0 10.0
45.0 82.0 20.0 10.0
40.0 137.0 20.0 10.0
99.0 25.0 20.0 10.0
97.0 39.0 20.0 10.0
77.0 128.0 20.0 10.0
53.0 44.0 20.0 10.0
114.0 118.0 20.0 10.0
95.0 43.0 20.0 10.0
147.0 67.0 20.0 10.0
134.0 111.0 20.0 10.0
72.0 139.0 20.0 10.0
37.0 60.0 20.0 10.0
90.0 141.0 20.0 10.0
37.0 96.0 20.0 10.0
106.0 61.0 20.0 10.0
54.0 128.0 20.0 10.0
56.0 102.0 20.0 10.0
126.0 37.0 20.0 10.0
135.0 98.0 20.0 10.0
130.0 104.0 20.0 10.0
135.0 119.0 20.0 10.0
65.0 125.0 20.0 10.0
49.0 67.0 20.0 10.0
31.0 84.0 20.0 10.0
114.0 53.0 20.0 10.0
94.0 57.0 20.0 10.0
33.0 114.0 20.0 10.0
103.0 97.0 20.0 10.0
76.0 116.0 20.0 10.0
42.0 65.0 20.0 10.0
141.0 40.0 20.0 10.0
100.0 48.0 20.0 10.0
47.0 88.0 20.0 10.0
34.0 128.0 20.0 10.0
121.0 57.0 20.0 10.0
72.0 40.0 20.0 10.0
125.0 69.0 20.0 10.0
120.0 113.0 20.0 10.0
