500
84.0 84.0 20.0 10.0
91.0 85.0 20.0 10.0
97.0 88.0 20.0 10.0
93.0 91.0 20.0 10.0
85.0 83.0 20.0 10.0
91.0 100.0 20.0 10.0
90.0 93.0 20.0 10.0
91.0 87.0 20.0 10.0
93.0 81.0 20.0 10.0
73.0 89.0 20.0 10.0
73.0 87.0 20.0 10.0
98.0 88.0 20.0 10.0
91.0 83.0 20.0 10.0
78.0 92.0 20.0 10.0
93.0 78.0 20.0 10.0
96.0 78.0 20.0 10.0
99.0 80.0 20.0 10.0
77.0 98.0 20.0 10.0
97.0 95.0 20.0 10.0
77.0 102.0 20.0 10.0
107.0 72.0 20.0 10.0
94.0 96.0 20.0 10.0
90.0 67.0 20.0 10.0
83.0 97.0 20.0 10.0
80.0 96.0 20.0 10.0
76.0 83.0 20.0 10.0
95.0 99.0 20.0 10.0
92.0 96.0 20.0 10.0
85.0 107.0 20.0 10.0
79.0 68.0 20.0 10.0
88.0 104.0 20.0 10.0
79.0 81.0 20.0 10.0
65.0 79.0 20.0 10.0
104.0 76.0 20.0 10.0
117.0 108.0 20.0 10.0
82.0 61.0 20.0 10.0
83.0 73.0 20.0 10.0
70.0 106.0 20.0 10.0
88.0 99.0 20.0 10.0
104.0 90.0 20.0 10.0
94.0 73.0 20.0 10.0
94.0 85.0 20.0 10.0
106.0 104.0 20.0 10.0
89.0 113.0 20.0 10.0
98.0 92.0 20.0 10.0
101.0 89.0 20.0 10.0
99.0 103.0 20.0 10.0
73.0 85.0 20.0 10.0
91.0 75.0 20.0 10.0
88.0 81.0 20.0 10.0
117.0 94.0 20.0 10.0
85.0 103.0 20.0 10.0
79.0 76.0 20.0 10.0
66.0 69.0 20.0 10.0
79.0 109.0 20.0 10.0
98.0 61.0 20.0 10.0
85.0 95.0 20.0 10.0
93.0 83.0 20.0 10.0
61.0 108.0 20.0 10.0
112.0 92.0 20.0 10.0
107.0 80.0 20.0 10.0
93.0 66.0 20.0 10.0
70.0 85.0 20.0 10.0
102.0 99.0 20.0 10.0
70.0 73.0 20.0 10.0
99.0 84.0 20.0 10.0
80.0 92.0 20.0 10.0
94.0 91.0 20.0 10.0
99.0 99.0 20.0 10.0
110.0 109.0 20.0 10.0
84.0 87.0 20.0 10.0
72.0 95.0 20.0 10.0
115.0 84.0 20.0 10.0
82.0 56.0 20.0 10.0
104.0 110.0 20.0 10.0
98.0 65.0 20.0 10.0
74.0 75.0 20.0 10.0
90.0 97.0 20.0 10.0
66.0 98.0 20.0 10.0
84.0 66.0 20.0 10.0
108.0 111.0 20.0 10.0
86.0 106.0 20.0 10.0
75.0 107.0 20.0 10.0
78.0 73.0 20.0 10.0
74.0 98.0 20.0 10.0
97.0 114.0 20.0 10.0
61.0 85.0 20.0 10.0
105.0 114.0 20.0 10.0
115.0 112.0 20.0 10.0
91.0 120.0 20.0 10.0
85.0 99.0 20.0 10.0
76.0 124.0 20.0 10.0
114.0 90.0 20.0 10.0
78.0 55.0 20.0 10.0
57.0 92.0 20.0 10.0
110.0 66.0 20.0 10.0
97.0 50.0 20.0 10.0
65.0 119.0 20.0 10.0
74.0 54.0 20.0 10.0
65.0 111.0 20.0 10.0
103.0 84.0 20.0 10.0
112.0 99.0 20.0 10.0
120.0 67.0 20.0 10.0
54.0 86.0 20.0 10.0
85.0 80.0 20.0 10.0
95.0 130.0 20.0 10.0
82.0 82.0 20.0 10.0
121.0 103.0 20.0 10.0
73.0 81.0 20.0 10.0
114.0 120.0 20.0 10.0
60.0 58.0 20.0 10.0
127.0 93.0 20.0 10.0
58.0 59.0 20.0 10.0
81.0 114.0 20.0 10.0
63.0 102.0 20.0 10.0
77.0 82.0 20.0 10.0
70.0 111.0 20.0 10.0
129.0 97.0 20.0 10.0
58.0 91.0 20.0 10.0
78.0 63.0 20.0 10.0
116.0 75.0 20.0 10.0
112.0 72.0 20.0 10.0
63.0 91.0 20.0 10.0
132.0 96.0 20.0 10.0
62.0 63.0 20.0 10.0
107.0 120.0 20.0 10.0
131.0 90.0 20.0 10.0
79.0 90.0 20.0 10.0
57.0 87.0 20.0 10.0
69.0 119.0 20.0 10.0
54.0 69.0 20.0 10.0
54.0 73.0 20.0 10.0
78.0 105.0 20.0 10.0
90.0 110.0 20.0 10.0
87.0 77.0 20.0 10.0
115.0 51.0 20.0 10.0
53.0 95.0 20.0 10.0
101.0 75.0 20.0 10.0
86.0 70.0 20.0 10.0
64.0 65.0 20.0 10.0
107.0 97.0 20.0 10.0
66.0 61.0 20.0 10.0
63.0 81.0 20.0 10.0
107.0 107.0 20.0 10.0
70.0 50.0 20.0 10.0
75.0 119.0 20.0 10.0
82.0 70.0 20.0 10.0
87.0 53.0 20.0 10.0
119.0 78.0 20.0 10.0
92.0 62.0 20.0 10.0
85.0 129.0 20.0 10.0
44.0 70.0 20.0 10.0
89.0 55.0 20.0 10.0
83.0 67.0 20.0 10.0
66.0 90.0 20.0 10.0
66.0 109.0 20.0 10.0
108.0 87.0 20.0 10.0
85.0 117.0 20.0 10.0
62.0 119.0 20.0 10.0
69.0 67.0 20.0 10.0
118.0 116.0 20.0 10.0
52.0 75.0 20.0 10.0
62.0 74.0 20.0 10.0
108.0 90.0 20.0 10.0
119.0 97.0 20.0 10.0
79.0 107.0 20.0 10.0
119.0 59.0 20.0 10.0
59.0 108.0 20.0 10.0
122.0 114.0 20.0 10.0
122.0 83.0 20.0 10.0
88.0 88.0 20.0 10.0
100.0 116.0 20.0 10.0
102.0 62.0 20.0 10.0
63.0 52.0 20.0 10.0
45.0 66.0 20.0 10.0
113.0 94.0 20.0 10.0
86.0 57.0 20.0 10.0
85.0 53.0 20.0 10.0
68.0 49.0 20.0 10.0
58.0 49.0 20.0 10.0
85.0 112.0 20.0 10.0
87.0 132.0 20.0 10.0
119.0 71.0 20.0 10.0
81.0 126.0 20.0 10.0
70.0 103.0 20.0 10.0
92.0 128.0 20.0 10.0
121.0 62.0 20.0 10.0
57.0 79.0 20.0 10.0
54.0 90.0 20.0 10.0
104.0 97.0 20.0 10.0
67.0 115.0 20.0 10.0
122.0 66.0 20.0 10.0
129.0 123.0 20.0 10.0
130.0 84.0 20.0 10.0
72.0 43.0 20.0 10.0
138.0 96.0 20.0 10.0
77.0 116.0 20.0 10.0
57.0 100.0 20.0 10.0
103.0 70.0 20.0 10.0
58.0 97.0 20.0 10.0
68.0 80.0 20.0 10.0
91.0 124.0 20.0 10.0
59.0 94.0 20.0 10.0
63.0 58.0 20.0 10.0
91.0 50.0 20.0 10.0
113.0 76.0 20.0 10.0
105.0 50.0 20.0 10.0
110.0 85.0 20.0 10.0
97.0 56.0 20.0 10.0
86.0 118.0 20.0 10.0
39.0 89.0 20.0 10.0
59.0 118.0 20.0 10.0
49.0 66.0 20.0 10.0
117.0 66.0 20.0 10.0
102.0 135.0 20.0 10.0
74.0 44.0 20.0 10.0
83.0 122.0 20.0 10.0
60.0 69.0 20.0 10.0
120.0 81.0 20.0 10.0
79.0 40.0 20.0 10.0
79.0 95.0 20.0 10.0
52.0 81.0 20.0 10.0
74.0 41.0 20.0 10.0
43.0 95.0 20.0 10.0
87.0 65.0 20.0 10.0
63.0 116.0 20.0 10.0
109.0 58.0 20.0 10.0
107.0 59.0 20.0 10.0
123.0 58.0 20.0 10.0
121.0 53.0 20.0 10.0
111.0 78.0 20.0 10.0
128.0 84.0 20.0 10.0
87.0 124.0 20.0 10.0
134.0 89.0 20.0 10.0
44.0 56.0 20.0 10.0
63.0 67.0 20.0 10.0
99.0 40.0 20.0 10.0
52.0 135.0 20.0 10.0
88.0 62.0 20.0 10.0
60.0 112.0 20.0 10.0
56.0 123.0 20.0 10.0
80.0 84.0 20.0 10.0
73.0 106.0 20.0 10.0
119.0 56.0 20.0 10.0
77.0 127.0 20.0 10.0
87.0 32.0 20.0 10.0
93.0 114.0 20.0 10.0
117.0 106.0 20.0 10.0
98.0 75.0 20.0 10.0
117.0 86.0 20.0 10.0
117.0 118.0 20.0 10.0
102.0 42.0 20.0 10.0
59.0 104.0 20.0 10.0
105.0 54.0 20.0 10.0
60.0 74.0 20.0 10.0
105.0 127.0 20.0 10.0
93.0 137.0 20.0 10.0
75.0 69.0 20.0 10.0
66.0 102.0 20.0 10.0
62.0 77.0 20.0 10.0
115.0 64.0 20.0 10.0
130.0 58.0 20.0 10.0
67.0 75.0 20.0 10.0
102.0 52.0 20.0 10.0
61.0 51.0 20.0 10.0
112.0 93.0 20.0 10.0
76.0 49.0 20.0 10.0
97.0 109.0 20.0 10.0
48.0 79.0 20.0 10.0
90.0 137.0 20.0 10.0
103.0 118.0 20.0 10.0
102.0 72.0 20.0 10.0
37.0 64.0 20.0 10.0
83.0 35.0 20.0 10.0
117.0 124.0 20.0 10.0
65.0 47.0 20.0 10.0
125.0 85.0 20.0 10.0
66.0 55.0 20.0 10.0
118.0 53.0 20.0 10.0
39.0 93.0 20.0 10.0
75.0 64.0 20.0 10.0
46.0 89.0 20.0 10.0
53.0 63.0 20.0 10.0
49.0 112.0 20.0 10.0
106.0 68.0 20.0 10.0
128.0 55.0 20.0 10.0
123.0 87.0 20.0 10.0
125.0 96.0 20.0 10.0
105.0 93.0 20.0 10.0
98.0 70.0 20.0 10.0
123.0 94.0 20.0 10.0
63.0 143.0 20.0 10.0
48.0 128.0 20.0 10.0
63.0 93.0 20.0 10.0
84.0 135.0 20.0 10.0
47.0 97.0 20.0 10.0
55.0 54.0 20.0 10.0
96.0 105.0 20.0 10.0
98.0 141.0 20.0 10.0
129.0 79.0 20.0 10.0
69.0 56.0 20.0 10.0
107.0 52.0 20.0 10.0
57.0 62.0 20.0 10.0
97.0 41.0 20.0 10.0
92.0 46.0 20.0 10.0
97.0 125.0 20.0 10.0
113.0 105.0 20.0 10.0
144.0 125.0 20.0 10.0
135.0 84.0 20.0 10.0
102.0 59.0 20.0 10.0
47.0 59.0 20.0 10.0
119.0 113.0 20.0 10.0
126.0 123.0 20.0 10.0
40.0 98.0 20.0 10.0
83.0 50.0 20.0 10.0
95.0 60.0 20.0 10.0
97.0 118.0 20.0 10.0
54.0 109.0 20.0 10.0
102.0 33.0 20.0 10.0
84.0 46.0 20.0 10.0
58.0 38.0 20.0 10.0
100.0 54.0 20.0 10.0
115.0 43.0 20.0 10.0
56.0 78.0 20.0 10.0
49.0 69.0 20.0 10.0
73.0 59.0 20.0 10.0
56.0 128.0 20.0 10.0
78.0 141.0 20.0 10.0
108.0 43.0 20.0 10.0
107.0 37.0 20.0 10.0
58.0 122.0 20.0 10.0
74.0 130.0 20.0 10.0
149.0 80.0 20.0 10.0
117.0 99.0 20.0 10.0
62.0 138.0 20.0 10.0
36.0 98.0 20.0 10.0
111.0 62.0 20.0 10.0
50.0 76.0 20.0 10.0
41.0 78.0 20.0 10.0
132.0 69.0 20.0 10.0
69.0 127.0 20.0 10.0
132.0 103.0 20.0 10.0
62.0 124.0 20.0 10.0
43.0 87.0 20.0 10.0
51.0 105.0 20.0 10.0
94.0 55.0 20.0 10.0
110.0 127.0 20.0 10.0
111.0 31.0 20.0 10.0
80.0 121.0 20.0 10.0
128.0 104.0 20.0 10.0
58.0 65.0 20.0 10.0
76.0 60.0 20.0 10.0
99.0 112.0 20.0 10.0
71.0 123.0 20.0 10.0
97.0 128.0 20.0 10.0
94.0 43.0 20.0 10.0
73.0 110.0 20.0 10.0
124.0 110.0 20.0 10.0
50.0 43.0 20.0 10.0
73.0 115.0 20.0 10.0
80.0 101.0 20.0 10.0
108.0 100.0 20.0 10.0
70.0 143.0 20.0 10.0
101.0 120.0 20.0 10.0
39.0 102.0 20.0 10.0
38.0 83.0 20.0 10.0
83.0 128.0 20.0 10.0
99.0 49.0 20.0 10.0
83.0 119.0 20.0 10.0
109.0 47.0 20.0 10.0
51.0 95.0 20.0 10.0
74.0 122.0 20.0 10.0
75.0 36.0 20.0 10.0
129.0 77.0 20.0 10.0
135.0 110.0 20.0 10.0
32.0 105.0 20.0 10.0
53.0 39.0 20.0 10.0
106.0 139.0 20.0 10.0
59.0 135.0 20.0 10.0
48.0 118.0 20.0 10.0
112.0 43.0 20.0 10.0
54.0 102.0 20.0 10.0
128.0 65.0 20.0 10.0
51.0 125.0 20.0 10.0
39.0 112.0 20.0 10.0
58.0 134.0 20.0 10.0
125.0 115.0 20.0 10.0
129.0 62.0 20.0 10.0
111.0 68.0 20.0 10.0
77.0 137.0 20.0 10.0
133.0 113.0 20.0 10.0
117.0 114.0 20.0 10.0
97.0 133.0 20.0 10.0
110.0 133.0 20.0 10.0
101.0 30.0 20.0 10.0
77.0 46.0 20.0 10.0
87.0 37.0 20.0 10.0
92.0 39.0 20.0 10.0
43.0 110.0 20.0 10.0
26.0 91.0 20.0 10.0
111.0 51.0 20.0 10.0
116.0 81.0 20.0 10.0
137.0 60.0 20.0 10.0
74.0 134.0 20.0 10.0
146.0 97.0 20.0 10.0
89.0 134.0 20.0 10.0
44.0 102.0 20.0 10.0
82.0 136.0 20.0 10.0
79.0 59.0 20.0 10.0
68.0 30.0 20.0 10.0
101.0 127.0 20.0 10.0
127.0 108.0 20.0 10.0
81.0 145.0 20.0 10.0
34.0 95.0 20.0 10.0
71.0 70.0 20.0 10.0
67.0 39.0 20.0 10.0
112.0 58.0 20.0 10.0
122.0 105.0 20.0 10.0
35.0 76.0 20.0 10.0
44.0 81.0 20.0 10.0
124.0 89.0 20.0 10.0
138.0 108.0 20.0 10.0
140.0 81.0 20.0 10.0
45.0 113.0 20.0 10.0
47.0 55.0 20.0 10.0
36.0 120.0 20.0 10.0
59.0 115.0 20.0 10.0
62.0 95.0 20.0 10.0
129.0 128.0 20.0 10.0
100.0 124.0 20.0 10.0
70.0 61.0 20.0 10.0
110.0 117.0 20.0 10.0
116.0 61.0 20.0 10.0
139.0 99.0 20.0 10.0
69.0 45.0 20.0 10.0
142.0 86.0 20.0 10.0
118.0 130.0 20.0 10.0
106.0 146.0 20.0 10.0
124.0 52.0 20.0 10.0
106.0 43.0 20.0 10.0
103.0 37.0 20.0 10.0
67.0 137.0 20.0 10.0
131.0 117.0 20.0 10.0
75.0 138.0 20.0 10.0
49.0 93.0 20.0 10.0
95.0 138.0 20.0 10.0
124.0 62.0 20.0 10.0
59.0 33.0 20.0 10.0
95.0 34.0 20.0 10.0
135.0 100.0 20.0 10.0
67.0 123.0 20.0 10.0
118.0 128.0 20.0 10.0
107.0 134.0 20.0 10.0
127.0 70.0 20.0 10.0
145.0 71.0 20.0 10.0
59.0 82.0 20.0 10.0
132.10000610351562 96.0 20.0 10.0
140.0 67.0 20.0 10.0
24.0 71.0 20.0 10.0
134.0 76.0 20.0 10.0
143.0 72.0 20.0 10.0
34.0 85.0 20.0 10.0
122.0 40.0 20.0 10.0
89.0 35.0 20.0 10.0
52.0 115.0 20.0 10.0
85.0 138.0 20.0 10.0
137.0 120.0 20.0 10.0
114.0 102.0 20.0 10.0
39.0 75.0 20.0 10.0
117.0 46.0 20.0 10.0
113.0 142.0 20.0 10.0
140.0 91.0 20.0 10.0
128.0 52.0 20.0 10.0
138.0 104.0 20.0 10.0
114.0 125.0 20.0 10.0
50.0 121.0 20.0 10.0
82.0 37.0 20.0 10.0
54.0 111.0 20.0 10.0
137.0 74.0 20.0 10.0
58.0 54.0 20.0 10.0
112.0 48.0 20.0 10.0
42.0 105.0 20.0 10.0
30.0 88.0 20.0 10.0
124.0 101.0 20.0 10.0
134.0 62.0 20.0 10.0
51.0 84.0 20.0 10.0
58.0 25.0 20.0 10.0
121.0 120.0 20.0 10.0
124.0 107.0 20.0 10.0
133.0 79.0 20.0 10.0
132.0 65.0 20.0 10.0
115.0 134.0 20.0 10.0
102.0 132.0 20.0 10.0
124.0 73.0 20.0 10.0
128.0 43.0 20.0 10.0
131.0 112.0 20.0 10.0
43.0 62.0 20.0 10.0
121.0 133.0 20.0 10.0
59.0 130.0 20.0 10.0
80.0 46.0 20.0 10.0
