500
93.0 96.0 20.0 10.0
98.0 99.0 20.0 10.0
87.0 84.0 20.0 10.0
93.0 84.0 20.0 10.0
88.0 107.0 20.0 10.0
94.0 93.0 20.0 10.0
75.0 91.0 20.0 10.0
73.0 97.0 20.0 10.0
76.0 100.0 20.0 10.0
88.0 95.0 20.0 10.0
87.0 98.0 20.0 10.0
92.0 82.0 20.0 10.0
104.0 84.0 20.0 10.0
76.0 97.0 20.0 10.0
74.0 77.0 20.0 10.0
106.0 82.0 20.0 10.0
80.0 85.0 20.0 10.0
112.0 84.0 20.0 10.0
91.0 101.0 20.0 10.0
97.0 96.0 20.0 10.0
73.0 111.0 20.0 10.0
98.0 98.0 20.0 10.0
85.0 99.0 20.0 10.0
71.0 68.0 20.0 10.0
70.0 75.0 20.0 10.0
87.0 77.0 20.0 10.0
103.0 102.0 20.0 10.0
93.0 72.0 20.0 10.0
79.0 75.0 20.0 10.0
95.0 112.0 20.0 10.0
73.0 122.0 20.0 10.0
105.0 105.0 20.0 10.0
102.0 85.0 20.0 10.0
90.0 75.0 20.0 10.0
79.0 88.0 20.0 10.0
77.0 76.0 20.0 10.0
78.0 102.0 20.0 10.0
83.0 84.0 20.0 10.0
86.0 118.0 20.0 10.0
103.0 88.0 20.0 10.0
68.0 75.0 20.0 10.0
65.0 101.0 20.0 10.0
95.0 103.0 20.0 10.0
92.0 77.0 20.0 10.0
102.0 66.0 20.0 10.0
91.0 47.0 20.0 10.0
80.0 109.0 20.0 10.0
91.0 70.0 20.0 10.0
63.0 98.0 20.0 10.0
81.0 77.0 20.0 10.0
101.0 51.0 20.0 10.0
65.0 104.0 20.0 10.0
80.0 111.0 20.0 10.0
84.0 75.0 20.0 10.0
88.0 69.0 20.0 10.0
108.0 105.0 20.0 10.0
79.0 100.0 20.0 10.0
85.0 60.0 20.0 10.0
93.0 109.0 20.0 10.0
67.0 86.0 20.0 10.0
81.0 107.0 20.0 10.0
72.0 126.0 20.0 10.0
89.0 92.0 20.0 10.0
61.0 89.0 20.0 10.0
69.0 79.0 20.0 10.0
80.0 132.0 20.0 10.0
74.0 69.0 20.0 10.0
97.0 88.0 20.0 10.0
90.0 89.0 20.0 10.0
73.0 107.0 20.0 10.0
71.0 81.0 20.0 10.0
97.0 127.0 20.0 10.0
72.0 115.0 20.0 10.0
64.0 106.0 20.0 10.0
85.0 94.0 20.0 10.0
108.0 57.0 20.0 10.0
117.0 77.0 20.0 10.0
74.0 101.0 20.0 10.0
66.0 117.0 20.0 10.0
49.0 116.0 20.0 10.0
98.0 68.0 20.0 10.0
99.0 112.0 20.0 10.0
70.0 90.0 20.0 10.0
87.0 90.0 20.0 10.0
85.0 115.0 20.0 10.0
78.0 94.0 20.0 10.0
76.0 117.0 20.0 10.0
86.0 111.0 20.0 10.0
100.0 81.0 20.0 10.0
56.0 75.0 20.0 10.0
122.0 103.0 20.0 10.0
44.0 96.0 20.0 10.0
113.0 121.0 20.0 10.0
79.0 81.0 20.0 10.0
106.0 118.0 20.0 10.0
108.0 95.0 20.0 10.0
68.0 81.0 20.0 10.0
69.0 70.0 20.0 10.0
62.0 72.0 20.0 10.0
110.0 90.0 20.0 10.0
96.0 75.0 20.0 10.0
81.0 92.0 20.0 10.0
65.0 88.0 20.0 10.0
100.0 104.0 20.0 10.0
63.0 85.0 20.0 10.0
102.0 119.0 20.0 10.0
39.0 75.0 20.0 10.0
58.0 72.0 20.0 10.0
73.0 85.0 20.0 10.0
92.0 70.0 20.0 10.0
77.0 74.0 20.0 10.0
106.0 99.0 20.0 10.0
54.0 100.0 20.0 10.0
59.0 137.0 20.0 10.0
53.0 82.0 20.0 10.0
94.0 61.0 20.0 10.0
58.0 102.0 20.0 10.0
78.0 69.0 20.0 10.0
93.0 113.0 20.0 10.0
96.0 91.0 20.0 10.0
59.0 100.0 20.0 10.0
123.0 111.0 20.0 10.0
96.0 114.0 20.0 10.0
74.0 58.0 20.0 10.0
63.0 119.0 20.0 10.0
91.0 56.0 20.0 10.0
129.0 74.0 20.0 10.0
65.0 120.0 20.0 10.0
82.0 121.0 20.0 10.0
62.0 109.0 20.0 10.0
52.0 117.0 20.0 10.0
62.0 127.0 20.0 10.0
86.0 49.0 20.0 10.0
87.0 129.0 20.0 10.0
58.0 79.0 20.0 10.0
74.0 138.0 20.0 10.0
111.0 77.0 20.0 10.0
66.0 74.0 20.0 10.0
50.0 95.0 20.0 10.0
134.0 73.0 20.0 10.0
122.0 119.0 20.0 10.0
132.0 87.0 20.0 10.0
119.0 88.0 20.0 10.0
57.0 85.0 20.0 10.0
94.0 130.0 20.0 10.0
69.0 133.0 20.0 10.0
93.0 122.0 20.0 10.0
49.0 100.0 20.0 10.0
57.0 111.0 20.0 10.0
94.0 100.0 20.0 10.0
74.0 50.0 20.0 10.0
103.0 137.0 20.0 10.0
69.0 128.0 20.0 10.0
61.0 95.0 20.0 10.0
59.0 108.0 20.0 10.0
127.0 82.0 20.0 10.0
83.0 125.0 20.0 10.0
114.0 101.0 20.0 10.0
51.0 79.0 20.0 10.0
83.0 72.0 20.0 10.0
97.0 78.0 20.0 10.0
113.0 79.0 20.0 10.0
60.0 69.0 20.0 10.0
63.0 75.0 20.0 10.0
115.0 82.0 20.0 10.0
65.0 138.0 20.0 10.0
82.0 56.0 20.0 10.0
52.0 68.0 20.0 10.0
104.0 117.0 20.0 10.0
36.0 83.0 20.0 10.0
69.0 121.0 20.0 10.0
41.0 72.0 20.0 10.0
44.0 82.0 20.0 10.0
44.0 91.0 20.0 10.0
87.0 93.0 20.0 10.0
55.0 130.0 20.0 10.0
97.0 141.0 20.0 10.0
63.0 55.0 20.0 10.0
89.0 80.0 20.0 10.0
73.0 53.0 20.0 10.0
91.0 117.0 20.0 10.0
104.0 53.0 20.0 10.0
85.0 105.0 20.0 10.0
114.0 114.0 20.0 10.0
50.0 92.0 20.0 10.0
69.0 45.0 20.0 10.0
89.0 106.0 20.0 10.0
127.0 104.0 20.0 10.0
124.0 80.0 20.0 10.0
45.0 104.0 20.0 10.0
71.0 136.0 20.0 10.0
60.0 112.0 20.0 10.0
41.0 112.0 20.0 10.0
54.0 127.0 20.0 10.0
96.0 133.0 20.0 10.0
67.0 140.0 20.0 10.0
124.0 71.0 20.0 10.0
33.0 50.0 20.0 10.0
49.0 86.0 20.0 10.0
57.0 60.0 20.0 10.0
107.0 87.0 20.0 10.0
90.0 145.0 20.0 10.0
84.0 41.0 20.0 10.0
91.0 94.0 20.0 10.0
103.0 74.0 20.0 10.0
120.0 68.0 20.0 10.0
118.0 90.0 20.0 10.0
120.0 79.0 20.0 10.0
107.0 114.0 20.0 10.0
70.0 55.0 20.0 10.0
72.0 88.0 20.0 10.0
97.0 72.0 20.0 10.0
52.0 89.0 20.0 10.0
106.0 129.0 20.0 10.0
113.0 71.0 20.0 10.0
53.0 121.0 20.0 10.0
40.0 101.0 20.0 10.0
113.0 74.0 20.0 10.0
122.0 59.0 20.0 10.0
66.0 67.0 20.0 10.0
84.0 90.0 20.0 10.0
125.0 109.0 20.0 10.0
77.0 70.0 20.0 10.0
88.0 123.0 20.0 10.0
51.0 121.0 20.0 10.0
41.0 92.0 20.0 10.0
127.0 100.0 20.0 10.0
73.0 39.0 20.0 10.0
55.0 91.0 20.0 10.0
30.0 98.0 20.0 10.0
117.0 71.0 20.0 10.0
62.0 81.0 20.0 10.0
98.0 123.0 20.0 10.0
90.0 54.0 20.0 10.0
70.0 50.0 20.0 10.0
84.0 80.0 20.0 10.0
48.0 105.0 20.0 10.0
122.0 93.0 20.0 10.0
90.0 40.0 20.0 10.0
89.0 60.0 20.0 10.0
61.0 102.0 20.0 10.0
52.0 78.0 20.0 10.0
134.0 110.0 20.0 10.0
116.0 50.0 20.0 10.0
56.0 123.0 20.0 10.0
94.0 86.0 20.0 10.0
88.0 141.0 20.0 10.0
54.0 61.0 20.0 10.0
112.0 105.0 20.0 10.0
50.0 104.0 20.0 10.0
99.0 38.0 20.0 10.0
87.0 42.0 20.0 10.0
100.0 128.0 20.0 10.0
38.0 98.0 20.0 10.0
68.0 62.0 20.0 10.0
100.0 125.0 20.0 10.0
91.0 61.0 20.0 10.0
65.0 127.0 20.0 10.0
94.0 54.0 20.0 10.0
84.0 134.0 20.0 10.0
109.0 119.0 20.0 10.0
73.0 44.0 20.0 10.0
103.0 92.0 20.0 10.0
54.0 97.0 20.0 10.0
77.0 136.0 20.0 10.0
83.0 140.0 20.0 10.0
146.0 85.0 20.0 10.0
121.0 107.0 20.0 10.0
38.0 127.0 20.0 10.0
65.0 72.0 20.0 10.0
109.0 70.0 20.0 10.0
107.0 63.0 20.0 10.0
59.0 44.0 20.0 10.0
106.0 134.0 20.0 10.0
112.0 67.0 20.0 10.0
91.0 127.0 20.0 10.0
66.0 91.0 20.0 10.0
44.0 60.0 20.0 10.0
101.0 139.0 20.0 10.0
74.0 65.0 20.0 10.0
98.0 49.0 20.0 10.0
120.0 95.0 20.0 10.0
127.0 113.0 20.0 10.0
86.0 65.0 20.0 10.0
47.0 73.0 20.0 10.0
60.0 82.0 20.0 10.0
109.0 49.0 20.0 10.0
63.0 134.0 20.0 10.0
62.0 61.0 20.0 10.0
68.0 108.0 20.0 10.0
123.0 121.0 20.0 10.0
66.0 124.0 20.0 10.0
54.0 107.0 20.0 10.0
48.0 97.0 20.0 10.0
43.0 105.0 20.0 10.0
83.0 51.0 20.0 10.0
66.0 42.0 20.0 10.0
114.0 98.0 20.0 10.0
50.0 114.0 20.0 10.0
96.0 51.0 20.0 10.0
115.0 128.0 20.0 10.0
93.0 34.0 20.0 10.0
122.0 96.0 20.0 10.0
33.0 91.0 20.0 10.0
57.0 150.0 20.0 10.0
88.0 44.0 20.0 10.0
114.0 130.0 20.0 10.0
121.0 47.0 20.0 10.0
124.0 51.0 20.0 10.0
81.0 42.0 20.0 10.0
121.0 44.0 20.0 10.0
132.0 97.0 20.0 10.0
106.0 94.0 20.0 10.0
117.0 66.0 20.0 10.0
66.0 57.0 20.0 10.0
57.0 68.0 20.0 10.0
80.0 67.0 20.0 10.0
44.0 70.0 20.0 10.0
128.0 90.0 20.0 10.0
123.0 127.0 20.0 10.0
119.0 85.0 20.0 10.0
148.0 68.0 20.0 10.0
131.0 69.0 20.0 10.0
55.0 41.0 20.0 10.0
45.0 66.0 20.0 10.0
116.0 104.0 20.0 10.0
90.0 120.0 20.0 10.0
95.0 31.0 20.0 10.0
113.0 54.0 20.0 10.0
139.0 78.0 20.0 10.0
58.0 54.0 20.0 10.0
33.0 127.0 20.0 10.0
135.0 65.0 20.0 10.0
101.0 58.0 20.0 10.0
45.0 42.0 20.0 10.0
118.0 60.0 20.0 10.0
120.0 64.0 20.0 10.0
58.0 120.0 20.0 10.0
102.0 40.0 20.0 10.0
106.0 110.0 20.0 10.0
97.0 147.0 20.0 10.0
95.0 77.0 20.0 10.0
119.0 126.0 20.0 10.0
88.0 53.0 20.0 10.0
63.0 94.0 20.0 10.0
133.0 77.0 20.0 10.0
39.0 81.0 20.0 10.0
44.0 110.0 20.0 10.0
108.0 138.0 20.0 10.0
48.0 63.0 20.0 10.0
123.0 65.0 20.0 10.0
133.0 70.0 20.0 10.0
116.0 63.0 20.0 10.0
54.0 116.0 20.0 10.0
118.0 135.0 20.0 10.0
104.0 77.0 20.0 10.0
111.0 125.0 20.0 10.0
129.0 65.0 20.0 10.0
152.0 100.0 20.0 10.0
88.0 147.0 20.0 10.0
111.0 110.0 20.0 10.0
113.0 61.0 20.0 10.0
127.0 119.0 20.0 10.0
46.0 130.0 20.0 10.0
58.0 95.0 20.0 10.0
103.0 130.0 20.0 10.0
98.0 136.0 20.0 10.0
108.0 54.0 20.0 10.0
93.0 145.0 20.0 10.0
111.0 144.0 20.0 10.0
116.0 57.0 20.0 10.0
56.0 51.0 20.0 10.0
99.0 63.0 20.0 10.0
61.0 116.0 20.0 10.0
91.0 131.0 20.0 10.0
119.0 150.0 20.0 10.0
50.0 61.0 20.0 10.0
100.0 90.0 20.0 10.0
74.0 34.0 20.0 10.0
139.0 103.0 20.0 10.0
115.0 85.0 20.0 10.0
55.0 135.0 20.0 10.0
109.0 129.0 20.0 10.0
67.0 48.0 20.0 10.0
84.0 146.0 20.0 10.0
133.0 53.0 20.0 10.0
104.0 144.0 20.0 10.0
31.0 87.0 20.0 10.0
141.0 113.0 20.0 10.0
41.0 97.0 20.0 10.0
106.0 49.0 20.0 10.0
53.0 51.0 20.0 10.0
77.0 129.0 20.0 10.0
53.0 37.0 20.0 10.0
38.0 90.0 20.0 10.0
48.0 87.0 20.0 10.0
84.0 56.0 20.0 10.0
81.0 122.0 20.0 10.0
75.0 60.0 20.0 10.0
58.0 116.0 20.0 10.0
135.0 98.0 20.0 10.0
145.0 106.0 20.0 10.0
72.0 110.0 20.0 10.0
132.0 91.0 20.0 10.0
103.0 46.0 20.0 10.0
78.0 60.0 20.0 10.0
132.0 102.0 20.0 10.0
85.0 144.0 20.0 10.0
25.0 85.0 20.0 10.0
45.0 54.0 20.0 10.0
37.0 119.0 20.0 10.0
30.0 73.0 20.0 10.0
80.0 117.0 20.0 10.0
127.0 59.0 20.0 10.0
65.0 49.0 20.0 10.0
37.0 87.0 20.0 10.0
140.0 62.0 20.0 10.0
52.0 56.0 20.0 10.0
127.0 87.0 20.0 10.0
127.0 133.0 20.0 10.0
139.0 95.0 20.0 10.0
90.0 135.0 20.0 10.0
108.0 123.0 20.0 10.0
142.0 85.0 20.0 10.0
32.0 115.0 20.0 10.0
130.0 78.0 20.0 10.0
60.0 48.0 20.0 10.0
78.0 147.0 20.0 10.0
33.0 57.0 20.0 10.0
113.0 44.0 20.0 10.0
84.0 25.0 20.0 10.0
47.0 114.0 20.0 10.0
137.0 124.0 20.0 10.0
78.0 152.0 20.0 10.0
79.0 37.0 20.0 10.0
99.0 54.0 20.0 10.0
70.0 101.0 20.0 10.0
127.0 84.0 20.0 10.0
31.0 105.0 20.0 10.0
145.0 92.0 20.0 10.0
120.0 110.0 20.0 10.0
119.0 75.0 20.0 10.0
118.0 103.0 20.0 10.0
133.0 108.0 20.0 10.0
124.0 89.0 20.0 10.0
108.0 46.0 20.0 10.0
91.0 30.0 20.0 10.0
29.0 96.0 20.0 10.0
75.0 127.0 20.0 10.0
125.0 114.0 20.0 10.0
49.0 69.0 20.0 10.0
99.0 109.0 20.0 10.0
51.0 108.0 20.0 10.0
40.0 67.0 20.0 10.0
144.0 117.0 20.0 10.0
120.0 123.0 20.0 10.0
57.0 50.0 20.0 10.0
85.0 36.0 20.0 10.0
140.0 120.0 20.0 10.0
123.0 55.0 20.0 10.0
67.0 34.0 20.0 10.0
30.0 79.0 20.0 10.0
74.0 132.0 20.0 10.0
111.0 142.0 20.0 10.0
44.0 48.0 20.0 10.0
96.0 41.0 20.0 10.0
28.0 108.0 20.0 10.0
134.0 115.0 20.0 10.0
131.0 112.0 20.0 10.0
80.0 46.0 20.0 10.0
68.0 112.0 20.0 10.0
142.0 68.0 20.0 10.0
127.0 124.0 20.0 10.0
61.0 50.0 20.0 10.0
121.0 141.0 20.0 10.0
73.0 82.0 20.0 10.0
44.0 77.0 20.0 10.0
131.0 117.0 20.0 10.0
118.0 94.0 20.0 10.0
115.0 44.0 20.0 10.0
139.0 97.0 20.0 10.0
123.0 100.0 20.0 10.0
37.0 59.0 20.0 10.0
139.0 58.0 20.0 10.0
80.0 141.0 20.0 10.0
68.0 150.0 20.0 10.0
105.0 72.0 20.0 10.0
77.0 123.0 20.0 10.0
137.0 90.0 20.0 10.0
138.0 83.0 20.0 10.0
61.0 36.0 20.0 10.0
95.0 46.0 20.0 10.0
28.0 65.0 20.0 10.0
110.0 59.0 20.0 10.0
149.0 81.0 20.0 10.0
41.0 116.0 20.0 10.0
80.0 52.0 20.0 10.0
111.0 31.0 20.0 10.0
50.0 143.0 20.0 10.0
79.0 51.0 20.0 10.0
