500
75.0 90.0 20.0 10.0
81.0 77.0 20.0 10.0
89.0 103.0 20.0 10.0
88.0 86.0 20.0 10.0
86.0 83.0 20.0 10.0
79.0 90.0 20.0 10.0
82.0 71.0 20.0 10.0
78.0 92.0 20.0 10.0
80.0 84.0 20.0 10.0
68.0 104.0 20.0 10.0
93.0 96.0 20.0 10.0
90.0 93.0 20.0 10.0
78.0 91.0 20.0 10.0
92.0 92.0 20.0 10.0
82.0 76.0 20.0 10.0
74.0 89.0 20.0 10.0
74.0 98.0 20.0 10.0
102.0 67.0 20.0 10.0
85.0 92.0 20.0 10.0
79.0 86.0 20.0 10.0
87.0 105.0 20.0 10.0
76.0 76.0 20.0 10.0
87.0 70.0 20.0 10.0
107.0 84.0 20.0 10.0
67.0 83.0 20.0 10.0
91.0 85.0 20.0 10.0
59.0 89.0 20.0 10.0
86.0 86.0 20.0 10.0
103.0 113.0 20.0 10.0
86.0 62.0 20.0 10.0
79.0 72.0 20.0 10.0
104.0 104.0 20.0 10.0
75.0 68.0 20.0 10.0
102.0 83.0 20.0 10.0
56.0 92.0 20.0 10.0
102.0 72.0 20.0 10.0
83.0 81.0 20.0 10.0
97.0 109.0 20.0 10.0
86.0 73.0 20.0 10.0
87.0 78.0 20.0 10.0
83.0 55.0 20.0 10.0
69.0 84.0 20.0 10.0
101.0 78.0 20.0 10.0
106.0 94.0 20.0 10.0
93.0 65.0 20.0 10.0
105.0 96.0 20.0 10.0
59.0 93.0 20.0 10.0
84.0 64.0 20.0 10.0
119.0 92.0 20.0 10.0
76.0 101.0 20.0 10.0
59.0 82.0 20.0 10.0
103.0 88.0 20.0 10.0
89.0 74.0 20.0 10.0
84.0 109.0 20.0 10.0
73.0 94.0 20.0 10.0
89.0 115.0 20.0 10.0
79.0 99.0 20.0 10.0
108.0 78.0 20.0 10.0
85.0 102.0 20.0 10.0
60.0 110.0 20.0 10.0
105.0 57.0 20.0 10.0
75.0 58.0 20.0 10.0
104.0 76.0 20.0 10.0
99.0 59.0 20.0 10.0
50.0 86.0 20.0 10.0
109.0 99.0 20.0 10.0
119.0 114.0 20.0 10.0
73.0 117.0 20.0 10.0
39.0 75.0 20.0 10.0
63.0 83.0 20.0 10.0
96.0 89.0 20.0 10.0
72.0 61.0 20.0 10.0
71.0 115.0 20.0 10.0
86.0 40.0 20.0 10.0
81.0 61.0 20.0 10.0
85.0 88.0 20.0 10.0
63.0 69.0 20.0 10.0
88.0 99.0 20.0 10.0
70.0 78.0 20.0 10.0
89.0 51.0 20.0 10.0
109.0 89.0 20.0 10.0
71.0 83.0 20.0 10.0
75.0 53.0 20.0 10.0
91.0 82.0 20.0 10.0
98.0 93.0 20.0 10.0
58.0 102.0 20.0 10.0
95.0 98.0 20.0 10.0
80.0 93.0 20.0 10.0
66.0 48.0 20.0 10.0
66.0 75.0 20.0 10.0
92.0 110.0 20.0 10.0
65.0 94.0 20.0 10.0
42.0 66.0 20.0 10.0
118.0 71.0 20.0 10.0
101.0 120.0 20.0 10.0
73.0 75.0 20.0 10.0
109.0 95.0 20.0 10.0
99.0 77.0 20.0 10.0
109.0 60.0 20.0 10.0
60.0 100.0 20.0 10.0
101.0 98.0 20.0 10.0
89.0 63.0 20.0 10.0
108.0 71.0 20.0 10.0
82.0 92.0 20.0 10.0
112.0 62.0 20.0 10.0
90.0 111.0 20.0 10.0
115.0 83.0 20.0 10.0
88.0 67.0 20.0 10.0
69.0 87.0 20.0 10.0
92.0 58.0 20.0 10.0
68.0 45.0 20.0 10.0
125.0 67.0 20.0 10.0
123.0 94.0 20.0 10.0
80.0 109.0 20.0 10.0
54.0 87.0 20.0 10.0
54.0 77.0 20.0 10.0
80.0 120.0 20.0 10.0
112.0 111.0 20.0 10.0
111.0 77.0 20.0 10.0
108.0 113.0 20.0 10.0
94.0 87.0 20.0 10.0
53.0 63.0 20.0 10.0
58.0 105.0 20.0 10.0
75.0 72.0 20.0 10.0
65.0 112.0 20.0 10.0
75.0 64.0 20.0 10.0
117.0 59.0 20.0 10.0
100.0 116.0 20.0 10.0
48.0 88.0 20.0 10.0
70.0 106.0 20.0 10.0
117.0 76.0 20.0 10.0
81.0 63.0 20.0 10.0
69.0 74.0 20.0 10.0
51.0 95.0 20.0 10.0
133.0 89.0 20.0 10.0
73.0 110.0 20.0 10.0
65.0 105.0 20.0 10.0
68.0 109.0 20.0 10.0
79.0 80.0 20.0 10.0
77.0 115.0 20.0 10.0
125.0 93.0 20.0 10.0
122.0 73.0 20.0 10.0
68.0 53.0 20.0 10.0
95.0 128.0 20.0 10.0
127.0 108.0 20.0 10.0
96.0 71.0 20.0 10.0
87.0 94.0 20.0 10.0
103.0 91.0 20.0 10.0
99.0 88.0 20.0 10.0
115.0 69.0 20.0 10.0
72.0 65.0 20.0 10.0
113.0 96.0 20.0 10.0
88.0 60.0 20.0 10.0
106.0 79.0 20.0 10.0
112.0 84.0 20.0 10.0
61.0 123.0 20.0 10.0
61.0 130.0 20.0 10.0
112.0 91.0 20.0 10.0
65.0 63.0 20.0 10.0
93.0 113.0 20.0 10.0
52.0 91.0 20.0 10.0
114.0 58.0 20.0 10.0
107.0 54.0 20.0 10.0
103.0 84.0 20.0 10.0
65.0 130.0 20.0 10.0
56.0 110.0 20.0 10.0
75.0 86.0 20.0 10.0
127.0 86.0 20.0 10.0
58.0 69.0 20.0 10.0
72.0 124.0 20.0 10.0
125.0 62.0 20.0 10.0
91.0 77.0 20.0 10.0
87.0 49.0 20.0 10.0
58.0 115.0 20.0 10.0
77.0 100.0 20.0 10.0
61.0 117.0 20.0 10.0
106.0 76.0 20.0 10.0
60.0 71.0 20.0 10.0
54.0 101.0 20.0 10.0
98.0 128.0 20.0 10.0
101.0 62.0 20.0 10.0
47.0 77.0 20.0 10.0
37.0 116.0 20.0 10.0
106.0 36.0 20.0 10.0
68.0 97.0 20.0 10.0
115.0 106.0 20.0 10.0
99.0 43.0 20.0 10.0
76.0 112.0 20.0 10.0
102.0 69.0 20.0 10.0
50.0 73.0 20.0 10.0
62.0 93.0 20.0 10.0
47.0 69.0 20.0 10.0
75.0 40.0 20.0 10.0
36.0 56.0 20.0 10.0
99.0 56.0 20.0 10.0
104.0 54.0 20.0 10.0
51.0 110.0 20.0 10.0
93.0 46.0 20.0 10.0
81.0 116.0 20.0 10.0
69.0 132.0 20.0 10.0
117.0 96.0 20.0 10.0
107.0 57.0 20.0 10.0
50.0 82.0 20.0 10.0
82.0 53.0 20.0 10.0
67.0 116.0 20.0 10.0
106.0 108.0 20.0 10.0
105.0 115.0 20.0 10.0
65.0 123.0 20.0 10.0
78.0 70.0 20.0 10.0
128.0 98.0 20.0 10.0
84.0 68.0 20.0 10.0
59.0 123.0 20.0 10.0
97.0 47.0 20.0 10.0
110.0 109.0 20.0 10.0
123.0 108.0 20.0 10.0
74.0 105.0 20.0 10.0
99.0 82.0 20.0 10.0
122.0 129.0 20.0 10.0
63.0 62.0 20.0 10.0
91.0 44.0 20.0 10.0
117.0 87.0 20.0 10.0
76.0 48.0 20.0 10.0
66.0 106.0 20.0 10.0
135.0 98.0 20.0 10.0
93.0 81.0 20.0 10.0
52.0 98.0 20.0 10.0
132.0 78.0 20.0 10.0
40.0 107.0 20.0 10.0
51.0 105.0 20.0 10.0
94.0 124.0 20.0 10.0
91.0 118.0 20.0 10.0
122.0 52.0 20.0 10.0
122.0 59.0 20.0 10.0
52.0 67.0 20.0 10.0
82.0 126.0 20.0 10.0
69.0 48.0 20.0 10.0
117.0 39.0 20.0 10.0
75.0 133.0 20.0 10.0
63.0 118.0 20.0 10.0
46.0 106.0 20.0 10.0
91.0 99.0 20.0 10.0
82.0 108.0 20.0 10.0
88.0 56.0 20.0 10.0
124.0 59.0 20.0 10.0
37.0 97.0 20.0 10.0
108.0 65.0 20.0 10.0
32.0 64.0 20.0 10.0
81.0 95.0 20.0 10.0
113.0 102.0 20.0 10.0
99.0 101.0 20.0 10.0
77.0 36.0 20.0 10.0
54.0 50.0 20.0 10.0
101.0 34.0 20.0 10.0
113.0 106.0 20.0 10.0
136.0 109.0 20.0 10.0
55.0 119.0 20.0 10.0
87.0 114.0 20.0 10.0
130.0 93.0 20.0 10.0
47.0 92.0 20.0 10.0
107.0 125.0 20.0 10.0
100.0 122.0 20.0 10.0
41.0 98.0 20.0 10.0
116.0 91.0 20.0 10.0
128.0 76.0 20.0 10.0
133.0 95.0 20.0 10.0
120.0 81.0 20.0 10.0
110.0 73.0 20.0 10.0
51.0 79.0 20.0 10.0
115.0 118.0 20.0 10.0
87.0 38.0 20.0 10.0
45.0 103.0 20.0 10.0
55.0 94.0 20.0 10.0
47.0 44.0 20.0 10.0
59.0 77.0 20.0 10.0
89.0 127.0 20.0 10.0
72.0 44.0 20.0 10.0
49.0 66.0 20.0 10.0
60.0 59.0 20.0 10.0
97.0 52.0 20.0 10.0
42.0 110.0 20.0 10.0
122.0 88.0 20.0 10.0
72.0 131.0 20.0 10.0
69.0 128.0 20.0 10.0
111.0 49.0 20.0 10.0
49.0 101.0 20.0 10.0
45.0 114.0 20.0 10.0
96.0 101.0 20.0 10.0
95.0 50.0 20.0 10.0
65.0 57.0 20.0 10.0
91.0 32.0 20.0 10.0
35.0 94.0 20.0 10.0
87.0 123.0 20.0 10.0
31.0 105.0 20.0 10.0
116.0 49.0 20.0 10.0
45.0 81.0 20.0 10.0
120.0 111.0 20.0 10.0
65.0 42.0 20.0 10.0
81.0 132.0 20.0 10.0
63.0 126.0 20.0 10.0
83.0 131.0 20.0 10.0
109.0 41.0 20.0 10.0
109.0 122.0 20.0 10.0
70.0 67.0 20.0 10.0
121.0 38.0 20.0 10.0
109.0 81.0 20.0 10.0
100.0 107.0 20.0 10.0
93.0 145.0 20.0 10.0
43.0 123.0 20.0 10.0
139.0 61.0 20.0 10.0
70.0 117.0 20.0 10.0
81.0 138.0 20.0 10.0
41.0 82.0 20.0 10.0
64.0 54.0 20.0 10.0
125.0 113.0 20.0 10.0
26.0 86.0 20.0 10.0
129.0 69.0 20.0 10.0
121.0 93.0 20.0 10.0
97.0 58.0 20.0 10.0
95.0 118.0 20.0 10.0
39.0 131.0 20.0 10.0
120.0 77.0 20.0 10.0
120.0 120.0 20.0 10.0
92.0 138.0 20.0 10.0
95.0 107.0 20.0 10.0
95.0 41.0 20.0 10.0
76.0 123.0 20.0 10.0
57.0 53.0 20.0 10.0
57.0 80.0 20.0 10.0
126.0 81.0 20.0 10.0
124.0 84.0 20.0 10.0
38.0 69.0 20.0 10.0
47.0 96.0 20.0 10.0
128.0 78.0 20.0 10.0
131.0 44.0 20.0 10.0
81.0 30.0 20.0 10.0
117.0 137.0 20.0 10.0
124.0 99.0 20.0 10.0
36.0 85.0 20.0 10.0
101.0 129.0 20.0 10.0
49.0 127.0 20.0 10.0
113.0 121.0 20.0 10.0
37.0 73.0 20.0 10.0
138.0 111.0 20.0 10.0
129.0 72.0 20.0 10.0
60.0 36.0 20.0 10.0
79.0 140.0 20.0 10.0
110.0 105.0 20.0 10.0
131.0 102.0 20.0 10.0
149.0 77.0 20.0 10.0
102.0 117.0 20.0 10.0
128.0 110.0 20.0 10.0
36.0 130.0 20.0 10.0
67.0 66.0 20.0 10.0
42.0 106.0 20.0 10.0
54.0 57.0 20.0 10.0
121.0 133.0 20.0 10.0
143.0 102.0 20.0 10.0
119.0 126.0 20.0 10.0
140.0 92.0 20.0 10.0
61.0 147.0 20.0 10.0
130.0 120.0 20.0 10.0
114.0 129.0 20.0 10.0
41.0 79.0 20.0 10.0
57.0 51.0 20.0 10.0
119.0 65.0 20.0 10.0
44.0 94.0 20.0 10.0
106.0 47.0 20.0 10.0
53.0 52.0 20.0 10.0
64.0 141.0 20.0 10.0
52.0 126.0 20.0 10.0
111.0 137.0 20.0 10.0
87.0 142.0 20.0 10.0
98.0 141.0 20.0 10.0
92.0 69.0 20.0 10.0
105.0 49.0 20.0 10.0
42.0 91.0 20.0 10.0
114.0 51.0 20.0 10.0
55.0 71.0 20.0 10.0
71.0 36.0 20.0 10.0
36.0 48.0 20.0 10.0
121.0 103.0 20.0 10.0
51.0 35.0 20.0 10.0
84.0 120.0 20.0 10.0
107.0 133.0 20.0 10.0
69.0 33.0 20.0 10.0
61.0 63.0 20.0 10.0
69.0 141.0 20.0 10.0
121.0 35.0 20.0 10.0
53.0 131.0 20.0 10.0
46.0 119.0 20.0 10.0
84.0 126.0 20.0 10.0
107.0 103.0 20.0 10.0
113.0 74.0 20.0 10.0
62.0 135.0 20.0 10.0
112.0 55.0 20.0 10.0
78.0 32.0 20.0 10.0
129.0 116.0 20.0 10.0
59.0 146.0 20.0 10.0
77.0 46.0 20.0 10.0
96.0 137.0 20.0 10.0
104.0 121.0 20.0 10.0
78.0 60.0 20.0 10.0
132.0 97.0 20.0 10.0
125.0 40.0 20.0 10.0
56.0 105.0 20.0 10.0
44.0 51.0 20.0 10.0
63.0 77.0 20.0 10.0
78.0 129.0 20.0 10.0
38.0 101.0 20.0 10.0
57.0 128.0 20.0 10.0
73.0 137.0 20.0 10.0
77.0 53.0 20.0 10.0
139.0 50.0 20.0 10.0
63.0 36.0 20.0 10.0
86.0 25.0 20.0 10.0
37.0 104.0 20.0 10.0
39.0 78.0 20.0 10.0
43.0 55.0 20.0 10.0
126.0 128.0 20.0 10.0
50.0 42.0 20.0 10.0
53.0 119.0 20.0 10.0
42.0 71.0 20.0 10.0
159.0 81.0 20.0 10.0
41.0 62.0 20.0 10.0
58.0 65.0 20.0 10.0
80.0 49.0 20.0 10.0
116.0 115.0 20.0 10.0
111.0 125.0 20.0 10.0
92.0 133.0 20.0 10.0
113.0 42.0 20.0 10.0
49.0 115.0 20.0 10.0
101.0 53.0 20.0 10.0
60.0 49.0 20.0 10.0
64.0 51.0 20.0 10.0
101.0 137.0 20.0 10.0
136.0 84.0 20.0 10.0
133.0 56.0 20.0 10.0
126.0 55.0 20.0 10.0
53.0 146.0 20.0 10.0
90.0 158.0 20.0 10.0
76.0 146.0 20.0 10.0
132.0 138.0 20.0 10.0
36.0 113.0 20.0 10.0
78.0 40.0 20.0 10.0
33.0 73.0 20.0 10.0
116.0 120.0 20.0 10.0
86.0 130.0 20.0 10.0
119.0 86.0 20.0 10.0
49.0 131.0 20.0 10.0
45.0 58.0 20.0 10.0
121.0 106.0 20.0 10.0
116.0 111.0 20.0 10.0
124.0 137.0 20.0 10.0
98.0 133.0 20.0 10.0
43.0 134.0 20.0 10.0
134.0 80.0 20.0 10.0
102.0 38.0 20.0 10.0
107.0 140.0 20.0 10.0
39.0 85.0 20.0 10.0
84.0 152.0 20.0 10.0
124.0 122.0 20.0 10.0
145.0 83.0 20.0 10.0
131.0 63.0 20.0 10.0
134.0 75.0 20.0 10.0
136.0 58.0 20.0 10.0
25.0 102.0 20.0 10.0
44.0 74.0 20.0 10.0
60.0 52.0 20.0 10.0
127.0 89.0 20.0 10.0
45.0 47.0 20.0 10.0
139.0 72.0 20.0 10.0
139.0 79.0 20.0 10.0
25.0 76.0 20.0 10.0
60.0 44.0 20.0 10.0
28.0 35.0 20.0 10.0
83.0 45.0 20.0 10.0
48.0 111.0 20.0 10.0
54.0 108.0 20.0 10.0
72.0 139.0 20.0 10.0
92.0 42.0 20.0 10.0
54.0 43.0 20.0 10.0
81.0 34.0 20.0 10.0
68.0 122.0 20.0 10.0
58.0 141.0 20.0 10.0
27.0 97.0 20.0 10.0
50.0 61.0 20.0 10.0
63.0 97.0 20.0 10.0
33.0 56.0 20.0 10.0
38.0 90.0 20.0 10.0
106.0 43.0 20.0 10.0
130.0 107.0 20.0 10.0
58.0 137.0 20.0 10.0
133.0 115.0 20.0 10.0
138.0 68.0 20.0 10.0
102.0 40.0 20.0 10.0
94.0 52.0 20.0 10.0
112.0 132.0 20.0 10.0
46.0 62.0 20.0 10.0
44.0 96.0 20.0 10.0
149.0 55.0 20.0 10.0
