500
94.0 95.0 20.0 10.0
82.0 97.0 20.0 10.0
82.0 99.0 20.0 10.0
93.0 87.0 20.0 10.0
93.0 102.0 20.0 10.0
73.0 105.0 20.0 10.0
83.0 83.0 20.0 10.0
98.0 114.0 20.0 10.0
107.0 105.0 20.0 10.0
94.0 104.0 20.0 10.0
105.0 111.0 20.0 10.0
102.0 96.0 20.0 10.0
82.0 79.0 20.0 10.0
86.0 105.0 20.0 10.0
91.0 86.0 20.0 10.0
71.0 117.0 20.0 10.0
86.0 90.0 20.0 10.0
100.0 86.0 20.0 10.0
77.0 86.0 20.0 10.0
73.0 103.0 20.0 10.0
80.0 108.0 20.0 10.0
98.0 92.0 20.0 10.0
85.0 88.0 20.0 10.0
112.0 96.0 20.0 10.0
82.0 124.0 20.0 10.0
100.0 127.0 20.0 10.0
88.0 82.0 20.0 10.0
110.0 93.0 20.0 10.0
102.0 99.0 20.0 10.0
109.0 96.0 20.0 10.0
55.0 77.0 20.0 10.0
79.0 94.0 20.0 10.0
64.0 96.0 20.0 10.0
65.0 88.0 20.0 10.0
94.0 114.0 20.0 10.0
118.0 93.0 20.0 10.0
122.0 75.0 20.0 10.0
66.0 97.0 20.0 10.0
99.0 116.0 20.0 10.0
43.0 87.0 20.0 10.0
96.0 83.0 20.0 10.0
98.0 73.0 20.0 10.0
95.0 80.0 20.0 10.0
116.0 110.0 20.0 10.0
123.0 97.0 20.0 10.0
108.0 89.0 20.0 10.0
111.0 97.0 20.0 10.0
81.0 71.0 20.0 10.0
65.0 79.0 20.0 10.0
90.0 92.0 20.0 10.0
65.0 94.0 20.0 10.0
92.0 82.0 20.0 10.0
133.0 87.0 20.0 10.0
85.0 114.0 20.0 10.0
80.0 116.0 20.0 10.0
106.0 92.0 20.0 10.0
92.0 72.0 20.0 10.0
109.0 109.0 20.0 10.0
89.0 118.0 20.0 10.0
63.0 101.0 20.0 10.0
69.0 107.0 20.0 10.0
85.0 68.0 20.0 10.0
105.0 56.0 20.0 10.0
94.0 91.0 20.0 10.0
119.0 83.0 20.0 10.0
99.0 111.0 20.0 10.0
88.0 94.0 20.0 10.0
115.0 89.0 20.0 10.0
86.0 126.0 20.0 10.0
104.0 91.0 20.0 10.0
55.0 89.0 20.0 10.0
121.0 85.0 20.0 10.0
104.0 127.0 20.0 10.0
114.0 78.0 20.0 10.0
97.0 126.0 20.0 10.0
91.0 75.0 20.0 10.0
88.0 124.0 20.0 10.0
111.0 105.0 20.0 10.0
82.0 86.0 20.0 10.0
85.0 101.0 20.0 10.0
77.0 96.0 20.0 10.0
71.0 89.0 20.0 10.0
139.0 91.0 20.0 10.0
70.0 59.0 20.0 10.0
111.0 78.0 20.0 10.0
64.0 114.0 20.0 10.0
100.0 76.0 20.0 10.0
96.0 129.0 20.0 10.0
88.0 120.0 20.0 10.0
113.0 118.0 20.0 10.0
130.0 104.0 20.0 10.0
94.0 50.0 20.0 10.0
101.0 114.0 20.0 10.0
56.0 100.0 20.0 10.0
75.0 108.0 20.0 10.0
83.0 114.0 20.0 10.0
110.0 122.0 20.0 10.0
100.0 93.0 20.0 10.0
93.0 129.0 20.0 10.0
122.0 104.0 20.0 10.0
82.0 121.0 20.0 10.0
112.0 125.0 20.0 10.0
117.0 107.0 20.0 10.0
91.0 115.0 20.0 10.0
128.0 99.0 20.0 10.0
58.0 67.0 20.0 10.0
108.0 68.0 20.0 10.0
73.0 82.0 20.0 10.0
78.0 118.0 20.0 10.0
71.0 86.0 20.0 10.0
92.0 119.0 20.0 10.0
70.0 124.0 20.0 10.0
84.0 133.0 20.0 10.0
106.0 108.0 20.0 10.0
69.0 51.0 20.0 10.0
94.0 59.0 20.0 10.0
48.0 118.0 20.0 10.0
107.0 77.0 20.0 10.0
61.0 90.0 20.0 10.0
52.0 75.0 20.0 10.0
81.0 77.0 20.0 10.0
76.0 97.0 20.0 10.0
104.0 122.0 20.0 10.0
65.0 70.0 20.0 10.0
108.0 79.0 20.0 10.0
129.0 126.0 20.0 10.0
89.0 50.0 20.0 10.0
93.0 77.0 20.0 10.0
122.0 107.0 20.0 10.0
124.0 103.0 20.0 10.0
118.0 104.0 20.0 10.0
95.0 103.0 20.0 10.0
136.0 101.0 20.0 10.0
73.0 111.0 20.0 10.0
48.0 63.0 20.0 10.0
96.0 57.0 20.0 10.0
113.0 90.0 20.0 10.0
86.0 86.0 20.0 10.0
96.0 152.0 20.0 10.0
118.0 137.0 20.0 10.0
64.0 53.0 20.0 10.0
77.0 113.0 20.0 10.0
70.0 137.0 20.0 10.0
107.0 61.0 20.0 10.0
76.0 84.0 20.0 10.0
105.0 130.0 20.0 10.0
82.0 59.0 20.0 10.0
64.0 83.0 20.0 10.0
75.0 124.0 20.0 10.0
104.0 65.0 20.0 10.0
64.0 104.0 20.0 10.0
91.0 142.0 20.0 10.0
49.0 78.0 20.0 10.0
127.0 77.0 20.0 10.0
53.0 108.0 20.0 10.0
97.0 135.0 20.0 10.0
103.0 53.0 20.0 10.0
64.0 65.0 20.0 10.0
100.0 107.0 20.0 10.0
75.0 67.0 20.0 10.0
76.0 79.0 20.0 10.0
99.0 122.0 20.0 10.0
74.0 122.0 20.0 10.0
143.0 82.0 20.0 10.0
116.0 81.0 20.0 10.0
97.0 67.0 20.0 10.0
141.0 119.0 20.0 10.0
68.0 80.0 20.0 10.0
70.0 115.0 20.0 10.0
115.0 140.0 20.0 10.0
119.0 114.0 20.0 10.0
135.0 91.0 20.0 10.0
91.0 98.0 20.0 10.0
98.0 55.0 20.0 10.0
89.0 62.0 20.0 10.0
111.0 114.0 20.0 10.0
74.0 117.0 20.0 10.0
85.0 76.0 20.0 10.0
51.0 114.0 20.0 10.0
108.0 114.0 20.0 10.0
73.0 73.0 20.0 10.0
84.0 109.0 20.0 10.0
81.0 63.0 20.0 10.0
73.0 107.0 20.0 10.0
85.0 52.0 20.0 10.0
111.0 68.0 20.0 10.0
122.0 89.0 20.0 10.0
58.0 87.0 20.0 10.0
98.0 105.0 20.0 10.0
101.0 145.0 20.0 10.0
94.0 108.0 20.0 10.0
46.0 98.0 20.0 10.0
111.0 60.0 20.0 10.0
115.0 128.0 20.0 10.0
57.0 65.0 20.0 10.0
88.0 73.0 20.0 10.0
114.0 145.0 20.0 10.0
67.0 126.0 20.0 10.0
118.0 86.0 20.0 10.0
120.0 131.0 20.0 10.0
144.0 89.0 20.0 10.0
74.0 155.0 20.0 10.0
70.0 129.0 20.0 10.0
116.0 96.0 20.0 10.0
105.0 81.0 20.0 10.0
84.0 42.0 20.0 10.0
104.0 93.0 20.0 10.0
36.0 87.0 20.0 10.0
139.0 68.0 20.0 10.0
30.0 90.0 20.0 10.0
79.0 49.0 20.0 10.0
62.0 112.0 20.0 10.0
120.0 89.0 20.0 10.0
89.0 128.0 20.0 10.0
78.0 73.0 20.0 10.0
64.0 60.0 20.0 10.0
39.0 85.0 20.0 10.0
122.0 64.0 20.0 10.0
90.0 60.0 20.0 10.0
141.0 63.0 20.0 10.0
113.0 41.0 20.0 10.0
123.0 118.0 20.0 10.0
55.0 126.0 20.0 10.0
53.0 52.0 20.0 10.0
138.0 99.0 20.0 10.0
66.0 90.0 20.0 10.0
41.0 112.0 20.0 10.0
101.0 126.0 20.0 10.0
149.0 83.0 20.0 10.0
71.0 134.0 20.0 10.0
124.0 58.0 20.0 10.0
125.0 71.0 20.0 10.0
119.0 122.0 20.0 10.0
60.0 99.0 20.0 10.0
51.0 129.0 20.0 10.0
80.0 126.0 20.0 10.0
122.0 124.0 20.0 10.0
105.0 102.0 20.0 10.0
108.0 133.0 20.0 10.0
107.0 63.0 20.0 10.0
128.0 134.0 20.0 10.0
142.0 113.0 20.0 10.0
73.0 54.0 20.0 10.0
68.0 145.0 20.0 10.0
40.0 60.0 20.0 10.0
118.0 129.0 20.0 10.0
122.0 82.0 20.0 10.0
132.0 111.0 20.0 10.0
63.0 93.0 20.0 10.0
88.0 56.0 20.0 10.0
60.0 83.0 20.0 10.0
138.0 72.0 20.0 10.0
107.0 57.0 20.0 10.0
129.0 96.0 20.0 10.0
72.0 62.0 20.0 10.0
129.0 145.0 20.0 10.0
58.0 93.0 20.0 10.0
132.0 118.0 20.0 10.0
141.0 116.0 20.0 10.0
121.0 120.0 20.0 10.0
66.0 134.0 20.0 10.0
94.0 69.0 20.0 10.0
46.0 95.0 20.0 10.0
104.0 72.0 20.0 10.0
77.0 141.0 20.0 10.0
136.0 117.0 20.0 10.0
71.0 69.0 20.0 10.0
66.0 106.0 20.0 10.0
88.0 70.0 20.0 10.0
129.0 89.0 20.0 10.0
103.0 159.0 20.0 10.0
52.0 97.0 20.0 10.0
136.0 136.0 20.0 10.0
95.0 116.0 20.0 10.0
118.0 125.0 20.0 10.0
47.0 69.0 20.0 10.0
64.0 109.0 20.0 10.0
124.0 78.0 20.0 10.0
132.0 94.0 20.0 10.0
43.0 123.0 20.0 10.0
110.0 141.0 20.0 10.0
44.0 61.0 20.0 10.0
126.0 51.0 20.0 10.0
111.0 43.0 20.0 10.0
50.0 83.0 20.0 10.0
75.0 63.0 20.0 10.0
38.0 109.0 20.0 10.0
77.0 133.0 20.0 10.0
56.0 92.0 20.0 10.0
105.0 119.0 20.0 10.0
101.0 139.0 20.0 10.0
113.0 99.0 20.0 10.0
61.0 77.0 20.0 10.0
109.0 71.0 20.0 10.0
94.0 142.0 20.0 10.0
114.0 107.0 20.0 10.0
61.0 55.0 20.0 10.0
122.0 128.0 20.0 10.0
96.0 77.0 20.0 10.0
65.0 75.0 20.0 10.0
90.0 132.0 20.0 10.0
64.0 120.0 20.0 10.0
86.0 79.0 20.0 10.0
121.0 70.0 20.0 10.0
102.0 78.0 20.0 10.0
111.0 85.0 20.0 10.0
142.0 125.0 20.0 10.0
66.0 48.0 20.0 10.0
53.0 138.0 20.0 10.0
90.0 108.0 20.0 10.0
103.0 148.0 20.0 10.0
90.0 28.0 20.0 10.0
136.0 105.0 20.0 10.0
123.0 154.0 20.0 10.0
149.0 124.0 20.0 10.0
25.0 90.0 20.0 10.0
113.0 49.0 20.0 10.0
41.0 103.0 20.0 10.0
131.0 151.0 20.0 10.0
133.0 132.0 20.0 10.0
92.0 136.0 20.0 10.0
79.0 53.0 20.0 10.0
149.0 117.0 20.0 10.0
117.0 135.0 20.0 10.0
80.0 147.0 20.0 10.0
138.0 120.0 20.0 10.0
122.0 72.0 20.0 10.0
58.0 104.0 20.0 10.0
69.0 132.0 20.0 10.0
42.0 82.0 20.0 10.0
123.0 111.0 20.0 10.0
83.0 127.0 20.0 10.0
49.0 101.0 20.0 10.0
129.0 80.0 20.0 10.0
42.0 72.0 20.0 10.0
137.0 85.0 20.0 10.0
96.0 124.0 20.0 10.0
103.0 51.0 20.0 10.0
40.0 68.0 20.0 10.0
46.0 89.0 20.0 10.0
126.0 86.0 20.0 10.0
136.0 114.0 20.0 10.0
87.0 148.0 20.0 10.0
66.0 139.0 20.0 10.0
99.0 62.0 20.0 10.0
131.0 69.0 20.0 10.0
52.0 91.0 20.0 10.0
70.0 65.0 20.0 10.0
140.0 85.0 20.0 10.0
127.0 142.0 20.0 10.0
147.0 108.0 20.0 10.0
88.0 167.0 20.0 10.0
114.0 135.0 20.0 10.0
140.0 111.0 20.0 10.0
127.0 138.0 20.0 10.0
87.0 160.0 20.0 10.0
55.0 112.0 20.0 10.0
50.0 131.0 20.0 10.0
60.0 135.0 20.0 10.0
103.0 152.0 20.0 10.0
70.0 99.0 20.0 10.0
114.0 65.0 20.0 10.0
104.0 136.0 20.0 10.0
133.0 126.0 20.0 10.0
68.0 121.0 20.0 10.0
112.0 147.0 20.0 10.0
87.0 135.0 20.0 10.0
71.0 38.0 20.0 10.0
121.0 58.0 20.0 10.0
53.0 60.0 20.0 10.0
154.0 114.0 20.0 10.0
139.0 149.0 20.0 10.0
97.0 38.0 20.0 10.0
116.0 61.0 20.0 10.0
138.0 78.0 20.0 10.0
40.0 120.0 20.0 10.0
122.0 54.0 20.0 10.0
125.0 128.0 20.0 10.0
156.0 87.0 20.0 10.0
118.0 57.0 20.0 10.0
80.0 139.0 20.0 10.0
48.0 55.0 20.0 10.0
147.0 133.0 20.0 10.0
36.0 124.0 20.0 10.0
64.0 132.0 20.0 10.0
102.0 71.0 20.0 10.0
163.0 83.0 20.0 10.0
143.0 77.0 20.0 10.0
86.0 140.0 20.0 10.0
75.0 60.0 20.0 10.0
135.0 89.0 20.0 10.0
59.0 65.0 20.0 10.0
119.0 72.0 20.0 10.0
151.0 104.0 20.0 10.0
114.0 56.0 20.0 10.0
118.0 76.0 20.0 10.0
101.0 65.0 20.0 10.0
67.0 93.0 20.0 10.0
67.0 86.0 20.0 10.0
134.0 81.0 20.0 10.0
56.0 53.0 20.0 10.0
84.0 152.0 20.0 10.0
98.0 146.0 20.0 10.0
68.0 147.0 20.0 10.0
143.0 101.0 20.0 10.0
48.0 108.0 20.0 10.0
129.0 75.0 20.0 10.0
135.0 56.0 20.0 10.0
143.0 70.0 20.0 10.0
77.0 146.0 20.0 10.0
78.0 60.0 20.0 10.0
109.0 149.0 20.0 10.0
146.0 98.0 20.0 10.0
150.0 99.0 20.0 10.0
74.0 52.0 20.0 10.0
112.0 47.0 20.0 10.0
44.0 78.0 20.0 10.0
146.0 93.0 20.0 10.0
71.0 140.0 20.0 10.0
78.0 153.0 20.0 10.0
65.0 55.0 20.0 10.0
132.0 98.0 20.0 10.0
167.0 71.0 20.0 10.0
99.0 149.0 20.0 10.0
48.0 105.0 20.0 10.0
124.0 150.0 20.0 10.0
104.0 116.0 20.0 10.0
62.0 123.0 20.0 10.0
57.0 71.0 20.0 10.0
91.0 147.0 20.0 10.0
132.0 139.0 20.0 10.0
57.0 78.0 20.0 10.0
130.0 48.0 20.0 10.0
30.0 85.0 20.0 10.0
137.0 62.0 20.0 10.0
75.0 46.0 20.0 10.0
89.0 64.0 20.0 10.0
74.0 136.0 20.0 10.0
66.0 117.0 20.0 10.0
58.0 121.0 20.0 10.0
91.0 54.0 20.0 10.0
131.0 106.0 20.0 10.0
46.0 103.0 20.0 10.0
105.0 31.0 20.0 10.0
80.0 41.0 20.0 10.0
97.0 138.0 20.0 10.0
41.0 93.0 20.0 10.0
129.0 56.0 20.0 10.0
78.0 45.0 20.0 10.0
116.0 36.0 20.0 10.0
100.0 56.0 20.0 10.0
54.0 134.0 20.0 10.0
65.0 125.0 20.0 10.0
117.0 50.0 20.0 10.0
36.0 131.0 20.0 10.0
108.0 140.0 20.0 10.0
57.0 82.0 20.0 10.0
108.0 31.0 20.0 10.0
124.0 93.0 20.0 10.0
34.0 106.0 20.0 10.0
88.0 153.0 20.0 10.0
97.0 52.0 20.0 10.0
60.0 60.0 20.0 10.0
79.0 101.0 20.0 10.0
104.0 46.0 20.0 10.0
114.0 72.0 20.0 10.0
58.0 132.0 20.0 10.0
89.0 42.0 20.0 10.0
119.0 164.0 20.0 10.0
150.0 107.0 20.0 10.0
45.0 93.0 20.0 10.0
52.0 122.0 20.0 10.0
107.0 44.0 20.0 10.0
30.0 113.0 20.0 10.0
62.0 163.0 20.0 10.0
40.0 98.0 20.0 10.0
83.0 143.0 20.0 10.0
130.0 123.0 20.0 10.0
113.0 160.0 20.0 10.0
49.0 73.0 20.0 10.0
118.0 67.0 20.0 10.0
95.0 45.0 20.0 10.0
74.0 131.0 20.0 10.0
140.0 139.0 20.0 10.0
44.0 115.0 20.0 10.0
123.0 143.0 20.0 10.0
41.0 140.0 20.0 10.0
120.0 25.0 20.0 10.0
58.0 124.0 20.0 10.0
135.0 75.0 20.0 10.0
89.0 142.0 20.0 10.0
59.0 137.0 20.0 10.0
77.0 130.0 20.0 10.0
156.0 93.0 20.0 10.0
129.0 64.0 20.0 10.0
138.0 108.0 20.0 10.0
53.0 106.0 20.0 10.0
66.0 141.0 20.0 10.0
37.0 153.0 20.0 10.0
47.0 67.0 20.0 10.0
