500
81.0 100.0 20.0 10.0
79.0 76.0 20.0 10.0
77.0 94.0 20.0 10.0
78.0 88.0 20.0 10.0
91.0 94.0 20.0 10.0
94.0 100.0 20.0 10.0
85.0 95.0 20.0 10.0
100.0 98.0 20.0 10.0
83.0 91.0 20.0 10.0
87.0 90.0 20.0 10.0
72.0 95.0 20.0 10.0
60.0 96.0 20.0 10.0
82.0 108.0 20.0 10.0
82.0 106.0 20.0 10.0
91.0 99.0 20.0 10.0
89.0 84.0 20.0 10.0
82.0 80.0 20.0 10.0
94.0 94.0 20.0 10.0
97.0 111.0 20.0 10.0
76.0 84.0 20.0 10.0
89.0 112.0 20.0 10.0
93.0 103.0 20.0 10.0
100.0 85.0 20.0 10.0
81.0 119.0 20.0 10.0
96.0 104.0 20.0 10.0
68.0 78.0 20.0 10.0
70.0 98.0 20.0 10.0
70.0 101.0 20.0 10.0
82.0 70.0 20.0 10.0
107.0 110.0 20.0 10.0
99.0 89.0 20.0 10.0
98.0 76.0 20.0 10.0
75.0 74.0 20.0 10.0
91.0 79.0 20.0 10.0
77.0 100.0 20.0 10.0
92.0 57.0 20.0 10.0
98.0 72.0 20.0 10.0
65.0 75.0 20.0 10.0
107.0 98.0 20.0 10.0
85.0 88.0 20.0 10.0
79.0 79.0 20.0 10.0
56.0 100.0 20.0 10.0
85.0 71.0 20.0 10.0
119.0 62.0 20.0 10.0
63.0 62.0 20.0 10.0
114.0 106.0 20.0 10.0
70.0 106.0 20.0 10.0
90.0 90.0 20.0 10.0
76.0 88.0 20.0 10.0
101.0 104.0 20.0 10.0
71.0 75.0 20.0 10.0
105.0 70.0 20.0 10.0
73.0 63.0 20.0 10.0
62.0 74.0 20.0 10.0
84.0 74.0 20.0 10.0
100.0 76.0 20.0 10.0
56.0 103.0 20.0 10.0
95.0 86.0 20.0 10.0
80.0 104.0 20.0 10.0
75.0 115.0 20.0 10.0
75.0 95.0 20.0 10.0
104.0 77.0 20.0 10.0
80.0 70.0 20.0 10.0
62.0 103.0 20.0 10.0
74.0 77.0 20.0 10.0
65.0 69.0 20.0 10.0
66.0 114.0 20.0 10.0
104.0 98.0 20.0 10.0
103.0 65.0 20.0 10.0
60.0 112.0 20.0 10.0
87.0 96.0 20.0 10.0
101.0 114.0 20.0 10.0
111.0 75.0 20.0 10.0
84.0 105.0 20.0 10.0
93.0 88.0 20.0 10.0
111.0 78.0 20.0 10.0
110.0 88.0 20.0 10.0
109.0 103.0 20.0 10.0
90.0 73.0 20.0 10.0
116.0 126.0 20.0 10.0
84.0 98.0 20.0 10.0
64.0 97.0 20.0 10.0
104.0 83.0 20.0 10.0
117.0 100.0 20.0 10.0
103.0 61.0 20.0 10.0
65.0 117.0 20.0 10.0
87.0 68.0 20.0 10.0
65.0 65.0 20.0 10.0
107.0 73.0 20.0 10.0
100.0 93.0 20.0 10.0
93.0 83.0 20.0 10.0
74.0 61.0 20.0 10.0
51.0 125.0 20.0 10.0
84.0 122.0 20.0 10.0
104.0 110.0 20.0 10.0
70.0 85.0 20.0 10.0
113.0 90.0 20.0 10.0
101.0999984741211 104.0 20.0 10.0
84.0 125.0 20.0 10.0
81.0 123.0 20.0 10.0
100.0 101.0 20.0 10.0
112.0 103.0 20.0 10.0
102.0 139.0 20.0 10.0
129.0 80.0 20.0 10.0
50.0 120.0 20.0 10.0
87.0 103.0 20.0 10.0
72.0 84.0 20.0 10.0
107.0 94.0 20.0 10.0
50.0 87.0 20.0 10.0
77.0 113.0 20.0 10.0
108.0 123.0 20.0 10.0
92.0 39.0 20.0 10.0
102.0 111.0 20.0 10.0
68.0 112.0 20.0 10.0
71.0 103.0 20.0 10.0
102.0 69.0 20.0 10.0
118.0 84.0 20.0 10.0
117.0 121.0 20.0 10.0
73.0 91.0 20.0 10.0
88.0 61.0 20.0 10.0
80.0 96.0 20.0 10.0
53.0 93.0 20.0 10.0
43.0 114.0 20.0 10.0
95.0 89.0 20.0 10.0
70.0 68.0 20.0 10.0
110.0 94.0 20.0 10.0
65.0 87.0 20.0 10.0
108.0 75.0 20.0 10.0
74.0 129.0 20.0 10.0
81.0 77.0 20.0 10.0
82.0 63.0 20.0 10.0
72.0 82.0 20.0 10.0
97.0 85.0 20.0 10.0
78.0 104.0 20.0 10.0
97.0 99.0 20.0 10.0
109.0 79.0 20.0 10.0
65.0 83.0 20.0 10.0
110.0 84.0 20.0 10.0
69.0 119.0 20.0 10.0
126.0 73.0 20.0 10.0
63.0 57.0 20.0 10.0
74.0 120.0 20.0 10.0
110.0 60.0 20.0 10.0
52.0 82.0 20.0 10.0
69.0 90.0 20.0 10.0
87.0 74.0 20.0 10.0
65.0 121.0 20.0 10.0
103.0 119.0 20.0 10.0
43.0 76.0 20.0 10.0
85.0 80.0 20.0 10.0
115.0 58.0 20.0 10.0
115.0 82.0 20.0 10.0
73.0 135.0 20.0 10.0
45.0 52.0 20.0 10.0
63.0 48.0 20.0 10.0
69.0 128.0 20.0 10.0
134.0 88.0 20.0 10.0
90.0 70.0 20.0 10.0
81.0 137.0 20.0 10.0
104.0 91.0 20.0 10.0
90.0 102.0 20.0 10.0
113.0 97.0 20.0 10.0
87.0 118.0 20.0 10.0
112.0 125.0 20.0 10.0
114.0 84.0 20.0 10.0
135.0 92.0 20.0 10.0
126.0 86.0 20.0 10.0
96.0 78.0 20.0 10.0
60.0 98.0 20.0 10.0
113.0 113.0 20.0 10.0
122.0 90.0 20.0 10.0
117.0 108.0 20.0 10.0
77.0 121.0 20.0 10.0
125.0 96.0 20.0 10.0
44.0 108.0 20.0 10.0
128.0 74.0 20.0 10.0
96.0 58.0 20.0 10.0
62.0 93.0 20.0 10.0
96.0 109.0 20.0 10.0
100.0 122.0 20.0 10.0
95.0 63.0 20.0 10.0
82.0 89.0 20.0 10.0
120.0 74.0 20.0 10.0
41.0 87.0 20.0 10.0
96.0 122.0 20.0 10.0
120.0 71.0 20.0 10.0
84.0 61.0 20.0 10.0
56.0 120.0 20.0 10.0
144.0 104.0 20.0 10.0
137.0 78.0 20.0 10.0
68.0 50.0 20.0 10.0
78.0 126.0 20.0 10.0
68.0 67.0 20.0 10.0
124.0 107.0 20.0 10.0
55.0 109.0 20.0 10.0
135.0 71.0 20.0 10.0
45.0 74.0 20.0 10.0
106.0 85.0 20.0 10.0
35.0 103.0 20.0 10.0
67.0 58.0 20.0 10.0
92.0 109.0 20.0 10.0
112.0 48.0 20.0 10.0
56.0 59.0 20.0 10.0
84.0 147.0 20.0 10.0
96.0 128.0 20.0 10.0
58.0 68.0 20.0 10.0
37.0 69.0 20.0 10.0
81.0 127.0 20.0 10.0
72.0 66.0 20.0 10.0
121.0 80.0 20.0 10.0
104.0 51.0 20.0 10.0
57.0 83.0 20.0 10.0
79.0 42.0 20.0 10.0
110.0 54.0 20.0 10.0
53.0 69.0 20.0 10.0
53.0 87.0 20.0 10.0
134.0 93.0 20.0 10.0
42.0 81.0 20.0 10.0
52.0 116.0 20.0 10.0
45.0 79.0 20.0 10.0
126.0 79.0 20.0 10.0
53.0 96.0 20.0 10.0
43.0 103.0 20.0 10.0
92.0 49.0 20.0 10.0
115.0 68.0 20.0 10.0
133.0 84.0 20.0 10.0
113.0 64.0 20.0 10.0
145.0 79.0 20.0 10.0
113.0 100.0 20.0 10.0
40.0 102.0 20.0 10.0
91.0 123.0 20.0 10.0
93.0 52.0 20.0 10.0
128.0 96.0 20.0 10.0
129.0 93.0 20.0 10.0
99.0 137.0 20.0 10.0
122.0 61.0 20.0 10.0
98.0 128.0 20.0 10.0
74.0 71.0 20.0 10.0
48.0 65.0 20.0 10.0
67.0 37.0 20.0 10.0
128.0 99.0 20.0 10.0
109.0 65.0 20.0 10.0
66.0 102.0 20.0 10.0
61.0 124.0 20.0 10.0
63.0 128.0 20.0 10.0
81.0 53.0 20.0 10.0
92.0 120.0 20.0 10.0
78.0 63.0 20.0 10.0
97.0 140.0 20.0 10.0
87.0 77.0 20.0 10.0
84.0 48.0 20.0 10.0
137.0 107.0 20.0 10.0
58.0 61.0 20.0 10.0
71.0 115.0 20.0 10.0
68.0 75.0 20.0 10.0
39.0 121.0 20.0 10.0
58.0 88.0 20.0 10.0
96.0 51.0 20.0 10.0
64.0 141.0 20.0 10.0
114.0 137.0 20.0 10.0
53.0 121.0 20.0 10.0
128.0 57.0 20.0 10.0
63.0 108.0 20.0 10.0
57.0 72.0 20.0 10.0
123.0 91.0 20.0 10.0
44.0 116.0 20.0 10.0
132.0 80.0 20.0 10.0
45.0 128.0 20.0 10.0
80.0 59.0 20.0 10.0
61.0 88.0 20.0 10.0
126.0 83.0 20.0 10.0
70.0 45.0 20.0 10.0
143.0 91.0 20.0 10.0
148.0 96.0 20.0 10.0
122.0 55.0 20.0 10.0
142.0 100.0 20.0 10.0
55.0 76.0 20.0 10.0
136.0 60.0 20.0 10.0
81.0 131.0 20.0 10.0
131.0 69.0 20.0 10.0
54.0 114.0 20.0 10.0
64.0 82.0 20.0 10.0
106.0 63.0 20.0 10.0
55.0 99.0 20.0 10.0
122.0 131.0 20.0 10.0
117.0 88.0 20.0 10.0
107.0 49.0 20.0 10.0
117.0 67.0 20.0 10.0
46.0 105.0 20.0 10.0
68.0 42.0 20.0 10.0
75.0 109.0 20.0 10.0
108.0 128.0 20.0 10.0
72.0 41.0 20.0 10.0
109.0 116.0 20.0 10.0
103.0 72.0 20.0 10.0
125.0 122.0 20.0 10.0
41.0 94.0 20.0 10.0
61.0 82.0 20.0 10.0
63.0 132.0 20.0 10.0
89.0 67.0 20.0 10.0
116.0 78.0 20.0 10.0
37.0 96.0 20.0 10.0
78.0 74.0 20.0 10.0
32.0 91.0 20.0 10.0
69.0 61.0 20.0 10.0
38.0 107.0 20.0 10.0
48.0 111.0 20.0 10.0
59.0 107.0 20.0 10.0
47.0 95.0 20.0 10.0
60.0 49.0 20.0 10.0
123.0 117.0 20.0 10.0
58.0 56.0 20.0 10.0
125.0 103.0 20.0 10.0
40.0 56.0 20.0 10.0
90.0 130.0 20.0 10.0
134.0 82.0 20.0 10.0
94.0 125.0 20.0 10.0
48.0 71.0 20.0 10.0
122.0 113.0 20.0 10.0
123.0 108.0 20.0 10.0
135.0 103.0 20.0 10.0
110.0 109.0 20.0 10.0
97.0 69.0 20.0 10.0
86.0 111.0 20.0 10.0
54.0 116.0 20.0 10.0
35.0 92.0 20.0 10.0
88.0 137.0 20.0 10.0
101.0 80.0 20.0 10.0
105.0 113.0 20.0 10.0
62.0 78.0 20.0 10.0
95.0 118.0 20.0 10.0
59.0 119.0 20.0 10.0
128.0 51.0 20.0 10.0
41.0 89.0 20.0 10.0
46.0 91.0 20.0 10.0
84.0 116.0 20.0 10.0
66.0 54.0 20.0 10.0
108.0 90.0 20.0 10.0
82.0 37.0 20.0 10.0
44.0 98.0 20.0 10.0
112.0 121.0 20.0 10.0
105.0 56.0 20.0 10.0
71.0 71.0 20.0 10.0
129.0 120.0 20.0 10.0
91.0 142.0 20.0 10.0
39.0 74.0 20.0 10.0
88.0 44.0 20.0 10.0
126.0 142.0 20.0 10.0
95.0 145.0 20.0 10.0
133.0 109.0 20.0 10.0
53.0 133.0 20.0 10.0
27.0 118.0 20.0 10.0
98.0 64.0 20.0 10.0
90.0 147.0 20.0 10.0
88.0 129.0 20.0 10.0
114.0 72.0 20.0 10.0
52.0 108.0 20.0 10.0
88.0 47.0 20.0 10.0
33.0 76.0 20.0 10.0
56.0 130.0 20.0 10.0
121.0 118.0 20.0 10.0
47.0 139.0 20.0 10.0
57.0 65.0 20.0 10.0
83.0 141.0 20.0 10.0
45.0 120.0 20.0 10.0
70.0 154.0 20.0 10.0
112.0 61.0 20.0 10.0
96.0 91.0 20.0 10.0
29.0 97.0 20.0 10.0
37.0 66.0 20.0 10.0
95.0 138.0 20.0 10.0
136.0 113.0 20.0 10.0
105.0 139.0 20.0 10.0
87.0 57.0 20.0 10.0
70.0 136.0 20.0 10.0
45.0 67.0 20.0 10.0
74.0 144.0 20.0 10.0
133.0 41.0 20.0 10.0
67.0 126.0 20.0 10.0
140.0 78.0 20.0 10.0
122.0 103.0 20.0 10.0
48.0 88.0 20.0 10.0
86.0 38.0 20.0 10.0
111.0 36.0 20.0 10.0
107.0 136.0 20.0 10.0
78.0 140.0 20.0 10.0
56.0 127.0 20.0 10.0
62.0 36.0 20.0 10.0
29.0 86.0 20.0 10.0
104.0 38.0 20.0 10.0
88.0 49.0 20.0 10.0
139.0 102.0 20.0 10.0
81.0 134.0 20.0 10.0
25.0 76.0 20.0 10.0
63.0 60.0 20.0 10.0
32.0 113.0 20.0 10.0
132.0 124.0 20.0 10.0
136.0 122.0 20.0 10.0
53.0 61.0 20.0 10.0
66.0 137.0 20.0 10.0
51.0 101.0 20.0 10.0
75.0 138.0 20.0 10.0
74.0 37.0 20.0 10.0
60.0 51.0 20.0 10.0
93.0 45.0 20.0 10.0
50.0 54.0 20.0 10.0
29.0 79.0 20.0 10.0
35.0 73.0 20.0 10.0
148.0 65.0 20.0 10.0
76.0 132.0 20.0 10.0
41.0 42.0 20.0 10.0
55.0 80.0 20.0 10.0
78.0 146.0 20.0 10.0
61.0 138.0 20.0 10.0
54.0 136.0 20.0 10.0
88.0 139.0 20.0 10.0
117.0 59.0 20.0 10.0
128.0 89.0 20.0 10.0
123.0 135.0 20.0 10.0
97.0 36.0 20.0 10.0
36.0 78.0 20.0 10.0
63.0 114.0 20.0 10.0
51.0 85.0 20.0 10.0
113.0 111.0 20.0 10.0
42.0 63.0 20.0 10.0
92.0 133.0 20.0 10.0
99.0 52.0 20.0 10.0
35.0 87.0 20.0 10.0
131.0 115.0 20.0 10.0
51.0 74.0 20.0 10.0
57.0 122.0 20.0 10.0
98.0 147.0 20.0 10.0
49.0 80.0 20.0 10.0
127.0 66.0 20.0 10.0
85.0 25.0 20.0 10.0
109.0 35.0 20.0 10.0
75.0 47.0 20.0 10.0
120.0 127.0 20.0 10.0
132.0 90.0 20.0 10.0
47.0 57.0 20.0 10.0
84.0 131.0 20.0 10.0
109.0 28.0 20.0 10.0
46.0 48.0 20.0 10.0
102.0 48.0 20.0 10.0
98.0 44.0 20.0 10.0
80.0 28.0 20.0 10.0
56.0 40.0 20.0 10.0
135.0 117.0 20.0 10.0
29.0 67.0 20.0 10.0
118.0 96.0 20.0 10.0
49.0 48.0 20.0 10.0
129.0 131.0 20.0 10.0
80.0 39.0 20.0 10.0
68.0 31.0 20.0 10.0
88.0 125.0 20.0 10.0
78.0 54.0 20.0 10.0
59.0 141.0 20.0 10.0
49.0 128.0 20.0 10.0
68.0 142.0 20.0 10.0
44.0 60.0 20.0 10.0
36.0 81.0 20.0 10.0
73.0 49.0 20.0 10.0
120.0 142.0 20.0 10.0
37.0 60.0 20.0 10.0
115.0 135.0 20.0 10.0
105.0 132.0 20.0 10.0
89.0 52.0 20.0 10.0
117.0 51.0 20.0 10.0
130.0 104.0 20.0 10.0
120.0 112.0 20.0 10.0
115.0 118.0 20.0 10.0
71.0 48.0 20.0 10.0
49.0 93.0 20.0 10.0
42.0 125.0 20.0 10.0
135.0 74.0 20.0 10.0
119.0 104.0 20.0 10.0
128.0 112.0 20.0 10.0
28.0 106.0 20.0 10.0
84.0 46.0 20.0 10.0
70.0 109.0 20.0 10.0
111.0 142.0 20.0 10.0
155.0 81.0 20.0 10.0
48.0 114.0 20.0 10.0
57.0 94.0 20.0 10.0
56.0 46.0 20.0 10.0
106.0 118.0 20.0 10.0
25.0 86.0 20.0 10.0
110.0 136.0 20.0 10.0
118.0 48.0 20.0 10.0
101.0 129.0 20.0 10.0
49.0 149.0 20.0 10.0
39.0 110.0 20.0 10.0
121.0 66.0 20.0 10.0
101.0 58.0 20.0 10.0
150.0 89.0 20.0 10.0
70.0 138.0 20.0 10.0
103.0 123.0 20.0 10.0
68.0 146.0 20.0 10.0
126.0 69.0 20.0 10.0
49.0 139.0 20.0 10.0
