500
88.0 85.0 20.0 10.0
75.0 93.0 20.0 10.0
87.0 85.0 20.0 10.0
85.0 81.0 20.0 10.0
90.0 96.0 20.0 10.0
87.0 77.0 20.0 10.0
90.0 73.0 20.0 10.0
102.0 84.0 20.0 10.0
76.0 64.0 20.0 10.0
93.0 107.0 20.0 10.0
92.0 83.0 20.0 10.0
104.0 74.0 20.0 10.0
100.0 80.0 20.0 10.0
85.0 83.0 20.0 10.0
89.0 96.0 20.0 10.0
83.0 79.0 20.0 10.0
100.0 74.0 20.0 10.0
80.0 110.0 20.0 10.0
73.0 80.0 20.0 10.0
91.0 85.0 20.0 10.0
102.0 80.0 20.0 10.0
95.0 79.0 20.0 10.0
90.0 91.0 20.0 10.0
61.0 86.0 20.0 10.0
79.0 104.0 20.0 10.0
64.0 103.0 20.0 10.0
93.0 91.0 20.0 10.0
112.0 115.0 20.0 10.0
67.0 87.0 20.0 10.0
78.0 88.0 20.0 10.0
110.0 82.0 20.0 10.0
78.0 59.0 20.0 10.0
77.0 78.0 20.0 10.0
98.0 79.0 20.0 10.0
76.0 70.0 20.0 10.0
94.0 89.0 20.0 10.0
79.0 81.0 20.0 10.0
83.0 90.0 20.0 10.0
85.0 99.0 20.0 10.0
70.0 88.0 20.0 10.0
106.0 86.0 20.0 10.0
117.0 57.0 20.0 10.0
63.0 64.0 20.0 10.0
100.0 108.0 20.0 10.0
90.0 70.0 20.0 10.0
63.0 72.0 20.0 10.0
62.0 98.0 20.0 10.0
103.0 88.0 20.0 10.0
70.0 74.0 20.0 10.0
80.0 114.0 20.0 10.0
63.0 106.0 20.0 10.0
86.0 90.0 20.0 10.0
109.0 62.0 20.0 10.0
73.0 111.0 20.0 10.0
94.0 91.0 20.0 10.0
85.0 63.0 20.0 10.0
77.0 85.0 20.0 10.0
98.0 101.0 20.0 10.0
109.0 71.0 20.0 10.0
82.0 69.0 20.0 10.0
90.0 60.0 20.0 10.0
106.0 120.0 20.0 10.0
71.0 51.0 20.0 10.0
96.0 105.0 20.0 10.0
90.0 106.0 20.0 10.0
64.0 108.0 20.0 10.0
95.0 70.0 20.0 10.0
106.0 91.0 20.0 10.0
67.0 93.0 20.0 10.0
113.0 83.0 20.0 10.0
59.0 90.0 20.0 10.0
107.0 80.0 20.0 10.0
102.0 111.0 20.0 10.0
76.0 57.0 20.0 10.0
75.0 113.0 20.0 10.0
65.0 100.0 20.0 10.0
68.0 66.0 20.0 10.0
105.0 93.0 20.0 10.0
83.0 105.0 20.0 10.0
78.0 79.0 20.0 10.0
59.0 65.0 20.0 10.0
106.0 77.0 20.0 10.0
62.0 87.0 20.0 10.0
80.0 48.0 20.0 10.0
58.0 68.0 20.0 10.0
78.0 71.0 20.0 10.0
55.0 102.0 20.0 10.0
80.0 57.0 20.0 10.0
71.0 103.0 20.0 10.0
100.0 106.0 20.0 10.0
48.0 84.0 20.0 10.0
88.0 72.0 20.0 10.0
58.0 80.0 20.0 10.0
109.0 97.0 20.0 10.0
79.0 70.0 20.0 10.0
55.0 79.0 20.0 10.0
62.0 100.0 20.0 10.0
97.0 95.0 20.0 10.0
72.0 68.0 20.0 10.0
75.0 95.0 20.0 10.0
99.0 114.0 20.0 10.0
77.0 48.0 20.0 10.0
96.0 88.0 20.0 10.0
113.0 73.0 20.0 10.0
85.0 123.0 20.0 10.0
54.0 116.0 20.0 10.0
86.0 97.0 20.0 10.0
69.0 92.0 20.0 10.0
68.0 72.0 20.0 10.0
131.0 73.0 20.0 10.0
77.0 98.0 20.0 10.0
65.0 67.0 20.0 10.0
86.0 47.0 20.0 10.0
98.0 110.0 20.0 10.0
111.0 91.0 20.0 10.0
101.0 115.0 20.0 10.0
57.0 56.0 20.0 10.0
119.0 84.0 20.0 10.0
106.0 105.0 20.0 10.0
86.0 110.0 20.0 10.0
58.0 108.0 20.0 10.0
86.0 73.0 20.0 10.0
73.0 103.0 20.0 10.0
69.0 60.0 20.0 10.0
74.0 88.0 20.0 10.0
52.0 83.0 20.0 10.0
69.0 104.0 20.0 10.0
92.0 37.0 20.0 10.0
84.0 52.0 20.0 10.0
111.0 101.0 20.0 10.0
121.0 112.0 20.0 10.0
131.0 99.0 20.0 10.0
91.0 124.0 20.0 10.0
42.0 72.0 20.0 10.0
104.0 107.0 20.0 10.0
66.0 61.0 20.0 10.0
108.0 56.0 20.0 10.0
57.0 84.0 20.0 10.0
107.0 66.0 20.0 10.0
123.0 108.0 20.0 10.0
82.0 60.0 20.0 10.0
108.0 110.0 20.0 10.0
116.0 108.0 20.0 10.0
136.0 88.0 20.0 10.0
111.0 60.0 20.0 10.0
63.0 50.0 20.0 10.0
87.0 69.0 20.0 10.0
118.0 76.0 20.0 10.0
45.0 66.0 20.0 10.0
74.0 69.0 20.0 10.0
56.0 75.0 20.0 10.0
69.0 76.0 20.0 10.0
95.0 59.0 20.0 10.0
87.0 100.0 20.0 10.0
92.0 105.0 20.0 10.0
93.0 116.0 20.0 10.0
106.0 68.0 20.0 10.0
109.0 118.0 20.0 10.0
52.0 98.0 20.0 10.0
69.0 98.0 20.0 10.0
86.0 81.0 20.0 10.0
48.0 79.0 20.0 10.0
96.0 48.0 20.0 10.0
65.0 90.0 20.0 10.0
81.0 107.0 20.0 10.0
104.0 103.0 20.0 10.0
93.0 36.0 20.0 10.0
89.0 115.0 20.0 10.0
55.0 111.0 20.0 10.0
91.0 65.0 20.0 10.0
56.0 60.0 20.0 10.0
91.0 111.0 20.0 10.0
60.0 60.0 20.0 10.0
65.0 77.0 20.0 10.0
65.0 81.0 20.0 10.0
126.0 87.0 20.0 10.0
120.0 60.0 20.0 10.0
82.0 119.0 20.0 10.0
74.0 54.0 20.0 10.0
76.0 105.0 20.0 10.0
49.0 94.0 20.0 10.0
96.0 76.0 20.0 10.0
110.0 51.0 20.0 10.0
117.0 97.0 20.0 10.0
114.0 88.0 20.0 10.0
126.0 70.0 20.0 10.0
48.0 115.0 20.0 10.0
103.0 70.0 20.0 10.0
49.0 64.0 20.0 10.0
46.0 103.0 20.0 10.0
97.0 65.0 20.0 10.0
37.0 94.0 20.0 10.0
51.0 134.0 20.0 10.0
118.0 109.0 20.0 10.0
135.0 97.0 20.0 10.0
50.0 120.0 20.0 10.0
47.0 48.0 20.0 10.0
92.0 99.0 20.0 10.0
82.0 133.0 20.0 10.0
48.0 53.0 20.0 10.0
91.0 44.0 20.0 10.0
37.0 107.0 20.0 10.0
75.0 76.0 20.0 10.0
93.0 51.0 20.0 10.0
115.0 65.0 20.0 10.0
54.0 59.0 20.0 10.0
88.0 59.0 20.0 10.0
99.0 89.0 20.0 10.0
134.0 103.0 20.0 10.0
66.0 42.0 20.0 10.0
47.0 72.0 20.0 10.0
111.0 56.0 20.0 10.0
85.0 114.0 20.0 10.0
61.0 95.0 20.0 10.0
120.0 133.0 20.0 10.0
51.0 102.0 20.0 10.0
71.0 124.0 20.0 10.0
106.0 58.0 20.0 10.0
45.0 88.0 20.0 10.0
40.0 122.0 20.0 10.0
122.0 46.0 20.0 10.0
46.0 101.0 20.0 10.0
38.0 73.0 20.0 10.0
90.0 50.0 20.0 10.0
127.0 94.0 20.0 10.0
52.0 61.0 20.0 10.0
87.0 44.0 20.0 10.0
55.0 88.0 20.0 10.0
111.0 95.0 20.0 10.0
109.0 78.0 20.0 10.0
129.0 68.0 20.0 10.0
59.0 103.0 20.0 10.0
89.0 133.0 20.0 10.0
81.0 54.0 20.0 10.0
114.0 51.0 20.0 10.0
81.0 64.0 20.0 10.0
114.0 119.0 20.0 10.0
61.0 134.0 20.0 10.0
58.0 93.0 20.0 10.0
94.0 126.0 20.0 10.0
100.0 30.0 20.0 10.0
117.0 69.0 20.0 10.0
126.0 83.0 20.0 10.0
70.0 49.0 20.0 10.0
66.0 115.0 20.0 10.0
99.0 50.0 20.0 10.0
52.0 73.0 20.0 10.0
60.0 70.0 20.0 10.0
72.0 60.0 20.0 10.0
104.0 96.0 20.0 10.0
112.0 70.0 20.0 10.0
65.0 129.0 20.0 10.0
55.0 82.0 20.0 10.0
104.0 58.0 20.0 10.0
114.0 47.0 20.0 10.0
131.0 90.0 20.0 10.0
92.0 78.0 20.0 10.0
121.0 76.0 20.0 10.0
79.0 72.0 20.0 10.0
75.0 118.0 20.0 10.0
116.0 75.0 20.0 10.0
116.0 82.0 20.0 10.0
59.0 48.0 20.0 10.0
121.0 123.0 20.0 10.0
65.0 106.0 20.0 10.0
130.0 112.0 20.0 10.0
103.0 52.0 20.0 10.0
109.0 104.0 20.0 10.0
86.0 117.0 20.0 10.0
130.0 74.0 20.0 10.0
45.0 75.0 20.0 10.0
96.0 73.0 20.0 10.0
129.0 66.0 20.0 10.0
65.0 30.0 20.0 10.0
80.0 129.0 20.0 10.0
142.0 80.0 20.0 10.0
97.0 118.0 20.0 10.0
56.0 51.0 20.0 10.0
72.0 114.0 20.0 10.0
92.0 26.0 20.0 10.0
67.0 96.0 20.0 10.0
52.0 56.0 20.0 10.0
86.0 41.0 20.0 10.0
116.0 84.0 20.0 10.0
105.0 38.0 20.0 10.0
42.0 81.0 20.0 10.0
107.0 50.0 20.0 10.0
105.0 118.0 20.0 10.0
138.0 92.0 20.0 10.0
73.0 76.0 20.0 10.0
89.0 34.0 20.0 10.0
76.0999984741211 64.0 20.0 10.0
79.0 144.0 20.0 10.0
137.0 72.0 20.0 10.0
46.0 116.0 20.0 10.0
111.0 133.0 20.0 10.0
37.0 70.0 20.0 10.0
36.0 110.0 20.0 10.0
95.0 42.0 20.0 10.0
89.0 54.0 20.0 10.0
75.0 36.0 20.0 10.0
118.0 44.0 20.0 10.0
122.0 44.0 20.0 10.0
133.0 61.0 20.0 10.0
62.0 109.0 20.0 10.0
35.0 102.0 20.0 10.0
53.0 89.0 20.0 10.0
69.0 35.0 20.0 10.0
123.0 90.0 20.0 10.0
117.0 103.0 20.0 10.0
117.0 60.0 20.0 10.0
128.0 120.0 20.0 10.0
46.0 87.0 20.0 10.0
50.0 109.0 20.0 10.0
57.0 37.0 20.0 10.0
79.0 41.0 20.0 10.0
97.0 124.0 20.0 10.0
68.0 133.0 20.0 10.0
68.0 48.0 20.0 10.0
94.0 136.0 20.0 10.0
87.0 51.0 20.0 10.0
107.0 47.0 20.0 10.0
45.0 84.0 20.0 10.0
93.0 29.0 20.0 10.0
53.0 34.0 20.0 10.0
100.0 122.0 20.0 10.0
127.0 114.0 20.0 10.0
92.0 110.0 20.0 10.0
129.0 78.0 20.0 10.0
110.0 49.0 20.0 10.0
66.0 36.0 20.0 10.0
56.0 106.0 20.0 10.0
106.0 123.0 20.0 10.0
123.0 97.0 20.0 10.0
71.0 121.0 20.0 10.0
65.0 54.0 20.0 10.0
131.0 140.0 20.0 10.0
135.0 66.0 20.0 10.0
54.0 64.0 20.0 10.0
65.0 120.0 20.0 10.0
46.0 133.0 20.0 10.0
116.0 94.0 20.0 10.0
127.0 49.0 20.0 10.0
122.0 56.0 20.0 10.0
38.0 81.0 20.0 10.0
126.0 61.0 20.0 10.0
118.0 51.0 20.0 10.0
64.0 58.0 20.0 10.0
75.0 143.0 20.0 10.0
64.0 124.0 20.0 10.0
123.0 85.0 20.0 10.0
148.0 77.0 20.0 10.0
61.0 116.0 20.0 10.0
30.0 107.0 20.0 10.0
95.0 24.0 20.0 10.0
82.0 138.0 20.0 10.0
115.0 102.0 20.0 10.0
110.0 123.0 20.0 10.0
74.0 45.0 20.0 10.0
85.0 109.0 20.0 10.0
64.0 41.0 20.0 10.0
26.0 76.0 20.0 10.0
70.0 127.0 20.0 10.0
115.0 80.0 20.0 10.0
46.0 96.0 20.0 10.0
47.0 44.0 20.0 10.0
54.0 109.0 20.0 10.0
43.0 100.0 20.0 10.0
58.0 41.0 20.0 10.0
128.0 58.0 20.0 10.0
32.0 96.0 20.0 10.0
76.0 40.0 20.0 10.0
133.0 86.0 20.0 10.0
133.0 55.0 20.0 10.0
112.0 127.0 20.0 10.0
28.0 62.0 20.0 10.0
118.0 120.0 20.0 10.0
68.0 111.0 20.0 10.0
61.0 120.0 20.0 10.0
98.0 133.0 20.0 10.0
99.0 126.0 20.0 10.0
43.0 93.0 20.0 10.0
57.0 114.0 20.0 10.0
72.0 31.0 20.0 10.0
90.0 128.0 20.0 10.0
124.0 115.0 20.0 10.0
146.0 67.0 20.0 10.0
101.0 41.0 20.0 10.0
77.0 122.0 20.0 10.0
131.0 105.0 20.0 10.0
33.0 58.0 20.0 10.0
139.0 83.0 20.0 10.0
102.0 44.0 20.0 10.0
125.0 54.0 20.0 10.0
100.0 138.0 20.0 10.0
58.0 75.0 20.0 10.0
36.0 83.0 20.0 10.0
90.0 138.0 20.0 10.0
38.0 115.0 20.0 10.0
47.0 76.0 20.0 10.0
87.0 31.0 20.0 10.0
44.0 50.0 20.0 10.0
36.0 98.0 20.0 10.0
116.0 41.0 20.0 10.0
38.0 64.0 20.0 10.0
127.0 104.0 20.0 10.0
129.0 89.0 20.0 10.0
114.0 35.0 20.0 10.0
140.0 76.0 20.0 10.0
58.0 82.0 20.0 10.0
121.0 58.0 20.0 10.0
126.0 111.0 20.0 10.0
96.0 31.0 20.0 10.0
119.0 91.0 20.0 10.0
146.0 84.0 20.0 10.0
79.0 35.0 20.0 10.0
104.0 129.0 20.0 10.0
31.0 72.0 20.0 10.0
135.0 92.0 20.0 10.0
115.0 56.0 20.0 10.0
127.0 98.0 20.0 10.0
133.0 41.0 20.0 10.0
46.0 59.0 20.0 10.0
100.0 53.0 20.0 10.0
144.0 97.0 20.0 10.0
72.0 139.0 20.0 10.0
103.0 140.0 20.0 10.0
127.0 64.0 20.0 10.0
113.0 123.0 20.0 10.0
39.0 111.0 20.0 10.0
124.0 105.0 20.0 10.0
119.0 66.0 20.0 10.0
136.0 51.0 20.0 10.0
69.0 119.0 20.0 10.0
31.0 119.0 20.0 10.0
89.0 147.0 20.0 10.0
58.0 131.0 20.0 10.0
125.0 39.0 20.0 10.0
41.0 57.0 20.0 10.0
40.0 85.0 20.0 10.0
140.0 99.0 20.0 10.0
97.0 37.0 20.0 10.0
43.0 39.0 20.0 10.0
68.0 39.0 20.0 10.0
27.0 119.0 20.0 10.0
42.0 117.0 20.0 10.0
74.0 131.0 20.0 10.0
82.0 126.0 20.0 10.0
44.0 108.0 20.0 10.0
108.0 114.0 20.0 10.0
101.0 36.0 20.0 10.0
117.0 114.0 20.0 10.0
112.0 64.0 20.0 10.0
45.0 81.0 20.0 10.0
81.0 43.0 20.0 10.0
123.0 80.0 20.0 10.0
84.0 140.0 20.0 10.0
57.0 97.0 20.0 10.0
137.0 58.0 20.0 10.0
121.0 31.0 20.0 10.0
35.0 54.0 20.0 10.0
30.0 84.0 20.0 10.0
139.0 104.0 20.0 10.0
93.0 143.0 20.0 10.0
144.0 114.0 20.0 10.0
54.0 26.0 20.0 10.0
97.0 40.0 20.0 10.0
31.0 89.0 20.0 10.0
144.0 93.0 20.0 10.0
85.0 26.0 20.0 10.0
138.0 66.0 20.0 10.0
52.0 68.0 20.0 10.0
56.0 120.0 20.0 10.0
40.0 91.0 20.0 10.0
109.0 31.0 20.0 10.0
124.0 66.0 20.0 10.0
58.0 118.0 20.0 10.0
38.0 59.0 20.0 10.0
122.0 52.0 20.0 10.0
44.0 70.0 20.0 10.0
41.0 48.0 20.0 10.0
117.0 117.0 20.0 10.0
25.0 91.0 20.0 10.0
123.0 99.0 20.0 10.0
51.0 42.0 20.0 10.0
48.0 31.0 20.0 10.0
61.0 145.0 20.0 10.0
98.0 47.0 20.0 10.0
54.0 129.0 20.0 10.0
56.0 46.0 20.0 10.0
33.0 65.0 20.0 10.0
39.0 88.0 20.0 10.0
84.0 29.0 20.0 10.0
135.0 80.0 20.0 10.0
40.0 77.0 20.0 10.0
50.0 106.0 20.0 10.0
108.0 42.0 20.0 10.0
81.0 37.0 20.0 10.0
102.0 132.0 20.0 10.0
122.0 120.0 20.0 10.0
