500
97.0 89.0 20.0 10.0
103.0 84.0 20.0 10.0
106.0 89.0 20.0 10.0
101.0 90.0 20.0 10.0
99.0 78.0 20.0 10.0
100.0 87.0 20.0 10.0
123.0 92.0 20.0 10.0
105.0 82.0 20.0 10.0
104.0 92.0 20.0 10.0
95.0 86.0 20.0 10.0
79.0 86.0 20.0 10.0
103.0 99.0 20.0 10.0
88.0 100.0 20.0 10.0
86.0 115.0 20.0 10.0
129.0 74.0 20.0 10.0
100.0 96.0 20.0 10.0
90.0 85.0 20.0 10.0
116.0 104.0 20.0 10.0
82.0 103.0 20.0 10.0
91.0 90.0 20.0 10.0
104.0 103.0 20.0 10.0
85.0 96.0 20.0 10.0
117.0 81.0 20.0 10.0
90.0 77.0 20.0 10.0
121.0 81.0 20.0 10.0
80.0 82.0 20.0 10.0
124.0 89.0 20.0 10.0
79.0 99.0 20.0 10.0
83.0 95.0 20.0 10.0
97.0 87.0 20.0 10.0
94.0 63.0 20.0 10.0
77.0 81.0 20.0 10.0
108.0 89.0 20.0 10.0
94.0 81.0 20.0 10.0
87.0 65.0 20.0 10.0
92.0 102.0 20.0 10.0
114.0 57.0 20.0 10.0
104.0 117.0 20.0 10.0
117.0 95.0 20.0 10.0
75.0 79.0 20.0 10.0
120.0 84.0 20.0 10.0
112.0 106.0 20.0 10.0
117.0 113.0 20.0 10.0
137.0 95.0 20.0 10.0
72.0 73.0 20.0 10.0
96.0 84.0 20.0 10.0
80.0 88.0 20.0 10.0
116.0 85.0 20.0 10.0
105.0 93.0 20.0 10.0
101.0 65.0 20.0 10.0
110.0 90.0 20.0 10.0
83.0 107.0 20.0 10.0
55.0 82.0 20.0 10.0
124.0 65.0 20.0 10.0
96.0 69.0 20.0 10.0
116.0 118.0 20.0 10.0
76.0 111.0 20.0 10.0
94.0 100.0 20.0 10.0
85.0 118.0 20.0 10.0
87.0 93.0 20.0 10.0
97.0 106.0 20.0 10.0
121.0 93.0 20.0 10.0
90.0 70.0 20.0 10.0
64.0 108.0 20.0 10.0
110.0 72.0 20.0 10.0
87.0 55.0 20.0 10.0
107.0 118.0 20.0 10.0
102.0 55.0 20.0 10.0
102.0 53.0 20.0 10.0
121.0 87.0 20.0 10.0
106.0 109.0 20.0 10.0
110.0 66.0 20.0 10.0
57.0 114.0 20.0 10.0
118.0 127.0 20.0 10.0
117.0 100.0 20.0 10.0
72.0 116.0 20.0 10.0
87.0 58.0 20.0 10.0
92.0 112.0 20.0 10.0
97.0 112.0 20.0 10.0
73.0 93.0 20.0 10.0
55.0 101.0 20.0 10.0
117.0 63.0 20.0 10.0
64.0 54.0 20.0 10.0
119.0 64.0 20.0 10.0
130.0 79.0 20.0 10.0
105.0 68.0 20.0 10.0
73.0 71.0 20.0 10.0
112.0 119.0 20.0 10.0
103.0 108.0 20.0 10.0
58.0 106.0 20.0 10.0
108.0 64.0 20.0 10.0
82.0 123.0 20.0 10.0
62.0 112.0 20.0 10.0
101.0 111.0 20.0 10.0
111.0 78.0 20.0 10.0
120.0 125.0 20.0 10.0
92.0 64.0 20.0 10.0
130.0 70.0 20.0 10.0
70.0 106.0 20.0 10.0
54.0 135.0 20.0 10.0
98.0 49.0 20.0 10.0
125.0 97.0 20.0 10.0
132.0 93.0 20.0 10.0
95.0 59.0 20.0 10.0
136.0 89.0 20.0 10.0
77.0 76.0 20.0 10.0
91.0 109.0 20.0 10.0
93.0 144.0 20.0 10.0
109.0 81.0 20.0 10.0
58.0 84.0 20.0 10.0
122.0 108.0 20.0 10.0
139.0 63.0 20.0 10.0
108.0 94.0 20.0 10.0
128.0 99.0 20.0 10.0
84.0 99.0 20.0 10.0
107.0 110.0 20.0 10.0
86.0 73.0 20.0 10.0
100.0 54.0 20.0 10.0
95.0 65.0 20.0 10.0
140.0 73.0 20.0 10.0
89.0 70.0 20.0 10.0
65.0 104.0 20.0 10.0
81.0 60.0 20.0 10.0
74.0 103.0 20.0 10.0
49.0 70.0 20.0 10.0
98.0 60.0 20.0 10.0
52.0 68.0 20.0 10.0
128.0 81.0 20.0 10.0
95.0 117.0 20.0 10.0
106.0 128.0 20.0 10.0
97.0 64.0 20.0 10.0
101.0 132.0 20.0 10.0
96.0 92.0 20.0 10.0
114.0 67.0 20.0 10.0
117.0 79.0 20.0 10.0
122.0 114.0 20.0 10.0
129.0 84.0 20.0 10.0
116.0 59.0 20.0 10.0
111.0 55.0 20.0 10.0
129.0 67.0 20.0 10.0
67.0 89.0 20.0 10.0
115.0 115.0 20.0 10.0
128.0 109.0 20.0 10.0
96.0 134.0 20.0 10.0
69.0 61.0 20.0 10.0
108.0 42.0 20.0 10.0
66.0 92.0 20.0 10.0
121.0 48.0 20.0 10.0
76.0 96.0 20.0 10.0
81.0 120.0 20.0 10.0
106.0 62.0 20.0 10.0
68.0 60.0 20.0 10.0
89.0 116.0 20.0 10.0
94.0 73.0 20.0 10.0
95.0 52.0 20.0 10.0
85.0 85.0 20.0 10.0
118.0 49.0 20.0 10.0
61.0 104.0 20.0 10.0
118.0 99.0 20.0 10.0
106.0 54.0 20.0 10.0
117.0 137.0 20.0 10.0
106.0 58.0 20.0 10.0
69.0 86.0 20.0 10.0
108.0 121.0 20.0 10.0
79.0 120.0 20.0 10.0
119.0 68.0 20.0 10.0
103.0 78.0 20.0 10.0
121.0 101.0 20.0 10.0
127.0 106.0 20.0 10.0
76.0 86.0 20.0 10.0
79.0 117.0 20.0 10.0
149.0 83.0 20.0 10.0
99.0 98.0 20.0 10.0
41.0 77.0 20.0 10.0
134.0 74.0 20.0 10.0
135.0 92.0 20.0 10.0
79.0 71.0 20.0 10.0
84.0 64.0 20.0 10.0
132.0 113.0 20.0 10.0
125.0 36.0 20.0 10.0
132.0 58.0 20.0 10.0
106.0 34.0 20.0 10.0
83.0 76.0 20.0 10.0
91.0 72.0 20.0 10.0
78.0 60.0 20.0 10.0
95.0 139.0 20.0 10.0
97.0 72.0 20.0 10.0
75.0 118.0 20.0 10.0
68.0 112.0 20.0 10.0
118.0 52.0 20.0 10.0
136.0 117.0 20.0 10.0
57.0 98.0 20.0 10.0
66.0 67.0 20.0 10.0
109.0 55.0 20.0 10.0
124.0 102.0 20.0 10.0
137.0 83.0 20.0 10.0
106.0 70.0 20.0 10.0
132.0 52.0 20.0 10.0
93.0 95.0 20.0 10.0
115.0 123.0 20.0 10.0
109.0 112.0 20.0 10.0
92.0 126.0 20.0 10.0
58.0 95.0 20.0 10.0
122.0 59.0 20.0 10.0
43.0 90.0 20.0 10.0
66.0 84.0 20.0 10.0
124.0 120.0 20.0 10.0
146.0 84.0 20.0 10.0
143.0 94.0 20.0 10.0
98.0 40.0 20.0 10.0
129.0 110.0 20.0 10.0
86.0 125.0 20.0 10.0
120.0 135.0 20.0 10.0
88.0 49.0 20.0 10.0
137.0 72.0 20.0 10.0
136.0 67.0 20.0 10.0
133.0 88.0 20.0 10.0
52.0 115.0 20.0 10.0
65.0 116.0 20.0 10.0
135.0 63.0 20.0 10.0
103.0 63.0 20.0 10.0
131.0 104.0 20.0 10.0
123.0 125.0 20.0 10.0
139.0 89.0 20.0 10.0
139.0 101.0 20.0 10.0
83.0 61.0 20.0 10.0
111.0 99.0 20.0 10.0
102.0 145.0 20.0 10.0
118.0 43.0 20.0 10.0
122.0 42.0 20.0 10.0
73.0 129.0 20.0 10.0
118.0 73.0 20.0 10.0
50.0 120.0 20.0 10.0
112.0 61.0 20.0 10.0
76.0 46.0 20.0 10.0
155.0 128.0 20.0 10.0
124.0 71.0 20.0 10.0
57.0 63.0 20.0 10.0
70.0 55.0 20.0 10.0
86.0 104.0 20.0 10.0
117.0 129.0 20.0 10.0
74.0 100.0 20.0 10.0
60.0 88.0 20.0 10.0
132.0 101.0 20.0 10.0
142.0 77.0 20.0 10.0
80.0 47.0 20.0 10.0
136.0 46.0 20.0 10.0
113.0 132.0 20.0 10.0
91.0 39.0 20.0 10.0
131.0 119.0 20.0 10.0
79.0 55.0 20.0 10.0
73.0 89.0 20.0 10.0
57.0 82.0 20.0 10.0
145.0 103.0 20.0 10.0
69.0 69.0 20.0 10.0
141.0 92.0 20.0 10.0
157.0 78.0 20.0 10.0
93.0 86.0 20.0 10.0
68.0 119.0 20.0 10.0
145.0 62.0 20.0 10.0
64.0 126.0 20.0 10.0
67.0 51.0 20.0 10.0
113.0 33.0 20.0 10.0
58.0 89.0 20.0 10.0
137.0 98.0 20.0 10.0
49.0 94.0 20.0 10.0
82.0 65.0 20.0 10.0
61.0 73.0 20.0 10.0
129.0 50.0 20.0 10.0
70.0 134.0 20.0 10.0
54.0 89.0 20.0 10.0
122.0 141.0 20.0 10.0
108.0 39.0 20.0 10.0
94.0 124.0 20.0 10.0
57.0 56.0 20.0 10.0
133.0 79.0 20.0 10.0
90.0 55.0 20.0 10.0
51.0 51.0 20.0 10.0
125.0 77.0 20.0 10.0
81.0 41.0 20.0 10.0
92.0 118.0 20.0 10.0
100.0 46.0 20.0 10.0
141.0 109.0 20.0 10.0
72.0 139.0 20.0 10.0
67.0 77.0 20.0 10.0
77.0 103.0 20.0 10.0
71.0 149.0 20.0 10.0
74.0 60.0 20.0 10.0
146.0 89.0 20.0 10.0
71.0 124.0 20.0 10.0
66.0 110.0 20.0 10.0
137.0 57.0 20.0 10.0
135.0 114.0 20.0 10.0
50.0 88.0 20.0 10.0
113.0 127.0 20.0 10.0
59.0 48.0 20.0 10.0
80.0 114.0 20.0 10.0
115.0 103.0 20.0 10.0
101.0 122.0 20.0 10.0
83.0 49.0 20.0 10.0
104.0 128.0 20.0 10.0
123.0 129.0 20.0 10.0
65.0 81.0 20.0 10.0
100.0 135.0 20.0 10.0
147.0 92.0 20.0 10.0
123.0 68.0 20.0 10.0
64.0 70.0 20.0 10.0
129.0 62.0 20.0 10.0
130.0 44.0 20.0 10.0
96.0 104.0 20.0 10.0
124.0 106.0 20.0 10.0
55.0 93.0 20.0 10.0
69.0 89.0 20.0 10.0
100.0 59.0 20.0 10.0
138.0 69.0 20.0 10.0
128.0 122.0 20.0 10.0
84.0 47.0 20.0 10.0
160.0 95.0 20.0 10.0
53.0 125.0 20.0 10.0
96.0 122.0 20.0 10.0
146.0 116.0 20.0 10.0
136.0 40.0 20.0 10.0
80.0 127.0 20.0 10.0
84.0 136.0 20.0 10.0
133.0 70.0 20.0 10.0
151.0 106.0 20.0 10.0
71.0 126.0 20.0 10.0
143.0 74.0 20.0 10.0
147.0 97.0 20.0 10.0
111.0 135.0 20.0 10.0
72.0 110.0 20.0 10.0
47.0 90.0 20.0 10.0
61.0 126.0 20.0 10.0
136.0 52.0 20.0 10.0
140.0 128.0 20.0 10.0
75.0 68.0 20.0 10.0
66.0 100.0 20.0 10.0
165.0 89.0 20.0 10.0
100.0 124.0 20.0 10.0
58.0 103.0 20.0 10.0
126.0 92.0 20.0 10.0
89.0 140.0 20.0 10.0
139.0 105.0 20.0 10.0
106.0 24.0 20.0 10.0
89.0 60.0 20.0 10.0
50.0 104.0 20.0 10.0
79.0 133.0 20.0 10.0
129.0 116.0 20.0 10.0
147.0 69.0 20.0 10.0
135.0 106.0 20.0 10.0
107.0 136.0 20.0 10.0
126.0 130.0 20.0 10.0
106.0 131.0 20.0 10.0
76.0 138.0 20.0 10.0
87.0 132.0 20.0 10.0
150.0 80.0 20.0 10.0
145.0 110.0 20.0 10.0
73.0 133.0 20.0 10.0
166.0 104.0 20.0 10.0
77.0 125.0 20.0 10.0
141.0 76.0 20.0 10.0
115.0 48.0 20.0 10.0
62.0 107.0 20.0 10.0
89.0 122.0 20.0 10.0
56.0 78.0 20.0 10.0
68.0 123.0 20.0 10.0
147.0 56.0 20.0 10.0
109.0 140.0 20.0 10.0
114.0 45.0 20.0 10.0
92.0 50.0 20.0 10.0
129.0 77.0 20.0 10.0
60.0 120.0 20.0 10.0
61.0 62.0 20.0 10.0
125.0 54.0 20.0 10.0
103.0 123.0 20.0 10.0
44.0 119.0 20.0 10.0
114.0 142.0 20.0 10.0
129.0 89.0 20.0 10.0
98.0 37.0 20.0 10.0
111.0 158.0 20.0 10.0
46.0 127.0 20.0 10.0
63.0 58.0 20.0 10.0
137.0 112.0 20.0 10.0
161.0 99.0 20.0 10.0
108.0 150.0 20.0 10.0
119.0 146.0 20.0 10.0
84.0 127.0 20.0 10.0
63.0 79.0 20.0 10.0
71.0 80.0 20.0 10.0
84.0 142.0 20.0 10.0
43.0 154.0 20.0 10.0
158.0 73.0 20.0 10.0
50.0 85.0 20.0 10.0
60.0 42.0 20.0 10.0
131.0 57.0 20.0 10.0
127.0 133.0 20.0 10.0
127.0 56.0 20.0 10.0
49.0 82.0 20.0 10.0
126.0 158.0 20.0 10.0
126.0 135.0 20.0 10.0
60.0 79.0 20.0 10.0
161.0 85.0 20.0 10.0
91.0 132.0 20.0 10.0
141.0 112.0 20.0 10.0
75.0 109.0 20.0 10.0
65.0 42.0 20.0 10.0
62.0 99.0 20.0 10.0
78.0 65.0 20.0 10.0
60.0 67.0 20.0 10.0
88.0 127.0 20.0 10.0
112.0 41.0 20.0 10.0
143.0 81.0 20.0 10.0
132.0 64.0 20.0 10.0
82.0 55.0 20.0 10.0
36.0 90.0 20.0 10.0
41.0 56.0 20.0 10.0
90.0 45.0 20.0 10.0
115.0 156.0 20.0 10.0
86.0 45.0 20.0 10.0
151.0 113.0 20.0 10.0
74.0 63.0 20.0 10.0
43.0 103.0 20.0 10.0
76.0 150.0 20.0 10.0
149.0 126.0 20.0 10.0
89.0 58.0 20.0 10.0
76.0 44.0 20.0 10.0
149.0 102.0 20.0 10.0
143.0 100.0 20.0 10.0
63.0 39.0 20.0 10.0
63.0 96.0 20.0 10.0
123.0 111.0 20.0 10.0
139.0 120.0 20.0 10.0
110.0 58.0 20.0 10.0
54.0 59.0 20.0 10.0
42.0 115.0 20.0 10.0
92.0 120.0 20.0 10.0
53.0 107.0 20.0 10.0
139.0 85.0 20.0 10.0
105.0 135.0 20.0 10.0
156.0 71.0 20.0 10.0
59.0 93.0 20.0 10.0
128.0 44.0 20.0 10.0
117.0 131.0 20.0 10.0
53.0 84.0 20.0 10.0
44.0 93.0 20.0 10.0
47.0 57.0 20.0 10.0
44.0 47.0 20.0 10.0
28.0 109.0 20.0 10.0
98.0 127.0 20.0 10.0
31.0 103.0 20.0 10.0
153.0 95.0 20.0 10.0
156.0 99.0 20.0 10.0
70.0 29.0 20.0 10.0
72.0 44.0 20.0 10.0
49.0 63.0 20.0 10.0
107.0 45.0 20.0 10.0
165.0 80.0 20.0 10.0
153.0 134.0 20.0 10.0
84.0 130.0 20.0 10.0
75.0 55.0 20.0 10.0
99.0 117.0 20.0 10.0
50.0 109.0 20.0 10.0
149.0 73.0 20.0 10.0
42.0 27.0 20.0 10.0
115.0 72.0 20.0 10.0
143.0 122.0 20.0 10.0
89.0 34.0 20.0 10.0
62.0 37.0 20.0 10.0
85.0 107.0 20.0 10.0
39.0 74.0 20.0 10.0
86.0 147.0 20.0 10.0
51.0 77.0 20.0 10.0
48.0 113.0 20.0 10.0
56.0 118.0 20.0 10.0
36.0 95.0 20.0 10.0
46.0 35.0 20.0 10.0
135.0 85.0 20.0 10.0
38.0 117.0 20.0 10.0
93.0 36.0 20.0 10.0
132.0 134.0 20.0 10.0
64.0 76.0 20.0 10.0
134.0 127.0 20.0 10.0
91.0 148.0 20.0 10.0
135.0 123.0 20.0 10.0
127.0 142.0 20.0 10.0
114.0 108.0 20.0 10.0
162.0 53.0 20.0 10.0
125.0 49.0 20.0 10.0
56.0 39.0 20.0 10.0
25.0 89.0 20.0 10.0
141.0 48.0 20.0 10.0
104.0 45.0 20.0 10.0
123.0 33.0 20.0 10.0
161.0 66.0 20.0 10.0
96.0 145.0 20.0 10.0
77.0 130.0 20.0 10.0
102.0 33.0 20.0 10.0
55.0 76.0 20.0 10.0
159.0 110.0 20.0 10.0
119.0 38.0 20.0 10.0
