500
87.0 83.0 20.0 10.0
90.0 85.0 20.0 10.0
97.0 95.0 20.0 10.0
86.0 91.0 20.0 10.0
89.0 83.0 20.0 10.0
99.0 96.0 20.0 10.0
84.0 87.0 20.0 10.0
86.0 90.0 20.0 10.0
98.0 90.0 20.0 10.0
96.0 89.0 20.0 10.0
86.0 75.0 20.0 10.0
92.0 84.0 20.0 10.0
108.0 95.0 20.0 10.0
93.0 87.0 20.0 10.0
96.0 83.0 20.0 10.0
78.0 70.0 20.0 10.0
102.0 68.0 20.0 10.0
86.0 96.0 20.0 10.0
73.0 78.0 20.0 10.0
107.0 100.0 20.0 10.0
102.0 91.0 20.0 10.0
95.0 96.0 20.0 10.0
96.0 72.0 20.0 10.0
93.0 74.0 20.0 10.0
87.0 63.0 20.0 10.0
101.0 81.0 20.0 10.0
77.0 81.0 20.0 10.0
75.0 114.0 20.0 10.0
82.0 92.0 20.0 10.0
98.0 58.0 20.0 10.0
82.0 65.0 20.0 10.0
66.0 108.0 20.0 10.0
71.0 98.0 20.0 10.0
92.0 91.0 20.0 10.0
68.0 96.0 20.0 10.0
88.0 75.0 20.0 10.0
86.0 80.0 20.0 10.0
81.0 70.0 20.0 10.0
84.0 108.0 20.0 10.0
99.0 82.0 20.0 10.0
87.0 86.0 20.0 10.0
105.0 84.0 20.0 10.0
58.0 72.0 20.0 10.0
75.0 81.0 20.0 10.0
99.0 61.0 20.0 10.0
125.0 91.0 20.0 10.0
107.0 107.0 20.0 10.0
80.0 106.0 20.0 10.0
89.0 107.0 20.0 10.0
103.0 75.0 20.0 10.0
105.0 94.0 20.0 10.0
59.0 93.0 20.0 10.0
108.0 81.0 20.0 10.0
99.0 87.0 20.0 10.0
83.0 94.0 20.0 10.0
75.0 91.0 20.0 10.0
103.0 123.0 20.0 10.0
71.0 81.0 20.0 10.0
63.0 85.0 20.0 10.0
105.0 90.0 20.0 10.0
104.0 93.0 20.0 10.0
111.0 97.0 20.0 10.0
94.0 75.0 20.0 10.0
74.0 94.0 20.0 10.0
85.0 73.0 20.0 10.0
95.0 104.0 20.0 10.0
89.0 63.0 20.0 10.0
82.0 82.0 20.0 10.0
89.0 100.0 20.0 10.0
84.0 80.0 20.0 10.0
123.0 72.0 20.0 10.0
122.0 92.0 20.0 10.0
124.0 80.0 20.0 10.0
91.0 117.0 20.0 10.0
78.0 77.0 20.0 10.0
77.0 118.0 20.0 10.0
94.0 52.0 20.0 10.0
91.0 81.0 20.0 10.0
64.0 95.0 20.0 10.0
105.0 88.0 20.0 10.0
67.0 98.0 20.0 10.0
71.0 65.0 20.0 10.0
124.0 96.0 20.0 10.0
109.0 74.0 20.0 10.0
89.0 51.0 20.0 10.0
96.0 101.0 20.0 10.0
98.0 69.0 20.0 10.0
85.0 115.0 20.0 10.0
125.0 76.0 20.0 10.0
90.0 94.0 20.0 10.0
99.0 65.0 20.0 10.0
79.0 99.0 20.0 10.0
81.0 87.0 20.0 10.0
77.0 85.0 20.0 10.0
90.0 59.0 20.0 10.0
92.0 61.0 20.0 10.0
54.0 83.0 20.0 10.0
86.0 94.0 20.0 10.0
108.0 107.0 20.0 10.0
69.0 80.0 20.0 10.0
108.0 88.0 20.0 10.0
56.0 111.0 20.0 10.0
92.0 99.0 20.0 10.0
84.0 109.0 20.0 10.0
84.0 59.0 20.0 10.0
96.0 54.0 20.0 10.0
78.0 96.0 20.0 10.0
128.0 90.0 20.0 10.0
62.0 79.0 20.0 10.0
92.0 70.0 20.0 10.0
108.0 69.0 20.0 10.0
97.0 113.0 20.0 10.0
89.0 77.0 20.0 10.0
66.0 62.0 20.0 10.0
67.0 101.0 20.0 10.0
64.0 57.0 20.0 10.0
87.0 110.0 20.0 10.0
70.0 89.0 20.0 10.0
114.0 113.0 20.0 10.0
87.0 77.0 20.0 10.0
70.0 59.0 20.0 10.0
76.0 55.0 20.0 10.0
117.0 91.0 20.0 10.0
57.0 64.0 20.0 10.0
85.0 66.0 20.0 10.0
65.0 70.0 20.0 10.0
63.0 92.0 20.0 10.0
45.0 71.0 20.0 10.0
56.0 89.0 20.0 10.0
120.0 85.0 20.0 10.0
86.0 70.0 20.0 10.0
67.0 88.0 20.0 10.0
54.0 66.0 20.0 10.0
56.0 92.0 20.0 10.0
127.0 88.0 20.0 10.0
105.0 47.0 20.0 10.0
97.0 79.0 20.0 10.0
49.0 113.0 20.0 10.0
115.0 98.0 20.0 10.0
69.0 99.0 20.0 10.0
75.0 101.0 20.0 10.0
45.0 77.0 20.0 10.0
112.0 124.0 20.0 10.0
96.0 46.0 20.0 10.0
115.0 53.0 20.0 10.0
115.0 111.0 20.0 10.0
94.0 90.0 20.0 10.0
105.0 40.0 20.0 10.0
125.0 69.0 20.0 10.0
115.0 89.0 20.0 10.0
115.0 121.0 20.0 10.0
55.0 95.0 20.0 10.0
122.0 75.0 20.0 10.0
102.0 99.0 20.0 10.0
68.0 57.0 20.0 10.0
94.0 73.0 20.0 10.0
135.0 84.0 20.0 10.0
49.0 92.0 20.0 10.0
72.0 119.0 20.0 10.0
100.0 132.0 20.0 10.0
106.0 59.0 20.0 10.0
63.0 75.0 20.0 10.0
110.0 60.0 20.0 10.0
90.0 67.0 20.0 10.0
127.0 77.0 20.0 10.0
48.0 82.0 20.0 10.0
104.0 55.0 20.0 10.0
122.0 68.0 20.0 10.0
62.0 96.0 20.0 10.0
122.0 103.0 20.0 10.0
85.0 39.0 20.0 10.0
96.0 63.0 20.0 10.0
61.0 69.0 20.0 10.0
110.0 54.0 20.0 10.0
99.0 124.0 20.0 10.0
119.0 68.0 20.0 10.0
56.0 122.0 20.0 10.0
105.0 65.0 20.0 10.0
116.0 77.0 20.0 10.0
102.0 112.0 20.0 10.0
80.0 117.0 20.0 10.0
105.0 62.0 20.0 10.0
64.0 89.0 20.0 10.0
110.0 78.0 20.0 10.0
61.0 106.0 20.0 10.0
122.0 66.0 20.0 10.0
136.0 72.0 20.0 10.0
68.0 75.0 20.0 10.0
72.0 123.0 20.0 10.0
60.0 118.0 20.0 10.0
102.0 120.0 20.0 10.0
101.0 76.0 20.0 10.0
119.0 86.0 20.0 10.0
76.0 97.0 20.0 10.0
61.0 57.0 20.0 10.0
109.0 114.0 20.0 10.0
129.0 74.0 20.0 10.0
132.0 65.0 20.0 10.0
80.0 103.0 20.0 10.0
58.0 99.0 20.0 10.0
92.0 43.0 20.0 10.0
59.0 114.0 20.0 10.0
72.0 69.0 20.0 10.0
83.0 113.0 20.0 10.0
113.0 104.0 20.0 10.0
48.0 77.0 20.0 10.0
79.0 63.0 20.0 10.0
73.0 117.0 20.0 10.0
100.0 108.0 20.0 10.0
130.0 80.0 20.0 10.0
66.0 83.0 20.0 10.0
90.0 114.0 20.0 10.0
73.0 59.0 20.0 10.0
115.0 116.0 20.0 10.0
124.0 57.0 20.0 10.0
95.0 48.0 20.0 10.0
94.0 117.0 20.0 10.0
124.0 85.0 20.0 10.0
112.0 50.0 20.0 10.0
83.0 121.0 20.0 10.0
120.0 107.0 20.0 10.0
51.0 87.0 20.0 10.0
79.0 51.0 20.0 10.0
87.0 54.0 20.0 10.0
91.0 114.0 20.0 10.0
89.0 135.0 20.0 10.0
64.0 40.0 20.0 10.0
71.0 105.0 20.0 10.0
56.0 58.0 20.0 10.0
132.0 89.0 20.0 10.0
94.0 66.0 20.0 10.0
115.0 83.0 20.0 10.0
60.0 102.0 20.0 10.0
52.0 76.0 20.0 10.0
69.0 117.0 20.0 10.0
121.0 121.0 20.0 10.0
100.0 93.0 20.0 10.0
86.0 136.0 20.0 10.0
132.0 102.0 20.0 10.0
84.0 126.0 20.0 10.0
69.0 83.0 20.0 10.0
80.0 135.0 20.0 10.0
54.0 75.0 20.0 10.0
76.0 133.0 20.0 10.0
84.0 56.0 20.0 10.0
71.0 46.0 20.0 10.0
112.0 117.0 20.0 10.0
110.0 120.0 20.0 10.0
45.0 108.0 20.0 10.0
102.0 138.0 20.0 10.0
77.0 129.0 20.0 10.0
52.0 65.0 20.0 10.0
100.0 118.0 20.0 10.0
70.0 54.0 20.0 10.0
49.0 52.0 20.0 10.0
100.0 42.0 20.0 10.0
33.0 75.0 20.0 10.0
75.0 72.0 20.0 10.0
103.0 106.0 20.0 10.0
60.0 97.0 20.0 10.0
132.0 114.0 20.0 10.0
100.0 116.0 20.0 10.0
48.0 61.0 20.0 10.0
52.0 117.0 20.0 10.0
75.0 59.0 20.0 10.0
81.0 129.0 20.0 10.0
118.0 80.0 20.0 10.0
61.0 125.0 20.0 10.0
76.0 43.0 20.0 10.0
135.0 95.0 20.0 10.0
37.0 78.0 20.0 10.0
75.0 62.0 20.0 10.0
110.0 111.0 20.0 10.0
103.0 128.0 20.0 10.0
119.0 59.0 20.0 10.0
127.0 60.0 20.0 10.0
121.0 61.0 20.0 10.0
60.0 65.0 20.0 10.0
45.0 104.0 20.0 10.0
125.0 84.0 20.0 10.0
50.0 104.0 20.0 10.0
118.0 102.0 20.0 10.0
116.0 67.0 20.0 10.0
107.0 53.0 20.0 10.0
122.0 52.0 20.0 10.0
94.0 43.0 20.0 10.0
40.0 86.0 20.0 10.0
81.0 54.0 20.0 10.0
129.0 69.0 20.0 10.0
119.0 47.0 20.0 10.0
66.0 105.0 20.0 10.0
126.0 116.0 20.0 10.0
94.0 97.0 20.0 10.0
49.0 86.0 20.0 10.0
71.0 49.0 20.0 10.0
113.0 44.0 20.0 10.0
82.0 27.0 20.0 10.0
60.0 121.0 20.0 10.0
127.0 130.0 20.0 10.0
136.0 96.0 20.0 10.0
127.0 106.0 20.0 10.0
114.0 63.0 20.0 10.0
62.0 87.0 20.0 10.0
52.0 73.0 20.0 10.0
42.0 69.0 20.0 10.0
114.0 142.0 20.0 10.0
104.0 135.0 20.0 10.0
48.0 65.0 20.0 10.0
112.0 54.0 20.0 10.0
121.0 94.0 20.0 10.0
60.0 110.0 20.0 10.0
45.0 63.0 20.0 10.0
106.0 115.0 20.0 10.0
89.0 130.0 20.0 10.0
75.0 105.0 20.0 10.0
109.0 38.0 20.0 10.0
76.0 109.0 20.0 10.0
127.0 100.0 20.0 10.0
49.0 73.0 20.0 10.0
53.0 105.0 20.0 10.0
114.0 128.0 20.0 10.0
76.0 126.0 20.0 10.0
139.0 121.0 20.0 10.0
57.0 49.0 20.0 10.0
68.0 65.0 20.0 10.0
102.0 51.0 20.0 10.0
64.0 115.0 20.0 10.0
97.0 128.0 20.0 10.0
111.0 85.0 20.0 10.0
62.0 130.0 20.0 10.0
32.0 79.0 20.0 10.0
135.0 107.0 20.0 10.0
66.0 120.0 20.0 10.0
85.0 41.0 20.0 10.0
56.0 69.0 20.0 10.0
111.0 130.0 20.0 10.0
96.0 130.0 20.0 10.0
102.0 37.0 20.0 10.0
57.0 37.0 20.0 10.0
142.0 70.0 20.0 10.0
143.0 108.0 20.0 10.0
72.0 130.0 20.0 10.0
29.0 101.0 20.0 10.0
78.0 114.0 20.0 10.0
70.0 36.0 20.0 10.0
92.0 105.0 20.0 10.0
96.0 111.0 20.0 10.0
137.0 59.0 20.0 10.0
47.0 110.0 20.0 10.0
75.0 52.0 20.0 10.0
69.0 133.0 20.0 10.0
118.0 100.0 20.0 10.0
144.0 58.0 20.0 10.0
41.0 113.0 20.0 10.0
57.0 119.0 20.0 10.0
125.0 119.0 20.0 10.0
71.0 31.0 20.0 10.0
74.0 89.0 20.0 10.0
59.0 46.0 20.0 10.0
126.0 39.0 20.0 10.0
121.0 118.0 20.0 10.0
122.0 56.0 20.0 10.0
25.0 85.0 20.0 10.0
87.0 42.0 20.0 10.0
117.0 132.0 20.0 10.0
88.0 123.0 20.0 10.0
124.0 108.0 20.0 10.0
70.0 108.0 20.0 10.0
111.0 41.0 20.0 10.0
136.0 64.0 20.0 10.0
54.0 126.0 20.0 10.0
116.0 37.0 20.0 10.0
51.0 97.0 20.0 10.0
78.0 29.0 20.0 10.0
106.0 132.0 20.0 10.0
70.0 124.0 20.0 10.0
144.0 95.0 20.0 10.0
132.0 75.0 20.0 10.0
100.0 71.0 20.0 10.0
83.0 45.0 20.0 10.0
54.0 56.0 20.0 10.0
143.0 100.0 20.0 10.0
89.0 144.0 20.0 10.0
60.0 59.0 20.0 10.0
87.0 132.0 20.0 10.0
87.0 33.0 20.0 10.0
67.0 54.0 20.0 10.0
44.0 80.0 20.0 10.0
80.0 126.0 20.0 10.0
51.0 69.0 20.0 10.0
48.0 59.0 20.0 10.0
62.0 48.0 20.0 10.0
132.0 97.0 20.0 10.0
133.0 68.0 20.0 10.0
130.0 59.0 20.0 10.0
88.0 126.0 20.0 10.0
94.0 121.0 20.0 10.0
59.0 53.0 20.0 10.0
93.0 131.0 20.0 10.0
27.0 65.0 20.0 10.0
95.0 135.0 20.0 10.0
106.0 126.0 20.0 10.0
53.0 68.0 20.0 10.0
112.0 65.0 20.0 10.0
64.0 125.0 20.0 10.0
142.0 85.0 20.0 10.0
25.0 112.0 20.0 10.0
27.0 106.0 20.0 10.0
115.0 143.0 20.0 10.0
138.0 89.0 20.0 10.0
149.0 67.0 20.0 10.0
126.0 48.0 20.0 10.0
100.0 141.0 20.0 10.0
80.0 31.0 20.0 10.0
48.0 56.0 20.0 10.0
39.0 66.0 20.0 10.0
109.0 47.0 20.0 10.0
115.0 46.0 20.0 10.0
114.0 57.0 20.0 10.0
120.0 40.0 20.0 10.0
46.0 119.0 20.0 10.0
131.0 62.0 20.0 10.0
53.0 41.0 20.0 10.0
128.0 71.0 20.0 10.0
65.0 47.0 20.0 10.0
120.0 49.0 20.0 10.0
98.0 39.0 20.0 10.0
100.0 54.0 20.0 10.0
34.0 42.0 20.0 10.0
128.0 53.0 20.0 10.0
94.0 39.0 20.0 10.0
137.0 66.0 20.0 10.0
120.0 73.0 20.0 10.0
59.0 128.0 20.0 10.0
34.0 85.0 20.0 10.0
54.0 54.0 20.0 10.0
88.0 118.0 20.0 10.0
131.0 104.0 20.0 10.0
126.0 128.0 20.0 10.0
118.0 126.0 20.0 10.0
40.0 99.0 20.0 10.0
145.0 82.0 20.0 10.0
112.0 100.0 20.0 10.0
90.0 110.0 20.0 10.0
127.0 114.0 20.0 10.0
41.0 47.0 20.0 10.0
69.0 139.0 20.0 10.0
34.0 104.0 20.0 10.0
57.0 104.0 20.0 10.0
91.0 127.0 20.0 10.0
62.0 35.0 20.0 10.0
72.0 110.0 20.0 10.0
110.0 44.0 20.0 10.0
98.0 33.0 20.0 10.0
133.0 111.0 20.0 10.0
130.0 117.0 20.0 10.0
143.0 91.0 20.0 10.0
116.0 134.0 20.0 10.0
40.0 92.0 20.0 10.0
48.0 125.0 20.0 10.0
83.0 132.0 20.0 10.0
80.0 42.0 20.0 10.0
73.0 55.0 20.0 10.0
63.0 134.0 20.0 10.0
116.0 108.0 20.0 10.0
140.0 102.0 20.0 10.0
109.0 134.0 20.0 10.0
136.0 79.0 20.0 10.0
33.0 83.0 20.0 10.0
44.0 93.0 20.0 10.0
113.0 31.0 20.0 10.0
37.0 84.0 20.0 10.0
38.0 118.0 20.0 10.0
130.0 96.0 20.0 10.0
77.0 39.0 20.0 10.0
90.0 32.0 20.0 10.0
92.0 49.0 20.0 10.0
42.0 29.0 20.0 10.0
66.0 116.0 20.0 10.0
132.0 55.0 20.0 10.0
50.0 94.0 20.0 10.0
104.0 44.0 20.0 10.0
144.0 132.0 20.0 10.0
110.0 127.0 20.0 10.0
62.0 51.0 20.0 10.0
136.0 102.0 20.0 10.0
113.0 73.0 20.0 10.0
101.0 130.0 20.0 10.0
51.0 82.0 20.0 10.0
84.0 49.0 20.0 10.0
130.0 47.0 20.0 10.0
48.0 99.0 20.0 10.0
133.0 80.0 20.0 10.0
62.0 111.0 20.0 10.0
64.0 25.0 20.0 10.0
34.0 96.0 20.0 10.0
36.0 73.0 20.0 10.0
75.0 39.0 20.0 10.0
139.0 83.0 20.0 10.0
54.0 48.0 20.0 10.0
