500
96.0 94.0 20.0 10.0
96.0 98.0 20.0 10.0
108.0 96.0 20.0 10.0
94.0 82.0 20.0 10.0
91.0 76.0 20.0 10.0
82.0 87.0 20.0 10.0
91.0 85.0 20.0 10.0
84.0 87.0 20.0 10.0
98.0 85.0 20.0 10.0
100.0 91.0 20.0 10.0
89.0 95.0 20.0 10.0
92.0 93.0 20.0 10.0
91.0 91.0 20.0 10.0
94.0 84.0 20.0 10.0
87.0 89.0 20.0 10.0
77.0 89.0 20.0 10.0
90.0 90.0 20.0 10.0
96.0 73.0 20.0 10.0
84.0 99.0 20.0 10.0
86.0 98.0 20.0 10.0
76.0 83.0 20.0 10.0
92.0 98.0 20.0 10.0
96.0 86.0 20.0 10.0
98.0 91.0 20.0 10.0
63.0 81.0 20.0 10.0
71.0 99.0 20.0 10.0
92.0 100.0 20.0 10.0
68.0 84.0 20.0 10.0
77.0 72.0 20.0 10.0
87.0 108.0 20.0 10.0
100.0 48.0 20.0 10.0
86.0 92.0 20.0 10.0
90.0 82.0 20.0 10.0
94.0 73.0 20.0 10.0
69.0 58.0 20.0 10.0
93.0 79.0 20.0 10.0
93.0 107.0 20.0 10.0
83.0 95.0 20.0 10.0
64.0 72.0 20.0 10.0
88.0 81.0 20.0 10.0
108.0 119.0 20.0 10.0
82.0 121.0 20.0 10.0
97.0 105.0 20.0 10.0
114.0 98.0 20.0 10.0
92.0 72.0 20.0 10.0
100.0 75.0 20.0 10.0
64.0 99.0 20.0 10.0
79.0 112.0 20.0 10.0
105.0 83.0 20.0 10.0
89.0 85.0 20.0 10.0
97.0 80.0 20.0 10.0
79.0 86.0 20.0 10.0
104.0 77.0 20.0 10.0
113.0 105.0 20.0 10.0
73.0 85.0 20.0 10.0
78.0 62.0 20.0 10.0
111.0 76.0 20.0 10.0
99.0 73.0 20.0 10.0
99.0 63.0 20.0 10.0
137.0 92.0 20.0 10.0
96.0 68.0 20.0 10.0
104.0 57.0 20.0 10.0
70.0 96.0 20.0 10.0
84.0 70.0 20.0 10.0
93.0 117.0 20.0 10.0
95.0 114.0 20.0 10.0
99.0 97.0 20.0 10.0
121.0 71.0 20.0 10.0
91.0 111.0 20.0 10.0
64.0 94.0 20.0 10.0
106.0 80.0 20.0 10.0
106.0 95.0 20.0 10.0
108.0 74.0 20.0 10.0
107.0 63.0 20.0 10.0
127.0 103.0 20.0 10.0
66.0 88.0 20.0 10.0
69.0 89.0 20.0 10.0
69.0 78.0 20.0 10.0
99.0 119.0 20.0 10.0
90.0 75.0 20.0 10.0
109.0 69.0 20.0 10.0
102.0 99.0 20.0 10.0
106.0 101.0 20.0 10.0
73.0 76.0 20.0 10.0
104.0 71.0 20.0 10.0
112.0 71.0 20.0 10.0
106.0 103.0 20.0 10.0
92.0 104.0 20.0 10.0
85.0 85.0 20.0 10.0
88.0 99.0 20.0 10.0
75.0 68.0 20.0 10.0
105.0 75.0 20.0 10.0
74.0 91.0 20.0 10.0
87.0 66.0 20.0 10.0
117.0 101.0 20.0 10.0
119.0 78.0 20.0 10.0
112.0 66.0 20.0 10.0
57.0 94.0 20.0 10.0
85.0 76.0 20.0 10.0
71.0 66.0 20.0 10.0
55.0 110.0 20.0 10.0
122.0 94.0 20.0 10.0
49.0 64.0 20.0 10.0
111.0 87.0 20.0 10.0
53.0 107.0 20.0 10.0
82.0 63.0 20.0 10.0
112.0 80.0 20.0 10.0
90.0 65.0 20.0 10.0
91.0 122.0 20.0 10.0
100.0 81.0 20.0 10.0
97.0 56.0 20.0 10.0
97.0 70.0 20.0 10.0
60.0 100.0 20.0 10.0
59.0 73.0 20.0 10.0
140.0 81.0 20.0 10.0
91.0 79.0 20.0 10.0
89.0 51.0 20.0 10.0
46.0 98.0 20.0 10.0
82.0 79.0 20.0 10.0
105.0 49.0 20.0 10.0
70.0 120.0 20.0 10.0
63.0 77.0 20.0 10.0
127.0 86.0 20.0 10.0
58.0 86.0 20.0 10.0
111.0 93.0 20.0 10.0
62.0 66.0 20.0 10.0
89.0 70.0 20.0 10.0
111.0 101.0 20.0 10.0
52.0 61.0 20.0 10.0
50.0 95.0 20.0 10.0
109.0 50.0 20.0 10.0
78.0 56.0 20.0 10.0
50.0 89.0 20.0 10.0
88.0 111.0 20.0 10.0
62.0 114.0 20.0 10.0
53.0 102.0 20.0 10.0
72.0 125.0 20.0 10.0
54.0 99.0 20.0 10.0
53.0 105.0 20.0 10.0
116.0 112.0 20.0 10.0
119.0 96.0 20.0 10.0
57.0 107.0 20.0 10.0
101.0 107.0 20.0 10.0
130.0 90.0 20.0 10.0
77.0 65.0 20.0 10.0
92.0 51.0 20.0 10.0
73.0 82.0 20.0 10.0
109.0 129.0 20.0 10.0
78.0 102.0 20.0 10.0
54.0 81.0 20.0 10.0
80.0 97.0 20.0 10.0
84.0 81.0 20.0 10.0
89.0 113.0 20.0 10.0
84.0 106.0 20.0 10.0
74.0 110.0 20.0 10.0
123.0 75.0 20.0 10.0
100.0 50.0 20.0 10.0
74.0 73.0 20.0 10.0
64.0 90.0 20.0 10.0
85.0 42.0 20.0 10.0
98.0 52.0 20.0 10.0
92.0 107.0 20.0 10.0
122.0 65.0 20.0 10.0
102.0 57.0 20.0 10.0
91.0 132.0 20.0 10.0
42.0 107.0 20.0 10.0
65.0 118.0 20.0 10.0
111.0 53.0 20.0 10.0
107.0 85.0 20.0 10.0
69.0 109.0 20.0 10.0
105.0 87.0 20.0 10.0
93.0 87.0 20.0 10.0
119.0 91.0 20.0 10.0
85.0 115.0 20.0 10.0
87.0 126.0 20.0 10.0
133.0 71.0 20.0 10.0
118.0 60.0 20.0 10.0
79.0 74.0 20.0 10.0
112.0 89.0 20.0 10.0
65.0 63.0 20.0 10.0
73.0 114.0 20.0 10.0
62.0 84.0 20.0 10.0
126.0 82.0 20.0 10.0
48.0 85.0 20.0 10.0
66.0 60.0 20.0 10.0
54.0 124.0 20.0 10.0
103.0 109.0 20.0 10.0
108.0 54.0 20.0 10.0
76.0 57.0 20.0 10.0
121.0 76.0 20.0 10.0
125.0 64.0 20.0 10.0
73.0 120.0 20.0 10.0
117.0 85.0 20.0 10.0
132.0 96.0 20.0 10.0
124.0 89.0 20.0 10.0
86.0 140.0 20.0 10.0
121.0 68.0 20.0 10.0
135.0 66.0 20.0 10.0
122.0 101.0 20.0 10.0
116.0 107.0 20.0 10.0
99.0 144.0 20.0 10.0
56.0 60.0 20.0 10.0
52.0 59.0 20.0 10.0
55.0 74.0 20.0 10.0
102.0 60.0 20.0 10.0
131.0 107.0 20.0 10.0
93.0 63.0 20.0 10.0
68.0 102.0 20.0 10.0
97.0 125.0 20.0 10.0
76.0 48.0 20.0 10.0
127.0 121.0 20.0 10.0
106.0 108.0 20.0 10.0
67.0 115.0 20.0 10.0
72.0 32.0 20.0 10.0
120.0 56.0 20.0 10.0
55.0 83.0 20.0 10.0
101.0 39.0 20.0 10.0
102.0 114.0 20.0 10.0
128.0 38.0 20.0 10.0
127.0 67.0 20.0 10.0
75.0 94.0 20.0 10.0
74.0 128.0 20.0 10.0
137.0 108.0 20.0 10.0
89.0 136.0 20.0 10.0
81.0 42.0 20.0 10.0
144.0 71.0 20.0 10.0
112.0 60.0 20.0 10.0
80.0 57.0 20.0 10.0
111.0 44.0 20.0 10.0
128.0 111.0 20.0 10.0
126.0 96.0 20.0 10.0
117.0 40.0 20.0 10.0
66.0 98.0 20.0 10.0
53.0 71.0 20.0 10.0
127.0 46.0 20.0 10.0
117.0 68.0 20.0 10.0
66.0 52.0 20.0 10.0
94.0 55.0 20.0 10.0
132.0 102.0 20.0 10.0
82.0 110.0 20.0 10.0
95.0 49.0 20.0 10.0
125.0 98.0 20.0 10.0
68.0 65.0 20.0 10.0
137.0 97.0 20.0 10.0
96.0 35.0 20.0 10.0
103.0 90.0 20.0 10.0
109.0 105.0 20.0 10.0
72.0 50.0 20.0 10.0
120.0 89.0 20.0 10.0
82.0 74.0 20.0 10.0
96.0 121.0 20.0 10.0
112.0 107.0 20.0 10.0
140.0 97.0 20.0 10.0
69.0 122.0 20.0 10.0
48.0 105.0 20.0 10.0
49.0 75.0 20.0 10.0
76.0 121.0 20.0 10.0
91.0 36.0 20.0 10.0
60.0 62.0 20.0 10.0
69.0 73.0 20.0 10.0
38.0 79.0 20.0 10.0
53.0 93.0 20.0 10.0
99.0 101.0 20.0 10.0
108.0 56.0 20.0 10.0
123.0 121.0 20.0 10.0
47.0 79.0 20.0 10.0
66.0 77.0 20.0 10.0
127.0 113.0 20.0 10.0
127.0 88.0 20.0 10.0
60.0 119.0 20.0 10.0
70.0 103.0 20.0 10.0
71.0 52.0 20.0 10.0
122.0 116.0 20.0 10.0
135.0 82.0 20.0 10.0
102.0 53.0 20.0 10.0
81.0 81.0 20.0 10.0
104.0 121.0 20.0 10.0
91.0 116.0 20.0 10.0
120.0 83.0 20.0 10.0
77.0 96.0 20.0 10.0
129.0 84.0 20.0 10.0
95.0 103.0 20.0 10.0
85.0 121.0 20.0 10.0
60.0 115.0 20.0 10.0
84.0 102.0 20.0 10.0
82.0 125.0 20.0 10.0
132.0 50.0 20.0 10.0
83.0 139.0 20.0 10.0
62.0 122.0 20.0 10.0
136.0 55.0 20.0 10.0
71.0 58.0 20.0 10.0
77.0 113.0 20.0 10.0
59.0 67.0 20.0 10.0
115.0 123.0 20.0 10.0
53.0 83.0 20.0 10.0
120.0 108.0 20.0 10.0
128.0 50.0 20.0 10.0
62.0 52.0 20.0 10.0
67.0 118.0 20.0 10.0
57.0 54.0 20.0 10.0
38.0 61.0 20.0 10.0
122.0 64.0 20.0 10.0
65.0 71.0 20.0 10.0
79.0 35.0 20.0 10.0
59.0 125.0 20.0 10.0
89.0 44.0 20.0 10.0
70.0 130.0 20.0 10.0
55.0 62.0 20.0 10.0
132.0 110.0 20.0 10.0
108.0 132.0 20.0 10.0
57.0 76.0 20.0 10.0
116.0 64.0 20.0 10.0
56.0 69.0 20.0 10.0
88.0 59.0 20.0 10.0
117.0 57.0 20.0 10.0
74.0 46.0 20.0 10.0
66.0 124.0 20.0 10.0
41.0 91.0 20.0 10.0
132.0 77.0 20.0 10.0
73.0 143.0 20.0 10.0
145.0 55.0 20.0 10.0
107.0 41.0 20.0 10.0
119.0 104.0 20.0 10.0
51.0 98.0 20.0 10.0
131.0 61.0 20.0 10.0
138.0 67.0 20.0 10.0
70.0 47.0 20.0 10.0
124.0 115.0 20.0 10.0
116.0 133.0 20.0 10.0
113.0 128.0 20.0 10.0
40.0 83.0 20.0 10.0
66.0 131.0 20.0 10.0
97.0 135.0 20.0 10.0
143.0 89.0 20.0 10.0
144.0 117.0 20.0 10.0
125.0 61.0 20.0 10.0
111.0 112.0 20.0 10.0
136.0 73.0 20.0 10.0
132.0 116.0 20.0 10.0
104.0 133.0 20.0 10.0
131.0 70.0 20.0 10.0
112.0 57.0 20.0 10.0
85.0 29.0 20.0 10.0
83.0 59.0 20.0 10.0
96.0 130.0 20.0 10.0
81.0 137.0 20.0 10.0
114.0 85.0 20.0 10.0
41.0 75.0 20.0 10.0
124.0 36.0 20.0 10.0
39.0 98.0 20.0 10.0
134.0 101.0 20.0 10.0
140.0 86.0 20.0 10.0
130.0 58.0 20.0 10.0
113.0 51.0 20.0 10.0
85.0 135.0 20.0 10.0
59.0 95.0 20.0 10.0
57.0 98.0 20.0 10.0
93.0 34.0 20.0 10.0
117.0 61.0 20.0 10.0
124.0 45.0 20.0 10.0
101.0 141.0 20.0 10.0
117.0 114.0 20.0 10.0
81.0 129.0 20.0 10.0
119.0 118.0 20.0 10.0
69.0 135.0 20.0 10.0
107.0 123.0 20.0 10.0
136.0 78.0 20.0 10.0
111.0 124.0 20.0 10.0
53.0 89.0 20.0 10.0
114.0 75.0 20.0 10.0
124.0 135.0 20.0 10.0
105.0 146.0 20.0 10.0
100.0 129.0 20.0 10.0
79.0 68.0 20.0 10.0
116.0 95.0 20.0 10.0
131.0 80.0 20.0 10.0
149.0 84.0 20.0 10.0
98.0 30.0 20.0 10.0
93.0 138.0 20.0 10.0
51.0 80.0 20.0 10.0
138.0 114.0 20.0 10.0
128.0 118.0 20.0 10.0
69.0 35.0 20.0 10.0
127.0 57.0 20.0 10.0
50.0 72.0 20.0 10.0
98.0 132.0 20.0 10.0
147.0 68.0 20.0 10.0
66.0 112.0 20.0 10.0
119.0 125.0 20.0 10.0
124.0 25.0 20.0 10.0
62.0 93.0 20.0 10.0
46.0 103.0 20.0 10.0
138.0 102.0 20.0 10.0
63.0 143.0 20.0 10.0
59.0 116.0 20.0 10.0
84.0 49.0 20.0 10.0
143.0 83.0 20.0 10.0
57.0 141.0 20.0 10.0
71.0 42.0 20.0 10.0
48.0 62.0 20.0 10.0
98.0 38.0 20.0 10.0
33.0 59.0 20.0 10.0
75.0 104.0 20.0 10.0
62.0 46.0 20.0 10.0
60.0 109.0 20.0 10.0
51.0 51.0 20.0 10.0
136.0 76.0 20.0 10.0
120.0 135.0 20.0 10.0
82.0 48.0 20.0 10.0
103.0 125.0 20.0 10.0
44.0 71.0 20.0 10.0
34.0 88.0 20.0 10.0
68.0 106.0 20.0 10.0
118.0 51.0 20.0 10.0
125.0 78.0 20.0 10.0
97.0 64.0 20.0 10.0
135.0 85.0 20.0 10.0
101.0 131.0 20.0 10.0
72.0 64.0 20.0 10.0
49.0 92.0 20.0 10.0
75.0 40.0 20.0 10.0
133.0 122.0 20.0 10.0
89.0 132.0 20.0 10.0
141.0 108.0 20.0 10.0
142.0 103.0 20.0 10.0
81.0 51.0 20.0 10.0
140.0 78.0 20.0 10.0
107.0 36.0 20.0 10.0
130.0 72.0 20.0 10.0
127.0 126.0 20.0 10.0
48.0 111.0 20.0 10.0
120.0 48.0 20.0 10.0
128.0 108.0 20.0 10.0
77.0 136.0 20.0 10.0
91.0 57.0 20.0 10.0
120.0 120.0 20.0 10.0
48.0 67.0 20.0 10.0
73.0 62.0 20.0 10.0
40.0 87.0 20.0 10.0
109.0 139.0 20.0 10.0
65.0 44.0 20.0 10.0
112.0 132.0 20.0 10.0
114.0 46.0 20.0 10.0
97.0 41.0 20.0 10.0
25.0 94.0 20.0 10.0
77.0 124.0 20.0 10.0
36.0 106.0 20.0 10.0
138.0 94.0 20.0 10.0
78.0 30.0 20.0 10.0
43.0 89.0 20.0 10.0
87.0 56.0 20.0 10.0
100.0 42.0 20.0 10.0
105.0 140.0 20.0 10.0
41.0 112.0 20.0 10.0
44.0 67.0 20.0 10.0
62.0 106.0 20.0 10.0
116.0 145.0 20.0 10.0
113.0 115.0 20.0 10.0
26.0 69.0 20.0 10.0
87.0 45.0 20.0 10.0
143.0 96.0 20.0 10.0
129.0 95.0 20.0 10.0
38.0 116.0 20.0 10.0
46.0 61.0 20.0 10.0
54.0 114.0 20.0 10.0
122.0 51.0 20.0 10.0
112.0 117.0 20.0 10.0
61.0 58.0 20.0 10.0
136.0 138.0 20.0 10.0
29.0 98.0 20.0 10.0
49.0 117.0 20.0 10.0
55.0 120.0 20.0 10.0
68.0 50.0 20.0 10.0
54.0 133.0 20.0 10.0
95.0 141.0 20.0 10.0
83.0 36.0 20.0 10.0
134.0 63.0 20.0 10.0
44.0 108.0 20.0 10.0
58.0 51.0 20.0 10.0
122.0 126.0 20.0 10.0
98.0 114.0 20.0 10.0
105.0 26.0 20.0 10.0
51.0 86.0 20.0 10.0
143.0 67.0 20.0 10.0
59.0 129.0 20.0 10.0
116.0 55.0 20.0 10.0
79.0 125.0 20.0 10.0
28.0 103.0 20.0 10.0
148.0 104.0 20.0 10.0
147.0 92.0 20.0 10.0
114.0 141.0 20.0 10.0
47.0 84.0 20.0 10.0
73.0 134.0 20.0 10.0
77.0 118.0 20.0 10.0
88.0 30.0 20.0 10.0
56.0 47.0 20.0 10.0
90.0 39.0 20.0 10.0
104.0 46.0 20.0 10.0
90.0 128.0 20.0 10.0
117.0 76.0 20.0 10.0
