500
94.0 82.0 20.0 10.0
98.0 89.0 20.0 10.0
96.0 86.0 20.0 10.0
90.0 84.0 20.0 10.0
93.0 96.0 20.0 10.0
97.0 99.0 20.0 10.0
100.0 91.0 20.0 10.0
94.0 93.0 20.0 10.0
87.0 83.0 20.0 10.0
86.0 89.0 20.0 10.0
103.0 87.0 20.0 10.0
85.0 87.0 20.0 10.0
106.0 94.0 20.0 10.0
93.0 76.0 20.0 10.0
97.0 86.0 20.0 10.0
109.0 91.0 20.0 10.0
80.0 91.0 20.0 10.0
93.0 88.0 20.0 10.0
102.0 74.0 20.0 10.0
98.0 82.0 20.0 10.0
90.0 92.0 20.0 10.0
97.0 110.0 20.0 10.0
91.0 82.0 20.0 10.0
100.0 90.0 20.0 10.0
113.0 76.0 20.0 10.0
103.0 91.0 20.0 10.0
96.0 103.0 20.0 10.0
85.0 69.0 20.0 10.0
100.0 62.0 20.0 10.0
101.0 116.0 20.0 10.0
57.0 106.0 20.0 10.0
101.0 99.0 20.0 10.0
81.0 76.0 20.0 10.0
107.0 77.0 20.0 10.0
131.0 110.0 20.0 10.0
62.0 106.0 20.0 10.0
67.0 62.0 20.0 10.0
71.0 78.0 20.0 10.0
88.0 80.0 20.0 10.0
94.0 108.0 20.0 10.0
87.0 114.0 20.0 10.0
65.0 94.0 20.0 10.0
68.0 80.0 20.0 10.0
110.0 101.0 20.0 10.0
87.0 100.0 20.0 10.0
89.0 66.0 20.0 10.0
71.0 109.0 20.0 10.0
69.0 106.0 20.0 10.0
78.0 74.0 20.0 10.0
42.0 82.0 20.0 10.0
105.0 105.0 20.0 10.0
71.0 100.0 20.0 10.0
93.0 116.0 20.0 10.0
115.0 68.0 20.0 10.0
82.0 91.0 20.0 10.0
96.0 113.0 20.0 10.0
64.0 73.0 20.0 10.0
115.0 72.0 20.0 10.0
103.0 81.0 20.0 10.0
90.0 87.0 20.0 10.0
87.0 51.0 20.0 10.0
59.0 98.0 20.0 10.0
121.0 76.0 20.0 10.0
92.0 58.0 20.0 10.0
56.0 74.0 20.0 10.0
78.0 100.0 20.0 10.0
92.0 69.0 20.0 10.0
108.0 99.0 20.0 10.0
90.0 50.0 20.0 10.0
126.0 95.0 20.0 10.0
124.0 70.0 20.0 10.0
95.0 74.0 20.0 10.0
99.0 67.0 20.0 10.0
119.0 61.0 20.0 10.0
75.0 66.0 20.0 10.0
77.0 75.0 20.0 10.0
102.0 61.0 20.0 10.0
86.0 93.0 20.0 10.0
99.0 102.0 20.0 10.0
121.0 81.0 20.0 10.0
102.0 78.0 20.0 10.0
89.0 127.0 20.0 10.0
92.0 122.0 20.0 10.0
121.0 85.0 20.0 10.0
107.0 66.0 20.0 10.0
85.0 126.0 20.0 10.0
107.0 106.0 20.0 10.0
90.0 139.0 20.0 10.0
102.0 105.0 20.0 10.0
77.0 63.0 20.0 10.0
124.0 111.0 20.0 10.0
118.0 74.0 20.0 10.0
66.0 99.0 20.0 10.0
72.0 89.0 20.0 10.0
133.0 82.0 20.0 10.0
118.0 93.0 20.0 10.0
128.0 99.0 20.0 10.0
68.0 95.0 20.0 10.0
73.0 96.0 20.0 10.0
75.0 104.0 20.0 10.0
72.0 117.0 20.0 10.0
83.0 105.0 20.0 10.0
95.0 69.0 20.0 10.0
92.0 65.0 20.0 10.0
59.0 102.0 20.0 10.0
74.0 80.0 20.0 10.0
114.0 54.0 20.0 10.0
93.0 61.0 20.0 10.0
58.0 61.0 20.0 10.0
70.0 85.0 20.0 10.0
98.0 118.0 20.0 10.0
122.0 87.0 20.0 10.0
104.0 73.0 20.0 10.0
104.0 66.0 20.0 10.0
96.0 47.0 20.0 10.0
107.0 118.0 20.0 10.0
56.0 96.0 20.0 10.0
98.0 93.0 20.0 10.0
130.0 95.0 20.0 10.0
111.0 63.0 20.0 10.0
121.0 66.0 20.0 10.0
113.0 87.0 20.0 10.0
105.0 83.0 20.0 10.0
106.0 121.0 20.0 10.0
121.0 57.0 20.0 10.0
60.0 94.0 20.0 10.0
113.0 81.0 20.0 10.0
91.0 105.0 20.0 10.0
112.0 59.0 20.0 10.0
110.0 89.0 20.0 10.0
127.0 118.0 20.0 10.0
68.0 76.0 20.0 10.0
68.0 114.0 20.0 10.0
67.0 102.0 20.0 10.0
90.0 70.0 20.0 10.0
98.0 106.0 20.0 10.0
125.0 83.0 20.0 10.0
112.0 117.0 20.0 10.0
90.0 60.0 20.0 10.0
125.0 73.0 20.0 10.0
68.0 57.0 20.0 10.0
66.0 40.0 20.0 10.0
72.0 58.0 20.0 10.0
105.0 61.0 20.0 10.0
76.0 109.0 20.0 10.0
76.0 90.0 20.0 10.0
115.0 90.0 20.0 10.0
87.0 70.0 20.0 10.0
122.0 91.0 20.0 10.0
86.0 55.0 20.0 10.0
72.0 81.0 20.0 10.0
112.0 109.0 20.0 10.0
100.0 109.0 20.0 10.0
74.0 55.0 20.0 10.0
63.0 97.0 20.0 10.0
73.0 71.0 20.0 10.0
79.0 105.0 20.0 10.0
106.0 108.0 20.0 10.0
79.0 43.0 20.0 10.0
58.0 88.0 20.0 10.0
135.0 91.0 20.0 10.0
85.0 139.0 20.0 10.0
43.0 89.0 20.0 10.0
53.0 87.0 20.0 10.0
58.0 77.0 20.0 10.0
97.0 63.0 20.0 10.0
69.0 63.0 20.0 10.0
88.0 108.0 20.0 10.0
132.0 126.0 20.0 10.0
73.0 101.0 20.0 10.0
89.0 56.0 20.0 10.0
61.0 86.0 20.0 10.0
128.0 103.0 20.0 10.0
126.0 66.0 20.0 10.0
59.0 72.0 20.0 10.0
67.0 83.0 20.0 10.0
80.0 68.0 20.0 10.0
94.0 44.0 20.0 10.0
143.0 88.0 20.0 10.0
48.0 104.0 20.0 10.0
96.0 123.0 20.0 10.0
130.0 106.0 20.0 10.0
47.0 72.0 20.0 10.0
59.0 75.0 20.0 10.0
79.0 79.0 20.0 10.0
123.0 95.0 20.0 10.0
119.0 100.0 20.0 10.0
122.0 58.0 20.0 10.0
50.0 103.0 20.0 10.0
95.0 101.0 20.0 10.0
93.0 110.0 20.0 10.0
100.0 45.0 20.0 10.0
109.0 93.0 20.0 10.0
104.0 85.0 20.0 10.0
55.0 112.0 20.0 10.0
84.0 66.0 20.0 10.0
58.0 69.0 20.0 10.0
77.0 129.0 20.0 10.0
91.0 45.0 20.0 10.0
100.0 121.0 20.0 10.0
111.0 96.0 20.0 10.0
69.0 69.0 20.0 10.0
87.0 43.0 20.0 10.0
47.0 100.0 20.0 10.0
78.0 85.0 20.0 10.0
79.0 122.0 20.0 10.0
129.0 92.0 20.0 10.0
59.0 83.0 20.0 10.0
79.0 115.0 20.0 10.0
73.0 87.0 20.0 10.0
85.0 73.0 20.0 10.0
88.0 123.0 20.0 10.0
80.0 111.0 20.0 10.0
95.0 53.0 20.0 10.0
90.0 63.0 20.0 10.0
132.0 108.0 20.0 10.0
105.0 113.0 20.0 10.0
43.0 72.0 20.0 10.0
142.0 101.0 20.0 10.0
116.0 117.0 20.0 10.0
100.0 131.0 20.0 10.0
58.0 50.0 20.0 10.0
125.0 105.0 20.0 10.0
117.0 125.0 20.0 10.0
61.0 81.0 20.0 10.0
54.0 66.0 20.0 10.0
105.0 37.0 20.0 10.0
124.0 121.0 20.0 10.0
98.0 72.0 20.0 10.0
44.0 114.0 20.0 10.0
73.0 49.0 20.0 10.0
120.0 44.0 20.0 10.0
51.0 76.0 20.0 10.0
137.0 55.0 20.0 10.0
56.0 84.0 20.0 10.0
138.0 62.0 20.0 10.0
107.0 54.0 20.0 10.0
82.0 130.0 20.0 10.0
131.0 98.0 20.0 10.0
140.0 69.0 20.0 10.0
101.0 103.0 20.0 10.0
106.0 128.0 20.0 10.0
135.0 111.0 20.0 10.0
113.0 52.0 20.0 10.0
115.0 59.0 20.0 10.0
62.0 138.0 20.0 10.0
111.0 126.0 20.0 10.0
109.0 74.0 20.0 10.0
90.0 113.0 20.0 10.0
123.0 108.0 20.0 10.0
43.0 40.0 20.0 10.0
99.0 56.0 20.0 10.0
89.0 133.0 20.0 10.0
95.0 51.0 20.0 10.0
82.0 125.0 20.0 10.0
126.0 129.0 20.0 10.0
49.0 119.0 20.0 10.0
112.0 113.0 20.0 10.0
134.0 122.0 20.0 10.0
117.0 103.0 20.0 10.0
119.0 121.0 20.0 10.0
121.0 117.0 20.0 10.0
124.0 98.0 20.0 10.0
80.0 97.0 20.0 10.0
67.0 132.0 20.0 10.0
62.0 63.0 20.0 10.0
132.0 87.0 20.0 10.0
128.0 67.0 20.0 10.0
65.0 88.0 20.0 10.0
63.0 117.0 20.0 10.0
116.0 115.0 20.0 10.0
104.0 44.0 20.0 10.0
57.0 119.0 20.0 10.0
95.0 115.0 20.0 10.0
89.0 97.0 20.0 10.0
102.0 135.0 20.0 10.0
82.0 79.0 20.0 10.0
82.0 51.0 20.0 10.0
112.0 145.0 20.0 10.0
72.0 40.0 20.0 10.0
121.0 48.0 20.0 10.0
98.0 127.0 20.0 10.0
82.0 34.0 20.0 10.0
100.0 138.0 20.0 10.0
94.0 140.0 20.0 10.0
121.0 71.0 20.0 10.0
62.0 79.0 20.0 10.0
145.0 73.0 20.0 10.0
65.0 67.0 20.0 10.0
56.0 79.0 20.0 10.0
138.0 82.0 20.0 10.0
119.0 109.0 20.0 10.0
105.0 75.0 20.0 10.0
59.0 116.0 20.0 10.0
79.0 107.0 20.0 10.0
112.0 122.0 20.0 10.0
129.0 135.0 20.0 10.0
105.0 34.0 20.0 10.0
78.0 126.0 20.0 10.0
123.0 103.0 20.0 10.0
66.0 128.0 20.0 10.0
71.0 93.0 20.0 10.0
52.0 83.0 20.0 10.0
62.0 55.0 20.0 10.0
44.0 110.0 20.0 10.0
105.0 132.0 20.0 10.0
73.0 114.0 20.0 10.0
85.0 98.0 20.0 10.0
95.0 35.0 20.0 10.0
132.0 101.0 20.0 10.0
146.0 100.0 20.0 10.0
143.0 113.0 20.0 10.0
56.0 38.0 20.0 10.0
140.0 75.0 20.0 10.0
136.0 114.0 20.0 10.0
49.0 50.0 20.0 10.0
98.0 25.0 20.0 10.0
136.0 103.0 20.0 10.0
138.0 48.0 20.0 10.0
59.0 139.0 20.0 10.0
35.0 41.0 20.0 10.0
139.0 91.0 20.0 10.0
126.0 52.0 20.0 10.0
127.0 39.0 20.0 10.0
117.0 56.0 20.0 10.0
115.0 50.0 20.0 10.0
117.0 106.0 20.0 10.0
112.0 41.0 20.0 10.0
49.0 84.0 20.0 10.0
116.0 39.0 20.0 10.0
69.0 121.0 20.0 10.0
76.0 70.0 20.0 10.0
102.0 123.0 20.0 10.0
113.0 136.0 20.0 10.0
51.0 54.0 20.0 10.0
131.0 49.0 20.0 10.0
110.0 70.0 20.0 10.0
130.0 63.0 20.0 10.0
120.0 115.0 20.0 10.0
70.0 126.0 20.0 10.0
135.0 86.0 20.0 10.0
84.0 119.0 20.0 10.0
81.0 59.0 20.0 10.0
50.0 111.0 20.0 10.0
113.0 63.0 20.0 10.0
108.0 136.0 20.0 10.0
125.0 78.0 20.0 10.0
108.0 51.0 20.0 10.0
44.0 95.0 20.0 10.0
68.0 117.0 20.0 10.0
104.0 27.0 20.0 10.0
143.0 75.0 20.0 10.0
117.0 99.0 20.0 10.0
76.0 147.0 20.0 10.0
132.0 90.0 20.0 10.0
38.0 96.0 20.0 10.0
116.0 142.0 20.0 10.0
129.0 140.0 20.0 10.0
129.0 124.0 20.0 10.0
80.0 119.0 20.0 10.0
101.0 125.0 20.0 10.0
105.0 52.0 20.0 10.0
87.0 35.0 20.0 10.0
138.0 130.0 20.0 10.0
59.0 46.0 20.0 10.0
80.0 135.0 20.0 10.0
131.0 74.0 20.0 10.0
125.0 133.0 20.0 10.0
95.0 131.0 20.0 10.0
131.0 70.0 20.0 10.0
90.0 40.0 20.0 10.0
141.0 108.0 20.0 10.0
37.0 107.0 20.0 10.0
117.0 138.0 20.0 10.0
67.0 43.0 20.0 10.0
79.0 54.0 20.0 10.0
85.0 43.0 20.0 10.0
116.0 135.0 20.0 10.0
119.0 51.0 20.0 10.0
112.0 45.0 20.0 10.0
50.0 63.0 20.0 10.0
154.0 80.0 20.0 10.0
84.0 39.0 20.0 10.0
123.0 81.0 20.0 10.0
137.0 72.0 20.0 10.0
77.0 113.0 20.0 10.0
130.0 117.0 20.0 10.0
130.0 114.0 20.0 10.0
72.0 126.0 20.0 10.0
53.0 122.0 20.0 10.0
107.0 41.0 20.0 10.0
109.0 34.0 20.0 10.0
54.0 69.0 20.0 10.0
73.0 134.0 20.0 10.0
58.0 124.0 20.0 10.0
58.0 63.0 20.0 10.0
90.0 129.0 20.0 10.0
81.0 39.0 20.0 10.0
106.0 31.0 20.0 10.0
115.0 130.0 20.0 10.0
91.0 71.0 20.0 10.0
44.0 117.0 20.0 10.0
65.0 76.0 20.0 10.0
146.0 121.0 20.0 10.0
124.0 118.0 20.0 10.0
145.0 89.0 20.0 10.0
61.0 112.0 20.0 10.0
83.0 50.0 20.0 10.0
61.0 91.0 20.0 10.0
58.0 109.0 20.0 10.0
143.0 66.0 20.0 10.0
62.0 102.0 20.0 10.0
56.0 104.0 20.0 10.0
62.0 51.0 20.0 10.0
50.0 66.0 20.0 10.0
83.0 136.0 20.0 10.0
43.0 123.0 20.0 10.0
141.0 62.0 20.0 10.0
142.0 85.0 20.0 10.0
120.0 129.0 20.0 10.0
123.0 52.0 20.0 10.0
130.0 42.0 20.0 10.0
50.0 93.0 20.0 10.0
42.0 107.0 20.0 10.0
58.0 44.0 20.0 10.0
71.0 26.0 20.0 10.0
70.0 50.0 20.0 10.0
100.0 35.0 20.0 10.0
146.0 96.0 20.0 10.0
127.0 109.0 20.0 10.0
157.0 93.0 20.0 10.0
116.0 150.0 20.0 10.0
75.0 43.0 20.0 10.0
132.0 60.0 20.0 10.0
44.0 91.0 20.0 10.0
56.0 47.0 20.0 10.0
91.0 47.0 20.0 10.0
50.0 58.0 20.0 10.0
142.0 80.0 20.0 10.0
128.0 86.0 20.0 10.0
82.0 128.0 20.0 10.0
151.0 104.0 20.0 10.0
149.0 96.0 20.0 10.0
147.0 57.0 20.0 10.0
155.0 110.0 20.0 10.0
72.0 138.0 20.0 10.0
90.0 152.0 20.0 10.0
115.0 66.0 20.0 10.0
139.0 65.0 20.0 10.0
57.0 130.0 20.0 10.0
53.0 92.0 20.0 10.0
65.0 58.0 20.0 10.0
43.0 64.0 20.0 10.0
107.0 46.0 20.0 10.0
119.0 33.0 20.0 10.0
124.0 62.0 20.0 10.0
63.0 46.0 20.0 10.0
101.0 148.0 20.0 10.0
28.0 108.0 20.0 10.0
37.0 112.0 20.0 10.0
94.0 136.0 20.0 10.0
57.0 127.0 20.0 10.0
43.0 70.0 20.0 10.0
93.0 130.0 20.0 10.0
137.0 97.0 20.0 10.0
25.0 80.0 20.0 10.0
77.0 33.0 20.0 10.0
38.0 101.0 20.0 10.0
124.0 128.0 20.0 10.0
135.0 78.0 20.0 10.0
138.0 125.0 20.0 10.0
62.0 127.0 20.0 10.0
69.0 38.0 20.0 10.0
42.0 87.0 20.0 10.0
155.0 112.0 20.0 10.0
78.0 60.0 20.0 10.0
90.0 147.0 20.0 10.0
124.0 29.0 20.0 10.0
111.0 155.0 20.0 10.0
45.0 76.0 20.0 10.0
43.0 58.0 20.0 10.0
93.0 30.0 20.0 10.0
98.0 142.0 20.0 10.0
124.0 142.0 20.0 10.0
138.0 100.0 20.0 10.0
112.0 131.0 20.0 10.0
133.0 66.0 20.0 10.0
63.0 122.0 20.0 10.0
66.0 142.0 20.0 10.0
74.0 121.0 20.0 10.0
54.0 90.0 20.0 10.0
129.0 79.0 20.0 10.0
30.0 94.0 20.0 10.0
67.0 52.0 20.0 10.0
71.0 43.0 20.0 10.0
80.0 147.0 20.0 10.0
49.0 128.0 20.0 10.0
40.0 78.0 20.0 10.0
102.0 55.0 20.0 10.0
126.0 58.0 20.0 10.0
