500
92.0 85.0 20.0 10.0
88.0 84.0 20.0 10.0
99.0 88.0 20.0 10.0
95.0 80.0 20.0 10.0
92.0 83.0 20.0 10.0
89.0 82.0 20.0 10.0
85.0 83.0 20.0 10.0
93.0 87.0 20.0 10.0
86.0 85.0 20.0 10.0
99.0 94.0 20.0 10.0
97.0 77.0 20.0 10.0
94.0 77.0 20.0 10.0
101.0 81.0 20.0 10.0
92.0 67.0 20.0 10.0
86.0 86.0 20.0 10.0
98.0 102.0 20.0 10.0
111.0 89.0 20.0 10.0
101.0 83.0 20.0 10.0
80.0 69.0 20.0 10.0
92.0 78.0 20.0 10.0
104.0 73.0 20.0 10.0
99.0 85.0 20.0 10.0
111.0 84.0 20.0 10.0
101.0 91.0 20.0 10.0
91.0 92.0 20.0 10.0
82.0 88.0 20.0 10.0
80.0 75.0 20.0 10.0
107.0 80.0 20.0 10.0
83.0 75.0 20.0 10.0
88.0 77.0 20.0 10.0
93.0 95.0 20.0 10.0
97.0 82.0 20.0 10.0
95.0 65.0 20.0 10.0
78.0 81.0 20.0 10.0
83.0 72.0 20.0 10.0
98.0 73.0 20.0 10.0
104.0999984741211 73.0 20.0 10.0
113.0 84.0 20.0 10.0
103.0 88.0 20.0 10.0
101.0 96.0 20.0 10.0
109.0 72.0 20.0 10.0
78.0 97.0 20.0 10.0
71.0 67.0 20.0 10.0
94.0 97.0 20.0 10.0
102.0 116.0 20.0 10.0
107.0 71.0 20.0 10.0
126.0 82.0 20.0 10.0
103.0 78.0 20.0 10.0
103.0 85.0 20.0 10.0
114.0 106.0 20.0 10.0
79.0 88.0 20.0 10.0
99.0 100.0 20.0 10.0
93.0 69.0 20.0 10.0
93.0 90.0 20.0 10.0
108.0 91.0 20.0 10.0
123.0 78.0 20.0 10.0
114.0 59.0 20.0 10.0
89.0 74.0 20.0 10.0
58.0 99.0 20.0 10.0
94.0 108.0 20.0 10.0
74.0 111.0 20.0 10.0
72.0 84.0 20.0 10.0
78.0 71.0 20.0 10.0
70.0 94.0 20.0 10.0
74.0 94.0 20.0 10.0
78.0 77.0 20.0 10.0
115.0 82.0 20.0 10.0
83.0 101.0 20.0 10.0
105.0 68.0 20.0 10.0
99.0 107.0 20.0 10.0
56.0 86.0 20.0 10.0
106.0 52.0 20.0 10.0
67.0 103.0 20.0 10.0
111.0 123.0 20.0 10.0
80.0 93.0 20.0 10.0
64.0 87.0 20.0 10.0
109.0 97.0 20.0 10.0
68.0 71.0 20.0 10.0
103.0 100.0 20.0 10.0
124.0 107.0 20.0 10.0
126.0 109.0 20.0 10.0
94.0 86.0 20.0 10.0
114.0 76.0 20.0 10.0
74.0 91.0 20.0 10.0
118.0 66.0 20.0 10.0
102.0 42.0 20.0 10.0
110.0 86.0 20.0 10.0
54.0 90.0 20.0 10.0
106.0 94.0 20.0 10.0
106.0 111.0 20.0 10.0
113.0 64.0 20.0 10.0
95.0 75.0 20.0 10.0
92.0 60.0 20.0 10.0
88.0 49.0 20.0 10.0
92.0 115.0 20.0 10.0
91.0 101.0 20.0 10.0
64.0 58.0 20.0 10.0
126.0 102.0 20.0 10.0
88.0 112.0 20.0 10.0
119.0 103.0 20.0 10.0
118.0 69.0 20.0 10.0
91.0 65.0 20.0 10.0
106.0 86.0 20.0 10.0
83.0 96.0 20.0 10.0
129.0 79.0 20.0 10.0
57.0 84.0 20.0 10.0
73.0 100.0 20.0 10.0
105.0 90.0 20.0 10.0
109.0 112.0 20.0 10.0
59.0 96.0 20.0 10.0
71.0 63.0 20.0 10.0
79.0 60.0 20.0 10.0
126.0 55.0 20.0 10.0
53.0 79.0 20.0 10.0
111.0 60.0 20.0 10.0
127.0 88.0 20.0 10.0
108.0 53.0 20.0 10.0
78.0 120.0 20.0 10.0
93.0 42.0 20.0 10.0
117.0 105.0 20.0 10.0
81.0 63.0 20.0 10.0
51.0 99.0 20.0 10.0
65.0 101.0 20.0 10.0
85.0 71.0 20.0 10.0
76.0 88.0 20.0 10.0
113.0 111.0 20.0 10.0
69.0 76.0 20.0 10.0
119.0 98.0 20.0 10.0
52.0 109.0 20.0 10.0
126.0 98.0 20.0 10.0
80.0 110.0 20.0 10.0
68.0 54.0 20.0 10.0
57.0 103.0 20.0 10.0
107.0 115.0 20.0 10.0
65.0 74.0 20.0 10.0
84.0 116.0 20.0 10.0
123.0 59.0 20.0 10.0
89.0 102.0 20.0 10.0
55.0 97.0 20.0 10.0
138.0 85.0 20.0 10.0
112.0 117.0 20.0 10.0
67.0 82.0 20.0 10.0
110.0 103.0 20.0 10.0
65.0 94.0 20.0 10.0
89.0 118.0 20.0 10.0
71.0 104.0 20.0 10.0
62.0 113.0 20.0 10.0
84.0 106.0 20.0 10.0
129.0 105.0 20.0 10.0
101.0 50.0 20.0 10.0
67.0 112.0 20.0 10.0
106.0 106.0 20.0 10.0
50.0 64.0 20.0 10.0
85.0 114.0 20.0 10.0
69.0 58.0 20.0 10.0
115.0 101.0 20.0 10.0
63.0 80.0 20.0 10.0
86.0 57.0 20.0 10.0
66.0 133.0 20.0 10.0
60.0 78.0 20.0 10.0
98.0 128.0 20.0 10.0
97.0 111.0 20.0 10.0
114.0 88.0 20.0 10.0
77.0 100.0 20.0 10.0
104.0 58.0 20.0 10.0
117.0 73.0 20.0 10.0
78.0 123.0 20.0 10.0
123.0 90.0 20.0 10.0
53.0 98.0 20.0 10.0
87.0 65.0 20.0 10.0
118.0 89.0 20.0 10.0
68.0 68.0 20.0 10.0
125.0 66.0 20.0 10.0
121.0 107.0 20.0 10.0
92.0 79.0 20.0 10.0
85.0 97.0 20.0 10.0
126.0 121.0 20.0 10.0
103.0 66.0 20.0 10.0
73.0 74.0 20.0 10.0
69.0 79.0 20.0 10.0
96.0 121.0 20.0 10.0
87.0 122.0 20.0 10.0
56.0 79.0 20.0 10.0
60.0 75.0 20.0 10.0
100.0 139.0 20.0 10.0
98.0 69.0 20.0 10.0
99.0 54.0 20.0 10.0
140.0 55.0 20.0 10.0
103.0 53.0 20.0 10.0
138.0 96.0 20.0 10.0
76.0 54.0 20.0 10.0
82.0 108.0 20.0 10.0
70.0 51.0 20.0 10.0
47.0 102.0 20.0 10.0
51.0 87.0 20.0 10.0
49.0 73.0 20.0 10.0
105.0 121.0 20.0 10.0
100.0 77.0 20.0 10.0
59.0 104.0 20.0 10.0
100.0 124.0 20.0 10.0
131.0 96.0 20.0 10.0
99.0 59.0 20.0 10.0
91.0 47.0 20.0 10.0
103.0 134.0 20.0 10.0
112.0 67.0 20.0 10.0
69.0 91.0 20.0 10.0
108.0 58.0 20.0 10.0
80.0 127.0 20.0 10.0
127.0 95.0 20.0 10.0
114.0 96.0 20.0 10.0
112.0 75.0 20.0 10.0
130.0 84.0 20.0 10.0
80.0 116.0 20.0 10.0
67.0 84.0 20.0 10.0
128.0 108.0 20.0 10.0
74.0 71.0 20.0 10.0
102.0 76.0 20.0 10.0
122.0 112.0 20.0 10.0
116.0 117.0 20.0 10.0
131.0 86.0 20.0 10.0
125.0 117.0 20.0 10.0
89.0 80.0 20.0 10.0
49.0 66.0 20.0 10.0
111.0 107.0 20.0 10.0
98.0 62.0 20.0 10.0
36.0 99.0 20.0 10.0
108.0 44.0 20.0 10.0
73.0 45.0 20.0 10.0
109.0 106.0 20.0 10.0
124.0 47.0 20.0 10.0
54.0 100.0 20.0 10.0
102.0 47.0 20.0 10.0
73.0 60.0 20.0 10.0
125.0 77.0 20.0 10.0
115.0 41.0 20.0 10.0
86.0 36.0 20.0 10.0
126.0 57.0 20.0 10.0
131.0 48.0 20.0 10.0
135.0 130.0 20.0 10.0
123.0 63.0 20.0 10.0
103.0 49.0 20.0 10.0
71.0 55.0 20.0 10.0
120.0 43.0 20.0 10.0
66.0 61.0 20.0 10.0
82.0 92.0 20.0 10.0
88.0 71.0 20.0 10.0
119.0 49.0 20.0 10.0
94.0 114.0 20.0 10.0
61.0 124.0 20.0 10.0
149.0 68.0 20.0 10.0
70.0 119.0 20.0 10.0
99.0 46.0 20.0 10.0
72.0 109.0 20.0 10.0
80.0 46.0 20.0 10.0
55.0 65.0 20.0 10.0
83.0 119.0 20.0 10.0
132.0 54.0 20.0 10.0
108.0 121.0 20.0 10.0
113.0 44.0 20.0 10.0
75.0 58.0 20.0 10.0
94.0 54.0 20.0 10.0
80.0 102.0 20.0 10.0
57.0 49.0 20.0 10.0
119.0 87.0 20.0 10.0
121.0 89.0 20.0 10.0
51.0 70.0 20.0 10.0
100.0 121.0 20.0 10.0
57.0 71.0 20.0 10.0
40.0 102.0 20.0 10.0
75.0 47.0 20.0 10.0
83.0 47.0 20.0 10.0
142.0 67.0 20.0 10.0
99.0 42.0 20.0 10.0
94.0 33.0 20.0 10.0
120.0 47.0 20.0 10.0
134.0 103.0 20.0 10.0
52.0 53.0 20.0 10.0
112.0 56.0 20.0 10.0
52.0 59.0 20.0 10.0
72.0 113.0 20.0 10.0
138.0 64.0 20.0 10.0
96.0 123.0 20.0 10.0
132.0 80.0 20.0 10.0
135.0 69.0 20.0 10.0
65.0 64.0 20.0 10.0
98.0 49.0 20.0 10.0
114.0 122.0 20.0 10.0
78.0 112.0 20.0 10.0
67.0 43.0 20.0 10.0
150.0 87.0 20.0 10.0
83.0 124.0 20.0 10.0
122.0 75.0 20.0 10.0
92.0 122.0 20.0 10.0
48.0 61.0 20.0 10.0
138.0 80.0 20.0 10.0
144.0 82.0 20.0 10.0
89.0 124.0 20.0 10.0
137.0 112.0 20.0 10.0
52.0 82.0 20.0 10.0
120.0 121.0 20.0 10.0
59.0 61.0 20.0 10.0
60.0 82.0 20.0 10.0
69.0 116.0 20.0 10.0
128.0 32.0 20.0 10.0
136.0 48.0 20.0 10.0
129.0 65.0 20.0 10.0
120.0 57.0 20.0 10.0
134.0 106.0 20.0 10.0
90.0 109.0 20.0 10.0
123.0 121.0 20.0 10.0
117.0 93.0 20.0 10.0
132.0 101.0 20.0 10.0
63.0 52.0 20.0 10.0
127.0 49.0 20.0 10.0
122.0 87.0 20.0 10.0
126.0 85.0 20.0 10.0
59.0 58.0 20.0 10.0
133.0 87.0 20.0 10.0
48.0 76.0 20.0 10.0
96.0 38.0 20.0 10.0
65.0 115.0 20.0 10.0
78.0 42.0 20.0 10.0
62.0 56.0 20.0 10.0
59.0 91.0 20.0 10.0
56.0 58.0 20.0 10.0
119.0 129.0 20.0 10.0
72.0 32.0 20.0 10.0
74.0 118.0 20.0 10.0
139.0 71.0 20.0 10.0
135.0 64.0 20.0 10.0
139.0 93.0 20.0 10.0
49.0 92.0 20.0 10.0
42.0 88.0 20.0 10.0
147.0 75.0 20.0 10.0
52.0 104.0 20.0 10.0
136.0 79.0 20.0 10.0
114.0 114.0 20.0 10.0
116.0 56.0 20.0 10.0
139.0 103.0 20.0 10.0
85.0 27.0 20.0 10.0
122.0 53.0 20.0 10.0
120.0 39.0 20.0 10.0
118.0 62.0 20.0 10.0
25.0 107.0 20.0 10.0
134.0 90.0 20.0 10.0
119.0 110.0 20.0 10.0
63.0 123.0 20.0 10.0
65.0 50.0 20.0 10.0
88.0 38.0 20.0 10.0
85.0 89.0 20.0 10.0
44.0 89.0 20.0 10.0
81.0 54.0 20.0 10.0
102.0 120.0 20.0 10.0
57.0 112.0 20.0 10.0
134.0 72.0 20.0 10.0
57.0 54.0 20.0 10.0
77.0 107.0 20.0 10.0
50.0 119.0 20.0 10.0
71.0 41.0 20.0 10.0
61.0 66.0 20.0 10.0
60.0 109.0 20.0 10.0
84.0 42.0 20.0 10.0
42.0 113.0 20.0 10.0
101.0 128.0 20.0 10.0
127.0 72.0 20.0 10.0
97.0 32.0 20.0 10.0
67.0 105.0 20.0 10.0
72.0 135.0 20.0 10.0
118.0 118.0 20.0 10.0
145.0 73.0 20.0 10.0
117.0 125.0 20.0 10.0
115.0 36.0 20.0 10.0
60.0 117.0 20.0 10.0
101.0 144.0 20.0 10.0
147.0 60.0 20.0 10.0
141.0 90.0 20.0 10.0
104.0 26.0 20.0 10.0
142.0 110.0 20.0 10.0
55.0 116.0 20.0 10.0
45.0 74.0 20.0 10.0
71.0 122.0 20.0 10.0
114.0 99.0 20.0 10.0
88.0 29.0 20.0 10.0
36.0 77.0 20.0 10.0
102.0 110.0 20.0 10.0
147.0 52.0 20.0 10.0
63.0 91.0 20.0 10.0
133.0 97.0 20.0 10.0
126.0 113.0 20.0 10.0
86.0 46.0 20.0 10.0
83.0 136.0 20.0 10.0
144.0 88.0 20.0 10.0
42.0 82.0 20.0 10.0
111.0 49.0 20.0 10.0
74.0 130.0 20.0 10.0
114.0 33.0 20.0 10.0
151.0 101.0 20.0 10.0
128.0 98.0 20.0 10.0
131.0 94.0 20.0 10.0
129.0 93.0 20.0 10.0
75.0 35.0 20.0 10.0
58.0 108.0 20.0 10.0
92.0 27.0 20.0 10.0
128.0 75.0 20.0 10.0
150.0 96.0 20.0 10.0
41.0 92.0 20.0 10.0
144.0 104.0 20.0 10.0
70.0 126.0 20.0 10.0
111.0 128.0 20.0 10.0
78.0 29.0 20.0 10.0
60.0 121.0 20.0 10.0
87.0 48.0 20.0 10.0
106.0 126.0 20.0 10.0
34.0 125.0 20.0 10.0
55.0 107.0 20.0 10.0
70.0 47.0 20.0 10.0
69.0 33.0 20.0 10.0
64.0 34.0 20.0 10.0
82.0 25.0 20.0 10.0
137.0 119.0 20.0 10.0
107.0 41.0 20.0 10.0
95.0 127.0 20.0 10.0
89.0 42.0 20.0 10.0
157.0 80.0 20.0 10.0
90.0 138.0 20.0 10.0
100.0 29.0 20.0 10.0
112.0 33.0 20.0 10.0
75.0 123.0 20.0 10.0
99.0 135.0 20.0 10.0
131.0 57.0 20.0 10.0
111.0 142.0 20.0 10.0
108.0 133.0 20.0 10.0
64.0 68.0 20.0 10.0
54.0 68.0 20.0 10.0
95.0 135.0 20.0 10.0
131.0 119.0 20.0 10.0
64.0 112.0 20.0 10.0
100.0 114.0 20.0 10.0
128.0 127.0 20.0 10.0
142.0 79.0 20.0 10.0
145.0 108.0 20.0 10.0
113.0 133.0 20.0 10.0
129.0 68.0 20.0 10.0
142.0 126.0 20.0 10.0
40.0 70.0 20.0 10.0
101.0 37.0 20.0 10.0
88.0 60.0 20.0 10.0
144.0 93.0 20.0 10.0
116.0 139.0 20.0 10.0
124.0 43.0 20.0 10.0
107.0 64.0 20.0 10.0
121.0 125.0 20.0 10.0
109.0 132.0 20.0 10.0
129.0 60.0 20.0 10.0
112.0 38.0 20.0 10.0
49.0 82.0 20.0 10.0
65.0 125.0 20.0 10.0
63.0 43.0 20.0 10.0
52.0 93.0 20.0 10.0
85.0 105.0 20.0 10.0
134.0 114.0 20.0 10.0
57.0 130.0 20.0 10.0
132.0 64.0 20.0 10.0
76.0 49.0 20.0 10.0
94.0 46.0 20.0 10.0
91.0 35.0 20.0 10.0
117.0 130.0 20.0 10.0
66.0 39.0 20.0 10.0
48.0 58.0 20.0 10.0
44.0 84.0 20.0 10.0
79.0 141.0 20.0 10.0
138.0 50.0 20.0 10.0
141.0 74.0 20.0 10.0
80.0 37.0 20.0 10.0
80.0 131.0 20.0 10.0
157.0 111.0 20.0 10.0
34.0 54.0 20.0 10.0
95.0 102.0 20.0 10.0
83.0 32.0 20.0 10.0
116.0 47.0 20.0 10.0
139.0 60.0 20.0 10.0
61.0 49.0 20.0 10.0
98.0 149.0 20.0 10.0
157.0 117.0 20.0 10.0
90.0 56.0 20.0 10.0
64.0 108.0 20.0 10.0
106.0 31.0 20.0 10.0
128.0 132.0 20.0 10.0
120.0 32.0 20.0 10.0
135.0 124.0 20.0 10.0
64.0 98.0 20.0 10.0
88.0 129.0 20.0 10.0
123.0 70.0 20.0 10.0
152.0 65.0 20.0 10.0
134.0 61.0 20.0 10.0
105.0 37.0 20.0 10.0
113.0 50.0 20.0 10.0
132.0 74.0 20.0 10.0
43.0 93.0 20.0 10.0
85.0 139.0 20.0 10.0
