500
89.0 89.0 20.0 10.0
81.0 75.0 20.0 10.0
82.0 81.0 20.0 10.0
93.0 103.0 20.0 10.0
86.0 90.0 20.0 10.0
88.0 87.0 20.0 10.0
88.0 73.0 20.0 10.0
95.0 95.0 20.0 10.0
91.0 89.0 20.0 10.0
89.0 96.0 20.0 10.0
93.0 97.0 20.0 10.0
81.0 83.0 20.0 10.0
82.0 95.0 20.0 10.0
89.0 108.0 20.0 10.0
107.0 88.0 20.0 10.0
95.0 75.0 20.0 10.0
101.0 97.0 20.0 10.0
85.0 67.0 20.0 10.0
70.0 77.0 20.0 10.0
106.0 73.0 20.0 10.0
67.0 97.0 20.0 10.0
65.0 112.0 20.0 10.0
94.0 83.0 20.0 10.0
82.0 93.0 20.0 10.0
61.0 84.0 20.0 10.0
66.0 101.0 20.0 10.0
88.0 98.0 20.0 10.0
97.0 67.0 20.0 10.0
80.0 74.0 20.0 10.0
103.0 78.0 20.0 10.0
120.0 93.0 20.0 10.0
68.0 85.0 20.0 10.0
97.0 75.0 20.0 10.0
109.0 83.0 20.0 10.0
110.0 91.0 20.0 10.0
87.0 92.0 20.0 10.0
103.0 87.0 20.0 10.0
100.0 71.0 20.0 10.0
80.0 61.0 20.0 10.0
87.0 96.0 20.0 10.0
69.0 80.0 20.0 10.0
102.0 77.0 20.0 10.0
85.0 85.0 20.0 10.0
65.0 87.0 20.0 10.0
87.0 105.0 20.0 10.0
93.0 86.0 20.0 10.0
85.0 120.0 20.0 10.0
111.0 59.0 20.0 10.0
103.0 108.0 20.0 10.0
107.0 94.0 20.0 10.0
74.0 92.0 20.0 10.0
74.0 60.0 20.0 10.0
97.0 102.0 20.0 10.0
79.0 109.0 20.0 10.0
65.0 104.0 20.0 10.0
47.0 83.0 20.0 10.0
87.0 77.0 20.0 10.0
115.0 113.0 20.0 10.0
75.0 122.0 20.0 10.0
76.0 111.0 20.0 10.0
105.0 83.0 20.0 10.0
100.0 87.0 20.0 10.0
92.0 62.0 20.0 10.0
101.0 92.0 20.0 10.0
93.0 66.0 20.0 10.0
79.0 91.0 20.0 10.0
105.0 90.0 20.0 10.0
76.0 80.0 20.0 10.0
74.0 85.0 20.0 10.0
98.0 98.0 20.0 10.0
62.0 71.0 20.0 10.0
100.0 113.0 20.0 10.0
95.0 103.0 20.0 10.0
80.0 115.0 20.0 10.0
65.0 97.0 20.0 10.0
83.0 74.0 20.0 10.0
106.0 67.0 20.0 10.0
76.0 68.0 20.0 10.0
112.0 65.0 20.0 10.0
78.0 97.0 20.0 10.0
72.0 95.0 20.0 10.0
98.0 106.0 20.0 10.0
103.0 70.0 20.0 10.0
109.0 62.0 20.0 10.0
106.0 103.0 20.0 10.0
93.0 45.0 20.0 10.0
58.0 99.0 20.0 10.0
94.0 85.0 20.0 10.0
72.0 120.0 20.0 10.0
117.0 90.0 20.0 10.0
70.0 84.0 20.0 10.0
113.0 91.0 20.0 10.0
86.0 103.0 20.0 10.0
80.0 105.0 20.0 10.0
123.0 77.0 20.0 10.0
132.0 68.0 20.0 10.0
105.0 98.0 20.0 10.0
49.0 114.0 20.0 10.0
110.0 73.0 20.0 10.0
92.0 52.0 20.0 10.0
109.0 116.0 20.0 10.0
46.0 88.0 20.0 10.0
75.0 75.0 20.0 10.0
91.0 48.0 20.0 10.0
113.0 123.0 20.0 10.0
90.0 104.0 20.0 10.0
115.0 50.0 20.0 10.0
129.0 87.0 20.0 10.0
55.0 86.0 20.0 10.0
70.0 87.0 20.0 10.0
82.0 85.0 20.0 10.0
115.0 93.0 20.0 10.0
115.0 100.0 20.0 10.0
103.0 56.0 20.0 10.0
114.0 81.0 20.0 10.0
111.0 103.0 20.0 10.0
122.0 97.0 20.0 10.0
86.0 128.0 20.0 10.0
64.0 107.0 20.0 10.0
103.0 114.0 20.0 10.0
67.0 129.0 20.0 10.0
95.0 110.0 20.0 10.0
88.0 116.0 20.0 10.0
56.0 60.0 20.0 10.0
59.0 111.0 20.0 10.0
127.0 102.0 20.0 10.0
50.0 84.0 20.0 10.0
55.0 84.0 20.0 10.0
82.0 122.0 20.0 10.0
94.0 72.0 20.0 10.0
111.0 87.0 20.0 10.0
120.0 81.0 20.0 10.0
83.0 117.0 20.0 10.0
59.0 79.0 20.0 10.0
55.0 88.0 20.0 10.0
98.0 79.0 20.0 10.0
124.0 88.0 20.0 10.0
60.0 109.0 20.0 10.0
122.0 75.0 20.0 10.0
107.0 63.0 20.0 10.0
119.0 70.0 20.0 10.0
109.0 76.0 20.0 10.0
71.0 117.0 20.0 10.0
103.0 44.0 20.0 10.0
98.0 89.0 20.0 10.0
82.0 53.0 20.0 10.0
77.0 48.0 20.0 10.0
76.0 76.0 20.0 10.0
79.0 58.0 20.0 10.0
85.0 80.0 20.0 10.0
117.0 76.0 20.0 10.0
40.0 120.0 20.0 10.0
116.0 120.0 20.0 10.0
88.0 51.0 20.0 10.0
68.0 72.0 20.0 10.0
101.0 81.0 20.0 10.0
111.0 124.0 20.0 10.0
111.0 131.0 20.0 10.0
92.0 76.0 20.0 10.0
85.0 125.0 20.0 10.0
74.0 87.0 20.0 10.0
57.0 102.0 20.0 10.0
94.0 93.0 20.0 10.0
93.0 111.0 20.0 10.0
86.0 58.0 20.0 10.0
73.0 47.0 20.0 10.0
114.0 103.0 20.0 10.0
70.0 104.0 20.0 10.0
47.0 112.0 20.0 10.0
122.0 83.0 20.0 10.0
114.0 98.0 20.0 10.0
73.0 57.0 20.0 10.0
48.0 104.0 20.0 10.0
79.0 69.0 20.0 10.0
116.0 107.0 20.0 10.0
73.0 124.0 20.0 10.0
108.0 120.0 20.0 10.0
119.0 87.0 20.0 10.0
123.0 126.0 20.0 10.0
67.0 76.0 20.0 10.0
62.0 60.0 20.0 10.0
64.0 79.0 20.0 10.0
63.0 57.0 20.0 10.0
98.0 58.0 20.0 10.0
131.0 96.0 20.0 10.0
118.0 61.0 20.0 10.0
104.0 123.0 20.0 10.0
121.0 109.0 20.0 10.0
96.0 51.0 20.0 10.0
130.0 105.0 20.0 10.0
97.0 70.0 20.0 10.0
73.0 109.0 20.0 10.0
84.0 45.0 20.0 10.0
48.0 106.0 20.0 10.0
93.0 132.0 20.0 10.0
56.0 123.0 20.0 10.0
93.0 116.0 20.0 10.0
113.0 98.0 20.0 10.0
74.0 130.0 20.0 10.0
35.0 85.0 20.0 10.0
47.0 111.0 20.0 10.0
100.0 136.0 20.0 10.0
141.0 80.0 20.0 10.0
55.0 91.0 20.0 10.0
51.0 92.0 20.0 10.0
45.0 73.0 20.0 10.0
137.0 123.0 20.0 10.0
86.0 131.0 20.0 10.0
64.0 83.0 20.0 10.0
54.0 71.0 20.0 10.0
119.0 99.0 20.0 10.0
103.0 125.0 20.0 10.0
132.0 85.0 20.0 10.0
127.0 82.0 20.0 10.0
59.0 119.0 20.0 10.0
66.0 127.0 20.0 10.0
103.0 61.0 20.0 10.0
126.0 115.0 20.0 10.0
103.0 64.0 20.0 10.0
69.0 111.0 20.0 10.0
117.0 82.0 20.0 10.0
118.0 67.0 20.0 10.0
75.0 105.0 20.0 10.0
43.0 84.0 20.0 10.0
113.0 109.0 20.0 10.0
94.0 58.0 20.0 10.0
88.0 65.0 20.0 10.0
105.0 54.0 20.0 10.0
105.0 105.0 20.0 10.0
56.0 70.0 20.0 10.0
43.0 95.0 20.0 10.0
61.0 64.0 20.0 10.0
54.0 44.0 20.0 10.0
54.0 117.0 20.0 10.0
117.0 64.0 20.0 10.0
105.0 49.0 20.0 10.0
129.0 78.0 20.0 10.0
106.0 125.0 20.0 10.0
77.0 123.0 20.0 10.0
32.0 108.0 20.0 10.0
89.0 133.0 20.0 10.0
80.0 131.0 20.0 10.0
55.0 110.0 20.0 10.0
100.0 48.0 20.0 10.0
83.0 103.0 20.0 10.0
52.0 64.0 20.0 10.0
64.0 60.0 20.0 10.0
72.0 64.0 20.0 10.0
96.0 100.0 20.0 10.0
134.0 86.0 20.0 10.0
127.0 98.0 20.0 10.0
124.0 59.0 20.0 10.0
106.0 46.0 20.0 10.0
78.0 65.0 20.0 10.0
100.0 130.0 20.0 10.0
114.0 52.0 20.0 10.0
62.0 99.0 20.0 10.0
80.0 41.0 20.0 10.0
59.0 58.0 20.0 10.0
44.0 64.0 20.0 10.0
95.0 142.0 20.0 10.0
110.0 65.0 20.0 10.0
133.0 54.0 20.0 10.0
126.0 110.0 20.0 10.0
67.0 64.0 20.0 10.0
83.0 35.0 20.0 10.0
52.0 100.0 20.0 10.0
48.0 70.0 20.0 10.0
61.0 132.0 20.0 10.0
50.0 110.0 20.0 10.0
42.0 74.0 20.0 10.0
132.0 113.0 20.0 10.0
112.0 114.0 20.0 10.0
134.0 81.0 20.0 10.0
92.0 123.0 20.0 10.0
54.0 115.0 20.0 10.0
138.0 85.0 20.0 10.0
81.0 51.0 20.0 10.0
86.0 43.0 20.0 10.0
57.0 118.0 20.0 10.0
97.0 139.0 20.0 10.0
72.0 113.0 20.0 10.0
95.0 128.0 20.0 10.0
57.0 54.0 20.0 10.0
62.0 121.0 20.0 10.0
73.0 53.0 20.0 10.0
131.0 90.0 20.0 10.0
102.0 28.0 20.0 10.0
69.0 59.0 20.0 10.0
100.0 55.0 20.0 10.0
132.0 48.0 20.0 10.0
66.0 92.0 20.0 10.0
78.0 117.0 20.0 10.0
126.0 65.0 20.0 10.0
119.0 55.0 20.0 10.0
118.0 135.0 20.0 10.0
101.0 43.0 20.0 10.0
80.0 96.0 20.0 10.0
66.0 63.0 20.0 10.0
83.0 59.0 20.0 10.0
132.0 119.0 20.0 10.0
135.0 72.0 20.0 10.0
71.0 38.0 20.0 10.0
69.0 116.0 20.0 10.0
65.0 136.0 20.0 10.0
145.0 84.0 20.0 10.0
124.0 71.0 20.0 10.0
74.0 43.0 20.0 10.0
132.0 103.0 20.0 10.0
34.0 100.0 20.0 10.0
120.0 59.0 20.0 10.0
79.0 84.0 20.0 10.0
67.0 117.0 20.0 10.0
139.0 111.0 20.0 10.0
143.0 105.0 20.0 10.0
27.0 60.0 20.0 10.0
54.0 97.0 20.0 10.0
65.0 68.0 20.0 10.0
78.0 38.0 20.0 10.0
47.0 78.0 20.0 10.0
58.0 94.0 20.0 10.0
124.0 105.0 20.0 10.0
70.0 121.0 20.0 10.0
92.0 27.0 20.0 10.0
99.0 125.0 20.0 10.0
75.0 32.0 20.0 10.0
85.0 38.0 20.0 10.0
39.0 124.0 20.0 10.0
47.0 73.0 20.0 10.0
69.0 53.0 20.0 10.0
90.0 63.0 20.0 10.0
97.0 121.0 20.0 10.0
96.0 131.0 20.0 10.0
118.0 46.0 20.0 10.0
117.0 88.0 20.0 10.0
115.0 69.0 20.0 10.0
44.0 107.0 20.0 10.0
65.0 45.0 20.0 10.0
52.0 50.0 20.0 10.0
143.0 95.0 20.0 10.0
90.0 128.0 20.0 10.0
80.0 126.0 20.0 10.0
102.0 117.0 20.0 10.0
25.0 88.0 20.0 10.0
100.0 75.0 20.0 10.0
123.0 131.0 20.0 10.0
30.0 78.0 20.0 10.0
121.0 113.0 20.0 10.0
141.0 87.0 20.0 10.0
138.0 97.0 20.0 10.0
132.0 75.0 20.0 10.0
127.0 48.0 20.0 10.0
120.0 128.0 20.0 10.0
99.0 144.0 20.0 10.0
77.0 146.0 20.0 10.0
83.0 133.0 20.0 10.0
121.0 64.0 20.0 10.0
50.0 123.0 20.0 10.0
132.0 63.0 20.0 10.0
106.0 30.0 20.0 10.0
98.0 62.0 20.0 10.0
61.0 128.0 20.0 10.0
115.0 54.0 20.0 10.0
31.0 69.0 20.0 10.0
60.0 74.0 20.0 10.0
86.0 48.0 20.0 10.0
150.0 72.0 20.0 10.0
137.0 69.0 20.0 10.0
111.0 98.0 20.0 10.0
73.0 135.0 20.0 10.0
70.0 98.0 20.0 10.0
83.0 136.0 20.0 10.0
92.0 34.0 20.0 10.0
126.0 55.0 20.0 10.0
36.0 94.0 20.0 10.0
109.0 136.0 20.0 10.0
65.0 115.0 20.0 10.0
89.0 121.0 20.0 10.0
141.0 61.0 20.0 10.0
40.0 103.0 20.0 10.0
136.0 111.0 20.0 10.0
63.0 123.0 20.0 10.0
90.0 144.0 20.0 10.0
110.0 79.0 20.0 10.0
112.0 121.0 20.0 10.0
49.0 52.0 20.0 10.0
38.0 78.0 20.0 10.0
47.0 100.0 20.0 10.0
64.0 41.0 20.0 10.0
104.0 141.0 20.0 10.0
127.0 63.0 20.0 10.0
57.0 41.0 20.0 10.0
107.0 38.0 20.0 10.0
108.0 126.0 20.0 10.0
43.0 118.0 20.0 10.0
117.0 135.0 20.0 10.0
124.0 117.0 20.0 10.0
129.0 129.0 20.0 10.0
54.0 131.0 20.0 10.0
122.0 35.0 20.0 10.0
78.0 42.0 20.0 10.0
131.0 116.0 20.0 10.0
70.0 127.0 20.0 10.0
104.0 132.0 20.0 10.0
54.0 137.0 20.0 10.0
90.0 36.0 20.0 10.0
125.0 136.0 20.0 10.0
133.0 89.0 20.0 10.0
64.0 118.0 20.0 10.0
52.0 83.0 20.0 10.0
101.0 52.0 20.0 10.0
94.0 148.0 20.0 10.0
70.0 60.0 20.0 10.0
91.0 42.0 20.0 10.0
25.0 118.0 20.0 10.0
107.0 60.0 20.0 10.0
56.0 63.0 20.0 10.0
80.0 152.0 20.0 10.0
124.0 100.0 20.0 10.0
29.0 91.0 20.0 10.0
121.0 118.0 20.0 10.0
150.0 110.0 20.0 10.0
43.0 53.0 20.0 10.0
90.0 136.0 20.0 10.0
107.0 51.0 20.0 10.0
60.0 68.0 20.0 10.0
129.0 53.0 20.0 10.0
128.0 108.0 20.0 10.0
72.0 72.0 20.0 10.0
147.0 52.0 20.0 10.0
40.0 70.0 20.0 10.0
134.0 93.0 20.0 10.0
51.0 103.0 20.0 10.0
148.0 82.0 20.0 10.0
48.0 64.0 20.0 10.0
110.0 52.0 20.0 10.0
60.0 30.0 20.0 10.0
124.0 124.0 20.0 10.0
143.0 74.0 20.0 10.0
121.0 46.0 20.0 10.0
35.0 65.0 20.0 10.0
48.0 57.0 20.0 10.0
46.0 97.0 20.0 10.0
84.0 143.0 20.0 10.0
139.0 103.0 20.0 10.0
82.0 119.0 20.0 10.0
57.0 36.0 20.0 10.0
97.0 135.0 20.0 10.0
76.0 27.0 20.0 10.0
51.0 44.0 20.0 10.0
139.0 58.0 20.0 10.0
69.0 41.0 20.0 10.0
109.0 107.0 20.0 10.0
132.0 110.0 20.0 10.0
155.0 90.0 20.0 10.0
63.0 52.0 20.0 10.0
80.0 128.0 20.0 10.0
54.0 146.0 20.0 10.0
25.0 134.0 20.0 10.0
155.0 84.0 20.0 10.0
72.0 80.0 20.0 10.0
53.0 93.0 20.0 10.0
89.0 113.0 20.0 10.0
124.0 42.0 20.0 10.0
140.0 119.0 20.0 10.0
87.0 39.0 20.0 10.0
121.0 86.0 20.0 10.0
42.0 62.0 20.0 10.0
70.0 48.0 20.0 10.0
115.0 44.0 20.0 10.0
50.0 131.0 20.0 10.0
121.0 25.0 20.0 10.0
87.0 53.0 20.0 10.0
127.0 90.0 20.0 10.0
70.0 134.0 20.0 10.0
137.0 105.0 20.0 10.0
39.0 91.0 20.0 10.0
99.0 33.0 20.0 10.0
141.0 75.0 20.0 10.0
45.0 91.0 20.0 10.0
97.0 42.0 20.0 10.0
58.0 49.0 20.0 10.0
114.0 37.0 20.0 10.0
42.0 57.0 20.0 10.0
35.0 62.0 20.0 10.0
39.0 82.0 20.0 10.0
75.0 139.0 20.0 10.0
61.0 38.0 20.0 10.0
86.0 30.0 20.0 10.0
133.0 73.0 20.0 10.0
139.0 144.0 20.0 10.0
50.0 70.0 20.0 10.0
137.0 100.0 20.0 10.0
72.0 139.0 20.0 10.0
130.0 69.0 20.0 10.0
87.0 143.0 20.0 10.0
48.0 120.0 20.0 10.0
111.0 40.0 20.0 10.0
42.0 71.0 20.0 10.0
34.0 131.0 20.0 10.0
