500
87.0 84.0 20.0 10.0
96.0 83.0 20.0 10.0
99.0 84.0 20.0 10.0
97.0 72.0 20.0 10.0
84.0 88.0 20.0 10.0
91.0 91.0 20.0 10.0
100.0 76.0 20.0 10.0
84.0 82.0 20.0 10.0
97.0 70.0 20.0 10.0
77.0 81.0 20.0 10.0
86.0 79.0 20.0 10.0
89.0 77.0 20.0 10.0
86.0 77.0 20.0 10.0
75.0 87.0 20.0 10.0
84.0 85.0 20.0 10.0
79.0 68.0 20.0 10.0
74.0 76.0 20.0 10.0
108.0 82.0 20.0 10.0
92.0 73.0 20.0 10.0
98.0 67.0 20.0 10.0
82.0 83.0 20.0 10.0
99.0 87.0 20.0 10.0
76.0 104.0 20.0 10.0
66.0 75.0 20.0 10.0
87.0 72.0 20.0 10.0
94.0 78.0 20.0 10.0
101.0 84.0 20.0 10.0
77.0 84.0 20.0 10.0
98.0 90.0 20.0 10.0
94.0 72.0 20.0 10.0
87.0 76.0 20.0 10.0
80.0 64.0 20.0 10.0
100.0 62.0 20.0 10.0
93.0 88.0 20.0 10.0
91.0 65.0 20.0 10.0
97.0 80.0 20.0 10.0
94.0 87.0 20.0 10.0
94.0 76.0 20.0 10.0
88.0 85.0 20.0 10.0
111.0 90.0 20.0 10.0
107.0 89.0 20.0 10.0
99.0 64.0 20.0 10.0
75.0 98.0 20.0 10.0
73.0 56.0 20.0 10.0
63.0 88.0 20.0 10.0
71.0 104.0 20.0 10.0
92.0 75.0 20.0 10.0
91.0 69.0 20.0 10.0
79.0 55.0 20.0 10.0
103.0 99.0 20.0 10.0
83.0 98.0 20.0 10.0
93.0 101.0 20.0 10.0
98.0 57.0 20.0 10.0
87.0 68.0 20.0 10.0
73.0 91.0 20.0 10.0
77.0 90.0 20.0 10.0
93.0 61.0 20.0 10.0
108.0 93.0 20.0 10.0
82.0 92.0 20.0 10.0
65.0 81.0 20.0 10.0
105.0 80.0 20.0 10.0
106.0 104.0 20.0 10.0
79.0 50.0 20.0 10.0
67.0 79.0 20.0 10.0
97.0 58.0 20.0 10.0
72.0 66.0 20.0 10.0
102.0 92.0 20.0 10.0
121.0 99.0 20.0 10.0
67.0 87.0 20.0 10.0
86.0 96.0 20.0 10.0
79.0 88.0 20.0 10.0
102.0 64.0 20.0 10.0
53.0 81.0 20.0 10.0
101.0 71.0 20.0 10.0
112.0 88.0 20.0 10.0
96.0 62.0 20.0 10.0
87.0 59.0 20.0 10.0
96.0 107.0 20.0 10.0
62.0 73.0 20.0 10.0
99.0 51.0 20.0 10.0
105.0 93.0 20.0 10.0
84.0 66.0 20.0 10.0
119.0 96.0 20.0 10.0
59.0 75.0 20.0 10.0
68.0 92.0 20.0 10.0
88.0 107.0 20.0 10.0
107.0 52.0 20.0 10.0
94.0 111.0 20.0 10.0
109.0 106.0 20.0 10.0
109.0 54.0 20.0 10.0
103.0 73.0 20.0 10.0
111.0 95.0 20.0 10.0
89.0 69.0 20.0 10.0
63.0 63.0 20.0 10.0
89.0 62.0 20.0 10.0
84.0 61.0 20.0 10.0
73.0 84.0 20.0 10.0
91.0 88.0 20.0 10.0
124.0 86.0 20.0 10.0
122.0 59.0 20.0 10.0
127.0 62.0 20.0 10.0
77.0 70.0 20.0 10.0
67.0 94.0 20.0 10.0
93.0 84.0 20.0 10.0
71.0 68.0 20.0 10.0
98.0 99.0 20.0 10.0
49.0 83.0 20.0 10.0
105.0 49.0 20.0 10.0
100.0 111.0 20.0 10.0
84.0 72.0 20.0 10.0
73.0 111.0 20.0 10.0
97.0 86.0 20.0 10.0
119.0 93.0 20.0 10.0
96.0 105.0 20.0 10.0
98.0 34.0 20.0 10.0
113.0 95.0 20.0 10.0
92.0 104.0 20.0 10.0
121.0 77.0 20.0 10.0
59.0 96.0 20.0 10.0
106.0 83.0 20.0 10.0
73.0 113.0 20.0 10.0
84.0 101.0 20.0 10.0
111.0 62.0 20.0 10.0
54.0 70.0 20.0 10.0
114.0 107.0 20.0 10.0
121.0 82.0 20.0 10.0
97.0 113.0 20.0 10.0
65.0 91.0 20.0 10.0
93.0 52.0 20.0 10.0
54.0 84.0 20.0 10.0
112.0 86.0 20.0 10.0
103.0 60.0 20.0 10.0
93.0 125.0 20.0 10.0
75.0 57.0 20.0 10.0
90.0 57.0 20.0 10.0
78.0 79.0 20.0 10.0
76.0 110.0 20.0 10.0
48.0 97.0 20.0 10.0
83.0 104.0 20.0 10.0
131.0 65.0 20.0 10.0
94.0 44.0 20.0 10.0
112.0 102.0 20.0 10.0
71.0 83.0 20.0 10.0
75.0 71.0 20.0 10.0
127.0 68.0 20.0 10.0
90.0 119.0 20.0 10.0
84.0 89.0 20.0 10.0
51.0 95.0 20.0 10.0
83.0 79.0 20.0 10.0
82.0 52.0 20.0 10.0
53.0 88.0 20.0 10.0
86.0 100.0 20.0 10.0
116.0 74.0 20.0 10.0
88.0 49.0 20.0 10.0
118.0 79.0 20.0 10.0
68.0 84.0 20.0 10.0
81.0 122.0 20.0 10.0
62.0 113.0 20.0 10.0
49.0 63.0 20.0 10.0
106.0 70.0 20.0 10.0
91.0 44.0 20.0 10.0
96.0 122.0 20.0 10.0
132.0 63.0 20.0 10.0
70.0 77.0 20.0 10.0
125.0 98.0 20.0 10.0
73.0 104.0 20.0 10.0
136.0 88.0 20.0 10.0
105.0 77.0 20.0 10.0
63.0 76.0 20.0 10.0
93.0 109.0 20.0 10.0
60.0 59.0 20.0 10.0
116.0 60.0 20.0 10.0
77.0 108.0 20.0 10.0
45.0 106.0 20.0 10.0
96.0 92.0 20.0 10.0
114.0 56.0 20.0 10.0
70.0 58.0 20.0 10.0
88.0 34.0 20.0 10.0
78.0 63.0 20.0 10.0
111.0 84.0 20.0 10.0
114.0 58.0 20.0 10.0
101.0 104.0 20.0 10.0
113.0 69.0 20.0 10.0
94.0 49.0 20.0 10.0
66.0 120.0 20.0 10.0
69.0 45.0 20.0 10.0
119.0 98.0 20.0 10.0
60.0 65.0 20.0 10.0
119.0 60.0 20.0 10.0
97.0 118.0 20.0 10.0
72.0 122.0 20.0 10.0
108.0 58.0 20.0 10.0
103.0 67.0 20.0 10.0
95.0 126.0 20.0 10.0
78.0 122.0 20.0 10.0
111.0 71.0 20.0 10.0
61.0 98.0 20.0 10.0
137.0 97.0 20.0 10.0
76.0 120.0 20.0 10.0
115.0 77.0 20.0 10.0
102.0 86.0 20.0 10.0
117.0 38.0 20.0 10.0
51.0 106.0 20.0 10.0
111.0 48.0 20.0 10.0
117.0 65.0 20.0 10.0
77.0 42.0 20.0 10.0
103.0 42.0 20.0 10.0
120.0 73.0 20.0 10.0
82.0 48.0 20.0 10.0
89.0 54.0 20.0 10.0
67.0 99.0 20.0 10.0
116.0 90.0 20.0 10.0
65.0 84.0 20.0 10.0
112.0 112.0 20.0 10.0
122.0 40.0 20.0 10.0
86.0 122.0 20.0 10.0
101.0 123.0 20.0 10.0
74.0 117.0 20.0 10.0
84.0 124.0 20.0 10.0
108.0 114.0 20.0 10.0
90.0 95.0 20.0 10.0
131.0 108.0 20.0 10.0
57.0 84.0 20.0 10.0
116.0 72.0 20.0 10.0
79.0 130.0 20.0 10.0
67.0 63.0 20.0 10.0
64.0 97.0 20.0 10.0
100.0 79.0 20.0 10.0
85.0 51.0 20.0 10.0
118.0 50.0 20.0 10.0
87.0 134.0 20.0 10.0
53.0 112.0 20.0 10.0
121.0 72.0 20.0 10.0
79.0 126.0 20.0 10.0
70.0 114.0 20.0 10.0
57.0 48.0 20.0 10.0
46.0 93.0 20.0 10.0
33.0 63.0 20.0 10.0
90.0 110.0 20.0 10.0
109.0 119.0 20.0 10.0
67.0 54.0 20.0 10.0
109.0 45.0 20.0 10.0
107.0 64.0 20.0 10.0
125.0 48.0 20.0 10.0
108.0 124.0 20.0 10.0
77.0 115.0 20.0 10.0
129.0 58.0 20.0 10.0
68.0 102.0 20.0 10.0
120.0 64.0 20.0 10.0
146.0 107.0 20.0 10.0
83.0 55.0 20.0 10.0
90.0 122.0 20.0 10.0
89.0 129.0 20.0 10.0
140.0 72.0 20.0 10.0
61.0 56.0 20.0 10.0
83.0 36.0 20.0 10.0
116.0 91.0 20.0 10.0
113.0 38.0 20.0 10.0
81.0 42.0 20.0 10.0
82.0 113.0 20.0 10.0
122.0 46.0 20.0 10.0
113.0 114.0 20.0 10.0
88.0 28.0 20.0 10.0
121.0 84.0 20.0 10.0
120.0 127.0 20.0 10.0
105.0 44.0 20.0 10.0
55.0 63.0 20.0 10.0
123.0 49.0 20.0 10.0
130.0 48.0 20.0 10.0
137.0 77.0 20.0 10.0
87.0 43.0 20.0 10.0
39.0 112.0 20.0 10.0
60.0 81.0 20.0 10.0
73.0 94.0 20.0 10.0
65.0 56.0 20.0 10.0
65.0 71.0 20.0 10.0
115.0 100.0 20.0 10.0
102.0 112.0 20.0 10.0
49.0 86.0 20.0 10.0
139.0 83.0 20.0 10.0
96.0 26.0 20.0 10.0
38.0 88.0 20.0 10.0
56.0 66.0 20.0 10.0
62.0 91.0 20.0 10.0
59.0 52.0 20.0 10.0
102.0 109.0 20.0 10.0
40.0 49.0 20.0 10.0
125.0 106.0 20.0 10.0
99.0 133.0 20.0 10.0
67.0 123.0 20.0 10.0
85.0 113.0 20.0 10.0
129.0 95.0 20.0 10.0
84.0 111.0 20.0 10.0
49.0 71.0 20.0 10.0
121.0 54.0 20.0 10.0
127.0 102.0 20.0 10.0
66.0 51.0 20.0 10.0
108.0 37.0 20.0 10.0
68.0 66.0 20.0 10.0
60.0 44.0 20.0 10.0
110.0 133.0 20.0 10.0
56.0 109.0 20.0 10.0
139.0 90.0 20.0 10.0
94.0 119.0 20.0 10.0
123.0 56.0 20.0 10.0
92.0 96.0 20.0 10.0
43.0 76.0 20.0 10.0
48.0 57.0 20.0 10.0
113.0 128.0 20.0 10.0
99.0 39.0 20.0 10.0
52.0 58.0 20.0 10.0
49.0 109.0 20.0 10.0
98.0 45.0 20.0 10.0
75.0 35.0 20.0 10.0
76.0 93.0 20.0 10.0
127.0 54.0 20.0 10.0
132.0 87.0 20.0 10.0
114.0 33.0 20.0 10.0
109.0 100.0 20.0 10.0
100.0 44.0 20.0 10.0
75.0 126.0 20.0 10.0
55.0 100.0 20.0 10.0
120.0 117.0 20.0 10.0
90.0 125.0 20.0 10.0
136.0 68.0 20.0 10.0
117.0 85.0 20.0 10.0
72.0 42.0 20.0 10.0
40.0 56.0 20.0 10.0
63.0 50.0 20.0 10.0
118.0 86.0 20.0 10.0
107.0 131.0 20.0 10.0
55.0 42.0 20.0 10.0
103.0 56.0 20.0 10.0
84.0 68.0 20.0 10.0
87.0 55.0 20.0 10.0
61.0 122.0 20.0 10.0
113.0 118.0 20.0 10.0
49.0 75.0 20.0 10.0
143.0 77.0 20.0 10.0
64.0 107.0 20.0 10.0
97.0 103.0 20.0 10.0
122.0 29.0 20.0 10.0
51.0 52.0 20.0 10.0
59.0 61.0 20.0 10.0
42.0 95.0 20.0 10.0
135.0 106.0 20.0 10.0
97.0 73.0 20.0 10.0
73.0 100.0 20.0 10.0
135.0 58.0 20.0 10.0
91.0 103.0 20.0 10.0
38.0 63.0 20.0 10.0
125.0 93.0 20.0 10.0
58.0 112.0 20.0 10.0
140.0 41.0 20.0 10.0
41.0 107.0 20.0 10.0
95.0 129.0 20.0 10.0
62.0 38.0 20.0 10.0
46.0 58.0 20.0 10.0
123.0 116.0 20.0 10.0
69.0 129.0 20.0 10.0
44.0 88.0 20.0 10.0
69.0 147.0 20.0 10.0
121.0 112.0 20.0 10.0
79.0 98.0 20.0 10.0
53.0 61.0 20.0 10.0
101.0 127.0 20.0 10.0
72.0 52.0 20.0 10.0
102.0 48.0 20.0 10.0
86.0 115.0 20.0 10.0
105.0 125.0 20.0 10.0
99.0 28.0 20.0 10.0
143.0 89.0 20.0 10.0
43.0 71.0 20.0 10.0
133.0 97.0 20.0 10.0
104.0 123.0 20.0 10.0
113.0 45.0 20.0 10.0
56.0 112.0 20.0 10.0
138.0 93.0 20.0 10.0
119.0 134.0 20.0 10.0
103.0 52.0 20.0 10.0
107.0 110.0 20.0 10.0
54.0 45.0 20.0 10.0
119.0 24.0 20.0 10.0
133.0 104.0 20.0 10.0
44.0 63.0 20.0 10.0
81.0 38.0 20.0 10.0
58.0 101.0 20.0 10.0
51.0 99.0 20.0 10.0
138.0 57.0 20.0 10.0
36.0 71.0 20.0 10.0
103.0 115.0 20.0 10.0
138.0 61.0 20.0 10.0
139.0 68.0 20.0 10.0
72.0 61.0 20.0 10.0
83.0 128.0 20.0 10.0
58.0 94.0 20.0 10.0
66.0 40.0 20.0 10.0
126.0 74.0 20.0 10.0
119.0 103.0 20.0 10.0
109.0 34.0 20.0 10.0
135.0 53.0 20.0 10.0
25.0 63.0 20.0 10.0
98.0 144.0 20.0 10.0
55.0 117.0 20.0 10.0
62.0 117.0 20.0 10.0
140.0 49.0 20.0 10.0
37.0 82.0 20.0 10.0
120.0 44.0 20.0 10.0
130.0 74.0 20.0 10.0
140.0 60.0 20.0 10.0
130.0 32.0 20.0 10.0
71.0 48.0 20.0 10.0
129.0 68.0 20.0 10.0
134.0 82.0 20.0 10.0
45.0 45.0 20.0 10.0
45.0 41.0 20.0 10.0
108.0 75.0 20.0 10.0
107.0 32.0 20.0 10.0
61.0 29.0 20.0 10.0
84.0 31.0 20.0 10.0
129.0 81.0 20.0 10.0
61.0 105.0 20.0 10.0
138.0 64.0 20.0 10.0
33.0 79.0 20.0 10.0
38.0 92.0 20.0 10.0
125.0 90.0 20.0 10.0
79.0 28.0 20.0 10.0
63.0 131.0 20.0 10.0
67.0 31.0 20.0 10.0
47.0 53.0 20.0 10.0
115.0 121.0 20.0 10.0
104.0 142.0 20.0 10.0
129.0 107.0 20.0 10.0
140.0 100.0 20.0 10.0
118.0 33.0 20.0 10.0
118.0 120.0 20.0 10.0
81.0 118.0 20.0 10.0
25.0 75.0 20.0 10.0
92.0 37.0 20.0 10.0
115.0 80.0 20.0 10.0
118.0 106.0 20.0 10.0
115.0 51.0 20.0 10.0
51.0 92.0 20.0 10.0
70.0 41.0 20.0 10.0
53.0 76.0 20.0 10.0
103.0 35.0 20.0 10.0
122.0 108.0 20.0 10.0
95.0 33.0 20.0 10.0
120.0 91.0 20.0 10.0
118.0 114.0 20.0 10.0
69.0 37.0 20.0 10.0
28.0 121.0 20.0 10.0
134.0 92.0 20.0 10.0
145.0 72.0 20.0 10.0
124.0 102.0 20.0 10.0
71.0 121.0 20.0 10.0
52.0 74.0 20.0 10.0
47.0 66.0 20.0 10.0
35.0 91.0 20.0 10.0
43.0 80.0 20.0 10.0
133.0 78.0 20.0 10.0
58.0 56.0 20.0 10.0
106.0 26.0 20.0 10.0
52.0 50.0 20.0 10.0
89.0 137.0 20.0 10.0
61.0 138.0 20.0 10.0
108.0 69.0 20.0 10.0
43.0 112.0 20.0 10.0
134.0 114.0 20.0 10.0
57.0 126.0 20.0 10.0
125.0 125.0 20.0 10.0
132.0 70.0 20.0 10.0
66.0 47.0 20.0 10.0
56.0 91.0 20.0 10.0
145.0 81.0 20.0 10.0
39.0 77.0 20.0 10.0
101.0 137.0 20.0 10.0
126.0 59.0 20.0 10.0
125.0 113.0 20.0 10.0
74.0 46.0 20.0 10.0
29.0 95.0 20.0 10.0
41.0 85.0 20.0 10.0
57.0 38.0 20.0 10.0
76.0 31.0 20.0 10.0
135.0 74.0 20.0 10.0
48.0 122.0 20.0 10.0
91.0 26.0 20.0 10.0
36.0 67.0 20.0 10.0
67.0 113.0 20.0 10.0
52.0 103.0 20.0 10.0
43.0 51.0 20.0 10.0
30.0 80.0 20.0 10.0
153.0 80.0 20.0 10.0
85.0 40.0 20.0 10.0
58.0 119.0 20.0 10.0
79.0 142.0 20.0 10.0
104.0 30.0 20.0 10.0
71.0 30.0 20.0 10.0
37.0 101.0 20.0 10.0
126.0 80.0 20.0 10.0
