500
101.0 75.0 20.0 10.0
84.0 82.0 20.0 10.0
95.0 93.0 20.0 10.0
84.0 88.0 20.0 10.0
91.0 88.0 20.0 10.0
85.0 85.0 20.0 10.0
82.0 93.0 20.0 10.0
92.0 85.0 20.0 10.0
88.0 87.0 20.0 10.0
99.0 71.0 20.0 10.0
98.0 96.0 20.0 10.0
97.0 84.0 20.0 10.0
82.0 75.0 20.0 10.0
99.0 91.0 20.0 10.0
90.0 99.0 20.0 10.0
87.0 84.0 20.0 10.0
101.0 90.0 20.0 10.0
95.0 88.0 20.0 10.0
105.0 86.0 20.0 10.0
83.0 94.0 20.0 10.0
74.0 85.0 20.0 10.0
97.0 90.0 20.0 10.0
91.0 83.0 20.0 10.0
94.0 72.0 20.0 10.0
63.0 94.0 20.0 10.0
100.0 88.0 20.0 10.0
90.0 65.0 20.0 10.0
118.0 115.0 20.0 10.0
76.0 86.0 20.0 10.0
76.0 94.0 20.0 10.0
97.0 70.0 20.0 10.0
108.0 80.0 20.0 10.0
104.0 86.0 20.0 10.0
91.0 86.0 20.0 10.0
107.0 102.0 20.0 10.0
77.0 83.0 20.0 10.0
112.0 102.0 20.0 10.0
97.0 60.0 20.0 10.0
101.0 109.0 20.0 10.0
73.0 121.0 20.0 10.0
93.0 99.0 20.0 10.0
98.0 76.0 20.0 10.0
70.0 80.0 20.0 10.0
65.0 84.0 20.0 10.0
103.0 95.0 20.0 10.0
97.0 79.0 20.0 10.0
108.0 86.0 20.0 10.0
63.0 61.0 20.0 10.0
57.0 111.0 20.0 10.0
56.0 92.0 20.0 10.0
80.0 71.0 20.0 10.0
112.0 66.0 20.0 10.0
61.0 76.0 20.0 10.0
122.0 94.0 20.0 10.0
92.0 75.0 20.0 10.0
102.0 65.0 20.0 10.0
81.0 79.0 20.0 10.0
91.0 82.0 20.0 10.0
81.0 54.0 20.0 10.0
103.0 61.0 20.0 10.0
103.0 58.0 20.0 10.0
92.0 68.0 20.0 10.0
92.0 72.0 20.0 10.0
88.0 101.0 20.0 10.0
73.0 95.0 20.0 10.0
114.0 73.0 20.0 10.0
79.0 94.0 20.0 10.0
64.0 104.0 20.0 10.0
78.0 103.0 20.0 10.0
66.0 74.0 20.0 10.0
109.0 110.0 20.0 10.0
106.0 92.0 20.0 10.0
107.0 60.0 20.0 10.0
93.0 117.0 20.0 10.0
57.0 90.0 20.0 10.0
107.0 63.0 20.0 10.0
89.0 126.0 20.0 10.0
62.0 66.0 20.0 10.0
122.0 107.0 20.0 10.0
83.0 49.0 20.0 10.0
99.0 80.0 20.0 10.0
114.0 111.0 20.0 10.0
108.0 67.0 20.0 10.0
116.0 79.0 20.0 10.0
74.0 67.0 20.0 10.0
79.0 99.0 20.0 10.0
111.0 75.0 20.0 10.0
59.0 95.0 20.0 10.0
89.0 86.0 20.0 10.0
92.0 105.0 20.0 10.0
89.0 112.0 20.0 10.0
55.0 72.0 20.0 10.0
124.0 83.0 20.0 10.0
70.0 72.0 20.0 10.0
97.0 54.0 20.0 10.0
97.0 69.0 20.0 10.0
134.0 88.0 20.0 10.0
64.0 91.0 20.0 10.0
81.0 65.0 20.0 10.0
76.0 76.0 20.0 10.0
95.0 50.0 20.0 10.0
73.0 68.0 20.0 10.0
111.0 86.0 20.0 10.0
56.0 79.0 20.0 10.0
71.0 81.0 20.0 10.0
112.0 89.0 20.0 10.0
108.0 77.0 20.0 10.0
105.0 78.0 20.0 10.0
73.0 73.0 20.0 10.0
117.0 94.0 20.0 10.0
51.0 85.0 20.0 10.0
111.0 105.0 20.0 10.0
89.0 47.0 20.0 10.0
112.0 78.0 20.0 10.0
67.0 72.0 20.0 10.0
112.0 61.0 20.0 10.0
53.0 73.0 20.0 10.0
131.0 66.0 20.0 10.0
79.0 91.0 20.0 10.0
127.0 68.0 20.0 10.0
93.0 61.0 20.0 10.0
49.0 92.0 20.0 10.0
131.0 93.0 20.0 10.0
123.0 65.0 20.0 10.0
86.0 100.0 20.0 10.0
113.0 98.0 20.0 10.0
86.0 75.0 20.0 10.0
81.0 60.0 20.0 10.0
59.0 79.0 20.0 10.0
76.0 79.0 20.0 10.0
98.0 101.0 20.0 10.0
117.0 106.0 20.0 10.0
133.0 78.0 20.0 10.0
96.0 114.0 20.0 10.0
123.0 101.0 20.0 10.0
119.0 97.0 20.0 10.0
123.0 78.0 20.0 10.0
85.0 54.0 20.0 10.0
105.0 108.0 20.0 10.0
138.0 85.0 20.0 10.0
46.0 78.0 20.0 10.0
89.0 44.0 20.0 10.0
78.0 64.0 20.0 10.0
76.0 60.0 20.0 10.0
118.0 100.0 20.0 10.0
77.0 57.0 20.0 10.0
110.0 82.0 20.0 10.0
120.0 78.0 20.0 10.0
106.0 97.0 20.0 10.0
72.0 56.0 20.0 10.0
53.0 88.0 20.0 10.0
98.0 125.0 20.0 10.0
115.0 97.0 20.0 10.0
106.0 121.0 20.0 10.0
135.0 93.0 20.0 10.0
97.0 117.0 20.0 10.0
75.0 74.0 20.0 10.0
93.0 55.0 20.0 10.0
61.0 87.0 20.0 10.0
117.0 68.0 20.0 10.0
122.0 51.0 20.0 10.0
103.0 118.0 20.0 10.0
65.0 80.0 20.0 10.0
73.0 42.0 20.0 10.0
84.0 106.0 20.0 10.0
99.0 65.0 20.0 10.0
114.0 38.0 20.0 10.0
87.0 128.0 20.0 10.0
82.0 103.0 20.0 10.0
57.0 85.0 20.0 10.0
96.0 109.0 20.0 10.0
80.0 114.0 20.0 10.0
72.0 58.0 20.0 10.0
75.0 47.0 20.0 10.0
116.0 51.0 20.0 10.0
132.0 91.0 20.0 10.0
64.0 61.0 20.0 10.0
140.0 94.0 20.0 10.0
100.0 101.0 20.0 10.0
43.0 83.0 20.0 10.0
73.0 102.0 20.0 10.0
106.0 112.0 20.0 10.0
116.0 58.0 20.0 10.0
64.0 88.0 20.0 10.0
84.0 119.0 20.0 10.0
137.0 61.0 20.0 10.0
80.0 122.0 20.0 10.0
91.0 133.0 20.0 10.0
133.0 49.0 20.0 10.0
63.0 98.0 20.0 10.0
70.0 116.0 20.0 10.0
68.0 77.0 20.0 10.0
64.0 56.0 20.0 10.0
95.0 62.0 20.0 10.0
120.0 106.0 20.0 10.0
113.0 45.0 20.0 10.0
70.0 114.0 20.0 10.0
135.0 73.0 20.0 10.0
116.0 86.0 20.0 10.0
101.0 126.0 20.0 10.0
93.0 120.0 20.0 10.0
132.0 106.0 20.0 10.0
77.0 48.0 20.0 10.0
145.0 74.0 20.0 10.0
96.0 95.0 20.0 10.0
131.0 98.0 20.0 10.0
97.0 49.0 20.0 10.0
84.0 114.0 20.0 10.0
65.0 121.0 20.0 10.0
89.0 40.0 20.0 10.0
67.0 130.0 20.0 10.0
121.0 130.0 20.0 10.0
142.0 80.0 20.0 10.0
84.0 110.0 20.0 10.0
132.0 96.0 20.0 10.0
119.0 83.0 20.0 10.0
72.0 116.0 20.0 10.0
58.0 104.0 20.0 10.0
82.0 95.0 20.0 10.0
94.0 66.0 20.0 10.0
48.0 65.0 20.0 10.0
102.0 133.0 20.0 10.0
59.0 42.0 20.0 10.0
76.0 106.0 20.0 10.0
114.0 137.0 20.0 10.0
53.0 103.0 20.0 10.0
118.0 63.0 20.0 10.0
47.0 87.0 20.0 10.0
122.0 68.0 20.0 10.0
113.0 118.0 20.0 10.0
37.0 81.0 20.0 10.0
62.0 127.0 20.0 10.0
105.0 52.0 20.0 10.0
110.0 63.0 20.0 10.0
108.0 118.0 20.0 10.0
68.0 70.0 20.0 10.0
52.0 116.0 20.0 10.0
125.0 89.0 20.0 10.0
111.0 115.0 20.0 10.0
49.0 106.0 20.0 10.0
53.0 65.0 20.0 10.0
120.0 116.0 20.0 10.0
81.0 67.0 20.0 10.0
62.0 64.0 20.0 10.0
49.0 77.0 20.0 10.0
83.0 53.0 20.0 10.0
51.0 98.0 20.0 10.0
134.0 65.0 20.0 10.0
73.0 111.0 20.0 10.0
66.0 107.0 20.0 10.0
51.0 119.0 20.0 10.0
51.0 106.0 20.0 10.0
77.0 132.0 20.0 10.0
94.0 131.0 20.0 10.0
108.0 53.0 20.0 10.0
57.0 59.0 20.0 10.0
67.0 98.0 20.0 10.0
123.0 53.0 20.0 10.0
86.0 49.0 20.0 10.0
123.0 104.0 20.0 10.0
132.0 82.0 20.0 10.0
124.0 115.0 20.0 10.0
47.0 97.0 20.0 10.0
85.0 46.0 20.0 10.0
76.0 131.0 20.0 10.0
123.0 124.0 20.0 10.0
77.0 66.0 20.0 10.0
84.0 124.0 20.0 10.0
84.0 40.0 20.0 10.0
115.0 115.0 20.0 10.0
93.0 46.0 20.0 10.0
58.0 54.0 20.0 10.0
69.0 107.0 20.0 10.0
119.0 103.0 20.0 10.0
89.0 60.0 20.0 10.0
127.0 65.0 20.0 10.0
126.0 109.0 20.0 10.0
87.0 120.0 20.0 10.0
65.0 125.0 20.0 10.0
109.0 97.0 20.0 10.0
109.0 124.0 20.0 10.0
101.0 41.0 20.0 10.0
127.0 75.0 20.0 10.0
103.0 48.0 20.0 10.0
125.0 106.0 20.0 10.0
118.0 110.0 20.0 10.0
131.0 32.0 20.0 10.0
82.0 109.0 20.0 10.0
56.0 116.0 20.0 10.0
95.0 98.0 20.0 10.0
49.0 55.0 20.0 10.0
45.0 95.0 20.0 10.0
74.0 138.0 20.0 10.0
83.0 117.0 20.0 10.0
120.0 92.0 20.0 10.0
48.0 69.0 20.0 10.0
119.0 123.0 20.0 10.0
116.0 53.0 20.0 10.0
64.0 116.0 20.0 10.0
52.0 92.0 20.0 10.0
64.0 48.0 20.0 10.0
99.0 35.0 20.0 10.0
122.0 59.0 20.0 10.0
106.0 67.0 20.0 10.0
102.0 136.0 20.0 10.0
127.0 62.0 20.0 10.0
141.0 108.0 20.0 10.0
56.0 56.0 20.0 10.0
96.0 57.0 20.0 10.0
62.0 54.0 20.0 10.0
105.0 128.0 20.0 10.0
136.0 120.0 20.0 10.0
90.0 136.0 20.0 10.0
105.0 121.0 20.0 10.0
57.0 66.0 20.0 10.0
80.0 49.0 20.0 10.0
82.0 77.0 20.0 10.0
69.0 39.0 20.0 10.0
78.0 112.0 20.0 10.0
105.0 140.0 20.0 10.0
58.0 83.0 20.0 10.0
42.0 90.0 20.0 10.0
119.0 54.0 20.0 10.0
99.0 120.0 20.0 10.0
62.0 120.0 20.0 10.0
131.0 111.0 20.0 10.0
87.0 32.0 20.0 10.0
72.0 48.0 20.0 10.0
91.0 127.0 20.0 10.0
98.0 113.0 20.0 10.0
142.0 84.0 20.0 10.0
61.0 108.0 20.0 10.0
113.0 123.0 20.0 10.0
70.0 65.0 20.0 10.0
80.0 117.0 20.0 10.0
128.0 60.0 20.0 10.0
56.0 123.0 20.0 10.0
128.0 73.0 20.0 10.0
77.0 126.0 20.0 10.0
55.0 126.0 20.0 10.0
86.0 57.0 20.0 10.0
84.0 135.0 20.0 10.0
91.0 42.0 20.0 10.0
109.0 36.0 20.0 10.0
61.0 47.0 20.0 10.0
128.0 124.0 20.0 10.0
146.0 64.0 20.0 10.0
116.0 40.0 20.0 10.0
125.0 93.0 20.0 10.0
123.0 86.0 20.0 10.0
77.0 53.0 20.0 10.0
58.0 44.0 20.0 10.0
45.0 42.0 20.0 10.0
67.0 56.0 20.0 10.0
69.0 120.0 20.0 10.0
67.0 128.0 20.0 10.0
46.0 81.0 20.0 10.0
67.0 36.0 20.0 10.0
134.0 82.0 20.0 10.0
56.0 107.0 20.0 10.0
59.0 111.0 20.0 10.0
87.0 124.0 20.0 10.0
115.0 131.0 20.0 10.0
61.0 35.0 20.0 10.0
101.0 58.0 20.0 10.0
43.0 61.0 20.0 10.0
66.0 115.0 20.0 10.0
53.0 112.0 20.0 10.0
66.0 47.0 20.0 10.0
53.0 99.0 20.0 10.0
97.0 44.0 20.0 10.0
25.0 93.0 20.0 10.0
88.0 37.0 20.0 10.0
95.0 138.0 20.0 10.0
117.0 129.0 20.0 10.0
75.0 43.0 20.0 10.0
77.0 38.0 20.0 10.0
94.0 127.0 20.0 10.0
56.0 100.0 20.0 10.0
77.0 27.0 20.0 10.0
86.0 129.0 20.0 10.0
105.0 104.0 20.0 10.0
100.0 105.0 20.0 10.0
138.0 77.0 20.0 10.0
124.0 130.0 20.0 10.0
106.0 41.0 20.0 10.0
146.0 69.0 20.0 10.0
60.0 59.0 20.0 10.0
117.0 121.0 20.0 10.0
52.0 51.0 20.0 10.0
55.0 76.0 20.0 10.0
132.0 62.0 20.0 10.0
154.0 84.0 20.0 10.0
82.0 132.0 20.0 10.0
127.0 46.0 20.0 10.0
130.0 120.0 20.0 10.0
30.0 45.0 20.0 10.0
145.0 86.0 20.0 10.0
88.0 94.0 20.0 10.0
89.0 56.0 20.0 10.0
89.0 143.0 20.0 10.0
49.0 31.0 20.0 10.0
99.0 46.0 20.0 10.0
69.0 91.0 20.0 10.0
125.0 100.0 20.0 10.0
138.0 40.0 20.0 10.0
30.0 99.0 20.0 10.0
147.0 102.0 20.0 10.0
135.0 116.0 20.0 10.0
111.0 52.0 20.0 10.0
62.0 69.0 20.0 10.0
35.0 88.0 20.0 10.0
115.0 126.0 20.0 10.0
138.0 53.0 20.0 10.0
110.0 137.0 20.0 10.0
131.0 74.0 20.0 10.0
120.0 113.0 20.0 10.0
120.0 71.0 20.0 10.0
151.0 109.0 20.0 10.0
59.0 124.0 20.0 10.0
40.0 56.0 20.0 10.0
53.0 120.0 20.0 10.0
125.0 122.0 20.0 10.0
48.0 103.0 20.0 10.0
43.0 69.0 20.0 10.0
126.0 131.0 20.0 10.0
55.0 52.0 20.0 10.0
136.0 80.0 20.0 10.0
64.0 96.0 20.0 10.0
33.0 73.0 20.0 10.0
42.0 105.0 20.0 10.0
140.0 91.0 20.0 10.0
46.0 73.0 20.0 10.0
145.0 99.0 20.0 10.0
104.0 124.0 20.0 10.0
136.0 50.0 20.0 10.0
62.0 111.0 20.0 10.0
108.0 44.0 20.0 10.0
164.0 101.0 20.0 10.0
141.0 69.0 20.0 10.0
125.0 35.0 20.0 10.0
94.0 30.0 20.0 10.0
42.0 108.0 20.0 10.0
125.0 49.0 20.0 10.0
133.0 117.0 20.0 10.0
62.0 39.0 20.0 10.0
140.0 102.0 20.0 10.0
72.0 127.0 20.0 10.0
49.0 112.0 20.0 10.0
71.0 33.0 20.0 10.0
83.0 30.0 20.0 10.0
128.0 86.0 20.0 10.0
44.0 65.0 20.0 10.0
155.0 78.0 20.0 10.0
111.0 56.0 20.0 10.0
85.0 133.0 20.0 10.0
54.0 43.0 20.0 10.0
98.0 129.0 20.0 10.0
41.0 97.0 20.0 10.0
149.0 128.0 20.0 10.0
150.0 56.0 20.0 10.0
48.0 24.0 20.0 10.0
25.0 86.0 20.0 10.0
70.0 142.0 20.0 10.0
38.0 75.0 20.0 10.0
43.0 96.0 20.0 10.0
86.0 164.0 20.0 10.0
118.0 48.0 20.0 10.0
120.0 89.0 20.0 10.0
110.0 43.0 20.0 10.0
51.0 43.0 20.0 10.0
87.0 27.0 20.0 10.0
40.0 49.0 20.0 10.0
133.0 126.0 20.0 10.0
128.0 80.0 20.0 10.0
86.0 137.0 20.0 10.0
134.0 70.0 20.0 10.0
94.0 37.0 20.0 10.0
144.0 107.0 20.0 10.0
145.0 58.0 20.0 10.0
137.0 104.0 20.0 10.0
51.0 60.0 20.0 10.0
33.0 67.0 20.0 10.0
107.0 26.0 20.0 10.0
52.0 80.0 20.0 10.0
132.0 53.0 20.0 10.0
93.0 147.0 20.0 10.0
121.0 38.0 20.0 10.0
143.0 96.0 20.0 10.0
120.0 62.0 20.0 10.0
102.0 33.0 20.0 10.0
142.0 87.0 20.0 10.0
125.0 43.0 20.0 10.0
84.0 61.0 20.0 10.0
80.0 38.0 20.0 10.0
77.0 41.0 20.0 10.0
71.0 98.0 20.0 10.0
103.0 38.0 20.0 10.0
142.0 123.0 20.0 10.0
129.0 101.0 20.0 10.0
