500
86.0 95.0 20.0 10.0
82.0 101.0 20.0 10.0
97.0 90.0 20.0 10.0
90.0 89.0 20.0 10.0
94.0 71.0 20.0 10.0
94.0 88.0 20.0 10.0
101.0 85.0 20.0 10.0
79.0 95.0 20.0 10.0
108.0 95.0 20.0 10.0
102.0 86.0 20.0 10.0
86.0 104.0 20.0 10.0
92.0 93.0 20.0 10.0
71.0 96.0 20.0 10.0
102.0 109.0 20.0 10.0
71.0 97.0 20.0 10.0
75.0 115.0 20.0 10.0
73.0 85.0 20.0 10.0
93.0 77.0 20.0 10.0
98.0 118.0 20.0 10.0
104.0 102.0 20.0 10.0
81.0 76.0 20.0 10.0
71.0 80.0 20.0 10.0
68.0 95.0 20.0 10.0
102.0 107.0 20.0 10.0
102.0 91.0 20.0 10.0
87.0 93.0 20.0 10.0
76.0 73.0 20.0 10.0
102.0 99.0 20.0 10.0
97.0 80.0 20.0 10.0
73.0 79.0 20.0 10.0
64.0 91.0 20.0 10.0
110.0 84.0 20.0 10.0
100.0 79.0 20.0 10.0
76.0 92.0 20.0 10.0
104.0 64.0 20.0 10.0
77.0 70.0 20.0 10.0
80.0 99.0 20.0 10.0
91.0 110.0 20.0 10.0
99.0 107.0 20.0 10.0
76.0 105.0 20.0 10.0
87.0 98.0 20.0 10.0
80.0 84.0 20.0 10.0
68.0 97.0 20.0 10.0
89.0 80.0 20.0 10.0
81.0 68.0 20.0 10.0
77.0 104.0 20.0 10.0
53.0 83.0 20.0 10.0
118.0 111.0 20.0 10.0
64.0 116.0 20.0 10.0
70.0 101.0 20.0 10.0
104.0 120.0 20.0 10.0
112.0 94.0 20.0 10.0
102.0 96.0 20.0 10.0
96.0 82.0 20.0 10.0
64.0 106.0 20.0 10.0
78.0 121.0 20.0 10.0
78.0 68.0 20.0 10.0
91.0 104.0 20.0 10.0
68.0 112.0 20.0 10.0
83.0 111.0 20.0 10.0
87.0 78.0 20.0 10.0
66.0 86.0 20.0 10.0
112.0 72.0 20.0 10.0
53.0 68.0 20.0 10.0
77.0 80.0 20.0 10.0
78.0 127.0 20.0 10.0
107.0 103.0 20.0 10.0
43.0 114.0 20.0 10.0
115.0 82.0 20.0 10.0
84.0 77.0 20.0 10.0
97.0 130.0 20.0 10.0
93.0 120.0 20.0 10.0
77.0 118.0 20.0 10.0
105.0 77.0 20.0 10.0
103.0 131.0 20.0 10.0
103.0 81.0 20.0 10.0
57.0 83.0 20.0 10.0
110.0 103.0 20.0 10.0
105.0 61.0 20.0 10.0
128.0 103.0 20.0 10.0
124.0 84.0 20.0 10.0
119.0 113.0 20.0 10.0
70.0 105.0 20.0 10.0
94.0 80.0 20.0 10.0
92.0 116.0 20.0 10.0
97.0 64.0 20.0 10.0
121.0 105.0 20.0 10.0
89.0 83.0 20.0 10.0
124.0 109.0 20.0 10.0
98.0 68.0 20.0 10.0
112.0 118.0 20.0 10.0
74.0 45.0 20.0 10.0
91.0 60.0 20.0 10.0
122.0 70.0 20.0 10.0
58.0 98.0 20.0 10.0
74.0 117.0 20.0 10.0
111.0 76.0 20.0 10.0
115.0 113.0 20.0 10.0
76.0 96.0 20.0 10.0
43.0 79.0 20.0 10.0
82.0 89.0 20.0 10.0
133.0 105.0 20.0 10.0
73.0 131.0 20.0 10.0
86.0 132.0 20.0 10.0
61.0 52.0 20.0 10.0
55.0 111.0 20.0 10.0
81.0 121.0 20.0 10.0
108.0 125.0 20.0 10.0
59.0 117.0 20.0 10.0
59.0 142.0 20.0 10.0
87.0 82.0 20.0 10.0
59.0 107.0 20.0 10.0
137.0 69.0 20.0 10.0
50.0 126.0 20.0 10.0
97.0 145.0 20.0 10.0
69.0 120.0 20.0 10.0
109.0 76.0 20.0 10.0
51.0 84.0 20.0 10.0
78.0 110.0 20.0 10.0
110.0 66.0 20.0 10.0
116.0 87.0 20.0 10.0
54.0 61.0 20.0 10.0
62.0 54.0 20.0 10.0
109.0 57.0 20.0 10.0
95.0 67.0 20.0 10.0
45.0 93.0 20.0 10.0
78.0 61.0 20.0 10.0
64.0 77.0 20.0 10.0
64.0 73.0 20.0 10.0
58.0 93.0 20.0 10.0
94.0 98.0 20.0 10.0
84.0 121.0 20.0 10.0
89.0 71.0 20.0 10.0
62.0 119.0 20.0 10.0
116.0 103.0 20.0 10.0
106.0 113.0 20.0 10.0
120.0 99.0 20.0 10.0
74.0 70.0 20.0 10.0
66.0 132.0 20.0 10.0
87.0 114.0 20.0 10.0
104.0 89.0 20.0 10.0
113.0 90.0 20.0 10.0
52.0 100.0 20.0 10.0
92.0 138.0 20.0 10.0
84.0 124.0 20.0 10.0
56.0 91.0 20.0 10.0
58.0 75.0 20.0 10.0
115.0 93.0 20.0 10.0
91.0 98.0 20.0 10.0
44.0 70.0 20.0 10.0
61.0 89.0 20.0 10.0
66.0 103.0 20.0 10.0
73.0 121.0 20.0 10.0
94.0 64.0 20.0 10.0
141.0 111.0 20.0 10.0
71.0 108.0 20.0 10.0
114.0 77.0 20.0 10.0
64.0 60.0 20.0 10.0
67.0 59.0 20.0 10.0
67.0 117.0 20.0 10.0
110.0 121.0 20.0 10.0
78.0 113.0 20.0 10.0
83.0 116.0 20.0 10.0
98.0 127.0 20.0 10.0
116.0 128.0 20.0 10.0
88.0 63.0 20.0 10.0
72.0 48.0 20.0 10.0
109.0 109.0 20.0 10.0
39.0 103.0 20.0 10.0
101.0 149.0 20.0 10.0
104.0 135.0 20.0 10.0
47.0 86.0 20.0 10.0
53.0 71.0 20.0 10.0
74.0 67.0 20.0 10.0
86.0 128.0 20.0 10.0
55.0 115.0 20.0 10.0
106.0 44.0 20.0 10.0
102.0 49.0 20.0 10.0
127.0 105.0 20.0 10.0
47.0 70.0 20.0 10.0
73.0 35.0 20.0 10.0
124.0 106.0 20.0 10.0
98.0 120.0 20.0 10.0
100.0 128.0 20.0 10.0
120.0 86.0 20.0 10.0
95.0 105.0 20.0 10.0
142.0 93.0 20.0 10.0
105.0 97.0 20.0 10.0
112.0 45.0 20.0 10.0
72.0 74.0 20.0 10.0
136.0 94.0 20.0 10.0
108.0 135.0 20.0 10.0
54.0 106.0 20.0 10.0
43.0 109.0 20.0 10.0
68.0 81.0 20.0 10.0
88.0 106.0 20.0 10.0
120.0 128.0 20.0 10.0
110.0 82.0 20.0 10.0
132.0 76.0 20.0 10.0
60.0 81.0 20.0 10.0
115.0 132.0 20.0 10.0
99.0 96.0 20.0 10.0
92.0 44.0 20.0 10.0
66.0 66.0 20.0 10.0
85.0 102.0 20.0 10.0
94.0 59.0 20.0 10.0
75.0 52.0 20.0 10.0
101.0 59.0 20.0 10.0
38.0 66.0 20.0 10.0
107.0 70.0 20.0 10.0
123.0 58.0 20.0 10.0
70.0 143.0 20.0 10.0
105.0 129.0 20.0 10.0
79.0 134.0 20.0 10.0
81.0 128.0 20.0 10.0
49.0 77.0 20.0 10.0
99.0 123.0 20.0 10.0
98.0 108.0 20.0 10.0
126.0 87.0 20.0 10.0
100.0 48.0 20.0 10.0
60.0 103.0 20.0 10.0
77.0 50.0 20.0 10.0
132.0 112.0 20.0 10.0
49.0 79.0 20.0 10.0
105.0 109.0 20.0 10.0
95.0 120.0 20.0 10.0
88.0 135.0 20.0 10.0
104.0 147.0 20.0 10.0
46.0 98.0 20.0 10.0
117.0 55.0 20.0 10.0
58.0 35.0 20.0 10.0
40.0 100.0 20.0 10.0
120.0 116.0 20.0 10.0
60.0 130.0 20.0 10.0
49.0 59.0 20.0 10.0
40.0 88.0 20.0 10.0
46.0 114.0 20.0 10.0
120.0 125.0 20.0 10.0
69.0 51.0 20.0 10.0
64.0 70.0 20.0 10.0
70.0 136.0 20.0 10.0
99.0 63.0 20.0 10.0
51.0 122.0 20.0 10.0
126.0 52.0 20.0 10.0
125.0 77.0 20.0 10.0
53.0 74.0 20.0 10.0
37.0 108.0 20.0 10.0
95.0 84.0 20.0 10.0
46.0 63.0 20.0 10.0
91.0 41.0 20.0 10.0
49.0 92.0 20.0 10.0
69.0 90.0 20.0 10.0
113.0 51.0 20.0 10.0
69.0 64.0 20.0 10.0
89.0 126.0 20.0 10.0
74.0 157.0 20.0 10.0
68.0 47.0 20.0 10.0
115.0 125.0 20.0 10.0
125.0 101.0 20.0 10.0
43.0 96.0 20.0 10.0
65.0 56.0 20.0 10.0
99.0 112.0 20.0 10.0
132.0 83.0 20.0 10.0
128.0 74.0 20.0 10.0
120.0 95.0 20.0 10.0
120.0 52.0 20.0 10.0
133.0 97.0 20.0 10.0
123.0 117.0 20.0 10.0
51.0 45.0 20.0 10.0
86.0 50.0 20.0 10.0
39.0 75.0 20.0 10.0
79.0 78.0 20.0 10.0
138.0 83.0 20.0 10.0
71.0 117.0 20.0 10.0
69.0 155.0 20.0 10.0
116.0 96.0 20.0 10.0
85.0 53.0 20.0 10.0
110.0 94.0 20.0 10.0
49.0 63.0 20.0 10.0
90.0 68.0 20.0 10.0
98.0 56.0 20.0 10.0
68.0 86.0 20.0 10.0
78.0 65.0 20.0 10.0
34.0 52.0 20.0 10.0
71.0 53.0 20.0 10.0
102.0 115.0 20.0 10.0
38.0 120.0 20.0 10.0
62.0 125.0 20.0 10.0
109.0 98.0 20.0 10.0
46.0 120.0 20.0 10.0
74.0 57.0 20.0 10.0
108.0 119.0 20.0 10.0
126.0 112.0 20.0 10.0
57.0 128.0 20.0 10.0
110.0 139.0 20.0 10.0
90.0 35.0 20.0 10.0
70.0 132.0 20.0 10.0
123.0 53.0 20.0 10.0
63.0 97.0 20.0 10.0
111.0 128.0 20.0 10.0
130.0 105.0 20.0 10.0
111.0 64.0 20.0 10.0
138.0 115.0 20.0 10.0
85.0 37.0 20.0 10.0
137.0 51.0 20.0 10.0
34.0 71.0 20.0 10.0
131.0 90.0 20.0 10.0
130.0 72.0 20.0 10.0
27.0 91.0 20.0 10.0
43.0 65.0 20.0 10.0
64.0 130.0 20.0 10.0
48.0 73.0 20.0 10.0
48.0 107.0 20.0 10.0
69.0 36.0 20.0 10.0
127.0 38.0 20.0 10.0
130.0 63.0 20.0 10.0
86.0 158.0 20.0 10.0
84.0 141.0 20.0 10.0
50.0 55.0 20.0 10.0
52.0 91.0 20.0 10.0
148.0 88.0 20.0 10.0
41.0 68.0 20.0 10.0
76.0 109.0 20.0 10.0
61.0 61.0 20.0 10.0
57.0 102.0 20.0 10.0
29.0 103.0 20.0 10.0
130.0 93.0 20.0 10.0
134.0 122.0 20.0 10.0
37.0 90.0 20.0 10.0
107.0 65.0 20.0 10.0
120.0 74.0 20.0 10.0
136.0 104.0 20.0 10.0
122.0 133.0 20.0 10.0
115.0 62.0 20.0 10.0
137.0 67.0 20.0 10.0
122.0 79.0 20.0 10.0
131.0 69.0 20.0 10.0
129.0 123.0 20.0 10.0
57.0 57.0 20.0 10.0
59.0 110.0 20.0 10.0
95.0 47.0 20.0 10.0
84.0 62.0 20.0 10.0
138.0 58.0 20.0 10.0
80.0 37.0 20.0 10.0
123.0 99.0 20.0 10.0
70.0 60.0 20.0 10.0
83.0 67.0 20.0 10.0
151.0 76.0 20.0 10.0
40.0 85.0 20.0 10.0
117.0 138.0 20.0 10.0
102.0 40.0 20.0 10.0
51.0 118.0 20.0 10.0
87.0 124.0 20.0 10.0
108.0 132.0 20.0 10.0
97.0 34.0 20.0 10.0
109.0 141.0 20.0 10.0
125.0 68.0 20.0 10.0
76.0 136.0 20.0 10.0
31.0 73.0 20.0 10.0
107.0 72.0 20.0 10.0
99.0 136.0 20.0 10.0
69.0 123.0 20.0 10.0
126.0 137.0 20.0 10.0
128.0 119.0 20.0 10.0
115.0 109.0 20.0 10.0
106.0 145.0 20.0 10.0
70.0 28.0 20.0 10.0
119.0 80.0 20.0 10.0
68.0 43.0 20.0 10.0
31.0 116.0 20.0 10.0
156.0 130.0 20.0 10.0
132.0 65.0 20.0 10.0
59.0 85.0 20.0 10.0
43.0 90.0 20.0 10.0
80.0 82.0 20.0 10.0
90.0 143.0 20.0 10.0
60.0 68.0 20.0 10.0
25.0 71.0 20.0 10.0
128.0 31.0 20.0 10.0
122.0 93.0 20.0 10.0
81.0 135.0 20.0 10.0
65.0 40.0 20.0 10.0
84.0 59.0 20.0 10.0
81.0 49.0 20.0 10.0
147.0 124.0 20.0 10.0
119.0 59.0 20.0 10.0
41.0 126.0 20.0 10.0
159.0 91.0 20.0 10.0
136.0 127.0 20.0 10.0
55.0 123.0 20.0 10.0
45.0 140.0 20.0 10.0
50.0 109.0 20.0 10.0
92.0 150.0 20.0 10.0
45.0 132.0 20.0 10.0
28.0 84.0 20.0 10.0
40.0 82.0 20.0 10.0
116.0 75.0 20.0 10.0
37.0 94.0 20.0 10.0
136.0 99.0 20.0 10.0
109.0 51.0 20.0 10.0
124.0 90.0 20.0 10.0
63.0 102.0 20.0 10.0
94.0 32.0 20.0 10.0
54.0 126.0 20.0 10.0
118.0 30.0 20.0 10.0
80.0 29.0 20.0 10.0
114.0 55.0 20.0 10.0
66.0 148.0 20.0 10.0
54.0 81.0 20.0 10.0
41.0 113.0 20.0 10.0
83.0 147.0 20.0 10.0
51.0 98.0 20.0 10.0
118.0 120.0 20.0 10.0
116.0 68.0 20.0 10.0
41.0 117.0 20.0 10.0
84.0 90.0 20.0 10.0
86.0 55.0 20.0 10.0
89.0 47.0 20.0 10.0
79.0 42.0 20.0 10.0
78.0 157.0 20.0 10.0
67.0 35.0 20.0 10.0
116.0 44.0 20.0 10.0
128.0 66.0 20.0 10.0
32.0 82.0 20.0 10.0
111.0 40.0 20.0 10.0
109.0 60.0 20.0 10.0
63.0 41.0 20.0 10.0
126.0 95.0 20.0 10.0
34.0 92.0 20.0 10.0
53.0 38.0 20.0 10.0
96.0 52.0 20.0 10.0
107.0 55.0 20.0 10.0
94.0 133.0 20.0 10.0
149.0 74.0 20.0 10.0
109.0 45.0 20.0 10.0
25.0 133.0 20.0 10.0
97.0 151.0 20.0 10.0
105.0 49.0 20.0 10.0
124.0 74.0 20.0 10.0
51.0 43.0 20.0 10.0
138.0 64.0 20.0 10.0
146.0 96.0 20.0 10.0
116.0 50.0 20.0 10.0
129.0 83.0 20.0 10.0
129.0 98.0 20.0 10.0
123.0 152.0 20.0 10.0
47.0 96.0 20.0 10.0
70.0 129.0 20.0 10.0
89.0 59.0 20.0 10.0
34.0 110.0 20.0 10.0
44.0 141.0 20.0 10.0
58.0 64.0 20.0 10.0
143.0 85.0 20.0 10.0
138.0 91.0 20.0 10.0
65.0 88.0 20.0 10.0
78.0 131.0 20.0 10.0
93.0 52.0 20.0 10.0
45.0 103.0 20.0 10.0
58.0 72.0 20.0 10.0
34.0 121.0 20.0 10.0
146.0 80.0 20.0 10.0
141.0 128.0 20.0 10.0
122.0 122.0 20.0 10.0
61.0 141.0 20.0 10.0
62.0 111.0 20.0 10.0
106.0 125.0 20.0 10.0
119.0 64.0 20.0 10.0
133.0 131.0 20.0 10.0
114.0 145.0 20.0 10.0
39.0 137.0 20.0 10.0
38.0 58.0 20.0 10.0
89.0 130.0 20.0 10.0
128.0 54.0 20.0 10.0
43.0 49.0 20.0 10.0
127.0 62.0 20.0 10.0
39.0 130.0 20.0 10.0
97.0 141.0 20.0 10.0
112.0 135.0 20.0 10.0
28.0 106.0 20.0 10.0
89.0 138.0 20.0 10.0
145.0 74.0 20.0 10.0
79.0 140.0 20.0 10.0
88.0 33.0 20.0 10.0
55.0 146.0 20.0 10.0
72.0 124.0 20.0 10.0
147.0 57.0 20.0 10.0
32.0 88.0 20.0 10.0
110.0 28.0 20.0 10.0
60.0 78.0 20.0 10.0
140.0 113.0 20.0 10.0
67.0 55.0 20.0 10.0
69.0 74.0 20.0 10.0
34.0 101.0 20.0 10.0
100.0 32.0 20.0 10.0
139.0 101.0 20.0 10.0
45.0 25.0 20.0 10.0
33.0 107.0 20.0 10.0
127.0 129.0 20.0 10.0
58.0 113.0 20.0 10.0
32.0 140.0 20.0 10.0
