500
87.0 95.0 20.0 10.0
88.0 88.0 20.0 10.0
93.0 89.0 20.0 10.0
85.0 80.0 20.0 10.0
98.0 88.0 20.0 10.0
91.0 79.0 20.0 10.0
88.0 85.0 20.0 10.0
102.0 90.0 20.0 10.0
102.0 79.0 20.0 10.0
96.0 99.0 20.0 10.0
88.0 91.0 20.0 10.0
115.0 70.0 20.0 10.0
100.0 100.0 20.0 10.0
95.0 90.0 20.0 10.0
108.0 93.0 20.0 10.0
106.0 85.0 20.0 10.0
94.0 99.0 20.0 10.0
85.0 84.0 20.0 10.0
95.0 88.0 20.0 10.0
85.0 87.0 20.0 10.0
84.0 102.0 20.0 10.0
98.0 80.0 20.0 10.0
90.0 73.0 20.0 10.0
110.0 80.0 20.0 10.0
119.0 83.0 20.0 10.0
96.0 85.0 20.0 10.0
97.0 77.0 20.0 10.0
115.0 112.0 20.0 10.0
122.0 99.0 20.0 10.0
128.0 98.0 20.0 10.0
79.0 71.0 20.0 10.0
106.0 102.0 20.0 10.0
101.0 122.0 20.0 10.0
102.0 76.0 20.0 10.0
100.0 111.0 20.0 10.0
108.0 87.0 20.0 10.0
72.0 110.0 20.0 10.0
101.0 64.0 20.0 10.0
72.0 102.0 20.0 10.0
98.0 119.0 20.0 10.0
68.0 87.0 20.0 10.0
90.0 60.0 20.0 10.0
104.0 125.0 20.0 10.0
83.0 96.0 20.0 10.0
98.0 110.0 20.0 10.0
115.0 132.0 20.0 10.0
103.0 115.0 20.0 10.0
69.0 116.0 20.0 10.0
81.0 78.0 20.0 10.0
133.0 86.0 20.0 10.0
106.0 111.0 20.0 10.0
104.0 59.0 20.0 10.0
53.0 78.0 20.0 10.0
71.0 80.0 20.0 10.0
126.0 84.0 20.0 10.0
84.0 105.0 20.0 10.0
69.0 111.0 20.0 10.0
77.0 73.0 20.0 10.0
83.0 120.0 20.0 10.0
72.0 88.0 20.0 10.0
121.0 96.0 20.0 10.0
64.0 82.0 20.0 10.0
126.0 59.0 20.0 10.0
97.0 74.0 20.0 10.0
92.0 76.0 20.0 10.0
95.0 64.0 20.0 10.0
93.0 97.0 20.0 10.0
77.0 110.0 20.0 10.0
108.0 70.0 20.0 10.0
86.0 113.0 20.0 10.0
109.0 114.0 20.0 10.0
102.0 81.0 20.0 10.0
116.0 107.0 20.0 10.0
75.0 99.0 20.0 10.0
116.0 68.0 20.0 10.0
80.0 74.0 20.0 10.0
107.0 115.0 20.0 10.0
119.0 77.0 20.0 10.0
85.0 64.0 20.0 10.0
94.0 57.0 20.0 10.0
104.0 118.0 20.0 10.0
114.0 128.0 20.0 10.0
115.0 64.0 20.0 10.0
112.0 57.0 20.0 10.0
130.0 120.0 20.0 10.0
82.0 58.0 20.0 10.0
105.0 61.0 20.0 10.0
74.0 76.0 20.0 10.0
56.0 84.0 20.0 10.0
117.0 95.0 20.0 10.0
114.0 95.0 20.0 10.0
99.0 121.0 20.0 10.0
111.0 107.0 20.0 10.0
130.0 93.0 20.0 10.0
103.0 138.0 20.0 10.0
95.0 117.0 20.0 10.0
92.0 88.0 20.0 10.0
51.0 76.0 20.0 10.0
76.0 68.0 20.0 10.0
121.0 114.0 20.0 10.0
104.0 93.0 20.0 10.0
66.0 104.0 20.0 10.0
72.0 85.0 20.0 10.0
117.0 119.0 20.0 10.0
64.0 91.0 20.0 10.0
92.0 82.0 20.0 10.0
65.0 110.0 20.0 10.0
130.0 83.0 20.0 10.0
69.0 68.0 20.0 10.0
87.0 62.0 20.0 10.0
137.0 74.0 20.0 10.0
107.0 99.0 20.0 10.0
89.0 106.0 20.0 10.0
66.0 77.0 20.0 10.0
122.0 67.0 20.0 10.0
82.0 70.0 20.0 10.0
119.0 92.0 20.0 10.0
94.0 53.0 20.0 10.0
77.0 62.0 20.0 10.0
121.0 110.0 20.0 10.0
119.0 112.0 20.0 10.0
133.0 79.0 20.0 10.0
136.0 66.0 20.0 10.0
93.0 108.0 20.0 10.0
97.0 136.0 20.0 10.0
74.0 58.0 20.0 10.0
77.0 96.0 20.0 10.0
146.0 95.0 20.0 10.0
121.0 65.0 20.0 10.0
58.0 101.0 20.0 10.0
89.0 121.0 20.0 10.0
71.0 96.0 20.0 10.0
64.0 100.0 20.0 10.0
50.0 81.0 20.0 10.0
99.0 70.0 20.0 10.0
82.0 133.0 20.0 10.0
105.0 68.0 20.0 10.0
107.0 66.0 20.0 10.0
82.0 64.0 20.0 10.0
121.0 82.0 20.0 10.0
77.0 86.0 20.0 10.0
109.0 68.0 20.0 10.0
63.0 120.0 20.0 10.0
48.0 58.0 20.0 10.0
135.0 87.0 20.0 10.0
64.0 64.0 20.0 10.0
91.0 140.0 20.0 10.0
96.0 48.0 20.0 10.0
77.0 127.0 20.0 10.0
71.0 113.0 20.0 10.0
97.0 92.0 20.0 10.0
86.0 61.0 20.0 10.0
122.0 71.0 20.0 10.0
95.0 124.0 20.0 10.0
60.0 74.0 20.0 10.0
83.0 112.0 20.0 10.0
126.0 100.0 20.0 10.0
92.0 112.0 20.0 10.0
61.0 79.0 20.0 10.0
54.0 86.0 20.0 10.0
70.0 125.0 20.0 10.0
74.0 52.0 20.0 10.0
136.0 55.0 20.0 10.0
82.0 125.0 20.0 10.0
114.0 45.0 20.0 10.0
113.0 84.0 20.0 10.0
62.0 70.0 20.0 10.0
44.0 91.0 20.0 10.0
108.0 47.0 20.0 10.0
100.0 74.0 20.0 10.0
85.0 121.0 20.0 10.0
80.0 102.0 20.0 10.0
102.0 126.0 20.0 10.0
128.0 66.0 20.0 10.0
68.0 144.0 20.0 10.0
99.0 131.0 20.0 10.0
118.0 107.0 20.0 10.0
102.0 47.0 20.0 10.0
115.0 121.0 20.0 10.0
44.0 62.0 20.0 10.0
94.0 65.0 20.0 10.0
79.0 67.0 20.0 10.0
61.0 115.0 20.0 10.0
57.0 82.0 20.0 10.0
85.0 134.0 20.0 10.0
91.0 125.0 20.0 10.0
85.0 126.0 20.0 10.0
138.0 123.0 20.0 10.0
68.0 93.0 20.0 10.0
138.0 118.0 20.0 10.0
164.0 79.0 20.0 10.0
82.0 84.0 20.0 10.0
132.0 64.0 20.0 10.0
141.0 101.0 20.0 10.0
58.0 114.0 20.0 10.0
60.0 106.0 20.0 10.0
63.0 124.0 20.0 10.0
70.0 59.0 20.0 10.0
108.0 144.0 20.0 10.0
81.0 44.0 20.0 10.0
90.0 132.0 20.0 10.0
129.0 104.0 20.0 10.0
84.0 47.0 20.0 10.0
104.0 154.0 20.0 10.0
59.0 86.0 20.0 10.0
43.0 78.0 20.0 10.0
82.0 130.0 20.0 10.0
122.0 43.0 20.0 10.0
80.0 118.0 20.0 10.0
135.0 109.0 20.0 10.0
110.0 75.0 20.0 10.0
75.0 55.0 20.0 10.0
152.0 70.0 20.0 10.0
56.0 124.0 20.0 10.0
118.0 116.0 20.0 10.0
124.0 57.0 20.0 10.0
120.0 70.0 20.0 10.0
121.0 38.0 20.0 10.0
50.0 117.0 20.0 10.0
90.0 51.0 20.0 10.0
125.0 38.0 20.0 10.0
110.0 58.0 20.0 10.0
109.0 119.0 20.0 10.0
100.0 50.0 20.0 10.0
145.0 92.0 20.0 10.0
76.0 101.0 20.0 10.0
54.0 91.0 20.0 10.0
59.0 69.0 20.0 10.0
89.0 54.0 20.0 10.0
39.0 80.0 20.0 10.0
99.0 41.0 20.0 10.0
121.0 152.0 20.0 10.0
111.0 130.0 20.0 10.0
93.0 131.0 20.0 10.0
128.0 73.0 20.0 10.0
88.0 135.0 20.0 10.0
44.0 115.0 20.0 10.0
55.0 58.0 20.0 10.0
45.0 87.0 20.0 10.0
144.0 103.0 20.0 10.0
135.0 95.0 20.0 10.0
102.0 105.0 20.0 10.0
57.0 89.0 20.0 10.0
93.0 104.0 20.0 10.0
94.0 46.0 20.0 10.0
67.0 95.0 20.0 10.0
75.0 36.0 20.0 10.0
141.0 33.0 20.0 10.0
47.0 110.0 20.0 10.0
46.0 76.0 20.0 10.0
113.0 33.0 20.0 10.0
150.0 92.0 20.0 10.0
54.0 76.0 20.0 10.0
116.0 53.0 20.0 10.0
55.0 65.0 20.0 10.0
94.0 137.0 20.0 10.0
142.0 112.0 20.0 10.0
123.0 59.0 20.0 10.0
54.0 101.0 20.0 10.0
49.0 85.0 20.0 10.0
129.0 81.0 20.0 10.0
130.0 116.0 20.0 10.0
52.0 55.0 20.0 10.0
129.0 110.0 20.0 10.0
109.0 109.0 20.0 10.0
107.0 134.0 20.0 10.0
117.0 40.0 20.0 10.0
108.0 125.0 20.0 10.0
63.0 73.0 20.0 10.0
112.0 90.0 20.0 10.0
111.0 52.0 20.0 10.0
49.0 98.0 20.0 10.0
71.0 48.0 20.0 10.0
150.0 108.0 20.0 10.0
93.0 32.0 20.0 10.0
114.0 72.0 20.0 10.0
121.0 88.0 20.0 10.0
33.0 115.0 20.0 10.0
57.0 78.0 20.0 10.0
55.0 92.0 20.0 10.0
77.0 122.0 20.0 10.0
139.0 96.0 20.0 10.0
46.0 95.0 20.0 10.0
84.0 115.0 20.0 10.0
148.0 84.0 20.0 10.0
114.0 59.0 20.0 10.0
88.0 29.0 20.0 10.0
31.0 84.0 20.0 10.0
137.0 103.0 20.0 10.0
115.0 81.0 20.0 10.0
132.0 72.0 20.0 10.0
69.0 53.0 20.0 10.0
70.0 148.0 20.0 10.0
89.0 149.0 20.0 10.0
133.0 92.0 20.0 10.0
96.0 114.0 20.0 10.0
98.0 124.0 20.0 10.0
106.0 106.0 20.0 10.0
57.0 108.0 20.0 10.0
80.0 61.0 20.0 10.0
89.0 46.0 20.0 10.0
135.0 105.0 20.0 10.0
60.0 40.0 20.0 10.0
99.0 44.0 20.0 10.0
91.0 40.0 20.0 10.0
140.0 80.0 20.0 10.0
75.0 140.0 20.0 10.0
94.0 37.0 20.0 10.0
119.0 126.0 20.0 10.0
126.0 47.0 20.0 10.0
88.0 57.0 20.0 10.0
72.0 130.0 20.0 10.0
110.0 98.0 20.0 10.0
151.0 100.0 20.0 10.0
130.0 86.0 20.0 10.0
138.0 89.0 20.0 10.0
161.0 85.0 20.0 10.0
152.0 116.0 20.0 10.0
57.0 131.0 20.0 10.0
95.0 60.0 20.0 10.0
134.0 62.0 20.0 10.0
55.0 69.0 20.0 10.0
78.0 37.0 20.0 10.0
107.0 31.0 20.0 10.0
62.0 46.0 20.0 10.0
122.0 125.0 20.0 10.0
125.0 107.0 20.0 10.0
68.0 131.0 20.0 10.0
47.0 101.0 20.0 10.0
122.0 74.0 20.0 10.0
123.0 54.0 20.0 10.0
72.0 70.0 20.0 10.0
73.0 118.0 20.0 10.0
88.0 127.0 20.0 10.0
78.0 51.0 20.0 10.0
50.0 122.0 20.0 10.0
140.0 108.0 20.0 10.0
143.0 73.0 20.0 10.0
148.0 61.0 20.0 10.0
72.0 62.0 20.0 10.0
55.0 100.0 20.0 10.0
84.0 146.0 20.0 10.0
65.0 67.0 20.0 10.0
66.0 116.0 20.0 10.0
108.0 50.0 20.0 10.0
144.0 137.0 20.0 10.0
48.0 114.0 20.0 10.0
163.0 116.0 20.0 10.0
60.0 95.0 20.0 10.0
79.0 116.0 20.0 10.0
120.0 27.0 20.0 10.0
31.0 106.0 20.0 10.0
45.0 107.0 20.0 10.0
86.0 142.0 20.0 10.0
113.0 105.0 20.0 10.0
86.0 40.0 20.0 10.0
90.0 68.0 20.0 10.0
127.0 121.0 20.0 10.0
140.0 133.0 20.0 10.0
69.0 89.0 20.0 10.0
143.0 96.0 20.0 10.0
95.0 140.0 20.0 10.0
66.0 71.0 20.0 10.0
71.0 134.0 20.0 10.0
56.0 52.0 20.0 10.0
83.0 92.0 20.0 10.0
103.0 30.0 20.0 10.0
143.0 78.0 20.0 10.0
73.0 41.0 20.0 10.0
94.0 128.0 20.0 10.0
64.0 126.0 20.0 10.0
53.0 108.0 20.0 10.0
127.0 90.0 20.0 10.0
63.0 106.0 20.0 10.0
65.0 122.0 20.0 10.0
160.0 63.0 20.0 10.0
64.0 54.0 20.0 10.0
78.0 146.0 20.0 10.0
59.0 58.0 20.0 10.0
53.0 122.0 20.0 10.0
99.0 59.0 20.0 10.0
77.0 134.0 20.0 10.0
27.0 63.0 20.0 10.0
34.0 86.0 20.0 10.0
151.0 82.0 20.0 10.0
157.0 122.0 20.0 10.0
98.0 142.0 20.0 10.0
36.0 59.0 20.0 10.0
47.0 104.0 20.0 10.0
81.0 25.0 20.0 10.0
135.0 127.0 20.0 10.0
135.0 149.0 20.0 10.0
65.0 97.0 20.0 10.0
87.0 35.0 20.0 10.0
67.0 127.0 20.0 10.0
52.0 50.0 20.0 10.0
133.0 97.0 20.0 10.0
112.0 54.0 20.0 10.0
50.0 134.0 20.0 10.0
140.0 76.0 20.0 10.0
135.0 82.0 20.0 10.0
123.0 142.0 20.0 10.0
116.0 135.0 20.0 10.0
111.0 111.0 20.0 10.0
119.0 129.0 20.0 10.0
148.0 78.0 20.0 10.0
117.0 152.0 20.0 10.0
132.0 131.0 20.0 10.0
104.0 53.0 20.0 10.0
90.0 144.0 20.0 10.0
64.0 88.0 20.0 10.0
122.0 118.0 20.0 10.0
73.0 47.0 20.0 10.0
108.0 123.0 20.0 10.0
63.0 60.0 20.0 10.0
48.0 80.0 20.0 10.0
125.0 75.0 20.0 10.0
125.0 110.0 20.0 10.0
40.0 73.0 20.0 10.0
139.0 70.0 20.0 10.0
106.0 78.0 20.0 10.0
62.0 96.0 20.0 10.0
98.0 56.0 20.0 10.0
133.0 56.0 20.0 10.0
78.0 44.0 20.0 10.0
98.0 29.0 20.0 10.0
138.0 50.0 20.0 10.0
128.0 124.0 20.0 10.0
103.0 145.0 20.0 10.0
158.0 66.0 20.0 10.0
133.0 101.0 20.0 10.0
126.0 96.0 20.0 10.0
131.0 153.0 20.0 10.0
127.0 69.0 20.0 10.0
117.0 103.0 20.0 10.0
150.0 125.0 20.0 10.0
143.0 57.0 20.0 10.0
68.0 101.0 20.0 10.0
126.0 79.0 20.0 10.0
153.0 105.0 20.0 10.0
49.0 66.0 20.0 10.0
106.0 150.0 20.0 10.0
109.0 38.0 20.0 10.0
136.0 140.0 20.0 10.0
150.0 146.0 20.0 10.0
48.0 94.0 20.0 10.0
90.0 114.0 20.0 10.0
62.0 57.0 20.0 10.0
145.0 107.0 20.0 10.0
133.0 115.0 20.0 10.0
82.0 136.0 20.0 10.0
67.0 45.0 20.0 10.0
103.0 44.0 20.0 10.0
143.0 46.0 20.0 10.0
123.0 103.0 20.0 10.0
72.0 123.0 20.0 10.0
126.0 138.0 20.0 10.0
128.0 50.0 20.0 10.0
124.0 131.0 20.0 10.0
132.0 47.0 20.0 10.0
68.0 43.0 20.0 10.0
126.0 116.0 20.0 10.0
119.0 61.0 20.0 10.0
31.0 92.0 20.0 10.0
107.0 35.0 20.0 10.0
56.0 148.0 20.0 10.0
130.0 39.0 20.0 10.0
65.0 106.0 20.0 10.0
104.0 25.0 20.0 10.0
66.0 133.0 20.0 10.0
154.0 63.0 20.0 10.0
52.0 129.0 20.0 10.0
66.0 60.0 20.0 10.0
118.0 138.0 20.0 10.0
112.0 42.0 20.0 10.0
107.0 129.0 20.0 10.0
41.0 50.0 20.0 10.0
49.0 72.0 20.0 10.0
59.0 64.0 20.0 10.0
141.0 63.0 20.0 10.0
36.0 119.0 20.0 10.0
144.0 126.0 20.0 10.0
79.0 40.0 20.0 10.0
121.0 54.0 20.0 10.0
69.0 27.0 20.0 10.0
112.0 116.0 20.0 10.0
81.0 51.0 20.0 10.0
50.0 68.0 20.0 10.0
111.0 127.0 20.0 10.0
72.0 43.0 20.0 10.0
123.0 89.0 20.0 10.0
95.0 42.0 20.0 10.0
59.0 36.0 20.0 10.0
142.0 85.0 20.0 10.0
104.0 131.0 20.0 10.0
81.0 109.0 20.0 10.0
63.0 50.0 20.0 10.0
41.0 69.0 20.0 10.0
118.0 45.0 20.0 10.0
24.0 108.0 20.0 10.0
