500
82.0 137.0 20.0 10.0
170.0 109.0 20.0 10.0
171.0 77.0 20.0 10.0
72.0 104.0 20.0 10.0
79.0 140.0 20.0 10.0
83.0 122.0 20.0 10.0
123.0 98.0 20.0 10.0
125.0 57.0 20.0 10.0
73.0 65.0 20.0 10.0
105.0 122.0 20.0 10.0
76.0 118.0 20.0 10.0
93.0 94.0 20.0 10.0
92.0 117.0 20.0 10.0
58.0 79.0 20.0 10.0
119.0 112.0 20.0 10.0
111.0 144.0 20.0 10.0
133.0 108.0 20.0 10.0
86.0 147.0 20.0 10.0
99.0 155.0 20.0 10.0
82.0 96.0 20.0 10.0
134.0 80.0 20.0 10.0
129.0 143.0 20.0 10.0
146.0 75.0 20.0 10.0
88.0 132.0 20.0 10.0
130.0 151.0 20.0 10.0
120.0 60.0 20.0 10.0
117.0 134.0 20.0 10.0
77.0 97.0 20.0 10.0
97.0 120.0 20.0 10.0
87.0 56.0 20.0 10.0
139.0 93.0 20.0 10.0
84.0 86.0 20.0 10.0
90.0 89.0 20.0 10.0
139.0 64.0 20.0 10.0
116.0 127.0 20.0 10.0
75.0 74.0 20.0 10.0
96.0 95.0 20.0 10.0
127.0 170.0 20.0 10.0
139.0 118.0 20.0 10.0
119.0 64.0 20.0 10.0
124.0 135.0 20.0 10.0
155.0 132.0 20.0 10.0
63.0 122.0 20.0 10.0
156.0 86.0 20.0 10.0
166.0 103.0 20.0 10.0
83.0 170.0 20.0 10.0
148.0 90.0 20.0 10.0
140.0 115.0 20.0 10.0
93.0 104.0 20.0 10.0
119.0 103.0 20.0 10.0
56.0 81.0 20.0 10.0
132.0 113.0 20.0 10.0
98.0 99.0 20.0 10.0
118.0 145.0 20.0 10.0
90.0 114.0 20.0 10.0
89.0 107.0 20.0 10.0
144.0 81.0 20.0 10.0
112.0 111.0 20.0 10.0
139.0 109.0 20.0 10.0
158.0 105.0 20.0 10.0
104.0 110.0 20.0 10.0
146.0 103.0 20.0 10.0
130.0 105.0 20.0 10.0
38.0 124.0 20.0 10.0
133.0 68.0 20.0 10.0
163.0 69.0 20.0 10.0
111.0 56.0 20.0 10.0
109.0 152.0 20.0 10.0
96.0 70.0 20.0 10.0
152.0 132.0 20.0 10.0
160.0 75.0 20.0 10.0
84.0 135.0 20.0 10.0
92.0 63.0 20.0 10.0
144.0 130.0 20.0 10.0
105.0 128.0 20.0 10.0
137.0 106.0 20.0 10.0
67.0 107.0 20.0 10.0
124.0 114.0 20.0 10.0
81.0 85.0 20.0 10.0
116.0 99.0 20.0 10.0
123.0 92.0 20.0 10.0
83.0 114.0 20.0 10.0
115.0 63.0 20.0 10.0
162.0 102.0 20.0 10.0
66.0 79.0 20.0 10.0
175.0 82.0 20.0 10.0
149.0 109.0 20.0 10.0
122.0 81.0 20.0 10.0
129.0 111.0 20.0 10.0
107.0 112.0 20.0 10.0
100.0 61.0 20.0 10.0
69.0 96.0 20.0 10.0
92.0 159.0 20.0 10.0
94.0 83.0 20.0 10.0
141.0 120.0 20.0 10.0
134.0 116.0 20.0 10.0
88.0 95.0 20.0 10.0
76.0 66.0 20.0 10.0
103.0 91.0 20.0 10.0
98.0 61.0 20.0 10.0
122.0 157.0 20.0 10.0
93.0 147.0 20.0 10.0
160.0 125.0 20.0 10.0
109.0 45.0 20.0 10.0
126.0 110.0 20.0 10.0
114.0 34.0 20.0 10.0
56.0 109.0 20.0 10.0
151.0 64.0 20.0 10.0
103.0 96.0 20.0 10.0
121.0 110.0 20.0 10.0
117.0 106.0 20.0 10.0
124.0 97.0 20.0 10.0
90.0 136.0 20.0 10.0
69.0 83.0 20.0 10.0
89.0 63.0 20.0 10.0
79.0 133.0 20.0 10.0
123.0 59.0 20.0 10.0
114.0 59.0 20.0 10.0
171.0 96.0 20.0 10.0
137.0 59.0 20.0 10.0
66.0 135.0 20.0 10.0
82.0 37.0 20.0 10.0
123.0 65.0 20.0 10.0
94.0 108.0 20.0 10.0
112.0 99.0 20.0 10.0
103.0 106.0 20.0 10.0
126.0 53.0 20.0 10.0
152.0 141.0 20.0 10.0
76.0 82.0 20.0 10.0
110.0 71.0 20.0 10.0
120.0 98.0 20.0 10.0
133.0 72.0 20.0 10.0
101.0 92.0 20.0 10.0
84.0 65.0 20.0 10.0
123.0 89.0 20.0 10.0
74.0 79.0 20.0 10.0
108.0 99.0 20.0 10.0
98.0 106.0 20.0 10.0
85.0 171.0 20.0 10.0
137.0 40.0 20.0 10.0
136.0 69.0 20.0 10.0
68.0 81.0 20.0 10.0
84.0 77.0 20.0 10.0
87.0 91.0 20.0 10.0
114.0 123.0 20.0 10.0
82.0 42.0 20.0 10.0
123.0 107.0 20.0 10.0
125.0 38.0 20.0 10.0
63.0 107.0 20.0 10.0
93.0 96.0 20.0 10.0
107.0 115.0 20.0 10.0
126.0 130.0 20.0 10.0
100.0 116.0 20.0 10.0
75.0 50.0 20.0 10.0
48.0 125.0 20.0 10.0
93.0 38.0 20.0 10.0
138.0 76.0 20.0 10.0
103.0 82.0 20.0 10.0
83.0 94.0 20.0 10.0
128.0 62.0 20.0 10.0
79.0 149.0 20.0 10.0
159.0 83.0 20.0 10.0
68.0 39.0 20.0 10.0
103.0 164.0 20.0 10.0
67.0 98.0 20.0 10.0
137.0 65.0 20.0 10.0
93.0 76.0 20.0 10.0
136.0 114.0 20.0 10.0
73.0 112.0 20.0 10.0
104.0 140.0 20.0 10.0
85.0 63.0 20.0 10.0
146.0 63.0 20.0 10.0
78.0 130.0 20.0 10.0
126.0 61.0 20.0 10.0
84.0 129.0 20.0 10.0
40.0 74.0 20.0 10.0
104.0 143.0 20.0 10.0
160.0 109.0 20.0 10.0
135.0 61.0 20.0 10.0
121.0 87.0 20.0 10.0
109.0 104.0 20.0 10.0
132.0 98.0 20.0 10.0
156.0 89.0 20.0 10.0
161.0 121.0 20.0 10.0
114.0 119.0 20.0 10.0
126.0 119.0 20.0 10.0
82.0 105.0 20.0 10.0
99.0 68.0 20.0 10.0
49.0 97.0 20.0 10.0
123.0 35.0 20.0 10.0
60.0 68.0 20.0 10.0
147.0 117.0 20.0 10.0
162.0 125.0 20.0 10.0
130.0 116.0 20.0 10.0
47.0 50.0 20.0 10.0
91.0 79.0 20.0 10.0
100.0 73.0 20.0 10.0
152.0 98.0 20.0 10.0
150.0 112.0 20.0 10.0
106.0 132.0 20.0 10.0
26.0 100.0 20.0 10.0
97.0 113.0 20.0 10.0
94.0 64.0 20.0 10.0
123.0 102.0 20.0 10.0
95.0 122.0 20.0 10.0
55.0 95.0 20.0 10.0
116.0 37.0 20.0 10.0
93.0 152.0 20.0 10.0
126.0 76.0 20.0 10.0
142.0 55.0 20.0 10.0
53.0 113.0 20.0 10.0
80.0 89.0 20.0 10.0
135.0 136.0 20.0 10.0
120.0 89.0 20.0 10.0
71.0 143.0 20.0 10.0
97.0 131.0 20.0 10.0
75.0 87.0 20.0 10.0
122.0 70.0 20.0 10.0
118.0 100.0 20.0 10.0
111.0 106.0 20.0 10.0
110.0 68.0 20.0 10.0
65.0 102.0 20.0 10.0
161.0 86.0 20.0 10.0
113.0 103.0 20.0 10.0
66.0 114.0 20.0 10.0
122.0 138.0 20.0 10.0
103.0 112.0 20.0 10.0
104.0 124.0 20.0 10.0
81.0 56.0 20.0 10.0
98.0 108.0 20.0 10.0
107.0 96.0 20.0 10.0
152.0 84.0 20.0 10.0
91.0 108.0 20.0 10.0
102.0 114.0 20.0 10.0
112.0 64.0 20.0 10.0
73.0 106.0 20.0 10.0
156.0 66.0 20.0 10.0
126.0 103.0 20.0 10.0
61.0 73.0 20.0 10.0
126.0 140.0 20.0 10.0
97.0 138.0 20.0 10.0
124.0 139.0 20.0 10.0
57.0 29.0 20.0 10.0
48.0 85.0 20.0 10.0
155.0 105.0 20.0 10.0
136.0 96.0 20.0 10.0
96.0 129.0 20.0 10.0
57.0 142.0 20.0 10.0
126.0 86.0 20.0 10.0
88.0 117.0 20.0 10.0
117.0 118.0 20.0 10.0
144.0 108.0 20.0 10.0
101.0 100.0 20.0 10.0
118.0 95.0 20.0 10.0
67.0 152.0 20.0 10.0
100.0 66.0 20.0 10.0
82.0 71.0 20.0 10.0
82.0 75.0 20.0 10.0
127.0 70.0 20.0 10.0
76.0 42.0 20.0 10.0
90.0 69.0 20.0 10.0
114.0 117.0 20.0 10.0
42.0 90.0 20.0 10.0
76.0 124.0 20.0 10.0
91.0 127.0 20.0 10.0
143.0 158.0 20.0 10.0
138.0 85.0 20.0 10.0
150.0 103.0 20.0 10.0
122.0 113.0 20.0 10.0
71.0 134.0 20.0 10.0
172.0 130.0 20.0 10.0
31.0 159.0 20.0 10.0
141.0 93.0 20.0 10.0
98.0 89.0 20.0 10.0
100.0 35.0 20.0 10.0
118.0 70.0 20.0 10.0
109.0 107.0 20.0 10.0
128.0 126.0 20.0 10.0
74.0 69.0 20.0 10.0
71.0 75.0 20.0 10.0
91.0 91.0 20.0 10.0
132.0 121.0 20.0 10.0
25.0 117.0 20.0 10.0
87.0 122.0 20.0 10.0
103.0 48.0 20.0 10.0
106.0 104.0 20.0 10.0
111.0 73.0 20.0 10.0
110.0 92.0 20.0 10.0
94.0 116.0 20.0 10.0
103.0 77.0 20.0 10.0
106.0 80.0 20.0 10.0
99.0 71.0 20.0 10.0
135.0 97.0 20.0 10.0
77.0 76.0 20.0 10.0
75.0 63.0 20.0 10.0
128.0 81.0 20.0 10.0
110.0 78.0 20.0 10.0
115.0 93.0 20.0 10.0
113.0 140.0 20.0 10.0
131.0 63.0 20.0 10.0
54.0 124.0 20.0 10.0
117.0 150.0 20.0 10.0
119.0 137.0 20.0 10.0
59.0 94.0 20.0 10.0
135.0 144.0 20.0 10.0
154.0 115.0 20.0 10.0
76.0 108.0 20.0 10.0
165.0 115.0 20.0 10.0
109.0 74.0 20.0 10.0
133.0 85.0 20.0 10.0
117.0 79.0 20.0 10.0
95.0 74.0 20.0 10.0
172.0 63.0 20.0 10.0
105.0 95.0 20.0 10.0
101.0 85.0 20.0 10.0
90.0 139.0 20.0 10.0
95.0 90.0 20.0 10.0
118.0 47.0 20.0 10.0
115.0 138.0 20.0 10.0
103.0 39.0 20.0 10.0
94.0 81.0 20.0 10.0
71.0 55.0 20.0 10.0
110.0 131.0 20.0 10.0
56.0 61.0 20.0 10.0
102.0 90.0 20.0 10.0
98.0 144.0 20.0 10.0
139.0 89.0 20.0 10.0
109.0 51.0 20.0 10.0
154.0 81.0 20.0 10.0
77.0 95.0 20.0 10.0
89.0 81.0 20.0 10.0
146.0 83.0 20.0 10.0
107.0 119.0 20.0 10.0
100.0 123.0 20.0 10.0
90.0 123.0 20.0 10.0
87.0 72.0 20.0 10.0
68.0 89.0 20.0 10.0
130.0 139.0 20.0 10.0
111.0 94.0 20.0 10.0
93.0 53.0 20.0 10.0
141.0 97.0 20.0 10.0
156.0 70.0 20.0 10.0
136.0 111.0 20.0 10.0
85.0 113.0 20.0 10.0
80.0 124.0 20.0 10.0
72.0 131.0 20.0 10.0
107.0 136.0 20.0 10.0
78.0 129.0 20.0 10.0
71.0 128.0 20.0 10.0
71.0 45.0 20.0 10.0
118.0 67.0 20.0 10.0
159.0 140.0 20.0 10.0
155.0 78.0 20.0 10.0
72.0 72.0 20.0 10.0
140.0 103.0 20.0 10.0
96.0 77.0 20.0 10.0
75.0 95.0 20.0 10.0
90.0 145.0 20.0 10.0
133.0 111.0 20.0 10.0
116.0 130.0 20.0 10.0
107.0 53.0 20.0 10.0
144.0 116.0 20.0 10.0
105.0 85.0 20.0 10.0
130.0 102.0 20.0 10.0
125.0 81.0 20.0 10.0
136.0 120.0 20.0 10.0
128.0 49.0 20.0 10.0
118.0 86.0 20.0 10.0
116.0 102.0 20.0 10.0
88.0 103.0 20.0 10.0
115.0 46.0 20.0 10.0
93.0 72.0 20.0 10.0
58.0 131.0 20.0 10.0
89.0 85.0 20.0 10.0
118.0 124.0 20.0 10.0
94.0 99.0 20.0 10.0
130.0 58.0 20.0 10.0
142.0 61.0 20.0 10.0
63.0 127.0 20.0 10.0
95.0 44.0 20.0 10.0
137.0 121.0 20.0 10.0
109.0 135.0 20.0 10.0
121.0 118.0 20.0 10.0
119.0 107.0 20.0 10.0
127.0 124.0 20.0 10.0
81.0 108.0 20.0 10.0
124.0 86.0 20.0 10.0
114.0 85.0 20.0 10.0
74.0 127.0 20.0 10.0
142.0 90.0 20.0 10.0
157.0 94.0 20.0 10.0
63.0 85.0 20.0 10.0
151.0 162.0 20.0 10.0
144.0 105.0 20.0 10.0
99.0 57.0 20.0 10.0
83.0 124.0 20.0 10.0
49.0 52.0 20.0 10.0
106.0 74.0 20.0 10.0
103.0 134.0 20.0 10.0
104.0 45.0 20.0 10.0
138.0 138.0 20.0 10.0
134.0 49.0 20.0 10.0
114.0 147.0 20.0 10.0
119.0 83.0 20.0 10.0
62.0 111.0 20.0 10.0
72.0 117.0 20.0 10.0
109.0 101.0 20.0 10.0
111.0 134.0 20.0 10.0
152.0 59.0 20.0 10.0
80.0 103.0 20.0 10.0
111.0 123.0 20.0 10.0
97.0 54.0 20.0 10.0
116.0 72.0 20.0 10.0
119.0 78.0 20.0 10.0
52.0 116.0 20.0 10.0
74.0 88.0 20.0 10.0
97.0 83.0 20.0 10.0
123.0 94.0 20.0 10.0
114.0 96.0 20.0 10.0
85.0 100.0 20.0 10.0
135.0 84.0 20.0 10.0
118.0 130.0 20.0 10.0
61.0 100.0 20.0 10.0
55.0 146.0 20.0 10.0
76.0 70.0 20.0 10.0
102.0 119.0 20.0 10.0
82.0 77.0 20.0 10.0
70.0 92.0 20.0 10.0
117.0 94.0 20.0 10.0
133.0 87.0 20.0 10.0
115.0 75.0 20.0 10.0
120.0 125.0 20.0 10.0
130.0 131.0 20.0 10.0
142.0 68.0 20.0 10.0
129.0 91.0 20.0 10.0
70.0 79.0 20.0 10.0
128.0 90.0 20.0 10.0
68.0 142.0 20.0 10.0
56.0 44.0 20.0 10.0
113.0 109.0 20.0 10.0
103.0 66.0 20.0 10.0
95.0 114.0 20.0 10.0
148.0 75.0 20.0 10.0
96.0 49.0 20.0 10.0
113.0 51.0 20.0 10.0
81.0 68.0 20.0 10.0
137.0 79.0 20.0 10.0
108.0 90.0 20.0 10.0
68.0 169.0 20.0 10.0
105.0 58.0 20.0 10.0
92.0 101.0 20.0 10.0
77.0 115.0 20.0 10.0
153.0 100.0 20.0 10.0
99.0 78.0 20.0 10.0
100.0 137.0 20.0 10.0
119.0 142.0 20.0 10.0
84.0 109.0 20.0 10.0
104.0 100.0 20.0 10.0
133.0 75.0 20.0 10.0
118.0 114.0 20.0 10.0
122.0 128.0 20.0 10.0
132.0 44.0 20.0 10.0
109.0 66.0 20.0 10.0
119.0 122.0 20.0 10.0
141.0 78.0 20.0 10.0
138.0 128.0 20.0 10.0
61.0 132.0 20.0 10.0
109.0 126.0 20.0 10.0
125.0 94.0 20.0 10.0
98.0 124.0 20.0 10.0
129.0 99.0 20.0 10.0
116.0 88.0 20.0 10.0
114.0 68.0 20.0 10.0
78.0 105.0 20.0 10.0
149.0 145.0 20.0 10.0
138.0 82.0 20.0 10.0
185.0 100.0 20.0 10.0
78.0 111.0 20.0 10.0
108.0 63.0 20.0 10.0
128.0 103.0 20.0 10.0
137.0 100.0 20.0 10.0
95.0 134.0 20.0 10.0
127.0 158.0 20.0 10.0
151.0 35.0 20.0 10.0
91.0 105.0 20.0 10.0
119.0 156.0 20.0 10.0
85.0 149.0 20.0 10.0
145.0 25.0 20.0 10.0
161.0 96.0 20.0 10.0
182.0 147.0 20.0 10.0
154.0 88.0 20.0 10.0
97.0 92.0 20.0 10.0
142.0 143.0 20.0 10.0
95.0 97.0 20.0 10.0
127.0 120.0 20.0 10.0
111.0 115.0 20.0 10.0
137.0 151.0 20.0 10.0
112.0 86.0 20.0 10.0
144.0 124.0 20.0 10.0
106.0 62.0 20.0 10.0
