500
82.0 116.0 20.0 10.0
110.0 43.0 20.0 10.0
121.0 147.0 20.0 10.0
127.0 115.0 20.0 10.0
139.0 118.0 20.0 10.0
125.0 95.0 20.0 10.0
69.0 82.0 20.0 10.0
112.0 150.0 20.0 10.0
144.0 98.0 20.0 10.0
98.0 76.0 20.0 10.0
138.0 99.0 20.0 10.0
143.0 133.0 20.0 10.0
106.0 128.0 20.0 10.0
117.0 59.0 20.0 10.0
132.0 111.0 20.0 10.0
140.0 74.0 20.0 10.0
103.0 69.0 20.0 10.0
120.0 107.0 20.0 10.0
77.0 126.0 20.0 10.0
79.0 101.0 20.0 10.0
125.0 113.0 20.0 10.0
118.0 74.0 20.0 10.0
137.0 67.0 20.0 10.0
93.0 120.0 20.0 10.0
143.0 147.0 20.0 10.0
134.0 89.0 20.0 10.0
91.0 151.0 20.0 10.0
123.0 99.0 20.0 10.0
57.0 136.0 20.0 10.0
127.0 100.0 20.0 10.0
70.0 93.0 20.0 10.0
122.0 128.0 20.0 10.0
154.0 69.0 20.0 10.0
111.0 50.0 20.0 10.0
116.0 144.0 20.0 10.0
124.0 121.0 20.0 10.0
104.0 102.0 20.0 10.0
151.0 68.0 20.0 10.0
132.0 134.0 20.0 10.0
165.0 95.0 20.0 10.0
92.0 107.0 20.0 10.0
119.0 54.0 20.0 10.0
76.0 162.0 20.0 10.0
98.0 177.0 20.0 10.0
91.0 140.0 20.0 10.0
117.0 97.0 20.0 10.0
85.0 120.0 20.0 10.0
95.0 87.0 20.0 10.0
100.0 61.0 20.0 10.0
153.0 105.0 20.0 10.0
96.0 72.0 20.0 10.0
94.0 85.0 20.0 10.0
156.0 62.0 20.0 10.0
118.0 113.0 20.0 10.0
119.0 95.0 20.0 10.0
126.0 77.0 20.0 10.0
129.0 69.0 20.0 10.0
78.0 133.0 20.0 10.0
79.0 116.0 20.0 10.0
92.0 163.0 20.0 10.0
114.0 155.0 20.0 10.0
105.0 92.0 20.0 10.0
181.0 142.0 20.0 10.0
108.0 84.0 20.0 10.0
123.0 130.0 20.0 10.0
94.0 78.0 20.0 10.0
91.0 119.0 20.0 10.0
102.0 126.0 20.0 10.0
196.0 123.0 20.0 10.0
52.0 66.0 20.0 10.0
112.0 108.0 20.0 10.0
54.0 82.0 20.0 10.0
151.0 93.0 20.0 10.0
156.0 116.0 20.0 10.0
115.0 126.0 20.0 10.0
110.0 130.0 20.0 10.0
144.0 86.0 20.0 10.0
163.0 133.0 20.0 10.0
64.0 89.0 20.0 10.0
141.0 112.0 20.0 10.0
85.0 108.0 20.0 10.0
70.0 62.0 20.0 10.0
91.0 100.0 20.0 10.0
59.0 62.0 20.0 10.0
69.0 98.0 20.0 10.0
128.0 79.0 20.0 10.0
62.0 131.0 20.0 10.0
137.0 93.0 20.0 10.0
108.0 101.0 20.0 10.0
72.0 77.0 20.0 10.0
96.0 106.0 20.0 10.0
25.0 231.0 20.0 10.0
131.0 139.0 20.0 10.0
81.0 76.0 20.0 10.0
70.0 140.0 20.0 10.0
40.0 128.0 20.0 10.0
140.0 114.0 20.0 10.0
78.0 144.0 20.0 10.0
25.0 88.0 20.0 10.0
160.0 112.0 20.0 10.0
87.0 117.0 20.0 10.0
138.0 58.0 20.0 10.0
101.0 66.0 20.0 10.0
154.0 119.0 20.0 10.0
119.0 131.0 20.0 10.0
93.0 136.0 20.0 10.0
145.0 131.0 20.0 10.0
130.0 125.0 20.0 10.0
95.0 143.0 20.0 10.0
100.0 109.0 20.0 10.0
114.0 119.0 20.0 10.0
143.0 82.0 20.0 10.0
98.0 155.0 20.0 10.0
131.0 121.0 20.0 10.0
99.0 123.0 20.0 10.0
128.0 42.0 20.0 10.0
126.0 132.0 20.0 10.0
151.0 119.0 20.0 10.0
93.0 99.0 20.0 10.0
89.0 103.0 20.0 10.0
164.0 80.0 20.0 10.0
140.0 131.0 20.0 10.0
88.0 73.0 20.0 10.0
114.0 64.0 20.0 10.0
99.0 118.0 20.0 10.0
139.0 125.0 20.0 10.0
157.0 105.0 20.0 10.0
122.0 102.0 20.0 10.0
104.0 86.0 20.0 10.0
116.0 177.0 20.0 10.0
135.0 164.0 20.0 10.0
94.0 158.0 20.0 10.0
89.0 80.0 20.0 10.0
131.0 152.0 20.0 10.0
65.0 177.0 20.0 10.0
87.0 140.0 20.0 10.0
64.0 75.0 20.0 10.0
108.0 158.0 20.0 10.0
132.0 115.0 20.0 10.0
33.0 130.0 20.0 10.0
129.0 83.0 20.0 10.0
107.0 56.0 20.0 10.0
114.0 94.0 20.0 10.0
76.0 110.0 20.0 10.0
69.0 115.0 20.0 10.0
74.0 116.0 20.0 10.0
90.0 67.0 20.0 10.0
152.0 78.0 20.0 10.0
107.0 107.0 20.0 10.0
103.0 128.0 20.0 10.0
133.0 96.0 20.0 10.0
51.0 95.0 20.0 10.0
120.0 125.0 20.0 10.0
97.0 95.0 20.0 10.0
73.0 40.0 20.0 10.0
93.0 119.0 20.0 10.0
119.0 150.0 20.0 10.0
167.0 88.0 20.0 10.0
102.0 162.0 20.0 10.0
109.0 90.0 20.0 10.0
90.0 109.0 20.0 10.0
73.0 145.0 20.0 10.0
128.0 74.0 20.0 10.0
131.0 53.0 20.0 10.0
99.0 109.0 20.0 10.0
119.0 64.0 20.0 10.0
129.0 92.0 20.0 10.0
116.0 129.0 20.0 10.0
90.0 113.0 20.0 10.0
64.0 57.0 20.0 10.0
96.0 26.0 20.0 10.0
99.0 71.0 20.0 10.0
39.0 103.0 20.0 10.0
85.0 71.0 20.0 10.0
108.0 93.0 20.0 10.0
123.0 88.0 20.0 10.0
87.0 100.0 20.0 10.0
120.0 135.0 20.0 10.0
87.0 56.0 20.0 10.0
144.0 120.0 20.0 10.0
141.0 85.0 20.0 10.0
111.0 80.0 20.0 10.0
52.0 89.0 20.0 10.0
128.0 89.0 20.0 10.0
126.0 88.0 20.0 10.0
115.0 137.0 20.0 10.0
152.0 142.0 20.0 10.0
123.0 72.0 20.0 10.0
129.0 104.0 20.0 10.0
106.0 126.0 20.0 10.0
151.0 129.0 20.0 10.0
111.0 104.0 20.0 10.0
64.0 101.0 20.0 10.0
111.0 124.0 20.0 10.0
116.0 109.0 20.0 10.0
142.0 99.0 20.0 10.0
113.0 128.0 20.0 10.0
145.0 88.0 20.0 10.0
96.0 101.0 20.0 10.0
141.0 138.0 20.0 10.0
75.0 89.0 20.0 10.0
66.0 92.0 20.0 10.0
149.0 85.0 20.0 10.0
132.0 66.0 20.0 10.0
75.0 108.0 20.0 10.0
133.0 156.0 20.0 10.0
173.0 112.0 20.0 10.0
147.0 110.0 20.0 10.0
107.0 71.0 20.0 10.0
129.0 131.0 20.0 10.0
101.0 95.0 20.0 10.0
102.0 56.0 20.0 10.0
27.0 36.0 20.0 10.0
69.0 160.0 20.0 10.0
135.0 124.0 20.0 10.0
94.0 83.0 20.0 10.0
85.0 83.0 20.0 10.0
106.0 139.0 20.0 10.0
120.0 115.0 20.0 10.0
94.0 175.0 20.0 10.0
149.0 113.0 20.0 10.0
88.0 122.0 20.0 10.0
111.0 116.0 20.0 10.0
124.0 144.0 20.0 10.0
157.0 121.0 20.0 10.0
71.0 110.0 20.0 10.0
103.0 60.0 20.0 10.0
157.0 134.0 20.0 10.0
135.0 110.0 20.0 10.0
162.0 105.0 20.0 10.0
96.0 135.0 20.0 10.0
62.0 70.0 20.0 10.0
83.0 122.0 20.0 10.0
99.0 115.0 20.0 10.0
144.0 157.0 20.0 10.0
52.0 99.0 20.0 10.0
87.0 153.0 20.0 10.0
82.0 131.0 20.0 10.0
113.0 115.0 20.0 10.0
66.0 106.0 20.0 10.0
89.0 86.0 20.0 10.0
134.0 130.0 20.0 10.0
92.0 95.0 20.0 10.0
70.0 107.0 20.0 10.0
134.0 72.0 20.0 10.0
133.0 127.0 20.0 10.0
119.0 91.0 20.0 10.0
106.0 96.0 20.0 10.0
54.0 118.0 20.0 10.0
126.0 85.0 20.0 10.0
106.0 112.0 20.0 10.0
102.0 139.0 20.0 10.0
138.0 103.0 20.0 10.0
70.0 101.0 20.0 10.0
138.0 86.0 20.0 10.0
102.0 87.0 20.0 10.0
117.0 89.0 20.0 10.0
114.0 98.0 20.0 10.0
85.0 77.0 20.0 10.0
173.0 83.0 20.0 10.0
71.0 124.0 20.0 10.0
130.0 95.0 20.0 10.0
139.0 111.0 20.0 10.0
91.0 93.0 20.0 10.0
161.0 109.0 20.0 10.0
120.0 59.0 20.0 10.0
118.0 70.0 20.0 10.0
128.0 177.0 20.0 10.0
134.0 78.0 20.0 10.0
77.0 142.0 20.0 10.0
113.0 57.0 20.0 10.0
83.0 67.0 20.0 10.0
120.0 156.0 20.0 10.0
127.0 110.0 20.0 10.0
136.0 69.0 20.0 10.0
109.0 41.0 20.0 10.0
135.0 91.0 20.0 10.0
94.0 90.0 20.0 10.0
111.0 144.0 20.0 10.0
94.0 123.0 20.0 10.0
55.0 124.0 20.0 10.0
101.0 102.0 20.0 10.0
83.0 62.0 20.0 10.0
107.0 81.0 20.0 10.0
80.0 158.0 20.0 10.0
81.0 70.0 20.0 10.0
162.0 94.0 20.0 10.0
167.0 140.0 20.0 10.0
89.0 135.0 20.0 10.0
48.0 80.0 20.0 10.0
120.0 119.0 20.0 10.0
151.0 97.0 20.0 10.0
99.0 145.0 20.0 10.0
111.0 110.0 20.0 10.0
157.0 139.0 20.0 10.0
101.0 151.0 20.0 10.0
64.0 110.0 20.0 10.0
82.0 125.0 20.0 10.0
122.0 56.0 20.0 10.0
48.0 91.0 20.0 10.0
99.0 66.0 20.0 10.0
118.0 82.0 20.0 10.0
75.0 231.0 20.0 10.0
146.0 84.0 20.0 10.0
132.0 55.0 20.0 10.0
110.0 138.0 20.0 10.0
121.0 75.0 20.0 10.0
113.0 137.0 20.0 10.0
106.0 121.0 20.0 10.0
102.0 106.0 20.0 10.0
164.0 92.0 20.0 10.0
128.0 112.0 20.0 10.0
125.0 123.0 20.0 10.0
74.0 70.0 20.0 10.0
119.0 111.0 20.0 10.0
95.0 109.0 20.0 10.0
79.0 92.0 20.0 10.0
82.0 141.0 20.0 10.0
83.0 110.0 20.0 10.0
78.0 136.0 20.0 10.0
81.0 93.0 20.0 10.0
77.0 128.0 20.0 10.0
91.0 89.0 20.0 10.0
140.0 155.0 20.0 10.0
60.0 112.0 20.0 10.0
90.0 128.0 20.0 10.0
76.0 81.0 20.0 10.0
126.0 107.0 20.0 10.0
134.0 80.0 20.0 10.0
162.0 84.0 20.0 10.0
141.0 103.0 20.0 10.0
126.0 141.0 20.0 10.0
78.0 119.0 20.0 10.0
84.0 42.0 20.0 10.0
106.0 155.0 20.0 10.0
90.0 75.0 20.0 10.0
54.0 127.0 20.0 10.0
118.0 118.0 20.0 10.0
72.0 97.0 20.0 10.0
160.0 115.0 20.0 10.0
126.0 118.0 20.0 10.0
83.0 50.0 20.0 10.0
76.0 98.0 20.0 10.0
112.0 131.0 20.0 10.0
169.0 155.0 20.0 10.0
112.0 88.0 20.0 10.0
104.0 32.0 20.0 10.0
99.0 43.0 20.0 10.0
170.0 99.0 20.0 10.0
82.0 105.0 20.0 10.0
75.0 114.0 20.0 10.0
121.0 30.0 20.0 10.0
102.0 84.0 20.0 10.0
88.0 77.0 20.0 10.0
60.0 89.0 20.0 10.0
81.0 83.0 20.0 10.0
130.0 101.0 20.0 10.0
117.0 85.0 20.0 10.0
125.0 105.0 20.0 10.0
26.0 171.0 20.0 10.0
86.0 98.0 20.0 10.0
179.0 130.0 20.0 10.0
94.0 114.0 20.0 10.0
99.0 133.0 20.0 10.0
171.0 125.0 20.0 10.0
108.0 132.0 20.0 10.0
67.0 115.0 20.0 10.0
122.0 66.0 20.0 10.0
84.0 160.0 20.0 10.0
126.0 66.0 20.0 10.0
103.0 93.0 20.0 10.0
131.0 76.0 20.0 10.0
112.0 112.0 20.0 10.0
115.0 115.0 20.0 10.0
136.0 116.0 20.0 10.0
141.0 79.0 20.0 10.0
145.0 114.0 20.0 10.0
93.0 103.0 20.0 10.0
98.0 82.0 20.0 10.0
138.0 55.0 20.0 10.0
157.0 91.0 20.0 10.0
43.0 155.0 20.0 10.0
112.0 119.0 20.0 10.0
94.0 62.0 20.0 10.0
105.0 95.0 20.0 10.0
98.0 94.0 20.0 10.0
84.0 135.0 20.0 10.0
148.0 100.0 20.0 10.0
148.0 106.0 20.0 10.0
60.0 95.0 20.0 10.0
122.0 95.0 20.0 10.0
135.0 103.0 20.0 10.0
36.0 115.0 20.0 10.0
95.0 140.0 20.0 10.0
83.0 134.0 20.0 10.0
148.0 136.0 20.0 10.0
160.0 79.0 20.0 10.0
66.0 141.0 20.0 10.0
78.0 78.0 20.0 10.0
96.0 66.0 20.0 10.0
133.0 100.0 20.0 10.0
156.0 125.0 20.0 10.0
125.0 80.0 20.0 10.0
182.0 120.0 20.0 10.0
95.0 116.0 20.0 10.0
150.0 61.0 20.0 10.0
163.0 73.0 20.0 10.0
138.0 140.0 20.0 10.0
122.0 79.0 20.0 10.0
102.0 178.0 20.0 10.0
150.0 102.0 20.0 10.0
117.0 105.0 20.0 10.0
118.0 154.0 20.0 10.0
105.0 118.0 20.0 10.0
88.0 92.0 20.0 10.0
144.0 94.0 20.0 10.0
98.0 138.0 20.0 10.0
56.0 113.0 20.0 10.0
91.0 69.0 20.0 10.0
90.0 167.0 20.0 10.0
101.0 80.0 20.0 10.0
88.0 148.0 20.0 10.0
97.0 111.0 20.0 10.0
111.0 162.0 20.0 10.0
108.0 143.0 20.0 10.0
116.0 49.0 20.0 10.0
84.0 101.0 20.0 10.0
120.0 136.0 20.0 10.0
118.0 78.0 20.0 10.0
96.0 146.0 20.0 10.0
136.0 132.0 20.0 10.0
114.0 76.0 20.0 10.0
90.0 141.0 20.0 10.0
47.0 139.0 20.0 10.0
144.0 141.0 20.0 10.0
94.0 126.0 20.0 10.0
125.0 125.0 20.0 10.0
132.0 107.0 20.0 10.0
101.0 97.0 20.0 10.0
169.0 116.0 20.0 10.0
129.0 136.0 20.0 10.0
77.0 93.0 20.0 10.0
103.0 47.0 20.0 10.0
85.0 131.0 20.0 10.0
99.0 126.0 20.0 10.0
113.0 77.0 20.0 10.0
136.0 87.0 20.0 10.0
134.0 93.0 20.0 10.0
115.0 133.0 20.0 10.0
65.0 64.0 20.0 10.0
110.0 70.0 20.0 10.0
81.0 97.0 20.0 10.0
111.0 153.0 20.0 10.0
64.0 150.0 20.0 10.0
70.0 152.0 20.0 10.0
123.0 137.0 20.0 10.0
121.0 104.0 20.0 10.0
114.0 67.0 20.0 10.0
92.0 48.0 20.0 10.0
71.0 132.0 20.0 10.0
105.0 151.0 20.0 10.0
127.0 63.0 20.0 10.0
142.0 144.0 20.0 10.0
129.0 144.0 20.0 10.0
160.0 64.0 20.0 10.0
105.0 105.0 20.0 10.0
138.0 121.0 20.0 10.0
70.0 120.0 20.0 10.0
75.0 103.0 20.0 10.0
113.0 91.0 20.0 10.0
152.0 112.0 20.0 10.0
78.0 62.0 20.0 10.0
88.0 113.0 20.0 10.0
112.0 95.0 20.0 10.0
142.0 167.0 20.0 10.0
104.0 115.0 20.0 10.0
102.0 143.0 20.0 10.0
106.0 110.0 20.0 10.0
148.0 89.0 20.0 10.0
141.0 97.0 20.0 10.0
78.0 181.0 20.0 10.0
117.0 140.0 20.0 10.0
135.0 84.0 20.0 10.0
123.0 117.0 20.0 10.0
119.0 143.0 20.0 10.0
113.0 81.0 20.0 10.0
152.0 155.0 20.0 10.0
117.0 103.0 20.0 10.0
108.0 120.0 20.0 10.0
81.0 25.0 20.0 10.0
116.0 150.0 20.0 10.0
145.0 125.0 20.0 10.0
79.0 105.0 20.0 10.0
81.0 88.0 20.0 10.0
106.0 67.0 20.0 10.0
101.0 134.0 20.0 10.0
125.0 91.0 20.0 10.0
141.0 119.0 20.0 10.0
94.0 130.0 20.0 10.0
105.0 76.0 20.0 10.0
