500
109.0 118.0 20.0 10.0
98.0 109.0 20.0 10.0
148.0 77.0 20.0 10.0
145.0 127.0 20.0 10.0
152.0 119.0 20.0 10.0
105.0 108.0 20.0 10.0
141.0 89.0 20.0 10.0
96.0 139.0 20.0 10.0
120.0 90.0 20.0 10.0
155.0 98.0 20.0 10.0
112.0 159.0 20.0 10.0
108.0 74.0 20.0 10.0
133.0 114.0 20.0 10.0
110.0 104.0 20.0 10.0
170.0 172.0 20.0 10.0
65.0 169.0 20.0 10.0
143.0 167.0 20.0 10.0
99.0 87.0 20.0 10.0
111.0 80.0 20.0 10.0
102.0 92.0 20.0 10.0
128.0 70.0 20.0 10.0
114.0 100.0 20.0 10.0
89.0 143.0 20.0 10.0
63.0 111.0 20.0 10.0
79.0 85.0 20.0 10.0
100.0 82.0 20.0 10.0
178.0 158.0 20.0 10.0
120.0 94.0 20.0 10.0
90.0 80.0 20.0 10.0
113.0 139.0 20.0 10.0
102.0 183.0 20.0 10.0
121.0 120.0 20.0 10.0
110.0 115.0 20.0 10.0
62.0 83.0 20.0 10.0
100.0 124.0 20.0 10.0
198.0 187.0 20.0 10.0
112.0 116.0 20.0 10.0
153.0 114.0 20.0 10.0
57.0 57.0 20.0 10.0
73.0 99.0 20.0 10.0
121.0 130.0 20.0 10.0
79.0 165.0 20.0 10.0
124.0 85.0 20.0 10.0
111.0 94.0 20.0 10.0
146.0 119.0 20.0 10.0
91.0 134.0 20.0 10.0
76.0 167.0 20.0 10.0
112.0 99.0 20.0 10.0
136.0 78.0 20.0 10.0
120.0 123.0 20.0 10.0
168.0 53.0 20.0 10.0
140.0 104.0 20.0 10.0
95.0 133.0 20.0 10.0
83.0 123.0 20.0 10.0
129.0 92.0 20.0 10.0
78.0 152.0 20.0 10.0
107.0 111.0 20.0 10.0
91.0 110.0 20.0 10.0
99.0 42.0 20.0 10.0
112.0 63.0 20.0 10.0
124.0 128.0 20.0 10.0
84.0 158.0 20.0 10.0
60.0 114.0 20.0 10.0
54.0 182.0 20.0 10.0
114.0 47.0 20.0 10.0
142.0 121.0 20.0 10.0
111.0 86.0 20.0 10.0
120.0 63.0 20.0 10.0
75.0 81.0 20.0 10.0
81.0 129.0 20.0 10.0
89.0 81.0 20.0 10.0
132.0 131.0 20.0 10.0
119.0 109.0 20.0 10.0
117.0 73.0 20.0 10.0
108.0 174.0 20.0 10.0
110.0 72.0 20.0 10.0
160.0 47.0 20.0 10.0
37.0 125.0 20.0 10.0
103.0 120.0 20.0 10.0
130.0 112.0 20.0 10.0
106.0 106.0 20.0 10.0
73.0 86.0 20.0 10.0
108.0 144.0 20.0 10.0
103.0 89.0 20.0 10.0
99.0 106.0 20.0 10.0
79.0 130.0 20.0 10.0
126.0 98.0 20.0 10.0
70.0 111.0 20.0 10.0
84.0 94.0 20.0 10.0
76.0 73.0 20.0 10.0
73.0 93.0 20.0 10.0
72.0 84.0 20.0 10.0
70.0 147.0 20.0 10.0
92.0 155.0 20.0 10.0
121.0 104.0 20.0 10.0
140.0 123.0 20.0 10.0
120.0 87.0 20.0 10.0
68.0 69.0 20.0 10.0
105.0 144.0 20.0 10.0
98.0 81.0 20.0 10.0
61.0 120.0 20.0 10.0
52.0 125.0 20.0 10.0
83.0 103.0 20.0 10.0
98.0 126.0 20.0 10.0
123.0 119.0 20.0 10.0
134.0 137.0 20.0 10.0
165.0 89.0 20.0 10.0
105.0 125.0 20.0 10.0
56.0 54.0 20.0 10.0
125.0 107.0 20.0 10.0
149.0 92.0 20.0 10.0
108.0 106.0 20.0 10.0
135.0 72.0 20.0 10.0
114.0 92.0 20.0 10.0
41.0 94.0 20.0 10.0
123.0 82.0 20.0 10.0
105.0 135.0 20.0 10.0
82.0 140.0 20.0 10.0
76.0 40.0 20.0 10.0
91.0 163.0 20.0 10.0
149.0 66.0 20.0 10.0
57.0 64.0 20.0 10.0
88.0 62.0 20.0 10.0
143.0 47.0 20.0 10.0
159.0 109.0 20.0 10.0
170.0 120.0 20.0 10.0
61.0 92.0 20.0 10.0
89.0 122.0 20.0 10.0
146.0 133.0 20.0 10.0
130.0 63.0 20.0 10.0
132.0 140.0 20.0 10.0
91.0 126.0 20.0 10.0
72.0 72.0 20.0 10.0
163.0 127.0 20.0 10.0
71.0 106.0 20.0 10.0
137.0 104.0 20.0 10.0
53.0 121.0 20.0 10.0
82.0 85.0 20.0 10.0
81.0 70.0 20.0 10.0
162.0 132.0 20.0 10.0
119.0 143.0 20.0 10.0
113.0 103.0 20.0 10.0
110.0 126.0 20.0 10.0
181.0 89.0 20.0 10.0
53.0 94.0 20.0 10.0
125.0 78.0 20.0 10.0
84.0 64.0 20.0 10.0
102.0 100.0 20.0 10.0
146.0 141.0 20.0 10.0
142.0 75.0 20.0 10.0
102.0 126.0 20.0 10.0
117.0 100.0 20.0 10.0
144.0 103.0 20.0 10.0
103.0 132.0 20.0 10.0
68.0 100.0 20.0 10.0
89.0 149.0 20.0 10.0
130.0 90.0 20.0 10.0
82.0 88.0 20.0 10.0
117.0 69.0 20.0 10.0
110.0 91.0 20.0 10.0
146.0 74.0 20.0 10.0
102.0 130.0 20.0 10.0
141.0 149.0 20.0 10.0
117.0 124.0 20.0 10.0
69.0 76.0 20.0 10.0
126.0 95.0 20.0 10.0
137.0 136.0 20.0 10.0
154.0 86.0 20.0 10.0
101.0 108.0 20.0 10.0
130.0 117.0 20.0 10.0
118.0 47.0 20.0 10.0
129.0 77.0 20.0 10.0
78.0 122.0 20.0 10.0
25.0 105.0 20.0 10.0
134.0 132.0 20.0 10.0
129.0 127.0 20.0 10.0
147.0 111.0 20.0 10.0
105.0 76.0 20.0 10.0
139.0 100.0 20.0 10.0
156.0 75.0 20.0 10.0
49.0 103.0 20.0 10.0
114.0 168.0 20.0 10.0
110.0 96.0 20.0 10.0
81.0 96.0 20.0 10.0
133.0 128.0 20.0 10.0
114.0 116.0 20.0 10.0
113.0 58.0 20.0 10.0
126.0 101.0 20.0 10.0
84.0 91.0 20.0 10.0
90.0 146.0 20.0 10.0
105.0 150.0 20.0 10.0
127.0 146.0 20.0 10.0
136.0 169.0 20.0 10.0
125.0 123.0 20.0 10.0
98.0 165.0 20.0 10.0
95.0 130.0 20.0 10.0
127.0 118.0 20.0 10.0
82.0 145.0 20.0 10.0
115.0 106.0 20.0 10.0
120.0 156.0 20.0 10.0
101.0 153.0 20.0 10.0
57.0 169.0 20.0 10.0
97.0 83.0 20.0 10.0
105.0 65.0 20.0 10.0
121.0 141.0 20.0 10.0
151.0 39.0 20.0 10.0
87.0 114.0 20.0 10.0
91.0 63.0 20.0 10.0
144.0 81.0 20.0 10.0
91.0 102.0 20.0 10.0
122.0 110.0 20.0 10.0
93.0 102.0 20.0 10.0
130.0 136.0 20.0 10.0
95.0 163.0 20.0 10.0
74.0 66.0 20.0 10.0
138.0 93.0 20.0 10.0
108.0 134.0 20.0 10.0
64.0 118.0 20.0 10.0
77.0 113.0 20.0 10.0
112.0 141.0 20.0 10.0
69.0 123.0 20.0 10.0
94.0 150.0 20.0 10.0
47.0 64.0 20.0 10.0
87.0 112.0 20.0 10.0
78.0 72.0 20.0 10.0
78.0 109.0 20.0 10.0
100.0 62.0 20.0 10.0
100.0 137.0 20.0 10.0
81.0 54.0 20.0 10.0
79.0 124.0 20.0 10.0
61.0 98.0 20.0 10.0
121.0 112.0 20.0 10.0
128.0 59.0 20.0 10.0
77.0 150.0 20.0 10.0
100.0 78.0 20.0 10.0
96.0 127.0 20.0 10.0
60.0 131.0 20.0 10.0
87.0 93.0 20.0 10.0
82.0 106.0 20.0 10.0
134.0 67.0 20.0 10.0
138.0 79.0 20.0 10.0
106.0 51.0 20.0 10.0
80.0 65.0 20.0 10.0
151.0 173.0 20.0 10.0
92.0 121.0 20.0 10.0
115.0 64.0 20.0 10.0
102.0 144.0 20.0 10.0
136.0 153.0 20.0 10.0
160.0 77.0 20.0 10.0
153.0 127.0 20.0 10.0
90.0 118.0 20.0 10.0
135.0 101.0 20.0 10.0
63.0 73.0 20.0 10.0
137.0 95.0 20.0 10.0
87.0 144.0 20.0 10.0
59.0 87.0 20.0 10.0
87.0 119.0 20.0 10.0
122.0 84.0 20.0 10.0
66.0 121.0 20.0 10.0
106.0 104.0 20.0 10.0
142.0 140.0 20.0 10.0
83.0 59.0 20.0 10.0
87.0 96.0 20.0 10.0
142.0 115.0 20.0 10.0
76.0 145.0 20.0 10.0
95.0 79.0 20.0 10.0
126.0 142.0 20.0 10.0
116.0 81.0 20.0 10.0
139.0 117.0 20.0 10.0
124.0 88.0 20.0 10.0
63.0 106.0 20.0 10.0
164.0 119.0 20.0 10.0
102.0 113.0 20.0 10.0
139.0 129.0 20.0 10.0
131.0 99.0 20.0 10.0
84.0 109.0 20.0 10.0
101.0 55.0 20.0 10.0
121.0 95.0 20.0 10.0
153.0 102.0 20.0 10.0
159.0 83.0 20.0 10.0
132.0 81.0 20.0 10.0
149.0 85.0 20.0 10.0
53.0 153.0 20.0 10.0
130.0 94.0 20.0 10.0
101.0 73.0 20.0 10.0
70.0 92.0 20.0 10.0
118.0 119.0 20.0 10.0
136.0 113.0 20.0 10.0
144.0 123.0 20.0 10.0
146.0 96.0 20.0 10.0
143.0 153.0 20.0 10.0
112.0 84.0 20.0 10.0
65.0 77.0 20.0 10.0
136.0 144.0 20.0 10.0
54.0 132.0 20.0 10.0
156.0 106.0 20.0 10.0
89.0 73.0 20.0 10.0
81.0 108.0 20.0 10.0
95.0 104.0 20.0 10.0
85.0 101.0 20.0 10.0
154.0 71.0 20.0 10.0
85.0 128.0 20.0 10.0
72.0 134.0 20.0 10.0
73.0 143.0 20.0 10.0
91.0 69.0 20.0 10.0
110.0 147.0 20.0 10.0
101.0 116.0 20.0 10.0
141.0 106.0 20.0 10.0
103.0 81.0 20.0 10.0
65.0 57.0 20.0 10.0
97.0 118.0 20.0 10.0
115.0 141.0 20.0 10.0
113.0 68.0 20.0 10.0
98.0 113.0 20.0 10.0
120.0 99.0 20.0 10.0
118.0 128.0 20.0 10.0
81.0 25.0 20.0 10.0
95.0 87.0 20.0 10.0
87.0 133.0 20.0 10.0
91.0 86.0 20.0 10.0
67.0 89.0 20.0 10.0
140.0 146.0 20.0 10.0
100.0 118.0 20.0 10.0
77.0 94.0 20.0 10.0
131.0 118.0 20.0 10.0
57.0 94.0 20.0 10.0
139.0 109.0 20.0 10.0
65.0 132.0 20.0 10.0
55.0 120.0 20.0 10.0
114.0 78.0 20.0 10.0
59.0 78.0 20.0 10.0
147.0 103.0 20.0 10.0
58.0 140.0 20.0 10.0
114.0 89.0 20.0 10.0
93.0 108.0 20.0 10.0
88.0 88.0 20.0 10.0
91.0 106.0 20.0 10.0
131.0 87.0 20.0 10.0
99.0 145.0 20.0 10.0
102.0 103.0 20.0 10.0
147.0 106.0 20.0 10.0
45.0 165.0 20.0 10.0
93.0 84.0 20.0 10.0
95.0 97.0 20.0 10.0
113.0 97.0 20.0 10.0
100.0 142.0 20.0 10.0
107.0 87.0 20.0 10.0
123.0 53.0 20.0 10.0
131.0 75.0 20.0 10.0
55.0 102.0 20.0 10.0
70.0 136.0 20.0 10.0
108.0 115.0 20.0 10.0
143.0 86.0 20.0 10.0
65.0 125.0 20.0 10.0
110.0 109.0 20.0 10.0
94.0 90.0 20.0 10.0
108.0 129.0 20.0 10.0
78.0 105.0 20.0 10.0
160.0 158.0 20.0 10.0
149.0 135.0 20.0 10.0
54.0 112.0 20.0 10.0
76.0 118.0 20.0 10.0
99.0 74.0 20.0 10.0
82.0 81.0 20.0 10.0
75.0 106.0 20.0 10.0
87.0 109.0 20.0 10.0
91.0 99.0 20.0 10.0
65.0 156.0 20.0 10.0
136.0 86.0 20.0 10.0
152.0 79.0 20.0 10.0
73.0 110.0 20.0 10.0
124.0 151.0 20.0 10.0
137.0 133.0 20.0 10.0
125.0 93.0 20.0 10.0
91.0 114.0 20.0 10.0
131.0 66.0 20.0 10.0
123.0 156.0 20.0 10.0
92.0 94.0 20.0 10.0
97.0 93.0 20.0 10.0
132.0 90.0 20.0 10.0
53.0 90.0 20.0 10.0
80.0 118.0 20.0 10.0
128.0 105.0 20.0 10.0
85.0 84.0 20.0 10.0
84.0 131.0 20.0 10.0
112.0 73.0 20.0 10.0
52.0 106.0 20.0 10.0
123.0 113.0 20.0 10.0
55.0 86.0 20.0 10.0
67.0 115.0 20.0 10.0
150.0 99.0 20.0 10.0
103.0 106.0 20.0 10.0
156.0 114.0 20.0 10.0
111.0 113.0 20.0 10.0
80.0 115.0 20.0 10.0
144.0 77.0 20.0 10.0
68.0 131.0 20.0 10.0
59.0 96.0 20.0 10.0
126.0 87.0 20.0 10.0
126.0 49.0 20.0 10.0
103.0 116.0 20.0 10.0
81.0 100.0 20.0 10.0
76.0 90.0 20.0 10.0
79.0 134.0 20.0 10.0
86.0 121.0 20.0 10.0
118.0 102.0 20.0 10.0
117.0 137.0 20.0 10.0
104.0 60.0 20.0 10.0
93.0 112.0 20.0 10.0
97.0 150.0 20.0 10.0
68.0 128.0 20.0 10.0
76.0 125.0 20.0 10.0
109.0 83.0 20.0 10.0
120.0 119.0 20.0 10.0
130.0 155.0 20.0 10.0
71.0 53.0 20.0 10.0
122.0 115.0 20.0 10.0
74.0 113.0 20.0 10.0
105.0 29.0 20.0 10.0
118.0 158.0 20.0 10.0
109.0 113.0 20.0 10.0
110.0 54.0 20.0 10.0
85.0 73.0 20.0 10.0
133.0 121.0 20.0 10.0
105.0 84.0 20.0 10.0
65.0 43.0 20.0 10.0
103.0 123.0 20.0 10.0
138.0 60.0 20.0 10.0
48.0 35.0 20.0 10.0
106.0 157.0 20.0 10.0
106.0 96.0 20.0 10.0
98.0 67.0 20.0 10.0
107.0 98.0 20.0 10.0
78.0 115.0 20.0 10.0
149.0 149.0 20.0 10.0
95.0 94.0 20.0 10.0
73.0 117.0 20.0 10.0
114.0 122.0 20.0 10.0
91.0 43.0 20.0 10.0
132.0 73.0 20.0 10.0
53.0 80.0 20.0 10.0
125.0 133.0 20.0 10.0
126.0 55.0 20.0 10.0
123.0 71.0 20.0 10.0
77.0 97.0 20.0 10.0
153.0 146.0 20.0 10.0
106.0 164.0 20.0 10.0
97.0 88.0 20.0 10.0
98.0 132.0 20.0 10.0
113.0 135.0 20.0 10.0
128.0 73.0 20.0 10.0
147.0 146.0 20.0 10.0
76.0 77.0 20.0 10.0
93.0 51.0 20.0 10.0
149.0 87.0 20.0 10.0
103.0 96.0 20.0 10.0
79.0 68.0 20.0 10.0
115.0 108.0 20.0 10.0
143.0 94.0 20.0 10.0
75.0 122.0 20.0 10.0
163.0 101.0 20.0 10.0
131.0 50.0 20.0 10.0
97.0 147.0 20.0 10.0
116.0 85.0 20.0 10.0
145.0 84.0 20.0 10.0
109.0 79.0 20.0 10.0
96.0 36.0 20.0 10.0
66.0 141.0 20.0 10.0
105.0 141.0 20.0 10.0
127.0 150.0 20.0 10.0
85.0 126.0 20.0 10.0
168.0 105.0 20.0 10.0
84.0 153.0 20.0 10.0
88.0 126.0 20.0 10.0
64.0 106.0 20.0 10.0
85.0 115.0 20.0 10.0
101.0 136.0 20.0 10.0
146.0 123.0 20.0 10.0
86.0 79.0 20.0 10.0
48.0 148.0 20.0 10.0
90.0 77.0 20.0 10.0
58.0 73.0 20.0 10.0
125.0 102.0 20.0 10.0
188.0 83.0 20.0 10.0
55.0 107.0 20.0 10.0
146.0 99.0 20.0 10.0
113.0 120.0 20.0 10.0
133.0 107.0 20.0 10.0
93.0 144.0 20.0 10.0
100.0 131.0 20.0 10.0
107.0 118.0 20.0 10.0
95.0 71.0 20.0 10.0
123.0 133.0 20.0 10.0
70.0 103.0 20.0 10.0
70.0 96.0 20.0 10.0
63.0 97.0 20.0 10.0
119.0 132.0 20.0 10.0
130.0 106.0 20.0 10.0
52.0 86.0 20.0 10.0
56.0 141.0 20.0 10.0
