500
150.0 91.0 20.0 10.0
118.0 106.0 20.0 10.0
131.0 104.0 20.0 10.0
47.0 133.0 20.0 10.0
144.0 107.0 20.0 10.0
134.0 87.0 20.0 10.0
86.0 121.0 20.0 10.0
96.0 84.0 20.0 10.0
142.0 163.0 20.0 10.0
81.0 67.0 20.0 10.0
115.0 82.0 20.0 10.0
137.0 66.0 20.0 10.0
115.0 169.0 20.0 10.0
109.0 98.0 20.0 10.0
121.0 100.0 20.0 10.0
99.0 88.0 20.0 10.0
93.0 100.0 20.0 10.0
153.0 68.0 20.0 10.0
120.0 122.0 20.0 10.0
144.0 72.0 20.0 10.0
99.0 72.0 20.0 10.0
137.0 141.0 20.0 10.0
84.0 162.0 20.0 10.0
122.0 161.0 20.0 10.0
98.0 79.0 20.0 10.0
109.0 131.0 20.0 10.0
97.0 93.0 20.0 10.0
135.0 139.0 20.0 10.0
130.0 63.0 20.0 10.0
112.0 99.0 20.0 10.0
59.0 126.0 20.0 10.0
62.0 130.0 20.0 10.0
107.0 109.0 20.0 10.0
134.0 115.0 20.0 10.0
118.0 195.0 20.0 10.0
89.0 103.0 20.0 10.0
96.0 121.0 20.0 10.0
126.0 73.0 20.0 10.0
101.0 110.0 20.0 10.0
62.0 107.0 20.0 10.0
95.0 126.0 20.0 10.0
116.0 101.0 20.0 10.0
100.0 129.0 20.0 10.0
83.0 156.0 20.0 10.0
147.0 162.0 20.0 10.0
106.0 140.0 20.0 10.0
124.0 87.0 20.0 10.0
96.0 112.0 20.0 10.0
37.0 113.0 20.0 10.0
122.0 54.0 20.0 10.0
59.0 122.0 20.0 10.0
137.0 134.0 20.0 10.0
95.0 133.0 20.0 10.0
96.0 72.0 20.0 10.0
116.0 127.0 20.0 10.0
105.0 43.0 20.0 10.0
134.0 65.0 20.0 10.0
118.0 110.0 20.0 10.0
141.0 129.0 20.0 10.0
115.0 86.0 20.0 10.0
121.0 110.0 20.0 10.0
90.0 125.0 20.0 10.0
106.0 83.0 20.0 10.0
64.0 142.0 20.0 10.0
133.0 119.0 20.0 10.0
88.0 83.0 20.0 10.0
102.0 69.0 20.0 10.0
113.0 125.0 20.0 10.0
79.0 59.0 20.0 10.0
143.0 129.0 20.0 10.0
87.0 143.0 20.0 10.0
116.0 139.0 20.0 10.0
117.0 120.0 20.0 10.0
100.0 180.0 20.0 10.0
142.0 114.0 20.0 10.0
153.0 130.0 20.0 10.0
47.0 136.0 20.0 10.0
100.0 122.0 20.0 10.0
110.0 81.0 20.0 10.0
63.0 104.0 20.0 10.0
170.0 96.0 20.0 10.0
103.0 97.0 20.0 10.0
73.0 78.0 20.0 10.0
104.0 156.0 20.0 10.0
127.0 86.0 20.0 10.0
63.0 119.0 20.0 10.0
160.0 111.0 20.0 10.0
131.0 86.0 20.0 10.0
91.0 128.0 20.0 10.0
81.0 79.0 20.0 10.0
100.0 96.0 20.0 10.0
128.0 119.0 20.0 10.0
104.0 160.0 20.0 10.0
119.0 100.0 20.0 10.0
139.0 118.0 20.0 10.0
69.0 93.0 20.0 10.0
98.0 136.0 20.0 10.0
63.0 115.0 20.0 10.0
147.0 127.0 20.0 10.0
72.0 100.0 20.0 10.0
126.0 130.0 20.0 10.0
118.0 153.0 20.0 10.0
153.0 57.0 20.0 10.0
123.0 95.0 20.0 10.0
78.0 129.0 20.0 10.0
104.0 110.0 20.0 10.0
112.0 132.0 20.0 10.0
95.0 124.0 20.0 10.0
93.0 135.0 20.0 10.0
207.0 25.0 20.0 10.0
69.0 123.0 20.0 10.0
93.0 106.0 20.0 10.0
117.0 128.0 20.0 10.0
109.0 118.0 20.0 10.0
143.0 134.0 20.0 10.0
138.0 106.0 20.0 10.0
69.0 103.0 20.0 10.0
76.0 142.0 20.0 10.0
97.0 128.0 20.0 10.0
101.0 146.0 20.0 10.0
130.0 131.0 20.0 10.0
98.0 140.0 20.0 10.0
97.0 90.0 20.0 10.0
81.0 75.0 20.0 10.0
85.0 109.0 20.0 10.0
94.0 115.0 20.0 10.0
137.0 73.0 20.0 10.0
114.0 136.0 20.0 10.0
135.0 82.0 20.0 10.0
124.0 119.0 20.0 10.0
80.0 116.0 20.0 10.0
73.0 135.0 20.0 10.0
141.0 140.0 20.0 10.0
117.0 172.0 20.0 10.0
150.0 130.0 20.0 10.0
56.0 81.0 20.0 10.0
148.0 148.0 20.0 10.0
120.0 92.0 20.0 10.0
126.0 132.0 20.0 10.0
98.0 147.0 20.0 10.0
130.0 151.0 20.0 10.0
114.0 164.0 20.0 10.0
133.0 136.0 20.0 10.0
155.0 110.0 20.0 10.0
91.0 47.0 20.0 10.0
136.0 91.0 20.0 10.0
142.0 89.0 20.0 10.0
109.0 70.0 20.0 10.0
134.0 96.0 20.0 10.0
138.0 100.0 20.0 10.0
61.0 98.0 20.0 10.0
119.0 79.0 20.0 10.0
110.0 176.0 20.0 10.0
67.0 128.0 20.0 10.0
66.0 139.0 20.0 10.0
114.0 114.0 20.0 10.0
60.0 140.0 20.0 10.0
58.0 106.0 20.0 10.0
112.0 75.0 20.0 10.0
111.0 138.0 20.0 10.0
118.0 155.0 20.0 10.0
102.0 133.0 20.0 10.0
60.0 54.0 20.0 10.0
78.0 106.0 20.0 10.0
86.0 86.0 20.0 10.0
148.0 106.0 20.0 10.0
116.0 107.0 20.0 10.0
121.0 76.0 20.0 10.0
117.0 88.0 20.0 10.0
152.0 112.0 20.0 10.0
76.0 162.0 20.0 10.0
104.0 103.0 20.0 10.0
163.0 127.0 20.0 10.0
132.0 107.0 20.0 10.0
164.0 139.0 20.0 10.0
144.0 96.0 20.0 10.0
118.0 123.0 20.0 10.0
100.0 119.0 20.0 10.0
99.0 164.0 20.0 10.0
60.0 36.0 20.0 10.0
85.0 129.0 20.0 10.0
102.0 48.0 20.0 10.0
128.0 93.0 20.0 10.0
154.0 98.0 20.0 10.0
72.0 88.0 20.0 10.0
80.0 123.0 20.0 10.0
90.0 101.0 20.0 10.0
113.0 91.0 20.0 10.0
30.0 99.0 20.0 10.0
105.0 129.0 20.0 10.0
83.0 119.0 20.0 10.0
80.0 105.0 20.0 10.0
122.0 71.0 20.0 10.0
113.0 127.0 20.0 10.0
110.0 112.0 20.0 10.0
56.0 73.0 20.0 10.0
95.0 104.0 20.0 10.0
109.0 107.0 20.0 10.0
139.0 121.0 20.0 10.0
129.0 67.0 20.0 10.0
118.0 101.0 20.0 10.0
101.0 104.0 20.0 10.0
76.0 125.0 20.0 10.0
131.0 143.0 20.0 10.0
113.0 74.0 20.0 10.0
112.0 101.0 20.0 10.0
175.0 81.0 20.0 10.0
74.0 122.0 20.0 10.0
125.0 88.0 20.0 10.0
138.0 151.0 20.0 10.0
130.0 113.0 20.0 10.0
129.0 49.0 20.0 10.0
120.0 104.0 20.0 10.0
137.0 88.0 20.0 10.0
92.0 161.0 20.0 10.0
142.0 103.0 20.0 10.0
128.0 137.0 20.0 10.0
117.0 115.0 20.0 10.0
120.0 85.0 20.0 10.0
70.0 146.0 20.0 10.0
71.0 158.0 20.0 10.0
72.0 156.0 20.0 10.0
90.0 97.0 20.0 10.0
78.0 127.0 20.0 10.0
143.0 92.0 20.0 10.0
76.0 74.0 20.0 10.0
106.0 117.0 20.0 10.0
82.0 63.0 20.0 10.0
126.0 43.0 20.0 10.0
105.0 99.0 20.0 10.0
113.0 32.0 20.0 10.0
104.0 125.0 20.0 10.0
128.0 98.0 20.0 10.0
113.0 104.0 20.0 10.0
104.0 68.0 20.0 10.0
72.0 85.0 20.0 10.0
106.0 148.0 20.0 10.0
102.0 107.0 20.0 10.0
114.0 111.0 20.0 10.0
97.0 79.0 20.0 10.0
133.0 93.0 20.0 10.0
111.0 88.0 20.0 10.0
74.0 144.0 20.0 10.0
79.0 138.0 20.0 10.0
100.0 61.0 20.0 10.0
102.0 119.0 20.0 10.0
89.0 120.0 20.0 10.0
124.0 125.0 20.0 10.0
65.0 111.0 20.0 10.0
81.0 108.0 20.0 10.0
92.0 68.0 20.0 10.0
127.0 105.0 20.0 10.0
87.0 113.0 20.0 10.0
97.0 154.0 20.0 10.0
85.0 81.0 20.0 10.0
93.0 132.0 20.0 10.0
118.0 139.0 20.0 10.0
82.0 122.0 20.0 10.0
85.0 64.0 20.0 10.0
117.0 116.0 20.0 10.0
68.0 120.0 20.0 10.0
154.0 124.0 20.0 10.0
174.0 56.0 20.0 10.0
106.0 57.0 20.0 10.0
112.0 133.0 20.0 10.0
139.0 79.0 20.0 10.0
50.0 129.0 20.0 10.0
117.0 38.0 20.0 10.0
147.0 103.0 20.0 10.0
122.0 138.0 20.0 10.0
140.0 59.0 20.0 10.0
66.0 79.0 20.0 10.0
112.0 61.0 20.0 10.0
119.0 130.0 20.0 10.0
48.0 93.0 20.0 10.0
108.0 114.0 20.0 10.0
72.0 96.0 20.0 10.0
92.0 83.0 20.0 10.0
119.0 146.0 20.0 10.0
118.0 74.0 20.0 10.0
90.0 155.0 20.0 10.0
93.0 94.0 20.0 10.0
83.0 183.0 20.0 10.0
77.0 113.0 20.0 10.0
78.0 132.0 20.0 10.0
68.0 87.0 20.0 10.0
78.0 86.0 20.0 10.0
170.0 84.0 20.0 10.0
104.0 94.0 20.0 10.0
174.0 62.0 20.0 10.0
109.0 50.0 20.0 10.0
64.0 71.0 20.0 10.0
133.0 127.0 20.0 10.0
128.0 109.0 20.0 10.0
140.0 155.0 20.0 10.0
140.0 125.0 20.0 10.0
127.0 155.0 20.0 10.0
179.0 92.0 20.0 10.0
92.0 89.0 20.0 10.0
91.0 108.0 20.0 10.0
112.0 89.0 20.0 10.0
63.0 87.0 20.0 10.0
103.0 88.0 20.0 10.0
152.0 139.0 20.0 10.0
143.0 116.0 20.0 10.0
112.0 67.0 20.0 10.0
100.0 112.0 20.0 10.0
89.0 80.0 20.0 10.0
114.0 147.0 20.0 10.0
69.0 112.0 20.0 10.0
135.0 146.0 20.0 10.0
68.0 94.0 20.0 10.0
148.0 120.0 20.0 10.0
126.0 126.0 20.0 10.0
84.0 74.0 20.0 10.0
106.0 87.0 20.0 10.0
138.0 102.0 20.0 10.0
159.0 79.0 20.0 10.0
125.0 104.0 20.0 10.0
74.0 69.0 20.0 10.0
95.0 109.0 20.0 10.0
167.0 120.0 20.0 10.0
66.0 130.0 20.0 10.0
105.0 49.0 20.0 10.0
124.0 141.0 20.0 10.0
53.0 100.0 20.0 10.0
97.0 101.0 20.0 10.0
78.0 155.0 20.0 10.0
135.0 110.0 20.0 10.0
99.0 55.0 20.0 10.0
88.0 123.0 20.0 10.0
78.0 110.0 20.0 10.0
138.0 159.0 20.0 10.0
153.0 154.0 20.0 10.0
86.0 126.0 20.0 10.0
119.0 134.0 20.0 10.0
116.0 65.0 20.0 10.0
156.0 115.0 20.0 10.0
107.0 126.0 20.0 10.0
114.0 105.0 20.0 10.0
116.0 68.0 20.0 10.0
73.0 107.0 20.0 10.0
111.0 105.0 20.0 10.0
136.0 173.0 20.0 10.0
72.0 83.0 20.0 10.0
130.0 72.0 20.0 10.0
121.0 139.0 20.0 10.0
68.0 107.0 20.0 10.0
100.0 149.0 20.0 10.0
71.0 152.0 20.0 10.0
146.0 81.0 20.0 10.0
115.0 94.0 20.0 10.0
125.0 168.0 20.0 10.0
101.0 140.0 20.0 10.0
79.0 70.0 20.0 10.0
85.0 71.0 20.0 10.0
83.0 145.0 20.0 10.0
155.0 100.0 20.0 10.0
94.0 114.0 20.0 10.0
89.0 99.0 20.0 10.0
89.0 179.0 20.0 10.0
56.0 110.0 20.0 10.0
72.0 138.0 20.0 10.0
98.0 98.0 20.0 10.0
156.0 107.0 20.0 10.0
56.0 91.0 20.0 10.0
166.0 98.0 20.0 10.0
123.0 107.0 20.0 10.0
128.0 139.0 20.0 10.0
154.0 87.0 20.0 10.0
101.0 64.0 20.0 10.0
114.0 152.0 20.0 10.0
123.0 99.0 20.0 10.0
55.0 83.0 20.0 10.0
132.0 65.0 20.0 10.0
124.0 48.0 20.0 10.0
88.0 92.0 20.0 10.0
163.0 85.0 20.0 10.0
123.0 57.0 20.0 10.0
95.0 160.0 20.0 10.0
104.0 164.0 20.0 10.0
89.0 112.0 20.0 10.0
131.0 123.0 20.0 10.0
139.0 145.0 20.0 10.0
74.0 102.0 20.0 10.0
141.0 106.0 20.0 10.0
120.0 114.0 20.0 10.0
105.0 93.0 20.0 10.0
88.0 106.0 20.0 10.0
138.0 94.0 20.0 10.0
147.0 84.0 20.0 10.0
122.0 145.0 20.0 10.0
99.0 77.0 20.0 10.0
114.0 141.0 20.0 10.0
61.0 89.0 20.0 10.0
155.0 134.0 20.0 10.0
108.0 117.0 20.0 10.0
103.0 73.0 20.0 10.0
130.0 128.0 20.0 10.0
159.0 125.0 20.0 10.0
111.0 70.0 20.0 10.0
167.0 75.0 20.0 10.0
82.0 136.0 20.0 10.0
69.0 53.0 20.0 10.0
92.0 79.0 20.0 10.0
25.0 81.0 20.0 10.0
163.0 116.0 20.0 10.0
80.0 96.0 20.0 10.0
161.0 118.0 20.0 10.0
94.0 152.0 20.0 10.0
146.0 92.0 20.0 10.0
142.0 137.0 20.0 10.0
85.0 123.0 20.0 10.0
82.0 100.0 20.0 10.0
146.0 87.0 20.0 10.0
126.0 113.0 20.0 10.0
86.0 110.0 20.0 10.0
106.0 146.0 20.0 10.0
155.0 118.0 20.0 10.0
69.0 66.0 20.0 10.0
156.0 146.0 20.0 10.0
104.0 79.0 20.0 10.0
86.0 138.0 20.0 10.0
71.0 135.0 20.0 10.0
136.0 127.0 20.0 10.0
83.0 140.0 20.0 10.0
150.0 100.0 20.0 10.0
170.0 116.0 20.0 10.0
122.0 117.0 20.0 10.0
124.0 148.0 20.0 10.0
162.0 133.0 20.0 10.0
122.0 124.0 20.0 10.0
96.0 180.0 20.0 10.0
142.0 82.0 20.0 10.0
101.0 143.0 20.0 10.0
151.0 116.0 20.0 10.0
89.0 133.0 20.0 10.0
110.0 144.0 20.0 10.0
97.0 118.0 20.0 10.0
110.0 195.0 20.0 10.0
130.0 96.0 20.0 10.0
127.0 146.0 20.0 10.0
107.0 130.0 20.0 10.0
121.0 127.0 20.0 10.0
110.0 124.0 20.0 10.0
128.0 117.0 20.0 10.0
141.0 111.0 20.0 10.0
110.0 166.0 20.0 10.0
77.0 99.0 20.0 10.0
99.0 85.0 20.0 10.0
75.0 115.0 20.0 10.0
110.0 95.0 20.0 10.0
170.0 125.0 20.0 10.0
112.0 83.0 20.0 10.0
51.0 150.0 20.0 10.0
130.0 139.0 20.0 10.0
86.0 117.0 20.0 10.0
76.0 120.0 20.0 10.0
63.0 113.0 20.0 10.0
82.0 55.0 20.0 10.0
126.0 115.0 20.0 10.0
90.0 75.0 20.0 10.0
116.0 152.0 20.0 10.0
81.0 83.0 20.0 10.0
105.0 90.0 20.0 10.0
82.0 112.0 20.0 10.0
114.0 76.0 20.0 10.0
120.0 70.0 20.0 10.0
110.0 147.0 20.0 10.0
127.0 70.0 20.0 10.0
108.0 135.0 20.0 10.0
94.0 137.0 20.0 10.0
133.0 60.0 20.0 10.0
102.0 136.0 20.0 10.0
146.0 135.0 20.0 10.0
82.0 153.0 20.0 10.0
134.0 102.0 20.0 10.0
54.0 120.0 20.0 10.0
122.0 133.0 20.0 10.0
136.0 131.0 20.0 10.0
107.0 110.0 20.0 10.0
114.0 99.0 20.0 10.0
113.0 120.0 20.0 10.0
100.0 101.0 20.0 10.0
91.0 135.0 20.0 10.0
153.0 87.0 20.0 10.0
155.0 103.0 20.0 10.0
87.0 118.0 20.0 10.0
93.0 65.0 20.0 10.0
127.0 81.0 20.0 10.0
84.0 92.0 20.0 10.0
135.0 75.0 20.0 10.0
136.0 120.0 20.0 10.0
97.0 68.0 20.0 10.0
91.0 139.0 20.0 10.0
117.0 136.0 20.0 10.0
111.0 153.0 20.0 10.0
77.0 102.0 20.0 10.0
77.0 87.0 20.0 10.0
143.0 99.0 20.0 10.0
