500
63.0 103.0 20.0 10.0
148.0 123.0 20.0 10.0
74.0 73.0 20.0 10.0
109.0 99.0 20.0 10.0
126.0 110.0 20.0 10.0
97.0 80.0 20.0 10.0
115.0 161.0 20.0 10.0
85.0 94.0 20.0 10.0
70.0 102.0 20.0 10.0
95.0 70.0 20.0 10.0
130.0 110.0 20.0 10.0
106.0 75.0 20.0 10.0
50.0 85.0 20.0 10.0
101.0 127.0 20.0 10.0
86.0 65.0 20.0 10.0
131.0 133.0 20.0 10.0
138.0 86.0 20.0 10.0
107.0 164.0 20.0 10.0
75.0 115.0 20.0 10.0
111.0 101.0 20.0 10.0
126.0 113.0 20.0 10.0
43.0 121.0 20.0 10.0
104.0 98.0 20.0 10.0
91.0 83.0 20.0 10.0
162.0 129.0 20.0 10.0
172.0 128.0 20.0 10.0
135.0 127.0 20.0 10.0
69.0 107.0 20.0 10.0
129.0 130.0 20.0 10.0
125.0 134.0 20.0 10.0
93.0 120.0 20.0 10.0
111.0 77.0 20.0 10.0
150.0 82.0 20.0 10.0
148.0 92.0 20.0 10.0
66.0 135.0 20.0 10.0
57.0 135.0 20.0 10.0
146.0 110.0 20.0 10.0
85.0 124.0 20.0 10.0
117.0 95.0 20.0 10.0
123.0 114.0 20.0 10.0
128.0 139.0 20.0 10.0
110.0 49.0 20.0 10.0
124.0 116.0 20.0 10.0
124.0 92.0 20.0 10.0
124.0 73.0 20.0 10.0
66.0 50.0 20.0 10.0
138.0 139.0 20.0 10.0
94.0 124.0 20.0 10.0
141.0 103.0 20.0 10.0
89.0 77.0 20.0 10.0
123.0 75.0 20.0 10.0
75.0 131.0 20.0 10.0
143.0 111.0 20.0 10.0
141.0 47.0 20.0 10.0
25.0 92.0 20.0 10.0
79.0 154.0 20.0 10.0
122.0 99.0 20.0 10.0
85.0 101.0 20.0 10.0
109.0 126.0 20.0 10.0
95.0 112.0 20.0 10.0
90.0 87.0 20.0 10.0
126.0 126.0 20.0 10.0
127.0 101.0 20.0 10.0
65.0 113.0 20.0 10.0
87.0 126.0 20.0 10.0
91.0 99.0 20.0 10.0
103.0 48.0 20.0 10.0
119.0 91.0 20.0 10.0
36.0 77.0 20.0 10.0
108.0 91.0 20.0 10.0
121.0 75.0 20.0 10.0
114.0 142.0 20.0 10.0
116.0 112.0 20.0 10.0
104.0 115.0 20.0 10.0
108.0 81.0 20.0 10.0
110.0 135.0 20.0 10.0
65.0 152.0 20.0 10.0
68.0 128.0 20.0 10.0
131.0 151.0 20.0 10.0
133.0 112.0 20.0 10.0
145.0 64.0 20.0 10.0
111.0 105.0 20.0 10.0
88.0 121.0 20.0 10.0
97.0 132.0 20.0 10.0
124.0 42.0 20.0 10.0
155.0 84.0 20.0 10.0
97.0 77.0 20.0 10.0
123.0 47.0 20.0 10.0
98.0 86.0 20.0 10.0
41.0 113.0 20.0 10.0
53.0 67.0 20.0 10.0
103.0 105.0 20.0 10.0
181.0 106.0 20.0 10.0
74.0 82.0 20.0 10.0
82.0 81.0 20.0 10.0
101.0 141.0 20.0 10.0
113.0 109.0 20.0 10.0
72.0 86.0 20.0 10.0
96.0 65.0 20.0 10.0
134.0 86.0 20.0 10.0
163.0 96.0 20.0 10.0
78.0 90.0 20.0 10.0
87.0 95.0 20.0 10.0
133.0 121.0 20.0 10.0
101.0 115.0 20.0 10.0
59.0 82.0 20.0 10.0
113.0 50.0 20.0 10.0
103.0 72.0 20.0 10.0
111.0 110.0 20.0 10.0
105.0 136.0 20.0 10.0
107.0 61.0 20.0 10.0
102.0 85.0 20.0 10.0
96.0 58.0 20.0 10.0
93.0 59.0 20.0 10.0
114.0 91.0 20.0 10.0
114.0 88.0 20.0 10.0
152.0 70.0 20.0 10.0
75.0 106.0 20.0 10.0
124.0 95.0 20.0 10.0
133.0 63.0 20.0 10.0
133.0 116.0 20.0 10.0
105.0 52.0 20.0 10.0
109.0 76.0 20.0 10.0
47.0 58.0 20.0 10.0
120.0 94.0 20.0 10.0
138.0 100.0 20.0 10.0
77.0 99.0 20.0 10.0
64.0 97.0 20.0 10.0
125.0 88.0 20.0 10.0
108.0 146.0 20.0 10.0
146.0 68.0 20.0 10.0
88.0 150.0 20.0 10.0
111.0 122.0 20.0 10.0
117.0 100.0 20.0 10.0
127.0 108.0 20.0 10.0
96.0 144.0 20.0 10.0
168.0 114.0 20.0 10.0
52.0 187.0 20.0 10.0
85.0 85.0 20.0 10.0
109.0 56.0 20.0 10.0
131.0 60.0 20.0 10.0
111.0 113.0 20.0 10.0
93.0 116.0 20.0 10.0
76.0 94.0 20.0 10.0
104.0 132.0 20.0 10.0
131.0 77.0 20.0 10.0
100.0 68.0 20.0 10.0
90.0 90.0 20.0 10.0
138.0 109.0 20.0 10.0
137.0 82.0 20.0 10.0
84.0 106.0 20.0 10.0
71.0 63.0 20.0 10.0
117.0 79.0 20.0 10.0
148.0 77.0 20.0 10.0
174.0 97.0 20.0 10.0
80.0 68.0 20.0 10.0
140.0 102.0 20.0 10.0
131.0 96.0 20.0 10.0
109.0 27.0 20.0 10.0
89.0 57.0 20.0 10.0
90.0 41.0 20.0 10.0
132.0 118.0 20.0 10.0
43.0 87.0 20.0 10.0
129.0 99.0 20.0 10.0
132.0 93.0 20.0 10.0
96.0 124.0 20.0 10.0
94.0 107.0 20.0 10.0
157.0 125.0 20.0 10.0
110.0 68.0 20.0 10.0
122.0 147.0 20.0 10.0
100.0 160.0 20.0 10.0
124.0 141.0 20.0 10.0
155.0 138.0 20.0 10.0
84.0 78.0 20.0 10.0
90.0 117.0 20.0 10.0
64.0 161.0 20.0 10.0
63.0 68.0 20.0 10.0
116.0 139.0 20.0 10.0
147.0 105.0 20.0 10.0
99.0 94.0 20.0 10.0
90.0 25.0 20.0 10.0
120.0 106.0 20.0 10.0
147.0 88.0 20.0 10.0
61.0 68.0 20.0 10.0
131.0 142.0 20.0 10.0
85.0 114.0 20.0 10.0
149.0 85.0 20.0 10.0
118.0 117.0 20.0 10.0
122.0 65.0 20.0 10.0
59.0 118.0 20.0 10.0
144.0 147.0 20.0 10.0
73.0 140.0 20.0 10.0
109.0 117.0 20.0 10.0
55.0 114.0 20.0 10.0
114.0 136.0 20.0 10.0
93.0 98.0 20.0 10.0
124.0 67.0 20.0 10.0
113.0 118.0 20.0 10.0
97.0 115.0 20.0 10.0
164.0 110.0 20.0 10.0
74.0 47.0 20.0 10.0
144.0 101.0 20.0 10.0
174.0 85.0 20.0 10.0
106.0 47.0 20.0 10.0
118.0 105.0 20.0 10.0
105.0 108.0 20.0 10.0
86.0 89.0 20.0 10.0
46.0 100.0 20.0 10.0
60.0 141.0 20.0 10.0
55.0 124.0 20.0 10.0
118.0 128.0 20.0 10.0
132.0 71.0 20.0 10.0
86.0 131.0 20.0 10.0
118.0 89.0 20.0 10.0
50.0 116.0 20.0 10.0
82.0 145.0 20.0 10.0
136.0 89.0 20.0 10.0
73.0 63.0 20.0 10.0
87.0 112.0 20.0 10.0
117.0 44.0 20.0 10.0
118.0 71.0 20.0 10.0
91.0 72.0 20.0 10.0
94.0 74.0 20.0 10.0
125.0 155.0 20.0 10.0
116.0 147.0 20.0 10.0
78.0 135.0 20.0 10.0
142.0 87.0 20.0 10.0
84.0 111.0 20.0 10.0
110.0 87.0 20.0 10.0
68.0 43.0 20.0 10.0
150.0 122.0 20.0 10.0
120.0 103.0 20.0 10.0
97.0 91.0 20.0 10.0
120.0 154.0 20.0 10.0
146.0 44.0 20.0 10.0
191.0 55.0 20.0 10.0
121.0 120.0 20.0 10.0
106.0 155.0 20.0 10.0
70.0 98.0 20.0 10.0
151.0 109.0 20.0 10.0
90.0 110.0 20.0 10.0
166.0 93.0 20.0 10.0
109.0 53.0 20.0 10.0
97.0 36.0 20.0 10.0
79.0 108.0 20.0 10.0
91.0 51.0 20.0 10.0
114.0 79.0 20.0 10.0
116.0 65.0 20.0 10.0
119.0 143.0 20.0 10.0
83.0 53.0 20.0 10.0
101.0 152.0 20.0 10.0
75.0 110.0 20.0 10.0
78.0 74.0 20.0 10.0
142.0 123.0 20.0 10.0
119.0 85.0 20.0 10.0
68.0 90.0 20.0 10.0
68.0 78.0 20.0 10.0
119.0 81.0 20.0 10.0
100.0 105.0 20.0 10.0
115.0 84.0 20.0 10.0
110.0 74.0 20.0 10.0
113.0 100.0 20.0 10.0
80.0 58.0 20.0 10.0
71.0 122.0 20.0 10.0
94.0 43.0 20.0 10.0
77.0 65.0 20.0 10.0
138.0 144.0 20.0 10.0
116.0 121.0 20.0 10.0
101.0 138.0 20.0 10.0
86.0 165.0 20.0 10.0
159.0 71.0 20.0 10.0
76.0 80.0 20.0 10.0
81.0 93.0 20.0 10.0
137.0 135.0 20.0 10.0
126.0 121.0 20.0 10.0
144.0 84.0 20.0 10.0
73.0 74.0 20.0 10.0
36.0 132.0 20.0 10.0
120.0 60.0 20.0 10.0
157.0 107.0 20.0 10.0
162.0 132.0 20.0 10.0
96.0 128.0 20.0 10.0
143.0 94.0 20.0 10.0
67.0 107.0 20.0 10.0
125.0 103.0 20.0 10.0
147.0 134.0 20.0 10.0
105.0 118.0 20.0 10.0
106.0 138.0 20.0 10.0
132.0 102.0 20.0 10.0
117.0 108.0 20.0 10.0
84.0 133.0 20.0 10.0
98.0 68.0 20.0 10.0
128.0 171.0 20.0 10.0
127.0 74.0 20.0 10.0
153.0 65.0 20.0 10.0
81.0 142.0 20.0 10.0
81.0 118.0 20.0 10.0
116.0 75.0 20.0 10.0
97.0 83.0 20.0 10.0
82.0 113.0 20.0 10.0
79.0 92.0 20.0 10.0
86.0 60.0 20.0 10.0
57.0 76.0 20.0 10.0
90.0 112.0 20.0 10.0
59.0 97.0 20.0 10.0
123.0 79.0 20.0 10.0
85.0 105.0 20.0 10.0
73.0 132.0 20.0 10.0
153.0 95.0 20.0 10.0
63.0 93.0 20.0 10.0
104.0 110.0 20.0 10.0
108.0 71.0 20.0 10.0
133.0 89.0 20.0 10.0
88.0 73.0 20.0 10.0
89.0 135.0 20.0 10.0
131.0 43.0 20.0 10.0
106.0 142.0 20.0 10.0
134.0 55.0 20.0 10.0
138.0 124.0 20.0 10.0
99.0 145.0 20.0 10.0
111.0 89.0 20.0 10.0
141.0 156.0 20.0 10.0
78.0 155.0 20.0 10.0
125.0 119.0 20.0 10.0
53.0 102.0 20.0 10.0
35.0 103.0 20.0 10.0
115.0 56.0 20.0 10.0
85.0 75.0 20.0 10.0
67.0 125.0 20.0 10.0
104.0 37.0 20.0 10.0
55.0 85.0 20.0 10.0
164.0 89.0 20.0 10.0
150.0 117.0 20.0 10.0
65.0 89.0 20.0 10.0
140.0 82.0 20.0 10.0
117.0 76.0 20.0 10.0
156.0 94.0 20.0 10.0
145.0 120.0 20.0 10.0
139.0 90.0 20.0 10.0
101.0 102.0 20.0 10.0
126.0 97.0 20.0 10.0
141.0 106.0 20.0 10.0
148.0 98.0 20.0 10.0
136.0 58.0 20.0 10.0
149.0 112.0 20.0 10.0
137.0 64.0 20.0 10.0
101.0 124.0 20.0 10.0
63.0 100.0 20.0 10.0
63.0 115.0 20.0 10.0
96.0 46.0 20.0 10.0
134.0 74.0 20.0 10.0
120.0 114.0 20.0 10.0
146.0 80.0 20.0 10.0
126.0 128.0 20.0 10.0
90.0 122.0 20.0 10.0
139.0 75.0 20.0 10.0
78.0 78.0 20.0 10.0
136.0 68.0 20.0 10.0
118.0 123.0 20.0 10.0
82.0 87.0 20.0 10.0
113.0 148.0 20.0 10.0
69.0 71.0 20.0 10.0
52.0 108.0 20.0 10.0
71.0 137.0 20.0 10.0
139.0 120.0 20.0 10.0
137.0 93.0 20.0 10.0
72.0 92.0 20.0 10.0
70.0 55.0 20.0 10.0
146.0 71.0 20.0 10.0
110.0 90.0 20.0 10.0
98.0 52.0 20.0 10.0
118.0 42.0 20.0 10.0
100.0 57.0 20.0 10.0
77.0 107.0 20.0 10.0
56.0 62.0 20.0 10.0
108.0 105.0 20.0 10.0
72.0 117.0 20.0 10.0
113.0 75.0 20.0 10.0
80.0 70.0 20.0 10.0
123.0 101.0 20.0 10.0
128.0 78.0 20.0 10.0
122.0 82.0 20.0 10.0
104.0 89.0 20.0 10.0
26.0 103.0 20.0 10.0
113.0 103.0 20.0 10.0
145.0 65.0 20.0 10.0
107.0 102.0 20.0 10.0
125.0 107.0 20.0 10.0
129.0 80.0 20.0 10.0
108.0 96.0 20.0 10.0
98.0 107.0 20.0 10.0
72.0 123.0 20.0 10.0
104.0 85.0 20.0 10.0
61.0 78.0 20.0 10.0
143.0 77.0 20.0 10.0
127.0 51.0 20.0 10.0
54.0 129.0 20.0 10.0
133.0 74.0 20.0 10.0
115.0 68.0 20.0 10.0
83.0 90.0 20.0 10.0
138.0 103.0 20.0 10.0
138.0 51.0 20.0 10.0
101.0 98.0 20.0 10.0
106.0 120.0 20.0 10.0
98.0 110.0 20.0 10.0
89.0 96.0 20.0 10.0
91.0 103.0 20.0 10.0
67.0 62.0 20.0 10.0
73.0 97.0 20.0 10.0
131.0 40.0 20.0 10.0
126.0 36.0 20.0 10.0
96.0 99.0 20.0 10.0
115.0 112.0 20.0 10.0
54.0 98.0 20.0 10.0
184.0 98.0 20.0 10.0
54.0 120.0 20.0 10.0
112.0 82.0 20.0 10.0
86.0 81.0 20.0 10.0
149.0 54.0 20.0 10.0
80.0 45.0 20.0 10.0
72.0 109.0 20.0 10.0
121.0 85.0 20.0 10.0
183.0 124.0 20.0 10.0
138.0 68.0 20.0 10.0
114.0 82.0 20.0 10.0
75.0 167.0 20.0 10.0
97.0 90.0 20.0 10.0
103.0 123.0 20.0 10.0
137.0 160.0 20.0 10.0
86.0 50.0 20.0 10.0
94.0 110.0 20.0 10.0
77.0 118.0 20.0 10.0
99.0 77.0 20.0 10.0
95.0 105.0 20.0 10.0
110.0 64.0 20.0 10.0
176.0 92.0 20.0 10.0
82.0 100.0 20.0 10.0
67.0 57.0 20.0 10.0
78.0 101.0 20.0 10.0
164.0 43.0 20.0 10.0
128.0 120.0 20.0 10.0
91.0 67.0 20.0 10.0
108.0 113.0 20.0 10.0
121.0 129.0 20.0 10.0
107.0 81.0 20.0 10.0
93.0 93.0 20.0 10.0
120.0 132.0 20.0 10.0
101.0 89.0 20.0 10.0
94.0 84.0 20.0 10.0
94.0 136.0 20.0 10.0
148.0 164.0 20.0 10.0
163.0 120.0 20.0 10.0
38.0 25.0 20.0 10.0
76.0 86.0 20.0 10.0
140.0 146.0 20.0 10.0
167.0 84.0 20.0 10.0
76.0 142.0 20.0 10.0
116.0 62.0 20.0 10.0
139.0 65.0 20.0 10.0
98.0 122.0 20.0 10.0
176.0 71.0 20.0 10.0
127.0 123.0 20.0 10.0
91.0 125.0 20.0 10.0
104.0 65.0 20.0 10.0
128.0 105.0 20.0 10.0
57.0 92.0 20.0 10.0
42.0 96.0 20.0 10.0
99.0 71.0 20.0 10.0
103.0 62.0 20.0 10.0
83.0 92.0 20.0 10.0
106.0 110.0 20.0 10.0
105.0 124.0 20.0 10.0
91.0 37.0 20.0 10.0
91.0 146.0 20.0 10.0
150.0 96.0 20.0 10.0
84.0 108.0 20.0 10.0
67.0 75.0 20.0 10.0
150.0 125.0 20.0 10.0
71.0 83.0 20.0 10.0
127.0 72.0 20.0 10.0
95.0 76.0 20.0 10.0
78.0 167.0 20.0 10.0
124.0 85.0 20.0 10.0
66.0 85.0 20.0 10.0
126.0 145.0 20.0 10.0
93.0 141.0 20.0 10.0
120.0 32.0 20.0 10.0
102.0 59.0 20.0 10.0
77.0 121.0 20.0 10.0
95.0 103.0 20.0 10.0
138.0 44.0 20.0 10.0
128.0 60.0 20.0 10.0
62.0 126.0 20.0 10.0
101.0 79.0 20.0 10.0
111.0 66.0 20.0 10.0
91.0 115.0 20.0 10.0
33.0 108.0 20.0 10.0
38.0 82.0 20.0 10.0
58.0 127.0 20.0 10.0
122.0 108.0 20.0 10.0
