500
74.0 104.0 20.0 10.0
88.0 151.0 20.0 10.0
126.0 101.0 20.0 10.0
46.0 102.0 20.0 10.0
87.0 127.0 20.0 10.0
109.0 122.0 20.0 10.0
104.0 134.0 20.0 10.0
59.0 120.0 20.0 10.0
100.0 93.0 20.0 10.0
119.0 156.0 20.0 10.0
126.0 119.0 20.0 10.0
122.0 131.0 20.0 10.0
97.0 143.0 20.0 10.0
137.0 102.0 20.0 10.0
83.0 99.0 20.0 10.0
45.0 97.0 20.0 10.0
115.0 65.0 20.0 10.0
61.0 88.0 20.0 10.0
93.0 37.0 20.0 10.0
66.0 59.0 20.0 10.0
67.0 138.0 20.0 10.0
140.0 104.0 20.0 10.0
100.0 71.0 20.0 10.0
85.0 130.0 20.0 10.0
69.0 75.0 20.0 10.0
50.0 119.0 20.0 10.0
69.0 96.0 20.0 10.0
29.0 47.0 20.0 10.0
112.0 81.0 20.0 10.0
98.0 91.0 20.0 10.0
85.0 94.0 20.0 10.0
143.0 122.0 20.0 10.0
39.0 72.0 20.0 10.0
64.0 131.0 20.0 10.0
86.0 73.0 20.0 10.0
116.0 138.0 20.0 10.0
80.0 66.0 20.0 10.0
127.0 135.0 20.0 10.0
125.0 84.0 20.0 10.0
62.0 101.0 20.0 10.0
102.0 71.0 20.0 10.0
59.0 62.0 20.0 10.0
128.0 150.0 20.0 10.0
92.0 62.0 20.0 10.0
88.0 84.0 20.0 10.0
72.0 60.0 20.0 10.0
88.0 97.0 20.0 10.0
78.0 139.0 20.0 10.0
118.0 140.0 20.0 10.0
63.0 71.0 20.0 10.0
103.0 85.0 20.0 10.0
94.0 78.0 20.0 10.0
105.0 140.0 20.0 10.0
61.0 93.0 20.0 10.0
114.0 142.0 20.0 10.0
47.0 130.0 20.0 10.0
57.0 93.0 20.0 10.0
41.0 109.0 20.0 10.0
109.0 118.0 20.0 10.0
39.0 93.0 20.0 10.0
44.0 86.0 20.0 10.0
34.0 134.0 20.0 10.0
53.0 95.0 20.0 10.0
63.0 112.0 20.0 10.0
66.0 102.0 20.0 10.0
107.0 72.0 20.0 10.0
125.0 80.0 20.0 10.0
47.0 94.0 20.0 10.0
115.0 104.0 20.0 10.0
104.0 90.0 20.0 10.0
51.0 90.0 20.0 10.0
123.0 124.0 20.0 10.0
132.0 114.0 20.0 10.0
118.0 103.0 20.0 10.0
75.0 63.0 20.0 10.0
130.0 156.0 20.0 10.0
81.0 63.0 20.0 10.0
62.0 52.0 20.0 10.0
104.0 56.0 20.0 10.0
141.0 84.0 20.0 10.0
95.0 102.0 20.0 10.0
87.0 99.0 20.0 10.0
25.0 149.0 20.0 10.0
76.0 137.0 20.0 10.0
111.0 110.0 20.0 10.0
114.0 123.0 20.0 10.0
124.0 95.0 20.0 10.0
59.0 95.0 20.0 10.0
107.0 129.0 20.0 10.0
61.0 75.0 20.0 10.0
94.0 76.0 20.0 10.0
62.0 121.0 20.0 10.0
88.0 149.0 20.0 10.0
122.0 108.0 20.0 10.0
53.0 105.0 20.0 10.0
94.0 111.0 20.0 10.0
44.0 97.0 20.0 10.0
132.0 71.0 20.0 10.0
100.0 97.0 20.0 10.0
101.0 86.0 20.0 10.0
81.0 112.0 20.0 10.0
81.0 124.0 20.0 10.0
102.0 138.0 20.0 10.0
156.0 87.0 20.0 10.0
55.0 132.0 20.0 10.0
108.0 159.0 20.0 10.0
81.0 51.0 20.0 10.0
107.0 111.0 20.0 10.0
66.0 37.0 20.0 10.0
72.0 100.0 20.0 10.0
37.0 176.0 20.0 10.0
131.0 120.0 20.0 10.0
76.0 78.0 20.0 10.0
168.0 131.0 20.0 10.0
71.0 144.0 20.0 10.0
40.0 118.0 20.0 10.0
133.0 81.0 20.0 10.0
90.0 88.0 20.0 10.0
101.0 121.0 20.0 10.0
114.0 107.0 20.0 10.0
35.0 107.0 20.0 10.0
103.0 94.0 20.0 10.0
72.0 137.0 20.0 10.0
28.0 123.0 20.0 10.0
110.0 71.0 20.0 10.0
132.0 130.0 20.0 10.0
83.0 113.0 20.0 10.0
66.0 64.0 20.0 10.0
125.0 107.0 20.0 10.0
89.0 126.0 20.0 10.0
82.0 153.0 20.0 10.0
71.0 104.0 20.0 10.0
59.0 125.0 20.0 10.0
77.0 108.0 20.0 10.0
84.0 105.0 20.0 10.0
69.0 132.0 20.0 10.0
31.0 118.0 20.0 10.0
91.0 145.0 20.0 10.0
81.0 127.0 20.0 10.0
80.0 106.0 20.0 10.0
145.0 147.0 20.0 10.0
130.0 75.0 20.0 10.0
70.0 115.0 20.0 10.0
75.0 66.0 20.0 10.0
73.0 170.0 20.0 10.0
103.0 80.0 20.0 10.0
77.0 57.0 20.0 10.0
69.0 128.0 20.0 10.0
77.0 87.0 20.0 10.0
85.0 143.0 20.0 10.0
145.0 96.0 20.0 10.0
105.0 171.0 20.0 10.0
79.0 82.0 20.0 10.0
74.0 154.0 20.0 10.0
97.0 60.0 20.0 10.0
103.0 166.0 20.0 10.0
109.0 91.0 20.0 10.0
31.0 68.0 20.0 10.0
72.0 127.0 20.0 10.0
25.0 229.0 20.0 10.0
83.0 121.0 20.0 10.0
139.0 62.0 20.0 10.0
38.0 76.0 20.0 10.0
82.0 69.0 20.0 10.0
64.0 41.0 20.0 10.0
63.0 78.0 20.0 10.0
62.0 127.0 20.0 10.0
97.0 101.0 20.0 10.0
93.0 136.0 20.0 10.0
130.0 113.0 20.0 10.0
104.0 67.0 20.0 10.0
85.0 156.0 20.0 10.0
85.0 99.0 20.0 10.0
49.0 103.0 20.0 10.0
65.0 108.0 20.0 10.0
66.0 109.0 20.0 10.0
120.0 83.0 20.0 10.0
53.0 84.0 20.0 10.0
99.0 133.0 20.0 10.0
55.0 113.0 20.0 10.0
80.0 102.0 20.0 10.0
103.0 89.0 20.0 10.0
109.0 80.0 20.0 10.0
71.0 129.0 20.0 10.0
75.0 95.0 20.0 10.0
113.0 115.0 20.0 10.0
75.0 70.0 20.0 10.0
109.0 83.0 20.0 10.0
89.0 141.0 20.0 10.0
80.0 55.0 20.0 10.0
99.0 127.0 20.0 10.0
74.0 82.0 20.0 10.0
91.0 113.0 20.0 10.0
67.0 144.0 20.0 10.0
50.0 64.0 20.0 10.0
68.0 101.0 20.0 10.0
114.0 89.0 20.0 10.0
65.0 129.0 20.0 10.0
74.0 80.0 20.0 10.0
61.0 98.0 20.0 10.0
81.0 88.0 20.0 10.0
62.0 94.0 20.0 10.0
48.0 114.0 20.0 10.0
81.0 95.0 20.0 10.0
129.0 131.0 20.0 10.0
114.0 54.0 20.0 10.0
100.0 159.0 20.0 10.0
87.0 109.0 20.0 10.0
121.0 115.0 20.0 10.0
37.0 148.0 20.0 10.0
39.0 105.0 20.0 10.0
111.0 97.0 20.0 10.0
144.0 131.0 20.0 10.0
113.0 133.0 20.0 10.0
107.0 96.0 20.0 10.0
98.0 54.0 20.0 10.0
152.0 71.0 20.0 10.0
66.0 166.0 20.0 10.0
121.0 44.0 20.0 10.0
71.0 56.0 20.0 10.0
112.0 74.0 20.0 10.0
62.0 109.0 20.0 10.0
32.0 95.0 20.0 10.0
101.0 47.0 20.0 10.0
117.0 120.0 20.0 10.0
109.0 88.0 20.0 10.0
91.0 131.0 20.0 10.0
98.0 137.0 20.0 10.0
89.0 100.0 20.0 10.0
80.0 60.0 20.0 10.0
128.0 107.0 20.0 10.0
88.0 76.0 20.0 10.0
116.0 96.0 20.0 10.0
70.0 31.0 20.0 10.0
65.0 161.0 20.0 10.0
114.0 83.0 20.0 10.0
58.0 89.0 20.0 10.0
71.0 136.0 20.0 10.0
99.0 86.0 20.0 10.0
100.0 144.0 20.0 10.0
66.0 68.0 20.0 10.0
95.0 90.0 20.0 10.0
102.0 105.0 20.0 10.0
38.0 79.0 20.0 10.0
68.0 125.0 20.0 10.0
90.0 105.0 20.0 10.0
86.0 56.0 20.0 10.0
71.0 150.0 20.0 10.0
58.0 156.0 20.0 10.0
88.0 68.0 20.0 10.0
71.0 86.0 20.0 10.0
56.0 109.0 20.0 10.0
102.0 33.0 20.0 10.0
139.0 117.0 20.0 10.0
99.0 103.0 20.0 10.0
97.0 130.0 20.0 10.0
137.0 151.0 20.0 10.0
66.0 119.0 20.0 10.0
58.0 141.0 20.0 10.0
120.0 52.0 20.0 10.0
158.0 163.0 20.0 10.0
86.0 119.0 20.0 10.0
68.0 147.0 20.0 10.0
114.0 102.0 20.0 10.0
91.0 119.0 20.0 10.0
60.0 106.0 20.0 10.0
83.0 81.0 20.0 10.0
77.0 44.0 20.0 10.0
118.0 166.0 20.0 10.0
158.0 138.0 20.0 10.0
102.0 131.0 20.0 10.0
54.0 89.0 20.0 10.0
86.0 79.0 20.0 10.0
99.0 76.0 20.0 10.0
46.0 143.0 20.0 10.0
109.0 101.0 20.0 10.0
58.0 104.0 20.0 10.0
114.0 146.0 20.0 10.0
107.0 104.0 20.0 10.0
60.0 82.0 20.0 10.0
50.0 101.0 20.0 10.0
146.0 105.0 20.0 10.0
82.0 66.0 20.0 10.0
75.0 121.0 20.0 10.0
204.0 101.0 20.0 10.0
74.0 117.0 20.0 10.0
115.0 92.0 20.0 10.0
114.0 110.0 20.0 10.0
53.0 118.0 20.0 10.0
49.0 108.0 20.0 10.0
77.0 91.0 20.0 10.0
94.0 126.0 20.0 10.0
90.0 117.0 20.0 10.0
107.0 86.0 20.0 10.0
37.0 55.0 20.0 10.0
114.0 153.0 20.0 10.0
107.0 113.0 20.0 10.0
72.0 70.0 20.0 10.0
71.0 80.0 20.0 10.0
86.0 104.0 20.0 10.0
88.0 122.0 20.0 10.0
98.0 46.0 20.0 10.0
72.0 68.0 20.0 10.0
57.0 126.0 20.0 10.0
54.0 149.0 20.0 10.0
102.0 115.0 20.0 10.0
136.0 114.0 20.0 10.0
49.0 71.0 20.0 10.0
137.0 122.0 20.0 10.0
94.0 143.0 20.0 10.0
90.0 121.0 20.0 10.0
77.0 131.0 20.0 10.0
43.0 135.0 20.0 10.0
125.0 115.0 20.0 10.0
93.0 49.0 20.0 10.0
91.0 100.0 20.0 10.0
80.0 97.0 20.0 10.0
116.0 128.0 20.0 10.0
65.0 135.0 20.0 10.0
129.0 93.0 20.0 10.0
80.0 116.0 20.0 10.0
91.0 83.0 20.0 10.0
130.0 88.0 20.0 10.0
128.0 90.0 20.0 10.0
82.0 159.0 20.0 10.0
85.0 87.0 20.0 10.0
75.0 119.0 20.0 10.0
44.0 83.0 20.0 10.0
32.0 101.0 20.0 10.0
110.0 67.0 20.0 10.0
82.0 74.0 20.0 10.0
77.0 110.0 20.0 10.0
46.0 138.0 20.0 10.0
69.0 98.0 20.0 10.0
106.0 152.0 20.0 10.0
78.0 105.0 20.0 10.0
57.0 134.0 20.0 10.0
106.0 94.0 20.0 10.0
114.0 58.0 20.0 10.0
92.0 85.0 20.0 10.0
81.0 83.0 20.0 10.0
125.0 64.0 20.0 10.0
42.0 112.0 20.0 10.0
115.0 179.0 20.0 10.0
93.0 109.0 20.0 10.0
107.0 132.0 20.0 10.0
48.0 57.0 20.0 10.0
106.0 55.0 20.0 10.0
140.0 75.0 20.0 10.0
93.0 161.0 20.0 10.0
33.0 105.0 20.0 10.0
88.0 136.0 20.0 10.0
64.0 115.0 20.0 10.0
118.0 122.0 20.0 10.0
45.0 49.0 20.0 10.0
86.0 53.0 20.0 10.0
94.0 122.0 20.0 10.0
109.0 98.0 20.0 10.0
56.0 99.0 20.0 10.0
153.0 143.0 20.0 10.0
109.0 125.0 20.0 10.0
135.0 100.0 20.0 10.0
81.0 97.0 20.0 10.0
65.0 88.0 20.0 10.0
101.0 149.0 20.0 10.0
76.0 125.0 20.0 10.0
117.0 70.0 20.0 10.0
157.0 129.0 20.0 10.0
84.0 114.0 20.0 10.0
118.0 129.0 20.0 10.0
78.0 128.0 20.0 10.0
89.0 162.0 20.0 10.0
130.0 60.0 20.0 10.0
112.0 70.0 20.0 10.0
30.0 91.0 20.0 10.0
115.0 67.0 20.0 10.0
67.0 114.0 20.0 10.0
93.0 154.0 20.0 10.0
58.0 69.0 20.0 10.0
91.0 93.0 20.0 10.0
28.0 89.0 20.0 10.0
77.0 135.0 20.0 10.0
110.0 96.0 20.0 10.0
65.0 94.0 20.0 10.0
134.0 84.0 20.0 10.0
113.0 131.0 20.0 10.0
81.0 90.0 20.0 10.0
117.0 111.0 20.0 10.0
79.0 87.0 20.0 10.0
43.0 60.0 20.0 10.0
99.0 105.0 20.0 10.0
121.0 71.0 20.0 10.0
71.0 75.0 20.0 10.0
88.0 39.0 20.0 10.0
140.0 152.0 20.0 10.0
97.0 125.0 20.0 10.0
35.0 124.0 20.0 10.0
71.0 113.0 20.0 10.0
47.0 88.0 20.0 10.0
120.0 107.0 20.0 10.0
110.0 58.0 20.0 10.0
72.0 118.0 20.0 10.0
91.0 78.0 20.0 10.0
121.0 86.0 20.0 10.0
136.0 73.0 20.0 10.0
109.0 108.0 20.0 10.0
117.0 78.0 20.0 10.0
101.0 90.0 20.0 10.0
52.0 70.0 20.0 10.0
111.0 36.0 20.0 10.0
69.0 121.0 20.0 10.0
43.0 132.0 20.0 10.0
41.0 146.0 20.0 10.0
74.0 86.0 20.0 10.0
52.0 138.0 20.0 10.0
78.0 95.0 20.0 10.0
40.0 101.0 20.0 10.0
94.0 70.0 20.0 10.0
115.0 99.0 20.0 10.0
83.0 91.0 20.0 10.0
128.0 124.0 20.0 10.0
139.0 98.0 20.0 10.0
118.0 159.0 20.0 10.0
33.0 65.0 20.0 10.0
126.0 139.0 20.0 10.0
61.0 138.0 20.0 10.0
136.0 93.0 20.0 10.0
155.0 102.0 20.0 10.0
101.0 80.0 20.0 10.0
112.0 86.0 20.0 10.0
67.0 91.0 20.0 10.0
49.0 111.0 20.0 10.0
120.0 123.0 20.0 10.0
94.0 113.0 20.0 10.0
78.0 154.0 20.0 10.0
70.0 141.0 20.0 10.0
66.0 85.0 20.0 10.0
99.0 109.0 20.0 10.0
56.0 167.0 20.0 10.0
86.0 66.0 20.0 10.0
110.0 112.0 20.0 10.0
164.0 25.0 20.0 10.0
87.0 156.0 20.0 10.0
133.0 110.0 20.0 10.0
82.0 78.0 20.0 10.0
103.0 112.0 20.0 10.0
63.0 84.0 20.0 10.0
95.0 148.0 20.0 10.0
85.0 134.0 20.0 10.0
88.0 93.0 20.0 10.0
58.0 149.0 20.0 10.0
68.0 84.0 20.0 10.0
108.0 136.0 20.0 10.0
118.0 116.0 20.0 10.0
117.0 94.0 20.0 10.0
106.0 102.0 20.0 10.0
75.0 91.0 20.0 10.0
107.0 118.0 20.0 10.0
39.0 87.0 20.0 10.0
84.0 48.0 20.0 10.0
83.0 147.0 20.0 10.0
40.0 120.0 20.0 10.0
43.0 88.0 20.0 10.0
88.0 119.0 20.0 10.0
68.0 103.0 20.0 10.0
77.0 101.0 20.0 10.0
104.0 116.0 20.0 10.0
60.0 116.0 20.0 10.0
96.0 114.0 20.0 10.0
100.0 119.0 20.0 10.0
84.0 107.0 20.0 10.0
122.0 69.0 20.0 10.0
41.0 99.0 20.0 10.0
55.0 120.0 20.0 10.0
99.0 125.0 20.0 10.0
67.0 70.0 20.0 10.0
46.0 108.0 20.0 10.0
122.0 143.0 20.0 10.0
72.0 92.0 20.0 10.0
73.0 114.0 20.0 10.0
83.0 118.0 20.0 10.0
85.0 89.0 20.0 10.0
116.0 80.0 20.0 10.0
136.0 108.0 20.0 10.0
70.0 71.0 20.0 10.0
106.0 75.0 20.0 10.0
73.0 107.0 20.0 10.0
79.0 77.0 20.0 10.0
93.0 129.0 20.0 10.0
97.0 62.0 20.0 10.0
144.0 99.0 20.0 10.0
75.0 109.0 20.0 10.0
126.0 79.0 20.0 10.0
56.0 86.0 20.0 10.0
117.0 87.0 20.0 10.0
103.0 110.0 20.0 10.0
54.0 75.0 20.0 10.0
96.0 66.0 20.0 10.0
83.0 109.0 20.0 10.0
44.0 34.0 20.0 10.0
