500
71.0 65.0 20.0 10.0
102.0 119.0 20.0 10.0
53.0 83.0 20.0 10.0
145.0 110.0 20.0 10.0
128.0 137.0 20.0 10.0
151.0 93.0 20.0 10.0
103.0 104.0 20.0 10.0
55.0 100.0 20.0 10.0
109.0 122.0 20.0 10.0
140.0 100.0 20.0 10.0
126.0 126.0 20.0 10.0
70.0 148.0 20.0 10.0
118.0 74.0 20.0 10.0
72.0 69.0 20.0 10.0
103.0 148.0 20.0 10.0
112.0 140.0 20.0 10.0
146.0 95.0 20.0 10.0
65.0 118.0 20.0 10.0
57.0 87.0 20.0 10.0
124.0 103.0 20.0 10.0
93.0 131.0 20.0 10.0
142.0 141.0 20.0 10.0
130.0 91.0 20.0 10.0
64.0 78.0 20.0 10.0
102.0 100.0 20.0 10.0
96.0 75.0 20.0 10.0
98.0 124.0 20.0 10.0
40.0 91.0 20.0 10.0
75.0 84.0 20.0 10.0
61.0 99.0 20.0 10.0
107.0 78.0 20.0 10.0
110.0 95.0 20.0 10.0
122.0 96.0 20.0 10.0
108.0 144.0 20.0 10.0
112.0 107.0 20.0 10.0
98.0 97.0 20.0 10.0
119.0 133.0 20.0 10.0
121.0 104.0 20.0 10.0
134.0 75.0 20.0 10.0
75.0 87.0 20.0 10.0
108.0 154.0 20.0 10.0
116.0 129.0 20.0 10.0
118.0 49.0 20.0 10.0
68.0 106.0 20.0 10.0
110.0 77.0 20.0 10.0
135.0 125.0 20.0 10.0
91.0 137.0 20.0 10.0
95.0 42.0 20.0 10.0
67.0 96.0 20.0 10.0
177.0 87.0 20.0 10.0
61.0 119.0 20.0 10.0
140.0 97.0 20.0 10.0
96.0 84.0 20.0 10.0
105.0 55.0 20.0 10.0
47.0 118.0 20.0 10.0
110.0 70.0 20.0 10.0
112.0 116.0 20.0 10.0
126.0 123.0 20.0 10.0
77.0 94.0 20.0 10.0
25.0 66.0 20.0 10.0
137.0 136.0 20.0 10.0
70.0 76.0 20.0 10.0
153.0 106.0 20.0 10.0
134.0 57.0 20.0 10.0
116.0 69.0 20.0 10.0
94.0 118.0 20.0 10.0
28.0 83.0 20.0 10.0
129.0 78.0 20.0 10.0
120.0 107.0 20.0 10.0
90.0 122.0 20.0 10.0
157.0 113.0 20.0 10.0
65.0 84.0 20.0 10.0
36.0 116.0 20.0 10.0
142.0 108.0 20.0 10.0
174.0 138.0 20.0 10.0
105.0 130.0 20.0 10.0
132.0 78.0 20.0 10.0
98.0 93.0 20.0 10.0
124.0 82.0 20.0 10.0
82.0 74.0 20.0 10.0
113.0 50.0 20.0 10.0
70.0 102.0 20.0 10.0
38.0 121.0 20.0 10.0
82.0 137.0 20.0 10.0
126.0 167.0 20.0 10.0
153.0 68.0 20.0 10.0
108.0 106.0 20.0 10.0
163.0 165.0 20.0 10.0
96.0 89.0 20.0 10.0
101.0 169.0 20.0 10.0
65.0 94.0 20.0 10.0
131.0 127.0 20.0 10.0
68.0 68.0 20.0 10.0
52.0 96.0 20.0 10.0
140.0 85.0 20.0 10.0
76.0 81.0 20.0 10.0
133.0 135.0 20.0 10.0
103.0 137.0 20.0 10.0
119.0 145.0 20.0 10.0
90.0 62.0 20.0 10.0
54.0 65.0 20.0 10.0
164.0 106.0 20.0 10.0
47.0 92.0 20.0 10.0
158.0 87.0 20.0 10.0
69.0 110.0 20.0 10.0
93.0 80.0 20.0 10.0
97.0 171.0 20.0 10.0
131.0 59.0 20.0 10.0
90.0 41.0 20.0 10.0
81.0 153.0 20.0 10.0
101.0 132.0 20.0 10.0
70.0 123.0 20.0 10.0
109.0 65.0 20.0 10.0
70.0 51.0 20.0 10.0
158.0 118.0 20.0 10.0
75.0 103.0 20.0 10.0
143.0 78.0 20.0 10.0
48.0 64.0 20.0 10.0
96.0 109.0 20.0 10.0
115.0 44.0 20.0 10.0
153.0 50.0 20.0 10.0
153.0 58.0 20.0 10.0
87.0 98.0 20.0 10.0
102.0 129.0 20.0 10.0
121.0 110.0 20.0 10.0
74.0 113.0 20.0 10.0
78.0 105.0 20.0 10.0
97.0 54.0 20.0 10.0
65.0 49.0 20.0 10.0
82.0 172.0 20.0 10.0
64.0 109.0 20.0 10.0
107.0 118.0 20.0 10.0
144.0 72.0 20.0 10.0
119.0 100.0 20.0 10.0
80.0 116.0 20.0 10.0
131.0 85.0 20.0 10.0
124.0 118.0 20.0 10.0
58.0 142.0 20.0 10.0
73.0 48.0 20.0 10.0
79.0 110.0 20.0 10.0
85.0 147.0 20.0 10.0
71.0 42.0 20.0 10.0
75.0 66.0 20.0 10.0
105.0 116.0 20.0 10.0
44.0 67.0 20.0 10.0
91.0 143.0 20.0 10.0
106.0 74.0 20.0 10.0
144.0 135.0 20.0 10.0
102.0 67.0 20.0 10.0
136.0 102.0 20.0 10.0
88.0 77.0 20.0 10.0
141.0 112.0 20.0 10.0
112.0 66.0 20.0 10.0
129.0 74.0 20.0 10.0
93.0 84.0 20.0 10.0
125.0 112.0 20.0 10.0
131.0 97.0 20.0 10.0
88.0 85.0 20.0 10.0
110.0 105.0 20.0 10.0
87.0 93.0 20.0 10.0
122.0 126.0 20.0 10.0
100.0 142.0 20.0 10.0
170.0 82.0 20.0 10.0
103.0 72.0 20.0 10.0
70.0 114.0 20.0 10.0
119.0 71.0 20.0 10.0
71.0 60.0 20.0 10.0
155.0 61.0 20.0 10.0
72.0 101.0 20.0 10.0
118.0 127.0 20.0 10.0
79.0 92.0 20.0 10.0
77.0 71.0 20.0 10.0
80.0 128.0 20.0 10.0
93.0 116.0 20.0 10.0
59.0 106.0 20.0 10.0
113.0 76.0 20.0 10.0
140.0 121.0 20.0 10.0
104.0 112.0 20.0 10.0
120.0 114.0 20.0 10.0
99.0 46.0 20.0 10.0
64.0 125.0 20.0 10.0
129.0 63.0 20.0 10.0
92.0 59.0 20.0 10.0
122.0 115.0 20.0 10.0
91.0 103.0 20.0 10.0
97.0 57.0 20.0 10.0
144.0 124.0 20.0 10.0
100.0 112.0 20.0 10.0
161.0 124.0 20.0 10.0
83.0 102.0 20.0 10.0
91.0 128.0 20.0 10.0
96.0 65.0 20.0 10.0
114.0 118.0 20.0 10.0
177.0 103.0 20.0 10.0
111.0 101.0 20.0 10.0
90.0 71.0 20.0 10.0
87.0 66.0 20.0 10.0
112.0 38.0 20.0 10.0
83.0 121.0 20.0 10.0
178.0 110.0 20.0 10.0
80.0 78.0 20.0 10.0
180.0 170.0 20.0 10.0
68.0 60.0 20.0 10.0
73.0 123.0 20.0 10.0
100.0 108.0 20.0 10.0
99.0 109.0 20.0 10.0
73.0 97.0 20.0 10.0
148.0 141.0 20.0 10.0
134.0 117.0 20.0 10.0
70.0 78.0 20.0 10.0
96.0 114.0 20.0 10.0
114.0 79.0 20.0 10.0
155.0 84.0 20.0 10.0
78.0 114.0 20.0 10.0
105.0 52.0 20.0 10.0
120.0 120.0 20.0 10.0
86.0 82.0 20.0 10.0
73.0 74.0 20.0 10.0
84.0 93.0 20.0 10.0
125.0 93.0 20.0 10.0
161.0 76.0 20.0 10.0
94.0 89.0 20.0 10.0
99.0 100.0 20.0 10.0
113.0 125.0 20.0 10.0
151.0 75.0 20.0 10.0
124.0 73.0 20.0 10.0
74.0 136.0 20.0 10.0
110.0 137.0 20.0 10.0
64.0 98.0 20.0 10.0
135.0 84.0 20.0 10.0
122.0 54.0 20.0 10.0
153.0 74.0 20.0 10.0
93.0 77.0 20.0 10.0
132.0 64.0 20.0 10.0
93.0 138.0 20.0 10.0
142.0 132.0 20.0 10.0
97.0 144.0 20.0 10.0
121.0 89.0 20.0 10.0
93.0 105.0 20.0 10.0
133.0 70.0 20.0 10.0
110.0 145.0 20.0 10.0
122.0 86.0 20.0 10.0
148.0 84.0 20.0 10.0
95.0 70.0 20.0 10.0
131.0 88.0 20.0 10.0
88.0 55.0 20.0 10.0
96.0 80.0 20.0 10.0
118.0 66.0 20.0 10.0
106.0 58.0 20.0 10.0
100.0 77.0 20.0 10.0
163.0 81.0 20.0 10.0
80.0 134.0 20.0 10.0
58.0 75.0 20.0 10.0
117.0 90.0 20.0 10.0
68.0 140.0 20.0 10.0
89.0 100.0 20.0 10.0
81.0 79.0 20.0 10.0
118.0 153.0 20.0 10.0
113.0 84.0 20.0 10.0
49.0 119.0 20.0 10.0
115.0 82.0 20.0 10.0
104.0 123.0 20.0 10.0
46.0 94.0 20.0 10.0
150.0 134.0 20.0 10.0
127.0 83.0 20.0 10.0
87.0 125.0 20.0 10.0
116.0 60.0 20.0 10.0
58.0 129.0 20.0 10.0
154.0 90.0 20.0 10.0
83.0 110.0 20.0 10.0
91.0 114.0 20.0 10.0
130.0 66.0 20.0 10.0
106.0 62.0 20.0 10.0
122.0 156.0 20.0 10.0
98.0 113.0 20.0 10.0
66.0 74.0 20.0 10.0
75.0 37.0 20.0 10.0
149.0 116.0 20.0 10.0
119.0 75.0 20.0 10.0
124.0 89.0 20.0 10.0
125.0 77.0 20.0 10.0
104.0 170.0 20.0 10.0
59.0 69.0 20.0 10.0
93.0 95.0 20.0 10.0
110.0 56.0 20.0 10.0
108.0 124.0 20.0 10.0
157.0 103.0 20.0 10.0
129.0 117.0 20.0 10.0
81.0 126.0 20.0 10.0
49.0 98.0 20.0 10.0
81.0 81.0 20.0 10.0
126.0 73.0 20.0 10.0
84.0 111.0 20.0 10.0
105.0 100.0 20.0 10.0
77.0 97.0 20.0 10.0
100.0 81.0 20.0 10.0
103.0 78.0 20.0 10.0
142.0 62.0 20.0 10.0
106.0 91.0 20.0 10.0
118.0 102.0 20.0 10.0
114.0 132.0 20.0 10.0
134.0 110.0 20.0 10.0
102.0 65.0 20.0 10.0
106.0 88.0 20.0 10.0
84.0 36.0 20.0 10.0
166.0 43.0 20.0 10.0
147.0 74.0 20.0 10.0
128.0 108.0 20.0 10.0
97.0 103.0 20.0 10.0
83.0 46.0 20.0 10.0
66.0 87.0 20.0 10.0
59.0 57.0 20.0 10.0
41.0 83.0 20.0 10.0
128.0 58.0 20.0 10.0
122.0 122.0 20.0 10.0
84.0 119.0 20.0 10.0
113.0 102.0 20.0 10.0
71.0 87.0 20.0 10.0
81.0 145.0 20.0 10.0
106.0 84.0 20.0 10.0
124.0 70.0 20.0 10.0
110.0 132.0 20.0 10.0
52.0 112.0 20.0 10.0
84.0 126.0 20.0 10.0
104.0 81.0 20.0 10.0
100.0 57.0 20.0 10.0
154.0 135.0 20.0 10.0
78.0 137.0 20.0 10.0
68.0 97.0 20.0 10.0
87.0 51.0 20.0 10.0
129.0 81.0 20.0 10.0
120.0 80.0 20.0 10.0
113.0 109.0 20.0 10.0
156.0 77.0 20.0 10.0
113.0 112.0 20.0 10.0
138.0 153.0 20.0 10.0
117.0 123.0 20.0 10.0
95.0 102.0 20.0 10.0
144.0 106.0 20.0 10.0
93.0 61.0 20.0 10.0
117.0 111.0 20.0 10.0
124.0 109.0 20.0 10.0
75.0 90.0 20.0 10.0
124.0 129.0 20.0 10.0
142.0 116.0 20.0 10.0
136.0 93.0 20.0 10.0
33.0 73.0 20.0 10.0
138.0 75.0 20.0 10.0
143.0 81.0 20.0 10.0
55.0 91.0 20.0 10.0
70.0 128.0 20.0 10.0
127.0 111.0 20.0 10.0
122.0 102.0 20.0 10.0
93.0 52.0 20.0 10.0
105.0 92.0 20.0 10.0
116.0 92.0 20.0 10.0
54.0 107.0 20.0 10.0
82.0 53.0 20.0 10.0
125.0 67.0 20.0 10.0
94.0 109.0 20.0 10.0
88.0 111.0 20.0 10.0
108.0 87.0 20.0 10.0
91.0 91.0 20.0 10.0
144.0 103.0 20.0 10.0
71.0 119.0 20.0 10.0
134.0 87.0 20.0 10.0
68.0 83.0 20.0 10.0
77.0 48.0 20.0 10.0
109.0 125.0 20.0 10.0
72.0 106.0 20.0 10.0
145.0 127.0 20.0 10.0
119.0 36.0 20.0 10.0
94.0 36.0 20.0 10.0
153.0 116.0 20.0 10.0
63.0 42.0 20.0 10.0
99.0 70.0 20.0 10.0
160.0 110.0 20.0 10.0
80.0 86.0 20.0 10.0
92.0 48.0 20.0 10.0
123.0 49.0 20.0 10.0
73.0 79.0 20.0 10.0
125.0 101.0 20.0 10.0
80.0 70.0 20.0 10.0
144.0 88.0 20.0 10.0
82.0 86.0 20.0 10.0
68.0 112.0 20.0 10.0
57.0 112.0 20.0 10.0
112.0 64.0 20.0 10.0
91.0 106.0 20.0 10.0
134.0 148.0 20.0 10.0
74.0 146.0 20.0 10.0
123.0 61.0 20.0 10.0
83.0 95.0 20.0 10.0
77.0 42.0 20.0 10.0
64.0 100.0 20.0 10.0
138.0 91.0 20.0 10.0
25.0 93.0 20.0 10.0
118.0 83.0 20.0 10.0
148.0 122.0 20.0 10.0
86.0 73.0 20.0 10.0
126.0 142.0 20.0 10.0
100.0 64.0 20.0 10.0
49.0 128.0 20.0 10.0
107.0 51.0 20.0 10.0
110.0 33.0 20.0 10.0
86.0 141.0 20.0 10.0
111.0 75.0 20.0 10.0
158.0 68.0 20.0 10.0
137.0 116.0 20.0 10.0
128.0 93.0 20.0 10.0
108.0 71.0 20.0 10.0
121.0 83.0 20.0 10.0
110.0 117.0 20.0 10.0
85.0 58.0 20.0 10.0
84.0 99.0 20.0 10.0
75.0 124.0 20.0 10.0
60.0 113.0 20.0 10.0
103.0 161.0 20.0 10.0
129.0 145.0 20.0 10.0
112.0 152.0 20.0 10.0
129.0 99.0 20.0 10.0
51.0 124.0 20.0 10.0
116.0 87.0 20.0 10.0
105.0 75.0 20.0 10.0
110.0 113.0 20.0 10.0
120.0 92.0 20.0 10.0
134.0 49.0 20.0 10.0
139.0 132.0 20.0 10.0
116.0 114.0 20.0 10.0
100.0 88.0 20.0 10.0
57.0 57.0 20.0 10.0
55.0 25.0 20.0 10.0
43.0 74.0 20.0 10.0
141.0 99.0 20.0 10.0
86.0 74.0 20.0 10.0
142.0 89.0 20.0 10.0
105.0 142.0 20.0 10.0
112.0 62.0 20.0 10.0
79.0 65.0 20.0 10.0
147.0 100.0 20.0 10.0
132.0 104.0 20.0 10.0
138.0 112.0 20.0 10.0
102.0 85.0 20.0 10.0
115.0 99.0 20.0 10.0
65.0 54.0 20.0 10.0
105.0 110.0 20.0 10.0
134.0 108.0 20.0 10.0
122.0 138.0 20.0 10.0
60.0 79.0 20.0 10.0
89.0 103.0 20.0 10.0
86.0 78.0 20.0 10.0
42.0 97.0 20.0 10.0
89.0 132.0 20.0 10.0
41.0 70.0 20.0 10.0
81.0 59.0 20.0 10.0
102.0 98.0 20.0 10.0
115.0 105.0 20.0 10.0
90.0 73.0 20.0 10.0
36.0 52.0 20.0 10.0
66.0 81.0 20.0 10.0
116.0 96.0 20.0 10.0
75.0 113.0 20.0 10.0
95.0 73.0 20.0 10.0
108.0 102.0 20.0 10.0
84.0 65.0 20.0 10.0
96.0 134.0 20.0 10.0
139.0 61.0 20.0 10.0
94.0 99.0 20.0 10.0
108.0 97.0 20.0 10.0
85.0 89.0 20.0 10.0
151.0 102.0 20.0 10.0
69.0 132.0 20.0 10.0
110.0 86.0 20.0 10.0
137.0 77.0 20.0 10.0
108.0 94.0 20.0 10.0
84.0 115.0 20.0 10.0
93.0 67.0 20.0 10.0
102.0 116.0 20.0 10.0
113.0 163.0 20.0 10.0
84.0 133.0 20.0 10.0
35.0 112.0 20.0 10.0
91.0 109.0 20.0 10.0
88.0 45.0 20.0 10.0
105.0 95.0 20.0 10.0
78.0 122.0 20.0 10.0
122.0 135.0 20.0 10.0
47.0 84.0 20.0 10.0
90.0 87.0 20.0 10.0
172.0 90.0 20.0 10.0
91.0 146.0 20.0 10.0
133.0 105.0 20.0 10.0
64.0 64.0 20.0 10.0
62.0 67.0 20.0 10.0
88.0 90.0 20.0 10.0
109.0 110.0 20.0 10.0
81.0 100.0 20.0 10.0
90.0 32.0 20.0 10.0
94.0 124.0 20.0 10.0
115.0 72.0 20.0 10.0
147.0 33.0 20.0 10.0
