500
92.0 172.0 20.0 10.0
122.0 166.0 20.0 10.0
67.0 111.0 20.0 10.0
90.0 104.0 20.0 10.0
109.0 141.0 20.0 10.0
103.0 123.0 20.0 10.0
143.0 114.0 20.0 10.0
112.0 128.0 20.0 10.0
131.0 111.0 20.0 10.0
118.0 111.0 20.0 10.0
95.0 93.0 20.0 10.0
105.0 69.0 20.0 10.0
135.0 165.0 20.0 10.0
87.0 115.0 20.0 10.0
125.0 147.0 20.0 10.0
171.0 141.0 20.0 10.0
139.0 158.0 20.0 10.0
149.0 139.0 20.0 10.0
80.0 156.0 20.0 10.0
105.0 151.0 20.0 10.0
120.0 132.0 20.0 10.0
102.0 160.0 20.0 10.0
159.0 156.0 20.0 10.0
178.0 79.0 20.0 10.0
134.0 60.0 20.0 10.0
115.0 170.0 20.0 10.0
72.0 122.0 20.0 10.0
103.0 172.0 20.0 10.0
158.0 111.0 20.0 10.0
126.0 102.0 20.0 10.0
113.0 70.0 20.0 10.0
106.0 147.0 20.0 10.0
87.0 174.0 20.0 10.0
81.0 106.0 20.0 10.0
101.0 92.0 20.0 10.0
112.0 54.0 20.0 10.0
153.0 118.0 20.0 10.0
142.0 92.0 20.0 10.0
97.0 157.0 20.0 10.0
115.0 85.0 20.0 10.0
146.0 107.0 20.0 10.0
131.0 128.0 20.0 10.0
72.0 131.0 20.0 10.0
105.0 94.0 20.0 10.0
89.0 138.0 20.0 10.0
100.0 75.0 20.0 10.0
114.0 131.0 20.0 10.0
114.0 122.0 20.0 10.0
66.0 123.0 20.0 10.0
95.0 148.0 20.0 10.0
128.0 142.0 20.0 10.0
111.0 141.0 20.0 10.0
87.0 102.0 20.0 10.0
112.0 180.0 20.0 10.0
144.0 178.0 20.0 10.0
91.0 163.0 20.0 10.0
138.0 129.0 20.0 10.0
129.0 132.0 20.0 10.0
134.0 161.0 20.0 10.0
74.0 119.0 20.0 10.0
177.0 170.0 20.0 10.0
78.0 126.0 20.0 10.0
136.0 114.0 20.0 10.0
118.0 130.0 20.0 10.0
74.0 110.0 20.0 10.0
113.0 111.0 20.0 10.0
119.0 77.0 20.0 10.0
93.0 95.0 20.0 10.0
102.0 143.0 20.0 10.0
70.0 154.0 20.0 10.0
160.0 94.0 20.0 10.0
106.0 156.0 20.0 10.0
90.0 76.0 20.0 10.0
86.0 83.0 20.0 10.0
70.0 86.0 20.0 10.0
112.0 149.0 20.0 10.0
162.0 143.0 20.0 10.0
122.0 178.0 20.0 10.0
156.0 81.0 20.0 10.0
141.0 115.0 20.0 10.0
152.0 137.0 20.0 10.0
157.0 98.0 20.0 10.0
97.0 109.0 20.0 10.0
82.0 150.0 20.0 10.0
97.0 161.0 20.0 10.0
81.0 120.0 20.0 10.0
100.0 134.0 20.0 10.0
58.0 142.0 20.0 10.0
148.0 174.0 20.0 10.0
72.0 103.0 20.0 10.0
106.0 128.0 20.0 10.0
90.0 96.0 20.0 10.0
166.0 200.0 20.0 10.0
157.0 134.0 20.0 10.0
100.0 147.0 20.0 10.0
150.0 152.0 20.0 10.0
97.0 132.0 20.0 10.0
25.0 204.0 20.0 10.0
106.0 165.0 20.0 10.0
149.0 91.0 20.0 10.0
101.0 164.0 20.0 10.0
141.0 77.0 20.0 10.0
87.0 105.0 20.0 10.0
64.0 66.0 20.0 10.0
130.0 124.0 20.0 10.0
96.0 141.0 20.0 10.0
86.0 88.0 20.0 10.0
87.0 128.0 20.0 10.0
112.0 68.0 20.0 10.0
120.0 155.0 20.0 10.0
108.0 97.0 20.0 10.0
155.0 164.0 20.0 10.0
83.0 164.0 20.0 10.0
153.0 116.0 20.0 10.0
136.0 127.0 20.0 10.0
137.0 120.0 20.0 10.0
141.0 144.0 20.0 10.0
109.0 144.0 20.0 10.0
142.0 72.0 20.0 10.0
92.0 181.0 20.0 10.0
104.0 105.0 20.0 10.0
70.0 143.0 20.0 10.0
41.0 120.0 20.0 10.0
117.0 156.0 20.0 10.0
98.0 175.0 20.0 10.0
142.0 108.0 20.0 10.0
100.0 138.0 20.0 10.0
152.0 147.0 20.0 10.0
75.0 125.0 20.0 10.0
93.0 112.0 20.0 10.0
126.0 80.0 20.0 10.0
137.0 88.0 20.0 10.0
140.0 131.0 20.0 10.0
123.0 95.0 20.0 10.0
136.0 101.0 20.0 10.0
106.0 114.0 20.0 10.0
116.0 117.0 20.0 10.0
168.0 114.0 20.0 10.0
123.0 115.0 20.0 10.0
60.0 130.0 20.0 10.0
48.0 117.0 20.0 10.0
126.0 122.0 20.0 10.0
75.0 92.0 20.0 10.0
128.0 131.0 20.0 10.0
146.0 154.0 20.0 10.0
60.0 150.0 20.0 10.0
111.0 103.0 20.0 10.0
77.0 111.0 20.0 10.0
117.0 124.0 20.0 10.0
131.0 153.0 20.0 10.0
112.0 157.0 20.0 10.0
163.0 169.0 20.0 10.0
107.0 103.0 20.0 10.0
159.0 164.0 20.0 10.0
118.0 65.0 20.0 10.0
97.0 168.0 20.0 10.0
122.0 139.0 20.0 10.0
155.0 148.0 20.0 10.0
158.0 139.0 20.0 10.0
115.0 96.0 20.0 10.0
114.0 154.0 20.0 10.0
141.0 164.0 20.0 10.0
138.0 149.0 20.0 10.0
124.0 63.0 20.0 10.0
125.0 144.0 20.0 10.0
122.0 143.0 20.0 10.0
116.0 94.0 20.0 10.0
85.0 167.0 20.0 10.0
84.0 69.0 20.0 10.0
96.0 130.0 20.0 10.0
129.0 105.0 20.0 10.0
60.0 188.0 20.0 10.0
98.0 118.0 20.0 10.0
82.0 51.0 20.0 10.0
113.0 142.0 20.0 10.0
81.0 139.0 20.0 10.0
87.0 118.0 20.0 10.0
143.0 47.0 20.0 10.0
132.0 114.0 20.0 10.0
93.0 87.0 20.0 10.0
92.0 88.0 20.0 10.0
105.0 79.0 20.0 10.0
86.0 96.0 20.0 10.0
107.0 111.0 20.0 10.0
61.0 90.0 20.0 10.0
127.0 64.0 20.0 10.0
70.0 157.0 20.0 10.0
65.0 166.0 20.0 10.0
109.0 148.0 20.0 10.0
118.0 159.0 20.0 10.0
132.0 93.0 20.0 10.0
113.0 102.0 20.0 10.0
88.0 74.0 20.0 10.0
199.0 165.0 20.0 10.0
121.0 105.0 20.0 10.0
66.0 135.0 20.0 10.0
124.0 74.0 20.0 10.0
139.0 70.0 20.0 10.0
63.0 114.0 20.0 10.0
102.0 115.0 20.0 10.0
60.0 116.0 20.0 10.0
85.0 155.0 20.0 10.0
75.0 161.0 20.0 10.0
121.0 121.0 20.0 10.0
89.0 141.0 20.0 10.0
123.0 118.0 20.0 10.0
120.0 171.0 20.0 10.0
149.0 98.0 20.0 10.0
94.0 155.0 20.0 10.0
116.0 123.0 20.0 10.0
162.0 104.0 20.0 10.0
79.0 80.0 20.0 10.0
137.0 118.0 20.0 10.0
147.0 119.0 20.0 10.0
197.0 133.0 20.0 10.0
117.0 145.0 20.0 10.0
159.0 71.0 20.0 10.0
116.0 76.0 20.0 10.0
122.0 108.0 20.0 10.0
123.0 134.0 20.0 10.0
108.0 119.0 20.0 10.0
171.0 103.0 20.0 10.0
113.0 125.0 20.0 10.0
136.0 169.0 20.0 10.0
102.0 129.0 20.0 10.0
145.0 80.0 20.0 10.0
116.0 152.0 20.0 10.0
100.0 113.0 20.0 10.0
73.0 156.0 20.0 10.0
129.0 86.0 20.0 10.0
100.0 101.0 20.0 10.0
115.0 82.0 20.0 10.0
138.0 153.0 20.0 10.0
156.0 127.0 20.0 10.0
102.0 171.0 20.0 10.0
51.0 100.0 20.0 10.0
131.0 142.0 20.0 10.0
118.0 162.0 20.0 10.0
160.0 116.0 20.0 10.0
75.0 174.0 20.0 10.0
140.0 143.0 20.0 10.0
69.0 98.0 20.0 10.0
132.0 151.0 20.0 10.0
98.0 186.0 20.0 10.0
105.0 175.0 20.0 10.0
78.0 162.0 20.0 10.0
146.0 132.0 20.0 10.0
139.0 95.0 20.0 10.0
131.0 140.0 20.0 10.0
108.0 159.0 20.0 10.0
94.0 101.0 20.0 10.0
164.0 78.0 20.0 10.0
77.0 122.0 20.0 10.0
140.0 139.0 20.0 10.0
159.0 85.0 20.0 10.0
105.0 167.0 20.0 10.0
147.0 166.0 20.0 10.0
113.0 76.0 20.0 10.0
161.0 170.0 20.0 10.0
90.0 150.0 20.0 10.0
98.0 78.0 20.0 10.0
152.0 152.0 20.0 10.0
94.0 62.0 20.0 10.0
129.0 93.0 20.0 10.0
136.0 123.0 20.0 10.0
150.0 174.0 20.0 10.0
152.0 132.0 20.0 10.0
81.0 132.0 20.0 10.0
107.0 153.0 20.0 10.0
144.0 76.0 20.0 10.0
50.0 143.0 20.0 10.0
68.0 116.0 20.0 10.0
129.0 172.0 20.0 10.0
69.0 140.0 20.0 10.0
102.0 58.0 20.0 10.0
92.0 127.0 20.0 10.0
111.0 75.0 20.0 10.0
129.0 159.0 20.0 10.0
92.0 142.0 20.0 10.0
107.0 131.0 20.0 10.0
166.0 131.0 20.0 10.0
125.0 125.0 20.0 10.0
127.0 89.0 20.0 10.0
115.0 113.0 20.0 10.0
150.0 82.0 20.0 10.0
163.0 132.0 20.0 10.0
85.0 124.0 20.0 10.0
113.0 145.0 20.0 10.0
124.0 169.0 20.0 10.0
103.0 88.0 20.0 10.0
84.0 143.0 20.0 10.0
117.0 168.0 20.0 10.0
100.0 121.0 20.0 10.0
55.0 109.0 20.0 10.0
179.0 129.0 20.0 10.0
113.0 109.0 20.0 10.0
126.0 77.0 20.0 10.0
116.0 135.0 20.0 10.0
96.0 105.0 20.0 10.0
61.0 125.0 20.0 10.0
114.0 126.0 20.0 10.0
159.0 124.0 20.0 10.0
158.0 120.0 20.0 10.0
122.0 89.0 20.0 10.0
110.0 93.0 20.0 10.0
134.0 97.0 20.0 10.0
86.0 132.0 20.0 10.0
146.0 116.0 20.0 10.0
123.0 129.0 20.0 10.0
112.0 97.0 20.0 10.0
108.0 89.0 20.0 10.0
113.0 139.0 20.0 10.0
168.0 99.0 20.0 10.0
90.0 138.0 20.0 10.0
87.0 143.0 20.0 10.0
142.0 95.0 20.0 10.0
129.0 108.0 20.0 10.0
149.0 116.0 20.0 10.0
74.0 145.0 20.0 10.0
65.0 88.0 20.0 10.0
117.0 114.0 20.0 10.0
89.0 112.0 20.0 10.0
93.0 122.0 20.0 10.0
79.0 108.0 20.0 10.0
48.0 89.0 20.0 10.0
82.0 140.0 20.0 10.0
108.0 108.0 20.0 10.0
154.0 108.0 20.0 10.0
154.0 139.0 20.0 10.0
123.0 101.0 20.0 10.0
110.0 138.0 20.0 10.0
134.0 119.0 20.0 10.0
131.0 75.0 20.0 10.0
122.0 124.0 20.0 10.0
111.0 119.0 20.0 10.0
118.0 91.0 20.0 10.0
91.0 158.0 20.0 10.0
148.0 111.0 20.0 10.0
108.0 123.0 20.0 10.0
95.0 116.0 20.0 10.0
141.0 125.0 20.0 10.0
126.0 99.0 20.0 10.0
137.0 105.0 20.0 10.0
86.0 94.0 20.0 10.0
123.0 156.0 20.0 10.0
123.0 104.0 20.0 10.0
111.0 88.0 20.0 10.0
119.0 151.0 20.0 10.0
60.0 173.0 20.0 10.0
128.0 120.0 20.0 10.0
129.0 169.0 20.0 10.0
164.0 90.0 20.0 10.0
100.0 87.0 20.0 10.0
95.0 135.0 20.0 10.0
126.0 83.0 20.0 10.0
147.0 143.0 20.0 10.0
129.0 111.0 20.0 10.0
163.0 113.0 20.0 10.0
143.0 127.0 20.0 10.0
107.0 58.0 20.0 10.0
142.0 124.0 20.0 10.0
106.0 126.0 20.0 10.0
77.0 106.0 20.0 10.0
93.0 108.0 20.0 10.0
140.0 183.0 20.0 10.0
103.0 110.0 20.0 10.0
124.0 140.0 20.0 10.0
104.0 178.0 20.0 10.0
127.0 177.0 20.0 10.0
115.0 137.0 20.0 10.0
90.0 100.0 20.0 10.0
122.0 146.0 20.0 10.0
141.0 88.0 20.0 10.0
106.0 137.0 20.0 10.0
146.0 139.0 20.0 10.0
90.0 179.0 20.0 10.0
72.0 137.0 20.0 10.0
34.0 122.0 20.0 10.0
96.0 173.0 20.0 10.0
126.0 129.0 20.0 10.0
134.0 135.0 20.0 10.0
138.0 144.0 20.0 10.0
117.0 106.0 20.0 10.0
133.0 190.0 20.0 10.0
33.0 159.0 20.0 10.0
137.0 80.0 20.0 10.0
142.0 102.0 20.0 10.0
143.0 85.0 20.0 10.0
98.0 113.0 20.0 10.0
109.0 71.0 20.0 10.0
122.0 161.0 20.0 10.0
108.0 115.0 20.0 10.0
89.0 168.0 20.0 10.0
137.0 141.0 20.0 10.0
105.0 133.0 20.0 10.0
96.0 120.0 20.0 10.0
134.0 137.0 20.0 10.0
79.0 88.0 20.0 10.0
129.0 113.0 20.0 10.0
133.0 89.0 20.0 10.0
82.0 89.0 20.0 10.0
97.0 71.0 20.0 10.0
160.0 135.0 20.0 10.0
70.0 107.0 20.0 10.0
98.0 145.0 20.0 10.0
142.0 132.0 20.0 10.0
101.0 108.0 20.0 10.0
112.0 161.0 20.0 10.0
131.0 81.0 20.0 10.0
99.0 142.0 20.0 10.0
80.0 75.0 20.0 10.0
105.0 117.0 20.0 10.0
62.0 148.0 20.0 10.0
96.0 79.0 20.0 10.0
148.0 161.0 20.0 10.0
67.0 128.0 20.0 10.0
73.0 142.0 20.0 10.0
126.0 137.0 20.0 10.0
103.0 25.0 20.0 10.0
83.0 116.0 20.0 10.0
122.0 82.0 20.0 10.0
213.0 99.0 20.0 10.0
90.0 132.0 20.0 10.0
113.0 88.0 20.0 10.0
63.0 176.0 20.0 10.0
133.0 147.0 20.0 10.0
97.0 66.0 20.0 10.0
157.0 116.0 20.0 10.0
109.0 167.0 20.0 10.0
134.0 129.0 20.0 10.0
92.0 115.0 20.0 10.0
100.0 99.0 20.0 10.0
168.0 123.0 20.0 10.0
89.0 144.0 20.0 10.0
116.0 97.0 20.0 10.0
88.0 181.0 20.0 10.0
181.0 133.0 20.0 10.0
105.0 140.0 20.0 10.0
133.0 132.0 20.0 10.0
119.0 165.0 20.0 10.0
136.0 174.0 20.0 10.0
138.0 109.0 20.0 10.0
151.0 126.0 20.0 10.0
175.0 133.0 20.0 10.0
77.0 68.0 20.0 10.0
144.0 159.0 20.0 10.0
158.0 143.0 20.0 10.0
143.0 137.0 20.0 10.0
110.0 100.0 20.0 10.0
145.0 161.0 20.0 10.0
96.0 84.0 20.0 10.0
93.0 136.0 20.0 10.0
147.0 100.0 20.0 10.0
146.0 82.0 20.0 10.0
89.0 125.0 20.0 10.0
127.0 105.0 20.0 10.0
147.0 124.0 20.0 10.0
140.0 135.0 20.0 10.0
116.0 102.0 20.0 10.0
142.0 150.0 20.0 10.0
135.0 132.0 20.0 10.0
129.0 148.0 20.0 10.0
112.0 121.0 20.0 10.0
165.0 115.0 20.0 10.0
75.0 101.0 20.0 10.0
80.0 101.0 20.0 10.0
62.0 110.0 20.0 10.0
146.0 122.0 20.0 10.0
151.0 103.0 20.0 10.0
80.0 164.0 20.0 10.0
138.0 83.0 20.0 10.0
157.0 148.0 20.0 10.0
152.0 180.0 20.0 10.0
99.0 128.0 20.0 10.0
83.0 109.0 20.0 10.0
145.0 101.0 20.0 10.0
113.0 81.0 20.0 10.0
85.0 74.0 20.0 10.0
112.0 112.0 20.0 10.0
90.0 147.0 20.0 10.0
99.0 152.0 20.0 10.0
135.0 107.0 20.0 10.0
128.0 164.0 20.0 10.0
164.0 153.0 20.0 10.0
113.0 106.0 20.0 10.0
108.0 87.0 20.0 10.0
119.0 103.0 20.0 10.0
76.0 139.0 20.0 10.0
144.0 118.0 20.0 10.0
129.0 115.0 20.0 10.0
119.0 84.0 20.0 10.0
103.0 140.0 20.0 10.0
88.0 120.0 20.0 10.0
119.0 140.0 20.0 10.0
155.0 175.0 20.0 10.0
98.0 120.0 20.0 10.0
77.0 134.0 20.0 10.0
157.0 93.0 20.0 10.0
125.0 110.0 20.0 10.0
84.0 133.0 20.0 10.0
