500
134.0 50.0 20.0 10.0
127.0 115.0 20.0 10.0
91.0 58.0 20.0 10.0
131.0 99.0 20.0 10.0
64.0 135.0 20.0 10.0
149.0 112.0 20.0 10.0
137.0 96.0 20.0 10.0
153.0 90.0 20.0 10.0
90.0 115.0 20.0 10.0
74.0 81.0 20.0 10.0
54.0 152.0 20.0 10.0
143.0 73.0 20.0 10.0
144.0 94.0 20.0 10.0
78.0 89.0 20.0 10.0
80.0 94.0 20.0 10.0
96.0 49.0 20.0 10.0
115.0 92.0 20.0 10.0
93.0 109.0 20.0 10.0
54.0 128.0 20.0 10.0
142.0 83.0 20.0 10.0
131.0 79.0 20.0 10.0
100.0 87.0 20.0 10.0
144.0 79.0 20.0 10.0
90.0 112.0 20.0 10.0
66.0 93.0 20.0 10.0
97.0 59.0 20.0 10.0
127.0 103.0 20.0 10.0
125.0 142.0 20.0 10.0
121.0 105.0 20.0 10.0
110.0 108.0 20.0 10.0
86.0 52.0 20.0 10.0
154.0 66.0 20.0 10.0
132.0 94.0 20.0 10.0
112.0 69.0 20.0 10.0
146.0 97.0 20.0 10.0
67.0 140.0 20.0 10.0
87.0 76.0 20.0 10.0
121.0 122.0 20.0 10.0
101.0 118.0 20.0 10.0
150.0 38.0 20.0 10.0
77.0 97.0 20.0 10.0
83.0 83.0 20.0 10.0
136.0 107.0 20.0 10.0
160.0 129.0 20.0 10.0
97.0 73.0 20.0 10.0
123.0 127.0 20.0 10.0
96.0 86.0 20.0 10.0
104.0 114.0 20.0 10.0
114.0 102.0 20.0 10.0
81.0 127.0 20.0 10.0
72.0 84.0 20.0 10.0
82.0 64.0 20.0 10.0
125.0 52.0 20.0 10.0
131.0 86.0 20.0 10.0
102.0 134.0 20.0 10.0
84.0 118.0 20.0 10.0
79.0 145.0 20.0 10.0
138.0 103.0 20.0 10.0
106.0 102.0 20.0 10.0
135.0 117.0 20.0 10.0
114.0 121.0 20.0 10.0
156.0 70.0 20.0 10.0
70.0 112.0 20.0 10.0
44.0 66.0 20.0 10.0
59.0 97.0 20.0 10.0
61.0 67.0 20.0 10.0
84.0 70.0 20.0 10.0
130.0 113.0 20.0 10.0
58.0 52.0 20.0 10.0
109.0 131.0 20.0 10.0
74.0 78.0 20.0 10.0
152.0 106.0 20.0 10.0
98.0 104.0 20.0 10.0
97.0 66.0 20.0 10.0
72.0 59.0 20.0 10.0
131.0 103.0 20.0 10.0
140.0 129.0 20.0 10.0
122.0 36.0 20.0 10.0
111.0 82.0 20.0 10.0
25.0 79.0 20.0 10.0
59.0 102.0 20.0 10.0
104.0 131.0 20.0 10.0
109.0 92.0 20.0 10.0
153.0 96.0 20.0 10.0
124.0 87.0 20.0 10.0
114.0 108.0 20.0 10.0
131.0 45.0 20.0 10.0
96.0 118.0 20.0 10.0
95.0 133.0 20.0 10.0
63.0 105.0 20.0 10.0
68.0 131.0 20.0 10.0
83.0 122.0 20.0 10.0
98.0 64.0 20.0 10.0
93.0 125.0 20.0 10.0
62.0 100.0 20.0 10.0
55.0 123.0 20.0 10.0
103.0 57.0 20.0 10.0
90.0 86.0 20.0 10.0
116.0 96.0 20.0 10.0
109.0 74.0 20.0 10.0
68.0 106.0 20.0 10.0
106.0 54.0 20.0 10.0
92.0 45.0 20.0 10.0
65.0 81.0 20.0 10.0
77.0 112.0 20.0 10.0
113.0 65.0 20.0 10.0
89.0 84.0 20.0 10.0
52.0 42.0 20.0 10.0
116.0 79.0 20.0 10.0
150.0 54.0 20.0 10.0
102.0 106.0 20.0 10.0
100.0 70.0 20.0 10.0
74.0 75.0 20.0 10.0
102.0 101.0 20.0 10.0
129.0 70.0 20.0 10.0
59.0 43.0 20.0 10.0
92.0 63.0 20.0 10.0
93.0 112.0 20.0 10.0
122.0 100.0 20.0 10.0
87.0 105.0 20.0 10.0
129.0 65.0 20.0 10.0
61.0 58.0 20.0 10.0
105.0 129.0 20.0 10.0
31.0 97.0 20.0 10.0
140.0 59.0 20.0 10.0
67.0 53.0 20.0 10.0
113.0 99.0 20.0 10.0
89.0 133.0 20.0 10.0
75.0 65.0 20.0 10.0
153.0 125.0 20.0 10.0
134.0 77.0 20.0 10.0
94.0 102.0 20.0 10.0
94.0 77.0 20.0 10.0
93.0 143.0 20.0 10.0
76.0 95.0 20.0 10.0
100.0 91.0 20.0 10.0
119.0 117.0 20.0 10.0
78.0 84.0 20.0 10.0
110.0 62.0 20.0 10.0
78.0 52.0 20.0 10.0
135.0 90.0 20.0 10.0
108.0 97.0 20.0 10.0
149.0 104.0 20.0 10.0
81.0 80.0 20.0 10.0
161.0 102.0 20.0 10.0
105.0 64.0 20.0 10.0
71.0 98.0 20.0 10.0
122.0 92.0 20.0 10.0
116.0 105.0 20.0 10.0
50.0 74.0 20.0 10.0
108.0 115.0 20.0 10.0
96.0 89.0 20.0 10.0
110.0 113.0 20.0 10.0
124.0 118.0 20.0 10.0
145.0 124.0 20.0 10.0
64.0 89.0 20.0 10.0
68.0 127.0 20.0 10.0
100.0 105.0 20.0 10.0
33.0 59.0 20.0 10.0
97.0 125.0 20.0 10.0
131.0 108.0 20.0 10.0
102.0 85.0 20.0 10.0
127.0 70.0 20.0 10.0
39.0 145.0 20.0 10.0
92.0 80.0 20.0 10.0
135.0 102.0 20.0 10.0
109.0 77.0 20.0 10.0
46.0 63.0 20.0 10.0
87.0 48.0 20.0 10.0
148.0 109.0 20.0 10.0
101.0 97.0 20.0 10.0
65.0 112.0 20.0 10.0
59.0 138.0 20.0 10.0
71.0 80.0 20.0 10.0
137.0 73.0 20.0 10.0
134.0 71.0 20.0 10.0
128.0 84.0 20.0 10.0
124.0 114.0 20.0 10.0
100.0 114.0 20.0 10.0
129.0 105.0 20.0 10.0
69.0 122.0 20.0 10.0
106.0 124.0 20.0 10.0
103.0 41.0 20.0 10.0
89.0 103.0 20.0 10.0
147.0 120.0 20.0 10.0
121.0 63.0 20.0 10.0
95.0 114.0 20.0 10.0
25.0 55.0 20.0 10.0
49.0 79.0 20.0 10.0
122.0 81.0 20.0 10.0
100.0 29.0 20.0 10.0
133.0 118.0 20.0 10.0
105.0 104.0 20.0 10.0
118.0 108.0 20.0 10.0
115.0 58.0 20.0 10.0
118.0 58.0 20.0 10.0
83.0 89.0 20.0 10.0
81.0 89.0 20.0 10.0
127.0 61.0 20.0 10.0
112.0 42.0 20.0 10.0
85.0 74.0 20.0 10.0
110.0 90.0 20.0 10.0
120.0 100.0 20.0 10.0
78.0 64.0 20.0 10.0
140.0 48.0 20.0 10.0
150.0 57.0 20.0 10.0
79.0 134.0 20.0 10.0
88.0 81.0 20.0 10.0
98.0 138.0 20.0 10.0
77.0 80.0 20.0 10.0
128.0 53.0 20.0 10.0
78.0 101.0 20.0 10.0
121.0 128.0 20.0 10.0
141.0 64.0 20.0 10.0
46.0 114.0 20.0 10.0
115.0 139.0 20.0 10.0
138.0 38.0 20.0 10.0
81.0 135.0 20.0 10.0
58.0 77.0 20.0 10.0
160.0 137.0 20.0 10.0
92.0 135.0 20.0 10.0
80.0 113.0 20.0 10.0
68.0 95.0 20.0 10.0
57.0 74.0 20.0 10.0
94.0 73.0 20.0 10.0
69.0 90.0 20.0 10.0
70.0 87.0 20.0 10.0
127.0 109.0 20.0 10.0
68.0 80.0 20.0 10.0
115.0 84.0 20.0 10.0
90.0 50.0 20.0 10.0
78.0 35.0 20.0 10.0
64.0 52.0 20.0 10.0
96.0 105.0 20.0 10.0
131.0 120.0 20.0 10.0
110.0 123.0 20.0 10.0
98.0 141.0 20.0 10.0
112.0 127.0 20.0 10.0
154.0 110.0 20.0 10.0
48.0 161.0 20.0 10.0
125.0 125.0 20.0 10.0
87.0 67.0 20.0 10.0
122.0 49.0 20.0 10.0
100.0 55.0 20.0 10.0
114.0 105.0 20.0 10.0
70.0 41.0 20.0 10.0
76.0 84.0 20.0 10.0
56.0 68.0 20.0 10.0
129.0 142.0 20.0 10.0
81.0 69.0 20.0 10.0
70.0 53.0 20.0 10.0
120.0 72.0 20.0 10.0
112.0 85.0 20.0 10.0
116.0 91.0 20.0 10.0
105.0 119.0 20.0 10.0
94.0 135.0 20.0 10.0
75.0 104.0 20.0 10.0
132.0 36.0 20.0 10.0
105.0 79.0 20.0 10.0
120.0 134.0 20.0 10.0
141.0 92.0 20.0 10.0
91.0 74.0 20.0 10.0
73.0 109.0 20.0 10.0
110.0 119.0 20.0 10.0
124.0 134.0 20.0 10.0
150.0 81.0 20.0 10.0
113.0 113.0 20.0 10.0
81.0 140.0 20.0 10.0
81.0 74.0 20.0 10.0
119.0 62.0 20.0 10.0
93.0 88.0 20.0 10.0
64.0 132.0 20.0 10.0
110.0 147.0 20.0 10.0
64.0 71.0 20.0 10.0
164.0 69.0 20.0 10.0
109.0 65.0 20.0 10.0
91.0 68.0 20.0 10.0
102.0 89.0 20.0 10.0
88.0 110.0 20.0 10.0
135.0 47.0 20.0 10.0
52.0 64.0 20.0 10.0
57.0 106.0 20.0 10.0
59.0 90.0 20.0 10.0
115.0 123.0 20.0 10.0
85.0 64.0 20.0 10.0
116.0 128.0 20.0 10.0
96.0 93.0 20.0 10.0
141.0 76.0 20.0 10.0
76.0 46.0 20.0 10.0
94.0 61.0 20.0 10.0
100.0 100.0 20.0 10.0
93.0 53.0 20.0 10.0
74.0 112.0 20.0 10.0
75.0 119.0 20.0 10.0
106.0 108.0 20.0 10.0
109.0 46.0 20.0 10.0
105.0 106.0 20.0 10.0
85.0 133.0 20.0 10.0
82.0 115.0 20.0 10.0
59.0 134.0 20.0 10.0
81.0 106.0 20.0 10.0
66.0 64.0 20.0 10.0
90.0 129.0 20.0 10.0
87.0 93.0 20.0 10.0
92.0 84.0 20.0 10.0
97.0 134.0 20.0 10.0
119.0 140.0 20.0 10.0
86.0 102.0 20.0 10.0
96.0 110.0 20.0 10.0
81.0 154.0 20.0 10.0
77.0 126.0 20.0 10.0
65.0 116.0 20.0 10.0
143.0 108.0 20.0 10.0
105.0 36.0 20.0 10.0
53.0 121.0 20.0 10.0
59.0 122.0 20.0 10.0
116.0 121.0 20.0 10.0
97.0 38.0 20.0 10.0
175.0 83.0 20.0 10.0
89.0 89.0 20.0 10.0
147.0 67.0 20.0 10.0
114.0 73.0 20.0 10.0
148.0 97.0 20.0 10.0
84.0 100.0 20.0 10.0
124.0 78.0 20.0 10.0
139.0 111.0 20.0 10.0
154.0 101.0 20.0 10.0
95.0 45.0 20.0 10.0
135.0 67.0 20.0 10.0
92.0 95.0 20.0 10.0
100.0 75.0 20.0 10.0
86.0 57.0 20.0 10.0
87.0 154.0 20.0 10.0
161.0 68.0 20.0 10.0
148.0 71.0 20.0 10.0
105.0 73.0 20.0 10.0
145.0 108.0 20.0 10.0
103.0 151.0 20.0 10.0
116.0 74.0 20.0 10.0
63.0 92.0 20.0 10.0
131.0 160.0 20.0 10.0
79.0 91.0 20.0 10.0
107.0 58.0 20.0 10.0
86.0 112.0 20.0 10.0
128.0 82.0 20.0 10.0
118.0 125.0 20.0 10.0
88.0 160.0 20.0 10.0
96.0 99.0 20.0 10.0
121.0 26.0 20.0 10.0
98.0 52.0 20.0 10.0
89.0 107.0 20.0 10.0
118.0 131.0 20.0 10.0
72.0 89.0 20.0 10.0
151.0 120.0 20.0 10.0
119.0 52.0 20.0 10.0
132.0 61.0 20.0 10.0
83.0 54.0 20.0 10.0
106.0 25.0 20.0 10.0
113.0 47.0 20.0 10.0
83.0999984741211 83.0 20.0 10.0
146.0 150.0 20.0 10.0
119.0 121.0 20.0 10.0
89.0 118.0 20.0 10.0
123.0 103.0 20.0 10.0
62.0 81.0 20.0 10.0
107.0 89.0 20.0 10.0
92.0 108.0 20.0 10.0
116.0 157.0 20.0 10.0
163.0 111.0 20.0 10.0
145.0 65.0 20.0 10.0
73.0 103.0 20.0 10.0
144.0 138.0 20.0 10.0
52.0 81.0 20.0 10.0
147.0 83.0 20.0 10.0
99.0 121.0 20.0 10.0
74.0 109.0 20.0 10.0
83.0 125.0 20.0 10.0
152.0 84.0 20.0 10.0
67.0 144.0 20.0 10.0
76.0 116.0 20.0 10.0
95.0 82.0 20.0 10.0
119.0 77.0 20.0 10.0
74.0 72.0 20.0 10.0
65.0 76.0 20.0 10.0
58.0 104.0 20.0 10.0
51.0 107.0 20.0 10.0
119.0 97.0 20.0 10.0
97.0 129.0 20.0 10.0
59.0 119.0 20.0 10.0
138.0 134.0 20.0 10.0
110.0 105.0 20.0 10.0
104.0 92.0 20.0 10.0
90.0 65.0 20.0 10.0
104.0 144.0 20.0 10.0
89.0 99.0 20.0 10.0
118.0 70.0 20.0 10.0
122.0 95.0 20.0 10.0
106.0 96.0 20.0 10.0
150.0 116.0 20.0 10.0
99.0 83.0 20.0 10.0
90.0 117.0 20.0 10.0
129.0 132.0 20.0 10.0
142.0 154.0 20.0 10.0
87.0 96.0 20.0 10.0
80.0 109.0 20.0 10.0
76.0 122.0 20.0 10.0
107.0 113.0 20.0 10.0
126.0 94.0 20.0 10.0
51.0 109.0 20.0 10.0
48.0 91.0 20.0 10.0
124.0 68.0 20.0 10.0
106.0 81.0 20.0 10.0
52.0 86.0 20.0 10.0
113.0 95.0 20.0 10.0
151.0 98.0 20.0 10.0
126.0 78.0 20.0 10.0
93.0 98.0 20.0 10.0
130.0 32.0 20.0 10.0
117.0 98.0 20.0 10.0
93.0 148.0 20.0 10.0
81.0 102.0 20.0 10.0
86.0 123.0 20.0 10.0
84.0 148.0 20.0 10.0
143.0 125.0 20.0 10.0
25.0 211.0 20.0 10.0
81.0 44.0 20.0 10.0
140.0 100.0 20.0 10.0
66.0 99.0 20.0 10.0
90.0 72.0 20.0 10.0
81.0 48.0 20.0 10.0
76.0 143.0 20.0 10.0
131.0 126.0 20.0 10.0
61.0 106.0 20.0 10.0
54.0 98.0 20.0 10.0
110.0 87.0 20.0 10.0
132.0 137.0 20.0 10.0
118.0 83.0 20.0 10.0
151.0 134.0 20.0 10.0
93.0 122.0 20.0 10.0
59.0 112.0 20.0 10.0
110.0 58.0 20.0 10.0
147.0 91.0 20.0 10.0
127.0 99.0 20.0 10.0
139.0 87.0 20.0 10.0
162.0 92.0 20.0 10.0
122.0 53.0 20.0 10.0
90.0 93.0 20.0 10.0
99.0 129.0 20.0 10.0
71.0 127.0 20.0 10.0
80.0 121.0 20.0 10.0
121.0 84.0 20.0 10.0
118.0 102.0 20.0 10.0
132.0 129.0 20.0 10.0
84.0 94.0 20.0 10.0
90.0 143.0 20.0 10.0
112.0 74.0 20.0 10.0
136.0 54.0 20.0 10.0
113.0 116.0 20.0 10.0
108.0 79.0 20.0 10.0
120.0 89.0 20.0 10.0
80.0 66.0 20.0 10.0
100.0 80.0 20.0 10.0
168.0 74.0 20.0 10.0
78.0 128.0 20.0 10.0
106.0 69.0 20.0 10.0
114.0 125.0 20.0 10.0
67.0 71.0 20.0 10.0
67.0 84.0 20.0 10.0
44.0 86.0 20.0 10.0
103.0 61.0 20.0 10.0
82.0 109.0 20.0 10.0
100.0 124.0 20.0 10.0
86.0 126.0 20.0 10.0
119.0 93.0 20.0 10.0
110.0 100.0 20.0 10.0
138.0 151.0 20.0 10.0
108.0 127.0 20.0 10.0
136.0 110.0 20.0 10.0
68.0 150.0 20.0 10.0
86.0 84.0 20.0 10.0
122.0 72.0 20.0 10.0
102.0 93.0 20.0 10.0
159.0 123.0 20.0 10.0
69.0 101.0 20.0 10.0
54.0 110.0 20.0 10.0
94.0 90.0 20.0 10.0
33.0 125.0 20.0 10.0
71.0 117.0 20.0 10.0
100.0 111.0 20.0 10.0
117.0 116.0 20.0 10.0
154.0 58.0 20.0 10.0
74.0 68.0 20.0 10.0
123.0 61.0 20.0 10.0
100.0 62.0 20.0 10.0
113.0 141.0 20.0 10.0
91.0 38.0 20.0 10.0
193.0 49.0 20.0 10.0
112.0 136.0 20.0 10.0
134.0 96.0 20.0 10.0
108.0 102.0 20.0 10.0
