500
143.0 77.0 20.0 10.0
133.0 59.0 20.0 10.0
134.0 110.0 20.0 10.0
125.0 66.0 20.0 10.0
121.0 52.0 20.0 10.0
73.0 146.0 20.0 10.0
136.0 101.0 20.0 10.0
78.0 54.0 20.0 10.0
117.0 123.0 20.0 10.0
111.0 43.0 20.0 10.0
127.0 103.0 20.0 10.0
97.0 73.0 20.0 10.0
131.0 78.0 20.0 10.0
112.0 75.0 20.0 10.0
95.0 89.0 20.0 10.0
89.0 151.0 20.0 10.0
55.0 88.0 20.0 10.0
116.0 104.0 20.0 10.0
127.0 98.0 20.0 10.0
74.0 91.0 20.0 10.0
128.0 119.0 20.0 10.0
110.0 96.0 20.0 10.0
126.0 94.0 20.0 10.0
103.0 75.0 20.0 10.0
147.0 87.0 20.0 10.0
106.0 51.0 20.0 10.0
91.0 93.0 20.0 10.0
88.0 135.0 20.0 10.0
74.0 79.0 20.0 10.0
68.0 70.0 20.0 10.0
99.0 108.0 20.0 10.0
133.0 91.0 20.0 10.0
124.0 93.0 20.0 10.0
146.0 119.0 20.0 10.0
80.0 104.0 20.0 10.0
116.0 129.0 20.0 10.0
129.0 55.0 20.0 10.0
55.0 126.0 20.0 10.0
114.0 95.0 20.0 10.0
114.0 86.0 20.0 10.0
146.0 98.0 20.0 10.0
113.0 50.0 20.0 10.0
135.0 88.0 20.0 10.0
93.0 112.0 20.0 10.0
135.0 81.0 20.0 10.0
119.0 146.0 20.0 10.0
130.0 83.0 20.0 10.0
102.0 143.0 20.0 10.0
130.0 125.0 20.0 10.0
84.0 45.0 20.0 10.0
89.0 117.0 20.0 10.0
126.0 81.0 20.0 10.0
67.0 164.0 20.0 10.0
99.0 60.0 20.0 10.0
92.0 105.0 20.0 10.0
62.0 126.0 20.0 10.0
85.0 144.0 20.0 10.0
115.0 123.0 20.0 10.0
138.0 117.0 20.0 10.0
133.0 51.0 20.0 10.0
135.0 83.0 20.0 10.0
81.0 62.0 20.0 10.0
136.0 99.0 20.0 10.0
94.0 145.0 20.0 10.0
72.0 73.0 20.0 10.0
154.0 149.0 20.0 10.0
120.0 125.0 20.0 10.0
81.0 111.0 20.0 10.0
145.0 103.0 20.0 10.0
86.0 58.0 20.0 10.0
75.0 56.0 20.0 10.0
52.0 122.0 20.0 10.0
110.0 110.0 20.0 10.0
131.0 92.0 20.0 10.0
76.0 110.0 20.0 10.0
44.0 97.0 20.0 10.0
128.0 74.0 20.0 10.0
61.0 117.0 20.0 10.0
120.0 98.0 20.0 10.0
147.0 32.0 20.0 10.0
114.0 53.0 20.0 10.0
114.0 83.0 20.0 10.0
103.0 85.0 20.0 10.0
106.0 90.0 20.0 10.0
101.0 83.0 20.0 10.0
97.0 76.0 20.0 10.0
66.0 79.0 20.0 10.0
25.0 24.0 20.0 10.0
69.0 92.0 20.0 10.0
111.0 150.0 20.0 10.0
121.0 66.0 20.0 10.0
139.0 57.0 20.0 10.0
71.0 116.0 20.0 10.0
135.0 63.0 20.0 10.0
76.0 68.0 20.0 10.0
85.0 111.0 20.0 10.0
124.0 117.0 20.0 10.0
76.0 30.0 20.0 10.0
117.0 86.0 20.0 10.0
63.0 83.0 20.0 10.0
58.0 111.0 20.0 10.0
56.0 117.0 20.0 10.0
103.0 57.0 20.0 10.0
86.0 81.0 20.0 10.0
126.0 76.0 20.0 10.0
83.0 67.0 20.0 10.0
98.0 104.0 20.0 10.0
119.0 67.0 20.0 10.0
87.0 138.0 20.0 10.0
112.0 101.0 20.0 10.0
95.0 149.0 20.0 10.0
122.0 40.0 20.0 10.0
124.0 123.0 20.0 10.0
63.0 101.0 20.0 10.0
77.0 103.0 20.0 10.0
125.0 58.0 20.0 10.0
114.0 106.0 20.0 10.0
83.0 85.0 20.0 10.0
119.0 118.0 20.0 10.0
70.0 80.0 20.0 10.0
145.0 131.0 20.0 10.0
71.0 127.0 20.0 10.0
86.0 108.0 20.0 10.0
91.0 151.0 20.0 10.0
48.0 103.0 20.0 10.0
84.0 61.0 20.0 10.0
109.0 79.0 20.0 10.0
127.0 132.0 20.0 10.0
70.0 88.0 20.0 10.0
105.0 109.0 20.0 10.0
115.0 57.0 20.0 10.0
132.0 154.0 20.0 10.0
96.0 126.0 20.0 10.0
132.0 126.0 20.0 10.0
76.0 97.0 20.0 10.0
99.0 157.0 20.0 10.0
95.0 128.0 20.0 10.0
25.0 72.0 20.0 10.0
85.0 120.0 20.0 10.0
111.0 93.0 20.0 10.0
55.0 96.0 20.0 10.0
144.0 82.0 20.0 10.0
105.0 158.0 20.0 10.0
136.0 127.0 20.0 10.0
108.0 75.0 20.0 10.0
114.0 144.0 20.0 10.0
157.0 113.0 20.0 10.0
132.0 119.0 20.0 10.0
154.0 133.0 20.0 10.0
163.0 92.0 20.0 10.0
124.0 150.0 20.0 10.0
124.0 87.0 20.0 10.0
86.0 114.0 20.0 10.0
141.0 105.0 20.0 10.0
87.0 30.0 20.0 10.0
115.0 132.0 20.0 10.0
42.0 72.0 20.0 10.0
128.0 105.0 20.0 10.0
123.0 53.0 20.0 10.0
92.0 75.0 20.0 10.0
92.0 67.0 20.0 10.0
98.0 141.0 20.0 10.0
89.0 77.0 20.0 10.0
91.0 85.0 20.0 10.0
71.0 98.0 20.0 10.0
137.0 54.0 20.0 10.0
145.0 69.0 20.0 10.0
138.0 87.0 20.0 10.0
119.0 133.0 20.0 10.0
105.0 67.0 20.0 10.0
144.0 109.0 20.0 10.0
104.0 44.0 20.0 10.0
137.0 94.0 20.0 10.0
68.0 114.0 20.0 10.0
75.0 117.0 20.0 10.0
122.0 58.0 20.0 10.0
100.0 135.0 20.0 10.0
66.0 64.0 20.0 10.0
49.0 64.0 20.0 10.0
96.0 114.0 20.0 10.0
128.0 93.0 20.0 10.0
143.0 96.0 20.0 10.0
148.0 106.0 20.0 10.0
111.0 144.0 20.0 10.0
113.0 47.0 20.0 10.0
120.0 75.0 20.0 10.0
115.0 119.0 20.0 10.0
71.0 112.0 20.0 10.0
98.0 113.0 20.0 10.0
52.0 102.0 20.0 10.0
110.0 123.0 20.0 10.0
96.0 75.0 20.0 10.0
167.0 99.0 20.0 10.0
72.0 133.0 20.0 10.0
161.0 103.0 20.0 10.0
58.0 70.0 20.0 10.0
61.0 145.0 20.0 10.0
151.0 108.0 20.0 10.0
99.0 102.0 20.0 10.0
136.0 114.0 20.0 10.0
49.0 77.0 20.0 10.0
152.0 136.0 20.0 10.0
124.0 83.0 20.0 10.0
89.0 101.0 20.0 10.0
110.0 107.0 20.0 10.0
171.0 60.0 20.0 10.0
139.0 81.0 20.0 10.0
139.0 34.0 20.0 10.0
110.0 74.0 20.0 10.0
132.0 98.0 20.0 10.0
89.0 111.0 20.0 10.0
132.0 69.0 20.0 10.0
84.0 129.0 20.0 10.0
85.0 96.0 20.0 10.0
51.0 115.0 20.0 10.0
114.0 99.0 20.0 10.0
103.0 132.0 20.0 10.0
142.0 112.0 20.0 10.0
68.0 130.0 20.0 10.0
114.0 131.0 20.0 10.0
73.0 63.0 20.0 10.0
69.0 77.0 20.0 10.0
111.0 67.0 20.0 10.0
56.0 77.0 20.0 10.0
104.0 48.0 20.0 10.0
106.0 71.0 20.0 10.0
122.0 113.0 20.0 10.0
98.0 116.0 20.0 10.0
128.0 78.0 20.0 10.0
57.0 60.0 20.0 10.0
95.0 134.0 20.0 10.0
106.0 56.0 20.0 10.0
95.0 71.0 20.0 10.0
140.0 146.0 20.0 10.0
124.0 132.0 20.0 10.0
157.0 107.0 20.0 10.0
41.0 50.0 20.0 10.0
87.0 94.0 20.0 10.0
84.0 101.0 20.0 10.0
75.0 82.0 20.0 10.0
127.0 123.0 20.0 10.0
168.0 108.0 20.0 10.0
121.0 109.0 20.0 10.0
87.0 108.0 20.0 10.0
80.0 57.0 20.0 10.0
155.0 74.0 20.0 10.0
78.0 79.0 20.0 10.0
104.0 128.0 20.0 10.0
57.0 41.0 20.0 10.0
81.0 117.0 20.0 10.0
84.0 86.0 20.0 10.0
105.0 116.0 20.0 10.0
80.0 94.0 20.0 10.0
122.0 141.0 20.0 10.0
115.0 92.0 20.0 10.0
70.0 72.0 20.0 10.0
81.0 97.0 20.0 10.0
118.0 95.0 20.0 10.0
151.0 102.0 20.0 10.0
69.0 84.0 20.0 10.0
157.0 124.0 20.0 10.0
95.0 85.0 20.0 10.0
125.0 109.0 20.0 10.0
88.0 105.0 20.0 10.0
98.0 96.0 20.0 10.0
158.0 100.0 20.0 10.0
130.0 89.0 20.0 10.0
140.0 60.0 20.0 10.0
111.0 60.0 20.0 10.0
113.0 78.0 20.0 10.0
148.0 138.0 20.0 10.0
70.0 134.0 20.0 10.0
105.0 97.0 20.0 10.0
149.0 132.0 20.0 10.0
123.0 106.0 20.0 10.0
110.0 87.0 20.0 10.0
158.0 120.0 20.0 10.0
110.0 57.0 20.0 10.0
99.0 85.0 20.0 10.0
80.0 99.0 20.0 10.0
90.0 37.0 20.0 10.0
73.0 112.0 20.0 10.0
62.0 104.0 20.0 10.0
80.0 141.0 20.0 10.0
111.0 82.0 20.0 10.0
78.0 86.0 20.0 10.0
86.0 170.0 20.0 10.0
116.0 138.0 20.0 10.0
122.0 131.0 20.0 10.0
104.0 80.0 20.0 10.0
87.0 129.0 20.0 10.0
69.0 96.0 20.0 10.0
125.0 106.0 20.0 10.0
168.0 57.0 20.0 10.0
110.0 118.0 20.0 10.0
68.0 121.0 20.0 10.0
72.0 29.0 20.0 10.0
101.0 105.0 20.0 10.0
101.0 65.0 20.0 10.0
82.0 106.0 20.0 10.0
96.0 81.0 20.0 10.0
92.0 99.0 20.0 10.0
130.0 111.0 20.0 10.0
161.0 154.0 20.0 10.0
97.0 107.0 20.0 10.0
147.0 116.0 20.0 10.0
144.0 65.0 20.0 10.0
42.0 135.0 20.0 10.0
88.0 41.0 20.0 10.0
29.0 92.0 20.0 10.0
89.0 66.0 20.0 10.0
143.0 70.0 20.0 10.0
62.0 95.0 20.0 10.0
105.0 72.0 20.0 10.0
122.0 47.0 20.0 10.0
111.0 98.0 20.0 10.0
149.0 112.0 20.0 10.0
128.0 135.0 20.0 10.0
94.0 98.0 20.0 10.0
120.0 101.0 20.0 10.0
126.0 91.0 20.0 10.0
96.0 136.0 20.0 10.0
108.0 30.0 20.0 10.0
127.0 128.0 20.0 10.0
69.0 59.0 20.0 10.0
124.0 43.0 20.0 10.0
96.0 94.0 20.0 10.0
66.0 99.0 20.0 10.0
154.0 162.0 20.0 10.0
60.0 130.0 20.0 10.0
119.0 85.0 20.0 10.0
134.0 97.0 20.0 10.0
120.0 107.0 20.0 10.0
112.0 70.0 20.0 10.0
80.0 79.0 20.0 10.0
97.0 100.0 20.0 10.0
97.0 84.0 20.0 10.0
55.0 107.0 20.0 10.0
122.0 120.0 20.0 10.0
131.0 61.0 20.0 10.0
71.0 57.0 20.0 10.0
91.0 70.0 20.0 10.0
153.0 99.0 20.0 10.0
99.0 123.0 20.0 10.0
104.0 94.0 20.0 10.0
127.0 88.0 20.0 10.0
107.0 112.0 20.0 10.0
73.0 88.0 20.0 10.0
45.0 44.0 20.0 10.0
120.0 80.0 20.0 10.0
94.0 110.0 20.0 10.0
110.0 72.0 20.0 10.0
127.0 141.0 20.0 10.0
115.0 61.0 20.0 10.0
100.0 109.0 20.0 10.0
97.0 58.0 20.0 10.0
79.0 146.0 20.0 10.0
116.0 112.0 20.0 10.0
98.0 90.0 20.0 10.0
76.0 75.0 20.0 10.0
94.0 45.0 20.0 10.0
101.0 89.0 20.0 10.0
131.0 144.0 20.0 10.0
103.0 52.0 20.0 10.0
96.0 51.0 20.0 10.0
152.0 71.0 20.0 10.0
112.0 88.0 20.0 10.0
113.0 116.0 20.0 10.0
148.0 72.0 20.0 10.0
145.0 90.0 20.0 10.0
74.0 105.0 20.0 10.0
89.0 83.0 20.0 10.0
86.0 100.0 20.0 10.0
193.0 84.0 20.0 10.0
77.0 63.0 20.0 10.0
74.0 123.0 20.0 10.0
108.0 67.0 20.0 10.0
100.0 151.0 20.0 10.0
93.0 104.0 20.0 10.0
121.0 87.0 20.0 10.0
132.0 104.0 20.0 10.0
122.0 71.0 20.0 10.0
105.0 143.0 20.0 10.0
92.0 139.0 20.0 10.0
139.0 96.0 20.0 10.0
170.0 90.0 20.0 10.0
107.0 127.0 20.0 10.0
116.0 115.0 20.0 10.0
151.0 87.0 20.0 10.0
101.0 96.0 20.0 10.0
158.0 110.0 20.0 10.0
67.0 144.0 20.0 10.0
105.0 122.0 20.0 10.0
142.0 125.0 20.0 10.0
91.0 109.0 20.0 10.0
91.0 134.0 20.0 10.0
82.0 91.0 20.0 10.0
109.0 115.0 20.0 10.0
117.0 100.0 20.0 10.0
138.0 77.0 20.0 10.0
75.0 128.0 20.0 10.0
99.0 121.0 20.0 10.0
138.0 133.0 20.0 10.0
113.0 111.0 20.0 10.0
78.0 111.0 20.0 10.0
147.0 101.0 20.0 10.0
35.0 85.0 20.0 10.0
92.0 28.0 20.0 10.0
106.0 114.0 20.0 10.0
92.0 58.0 20.0 10.0
65.0 118.0 20.0 10.0
131.0 117.0 20.0 10.0
109.0 63.0 20.0 10.0
74.0 67.0 20.0 10.0
111.0 133.0 20.0 10.0
51.0 91.0 20.0 10.0
151.0 144.0 20.0 10.0
89.0 54.0 20.0 10.0
49.0 93.0 20.0 10.0
143.0 146.0 20.0 10.0
105.0 82.0 20.0 10.0
75.0 54.0 20.0 10.0
122.0 164.0 20.0 10.0
80.0 114.0 20.0 10.0
138.0 65.0 20.0 10.0
112.0 113.0 20.0 10.0
150.0 125.0 20.0 10.0
104.0 136.0 20.0 10.0
138.0 105.0 20.0 10.0
77.0 122.0 20.0 10.0
92.0 127.0 20.0 10.0
81.0 88.0 20.0 10.0
145.0 40.0 20.0 10.0
91.0 61.0 20.0 10.0
137.0 121.0 20.0 10.0
109.0 124.0 20.0 10.0
87.0 75.0 20.0 10.0
140.0 73.0 20.0 10.0
80.0 119.0 20.0 10.0
43.0 105.0 20.0 10.0
86.0 69.0 20.0 10.0
123.0 126.0 20.0 10.0
121.0 135.0 20.0 10.0
56.0 65.0 20.0 10.0
95.0 66.0 20.0 10.0
141.0 92.0 20.0 10.0
61.0 57.0 20.0 10.0
117.0 43.0 20.0 10.0
92.0 116.0 20.0 10.0
102.0 101.0 20.0 10.0
107.0 93.0 20.0 10.0
64.0 92.0 20.0 10.0
133.0 71.0 20.0 10.0
82.0 126.0 20.0 10.0
51.0 107.0 20.0 10.0
117.0 163.0 20.0 10.0
131.0 110.0 20.0 10.0
90.0 140.0 20.0 10.0
134.0 78.0 20.0 10.0
62.0 72.0 20.0 10.0
131.0 168.0 20.0 10.0
126.0 72.0 20.0 10.0
123.0 98.0 20.0 10.0
99.0 77.0 20.0 10.0
140.0 111.0 20.0 10.0
118.0 91.0 20.0 10.0
104.0 41.0 20.0 10.0
52.0 130.0 20.0 10.0
99.0 45.0 20.0 10.0
92.0 82.0 20.0 10.0
25.0 118.0 20.0 10.0
92.0 120.0 20.0 10.0
126.0 115.0 20.0 10.0
126.0 54.0 20.0 10.0
118.0 139.0 20.0 10.0
77.0 133.0 20.0 10.0
80.0 71.0 20.0 10.0
55.0 110.0 20.0 10.0
101.0 118.0 20.0 10.0
84.0 81.0 20.0 10.0
89.0 86.0 20.0 10.0
71.0 44.0 20.0 10.0
107.0 102.0 20.0 10.0
87.0 77.0 20.0 10.0
158.0 51.0 20.0 10.0
43.0 88.0 20.0 10.0
67.0 86.0 20.0 10.0
100.0 71.0 20.0 10.0
85.0 132.0 20.0 10.0
133.0 135.0 20.0 10.0
105.0 105.0 20.0 10.0
93.0 147.0 20.0 10.0
88.0 90.0 20.0 10.0
108.0 136.0 20.0 10.0
153.0 77.0 20.0 10.0
58.0 87.0 20.0 10.0
121.0 91.0 20.0 10.0
155.0 105.0 20.0 10.0
103.0 31.0 20.0 10.0
99.0 57.0 20.0 10.0
