500
69.0 112.0 20.0 10.0
99.0 133.0 20.0 10.0
74.0 125.0 20.0 10.0
116.0 100.0 20.0 10.0
93.0 89.0 20.0 10.0
106.0 80.0 20.0 10.0
75.0 79.0 20.0 10.0
90.0 113.0 20.0 10.0
117.0 114.0 20.0 10.0
103.0 138.0 20.0 10.0
131.0 108.0 20.0 10.0
93.0 74.0 20.0 10.0
103.0 95.0 20.0 10.0
154.0 91.0 20.0 10.0
62.0 134.0 20.0 10.0
84.0 105.0 20.0 10.0
26.0 110.0 20.0 10.0
117.0 119.0 20.0 10.0
141.0 143.0 20.0 10.0
140.0 73.0 20.0 10.0
87.0 143.0 20.0 10.0
101.0 75.0 20.0 10.0
44.0 148.0 20.0 10.0
100.0 110.0 20.0 10.0
59.0 131.0 20.0 10.0
81.0 95.0 20.0 10.0
138.0 160.0 20.0 10.0
56.0 128.0 20.0 10.0
100.0 140.0 20.0 10.0
90.0 75.0 20.0 10.0
80.0 116.0 20.0 10.0
24.0 108.0 20.0 10.0
95.0 134.0 20.0 10.0
107.0 77.0 20.0 10.0
48.0 102.0 20.0 10.0
76.0 132.0 20.0 10.0
82.0 93.0 20.0 10.0
79.0 101.0 20.0 10.0
79.0 109.0 20.0 10.0
116.0 103.0 20.0 10.0
66.0 89.0 20.0 10.0
98.0 109.0 20.0 10.0
57.0 110.0 20.0 10.0
125.0 148.0 20.0 10.0
94.0 116.0 20.0 10.0
92.0 109.0 20.0 10.0
110.0 146.0 20.0 10.0
35.0 129.0 20.0 10.0
129.0 83.0 20.0 10.0
89.0 118.0 20.0 10.0
110.0 134.0 20.0 10.0
108.0 160.0 20.0 10.0
84.0 124.0 20.0 10.0
135.0 156.0 20.0 10.0
137.0 138.0 20.0 10.0
59.0 76.0 20.0 10.0
126.0 140.0 20.0 10.0
153.0 97.0 20.0 10.0
99.0 107.0 20.0 10.0
116.0 163.0 20.0 10.0
79.0 134.0 20.0 10.0
50.0 134.0 20.0 10.0
102.0 150.0 20.0 10.0
139.0 129.0 20.0 10.0
114.0 114.0 20.0 10.0
122.0 147.0 20.0 10.0
87.0 157.0 20.0 10.0
73.0 99.0 20.0 10.0
92.0 96.0 20.0 10.0
57.0 134.0 20.0 10.0
103.0 143.0 20.0 10.0
90.0 124.0 20.0 10.0
120.0 88.0 20.0 10.0
106.0 125.0 20.0 10.0
135.0 145.0 20.0 10.0
110.0 84.0 20.0 10.0
122.0 101.0 20.0 10.0
133.0 89.0 20.0 10.0
127.0 93.0 20.0 10.0
94.0 130.0 20.0 10.0
50.0 114.0 20.0 10.0
123.0 167.0 20.0 10.0
47.0 104.0 20.0 10.0
124.0 142.0 20.0 10.0
118.0 133.0 20.0 10.0
85.0 87.0 20.0 10.0
88.0 165.0 20.0 10.0
115.0 110.0 20.0 10.0
90.0 159.0 20.0 10.0
103.0 118.0 20.0 10.0
148.0 109.0 20.0 10.0
109.0 130.0 20.0 10.0
73.0 82.0 20.0 10.0
108.0 90.0 20.0 10.0
89.0 140.0 20.0 10.0
92.0 118.0 20.0 10.0
54.0 178.0 20.0 10.0
130.0 99.0 20.0 10.0
103.0 132.0 20.0 10.0
79.0 162.0 20.0 10.0
36.0 135.0 20.0 10.0
75.0 64.0 20.0 10.0
141.0 188.0 20.0 10.0
130.0 173.0 20.0 10.0
79.0 89.0 20.0 10.0
114.0 81.0 20.0 10.0
155.0 130.0 20.0 10.0
79.0 129.0 20.0 10.0
54.0 78.0 20.0 10.0
38.0 148.0 20.0 10.0
120.0 124.0 20.0 10.0
110.0 53.0 20.0 10.0
97.0 117.0 20.0 10.0
109.0 125.0 20.0 10.0
121.0 137.0 20.0 10.0
104.0 115.0 20.0 10.0
112.0 123.0 20.0 10.0
75.0 114.0 20.0 10.0
141.0 103.0 20.0 10.0
75.0 142.0 20.0 10.0
57.0 119.0 20.0 10.0
45.0 95.0 20.0 10.0
88.0 114.0 20.0 10.0
95.0 111.0 20.0 10.0
63.0 160.0 20.0 10.0
61.0 102.0 20.0 10.0
85.0 59.0 20.0 10.0
62.0 107.0 20.0 10.0
106.0 110.0 20.0 10.0
74.0 90.0 20.0 10.0
37.0 125.0 20.0 10.0
110.0 158.0 20.0 10.0
131.0 129.0 20.0 10.0
90.0 174.0 20.0 10.0
70.0 144.0 20.0 10.0
74.0 75.0 20.0 10.0
86.0 105.0 20.0 10.0
76.0 98.0 20.0 10.0
91.0 191.0 20.0 10.0
63.0 142.0 20.0 10.0
154.0 127.0 20.0 10.0
113.0 90.0 20.0 10.0
111.0 101.0 20.0 10.0
136.0 133.0 20.0 10.0
62.0 91.0 20.0 10.0
140.0 120.0 20.0 10.0
109.0 113.0 20.0 10.0
68.0 119.0 20.0 10.0
43.0 127.0 20.0 10.0
147.0 106.0 20.0 10.0
145.0 122.0 20.0 10.0
108.0 66.0 20.0 10.0
67.0 127.0 20.0 10.0
133.0 112.0 20.0 10.0
64.0 125.0 20.0 10.0
87.0 95.0 20.0 10.0
90.0 115.0 20.0 10.0
202.0 126.0 20.0 10.0
134.0 103.0 20.0 10.0
93.0 146.0 20.0 10.0
78.0 106.0 20.0 10.0
97.0 145.0 20.0 10.0
85.0 111.0 20.0 10.0
131.0 122.0 20.0 10.0
148.0 113.0 20.0 10.0
92.0 120.0 20.0 10.0
87.0 132.0 20.0 10.0
97.0 83.0 20.0 10.0
166.0 158.0 20.0 10.0
143.0 92.0 20.0 10.0
119.0 90.0 20.0 10.0
87.0 153.0 20.0 10.0
114.0 66.0 20.0 10.0
91.0 98.0 20.0 10.0
79.0 95.0 20.0 10.0
47.0 93.0 20.0 10.0
138.0 107.0 20.0 10.0
103.0 158.0 20.0 10.0
83.0 129.0 20.0 10.0
58.0 91.0 20.0 10.0
124.0 190.0 20.0 10.0
118.0 145.0 20.0 10.0
102.0 165.0 20.0 10.0
113.0 75.0 20.0 10.0
90.0 89.0 20.0 10.0
110.0 94.0 20.0 10.0
82.0 150.0 20.0 10.0
100.0 152.0 20.0 10.0
82.0 76.0 20.0 10.0
79.0 118.0 20.0 10.0
117.0 110.0 20.0 10.0
92.0 181.0 20.0 10.0
112.0 70.0 20.0 10.0
71.0 103.0 20.0 10.0
130.0 161.0 20.0 10.0
115.0 142.0 20.0 10.0
105.0 139.0 20.0 10.0
66.0 135.0 20.0 10.0
72.0 139.0 20.0 10.0
36.0 82.0 20.0 10.0
92.0 134.0 20.0 10.0
80.0 159.0 20.0 10.0
103.0 70.0 20.0 10.0
121.0 84.0 20.0 10.0
125.0 110.0 20.0 10.0
81.0 106.0 20.0 10.0
106.0 119.0 20.0 10.0
126.0 132.0 20.0 10.0
102.0 84.0 20.0 10.0
142.0 147.0 20.0 10.0
82.0 83.0 20.0 10.0
124.0 113.0 20.0 10.0
55.0 107.0 20.0 10.0
81.0 128.0 20.0 10.0
47.0 113.0 20.0 10.0
91.0 100.0 20.0 10.0
70.0 132.0 20.0 10.0
101.0 88.0 20.0 10.0
135.0 116.0 20.0 10.0
88.0 80.0 20.0 10.0
49.0 110.0 20.0 10.0
122.0 128.0 20.0 10.0
89.0 144.0 20.0 10.0
72.0 132.0 20.0 10.0
92.0 106.0 20.0 10.0
50.0 116.0 20.0 10.0
88.0 135.0 20.0 10.0
47.0 58.0 20.0 10.0
132.0 100.0 20.0 10.0
119.0 150.0 20.0 10.0
73.0 164.0 20.0 10.0
110.0 119.0 20.0 10.0
107.0 163.0 20.0 10.0
39.0 94.0 20.0 10.0
30.0 158.0 20.0 10.0
142.0 132.0 20.0 10.0
107.0 146.0 20.0 10.0
44.0 121.0 20.0 10.0
86.0 183.0 20.0 10.0
61.0 83.0 20.0 10.0
148.0 144.0 20.0 10.0
97.0 67.0 20.0 10.0
96.0 94.0 20.0 10.0
108.0 122.0 20.0 10.0
75.0 110.0 20.0 10.0
129.0 147.0 20.0 10.0
113.0 121.0 20.0 10.0
45.0 100.0 20.0 10.0
118.0 105.0 20.0 10.0
148.0 127.0 20.0 10.0
102.0 161.0 20.0 10.0
103.0 130.0 20.0 10.0
51.0 136.0 20.0 10.0
80.0 118.0 20.0 10.0
99.0 80.0 20.0 10.0
99.0 100.0 20.0 10.0
80.0 174.0 20.0 10.0
66.0 68.0 20.0 10.0
75.0 87.0 20.0 10.0
160.0 102.0 20.0 10.0
135.0 85.0 20.0 10.0
65.0 109.0 20.0 10.0
55.0 153.0 20.0 10.0
148.0 135.0 20.0 10.0
90.0 107.0 20.0 10.0
113.0 86.0 20.0 10.0
131.0 133.0 20.0 10.0
79.0 144.0 20.0 10.0
64.0 102.0 20.0 10.0
73.0 57.0 20.0 10.0
104.0 153.0 20.0 10.0
68.0 110.0 20.0 10.0
94.0 99.0 20.0 10.0
66.0 123.0 20.0 10.0
55.0 113.0 20.0 10.0
110.0 174.0 20.0 10.0
54.0 145.0 20.0 10.0
126.0 122.0 20.0 10.0
51.0 145.0 20.0 10.0
135.0 170.0 20.0 10.0
112.0 92.0 20.0 10.0
96.0 139.0 20.0 10.0
122.0 152.0 20.0 10.0
103.0 99.0 20.0 10.0
82.0 86.0 20.0 10.0
84.0 158.0 20.0 10.0
75.0 120.0 20.0 10.0
160.0 139.0 20.0 10.0
71.0 91.0 20.0 10.0
111.0 75.0 20.0 10.0
82.0 68.0 20.0 10.0
114.0 129.0 20.0 10.0
91.0 144.0 20.0 10.0
105.0 31.0 20.0 10.0
91.0 169.0 20.0 10.0
51.0 158.0 20.0 10.0
146.0 149.0 20.0 10.0
122.0 160.0 20.0 10.0
95.0 118.0 20.0 10.0
106.0 116.0 20.0 10.0
130.0 64.0 20.0 10.0
73.0 126.0 20.0 10.0
105.0 101.0 20.0 10.0
25.0 148.0 20.0 10.0
96.0 114.0 20.0 10.0
93.0 162.0 20.0 10.0
73.0 150.0 20.0 10.0
54.0 87.0 20.0 10.0
131.0 149.0 20.0 10.0
103.0 123.0 20.0 10.0
95.0 80.0 20.0 10.0
66.0 165.0 20.0 10.0
104.0 143.0 20.0 10.0
43.0 105.0 20.0 10.0
108.0 140.0 20.0 10.0
82.0 148.0 20.0 10.0
131.0 94.0 20.0 10.0
148.0 116.0 20.0 10.0
97.0 72.0 20.0 10.0
92.0 141.0 20.0 10.0
90.0 155.0 20.0 10.0
86.0 63.0 20.0 10.0
150.0 119.0 20.0 10.0
89.0 94.0 20.0 10.0
104.0 176.0 20.0 10.0
115.0 132.0 20.0 10.0
112.0 172.0 20.0 10.0
114.0 125.0 20.0 10.0
53.0 129.0 20.0 10.0
82.0 156.0 20.0 10.0
118.0 95.0 20.0 10.0
65.0 103.0 20.0 10.0
109.0 109.0 20.0 10.0
131.0 83.0 20.0 10.0
116.0 152.0 20.0 10.0
83.0 164.0 20.0 10.0
44.0 141.0 20.0 10.0
89.0 130.0 20.0 10.0
104.0 136.0 20.0 10.0
123.0 175.0 20.0 10.0
53.0 96.0 20.0 10.0
55.0 103.0 20.0 10.0
70.0 47.0 20.0 10.0
69.0 129.0 20.0 10.0
112.0 97.0 20.0 10.0
76.0 136.0 20.0 10.0
127.0 107.0 20.0 10.0
126.0 95.0 20.0 10.0
113.0 138.0 20.0 10.0
54.0 82.0 20.0 10.0
118.0 76.0 20.0 10.0
121.0 95.0 20.0 10.0
84.0 120.0 20.0 10.0
37.0 41.0 20.0 10.0
73.0 158.0 20.0 10.0
123.0 117.0 20.0 10.0
100.0 128.0 20.0 10.0
64.0 119.0 20.0 10.0
91.0 151.0 20.0 10.0
98.0 48.0 20.0 10.0
85.0 151.0 20.0 10.0
85.0 79.0 20.0 10.0
52.0 93.0 20.0 10.0
121.0 154.0 20.0 10.0
83.0 133.0 20.0 10.0
115.0 118.0 20.0 10.0
133.0 74.0 20.0 10.0
45.0 154.0 20.0 10.0
122.0 105.0 20.0 10.0
118.0 148.0 20.0 10.0
77.0 63.0 20.0 10.0
83.0 179.0 20.0 10.0
104.0 132.0 20.0 10.0
128.0 125.0 20.0 10.0
77.0 121.0 20.0 10.0
132.0 96.0 20.0 10.0
143.0 110.0 20.0 10.0
57.0 84.0 20.0 10.0
65.0 154.0 20.0 10.0
70.0 116.0 20.0 10.0
99.0 70.0 20.0 10.0
168.0 88.0 20.0 10.0
102.0 107.0 20.0 10.0
65.0 72.0 20.0 10.0
108.0 84.0 20.0 10.0
114.0 104.0 20.0 10.0
80.0 123.0 20.0 10.0
95.0 128.0 20.0 10.0
123.0 121.0 20.0 10.0
108.0 166.0 20.0 10.0
72.0 94.0 20.0 10.0
146.0 99.0 20.0 10.0
130.0 103.0 20.0 10.0
111.0 139.0 20.0 10.0
52.0 140.0 20.0 10.0
88.0 101.0 20.0 10.0
93.0 125.0 20.0 10.0
87.0 117.0 20.0 10.0
91.0 79.0 20.0 10.0
110.0 117.0 20.0 10.0
136.0 109.0 20.0 10.0
86.0 131.0 20.0 10.0
128.0 145.0 20.0 10.0
78.0 150.0 20.0 10.0
60.0 94.0 20.0 10.0
103.0 80.0 20.0 10.0
100.0 50.0 20.0 10.0
29.0 105.0 20.0 10.0
133.0 118.0 20.0 10.0
49.0 122.0 20.0 10.0
73.0 116.0 20.0 10.0
126.0 116.0 20.0 10.0
65.0 77.0 20.0 10.0
110.0 104.0 20.0 10.0
77.0 128.0 20.0 10.0
96.0 104.0 20.0 10.0
67.0 160.0 20.0 10.0
104.0 109.0 20.0 10.0
116.0 98.0 20.0 10.0
138.0 117.0 20.0 10.0
66.0 144.0 20.0 10.0
122.0 110.0 20.0 10.0
45.0 135.0 20.0 10.0
106.0 181.0 20.0 10.0
64.0 150.0 20.0 10.0
83.0 99.0 20.0 10.0
176.0 114.0 20.0 10.0
59.0 88.0 20.0 10.0
103.0 111.0 20.0 10.0
82.0 111.0 20.0 10.0
128.0 120.0 20.0 10.0
106.0 129.0 20.0 10.0
98.0 86.0 20.0 10.0
87.0 90.0 20.0 10.0
102.0 118.0 20.0 10.0
110.0 154.0 20.0 10.0
128.0 73.0 20.0 10.0
100.0 168.0 20.0 10.0
119.0 130.0 20.0 10.0
102.0 94.0 20.0 10.0
100.0 156.0 20.0 10.0
95.0 122.0 20.0 10.0
131.0 45.0 20.0 10.0
85.0 114.0 20.0 10.0
125.0 81.0 20.0 10.0
64.0 48.0 20.0 10.0
72.0 109.0 20.0 10.0
98.0 130.0 20.0 10.0
128.0 114.0 20.0 10.0
114.0 140.0 20.0 10.0
98.0 97.0 20.0 10.0
99.0 145.0 20.0 10.0
125.0 137.0 20.0 10.0
56.0 181.0 20.0 10.0
132.0 140.0 20.0 10.0
161.0 117.0 20.0 10.0
164.0 145.0 20.0 10.0
164.0 133.0 20.0 10.0
75.0 146.0 20.0 10.0
141.0 115.0 20.0 10.0
120.0 84.0 20.0 10.0
71.0 146.0 20.0 10.0
78.0 115.0 20.0 10.0
60.0 124.0 20.0 10.0
72.0 167.0 20.0 10.0
127.0 97.0 20.0 10.0
83.0 102.0 20.0 10.0
63.0 137.0 20.0 10.0
112.0 108.0 20.0 10.0
67.0 71.0 20.0 10.0
67.0 93.0 20.0 10.0
65.0 131.0 20.0 10.0
42.0 114.0 20.0 10.0
37.0 99.0 20.0 10.0
108.0 133.0 20.0 10.0
145.0 143.0 20.0 10.0
95.0 125.0 20.0 10.0
96.0 158.0 20.0 10.0
76.0 151.0 20.0 10.0
153.0 116.0 20.0 10.0
84.0 142.0 20.0 10.0
113.0 150.0 20.0 10.0
97.0 33.0 20.0 10.0
68.0 78.0 20.0 10.0
120.0 128.0 20.0 10.0
86.0 25.0 20.0 10.0
76.0 93.0 20.0 10.0
31.0 190.0 20.0 10.0
100.0 121.0 20.0 10.0
76.0 140.0 20.0 10.0
37.0 118.0 20.0 10.0
61.0 129.0 20.0 10.0
100.0 147.0 20.0 10.0
62.0 117.0 20.0 10.0
46.0 118.0 20.0 10.0
69.0 99.0 20.0 10.0
80.0 142.0 20.0 10.0
51.0 139.0 20.0 10.0
51.0 119.0 20.0 10.0
164.0 152.0 20.0 10.0
