500
78.0 123.0 20.0 10.0
134.0 96.0 20.0 10.0
132.0 136.0 20.0 10.0
153.0 80.0 20.0 10.0
149.0 112.0 20.0 10.0
46.0 76.0 20.0 10.0
130.0 123.0 20.0 10.0
108.0 71.0 20.0 10.0
72.0 133.0 20.0 10.0
78.0 155.0 20.0 10.0
101.0 77.0 20.0 10.0
133.0 117.0 20.0 10.0
66.0 112.0 20.0 10.0
112.0 86.0 20.0 10.0
107.0 68.0 20.0 10.0
121.0 95.0 20.0 10.0
101.0 100.0 20.0 10.0
112.0 106.0 20.0 10.0
55.0 99.0 20.0 10.0
80.0 141.0 20.0 10.0
142.0 114.0 20.0 10.0
131.0 58.0 20.0 10.0
100.0 147.0 20.0 10.0
100.0 103.0 20.0 10.0
80.0 103.0 20.0 10.0
57.0 100.0 20.0 10.0
38.0 134.0 20.0 10.0
65.0 119.0 20.0 10.0
138.0 51.0 20.0 10.0
70.0 85.0 20.0 10.0
87.0 124.0 20.0 10.0
107.0 110.0 20.0 10.0
114.0 124.0 20.0 10.0
121.0 123.0 20.0 10.0
69.0 51.0 20.0 10.0
119.0 48.0 20.0 10.0
104.0 62.0 20.0 10.0
82.0 100.0 20.0 10.0
113.0 110.0 20.0 10.0
79.0 77.0 20.0 10.0
103.0 39.0 20.0 10.0
53.0 82.0 20.0 10.0
78.0 99.0 20.0 10.0
145.0 77.0 20.0 10.0
87.0 111.0 20.0 10.0
130.0 90.0 20.0 10.0
73.0 66.0 20.0 10.0
89.0 35.0 20.0 10.0
126.0 92.0 20.0 10.0
82.0 128.0 20.0 10.0
100.0 109.0 20.0 10.0
163.0 80.0 20.0 10.0
125.0 57.0 20.0 10.0
76.0 105.0 20.0 10.0
138.0 97.0 20.0 10.0
117.0 117.0 20.0 10.0
99.0 73.0 20.0 10.0
150.0 62.0 20.0 10.0
108.0 129.0 20.0 10.0
111.0 79.0 20.0 10.0
99.0 50.0 20.0 10.0
94.0 101.0 20.0 10.0
70.0 112.0 20.0 10.0
106.0 132.0 20.0 10.0
104.0 72.0 20.0 10.0
48.0 112.0 20.0 10.0
119.0 129.0 20.0 10.0
144.0 72.0 20.0 10.0
83.0 85.0 20.0 10.0
52.0 106.0 20.0 10.0
78.0 62.0 20.0 10.0
81.0 46.0 20.0 10.0
91.0 99.0 20.0 10.0
150.0 89.0 20.0 10.0
89.0 127.0 20.0 10.0
46.0 145.0 20.0 10.0
84.0 104.0 20.0 10.0
102.0 116.0 20.0 10.0
64.0 103.0 20.0 10.0
75.0 125.0 20.0 10.0
100.0 120.0 20.0 10.0
76.0 71.0 20.0 10.0
116.0 69.0 20.0 10.0
135.0 45.0 20.0 10.0
88.0 145.0 20.0 10.0
105.0 137.0 20.0 10.0
61.0 126.0 20.0 10.0
69.0 120.0 20.0 10.0
98.0 122.0 20.0 10.0
58.0 75.0 20.0 10.0
127.0 105.0 20.0 10.0
134.0 102.0 20.0 10.0
100.0 132.0 20.0 10.0
153.0 96.0 20.0 10.0
94.0 139.0 20.0 10.0
108.0 59.0 20.0 10.0
131.0 120.0 20.0 10.0
113.0 73.0 20.0 10.0
110.0 55.0 20.0 10.0
56.0 114.0 20.0 10.0
71.0 170.0 20.0 10.0
93.0 96.0 20.0 10.0
31.0 114.0 20.0 10.0
52.0 128.0 20.0 10.0
100.0 115.0 20.0 10.0
89.0 90.0 20.0 10.0
92.0 114.0 20.0 10.0
90.0 117.0 20.0 10.0
111.0 107.0 20.0 10.0
55.0 89.0 20.0 10.0
122.0 78.0 20.0 10.0
67.0 104.0 20.0 10.0
161.0 91.0 20.0 10.0
146.0 60.0 20.0 10.0
32.0 64.0 20.0 10.0
97.0 82.0 20.0 10.0
151.0 92.0 20.0 10.0
139.0 106.0 20.0 10.0
112.0 120.0 20.0 10.0
84.0 83.0 20.0 10.0
116.0 98.0 20.0 10.0
65.0 150.0 20.0 10.0
54.0 73.0 20.0 10.0
91.0 67.0 20.0 10.0
148.0 101.0 20.0 10.0
122.0 90.0 20.0 10.0
69.0 133.0 20.0 10.0
109.0 93.0 20.0 10.0
107.0 121.0 20.0 10.0
77.0 129.0 20.0 10.0
120.0 30.0 20.0 10.0
60.0 112.0 20.0 10.0
141.0 57.0 20.0 10.0
73.0 62.0 20.0 10.0
93.0 92.0 20.0 10.0
142.0 160.0 20.0 10.0
72.0 122.0 20.0 10.0
90.0 119.0 20.0 10.0
52.0 25.0 20.0 10.0
105.0 158.0 20.0 10.0
150.0 137.0 20.0 10.0
141.0 79.0 20.0 10.0
88.0 129.0 20.0 10.0
79.0 146.0 20.0 10.0
73.0 55.0 20.0 10.0
137.0 125.0 20.0 10.0
79.0 70.0 20.0 10.0
94.0 132.0 20.0 10.0
112.0 84.0 20.0 10.0
99.0 126.0 20.0 10.0
135.0 130.0 20.0 10.0
126.0 48.0 20.0 10.0
68.0 168.0 20.0 10.0
139.0 86.0 20.0 10.0
113.0 91.0 20.0 10.0
105.0 126.0 20.0 10.0
160.0 142.0 20.0 10.0
104.0 140.0 20.0 10.0
123.0 145.0 20.0 10.0
123.0 134.0 20.0 10.0
126.0 97.0 20.0 10.0
104.0 81.0 20.0 10.0
81.0 112.0 20.0 10.0
81.0 80.0 20.0 10.0
60.0 91.0 20.0 10.0
146.0 93.0 20.0 10.0
135.0 105.0 20.0 10.0
125.0 110.0 20.0 10.0
78.0 53.0 20.0 10.0
83.0 58.0 20.0 10.0
108.0 105.0 20.0 10.0
116.0 131.0 20.0 10.0
71.0 146.0 20.0 10.0
59.0 119.0 20.0 10.0
88.0 73.0 20.0 10.0
97.0 108.0 20.0 10.0
147.0 128.0 20.0 10.0
83.0 140.0 20.0 10.0
79.0 109.0 20.0 10.0
111.0 82.0 20.0 10.0
47.0 81.0 20.0 10.0
93.0 117.0 20.0 10.0
163.0 98.0 20.0 10.0
99.0 139.0 20.0 10.0
89.0 114.0 20.0 10.0
62.0 121.0 20.0 10.0
145.0 109.0 20.0 10.0
83.0 88.0 20.0 10.0
38.0 101.0 20.0 10.0
100.0 69.0 20.0 10.0
118.0 109.0 20.0 10.0
111.0 51.0 20.0 10.0
99.0 99.0 20.0 10.0
144.0 103.0 20.0 10.0
121.0 75.0 20.0 10.0
138.0 73.0 20.0 10.0
163.0 87.0 20.0 10.0
73.0 109.0 20.0 10.0
43.0 112.0 20.0 10.0
48.0 88.0 20.0 10.0
65.0 75.0 20.0 10.0
152.0 123.0 20.0 10.0
130.0 103.0 20.0 10.0
98.0 26.0 20.0 10.0
107.0 99.0 20.0 10.0
85.0 96.0 20.0 10.0
63.0 56.0 20.0 10.0
69.0 93.0 20.0 10.0
94.0 104.0 20.0 10.0
84.0 65.0 20.0 10.0
134.0 80.0 20.0 10.0
127.0 112.0 20.0 10.0
68.0 100.0 20.0 10.0
91.0 123.0 20.0 10.0
118.0 89.0 20.0 10.0
142.0 98.0 20.0 10.0
95.0 60.0 20.0 10.0
123.0 41.0 20.0 10.0
78.0 136.0 20.0 10.0
51.0 92.0 20.0 10.0
64.0 140.0 20.0 10.0
155.0 62.0 20.0 10.0
114.0 61.0 20.0 10.0
111.0 69.0 20.0 10.0
111.0 113.0 20.0 10.0
86.0 107.0 20.0 10.0
103.0 75.0 20.0 10.0
85.0 155.0 20.0 10.0
47.0 34.0 20.0 10.0
57.0 81.0 20.0 10.0
154.0 66.0 20.0 10.0
111.0 149.0 20.0 10.0
64.0 49.0 20.0 10.0
128.0 138.0 20.0 10.0
148.0 79.0 20.0 10.0
91.0 102.0 20.0 10.0
103.0 67.0 20.0 10.0
94.0 116.0 20.0 10.0
57.0 104.0 20.0 10.0
100.0 61.0 20.0 10.0
106.0 113.0 20.0 10.0
141.0 76.0 20.0 10.0
60.0 93.0 20.0 10.0
92.0 76.0 20.0 10.0
69.0 107.0 20.0 10.0
85.0 110.0 20.0 10.0
126.0 151.0 20.0 10.0
145.0 115.0 20.0 10.0
98.0 96.0 20.0 10.0
111.0 64.0 20.0 10.0
157.0 94.0 20.0 10.0
145.0 133.0 20.0 10.0
94.0 68.0 20.0 10.0
90.0 93.0 20.0 10.0
124.0 73.0 20.0 10.0
107.0 123.0 20.0 10.0
106.0 52.0 20.0 10.0
135.0 94.0 20.0 10.0
131.0 132.0 20.0 10.0
108.0 83.0 20.0 10.0
74.0 113.0 20.0 10.0
123.0 67.0 20.0 10.0
163.0 128.0 20.0 10.0
151.0 119.0 20.0 10.0
122.0 87.0 20.0 10.0
87.0 97.0 20.0 10.0
97.0 65.0 20.0 10.0
109.0 91.0 20.0 10.0
82.0 67.0 20.0 10.0
70.0 76.0 20.0 10.0
73.0 47.0 20.0 10.0
101.0 163.0 20.0 10.0
137.0 131.0 20.0 10.0
57.0 92.0 20.0 10.0
91.0 140.0 20.0 10.0
152.0 40.0 20.0 10.0
99.0 134.0 20.0 10.0
107.0 118.0 20.0 10.0
132.0 127.0 20.0 10.0
92.0 144.0 20.0 10.0
47.0 61.0 20.0 10.0
103.0 90.0 20.0 10.0
103.0 122.0 20.0 10.0
136.0 122.0 20.0 10.0
78.0 168.0 20.0 10.0
164.0 112.0 20.0 10.0
49.0 66.0 20.0 10.0
131.0 146.0 20.0 10.0
62.0 85.0 20.0 10.0
112.0 89.0 20.0 10.0
111.0 77.0 20.0 10.0
111.0 111.0 20.0 10.0
72.0 161.0 20.0 10.0
84.0 120.0 20.0 10.0
137.0 66.0 20.0 10.0
49.0 96.0 20.0 10.0
71.0 136.0 20.0 10.0
81.0 106.0 20.0 10.0
75.0 121.0 20.0 10.0
113.0 107.0 20.0 10.0
42.0 73.0 20.0 10.0
60.0 96.0 20.0 10.0
95.0 135.0 20.0 10.0
93.0 106.0 20.0 10.0
105.0 94.0 20.0 10.0
132.0 115.0 20.0 10.0
50.0 78.0 20.0 10.0
116.0 82.0 20.0 10.0
95.0 78.0 20.0 10.0
85.0 102.0 20.0 10.0
118.0 123.0 20.0 10.0
85.0 93.0 20.0 10.0
126.0 162.0 20.0 10.0
76.0 132.0 20.0 10.0
127.0 136.0 20.0 10.0
96.0 120.0 20.0 10.0
69.0 65.0 20.0 10.0
47.0 91.0 20.0 10.0
74.0 61.0 20.0 10.0
79.0 116.0 20.0 10.0
107.0 64.0 20.0 10.0
95.0 85.0 20.0 10.0
66.0 144.0 20.0 10.0
130.0 55.0 20.0 10.0
104.0 84.0 20.0 10.0
125.0 129.0 20.0 10.0
115.0 93.0 20.0 10.0
95.0 87.0 20.0 10.0
57.0 68.0 20.0 10.0
65.0 107.0 20.0 10.0
94.0 125.0 20.0 10.0
74.0 86.0 20.0 10.0
141.0 126.0 20.0 10.0
30.0 67.0 20.0 10.0
158.0 109.0 20.0 10.0
93.0 156.0 20.0 10.0
94.0 109.0 20.0 10.0
114.0 138.0 20.0 10.0
74.0 102.0 20.0 10.0
116.0 146.0 20.0 10.0
104.0 79.0 20.0 10.0
97.0 162.0 20.0 10.0
87.0 79.0 20.0 10.0
121.0 85.0 20.0 10.0
99.0 88.0 20.0 10.0
133.0 95.0 20.0 10.0
83.0 153.0 20.0 10.0
75.0 90.0 20.0 10.0
79.0 130.0 20.0 10.0
123.0 90.0 20.0 10.0
76.0 74.0 20.0 10.0
95.0 79.0 20.0 10.0
136.0 34.0 20.0 10.0
77.0 81.0 20.0 10.0
136.0 74.0 20.0 10.0
117.0 163.0 20.0 10.0
110.0 143.0 20.0 10.0
62.0 99.0 20.0 10.0
65.0 89.0 20.0 10.0
78.0 140.0 20.0 10.0
118.0 120.0 20.0 10.0
134.0 70.0 20.0 10.0
115.0 114.0 20.0 10.0
104.0 106.0 20.0 10.0
99.0 92.0 20.0 10.0
125.0 70.0 20.0 10.0
73.0 117.0 20.0 10.0
118.0 102.0 20.0 10.0
132.0 110.0 20.0 10.0
34.0 59.0 20.0 10.0
121.0 147.0 20.0 10.0
121.0 99.0 20.0 10.0
84.0 90.0 20.0 10.0
71.0 125.0 20.0 10.0
101.0 136.0 20.0 10.0
124.0 100.0 20.0 10.0
136.0 111.0 20.0 10.0
127.0 85.0 20.0 10.0
125.0 117.0 20.0 10.0
89.0 74.0 20.0 10.0
75.0 74.0 20.0 10.0
127.0 75.0 20.0 10.0
126.0 122.0 20.0 10.0
124.0 80.0 20.0 10.0
120.0 128.0 20.0 10.0
113.0 59.0 20.0 10.0
87.0 103.0 20.0 10.0
106.0 95.0 20.0 10.0
97.0 149.0 20.0 10.0
119.0 153.0 20.0 10.0
81.0 135.0 20.0 10.0
120.0 139.0 20.0 10.0
102.0 108.0 20.0 10.0
55.0 76.0 20.0 10.0
129.0 79.0 20.0 10.0
109.0 117.0 20.0 10.0
153.0 106.0 20.0 10.0
116.0 76.0 20.0 10.0
142.0 147.0 20.0 10.0
156.0 77.0 20.0 10.0
114.0 119.0 20.0 10.0
86.0 46.0 20.0 10.0
108.0 133.0 20.0 10.0
179.0 113.0 20.0 10.0
108.0 77.0 20.0 10.0
139.0 151.0 20.0 10.0
72.0 83.0 20.0 10.0
64.0 119.0 20.0 10.0
93.0 93.0 20.0 10.0
125.0 104.0 20.0 10.0
85.0 149.0 20.0 10.0
86.0 99.0 20.0 10.0
72.0 97.0 20.0 10.0
73.0 78.0 20.0 10.0
107.0 149.0 20.0 10.0
103.0 155.0 20.0 10.0
97.0 145.0 20.0 10.0
83.0 113.0 20.0 10.0
67.0 71.0 20.0 10.0
52.0 123.0 20.0 10.0
71.0 70.0 20.0 10.0
83.0 75.0 20.0 10.0
86.0 116.0 20.0 10.0
90.0 109.0 20.0 10.0
90.0 105.0 20.0 10.0
129.0 46.0 20.0 10.0
121.0 131.0 20.0 10.0
138.0 92.0 20.0 10.0
122.0 102.0 20.0 10.0
66.0 129.0 20.0 10.0
58.0 109.0 20.0 10.0
120.0 112.0 20.0 10.0
164.0 117.0 20.0 10.0
107.0 160.0 20.0 10.0
90.0 159.0 20.0 10.0
105.0 101.0 20.0 10.0
78.0 94.0 20.0 10.0
87.0 57.0 20.0 10.0
129.0 126.0 20.0 10.0
119.0 93.0 20.0 10.0
160.0 105.0 20.0 10.0
25.0 96.0 20.0 10.0
153.0 130.0 20.0 10.0
148.0 126.0 20.0 10.0
120.0 43.0 20.0 10.0
115.0 150.0 20.0 10.0
156.0 100.0 20.0 10.0
117.0 86.0 20.0 10.0
134.0 91.0 20.0 10.0
122.0 109.0 20.0 10.0
99.0 84.0 20.0 10.0
90.0 134.0 20.0 10.0
48.0 176.0 20.0 10.0
117.0 73.0 20.0 10.0
100.0 94.0 20.0 10.0
85.0 131.0 20.0 10.0
132.0 89.0 20.0 10.0
115.0 127.0 20.0 10.0
97.0 92.0 20.0 10.0
61.0 105.0 20.0 10.0
109.0 102.0 20.0 10.0
86.0 71.0 20.0 10.0
63.0 61.0 20.0 10.0
48.0 94.0 20.0 10.0
91.0 58.0 20.0 10.0
64.0 85.0 20.0 10.0
55.0 135.0 20.0 10.0
142.0 85.0 20.0 10.0
122.0 57.0 20.0 10.0
106.0 42.0 20.0 10.0
104.0 60.0 20.0 10.0
90.0 46.0 20.0 10.0
105.0 115.0 20.0 10.0
90.0 84.0 20.0 10.0
96.0 73.0 20.0 10.0
143.0 106.0 20.0 10.0
115.0 106.0 20.0 10.0
139.0 129.0 20.0 10.0
144.0 123.0 20.0 10.0
111.0 140.0 20.0 10.0
104.0 174.0 20.0 10.0
108.0 106.0 20.0 10.0
145.0 120.0 20.0 10.0
156.0 146.0 20.0 10.0
29.0 119.0 20.0 10.0
42.0 137.0 20.0 10.0
73.0 93.0 20.0 10.0
137.0 108.0 20.0 10.0
123.0 154.0 20.0 10.0
118.0 79.0 20.0 10.0
90.0 87.0 20.0 10.0
135.0 134.0 20.0 10.0
132.0 66.0 20.0 10.0
106.0 85.0 20.0 10.0
72.0 88.0 20.0 10.0
79.0 30.0 20.0 10.0
96.0 148.0 20.0 10.0
125.0 115.0 20.0 10.0
173.0 63.0 20.0 10.0
87.0 119.0 20.0 10.0
