500
124.0 66.0 20.0 10.0
114.0 71.0 20.0 10.0
130.0 84.0 20.0 10.0
117.0 88.0 20.0 10.0
113.0 142.0 20.0 10.0
109.0 59.0 20.0 10.0
136.0 143.0 20.0 10.0
105.0 80.0 20.0 10.0
119.0 42.0 20.0 10.0
127.0 146.0 20.0 10.0
110.0 107.0 20.0 10.0
91.0 67.0 20.0 10.0
114.0 132.0 20.0 10.0
144.0 92.0 20.0 10.0
118.0 121.0 20.0 10.0
122.0 89.0 20.0 10.0
76.0 88.0 20.0 10.0
151.0 135.0 20.0 10.0
108.0 53.0 20.0 10.0
97.0 104.0 20.0 10.0
75.0 70.0 20.0 10.0
107.0 139.0 20.0 10.0
130.0 77.0 20.0 10.0
147.0 111.0 20.0 10.0
133.0 150.0 20.0 10.0
129.0 130.0 20.0 10.0
98.0 161.0 20.0 10.0
74.0 145.0 20.0 10.0
120.0 104.0 20.0 10.0
80.0 144.0 20.0 10.0
99.0 134.0 20.0 10.0
79.0 129.0 20.0 10.0
54.0 98.0 20.0 10.0
133.0 88.0 20.0 10.0
79.0 83.0 20.0 10.0
66.0 77.0 20.0 10.0
107.0 75.0 20.0 10.0
63.0 88.0 20.0 10.0
88.0 79.0 20.0 10.0
96.0 65.0 20.0 10.0
92.0 118.0 20.0 10.0
90.0 141.0 20.0 10.0
140.0 78.0 20.0 10.0
95.0 151.0 20.0 10.0
107.0 116.0 20.0 10.0
81.0 111.0 20.0 10.0
80.0 72.0 20.0 10.0
115.0 179.0 20.0 10.0
134.0 94.0 20.0 10.0
142.0 143.0 20.0 10.0
85.0 130.0 20.0 10.0
59.0 58.0 20.0 10.0
64.0 128.0 20.0 10.0
87.0 98.0 20.0 10.0
126.0 156.0 20.0 10.0
77.0 56.0 20.0 10.0
113.0 119.0 20.0 10.0
94.0 108.0 20.0 10.0
170.0 143.0 20.0 10.0
131.0 133.0 20.0 10.0
66.0 81.0 20.0 10.0
107.0 66.0 20.0 10.0
25.0 84.0 20.0 10.0
88.0 58.0 20.0 10.0
130.0 85.0 20.0 10.0
33.0 129.0 20.0 10.0
120.0 111.0 20.0 10.0
93.0 44.0 20.0 10.0
100.0 54.0 20.0 10.0
107.0 97.0 20.0 10.0
68.0 142.0 20.0 10.0
134.0 109.0 20.0 10.0
142.0 67.0 20.0 10.0
89.0 72.0 20.0 10.0
90.0 93.0 20.0 10.0
110.0 88.0 20.0 10.0
138.0 99.0 20.0 10.0
124.0 87.0 20.0 10.0
70.0 142.0 20.0 10.0
86.0 141.0 20.0 10.0
107.0 56.0 20.0 10.0
134.0 105.0 20.0 10.0
121.0 68.0 20.0 10.0
108.0 140.0 20.0 10.0
86.0 81.0 20.0 10.0
103.0 134.0 20.0 10.0
85.0 113.0 20.0 10.0
136.0 79.0 20.0 10.0
172.0 85.0 20.0 10.0
81.0 137.0 20.0 10.0
86.0 61.0 20.0 10.0
111.0 147.0 20.0 10.0
72.0 132.0 20.0 10.0
130.0 146.0 20.0 10.0
61.0 96.0 20.0 10.0
158.0 72.0 20.0 10.0
120.0 147.0 20.0 10.0
99.0 66.0 20.0 10.0
105.0 78.0 20.0 10.0
97.0 89.0 20.0 10.0
78.0 132.0 20.0 10.0
77.0 141.0 20.0 10.0
163.0 109.0 20.0 10.0
138.0 136.0 20.0 10.0
67.0 122.0 20.0 10.0
104.0 103.0 20.0 10.0
120.0 81.0 20.0 10.0
68.0 100.0 20.0 10.0
150.0 105.0 20.0 10.0
103.0 143.0 20.0 10.0
135.0 84.0 20.0 10.0
97.0 58.0 20.0 10.0
58.0 87.0 20.0 10.0
124.0 60.0 20.0 10.0
79.0 89.0 20.0 10.0
112.0 118.0 20.0 10.0
127.0 75.0 20.0 10.0
127.0 62.0 20.0 10.0
134.0 70.0 20.0 10.0
122.0 139.0 20.0 10.0
115.0 68.0 20.0 10.0
105.0 92.0 20.0 10.0
94.0 64.0 20.0 10.0
108.0 108.0 20.0 10.0
103.0 121.0 20.0 10.0
81.0 81.0 20.0 10.0
101.0 126.0 20.0 10.0
111.0 78.0 20.0 10.0
51.0 108.0 20.0 10.0
86.0 120.0 20.0 10.0
93.0 89.0 20.0 10.0
113.0 112.0 20.0 10.0
153.0 65.0 20.0 10.0
131.0 73.0 20.0 10.0
94.0 67.0 20.0 10.0
60.0 74.0 20.0 10.0
62.0 114.0 20.0 10.0
99.0 176.0 20.0 10.0
107.0 92.0 20.0 10.0
142.0 114.0 20.0 10.0
120.0 77.0 20.0 10.0
93.0 76.0 20.0 10.0
157.0 80.0 20.0 10.0
91.0 103.0 20.0 10.0
156.0 88.0 20.0 10.0
63.0 118.0 20.0 10.0
131.0 123.0 20.0 10.0
80.0 105.0 20.0 10.0
100.0 139.0 20.0 10.0
146.0 103.0 20.0 10.0
63.0 145.0 20.0 10.0
72.0 91.0 20.0 10.0
120.0 119.0 20.0 10.0
151.0 77.0 20.0 10.0
110.0 135.0 20.0 10.0
127.0 52.0 20.0 10.0
112.0 113.0 20.0 10.0
89.0 145.0 20.0 10.0
148.0 110.0 20.0 10.0
52.0 93.0 20.0 10.0
105.0 46.0 20.0 10.0
93.0 81.0 20.0 10.0
94.0 60.0 20.0 10.0
133.0 97.0 20.0 10.0
131.0 94.0 20.0 10.0
104.0 56.0 20.0 10.0
94.0 111.0 20.0 10.0
147.0 145.0 20.0 10.0
87.0 94.0 20.0 10.0
96.0 125.0 20.0 10.0
81.0 98.0 20.0 10.0
128.0 122.0 20.0 10.0
116.0 123.0 20.0 10.0
84.0 99.0 20.0 10.0
124.0 113.0 20.0 10.0
101.0 151.0 20.0 10.0
98.0 90.0 20.0 10.0
148.0 126.0 20.0 10.0
132.0 121.0 20.0 10.0
151.0 59.0 20.0 10.0
77.0 72.0 20.0 10.0
142.0 85.0 20.0 10.0
100.0 110.0 20.0 10.0
86.0 175.0 20.0 10.0
148.0 75.0 20.0 10.0
91.0 132.0 20.0 10.0
102.0 84.0 20.0 10.0
97.0 108.0 20.0 10.0
151.0 123.0 20.0 10.0
158.0 124.0 20.0 10.0
172.0 77.0 20.0 10.0
76.0 84.0 20.0 10.0
70.0 124.0 20.0 10.0
122.0 132.0 20.0 10.0
156.0 140.0 20.0 10.0
136.0 61.0 20.0 10.0
99.0 170.0 20.0 10.0
87.0 83.0 20.0 10.0
130.0 112.0 20.0 10.0
130.0 99.0 20.0 10.0
109.0 91.0 20.0 10.0
117.0 79.0 20.0 10.0
143.0 131.0 20.0 10.0
167.0 74.0 20.0 10.0
97.0 73.0 20.0 10.0
175.0 43.0 20.0 10.0
140.0 108.0 20.0 10.0
109.0 113.0 20.0 10.0
128.0 92.0 20.0 10.0
147.0 62.0 20.0 10.0
114.0 58.0 20.0 10.0
87.0 66.0 20.0 10.0
73.0 158.0 20.0 10.0
65.0 148.0 20.0 10.0
86.0 108.0 20.0 10.0
91.0 138.0 20.0 10.0
101.0 102.0 20.0 10.0
114.0 105.0 20.0 10.0
98.0 123.0 20.0 10.0
99.0 113.0 20.0 10.0
50.0 73.0 20.0 10.0
165.0 83.0 20.0 10.0
99.0 149.0 20.0 10.0
60.0 152.0 20.0 10.0
150.0 86.0 20.0 10.0
116.0 101.0 20.0 10.0
136.0 126.0 20.0 10.0
168.0 127.0 20.0 10.0
109.0 104.0 20.0 10.0
72.0 120.0 20.0 10.0
104.0 113.0 20.0 10.0
147.0 90.0 20.0 10.0
135.0 117.0 20.0 10.0
105.0 153.0 20.0 10.0
80.0 47.0 20.0 10.0
156.0 105.0 20.0 10.0
89.0 51.0 20.0 10.0
168.0 120.0 20.0 10.0
61.0 133.0 20.0 10.0
117.0 97.0 20.0 10.0
117.0 160.0 20.0 10.0
102.0 98.0 20.0 10.0
119.0 64.0 20.0 10.0
126.0 58.0 20.0 10.0
134.0 130.0 20.0 10.0
187.0 123.0 20.0 10.0
114.0 115.0 20.0 10.0
84.0 68.0 20.0 10.0
135.0 124.0 20.0 10.0
134.0 121.0 20.0 10.0
94.0 129.0 20.0 10.0
93.0 171.0 20.0 10.0
84.0 123.0 20.0 10.0
149.0 131.0 20.0 10.0
116.0 137.0 20.0 10.0
121.0 55.0 20.0 10.0
64.0 167.0 20.0 10.0
89.0 111.0 20.0 10.0
46.0 133.0 20.0 10.0
102.0 80.0 20.0 10.0
127.0 135.0 20.0 10.0
113.0 73.0 20.0 10.0
113.0 108.0 20.0 10.0
82.0 99.0 20.0 10.0
70.0 108.0 20.0 10.0
107.0 118.0 20.0 10.0
113.0 85.0 20.0 10.0
87.0 87.0 20.0 10.0
143.0 82.0 20.0 10.0
85.0 126.0 20.0 10.0
25.0 24.0 20.0 10.0
101.0 107.0 20.0 10.0
101.0 93.0 20.0 10.0
64.0 136.0 20.0 10.0
131.0 116.0 20.0 10.0
93.0 96.0 20.0 10.0
104.0 138.0 20.0 10.0
83.0 155.0 20.0 10.0
93.0 121.0 20.0 10.0
151.0 94.0 20.0 10.0
140.0 116.0 20.0 10.0
128.0 102.0 20.0 10.0
44.0 101.0 20.0 10.0
115.0 54.0 20.0 10.0
110.0 127.0 20.0 10.0
165.0 120.0 20.0 10.0
27.0 102.0 20.0 10.0
112.0 99.0 20.0 10.0
121.0 97.0 20.0 10.0
140.0 137.0 20.0 10.0
54.0 77.0 20.0 10.0
129.0 56.0 20.0 10.0
162.0 97.0 20.0 10.0
98.0 93.0 20.0 10.0
173.0 71.0 20.0 10.0
67.0 70.0 20.0 10.0
92.0 73.0 20.0 10.0
106.0 136.0 20.0 10.0
122.0 109.0 20.0 10.0
110.0 143.0 20.0 10.0
116.0 111.0 20.0 10.0
41.0 117.0 20.0 10.0
126.0 120.0 20.0 10.0
122.0 116.0 20.0 10.0
56.0 105.0 20.0 10.0
97.0 95.0 20.0 10.0
119.0 126.0 20.0 10.0
116.0 169.0 20.0 10.0
84.0 89.0 20.0 10.0
130.0 59.0 20.0 10.0
62.0 107.0 20.0 10.0
43.0 112.0 20.0 10.0
89.0 115.0 20.0 10.0
143.0 136.0 20.0 10.0
146.0 95.0 20.0 10.0
115.0 114.0 20.0 10.0
136.0 120.0 20.0 10.0
140.0 90.0 20.0 10.0
120.0 90.0 20.0 10.0
97.0 99.0 20.0 10.0
102.0 144.0 20.0 10.0
126.0 68.0 20.0 10.0
102.0 132.0 20.0 10.0
65.0 91.0 20.0 10.0
118.0 131.0 20.0 10.0
153.0 104.0 20.0 10.0
97.0 97.0 20.0 10.0
113.0 80.0 20.0 10.0
103.0 126.0 20.0 10.0
112.0 83.0 20.0 10.0
97.0 82.0 20.0 10.0
104.0 100.0 20.0 10.0
109.0 159.0 20.0 10.0
92.0 105.0 20.0 10.0
175.0 130.0 20.0 10.0
118.0 117.0 20.0 10.0
107.0 123.0 20.0 10.0
156.0 162.0 20.0 10.0
133.0 81.0 20.0 10.0
62.0 163.0 20.0 10.0
136.0 87.0 20.0 10.0
124.0 95.0 20.0 10.0
65.0 83.0 20.0 10.0
152.0 115.0 20.0 10.0
84.0 150.0 20.0 10.0
104.0 88.0 20.0 10.0
120.0 93.0 20.0 10.0
84.0 129.0 20.0 10.0
169.0 98.0 20.0 10.0
138.0 62.0 20.0 10.0
139.0 140.0 20.0 10.0
78.0 101.0 20.0 10.0
164.0 103.0 20.0 10.0
84.0 71.0 20.0 10.0
145.0 143.0 20.0 10.0
134.0 152.0 20.0 10.0
97.0 106.0 20.0 10.0
133.0 136.0 20.0 10.0
88.0 108.0 20.0 10.0
132.0 103.0 20.0 10.0
96.0 136.0 20.0 10.0
147.0 97.0 20.0 10.0
89.0 118.0 20.0 10.0
69.0 75.0 20.0 10.0
142.0 55.0 20.0 10.0
141.0 150.0 20.0 10.0
90.0 87.0 20.0 10.0
138.0 103.0 20.0 10.0
118.0 111.0 20.0 10.0
104.0 135.0 20.0 10.0
110.0 30.0 20.0 10.0
79.0 60.0 20.0 10.0
84.0 107.0 20.0 10.0
93.0 99.0 20.0 10.0
127.0 79.0 20.0 10.0
75.0 123.0 20.0 10.0
138.0 52.0 20.0 10.0
83.0 87.0 20.0 10.0
88.0 135.0 20.0 10.0
101.0 63.0 20.0 10.0
75.0 130.0 20.0 10.0
118.0 100.0 20.0 10.0
49.0 102.0 20.0 10.0
146.0 139.0 20.0 10.0
125.0 85.0 20.0 10.0
66.0 117.0 20.0 10.0
137.0 131.0 20.0 10.0
111.0 131.0 20.0 10.0
96.0 45.0 20.0 10.0
86.0 102.0 20.0 10.0
116.0 154.0 20.0 10.0
72.0 105.0 20.0 10.0
126.0 72.0 20.0 10.0
89.0 76.0 20.0 10.0
151.0 117.0 20.0 10.0
83.0 74.0 20.0 10.0
53.0 68.0 20.0 10.0
67.0 85.0 20.0 10.0
111.0 94.0 20.0 10.0
71.0 115.0 20.0 10.0
133.0 65.0 20.0 10.0
79.0 112.0 20.0 10.0
118.0 136.0 20.0 10.0
154.0 101.0 20.0 10.0
106.0 61.0 20.0 10.0
129.0 126.0 20.0 10.0
51.0 100.0 20.0 10.0
97.0 129.0 20.0 10.0
97.0 145.0 20.0 10.0
79.0 107.0 20.0 10.0
134.0 101.0 20.0 10.0
66.0 102.0 20.0 10.0
143.0 102.0 20.0 10.0
78.0 116.0 20.0 10.0
122.0 65.0 20.0 10.0
101.0 117.0 20.0 10.0
56.0 72.0 20.0 10.0
123.0 120.0 20.0 10.0
85.0 48.0 20.0 10.0
124.0 96.0 20.0 10.0
121.0 106.0 20.0 10.0
161.0 111.0 20.0 10.0
121.0 128.0 20.0 10.0
82.0 117.0 20.0 10.0
54.0 125.0 20.0 10.0
71.0 111.0 20.0 10.0
139.0 71.0 20.0 10.0
107.0 148.0 20.0 10.0
75.0 66.0 20.0 10.0
133.0 142.0 20.0 10.0
99.0 122.0 20.0 10.0
91.0 111.0 20.0 10.0
101.0 44.0 20.0 10.0
56.0 112.0 20.0 10.0
52.0 40.0 20.0 10.0
72.0 97.0 20.0 10.0
105.0 129.0 20.0 10.0
96.0 115.0 20.0 10.0
109.0 62.0 20.0 10.0
88.0 104.0 20.0 10.0
123.0 159.0 20.0 10.0
90.0 126.0 20.0 10.0
78.0 76.0 20.0 10.0
111.0 102.0 20.0 10.0
67.0 129.0 20.0 10.0
43.0 121.0 20.0 10.0
111.0 138.0 20.0 10.0
76.0 115.0 20.0 10.0
114.0 65.0 20.0 10.0
109.0 81.0 20.0 10.0
69.0 128.0 20.0 10.0
72.0 78.0 20.0 10.0
114.0 150.0 20.0 10.0
135.0 76.0 20.0 10.0
116.0 91.0 20.0 10.0
156.0 109.0 20.0 10.0
68.0 160.0 20.0 10.0
53.0 121.0 20.0 10.0
107.0 85.0 20.0 10.0
156.0 131.0 20.0 10.0
141.0 100.0 20.0 10.0
140.0 129.0 20.0 10.0
100.0 79.0 20.0 10.0
81.0 124.0 20.0 10.0
83.0 59.0 20.0 10.0
63.0 114.0 20.0 10.0
78.0 139.0 20.0 10.0
71.0 183.0 20.0 10.0
163.0 130.0 20.0 10.0
84.0 39.0 20.0 10.0
104.0 109.0 20.0 10.0
131.0 109.0 20.0 10.0
68.0 108.0 20.0 10.0
95.0 113.0 20.0 10.0
124.0 143.0 20.0 10.0
127.0 112.0 20.0 10.0
123.0 134.0 20.0 10.0
134.0 112.0 20.0 10.0
60.0 99.0 20.0 10.0
87.0 69.0 20.0 10.0
73.0 138.0 20.0 10.0
118.0 143.0 20.0 10.0
93.0 142.0 20.0 10.0
147.0 88.0 20.0 10.0
138.0 146.0 20.0 10.0
67.0 126.0 20.0 10.0
96.0 166.0 20.0 10.0
69.0 94.0 20.0 10.0
103.0 116.0 20.0 10.0
112.0 90.0 20.0 10.0
137.0 69.0 20.0 10.0
144.0 74.0 20.0 10.0
109.0 85.0 20.0 10.0
123.0 104.0 20.0 10.0
139.0 122.0 20.0 10.0
110.0 124.0 20.0 10.0
99.0 160.0 20.0 10.0
85.0 96.0 20.0 10.0
135.0 165.0 20.0 10.0
99.0 76.0 20.0 10.0
