500
113.0 75.0 20.0 10.0
106.0 60.0 20.0 10.0
114.0 132.0 20.0 10.0
95.0 161.0 20.0 10.0
150.0 87.0 20.0 10.0
147.0 110.0 20.0 10.0
121.0 110.0 20.0 10.0
141.0 56.0 20.0 10.0
141.0 62.0 20.0 10.0
64.0 96.0 20.0 10.0
175.0 33.0 20.0 10.0
105.0 43.0 20.0 10.0
127.0 129.0 20.0 10.0
149.0 116.0 20.0 10.0
127.0 65.0 20.0 10.0
166.0 90.0 20.0 10.0
126.0 108.0 20.0 10.0
133.0 70.0 20.0 10.0
98.0 91.0 20.0 10.0
140.0 165.0 20.0 10.0
40.0 85.0 20.0 10.0
85.0 66.0 20.0 10.0
132.0 85.0 20.0 10.0
67.0 161.0 20.0 10.0
118.0 82.0 20.0 10.0
102.0 64.0 20.0 10.0
110.0 79.0 20.0 10.0
133.0 140.0 20.0 10.0
135.0 132.0 20.0 10.0
117.0 127.0 20.0 10.0
128.0 120.0 20.0 10.0
103.0 115.0 20.0 10.0
96.0 31.0 20.0 10.0
90.0 138.0 20.0 10.0
129.0 101.0 20.0 10.0
126.0 71.0 20.0 10.0
79.0 115.0 20.0 10.0
71.0 93.0 20.0 10.0
125.0 104.0 20.0 10.0
100.0 134.0 20.0 10.0
153.0 115.0 20.0 10.0
124.0 75.0 20.0 10.0
107.0 133.0 20.0 10.0
110.0 45.0 20.0 10.0
119.0 93.0 20.0 10.0
117.0 51.0 20.0 10.0
98.0 50.0 20.0 10.0
157.0 93.0 20.0 10.0
93.0 93.0 20.0 10.0
96.0 134.0 20.0 10.0
148.0 62.0 20.0 10.0
84.0 82.0 20.0 10.0
77.0 97.0 20.0 10.0
154.0 49.0 20.0 10.0
140.0 84.0 20.0 10.0
104.0 102.0 20.0 10.0
79.0 93.0 20.0 10.0
111.0 173.0 20.0 10.0
81.0 122.0 20.0 10.0
86.0 122.0 20.0 10.0
123.0 137.0 20.0 10.0
82.0 67.0 20.0 10.0
99.0 89.0 20.0 10.0
102.0 78.0 20.0 10.0
125.0 91.0 20.0 10.0
123.0 63.0 20.0 10.0
82.0 85.0 20.0 10.0
73.0 97.0 20.0 10.0
171.0 149.0 20.0 10.0
121.0 78.0 20.0 10.0
176.0 94.0 20.0 10.0
136.0 115.0 20.0 10.0
136.0 112.0 20.0 10.0
77.0 50.0 20.0 10.0
96.0 84.0 20.0 10.0
184.0 94.0 20.0 10.0
112.0 136.0 20.0 10.0
147.0 93.0 20.0 10.0
107.0 130.0 20.0 10.0
96.0 118.0 20.0 10.0
153.0 106.0 20.0 10.0
101.0 162.0 20.0 10.0
97.0 140.0 20.0 10.0
128.0 78.0 20.0 10.0
58.0 87.0 20.0 10.0
100.0 70.0 20.0 10.0
106.0 82.0 20.0 10.0
110.0 85.0 20.0 10.0
111.0 105.0 20.0 10.0
81.0 81.0 20.0 10.0
127.0 55.0 20.0 10.0
96.0 66.0 20.0 10.0
117.0 112.0 20.0 10.0
123.0 108.0 20.0 10.0
94.0 99.0 20.0 10.0
138.0 76.0 20.0 10.0
70.0 61.0 20.0 10.0
150.0 102.0 20.0 10.0
52.0 117.0 20.0 10.0
94.0 104.0 20.0 10.0
120.0 120.0 20.0 10.0
84.0 59.0 20.0 10.0
58.0 108.0 20.0 10.0
149.0 90.0 20.0 10.0
143.0 69.0 20.0 10.0
127.0 87.0 20.0 10.0
135.0 89.0 20.0 10.0
88.0 100.0 20.0 10.0
80.0 39.0 20.0 10.0
130.0 54.0 20.0 10.0
115.0 74.0 20.0 10.0
114.0 97.0 20.0 10.0
148.0 132.0 20.0 10.0
76.0 173.0 20.0 10.0
138.0 142.0 20.0 10.0
66.0 118.0 20.0 10.0
97.0 174.0 20.0 10.0
168.0 80.0 20.0 10.0
77.0 96.0 20.0 10.0
97.0 107.0 20.0 10.0
131.0 79.0 20.0 10.0
154.0 62.0 20.0 10.0
111.0 153.0 20.0 10.0
75.0 104.0 20.0 10.0
109.0 91.0 20.0 10.0
129.0 85.0 20.0 10.0
119.0 165.0 20.0 10.0
119.0 157.0 20.0 10.0
100.0 54.0 20.0 10.0
87.0 93.0 20.0 10.0
128.0 91.0 20.0 10.0
110.0 75.0 20.0 10.0
112.0 123.0 20.0 10.0
91.0 96.0 20.0 10.0
78.0 86.0 20.0 10.0
107.0 45.0 20.0 10.0
113.0 93.0 20.0 10.0
108.0 118.0 20.0 10.0
89.0 70.0 20.0 10.0
100.0 128.0 20.0 10.0
148.0 68.0 20.0 10.0
111.0 58.0 20.0 10.0
25.0 118.0 20.0 10.0
114.0 111.0 20.0 10.0
143.0 123.0 20.0 10.0
150.0 117.0 20.0 10.0
84.0 154.0 20.0 10.0
54.0 99.0 20.0 10.0
66.0 125.0 20.0 10.0
85.0 107.0 20.0 10.0
113.0 83.0 20.0 10.0
75.0 68.0 20.0 10.0
169.0 109.0 20.0 10.0
130.0 88.0 20.0 10.0
89.0 113.0 20.0 10.0
190.0 85.0 20.0 10.0
116.0 175.0 20.0 10.0
94.0 48.0 20.0 10.0
101.0 104.0 20.0 10.0
94.0 58.0 20.0 10.0
97.0 96.0 20.0 10.0
125.0 25.0 20.0 10.0
165.0 129.0 20.0 10.0
120.0 96.0 20.0 10.0
74.0 125.0 20.0 10.0
194.0 63.0 20.0 10.0
118.0 133.0 20.0 10.0
133.0 56.0 20.0 10.0
128.0 58.0 20.0 10.0
129.0 68.0 20.0 10.0
141.0 151.0 20.0 10.0
107.0 125.0 20.0 10.0
29.0 40.0 20.0 10.0
117.0 90.0 20.0 10.0
116.0 95.0 20.0 10.0
114.0 154.0 20.0 10.0
89.0 76.0 20.0 10.0
164.0 107.0 20.0 10.0
126.0 151.0 20.0 10.0
74.0 135.0 20.0 10.0
36.0 118.0 20.0 10.0
84.0 141.0 20.0 10.0
123.0 139.0 20.0 10.0
136.0 136.0 20.0 10.0
125.0 128.0 20.0 10.0
111.0 82.0 20.0 10.0
83.0 129.0 20.0 10.0
140.0 97.0 20.0 10.0
126.0 98.0 20.0 10.0
160.0 103.0 20.0 10.0
159.0 98.0 20.0 10.0
100.0 119.0 20.0 10.0
141.0 109.0 20.0 10.0
151.0 92.0 20.0 10.0
72.0 140.0 20.0 10.0
121.0 82.0 20.0 10.0
96.0 80.0 20.0 10.0
181.0 46.0 20.0 10.0
98.0 63.0 20.0 10.0
135.0 99.0 20.0 10.0
100.0 73.0 20.0 10.0
104.0 131.0 20.0 10.0
117.0 109.0 20.0 10.0
96.0 110.0 20.0 10.0
97.0 130.0 20.0 10.0
112.0 128.0 20.0 10.0
129.0 75.0 20.0 10.0
115.0 118.0 20.0 10.0
129.0 106.0 20.0 10.0
168.0 85.0 20.0 10.0
115.0 86.0 20.0 10.0
117.0 138.0 20.0 10.0
132.0 95.0 20.0 10.0
70.0 129.0 20.0 10.0
95.0 93.0 20.0 10.0
161.0 73.0 20.0 10.0
70.0 109.0 20.0 10.0
183.0 135.0 20.0 10.0
135.0 114.0 20.0 10.0
98.0 151.0 20.0 10.0
114.0 106.0 20.0 10.0
63.0 100.0 20.0 10.0
86.0 53.0 20.0 10.0
102.0 101.0 20.0 10.0
79.0 108.0 20.0 10.0
121.0 90.0 20.0 10.0
101.0 124.0 20.0 10.0
68.0 93.0 20.0 10.0
93.0 89.0 20.0 10.0
118.0 117.0 20.0 10.0
123.0 177.0 20.0 10.0
176.0 90.0 20.0 10.0
124.0 116.0 20.0 10.0
103.0 56.0 20.0 10.0
74.0 119.0 20.0 10.0
110.0 101.0 20.0 10.0
109.0 68.0 20.0 10.0
133.0 134.0 20.0 10.0
123.0 96.0 20.0 10.0
100.0 111.0 20.0 10.0
148.0 106.0 20.0 10.0
136.0 108.0 20.0 10.0
120.0 86.0 20.0 10.0
142.0 89.0 20.0 10.0
91.0 84.0 20.0 10.0
111.0 132.0 20.0 10.0
120.0 73.0 20.0 10.0
160.0 119.0 20.0 10.0
111.0 140.0 20.0 10.0
142.0 31.0 20.0 10.0
178.0 140.0 20.0 10.0
72.0 121.0 20.0 10.0
153.0 137.0 20.0 10.0
110.0 120.0 20.0 10.0
90.0 107.0 20.0 10.0
147.0 83.0 20.0 10.0
85.0 101.0 20.0 10.0
161.0 122.0 20.0 10.0
76.0 84.0 20.0 10.0
60.0 117.0 20.0 10.0
143.0 86.0 20.0 10.0
135.0 41.0 20.0 10.0
123.0 92.0 20.0 10.0
117.0 61.0 20.0 10.0
89.0 115.0 20.0 10.0
154.0 125.0 20.0 10.0
185.0 106.0 20.0 10.0
63.0 68.0 20.0 10.0
138.0 104.0 20.0 10.0
111.0 34.0 20.0 10.0
171.0 128.0 20.0 10.0
127.0 96.0 20.0 10.0
70.0 67.0 20.0 10.0
97.0 114.0 20.0 10.0
156.0 79.0 20.0 10.0
59.0 104.0 20.0 10.0
105.0 135.0 20.0 10.0
106.0 70.0 20.0 10.0
83.0 137.0 20.0 10.0
143.0 150.0 20.0 10.0
93.0 121.0 20.0 10.0
142.0 116.0 20.0 10.0
103.0 108.0 20.0 10.0
71.0 146.0 20.0 10.0
91.0 122.0 20.0 10.0
72.0 87.0 20.0 10.0
111.0 67.0 20.0 10.0
111.0 149.0 20.0 10.0
71.0 81.0 20.0 10.0
142.0 129.0 20.0 10.0
78.0 89.0 20.0 10.0
130.0 129.0 20.0 10.0
88.0 65.0 20.0 10.0
89.0 146.0 20.0 10.0
146.0 79.0 20.0 10.0
49.0 98.0 20.0 10.0
87.0 84.0 20.0 10.0
154.0 45.0 20.0 10.0
93.0 113.0 20.0 10.0
88.0 121.0 20.0 10.0
70.0 76.0 20.0 10.0
151.0 136.0 20.0 10.0
86.0 112.0 20.0 10.0
86.0 133.0 20.0 10.0
70.0 117.0 20.0 10.0
90.0 82.0 20.0 10.0
129.0 143.0 20.0 10.0
60.0 100.0 20.0 10.0
98.0 86.0 20.0 10.0
105.0 112.0 20.0 10.0
159.0 133.0 20.0 10.0
113.0 108.0 20.0 10.0
173.0 70.0 20.0 10.0
129.0 149.0 20.0 10.0
80.0 162.0 20.0 10.0
96.0 78.0 20.0 10.0
169.0 121.0 20.0 10.0
150.0 120.0 20.0 10.0
96.0 148.0 20.0 10.0
140.0 112.0 20.0 10.0
51.0 78.0 20.0 10.0
127.0 101.0 20.0 10.0
111.0 88.0 20.0 10.0
83.0 119.0 20.0 10.0
96.0 58.0 20.0 10.0
153.0 97.0 20.0 10.0
105.0 119.0 20.0 10.0
156.0 132.0 20.0 10.0
146.0 100.0 20.0 10.0
77.0 107.0 20.0 10.0
112.0 118.0 20.0 10.0
109.0 97.0 20.0 10.0
117.0 115.0 20.0 10.0
126.0 138.0 20.0 10.0
144.0 73.0 20.0 10.0
101.0 144.0 20.0 10.0
37.0 182.0 20.0 10.0
172.0 119.0 20.0 10.0
143.0 91.0 20.0 10.0
105.0 54.0 20.0 10.0
68.0 72.0 20.0 10.0
189.0 66.0 20.0 10.0
108.0 104.0 20.0 10.0
100.0 102.0 20.0 10.0
147.0 111.0 20.0 10.0
99.0 107.0 20.0 10.0
90.0 88.0 20.0 10.0
88.0 80.0 20.0 10.0
58.0 65.0 20.0 10.0
61.0 65.0 20.0 10.0
143.0 138.0 20.0 10.0
126.0 77.0 20.0 10.0
96.0 87.0 20.0 10.0
106.0 128.0 20.0 10.0
138.0 124.0 20.0 10.0
102.0 73.0 20.0 10.0
124.0 67.0 20.0 10.0
139.0 86.0 20.0 10.0
142.0 43.0 20.0 10.0
74.0 112.0 20.0 10.0
153.0 81.0 20.0 10.0
80.0 79.0 20.0 10.0
119.0 106.0 20.0 10.0
109.0 93.0 20.0 10.0
120.0 104.0 20.0 10.0
53.0 135.0 20.0 10.0
133.0 62.0 20.0 10.0
103.0 155.0 20.0 10.0
80.0 94.0 20.0 10.0
118.0 77.0 20.0 10.0
140.0 135.0 20.0 10.0
139.0 121.0 20.0 10.0
109.0 163.0 20.0 10.0
105.0 96.0 20.0 10.0
153.0 66.0 20.0 10.0
122.0 61.0 20.0 10.0
116.0 45.0 20.0 10.0
100.0 83.0 20.0 10.0
170.0 49.0 20.0 10.0
151.0 71.0 20.0 10.0
159.0 108.0 20.0 10.0
96.0 35.0 20.0 10.0
133.0 149.0 20.0 10.0
128.0 126.0 20.0 10.0
158.0 83.0 20.0 10.0
132.0 117.0 20.0 10.0
127.0 133.0 20.0 10.0
171.0 94.0 20.0 10.0
150.0 111.0 20.0 10.0
81.0 134.0 20.0 10.0
92.0 64.0 20.0 10.0
109.0 114.0 20.0 10.0
121.0 58.0 20.0 10.0
194.0 85.0 20.0 10.0
102.0 83.0 20.0 10.0
136.0 91.0 20.0 10.0
107.0 115.0 20.0 10.0
70.0 134.0 20.0 10.0
141.0 78.0 20.0 10.0
121.0 125.0 20.0 10.0
92.0 116.0 20.0 10.0
107.0 95.0 20.0 10.0
125.0 140.0 20.0 10.0
163.0 96.0 20.0 10.0
58.0 122.0 20.0 10.0
60.0 112.0 20.0 10.0
103.0 148.0 20.0 10.0
107.0 85.0 20.0 10.0
144.0 113.0 20.0 10.0
114.0 79.0 20.0 10.0
131.0 112.0 20.0 10.0
92.0 77.0 20.0 10.0
150.0 127.0 20.0 10.0
87.0 141.0 20.0 10.0
102.0 97.0 20.0 10.0
107.0 148.0 20.0 10.0
134.0 122.0 20.0 10.0
63.0 131.0 20.0 10.0
114.0 100.0 20.0 10.0
94.0 127.0 20.0 10.0
122.0 112.0 20.0 10.0
82.0 100.0 20.0 10.0
133.0 110.0 20.0 10.0
119.0 99.0 20.0 10.0
110.0 108.0 20.0 10.0
115.0 103.0 20.0 10.0
112.0 112.0 20.0 10.0
83.0 48.0 20.0 10.0
122.0 151.0 20.0 10.0
121.0 70.0 20.0 10.0
166.0 114.0 20.0 10.0
76.0 102.0 20.0 10.0
100.0 137.0 20.0 10.0
132.0 105.0 20.0 10.0
138.0 93.0 20.0 10.0
94.0 71.0 20.0 10.0
132.0 127.0 20.0 10.0
96.0 123.0 20.0 10.0
155.0 103.0 20.0 10.0
84.0 110.0 20.0 10.0
122.0 144.0 20.0 10.0
88.0 103.0 20.0 10.0
136.0 73.0 20.0 10.0
177.0 105.0 20.0 10.0
153.0 74.0 20.0 10.0
114.0 61.0 20.0 10.0
192.0 131.0 20.0 10.0
129.0 115.0 20.0 10.0
126.0 81.0 20.0 10.0
138.0 96.0 20.0 10.0
149.0 83.0 20.0 10.0
169.0 74.0 20.0 10.0
61.0 85.0 20.0 10.0
80.0 54.0 20.0 10.0
127.0 94.0 20.0 10.0
145.0 88.0 20.0 10.0
145.0 77.0 20.0 10.0
43.0 76.0 20.0 10.0
135.0 129.0 20.0 10.0
142.0 103.0 20.0 10.0
128.0 116.0 20.0 10.0
147.0 130.0 20.0 10.0
117.0 78.0 20.0 10.0
51.0 105.0 20.0 10.0
91.0 102.0 20.0 10.0
145.0 96.0 20.0 10.0
114.0 145.0 20.0 10.0
84.0 89.0 20.0 10.0
99.0 125.0 20.0 10.0
138.0 117.0 20.0 10.0
159.0 147.0 20.0 10.0
75.0 75.0 20.0 10.0
143.0 83.0 20.0 10.0
114.0 88.0 20.0 10.0
149.0 76.0 20.0 10.0
88.0 145.0 20.0 10.0
161.0 86.0 20.0 10.0
105.0 106.0 20.0 10.0
120.0 116.0 20.0 10.0
115.0 70.0 20.0 10.0
117.0 144.0 20.0 10.0
66.0 89.0 20.0 10.0
46.0 81.0 20.0 10.0
155.0 111.0 20.0 10.0
130.0 110.0 20.0 10.0
105.0 74.0 20.0 10.0
90.0 59.0 20.0 10.0
82.0 74.0 20.0 10.0
140.0 100.0 20.0 10.0
85.0 97.0 20.0 10.0
132.0 98.0 20.0 10.0
134.0 103.0 20.0 10.0
65.0 68.0 20.0 10.0
97.0 99.0 20.0 10.0
71.0 115.0 20.0 10.0
112.0 72.0 20.0 10.0
121.0 155.0 20.0 10.0
110.0 61.0 20.0 10.0
87.0 129.0 20.0 10.0
117.0 59.0 20.0 10.0
