500
128.0 97.0 20.0 10.0
108.0 116.0 20.0 10.0
153.0 25.0 20.0 10.0
103.0 97.0 20.0 10.0
75.0 72.0 20.0 10.0
140.0 111.0 20.0 10.0
80.0 94.0 20.0 10.0
53.0 87.0 20.0 10.0
105.0 42.0 20.0 10.0
145.0 56.0 20.0 10.0
142.0 55.0 20.0 10.0
130.0 107.0 20.0 10.0
119.0 85.0 20.0 10.0
105.0 54.0 20.0 10.0
137.0 99.0 20.0 10.0
114.0 122.0 20.0 10.0
148.0 66.0 20.0 10.0
117.0 66.0 20.0 10.0
119.0 79.0 20.0 10.0
65.0 97.0 20.0 10.0
132.0 125.0 20.0 10.0
121.0 71.0 20.0 10.0
114.0 100.0 20.0 10.0
101.0 80.0 20.0 10.0
63.0 113.0 20.0 10.0
175.0 109.0 20.0 10.0
149.0 114.0 20.0 10.0
114.0 86.0 20.0 10.0
153.0 115.0 20.0 10.0
155.0 84.0 20.0 10.0
134.0 84.0 20.0 10.0
134.0 71.0 20.0 10.0
44.0 83.0 20.0 10.0
69.0 82.0 20.0 10.0
112.0 139.0 20.0 10.0
139.0 79.0 20.0 10.0
129.0 92.0 20.0 10.0
133.0 117.0 20.0 10.0
92.0 90.0 20.0 10.0
156.0 79.0 20.0 10.0
174.0 57.0 20.0 10.0
114.0 145.0 20.0 10.0
68.0 101.0 20.0 10.0
142.0 63.0 20.0 10.0
88.0 151.0 20.0 10.0
123.0 96.0 20.0 10.0
89.0 157.0 20.0 10.0
96.0 112.0 20.0 10.0
115.0 138.0 20.0 10.0
91.0 117.0 20.0 10.0
81.0 131.0 20.0 10.0
96.0 38.0 20.0 10.0
113.0 53.0 20.0 10.0
89.0 50.0 20.0 10.0
141.0 75.0 20.0 10.0
94.0 53.0 20.0 10.0
125.0 114.0 20.0 10.0
114.0 110.0 20.0 10.0
25.0 36.0 20.0 10.0
93.0 98.0 20.0 10.0
87.0 137.0 20.0 10.0
157.0 69.0 20.0 10.0
98.0 54.0 20.0 10.0
55.0 108.0 20.0 10.0
57.0 68.0 20.0 10.0
76.0 93.0 20.0 10.0
65.0 122.0 20.0 10.0
144.0 108.0 20.0 10.0
67.0 73.0 20.0 10.0
110.0 94.0 20.0 10.0
133.0 39.0 20.0 10.0
154.0 87.0 20.0 10.0
128.0 111.0 20.0 10.0
90.0 124.0 20.0 10.0
155.0 63.0 20.0 10.0
109.0 134.0 20.0 10.0
98.0 88.0 20.0 10.0
84.0 95.0 20.0 10.0
75.0 111.0 20.0 10.0
110.0 151.0 20.0 10.0
111.0 96.0 20.0 10.0
82.0 72.0 20.0 10.0
57.0 123.0 20.0 10.0
129.0 77.0 20.0 10.0
123.0 119.0 20.0 10.0
100.0 78.0 20.0 10.0
73.0 121.0 20.0 10.0
79.0 117.0 20.0 10.0
84.0 68.0 20.0 10.0
100.0 65.0 20.0 10.0
116.0 102.0 20.0 10.0
133.0 132.0 20.0 10.0
146.0 145.0 20.0 10.0
70.0 105.0 20.0 10.0
114.0 72.0 20.0 10.0
77.0 96.0 20.0 10.0
97.0 76.0 20.0 10.0
143.0 124.0 20.0 10.0
125.0 27.0 20.0 10.0
80.0 90.0 20.0 10.0
93.0 134.0 20.0 10.0
133.0 104.0 20.0 10.0
159.0 141.0 20.0 10.0
145.0 100.0 20.0 10.0
152.0 106.0 20.0 10.0
116.0 91.0 20.0 10.0
108.0 80.0 20.0 10.0
90.0 35.0 20.0 10.0
77.0 80.0 20.0 10.0
94.0 43.0 20.0 10.0
95.0 67.0 20.0 10.0
117.0 82.0 20.0 10.0
101.0 57.0 20.0 10.0
121.0 86.0 20.0 10.0
175.0 95.0 20.0 10.0
120.0 122.0 20.0 10.0
146.0 137.0 20.0 10.0
105.0 94.0 20.0 10.0
108.0 121.0 20.0 10.0
101.0 52.0 20.0 10.0
65.0 127.0 20.0 10.0
82.0 180.0 20.0 10.0
99.0 154.0 20.0 10.0
118.0 129.0 20.0 10.0
92.0 104.0 20.0 10.0
52.0 132.0 20.0 10.0
52.0 147.0 20.0 10.0
54.0 119.0 20.0 10.0
107.0 146.0 20.0 10.0
102.0 135.0 20.0 10.0
104.0 101.0 20.0 10.0
80.0 31.0 20.0 10.0
143.0 83.0 20.0 10.0
86.0 87.0 20.0 10.0
92.0 66.0 20.0 10.0
114.0 117.0 20.0 10.0
85.0 141.0 20.0 10.0
132.0 112.0 20.0 10.0
135.0 108.0 20.0 10.0
124.0 103.0 20.0 10.0
123.0 125.0 20.0 10.0
127.0 99.0 20.0 10.0
126.0 145.0 20.0 10.0
122.0 45.0 20.0 10.0
93.0 84.0 20.0 10.0
72.0 130.0 20.0 10.0
107.0 57.0 20.0 10.0
83.0 116.0 20.0 10.0
64.0 81.0 20.0 10.0
164.0 124.0 20.0 10.0
101.0 127.0 20.0 10.0
75.0 79.0 20.0 10.0
141.0 141.0 20.0 10.0
154.0 97.0 20.0 10.0
115.0 136.0 20.0 10.0
61.0 102.0 20.0 10.0
104.0 50.0 20.0 10.0
110.0 66.0 20.0 10.0
106.0 62.0 20.0 10.0
113.0 94.0 20.0 10.0
107.0 182.0 20.0 10.0
87.0 90.0 20.0 10.0
115.0 98.0 20.0 10.0
121.0 139.0 20.0 10.0
89.0 125.0 20.0 10.0
142.0 81.0 20.0 10.0
77.0 137.0 20.0 10.0
84.0 110.0 20.0 10.0
64.0 67.0 20.0 10.0
121.0 171.0 20.0 10.0
111.0 145.0 20.0 10.0
88.0 73.0 20.0 10.0
37.0 121.0 20.0 10.0
160.0 85.0 20.0 10.0
85.0 131.0 20.0 10.0
111.0 116.0 20.0 10.0
49.0 117.0 20.0 10.0
131.0 95.0 20.0 10.0
119.0 52.0 20.0 10.0
92.0 112.0 20.0 10.0
104.0 159.0 20.0 10.0
134.0 91.0 20.0 10.0
84.0 92.0 20.0 10.0
157.0 96.0 20.0 10.0
165.0 114.0 20.0 10.0
78.0 87.0 20.0 10.0
97.0 108.0 20.0 10.0
46.0 100.0 20.0 10.0
151.0 88.0 20.0 10.0
106.0 82.0 20.0 10.0
80.0 100.0 20.0 10.0
95.0 84.0 20.0 10.0
82.0 126.0 20.0 10.0
66.0 103.0 20.0 10.0
125.0 123.0 20.0 10.0
84.0 106.0 20.0 10.0
115.0 114.0 20.0 10.0
141.0 99.0 20.0 10.0
94.0 119.0 20.0 10.0
135.0 123.0 20.0 10.0
99.0 96.0 20.0 10.0
125.0 83.0 20.0 10.0
137.0 44.0 20.0 10.0
111.0 132.0 20.0 10.0
139.0 106.0 20.0 10.0
130.0 133.0 20.0 10.0
121.0 132.0 20.0 10.0
123.0 58.0 20.0 10.0
41.0 95.0 20.0 10.0
120.0 107.0 20.0 10.0
98.0 104.0 20.0 10.0
120.0 47.0 20.0 10.0
130.0 87.0 20.0 10.0
122.0 106.0 20.0 10.0
57.0 51.0 20.0 10.0
78.0 69.0 20.0 10.0
97.0 134.0 20.0 10.0
121.0 75.0 20.0 10.0
142.0 61.0 20.0 10.0
141.0 138.0 20.0 10.0
193.0 66.0 20.0 10.0
80.0 108.0 20.0 10.0
112.0 77.0 20.0 10.0
108.0 88.0 20.0 10.0
80.0 121.0 20.0 10.0
102.0 147.0 20.0 10.0
73.0 126.0 20.0 10.0
55.0 146.0 20.0 10.0
111.0 112.0 20.0 10.0
114.0 67.0 20.0 10.0
84.0 135.0 20.0 10.0
125.0 74.0 20.0 10.0
101.0 131.0 20.0 10.0
86.0 69.0 20.0 10.0
95.0 110.0 20.0 10.0
71.0 74.0 20.0 10.0
126.0 151.0 20.0 10.0
132.0 75.0 20.0 10.0
126.0 64.0 20.0 10.0
87.0 118.0 20.0 10.0
74.0 100.0 20.0 10.0
135.0 80.0 20.0 10.0
111.0 56.0 20.0 10.0
98.0 139.0 20.0 10.0
125.0 62.0 20.0 10.0
121.0 113.0 20.0 10.0
163.0 77.0 20.0 10.0
78.0 110.0 20.0 10.0
127.0 131.0 20.0 10.0
141.0 69.0 20.0 10.0
58.0 108.0 20.0 10.0
103.0 106.0 20.0 10.0
76.0 154.0 20.0 10.0
98.0 127.0 20.0 10.0
99.0 80.0 20.0 10.0
81.0 88.0 20.0 10.0
129.0 63.0 20.0 10.0
43.0 122.0 20.0 10.0
185.0 92.0 20.0 10.0
150.0 98.0 20.0 10.0
127.0 119.0 20.0 10.0
91.0 130.0 20.0 10.0
67.0 146.0 20.0 10.0
63.0 149.0 20.0 10.0
105.0 114.0 20.0 10.0
106.0 119.0 20.0 10.0
138.0 95.0 20.0 10.0
70.0 66.0 20.0 10.0
43.0 87.0 20.0 10.0
68.0 144.0 20.0 10.0
74.0 42.0 20.0 10.0
114.0 93.0 20.0 10.0
91.0 59.0 20.0 10.0
122.0 152.0 20.0 10.0
93.0 64.0 20.0 10.0
103.0 91.0 20.0 10.0
108.0 98.0 20.0 10.0
110.0 104.0 20.0 10.0
158.0 91.0 20.0 10.0
100.0 168.0 20.0 10.0
139.0 76.0 20.0 10.0
71.0 88.0 20.0 10.0
144.0 73.0 20.0 10.0
134.0 121.0 20.0 10.0
99.0 107.0 20.0 10.0
95.0 55.0 20.0 10.0
57.0 101.0 20.0 10.0
87.0 93.0 20.0 10.0
91.0 79.0 20.0 10.0
65.0 78.0 20.0 10.0
107.0 76.0 20.0 10.0
151.0 117.0 20.0 10.0
84.0 153.0 20.0 10.0
65.0 60.0 20.0 10.0
99.0 72.0 20.0 10.0
47.0 113.0 20.0 10.0
88.0 80.0 20.0 10.0
154.0 43.0 20.0 10.0
56.0 43.0 20.0 10.0
116.0 133.0 20.0 10.0
98.0 98.0 20.0 10.0
56.0 61.0 20.0 10.0
85.0 95.0 20.0 10.0
182.0 53.0 20.0 10.0
68.0 97.0 20.0 10.0
128.0 146.0 20.0 10.0
100.0 61.0 20.0 10.0
113.0 64.0 20.0 10.0
50.0 103.0 20.0 10.0
63.0 88.0 20.0 10.0
100.0 99.0 20.0 10.0
45.0 91.0 20.0 10.0
94.0 131.0 20.0 10.0
108.0 127.0 20.0 10.0
92.0 74.0 20.0 10.0
110.0 124.0 20.0 10.0
99.0 115.0 20.0 10.0
31.0 144.0 20.0 10.0
149.0 132.0 20.0 10.0
151.0 94.0 20.0 10.0
121.0 94.0 20.0 10.0
91.0 109.0 20.0 10.0
134.0 114.0 20.0 10.0
121.0 104.0 20.0 10.0
89.0 76.0 20.0 10.0
69.0 132.0 20.0 10.0
89.0 144.0 20.0 10.0
85.0 42.0 20.0 10.0
74.0 104.0 20.0 10.0
64.0 125.0 20.0 10.0
64.0 117.0 20.0 10.0
107.0 101.0 20.0 10.0
73.0 114.0 20.0 10.0
95.0 91.0 20.0 10.0
116.0 78.0 20.0 10.0
147.0 120.0 20.0 10.0
93.0 87.0 20.0 10.0
143.0 116.0 20.0 10.0
84.0 30.0 20.0 10.0
104.0 139.0 20.0 10.0
126.0 80.0 20.0 10.0
100.0 92.0 20.0 10.0
104.0 108.0 20.0 10.0
83.0 78.0 20.0 10.0
128.0 44.0 20.0 10.0
97.0 124.0 20.0 10.0
113.0 114.0 20.0 10.0
117.0 118.0 20.0 10.0
134.0 59.0 20.0 10.0
173.0 131.0 20.0 10.0
107.0 108.0 20.0 10.0
114.0 81.0 20.0 10.0
127.0 135.0 20.0 10.0
73.0 111.0 20.0 10.0
86.0 127.0 20.0 10.0
113.0 151.0 20.0 10.0
50.0 70.0 20.0 10.0
61.0 64.0 20.0 10.0
84.0 102.0 20.0 10.0
40.0 110.0 20.0 10.0
101.0 90.0 20.0 10.0
132.0 127.0 20.0 10.0
120.0 100.0 20.0 10.0
138.0 151.0 20.0 10.0
117.0 113.0 20.0 10.0
112.0 104.0 20.0 10.0
158.0 153.0 20.0 10.0
54.0 134.0 20.0 10.0
130.0 117.0 20.0 10.0
81.0 110.0 20.0 10.0
76.0 102.0 20.0 10.0
74.0 132.0 20.0 10.0
74.0 64.0 20.0 10.0
91.0 45.0 20.0 10.0
114.0 89.0 20.0 10.0
115.0 47.0 20.0 10.0
73.0 106.0 20.0 10.0
86.0 110.0 20.0 10.0
112.0 107.0 20.0 10.0
175.0 116.0 20.0 10.0
67.0 113.0 20.0 10.0
121.0 79.0 20.0 10.0
104.0 131.0 20.0 10.0
133.0 77.0 20.0 10.0
87.0 135.0 20.0 10.0
64.0 137.0 20.0 10.0
133.0 99.0 20.0 10.0
77.0 126.0 20.0 10.0
124.0 108.0 20.0 10.0
82.0 66.0 20.0 10.0
71.0 86.0 20.0 10.0
89.0 68.0 20.0 10.0
128.0 105.0 20.0 10.0
42.0 77.0 20.0 10.0
132.0 100.0 20.0 10.0
104.0 128.0 20.0 10.0
118.0 123.0 20.0 10.0
126.0 56.0 20.0 10.0
90.0 93.0 20.0 10.0
147.0 143.0 20.0 10.0
70.0 56.0 20.0 10.0
95.0 79.0 20.0 10.0
84.0 63.0 20.0 10.0
123.0 129.0 20.0 10.0
123.0 146.0 20.0 10.0
131.0 58.0 20.0 10.0
37.0 61.0 20.0 10.0
93.0 163.0 20.0 10.0
136.0 87.0 20.0 10.0
142.0 128.0 20.0 10.0
136.0 101.0 20.0 10.0
115.0 40.0 20.0 10.0
112.0 75.0 20.0 10.0
120.0 90.0 20.0 10.0
109.0 73.0 20.0 10.0
61.0 73.0 20.0 10.0
102.0 75.0 20.0 10.0
97.0 143.0 20.0 10.0
81.0 106.0 20.0 10.0
129.0 69.0 20.0 10.0
109.0 91.0 20.0 10.0
82.0 54.0 20.0 10.0
57.0 75.0 20.0 10.0
62.0 97.0 20.0 10.0
157.0 73.0 20.0 10.0
99.0 134.0 20.0 10.0
162.0 104.0 20.0 10.0
107.0 39.0 20.0 10.0
67.0 93.0 20.0 10.0
96.0 116.0 20.0 10.0
82.0 113.0 20.0 10.0
93.0 76.0 20.0 10.0
110.0 54.0 20.0 10.0
59.0 120.0 20.0 10.0
137.0 60.0 20.0 10.0
87.0 107.0 20.0 10.0
114.0 124.0 20.0 10.0
142.0 97.0 20.0 10.0
52.0 97.0 20.0 10.0
126.0 141.0 20.0 10.0
83.0 59.0 20.0 10.0
76.0 83.0 20.0 10.0
64.0 87.0 20.0 10.0
61.0 143.0 20.0 10.0
76.0 115.0 20.0 10.0
57.0 49.0 20.0 10.0
134.0 144.0 20.0 10.0
105.0 100.0 20.0 10.0
126.0 88.0 20.0 10.0
141.0 101.0 20.0 10.0
92.0 126.0 20.0 10.0
70.0 161.0 20.0 10.0
126.0 93.0 20.0 10.0
77.0 106.0 20.0 10.0
117.0 96.0 20.0 10.0
153.0 138.0 20.0 10.0
106.0 89.0 20.0 10.0
143.0 134.0 20.0 10.0
103.0 110.0 20.0 10.0
87.0 139.0 20.0 10.0
100.0 144.0 20.0 10.0
94.0 122.0 20.0 10.0
101.0 146.0 20.0 10.0
77.0 67.0 20.0 10.0
104.0 79.0 20.0 10.0
88.0 114.0 20.0 10.0
60.0 168.0 20.0 10.0
136.0 65.0 20.0 10.0
95.0 141.0 20.0 10.0
64.0 94.0 20.0 10.0
86.0 83.0 20.0 10.0
139.0 116.0 20.0 10.0
155.0 104.0 20.0 10.0
120.0 109.0 20.0 10.0
128.0 78.0 20.0 10.0
139.0 119.0 20.0 10.0
160.0 96.0 20.0 10.0
96.0 86.0 20.0 10.0
126.0 71.0 20.0 10.0
77.0 77.0 20.0 10.0
142.0 89.0 20.0 10.0
142.0 119.0 20.0 10.0
88.0 101.0 20.0 10.0
89.0 98.0 20.0 10.0
92.0 107.0 20.0 10.0
123.0 115.0 20.0 10.0
110.0 77.0 20.0 10.0
178.0 126.0 20.0 10.0
121.0 97.0 20.0 10.0
77.0 121.0 20.0 10.0
51.0 122.0 20.0 10.0
106.0 105.0 20.0 10.0
102.0 117.0 20.0 10.0
100.0 122.0 20.0 10.0
149.0 48.0 20.0 10.0
128.0 74.0 20.0 10.0
109.0 111.0 20.0 10.0
146.0 113.0 20.0 10.0
134.0 56.0 20.0 10.0
115.0 128.0 20.0 10.0
