500
163.0 79.0 20.0 10.0
182.0 136.0 20.0 10.0
144.0 91.0 20.0 10.0
122.0 61.0 20.0 10.0
156.0 136.0 20.0 10.0
152.0 106.0 20.0 10.0
215.0 103.0 20.0 10.0
129.0 135.0 20.0 10.0
93.0 120.0 20.0 10.0
54.0 88.0 20.0 10.0
169.0 101.0 20.0 10.0
153.0 87.0 20.0 10.0
105.0 122.0 20.0 10.0
122.0 72.0 20.0 10.0
163.0 131.0 20.0 10.0
170.0 69.0 20.0 10.0
111.0 120.0 20.0 10.0
117.0 93.0 20.0 10.0
95.0 68.0 20.0 10.0
107.0 97.0 20.0 10.0
168.0 131.0 20.0 10.0
123.0 51.0 20.0 10.0
101.0 72.0 20.0 10.0
162.0 51.0 20.0 10.0
106.0 69.0 20.0 10.0
118.0 100.0 20.0 10.0
133.0 41.0 20.0 10.0
102.0 84.0 20.0 10.0
86.0 116.0 20.0 10.0
141.0 92.0 20.0 10.0
158.0 51.0 20.0 10.0
85.0 86.0 20.0 10.0
144.0 153.0 20.0 10.0
113.0 121.0 20.0 10.0
124.0 64.0 20.0 10.0
129.0 66.0 20.0 10.0
102.0 92.0 20.0 10.0
65.0 113.0 20.0 10.0
148.0 93.0 20.0 10.0
118.0 107.0 20.0 10.0
82.0 75.0 20.0 10.0
139.0 113.0 20.0 10.0
115.0 155.0 20.0 10.0
149.0 106.0 20.0 10.0
123.0 91.0 20.0 10.0
98.0 101.0 20.0 10.0
93.0 157.0 20.0 10.0
140.0 38.0 20.0 10.0
77.0 120.0 20.0 10.0
123.0 102.0 20.0 10.0
129.0 105.0 20.0 10.0
126.0 72.0 20.0 10.0
168.0 165.0 20.0 10.0
166.0 92.0 20.0 10.0
94.0 104.0 20.0 10.0
101.0 75.0 20.0 10.0
109.0 46.0 20.0 10.0
92.0 145.0 20.0 10.0
118.0 51.0 20.0 10.0
150.0 120.0 20.0 10.0
82.0 92.0 20.0 10.0
94.0 42.0 20.0 10.0
135.0 135.0 20.0 10.0
108.0 135.0 20.0 10.0
178.0 60.0 20.0 10.0
157.0 73.0 20.0 10.0
158.0 105.0 20.0 10.0
89.0 52.0 20.0 10.0
95.0 66.0 20.0 10.0
156.0 112.0 20.0 10.0
91.0 86.0 20.0 10.0
25.0 215.0 20.0 10.0
148.0 74.0 20.0 10.0
107.0 107.0 20.0 10.0
114.0 151.0 20.0 10.0
132.0 98.0 20.0 10.0
160.0 30.0 20.0 10.0
82.0 96.0 20.0 10.0
134.0 113.0 20.0 10.0
136.0 57.0 20.0 10.0
107.0 55.0 20.0 10.0
109.0 152.0 20.0 10.0
133.0 27.0 20.0 10.0
178.0 110.0 20.0 10.0
89.0 90.0 20.0 10.0
131.0 47.0 20.0 10.0
116.0 145.0 20.0 10.0
101.0 45.0 20.0 10.0
178.0 94.0 20.0 10.0
120.0 100.0 20.0 10.0
56.0 56.0 20.0 10.0
154.0 92.0 20.0 10.0
72.0 61.0 20.0 10.0
72.0 111.0 20.0 10.0
118.0 138.0 20.0 10.0
97.0 81.0 20.0 10.0
151.0 111.0 20.0 10.0
176.0 132.0 20.0 10.0
112.0 138.0 20.0 10.0
95.0 50.0 20.0 10.0
119.0 85.0 20.0 10.0
138.0 51.0 20.0 10.0
94.0 140.0 20.0 10.0
131.0 90.0 20.0 10.0
172.0 95.0 20.0 10.0
164.0 69.0 20.0 10.0
161.0 104.0 20.0 10.0
170.0 71.0 20.0 10.0
96.0 121.0 20.0 10.0
139.0 122.0 20.0 10.0
150.0 132.0 20.0 10.0
107.0 82.0 20.0 10.0
144.0 59.0 20.0 10.0
141.0 85.0 20.0 10.0
114.0 147.0 20.0 10.0
103.0 126.0 20.0 10.0
135.0 74.0 20.0 10.0
98.0 114.0 20.0 10.0
138.0 60.0 20.0 10.0
102.0 111.0 20.0 10.0
176.0 112.0 20.0 10.0
166.0 121.0 20.0 10.0
170.0 75.0 20.0 10.0
90.0 113.0 20.0 10.0
146.0 101.0 20.0 10.0
91.0 138.0 20.0 10.0
124.0 70.0 20.0 10.0
178.0 69.0 20.0 10.0
139.0 127.0 20.0 10.0
122.0 119.0 20.0 10.0
107.0 127.0 20.0 10.0
120.0 41.0 20.0 10.0
108.0 78.0 20.0 10.0
166.0 106.0 20.0 10.0
88.0 106.0 20.0 10.0
144.0 88.0 20.0 10.0
183.0 81.0 20.0 10.0
165.0 116.0 20.0 10.0
160.0 98.0 20.0 10.0
104.0 138.0 20.0 10.0
163.0 96.0 20.0 10.0
121.0 133.0 20.0 10.0
115.0 75.0 20.0 10.0
70.0 72.0 20.0 10.0
91.0 37.0 20.0 10.0
142.0 131.0 20.0 10.0
131.0 55.0 20.0 10.0
105.0 127.0 20.0 10.0
92.0 94.0 20.0 10.0
179.0 102.0 20.0 10.0
131.0 122.0 20.0 10.0
101.0 33.0 20.0 10.0
100.0 103.0 20.0 10.0
87.0 65.0 20.0 10.0
106.0 87.0 20.0 10.0
148.0 49.0 20.0 10.0
152.0 118.0 20.0 10.0
125.0 88.0 20.0 10.0
189.0 92.0 20.0 10.0
76.0 94.0 20.0 10.0
100.0 52.0 20.0 10.0
138.0 79.0 20.0 10.0
121.0 122.0 20.0 10.0
156.0 78.0 20.0 10.0
149.0 76.0 20.0 10.0
207.0 125.0 20.0 10.0
124.0 130.0 20.0 10.0
132.0 141.0 20.0 10.0
110.0 132.0 20.0 10.0
120.0 105.0 20.0 10.0
173.0 104.0 20.0 10.0
123.0 88.0 20.0 10.0
103.0 76.0 20.0 10.0
175.0 57.0 20.0 10.0
109.0 71.0 20.0 10.0
94.0 84.0 20.0 10.0
141.0 71.0 20.0 10.0
114.0 85.0 20.0 10.0
85.0 100.0 20.0 10.0
123.0 146.0 20.0 10.0
168.0 123.0 20.0 10.0
118.0 78.0 20.0 10.0
85.0 48.0 20.0 10.0
91.0 42.0 20.0 10.0
123.0 77.0 20.0 10.0
144.0 74.0 20.0 10.0
102.0 100.0 20.0 10.0
173.0 90.0 20.0 10.0
160.0 58.0 20.0 10.0
78.0 159.0 20.0 10.0
119.0 147.0 20.0 10.0
110.0 83.0 20.0 10.0
96.0 89.0 20.0 10.0
94.0 114.0 20.0 10.0
25.0 126.0 20.0 10.0
73.0 77.0 20.0 10.0
81.0 80.0 20.0 10.0
169.0 78.0 20.0 10.0
109.0 145.0 20.0 10.0
120.0 68.0 20.0 10.0
156.0 96.0 20.0 10.0
129.0 107.0 20.0 10.0
123.0 45.0 20.0 10.0
152.0 127.0 20.0 10.0
150.0 67.0 20.0 10.0
160.0 110.0 20.0 10.0
55.0 68.0 20.0 10.0
68.0 162.0 20.0 10.0
151.0 125.0 20.0 10.0
108.0 123.0 20.0 10.0
92.0 80.0 20.0 10.0
149.0 134.0 20.0 10.0
155.0 81.0 20.0 10.0
136.0 128.0 20.0 10.0
135.0 68.0 20.0 10.0
133.0 141.0 20.0 10.0
186.0 98.0 20.0 10.0
177.0 76.0 20.0 10.0
115.0 112.0 20.0 10.0
94.0 98.0 20.0 10.0
161.0 126.0 20.0 10.0
128.0 128.0 20.0 10.0
156.0 125.0 20.0 10.0
159.0 129.0 20.0 10.0
149.0 102.0 20.0 10.0
130.0 76.0 20.0 10.0
146.0 69.0 20.0 10.0
110.0 68.0 20.0 10.0
37.0 50.0 20.0 10.0
71.0 146.0 20.0 10.0
148.0 144.0 20.0 10.0
110.0 58.0 20.0 10.0
86.0 109.0 20.0 10.0
160.0 94.0 20.0 10.0
162.0 100.0 20.0 10.0
98.0 117.0 20.0 10.0
102.0 94.0 20.0 10.0
162.0 151.0 20.0 10.0
65.0 87.0 20.0 10.0
69.0 101.0 20.0 10.0
187.0 104.0 20.0 10.0
127.0 61.0 20.0 10.0
76.0 82.0 20.0 10.0
137.0 91.0 20.0 10.0
135.0 64.0 20.0 10.0
65.0 68.0 20.0 10.0
129.0 102.0 20.0 10.0
135.0 120.0 20.0 10.0
125.0 48.0 20.0 10.0
126.0 108.0 20.0 10.0
145.0 95.0 20.0 10.0
156.0 98.0 20.0 10.0
105.0 74.0 20.0 10.0
52.0 73.0 20.0 10.0
148.0 129.0 20.0 10.0
71.0 31.0 20.0 10.0
55.0 104.0 20.0 10.0
111.0 75.0 20.0 10.0
142.0 66.0 20.0 10.0
133.0 95.0 20.0 10.0
80.0 98.0 20.0 10.0
160.0 68.0 20.0 10.0
72.0 118.0 20.0 10.0
153.0 94.0 20.0 10.0
93.0 108.0 20.0 10.0
89.0 99.0 20.0 10.0
148.0 89.0 20.0 10.0
150.0 25.0 20.0 10.0
134.0 84.0 20.0 10.0
140.0 100.0 20.0 10.0
98.0 96.0 20.0 10.0
145.0 127.0 20.0 10.0
152.0 72.0 20.0 10.0
128.0 52.0 20.0 10.0
108.0 132.0 20.0 10.0
141.0 57.0 20.0 10.0
122.0 67.0 20.0 10.0
60.0 125.0 20.0 10.0
128.0 111.0 20.0 10.0
158.0 62.0 20.0 10.0
112.0 83.0 20.0 10.0
133.0 115.0 20.0 10.0
131.0 118.0 20.0 10.0
124.0 85.0 20.0 10.0
121.0 97.0 20.0 10.0
51.0 88.0 20.0 10.0
115.0 124.0 20.0 10.0
130.0 90.0 20.0 10.0
151.0 40.0 20.0 10.0
127.0 140.0 20.0 10.0
137.0 139.0 20.0 10.0
80.0 120.0 20.0 10.0
155.0 58.0 20.0 10.0
132.0 67.0 20.0 10.0
82.0 88.0 20.0 10.0
110.0 85.0 20.0 10.0
116.0 56.0 20.0 10.0
111.0 109.0 20.0 10.0
136.0 109.0 20.0 10.0
70.0 85.0 20.0 10.0
142.0 73.0 20.0 10.0
60.0 78.0 20.0 10.0
160.0 138.0 20.0 10.0
165.0 72.0 20.0 10.0
136.0 151.0 20.0 10.0
114.0 90.0 20.0 10.0
100.0 106.0 20.0 10.0
138.0 89.0 20.0 10.0
84.0 61.0 20.0 10.0
75.0 114.0 20.0 10.0
132.0 108.0 20.0 10.0
113.0 105.0 20.0 10.0
117.0 95.0 20.0 10.0
127.0 83.0 20.0 10.0
130.0 165.0 20.0 10.0
168.0 105.0 20.0 10.0
125.0 115.0 20.0 10.0
89.0 84.0 20.0 10.0
77.0 110.0 20.0 10.0
104.0 103.0 20.0 10.0
68.0 41.0 20.0 10.0
99.0 91.0 20.0 10.0
137.0 102.0 20.0 10.0
122.0 93.0 20.0 10.0
74.0 119.0 20.0 10.0
173.0 124.0 20.0 10.0
171.0 99.0 20.0 10.0
131.0 104.0 20.0 10.0
186.0 144.0 20.0 10.0
160.0 75.0 20.0 10.0
125.0 79.0 20.0 10.0
118.0 84.0 20.0 10.0
160.0 87.0 20.0 10.0
121.0 116.0 20.0 10.0
193.0 80.0 20.0 10.0
91.0 67.0 20.0 10.0
155.0 106.0 20.0 10.0
154.0 141.0 20.0 10.0
142.0 61.0 20.0 10.0
130.0 93.0 20.0 10.0
147.0 92.0 20.0 10.0
119.0 127.0 20.0 10.0
62.0 106.0 20.0 10.0
80.0 36.0 20.0 10.0
74.0 101.0 20.0 10.0
137.0 66.0 20.0 10.0
143.0 138.0 20.0 10.0
125.0 95.0 20.0 10.0
115.0 69.0 20.0 10.0
60.0 94.0 20.0 10.0
97.0 72.0 20.0 10.0
125.0 36.0 20.0 10.0
112.0 94.0 20.0 10.0
135.0 72.0 20.0 10.0
128.0 137.0 20.0 10.0
128.0 100.0 20.0 10.0
137.0 70.0 20.0 10.0
78.0 104.0 20.0 10.0
92.0 105.0 20.0 10.0
129.0 95.0 20.0 10.0
143.0 108.0 20.0 10.0
174.0 88.0 20.0 10.0
135.0 53.0 20.0 10.0
109.0 105.0 20.0 10.0
89.0 76.0 20.0 10.0
113.0 52.0 20.0 10.0
120.0 111.0 20.0 10.0
112.0 61.0 20.0 10.0
83.0 71.0 20.0 10.0
91.0 56.0 20.0 10.0
62.0 77.0 20.0 10.0
110.0 114.0 20.0 10.0
95.0 124.0 20.0 10.0
104.0 93.0 20.0 10.0
88.0 95.0 20.0 10.0
181.0 97.0 20.0 10.0
139.0 105.0 20.0 10.0
124.0 56.0 20.0 10.0
137.0 98.0 20.0 10.0
108.0 36.0 20.0 10.0
143.0 77.0 20.0 10.0
93.0 112.0 20.0 10.0
88.0 78.0 20.0 10.0
146.0 122.0 20.0 10.0
141.0 81.0 20.0 10.0
129.0 73.0 20.0 10.0
176.0 84.0 20.0 10.0
122.0 25.0 20.0 10.0
98.0 124.0 20.0 10.0
115.0 140.0 20.0 10.0
91.0 83.0 20.0 10.0
106.0 110.0 20.0 10.0
122.0 124.0 20.0 10.0
129.0 117.0 20.0 10.0
102.0 97.0 20.0 10.0
83.0 31.0 20.0 10.0
151.0 85.0 20.0 10.0
183.0 87.0 20.0 10.0
75.0 215.0 20.0 10.0
138.0 105.0 20.0 10.0
93.0 89.0 20.0 10.0
162.0 123.0 20.0 10.0
123.0 112.0 20.0 10.0
103.0 129.0 20.0 10.0
113.0 78.0 20.0 10.0
115.0 128.0 20.0 10.0
151.0 117.0 20.0 10.0
136.0 94.0 20.0 10.0
157.0 83.0 20.0 10.0
125.0 105.0 20.0 10.0
111.0 65.0 20.0 10.0
86.0 92.0 20.0 10.0
106.0 117.0 20.0 10.0
151.0 142.0 20.0 10.0
174.0 148.0 20.0 10.0
131.0 80.0 20.0 10.0
92.0 153.0 20.0 10.0
113.0 57.0 20.0 10.0
178.0 146.0 20.0 10.0
100.0 67.0 20.0 10.0
91.0 70.0 20.0 10.0
127.0 87.0 20.0 10.0
101.0 109.0 20.0 10.0
186.0 67.0 20.0 10.0
124.0 121.0 20.0 10.0
122.0 107.0 20.0 10.0
116.0 121.0 20.0 10.0
104.0 53.0 20.0 10.0
164.0 110.0 20.0 10.0
145.0 113.0 20.0 10.0
39.0 144.0 20.0 10.0
142.0 103.0 20.0 10.0
84.0 78.0 20.0 10.0
100.0 80.0 20.0 10.0
143.0 98.0 20.0 10.0
120.0 48.0 20.0 10.0
142.0 119.0 20.0 10.0
119.0 74.0 20.0 10.0
123.0 98.0 20.0 10.0
105.0 90.0 20.0 10.0
102.0 59.0 20.0 10.0
112.0 141.0 20.0 10.0
126.0 153.0 20.0 10.0
97.0 58.0 20.0 10.0
192.0 94.0 20.0 10.0
117.0 89.0 20.0 10.0
138.0 135.0 20.0 10.0
133.0 124.0 20.0 10.0
118.0 110.0 20.0 10.0
136.0 39.0 20.0 10.0
84.0 105.0 20.0 10.0
83.0 125.0 20.0 10.0
154.0 55.0 20.0 10.0
70.0 58.0 20.0 10.0
96.0 77.0 20.0 10.0
153.0 63.0 20.0 10.0
98.0 129.0 20.0 10.0
102.0 62.0 20.0 10.0
128.0 79.0 20.0 10.0
94.0 97.0 20.0 10.0
113.0 114.0 20.0 10.0
135.0 115.0 20.0 10.0
105.0 150.0 20.0 10.0
95.0 118.0 20.0 10.0
70.0 111.0 20.0 10.0
68.0 119.0 20.0 10.0
90.0 132.0 20.0 10.0
93.0 130.0 20.0 10.0
109.0 101.0 20.0 10.0
107.0 90.0 20.0 10.0
108.0 119.0 20.0 10.0
152.0 77.0 20.0 10.0
109.0 39.0 20.0 10.0
129.0 69.0 20.0 10.0
113.0 127.0 20.0 10.0
134.0 92.0 20.0 10.0
144.0 102.0 20.0 10.0
141.0 124.0 20.0 10.0
148.0 80.0 20.0 10.0
113.0 103.0 20.0 10.0
81.0 67.0 20.0 10.0
138.0 75.0 20.0 10.0
125.0 101.0 20.0 10.0
87.0 90.0 20.0 10.0
105.0 66.0 20.0 10.0
78.0 134.0 20.0 10.0
80.0 70.0 20.0 10.0
140.0 94.0 20.0 10.0
180.0 47.0 20.0 10.0
111.0 96.0 20.0 10.0
139.0 120.0 20.0 10.0
122.0 136.0 20.0 10.0
103.0 113.0 20.0 10.0
103.0 69.0 20.0 10.0
127.0 90.0 20.0 10.0
147.0 84.0 20.0 10.0
126.0 119.0 20.0 10.0
173.0 107.0 20.0 10.0
89.0 73.0 20.0 10.0
114.0 71.0 20.0 10.0
