500
108.0 75.0 20.0 10.0
70.0 118.0 20.0 10.0
82.0 108.0 20.0 10.0
47.0 102.0 20.0 10.0
112.0 100.0 20.0 10.0
80.0 54.0 20.0 10.0
119.0 86.0 20.0 10.0
101.0 109.0 20.0 10.0
103.0 77.0 20.0 10.0
72.0 97.0 20.0 10.0
80.0 81.0 20.0 10.0
95.0 94.0 20.0 10.0
50.0 110.0 20.0 10.0
132.0 111.0 20.0 10.0
105.0 125.0 20.0 10.0
81.0 101.0 20.0 10.0
127.0 122.0 20.0 10.0
104.0 164.0 20.0 10.0
85.0 78.0 20.0 10.0
77.0 110.0 20.0 10.0
87.0 62.0 20.0 10.0
61.0 112.0 20.0 10.0
43.0 139.0 20.0 10.0
94.0 135.0 20.0 10.0
110.0 165.0 20.0 10.0
80.0 130.0 20.0 10.0
96.0 68.0 20.0 10.0
100.0 93.0 20.0 10.0
92.0 49.0 20.0 10.0
96.0 114.0 20.0 10.0
89.0 140.0 20.0 10.0
100.0 100.0 20.0 10.0
71.0 69.0 20.0 10.0
61.0 92.0 20.0 10.0
90.0 73.0 20.0 10.0
135.0 116.0 20.0 10.0
78.0 137.0 20.0 10.0
83.0 80.0 20.0 10.0
78.0 71.0 20.0 10.0
112.0 150.0 20.0 10.0
72.0 65.0 20.0 10.0
132.0 52.0 20.0 10.0
117.0 69.0 20.0 10.0
121.0 75.0 20.0 10.0
105.0 118.0 20.0 10.0
69.0 107.0 20.0 10.0
92.0 69.0 20.0 10.0
92.0 146.0 20.0 10.0
135.0 140.0 20.0 10.0
103.0 60.0 20.0 10.0
128.0 148.0 20.0 10.0
101.0 85.0 20.0 10.0
66.0 74.0 20.0 10.0
111.0 103.0 20.0 10.0
35.0 79.0 20.0 10.0
91.0 102.0 20.0 10.0
155.0 151.0 20.0 10.0
62.0 130.0 20.0 10.0
154.0 105.0 20.0 10.0
94.0 98.0 20.0 10.0
112.0 124.0 20.0 10.0
122.0 54.0 20.0 10.0
55.0 56.0 20.0 10.0
62.0 72.0 20.0 10.0
162.0 91.0 20.0 10.0
96.0 122.0 20.0 10.0
99.0 51.0 20.0 10.0
138.0 107.0 20.0 10.0
145.0 87.0 20.0 10.0
97.0 153.0 20.0 10.0
89.0 109.0 20.0 10.0
93.0 155.0 20.0 10.0
110.0 66.0 20.0 10.0
68.0 142.0 20.0 10.0
110.0 119.0 20.0 10.0
46.0 128.0 20.0 10.0
129.0 100.0 20.0 10.0
79.0 75.0 20.0 10.0
102.0 140.0 20.0 10.0
85.0 145.0 20.0 10.0
121.0 66.0 20.0 10.0
149.0 113.0 20.0 10.0
85.0 100.0 20.0 10.0
79.0 91.0 20.0 10.0
78.0 141.0 20.0 10.0
73.0 117.0 20.0 10.0
113.0 70.0 20.0 10.0
69.0 82.0 20.0 10.0
71.0 57.0 20.0 10.0
58.0 121.0 20.0 10.0
126.0 105.0 20.0 10.0
64.0 71.0 20.0 10.0
141.0 117.0 20.0 10.0
54.0 90.0 20.0 10.0
94.0 86.0 20.0 10.0
136.0 97.0 20.0 10.0
45.0 121.0 20.0 10.0
69.0 168.0 20.0 10.0
98.0 71.0 20.0 10.0
104.0 82.0 20.0 10.0
25.0 139.0 20.0 10.0
76.0 102.0 20.0 10.0
118.0 98.0 20.0 10.0
107.0 98.0 20.0 10.0
109.0 141.0 20.0 10.0
121.0 119.0 20.0 10.0
57.0 82.0 20.0 10.0
89.0 125.0 20.0 10.0
87.0 150.0 20.0 10.0
87.0 121.0 20.0 10.0
56.0 96.0 20.0 10.0
76.0 123.0 20.0 10.0
111.0 137.0 20.0 10.0
106.0 69.0 20.0 10.0
77.0 127.0 20.0 10.0
80.0 40.0 20.0 10.0
106.0 134.0 20.0 10.0
89.0 118.0 20.0 10.0
85.0 104.0 20.0 10.0
123.0 83.0 20.0 10.0
133.0 81.0 20.0 10.0
93.0 149.0 20.0 10.0
90.0 61.0 20.0 10.0
113.0 131.0 20.0 10.0
69.0 121.0 20.0 10.0
111.0 90.0 20.0 10.0
126.0 91.0 20.0 10.0
83.0 88.0 20.0 10.0
96.0 25.0 20.0 10.0
49.0 144.0 20.0 10.0
110.0 57.0 20.0 10.0
99.0 147.0 20.0 10.0
104.0 53.0 20.0 10.0
121.0 114.0 20.0 10.0
74.0 106.0 20.0 10.0
111.0 82.0 20.0 10.0
71.0 152.0 20.0 10.0
142.0 111.0 20.0 10.0
98.0 98.0 20.0 10.0
100.0 168.0 20.0 10.0
156.0 137.0 20.0 10.0
123.0 99.0 20.0 10.0
87.0 89.0 20.0 10.0
96.0 120.0 20.0 10.0
59.0 79.0 20.0 10.0
43.0 108.0 20.0 10.0
53.0 55.0 20.0 10.0
34.0 99.0 20.0 10.0
117.0 67.0 20.0 10.0
171.0 126.0 20.0 10.0
159.0 74.0 20.0 10.0
67.0 54.0 20.0 10.0
82.0 61.0 20.0 10.0
36.0 129.0 20.0 10.0
61.0 139.0 20.0 10.0
55.0 107.0 20.0 10.0
156.0 97.0 20.0 10.0
113.0 67.0 20.0 10.0
120.0 103.0 20.0 10.0
125.0 30.0 20.0 10.0
149.0 84.0 20.0 10.0
38.0 162.0 20.0 10.0
81.0 145.0 20.0 10.0
143.0 96.0 20.0 10.0
138.0 82.0 20.0 10.0
95.0 75.0 20.0 10.0
100.0 88.0 20.0 10.0
104.0 91.0 20.0 10.0
81.0 152.0 20.0 10.0
102.0 121.0 20.0 10.0
91.0 121.0 20.0 10.0
100.0 67.0 20.0 10.0
116.0 52.0 20.0 10.0
64.0 48.0 20.0 10.0
110.0 113.0 20.0 10.0
151.0 119.0 20.0 10.0
146.0 123.0 20.0 10.0
93.0 80.0 20.0 10.0
139.0 96.0 20.0 10.0
91.0 85.0 20.0 10.0
72.0 74.0 20.0 10.0
147.0 68.0 20.0 10.0
64.0 116.0 20.0 10.0
68.0 110.0 20.0 10.0
44.0 125.0 20.0 10.0
89.0 78.0 20.0 10.0
113.0 106.0 20.0 10.0
128.0 110.0 20.0 10.0
64.0 97.0 20.0 10.0
121.0 81.0 20.0 10.0
73.0 143.0 20.0 10.0
104.0 107.0 20.0 10.0
65.0 105.0 20.0 10.0
75.0 71.0 20.0 10.0
95.0 149.0 20.0 10.0
66.0 135.0 20.0 10.0
93.0 107.0 20.0 10.0
83.0 51.0 20.0 10.0
92.0 125.0 20.0 10.0
77.0 62.0 20.0 10.0
133.0 131.0 20.0 10.0
123.0 70.0 20.0 10.0
99.0 132.0 20.0 10.0
139.0 134.0 20.0 10.0
74.0 125.0 20.0 10.0
95.0 117.0 20.0 10.0
106.0 57.0 20.0 10.0
94.0 110.0 20.0 10.0
131.0 93.0 20.0 10.0
116.0 90.0 20.0 10.0
64.0 139.0 20.0 10.0
45.0 92.0 20.0 10.0
118.0 134.0 20.0 10.0
122.0 158.0 20.0 10.0
126.0 137.0 20.0 10.0
98.0 92.0 20.0 10.0
84.0 138.0 20.0 10.0
125.0 78.0 20.0 10.0
117.0 153.0 20.0 10.0
132.0 99.0 20.0 10.0
94.0 54.0 20.0 10.0
112.0 155.0 20.0 10.0
86.0 66.0 20.0 10.0
76.0 145.0 20.0 10.0
120.0 96.0 20.0 10.0
142.0 148.0 20.0 10.0
113.0 79.0 20.0 10.0
74.0 109.0 20.0 10.0
145.0 57.0 20.0 10.0
131.0 102.0 20.0 10.0
86.0 96.0 20.0 10.0
152.0 54.0 20.0 10.0
63.0 136.0 20.0 10.0
145.0 107.0 20.0 10.0
113.0 108.0 20.0 10.0
127.0 68.0 20.0 10.0
165.0 125.0 20.0 10.0
65.0 113.0 20.0 10.0
60.0 151.0 20.0 10.0
91.0 132.0 20.0 10.0
191.0 104.0 20.0 10.0
44.0 132.0 20.0 10.0
92.0 91.0 20.0 10.0
69.0 142.0 20.0 10.0
115.0 110.0 20.0 10.0
99.0 112.0 20.0 10.0
65.0 84.0 20.0 10.0
40.0 102.0 20.0 10.0
83.0 57.0 20.0 10.0
120.0 111.0 20.0 10.0
65.0 119.0 20.0 10.0
149.0 91.0 20.0 10.0
128.0 61.0 20.0 10.0
128.0 82.0 20.0 10.0
144.0 102.0 20.0 10.0
111.0 95.0 20.0 10.0
137.0 120.0 20.0 10.0
118.0 61.0 20.0 10.0
118.0 116.0 20.0 10.0
76.0 115.0 20.0 10.0
86.0 84.0 20.0 10.0
91.0 99.0 20.0 10.0
103.0 90.0 20.0 10.0
86.0 110.0 20.0 10.0
94.0 124.0 20.0 10.0
55.0 154.0 20.0 10.0
65.0 147.0 20.0 10.0
72.0 131.0 20.0 10.0
57.0 126.0 20.0 10.0
125.0 151.0 20.0 10.0
99.0 62.0 20.0 10.0
161.0 82.0 20.0 10.0
138.0 92.0 20.0 10.0
77.0 88.0 20.0 10.0
83.0 98.0 20.0 10.0
54.0 114.0 20.0 10.0
75.0 141.0 20.0 10.0
119.0 147.0 20.0 10.0
115.0 140.0 20.0 10.0
68.0 159.0 20.0 10.0
74.0 52.0 20.0 10.0
89.0 81.0 20.0 10.0
90.0 93.0 20.0 10.0
108.0 83.0 20.0 10.0
80.0 126.0 20.0 10.0
168.0 151.0 20.0 10.0
112.0 133.0 20.0 10.0
86.0 74.0 20.0 10.0
117.0 104.0 20.0 10.0
141.0 131.0 20.0 10.0
113.0 92.0 20.0 10.0
62.0 81.0 20.0 10.0
100.0 106.0 20.0 10.0
99.0 118.0 20.0 10.0
31.0 120.0 20.0 10.0
76.0 108.0 20.0 10.0
78.0 85.0 20.0 10.0
96.0 96.0 20.0 10.0
38.0 73.0 20.0 10.0
103.0 88.0 20.0 10.0
107.0 107.0 20.0 10.0
32.0 105.0 20.0 10.0
54.0 101.0 20.0 10.0
58.0 117.0 20.0 10.0
93.0 65.0 20.0 10.0
81.0 107.0 20.0 10.0
115.0 124.0 20.0 10.0
67.0 91.0 20.0 10.0
116.0 80.0 20.0 10.0
100.0 74.0 20.0 10.0
125.0 94.0 20.0 10.0
54.0 130.0 20.0 10.0
68.0 66.0 20.0 10.0
137.0 131.0 20.0 10.0
50.0 93.0 20.0 10.0
108.0 150.0 20.0 10.0
151.0 124.0 20.0 10.0
123.0 131.0 20.0 10.0
135.0 77.0 20.0 10.0
71.0 113.0 20.0 10.0
152.0 95.0 20.0 10.0
101.0 135.0 20.0 10.0
164.0 85.0 20.0 10.0
86.0 41.0 20.0 10.0
141.0 106.0 20.0 10.0
41.0 116.0 20.0 10.0
85.0 117.0 20.0 10.0
59.0 108.0 20.0 10.0
104.0 131.0 20.0 10.0
109.0 124.0 20.0 10.0
108.0 69.0 20.0 10.0
71.0 107.0 20.0 10.0
77.0 119.0 20.0 10.0
88.0 161.0 20.0 10.0
82.0 74.0 20.0 10.0
121.0 50.0 20.0 10.0
146.0 104.0 20.0 10.0
125.0 87.0 20.0 10.0
97.0 129.0 20.0 10.0
51.0 77.0 20.0 10.0
139.0 110.0 20.0 10.0
107.0 88.0 20.0 10.0
119.0 120.0 20.0 10.0
79.0 122.0 20.0 10.0
74.0 93.0 20.0 10.0
128.0 140.0 20.0 10.0
92.0 129.0 20.0 10.0
106.0 112.0 20.0 10.0
103.0 65.0 20.0 10.0
104.0 134.0 20.0 10.0
117.0 86.0 20.0 10.0
96.0 104.0 20.0 10.0
96.0 99.0 20.0 10.0
138.0 89.0 20.0 10.0
125.0 75.0 20.0 10.0
105.0 64.0 20.0 10.0
80.0 95.0 20.0 10.0
98.0 103.0 20.0 10.0
86.0 99.0 20.0 10.0
127.0 87.0 20.0 10.0
64.0 78.0 20.0 10.0
107.0 111.0 20.0 10.0
106.0 147.0 20.0 10.0
103.0 116.0 20.0 10.0
127.0 131.0 20.0 10.0
118.0 74.0 20.0 10.0
94.0 88.0 20.0 10.0
103.0 101.0 20.0 10.0
50.0 99.0 20.0 10.0
92.0 53.0 20.0 10.0
113.0 60.0 20.0 10.0
127.0 116.0 20.0 10.0
113.0 120.0 20.0 10.0
128.0 118.0 20.0 10.0
79.0 117.0 20.0 10.0
93.0 139.0 20.0 10.0
132.0 126.0 20.0 10.0
127.0 86.0 20.0 10.0
84.0 82.0 20.0 10.0
70.0 99.0 20.0 10.0
59.0 65.0 20.0 10.0
67.0 103.0 20.0 10.0
70.0 136.0 20.0 10.0
109.0 130.0 20.0 10.0
114.0 90.0 20.0 10.0
95.0 144.0 20.0 10.0
88.0 130.0 20.0 10.0
162.0 127.0 20.0 10.0
88.0 86.0 20.0 10.0
134.0 135.0 20.0 10.0
59.0 87.0 20.0 10.0
167.0 178.0 20.0 10.0
69.0 75.0 20.0 10.0
71.0 76.0 20.0 10.0
136.0 72.0 20.0 10.0
91.0 142.0 20.0 10.0
67.0 131.0 20.0 10.0
55.0 142.0 20.0 10.0
108.0 104.0 20.0 10.0
70.0 129.0 20.0 10.0
130.0 74.0 20.0 10.0
75.0 164.0 20.0 10.0
136.0 111.0 20.0 10.0
66.0 124.0 20.0 10.0
42.0 148.0 20.0 10.0
115.0 114.0 20.0 10.0
130.0 138.0 20.0 10.0
115.0 117.0 20.0 10.0
126.0 141.0 20.0 10.0
52.0 121.0 20.0 10.0
45.0 106.0 20.0 10.0
104.0 79.0 20.0 10.0
67.0 46.0 20.0 10.0
68.0 124.0 20.0 10.0
130.0 91.0 20.0 10.0
136.0 104.0 20.0 10.0
113.0 103.0 20.0 10.0
131.0 116.0 20.0 10.0
128.0 47.0 20.0 10.0
118.0 106.0 20.0 10.0
69.0 38.0 20.0 10.0
102.0 83.0 20.0 10.0
103.0 128.0 20.0 10.0
102.0 137.0 20.0 10.0
114.0 86.0 20.0 10.0
42.0 74.0 20.0 10.0
70.0 84.0 20.0 10.0
89.0 105.0 20.0 10.0
97.0 106.0 20.0 10.0
99.0 124.0 20.0 10.0
122.0 61.0 20.0 10.0
91.0 111.0 20.0 10.0
105.0 129.0 20.0 10.0
104.0 105.0 20.0 10.0
162.0 102.0 20.0 10.0
92.0 67.0 20.0 10.0
100.0 77.0 20.0 10.0
78.0 103.0 20.0 10.0
123.0 106.0 20.0 10.0
80.0 112.0 20.0 10.0
83.0 185.0 20.0 10.0
107.0 43.0 20.0 10.0
121.0 89.0 20.0 10.0
47.0 88.0 20.0 10.0
114.0 128.0 20.0 10.0
144.0 71.0 20.0 10.0
113.0 143.0 20.0 10.0
73.0 179.0 20.0 10.0
130.0 129.0 20.0 10.0
120.0 129.0 20.0 10.0
85.0 92.0 20.0 10.0
128.0 125.0 20.0 10.0
90.0 129.0 20.0 10.0
125.0 120.0 20.0 10.0
127.0 105.0 20.0 10.0
103.0 142.0 20.0 10.0
31.0 89.0 20.0 10.0
118.0 124.0 20.0 10.0
82.0 94.0 20.0 10.0
73.0 90.0 20.0 10.0
110.0 79.0 20.0 10.0
62.0 89.0 20.0 10.0
89.0 83.0 20.0 10.0
141.0 98.0 20.0 10.0
74.0 87.0 20.0 10.0
74.0 76.0 20.0 10.0
135.0 55.0 20.0 10.0
78.0 96.0 20.0 10.0
98.0 90.0 20.0 10.0
126.0 98.0 20.0 10.0
121.0 139.0 20.0 10.0
60.0 102.0 20.0 10.0
138.0 76.0 20.0 10.0
109.0 110.0 20.0 10.0
92.0 116.0 20.0 10.0
125.0 146.0 20.0 10.0
115.0 101.0 20.0 10.0
48.0 35.0 20.0 10.0
128.0 96.0 20.0 10.0
95.0 130.0 20.0 10.0
158.0 112.0 20.0 10.0
136.0 128.0 20.0 10.0
148.0 129.0 20.0 10.0
80.0 56.0 20.0 10.0
132.0 109.0 20.0 10.0
132.0 105.0 20.0 10.0
116.0 93.0 20.0 10.0
130.0 67.0 20.0 10.0
110.0 76.0 20.0 10.0
95.0 46.0 20.0 10.0
70.0 93.0 20.0 10.0
191.0 181.0 20.0 10.0
109.0 46.0 20.0 10.0
132.0 83.0 20.0 10.0
84.0 133.0 20.0 10.0
86.0 124.0 20.0 10.0
113.0 170.0 20.0 10.0
168.0 121.0 20.0 10.0
53.0 94.0 20.0 10.0
58.0 60.0 20.0 10.0
