500
93.0 79.0 20.0 10.0
103.0 68.0 20.0 10.0
82.0 108.0 20.0 10.0
71.0 92.0 20.0 10.0
127.0 37.0 20.0 10.0
133.0 100.0 20.0 10.0
113.0 78.0 20.0 10.0
89.0 111.0 20.0 10.0
97.0 75.0 20.0 10.0
97.0 97.0 20.0 10.0
69.0 105.0 20.0 10.0
74.0 64.0 20.0 10.0
100.0 121.0 20.0 10.0
154.0 90.0 20.0 10.0
71.0 136.0 20.0 10.0
52.0 60.0 20.0 10.0
123.0 94.0 20.0 10.0
98.0 115.0 20.0 10.0
71.0 66.0 20.0 10.0
142.0 61.0 20.0 10.0
165.0 140.0 20.0 10.0
80.0 133.0 20.0 10.0
140.0 91.0 20.0 10.0
146.0 64.0 20.0 10.0
92.0 82.0 20.0 10.0
155.0 76.0 20.0 10.0
76.0 104.0 20.0 10.0
103.0 158.0 20.0 10.0
71.0 164.0 20.0 10.0
84.0 102.0 20.0 10.0
110.0 155.0 20.0 10.0
105.0 110.0 20.0 10.0
115.0 73.0 20.0 10.0
151.0 141.0 20.0 10.0
120.0 127.0 20.0 10.0
150.0 103.0 20.0 10.0
182.0 120.0 20.0 10.0
135.0 107.0 20.0 10.0
72.0 103.0 20.0 10.0
108.0 99.0 20.0 10.0
99.0 72.0 20.0 10.0
99.0 108.0 20.0 10.0
146.0 78.0 20.0 10.0
112.0 99.0 20.0 10.0
100.0 83.0 20.0 10.0
130.0 68.0 20.0 10.0
93.0 138.0 20.0 10.0
80.0 104.0 20.0 10.0
96.0 133.0 20.0 10.0
142.0 123.0 20.0 10.0
70.0 82.0 20.0 10.0
114.0 121.0 20.0 10.0
165.0 103.0 20.0 10.0
98.0 66.0 20.0 10.0
112.0 117.0 20.0 10.0
99.0 51.0 20.0 10.0
104.0 161.0 20.0 10.0
82.0 106.0 20.0 10.0
142.0 83.0 20.0 10.0
55.0 82.0 20.0 10.0
131.0 139.0 20.0 10.0
66.0 98.0 20.0 10.0
101.0 87.0 20.0 10.0
135.0 63.0 20.0 10.0
97.0 91.0 20.0 10.0
117.0 91.0 20.0 10.0
57.0 95.0 20.0 10.0
158.0 105.0 20.0 10.0
121.0 150.0 20.0 10.0
146.0 108.0 20.0 10.0
152.0 72.0 20.0 10.0
129.0 103.0 20.0 10.0
88.0 62.0 20.0 10.0
56.0 88.0 20.0 10.0
94.0 170.0 20.0 10.0
90.0 146.0 20.0 10.0
72.0 88.0 20.0 10.0
116.0 120.0 20.0 10.0
106.0 35.0 20.0 10.0
161.0 112.0 20.0 10.0
81.0 32.0 20.0 10.0
134.0 89.0 20.0 10.0
67.0 92.0 20.0 10.0
127.0 52.0 20.0 10.0
92.0 52.0 20.0 10.0
118.0 76.0 20.0 10.0
100.0 105.0 20.0 10.0
94.0 39.0 20.0 10.0
94.0 72.0 20.0 10.0
57.0 97.0 20.0 10.0
103.0 57.0 20.0 10.0
126.0 70.0 20.0 10.0
67.0 143.0 20.0 10.0
114.0 141.0 20.0 10.0
131.0 75.0 20.0 10.0
122.0 114.0 20.0 10.0
135.0 131.0 20.0 10.0
99.0 146.0 20.0 10.0
121.0 129.0 20.0 10.0
52.0 106.0 20.0 10.0
86.0 101.0 20.0 10.0
157.0 118.0 20.0 10.0
104.0 76.0 20.0 10.0
109.0 104.0 20.0 10.0
120.0 120.0 20.0 10.0
117.0 93.0 20.0 10.0
133.0 86.0 20.0 10.0
89.0 79.0 20.0 10.0
128.0 97.0 20.0 10.0
136.0 81.0 20.0 10.0
70.0 77.0 20.0 10.0
129.0 47.0 20.0 10.0
87.0 87.0 20.0 10.0
146.0 135.0 20.0 10.0
128.0 149.0 20.0 10.0
126.0 109.0 20.0 10.0
62.0 101.0 20.0 10.0
107.0 126.0 20.0 10.0
121.0 73.0 20.0 10.0
133.0 71.0 20.0 10.0
136.0 96.0 20.0 10.0
25.0 68.0 20.0 10.0
145.0 121.0 20.0 10.0
152.0 101.0 20.0 10.0
82.0 86.0 20.0 10.0
145.0 57.0 20.0 10.0
85.0 107.0 20.0 10.0
94.0 103.0 20.0 10.0
109.0 129.0 20.0 10.0
122.0 70.0 20.0 10.0
58.0 92.0 20.0 10.0
122.0 54.0 20.0 10.0
119.0 114.0 20.0 10.0
151.0 121.0 20.0 10.0
125.0 83.0 20.0 10.0
106.0 122.0 20.0 10.0
135.0 119.0 20.0 10.0
95.0 126.0 20.0 10.0
92.0 125.0 20.0 10.0
92.0 152.0 20.0 10.0
99.0 140.0 20.0 10.0
104.0 118.0 20.0 10.0
121.0 109.0 20.0 10.0
126.0 118.0 20.0 10.0
108.0 143.0 20.0 10.0
79.0 85.0 20.0 10.0
102.0 124.0 20.0 10.0
92.0 49.0 20.0 10.0
91.0 121.0 20.0 10.0
117.0 65.0 20.0 10.0
61.0 74.0 20.0 10.0
75.0 109.0 20.0 10.0
43.0 147.0 20.0 10.0
104.0 97.0 20.0 10.0
126.0 76.0 20.0 10.0
112.0 134.0 20.0 10.0
135.0 115.0 20.0 10.0
137.0 136.0 20.0 10.0
49.0 141.0 20.0 10.0
103.0 108.0 20.0 10.0
137.0 110.0 20.0 10.0
138.0 66.0 20.0 10.0
151.0 77.0 20.0 10.0
68.0 74.0 20.0 10.0
132.0 110.0 20.0 10.0
78.0 141.0 20.0 10.0
153.0 111.0 20.0 10.0
62.0 147.0 20.0 10.0
119.0 50.0 20.0 10.0
126.0 131.0 20.0 10.0
156.0 125.0 20.0 10.0
83.0 131.0 20.0 10.0
128.0 125.0 20.0 10.0
142.0 152.0 20.0 10.0
72.0 156.0 20.0 10.0
112.0 65.0 20.0 10.0
125.0 63.0 20.0 10.0
169.0 72.0 20.0 10.0
64.0 64.0 20.0 10.0
107.0 62.0 20.0 10.0
62.0 122.0 20.0 10.0
147.0 131.0 20.0 10.0
130.0 77.0 20.0 10.0
89.0 88.0 20.0 10.0
97.0 144.0 20.0 10.0
138.0 121.0 20.0 10.0
154.0 120.0 20.0 10.0
78.0 133.0 20.0 10.0
80.0 113.0 20.0 10.0
127.0 123.0 20.0 10.0
101.0 78.0 20.0 10.0
63.0 70.0 20.0 10.0
173.0 25.0 20.0 10.0
52.0 128.0 20.0 10.0
84.0 140.0 20.0 10.0
116.0 112.0 20.0 10.0
128.0 92.0 20.0 10.0
163.0 47.0 20.0 10.0
85.0 82.0 20.0 10.0
114.0 87.0 20.0 10.0
116.0 131.0 20.0 10.0
111.0 71.0 20.0 10.0
122.0 102.0 20.0 10.0
69.0 46.0 20.0 10.0
93.0 91.0 20.0 10.0
122.0 123.0 20.0 10.0
96.0 82.0 20.0 10.0
148.0 99.0 20.0 10.0
84.0 25.0 20.0 10.0
108.0 94.0 20.0 10.0
132.0 135.0 20.0 10.0
168.0 97.0 20.0 10.0
103.0 130.0 20.0 10.0
83.0 59.0 20.0 10.0
41.0 112.0 20.0 10.0
147.0 86.0 20.0 10.0
146.0 87.0 20.0 10.0
150.0 133.0 20.0 10.0
55.0 72.0 20.0 10.0
68.0 119.0 20.0 10.0
89.0 139.0 20.0 10.0
138.0 114.0 20.0 10.0
48.0 41.0 20.0 10.0
83.0 144.0 20.0 10.0
67.0 126.0 20.0 10.0
96.0 58.0 20.0 10.0
89.0 128.0 20.0 10.0
92.0 118.0 20.0 10.0
89.0 133.0 20.0 10.0
107.0 99.0 20.0 10.0
62.0 112.0 20.0 10.0
76.0 84.0 20.0 10.0
115.0 111.0 20.0 10.0
97.0 121.0 20.0 10.0
136.0 148.0 20.0 10.0
119.0 110.0 20.0 10.0
103.0 105.0 20.0 10.0
104.0 86.0 20.0 10.0
105.0 82.0 20.0 10.0
140.0 107.0 20.0 10.0
116.0 139.0 20.0 10.0
142.0 128.0 20.0 10.0
84.0 67.0 20.0 10.0
107.0 52.0 20.0 10.0
97.0 101.0 20.0 10.0
120.0 89.0 20.0 10.0
67.0 90.0 20.0 10.0
123.0 142.0 20.0 10.0
86.0 123.0 20.0 10.0
104.0 116.0 20.0 10.0
117.0 31.0 20.0 10.0
108.0 108.0 20.0 10.0
142.0 80.0 20.0 10.0
82.0 93.0 20.0 10.0
96.0 89.0 20.0 10.0
88.0 122.0 20.0 10.0
144.0 70.0 20.0 10.0
131.0 94.0 20.0 10.0
83.0 110.0 20.0 10.0
127.0 120.0 20.0 10.0
118.0 133.0 20.0 10.0
60.0 136.0 20.0 10.0
84.0 90.0 20.0 10.0
140.0 112.0 20.0 10.0
128.0 88.0 20.0 10.0
112.0 68.0 20.0 10.0
127.0 144.0 20.0 10.0
80.0 61.0 20.0 10.0
136.0 158.0 20.0 10.0
30.0 84.0 20.0 10.0
103.0 59.0 20.0 10.0
97.0 125.0 20.0 10.0
129.0 74.0 20.0 10.0
60.0 103.0 20.0 10.0
119.0 127.0 20.0 10.0
172.0 88.0 20.0 10.0
108.0 136.0 20.0 10.0
167.0 94.0 20.0 10.0
141.0 77.0 20.0 10.0
106.0 128.0 20.0 10.0
103.0 170.0 20.0 10.0
75.0 113.0 20.0 10.0
141.0 72.0 20.0 10.0
110.0 121.0 20.0 10.0
90.0 75.0 20.0 10.0
67.0 134.0 20.0 10.0
53.0 90.0 20.0 10.0
77.0 70.0 20.0 10.0
113.0 129.0 20.0 10.0
56.0 132.0 20.0 10.0
161.0 100.0 20.0 10.0
132.0 126.0 20.0 10.0
62.0 115.0 20.0 10.0
119.0 69.0 20.0 10.0
52.0 119.0 20.0 10.0
103.0 33.0 20.0 10.0
106.0 132.0 20.0 10.0
89.0 106.0 20.0 10.0
96.0 116.0 20.0 10.0
121.0 142.0 20.0 10.0
95.0 86.0 20.0 10.0
113.0 113.0 20.0 10.0
90.0 129.0 20.0 10.0
100.0 113.0 20.0 10.0
126.0 156.0 20.0 10.0
74.0 120.0 20.0 10.0
125.0 101.0 20.0 10.0
97.0 131.0 20.0 10.0
92.0 84.0 20.0 10.0
65.0 83.0 20.0 10.0
97.0 104.0 20.0 10.0
107.0 118.0 20.0 10.0
160.0 181.0 20.0 10.0
87.0 141.0 20.0 10.0
116.0 96.0 20.0 10.0
65.0 95.0 20.0 10.0
134.0 113.0 20.0 10.0
97.0 72.0 20.0 10.0
109.0 80.0 20.0 10.0
105.0 48.0 20.0 10.0
57.0 99.0 20.0 10.0
132.0 81.0 20.0 10.0
86.0 154.0 20.0 10.0
137.0 101.0 20.0 10.0
132.0 133.0 20.0 10.0
121.0 100.0 20.0 10.0
89.0 57.0 20.0 10.0
134.0 105.0 20.0 10.0
59.0 112.0 20.0 10.0
163.0 90.0 20.0 10.0
143.0 100.0 20.0 10.0
70.0 108.0 20.0 10.0
100.0 100.0 20.0 10.0
69.0 110.0 20.0 10.0
102.0 93.0 20.0 10.0
160.0 87.0 20.0 10.0
89.0 103.0 20.0 10.0
135.0 93.0 20.0 10.0
101.0 138.0 20.0 10.0
143.0 109.0 20.0 10.0
102.0 64.0 20.0 10.0
116.0 81.0 20.0 10.0
131.0 101.0 20.0 10.0
72.0 55.0 20.0 10.0
105.0 95.0 20.0 10.0
93.0 114.0 20.0 10.0
61.0 109.0 20.0 10.0
141.0 119.0 20.0 10.0
78.0 111.0 20.0 10.0
161.0 135.0 20.0 10.0
108.0 140.0 20.0 10.0
88.0 97.0 20.0 10.0
129.0 82.0 20.0 10.0
123.0 126.0 20.0 10.0
53.0 114.0 20.0 10.0
105.0 79.0 20.0 10.0
83.0 151.0 20.0 10.0
122.0 78.0 20.0 10.0
124.0 97.0 20.0 10.0
150.0 95.0 20.0 10.0
86.0 53.0 20.0 10.0
57.0 129.0 20.0 10.0
107.0 71.0 20.0 10.0
132.0 160.0 20.0 10.0
154.0 47.0 20.0 10.0
117.0 58.0 20.0 10.0
100.0 71.0 20.0 10.0
133.0 77.0 20.0 10.0
44.0 79.0 20.0 10.0
160.0 63.0 20.0 10.0
118.0 42.0 20.0 10.0
127.0 134.0 20.0 10.0
69.0 29.0 20.0 10.0
153.0 128.0 20.0 10.0
181.0 128.0 20.0 10.0
124.0 137.0 20.0 10.0
25.0 129.0 20.0 10.0
115.0 56.0 20.0 10.0
85.0 126.0 20.0 10.0
122.0 61.0 20.0 10.0
108.0 65.0 20.0 10.0
73.0 53.0 20.0 10.0
148.0 67.0 20.0 10.0
65.0 86.0 20.0 10.0
105.0 66.0 20.0 10.0
90.0 108.0 20.0 10.0
113.0 60.0 20.0 10.0
106.0 102.0 20.0 10.0
103.0 141.0 20.0 10.0
113.0 84.0 20.0 10.0
129.0 110.0 20.0 10.0
92.0 112.0 20.0 10.0
126.0 111.0 20.0 10.0
82.0 100.0 20.0 10.0
97.0 138.0 20.0 10.0
58.0 63.0 20.0 10.0
171.0 107.0 20.0 10.0
108.0 115.0 20.0 10.0
118.0 94.0 20.0 10.0
124.0 106.0 20.0 10.0
79.0 95.0 20.0 10.0
83.0 115.0 20.0 10.0
92.0 98.0 20.0 10.0
78.0 128.0 20.0 10.0
59.0 119.0 20.0 10.0
123.0 81.0 20.0 10.0
86.0 65.0 20.0 10.0
116.0 101.0 20.0 10.0
109.0 113.0 20.0 10.0
102.0 114.0 20.0 10.0
88.0 103.0 20.0 10.0
100.0 117.0 20.0 10.0
140.0 88.0 20.0 10.0
156.0 72.0 20.0 10.0
86.0 72.0 20.0 10.0
94.0 121.0 20.0 10.0
138.0 168.0 20.0 10.0
73.0 139.0 20.0 10.0
67.0 105.0 20.0 10.0
97.0 85.0 20.0 10.0
100.0 130.0 20.0 10.0
110.0 126.0 20.0 10.0
93.0 147.0 20.0 10.0
117.0 146.0 20.0 10.0
78.0 98.0 20.0 10.0
75.0 116.0 20.0 10.0
139.0 124.0 20.0 10.0
65.0 105.0 20.0 10.0
76.0 73.0 20.0 10.0
122.0 135.0 20.0 10.0
85.0 116.0 20.0 10.0
98.0 79.0 20.0 10.0
91.0 66.0 20.0 10.0
112.0 164.0 20.0 10.0
112.0 106.0 20.0 10.0
111.0 97.0 20.0 10.0
116.0 80.0 20.0 10.0
138.0 140.0 20.0 10.0
131.0 121.0 20.0 10.0
79.0 87.0 20.0 10.0
88.0 92.0 20.0 10.0
70.0 79.0 20.0 10.0
75.0 98.0 20.0 10.0
110.0 86.0 20.0 10.0
124.0 161.0 20.0 10.0
119.0 105.0 20.0 10.0
73.0 142.0 20.0 10.0
111.0 82.0 20.0 10.0
151.0 149.0 20.0 10.0
140.0 96.0 20.0 10.0
108.0 173.0 20.0 10.0
80.0 166.0 20.0 10.0
111.0 103.0 20.0 10.0
84.0 57.0 20.0 10.0
106.0 153.0 20.0 10.0
118.0 98.0 20.0 10.0
62.0 91.0 20.0 10.0
159.0 78.0 20.0 10.0
119.0 136.0 20.0 10.0
129.0 142.0 20.0 10.0
99.0 93.0 20.0 10.0
67.0 121.0 20.0 10.0
72.0 126.0 20.0 10.0
68.0 95.0 20.0 10.0
77.0 90.0 20.0 10.0
108.0 87.0 20.0 10.0
79.0 68.0 20.0 10.0
106.0 86.0 20.0 10.0
128.0 63.0 20.0 10.0
103.0 102.0 20.0 10.0
116.0 127.0 20.0 10.0
56.0 116.0 20.0 10.0
141.0 102.0 20.0 10.0
123.0 57.0 20.0 10.0
83.0 75.0 20.0 10.0
85.0 97.0 20.0 10.0
142.0 86.0 20.0 10.0
79.0 76.0 20.0 10.0
146.0 128.0 20.0 10.0
91.0 86.0 20.0 10.0
121.0 107.0 20.0 10.0
110.0 73.0 20.0 10.0
118.0 100.0 20.0 10.0
139.0 94.0 20.0 10.0
96.0 78.0 20.0 10.0
126.0 86.0 20.0 10.0
99.0 127.0 20.0 10.0
98.0 112.0 20.0 10.0
92.0 63.0 20.0 10.0
63.0 65.0 20.0 10.0
77.0 118.0 20.0 10.0
71.0 98.0 20.0 10.0
144.0 146.0 20.0 10.0
81.0 125.0 20.0 10.0
66.0 57.0 20.0 10.0
132.0 61.0 20.0 10.0
121.0 86.0 20.0 10.0
62.0 77.0 20.0 10.0
104.0 73.0 20.0 10.0
116.0 135.0 20.0 10.0
