500
136.0 74.0 20.0 10.0
85.0 102.0 20.0 10.0
194.0 99.0 20.0 10.0
150.0 138.0 20.0 10.0
86.0 104.0 20.0 10.0
75.0 97.0 20.0 10.0
131.0 88.0 20.0 10.0
79.0 133.0 20.0 10.0
95.0 114.0 20.0 10.0
116.0 45.0 20.0 10.0
108.0 169.0 20.0 10.0
108.0 114.0 20.0 10.0
117.0 91.0 20.0 10.0
123.0 134.0 20.0 10.0
69.0 74.0 20.0 10.0
77.0 147.0 20.0 10.0
83.0 109.0 20.0 10.0
92.0 129.0 20.0 10.0
87.0 144.0 20.0 10.0
122.0 103.0 20.0 10.0
58.0 90.0 20.0 10.0
129.0 116.0 20.0 10.0
79.0 155.0 20.0 10.0
82.0 131.0 20.0 10.0
115.0 175.0 20.0 10.0
105.0 158.0 20.0 10.0
114.0 110.0 20.0 10.0
140.0 52.0 20.0 10.0
147.0 105.0 20.0 10.0
121.0 113.0 20.0 10.0
144.0 82.0 20.0 10.0
131.0 101.0 20.0 10.0
142.0 182.0 20.0 10.0
139.0 119.0 20.0 10.0
92.0 89.0 20.0 10.0
108.0 146.0 20.0 10.0
118.0 110.0 20.0 10.0
126.0 129.0 20.0 10.0
106.0 95.0 20.0 10.0
153.0 105.0 20.0 10.0
126.0 107.0 20.0 10.0
70.0 103.0 20.0 10.0
94.0 103.0 20.0 10.0
118.0 102.0 20.0 10.0
83.0 122.0 20.0 10.0
117.0 94.0 20.0 10.0
64.0 80.0 20.0 10.0
123.0 119.0 20.0 10.0
143.0 149.0 20.0 10.0
185.0 55.0 20.0 10.0
82.0 127.0 20.0 10.0
108.0 89.0 20.0 10.0
104.0 163.0 20.0 10.0
70.0 112.0 20.0 10.0
129.0 94.0 20.0 10.0
142.0 87.0 20.0 10.0
95.0 100.0 20.0 10.0
86.0 113.0 20.0 10.0
105.0 141.0 20.0 10.0
125.0 116.0 20.0 10.0
131.0 116.0 20.0 10.0
64.0 111.0 20.0 10.0
135.0 94.0 20.0 10.0
105.0 25.0 20.0 10.0
106.0 82.0 20.0 10.0
103.0 124.0 20.0 10.0
112.0 71.0 20.0 10.0
87.0 142.0 20.0 10.0
97.0 135.0 20.0 10.0
142.0 136.0 20.0 10.0
102.0 79.0 20.0 10.0
131.0 138.0 20.0 10.0
61.0 96.0 20.0 10.0
81.0 152.0 20.0 10.0
117.0 123.0 20.0 10.0
151.0 115.0 20.0 10.0
141.0 114.0 20.0 10.0
122.0 61.0 20.0 10.0
139.0 127.0 20.0 10.0
114.0 137.0 20.0 10.0
159.0 104.0 20.0 10.0
148.0 121.0 20.0 10.0
98.0 118.0 20.0 10.0
36.0 103.0 20.0 10.0
128.0 149.0 20.0 10.0
67.0 83.0 20.0 10.0
54.0 87.0 20.0 10.0
81.0 104.0 20.0 10.0
108.0 104.0 20.0 10.0
47.0 90.0 20.0 10.0
157.0 148.0 20.0 10.0
138.0 148.0 20.0 10.0
107.0 71.0 20.0 10.0
124.0 145.0 20.0 10.0
123.0 94.0 20.0 10.0
110.0 123.0 20.0 10.0
122.0 98.0 20.0 10.0
61.0 104.0 20.0 10.0
123.0 160.0 20.0 10.0
88.0 64.0 20.0 10.0
71.0 105.0 20.0 10.0
49.0 87.0 20.0 10.0
119.0 112.0 20.0 10.0
99.0 133.0 20.0 10.0
124.0 157.0 20.0 10.0
113.0 92.0 20.0 10.0
96.0 92.0 20.0 10.0
102.0 119.0 20.0 10.0
69.0 99.0 20.0 10.0
137.0 104.0 20.0 10.0
50.0 120.0 20.0 10.0
164.0 75.0 20.0 10.0
147.0 125.0 20.0 10.0
131.0 134.0 20.0 10.0
95.0 70.0 20.0 10.0
94.0 97.0 20.0 10.0
107.0 144.0 20.0 10.0
46.0 70.0 20.0 10.0
103.0 131.0 20.0 10.0
151.0 123.0 20.0 10.0
122.0 129.0 20.0 10.0
85.0 98.0 20.0 10.0
98.0 102.0 20.0 10.0
95.0 160.0 20.0 10.0
122.0 86.0 20.0 10.0
66.0 151.0 20.0 10.0
75.0 92.0 20.0 10.0
123.0 124.0 20.0 10.0
97.0 95.0 20.0 10.0
111.0 192.0 20.0 10.0
109.0 135.0 20.0 10.0
76.0 117.0 20.0 10.0
61.0 82.0 20.0 10.0
49.0 136.0 20.0 10.0
77.0 139.0 20.0 10.0
85.0 73.0 20.0 10.0
130.0 158.0 20.0 10.0
97.0 103.0 20.0 10.0
92.0 87.0 20.0 10.0
141.0 110.0 20.0 10.0
111.0 80.0 20.0 10.0
125.0 155.0 20.0 10.0
134.0 80.0 20.0 10.0
104.0 64.0 20.0 10.0
122.0 54.0 20.0 10.0
115.0 154.0 20.0 10.0
141.0 68.0 20.0 10.0
70.0 110.0 20.0 10.0
99.0 91.0 20.0 10.0
119.0 142.0 20.0 10.0
74.0 150.0 20.0 10.0
85.0 121.0 20.0 10.0
161.0 81.0 20.0 10.0
117.0 121.0 20.0 10.0
76.0 136.0 20.0 10.0
89.0 125.0 20.0 10.0
116.0 77.0 20.0 10.0
111.0 103.0 20.0 10.0
69.0 136.0 20.0 10.0
92.0 66.0 20.0 10.0
116.0 101.0 20.0 10.0
142.0 145.0 20.0 10.0
157.0 126.0 20.0 10.0
155.0 87.0 20.0 10.0
104.0 105.0 20.0 10.0
97.0 108.0 20.0 10.0
133.0 132.0 20.0 10.0
91.0 53.0 20.0 10.0
80.0 136.0 20.0 10.0
116.0 169.0 20.0 10.0
54.0 169.0 20.0 10.0
137.0 122.0 20.0 10.0
119.0 44.0 20.0 10.0
122.0 144.0 20.0 10.0
95.0 132.0 20.0 10.0
123.0 113.0 20.0 10.0
68.0 123.0 20.0 10.0
93.0 126.0 20.0 10.0
138.0 113.0 20.0 10.0
80.0 124.0 20.0 10.0
100.0 114.0 20.0 10.0
111.0 58.0 20.0 10.0
82.0 85.0 20.0 10.0
141.0 157.0 20.0 10.0
117.0 114.0 20.0 10.0
151.0 119.0 20.0 10.0
122.0 110.0 20.0 10.0
150.0 93.0 20.0 10.0
78.0 69.0 20.0 10.0
123.0 151.0 20.0 10.0
114.0 107.0 20.0 10.0
91.0 144.0 20.0 10.0
120.0 148.0 20.0 10.0
117.0 64.0 20.0 10.0
100.0 99.0 20.0 10.0
135.0 119.0 20.0 10.0
97.0 129.0 20.0 10.0
36.0 150.0 20.0 10.0
119.0 72.0 20.0 10.0
62.0 79.0 20.0 10.0
117.0 150.0 20.0 10.0
132.0 98.0 20.0 10.0
85.0 145.0 20.0 10.0
100.0 80.0 20.0 10.0
162.0 94.0 20.0 10.0
73.0 78.0 20.0 10.0
75.0 143.0 20.0 10.0
111.0 68.0 20.0 10.0
89.0 122.0 20.0 10.0
81.0 72.0 20.0 10.0
103.0 135.0 20.0 10.0
154.0 132.0 20.0 10.0
163.0 95.0 20.0 10.0
112.0 75.0 20.0 10.0
134.0 72.0 20.0 10.0
81.0 36.0 20.0 10.0
80.0 145.0 20.0 10.0
132.0 67.0 20.0 10.0
108.0 116.0 20.0 10.0
88.0 150.0 20.0 10.0
101.0 124.0 20.0 10.0
126.0 95.0 20.0 10.0
71.0 129.0 20.0 10.0
84.0 131.0 20.0 10.0
132.0 83.0 20.0 10.0
86.0 128.0 20.0 10.0
101.0 104.0 20.0 10.0
142.0 75.0 20.0 10.0
148.0 64.0 20.0 10.0
100.0 120.0 20.0 10.0
87.0 82.0 20.0 10.0
116.0 127.0 20.0 10.0
123.0 92.0 20.0 10.0
111.0 119.0 20.0 10.0
72.0 96.0 20.0 10.0
45.0 104.0 20.0 10.0
55.0 126.0 20.0 10.0
90.0 76.0 20.0 10.0
89.0 79.0 20.0 10.0
60.0 144.0 20.0 10.0
80.0 77.0 20.0 10.0
144.0 118.0 20.0 10.0
82.0 94.0 20.0 10.0
88.0 136.0 20.0 10.0
95.0 144.0 20.0 10.0
91.0 60.0 20.0 10.0
163.0 87.0 20.0 10.0
112.0 125.0 20.0 10.0
134.0 91.0 20.0 10.0
25.0 114.0 20.0 10.0
139.0 101.0 20.0 10.0
112.0 157.0 20.0 10.0
172.0 104.0 20.0 10.0
95.0 184.0 20.0 10.0
82.0 97.0 20.0 10.0
129.0 80.0 20.0 10.0
78.0 92.0 20.0 10.0
91.0 76.0 20.0 10.0
86.0 86.0 20.0 10.0
75.0 111.0 20.0 10.0
85.0 138.0 20.0 10.0
117.0 107.0 20.0 10.0
107.0 85.0 20.0 10.0
148.0 112.0 20.0 10.0
81.0 114.0 20.0 10.0
96.0 89.0 20.0 10.0
100.0 127.0 20.0 10.0
63.0 151.0 20.0 10.0
105.0 94.0 20.0 10.0
60.0 120.0 20.0 10.0
104.0 93.0 20.0 10.0
138.0 85.0 20.0 10.0
116.0 86.0 20.0 10.0
180.0 109.0 20.0 10.0
130.0 170.0 20.0 10.0
97.0 84.0 20.0 10.0
87.0 94.0 20.0 10.0
64.0 74.0 20.0 10.0
108.0 131.0 20.0 10.0
114.0 97.0 20.0 10.0
60.0 150.0 20.0 10.0
107.0 151.0 20.0 10.0
50.0 69.0 20.0 10.0
164.0 111.0 20.0 10.0
126.0 111.0 20.0 10.0
41.0 91.0 20.0 10.0
91.0 161.0 20.0 10.0
138.0 132.0 20.0 10.0
146.0 95.0 20.0 10.0
117.0 51.0 20.0 10.0
128.0 121.0 20.0 10.0
84.0 108.0 20.0 10.0
117.0 160.0 20.0 10.0
46.0 131.0 20.0 10.0
57.0 120.0 20.0 10.0
80.0 61.0 20.0 10.0
61.0 107.0 20.0 10.0
121.0 138.0 20.0 10.0
103.0 53.0 20.0 10.0
127.0 72.0 20.0 10.0
55.0 113.0 20.0 10.0
144.0 108.0 20.0 10.0
57.0 117.0 20.0 10.0
90.0 120.0 20.0 10.0
82.0 80.0 20.0 10.0
38.0 81.0 20.0 10.0
73.0 108.0 20.0 10.0
38.0 111.0 20.0 10.0
102.0 182.0 20.0 10.0
79.0 88.0 20.0 10.0
78.0 72.0 20.0 10.0
135.0 114.0 20.0 10.0
50.0 48.0 20.0 10.0
76.0 129.0 20.0 10.0
101.0 110.0 20.0 10.0
141.0 71.0 20.0 10.0
101.0 92.0 20.0 10.0
76.0 104.0 20.0 10.0
58.0 112.0 20.0 10.0
69.0 110.0 20.0 10.0
55.0 131.0 20.0 10.0
102.0 96.0 20.0 10.0
92.0 133.0 20.0 10.0
50.0 117.0 20.0 10.0
69.0 114.0 20.0 10.0
92.0 156.0 20.0 10.0
95.0 150.0 20.0 10.0
96.0 77.0 20.0 10.0
54.0 95.0 20.0 10.0
99.0 151.0 20.0 10.0
145.0 128.0 20.0 10.0
65.0 106.0 20.0 10.0
138.0 133.0 20.0 10.0
166.0 128.0 20.0 10.0
70.0 151.0 20.0 10.0
131.0 180.0 20.0 10.0
126.0 60.0 20.0 10.0
158.0 69.0 20.0 10.0
92.0 123.0 20.0 10.0
157.0 107.0 20.0 10.0
91.0 116.0 20.0 10.0
71.0 90.0 20.0 10.0
135.0 105.0 20.0 10.0
128.0 126.0 20.0 10.0
114.0 69.0 20.0 10.0
120.0 101.0 20.0 10.0
78.0 107.0 20.0 10.0
101.0 107.0 20.0 10.0
85.0 160.0 20.0 10.0
100.0 146.0 20.0 10.0
89.0 111.0 20.0 10.0
113.0 130.0 20.0 10.0
139.0 156.0 20.0 10.0
194.0 132.0 20.0 10.0
99.0 86.0 20.0 10.0
101.0 68.0 20.0 10.0
73.0 120.0 20.0 10.0
161.0 131.0 20.0 10.0
133.0 128.0 20.0 10.0
92.0 140.0 20.0 10.0
138.0 77.0 20.0 10.0
94.0 54.0 20.0 10.0
109.0 110.0 20.0 10.0
82.0 148.0 20.0 10.0
144.0 110.0 20.0 10.0
101.0 141.0 20.0 10.0
103.0 76.0 20.0 10.0
108.0 75.0 20.0 10.0
117.0 129.0 20.0 10.0
111.0 97.0 20.0 10.0
29.0 73.0 20.0 10.0
116.0 83.0 20.0 10.0
153.0 83.0 20.0 10.0
60.0 98.0 20.0 10.0
169.0 136.0 20.0 10.0
88.0 132.0 20.0 10.0
83.0 184.0 20.0 10.0
103.0 150.0 20.0 10.0
156.0 150.0 20.0 10.0
95.0 120.0 20.0 10.0
45.0 148.0 20.0 10.0
110.0 84.0 20.0 10.0
80.0 100.0 20.0 10.0
96.0 110.0 20.0 10.0
100.0 147.0 20.0 10.0
57.0 141.0 20.0 10.0
66.0 133.0 20.0 10.0
114.0 40.0 20.0 10.0
122.0 67.0 20.0 10.0
26.0 66.0 20.0 10.0
137.0 96.0 20.0 10.0
135.0 131.0 20.0 10.0
125.0 120.0 20.0 10.0
135.0 148.0 20.0 10.0
67.0 120.0 20.0 10.0
59.0 156.0 20.0 10.0
81.0 117.0 20.0 10.0
127.0 151.0 20.0 10.0
125.0 100.0 20.0 10.0
91.0 100.0 20.0 10.0
151.0 90.0 20.0 10.0
120.0 97.0 20.0 10.0
111.0 87.0 20.0 10.0
133.0 47.0 20.0 10.0
135.0 142.0 20.0 10.0
115.0 80.0 20.0 10.0
113.0 167.0 20.0 10.0
148.0 100.0 20.0 10.0
120.0 119.0 20.0 10.0
132.0 96.0 20.0 10.0
98.0 62.0 20.0 10.0
63.0 128.0 20.0 10.0
69.0 94.0 20.0 10.0
62.0 56.0 20.0 10.0
181.0 142.0 20.0 10.0
114.0 119.0 20.0 10.0
131.0 108.0 20.0 10.0
59.0 130.0 20.0 10.0
97.0 81.0 20.0 10.0
76.0 153.0 20.0 10.0
106.0 108.0 20.0 10.0
86.0 170.0 20.0 10.0
79.0 128.0 20.0 10.0
110.0 136.0 20.0 10.0
103.0 143.0 20.0 10.0
144.0 79.0 20.0 10.0
72.0 57.0 20.0 10.0
94.0 113.0 20.0 10.0
142.0 101.0 20.0 10.0
111.0 107.0 20.0 10.0
105.0 129.0 20.0 10.0
131.0 61.0 20.0 10.0
63.0 101.0 20.0 10.0
121.0 79.0 20.0 10.0
113.0 105.0 20.0 10.0
128.0 135.0 20.0 10.0
151.0 78.0 20.0 10.0
111.0 138.0 20.0 10.0
139.0 129.0 20.0 10.0
73.0 72.0 20.0 10.0
113.0 113.0 20.0 10.0
122.0 117.0 20.0 10.0
87.0 119.0 20.0 10.0
105.0 127.0 20.0 10.0
129.0 83.0 20.0 10.0
129.0 104.0 20.0 10.0
73.0 126.0 20.0 10.0
117.0 132.0 20.0 10.0
80.0 160.0 20.0 10.0
49.0 110.0 20.0 10.0
115.0 55.0 20.0 10.0
126.0 139.0 20.0 10.0
97.0 124.0 20.0 10.0
106.0 120.0 20.0 10.0
94.0 105.0 20.0 10.0
126.0 104.0 20.0 10.0
107.0 76.0 20.0 10.0
116.0 60.0 20.0 10.0
145.0 88.0 20.0 10.0
99.0 111.0 20.0 10.0
103.0 138.0 20.0 10.0
116.0 145.0 20.0 10.0
162.0 120.0 20.0 10.0
148.0 117.0 20.0 10.0
144.0 157.0 20.0 10.0
91.0 107.0 20.0 10.0
62.0 121.0 20.0 10.0
152.0 110.0 20.0 10.0
72.0 133.0 20.0 10.0
113.0 161.0 20.0 10.0
114.0 133.0 20.0 10.0
103.0 73.0 20.0 10.0
132.0 119.0 20.0 10.0
66.0 90.0 20.0 10.0
76.0 113.0 20.0 10.0
124.0 85.0 20.0 10.0
84.0 63.0 20.0 10.0
82.0 88.0 20.0 10.0
39.0 123.0 20.0 10.0
92.0 136.0 20.0 10.0
100.0 77.0 20.0 10.0
66.0 61.0 20.0 10.0
78.0 55.0 20.0 10.0
116.0 131.0 20.0 10.0
127.0 76.0 20.0 10.0
146.0 73.0 20.0 10.0
87.0 69.0 20.0 10.0
132.0 166.0 20.0 10.0
125.0 87.0 20.0 10.0
128.0 90.0 20.0 10.0
77.0 98.0 20.0 10.0
70.0 87.0 20.0 10.0
105.0 98.0 20.0 10.0
133.0 125.0 20.0 10.0
70.0 122.0 20.0 10.0
62.0 138.0 20.0 10.0
109.0 127.0 20.0 10.0
72.0 159.0 20.0 10.0
167.0 151.0 20.0 10.0
92.0 147.0 20.0 10.0
