500
59.0 103.0 20.0 10.0
90.0 123.0 20.0 10.0
79.0 64.0 20.0 10.0
130.0 147.0 20.0 10.0
133.0 103.0 20.0 10.0
74.0 124.0 20.0 10.0
25.0 76.0 20.0 10.0
136.0 150.0 20.0 10.0
113.0 162.0 20.0 10.0
100.0 47.0 20.0 10.0
119.0 83.0 20.0 10.0
109.0 65.0 20.0 10.0
147.0 95.0 20.0 10.0
151.0 139.0 20.0 10.0
93.0 75.0 20.0 10.0
71.0 88.0 20.0 10.0
120.0 131.0 20.0 10.0
88.0 101.0 20.0 10.0
127.0 79.0 20.0 10.0
110.0 138.0 20.0 10.0
81.0 114.0 20.0 10.0
142.0 77.0 20.0 10.0
51.0 77.0 20.0 10.0
81.0 72.0 20.0 10.0
85.0 131.0 20.0 10.0
81.0 84.0 20.0 10.0
91.0 81.0 20.0 10.0
109.0 88.0 20.0 10.0
60.0 183.0 20.0 10.0
136.0 74.0 20.0 10.0
113.0 57.0 20.0 10.0
112.0 130.0 20.0 10.0
130.0 137.0 20.0 10.0
94.0 81.0 20.0 10.0
192.0 122.0 20.0 10.0
120.0 109.0 20.0 10.0
130.0 82.0 20.0 10.0
119.0 93.0 20.0 10.0
76.0 131.0 20.0 10.0
73.0 78.0 20.0 10.0
101.0 114.0 20.0 10.0
99.0 94.0 20.0 10.0
171.0 85.0 20.0 10.0
147.0 59.0 20.0 10.0
132.0 114.0 20.0 10.0
110.0 78.0 20.0 10.0
100.0 55.0 20.0 10.0
134.0 68.0 20.0 10.0
57.0 85.0 20.0 10.0
146.0 88.0 20.0 10.0
159.0 122.0 20.0 10.0
54.0 121.0 20.0 10.0
102.0 110.0 20.0 10.0
176.0 48.0 20.0 10.0
74.0 137.0 20.0 10.0
137.0 64.0 20.0 10.0
131.0 112.0 20.0 10.0
97.0 111.0 20.0 10.0
103.0 103.0 20.0 10.0
115.0 82.0 20.0 10.0
70.0 112.0 20.0 10.0
90.0 109.0 20.0 10.0
120.0 120.0 20.0 10.0
97.0 141.0 20.0 10.0
52.0 112.0 20.0 10.0
66.0 125.0 20.0 10.0
100.0 110.0 20.0 10.0
141.0 96.0 20.0 10.0
90.0 86.0 20.0 10.0
114.0 128.0 20.0 10.0
46.0 95.0 20.0 10.0
116.0 137.0 20.0 10.0
93.0 87.0 20.0 10.0
67.0 137.0 20.0 10.0
107.0 99.0 20.0 10.0
78.0 102.0 20.0 10.0
99.0 130.0 20.0 10.0
82.0 112.0 20.0 10.0
121.0 104.0 20.0 10.0
124.0 55.0 20.0 10.0
104.0 100.0 20.0 10.0
144.0 91.0 20.0 10.0
105.0 90.0 20.0 10.0
157.0 127.0 20.0 10.0
135.0 157.0 20.0 10.0
119.0 76.0 20.0 10.0
118.0 139.0 20.0 10.0
190.0 88.0 20.0 10.0
130.0 133.0 20.0 10.0
98.0 101.0 20.0 10.0
140.0 76.0 20.0 10.0
117.0 79.0 20.0 10.0
104.0 92.0 20.0 10.0
126.0 133.0 20.0 10.0
170.0 186.0 20.0 10.0
137.0 96.0 20.0 10.0
129.0 69.0 20.0 10.0
120.0 150.0 20.0 10.0
49.0 145.0 20.0 10.0
88.0 114.0 20.0 10.0
112.0 142.0 20.0 10.0
120.0 82.0 20.0 10.0
137.0 162.0 20.0 10.0
142.0 82.0 20.0 10.0
130.0 117.0 20.0 10.0
145.0 143.0 20.0 10.0
94.0 109.0 20.0 10.0
112.0 151.0 20.0 10.0
135.0 47.0 20.0 10.0
87.0 51.0 20.0 10.0
113.0 153.0 20.0 10.0
117.0 107.0 20.0 10.0
58.0 91.0 20.0 10.0
99.0 120.0 20.0 10.0
152.0 161.0 20.0 10.0
115.0 64.0 20.0 10.0
84.0 78.0 20.0 10.0
105.0 82.0 20.0 10.0
145.0 65.0 20.0 10.0
82.0 75.0 20.0 10.0
102.0 123.0 20.0 10.0
122.0 129.0 20.0 10.0
129.0 125.0 20.0 10.0
76.0 146.0 20.0 10.0
145.0 75.0 20.0 10.0
125.0 105.0 20.0 10.0
103.0 25.0 20.0 10.0
121.0 112.0 20.0 10.0
112.0 84.0 20.0 10.0
143.0 117.0 20.0 10.0
158.0 115.0 20.0 10.0
65.0 84.0 20.0 10.0
162.0 137.0 20.0 10.0
152.0 106.0 20.0 10.0
148.0 127.0 20.0 10.0
106.0 134.0 20.0 10.0
121.0 145.0 20.0 10.0
88.0 71.0 20.0 10.0
135.0 88.0 20.0 10.0
95.0 130.0 20.0 10.0
134.0 96.0 20.0 10.0
80.0 96.0 20.0 10.0
105.0 156.0 20.0 10.0
67.0 63.0 20.0 10.0
64.0 132.0 20.0 10.0
147.0 80.0 20.0 10.0
91.0 139.0 20.0 10.0
72.0 94.0 20.0 10.0
113.0 107.0 20.0 10.0
128.0 96.0 20.0 10.0
76.0 105.0 20.0 10.0
113.0 88.0 20.0 10.0
123.0 90.0 20.0 10.0
73.0 96.0 20.0 10.0
135.0 138.0 20.0 10.0
58.0 135.0 20.0 10.0
154.0 94.0 20.0 10.0
84.0 91.0 20.0 10.0
99.0 115.0 20.0 10.0
139.0 109.0 20.0 10.0
139.0 81.0 20.0 10.0
81.0 144.0 20.0 10.0
158.0 106.0 20.0 10.0
122.0 49.0 20.0 10.0
169.0 119.0 20.0 10.0
133.0 106.0 20.0 10.0
166.0 110.0 20.0 10.0
84.0 117.0 20.0 10.0
119.0 133.0 20.0 10.0
66.0 131.0 20.0 10.0
48.0 97.0 20.0 10.0
94.0 114.0 20.0 10.0
149.0 106.0 20.0 10.0
104.0 122.0 20.0 10.0
104.0 61.0 20.0 10.0
108.0 124.0 20.0 10.0
117.0 54.0 20.0 10.0
106.0 105.0 20.0 10.0
142.0 166.0 20.0 10.0
138.0 91.0 20.0 10.0
72.0 131.0 20.0 10.0
96.0 66.0 20.0 10.0
96.0 94.0 20.0 10.0
121.0 115.0 20.0 10.0
81.0 123.0 20.0 10.0
150.0 120.0 20.0 10.0
94.0 105.0 20.0 10.0
124.0 123.0 20.0 10.0
86.0 110.0 20.0 10.0
104.0 132.0 20.0 10.0
77.0 94.0 20.0 10.0
134.0 101.0 20.0 10.0
155.0 147.0 20.0 10.0
123.0 135.0 20.0 10.0
98.0 125.0 20.0 10.0
83.0 129.0 20.0 10.0
120.0 127.0 20.0 10.0
88.0 76.0 20.0 10.0
119.0 39.0 20.0 10.0
124.0 152.0 20.0 10.0
109.0 94.0 20.0 10.0
116.0 129.0 20.0 10.0
108.0 134.0 20.0 10.0
146.0 97.0 20.0 10.0
86.0 121.0 20.0 10.0
95.0 99.0 20.0 10.0
137.0 116.0 20.0 10.0
93.0 126.0 20.0 10.0
80.0 103.0 20.0 10.0
114.0 105.0 20.0 10.0
116.0 144.0 20.0 10.0
148.0 143.0 20.0 10.0
94.0 97.0 20.0 10.0
131.0 62.0 20.0 10.0
61.0 56.0 20.0 10.0
73.0 58.0 20.0 10.0
72.0 67.0 20.0 10.0
104.0 130.0 20.0 10.0
95.0 116.0 20.0 10.0
92.0 73.0 20.0 10.0
173.0 90.0 20.0 10.0
87.0 81.0 20.0 10.0
105.0 140.0 20.0 10.0
111.0 111.0 20.0 10.0
198.0 105.0 20.0 10.0
95.0 153.0 20.0 10.0
131.0 126.0 20.0 10.0
116.0 87.0 20.0 10.0
103.0 63.0 20.0 10.0
87.0 94.0 20.0 10.0
75.0 110.0 20.0 10.0
129.0 89.0 20.0 10.0
120.0 90.0 20.0 10.0
120.0 102.0 20.0 10.0
88.0 107.0 20.0 10.0
92.0 107.0 20.0 10.0
64.0 150.0 20.0 10.0
129.0 102.0 20.0 10.0
111.0 81.0 20.0 10.0
124.0 65.0 20.0 10.0
63.0 49.0 20.0 10.0
76.0 82.0 20.0 10.0
70.0 126.0 20.0 10.0
117.0 115.0 20.0 10.0
105.0 73.0 20.0 10.0
91.0 102.0 20.0 10.0
116.0 97.0 20.0 10.0
122.0 78.0 20.0 10.0
130.0 87.0 20.0 10.0
141.0 119.0 20.0 10.0
140.0 114.0 20.0 10.0
71.0 140.0 20.0 10.0
84.0 142.0 20.0 10.0
124.0 117.0 20.0 10.0
121.0 69.0 20.0 10.0
170.0 135.0 20.0 10.0
111.0 97.0 20.0 10.0
105.0 126.0 20.0 10.0
119.0 118.0 20.0 10.0
116.0 122.0 20.0 10.0
146.0 131.0 20.0 10.0
138.0 125.0 20.0 10.0
91.0 159.0 20.0 10.0
127.0 75.0 20.0 10.0
78.0 117.0 20.0 10.0
178.0 95.0 20.0 10.0
106.0 75.0 20.0 10.0
124.0 102.0 20.0 10.0
92.0 97.0 20.0 10.0
123.0 74.0 20.0 10.0
137.0 120.0 20.0 10.0
131.0 155.0 20.0 10.0
134.0 79.0 20.0 10.0
104.0 51.0 20.0 10.0
129.0 41.0 20.0 10.0
105.0 63.0 20.0 10.0
101.0 69.0 20.0 10.0
87.0 117.0 20.0 10.0
114.0 77.0 20.0 10.0
163.0 99.0 20.0 10.0
107.0 115.0 20.0 10.0
141.0 109.0 20.0 10.0
99.0 158.0 20.0 10.0
108.0 118.0 20.0 10.0
160.0 107.0 20.0 10.0
100.0 149.0 20.0 10.0
130.0 106.0 20.0 10.0
51.0 103.0 20.0 10.0
130.0 98.0 20.0 10.0
110.0 114.0 20.0 10.0
101.0 144.0 20.0 10.0
126.0 61.0 20.0 10.0
118.0 49.0 20.0 10.0
117.0 74.0 20.0 10.0
145.0 101.0 20.0 10.0
136.0 106.0 20.0 10.0
178.0 115.0 20.0 10.0
82.0 146.0 20.0 10.0
111.0 90.0 20.0 10.0
117.0 101.0 20.0 10.0
116.0 70.0 20.0 10.0
105.0 150.0 20.0 10.0
158.0 60.0 20.0 10.0
63.0 102.0 20.0 10.0
90.0 131.0 20.0 10.0
166.0 141.0 20.0 10.0
154.0 70.0 20.0 10.0
81.0 161.0 20.0 10.0
83.0 88.0 20.0 10.0
70.0 70.0 20.0 10.0
90.0 149.0 20.0 10.0
95.0 137.0 20.0 10.0
159.0 126.0 20.0 10.0
148.0 139.0 20.0 10.0
112.0 146.0 20.0 10.0
124.0 93.0 20.0 10.0
134.0 122.0 20.0 10.0
100.0 137.0 20.0 10.0
64.0 99.0 20.0 10.0
113.0 66.0 20.0 10.0
41.0 82.0 20.0 10.0
134.0 129.0 20.0 10.0
156.0 73.0 20.0 10.0
157.0 75.0 20.0 10.0
64.0 113.0 20.0 10.0
84.0 83.0 20.0 10.0
144.0 49.0 20.0 10.0
148.0 74.0 20.0 10.0
149.0 150.0 20.0 10.0
130.0 77.0 20.0 10.0
111.0 48.0 20.0 10.0
87.0 87.0 20.0 10.0
134.0 125.0 20.0 10.0
55.0 133.0 20.0 10.0
150.0 68.0 20.0 10.0
126.0 70.0 20.0 10.0
153.0 132.0 20.0 10.0
126.0 82.0 20.0 10.0
93.0 113.0 20.0 10.0
118.0 110.0 20.0 10.0
118.0 91.0 20.0 10.0
80.0 123.0 20.0 10.0
104.0 107.0 20.0 10.0
107.0 151.0 20.0 10.0
122.0 95.0 20.0 10.0
155.0 136.0 20.0 10.0
119.0 96.0 20.0 10.0
158.0 123.0 20.0 10.0
126.0 88.0 20.0 10.0
92.0 136.0 20.0 10.0
95.0 79.0 20.0 10.0
163.0 77.0 20.0 10.0
109.0 104.0 20.0 10.0
28.0 77.0 20.0 10.0
147.0 108.0 20.0 10.0
124.0 44.0 20.0 10.0
62.0 66.0 20.0 10.0
88.0 156.0 20.0 10.0
86.0 105.0 20.0 10.0
104.0 87.0 20.0 10.0
175.0 108.0 20.0 10.0
85.0 63.0 20.0 10.0
144.0 128.0 20.0 10.0
111.0 61.0 20.0 10.0
132.0 136.0 20.0 10.0
100.0 93.0 20.0 10.0
125.0 120.0 20.0 10.0
83.0 107.0 20.0 10.0
71.0 114.0 20.0 10.0
137.0 71.0 20.0 10.0
62.0 86.0 20.0 10.0
60.0 71.0 20.0 10.0
157.0 111.0 20.0 10.0
107.0 126.0 20.0 10.0
123.0 140.0 20.0 10.0
148.0 115.0 20.0 10.0
133.0 93.0 20.0 10.0
92.0 152.0 20.0 10.0
168.0 55.0 20.0 10.0
158.0 89.0 20.0 10.0
119.0 63.0 20.0 10.0
127.0 143.0 20.0 10.0
160.0 87.0 20.0 10.0
92.0 66.0 20.0 10.0
117.0 85.0 20.0 10.0
78.0 99.0 20.0 10.0
114.0 94.0 20.0 10.0
141.0 124.0 20.0 10.0
38.0 104.0 20.0 10.0
110.0 129.0 20.0 10.0
60.0 114.0 20.0 10.0
89.0 44.0 20.0 10.0
98.0 67.0 20.0 10.0
110.0 178.0 20.0 10.0
137.0 108.0 20.0 10.0
100.0 98.0 20.0 10.0
99.0 61.0 20.0 10.0
86.0 99.0 20.0 10.0
114.0 74.0 20.0 10.0
107.0 121.0 20.0 10.0
105.0 111.0 20.0 10.0
92.0 93.0 20.0 10.0
101.0 76.0 20.0 10.0
81.0 99.0 20.0 10.0
136.0 131.0 20.0 10.0
80.0 138.0 20.0 10.0
88.0 97.0 20.0 10.0
76.0 89.0 20.0 10.0
135.0 99.0 20.0 10.0
80.0 108.0 20.0 10.0
114.0 111.0 20.0 10.0
131.0 48.0 20.0 10.0
71.0 118.0 20.0 10.0
117.0 143.0 20.0 10.0
123.0 100.0 20.0 10.0
127.0 127.0 20.0 10.0
114.0 136.0 20.0 10.0
104.0 79.0 20.0 10.0
100.0 112.0 20.0 10.0
159.0 163.0 20.0 10.0
117.0 113.0 20.0 10.0
103.0 134.0 20.0 10.0
138.0 132.0 20.0 10.0
129.0 66.0 20.0 10.0
99.0 78.0 20.0 10.0
63.0 94.0 20.0 10.0
120.0 106.0 20.0 10.0
102.0 96.0 20.0 10.0
111.0 76.0 20.0 10.0
68.0 101.0 20.0 10.0
96.0 102.0 20.0 10.0
139.0 103.0 20.0 10.0
124.0 113.0 20.0 10.0
155.0 102.0 20.0 10.0
91.0 120.0 20.0 10.0
88.0 123.0 20.0 10.0
84.0 115.0 20.0 10.0
80.0 88.0 20.0 10.0
63.0 128.0 20.0 10.0
91.0 76.0 20.0 10.0
131.0 84.0 20.0 10.0
60.0 117.0 20.0 10.0
108.0 77.0 20.0 10.0
113.0 121.0 20.0 10.0
102.0 127.0 20.0 10.0
83.0 103.0 20.0 10.0
135.0 83.0 20.0 10.0
149.0 159.0 20.0 10.0
140.0 66.0 20.0 10.0
128.0 110.0 20.0 10.0
52.0 91.0 20.0 10.0
128.0 91.0 20.0 10.0
94.0 57.0 20.0 10.0
146.0 42.0 20.0 10.0
82.0 151.0 20.0 10.0
103.0 90.0 20.0 10.0
61.0 83.0 20.0 10.0
89.0 83.0 20.0 10.0
108.0 111.0 20.0 10.0
101.0 85.0 20.0 10.0
155.0 92.0 20.0 10.0
149.0 99.0 20.0 10.0
109.0 66.0 20.0 10.0
115.0 106.0 20.0 10.0
138.0 138.0 20.0 10.0
99.0 133.0 20.0 10.0
31.0 153.0 20.0 10.0
100.0 89.0 20.0 10.0
151.0 110.0 20.0 10.0
148.0 77.0 20.0 10.0
79.0 79.0 20.0 10.0
93.0 117.0 20.0 10.0
73.0 107.0 20.0 10.0
158.0 82.0 20.0 10.0
137.0 128.0 20.0 10.0
183.0 122.0 20.0 10.0
114.0 114.0 20.0 10.0
152.0 98.0 20.0 10.0
99.0 70.0 20.0 10.0
99.0 58.0 20.0 10.0
49.0 129.0 20.0 10.0
44.0 87.0 20.0 10.0
107.0 86.0 20.0 10.0
48.0 70.0 20.0 10.0
128.0 55.0 20.0 10.0
78.0 67.0 20.0 10.0
105.0 160.0 20.0 10.0
69.0 77.0 20.0 10.0
102.0 118.0 20.0 10.0
57.0 112.0 20.0 10.0
90.0 51.0 20.0 10.0
133.0 83.0 20.0 10.0
94.0 133.0 20.0 10.0
98.0 75.0 20.0 10.0
149.0 85.0 20.0 10.0
25.0 236.0 20.0 10.0
155.0 57.0 20.0 10.0
154.0 116.0 20.0 10.0
108.0 72.0 20.0 10.0
107.0 56.0 20.0 10.0
