500
87.0 91.0 20.0 10.0
151.0 110.0 20.0 10.0
105.0 135.0 20.0 10.0
146.0 192.0 20.0 10.0
182.0 148.0 20.0 10.0
156.0 101.0 20.0 10.0
160.0 60.0 20.0 10.0
189.0 111.0 20.0 10.0
84.0 106.0 20.0 10.0
132.0 80.0 20.0 10.0
87.0 80.0 20.0 10.0
106.0 106.0 20.0 10.0
117.0 120.0 20.0 10.0
158.0 88.0 20.0 10.0
112.0 67.0 20.0 10.0
154.0 121.0 20.0 10.0
123.0 146.0 20.0 10.0
93.0 69.0 20.0 10.0
195.0 176.0 20.0 10.0
124.0 120.0 20.0 10.0
152.0 124.0 20.0 10.0
146.0 179.0 20.0 10.0
86.0 118.0 20.0 10.0
157.0 118.0 20.0 10.0
97.0 121.0 20.0 10.0
102.0 116.0 20.0 10.0
172.0 129.0 20.0 10.0
96.0 144.0 20.0 10.0
127.0 69.0 20.0 10.0
77.0 141.0 20.0 10.0
195.0 95.0 20.0 10.0
120.0 85.0 20.0 10.0
123.0 107.0 20.0 10.0
144.0 151.0 20.0 10.0
167.0 99.0 20.0 10.0
159.0 112.0 20.0 10.0
145.0 77.0 20.0 10.0
93.0 148.0 20.0 10.0
100.0 98.0 20.0 10.0
141.0 56.0 20.0 10.0
128.0 142.0 20.0 10.0
155.0 161.0 20.0 10.0
146.0 48.0 20.0 10.0
125.0 135.0 20.0 10.0
195.0 144.0 20.0 10.0
134.0 135.0 20.0 10.0
146.0 95.0 20.0 10.0
201.0 78.0 20.0 10.0
93.0 110.0 20.0 10.0
160.0 129.0 20.0 10.0
120.0 129.0 20.0 10.0
115.0 103.0 20.0 10.0
174.0 135.0 20.0 10.0
120.0 107.0 20.0 10.0
100.0 136.0 20.0 10.0
139.0 154.0 20.0 10.0
153.0 92.0 20.0 10.0
100.0 114.0 20.0 10.0
97.0 103.0 20.0 10.0
151.0 134.0 20.0 10.0
120.0 115.0 20.0 10.0
161.0 116.0 20.0 10.0
112.0 160.0 20.0 10.0
128.0 110.0 20.0 10.0
102.0 87.0 20.0 10.0
93.0 84.0 20.0 10.0
185.0 146.0 20.0 10.0
180.0 91.0 20.0 10.0
123.0 75.0 20.0 10.0
157.0 133.0 20.0 10.0
176.0 118.0 20.0 10.0
155.0 106.0 20.0 10.0
149.0 96.0 20.0 10.0
148.0 73.0 20.0 10.0
74.0 116.0 20.0 10.0
171.0 60.0 20.0 10.0
135.0 125.0 20.0 10.0
155.0 95.0 20.0 10.0
114.0 107.0 20.0 10.0
154.0 114.0 20.0 10.0
140.0 110.0 20.0 10.0
158.0 155.0 20.0 10.0
66.0 41.0 20.0 10.0
106.0 138.0 20.0 10.0
132.0 54.0 20.0 10.0
117.0 67.0 20.0 10.0
131.0 118.0 20.0 10.0
141.0 112.0 20.0 10.0
145.0 103.0 20.0 10.0
141.0 90.0 20.0 10.0
161.0 92.0 20.0 10.0
70.0 129.0 20.0 10.0
154.0 97.0 20.0 10.0
158.0 99.0 20.0 10.0
198.0 72.0 20.0 10.0
97.0 117.0 20.0 10.0
150.0 107.0 20.0 10.0
152.0 68.0 20.0 10.0
114.0 166.0 20.0 10.0
117.0 151.0 20.0 10.0
122.0 138.0 20.0 10.0
153.0 74.0 20.0 10.0
197.0 130.0 20.0 10.0
102.0 100.0 20.0 10.0
108.0 181.0 20.0 10.0
128.0 119.0 20.0 10.0
152.0 64.0 20.0 10.0
160.0 148.0 20.0 10.0
134.0 57.0 20.0 10.0
123.0 165.0 20.0 10.0
108.0 63.0 20.0 10.0
124.0 141.0 20.0 10.0
184.0 82.0 20.0 10.0
155.0 118.0 20.0 10.0
139.0 135.0 20.0 10.0
171.0 119.0 20.0 10.0
123.0 71.0 20.0 10.0
125.0 122.0 20.0 10.0
140.0 92.0 20.0 10.0
127.0 83.0 20.0 10.0
147.0 82.0 20.0 10.0
128.0 80.0 20.0 10.0
99.0 150.0 20.0 10.0
166.0 145.0 20.0 10.0
160.0 80.0 20.0 10.0
143.0 115.0 20.0 10.0
170.0 102.0 20.0 10.0
134.0 70.0 20.0 10.0
120.0 66.0 20.0 10.0
99.0 94.0 20.0 10.0
194.0 85.0 20.0 10.0
154.0 149.0 20.0 10.0
179.0 121.0 20.0 10.0
124.0 59.0 20.0 10.0
190.0 95.0 20.0 10.0
164.0 99.0 20.0 10.0
89.0 145.0 20.0 10.0
88.0 72.0 20.0 10.0
133.0 95.0 20.0 10.0
187.0 104.0 20.0 10.0
171.0 109.0 20.0 10.0
132.0 130.0 20.0 10.0
101.0 163.0 20.0 10.0
25.0 25.0 20.0 10.0
135.0 109.0 20.0 10.0
186.0 135.0 20.0 10.0
113.0 93.0 20.0 10.0
155.0 116.0 20.0 10.0
193.0 90.0 20.0 10.0
178.0 123.0 20.0 10.0
153.0 137.0 20.0 10.0
156.0 158.0 20.0 10.0
153.0 142.0 20.0 10.0
93.0 78.0 20.0 10.0
136.0 60.0 20.0 10.0
137.0 168.0 20.0 10.0
145.0 140.0 20.0 10.0
103.0 91.0 20.0 10.0
107.0 98.0 20.0 10.0
120.0 72.0 20.0 10.0
122.0 131.0 20.0 10.0
133.0 139.0 20.0 10.0
138.0 84.0 20.0 10.0
98.0 128.0 20.0 10.0
194.0 107.0 20.0 10.0
123.0 82.0 20.0 10.0
189.0 82.0 20.0 10.0
138.0 124.0 20.0 10.0
153.0 112.0 20.0 10.0
167.0 118.0 20.0 10.0
144.0 107.0 20.0 10.0
170.0 73.0 20.0 10.0
131.0 114.0 20.0 10.0
119.0 141.0 20.0 10.0
163.0 42.0 20.0 10.0
162.0 78.0 20.0 10.0
163.0 162.0 20.0 10.0
132.0 105.0 20.0 10.0
147.0 147.0 20.0 10.0
117.0 91.0 20.0 10.0
128.0 102.0 20.0 10.0
149.0 117.0 20.0 10.0
142.0 82.0 20.0 10.0
124.0 114.0 20.0 10.0
125.0 106.0 20.0 10.0
174.0 98.0 20.0 10.0
123.0 104.0 20.0 10.0
156.0 139.0 20.0 10.0
110.0 101.0 20.0 10.0
91.0 134.0 20.0 10.0
128.0 122.0 20.0 10.0
144.0 90.0 20.0 10.0
175.0 150.0 20.0 10.0
170.0 116.0 20.0 10.0
187.0 138.0 20.0 10.0
148.0 152.0 20.0 10.0
159.0 135.0 20.0 10.0
121.0 100.0 20.0 10.0
160.0 120.0 20.0 10.0
87.0 86.0 20.0 10.0
111.0 121.0 20.0 10.0
139.0 79.0 20.0 10.0
172.0 126.0 20.0 10.0
131.0 95.0 20.0 10.0
128.0 57.0 20.0 10.0
178.0 106.0 20.0 10.0
162.0 140.0 20.0 10.0
143.0 135.0 20.0 10.0
110.0 111.0 20.0 10.0
124.0 54.0 20.0 10.0
78.0 130.0 20.0 10.0
108.0 101.0 20.0 10.0
103.0 107.0 20.0 10.0
162.0 84.0 20.0 10.0
166.0 97.0 20.0 10.0
117.0 80.0 20.0 10.0
105.0 112.0 20.0 10.0
131.0 100.0 20.0 10.0
86.0 102.0 20.0 10.0
105.0 79.0 20.0 10.0
106.0 117.0 20.0 10.0
123.0 128.0 20.0 10.0
135.0 143.0 20.0 10.0
144.0 131.0 20.0 10.0
137.0 103.0 20.0 10.0
127.0 126.0 20.0 10.0
169.0 52.0 20.0 10.0
187.0 94.0 20.0 10.0
107.0 125.0 20.0 10.0
120.0 134.0 20.0 10.0
172.0 147.0 20.0 10.0
141.0 132.0 20.0 10.0
157.0 95.0 20.0 10.0
207.0 110.0 20.0 10.0
162.0 70.0 20.0 10.0
68.0 99.0 20.0 10.0
149.0 58.0 20.0 10.0
140.0 123.0 20.0 10.0
85.0 138.0 20.0 10.0
142.0 120.0 20.0 10.0
154.0 109.0 20.0 10.0
95.0 127.0 20.0 10.0
178.0 90.0 20.0 10.0
147.0 109.0 20.0 10.0
197.0 140.0 20.0 10.0
127.0 89.0 20.0 10.0
137.0 114.0 20.0 10.0
166.0 93.0 20.0 10.0
146.0 66.0 20.0 10.0
158.0 115.0 20.0 10.0
152.0 83.0 20.0 10.0
179.0 140.0 20.0 10.0
148.0 142.0 20.0 10.0
131.0 69.0 20.0 10.0
147.0 133.0 20.0 10.0
130.0 83.0 20.0 10.0
141.0 106.0 20.0 10.0
135.0 104.0 20.0 10.0
158.0 141.0 20.0 10.0
93.0 83.0 20.0 10.0
137.0 140.0 20.0 10.0
85.0 87.0 20.0 10.0
157.0 83.0 20.0 10.0
108.0 113.0 20.0 10.0
97.0 111.0 20.0 10.0
147.0 120.0 20.0 10.0
148.0 106.0 20.0 10.0
117.0 110.0 20.0 10.0
124.0 124.0 20.0 10.0
134.0 145.0 20.0 10.0
193.0 33.0 20.0 10.0
177.0 115.0 20.0 10.0
138.0 128.0 20.0 10.0
115.0 97.0 20.0 10.0
146.0 73.0 20.0 10.0
94.0 114.0 20.0 10.0
129.0 118.0 20.0 10.0
76.0 99.0 20.0 10.0
161.0 133.0 20.0 10.0
133.0 155.0 20.0 10.0
133.0 77.0 20.0 10.0
156.0 76.0 20.0 10.0
73.0 71.0 20.0 10.0
110.0 125.0 20.0 10.0
109.0 118.0 20.0 10.0
115.0 116.0 20.0 10.0
132.0 152.0 20.0 10.0
104.0 153.0 20.0 10.0
139.0 87.0 20.0 10.0
119.0 98.0 20.0 10.0
144.0 165.0 20.0 10.0
133.0 133.0 20.0 10.0
162.0 94.0 20.0 10.0
153.0 147.0 20.0 10.0
104.0 126.0 20.0 10.0
145.0 81.0 20.0 10.0
115.0 111.0 20.0 10.0
108.0 158.0 20.0 10.0
149.0 78.0 20.0 10.0
179.0 92.0 20.0 10.0
150.0 100.0 20.0 10.0
147.0 113.0 20.0 10.0
158.0 130.0 20.0 10.0
153.0 82.0 20.0 10.0
148.0 88.0 20.0 10.0
160.0 139.0 20.0 10.0
128.0 161.0 20.0 10.0
104.0 94.0 20.0 10.0
112.0 79.0 20.0 10.0
110.0 196.0 20.0 10.0
127.0 73.0 20.0 10.0
79.0 97.0 20.0 10.0
117.0 125.0 20.0 10.0
90.0 114.0 20.0 10.0
109.0 75.0 20.0 10.0
89.0 101.0 20.0 10.0
143.0 125.0 20.0 10.0
117.0 82.0 20.0 10.0
173.0 82.0 20.0 10.0
123.0 92.0 20.0 10.0
140.0 59.0 20.0 10.0
115.0 62.0 20.0 10.0
104.0 146.0 20.0 10.0
158.0 89.0 20.0 10.0
110.0 72.0 20.0 10.0
137.0 131.0 20.0 10.0
155.0 92.0 20.0 10.0
115.0 148.0 20.0 10.0
184.0 64.0 20.0 10.0
164.0 122.0 20.0 10.0
111.0 150.0 20.0 10.0
182.0 114.0 20.0 10.0
77.0 127.0 20.0 10.0
111.0 83.0 20.0 10.0
176.0 102.0 20.0 10.0
161.0 125.0 20.0 10.0
176.0 112.0 20.0 10.0
179.0 150.0 20.0 10.0
192.0 100.0 20.0 10.0
118.0 165.0 20.0 10.0
166.0 110.0 20.0 10.0
112.0 104.0 20.0 10.0
142.0 155.0 20.0 10.0
165.0 139.0 20.0 10.0
126.0 119.0 20.0 10.0
80.0 142.0 20.0 10.0
130.0 90.0 20.0 10.0
119.0 101.0 20.0 10.0
90.0 156.0 20.0 10.0
94.0 170.0 20.0 10.0
112.0 120.0 20.0 10.0
178.0 109.0 20.0 10.0
168.0 108.0 20.0 10.0
164.0 114.0 20.0 10.0
155.0 126.0 20.0 10.0
136.0 174.0 20.0 10.0
159.0 42.0 20.0 10.0
180.0 168.0 20.0 10.0
165.0 151.0 20.0 10.0
138.0 100.0 20.0 10.0
95.0 98.0 20.0 10.0
146.0 99.0 20.0 10.0
148.0 162.0 20.0 10.0
113.0 76.0 20.0 10.0
188.0 61.0 20.0 10.0
154.0 175.0 20.0 10.0
64.0 105.0 20.0 10.0
104.0 72.0 20.0 10.0
200.0 119.0 20.0 10.0
131.0 93.0 20.0 10.0
141.0 139.0 20.0 10.0
168.0 80.0 20.0 10.0
162.0 119.0 20.0 10.0
103.0 121.0 20.0 10.0
178.0 85.0 20.0 10.0
168.0 88.0 20.0 10.0
174.0 75.0 20.0 10.0
134.0 98.0 20.0 10.0
157.0 151.0 20.0 10.0
92.0 118.0 20.0 10.0
170.0 137.0 20.0 10.0
162.0 57.0 20.0 10.0
124.0 149.0 20.0 10.0
137.0 117.0 20.0 10.0
196.0 91.0 20.0 10.0
146.0 128.0 20.0 10.0
143.0 101.0 20.0 10.0
111.0 47.0 20.0 10.0
141.0 144.0 20.0 10.0
94.0 92.0 20.0 10.0
115.0 135.0 20.0 10.0
185.0 118.0 20.0 10.0
128.0 165.0 20.0 10.0
128.0 132.0 20.0 10.0
149.0 136.0 20.0 10.0
181.0 95.0 20.0 10.0
107.0 73.0 20.0 10.0
114.0 149.0 20.0 10.0
152.0 118.0 20.0 10.0
114.0 162.0 20.0 10.0
132.0 110.0 20.0 10.0
126.0 114.0 20.0 10.0
177.0 52.0 20.0 10.0
120.0 76.0 20.0 10.0
183.0 124.0 20.0 10.0
180.0 102.0 20.0 10.0
120.0 137.0 20.0 10.0
113.0 130.0 20.0 10.0
124.0 96.0 20.0 10.0
123.0 61.0 20.0 10.0
112.0 86.0 20.0 10.0
176.0 66.0 20.0 10.0
139.0 51.0 20.0 10.0
180.0 76.0 20.0 10.0
134.0 115.0 20.0 10.0
83.0 96.0 20.0 10.0
166.0 125.0 20.0 10.0
82.0 114.0 20.0 10.0
128.0 53.0 20.0 10.0
127.0 148.0 20.0 10.0
150.0 126.0 20.0 10.0
112.0 113.0 20.0 10.0
140.0 94.0 20.0 10.0
114.0 73.0 20.0 10.0
154.0 54.0 20.0 10.0
101.0 63.0 20.0 10.0
134.0 151.0 20.0 10.0
45.0 148.0 20.0 10.0
107.0 109.0 20.0 10.0
182.0 98.0 20.0 10.0
175.0 90.0 20.0 10.0
98.0 83.0 20.0 10.0
160.0 105.0 20.0 10.0
98.0 73.0 20.0 10.0
132.0 124.0 20.0 10.0
126.0 99.0 20.0 10.0
174.0 129.0 20.0 10.0
130.0 112.0 20.0 10.0
54.0 124.0 20.0 10.0
156.0 124.0 20.0 10.0
92.0 96.0 20.0 10.0
142.0 85.0 20.0 10.0
171.0 65.0 20.0 10.0
164.0 124.0 20.0 10.0
102.0 49.0 20.0 10.0
110.0 91.0 20.0 10.0
156.0 66.0 20.0 10.0
161.0 109.0 20.0 10.0
79.0 71.0 20.0 10.0
168.0 113.0 20.0 10.0
192.0 129.0 20.0 10.0
149.0 129.0 20.0 10.0
133.0 89.0 20.0 10.0
110.0 137.0 20.0 10.0
156.0 79.0 20.0 10.0
137.0 81.0 20.0 10.0
168.0 158.0 20.0 10.0
138.0 97.0 20.0 10.0
99.0 59.0 20.0 10.0
109.0 140.0 20.0 10.0
127.0 157.0 20.0 10.0
126.0 97.0 20.0 10.0
125.0 85.0 20.0 10.0
151.0 157.0 20.0 10.0
168.0 121.0 20.0 10.0
136.0 77.0 20.0 10.0
112.0 90.0 20.0 10.0
49.0 73.0 20.0 10.0
121.0 153.0 20.0 10.0
119.0 83.0 20.0 10.0
169.0 91.0 20.0 10.0
151.0 77.0 20.0 10.0
121.0 118.0 20.0 10.0
84.0 143.0 20.0 10.0
148.0 92.0 20.0 10.0
162.0 74.0 20.0 10.0
128.0 98.0 20.0 10.0
186.0 88.0 20.0 10.0
162.0 96.0 20.0 10.0
110.0 131.0 20.0 10.0
152.0 88.0 20.0 10.0
191.0 105.0 20.0 10.0
133.0 168.0 20.0 10.0
136.0 87.0 20.0 10.0
157.0 108.0 20.0 10.0
99.0 77.0 20.0 10.0
118.0 76.0 20.0 10.0
103.0 134.0 20.0 10.0
136.0 121.0 20.0 10.0
113.0 141.0 20.0 10.0
178.0 57.0 20.0 10.0
91.0 128.0 20.0 10.0
131.0 98.0 20.0 10.0
142.0 65.0 20.0 10.0
154.0 102.0 20.0 10.0
194.0 117.0 20.0 10.0
101.0 108.0 20.0 10.0
137.0 93.0 20.0 10.0
111.0 94.0 20.0 10.0
119.0 120.0 20.0 10.0
