500
113.0 148.0 20.0 10.0
118.0 86.0 20.0 10.0
74.0 97.0 20.0 10.0
128.0 137.0 20.0 10.0
144.0 126.0 20.0 10.0
127.0 149.0 20.0 10.0
127.0 94.0 20.0 10.0
151.0 95.0 20.0 10.0
111.0 126.0 20.0 10.0
81.0 114.0 20.0 10.0
170.0 156.0 20.0 10.0
168.0 111.0 20.0 10.0
173.0 113.0 20.0 10.0
131.0 143.0 20.0 10.0
122.0 105.0 20.0 10.0
155.0 90.0 20.0 10.0
87.0 118.0 20.0 10.0
100.0 114.0 20.0 10.0
116.0 138.0 20.0 10.0
104.0 110.0 20.0 10.0
128.0 134.0 20.0 10.0
118.0 139.0 20.0 10.0
88.0 147.0 20.0 10.0
148.0 87.0 20.0 10.0
110.0 146.0 20.0 10.0
108.0 96.0 20.0 10.0
76.0 76.0 20.0 10.0
163.0 172.0 20.0 10.0
133.0 121.0 20.0 10.0
143.0 85.0 20.0 10.0
112.0 82.0 20.0 10.0
147.0 149.0 20.0 10.0
128.0 108.0 20.0 10.0
81.0 111.0 20.0 10.0
94.0 94.0 20.0 10.0
81.0 99.0 20.0 10.0
138.0 155.0 20.0 10.0
110.0 137.0 20.0 10.0
152.0 115.0 20.0 10.0
90.0 154.0 20.0 10.0
139.0 150.0 20.0 10.0
86.0 148.0 20.0 10.0
154.0 109.0 20.0 10.0
139.0 183.0 20.0 10.0
122.0 116.0 20.0 10.0
70.0 139.0 20.0 10.0
99.0 92.0 20.0 10.0
124.0 65.0 20.0 10.0
124.0 128.0 20.0 10.0
166.0 104.0 20.0 10.0
76.0 114.0 20.0 10.0
95.0 150.0 20.0 10.0
110.0 117.0 20.0 10.0
125.0 79.0 20.0 10.0
101.0 80.0 20.0 10.0
126.0 104.0 20.0 10.0
141.0 154.0 20.0 10.0
84.0 106.0 20.0 10.0
132.0 91.0 20.0 10.0
108.0 78.0 20.0 10.0
70.0 71.0 20.0 10.0
125.0 116.0 20.0 10.0
70.0 123.0 20.0 10.0
98.0 82.0 20.0 10.0
112.0 74.0 20.0 10.0
110.0 64.0 20.0 10.0
108.0 81.0 20.0 10.0
160.0 126.0 20.0 10.0
112.0 140.0 20.0 10.0
54.0 109.0 20.0 10.0
108.0 103.0 20.0 10.0
141.0 167.0 20.0 10.0
67.0 142.0 20.0 10.0
144.0 132.0 20.0 10.0
132.0 127.0 20.0 10.0
152.0 124.0 20.0 10.0
78.0 88.0 20.0 10.0
141.0 119.0 20.0 10.0
154.0 81.0 20.0 10.0
111.0 151.0 20.0 10.0
104.0 83.0 20.0 10.0
153.0 196.0 20.0 10.0
135.0 87.0 20.0 10.0
138.0 127.0 20.0 10.0
136.0 169.0 20.0 10.0
183.0 109.0 20.0 10.0
38.0 112.0 20.0 10.0
105.0 96.0 20.0 10.0
158.0 105.0 20.0 10.0
120.0 131.0 20.0 10.0
157.0 140.0 20.0 10.0
99.0 124.0 20.0 10.0
106.0 161.0 20.0 10.0
130.0 97.0 20.0 10.0
143.0 152.0 20.0 10.0
163.0 113.0 20.0 10.0
131.0 140.0 20.0 10.0
139.0 144.0 20.0 10.0
93.0 103.0 20.0 10.0
138.0 82.0 20.0 10.0
103.0 119.0 20.0 10.0
118.0 159.0 20.0 10.0
130.0 88.0 20.0 10.0
81.0 154.0 20.0 10.0
75.0 111.0 20.0 10.0
136.0 98.0 20.0 10.0
107.0 140.0 20.0 10.0
151.0 107.0 20.0 10.0
145.0 161.0 20.0 10.0
126.0 49.0 20.0 10.0
139.0 130.0 20.0 10.0
139.0 97.0 20.0 10.0
114.0 121.0 20.0 10.0
136.0 64.0 20.0 10.0
126.0 67.0 20.0 10.0
91.0 95.0 20.0 10.0
81.0 172.0 20.0 10.0
108.0 114.0 20.0 10.0
136.0 148.0 20.0 10.0
119.0 55.0 20.0 10.0
85.0 77.0 20.0 10.0
129.0 130.0 20.0 10.0
57.0 137.0 20.0 10.0
159.0 101.0 20.0 10.0
151.0 128.0 20.0 10.0
143.0 93.0 20.0 10.0
82.0 145.0 20.0 10.0
110.0 76.0 20.0 10.0
139.0 176.0 20.0 10.0
90.0 88.0 20.0 10.0
125.0 177.0 20.0 10.0
118.0 96.0 20.0 10.0
128.0 89.0 20.0 10.0
105.0 149.0 20.0 10.0
141.0 111.0 20.0 10.0
107.0 99.0 20.0 10.0
114.0 84.0 20.0 10.0
187.0 125.0 20.0 10.0
107.0 118.0 20.0 10.0
84.0 111.0 20.0 10.0
146.0 66.0 20.0 10.0
128.0 141.0 20.0 10.0
128.0 111.0 20.0 10.0
111.0 150.0 20.0 10.0
64.0 122.0 20.0 10.0
160.0 106.0 20.0 10.0
111.0 109.0 20.0 10.0
123.0 102.0 20.0 10.0
100.0 137.0 20.0 10.0
120.0 153.0 20.0 10.0
152.0 120.0 20.0 10.0
118.0 76.0 20.0 10.0
123.0 112.0 20.0 10.0
141.0 127.0 20.0 10.0
167.0 94.0 20.0 10.0
104.0 105.0 20.0 10.0
91.0 99.0 20.0 10.0
142.0 106.0 20.0 10.0
72.0 129.0 20.0 10.0
87.0 84.0 20.0 10.0
101.0 151.0 20.0 10.0
124.0 111.0 20.0 10.0
90.0 120.0 20.0 10.0
111.0 112.0 20.0 10.0
134.0 162.0 20.0 10.0
134.0 58.0 20.0 10.0
147.0 75.0 20.0 10.0
119.0 168.0 20.0 10.0
100.0 153.0 20.0 10.0
126.0 119.0 20.0 10.0
129.0 103.0 20.0 10.0
137.0 87.0 20.0 10.0
86.0 124.0 20.0 10.0
87.0 144.0 20.0 10.0
136.0 117.0 20.0 10.0
141.0 78.0 20.0 10.0
127.0 154.0 20.0 10.0
170.0 176.0 20.0 10.0
113.0 103.0 20.0 10.0
147.0 125.0 20.0 10.0
112.0 120.0 20.0 10.0
125.0 73.0 20.0 10.0
145.0 105.0 20.0 10.0
116.0 72.0 20.0 10.0
73.0 180.0 20.0 10.0
166.0 99.0 20.0 10.0
115.0 66.0 20.0 10.0
76.0 130.0 20.0 10.0
163.0 135.0 20.0 10.0
92.0 153.0 20.0 10.0
132.0 65.0 20.0 10.0
139.0 100.0 20.0 10.0
153.0 106.0 20.0 10.0
101.0 146.0 20.0 10.0
67.0 114.0 20.0 10.0
148.0 117.0 20.0 10.0
91.0 81.0 20.0 10.0
184.0 141.0 20.0 10.0
123.0 153.0 20.0 10.0
129.0 157.0 20.0 10.0
81.0 65.0 20.0 10.0
127.0 74.0 20.0 10.0
141.0 137.0 20.0 10.0
171.0 109.0 20.0 10.0
97.0 111.0 20.0 10.0
92.0 113.0 20.0 10.0
84.0 158.0 20.0 10.0
91.0 125.0 20.0 10.0
92.0 137.0 20.0 10.0
25.0 146.0 20.0 10.0
84.0 147.0 20.0 10.0
104.0 122.0 20.0 10.0
101.0 72.0 20.0 10.0
114.0 130.0 20.0 10.0
182.0 25.0 20.0 10.0
123.0 150.0 20.0 10.0
152.0 123.0 20.0 10.0
125.0 92.0 20.0 10.0
102.0 55.0 20.0 10.0
41.0 87.0 20.0 10.0
62.0 132.0 20.0 10.0
70.0 96.0 20.0 10.0
135.0 138.0 20.0 10.0
155.0 46.0 20.0 10.0
87.0 121.0 20.0 10.0
132.0 75.0 20.0 10.0
117.0 190.0 20.0 10.0
121.0 120.0 20.0 10.0
139.0 108.0 20.0 10.0
108.0 191.0 20.0 10.0
95.0 96.0 20.0 10.0
102.0 143.0 20.0 10.0
154.0 161.0 20.0 10.0
72.0 64.0 20.0 10.0
76.0 84.0 20.0 10.0
104.0 89.0 20.0 10.0
108.0 176.0 20.0 10.0
155.0 64.0 20.0 10.0
115.0 101.0 20.0 10.0
90.0 130.0 20.0 10.0
111.0 86.0 20.0 10.0
92.0 144.0 20.0 10.0
122.0 170.0 20.0 10.0
142.0 83.0 20.0 10.0
147.0 111.0 20.0 10.0
132.0 112.0 20.0 10.0
94.0 128.0 20.0 10.0
146.0 143.0 20.0 10.0
74.0 100.0 20.0 10.0
95.0 178.0 20.0 10.0
78.0 137.0 20.0 10.0
90.0 78.0 20.0 10.0
163.0 91.0 20.0 10.0
83.0 83.0 20.0 10.0
137.0 133.0 20.0 10.0
145.0 77.0 20.0 10.0
134.0 142.0 20.0 10.0
129.0 127.0 20.0 10.0
156.0 145.0 20.0 10.0
124.0 121.0 20.0 10.0
119.0 119.0 20.0 10.0
116.0 157.0 20.0 10.0
99.0 160.0 20.0 10.0
97.0 142.0 20.0 10.0
157.0 126.0 20.0 10.0
103.0 141.0 20.0 10.0
95.0 187.0 20.0 10.0
108.0 106.0 20.0 10.0
59.0 99.0 20.0 10.0
159.0 91.0 20.0 10.0
101.0 74.0 20.0 10.0
60.0 146.0 20.0 10.0
141.0 133.0 20.0 10.0
115.0 160.0 20.0 10.0
89.0 137.0 20.0 10.0
95.0 114.0 20.0 10.0
116.0 128.0 20.0 10.0
98.0 150.0 20.0 10.0
101.0 149.0 20.0 10.0
122.0 162.0 20.0 10.0
119.0 133.0 20.0 10.0
111.0 114.0 20.0 10.0
119.0 102.0 20.0 10.0
94.0 37.0 20.0 10.0
84.0 139.0 20.0 10.0
127.0 130.0 20.0 10.0
97.0 136.0 20.0 10.0
128.0 97.0 20.0 10.0
92.0 60.0 20.0 10.0
56.0 98.0 20.0 10.0
150.0 92.0 20.0 10.0
135.0 101.0 20.0 10.0
98.0 171.0 20.0 10.0
156.0 94.0 20.0 10.0
157.0 99.0 20.0 10.0
57.0 132.0 20.0 10.0
183.0 105.0 20.0 10.0
140.0 141.0 20.0 10.0
174.0 130.0 20.0 10.0
109.0 54.0 20.0 10.0
136.0 113.0 20.0 10.0
66.0 99.0 20.0 10.0
92.0 92.0 20.0 10.0
128.0 168.0 20.0 10.0
138.0 112.0 20.0 10.0
89.0 116.0 20.0 10.0
119.0 98.0 20.0 10.0
96.0 117.0 20.0 10.0
116.0 81.0 20.0 10.0
134.0 110.0 20.0 10.0
140.0 162.0 20.0 10.0
108.0 124.0 20.0 10.0
113.0 144.0 20.0 10.0
140.0 115.0 20.0 10.0
151.0 140.0 20.0 10.0
119.0 70.0 20.0 10.0
76.0 102.0 20.0 10.0
133.0 118.0 20.0 10.0
145.0 82.0 20.0 10.0
129.0 121.0 20.0 10.0
195.0 114.0 20.0 10.0
115.0 110.0 20.0 10.0
87.0 112.0 20.0 10.0
102.0 26.0 20.0 10.0
143.0 97.0 20.0 10.0
126.0 108.0 20.0 10.0
99.0 108.0 20.0 10.0
114.0 77.0 20.0 10.0
90.0 106.0 20.0 10.0
90.0 75.0 20.0 10.0
151.0 81.0 20.0 10.0
25.0 136.0 20.0 10.0
101.0 129.0 20.0 10.0
173.0 119.0 20.0 10.0
134.0 94.0 20.0 10.0
82.0 136.0 20.0 10.0
43.0 171.0 20.0 10.0
123.0 156.0 20.0 10.0
101.0 107.0 20.0 10.0
69.0 103.0 20.0 10.0
125.0 89.0 20.0 10.0
62.0 73.0 20.0 10.0
77.0 107.0 20.0 10.0
51.0 95.0 20.0 10.0
111.0 99.0 20.0 10.0
162.0 120.0 20.0 10.0
107.0 170.0 20.0 10.0
101.0 163.0 20.0 10.0
132.0 84.0 20.0 10.0
164.0 143.0 20.0 10.0
78.0 83.0 20.0 10.0
139.0 88.0 20.0 10.0
116.0 120.0 20.0 10.0
78.0 91.0 20.0 10.0
97.0 131.0 20.0 10.0
112.0 122.0 20.0 10.0
131.0 114.0 20.0 10.0
124.0 89.0 20.0 10.0
135.0 125.0 20.0 10.0
160.0 110.0 20.0 10.0
109.0 87.0 20.0 10.0
80.0 62.0 20.0 10.0
132.0 135.0 20.0 10.0
78.0 157.0 20.0 10.0
128.0 100.0 20.0 10.0
123.0 99.0 20.0 10.0
176.0 147.0 20.0 10.0
110.0 95.0 20.0 10.0
124.0 136.0 20.0 10.0
104.0 121.0 20.0 10.0
115.0 146.0 20.0 10.0
108.0 110.0 20.0 10.0
153.0 147.0 20.0 10.0
95.0 140.0 20.0 10.0
145.0 176.0 20.0 10.0
158.0 152.0 20.0 10.0
122.0 143.0 20.0 10.0
138.0 121.0 20.0 10.0
68.0 77.0 20.0 10.0
123.0 93.0 20.0 10.0
145.0 156.0 20.0 10.0
78.0 111.0 20.0 10.0
39.0 95.0 20.0 10.0
103.0 99.0 20.0 10.0
159.0 133.0 20.0 10.0
105.0 113.0 20.0 10.0
103.0 94.0 20.0 10.0
81.0 126.0 20.0 10.0
109.0 132.0 20.0 10.0
117.0 134.0 20.0 10.0
92.0 133.0 20.0 10.0
128.0 147.0 20.0 10.0
92.0 167.0 20.0 10.0
68.0 133.0 20.0 10.0
148.0 135.0 20.0 10.0
126.0 84.0 20.0 10.0
90.0 104.0 20.0 10.0
111.0 135.0 20.0 10.0
121.0 91.0 20.0 10.0
134.0 132.0 20.0 10.0
99.0 95.0 20.0 10.0
115.0 124.0 20.0 10.0
98.0 127.0 20.0 10.0
111.0 165.0 20.0 10.0
120.0 114.0 20.0 10.0
86.0 122.0 20.0 10.0
167.0 86.0 20.0 10.0
100.0 101.0 20.0 10.0
152.0 133.0 20.0 10.0
67.0 73.0 20.0 10.0
91.0 111.0 20.0 10.0
115.0 90.0 20.0 10.0
106.0 146.0 20.0 10.0
130.0 149.0 20.0 10.0
138.0 104.0 20.0 10.0
134.0 103.0 20.0 10.0
91.0 175.0 20.0 10.0
78.0 99.0 20.0 10.0
76.0 141.0 20.0 10.0
75.0 122.0 20.0 10.0
158.0 88.0 20.0 10.0
95.0 78.0 20.0 10.0
196.0 137.0 20.0 10.0
106.0 135.0 20.0 10.0
143.0 100.0 20.0 10.0
163.0 65.0 20.0 10.0
118.0 105.0 20.0 10.0
84.0 131.0 20.0 10.0
109.0 121.0 20.0 10.0
94.0 101.0 20.0 10.0
103.0 128.0 20.0 10.0
137.0 70.0 20.0 10.0
148.0 146.0 20.0 10.0
151.0 103.0 20.0 10.0
104.0 68.0 20.0 10.0
181.0 99.0 20.0 10.0
166.0 128.0 20.0 10.0
87.0 160.0 20.0 10.0
102.0 84.0 20.0 10.0
116.0 116.0 20.0 10.0
55.0 104.0 20.0 10.0
87.0 107.0 20.0 10.0
126.0 141.0 20.0 10.0
120.0 57.0 20.0 10.0
118.0 93.0 20.0 10.0
117.0 126.0 20.0 10.0
100.0 118.0 20.0 10.0
72.0 107.0 20.0 10.0
88.0 102.0 20.0 10.0
131.0 117.0 20.0 10.0
126.0 113.0 20.0 10.0
155.0 129.0 20.0 10.0
80.0 116.0 20.0 10.0
165.0 132.0 20.0 10.0
147.0 93.0 20.0 10.0
149.0 121.0 20.0 10.0
70.0 110.0 20.0 10.0
86.0 153.0 20.0 10.0
117.0 147.0 20.0 10.0
135.0 153.0 20.0 10.0
133.0 151.0 20.0 10.0
112.0 105.0 20.0 10.0
105.0 93.0 20.0 10.0
166.0 116.0 20.0 10.0
163.0 99.0 20.0 10.0
95.0 90.0 20.0 10.0
151.0 65.0 20.0 10.0
137.0 122.0 20.0 10.0
97.0 100.0 20.0 10.0
117.0 141.0 20.0 10.0
74.0 117.0 20.0 10.0
96.0 123.0 20.0 10.0
101.0 135.0 20.0 10.0
118.0 155.0 20.0 10.0
74.0 108.0 20.0 10.0
171.0 93.0 20.0 10.0
63.0 140.0 20.0 10.0
93.0 85.0 20.0 10.0
124.0 132.0 20.0 10.0
96.0 87.0 20.0 10.0
107.0 63.0 20.0 10.0
134.0 71.0 20.0 10.0
96.0 75.0 20.0 10.0
103.0 130.0 20.0 10.0
97.0 85.0 20.0 10.0
119.0 73.0 20.0 10.0
85.0 101.0 20.0 10.0
153.0 117.0 20.0 10.0
145.0 101.0 20.0 10.0
99.0 67.0 20.0 10.0
114.0 134.0 20.0 10.0
123.0 125.0 20.0 10.0
103.0 133.0 20.0 10.0
141.0 125.0 20.0 10.0
129.0 80.0 20.0 10.0
115.0 113.0 20.0 10.0
148.0 101.0 20.0 10.0
163.0 125.0 20.0 10.0
122.0 138.0 20.0 10.0
77.0 127.0 20.0 10.0
