500
133.0 117.0 20.0 10.0
123.0 107.0 20.0 10.0
54.0 134.0 20.0 10.0
104.0 97.0 20.0 10.0
85.0 114.0 20.0 10.0
85.0 130.0 20.0 10.0
93.0 176.0 20.0 10.0
95.0 63.0 20.0 10.0
88.0 87.0 20.0 10.0
86.0 95.0 20.0 10.0
105.0 90.0 20.0 10.0
75.0 78.0 20.0 10.0
54.0 82.0 20.0 10.0
36.0 112.0 20.0 10.0
142.0 119.0 20.0 10.0
110.0 118.0 20.0 10.0
124.0 171.0 20.0 10.0
90.0 67.0 20.0 10.0
91.0 77.0 20.0 10.0
62.0 117.0 20.0 10.0
113.0 128.0 20.0 10.0
135.0 112.0 20.0 10.0
68.0 77.0 20.0 10.0
162.0 66.0 20.0 10.0
105.0 99.0 20.0 10.0
118.0 72.0 20.0 10.0
92.0 160.0 20.0 10.0
114.0 142.0 20.0 10.0
90.0 103.0 20.0 10.0
79.0 117.0 20.0 10.0
102.0 88.0 20.0 10.0
80.0 108.0 20.0 10.0
91.0 107.0 20.0 10.0
114.0 86.0 20.0 10.0
133.0 150.0 20.0 10.0
45.0 94.0 20.0 10.0
112.0 88.0 20.0 10.0
107.0 154.0 20.0 10.0
111.0 129.0 20.0 10.0
83.0 94.0 20.0 10.0
122.0 84.0 20.0 10.0
83.0 67.0 20.0 10.0
120.0 58.0 20.0 10.0
68.0 130.0 20.0 10.0
97.0 115.0 20.0 10.0
87.0 109.0 20.0 10.0
73.0 117.0 20.0 10.0
80.0 147.0 20.0 10.0
91.0 115.0 20.0 10.0
107.0 103.0 20.0 10.0
80.0 121.0 20.0 10.0
108.0 98.0 20.0 10.0
112.0 75.0 20.0 10.0
59.0 71.0 20.0 10.0
99.0 105.0 20.0 10.0
128.0 81.0 20.0 10.0
148.0 108.0 20.0 10.0
168.0 101.0 20.0 10.0
98.0 55.0 20.0 10.0
103.0 48.0 20.0 10.0
91.0 94.0 20.0 10.0
108.0 145.0 20.0 10.0
99.0 110.0 20.0 10.0
77.0 108.0 20.0 10.0
78.0 79.0 20.0 10.0
110.0 90.0 20.0 10.0
134.0 65.0 20.0 10.0
90.0 105.0 20.0 10.0
83.0 83.0 20.0 10.0
131.0 109.0 20.0 10.0
132.0 102.0 20.0 10.0
50.0 155.0 20.0 10.0
41.0 108.0 20.0 10.0
115.0 139.0 20.0 10.0
94.0 165.0 20.0 10.0
67.0 127.0 20.0 10.0
56.0 63.0 20.0 10.0
60.0 138.0 20.0 10.0
121.0 72.0 20.0 10.0
132.0 78.0 20.0 10.0
86.0 79.0 20.0 10.0
51.0 114.0 20.0 10.0
131.0 138.0 20.0 10.0
100.0 95.0 20.0 10.0
73.0 91.0 20.0 10.0
63.0 66.0 20.0 10.0
154.0 101.0 20.0 10.0
122.0 115.0 20.0 10.0
88.0 66.0 20.0 10.0
86.0 143.0 20.0 10.0
61.0 49.0 20.0 10.0
154.0 25.0 20.0 10.0
76.0 115.0 20.0 10.0
105.0 54.0 20.0 10.0
72.0 72.0 20.0 10.0
116.0 122.0 20.0 10.0
120.0 145.0 20.0 10.0
103.0 161.0 20.0 10.0
154.0 138.0 20.0 10.0
92.0 149.0 20.0 10.0
125.0 142.0 20.0 10.0
93.0 135.0 20.0 10.0
125.0 131.0 20.0 10.0
121.0 64.0 20.0 10.0
82.0 169.0 20.0 10.0
112.0 45.0 20.0 10.0
79.0 126.0 20.0 10.0
121.0 92.0 20.0 10.0
90.0 80.0 20.0 10.0
74.0 97.0 20.0 10.0
52.0 104.0 20.0 10.0
91.0 154.0 20.0 10.0
127.0 105.0 20.0 10.0
101.0 91.0 20.0 10.0
116.0 101.0 20.0 10.0
52.0 77.0 20.0 10.0
118.0 47.0 20.0 10.0
70.0 82.0 20.0 10.0
92.0 97.0 20.0 10.0
64.0 166.0 20.0 10.0
72.0 143.0 20.0 10.0
173.0 75.0 20.0 10.0
84.0 141.0 20.0 10.0
81.0 154.0 20.0 10.0
116.0 97.0 20.0 10.0
121.0 96.0 20.0 10.0
101.0 132.0 20.0 10.0
98.0 82.0 20.0 10.0
79.0 134.0 20.0 10.0
76.0 159.0 20.0 10.0
59.0 117.0 20.0 10.0
96.0 122.0 20.0 10.0
91.0 112.0 20.0 10.0
107.0 137.0 20.0 10.0
123.0 133.0 20.0 10.0
105.0 85.0 20.0 10.0
129.0 144.0 20.0 10.0
90.0 143.0 20.0 10.0
90.0 64.0 20.0 10.0
81.0 83.0 20.0 10.0
96.0 89.0 20.0 10.0
157.0 72.0 20.0 10.0
99.0 68.0 20.0 10.0
109.0 84.0 20.0 10.0
115.0 125.0 20.0 10.0
108.0 51.0 20.0 10.0
118.0 114.0 20.0 10.0
141.0 128.0 20.0 10.0
102.0 79.0 20.0 10.0
109.0 150.0 20.0 10.0
122.0 102.0 20.0 10.0
64.0 160.0 20.0 10.0
90.0 138.0 20.0 10.0
89.0 102.0 20.0 10.0
85.0 151.0 20.0 10.0
60.0 98.0 20.0 10.0
97.0 97.0 20.0 10.0
71.0 150.0 20.0 10.0
84.0 60.0 20.0 10.0
108.0 70.0 20.0 10.0
91.0 129.0 20.0 10.0
56.0 111.0 20.0 10.0
116.0 78.0 20.0 10.0
130.0 125.0 20.0 10.0
111.0 74.0 20.0 10.0
133.0 34.0 20.0 10.0
80.0 66.0 20.0 10.0
81.0 58.0 20.0 10.0
39.0 83.0 20.0 10.0
40.0 48.0 20.0 10.0
102.0 66.0 20.0 10.0
124.0 80.0 20.0 10.0
79.0 64.0 20.0 10.0
86.0 117.0 20.0 10.0
46.0 113.0 20.0 10.0
50.0 138.0 20.0 10.0
90.0 76.0 20.0 10.0
74.0 125.0 20.0 10.0
89.0 125.0 20.0 10.0
55.0 130.0 20.0 10.0
165.0 106.0 20.0 10.0
82.0 116.0 20.0 10.0
76.0 103.0 20.0 10.0
103.0 133.0 20.0 10.0
138.0 97.0 20.0 10.0
94.0 154.0 20.0 10.0
104.0 119.0 20.0 10.0
141.0 53.0 20.0 10.0
69.0 26.0 20.0 10.0
63.0 128.0 20.0 10.0
63.0 102.0 20.0 10.0
104.0 70.0 20.0 10.0
106.0 131.0 20.0 10.0
57.0 81.0 20.0 10.0
106.0 127.0 20.0 10.0
95.0 74.0 20.0 10.0
129.0 90.0 20.0 10.0
56.0 98.0 20.0 10.0
84.0 75.0 20.0 10.0
65.0 108.0 20.0 10.0
58.0 94.0 20.0 10.0
75.0 138.0 20.0 10.0
130.0 94.0 20.0 10.0
95.0 53.0 20.0 10.0
31.0 102.0 20.0 10.0
106.0 111.0 20.0 10.0
61.0 91.0 20.0 10.0
148.0 70.0 20.0 10.0
116.0 132.0 20.0 10.0
144.0 134.0 20.0 10.0
64.0 82.0 20.0 10.0
135.0 90.0 20.0 10.0
66.0 104.0 20.0 10.0
96.0 129.0 20.0 10.0
148.0 116.0 20.0 10.0
61.0 123.0 20.0 10.0
73.0 83.0 20.0 10.0
111.0 113.0 20.0 10.0
112.0 58.0 20.0 10.0
137.0 64.0 20.0 10.0
122.0 109.0 20.0 10.0
126.0 118.0 20.0 10.0
68.0 134.0 20.0 10.0
120.0 109.0 20.0 10.0
73.0 112.0 20.0 10.0
67.0 98.0 20.0 10.0
130.0 113.0 20.0 10.0
77.0 59.0 20.0 10.0
102.0 105.0 20.0 10.0
35.0 122.0 20.0 10.0
97.0 119.0 20.0 10.0
99.0 83.0 20.0 10.0
86.0 119.0 20.0 10.0
65.0 88.0 20.0 10.0
95.0 58.0 20.0 10.0
111.0 83.0 20.0 10.0
79.0 87.0 20.0 10.0
57.0 102.0 20.0 10.0
99.0 142.0 20.0 10.0
120.0 96.0 20.0 10.0
160.0 116.0 20.0 10.0
103.0 86.0 20.0 10.0
142.0 99.0 20.0 10.0
121.0 77.0 20.0 10.0
119.0 151.0 20.0 10.0
120.0 98.0 20.0 10.0
132.0 122.0 20.0 10.0
84.0 78.0 20.0 10.0
51.0 130.0 20.0 10.0
25.0 85.0 20.0 10.0
66.0 68.0 20.0 10.0
66.0 119.0 20.0 10.0
70.0 39.0 20.0 10.0
115.0 114.0 20.0 10.0
53.0 87.0 20.0 10.0
94.0 95.0 20.0 10.0
45.0 128.0 20.0 10.0
148.0 95.0 20.0 10.0
104.0 107.0 20.0 10.0
69.0 52.0 20.0 10.0
85.0 89.0 20.0 10.0
42.0 56.0 20.0 10.0
82.0 110.0 20.0 10.0
77.0 68.0 20.0 10.0
123.0 99.0 20.0 10.0
82.0 101.0 20.0 10.0
85.0 99.0 20.0 10.0
96.0 143.0 20.0 10.0
59.0 133.0 20.0 10.0
109.0 55.0 20.0 10.0
140.0 66.0 20.0 10.0
67.0 123.0 20.0 10.0
51.0 116.0 20.0 10.0
115.0 80.0 20.0 10.0
62.0 60.0 20.0 10.0
96.0 72.0 20.0 10.0
125.0 63.0 20.0 10.0
111.0 96.0 20.0 10.0
106.0 116.0 20.0 10.0
102.0 74.0 20.0 10.0
95.0 107.0 20.0 10.0
62.0 71.0 20.0 10.0
101.0 121.0 20.0 10.0
95.0 82.0 20.0 10.0
139.0 133.0 20.0 10.0
102.0 43.0 20.0 10.0
100.0 78.0 20.0 10.0
72.0 51.0 20.0 10.0
127.0 126.0 20.0 10.0
53.0 127.0 20.0 10.0
117.0 91.0 20.0 10.0
122.0 142.0 20.0 10.0
82.0 123.0 20.0 10.0
62.0 98.0 20.0 10.0
103.0 123.0 20.0 10.0
83.0 73.0 20.0 10.0
97.0 86.0 20.0 10.0
116.0 62.0 20.0 10.0
55.0 90.0 20.0 10.0
91.0 101.0 20.0 10.0
95.0 70.0 20.0 10.0
114.0 35.0 20.0 10.0
67.0 142.0 20.0 10.0
71.0 140.0 20.0 10.0
112.0 110.0 20.0 10.0
143.0 73.0 20.0 10.0
54.0 68.0 20.0 10.0
132.0 119.0 20.0 10.0
147.0 111.0 20.0 10.0
135.0 106.0 20.0 10.0
127.0 68.0 20.0 10.0
148.0 86.0 20.0 10.0
58.0 91.0 20.0 10.0
129.0 63.0 20.0 10.0
119.0 54.0 20.0 10.0
92.0 67.0 20.0 10.0
104.0 114.0 20.0 10.0
161.0 104.0 20.0 10.0
83.0 88.0 20.0 10.0
116.0 69.0 20.0 10.0
99.0 88.0 20.0 10.0
56.0 117.0 20.0 10.0
96.0 51.0 20.0 10.0
81.0 69.0 20.0 10.0
105.0 78.0 20.0 10.0
78.0 138.0 20.0 10.0
131.0 92.0 20.0 10.0
153.0 82.0 20.0 10.0
77.0 84.0 20.0 10.0
107.0 113.0 20.0 10.0
113.0 96.0 20.0 10.0
102.0 60.0 20.0 10.0
150.0 68.0 20.0 10.0
106.0 64.0 20.0 10.0
68.0 85.0 20.0 10.0
113.0 55.0 20.0 10.0
57.0 139.0 20.0 10.0
39.0 115.0 20.0 10.0
34.0 97.0 20.0 10.0
126.0 111.0 20.0 10.0
85.0 45.0 20.0 10.0
89.0 92.0 20.0 10.0
76.0 106.0 20.0 10.0
46.0 137.0 20.0 10.0
110.0 99.0 20.0 10.0
122.0 86.0 20.0 10.0
125.0 94.0 20.0 10.0
103.0 147.0 20.0 10.0
112.0 65.0 20.0 10.0
112.0 68.0 20.0 10.0
95.0 100.0 20.0 10.0
145.0 90.0 20.0 10.0
100.0 101.0 20.0 10.0
57.0 124.0 20.0 10.0
130.0 70.0 20.0 10.0
84.0 121.0 20.0 10.0
126.0 50.0 20.0 10.0
54.0 95.0 20.0 10.0
62.0 151.0 20.0 10.0
95.0 112.0 20.0 10.0
64.0 75.0 20.0 10.0
156.0 119.0 20.0 10.0
127.0 99.0 20.0 10.0
117.0 119.0 20.0 10.0
113.0 145.0 20.0 10.0
87.0 137.0 20.0 10.0
83.0 54.0 20.0 10.0
140.0 104.0 20.0 10.0
52.0 99.0 20.0 10.0
114.0 118.0 20.0 10.0
92.0 127.0 20.0 10.0
65.0 95.0 20.0 10.0
108.0 88.0 20.0 10.0
138.0 139.0 20.0 10.0
120.0 112.0 20.0 10.0
145.0 122.0 20.0 10.0
68.0 112.0 20.0 10.0
93.0 110.0 20.0 10.0
85.0 103.0 20.0 10.0
71.0 97.0 20.0 10.0
83.0 45.0 20.0 10.0
170.0 79.0 20.0 10.0
69.0 118.0 20.0 10.0
128.0 72.0 20.0 10.0
98.0 95.0 20.0 10.0
74.0 101.0 20.0 10.0
76.0 73.0 20.0 10.0
92.0 82.0 20.0 10.0
51.0 118.0 20.0 10.0
118.0 84.0 20.0 10.0
39.0 60.0 20.0 10.0
98.0 99.0 20.0 10.0
110.0 135.0 20.0 10.0
99.0 126.0 20.0 10.0
57.0 73.0 20.0 10.0
67.0 82.0 20.0 10.0
80.0 62.0 20.0 10.0
182.0 54.0 20.0 10.0
74.0 120.0 20.0 10.0
33.0 85.0 20.0 10.0
86.0 70.0 20.0 10.0
118.0 140.0 20.0 10.0
146.0 103.0 20.0 10.0
63.0 135.0 20.0 10.0
58.0 129.0 20.0 10.0
70.0 103.0 20.0 10.0
106.0 143.0 20.0 10.0
52.0 62.0 20.0 10.0
99.0 116.0 20.0 10.0
141.0 116.0 20.0 10.0
145.0 68.0 20.0 10.0
64.0 144.0 20.0 10.0
85.0 108.0 20.0 10.0
75.0 122.0 20.0 10.0
42.0 96.0 20.0 10.0
62.0 103.0 20.0 10.0
87.0 63.0 20.0 10.0
68.0 101.0 20.0 10.0
109.0 67.0 20.0 10.0
104.0 137.0 20.0 10.0
62.0 113.0 20.0 10.0
85.0 139.0 20.0 10.0
113.0 132.0 20.0 10.0
115.0 112.0 20.0 10.0
42.0 123.0 20.0 10.0
111.0 138.0 20.0 10.0
135.0 78.0 20.0 10.0
153.0 87.0 20.0 10.0
85.0 124.0 20.0 10.0
130.0 54.0 20.0 10.0
62.0 83.0 20.0 10.0
58.0 86.0 20.0 10.0
144.0 153.0 20.0 10.0
106.0 102.0 20.0 10.0
130.0 153.0 20.0 10.0
127.0 85.0 20.0 10.0
45.0 85.0 20.0 10.0
41.0 69.0 20.0 10.0
141.0 108.0 20.0 10.0
79.0 73.0 20.0 10.0
48.0 102.0 20.0 10.0
87.0 104.0 20.0 10.0
108.0 127.0 20.0 10.0
45.0 101.0 20.0 10.0
65.0 54.0 20.0 10.0
95.0 29.0 20.0 10.0
106.0 121.0 20.0 10.0
36.0 118.0 20.0 10.0
142.0 84.0 20.0 10.0
86.0 132.0 20.0 10.0
92.0 33.0 20.0 10.0
39.0 75.0 20.0 10.0
78.0 91.0 20.0 10.0
62.0 110.0 20.0 10.0
107.0 92.0 20.0 10.0
48.0 121.0 20.0 10.0
81.0 129.0 20.0 10.0
105.0 62.0 20.0 10.0
128.0 92.0 20.0 10.0
76.0 99.0 20.0 10.0
89.0 97.0 20.0 10.0
83.0 100.0 20.0 10.0
120.0 103.0 20.0 10.0
143.0 75.0 20.0 10.0
103.0 131.0 20.0 10.0
79.0 36.0 20.0 10.0
93.0 124.0 20.0 10.0
89.0 115.0 20.0 10.0
73.0 66.0 20.0 10.0
70.0 157.0 20.0 10.0
108.0 73.0 20.0 10.0
121.0 106.0 20.0 10.0
87.0 75.0 20.0 10.0
74.0 132.0 20.0 10.0
76.0 87.0 20.0 10.0
77.0 95.0 20.0 10.0
125.0 122.0 20.0 10.0
140.0 82.0 20.0 10.0
111.0 123.0 20.0 10.0
66.0 64.0 20.0 10.0
125.0 93.0 20.0 10.0
99.0 73.0 20.0 10.0
118.0 161.0 20.0 10.0
67.0 75.0 20.0 10.0
122.0 128.0 20.0 10.0
121.0 41.0 20.0 10.0
120.0 133.0 20.0 10.0
106.0 76.0 20.0 10.0
138.0 91.0 20.0 10.0
129.0 85.0 20.0 10.0
112.0 102.0 20.0 10.0
108.0 109.0 20.0 10.0
79.0 123.0 20.0 10.0
98.0 102.0 20.0 10.0
69.0 61.0 20.0 10.0
56.0 106.0 20.0 10.0
88.0 90.0 20.0 10.0
85.0 173.0 20.0 10.0
80.0 94.0 20.0 10.0
101.0 63.0 20.0 10.0
