500
141.0 63.0 20.0 10.0
152.0 147.0 20.0 10.0
87.0 136.0 20.0 10.0
132.0 81.0 20.0 10.0
126.0 130.0 20.0 10.0
150.0 123.0 20.0 10.0
138.0 134.0 20.0 10.0
70.0 95.0 20.0 10.0
150.0 130.0 20.0 10.0
169.0 89.0 20.0 10.0
87.0 95.0 20.0 10.0
115.0 89.0 20.0 10.0
102.0 90.0 20.0 10.0
82.0 112.0 20.0 10.0
109.0 106.0 20.0 10.0
113.0 170.0 20.0 10.0
112.0 122.0 20.0 10.0
81.0 118.0 20.0 10.0
152.0 75.0 20.0 10.0
90.0 110.0 20.0 10.0
81.0 108.0 20.0 10.0
90.0 157.0 20.0 10.0
115.0 103.0 20.0 10.0
122.0 126.0 20.0 10.0
108.0 102.0 20.0 10.0
86.0 100.0 20.0 10.0
113.0 156.0 20.0 10.0
113.0 163.0 20.0 10.0
97.0 130.0 20.0 10.0
72.0 168.0 20.0 10.0
158.0 120.0 20.0 10.0
128.0 88.0 20.0 10.0
59.0 107.0 20.0 10.0
130.0 121.0 20.0 10.0
83.0 128.0 20.0 10.0
82.0 95.0 20.0 10.0
159.0 123.0 20.0 10.0
132.0 95.0 20.0 10.0
95.0 155.0 20.0 10.0
96.0 91.0 20.0 10.0
162.0 133.0 20.0 10.0
75.0 109.0 20.0 10.0
103.0 131.0 20.0 10.0
130.0 99.0 20.0 10.0
55.0 121.0 20.0 10.0
94.0 167.0 20.0 10.0
118.0 70.0 20.0 10.0
82.0 156.0 20.0 10.0
104.0 138.0 20.0 10.0
58.0 121.0 20.0 10.0
147.0 93.0 20.0 10.0
115.0 93.0 20.0 10.0
165.0 85.0 20.0 10.0
180.0 140.0 20.0 10.0
109.0 99.0 20.0 10.0
142.0 167.0 20.0 10.0
147.0 171.0 20.0 10.0
66.0 138.0 20.0 10.0
94.0 184.0 20.0 10.0
112.0 91.0 20.0 10.0
105.0 104.0 20.0 10.0
33.0 120.0 20.0 10.0
155.0 97.0 20.0 10.0
145.0 143.0 20.0 10.0
134.0 146.0 20.0 10.0
118.0 105.0 20.0 10.0
113.0 129.0 20.0 10.0
99.0 119.0 20.0 10.0
84.0 177.0 20.0 10.0
151.0 118.0 20.0 10.0
136.0 117.0 20.0 10.0
123.0 101.0 20.0 10.0
95.0 95.0 20.0 10.0
171.0 82.0 20.0 10.0
131.0 136.0 20.0 10.0
74.0 105.0 20.0 10.0
150.0 115.0 20.0 10.0
139.0 105.0 20.0 10.0
141.0 175.0 20.0 10.0
128.0 122.0 20.0 10.0
128.0 111.0 20.0 10.0
119.0 179.0 20.0 10.0
137.0 142.0 20.0 10.0
101.0 164.0 20.0 10.0
82.0 103.0 20.0 10.0
142.0 149.0 20.0 10.0
75.0 73.0 20.0 10.0
73.0 110.0 20.0 10.0
140.0 90.0 20.0 10.0
115.0 25.0 20.0 10.0
116.0 58.0 20.0 10.0
130.0 189.0 20.0 10.0
153.0 152.0 20.0 10.0
82.0 85.0 20.0 10.0
196.0 136.0 20.0 10.0
168.0 167.0 20.0 10.0
112.0 144.0 20.0 10.0
127.0 116.0 20.0 10.0
110.0 74.0 20.0 10.0
169.0 164.0 20.0 10.0
121.0 174.0 20.0 10.0
107.0 117.0 20.0 10.0
82.0 161.0 20.0 10.0
94.0 122.0 20.0 10.0
138.0 81.0 20.0 10.0
131.0 115.0 20.0 10.0
139.0 115.0 20.0 10.0
67.0 98.0 20.0 10.0
121.0 119.0 20.0 10.0
77.0 95.0 20.0 10.0
93.0 144.0 20.0 10.0
114.0 121.0 20.0 10.0
73.0 144.0 20.0 10.0
121.0 73.0 20.0 10.0
97.0 127.0 20.0 10.0
61.0 114.0 20.0 10.0
116.0 183.0 20.0 10.0
106.0 76.0 20.0 10.0
144.0 155.0 20.0 10.0
89.0 116.0 20.0 10.0
97.0 104.0 20.0 10.0
52.0 99.0 20.0 10.0
124.0 104.0 20.0 10.0
100.0 113.0 20.0 10.0
139.0 165.0 20.0 10.0
165.0 61.0 20.0 10.0
120.0 124.0 20.0 10.0
67.0 105.0 20.0 10.0
109.0 150.0 20.0 10.0
136.0 89.0 20.0 10.0
70.0 102.0 20.0 10.0
111.0 82.0 20.0 10.0
166.0 124.0 20.0 10.0
128.0 143.0 20.0 10.0
125.0 54.0 20.0 10.0
138.0 128.0 20.0 10.0
97.0 134.0 20.0 10.0
125.0 93.0 20.0 10.0
112.0 159.0 20.0 10.0
116.0 105.0 20.0 10.0
91.0 123.0 20.0 10.0
86.0 160.0 20.0 10.0
101.0 100.0 20.0 10.0
109.0 109.0 20.0 10.0
129.0 128.0 20.0 10.0
110.0 155.0 20.0 10.0
68.0 143.0 20.0 10.0
86.0 45.0 20.0 10.0
88.0 132.0 20.0 10.0
81.0 100.0 20.0 10.0
135.0 123.0 20.0 10.0
116.0 167.0 20.0 10.0
119.0 77.0 20.0 10.0
67.0 93.0 20.0 10.0
75.0 156.0 20.0 10.0
134.0 159.0 20.0 10.0
134.0 69.0 20.0 10.0
135.0 145.0 20.0 10.0
93.0 74.0 20.0 10.0
86.0 113.0 20.0 10.0
81.0 136.0 20.0 10.0
131.0 134.0 20.0 10.0
172.0 103.0 20.0 10.0
150.0 106.0 20.0 10.0
76.0 104.0 20.0 10.0
106.0 81.0 20.0 10.0
98.0 125.0 20.0 10.0
156.0 95.0 20.0 10.0
93.0 69.0 20.0 10.0
142.0 93.0 20.0 10.0
144.0 122.0 20.0 10.0
137.0 155.0 20.0 10.0
174.0 74.0 20.0 10.0
61.0 128.0 20.0 10.0
94.0 100.0 20.0 10.0
170.0 134.0 20.0 10.0
94.0 120.0 20.0 10.0
145.0 125.0 20.0 10.0
121.0 105.0 20.0 10.0
123.0 184.0 20.0 10.0
124.0 155.0 20.0 10.0
128.0 93.0 20.0 10.0
157.0 133.0 20.0 10.0
127.0 70.0 20.0 10.0
125.0 75.0 20.0 10.0
78.0 137.0 20.0 10.0
170.0 142.0 20.0 10.0
161.0 114.0 20.0 10.0
146.0 95.0 20.0 10.0
114.0 147.0 20.0 10.0
92.0 102.0 20.0 10.0
107.0 113.0 20.0 10.0
66.0 127.0 20.0 10.0
119.0 149.0 20.0 10.0
78.0 84.0 20.0 10.0
76.0 120.0 20.0 10.0
107.0 127.0 20.0 10.0
85.0 126.0 20.0 10.0
69.0 114.0 20.0 10.0
125.0 134.0 20.0 10.0
153.0 139.0 20.0 10.0
118.0 108.0 20.0 10.0
112.0 77.0 20.0 10.0
97.0 99.0 20.0 10.0
180.0 116.0 20.0 10.0
91.0 89.0 20.0 10.0
90.0 102.0 20.0 10.0
134.0 120.0 20.0 10.0
79.0 131.0 20.0 10.0
115.0 131.0 20.0 10.0
160.0 113.0 20.0 10.0
74.0 86.0 20.0 10.0
70.0 76.0 20.0 10.0
164.0 118.0 20.0 10.0
70.0 66.0 20.0 10.0
102.0 67.0 20.0 10.0
81.0 115.0 20.0 10.0
120.0 187.0 20.0 10.0
134.0 112.0 20.0 10.0
96.0 60.0 20.0 10.0
72.0 64.0 20.0 10.0
76.0 145.0 20.0 10.0
116.0 84.0 20.0 10.0
119.0 138.0 20.0 10.0
166.0 107.0 20.0 10.0
89.0 154.0 20.0 10.0
130.0 85.0 20.0 10.0
96.0 150.0 20.0 10.0
165.0 143.0 20.0 10.0
80.0 71.0 20.0 10.0
104.0 114.0 20.0 10.0
117.0 125.0 20.0 10.0
103.0 102.0 20.0 10.0
99.0 70.0 20.0 10.0
182.0 165.0 20.0 10.0
96.0 115.0 20.0 10.0
122.0 138.0 20.0 10.0
149.0 185.0 20.0 10.0
86.0 133.0 20.0 10.0
145.0 109.0 20.0 10.0
58.0 111.0 20.0 10.0
139.0 123.0 20.0 10.0
64.0 130.0 20.0 10.0
103.0 150.0 20.0 10.0
124.0 162.0 20.0 10.0
98.0 144.0 20.0 10.0
158.0 177.0 20.0 10.0
151.0 126.0 20.0 10.0
125.0 85.0 20.0 10.0
147.0 131.0 20.0 10.0
144.0 129.0 20.0 10.0
137.0 115.0 20.0 10.0
102.0 97.0 20.0 10.0
115.0 75.0 20.0 10.0
163.0 164.0 20.0 10.0
126.0 136.0 20.0 10.0
136.0 136.0 20.0 10.0
106.0 146.0 20.0 10.0
108.0 135.0 20.0 10.0
87.0 106.0 20.0 10.0
124.0 122.0 20.0 10.0
138.0 110.0 20.0 10.0
160.0 145.0 20.0 10.0
118.0 163.0 20.0 10.0
91.0 172.0 20.0 10.0
91.0 130.0 20.0 10.0
25.0 129.0 20.0 10.0
79.0 94.0 20.0 10.0
76.0 128.0 20.0 10.0
95.0 84.0 20.0 10.0
141.0 83.0 20.0 10.0
104.0 127.0 20.0 10.0
145.0 114.0 20.0 10.0
125.0 151.0 20.0 10.0
99.0 152.0 20.0 10.0
148.0 193.0 20.0 10.0
92.0 92.0 20.0 10.0
160.0 173.0 20.0 10.0
105.0 108.0 20.0 10.0
159.0 142.0 20.0 10.0
136.0 109.0 20.0 10.0
118.0 120.0 20.0 10.0
120.0 115.0 20.0 10.0
111.0 114.0 20.0 10.0
106.0 179.0 20.0 10.0
101.0 122.0 20.0 10.0
126.0 141.0 20.0 10.0
134.0 106.0 20.0 10.0
146.0 112.0 20.0 10.0
122.0 108.0 20.0 10.0
107.0 87.0 20.0 10.0
89.0 80.0 20.0 10.0
104.0 80.0 20.0 10.0
94.0 109.0 20.0 10.0
142.0 161.0 20.0 10.0
145.0 135.0 20.0 10.0
158.0 116.0 20.0 10.0
72.0 133.0 20.0 10.0
50.0 156.0 20.0 10.0
154.0 117.0 20.0 10.0
85.0 92.0 20.0 10.0
49.0 139.0 20.0 10.0
152.0 172.0 20.0 10.0
88.0 86.0 20.0 10.0
94.0 141.0 20.0 10.0
112.0 106.0 20.0 10.0
113.0 85.0 20.0 10.0
109.0 123.0 20.0 10.0
101.0 82.0 20.0 10.0
134.0 131.0 20.0 10.0
120.0 146.0 20.0 10.0
111.0 59.0 20.0 10.0
88.0 129.0 20.0 10.0
128.0 140.0 20.0 10.0
141.0 144.0 20.0 10.0
136.0 94.0 20.0 10.0
133.0 165.0 20.0 10.0
139.0 65.0 20.0 10.0
137.0 144.0 20.0 10.0
131.0 110.0 20.0 10.0
127.0 105.0 20.0 10.0
86.0 122.0 20.0 10.0
91.0 98.0 20.0 10.0
91.0 135.0 20.0 10.0
121.0 92.0 20.0 10.0
122.0 143.0 20.0 10.0
166.0 149.0 20.0 10.0
87.0 143.0 20.0 10.0
70.0 129.0 20.0 10.0
159.0 101.0 20.0 10.0
152.0 101.0 20.0 10.0
94.0 147.0 20.0 10.0
132.0 159.0 20.0 10.0
118.0 141.0 20.0 10.0
137.0 149.0 20.0 10.0
110.0 167.0 20.0 10.0
128.0 146.0 20.0 10.0
131.0 74.0 20.0 10.0
134.0 149.0 20.0 10.0
164.0 113.0 20.0 10.0
123.0 148.0 20.0 10.0
105.0 119.0 20.0 10.0
134.0 102.0 20.0 10.0
147.0 114.0 20.0 10.0
88.0 168.0 20.0 10.0
108.0 120.0 20.0 10.0
157.0 151.0 20.0 10.0
157.0 129.0 20.0 10.0
111.0 139.0 20.0 10.0
115.0 114.0 20.0 10.0
140.0 139.0 20.0 10.0
86.0 76.0 20.0 10.0
62.0 94.0 20.0 10.0
121.0 80.0 20.0 10.0
65.0 154.0 20.0 10.0
130.0 66.0 20.0 10.0
105.0 144.0 20.0 10.0
99.0 89.0 20.0 10.0
178.0 107.0 20.0 10.0
81.0 43.0 20.0 10.0
106.0 99.0 20.0 10.0
62.0 80.0 20.0 10.0
103.0 180.0 20.0 10.0
148.0 144.0 20.0 10.0
111.0 97.0 20.0 10.0
152.0 108.0 20.0 10.0
163.0 138.0 20.0 10.0
100.0 103.0 20.0 10.0
172.0 97.0 20.0 10.0
78.0 123.0 20.0 10.0
122.0 98.0 20.0 10.0
116.0 100.0 20.0 10.0
141.0 101.0 20.0 10.0
103.0 87.0 20.0 10.0
112.0 94.0 20.0 10.0
135.0 91.0 20.0 10.0
155.0 145.0 20.0 10.0
84.0 56.0 20.0 10.0
153.0 87.0 20.0 10.0
151.0 85.0 20.0 10.0
130.0 131.0 20.0 10.0
128.0 107.0 20.0 10.0
123.0 87.0 20.0 10.0
156.0 201.0 20.0 10.0
153.0 165.0 20.0 10.0
148.0 161.0 20.0 10.0
142.0 155.0 20.0 10.0
101.0 139.0 20.0 10.0
122.0 123.0 20.0 10.0
127.0 148.0 20.0 10.0
154.0 158.0 20.0 10.0
99.0 137.0 20.0 10.0
148.0 104.0 20.0 10.0
148.0 140.0 20.0 10.0
77.0 133.0 20.0 10.0
114.0 140.0 20.0 10.0
147.0 102.0 20.0 10.0
99.0 108.0 20.0 10.0
110.0 131.0 20.0 10.0
143.0 116.0 20.0 10.0
147.0 86.0 20.0 10.0
130.0 182.0 20.0 10.0
113.0 137.0 20.0 10.0
98.0 83.0 20.0 10.0
97.0 75.0 20.0 10.0
101.0 75.0 20.0 10.0
136.0 140.0 20.0 10.0
145.0 119.0 20.0 10.0
143.0 86.0 20.0 10.0
107.0 157.0 20.0 10.0
112.0 113.0 20.0 10.0
90.0 140.0 20.0 10.0
114.0 110.0 20.0 10.0
116.0 136.0 20.0 10.0
97.0 123.0 20.0 10.0
116.0 152.0 20.0 10.0
127.0 115.0 20.0 10.0
74.0 115.0 20.0 10.0
88.0 149.0 20.0 10.0
120.0 135.0 20.0 10.0
127.0 97.0 20.0 10.0
181.0 90.0 20.0 10.0
109.0 93.0 20.0 10.0
123.0 112.0 20.0 10.0
94.0 81.0 20.0 10.0
113.0 104.0 20.0 10.0
97.0 139.0 20.0 10.0
104.0 159.0 20.0 10.0
202.0 132.0 20.0 10.0
124.0 117.0 20.0 10.0
109.0 120.0 20.0 10.0
77.0 168.0 20.0 10.0
144.0 137.0 20.0 10.0
106.0 68.0 20.0 10.0
104.0 135.0 20.0 10.0
61.0 66.0 20.0 10.0
101.0 174.0 20.0 10.0
163.0 103.0 20.0 10.0
135.0 152.0 20.0 10.0
117.0 154.0 20.0 10.0
122.0 82.0 20.0 10.0
120.0 127.0 20.0 10.0
110.0 178.0 20.0 10.0
155.0 106.0 20.0 10.0
101.0 160.0 20.0 10.0
100.0 105.0 20.0 10.0
130.0 101.0 20.0 10.0
71.0 151.0 20.0 10.0
88.0 124.0 20.0 10.0
108.0 90.0 20.0 10.0
141.0 106.0 20.0 10.0
86.0 154.0 20.0 10.0
125.0 125.0 20.0 10.0
33.0 58.0 20.0 10.0
113.0 174.0 20.0 10.0
140.0 97.0 20.0 10.0
112.0 134.0 20.0 10.0
73.0 89.0 20.0 10.0
119.0 111.0 20.0 10.0
89.0 86.0 20.0 10.0
118.0 97.0 20.0 10.0
160.0 126.0 20.0 10.0
86.0 79.0 20.0 10.0
139.0 127.0 20.0 10.0
114.0 116.0 20.0 10.0
124.0 164.0 20.0 10.0
82.0 145.0 20.0 10.0
140.0 116.0 20.0 10.0
69.0 79.0 20.0 10.0
104.0 141.0 20.0 10.0
130.0 157.0 20.0 10.0
116.0 146.0 20.0 10.0
123.0 59.0 20.0 10.0
147.0 106.0 20.0 10.0
102.0 120.0 20.0 10.0
145.0 80.0 20.0 10.0
94.0 112.0 20.0 10.0
130.0 150.0 20.0 10.0
134.0 73.0 20.0 10.0
152.0 95.0 20.0 10.0
119.0 109.0 20.0 10.0
153.0 132.0 20.0 10.0
109.0 71.0 20.0 10.0
110.0 104.0 20.0 10.0
173.0 150.0 20.0 10.0
156.0 124.0 20.0 10.0
169.0 114.0 20.0 10.0
193.0 101.0 20.0 10.0
102.0 154.0 20.0 10.0
172.0 130.0 20.0 10.0
105.0 125.0 20.0 10.0
95.0 137.0 20.0 10.0
137.0 98.0 20.0 10.0
124.0 120.0 20.0 10.0
134.0 78.0 20.0 10.0
117.0 132.0 20.0 10.0
94.0 117.0 20.0 10.0
122.0 130.0 20.0 10.0
132.0 120.0 20.0 10.0
91.0 59.0 20.0 10.0
