500
102.0 137.0 20.0 10.0
148.0 75.0 20.0 10.0
112.0 119.0 20.0 10.0
102.0 82.0 20.0 10.0
145.0 116.0 20.0 10.0
161.0 94.0 20.0 10.0
149.0 108.0 20.0 10.0
196.0 113.0 20.0 10.0
84.0 72.0 20.0 10.0
135.0 126.0 20.0 10.0
113.0 121.0 20.0 10.0
93.0 57.0 20.0 10.0
121.0 153.0 20.0 10.0
138.0 76.0 20.0 10.0
99.0 97.0 20.0 10.0
115.0 101.0 20.0 10.0
57.0 118.0 20.0 10.0
119.0 62.0 20.0 10.0
133.0 85.0 20.0 10.0
112.0 92.0 20.0 10.0
166.0 133.0 20.0 10.0
139.0 85.0 20.0 10.0
84.0 123.0 20.0 10.0
126.0 71.0 20.0 10.0
108.0 66.0 20.0 10.0
148.0 84.0 20.0 10.0
151.0 79.0 20.0 10.0
161.0 125.0 20.0 10.0
75.0 108.0 20.0 10.0
77.0 114.0 20.0 10.0
62.0 112.0 20.0 10.0
131.0 106.0 20.0 10.0
141.0 62.0 20.0 10.0
67.0 121.0 20.0 10.0
165.0 93.0 20.0 10.0
120.0 129.0 20.0 10.0
109.0 97.0 20.0 10.0
108.0 92.0 20.0 10.0
149.0 66.0 20.0 10.0
108.0 115.0 20.0 10.0
120.0 99.0 20.0 10.0
101.0 91.0 20.0 10.0
164.0 57.0 20.0 10.0
83.0 135.0 20.0 10.0
137.0 84.0 20.0 10.0
97.0 98.0 20.0 10.0
112.0 82.0 20.0 10.0
77.0 99.0 20.0 10.0
98.0 113.0 20.0 10.0
88.0 139.0 20.0 10.0
133.0 115.0 20.0 10.0
117.0 89.0 20.0 10.0
144.0 51.0 20.0 10.0
129.0 65.0 20.0 10.0
117.0 53.0 20.0 10.0
158.0 100.0 20.0 10.0
130.0 85.0 20.0 10.0
88.0 110.0 20.0 10.0
113.0 166.0 20.0 10.0
90.0 106.0 20.0 10.0
118.0 123.0 20.0 10.0
125.0 77.0 20.0 10.0
73.0 130.0 20.0 10.0
105.0 110.0 20.0 10.0
121.0 115.0 20.0 10.0
163.0 85.0 20.0 10.0
161.0 105.0 20.0 10.0
137.0 102.0 20.0 10.0
123.0 134.0 20.0 10.0
122.0 60.0 20.0 10.0
140.0 45.0 20.0 10.0
82.0 125.0 20.0 10.0
122.0 94.0 20.0 10.0
52.0 113.0 20.0 10.0
166.0 142.0 20.0 10.0
138.0 124.0 20.0 10.0
130.0 137.0 20.0 10.0
170.0 65.0 20.0 10.0
78.0 152.0 20.0 10.0
124.0 158.0 20.0 10.0
81.0 133.0 20.0 10.0
65.0 107.0 20.0 10.0
93.0 93.0 20.0 10.0
136.0 137.0 20.0 10.0
74.0 88.0 20.0 10.0
182.0 66.0 20.0 10.0
134.0 130.0 20.0 10.0
72.0 124.0 20.0 10.0
92.0 127.0 20.0 10.0
118.0 144.0 20.0 10.0
157.0 147.0 20.0 10.0
106.0 93.0 20.0 10.0
107.0 25.0 20.0 10.0
105.0 100.0 20.0 10.0
153.0 151.0 20.0 10.0
25.0 45.0 20.0 10.0
152.0 58.0 20.0 10.0
137.0 44.0 20.0 10.0
141.0 146.0 20.0 10.0
101.0 101.0 20.0 10.0
90.0 84.0 20.0 10.0
91.0 95.0 20.0 10.0
150.0 114.0 20.0 10.0
90.0 130.0 20.0 10.0
72.0 135.0 20.0 10.0
131.0 151.0 20.0 10.0
120.0 41.0 20.0 10.0
107.0 106.0 20.0 10.0
106.0 84.0 20.0 10.0
154.0 134.0 20.0 10.0
84.0 128.0 20.0 10.0
86.0 110.0 20.0 10.0
148.0 105.0 20.0 10.0
80.0 114.0 20.0 10.0
82.0 58.0 20.0 10.0
134.0 81.0 20.0 10.0
125.0 97.0 20.0 10.0
120.0 95.0 20.0 10.0
114.0 86.0 20.0 10.0
124.0 109.0 20.0 10.0
95.0 84.0 20.0 10.0
89.0 116.0 20.0 10.0
128.0 129.0 20.0 10.0
95.0 107.0 20.0 10.0
96.0 122.0 20.0 10.0
151.0 61.0 20.0 10.0
92.0 104.0 20.0 10.0
105.0 132.0 20.0 10.0
128.0 122.0 20.0 10.0
140.0 122.0 20.0 10.0
119.0 106.0 20.0 10.0
91.0 135.0 20.0 10.0
63.0 71.0 20.0 10.0
155.0 149.0 20.0 10.0
81.0 94.0 20.0 10.0
82.0 108.0 20.0 10.0
71.0 45.0 20.0 10.0
139.0 157.0 20.0 10.0
103.0 44.0 20.0 10.0
154.0 62.0 20.0 10.0
176.0 95.0 20.0 10.0
138.0 130.0 20.0 10.0
133.0 139.0 20.0 10.0
119.0 76.0 20.0 10.0
100.0 82.0 20.0 10.0
96.0 133.0 20.0 10.0
121.0 157.0 20.0 10.0
165.0 90.0 20.0 10.0
91.0 81.0 20.0 10.0
82.0 101.0 20.0 10.0
155.0 66.0 20.0 10.0
130.0 118.0 20.0 10.0
153.0 100.0 20.0 10.0
75.0 105.0 20.0 10.0
111.0 61.0 20.0 10.0
109.0 88.0 20.0 10.0
130.0 110.0 20.0 10.0
96.0 128.0 20.0 10.0
92.0 117.0 20.0 10.0
151.0 118.0 20.0 10.0
160.0 113.0 20.0 10.0
183.0 128.0 20.0 10.0
122.0 105.0 20.0 10.0
144.0 104.0 20.0 10.0
74.0 96.0 20.0 10.0
193.0 135.0 20.0 10.0
115.0 109.0 20.0 10.0
184.0 106.0 20.0 10.0
161.0 133.0 20.0 10.0
102.0 74.0 20.0 10.0
136.0 194.0 20.0 10.0
89.0 89.0 20.0 10.0
128.0 49.0 20.0 10.0
111.0 139.0 20.0 10.0
158.0 77.0 20.0 10.0
186.0 30.0 20.0 10.0
96.0 58.0 20.0 10.0
153.0 82.0 20.0 10.0
103.0 128.0 20.0 10.0
140.0 79.0 20.0 10.0
95.0 138.0 20.0 10.0
94.0 104.0 20.0 10.0
88.0 133.0 20.0 10.0
152.0 67.0 20.0 10.0
149.0 125.0 20.0 10.0
165.0 104.0 20.0 10.0
102.0 62.0 20.0 10.0
124.0 111.0 20.0 10.0
131.0 73.0 20.0 10.0
83.0 65.0 20.0 10.0
168.0 104.0 20.0 10.0
131.0 132.0 20.0 10.0
172.0 153.0 20.0 10.0
70.0 102.0 20.0 10.0
131.0 70.0 20.0 10.0
119.0 96.0 20.0 10.0
123.0 151.0 20.0 10.0
96.0 163.0 20.0 10.0
80.0 142.0 20.0 10.0
92.0 123.0 20.0 10.0
87.0 115.0 20.0 10.0
143.0 134.0 20.0 10.0
130.0 115.0 20.0 10.0
81.0 96.0 20.0 10.0
107.0 123.0 20.0 10.0
110.0 66.0 20.0 10.0
159.0 110.0 20.0 10.0
153.0 124.0 20.0 10.0
126.0 121.0 20.0 10.0
108.0 64.0 20.0 10.0
169.0 84.0 20.0 10.0
190.0 162.0 20.0 10.0
106.0 58.0 20.0 10.0
124.0 115.0 20.0 10.0
109.0 70.0 20.0 10.0
84.0 84.0 20.0 10.0
80.0 88.0 20.0 10.0
130.0 101.0 20.0 10.0
80.0 82.0 20.0 10.0
133.0 172.0 20.0 10.0
130.0 51.0 20.0 10.0
117.0 113.0 20.0 10.0
107.0 120.0 20.0 10.0
141.0 115.0 20.0 10.0
130.0 55.0 20.0 10.0
126.0 154.0 20.0 10.0
98.0 77.0 20.0 10.0
151.0 97.0 20.0 10.0
80.0 55.0 20.0 10.0
115.0 130.0 20.0 10.0
65.0 73.0 20.0 10.0
137.0 87.0 20.0 10.0
141.0 91.0 20.0 10.0
68.0 125.0 20.0 10.0
118.0 126.0 20.0 10.0
115.0 99.0 20.0 10.0
118.0 70.0 20.0 10.0
172.0 89.0 20.0 10.0
86.0 81.0 20.0 10.0
115.0 137.0 20.0 10.0
141.0 57.0 20.0 10.0
91.0 89.0 20.0 10.0
185.0 149.0 20.0 10.0
90.0 47.0 20.0 10.0
129.0 113.0 20.0 10.0
80.0 168.0 20.0 10.0
111.0 125.0 20.0 10.0
100.0 42.0 20.0 10.0
145.0 121.0 20.0 10.0
130.0 94.0 20.0 10.0
127.0 115.0 20.0 10.0
134.0 116.0 20.0 10.0
113.0 50.0 20.0 10.0
116.0 61.0 20.0 10.0
187.0 82.0 20.0 10.0
146.0 127.0 20.0 10.0
107.0 121.0 20.0 10.0
99.0 133.0 20.0 10.0
113.0 144.0 20.0 10.0
137.0 115.0 20.0 10.0
167.0 124.0 20.0 10.0
145.0 100.0 20.0 10.0
129.0 128.0 20.0 10.0
187.0 121.0 20.0 10.0
83.0 90.0 20.0 10.0
79.0 130.0 20.0 10.0
56.0 80.0 20.0 10.0
155.0 88.0 20.0 10.0
178.0 124.0 20.0 10.0
114.0 106.0 20.0 10.0
118.0 104.0 20.0 10.0
150.0 88.0 20.0 10.0
115.0 166.0 20.0 10.0
117.0 108.0 20.0 10.0
73.0 91.0 20.0 10.0
75.0 118.0 20.0 10.0
90.0 58.0 20.0 10.0
129.0 75.0 20.0 10.0
37.0 120.0 20.0 10.0
165.0 109.0 20.0 10.0
135.0 118.0 20.0 10.0
130.0 89.0 20.0 10.0
170.0 96.0 20.0 10.0
106.0 104.0 20.0 10.0
126.0 148.0 20.0 10.0
105.0 70.0 20.0 10.0
118.0 117.0 20.0 10.0
98.0 90.0 20.0 10.0
86.0 119.0 20.0 10.0
84.0 98.0 20.0 10.0
109.0 136.0 20.0 10.0
127.0 104.0 20.0 10.0
109.0 101.0 20.0 10.0
69.0 106.0 20.0 10.0
131.0 80.0 20.0 10.0
150.0 170.0 20.0 10.0
118.0 163.0 20.0 10.0
99.0 110.0 20.0 10.0
71.0 95.0 20.0 10.0
87.0 52.0 20.0 10.0
131.0 123.0 20.0 10.0
87.0 137.0 20.0 10.0
103.0 86.0 20.0 10.0
87.0 156.0 20.0 10.0
71.0 112.0 20.0 10.0
122.0 64.0 20.0 10.0
103.0 107.0 20.0 10.0
88.0 181.0 20.0 10.0
136.0 90.0 20.0 10.0
92.0 153.0 20.0 10.0
109.0 109.0 20.0 10.0
121.0 87.0 20.0 10.0
135.0 147.0 20.0 10.0
102.0 94.0 20.0 10.0
125.0 136.0 20.0 10.0
154.0 70.0 20.0 10.0
96.0 108.0 20.0 10.0
114.0 77.0 20.0 10.0
132.0 158.0 20.0 10.0
135.0 106.0 20.0 10.0
122.0 126.0 20.0 10.0
164.0 176.0 20.0 10.0
115.0 94.0 20.0 10.0
129.0 81.0 20.0 10.0
96.0 103.0 20.0 10.0
70.0 144.0 20.0 10.0
85.0 111.0 20.0 10.0
72.0 120.0 20.0 10.0
146.0 138.0 20.0 10.0
162.0 74.0 20.0 10.0
127.0 77.0 20.0 10.0
95.0 132.0 20.0 10.0
93.0 149.0 20.0 10.0
157.0 108.0 20.0 10.0
110.0 54.0 20.0 10.0
145.0 79.0 20.0 10.0
90.0 65.0 20.0 10.0
99.0 74.0 20.0 10.0
190.0 90.0 20.0 10.0
161.0 71.0 20.0 10.0
116.0 107.0 20.0 10.0
90.0 76.0 20.0 10.0
137.0 107.0 20.0 10.0
124.0 57.0 20.0 10.0
72.0 76.0 20.0 10.0
106.0 73.0 20.0 10.0
84.0 104.0 20.0 10.0
61.0 137.0 20.0 10.0
87.0 42.0 20.0 10.0
113.0 124.0 20.0 10.0
120.0 80.0 20.0 10.0
117.0 78.0 20.0 10.0
123.0 68.0 20.0 10.0
161.0 66.0 20.0 10.0
121.0 132.0 20.0 10.0
123.0 77.0 20.0 10.0
131.0 112.0 20.0 10.0
87.0 99.0 20.0 10.0
111.0 150.0 20.0 10.0
62.0 107.0 20.0 10.0
133.0 99.0 20.0 10.0
146.0 123.0 20.0 10.0
114.0 97.0 20.0 10.0
100.0 123.0 20.0 10.0
183.0 52.0 20.0 10.0
138.0 111.0 20.0 10.0
99.0 56.0 20.0 10.0
99.0 87.0 20.0 10.0
92.0 44.0 20.0 10.0
128.0 86.0 20.0 10.0
80.0 121.0 20.0 10.0
157.0 93.0 20.0 10.0
66.0 99.0 20.0 10.0
103.0 122.0 20.0 10.0
148.0 80.0 20.0 10.0
93.0 68.0 20.0 10.0
103.0 125.0 20.0 10.0
103.0 113.0 20.0 10.0
145.0 131.0 20.0 10.0
85.0 141.0 20.0 10.0
94.0 87.0 20.0 10.0
115.0 90.0 20.0 10.0
156.0 128.0 20.0 10.0
155.0 119.0 20.0 10.0
96.0 93.0 20.0 10.0
107.0 137.0 20.0 10.0
97.0 115.0 20.0 10.0
87.0 151.0 20.0 10.0
103.0 152.0 20.0 10.0
126.0 57.0 20.0 10.0
145.0 110.0 20.0 10.0
96.0 140.0 20.0 10.0
35.0 120.0 20.0 10.0
126.0 134.0 20.0 10.0
122.0 141.0 20.0 10.0
128.0 45.0 20.0 10.0
107.0 142.0 20.0 10.0
128.0 125.0 20.0 10.0
85.0 69.0 20.0 10.0
78.0 73.0 20.0 10.0
106.0 133.0 20.0 10.0
90.0 108.0 20.0 10.0
119.0 93.0 20.0 10.0
110.0 98.0 20.0 10.0
92.0 100.0 20.0 10.0
113.0 63.0 20.0 10.0
89.0 122.0 20.0 10.0
125.0 130.0 20.0 10.0
118.0 85.0 20.0 10.0
145.0 94.0 20.0 10.0
126.0 85.0 20.0 10.0
106.0 112.0 20.0 10.0
52.0 119.0 20.0 10.0
65.0 81.0 20.0 10.0
133.0 73.0 20.0 10.0
124.0 123.0 20.0 10.0
148.0 112.0 20.0 10.0
123.0 36.0 20.0 10.0
100.0 79.0 20.0 10.0
124.0 103.0 20.0 10.0
71.0 108.0 20.0 10.0
150.0 48.0 20.0 10.0
101.0 111.0 20.0 10.0
59.0 94.0 20.0 10.0
65.0 84.0 20.0 10.0
83.0 147.0 20.0 10.0
154.0 155.0 20.0 10.0
174.0 147.0 20.0 10.0
155.0 48.0 20.0 10.0
125.0 81.0 20.0 10.0
106.0 91.0 20.0 10.0
157.0 123.0 20.0 10.0
155.0 115.0 20.0 10.0
104.0 103.0 20.0 10.0
152.0 139.0 20.0 10.0
120.0 68.0 20.0 10.0
65.0 135.0 20.0 10.0
138.0 135.0 20.0 10.0
136.0 59.0 20.0 10.0
41.0 102.0 20.0 10.0
172.0 122.0 20.0 10.0
87.0 104.0 20.0 10.0
117.0 35.0 20.0 10.0
50.0 147.0 20.0 10.0
121.0 109.0 20.0 10.0
98.0 149.0 20.0 10.0
144.0 91.0 20.0 10.0
100.0 140.0 20.0 10.0
114.0 71.0 20.0 10.0
97.0 119.0 20.0 10.0
112.0 114.0 20.0 10.0
128.0 93.0 20.0 10.0
166.0 115.0 20.0 10.0
141.0 86.0 20.0 10.0
111.0 105.0 20.0 10.0
78.0 86.0 20.0 10.0
68.0 142.0 20.0 10.0
129.0 146.0 20.0 10.0
165.0 139.0 20.0 10.0
71.0 72.0 20.0 10.0
103.0 157.0 20.0 10.0
55.0 102.0 20.0 10.0
138.0 72.0 20.0 10.0
155.0 95.0 20.0 10.0
69.0 88.0 20.0 10.0
161.0 97.0 20.0 10.0
148.0 99.0 20.0 10.0
123.0 100.0 20.0 10.0
124.0 65.0 20.0 10.0
122.0 74.0 20.0 10.0
183.0 55.0 20.0 10.0
104.0 135.0 20.0 10.0
109.0 78.0 20.0 10.0
123.0 89.0 20.0 10.0
117.0 57.0 20.0 10.0
137.0 68.0 20.0 10.0
141.0 82.0 20.0 10.0
133.0 91.0 20.0 10.0
95.0 73.0 20.0 10.0
120.0 143.0 20.0 10.0
76.0 63.0 20.0 10.0
96.0 80.0 20.0 10.0
94.0 64.0 20.0 10.0
139.0 94.0 20.0 10.0
141.0 109.0 20.0 10.0
135.0 94.0 20.0 10.0
121.0 97.0 20.0 10.0
133.0 61.0 20.0 10.0
81.0 105.0 20.0 10.0
110.0 129.0 20.0 10.0
78.0 120.0 20.0 10.0
102.0 67.0 20.0 10.0
152.0 143.0 20.0 10.0
92.0 72.0 20.0 10.0
79.0 108.0 20.0 10.0
105.0 76.0 20.0 10.0
115.0 151.0 20.0 10.0
171.0 117.0 20.0 10.0
112.0 98.0 20.0 10.0
113.0 74.0 20.0 10.0
