500
128.0 55.0 20.0 10.0
92.0 46.0 20.0 10.0
70.0 140.0 20.0 10.0
90.0 107.0 20.0 10.0
144.0 128.0 20.0 10.0
76.0 113.0 20.0 10.0
129.0 75.0 20.0 10.0
168.0 159.0 20.0 10.0
158.0 110.0 20.0 10.0
169.0 78.0 20.0 10.0
179.0 67.0 20.0 10.0
69.0 124.0 20.0 10.0
161.0 68.0 20.0 10.0
56.0 101.0 20.0 10.0
97.0 100.0 20.0 10.0
73.0 101.0 20.0 10.0
93.0 60.0 20.0 10.0
162.0 103.0 20.0 10.0
126.0 95.0 20.0 10.0
75.0 99.0 20.0 10.0
119.0 92.0 20.0 10.0
113.0 150.0 20.0 10.0
112.0 93.0 20.0 10.0
115.0 128.0 20.0 10.0
105.0 108.0 20.0 10.0
134.0 109.0 20.0 10.0
98.0 89.0 20.0 10.0
114.0 122.0 20.0 10.0
154.0 56.0 20.0 10.0
93.0 74.0 20.0 10.0
124.0 99.0 20.0 10.0
92.0 40.0 20.0 10.0
134.0 156.0 20.0 10.0
142.0 96.0 20.0 10.0
160.0 118.0 20.0 10.0
139.0 59.0 20.0 10.0
89.0 64.0 20.0 10.0
100.0 81.0 20.0 10.0
108.0 81.0 20.0 10.0
135.0 46.0 20.0 10.0
95.0 108.0 20.0 10.0
130.0 146.0 20.0 10.0
99.0 135.0 20.0 10.0
71.0 74.0 20.0 10.0
80.0 54.0 20.0 10.0
82.0 126.0 20.0 10.0
165.0 109.0 20.0 10.0
151.0 67.0 20.0 10.0
146.0 109.0 20.0 10.0
82.0 140.0 20.0 10.0
177.0 128.0 20.0 10.0
148.0 100.0 20.0 10.0
28.0 76.0 20.0 10.0
152.0 131.0 20.0 10.0
78.0 91.0 20.0 10.0
107.0 87.0 20.0 10.0
107.0 121.0 20.0 10.0
168.0 108.0 20.0 10.0
73.0 121.0 20.0 10.0
80.0 95.0 20.0 10.0
102.0 98.0 20.0 10.0
88.0 36.0 20.0 10.0
103.0 54.0 20.0 10.0
155.0 80.0 20.0 10.0
106.0 125.0 20.0 10.0
137.0 84.0 20.0 10.0
121.0 67.0 20.0 10.0
163.0 64.0 20.0 10.0
90.0 157.0 20.0 10.0
116.0 97.0 20.0 10.0
97.0 151.0 20.0 10.0
74.0 108.0 20.0 10.0
131.0 106.0 20.0 10.0
124.0 67.0 20.0 10.0
72.0 147.0 20.0 10.0
115.0 106.0 20.0 10.0
113.0 83.0 20.0 10.0
56.0 104.0 20.0 10.0
67.0 77.0 20.0 10.0
90.0 88.0 20.0 10.0
108.0 151.0 20.0 10.0
116.0 115.0 20.0 10.0
90.0 72.0 20.0 10.0
110.0 157.0 20.0 10.0
135.0 58.0 20.0 10.0
97.0 59.0 20.0 10.0
126.0 123.0 20.0 10.0
143.0 48.0 20.0 10.0
153.0 108.0 20.0 10.0
124.0 121.0 20.0 10.0
126.0 153.0 20.0 10.0
161.0 50.0 20.0 10.0
82.0 37.0 20.0 10.0
80.0 113.0 20.0 10.0
112.0 126.0 20.0 10.0
75.0 70.0 20.0 10.0
89.0 84.0 20.0 10.0
103.0 158.0 20.0 10.0
150.0 78.0 20.0 10.0
164.0 71.0 20.0 10.0
88.0 108.0 20.0 10.0
104.0 124.0 20.0 10.0
128.0 111.0 20.0 10.0
135.0 131.0 20.0 10.0
143.0 111.0 20.0 10.0
138.0 45.0 20.0 10.0
156.0 100.0 20.0 10.0
106.0 104.0 20.0 10.0
65.0 120.0 20.0 10.0
79.0 126.0 20.0 10.0
131.0 98.0 20.0 10.0
114.0 66.0 20.0 10.0
105.0 113.0 20.0 10.0
138.0 114.0 20.0 10.0
151.0 87.0 20.0 10.0
113.0 111.0 20.0 10.0
136.0 107.0 20.0 10.0
84.0 147.0 20.0 10.0
103.0 35.0 20.0 10.0
103.0 79.0 20.0 10.0
95.0 104.0 20.0 10.0
105.0 59.0 20.0 10.0
104.0 56.0 20.0 10.0
82.0 116.0 20.0 10.0
110.0 42.0 20.0 10.0
110.0 110.0 20.0 10.0
131.0 93.0 20.0 10.0
145.0 82.0 20.0 10.0
69.0 106.0 20.0 10.0
139.0 42.0 20.0 10.0
76.0 96.0 20.0 10.0
133.0 150.0 20.0 10.0
145.0 141.0 20.0 10.0
110.0 118.0 20.0 10.0
125.0 109.0 20.0 10.0
106.0 89.0 20.0 10.0
87.0 126.0 20.0 10.0
129.0 109.0 20.0 10.0
102.0 104.0 20.0 10.0
137.0 111.0 20.0 10.0
112.0 100.0 20.0 10.0
91.0 76.0 20.0 10.0
135.0 68.0 20.0 10.0
168.0 138.0 20.0 10.0
100.0 196.0 20.0 10.0
103.0 107.0 20.0 10.0
72.0 79.0 20.0 10.0
126.0 77.0 20.0 10.0
155.0 134.0 20.0 10.0
113.0 64.0 20.0 10.0
113.0 85.0 20.0 10.0
110.0 37.0 20.0 10.0
76.0 63.0 20.0 10.0
74.0 155.0 20.0 10.0
132.0 117.0 20.0 10.0
121.0 133.0 20.0 10.0
124.0 138.0 20.0 10.0
138.0 64.0 20.0 10.0
89.0 119.0 20.0 10.0
140.0 68.0 20.0 10.0
156.0 95.0 20.0 10.0
119.0 78.0 20.0 10.0
100.0 122.0 20.0 10.0
112.0 129.0 20.0 10.0
163.0 97.0 20.0 10.0
95.0 40.0 20.0 10.0
93.0 112.0 20.0 10.0
123.0 44.0 20.0 10.0
98.0 64.0 20.0 10.0
104.0 74.0 20.0 10.0
148.0 75.0 20.0 10.0
117.0 112.0 20.0 10.0
119.0 180.0 20.0 10.0
95.0 91.0 20.0 10.0
155.0 121.0 20.0 10.0
69.0 80.0 20.0 10.0
179.0 89.0 20.0 10.0
99.0 108.0 20.0 10.0
95.0 159.0 20.0 10.0
109.0 132.0 20.0 10.0
66.0 81.0 20.0 10.0
159.0 115.0 20.0 10.0
74.0 78.0 20.0 10.0
86.0 85.0 20.0 10.0
128.0 101.0 20.0 10.0
180.0 83.0 20.0 10.0
111.0 122.0 20.0 10.0
49.0 129.0 20.0 10.0
134.0 105.0 20.0 10.0
87.0 123.0 20.0 10.0
108.0 129.0 20.0 10.0
138.0 99.0 20.0 10.0
79.0 115.0 20.0 10.0
88.0 61.0 20.0 10.0
93.0 98.0 20.0 10.0
111.0 80.0 20.0 10.0
199.0 174.0 20.0 10.0
97.0 81.0 20.0 10.0
125.0 87.0 20.0 10.0
163.0 82.0 20.0 10.0
101.0 74.0 20.0 10.0
83.0 132.0 20.0 10.0
184.0 51.0 20.0 10.0
144.0 67.0 20.0 10.0
127.0 138.0 20.0 10.0
111.0 84.0 20.0 10.0
106.0 49.0 20.0 10.0
118.0 97.0 20.0 10.0
63.0 117.0 20.0 10.0
101.0 112.0 20.0 10.0
146.0 97.0 20.0 10.0
102.0 52.0 20.0 10.0
117.0 152.0 20.0 10.0
77.0 86.0 20.0 10.0
124.0 37.0 20.0 10.0
106.0 131.0 20.0 10.0
153.0 85.0 20.0 10.0
117.0 92.0 20.0 10.0
94.0 81.0 20.0 10.0
133.0 65.0 20.0 10.0
99.0 95.0 20.0 10.0
105.0 136.0 20.0 10.0
70.0 98.0 20.0 10.0
187.0 75.0 20.0 10.0
121.0 88.0 20.0 10.0
150.0 71.0 20.0 10.0
159.0 105.0 20.0 10.0
190.0 143.0 20.0 10.0
132.0 120.0 20.0 10.0
135.0 80.0 20.0 10.0
146.0 102.0 20.0 10.0
113.0 97.0 20.0 10.0
117.0 53.0 20.0 10.0
164.0 142.0 20.0 10.0
139.0 132.0 20.0 10.0
115.0 137.0 20.0 10.0
121.0 109.0 20.0 10.0
131.0 128.0 20.0 10.0
118.0 120.0 20.0 10.0
161.0 76.0 20.0 10.0
120.0 60.0 20.0 10.0
95.0 94.0 20.0 10.0
130.0 44.0 20.0 10.0
131.0 102.0 20.0 10.0
93.0 125.0 20.0 10.0
117.0 58.0 20.0 10.0
80.0 100.0 20.0 10.0
119.0 116.0 20.0 10.0
107.0 92.0 20.0 10.0
109.0 74.0 20.0 10.0
84.0 84.0 20.0 10.0
140.0 99.0 20.0 10.0
100.0 92.0 20.0 10.0
92.0 66.0 20.0 10.0
166.0 123.0 20.0 10.0
142.0 75.0 20.0 10.0
140.0 81.0 20.0 10.0
87.0 105.0 20.0 10.0
54.0 155.0 20.0 10.0
115.0 139.0 20.0 10.0
143.0 88.0 20.0 10.0
158.0 93.0 20.0 10.0
99.0 117.0 20.0 10.0
136.0 140.0 20.0 10.0
92.0 91.0 20.0 10.0
142.0 107.0 20.0 10.0
107.0 114.0 20.0 10.0
163.0 91.0 20.0 10.0
126.0 100.0 20.0 10.0
125.0 81.0 20.0 10.0
86.0 101.0 20.0 10.0
127.0 112.0 20.0 10.0
130.0 68.0 20.0 10.0
124.0 108.0 20.0 10.0
124.0 126.0 20.0 10.0
155.0 63.0 20.0 10.0
105.0 97.0 20.0 10.0
99.0 78.0 20.0 10.0
66.0 97.0 20.0 10.0
106.0 83.0 20.0 10.0
166.0 95.0 20.0 10.0
76.0 106.0 20.0 10.0
170.0 90.0 20.0 10.0
137.0 79.0 20.0 10.0
122.0 74.0 20.0 10.0
180.0 119.0 20.0 10.0
69.0 170.0 20.0 10.0
177.0 109.0 20.0 10.0
152.0 111.0 20.0 10.0
110.0 113.0 20.0 10.0
97.0 106.0 20.0 10.0
137.0 72.0 20.0 10.0
103.0 93.0 20.0 10.0
133.0 102.0 20.0 10.0
167.0 86.0 20.0 10.0
80.0 108.0 20.0 10.0
117.0 49.0 20.0 10.0
88.0 102.0 20.0 10.0
85.0 127.0 20.0 10.0
122.0 91.0 20.0 10.0
161.0 130.0 20.0 10.0
87.0 153.0 20.0 10.0
149.0 133.0 20.0 10.0
142.0 100.0 20.0 10.0
103.0 155.0 20.0 10.0
81.0 73.0 20.0 10.0
124.0 63.0 20.0 10.0
122.0 106.0 20.0 10.0
152.0 127.0 20.0 10.0
89.0 138.0 20.0 10.0
87.0 81.0 20.0 10.0
100.0 25.0 20.0 10.0
85.0 151.0 20.0 10.0
138.0 123.0 20.0 10.0
124.0 104.0 20.0 10.0
129.0 88.0 20.0 10.0
93.0 85.0 20.0 10.0
78.0 104.0 20.0 10.0
60.0 109.0 20.0 10.0
120.0 83.0 20.0 10.0
150.0 42.0 20.0 10.0
137.0 88.0 20.0 10.0
148.0 120.0 20.0 10.0
115.0 71.0 20.0 10.0
132.0 85.0 20.0 10.0
94.0 131.0 20.0 10.0
142.0 83.0 20.0 10.0
66.0 111.0 20.0 10.0
87.0 65.0 20.0 10.0
97.0 135.0 20.0 10.0
134.0 99.0 20.0 10.0
135.0 104.0 20.0 10.0
84.0 136.0 20.0 10.0
97.0 54.0 20.0 10.0
139.0 174.0 20.0 10.0
68.0 128.0 20.0 10.0
170.0 72.0 20.0 10.0
113.0 108.0 20.0 10.0
145.0 122.0 20.0 10.0
84.0 88.0 20.0 10.0
111.0 66.0 20.0 10.0
94.0 133.0 20.0 10.0
121.0 145.0 20.0 10.0
116.0 61.0 20.0 10.0
49.0 51.0 20.0 10.0
157.0 49.0 20.0 10.0
112.0 26.0 20.0 10.0
104.0 65.0 20.0 10.0
138.0 91.0 20.0 10.0
100.0 114.0 20.0 10.0
104.0 77.0 20.0 10.0
171.0 56.0 20.0 10.0
107.0 141.0 20.0 10.0
158.0 60.0 20.0 10.0
165.0 116.0 20.0 10.0
77.0 83.0 20.0 10.0
123.0 154.0 20.0 10.0
65.0 70.0 20.0 10.0
128.0 129.0 20.0 10.0
140.0 164.0 20.0 10.0
79.0 122.0 20.0 10.0
67.0 91.0 20.0 10.0
115.0 73.0 20.0 10.0
138.0 142.0 20.0 10.0
187.0 100.0 20.0 10.0
190.0 57.0 20.0 10.0
61.0 96.0 20.0 10.0
161.0 108.0 20.0 10.0
151.0 102.0 20.0 10.0
158.0 84.0 20.0 10.0
102.0 86.0 20.0 10.0
108.0 72.0 20.0 10.0
139.0 121.0 20.0 10.0
109.0 96.0 20.0 10.0
95.0 84.0 20.0 10.0
106.0 62.0 20.0 10.0
98.0 113.0 20.0 10.0
101.0 66.0 20.0 10.0
208.0 25.0 20.0 10.0
145.0 87.0 20.0 10.0
132.0 79.0 20.0 10.0
157.0 70.0 20.0 10.0
125.0 135.0 20.0 10.0
142.0 126.0 20.0 10.0
109.0 138.0 20.0 10.0
96.0 115.0 20.0 10.0
100.0 165.0 20.0 10.0
76.0 60.0 20.0 10.0
121.0 147.0 20.0 10.0
90.0 93.0 20.0 10.0
127.0 98.0 20.0 10.0
98.0 137.0 20.0 10.0
88.0 73.0 20.0 10.0
160.0 57.0 20.0 10.0
90.0 128.0 20.0 10.0
148.0 126.0 20.0 10.0
116.0 44.0 20.0 10.0
101.0 103.0 20.0 10.0
118.0 132.0 20.0 10.0
61.0 147.0 20.0 10.0
98.0 70.0 20.0 10.0
127.0 84.0 20.0 10.0
100.0 100.0 20.0 10.0
169.0 99.0 20.0 10.0
188.0 109.0 20.0 10.0
154.0 126.0 20.0 10.0
161.0 34.0 20.0 10.0
89.0 105.0 20.0 10.0
114.0 135.0 20.0 10.0
101.0 140.0 20.0 10.0
111.0 74.0 20.0 10.0
122.0 124.0 20.0 10.0
145.0 56.0 20.0 10.0
109.0 100.0 20.0 10.0
87.0 140.0 20.0 10.0
108.0 107.0 20.0 10.0
153.0 82.0 20.0 10.0
113.0 115.0 20.0 10.0
50.0 59.0 20.0 10.0
148.0 112.0 20.0 10.0
123.0 93.0 20.0 10.0
129.0 61.0 20.0 10.0
112.0 90.0 20.0 10.0
102.0 88.0 20.0 10.0
148.0 77.0 20.0 10.0
150.0 108.0 20.0 10.0
88.0 77.0 20.0 10.0
108.0 69.0 20.0 10.0
84.0 76.0 20.0 10.0
117.0 77.0 20.0 10.0
120.0 73.0 20.0 10.0
84.0 119.0 20.0 10.0
83.0 90.0 20.0 10.0
141.0 73.0 20.0 10.0
96.0 141.0 20.0 10.0
132.0 89.0 20.0 10.0
66.0 114.0 20.0 10.0
147.0 92.0 20.0 10.0
123.0 115.0 20.0 10.0
130.0 74.0 20.0 10.0
47.0 153.0 20.0 10.0
105.0 38.0 20.0 10.0
77.0 100.0 20.0 10.0
122.0 111.0 20.0 10.0
84.0 94.0 20.0 10.0
169.0 81.0 20.0 10.0
123.0 50.0 20.0 10.0
89.0 51.0 20.0 10.0
87.0 111.0 20.0 10.0
97.0 86.0 20.0 10.0
84.0 144.0 20.0 10.0
110.0 103.0 20.0 10.0
139.0 94.0 20.0 10.0
129.0 113.0 20.0 10.0
135.0 76.0 20.0 10.0
140.0 115.0 20.0 10.0
94.0 120.0 20.0 10.0
95.0 69.0 20.0 10.0
110.0 62.0 20.0 10.0
83.0 69.0 20.0 10.0
155.0 129.0 20.0 10.0
75.0 142.0 20.0 10.0
108.0 146.0 20.0 10.0
95.0 122.0 20.0 10.0
58.0 128.0 20.0 10.0
143.0 63.0 20.0 10.0
93.0 117.0 20.0 10.0
126.0 71.0 20.0 10.0
96.0 127.0 20.0 10.0
106.0 100.0 20.0 10.0
86.0 54.0 20.0 10.0
110.0 55.0 20.0 10.0
116.0 162.0 20.0 10.0
57.0 68.0 20.0 10.0
122.0 99.0 20.0 10.0
121.0 77.0 20.0 10.0
115.0 84.0 20.0 10.0
117.0 55.0 20.0 10.0
99.0 146.0 20.0 10.0
63.0 89.0 20.0 10.0
85.0 62.0 20.0 10.0
114.0 90.0 20.0 10.0
89.0 95.0 20.0 10.0
123.0 141.0 20.0 10.0
139.0 129.0 20.0 10.0
56.0 93.0 20.0 10.0
139.0 86.0 20.0 10.0
121.0 104.0 20.0 10.0
128.0 168.0 20.0 10.0
120.0 70.0 20.0 10.0
120.0 129.0 20.0 10.0
139.0 75.0 20.0 10.0
110.0 83.0 20.0 10.0
25.0 138.0 20.0 10.0
184.0 86.0 20.0 10.0
134.0 135.0 20.0 10.0
92.0 100.0 20.0 10.0
128.0 125.0 20.0 10.0
152.0 105.0 20.0 10.0
102.0 130.0 20.0 10.0
