500
358.0 352.0 20.0 10.0
314.0 389.0 20.0 10.0
292.0 377.0 20.0 10.0
472.0 350.0 20.0 10.0
258.0 381.0 20.0 10.0
341.0 347.0 20.0 10.0
533.0 392.0 20.0 10.0
324.0 440.0 20.0 10.0
299.0 321.0 20.0 10.0
333.0 418.0 20.0 10.0
360.0 273.0 20.0 10.0
500.0 324.0 20.0 10.0
285.0 496.0 20.0 10.0
561.0 319.0 20.0 10.0
280.0 537.0 20.0 10.0
293.0 421.0 20.0 10.0
305.0 297.0 20.0 10.0
643.0 288.0 20.0 10.0
211.0 372.0 20.0 10.0
305.0 514.0 20.0 10.0
528.0 318.0 20.0 10.0
383.0 335.0 20.0 10.0
273.0 569.0 20.0 10.0
502.0 352.0 20.0 10.0
309.0 572.0 20.0 10.0
601.0 326.0 20.0 10.0
592.0 430.0 20.0 10.0
692.0 255.0 20.0 10.0
496.0 315.0 20.0 10.0
251.0 243.0 20.0 10.0
486.0 382.0 20.0 10.0
710.0 279.0 20.0 10.0
268.0 294.0 20.0 10.0
246.0 277.0 20.0 10.0
376.0 368.0 20.0 10.0
745.0 278.0 20.0 10.0
274.0 443.0 20.0 10.0
739.0 229.0 20.0 10.0
319.0 607.0 20.0 10.0
350.0 210.0 20.0 10.0
587.0 303.0 20.0 10.0
248.0 615.0 20.0 10.0
333.0 429.0 20.0 10.0
177.0 389.0 20.0 10.0
386.0 236.0 20.0 10.0
522.0 285.0 20.0 10.0
646.0 463.0 20.0 10.0
269.0 371.0 20.0 10.0
636.0 338.0 20.0 10.0
301.0 530.0 20.0 10.0
266.0 310.0 20.0 10.0
717.0 247.0 20.0 10.0
278.0 309.0 20.0 10.0
354.0 465.0 20.0 10.0
247.0 601.0 20.0 10.0
511.0 365.0 20.0 10.0
258.0 304.0 20.0 10.0
270.0 399.0 20.0 10.0
239.0 531.0 20.0 10.0
314.0 469.0 20.0 10.0
241.0 403.0 20.0 10.0
377.0 231.0 20.0 10.0
263.0 548.0 20.0 10.0
246.0 298.0 20.0 10.0
197.0 567.0 20.0 10.0
217.0 208.0 20.0 10.0
196.0 278.0 20.0 10.0
386.0 187.0 20.0 10.0
227.0 654.0 20.0 10.0
361.0 491.0 20.0 10.0
200.0 176.0 20.0 10.0
397.0 317.0 20.0 10.0
239.0 391.0 20.0 10.0
205.0 196.0 20.0 10.0
163.0 598.0 20.0 10.0
668.0 264.0 20.0 10.0
768.0 278.0 20.0 10.0
696.0 494.0 20.0 10.0
674.0 290.0 20.0 10.0
393.0 148.0 20.0 10.0
215.0 411.0 20.0 10.0
308.0 626.0 20.0 10.0
153.0 402.0 20.0 10.0
149.0 626.0 20.0 10.0
785.0 207.0 20.0 10.0
236.0 276.0 20.0 10.0
387.0 360.0 20.0 10.0
314.0 666.0 20.0 10.0
239.0 363.0 20.0 10.0
741.0 522.0 20.0 10.0
401.0 197.0 20.0 10.0
235.0 303.0 20.0 10.0
213.0 543.0 20.0 10.0
807.0 263.0 20.0 10.0
418.0 162.0 20.0 10.0
174.0 354.0 20.0 10.0
269.0 465.0 20.0 10.0
358.0 439.0 20.0 10.0
353.0 156.0 20.0 10.0
739.0 246.0 20.0 10.0
149.0 264.0 20.0 10.0
499.0 385.0 20.0 10.0
106.0 250.0 20.0 10.0
372.0 500.0 20.0 10.0
203.0 261.0 20.0 10.0
497.0 407.0 20.0 10.0
667.0 346.0 20.0 10.0
72.0 240.0 20.0 10.0
527.0 309.0 20.0 10.0
593.0 297.0 20.0 10.0
165.0 163.0 20.0 10.0
404.0 220.0 20.0 10.0
180.0 596.0 20.0 10.0
208.0 678.0 20.0 10.0
713.0 229.0 20.0 10.0
539.0 381.0 20.0 10.0
766.0 237.0 20.0 10.0
481.0 323.0 20.0 10.0
540.0 260.0 20.0 10.0
185.0 154.0 20.0 10.0
402.0 363.0 20.0 10.0
404.0 168.0 20.0 10.0
76.0 244.0 20.0 10.0
764.0 219.0 20.0 10.0
766.0 548.0 20.0 10.0
442.0 144.0 20.0 10.0
342.0 256.0 20.0 10.0
694.0 349.0 20.0 10.0
204.0 299.0 20.0 10.0
270.0 358.0 20.0 10.0
392.0 160.0 20.0 10.0
317.0 695.0 20.0 10.0
756.0 227.0 20.0 10.0
812.0 280.0 20.0 10.0
297.0 666.0 20.0 10.0
295.0 391.0 20.0 10.0
192.0 425.0 20.0 10.0
710.0 353.0 20.0 10.0
353.0 111.0 20.0 10.0
427.0 208.0 20.0 10.0
126.0 139.0 20.0 10.0
780.0 543.0 20.0 10.0
329.0 168.0 20.0 10.0
524.0 413.0 20.0 10.0
358.0 253.0 20.0 10.0
265.0 564.0 20.0 10.0
841.0 251.0 20.0 10.0
233.0 254.0 20.0 10.0
164.0 621.0 20.0 10.0
80.0 239.0 20.0 10.0
146.0 398.0 20.0 10.0
337.0 229.0 20.0 10.0
491.0 366.0 20.0 10.0
214.0 287.0 20.0 10.0
284.0 700.0 20.0 10.0
625.0 339.0 20.0 10.0
137.0 344.0 20.0 10.0
186.0 404.0 20.0 10.0
346.0 450.0 20.0 10.0
355.0 370.0 20.0 10.0
287.0 272.0 20.0 10.0
312.0 656.0 20.0 10.0
790.0 567.0 20.0 10.0
333.0 243.0 20.0 10.0
213.0 377.0 20.0 10.0
317.0 562.0 20.0 10.0
272.0 252.0 20.0 10.0
816.0 561.0 20.0 10.0
164.0 273.0 20.0 10.0
149.0 390.0 20.0 10.0
322.0 211.0 20.0 10.0
207.0 181.0 20.0 10.0
275.0 729.0 20.0 10.0
566.0 389.0 20.0 10.0
375.0 449.0 20.0 10.0
612.0 279.0 20.0 10.0
402.0 304.0 20.0 10.0
260.0 591.0 20.0 10.0
146.0 441.0 20.0 10.0
742.0 297.0 20.0 10.0
824.0 200.0 20.0 10.0
556.0 235.0 20.0 10.0
232.0 632.0 20.0 10.0
165.0 579.0 20.0 10.0
221.0 419.0 20.0 10.0
345.0 76.0 20.0 10.0
778.0 191.0 20.0 10.0
683.0 270.0 20.0 10.0
175.0 378.0 20.0 10.0
175.0 248.0 20.0 10.0
252.0 411.0 20.0 10.0
387.0 526.0 20.0 10.0
399.0 125.0 20.0 10.0
400.0 384.0 20.0 10.0
372.0 249.0 20.0 10.0
815.0 183.0 20.0 10.0
348.0 119.0 20.0 10.0
329.0 469.0 20.0 10.0
726.0 506.0 20.0 10.0
309.0 132.0 20.0 10.0
323.0 192.0 20.0 10.0
311.0 138.0 20.0 10.0
868.0 249.0 20.0 10.0
304.0 115.0 20.0 10.0
213.0 238.0 20.0 10.0
59.0 228.0 20.0 10.0
173.0 156.0 20.0 10.0
180.0 190.0 20.0 10.0
187.0 694.0 20.0 10.0
700.0 304.0 20.0 10.0
843.0 184.0 20.0 10.0
623.0 452.0 20.0 10.0
322.0 636.0 20.0 10.0
681.0 240.0 20.0 10.0
259.0 526.0 20.0 10.0
306.0 365.0 20.0 10.0
722.0 255.0 20.0 10.0
571.0 212.0 20.0 10.0
756.0 513.0 20.0 10.0
795.0 264.0 20.0 10.0
421.0 134.0 20.0 10.0
51.0 241.0 20.0 10.0
107.0 450.0 20.0 10.0
652.0 455.0 20.0 10.0
135.0 411.0 20.0 10.0
147.0 120.0 20.0 10.0
216.0 686.0 20.0 10.0
752.0 248.0 20.0 10.0
546.0 438.0 20.0 10.0
543.0 374.0 20.0 10.0
800.0 295.0 20.0 10.0
662.0 341.0 20.0 10.0
156.0 129.0 20.0 10.0
330.0 49.0 20.0 10.0
282.0 574.0 20.0 10.0
189.0 360.0 20.0 10.0
268.0 438.0 20.0 10.0
642.0 473.0 20.0 10.0
258.0 600.0 20.0 10.0
407.0 142.0 20.0 10.0
190.0 204.0 20.0 10.0
287.0 346.0 20.0 10.0
78.0 458.0 20.0 10.0
773.0 533.0 20.0 10.0
321.0 494.0 20.0 10.0
397.0 550.0 20.0 10.0
316.0 158.0 20.0 10.0
443.0 186.0 20.0 10.0
241.0 649.0 20.0 10.0
299.0 102.0 20.0 10.0
218.0 653.0 20.0 10.0
856.0 192.0 20.0 10.0
503.0 433.0 20.0 10.0
526.0 341.0 20.0 10.0
843.0 570.0 20.0 10.0
489.0 302.0 20.0 10.0
94.0 416.0 20.0 10.0
493.0 343.0 20.0 10.0
708.0 228.0 20.0 10.0
548.0 301.0 20.0 10.0
630.0 479.0 20.0 10.0
139.0 375.0 20.0 10.0
520.0 313.0 20.0 10.0
305.0 694.0 20.0 10.0
620.0 441.0 20.0 10.0
242.0 545.0 20.0 10.0
292.0 78.0 20.0 10.0
115.0 455.0 20.0 10.0
666.0 274.0 20.0 10.0
757.0 243.0 20.0 10.0
664.0 489.0 20.0 10.0
181.0 367.0 20.0 10.0
374.0 460.0 20.0 10.0
771.0 263.0 20.0 10.0
711.0 243.0 20.0 10.0
200.0 706.0 20.0 10.0
847.0 576.0 20.0 10.0
108.0 338.0 20.0 10.0
628.0 265.0 20.0 10.0
180.0 295.0 20.0 10.0
150.0 359.0 20.0 10.0
146.0 133.0 20.0 10.0
491.0 407.0 20.0 10.0
280.0 606.0 20.0 10.0
530.0 377.0 20.0 10.0
414.0 392.0 20.0 10.0
312.0 720.0 20.0 10.0
362.0 126.0 20.0 10.0
136.0 616.0 20.0 10.0
878.0 186.0 20.0 10.0
321.0 248.0 20.0 10.0
237.0 644.0 20.0 10.0
97.0 476.0 20.0 10.0
569.0 294.0 20.0 10.0
419.0 379.0 20.0 10.0
371.0 237.0 20.0 10.0
418.0 174.0 20.0 10.0
146.0 345.0 20.0 10.0
118.0 445.0 20.0 10.0
341.0 197.0 20.0 10.0
572.0 377.0 20.0 10.0
873.0 589.0 20.0 10.0
263.0 467.0 20.0 10.0
561.0 409.0 20.0 10.0
836.0 163.0 20.0 10.0
794.0 293.0 20.0 10.0
153.0 239.0 20.0 10.0
374.0 224.0 20.0 10.0
253.0 490.0 20.0 10.0
82.0 333.0 20.0 10.0
317.0 218.0 20.0 10.0
395.0 119.0 20.0 10.0
790.0 234.0 20.0 10.0
837.0 295.0 20.0 10.0
715.0 504.0 20.0 10.0
211.0 712.0 20.0 10.0
164.0 431.0 20.0 10.0
584.0 189.0 20.0 10.0
312.0 552.0 20.0 10.0
95.0 138.0 20.0 10.0
353.0 393.0 20.0 10.0
224.0 288.0 20.0 10.0
380.0 386.0 20.0 10.0
314.0 139.0 20.0 10.0
268.0 264.0 20.0 10.0
394.0 382.0 20.0 10.0
274.0 722.0 20.0 10.0
514.0 306.0 20.0 10.0
785.0 519.0 20.0 10.0
313.0 167.0 20.0 10.0
394.0 462.0 20.0 10.0
811.0 224.0 20.0 10.0
122.0 90.0 20.0 10.0
123.0 461.0 20.0 10.0
547.0 465.0 20.0 10.0
728.0 202.0 20.0 10.0
385.0 209.0 20.0 10.0
399.0 115.0 20.0 10.0
477.0 372.0 20.0 10.0
158.0 414.0 20.0 10.0
232.0 625.0 20.0 10.0
311.0 200.0 20.0 10.0
211.0 301.0 20.0 10.0
773.0 302.0 20.0 10.0
800.0 177.0 20.0 10.0
301.0 108.0 20.0 10.0
500.0 380.0 20.0 10.0
257.0 240.0 20.0 10.0
196.0 396.0 20.0 10.0
296.0 170.0 20.0 10.0
637.0 241.0 20.0 10.0
601.0 177.0 20.0 10.0
895.0 595.0 20.0 10.0
47.0 231.0 20.0 10.0
244.0 558.0 20.0 10.0
358.0 51.0 20.0 10.0
126.0 354.0 20.0 10.0
158.0 172.0 20.0 10.0
251.0 453.0 20.0 10.0
135.0 623.0 20.0 10.0
892.0 607.0 20.0 10.0
759.0 541.0 20.0 10.0
347.0 400.0 20.0 10.0
149.0 178.0 20.0 10.0
313.0 688.0 20.0 10.0
323.0 588.0 20.0 10.0
773.0 290.0 20.0 10.0
85.0 466.0 20.0 10.0
688.0 342.0 20.0 10.0
647.0 259.0 20.0 10.0
385.0 485.0 20.0 10.0
689.0 215.0 20.0 10.0
285.0 561.0 20.0 10.0
414.0 562.0 20.0 10.0
318.0 345.0 20.0 10.0
57.0 331.0 20.0 10.0
273.0 754.0 20.0 10.0
124.0 643.0 20.0 10.0
113.0 366.0 20.0 10.0
104.0 418.0 20.0 10.0
596.0 381.0 20.0 10.0
780.0 574.0 20.0 10.0
98.0 68.0 20.0 10.0
258.0 321.0 20.0 10.0
820.0 193.0 20.0 10.0
134.0 156.0 20.0 10.0
60.0 421.0 20.0 10.0
319.0 163.0 20.0 10.0
696.0 272.0 20.0 10.0
375.0 527.0 20.0 10.0
238.0 472.0 20.0 10.0
160.0 357.0 20.0 10.0
151.0 185.0 20.0 10.0
851.0 179.0 20.0 10.0
74.0 49.0 20.0 10.0
836.0 263.0 20.0 10.0
219.0 557.0 20.0 10.0
323.0 593.0 20.0 10.0
386.0 158.0 20.0 10.0
207.0 647.0 20.0 10.0
845.0 287.0 20.0 10.0
228.0 586.0 20.0 10.0
870.0 290.0 20.0 10.0
360.0 80.0 20.0 10.0
273.0 628.0 20.0 10.0
803.0 542.0 20.0 10.0
571.0 443.0 20.0 10.0
626.0 313.0 20.0 10.0
56.0 470.0 20.0 10.0
345.0 166.0 20.0 10.0
579.0 193.0 20.0 10.0
405.0 90.0 20.0 10.0
824.0 298.0 20.0 10.0
330.0 94.0 20.0 10.0
510.0 296.0 20.0 10.0
325.0 657.0 20.0 10.0
117.0 647.0 20.0 10.0
253.0 628.0 20.0 10.0
768.0 567.0 20.0 10.0
794.0 214.0 20.0 10.0
170.0 443.0 20.0 10.0
103.0 410.0 20.0 10.0
832.0 547.0 20.0 10.0
374.0 331.0 20.0 10.0
554.0 462.0 20.0 10.0
564.0 460.0 20.0 10.0
229.0 499.0 20.0 10.0
224.0 575.0 20.0 10.0
808.0 523.0 20.0 10.0
409.0 302.0 20.0 10.0
434.0 135.0 20.0 10.0
88.0 357.0 20.0 10.0
274.0 395.0 20.0 10.0
139.0 224.0 20.0 10.0
818.0 230.0 20.0 10.0
838.0 275.0 20.0 10.0
255.0 406.0 20.0 10.0
868.0 158.0 20.0 10.0
184.0 281.0 20.0 10.0
768.0 309.0 20.0 10.0
238.0 426.0 20.0 10.0
104.0 662.0 20.0 10.0
504.0 326.0 20.0 10.0
291.0 184.0 20.0 10.0
32.0 421.0 20.0 10.0
381.0 528.0 20.0 10.0
100.0 129.0 20.0 10.0
389.0 517.0 20.0 10.0
406.0 502.0 20.0 10.0
367.0 465.0 20.0 10.0
513.0 407.0 20.0 10.0
98.0 119.0 20.0 10.0
127.0 107.0 20.0 10.0
277.0 246.0 20.0 10.0
363.0 25.0 20.0 10.0
444.0 114.0 20.0 10.0
375.0 198.0 20.0 10.0
77.0 404.0 20.0 10.0
616.0 286.0 20.0 10.0
747.0 514.0 20.0 10.0
226.0 461.0 20.0 10.0
329.0 611.0 20.0 10.0
810.0 587.0 20.0 10.0
146.0 598.0 20.0 10.0
552.0 335.0 20.0 10.0
25.0 226.0 20.0 10.0
68.0 419.0 20.0 10.0
421.0 292.0 20.0 10.0
79.0 423.0 20.0 10.0
338.0 140.0 20.0 10.0
277.0 149.0 20.0 10.0
35.0 426.0 20.0 10.0
47.0 38.0 20.0 10.0
429.0 284.0 20.0 10.0
865.0 245.0 20.0 10.0
430.0 149.0 20.0 10.0
102.0 94.0 20.0 10.0
304.0 174.0 20.0 10.0
293.0 601.0 20.0 10.0
173.0 581.0 20.0 10.0
81.0 95.0 20.0 10.0
806.0 555.0 20.0 10.0
533.0 438.0 20.0 10.0
207.0 605.0 20.0 10.0
221.0 680.0 20.0 10.0
320.0 720.0 20.0 10.0
328.0 25.0 20.0 10.0
782.0 243.0 20.0 10.0
590.0 397.0 20.0 10.0
195.0 148.0 20.0 10.0
525.0 364.0 20.0 10.0
55.0 35.0 20.0 10.0
610.0 402.0 20.0 10.0
110.0 114.0 20.0 10.0
353.0 428.0 20.0 10.0
532.0 263.0 20.0 10.0
182.0 243.0 20.0 10.0
389.0 544.0 20.0 10.0
363.0 93.0 20.0 10.0
596.0 370.0 20.0 10.0
