500
736.0 662.0 20.0 10.0
711.0 718.0 20.0 10.0
812.0 768.0 20.0 10.0
905.0 770.0 20.0 10.0
603.0 685.0 20.0 10.0
924.0 795.0 20.0 10.0
523.0 604.0 20.0 10.0
763.0 609.0 20.0 10.0
860.0 846.0 20.0 10.0
444.0 522.0 20.0 10.0
794.0 561.0 20.0 10.0
975.0 787.0 20.0 10.0
369.0 445.0 20.0 10.0
307.0 418.0 20.0 10.0
562.0 762.0 20.0 10.0
524.0 840.0 20.0 10.0
488.0 916.0 20.0 10.0
450.0 467.0 20.0 10.0
734.0 693.0 20.0 10.0
580.0 668.0 20.0 10.0
816.0 519.0 20.0 10.0
812.0 530.0 20.0 10.0
396.0 539.0 20.0 10.0
837.0 482.0 20.0 10.0
286.0 390.0 20.0 10.0
935.0 750.0 20.0 10.0
905.0 916.0 20.0 10.0
467.0 951.0 20.0 10.0
687.0 737.0 20.0 10.0
469.0 933.0 20.0 10.0
970.0 751.0 20.0 10.0
756.0 669.0 20.0 10.0
781.0 652.0 20.0 10.0
662.0 757.0 20.0 10.0
843.0 452.0 20.0 10.0
770.0 577.0 20.0 10.0
955.0 971.0 20.0 10.0
452.0 983.0 20.0 10.0
983.0 1016.0 20.0 10.0
1039.0 802.0 20.0 10.0
313.0 369.0 20.0 10.0
463.0 983.0 20.0 10.0
255.0 414.0 20.0 10.0
756.0 645.0 20.0 10.0
265.0 388.0 20.0 10.0
349.0 552.0 20.0 10.0
842.0 741.0 20.0 10.0
1010.0 1048.0 20.0 10.0
256.0 299.0 20.0 10.0
375.0 556.0 20.0 10.0
916.0 970.0 20.0 10.0
943.0 779.0 20.0 10.0
639.0 773.0 20.0 10.0
209.0 234.0 20.0 10.0
377.0 526.0 20.0 10.0
412.0 504.0 20.0 10.0
237.0 360.0 20.0 10.0
458.0 946.0 20.0 10.0
229.0 399.0 20.0 10.0
162.0 190.0 20.0 10.0
827.0 511.0 20.0 10.0
1002.0 805.0 20.0 10.0
1008.0 794.0 20.0 10.0
189.0 186.0 20.0 10.0
451.0 441.0 20.0 10.0
969.0 792.0 20.0 10.0
999.0 1009.0 20.0 10.0
232.0 371.0 20.0 10.0
213.0 342.0 20.0 10.0
124.0 151.0 20.0 10.0
436.0 432.0 20.0 10.0
813.0 797.0 20.0 10.0
130.0 165.0 20.0 10.0
437.0 978.0 20.0 10.0
577.0 644.0 20.0 10.0
307.0 563.0 20.0 10.0
1034.0 1046.0 20.0 10.0
208.0 406.0 20.0 10.0
100.0 131.0 20.0 10.0
858.0 468.0 20.0 10.0
1077.0 795.0 20.0 10.0
869.0 886.0 20.0 10.0
354.0 418.0 20.0 10.0
377.0 489.0 20.0 10.0
215.0 270.0 20.0 10.0
894.0 868.0 20.0 10.0
319.0 549.0 20.0 10.0
418.0 477.0 20.0 10.0
860.0 878.0 20.0 10.0
437.0 1031.0 20.0 10.0
999.0 1034.0 20.0 10.0
173.0 397.0 20.0 10.0
509.0 872.0 20.0 10.0
1028.0 737.0 20.0 10.0
191.0 152.0 20.0 10.0
959.0 734.0 20.0 10.0
464.0 434.0 20.0 10.0
455.0 936.0 20.0 10.0
353.0 501.0 20.0 10.0
617.0 774.0 20.0 10.0
177.0 256.0 20.0 10.0
827.0 491.0 20.0 10.0
1005.0 737.0 20.0 10.0
278.0 409.0 20.0 10.0
179.0 202.0 20.0 10.0
271.0 569.0 20.0 10.0
970.0 715.0 20.0 10.0
1094.0 816.0 20.0 10.0
414.0 1001.0 20.0 10.0
613.0 781.0 20.0 10.0
433.0 454.0 20.0 10.0
245.0 571.0 20.0 10.0
846.0 498.0 20.0 10.0
477.0 416.0 20.0 10.0
90.0 117.0 20.0 10.0
449.0 1033.0 20.0 10.0
70.0 89.0 20.0 10.0
62.0 60.0 20.0 10.0
1105.0 805.0 20.0 10.0
324.0 571.0 20.0 10.0
109.0 149.0 20.0 10.0
537.0 784.0 20.0 10.0
383.0 555.0 20.0 10.0
1069.0 822.0 20.0 10.0
653.0 779.0 20.0 10.0
795.0 638.0 20.0 10.0
199.0 359.0 20.0 10.0
298.0 333.0 20.0 10.0
598.0 787.0 20.0 10.0
1035.0 741.0 20.0 10.0
455.0 420.0 20.0 10.0
924.0 889.0 20.0 10.0
165.0 143.0 20.0 10.0
444.0 1073.0 20.0 10.0
999.0 1053.0 20.0 10.0
1054.0 729.0 20.0 10.0
273.0 315.0 20.0 10.0
789.0 561.0 20.0 10.0
431.0 1067.0 20.0 10.0
937.0 912.0 20.0 10.0
932.0 997.0 20.0 10.0
1079.0 724.0 20.0 10.0
356.0 564.0 20.0 10.0
307.0 586.0 20.0 10.0
474.0 404.0 20.0 10.0
755.0 559.0 20.0 10.0
568.0 627.0 20.0 10.0
148.0 238.0 20.0 10.0
994.0 1040.0 20.0 10.0
1022.0 1026.0 20.0 10.0
864.0 920.0 20.0 10.0
1063.0 1080.0 20.0 10.0
356.0 471.0 20.0 10.0
1127.0 714.0 20.0 10.0
289.0 601.0 20.0 10.0
1141.0 832.0 20.0 10.0
921.0 1021.0 20.0 10.0
238.0 575.0 20.0 10.0
790.0 633.0 20.0 10.0
870.0 714.0 20.0 10.0
495.0 604.0 20.0 10.0
1088.0 1106.0 20.0 10.0
968.0 766.0 20.0 10.0
1110.0 1130.0 20.0 10.0
299.0 574.0 20.0 10.0
480.0 376.0 20.0 10.0
1061.0 727.0 20.0 10.0
671.0 717.0 20.0 10.0
304.0 305.0 20.0 10.0
412.0 1072.0 20.0 10.0
857.0 951.0 20.0 10.0
1166.0 708.0 20.0 10.0
393.0 1108.0 20.0 10.0
455.0 377.0 20.0 10.0
1158.0 706.0 20.0 10.0
281.0 574.0 20.0 10.0
377.0 1142.0 20.0 10.0
998.0 740.0 20.0 10.0
1164.0 846.0 20.0 10.0
828.0 462.0 20.0 10.0
1010.0 1086.0 20.0 10.0
889.0 909.0 20.0 10.0
489.0 392.0 20.0 10.0
493.0 961.0 20.0 10.0
929.0 1067.0 20.0 10.0
774.0 657.0 20.0 10.0
178.0 409.0 20.0 10.0
856.0 978.0 20.0 10.0
1172.0 833.0 20.0 10.0
908.0 1043.0 20.0 10.0
832.0 469.0 20.0 10.0
225.0 426.0 20.0 10.0
178.0 386.0 20.0 10.0
855.0 943.0 20.0 10.0
532.0 810.0 20.0 10.0
419.0 994.0 20.0 10.0
369.0 542.0 20.0 10.0
396.0 1095.0 20.0 10.0
426.0 959.0 20.0 10.0
1063.0 1060.0 20.0 10.0
411.0 439.0 20.0 10.0
342.0 450.0 20.0 10.0
456.0 451.0 20.0 10.0
485.0 580.0 20.0 10.0
210.0 580.0 20.0 10.0
1028.0 722.0 20.0 10.0
909.0 1052.0 20.0 10.0
286.0 307.0 20.0 10.0
454.0 498.0 20.0 10.0
267.0 369.0 20.0 10.0
1199.0 703.0 20.0 10.0
345.0 484.0 20.0 10.0
875.0 902.0 20.0 10.0
143.0 105.0 20.0 10.0
126.0 75.0 20.0 10.0
256.0 585.0 20.0 10.0
190.0 586.0 20.0 10.0
235.0 275.0 20.0 10.0
941.0 1045.0 20.0 10.0
1222.0 699.0 20.0 10.0
434.0 1107.0 20.0 10.0
155.0 178.0 20.0 10.0
496.0 998.0 20.0 10.0
1134.0 1145.0 20.0 10.0
568.0 682.0 20.0 10.0
832.0 813.0 20.0 10.0
935.0 904.0 20.0 10.0
1026.0 732.0 20.0 10.0
440.0 1008.0 20.0 10.0
243.0 374.0 20.0 10.0
952.0 926.0 20.0 10.0
845.0 900.0 20.0 10.0
416.0 551.0 20.0 10.0
259.0 347.0 20.0 10.0
443.0 1002.0 20.0 10.0
901.0 693.0 20.0 10.0
457.0 340.0 20.0 10.0
116.0 47.0 20.0 10.0
502.0 897.0 20.0 10.0
232.0 593.0 20.0 10.0
480.0 986.0 20.0 10.0
174.0 418.0 20.0 10.0
731.0 738.0 20.0 10.0
1101.0 831.0 20.0 10.0
509.0 902.0 20.0 10.0
622.0 782.0 20.0 10.0
518.0 803.0 20.0 10.0
850.0 448.0 20.0 10.0
913.0 886.0 20.0 10.0
1013.0 1031.0 20.0 10.0
442.0 352.0 20.0 10.0
677.0 778.0 20.0 10.0
947.0 1072.0 20.0 10.0
1182.0 843.0 20.0 10.0
486.0 349.0 20.0 10.0
586.0 643.0 20.0 10.0
1102.0 779.0 20.0 10.0
930.0 675.0 20.0 10.0
197.0 247.0 20.0 10.0
656.0 698.0 20.0 10.0
143.0 390.0 20.0 10.0
867.0 735.0 20.0 10.0
62.0 97.0 20.0 10.0
458.0 975.0 20.0 10.0
691.0 711.0 20.0 10.0
633.0 750.0 20.0 10.0
458.0 440.0 20.0 10.0
872.0 973.0 20.0 10.0
476.0 944.0 20.0 10.0
206.0 384.0 20.0 10.0
509.0 1026.0 20.0 10.0
1123.0 1156.0 20.0 10.0
246.0 368.0 20.0 10.0
225.0 337.0 20.0 10.0
53.0 68.0 20.0 10.0
186.0 333.0 20.0 10.0
579.0 617.0 20.0 10.0
814.0 502.0 20.0 10.0
1010.0 1077.0 20.0 10.0
1161.0 712.0 20.0 10.0
821.0 826.0 20.0 10.0
840.0 922.0 20.0 10.0
1110.0 789.0 20.0 10.0
722.0 640.0 20.0 10.0
807.0 474.0 20.0 10.0
197.0 426.0 20.0 10.0
170.0 351.0 20.0 10.0
870.0 487.0 20.0 10.0
430.0 1137.0 20.0 10.0
1217.0 850.0 20.0 10.0
478.0 433.0 20.0 10.0
935.0 1019.0 20.0 10.0
982.0 727.0 20.0 10.0
1020.0 1071.0 20.0 10.0
202.0 200.0 20.0 10.0
577.0 605.0 20.0 10.0
902.0 1080.0 20.0 10.0
678.0 800.0 20.0 10.0
313.0 580.0 20.0 10.0
890.0 921.0 20.0 10.0
580.0 624.0 20.0 10.0
940.0 665.0 20.0 10.0
372.0 461.0 20.0 10.0
602.0 606.0 20.0 10.0
857.0 817.0 20.0 10.0
458.0 310.0 20.0 10.0
1139.0 784.0 20.0 10.0
905.0 930.0 20.0 10.0
882.0 865.0 20.0 10.0
619.0 731.0 20.0 10.0
773.0 630.0 20.0 10.0
641.0 690.0 20.0 10.0
812.0 445.0 20.0 10.0
423.0 1102.0 20.0 10.0
331.0 463.0 20.0 10.0
208.0 173.0 20.0 10.0
603.0 752.0 20.0 10.0
861.0 419.0 20.0 10.0
720.0 673.0 20.0 10.0
920.0 1096.0 20.0 10.0
917.0 747.0 20.0 10.0
419.0 1056.0 20.0 10.0
294.0 551.0 20.0 10.0
390.0 1018.0 20.0 10.0
1249.0 857.0 20.0 10.0
1274.0 862.0 20.0 10.0
197.0 431.0 20.0 10.0
426.0 1092.0 20.0 10.0
295.0 535.0 20.0 10.0
483.0 1024.0 20.0 10.0
847.0 456.0 20.0 10.0
151.0 189.0 20.0 10.0
1107.0 718.0 20.0 10.0
634.0 794.0 20.0 10.0
398.0 1074.0 20.0 10.0
125.0 179.0 20.0 10.0
586.0 792.0 20.0 10.0
350.0 409.0 20.0 10.0
1031.0 806.0 20.0 10.0
824.0 837.0 20.0 10.0
134.0 171.0 20.0 10.0
453.0 1016.0 20.0 10.0
337.0 390.0 20.0 10.0
918.0 684.0 20.0 10.0
943.0 651.0 20.0 10.0
212.0 601.0 20.0 10.0
1152.0 713.0 20.0 10.0
1152.0 1164.0 20.0 10.0
192.0 210.0 20.0 10.0
1062.0 814.0 20.0 10.0
839.0 773.0 20.0 10.0
186.0 249.0 20.0 10.0
799.0 620.0 20.0 10.0
946.0 906.0 20.0 10.0
354.0 446.0 20.0 10.0
1027.0 1022.0 20.0 10.0
124.0 231.0 20.0 10.0
184.0 174.0 20.0 10.0
431.0 1026.0 20.0 10.0
854.0 428.0 20.0 10.0
924.0 746.0 20.0 10.0
183.0 235.0 20.0 10.0
942.0 733.0 20.0 10.0
1026.0 1078.0 20.0 10.0
627.0 816.0 20.0 10.0
399.0 982.0 20.0 10.0
371.0 989.0 20.0 10.0
1191.0 711.0 20.0 10.0
933.0 767.0 20.0 10.0
146.0 118.0 20.0 10.0
167.0 151.0 20.0 10.0
164.0 232.0 20.0 10.0
503.0 921.0 20.0 10.0
459.0 288.0 20.0 10.0
116.0 228.0 20.0 10.0
796.0 541.0 20.0 10.0
458.0 394.0 20.0 10.0
356.0 1150.0 20.0 10.0
1083.0 1099.0 20.0 10.0
911.0 951.0 20.0 10.0
461.0 508.0 20.0 10.0
855.0 1003.0 20.0 10.0
129.0 84.0 20.0 10.0
148.0 149.0 20.0 10.0
417.0 1131.0 20.0 10.0
1054.0 1069.0 20.0 10.0
1088.0 719.0 20.0 10.0
944.0 806.0 20.0 10.0
752.0 712.0 20.0 10.0
610.0 636.0 20.0 10.0
423.0 404.0 20.0 10.0
951.0 752.0 20.0 10.0
511.0 986.0 20.0 10.0
446.0 969.0 20.0 10.0
1132.0 818.0 20.0 10.0
994.0 792.0 20.0 10.0
455.0 346.0 20.0 10.0
965.0 799.0 20.0 10.0
527.0 808.0 20.0 10.0
781.0 589.0 20.0 10.0
366.0 1031.0 20.0 10.0
330.0 385.0 20.0 10.0
1038.0 1106.0 20.0 10.0
448.0 1102.0 20.0 10.0
777.0 617.0 20.0 10.0
954.0 664.0 20.0 10.0
913.0 796.0 20.0 10.0
843.0 869.0 20.0 10.0
958.0 630.0 20.0 10.0
1004.0 1085.0 20.0 10.0
89.0 221.0 20.0 10.0
401.0 972.0 20.0 10.0
340.0 505.0 20.0 10.0
39.0 78.0 20.0 10.0
970.0 998.0 20.0 10.0
756.0 682.0 20.0 10.0
375.0 993.0 20.0 10.0
456.0 318.0 20.0 10.0
1171.0 841.0 20.0 10.0
501.0 986.0 20.0 10.0
975.0 994.0 20.0 10.0
268.0 531.0 20.0 10.0
1169.0 816.0 20.0 10.0
362.0 1164.0 20.0 10.0
65.0 103.0 20.0 10.0
325.0 395.0 20.0 10.0
175.0 590.0 20.0 10.0
1017.0 1112.0 20.0 10.0
934.0 1105.0 20.0 10.0
1091.0 830.0 20.0 10.0
421.0 378.0 20.0 10.0
1128.0 838.0 20.0 10.0
138.0 220.0 20.0 10.0
641.0 762.0 20.0 10.0
970.0 914.0 20.0 10.0
1047.0 1129.0 20.0 10.0
1196.0 830.0 20.0 10.0
811.0 630.0 20.0 10.0
838.0 884.0 20.0 10.0
703.0 759.0 20.0 10.0
945.0 1096.0 20.0 10.0
369.0 1168.0 20.0 10.0
76.0 120.0 20.0 10.0
994.0 755.0 20.0 10.0
985.0 808.0 20.0 10.0
1095.0 1123.0 20.0 10.0
447.0 410.0 20.0 10.0
1292.0 865.0 20.0 10.0
773.0 712.0 20.0 10.0
414.0 414.0 20.0 10.0
1188.0 699.0 20.0 10.0
868.0 395.0 20.0 10.0
1146.0 706.0 20.0 10.0
209.0 361.0 20.0 10.0
38.0 94.0 20.0 10.0
675.0 755.0 20.0 10.0
1035.0 1058.0 20.0 10.0
148.0 374.0 20.0 10.0
318.0 594.0 20.0 10.0
765.0 535.0 20.0 10.0
249.0 269.0 20.0 10.0
499.0 1027.0 20.0 10.0
439.0 1059.0 20.0 10.0
854.0 915.0 20.0 10.0
323.0 359.0 20.0 10.0
407.0 380.0 20.0 10.0
190.0 122.0 20.0 10.0
216.0 350.0 20.0 10.0
25.0 57.0 20.0 10.0
267.0 375.0 20.0 10.0
975.0 649.0 20.0 10.0
931.0 785.0 20.0 10.0
110.0 25.0 20.0 10.0
363.0 574.0 20.0 10.0
321.0 475.0 20.0 10.0
1133.0 1182.0 20.0 10.0
894.0 705.0 20.0 10.0
797.0 792.0 20.0 10.0
299.0 461.0 20.0 10.0
875.0 717.0 20.0 10.0
400.0 456.0 20.0 10.0
135.0 76.0 20.0 10.0
144.0 158.0 20.0 10.0
520.0 927.0 20.0 10.0
101.0 154.0 20.0 10.0
537.0 941.0 20.0 10.0
951.0 1126.0 20.0 10.0
336.0 455.0 20.0 10.0
346.0 572.0 20.0 10.0
145.0 419.0 20.0 10.0
711.0 676.0 20.0 10.0
924.0 1132.0 20.0 10.0
111.0 210.0 20.0 10.0
1196.0 805.0 20.0 10.0
631.0 684.0 20.0 10.0
980.0 989.0 20.0 10.0
373.0 1174.0 20.0 10.0
709.0 773.0 20.0 10.0
461.0 354.0 20.0 10.0
946.0 1134.0 20.0 10.0
