500
485.0 513.0 20.0 10.0
546.0 443.0 20.0 10.0
537.0 470.0 20.0 10.0
609.0 378.0 20.0 10.0
575.0 473.0 20.0 10.0
669.0 316.0 20.0 10.0
410.0 577.0 20.0 10.0
471.0 392.0 20.0 10.0
408.0 318.0 20.0 10.0
723.0 259.0 20.0 10.0
440.0 355.0 20.0 10.0
536.0 409.0 20.0 10.0
757.0 214.0 20.0 10.0
364.0 250.0 20.0 10.0
381.0 286.0 20.0 10.0
742.0 237.0 20.0 10.0
443.0 578.0 20.0 10.0
769.0 219.0 20.0 10.0
634.0 352.0 20.0 10.0
336.0 641.0 20.0 10.0
795.0 199.0 20.0 10.0
562.0 438.0 20.0 10.0
570.0 456.0 20.0 10.0
775.0 167.0 20.0 10.0
778.0 140.0 20.0 10.0
452.0 508.0 20.0 10.0
617.0 536.0 20.0 10.0
426.0 493.0 20.0 10.0
357.0 290.0 20.0 10.0
471.0 561.0 20.0 10.0
480.0 566.0 20.0 10.0
429.0 327.0 20.0 10.0
551.0 416.0 20.0 10.0
290.0 651.0 20.0 10.0
447.0 314.0 20.0 10.0
322.0 192.0 20.0 10.0
296.0 157.0 20.0 10.0
672.0 604.0 20.0 10.0
608.0 470.0 20.0 10.0
472.0 609.0 20.0 10.0
414.0 316.0 20.0 10.0
723.0 644.0 20.0 10.0
505.0 552.0 20.0 10.0
269.0 701.0 20.0 10.0
706.0 643.0 20.0 10.0
700.0 280.0 20.0 10.0
735.0 266.0 20.0 10.0
434.0 288.0 20.0 10.0
480.0 653.0 20.0 10.0
544.0 383.0 20.0 10.0
383.0 597.0 20.0 10.0
813.0 182.0 20.0 10.0
441.0 566.0 20.0 10.0
788.0 122.0 20.0 10.0
582.0 408.0 20.0 10.0
531.0 583.0 20.0 10.0
228.0 730.0 20.0 10.0
679.0 288.0 20.0 10.0
207.0 747.0 20.0 10.0
288.0 158.0 20.0 10.0
276.0 123.0 20.0 10.0
303.0 171.0 20.0 10.0
508.0 583.0 20.0 10.0
668.0 562.0 20.0 10.0
189.0 741.0 20.0 10.0
254.0 746.0 20.0 10.0
639.0 465.0 20.0 10.0
153.0 748.0 20.0 10.0
412.0 560.0 20.0 10.0
333.0 274.0 20.0 10.0
698.0 298.0 20.0 10.0
311.0 265.0 20.0 10.0
841.0 164.0 20.0 10.0
156.0 777.0 20.0 10.0
253.0 781.0 20.0 10.0
518.0 434.0 20.0 10.0
299.0 148.0 20.0 10.0
352.0 210.0 20.0 10.0
351.0 179.0 20.0 10.0
445.0 283.0 20.0 10.0
266.0 98.0 20.0 10.0
433.0 604.0 20.0 10.0
253.0 657.0 20.0 10.0
841.0 146.0 20.0 10.0
407.0 340.0 20.0 10.0
241.0 810.0 20.0 10.0
113.0 799.0 20.0 10.0
848.0 160.0 20.0 10.0
883.0 142.0 20.0 10.0
719.0 289.0 20.0 10.0
916.0 125.0 20.0 10.0
670.0 535.0 20.0 10.0
497.0 418.0 20.0 10.0
520.0 554.0 20.0 10.0
690.0 590.0 20.0 10.0
424.0 338.0 20.0 10.0
709.0 245.0 20.0 10.0
256.0 129.0 20.0 10.0
409.0 357.0 20.0 10.0
450.0 579.0 20.0 10.0
699.0 536.0 20.0 10.0
269.0 670.0 20.0 10.0
268.0 141.0 20.0 10.0
272.0 242.0 20.0 10.0
172.0 765.0 20.0 10.0
275.0 676.0 20.0 10.0
226.0 103.0 20.0 10.0
496.0 679.0 20.0 10.0
330.0 680.0 20.0 10.0
489.0 433.0 20.0 10.0
168.0 788.0 20.0 10.0
548.0 553.0 20.0 10.0
646.0 334.0 20.0 10.0
377.0 321.0 20.0 10.0
767.0 680.0 20.0 10.0
748.0 661.0 20.0 10.0
942.0 108.0 20.0 10.0
457.0 286.0 20.0 10.0
686.0 296.0 20.0 10.0
233.0 114.0 20.0 10.0
236.0 219.0 20.0 10.0
418.0 297.0 20.0 10.0
119.0 787.0 20.0 10.0
864.0 117.0 20.0 10.0
280.0 245.0 20.0 10.0
505.0 567.0 20.0 10.0
451.0 634.0 20.0 10.0
416.0 270.0 20.0 10.0
429.0 600.0 20.0 10.0
592.0 376.0 20.0 10.0
347.0 232.0 20.0 10.0
725.0 295.0 20.0 10.0
341.0 178.0 20.0 10.0
641.0 557.0 20.0 10.0
598.0 436.0 20.0 10.0
484.0 692.0 20.0 10.0
207.0 761.0 20.0 10.0
377.0 359.0 20.0 10.0
210.0 206.0 20.0 10.0
698.0 651.0 20.0 10.0
496.0 556.0 20.0 10.0
76.0 819.0 20.0 10.0
717.0 606.0 20.0 10.0
721.0 693.0 20.0 10.0
147.0 773.0 20.0 10.0
202.0 204.0 20.0 10.0
143.0 823.0 20.0 10.0
803.0 714.0 20.0 10.0
831.0 191.0 20.0 10.0
427.0 510.0 20.0 10.0
727.0 722.0 20.0 10.0
687.0 646.0 20.0 10.0
699.0 685.0 20.0 10.0
695.0 672.0 20.0 10.0
389.0 295.0 20.0 10.0
425.0 571.0 20.0 10.0
179.0 189.0 20.0 10.0
426.0 588.0 20.0 10.0
762.0 662.0 20.0 10.0
161.0 745.0 20.0 10.0
339.0 220.0 20.0 10.0
126.0 853.0 20.0 10.0
738.0 733.0 20.0 10.0
217.0 665.0 20.0 10.0
710.0 542.0 20.0 10.0
314.0 658.0 20.0 10.0
627.0 425.0 20.0 10.0
716.0 533.0 20.0 10.0
464.0 499.0 20.0 10.0
469.0 450.0 20.0 10.0
136.0 820.0 20.0 10.0
872.0 151.0 20.0 10.0
495.0 723.0 20.0 10.0
330.0 193.0 20.0 10.0
48.0 839.0 20.0 10.0
525.0 573.0 20.0 10.0
555.0 611.0 20.0 10.0
631.0 462.0 20.0 10.0
130.0 850.0 20.0 10.0
754.0 254.0 20.0 10.0
706.0 679.0 20.0 10.0
580.0 414.0 20.0 10.0
695.0 583.0 20.0 10.0
244.0 785.0 20.0 10.0
766.0 240.0 20.0 10.0
250.0 649.0 20.0 10.0
320.0 717.0 20.0 10.0
716.0 578.0 20.0 10.0
179.0 759.0 20.0 10.0
353.0 265.0 20.0 10.0
213.0 78.0 20.0 10.0
192.0 676.0 20.0 10.0
519.0 570.0 20.0 10.0
356.0 308.0 20.0 10.0
472.0 680.0 20.0 10.0
748.0 549.0 20.0 10.0
783.0 93.0 20.0 10.0
801.0 701.0 20.0 10.0
756.0 538.0 20.0 10.0
239.0 674.0 20.0 10.0
723.0 599.0 20.0 10.0
202.0 86.0 20.0 10.0
777.0 559.0 20.0 10.0
514.0 390.0 20.0 10.0
339.0 710.0 20.0 10.0
585.0 431.0 20.0 10.0
326.0 747.0 20.0 10.0
599.0 403.0 20.0 10.0
721.0 222.0 20.0 10.0
518.0 362.0 20.0 10.0
48.0 832.0 20.0 10.0
441.0 662.0 20.0 10.0
794.0 143.0 20.0 10.0
150.0 812.0 20.0 10.0
756.0 593.0 20.0 10.0
805.0 117.0 20.0 10.0
339.0 738.0 20.0 10.0
234.0 772.0 20.0 10.0
216.0 636.0 20.0 10.0
185.0 673.0 20.0 10.0
797.0 87.0 20.0 10.0
784.0 612.0 20.0 10.0
655.0 421.0 20.0 10.0
467.0 426.0 20.0 10.0
336.0 149.0 20.0 10.0
663.0 552.0 20.0 10.0
371.0 260.0 20.0 10.0
398.0 480.0 20.0 10.0
496.0 715.0 20.0 10.0
795.0 671.0 20.0 10.0
230.0 677.0 20.0 10.0
256.0 683.0 20.0 10.0
123.0 752.0 20.0 10.0
434.0 261.0 20.0 10.0
739.0 673.0 20.0 10.0
521.0 544.0 20.0 10.0
692.0 531.0 20.0 10.0
131.0 799.0 20.0 10.0
192.0 791.0 20.0 10.0
738.0 545.0 20.0 10.0
235.0 637.0 20.0 10.0
764.0 686.0 20.0 10.0
475.0 718.0 20.0 10.0
663.0 568.0 20.0 10.0
765.0 259.0 20.0 10.0
494.0 747.0 20.0 10.0
543.0 579.0 20.0 10.0
744.0 618.0 20.0 10.0
556.0 543.0 20.0 10.0
851.0 119.0 20.0 10.0
304.0 742.0 20.0 10.0
195.0 785.0 20.0 10.0
201.0 753.0 20.0 10.0
587.0 533.0 20.0 10.0
201.0 688.0 20.0 10.0
578.0 617.0 20.0 10.0
412.0 610.0 20.0 10.0
655.0 316.0 20.0 10.0
600.0 460.0 20.0 10.0
487.0 493.0 20.0 10.0
457.0 626.0 20.0 10.0
375.0 480.0 20.0 10.0
486.0 519.0 20.0 10.0
440.0 424.0 20.0 10.0
718.0 262.0 20.0 10.0
401.0 590.0 20.0 10.0
386.0 455.0 20.0 10.0
352.0 225.0 20.0 10.0
554.0 594.0 20.0 10.0
808.0 56.0 20.0 10.0
601.0 390.0 20.0 10.0
710.0 720.0 20.0 10.0
866.0 157.0 20.0 10.0
834.0 741.0 20.0 10.0
347.0 321.0 20.0 10.0
806.0 95.0 20.0 10.0
350.0 351.0 20.0 10.0
885.0 92.0 20.0 10.0
87.0 790.0 20.0 10.0
679.0 574.0 20.0 10.0
175.0 201.0 20.0 10.0
323.0 251.0 20.0 10.0
315.0 200.0 20.0 10.0
466.0 439.0 20.0 10.0
189.0 661.0 20.0 10.0
140.0 772.0 20.0 10.0
232.0 820.0 20.0 10.0
760.0 763.0 20.0 10.0
857.0 116.0 20.0 10.0
716.0 751.0 20.0 10.0
260.0 693.0 20.0 10.0
745.0 596.0 20.0 10.0
115.0 870.0 20.0 10.0
305.0 680.0 20.0 10.0
199.0 93.0 20.0 10.0
496.0 670.0 20.0 10.0
828.0 160.0 20.0 10.0
761.0 699.0 20.0 10.0
212.0 843.0 20.0 10.0
289.0 119.0 20.0 10.0
415.0 330.0 20.0 10.0
585.0 386.0 20.0 10.0
259.0 90.0 20.0 10.0
563.0 641.0 20.0 10.0
464.0 529.0 20.0 10.0
751.0 610.0 20.0 10.0
772.0 611.0 20.0 10.0
592.0 494.0 20.0 10.0
816.0 194.0 20.0 10.0
317.0 207.0 20.0 10.0
192.0 624.0 20.0 10.0
432.0 683.0 20.0 10.0
195.0 861.0 20.0 10.0
189.0 767.0 20.0 10.0
506.0 487.0 20.0 10.0
300.0 239.0 20.0 10.0
932.0 102.0 20.0 10.0
713.0 212.0 20.0 10.0
113.0 849.0 20.0 10.0
456.0 470.0 20.0 10.0
746.0 764.0 20.0 10.0
24.0 856.0 20.0 10.0
906.0 79.0 20.0 10.0
771.0 690.0 20.0 10.0
559.0 392.0 20.0 10.0
185.0 780.0 20.0 10.0
104.0 813.0 20.0 10.0
958.0 86.0 20.0 10.0
795.0 254.0 20.0 10.0
788.0 197.0 20.0 10.0
622.0 456.0 20.0 10.0
496.0 370.0 20.0 10.0
624.0 433.0 20.0 10.0
339.0 250.0 20.0 10.0
218.0 797.0 20.0 10.0
183.0 814.0 20.0 10.0
318.0 238.0 20.0 10.0
348.0 365.0 20.0 10.0
712.0 670.0 20.0 10.0
315.0 747.0 20.0 10.0
185.0 629.0 20.0 10.0
717.0 182.0 20.0 10.0
821.0 69.0 20.0 10.0
478.0 740.0 20.0 10.0
753.0 578.0 20.0 10.0
690.0 264.0 20.0 10.0
171.0 806.0 20.0 10.0
706.0 157.0 20.0 10.0
483.0 409.0 20.0 10.0
529.0 385.0 20.0 10.0
505.0 417.0 20.0 10.0
310.0 163.0 20.0 10.0
442.0 444.0 20.0 10.0
80.0 811.0 20.0 10.0
468.0 421.0 20.0 10.0
854.0 766.0 20.0 10.0
815.0 94.0 20.0 10.0
728.0 660.0 20.0 10.0
464.0 711.0 20.0 10.0
444.0 656.0 20.0 10.0
189.0 640.0 20.0 10.0
175.0 195.0 20.0 10.0
500.0 701.0 20.0 10.0
274.0 630.0 20.0 10.0
818.0 249.0 20.0 10.0
396.0 324.0 20.0 10.0
746.0 535.0 20.0 10.0
386.0 556.0 20.0 10.0
205.0 739.0 20.0 10.0
572.0 602.0 20.0 10.0
861.0 131.0 20.0 10.0
865.0 185.0 20.0 10.0
472.0 404.0 20.0 10.0
780.0 252.0 20.0 10.0
330.0 133.0 20.0 10.0
271.0 662.0 20.0 10.0
500.0 741.0 20.0 10.0
580.0 425.0 20.0 10.0
93.0 874.0 20.0 10.0
279.0 107.0 20.0 10.0
787.0 536.0 20.0 10.0
288.0 187.0 20.0 10.0
211.0 744.0 20.0 10.0
297.0 698.0 20.0 10.0
800.0 179.0 20.0 10.0
234.0 844.0 20.0 10.0
112.0 838.0 20.0 10.0
215.0 823.0 20.0 10.0
690.0 628.0 20.0 10.0
212.0 689.0 20.0 10.0
383.0 328.0 20.0 10.0
706.0 283.0 20.0 10.0
876.0 95.0 20.0 10.0
567.0 663.0 20.0 10.0
596.0 347.0 20.0 10.0
437.0 686.0 20.0 10.0
348.0 311.0 20.0 10.0
479.0 355.0 20.0 10.0
611.0 518.0 20.0 10.0
165.0 627.0 20.0 10.0
831.0 711.0 20.0 10.0
533.0 568.0 20.0 10.0
304.0 181.0 20.0 10.0
725.0 670.0 20.0 10.0
360.0 603.0 20.0 10.0
71.0 887.0 20.0 10.0
830.0 53.0 20.0 10.0
424.0 550.0 20.0 10.0
897.0 180.0 20.0 10.0
133.0 789.0 20.0 10.0
467.0 293.0 20.0 10.0
855.0 755.0 20.0 10.0
297.0 730.0 20.0 10.0
475.0 380.0 20.0 10.0
295.0 243.0 20.0 10.0
791.0 677.0 20.0 10.0
273.0 77.0 20.0 10.0
823.0 35.0 20.0 10.0
773.0 789.0 20.0 10.0
760.0 785.0 20.0 10.0
269.0 694.0 20.0 10.0
365.0 272.0 20.0 10.0
738.0 699.0 20.0 10.0
564.0 630.0 20.0 10.0
838.0 134.0 20.0 10.0
528.0 494.0 20.0 10.0
378.0 465.0 20.0 10.0
258.0 230.0 20.0 10.0
638.0 502.0 20.0 10.0
247.0 723.0 20.0 10.0
896.0 131.0 20.0 10.0
791.0 708.0 20.0 10.0
554.0 568.0 20.0 10.0
648.0 410.0 20.0 10.0
264.0 73.0 20.0 10.0
778.0 553.0 20.0 10.0
253.0 61.0 20.0 10.0
347.0 737.0 20.0 10.0
421.0 306.0 20.0 10.0
890.0 179.0 20.0 10.0
52.0 823.0 20.0 10.0
721.0 774.0 20.0 10.0
396.0 288.0 20.0 10.0
251.0 230.0 20.0 10.0
827.0 41.0 20.0 10.0
487.0 538.0 20.0 10.0
663.0 486.0 20.0 10.0
418.0 565.0 20.0 10.0
541.0 528.0 20.0 10.0
811.0 157.0 20.0 10.0
163.0 673.0 20.0 10.0
450.0 370.0 20.0 10.0
773.0 537.0 20.0 10.0
599.0 328.0 20.0 10.0
861.0 758.0 20.0 10.0
787.0 600.0 20.0 10.0
733.0 160.0 20.0 10.0
241.0 67.0 20.0 10.0
251.0 43.0 20.0 10.0
104.0 756.0 20.0 10.0
568.0 637.0 20.0 10.0
830.0 731.0 20.0 10.0
488.0 345.0 20.0 10.0
823.0 716.0 20.0 10.0
783.0 783.0 20.0 10.0
364.0 220.0 20.0 10.0
667.0 466.0 20.0 10.0
459.0 362.0 20.0 10.0
727.0 791.0 20.0 10.0
820.0 254.0 20.0 10.0
866.0 790.0 20.0 10.0
786.0 579.0 20.0 10.0
523.0 606.0 20.0 10.0
562.0 417.0 20.0 10.0
756.0 723.0 20.0 10.0
444.0 415.0 20.0 10.0
233.0 25.0 20.0 10.0
592.0 639.0 20.0 10.0
187.0 195.0 20.0 10.0
892.0 185.0 20.0 10.0
111.0 777.0 20.0 10.0
631.0 479.0 20.0 10.0
727.0 240.0 20.0 10.0
704.0 602.0 20.0 10.0
600.0 352.0 20.0 10.0
175.0 692.0 20.0 10.0
913.0 175.0 20.0 10.0
708.0 137.0 20.0 10.0
588.0 359.0 20.0 10.0
581.0 660.0 20.0 10.0
489.0 631.0 20.0 10.0
790.0 543.0 20.0 10.0
373.0 488.0 20.0 10.0
781.0 723.0 20.0 10.0
875.0 770.0 20.0 10.0
726.0 540.0 20.0 10.0
305.0 674.0 20.0 10.0
572.0 392.0 20.0 10.0
232.0 222.0 20.0 10.0
691.0 301.0 20.0 10.0
