500
412.0 320.0 20.0 10.0
398.0 389.0 20.0 10.0
458.0 486.0 20.0 10.0
509.0 591.0 20.0 10.0
605.0 649.0 20.0 10.0
494.0 445.0 20.0 10.0
355.0 327.0 20.0 10.0
477.0 583.0 20.0 10.0
305.0 329.0 20.0 10.0
452.0 663.0 20.0 10.0
375.0 702.0 20.0 10.0
305.0 735.0 20.0 10.0
695.0 708.0 20.0 10.0
485.0 623.0 20.0 10.0
282.0 763.0 20.0 10.0
266.0 742.0 20.0 10.0
426.0 265.0 20.0 10.0
779.0 764.0 20.0 10.0
340.0 729.0 20.0 10.0
862.0 819.0 20.0 10.0
240.0 763.0 20.0 10.0
527.0 408.0 20.0 10.0
545.0 589.0 20.0 10.0
928.0 834.0 20.0 10.0
342.0 258.0 20.0 10.0
453.0 731.0 20.0 10.0
984.0 844.0 20.0 10.0
329.0 330.0 20.0 10.0
533.0 564.0 20.0 10.0
258.0 330.0 20.0 10.0
182.0 790.0 20.0 10.0
744.0 727.0 20.0 10.0
957.0 848.0 20.0 10.0
263.0 272.0 20.0 10.0
785.0 745.0 20.0 10.0
403.0 291.0 20.0 10.0
777.0 723.0 20.0 10.0
332.0 194.0 20.0 10.0
204.0 766.0 20.0 10.0
448.0 461.0 20.0 10.0
799.0 731.0 20.0 10.0
221.0 258.0 20.0 10.0
513.0 542.0 20.0 10.0
826.0 757.0 20.0 10.0
151.0 812.0 20.0 10.0
884.0 847.0 20.0 10.0
921.0 875.0 20.0 10.0
495.0 666.0 20.0 10.0
517.0 428.0 20.0 10.0
977.0 916.0 20.0 10.0
542.0 394.0 20.0 10.0
462.0 786.0 20.0 10.0
207.0 216.0 20.0 10.0
523.0 681.0 20.0 10.0
233.0 741.0 20.0 10.0
967.0 853.0 20.0 10.0
1002.0 866.0 20.0 10.0
234.0 253.0 20.0 10.0
643.0 660.0 20.0 10.0
800.0 795.0 20.0 10.0
937.0 906.0 20.0 10.0
808.0 781.0 20.0 10.0
274.0 323.0 20.0 10.0
327.0 149.0 20.0 10.0
1029.0 857.0 20.0 10.0
480.0 827.0 20.0 10.0
322.0 763.0 20.0 10.0
566.0 597.0 20.0 10.0
222.0 327.0 20.0 10.0
159.0 179.0 20.0 10.0
480.0 660.0 20.0 10.0
305.0 728.0 20.0 10.0
486.0 690.0 20.0 10.0
308.0 786.0 20.0 10.0
509.0 689.0 20.0 10.0
574.0 606.0 20.0 10.0
190.0 320.0 20.0 10.0
454.0 635.0 20.0 10.0
458.0 829.0 20.0 10.0
130.0 813.0 20.0 10.0
427.0 488.0 20.0 10.0
532.0 653.0 20.0 10.0
175.0 167.0 20.0 10.0
555.0 372.0 20.0 10.0
468.0 687.0 20.0 10.0
470.0 559.0 20.0 10.0
951.0 918.0 20.0 10.0
537.0 390.0 20.0 10.0
556.0 545.0 20.0 10.0
186.0 243.0 20.0 10.0
544.0 380.0 20.0 10.0
418.0 364.0 20.0 10.0
505.0 860.0 20.0 10.0
447.0 572.0 20.0 10.0
510.0 414.0 20.0 10.0
221.0 231.0 20.0 10.0
993.0 859.0 20.0 10.0
722.0 726.0 20.0 10.0
154.0 128.0 20.0 10.0
124.0 824.0 20.0 10.0
338.0 230.0 20.0 10.0
847.0 780.0 20.0 10.0
446.0 870.0 20.0 10.0
1021.0 849.0 20.0 10.0
439.0 217.0 20.0 10.0
477.0 810.0 20.0 10.0
419.0 579.0 20.0 10.0
791.0 775.0 20.0 10.0
347.0 713.0 20.0 10.0
520.0 385.0 20.0 10.0
976.0 953.0 20.0 10.0
550.0 403.0 20.0 10.0
239.0 325.0 20.0 10.0
535.0 357.0 20.0 10.0
465.0 807.0 20.0 10.0
959.0 836.0 20.0 10.0
546.0 694.0 20.0 10.0
451.0 777.0 20.0 10.0
434.0 908.0 20.0 10.0
415.0 293.0 20.0 10.0
408.0 477.0 20.0 10.0
566.0 638.0 20.0 10.0
324.0 145.0 20.0 10.0
577.0 341.0 20.0 10.0
579.0 592.0 20.0 10.0
425.0 940.0 20.0 10.0
208.0 769.0 20.0 10.0
396.0 297.0 20.0 10.0
238.0 260.0 20.0 10.0
999.0 977.0 20.0 10.0
308.0 106.0 20.0 10.0
433.0 288.0 20.0 10.0
489.0 845.0 20.0 10.0
450.0 179.0 20.0 10.0
455.0 759.0 20.0 10.0
494.0 527.0 20.0 10.0
813.0 735.0 20.0 10.0
144.0 150.0 20.0 10.0
579.0 524.0 20.0 10.0
556.0 632.0 20.0 10.0
427.0 651.0 20.0 10.0
449.0 820.0 20.0 10.0
278.0 719.0 20.0 10.0
419.0 931.0 20.0 10.0
1032.0 955.0 20.0 10.0
374.0 376.0 20.0 10.0
852.0 807.0 20.0 10.0
573.0 349.0 20.0 10.0
489.0 647.0 20.0 10.0
261.0 790.0 20.0 10.0
195.0 339.0 20.0 10.0
528.0 708.0 20.0 10.0
444.0 366.0 20.0 10.0
115.0 141.0 20.0 10.0
136.0 841.0 20.0 10.0
452.0 437.0 20.0 10.0
471.0 450.0 20.0 10.0
410.0 670.0 20.0 10.0
126.0 868.0 20.0 10.0
155.0 228.0 20.0 10.0
82.0 101.0 20.0 10.0
456.0 258.0 20.0 10.0
91.0 825.0 20.0 10.0
309.0 113.0 20.0 10.0
444.0 344.0 20.0 10.0
253.0 314.0 20.0 10.0
400.0 477.0 20.0 10.0
331.0 312.0 20.0 10.0
1027.0 879.0 20.0 10.0
395.0 686.0 20.0 10.0
465.0 715.0 20.0 10.0
440.0 299.0 20.0 10.0
165.0 131.0 20.0 10.0
232.0 319.0 20.0 10.0
278.0 727.0 20.0 10.0
515.0 886.0 20.0 10.0
1050.0 991.0 20.0 10.0
860.0 760.0 20.0 10.0
325.0 170.0 20.0 10.0
288.0 89.0 20.0 10.0
535.0 539.0 20.0 10.0
103.0 827.0 20.0 10.0
168.0 345.0 20.0 10.0
125.0 226.0 20.0 10.0
403.0 279.0 20.0 10.0
892.0 765.0 20.0 10.0
552.0 680.0 20.0 10.0
461.0 153.0 20.0 10.0
215.0 769.0 20.0 10.0
1076.0 978.0 20.0 10.0
595.0 624.0 20.0 10.0
849.0 837.0 20.0 10.0
465.0 276.0 20.0 10.0
495.0 829.0 20.0 10.0
451.0 860.0 20.0 10.0
892.0 834.0 20.0 10.0
174.0 201.0 20.0 10.0
147.0 107.0 20.0 10.0
291.0 808.0 20.0 10.0
178.0 776.0 20.0 10.0
191.0 193.0 20.0 10.0
300.0 68.0 20.0 10.0
334.0 751.0 20.0 10.0
478.0 681.0 20.0 10.0
324.0 341.0 20.0 10.0
65.0 68.0 20.0 10.0
491.0 860.0 20.0 10.0
449.0 587.0 20.0 10.0
916.0 764.0 20.0 10.0
162.0 326.0 20.0 10.0
366.0 357.0 20.0 10.0
304.0 38.0 20.0 10.0
301.0 792.0 20.0 10.0
666.0 671.0 20.0 10.0
673.0 662.0 20.0 10.0
129.0 165.0 20.0 10.0
337.0 160.0 20.0 10.0
503.0 891.0 20.0 10.0
899.0 868.0 20.0 10.0
350.0 133.0 20.0 10.0
1065.0 981.0 20.0 10.0
876.0 770.0 20.0 10.0
1066.0 868.0 20.0 10.0
1105.0 992.0 20.0 10.0
559.0 599.0 20.0 10.0
966.0 945.0 20.0 10.0
1098.0 880.0 20.0 10.0
468.0 325.0 20.0 10.0
280.0 818.0 20.0 10.0
460.0 842.0 20.0 10.0
940.0 759.0 20.0 10.0
213.0 787.0 20.0 10.0
333.0 170.0 20.0 10.0
693.0 673.0 20.0 10.0
375.0 335.0 20.0 10.0
49.0 39.0 20.0 10.0
335.0 114.0 20.0 10.0
328.0 710.0 20.0 10.0
1087.0 1010.0 20.0 10.0
1113.0 1001.0 20.0 10.0
52.0 79.0 20.0 10.0
242.0 815.0 20.0 10.0
385.0 473.0 20.0 10.0
607.0 591.0 20.0 10.0
570.0 709.0 20.0 10.0
328.0 224.0 20.0 10.0
442.0 851.0 20.0 10.0
1124.0 895.0 20.0 10.0
90.0 125.0 20.0 10.0
154.0 782.0 20.0 10.0
35.0 57.0 20.0 10.0
262.0 840.0 20.0 10.0
692.0 663.0 20.0 10.0
746.0 722.0 20.0 10.0
468.0 133.0 20.0 10.0
438.0 889.0 20.0 10.0
207.0 738.0 20.0 10.0
787.0 802.0 20.0 10.0
149.0 183.0 20.0 10.0
519.0 551.0 20.0 10.0
423.0 455.0 20.0 10.0
34.0 25.0 20.0 10.0
449.0 893.0 20.0 10.0
354.0 737.0 20.0 10.0
210.0 241.0 20.0 10.0
480.0 232.0 20.0 10.0
605.0 579.0 20.0 10.0
398.0 240.0 20.0 10.0
372.0 470.0 20.0 10.0
639.0 653.0 20.0 10.0
987.0 869.0 20.0 10.0
408.0 214.0 20.0 10.0
457.0 885.0 20.0 10.0
514.0 848.0 20.0 10.0
298.0 341.0 20.0 10.0
1011.0 852.0 20.0 10.0
681.0 683.0 20.0 10.0
580.0 687.0 20.0 10.0
188.0 808.0 20.0 10.0
218.0 743.0 20.0 10.0
1050.0 850.0 20.0 10.0
371.0 727.0 20.0 10.0
528.0 422.0 20.0 10.0
425.0 231.0 20.0 10.0
1069.0 960.0 20.0 10.0
308.0 315.0 20.0 10.0
66.0 838.0 20.0 10.0
182.0 740.0 20.0 10.0
120.0 132.0 20.0 10.0
83.0 122.0 20.0 10.0
428.0 591.0 20.0 10.0
484.0 335.0 20.0 10.0
492.0 322.0 20.0 10.0
489.0 206.0 20.0 10.0
945.0 899.0 20.0 10.0
697.0 697.0 20.0 10.0
314.0 161.0 20.0 10.0
407.0 272.0 20.0 10.0
851.0 829.0 20.0 10.0
343.0 298.0 20.0 10.0
552.0 583.0 20.0 10.0
535.0 581.0 20.0 10.0
349.0 87.0 20.0 10.0
993.0 978.0 20.0 10.0
402.0 578.0 20.0 10.0
298.0 312.0 20.0 10.0
317.0 172.0 20.0 10.0
444.0 188.0 20.0 10.0
488.0 258.0 20.0 10.0
527.0 883.0 20.0 10.0
578.0 613.0 20.0 10.0
293.0 40.0 20.0 10.0
286.0 289.0 20.0 10.0
223.0 834.0 20.0 10.0
187.0 783.0 20.0 10.0
962.0 749.0 20.0 10.0
332.0 274.0 20.0 10.0
552.0 388.0 20.0 10.0
517.0 665.0 20.0 10.0
424.0 932.0 20.0 10.0
495.0 312.0 20.0 10.0
914.0 751.0 20.0 10.0
487.0 539.0 20.0 10.0
518.0 518.0 20.0 10.0
442.0 418.0 20.0 10.0
458.0 921.0 20.0 10.0
291.0 138.0 20.0 10.0
803.0 724.0 20.0 10.0
1008.0 1001.0 20.0 10.0
1070.0 1021.0 20.0 10.0
171.0 139.0 20.0 10.0
1140.0 1024.0 20.0 10.0
465.0 646.0 20.0 10.0
442.0 236.0 20.0 10.0
417.0 433.0 20.0 10.0
794.0 817.0 20.0 10.0
1135.0 1019.0 20.0 10.0
107.0 807.0 20.0 10.0
457.0 710.0 20.0 10.0
580.0 352.0 20.0 10.0
1094.0 974.0 20.0 10.0
973.0 940.0 20.0 10.0
594.0 315.0 20.0 10.0
461.0 865.0 20.0 10.0
342.0 275.0 20.0 10.0
505.0 219.0 20.0 10.0
907.0 768.0 20.0 10.0
414.0 594.0 20.0 10.0
132.0 215.0 20.0 10.0
247.0 859.0 20.0 10.0
472.0 301.0 20.0 10.0
1019.0 999.0 20.0 10.0
277.0 358.0 20.0 10.0
443.0 782.0 20.0 10.0
135.0 97.0 20.0 10.0
1106.0 1035.0 20.0 10.0
163.0 231.0 20.0 10.0
846.0 762.0 20.0 10.0
529.0 875.0 20.0 10.0
1089.0 877.0 20.0 10.0
281.0 348.0 20.0 10.0
118.0 74.0 20.0 10.0
428.0 575.0 20.0 10.0
458.0 190.0 20.0 10.0
495.0 557.0 20.0 10.0
724.0 751.0 20.0 10.0
1051.0 893.0 20.0 10.0
508.0 921.0 20.0 10.0
324.0 288.0 20.0 10.0
546.0 328.0 20.0 10.0
78.0 70.0 20.0 10.0
571.0 576.0 20.0 10.0
336.0 84.0 20.0 10.0
392.0 220.0 20.0 10.0
283.0 49.0 20.0 10.0
384.0 576.0 20.0 10.0
498.0 686.0 20.0 10.0
434.0 310.0 20.0 10.0
207.0 307.0 20.0 10.0
488.0 304.0 20.0 10.0
256.0 712.0 20.0 10.0
58.0 106.0 20.0 10.0
543.0 522.0 20.0 10.0
412.0 662.0 20.0 10.0
489.0 885.0 20.0 10.0
106.0 819.0 20.0 10.0
417.0 243.0 20.0 10.0
813.0 820.0 20.0 10.0
155.0 797.0 20.0 10.0
482.0 252.0 20.0 10.0
143.0 165.0 20.0 10.0
822.0 720.0 20.0 10.0
595.0 596.0 20.0 10.0
299.0 138.0 20.0 10.0
63.0 828.0 20.0 10.0
572.0 531.0 20.0 10.0
229.0 336.0 20.0 10.0
428.0 640.0 20.0 10.0
336.0 108.0 20.0 10.0
1038.0 1022.0 20.0 10.0
457.0 208.0 20.0 10.0
912.0 880.0 20.0 10.0
109.0 60.0 20.0 10.0
844.0 710.0 20.0 10.0
1054.0 868.0 20.0 10.0
342.0 74.0 20.0 10.0
1095.0 989.0 20.0 10.0
93.0 835.0 20.0 10.0
316.0 126.0 20.0 10.0
198.0 247.0 20.0 10.0
587.0 626.0 20.0 10.0
501.0 712.0 20.0 10.0
54.0 91.0 20.0 10.0
335.0 48.0 20.0 10.0
545.0 699.0 20.0 10.0
1042.0 852.0 20.0 10.0
998.0 948.0 20.0 10.0
284.0 725.0 20.0 10.0
402.0 207.0 20.0 10.0
180.0 207.0 20.0 10.0
311.0 203.0 20.0 10.0
601.0 507.0 20.0 10.0
406.0 176.0 20.0 10.0
432.0 842.0 20.0 10.0
523.0 885.0 20.0 10.0
63.0 853.0 20.0 10.0
244.0 235.0 20.0 10.0
263.0 729.0 20.0 10.0
278.0 746.0 20.0 10.0
562.0 353.0 20.0 10.0
67.0 844.0 20.0 10.0
436.0 203.0 20.0 10.0
1050.0 983.0 20.0 10.0
412.0 646.0 20.0 10.0
434.0 641.0 20.0 10.0
312.0 84.0 20.0 10.0
37.0 93.0 20.0 10.0
156.0 144.0 20.0 10.0
71.0 858.0 20.0 10.0
1164.0 1043.0 20.0 10.0
513.0 361.0 20.0 10.0
595.0 637.0 20.0 10.0
280.0 322.0 20.0 10.0
419.0 958.0 20.0 10.0
981.0 842.0 20.0 10.0
577.0 373.0 20.0 10.0
390.0 363.0 20.0 10.0
449.0 184.0 20.0 10.0
384.0 220.0 20.0 10.0
416.0 338.0 20.0 10.0
596.0 502.0 20.0 10.0
275.0 300.0 20.0 10.0
1024.0 1023.0 20.0 10.0
294.0 182.0 20.0 10.0
427.0 240.0 20.0 10.0
206.0 351.0 20.0 10.0
607.0 682.0 20.0 10.0
235.0 202.0 20.0 10.0
367.0 389.0 20.0 10.0
912.0 779.0 20.0 10.0
1062.0 1010.0 20.0 10.0
210.0 848.0 20.0 10.0
1091.0 1044.0 20.0 10.0
163.0 308.0 20.0 10.0
461.0 160.0 20.0 10.0
219.0 184.0 20.0 10.0
43.0 866.0 20.0 10.0
489.0 712.0 20.0 10.0
979.0 965.0 20.0 10.0
427.0 875.0 20.0 10.0
216.0 176.0 20.0 10.0
297.0 86.0 20.0 10.0
1076.0 853.0 20.0 10.0
433.0 966.0 20.0 10.0
137.0 103.0 20.0 10.0
24.0 69.0 20.0 10.0
1062.0 961.0 20.0 10.0
818.0 813.0 20.0 10.0
878.0 762.0 20.0 10.0
539.0 500.0 20.0 10.0
168.0 827.0 20.0 10.0
620.0 618.0 20.0 10.0
199.0 155.0 20.0 10.0
329.0 231.0 20.0 10.0
180.0 139.0 20.0 10.0
388.0 313.0 20.0 10.0
574.0 326.0 20.0 10.0
457.0 622.0 20.0 10.0
473.0 707.0 20.0 10.0
861.0 856.0 20.0 10.0
461.0 730.0 20.0 10.0
403.0 451.0 20.0 10.0
604.0 301.0 20.0 10.0
109.0 836.0 20.0 10.0
439.0 938.0 20.0 10.0
237.0 873.0 20.0 10.0
1125.0 883.0 20.0 10.0
635.0 597.0 20.0 10.0
552.0 645.0 20.0 10.0
711.0 672.0 20.0 10.0
