500
636.0 522.0 20.0 10.0
709.0 609.0 20.0 10.0
707.0 496.0 20.0 10.0
531.0 465.0 20.0 10.0
764.0 638.0 20.0 10.0
770.0 685.0 20.0 10.0
761.0 484.0 20.0 10.0
702.0 636.0 20.0 10.0
620.0 557.0 20.0 10.0
832.0 755.0 20.0 10.0
427.0 408.0 20.0 10.0
355.0 397.0 20.0 10.0
751.0 610.0 20.0 10.0
665.0 473.0 20.0 10.0
814.0 471.0 20.0 10.0
357.0 446.0 20.0 10.0
434.0 432.0 20.0 10.0
395.0 340.0 20.0 10.0
290.0 480.0 20.0 10.0
233.0 506.0 20.0 10.0
439.0 342.0 20.0 10.0
188.0 526.0 20.0 10.0
773.0 596.0 20.0 10.0
363.0 364.0 20.0 10.0
328.0 466.0 20.0 10.0
635.0 576.0 20.0 10.0
750.0 503.0 20.0 10.0
287.0 396.0 20.0 10.0
788.0 500.0 20.0 10.0
363.0 283.0 20.0 10.0
412.0 433.0 20.0 10.0
755.0 468.0 20.0 10.0
306.0 330.0 20.0 10.0
380.0 294.0 20.0 10.0
232.0 398.0 20.0 10.0
321.0 367.0 20.0 10.0
799.0 445.0 20.0 10.0
333.0 232.0 20.0 10.0
884.0 805.0 20.0 10.0
808.0 487.0 20.0 10.0
393.0 451.0 20.0 10.0
874.0 777.0 20.0 10.0
335.0 353.0 20.0 10.0
180.0 394.0 20.0 10.0
328.0 325.0 20.0 10.0
445.0 280.0 20.0 10.0
204.0 534.0 20.0 10.0
455.0 320.0 20.0 10.0
454.0 228.0 20.0 10.0
541.0 487.0 20.0 10.0
707.0 665.0 20.0 10.0
826.0 426.0 20.0 10.0
734.0 470.0 20.0 10.0
767.0 522.0 20.0 10.0
713.0 713.0 20.0 10.0
645.0 546.0 20.0 10.0
314.0 491.0 20.0 10.0
772.0 622.0 20.0 10.0
532.0 439.0 20.0 10.0
292.0 376.0 20.0 10.0
694.0 425.0 20.0 10.0
856.0 811.0 20.0 10.0
191.0 517.0 20.0 10.0
631.0 497.0 20.0 10.0
755.0 459.0 20.0 10.0
374.0 469.0 20.0 10.0
440.0 238.0 20.0 10.0
149.0 547.0 20.0 10.0
927.0 849.0 20.0 10.0
555.0 455.0 20.0 10.0
256.0 307.0 20.0 10.0
439.0 448.0 20.0 10.0
785.0 666.0 20.0 10.0
252.0 488.0 20.0 10.0
792.0 712.0 20.0 10.0
693.0 703.0 20.0 10.0
671.0 446.0 20.0 10.0
861.0 767.0 20.0 10.0
719.0 758.0 20.0 10.0
346.0 341.0 20.0 10.0
725.0 795.0 20.0 10.0
516.0 489.0 20.0 10.0
686.0 727.0 20.0 10.0
432.0 198.0 20.0 10.0
777.0 440.0 20.0 10.0
813.0 662.0 20.0 10.0
725.0 382.0 20.0 10.0
222.0 295.0 20.0 10.0
161.0 532.0 20.0 10.0
704.0 401.0 20.0 10.0
163.0 518.0 20.0 10.0
138.0 386.0 20.0 10.0
111.0 387.0 20.0 10.0
322.0 198.0 20.0 10.0
237.0 385.0 20.0 10.0
373.0 321.0 20.0 10.0
458.0 180.0 20.0 10.0
961.0 888.0 20.0 10.0
838.0 425.0 20.0 10.0
112.0 562.0 20.0 10.0
456.0 310.0 20.0 10.0
853.0 461.0 20.0 10.0
202.0 391.0 20.0 10.0
694.0 438.0 20.0 10.0
763.0 448.0 20.0 10.0
731.0 487.0 20.0 10.0
907.0 836.0 20.0 10.0
325.0 453.0 20.0 10.0
602.0 574.0 20.0 10.0
601.0 566.0 20.0 10.0
931.0 856.0 20.0 10.0
990.0 914.0 20.0 10.0
231.0 296.0 20.0 10.0
337.0 465.0 20.0 10.0
296.0 330.0 20.0 10.0
796.0 408.0 20.0 10.0
806.0 641.0 20.0 10.0
184.0 557.0 20.0 10.0
309.0 487.0 20.0 10.0
880.0 461.0 20.0 10.0
310.0 363.0 20.0 10.0
879.0 847.0 20.0 10.0
458.0 139.0 20.0 10.0
687.0 741.0 20.0 10.0
222.0 486.0 20.0 10.0
308.0 184.0 20.0 10.0
662.0 425.0 20.0 10.0
172.0 397.0 20.0 10.0
173.0 385.0 20.0 10.0
463.0 202.0 20.0 10.0
854.0 784.0 20.0 10.0
1018.0 938.0 20.0 10.0
658.0 560.0 20.0 10.0
268.0 502.0 20.0 10.0
470.0 311.0 20.0 10.0
362.0 265.0 20.0 10.0
681.0 772.0 20.0 10.0
289.0 143.0 20.0 10.0
196.0 367.0 20.0 10.0
443.0 322.0 20.0 10.0
272.0 105.0 20.0 10.0
887.0 876.0 20.0 10.0
752.0 340.0 20.0 10.0
452.0 254.0 20.0 10.0
777.0 515.0 20.0 10.0
257.0 72.0 20.0 10.0
294.0 291.0 20.0 10.0
160.0 351.0 20.0 10.0
856.0 674.0 20.0 10.0
888.0 677.0 20.0 10.0
743.0 447.0 20.0 10.0
318.0 168.0 20.0 10.0
666.0 402.0 20.0 10.0
247.0 43.0 20.0 10.0
307.0 455.0 20.0 10.0
422.0 382.0 20.0 10.0
852.0 778.0 20.0 10.0
376.0 253.0 20.0 10.0
858.0 461.0 20.0 10.0
749.0 360.0 20.0 10.0
706.0 790.0 20.0 10.0
260.0 510.0 20.0 10.0
244.0 533.0 20.0 10.0
259.0 530.0 20.0 10.0
822.0 497.0 20.0 10.0
237.0 530.0 20.0 10.0
888.0 456.0 20.0 10.0
781.0 712.0 20.0 10.0
402.0 413.0 20.0 10.0
978.0 916.0 20.0 10.0
372.0 217.0 20.0 10.0
407.0 314.0 20.0 10.0
891.0 451.0 20.0 10.0
458.0 198.0 20.0 10.0
767.0 632.0 20.0 10.0
467.0 279.0 20.0 10.0
871.0 403.0 20.0 10.0
788.0 721.0 20.0 10.0
134.0 349.0 20.0 10.0
356.0 234.0 20.0 10.0
779.0 307.0 20.0 10.0
79.0 577.0 20.0 10.0
890.0 687.0 20.0 10.0
440.0 312.0 20.0 10.0
841.0 634.0 20.0 10.0
453.0 424.0 20.0 10.0
678.0 765.0 20.0 10.0
341.0 254.0 20.0 10.0
1043.0 956.0 20.0 10.0
310.0 471.0 20.0 10.0
866.0 856.0 20.0 10.0
781.0 600.0 20.0 10.0
103.0 376.0 20.0 10.0
846.0 675.0 20.0 10.0
800.0 528.0 20.0 10.0
910.0 786.0 20.0 10.0
547.0 420.0 20.0 10.0
424.0 292.0 20.0 10.0
530.0 407.0 20.0 10.0
774.0 318.0 20.0 10.0
331.0 455.0 20.0 10.0
281.0 292.0 20.0 10.0
286.0 363.0 20.0 10.0
852.0 496.0 20.0 10.0
149.0 393.0 20.0 10.0
796.0 277.0 20.0 10.0
382.0 313.0 20.0 10.0
263.0 79.0 20.0 10.0
497.0 508.0 20.0 10.0
131.0 340.0 20.0 10.0
158.0 522.0 20.0 10.0
605.0 590.0 20.0 10.0
653.0 452.0 20.0 10.0
217.0 491.0 20.0 10.0
990.0 905.0 20.0 10.0
190.0 288.0 20.0 10.0
365.0 270.0 20.0 10.0
865.0 412.0 20.0 10.0
228.0 493.0 20.0 10.0
459.0 105.0 20.0 10.0
191.0 562.0 20.0 10.0
294.0 156.0 20.0 10.0
809.0 746.0 20.0 10.0
798.0 687.0 20.0 10.0
450.0 78.0 20.0 10.0
789.0 431.0 20.0 10.0
483.0 257.0 20.0 10.0
785.0 646.0 20.0 10.0
280.0 316.0 20.0 10.0
510.0 454.0 20.0 10.0
387.0 437.0 20.0 10.0
465.0 404.0 20.0 10.0
268.0 304.0 20.0 10.0
165.0 362.0 20.0 10.0
660.0 517.0 20.0 10.0
743.0 637.0 20.0 10.0
441.0 173.0 20.0 10.0
805.0 683.0 20.0 10.0
428.0 167.0 20.0 10.0
825.0 439.0 20.0 10.0
892.0 880.0 20.0 10.0
55.0 592.0 20.0 10.0
732.0 825.0 20.0 10.0
788.0 609.0 20.0 10.0
202.0 403.0 20.0 10.0
814.0 776.0 20.0 10.0
593.0 620.0 20.0 10.0
818.0 388.0 20.0 10.0
132.0 525.0 20.0 10.0
879.0 889.0 20.0 10.0
232.0 283.0 20.0 10.0
212.0 286.0 20.0 10.0
532.0 505.0 20.0 10.0
217.0 549.0 20.0 10.0
240.0 289.0 20.0 10.0
583.0 648.0 20.0 10.0
913.0 431.0 20.0 10.0
767.0 314.0 20.0 10.0
826.0 658.0 20.0 10.0
264.0 403.0 20.0 10.0
260.0 491.0 20.0 10.0
677.0 752.0 20.0 10.0
1039.0 951.0 20.0 10.0
844.0 783.0 20.0 10.0
509.0 505.0 20.0 10.0
879.0 824.0 20.0 10.0
782.0 459.0 20.0 10.0
266.0 486.0 20.0 10.0
138.0 337.0 20.0 10.0
687.0 461.0 20.0 10.0
568.0 434.0 20.0 10.0
918.0 693.0 20.0 10.0
589.0 609.0 20.0 10.0
698.0 648.0 20.0 10.0
1018.0 918.0 20.0 10.0
854.0 419.0 20.0 10.0
920.0 452.0 20.0 10.0
250.0 48.0 20.0 10.0
437.0 462.0 20.0 10.0
1059.0 977.0 20.0 10.0
83.0 357.0 20.0 10.0
323.0 232.0 20.0 10.0
78.0 382.0 20.0 10.0
922.0 867.0 20.0 10.0
316.0 334.0 20.0 10.0
400.0 319.0 20.0 10.0
289.0 305.0 20.0 10.0
454.0 149.0 20.0 10.0
241.0 537.0 20.0 10.0
257.0 261.0 20.0 10.0
49.0 584.0 20.0 10.0
25.0 589.0 20.0 10.0
285.0 313.0 20.0 10.0
811.0 511.0 20.0 10.0
875.0 683.0 20.0 10.0
176.0 266.0 20.0 10.0
1002.0 930.0 20.0 10.0
573.0 624.0 20.0 10.0
451.0 292.0 20.0 10.0
808.0 383.0 20.0 10.0
695.0 767.0 20.0 10.0
874.0 828.0 20.0 10.0
188.0 494.0 20.0 10.0
944.0 874.0 20.0 10.0
775.0 422.0 20.0 10.0
795.0 283.0 20.0 10.0
902.0 799.0 20.0 10.0
876.0 885.0 20.0 10.0
718.0 691.0 20.0 10.0
767.0 339.0 20.0 10.0
875.0 796.0 20.0 10.0
364.0 298.0 20.0 10.0
672.0 571.0 20.0 10.0
239.0 495.0 20.0 10.0
840.0 645.0 20.0 10.0
828.0 530.0 20.0 10.0
459.0 325.0 20.0 10.0
134.0 544.0 20.0 10.0
199.0 268.0 20.0 10.0
728.0 736.0 20.0 10.0
401.0 291.0 20.0 10.0
895.0 793.0 20.0 10.0
842.0 681.0 20.0 10.0
613.0 611.0 20.0 10.0
901.0 391.0 20.0 10.0
172.0 347.0 20.0 10.0
301.0 380.0 20.0 10.0
800.0 592.0 20.0 10.0
826.0 607.0 20.0 10.0
873.0 646.0 20.0 10.0
880.0 836.0 20.0 10.0
804.0 379.0 20.0 10.0
300.0 349.0 20.0 10.0
684.0 767.0 20.0 10.0
913.0 448.0 20.0 10.0
718.0 653.0 20.0 10.0
745.0 424.0 20.0 10.0
830.0 677.0 20.0 10.0
365.0 439.0 20.0 10.0
181.0 249.0 20.0 10.0
268.0 256.0 20.0 10.0
443.0 385.0 20.0 10.0
809.0 419.0 20.0 10.0
280.0 269.0 20.0 10.0
817.0 765.0 20.0 10.0
473.0 252.0 20.0 10.0
737.0 711.0 20.0 10.0
304.0 151.0 20.0 10.0
386.0 268.0 20.0 10.0
140.0 394.0 20.0 10.0
737.0 667.0 20.0 10.0
936.0 698.0 20.0 10.0
146.0 251.0 20.0 10.0
213.0 390.0 20.0 10.0
233.0 25.0 20.0 10.0
892.0 382.0 20.0 10.0
359.0 194.0 20.0 10.0
703.0 712.0 20.0 10.0
704.0 374.0 20.0 10.0
226.0 240.0 20.0 10.0
418.0 171.0 20.0 10.0
781.0 427.0 20.0 10.0
581.0 633.0 20.0 10.0
465.0 290.0 20.0 10.0
246.0 513.0 20.0 10.0
896.0 461.0 20.0 10.0
30.0 605.0 20.0 10.0
698.0 629.0 20.0 10.0
352.0 207.0 20.0 10.0
924.0 465.0 20.0 10.0
794.0 298.0 20.0 10.0
708.0 349.0 20.0 10.0
618.0 508.0 20.0 10.0
336.0 223.0 20.0 10.0
494.0 494.0 20.0 10.0
843.0 401.0 20.0 10.0
930.0 811.0 20.0 10.0
814.0 493.0 20.0 10.0
253.0 226.0 20.0 10.0
817.0 271.0 20.0 10.0
694.0 814.0 20.0 10.0
755.0 309.0 20.0 10.0
618.0 540.0 20.0 10.0
174.0 410.0 20.0 10.0
898.0 855.0 20.0 10.0
361.0 245.0 20.0 10.0
338.0 377.0 20.0 10.0
475.0 385.0 20.0 10.0
124.0 240.0 20.0 10.0
696.0 683.0 20.0 10.0
811.0 604.0 20.0 10.0
802.0 252.0 20.0 10.0
953.0 821.0 20.0 10.0
373.0 456.0 20.0 10.0
884.0 913.0 20.0 10.0
490.0 529.0 20.0 10.0
107.0 395.0 20.0 10.0
178.0 547.0 20.0 10.0
235.0 231.0 20.0 10.0
735.0 784.0 20.0 10.0
955.0 873.0 20.0 10.0
868.0 838.0 20.0 10.0
788.0 657.0 20.0 10.0
811.0 594.0 20.0 10.0
837.0 672.0 20.0 10.0
354.0 444.0 20.0 10.0
806.0 255.0 20.0 10.0
670.0 553.0 20.0 10.0
396.0 474.0 20.0 10.0
853.0 841.0 20.0 10.0
263.0 373.0 20.0 10.0
496.0 500.0 20.0 10.0
726.0 516.0 20.0 10.0
839.0 592.0 20.0 10.0
213.0 279.0 20.0 10.0
943.0 448.0 20.0 10.0
233.0 204.0 20.0 10.0
594.0 602.0 20.0 10.0
364.0 188.0 20.0 10.0
774.0 290.0 20.0 10.0
737.0 811.0 20.0 10.0
589.0 645.0 20.0 10.0
359.0 301.0 20.0 10.0
439.0 289.0 20.0 10.0
801.0 404.0 20.0 10.0
938.0 894.0 20.0 10.0
436.0 58.0 20.0 10.0
181.0 274.0 20.0 10.0
917.0 829.0 20.0 10.0
555.0 410.0 20.0 10.0
777.0 660.0 20.0 10.0
787.0 320.0 20.0 10.0
326.0 490.0 20.0 10.0
866.0 887.0 20.0 10.0
230.0 556.0 20.0 10.0
808.0 622.0 20.0 10.0
607.0 498.0 20.0 10.0
989.0 943.0 20.0 10.0
368.0 225.0 20.0 10.0
468.0 63.0 20.0 10.0
259.0 398.0 20.0 10.0
918.0 372.0 20.0 10.0
575.0 671.0 20.0 10.0
855.0 605.0 20.0 10.0
438.0 210.0 20.0 10.0
247.0 241.0 20.0 10.0
981.0 888.0 20.0 10.0
905.0 904.0 20.0 10.0
949.0 839.0 20.0 10.0
311.0 303.0 20.0 10.0
575.0 426.0 20.0 10.0
465.0 151.0 20.0 10.0
278.0 328.0 20.0 10.0
824.0 699.0 20.0 10.0
266.0 227.0 20.0 10.0
862.0 802.0 20.0 10.0
417.0 146.0 20.0 10.0
701.0 815.0 20.0 10.0
818.0 261.0 20.0 10.0
817.0 803.0 20.0 10.0
86.0 568.0 20.0 10.0
872.0 630.0 20.0 10.0
760.0 334.0 20.0 10.0
676.0 789.0 20.0 10.0
941.0 794.0 20.0 10.0
202.0 218.0 20.0 10.0
366.0 494.0 20.0 10.0
444.0 113.0 20.0 10.0
84.0 395.0 20.0 10.0
943.0 842.0 20.0 10.0
807.0 733.0 20.0 10.0
205.0 271.0 20.0 10.0
150.0 400.0 20.0 10.0
805.0 459.0 20.0 10.0
800.0 668.0 20.0 10.0
718.0 823.0 20.0 10.0
922.0 460.0 20.0 10.0
107.0 231.0 20.0 10.0
656.0 431.0 20.0 10.0
423.0 481.0 20.0 10.0
214.0 207.0 20.0 10.0
238.0 362.0 20.0 10.0
480.0 319.0 20.0 10.0
784.0 445.0 20.0 10.0
613.0 575.0 20.0 10.0
297.0 514.0 20.0 10.0
568.0 688.0 20.0 10.0
961.0 811.0 20.0 10.0
870.0 692.0 20.0 10.0
742.0 819.0 20.0 10.0
761.0 430.0 20.0 10.0
886.0 864.0 20.0 10.0
857.0 775.0 20.0 10.0
60.0 393.0 20.0 10.0
857.0 610.0 20.0 10.0
231.0 248.0 20.0 10.0
956.0 866.0 20.0 10.0
594.0 583.0 20.0 10.0
840.0 466.0 20.0 10.0
875.0 498.0 20.0 10.0
