500
449.0 533.0 20.0 10.0
501.0 603.0 20.0 10.0
401.0 444.0 20.0 10.0
341.0 495.0 20.0 10.0
465.0 589.0 20.0 10.0
407.0 352.0 20.0 10.0
555.0 654.0 20.0 10.0
313.0 326.0 20.0 10.0
383.0 369.0 20.0 10.0
368.0 292.0 20.0 10.0
254.0 300.0 20.0 10.0
276.0 536.0 20.0 10.0
460.0 282.0 20.0 10.0
511.0 215.0 20.0 10.0
547.0 208.0 20.0 10.0
585.0 711.0 20.0 10.0
434.0 362.0 20.0 10.0
486.0 348.0 20.0 10.0
597.0 673.0 20.0 10.0
529.0 359.0 20.0 10.0
351.0 233.0 20.0 10.0
239.0 304.0 20.0 10.0
552.0 346.0 20.0 10.0
491.0 597.0 20.0 10.0
187.0 270.0 20.0 10.0
474.0 256.0 20.0 10.0
596.0 656.0 20.0 10.0
577.0 352.0 20.0 10.0
356.0 379.0 20.0 10.0
474.0 645.0 20.0 10.0
225.0 580.0 20.0 10.0
536.0 158.0 20.0 10.0
510.0 343.0 20.0 10.0
352.0 534.0 20.0 10.0
337.0 251.0 20.0 10.0
360.0 570.0 20.0 10.0
436.0 460.0 20.0 10.0
614.0 347.0 20.0 10.0
368.0 477.0 20.0 10.0
209.0 610.0 20.0 10.0
471.0 673.0 20.0 10.0
432.0 344.0 20.0 10.0
529.0 334.0 20.0 10.0
336.0 508.0 20.0 10.0
567.0 368.0 20.0 10.0
268.0 333.0 20.0 10.0
365.0 382.0 20.0 10.0
225.0 267.0 20.0 10.0
514.0 337.0 20.0 10.0
513.0 649.0 20.0 10.0
637.0 695.0 20.0 10.0
615.0 759.0 20.0 10.0
379.0 583.0 20.0 10.0
515.0 168.0 20.0 10.0
375.0 245.0 20.0 10.0
231.0 549.0 20.0 10.0
246.0 552.0 20.0 10.0
394.0 224.0 20.0 10.0
569.0 324.0 20.0 10.0
469.0 466.0 20.0 10.0
344.0 534.0 20.0 10.0
433.0 329.0 20.0 10.0
199.0 289.0 20.0 10.0
451.0 379.0 20.0 10.0
669.0 713.0 20.0 10.0
650.0 350.0 20.0 10.0
447.0 579.0 20.0 10.0
280.0 313.0 20.0 10.0
559.0 184.0 20.0 10.0
198.0 235.0 20.0 10.0
152.0 277.0 20.0 10.0
327.0 225.0 20.0 10.0
335.0 367.0 20.0 10.0
663.0 716.0 20.0 10.0
182.0 310.0 20.0 10.0
682.0 731.0 20.0 10.0
667.0 347.0 20.0 10.0
599.0 382.0 20.0 10.0
485.0 698.0 20.0 10.0
633.0 667.0 20.0 10.0
194.0 566.0 20.0 10.0
625.0 681.0 20.0 10.0
353.0 604.0 20.0 10.0
460.0 324.0 20.0 10.0
503.0 611.0 20.0 10.0
343.0 482.0 20.0 10.0
316.0 546.0 20.0 10.0
675.0 334.0 20.0 10.0
494.0 651.0 20.0 10.0
366.0 221.0 20.0 10.0
713.0 346.0 20.0 10.0
300.0 581.0 20.0 10.0
186.0 618.0 20.0 10.0
542.0 183.0 20.0 10.0
538.0 616.0 20.0 10.0
463.0 393.0 20.0 10.0
438.0 623.0 20.0 10.0
160.0 287.0 20.0 10.0
567.0 635.0 20.0 10.0
391.0 210.0 20.0 10.0
306.0 516.0 20.0 10.0
520.0 693.0 20.0 10.0
170.0 210.0 20.0 10.0
113.0 268.0 20.0 10.0
289.0 323.0 20.0 10.0
333.0 181.0 20.0 10.0
408.0 185.0 20.0 10.0
755.0 345.0 20.0 10.0
227.0 570.0 20.0 10.0
597.0 745.0 20.0 10.0
740.0 343.0 20.0 10.0
641.0 794.0 20.0 10.0
679.0 363.0 20.0 10.0
585.0 739.0 20.0 10.0
481.0 681.0 20.0 10.0
569.0 150.0 20.0 10.0
609.0 743.0 20.0 10.0
580.0 192.0 20.0 10.0
230.0 341.0 20.0 10.0
154.0 298.0 20.0 10.0
377.0 207.0 20.0 10.0
311.0 571.0 20.0 10.0
290.0 562.0 20.0 10.0
593.0 374.0 20.0 10.0
134.0 309.0 20.0 10.0
788.0 346.0 20.0 10.0
786.0 337.0 20.0 10.0
416.0 325.0 20.0 10.0
502.0 472.0 20.0 10.0
569.0 173.0 20.0 10.0
512.0 192.0 20.0 10.0
195.0 353.0 20.0 10.0
377.0 171.0 20.0 10.0
602.0 312.0 20.0 10.0
494.0 682.0 20.0 10.0
150.0 654.0 20.0 10.0
589.0 119.0 20.0 10.0
482.0 692.0 20.0 10.0
153.0 242.0 20.0 10.0
275.0 347.0 20.0 10.0
600.0 152.0 20.0 10.0
374.0 606.0 20.0 10.0
172.0 366.0 20.0 10.0
585.0 344.0 20.0 10.0
530.0 137.0 20.0 10.0
529.0 732.0 20.0 10.0
347.0 364.0 20.0 10.0
148.0 318.0 20.0 10.0
660.0 709.0 20.0 10.0
88.0 253.0 20.0 10.0
346.0 563.0 20.0 10.0
361.0 596.0 20.0 10.0
474.0 613.0 20.0 10.0
624.0 133.0 20.0 10.0
658.0 818.0 20.0 10.0
356.0 197.0 20.0 10.0
120.0 686.0 20.0 10.0
315.0 214.0 20.0 10.0
318.0 524.0 20.0 10.0
637.0 785.0 20.0 10.0
531.0 722.0 20.0 10.0
373.0 140.0 20.0 10.0
399.0 468.0 20.0 10.0
135.0 275.0 20.0 10.0
560.0 109.0 20.0 10.0
291.0 185.0 20.0 10.0
248.0 544.0 20.0 10.0
588.0 635.0 20.0 10.0
589.0 311.0 20.0 10.0
692.0 729.0 20.0 10.0
431.0 663.0 20.0 10.0
630.0 299.0 20.0 10.0
198.0 637.0 20.0 10.0
117.0 324.0 20.0 10.0
581.0 72.0 20.0 10.0
93.0 700.0 20.0 10.0
593.0 168.0 20.0 10.0
148.0 190.0 20.0 10.0
443.0 483.0 20.0 10.0
309.0 225.0 20.0 10.0
495.0 739.0 20.0 10.0
170.0 584.0 20.0 10.0
128.0 173.0 20.0 10.0
539.0 765.0 20.0 10.0
240.0 353.0 20.0 10.0
467.0 728.0 20.0 10.0
279.0 526.0 20.0 10.0
141.0 251.0 20.0 10.0
530.0 145.0 20.0 10.0
319.0 243.0 20.0 10.0
208.0 553.0 20.0 10.0
546.0 757.0 20.0 10.0
167.0 566.0 20.0 10.0
447.0 605.0 20.0 10.0
394.0 586.0 20.0 10.0
486.0 739.0 20.0 10.0
344.0 634.0 20.0 10.0
672.0 837.0 20.0 10.0
586.0 661.0 20.0 10.0
604.0 636.0 20.0 10.0
405.0 179.0 20.0 10.0
452.0 351.0 20.0 10.0
120.0 225.0 20.0 10.0
420.0 688.0 20.0 10.0
604.0 690.0 20.0 10.0
165.0 578.0 20.0 10.0
345.0 192.0 20.0 10.0
515.0 456.0 20.0 10.0
142.0 590.0 20.0 10.0
271.0 286.0 20.0 10.0
110.0 157.0 20.0 10.0
820.0 339.0 20.0 10.0
312.0 506.0 20.0 10.0
505.0 778.0 20.0 10.0
630.0 130.0 20.0 10.0
319.0 473.0 20.0 10.0
666.0 675.0 20.0 10.0
541.0 325.0 20.0 10.0
379.0 348.0 20.0 10.0
694.0 686.0 20.0 10.0
488.0 675.0 20.0 10.0
455.0 759.0 20.0 10.0
512.0 134.0 20.0 10.0
92.0 307.0 20.0 10.0
102.0 235.0 20.0 10.0
213.0 369.0 20.0 10.0
506.0 705.0 20.0 10.0
445.0 784.0 20.0 10.0
578.0 79.0 20.0 10.0
412.0 304.0 20.0 10.0
92.0 142.0 20.0 10.0
655.0 802.0 20.0 10.0
281.0 604.0 20.0 10.0
284.0 212.0 20.0 10.0
547.0 125.0 20.0 10.0
342.0 656.0 20.0 10.0
849.0 334.0 20.0 10.0
248.0 319.0 20.0 10.0
288.0 610.0 20.0 10.0
337.0 531.0 20.0 10.0
322.0 143.0 20.0 10.0
317.0 157.0 20.0 10.0
384.0 324.0 20.0 10.0
636.0 766.0 20.0 10.0
622.0 396.0 20.0 10.0
255.0 316.0 20.0 10.0
569.0 75.0 20.0 10.0
144.0 684.0 20.0 10.0
293.0 295.0 20.0 10.0
269.0 270.0 20.0 10.0
250.0 252.0 20.0 10.0
246.0 359.0 20.0 10.0
306.0 471.0 20.0 10.0
595.0 307.0 20.0 10.0
525.0 677.0 20.0 10.0
297.0 198.0 20.0 10.0
650.0 298.0 20.0 10.0
536.0 792.0 20.0 10.0
224.0 377.0 20.0 10.0
347.0 155.0 20.0 10.0
573.0 83.0 20.0 10.0
480.0 310.0 20.0 10.0
569.0 199.0 20.0 10.0
666.0 819.0 20.0 10.0
222.0 310.0 20.0 10.0
691.0 721.0 20.0 10.0
509.0 811.0 20.0 10.0
714.0 690.0 20.0 10.0
664.0 773.0 20.0 10.0
294.0 533.0 20.0 10.0
596.0 737.0 20.0 10.0
434.0 647.0 20.0 10.0
532.0 344.0 20.0 10.0
391.0 595.0 20.0 10.0
245.0 340.0 20.0 10.0
281.0 629.0 20.0 10.0
258.0 609.0 20.0 10.0
659.0 812.0 20.0 10.0
330.0 144.0 20.0 10.0
313.0 493.0 20.0 10.0
210.0 566.0 20.0 10.0
532.0 472.0 20.0 10.0
170.0 282.0 20.0 10.0
359.0 268.0 20.0 10.0
378.0 179.0 20.0 10.0
538.0 109.0 20.0 10.0
318.0 110.0 20.0 10.0
297.0 185.0 20.0 10.0
183.0 601.0 20.0 10.0
285.0 520.0 20.0 10.0
605.0 776.0 20.0 10.0
348.0 122.0 20.0 10.0
376.0 256.0 20.0 10.0
652.0 110.0 20.0 10.0
266.0 575.0 20.0 10.0
623.0 300.0 20.0 10.0
456.0 336.0 20.0 10.0
603.0 173.0 20.0 10.0
619.0 150.0 20.0 10.0
325.0 470.0 20.0 10.0
661.0 677.0 20.0 10.0
622.0 715.0 20.0 10.0
254.0 353.0 20.0 10.0
91.0 220.0 20.0 10.0
204.0 569.0 20.0 10.0
158.0 328.0 20.0 10.0
422.0 284.0 20.0 10.0
489.0 456.0 20.0 10.0
345.0 215.0 20.0 10.0
500.0 675.0 20.0 10.0
613.0 338.0 20.0 10.0
60.0 301.0 20.0 10.0
631.0 790.0 20.0 10.0
241.0 329.0 20.0 10.0
272.0 165.0 20.0 10.0
551.0 95.0 20.0 10.0
593.0 47.0 20.0 10.0
69.0 226.0 20.0 10.0
484.0 777.0 20.0 10.0
692.0 779.0 20.0 10.0
650.0 694.0 20.0 10.0
434.0 485.0 20.0 10.0
385.0 479.0 20.0 10.0
495.0 806.0 20.0 10.0
683.0 839.0 20.0 10.0
554.0 128.0 20.0 10.0
117.0 666.0 20.0 10.0
445.0 622.0 20.0 10.0
338.0 163.0 20.0 10.0
271.0 339.0 20.0 10.0
426.0 692.0 20.0 10.0
88.0 678.0 20.0 10.0
554.0 480.0 20.0 10.0
639.0 138.0 20.0 10.0
381.0 219.0 20.0 10.0
876.0 338.0 20.0 10.0
631.0 693.0 20.0 10.0
128.0 280.0 20.0 10.0
394.0 189.0 20.0 10.0
585.0 170.0 20.0 10.0
165.0 368.0 20.0 10.0
600.0 46.0 20.0 10.0
516.0 188.0 20.0 10.0
616.0 692.0 20.0 10.0
638.0 819.0 20.0 10.0
671.0 94.0 20.0 10.0
73.0 686.0 20.0 10.0
593.0 58.0 20.0 10.0
335.0 675.0 20.0 10.0
688.0 673.0 20.0 10.0
697.0 345.0 20.0 10.0
144.0 619.0 20.0 10.0
388.0 187.0 20.0 10.0
307.0 302.0 20.0 10.0
571.0 103.0 20.0 10.0
532.0 317.0 20.0 10.0
317.0 364.0 20.0 10.0
526.0 761.0 20.0 10.0
417.0 717.0 20.0 10.0
313.0 150.0 20.0 10.0
245.0 249.0 20.0 10.0
460.0 454.0 20.0 10.0
230.0 237.0 20.0 10.0
389.0 156.0 20.0 10.0
621.0 373.0 20.0 10.0
627.0 123.0 20.0 10.0
84.0 263.0 20.0 10.0
271.0 632.0 20.0 10.0
357.0 622.0 20.0 10.0
168.0 241.0 20.0 10.0
124.0 270.0 20.0 10.0
407.0 163.0 20.0 10.0
368.0 194.0 20.0 10.0
467.0 301.0 20.0 10.0
469.0 635.0 20.0 10.0
629.0 784.0 20.0 10.0
131.0 702.0 20.0 10.0
67.0 208.0 20.0 10.0
589.0 381.0 20.0 10.0
609.0 183.0 20.0 10.0
614.0 294.0 20.0 10.0
184.0 586.0 20.0 10.0
353.0 257.0 20.0 10.0
539.0 652.0 20.0 10.0
407.0 588.0 20.0 10.0
114.0 638.0 20.0 10.0
473.0 399.0 20.0 10.0
623.0 741.0 20.0 10.0
219.0 365.0 20.0 10.0
319.0 81.0 20.0 10.0
305.0 504.0 20.0 10.0
121.0 634.0 20.0 10.0
642.0 724.0 20.0 10.0
305.0 124.0 20.0 10.0
94.0 677.0 20.0 10.0
337.0 204.0 20.0 10.0
615.0 25.0 20.0 10.0
605.0 25.0 20.0 10.0
412.0 202.0 20.0 10.0
435.0 304.0 20.0 10.0
594.0 131.0 20.0 10.0
605.0 93.0 20.0 10.0
88.0 654.0 20.0 10.0
809.0 350.0 20.0 10.0
118.0 587.0 20.0 10.0
606.0 718.0 20.0 10.0
530.0 169.0 20.0 10.0
61.0 310.0 20.0 10.0
580.0 337.0 20.0 10.0
34.0 309.0 20.0 10.0
512.0 352.0 20.0 10.0
543.0 700.0 20.0 10.0
161.0 318.0 20.0 10.0
149.0 219.0 20.0 10.0
524.0 134.0 20.0 10.0
503.0 147.0 20.0 10.0
157.0 618.0 20.0 10.0
547.0 745.0 20.0 10.0
535.0 702.0 20.0 10.0
108.0 241.0 20.0 10.0
94.0 711.0 20.0 10.0
385.0 312.0 20.0 10.0
319.0 179.0 20.0 10.0
552.0 364.0 20.0 10.0
101.0 646.0 20.0 10.0
519.0 148.0 20.0 10.0
332.0 341.0 20.0 10.0
139.0 367.0 20.0 10.0
198.0 302.0 20.0 10.0
649.0 102.0 20.0 10.0
155.0 307.0 20.0 10.0
102.0 286.0 20.0 10.0
494.0 466.0 20.0 10.0
667.0 83.0 20.0 10.0
417.0 695.0 20.0 10.0
310.0 201.0 20.0 10.0
615.0 641.0 20.0 10.0
627.0 386.0 20.0 10.0
358.0 637.0 20.0 10.0
418.0 374.0 20.0 10.0
460.0 416.0 20.0 10.0
103.0 314.0 20.0 10.0
70.0 708.0 20.0 10.0
214.0 284.0 20.0 10.0
317.0 354.0 20.0 10.0
404.0 606.0 20.0 10.0
400.0 393.0 20.0 10.0
709.0 365.0 20.0 10.0
528.0 484.0 20.0 10.0
394.0 244.0 20.0 10.0
66.0 666.0 20.0 10.0
356.0 557.0 20.0 10.0
113.0 717.0 20.0 10.0
480.0 420.0 20.0 10.0
330.0 112.0 20.0 10.0
376.0 328.0 20.0 10.0
256.0 533.0 20.0 10.0
45.0 215.0 20.0 10.0
308.0 345.0 20.0 10.0
285.0 499.0 20.0 10.0
197.0 258.0 20.0 10.0
66.0 720.0 20.0 10.0
447.0 807.0 20.0 10.0
482.0 667.0 20.0 10.0
368.0 270.0 20.0 10.0
408.0 472.0 20.0 10.0
527.0 103.0 20.0 10.0
407.0 719.0 20.0 10.0
25.0 202.0 20.0 10.0
99.0 734.0 20.0 10.0
482.0 488.0 20.0 10.0
281.0 163.0 20.0 10.0
512.0 104.0 20.0 10.0
417.0 156.0 20.0 10.0
470.0 718.0 20.0 10.0
51.0 735.0 20.0 10.0
51.0 675.0 20.0 10.0
39.0 748.0 20.0 10.0
687.0 834.0 20.0 10.0
732.0 695.0 20.0 10.0
411.0 396.0 20.0 10.0
86.0 276.0 20.0 10.0
572.0 48.0 20.0 10.0
524.0 471.0 20.0 10.0
271.0 329.0 20.0 10.0
192.0 380.0 20.0 10.0
644.0 842.0 20.0 10.0
486.0 807.0 20.0 10.0
466.0 705.0 20.0 10.0
642.0 638.0 20.0 10.0
464.0 384.0 20.0 10.0
344.0 670.0 20.0 10.0
619.0 70.0 20.0 10.0
124.0 263.0 20.0 10.0
288.0 200.0 20.0 10.0
333.0 587.0 20.0 10.0
136.0 217.0 20.0 10.0
520.0 807.0 20.0 10.0
695.0 332.0 20.0 10.0
812.0 323.0 20.0 10.0
