500
491.0 587.0 20.0 10.0
559.0 642.0 20.0 10.0
571.0 682.0 20.0 10.0
616.0 690.0 20.0 10.0
610.0 647.0 20.0 10.0
667.0 737.0 20.0 10.0
713.0 779.0 20.0 10.0
566.0 508.0 20.0 10.0
583.0 478.0 20.0 10.0
426.0 525.0 20.0 10.0
408.0 604.0 20.0 10.0
656.0 652.0 20.0 10.0
644.0 448.0 20.0 10.0
718.0 391.0 20.0 10.0
632.0 711.0 20.0 10.0
604.0 458.0 20.0 10.0
677.0 429.0 20.0 10.0
333.0 626.0 20.0 10.0
573.0 444.0 20.0 10.0
462.0 680.0 20.0 10.0
785.0 337.0 20.0 10.0
639.0 670.0 20.0 10.0
743.0 370.0 20.0 10.0
583.0 384.0 20.0 10.0
363.0 463.0 20.0 10.0
487.0 552.0 20.0 10.0
845.0 290.0 20.0 10.0
471.0 726.0 20.0 10.0
586.0 635.0 20.0 10.0
433.0 768.0 20.0 10.0
703.0 417.0 20.0 10.0
696.0 655.0 20.0 10.0
479.0 749.0 20.0 10.0
589.0 676.0 20.0 10.0
902.0 247.0 20.0 10.0
580.0 335.0 20.0 10.0
566.0 356.0 20.0 10.0
487.0 764.0 20.0 10.0
608.0 502.0 20.0 10.0
462.0 758.0 20.0 10.0
602.0 619.0 20.0 10.0
738.0 794.0 20.0 10.0
424.0 836.0 20.0 10.0
403.0 835.0 20.0 10.0
393.0 865.0 20.0 10.0
302.0 405.0 20.0 10.0
399.0 577.0 20.0 10.0
571.0 619.0 20.0 10.0
382.0 622.0 20.0 10.0
610.0 689.0 20.0 10.0
248.0 353.0 20.0 10.0
933.0 223.0 20.0 10.0
258.0 392.0 20.0 10.0
664.0 423.0 20.0 10.0
748.0 814.0 20.0 10.0
425.0 897.0 20.0 10.0
817.0 311.0 20.0 10.0
432.0 707.0 20.0 10.0
284.0 369.0 20.0 10.0
834.0 287.0 20.0 10.0
216.0 308.0 20.0 10.0
782.0 844.0 20.0 10.0
429.0 869.0 20.0 10.0
262.0 645.0 20.0 10.0
648.0 714.0 20.0 10.0
494.0 797.0 20.0 10.0
584.0 456.0 20.0 10.0
609.0 347.0 20.0 10.0
622.0 321.0 20.0 10.0
228.0 672.0 20.0 10.0
302.0 642.0 20.0 10.0
686.0 647.0 20.0 10.0
372.0 883.0 20.0 10.0
618.0 710.0 20.0 10.0
361.0 594.0 20.0 10.0
501.0 793.0 20.0 10.0
375.0 896.0 20.0 10.0
238.0 372.0 20.0 10.0
322.0 591.0 20.0 10.0
293.0 603.0 20.0 10.0
947.0 209.0 20.0 10.0
197.0 695.0 20.0 10.0
294.0 370.0 20.0 10.0
951.0 207.0 20.0 10.0
632.0 637.0 20.0 10.0
212.0 323.0 20.0 10.0
230.0 632.0 20.0 10.0
755.0 371.0 20.0 10.0
666.0 666.0 20.0 10.0
580.0 289.0 20.0 10.0
811.0 862.0 20.0 10.0
875.0 263.0 20.0 10.0
586.0 251.0 20.0 10.0
496.0 828.0 20.0 10.0
209.0 331.0 20.0 10.0
646.0 495.0 20.0 10.0
630.0 308.0 20.0 10.0
172.0 713.0 20.0 10.0
425.0 939.0 20.0 10.0
380.0 595.0 20.0 10.0
729.0 661.0 20.0 10.0
423.0 952.0 20.0 10.0
353.0 952.0 20.0 10.0
948.0 195.0 20.0 10.0
384.0 897.0 20.0 10.0
219.0 661.0 20.0 10.0
291.0 575.0 20.0 10.0
681.0 494.0 20.0 10.0
890.0 250.0 20.0 10.0
203.0 650.0 20.0 10.0
815.0 321.0 20.0 10.0
643.0 709.0 20.0 10.0
184.0 266.0 20.0 10.0
749.0 803.0 20.0 10.0
419.0 727.0 20.0 10.0
337.0 440.0 20.0 10.0
263.0 577.0 20.0 10.0
273.0 385.0 20.0 10.0
281.0 386.0 20.0 10.0
419.0 872.0 20.0 10.0
730.0 799.0 20.0 10.0
366.0 643.0 20.0 10.0
745.0 377.0 20.0 10.0
403.0 729.0 20.0 10.0
577.0 713.0 20.0 10.0
995.0 174.0 20.0 10.0
478.0 525.0 20.0 10.0
686.0 666.0 20.0 10.0
672.0 483.0 20.0 10.0
727.0 409.0 20.0 10.0
419.0 860.0 20.0 10.0
627.0 693.0 20.0 10.0
264.0 362.0 20.0 10.0
1033.0 143.0 20.0 10.0
888.0 240.0 20.0 10.0
584.0 742.0 20.0 10.0
619.0 439.0 20.0 10.0
774.0 360.0 20.0 10.0
596.0 768.0 20.0 10.0
637.0 634.0 20.0 10.0
659.0 638.0 20.0 10.0
219.0 379.0 20.0 10.0
510.0 571.0 20.0 10.0
286.0 339.0 20.0 10.0
413.0 720.0 20.0 10.0
335.0 569.0 20.0 10.0
176.0 636.0 20.0 10.0
651.0 698.0 20.0 10.0
837.0 876.0 20.0 10.0
771.0 823.0 20.0 10.0
639.0 281.0 20.0 10.0
663.0 479.0 20.0 10.0
401.0 632.0 20.0 10.0
458.0 786.0 20.0 10.0
334.0 1001.0 20.0 10.0
646.0 737.0 20.0 10.0
467.0 534.0 20.0 10.0
370.0 859.0 20.0 10.0
589.0 222.0 20.0 10.0
588.0 715.0 20.0 10.0
671.0 424.0 20.0 10.0
318.0 1046.0 20.0 10.0
259.0 367.0 20.0 10.0
239.0 657.0 20.0 10.0
584.0 487.0 20.0 10.0
166.0 699.0 20.0 10.0
508.0 822.0 20.0 10.0
153.0 661.0 20.0 10.0
337.0 985.0 20.0 10.0
603.0 744.0 20.0 10.0
470.0 812.0 20.0 10.0
183.0 370.0 20.0 10.0
209.0 680.0 20.0 10.0
673.0 436.0 20.0 10.0
683.0 400.0 20.0 10.0
815.0 867.0 20.0 10.0
186.0 304.0 20.0 10.0
370.0 571.0 20.0 10.0
561.0 327.0 20.0 10.0
640.0 276.0 20.0 10.0
232.0 333.0 20.0 10.0
575.0 662.0 20.0 10.0
369.0 892.0 20.0 10.0
710.0 684.0 20.0 10.0
611.0 773.0 20.0 10.0
700.0 432.0 20.0 10.0
312.0 563.0 20.0 10.0
896.0 242.0 20.0 10.0
606.0 444.0 20.0 10.0
1068.0 115.0 20.0 10.0
457.0 508.0 20.0 10.0
335.0 606.0 20.0 10.0
316.0 431.0 20.0 10.0
266.0 337.0 20.0 10.0
701.0 480.0 20.0 10.0
162.0 248.0 20.0 10.0
589.0 353.0 20.0 10.0
256.0 306.0 20.0 10.0
111.0 675.0 20.0 10.0
341.0 579.0 20.0 10.0
326.0 1032.0 20.0 10.0
384.0 646.0 20.0 10.0
431.0 969.0 20.0 10.0
794.0 842.0 20.0 10.0
439.0 892.0 20.0 10.0
349.0 898.0 20.0 10.0
383.0 749.0 20.0 10.0
598.0 321.0 20.0 10.0
840.0 887.0 20.0 10.0
253.0 279.0 20.0 10.0
163.0 285.0 20.0 10.0
692.0 412.0 20.0 10.0
976.0 186.0 20.0 10.0
780.0 813.0 20.0 10.0
416.0 901.0 20.0 10.0
305.0 1084.0 20.0 10.0
924.0 230.0 20.0 10.0
73.0 682.0 20.0 10.0
416.0 971.0 20.0 10.0
453.0 486.0 20.0 10.0
748.0 677.0 20.0 10.0
363.0 636.0 20.0 10.0
556.0 300.0 20.0 10.0
583.0 258.0 20.0 10.0
396.0 874.0 20.0 10.0
584.0 702.0 20.0 10.0
229.0 325.0 20.0 10.0
435.0 906.0 20.0 10.0
343.0 865.0 20.0 10.0
285.0 308.0 20.0 10.0
362.0 762.0 20.0 10.0
421.0 995.0 20.0 10.0
408.0 981.0 20.0 10.0
152.0 263.0 20.0 10.0
295.0 1111.0 20.0 10.0
166.0 644.0 20.0 10.0
1098.0 91.0 20.0 10.0
604.0 370.0 20.0 10.0
613.0 296.0 20.0 10.0
357.0 630.0 20.0 10.0
486.0 521.0 20.0 10.0
960.0 168.0 20.0 10.0
119.0 669.0 20.0 10.0
900.0 255.0 20.0 10.0
553.0 699.0 20.0 10.0
474.0 604.0 20.0 10.0
592.0 202.0 20.0 10.0
224.0 337.0 20.0 10.0
393.0 584.0 20.0 10.0
359.0 930.0 20.0 10.0
808.0 322.0 20.0 10.0
516.0 849.0 20.0 10.0
378.0 567.0 20.0 10.0
344.0 984.0 20.0 10.0
749.0 404.0 20.0 10.0
604.0 468.0 20.0 10.0
179.0 674.0 20.0 10.0
264.0 605.0 20.0 10.0
595.0 186.0 20.0 10.0
172.0 311.0 20.0 10.0
1125.0 70.0 20.0 10.0
439.0 807.0 20.0 10.0
613.0 670.0 20.0 10.0
993.0 163.0 20.0 10.0
347.0 573.0 20.0 10.0
196.0 668.0 20.0 10.0
497.0 783.0 20.0 10.0
338.0 768.0 20.0 10.0
626.0 328.0 20.0 10.0
298.0 1107.0 20.0 10.0
136.0 637.0 20.0 10.0
784.0 366.0 20.0 10.0
372.0 925.0 20.0 10.0
674.0 718.0 20.0 10.0
155.0 255.0 20.0 10.0
471.0 495.0 20.0 10.0
405.0 930.0 20.0 10.0
202.0 684.0 20.0 10.0
845.0 301.0 20.0 10.0
776.0 820.0 20.0 10.0
141.0 297.0 20.0 10.0
803.0 315.0 20.0 10.0
628.0 793.0 20.0 10.0
184.0 722.0 20.0 10.0
384.0 558.0 20.0 10.0
1150.0 50.0 20.0 10.0
346.0 437.0 20.0 10.0
221.0 294.0 20.0 10.0
454.0 706.0 20.0 10.0
508.0 541.0 20.0 10.0
590.0 507.0 20.0 10.0
613.0 614.0 20.0 10.0
504.0 515.0 20.0 10.0
565.0 337.0 20.0 10.0
453.0 610.0 20.0 10.0
378.0 639.0 20.0 10.0
674.0 757.0 20.0 10.0
686.0 474.0 20.0 10.0
445.0 620.0 20.0 10.0
469.0 839.0 20.0 10.0
589.0 612.0 20.0 10.0
228.0 399.0 20.0 10.0
495.0 855.0 20.0 10.0
912.0 228.0 20.0 10.0
310.0 642.0 20.0 10.0
527.0 568.0 20.0 10.0
685.0 783.0 20.0 10.0
664.0 724.0 20.0 10.0
599.0 730.0 20.0 10.0
279.0 283.0 20.0 10.0
1170.0 35.0 20.0 10.0
296.0 1117.0 20.0 10.0
461.0 475.0 20.0 10.0
968.0 181.0 20.0 10.0
626.0 736.0 20.0 10.0
295.0 588.0 20.0 10.0
714.0 492.0 20.0 10.0
442.0 772.0 20.0 10.0
979.0 196.0 20.0 10.0
161.0 237.0 20.0 10.0
178.0 299.0 20.0 10.0
600.0 792.0 20.0 10.0
803.0 859.0 20.0 10.0
453.0 916.0 20.0 10.0
808.0 311.0 20.0 10.0
470.0 505.0 20.0 10.0
631.0 338.0 20.0 10.0
417.0 1030.0 20.0 10.0
416.0 1058.0 20.0 10.0
201.0 616.0 20.0 10.0
962.0 211.0 20.0 10.0
784.0 358.0 20.0 10.0
635.0 730.0 20.0 10.0
666.0 631.0 20.0 10.0
154.0 357.0 20.0 10.0
259.0 312.0 20.0 10.0
216.0 266.0 20.0 10.0
341.0 878.0 20.0 10.0
666.0 508.0 20.0 10.0
279.0 645.0 20.0 10.0
502.0 613.0 20.0 10.0
648.0 285.0 20.0 10.0
319.0 553.0 20.0 10.0
573.0 433.0 20.0 10.0
724.0 658.0 20.0 10.0
544.0 663.0 20.0 10.0
265.0 564.0 20.0 10.0
342.0 614.0 20.0 10.0
288.0 1141.0 20.0 10.0
316.0 1008.0 20.0 10.0
360.0 562.0 20.0 10.0
412.0 795.0 20.0 10.0
426.0 982.0 20.0 10.0
145.0 680.0 20.0 10.0
412.0 731.0 20.0 10.0
407.0 1074.0 20.0 10.0
627.0 651.0 20.0 10.0
147.0 676.0 20.0 10.0
347.0 957.0 20.0 10.0
361.0 625.0 20.0 10.0
314.0 1076.0 20.0 10.0
665.0 686.0 20.0 10.0
194.0 362.0 20.0 10.0
681.0 726.0 20.0 10.0
843.0 315.0 20.0 10.0
562.0 416.0 20.0 10.0
585.0 235.0 20.0 10.0
212.0 361.0 20.0 10.0
288.0 1131.0 20.0 10.0
327.0 1012.0 20.0 10.0
42.0 686.0 20.0 10.0
800.0 831.0 20.0 10.0
1165.0 39.0 20.0 10.0
661.0 762.0 20.0 10.0
696.0 774.0 20.0 10.0
682.0 706.0 20.0 10.0
477.0 471.0 20.0 10.0
447.0 934.0 20.0 10.0
674.0 399.0 20.0 10.0
855.0 906.0 20.0 10.0
120.0 289.0 20.0 10.0
768.0 348.0 20.0 10.0
756.0 350.0 20.0 10.0
590.0 493.0 20.0 10.0
618.0 449.0 20.0 10.0
211.0 694.0 20.0 10.0
364.0 925.0 20.0 10.0
186.0 668.0 20.0 10.0
530.0 871.0 20.0 10.0
338.0 1012.0 20.0 10.0
504.0 778.0 20.0 10.0
208.0 619.0 20.0 10.0
907.0 216.0 20.0 10.0
811.0 352.0 20.0 10.0
739.0 365.0 20.0 10.0
742.0 482.0 20.0 10.0
137.0 343.0 20.0 10.0
692.0 630.0 20.0 10.0
435.0 936.0 20.0 10.0
204.0 281.0 20.0 10.0
309.0 1071.0 20.0 10.0
353.0 871.0 20.0 10.0
581.0 399.0 20.0 10.0
156.0 374.0 20.0 10.0
971.0 189.0 20.0 10.0
310.0 614.0 20.0 10.0
491.0 788.0 20.0 10.0
764.0 480.0 20.0 10.0
145.0 280.0 20.0 10.0
401.0 744.0 20.0 10.0
282.0 1157.0 20.0 10.0
24.0 689.0 20.0 10.0
342.0 444.0 20.0 10.0
183.0 233.0 20.0 10.0
555.0 484.0 20.0 10.0
272.0 284.0 20.0 10.0
93.0 669.0 20.0 10.0
178.0 241.0 20.0 10.0
627.0 421.0 20.0 10.0
49.0 693.0 20.0 10.0
707.0 735.0 20.0 10.0
500.0 854.0 20.0 10.0
156.0 668.0 20.0 10.0
464.0 466.0 20.0 10.0
655.0 749.0 20.0 10.0
512.0 599.0 20.0 10.0
198.0 401.0 20.0 10.0
48.0 677.0 20.0 10.0
462.0 440.0 20.0 10.0
248.0 281.0 20.0 10.0
559.0 395.0 20.0 10.0
177.0 696.0 20.0 10.0
592.0 740.0 20.0 10.0
577.0 310.0 20.0 10.0
317.0 899.0 20.0 10.0
360.0 918.0 20.0 10.0
117.0 263.0 20.0 10.0
255.0 350.0 20.0 10.0
830.0 891.0 20.0 10.0
696.0 755.0 20.0 10.0
124.0 695.0 20.0 10.0
174.0 659.0 20.0 10.0
103.0 245.0 20.0 10.0
450.0 524.0 20.0 10.0
463.0 581.0 20.0 10.0
821.0 285.0 20.0 10.0
511.0 497.0 20.0 10.0
846.0 263.0 20.0 10.0
834.0 347.0 20.0 10.0
381.0 883.0 20.0 10.0
328.0 425.0 20.0 10.0
441.0 514.0 20.0 10.0
762.0 837.0 20.0 10.0
803.0 824.0 20.0 10.0
422.0 988.0 20.0 10.0
647.0 256.0 20.0 10.0
298.0 923.0 20.0 10.0
184.0 317.0 20.0 10.0
339.0 414.0 20.0 10.0
1013.0 155.0 20.0 10.0
440.0 995.0 20.0 10.0
871.0 295.0 20.0 10.0
176.0 234.0 20.0 10.0
636.0 399.0 20.0 10.0
306.0 557.0 20.0 10.0
174.0 610.0 20.0 10.0
444.0 499.0 20.0 10.0
583.0 262.0 20.0 10.0
279.0 940.0 20.0 10.0
144.0 302.0 20.0 10.0
348.0 913.0 20.0 10.0
478.0 782.0 20.0 10.0
356.0 783.0 20.0 10.0
373.0 757.0 20.0 10.0
739.0 825.0 20.0 10.0
237.0 355.0 20.0 10.0
386.0 949.0 20.0 10.0
1051.0 128.0 20.0 10.0
573.0 303.0 20.0 10.0
280.0 549.0 20.0 10.0
1184.0 25.0 20.0 10.0
444.0 565.0 20.0 10.0
991.0 207.0 20.0 10.0
429.0 925.0 20.0 10.0
713.0 647.0 20.0 10.0
764.0 697.0 20.0 10.0
749.0 338.0 20.0 10.0
406.0 503.0 20.0 10.0
48.0 684.0 20.0 10.0
196.0 289.0 20.0 10.0
392.0 763.0 20.0 10.0
139.0 216.0 20.0 10.0
778.0 479.0 20.0 10.0
420.0 1016.0 20.0 10.0
726.0 478.0 20.0 10.0
596.0 293.0 20.0 10.0
397.0 993.0 20.0 10.0
572.0 276.0 20.0 10.0
631.0 280.0 20.0 10.0
417.0 1075.0 20.0 10.0
