500
481.0 423.0 20.0 10.0
504.0 479.0 20.0 10.0
599.0 428.0 20.0 10.0
413.0 535.0 20.0 10.0
665.0 418.0 20.0 10.0
725.0 398.0 20.0 10.0
527.0 469.0 20.0 10.0
673.0 406.0 20.0 10.0
497.0 401.0 20.0 10.0
432.0 462.0 20.0 10.0
468.0 402.0 20.0 10.0
326.0 591.0 20.0 10.0
700.0 399.0 20.0 10.0
246.0 623.0 20.0 10.0
708.0 385.0 20.0 10.0
632.0 392.0 20.0 10.0
503.0 387.0 20.0 10.0
421.0 519.0 20.0 10.0
209.0 653.0 20.0 10.0
401.0 470.0 20.0 10.0
295.0 605.0 20.0 10.0
373.0 446.0 20.0 10.0
293.0 596.0 20.0 10.0
487.0 386.0 20.0 10.0
481.0 496.0 20.0 10.0
402.0 541.0 20.0 10.0
378.0 468.0 20.0 10.0
647.0 362.0 20.0 10.0
603.0 399.0 20.0 10.0
731.0 413.0 20.0 10.0
467.0 345.0 20.0 10.0
408.0 566.0 20.0 10.0
399.0 422.0 20.0 10.0
455.0 270.0 20.0 10.0
621.0 435.0 20.0 10.0
778.0 380.0 20.0 10.0
758.0 396.0 20.0 10.0
175.0 676.0 20.0 10.0
432.0 232.0 20.0 10.0
440.0 241.0 20.0 10.0
454.0 251.0 20.0 10.0
398.0 392.0 20.0 10.0
466.0 230.0 20.0 10.0
446.0 209.0 20.0 10.0
326.0 444.0 20.0 10.0
416.0 574.0 20.0 10.0
572.0 477.0 20.0 10.0
553.0 522.0 20.0 10.0
565.0 566.0 20.0 10.0
422.0 204.0 20.0 10.0
370.0 383.0 20.0 10.0
369.0 476.0 20.0 10.0
479.0 194.0 20.0 10.0
369.0 408.0 20.0 10.0
329.0 427.0 20.0 10.0
634.0 370.0 20.0 10.0
695.0 390.0 20.0 10.0
448.0 220.0 20.0 10.0
287.0 405.0 20.0 10.0
414.0 223.0 20.0 10.0
381.0 537.0 20.0 10.0
789.0 394.0 20.0 10.0
754.0 404.0 20.0 10.0
385.0 464.0 20.0 10.0
480.0 398.0 20.0 10.0
674.0 313.0 20.0 10.0
505.0 537.0 20.0 10.0
514.0 533.0 20.0 10.0
638.0 368.0 20.0 10.0
497.0 353.0 20.0 10.0
705.0 409.0 20.0 10.0
282.0 437.0 20.0 10.0
525.0 514.0 20.0 10.0
358.0 362.0 20.0 10.0
343.0 488.0 20.0 10.0
720.0 371.0 20.0 10.0
292.0 647.0 20.0 10.0
666.0 334.0 20.0 10.0
439.0 156.0 20.0 10.0
772.0 425.0 20.0 10.0
735.0 362.0 20.0 10.0
429.0 171.0 20.0 10.0
388.0 371.0 20.0 10.0
578.0 607.0 20.0 10.0
406.0 623.0 20.0 10.0
569.0 533.0 20.0 10.0
499.0 574.0 20.0 10.0
766.0 338.0 20.0 10.0
249.0 423.0 20.0 10.0
802.0 311.0 20.0 10.0
614.0 491.0 20.0 10.0
817.0 370.0 20.0 10.0
189.0 637.0 20.0 10.0
491.0 476.0 20.0 10.0
811.0 358.0 20.0 10.0
629.0 431.0 20.0 10.0
651.0 509.0 20.0 10.0
146.0 650.0 20.0 10.0
506.0 326.0 20.0 10.0
515.0 588.0 20.0 10.0
596.0 642.0 20.0 10.0
408.0 180.0 20.0 10.0
639.0 503.0 20.0 10.0
680.0 287.0 20.0 10.0
671.0 383.0 20.0 10.0
530.0 626.0 20.0 10.0
599.0 669.0 20.0 10.0
706.0 433.0 20.0 10.0
504.0 504.0 20.0 10.0
483.0 597.0 20.0 10.0
390.0 524.0 20.0 10.0
540.0 532.0 20.0 10.0
644.0 494.0 20.0 10.0
409.0 138.0 20.0 10.0
387.0 207.0 20.0 10.0
252.0 450.0 20.0 10.0
304.0 617.0 20.0 10.0
701.0 271.0 20.0 10.0
460.0 235.0 20.0 10.0
802.0 437.0 20.0 10.0
593.0 532.0 20.0 10.0
779.0 419.0 20.0 10.0
152.0 653.0 20.0 10.0
529.0 653.0 20.0 10.0
660.0 395.0 20.0 10.0
689.0 275.0 20.0 10.0
507.0 334.0 20.0 10.0
359.0 351.0 20.0 10.0
536.0 560.0 20.0 10.0
264.0 390.0 20.0 10.0
673.0 501.0 20.0 10.0
491.0 158.0 20.0 10.0
379.0 551.0 20.0 10.0
795.0 319.0 20.0 10.0
398.0 660.0 20.0 10.0
339.0 354.0 20.0 10.0
376.0 428.0 20.0 10.0
695.0 292.0 20.0 10.0
425.0 116.0 20.0 10.0
193.0 649.0 20.0 10.0
189.0 681.0 20.0 10.0
637.0 355.0 20.0 10.0
725.0 405.0 20.0 10.0
449.0 130.0 20.0 10.0
380.0 562.0 20.0 10.0
310.0 326.0 20.0 10.0
491.0 131.0 20.0 10.0
555.0 548.0 20.0 10.0
506.0 464.0 20.0 10.0
687.0 285.0 20.0 10.0
464.0 316.0 20.0 10.0
725.0 239.0 20.0 10.0
545.0 561.0 20.0 10.0
300.0 296.0 20.0 10.0
259.0 699.0 20.0 10.0
445.0 116.0 20.0 10.0
605.0 545.0 20.0 10.0
217.0 648.0 20.0 10.0
205.0 679.0 20.0 10.0
516.0 300.0 20.0 10.0
143.0 676.0 20.0 10.0
802.0 361.0 20.0 10.0
398.0 162.0 20.0 10.0
514.0 632.0 20.0 10.0
474.0 319.0 20.0 10.0
410.0 609.0 20.0 10.0
516.0 558.0 20.0 10.0
253.0 385.0 20.0 10.0
272.0 676.0 20.0 10.0
649.0 327.0 20.0 10.0
455.0 406.0 20.0 10.0
711.0 365.0 20.0 10.0
221.0 632.0 20.0 10.0
825.0 293.0 20.0 10.0
223.0 743.0 20.0 10.0
200.0 771.0 20.0 10.0
191.0 781.0 20.0 10.0
304.0 446.0 20.0 10.0
684.0 530.0 20.0 10.0
447.0 80.0 20.0 10.0
537.0 658.0 20.0 10.0
440.0 50.0 20.0 10.0
820.0 422.0 20.0 10.0
413.0 201.0 20.0 10.0
593.0 543.0 20.0 10.0
103.0 701.0 20.0 10.0
711.0 286.0 20.0 10.0
831.0 289.0 20.0 10.0
691.0 317.0 20.0 10.0
283.0 637.0 20.0 10.0
661.0 299.0 20.0 10.0
146.0 696.0 20.0 10.0
248.0 701.0 20.0 10.0
523.0 555.0 20.0 10.0
579.0 565.0 20.0 10.0
602.0 608.0 20.0 10.0
621.0 642.0 20.0 10.0
820.0 310.0 20.0 10.0
741.0 439.0 20.0 10.0
268.0 615.0 20.0 10.0
643.0 661.0 20.0 10.0
694.0 510.0 20.0 10.0
695.0 503.0 20.0 10.0
340.0 327.0 20.0 10.0
565.0 574.0 20.0 10.0
107.0 695.0 20.0 10.0
396.0 515.0 20.0 10.0
173.0 706.0 20.0 10.0
165.0 813.0 20.0 10.0
251.0 436.0 20.0 10.0
206.0 765.0 20.0 10.0
578.0 586.0 20.0 10.0
266.0 658.0 20.0 10.0
350.0 470.0 20.0 10.0
600.0 556.0 20.0 10.0
176.0 786.0 20.0 10.0
233.0 372.0 20.0 10.0
257.0 421.0 20.0 10.0
706.0 243.0 20.0 10.0
263.0 397.0 20.0 10.0
191.0 705.0 20.0 10.0
419.0 552.0 20.0 10.0
259.0 389.0 20.0 10.0
139.0 832.0 20.0 10.0
309.0 299.0 20.0 10.0
847.0 409.0 20.0 10.0
573.0 595.0 20.0 10.0
413.0 81.0 20.0 10.0
547.0 652.0 20.0 10.0
228.0 719.0 20.0 10.0
262.0 451.0 20.0 10.0
318.0 488.0 20.0 10.0
844.0 432.0 20.0 10.0
185.0 659.0 20.0 10.0
853.0 274.0 20.0 10.0
365.0 200.0 20.0 10.0
518.0 670.0 20.0 10.0
471.0 202.0 20.0 10.0
705.0 552.0 20.0 10.0
227.0 370.0 20.0 10.0
416.0 53.0 20.0 10.0
70.0 723.0 20.0 10.0
756.0 344.0 20.0 10.0
798.0 425.0 20.0 10.0
594.0 396.0 20.0 10.0
384.0 476.0 20.0 10.0
627.0 488.0 20.0 10.0
43.0 739.0 20.0 10.0
451.0 195.0 20.0 10.0
733.0 448.0 20.0 10.0
709.0 380.0 20.0 10.0
562.0 586.0 20.0 10.0
393.0 175.0 20.0 10.0
792.0 312.0 20.0 10.0
426.0 626.0 20.0 10.0
79.0 724.0 20.0 10.0
745.0 261.0 20.0 10.0
526.0 276.0 20.0 10.0
850.0 363.0 20.0 10.0
321.0 504.0 20.0 10.0
630.0 576.0 20.0 10.0
106.0 664.0 20.0 10.0
218.0 418.0 20.0 10.0
717.0 249.0 20.0 10.0
339.0 396.0 20.0 10.0
171.0 803.0 20.0 10.0
406.0 212.0 20.0 10.0
664.0 274.0 20.0 10.0
394.0 690.0 20.0 10.0
852.0 418.0 20.0 10.0
502.0 128.0 20.0 10.0
347.0 445.0 20.0 10.0
744.0 372.0 20.0 10.0
512.0 109.0 20.0 10.0
774.0 370.0 20.0 10.0
282.0 311.0 20.0 10.0
390.0 187.0 20.0 10.0
616.0 634.0 20.0 10.0
514.0 335.0 20.0 10.0
362.0 461.0 20.0 10.0
537.0 255.0 20.0 10.0
391.0 654.0 20.0 10.0
585.0 605.0 20.0 10.0
408.0 52.0 20.0 10.0
813.0 380.0 20.0 10.0
450.0 49.0 20.0 10.0
78.0 712.0 20.0 10.0
393.0 110.0 20.0 10.0
300.0 644.0 20.0 10.0
320.0 382.0 20.0 10.0
378.0 155.0 20.0 10.0
625.0 421.0 20.0 10.0
503.0 137.0 20.0 10.0
541.0 257.0 20.0 10.0
724.0 219.0 20.0 10.0
683.0 358.0 20.0 10.0
871.0 262.0 20.0 10.0
705.0 538.0 20.0 10.0
488.0 599.0 20.0 10.0
206.0 357.0 20.0 10.0
164.0 648.0 20.0 10.0
155.0 638.0 20.0 10.0
127.0 672.0 20.0 10.0
434.0 214.0 20.0 10.0
366.0 539.0 20.0 10.0
316.0 378.0 20.0 10.0
712.0 538.0 20.0 10.0
495.0 604.0 20.0 10.0
488.0 401.0 20.0 10.0
224.0 453.0 20.0 10.0
747.0 212.0 20.0 10.0
470.0 517.0 20.0 10.0
205.0 622.0 20.0 10.0
350.0 559.0 20.0 10.0
349.0 493.0 20.0 10.0
718.0 218.0 20.0 10.0
214.0 629.0 20.0 10.0
411.0 655.0 20.0 10.0
249.0 629.0 20.0 10.0
873.0 353.0 20.0 10.0
78.0 666.0 20.0 10.0
732.0 558.0 20.0 10.0
517.0 374.0 20.0 10.0
528.0 253.0 20.0 10.0
648.0 426.0 20.0 10.0
72.0 678.0 20.0 10.0
299.0 368.0 20.0 10.0
411.0 25.0 20.0 10.0
428.0 545.0 20.0 10.0
147.0 838.0 20.0 10.0
479.0 173.0 20.0 10.0
609.0 671.0 20.0 10.0
364.0 138.0 20.0 10.0
443.0 425.0 20.0 10.0
383.0 92.0 20.0 10.0
655.0 339.0 20.0 10.0
25.0 755.0 20.0 10.0
721.0 243.0 20.0 10.0
374.0 351.0 20.0 10.0
761.0 238.0 20.0 10.0
399.0 62.0 20.0 10.0
396.0 118.0 20.0 10.0
495.0 339.0 20.0 10.0
524.0 703.0 20.0 10.0
83.0 710.0 20.0 10.0
826.0 447.0 20.0 10.0
527.0 552.0 20.0 10.0
230.0 416.0 20.0 10.0
798.0 441.0 20.0 10.0
717.0 315.0 20.0 10.0
390.0 554.0 20.0 10.0
375.0 418.0 20.0 10.0
406.0 715.0 20.0 10.0
610.0 604.0 20.0 10.0
608.0 635.0 20.0 10.0
392.0 714.0 20.0 10.0
506.0 662.0 20.0 10.0
161.0 675.0 20.0 10.0
574.0 615.0 20.0 10.0
633.0 661.0 20.0 10.0
395.0 633.0 20.0 10.0
233.0 723.0 20.0 10.0
696.0 517.0 20.0 10.0
319.0 619.0 20.0 10.0
840.0 353.0 20.0 10.0
509.0 690.0 20.0 10.0
438.0 414.0 20.0 10.0
632.0 557.0 20.0 10.0
734.0 550.0 20.0 10.0
512.0 597.0 20.0 10.0
248.0 724.0 20.0 10.0
305.0 357.0 20.0 10.0
331.0 314.0 20.0 10.0
536.0 685.0 20.0 10.0
406.0 582.0 20.0 10.0
630.0 564.0 20.0 10.0
492.0 633.0 20.0 10.0
474.0 149.0 20.0 10.0
239.0 727.0 20.0 10.0
811.0 294.0 20.0 10.0
183.0 627.0 20.0 10.0
451.0 319.0 20.0 10.0
223.0 437.0 20.0 10.0
693.0 368.0 20.0 10.0
391.0 648.0 20.0 10.0
527.0 722.0 20.0 10.0
635.0 616.0 20.0 10.0
600.0 604.0 20.0 10.0
613.0 407.0 20.0 10.0
532.0 545.0 20.0 10.0
150.0 693.0 20.0 10.0
888.0 249.0 20.0 10.0
640.0 667.0 20.0 10.0
126.0 849.0 20.0 10.0
764.0 191.0 20.0 10.0
240.0 378.0 20.0 10.0
621.0 693.0 20.0 10.0
187.0 794.0 20.0 10.0
480.0 540.0 20.0 10.0
773.0 242.0 20.0 10.0
282.0 325.0 20.0 10.0
168.0 620.0 20.0 10.0
433.0 560.0 20.0 10.0
791.0 223.0 20.0 10.0
752.0 376.0 20.0 10.0
124.0 641.0 20.0 10.0
660.0 307.0 20.0 10.0
654.0 351.0 20.0 10.0
287.0 277.0 20.0 10.0
528.0 493.0 20.0 10.0
763.0 448.0 20.0 10.0
731.0 371.0 20.0 10.0
669.0 436.0 20.0 10.0
422.0 87.0 20.0 10.0
690.0 418.0 20.0 10.0
408.0 634.0 20.0 10.0
299.0 307.0 20.0 10.0
624.0 629.0 20.0 10.0
485.0 177.0 20.0 10.0
176.0 616.0 20.0 10.0
683.0 406.0 20.0 10.0
404.0 398.0 20.0 10.0
459.0 59.0 20.0 10.0
346.0 330.0 20.0 10.0
358.0 579.0 20.0 10.0
223.0 750.0 20.0 10.0
836.0 340.0 20.0 10.0
456.0 316.0 20.0 10.0
522.0 699.0 20.0 10.0
324.0 434.0 20.0 10.0
407.0 524.0 20.0 10.0
423.0 189.0 20.0 10.0
455.0 387.0 20.0 10.0
396.0 605.0 20.0 10.0
469.0 177.0 20.0 10.0
841.0 369.0 20.0 10.0
707.0 420.0 20.0 10.0
400.0 649.0 20.0 10.0
780.0 173.0 20.0 10.0
687.0 432.0 20.0 10.0
55.0 727.0 20.0 10.0
24.0 748.0 20.0 10.0
371.0 73.0 20.0 10.0
136.0 855.0 20.0 10.0
260.0 694.0 20.0 10.0
734.0 437.0 20.0 10.0
429.0 130.0 20.0 10.0
577.0 512.0 20.0 10.0
656.0 586.0 20.0 10.0
199.0 637.0 20.0 10.0
174.0 806.0 20.0 10.0
376.0 168.0 20.0 10.0
736.0 222.0 20.0 10.0
123.0 659.0 20.0 10.0
499.0 561.0 20.0 10.0
137.0 621.0 20.0 10.0
46.0 689.0 20.0 10.0
881.0 414.0 20.0 10.0
770.0 249.0 20.0 10.0
788.0 319.0 20.0 10.0
801.0 379.0 20.0 10.0
414.0 684.0 20.0 10.0
380.0 674.0 20.0 10.0
777.0 356.0 20.0 10.0
42.0 680.0 20.0 10.0
488.0 367.0 20.0 10.0
304.0 416.0 20.0 10.0
441.0 25.0 20.0 10.0
663.0 518.0 20.0 10.0
733.0 422.0 20.0 10.0
467.0 505.0 20.0 10.0
516.0 478.0 20.0 10.0
630.0 715.0 20.0 10.0
811.0 419.0 20.0 10.0
386.0 601.0 20.0 10.0
680.0 528.0 20.0 10.0
504.0 525.0 20.0 10.0
273.0 605.0 20.0 10.0
148.0 833.0 20.0 10.0
725.0 359.0 20.0 10.0
707.0 218.0 20.0 10.0
498.0 592.0 20.0 10.0
521.0 313.0 20.0 10.0
572.0 521.0 20.0 10.0
387.0 626.0 20.0 10.0
195.0 409.0 20.0 10.0
421.0 429.0 20.0 10.0
265.0 292.0 20.0 10.0
141.0 609.0 20.0 10.0
269.0 384.0 20.0 10.0
547.0 497.0 20.0 10.0
412.0 147.0 20.0 10.0
402.0 689.0 20.0 10.0
656.0 688.0 20.0 10.0
193.0 427.0 20.0 10.0
496.0 106.0 20.0 10.0
352.0 567.0 20.0 10.0
554.0 677.0 20.0 10.0
129.0 711.0 20.0 10.0
256.0 301.0 20.0 10.0
