500
944.0 764.0 20.0 10.0
971.0 726.0 20.0 10.0
854.0 697.0 20.0 10.0
1025.0 840.0 20.0 10.0
820.0 742.0 20.0 10.0
764.0 627.0 20.0 10.0
861.0 725.0 20.0 10.0
792.0 788.0 20.0 10.0
1003.0 701.0 20.0 10.0
1125.0 862.0 20.0 10.0
1190.0 906.0 20.0 10.0
1205.0 849.0 20.0 10.0
1012.0 923.0 20.0 10.0
689.0 559.0 20.0 10.0
614.0 493.0 20.0 10.0
541.0 433.0 20.0 10.0
474.0 374.0 20.0 10.0
964.0 784.0 20.0 10.0
598.0 454.0 20.0 10.0
409.0 320.0 20.0 10.0
1160.0 860.0 20.0 10.0
894.0 662.0 20.0 10.0
731.0 648.0 20.0 10.0
670.0 532.0 20.0 10.0
701.0 671.0 20.0 10.0
697.0 630.0 20.0 10.0
768.0 830.0 20.0 10.0
1251.0 946.0 20.0 10.0
991.0 998.0 20.0 10.0
966.0 1062.0 20.0 10.0
1297.0 963.0 20.0 10.0
1278.0 958.0 20.0 10.0
1002.0 872.0 20.0 10.0
506.0 419.0 20.0 10.0
993.0 1044.0 20.0 10.0
786.0 817.0 20.0 10.0
1251.0 861.0 20.0 10.0
1050.0 852.0 20.0 10.0
976.0 690.0 20.0 10.0
1024.0 681.0 20.0 10.0
1240.0 819.0 20.0 10.0
663.0 515.0 20.0 10.0
1011.0 682.0 20.0 10.0
977.0 899.0 20.0 10.0
1065.0 877.0 20.0 10.0
1002.0 1074.0 20.0 10.0
632.0 636.0 20.0 10.0
773.0 568.0 20.0 10.0
878.0 757.0 20.0 10.0
937.0 630.0 20.0 10.0
879.0 786.0 20.0 10.0
669.0 614.0 20.0 10.0
748.0 869.0 20.0 10.0
990.0 755.0 20.0 10.0
1297.0 980.0 20.0 10.0
387.0 294.0 20.0 10.0
598.0 422.0 20.0 10.0
688.0 698.0 20.0 10.0
574.0 643.0 20.0 10.0
483.0 399.0 20.0 10.0
830.0 690.0 20.0 10.0
1258.0 833.0 20.0 10.0
951.0 1102.0 20.0 10.0
1331.0 994.0 20.0 10.0
595.0 638.0 20.0 10.0
779.0 813.0 20.0 10.0
519.0 647.0 20.0 10.0
1029.0 737.0 20.0 10.0
726.0 894.0 20.0 10.0
346.0 268.0 20.0 10.0
950.0 603.0 20.0 10.0
284.0 217.0 20.0 10.0
980.0 659.0 20.0 10.0
652.0 598.0 20.0 10.0
264.0 179.0 20.0 10.0
258.0 202.0 20.0 10.0
1339.0 977.0 20.0 10.0
878.0 648.0 20.0 10.0
1062.0 719.0 20.0 10.0
562.0 643.0 20.0 10.0
983.0 705.0 20.0 10.0
784.0 609.0 20.0 10.0
976.0 600.0 20.0 10.0
945.0 1140.0 20.0 10.0
786.0 514.0 20.0 10.0
1067.0 838.0 20.0 10.0
468.0 650.0 20.0 10.0
1007.0 961.0 20.0 10.0
1092.0 722.0 20.0 10.0
946.0 913.0 20.0 10.0
1259.0 806.0 20.0 10.0
1277.0 977.0 20.0 10.0
1030.0 961.0 20.0 10.0
1117.0 709.0 20.0 10.0
755.0 536.0 20.0 10.0
226.0 175.0 20.0 10.0
987.0 987.0 20.0 10.0
1010.0 588.0 20.0 10.0
999.0 955.0 20.0 10.0
1008.0 777.0 20.0 10.0
1178.0 838.0 20.0 10.0
948.0 1175.0 20.0 10.0
243.0 144.0 20.0 10.0
240.0 184.0 20.0 10.0
1036.0 988.0 20.0 10.0
985.0 1028.0 20.0 10.0
221.0 120.0 20.0 10.0
1361.0 996.0 20.0 10.0
668.0 707.0 20.0 10.0
581.0 427.0 20.0 10.0
1258.0 844.0 20.0 10.0
993.0 723.0 20.0 10.0
867.0 732.0 20.0 10.0
174.0 137.0 20.0 10.0
220.0 132.0 20.0 10.0
954.0 920.0 20.0 10.0
458.0 391.0 20.0 10.0
1185.0 872.0 20.0 10.0
890.0 775.0 20.0 10.0
951.0 1205.0 20.0 10.0
439.0 633.0 20.0 10.0
1311.0 838.0 20.0 10.0
1332.0 1005.0 20.0 10.0
131.0 104.0 20.0 10.0
582.0 439.0 20.0 10.0
1228.0 825.0 20.0 10.0
751.0 510.0 20.0 10.0
1146.0 893.0 20.0 10.0
1282.0 866.0 20.0 10.0
572.0 399.0 20.0 10.0
942.0 1119.0 20.0 10.0
998.0 697.0 20.0 10.0
796.0 477.0 20.0 10.0
791.0 548.0 20.0 10.0
1082.0 710.0 20.0 10.0
1276.0 870.0 20.0 10.0
1043.0 999.0 20.0 10.0
576.0 435.0 20.0 10.0
986.0 973.0 20.0 10.0
778.0 473.0 20.0 10.0
922.0 1172.0 20.0 10.0
591.0 471.0 20.0 10.0
1291.0 872.0 20.0 10.0
903.0 1218.0 20.0 10.0
1355.0 848.0 20.0 10.0
1012.0 1069.0 20.0 10.0
1306.0 960.0 20.0 10.0
935.0 1200.0 20.0 10.0
774.0 433.0 20.0 10.0
1003.0 572.0 20.0 10.0
1050.0 672.0 20.0 10.0
778.0 400.0 20.0 10.0
701.0 912.0 20.0 10.0
1328.0 875.0 20.0 10.0
1094.0 705.0 20.0 10.0
1047.0 982.0 20.0 10.0
804.0 760.0 20.0 10.0
1353.0 1024.0 20.0 10.0
1324.0 1014.0 20.0 10.0
1199.0 876.0 20.0 10.0
656.0 493.0 20.0 10.0
739.0 483.0 20.0 10.0
957.0 705.0 20.0 10.0
536.0 656.0 20.0 10.0
1284.0 818.0 20.0 10.0
889.0 1259.0 20.0 10.0
1234.0 868.0 20.0 10.0
914.0 1205.0 20.0 10.0
417.0 621.0 20.0 10.0
1053.0 1027.0 20.0 10.0
799.0 783.0 20.0 10.0
1217.0 928.0 20.0 10.0
141.0 111.0 20.0 10.0
1273.0 800.0 20.0 10.0
913.0 642.0 20.0 10.0
101.0 85.0 20.0 10.0
269.0 186.0 20.0 10.0
678.0 691.0 20.0 10.0
1349.0 817.0 20.0 10.0
755.0 857.0 20.0 10.0
755.0 825.0 20.0 10.0
523.0 407.0 20.0 10.0
756.0 607.0 20.0 10.0
663.0 540.0 20.0 10.0
1294.0 997.0 20.0 10.0
1172.0 907.0 20.0 10.0
672.0 676.0 20.0 10.0
1031.0 947.0 20.0 10.0
1022.0 670.0 20.0 10.0
1022.0 547.0 20.0 10.0
427.0 647.0 20.0 10.0
822.0 696.0 20.0 10.0
1057.0 1007.0 20.0 10.0
1344.0 1044.0 20.0 10.0
92.0 74.0 20.0 10.0
964.0 909.0 20.0 10.0
409.0 634.0 20.0 10.0
1021.0 757.0 20.0 10.0
1358.0 874.0 20.0 10.0
199.0 150.0 20.0 10.0
902.0 775.0 20.0 10.0
734.0 514.0 20.0 10.0
892.0 789.0 20.0 10.0
1046.0 651.0 20.0 10.0
893.0 1244.0 20.0 10.0
61.0 51.0 20.0 10.0
794.0 491.0 20.0 10.0
878.0 1296.0 20.0 10.0
1195.0 830.0 20.0 10.0
1379.0 798.0 20.0 10.0
1393.0 854.0 20.0 10.0
651.0 704.0 20.0 10.0
1416.0 856.0 20.0 10.0
683.0 718.0 20.0 10.0
912.0 1235.0 20.0 10.0
563.0 415.0 20.0 10.0
977.0 974.0 20.0 10.0
890.0 640.0 20.0 10.0
1235.0 846.0 20.0 10.0
1269.0 973.0 20.0 10.0
805.0 478.0 20.0 10.0
588.0 479.0 20.0 10.0
736.0 596.0 20.0 10.0
1260.0 877.0 20.0 10.0
123.0 89.0 20.0 10.0
933.0 628.0 20.0 10.0
799.0 439.0 20.0 10.0
564.0 475.0 20.0 10.0
410.0 627.0 20.0 10.0
1310.0 821.0 20.0 10.0
667.0 631.0 20.0 10.0
928.0 917.0 20.0 10.0
1029.0 1015.0 20.0 10.0
1309.0 865.0 20.0 10.0
388.0 644.0 20.0 10.0
761.0 405.0 20.0 10.0
819.0 462.0 20.0 10.0
1044.0 755.0 20.0 10.0
1213.0 922.0 20.0 10.0
255.0 163.0 20.0 10.0
516.0 405.0 20.0 10.0
1019.0 889.0 20.0 10.0
815.0 446.0 20.0 10.0
787.0 777.0 20.0 10.0
1304.0 785.0 20.0 10.0
430.0 668.0 20.0 10.0
969.0 1013.0 20.0 10.0
723.0 486.0 20.0 10.0
504.0 389.0 20.0 10.0
1253.0 885.0 20.0 10.0
740.0 588.0 20.0 10.0
351.0 646.0 20.0 10.0
396.0 681.0 20.0 10.0
565.0 371.0 20.0 10.0
642.0 687.0 20.0 10.0
1379.0 988.0 20.0 10.0
680.0 608.0 20.0 10.0
868.0 1331.0 20.0 10.0
1357.0 1008.0 20.0 10.0
250.0 210.0 20.0 10.0
1364.0 1028.0 20.0 10.0
545.0 665.0 20.0 10.0
993.0 669.0 20.0 10.0
867.0 1359.0 20.0 10.0
1319.0 873.0 20.0 10.0
675.0 713.0 20.0 10.0
955.0 610.0 20.0 10.0
932.0 938.0 20.0 10.0
1151.0 847.0 20.0 10.0
1401.0 789.0 20.0 10.0
116.0 88.0 20.0 10.0
1051.0 870.0 20.0 10.0
736.0 577.0 20.0 10.0
575.0 619.0 20.0 10.0
1341.0 806.0 20.0 10.0
731.0 870.0 20.0 10.0
626.0 715.0 20.0 10.0
1193.0 824.0 20.0 10.0
1049.0 658.0 20.0 10.0
935.0 1224.0 20.0 10.0
913.0 1263.0 20.0 10.0
1280.0 998.0 20.0 10.0
1295.0 1007.0 20.0 10.0
190.0 162.0 20.0 10.0
497.0 662.0 20.0 10.0
1359.0 1070.0 20.0 10.0
614.0 697.0 20.0 10.0
439.0 381.0 20.0 10.0
1331.0 772.0 20.0 10.0
783.0 545.0 20.0 10.0
675.0 620.0 20.0 10.0
800.0 407.0 20.0 10.0
737.0 898.0 20.0 10.0
1349.0 808.0 20.0 10.0
447.0 352.0 20.0 10.0
802.0 386.0 20.0 10.0
1001.0 658.0 20.0 10.0
1335.0 836.0 20.0 10.0
560.0 348.0 20.0 10.0
1011.0 738.0 20.0 10.0
924.0 619.0 20.0 10.0
990.0 1080.0 20.0 10.0
996.0 583.0 20.0 10.0
40.0 36.0 20.0 10.0
164.0 149.0 20.0 10.0
905.0 814.0 20.0 10.0
915.0 958.0 20.0 10.0
988.0 637.0 20.0 10.0
200.0 98.0 20.0 10.0
688.0 684.0 20.0 10.0
367.0 677.0 20.0 10.0
961.0 1036.0 20.0 10.0
1041.0 573.0 20.0 10.0
717.0 456.0 20.0 10.0
81.0 72.0 20.0 10.0
900.0 978.0 20.0 10.0
870.0 810.0 20.0 10.0
1052.0 724.0 20.0 10.0
383.0 300.0 20.0 10.0
188.0 72.0 20.0 10.0
821.0 415.0 20.0 10.0
805.0 495.0 20.0 10.0
1123.0 697.0 20.0 10.0
966.0 1041.0 20.0 10.0
115.0 98.0 20.0 10.0
761.0 853.0 20.0 10.0
413.0 684.0 20.0 10.0
1044.0 533.0 20.0 10.0
64.0 58.0 20.0 10.0
1057.0 855.0 20.0 10.0
1337.0 1043.0 20.0 10.0
1047.0 957.0 20.0 10.0
487.0 405.0 20.0 10.0
619.0 702.0 20.0 10.0
229.0 200.0 20.0 10.0
225.0 192.0 20.0 10.0
405.0 680.0 20.0 10.0
1148.0 881.0 20.0 10.0
912.0 1195.0 20.0 10.0
68.0 52.0 20.0 10.0
53.0 32.0 20.0 10.0
1421.0 851.0 20.0 10.0
1385.0 802.0 20.0 10.0
462.0 403.0 20.0 10.0
1414.0 999.0 20.0 10.0
431.0 390.0 20.0 10.0
964.0 985.0 20.0 10.0
504.0 375.0 20.0 10.0
919.0 799.0 20.0 10.0
1380.0 1081.0 20.0 10.0
1084.0 865.0 20.0 10.0
907.0 922.0 20.0 10.0
779.0 830.0 20.0 10.0
1445.0 1008.0 20.0 10.0
927.0 926.0 20.0 10.0
25.0 25.0 20.0 10.0
1256.0 873.0 20.0 10.0
1387.0 1052.0 20.0 10.0
732.0 454.0 20.0 10.0
1184.0 931.0 20.0 10.0
1170.0 885.0 20.0 10.0
1316.0 1000.0 20.0 10.0
451.0 346.0 20.0 10.0
860.0 1363.0 20.0 10.0
967.0 1199.0 20.0 10.0
1071.0 864.0 20.0 10.0
858.0 747.0 20.0 10.0
979.0 1107.0 20.0 10.0
1371.0 792.0 20.0 10.0
976.0 1129.0 20.0 10.0
902.0 617.0 20.0 10.0
474.0 665.0 20.0 10.0
610.0 397.0 20.0 10.0
370.0 280.0 20.0 10.0
1346.0 827.0 20.0 10.0
939.0 697.0 20.0 10.0
431.0 338.0 20.0 10.0
1469.0 1016.0 20.0 10.0
1069.0 567.0 20.0 10.0
368.0 689.0 20.0 10.0
995.0 635.0 20.0 10.0
320.0 656.0 20.0 10.0
736.0 499.0 20.0 10.0
948.0 912.0 20.0 10.0
726.0 924.0 20.0 10.0
899.0 817.0 20.0 10.0
604.0 625.0 20.0 10.0
204.0 182.0 20.0 10.0
594.0 391.0 20.0 10.0
712.0 631.0 20.0 10.0
973.0 998.0 20.0 10.0
712.0 464.0 20.0 10.0
181.0 128.0 20.0 10.0
280.0 161.0 20.0 10.0
295.0 644.0 20.0 10.0
738.0 892.0 20.0 10.0
799.0 412.0 20.0 10.0
791.0 465.0 20.0 10.0
629.0 592.0 20.0 10.0
450.0 668.0 20.0 10.0
580.0 463.0 20.0 10.0
1266.0 802.0 20.0 10.0
538.0 628.0 20.0 10.0
652.0 698.0 20.0 10.0
1066.0 629.0 20.0 10.0
1412.0 1068.0 20.0 10.0
1386.0 853.0 20.0 10.0
1288.0 786.0 20.0 10.0
1049.0 1031.0 20.0 10.0
41.0 49.0 20.0 10.0
681.0 928.0 20.0 10.0
955.0 1062.0 20.0 10.0
905.0 836.0 20.0 10.0
779.0 372.0 20.0 10.0
493.0 349.0 20.0 10.0
857.0 1392.0 20.0 10.0
994.0 612.0 20.0 10.0
829.0 391.0 20.0 10.0
1411.0 798.0 20.0 10.0
1267.0 1002.0 20.0 10.0
766.0 447.0 20.0 10.0
882.0 809.0 20.0 10.0
515.0 381.0 20.0 10.0
102.0 69.0 20.0 10.0
1118.0 692.0 20.0 10.0
889.0 959.0 20.0 10.0
1169.0 901.0 20.0 10.0
1233.0 945.0 20.0 10.0
440.0 322.0 20.0 10.0
1247.0 825.0 20.0 10.0
963.0 582.0 20.0 10.0
709.0 943.0 20.0 10.0
1289.0 1008.0 20.0 10.0
1034.0 879.0 20.0 10.0
1297.0 988.0 20.0 10.0
830.0 424.0 20.0 10.0
1015.0 549.0 20.0 10.0
1041.0 772.0 20.0 10.0
1238.0 803.0 20.0 10.0
883.0 617.0 20.0 10.0
779.0 356.0 20.0 10.0
1028.0 866.0 20.0 10.0
660.0 596.0 20.0 10.0
770.0 494.0 20.0 10.0
1378.0 830.0 20.0 10.0
324.0 644.0 20.0 10.0
884.0 1287.0 20.0 10.0
928.0 1142.0 20.0 10.0
1071.0 815.0 20.0 10.0
1392.0 1037.0 20.0 10.0
1041.0 1030.0 20.0 10.0
1006.0 1104.0 20.0 10.0
1030.0 651.0 20.0 10.0
721.0 672.0 20.0 10.0
1486.0 1027.0 20.0 10.0
599.0 364.0 20.0 10.0
404.0 667.0 20.0 10.0
1439.0 1004.0 20.0 10.0
718.0 909.0 20.0 10.0
798.0 450.0 20.0 10.0
1371.0 800.0 20.0 10.0
1194.0 955.0 20.0 10.0
776.0 588.0 20.0 10.0
649.0 533.0 20.0 10.0
1060.0 552.0 20.0 10.0
1358.0 882.0 20.0 10.0
903.0 932.0 20.0 10.0
997.0 644.0 20.0 10.0
823.0 484.0 20.0 10.0
1245.0 967.0 20.0 10.0
178.0 135.0 20.0 10.0
550.0 616.0 20.0 10.0
855.0 770.0 20.0 10.0
599.0 471.0 20.0 10.0
243.0 169.0 20.0 10.0
975.0 1070.0 20.0 10.0
179.0 47.0 20.0 10.0
552.0 391.0 20.0 10.0
171.0 142.0 20.0 10.0
649.0 649.0 20.0 10.0
860.0 1351.0 20.0 10.0
1331.0 805.0 20.0 10.0
644.0 615.0 20.0 10.0
917.0 941.0 20.0 10.0
953.0 742.0 20.0 10.0
943.0 807.0 20.0 10.0
619.0 613.0 20.0 10.0
900.0 1249.0 20.0 10.0
914.0 826.0 20.0 10.0
991.0 571.0 20.0 10.0
922.0 1163.0 20.0 10.0
1031.0 782.0 20.0 10.0
1305.0 1033.0 20.0 10.0
1326.0 968.0 20.0 10.0
1351.0 757.0 20.0 10.0
299.0 676.0 20.0 10.0
905.0 795.0 20.0 10.0
1075.0 876.0 20.0 10.0
194.0 79.0 20.0 10.0
1008.0 615.0 20.0 10.0
