500
644.0 616.0 20.0 10.0
696.0 590.0 20.0 10.0
601.0 536.0 20.0 10.0
696.0 566.0 20.0 10.0
560.0 456.0 20.0 10.0
505.0 505.0 20.0 10.0
669.0 702.0 20.0 10.0
762.0 570.0 20.0 10.0
463.0 543.0 20.0 10.0
697.0 776.0 20.0 10.0
493.0 425.0 20.0 10.0
517.0 376.0 20.0 10.0
633.0 653.0 20.0 10.0
458.0 312.0 20.0 10.0
465.0 374.0 20.0 10.0
417.0 515.0 20.0 10.0
507.0 360.0 20.0 10.0
332.0 523.0 20.0 10.0
776.0 600.0 20.0 10.0
845.0 627.0 20.0 10.0
443.0 322.0 20.0 10.0
529.0 515.0 20.0 10.0
594.0 572.0 20.0 10.0
725.0 837.0 20.0 10.0
471.0 516.0 20.0 10.0
404.0 250.0 20.0 10.0
551.0 334.0 20.0 10.0
667.0 751.0 20.0 10.0
659.0 793.0 20.0 10.0
506.0 478.0 20.0 10.0
416.0 292.0 20.0 10.0
583.0 439.0 20.0 10.0
698.0 830.0 20.0 10.0
352.0 191.0 20.0 10.0
424.0 563.0 20.0 10.0
736.0 550.0 20.0 10.0
453.0 568.0 20.0 10.0
626.0 540.0 20.0 10.0
352.0 149.0 20.0 10.0
810.0 559.0 20.0 10.0
804.0 616.0 20.0 10.0
269.0 514.0 20.0 10.0
583.0 606.0 20.0 10.0
272.0 544.0 20.0 10.0
522.0 308.0 20.0 10.0
623.0 686.0 20.0 10.0
570.0 434.0 20.0 10.0
519.0 410.0 20.0 10.0
704.0 865.0 20.0 10.0
425.0 292.0 20.0 10.0
298.0 520.0 20.0 10.0
748.0 896.0 20.0 10.0
279.0 522.0 20.0 10.0
440.0 290.0 20.0 10.0
761.0 923.0 20.0 10.0
811.0 623.0 20.0 10.0
498.0 533.0 20.0 10.0
436.0 588.0 20.0 10.0
821.0 615.0 20.0 10.0
908.0 648.0 20.0 10.0
325.0 150.0 20.0 10.0
506.0 313.0 20.0 10.0
609.0 712.0 20.0 10.0
525.0 487.0 20.0 10.0
310.0 110.0 20.0 10.0
530.0 285.0 20.0 10.0
574.0 632.0 20.0 10.0
675.0 778.0 20.0 10.0
438.0 516.0 20.0 10.0
353.0 165.0 20.0 10.0
449.0 282.0 20.0 10.0
732.0 597.0 20.0 10.0
455.0 414.0 20.0 10.0
654.0 668.0 20.0 10.0
965.0 669.0 20.0 10.0
219.0 559.0 20.0 10.0
834.0 646.0 20.0 10.0
762.0 593.0 20.0 10.0
575.0 293.0 20.0 10.0
725.0 802.0 20.0 10.0
302.0 154.0 20.0 10.0
594.0 256.0 20.0 10.0
809.0 582.0 20.0 10.0
696.0 861.0 20.0 10.0
361.0 125.0 20.0 10.0
720.0 564.0 20.0 10.0
773.0 524.0 20.0 10.0
803.0 498.0 20.0 10.0
442.0 260.0 20.0 10.0
478.0 485.0 20.0 10.0
776.0 908.0 20.0 10.0
438.0 274.0 20.0 10.0
579.0 544.0 20.0 10.0
727.0 589.0 20.0 10.0
275.0 118.0 20.0 10.0
390.0 587.0 20.0 10.0
763.0 946.0 20.0 10.0
647.0 545.0 20.0 10.0
425.0 401.0 20.0 10.0
778.0 990.0 20.0 10.0
536.0 278.0 20.0 10.0
533.0 261.0 20.0 10.0
720.0 590.0 20.0 10.0
436.0 243.0 20.0 10.0
436.0 232.0 20.0 10.0
606.0 427.0 20.0 10.0
296.0 73.0 20.0 10.0
480.0 543.0 20.0 10.0
676.0 660.0 20.0 10.0
437.0 401.0 20.0 10.0
436.0 357.0 20.0 10.0
711.0 595.0 20.0 10.0
226.0 512.0 20.0 10.0
608.0 227.0 20.0 10.0
260.0 129.0 20.0 10.0
1002.0 681.0 20.0 10.0
229.0 101.0 20.0 10.0
1011.0 687.0 20.0 10.0
706.0 540.0 20.0 10.0
668.0 823.0 20.0 10.0
216.0 507.0 20.0 10.0
995.0 685.0 20.0 10.0
644.0 819.0 20.0 10.0
399.0 272.0 20.0 10.0
641.0 675.0 20.0 10.0
200.0 521.0 20.0 10.0
274.0 138.0 20.0 10.0
573.0 567.0 20.0 10.0
737.0 527.0 20.0 10.0
341.0 113.0 20.0 10.0
168.0 506.0 20.0 10.0
428.0 197.0 20.0 10.0
748.0 931.0 20.0 10.0
661.0 822.0 20.0 10.0
279.0 146.0 20.0 10.0
491.0 561.0 20.0 10.0
1035.0 684.0 20.0 10.0
303.0 526.0 20.0 10.0
861.0 626.0 20.0 10.0
663.0 738.0 20.0 10.0
501.0 274.0 20.0 10.0
622.0 700.0 20.0 10.0
752.0 861.0 20.0 10.0
623.0 210.0 20.0 10.0
465.0 423.0 20.0 10.0
237.0 566.0 20.0 10.0
838.0 642.0 20.0 10.0
484.0 558.0 20.0 10.0
848.0 581.0 20.0 10.0
589.0 735.0 20.0 10.0
1044.0 707.0 20.0 10.0
891.0 621.0 20.0 10.0
988.0 679.0 20.0 10.0
697.0 876.0 20.0 10.0
885.0 647.0 20.0 10.0
439.0 578.0 20.0 10.0
419.0 335.0 20.0 10.0
697.0 917.0 20.0 10.0
650.0 764.0 20.0 10.0
896.0 631.0 20.0 10.0
273.0 131.0 20.0 10.0
329.0 83.0 20.0 10.0
506.0 327.0 20.0 10.0
498.0 554.0 20.0 10.0
639.0 518.0 20.0 10.0
373.0 609.0 20.0 10.0
450.0 472.0 20.0 10.0
832.0 598.0 20.0 10.0
125.0 506.0 20.0 10.0
704.0 949.0 20.0 10.0
784.0 1022.0 20.0 10.0
635.0 786.0 20.0 10.0
362.0 606.0 20.0 10.0
748.0 578.0 20.0 10.0
777.0 977.0 20.0 10.0
251.0 106.0 20.0 10.0
777.0 1019.0 20.0 10.0
493.0 356.0 20.0 10.0
178.0 564.0 20.0 10.0
175.0 578.0 20.0 10.0
274.0 531.0 20.0 10.0
416.0 509.0 20.0 10.0
537.0 221.0 20.0 10.0
849.0 558.0 20.0 10.0
253.0 82.0 20.0 10.0
842.0 556.0 20.0 10.0
766.0 541.0 20.0 10.0
513.0 336.0 20.0 10.0
693.0 889.0 20.0 10.0
804.0 1004.0 20.0 10.0
541.0 397.0 20.0 10.0
523.0 329.0 20.0 10.0
222.0 593.0 20.0 10.0
542.0 304.0 20.0 10.0
648.0 641.0 20.0 10.0
772.0 879.0 20.0 10.0
645.0 829.0 20.0 10.0
775.0 920.0 20.0 10.0
788.0 899.0 20.0 10.0
639.0 562.0 20.0 10.0
742.0 825.0 20.0 10.0
1066.0 683.0 20.0 10.0
427.0 203.0 20.0 10.0
821.0 478.0 20.0 10.0
475.0 503.0 20.0 10.0
749.0 585.0 20.0 10.0
383.0 227.0 20.0 10.0
882.0 581.0 20.0 10.0
394.0 276.0 20.0 10.0
209.0 75.0 20.0 10.0
711.0 798.0 20.0 10.0
143.0 570.0 20.0 10.0
617.0 232.0 20.0 10.0
526.0 343.0 20.0 10.0
689.0 948.0 20.0 10.0
239.0 541.0 20.0 10.0
572.0 753.0 20.0 10.0
361.0 590.0 20.0 10.0
336.0 612.0 20.0 10.0
731.0 615.0 20.0 10.0
511.0 291.0 20.0 10.0
758.0 957.0 20.0 10.0
528.0 540.0 20.0 10.0
574.0 315.0 20.0 10.0
806.0 513.0 20.0 10.0
801.0 579.0 20.0 10.0
701.0 973.0 20.0 10.0
640.0 861.0 20.0 10.0
419.0 179.0 20.0 10.0
677.0 848.0 20.0 10.0
572.0 648.0 20.0 10.0
844.0 547.0 20.0 10.0
495.0 304.0 20.0 10.0
745.0 610.0 20.0 10.0
406.0 510.0 20.0 10.0
694.0 618.0 20.0 10.0
469.0 575.0 20.0 10.0
449.0 510.0 20.0 10.0
517.0 559.0 20.0 10.0
213.0 584.0 20.0 10.0
86.0 506.0 20.0 10.0
734.0 566.0 20.0 10.0
495.0 286.0 20.0 10.0
618.0 807.0 20.0 10.0
796.0 942.0 20.0 10.0
191.0 516.0 20.0 10.0
495.0 337.0 20.0 10.0
499.0 281.0 20.0 10.0
684.0 801.0 20.0 10.0
505.0 246.0 20.0 10.0
608.0 508.0 20.0 10.0
337.0 158.0 20.0 10.0
579.0 590.0 20.0 10.0
547.0 230.0 20.0 10.0
399.0 265.0 20.0 10.0
661.0 643.0 20.0 10.0
695.0 722.0 20.0 10.0
545.0 237.0 20.0 10.0
236.0 108.0 20.0 10.0
421.0 168.0 20.0 10.0
546.0 188.0 20.0 10.0
536.0 360.0 20.0 10.0
827.0 476.0 20.0 10.0
422.0 384.0 20.0 10.0
469.0 414.0 20.0 10.0
648.0 777.0 20.0 10.0
1046.0 700.0 20.0 10.0
614.0 201.0 20.0 10.0
738.0 922.0 20.0 10.0
739.0 581.0 20.0 10.0
663.0 558.0 20.0 10.0
449.0 497.0 20.0 10.0
201.0 87.0 20.0 10.0
761.0 518.0 20.0 10.0
401.0 409.0 20.0 10.0
546.0 161.0 20.0 10.0
784.0 494.0 20.0 10.0
557.0 655.0 20.0 10.0
787.0 581.0 20.0 10.0
914.0 667.0 20.0 10.0
1021.0 702.0 20.0 10.0
795.0 1017.0 20.0 10.0
541.0 415.0 20.0 10.0
573.0 586.0 20.0 10.0
770.0 884.0 20.0 10.0
672.0 730.0 20.0 10.0
642.0 534.0 20.0 10.0
554.0 257.0 20.0 10.0
561.0 667.0 20.0 10.0
1078.0 709.0 20.0 10.0
416.0 306.0 20.0 10.0
660.0 850.0 20.0 10.0
872.0 546.0 20.0 10.0
493.0 580.0 20.0 10.0
842.0 587.0 20.0 10.0
535.0 190.0 20.0 10.0
188.0 497.0 20.0 10.0
521.0 463.0 20.0 10.0
243.0 511.0 20.0 10.0
581.0 760.0 20.0 10.0
233.0 86.0 20.0 10.0
423.0 468.0 20.0 10.0
592.0 727.0 20.0 10.0
705.0 553.0 20.0 10.0
1093.0 681.0 20.0 10.0
591.0 595.0 20.0 10.0
336.0 136.0 20.0 10.0
764.0 582.0 20.0 10.0
213.0 551.0 20.0 10.0
515.0 312.0 20.0 10.0
580.0 326.0 20.0 10.0
686.0 649.0 20.0 10.0
702.0 904.0 20.0 10.0
701.0 672.0 20.0 10.0
383.0 522.0 20.0 10.0
151.0 571.0 20.0 10.0
394.0 567.0 20.0 10.0
227.0 66.0 20.0 10.0
506.0 402.0 20.0 10.0
279.0 45.0 20.0 10.0
488.0 552.0 20.0 10.0
879.0 552.0 20.0 10.0
638.0 222.0 20.0 10.0
544.0 676.0 20.0 10.0
771.0 565.0 20.0 10.0
495.0 242.0 20.0 10.0
548.0 540.0 20.0 10.0
397.0 465.0 20.0 10.0
702.0 662.0 20.0 10.0
457.0 489.0 20.0 10.0
202.0 509.0 20.0 10.0
489.0 254.0 20.0 10.0
617.0 513.0 20.0 10.0
52.0 510.0 20.0 10.0
769.0 627.0 20.0 10.0
1099.0 727.0 20.0 10.0
99.0 506.0 20.0 10.0
626.0 217.0 20.0 10.0
880.0 646.0 20.0 10.0
746.0 519.0 20.0 10.0
145.0 601.0 20.0 10.0
846.0 462.0 20.0 10.0
416.0 145.0 20.0 10.0
236.0 56.0 20.0 10.0
594.0 414.0 20.0 10.0
926.0 633.0 20.0 10.0
502.0 216.0 20.0 10.0
307.0 119.0 20.0 10.0
784.0 580.0 20.0 10.0
313.0 608.0 20.0 10.0
61.0 509.0 20.0 10.0
718.0 741.0 20.0 10.0
413.0 607.0 20.0 10.0
345.0 627.0 20.0 10.0
407.0 378.0 20.0 10.0
627.0 854.0 20.0 10.0
325.0 183.0 20.0 10.0
388.0 629.0 20.0 10.0
836.0 574.0 20.0 10.0
660.0 509.0 20.0 10.0
414.0 129.0 20.0 10.0
414.0 263.0 20.0 10.0
489.0 398.0 20.0 10.0
141.0 502.0 20.0 10.0
942.0 675.0 20.0 10.0
746.0 925.0 20.0 10.0
332.0 124.0 20.0 10.0
506.0 335.0 20.0 10.0
159.0 522.0 20.0 10.0
399.0 395.0 20.0 10.0
698.0 793.0 20.0 10.0
466.0 396.0 20.0 10.0
415.0 180.0 20.0 10.0
424.0 493.0 20.0 10.0
801.0 990.0 20.0 10.0
638.0 678.0 20.0 10.0
662.0 691.0 20.0 10.0
794.0 533.0 20.0 10.0
764.0 495.0 20.0 10.0
166.0 520.0 20.0 10.0
827.0 575.0 20.0 10.0
623.0 492.0 20.0 10.0
627.0 584.0 20.0 10.0
809.0 566.0 20.0 10.0
858.0 662.0 20.0 10.0
834.0 552.0 20.0 10.0
367.0 571.0 20.0 10.0
430.0 460.0 20.0 10.0
781.0 474.0 20.0 10.0
352.0 121.0 20.0 10.0
198.0 601.0 20.0 10.0
674.0 569.0 20.0 10.0
431.0 472.0 20.0 10.0
425.0 600.0 20.0 10.0
709.0 616.0 20.0 10.0
593.0 271.0 20.0 10.0
298.0 88.0 20.0 10.0
905.0 581.0 20.0 10.0
206.0 568.0 20.0 10.0
548.0 202.0 20.0 10.0
845.0 625.0 20.0 10.0
140.0 585.0 20.0 10.0
746.0 529.0 20.0 10.0
248.0 538.0 20.0 10.0
467.0 350.0 20.0 10.0
685.0 977.0 20.0 10.0
786.0 502.0 20.0 10.0
567.0 390.0 20.0 10.0
367.0 649.0 20.0 10.0
434.0 492.0 20.0 10.0
637.0 890.0 20.0 10.0
284.0 49.0 20.0 10.0
319.0 130.0 20.0 10.0
399.0 493.0 20.0 10.0
418.0 596.0 20.0 10.0
484.0 331.0 20.0 10.0
521.0 386.0 20.0 10.0
747.0 822.0 20.0 10.0
371.0 645.0 20.0 10.0
109.0 591.0 20.0 10.0
25.0 505.0 20.0 10.0
637.0 214.0 20.0 10.0
404.0 451.0 20.0 10.0
800.0 1040.0 20.0 10.0
380.0 513.0 20.0 10.0
129.0 624.0 20.0 10.0
412.0 343.0 20.0 10.0
710.0 856.0 20.0 10.0
114.0 577.0 20.0 10.0
758.0 609.0 20.0 10.0
92.0 583.0 20.0 10.0
217.0 87.0 20.0 10.0
315.0 99.0 20.0 10.0
791.0 1042.0 20.0 10.0
634.0 498.0 20.0 10.0
555.0 376.0 20.0 10.0
569.0 750.0 20.0 10.0
604.0 825.0 20.0 10.0
355.0 662.0 20.0 10.0
402.0 385.0 20.0 10.0
442.0 366.0 20.0 10.0
254.0 117.0 20.0 10.0
625.0 840.0 20.0 10.0
563.0 307.0 20.0 10.0
1106.0 709.0 20.0 10.0
834.0 509.0 20.0 10.0
537.0 310.0 20.0 10.0
115.0 612.0 20.0 10.0
134.0 528.0 20.0 10.0
207.0 80.0 20.0 10.0
536.0 675.0 20.0 10.0
474.0 307.0 20.0 10.0
330.0 638.0 20.0 10.0
615.0 728.0 20.0 10.0
867.0 568.0 20.0 10.0
320.0 60.0 20.0 10.0
87.0 599.0 20.0 10.0
395.0 627.0 20.0 10.0
1065.0 721.0 20.0 10.0
25.0 516.0 20.0 10.0
386.0 651.0 20.0 10.0
704.0 942.0 20.0 10.0
447.0 563.0 20.0 10.0
1043.0 721.0 20.0 10.0
659.0 810.0 20.0 10.0
734.0 763.0 20.0 10.0
610.0 239.0 20.0 10.0
726.0 792.0 20.0 10.0
448.0 337.0 20.0 10.0
90.0 612.0 20.0 10.0
806.0 956.0 20.0 10.0
462.0 386.0 20.0 10.0
785.0 1016.0 20.0 10.0
269.0 25.0 20.0 10.0
776.0 1005.0 20.0 10.0
297.0 145.0 20.0 10.0
623.0 881.0 20.0 10.0
605.0 199.0 20.0 10.0
343.0 124.0 20.0 10.0
903.0 547.0 20.0 10.0
372.0 236.0 20.0 10.0
819.0 596.0 20.0 10.0
646.0 698.0 20.0 10.0
355.0 516.0 20.0 10.0
767.0 975.0 20.0 10.0
910.0 661.0 20.0 10.0
322.0 95.0 20.0 10.0
298.0 137.0 20.0 10.0
803.0 477.0 20.0 10.0
559.0 284.0 20.0 10.0
717.0 890.0 20.0 10.0
1072.0 728.0 20.0 10.0
1094.0 746.0 20.0 10.0
248.0 51.0 20.0 10.0
414.0 528.0 20.0 10.0
255.0 566.0 20.0 10.0
778.0 497.0 20.0 10.0
305.0 516.0 20.0 10.0
393.0 291.0 20.0 10.0
874.0 590.0 20.0 10.0
