500
838.0 586.0 20.0 10.0
757.0 679.0 20.0 10.0
873.0 589.0 20.0 10.0
807.0 708.0 20.0 10.0
921.0 499.0 20.0 10.0
728.0 663.0 20.0 10.0
998.0 414.0 20.0 10.0
857.0 738.0 20.0 10.0
665.0 765.0 20.0 10.0
575.0 850.0 20.0 10.0
762.0 714.0 20.0 10.0
1006.0 382.0 20.0 10.0
827.0 540.0 20.0 10.0
967.0 485.0 20.0 10.0
1073.0 331.0 20.0 10.0
935.0 460.0 20.0 10.0
640.0 787.0 20.0 10.0
1076.0 269.0 20.0 10.0
499.0 942.0 20.0 10.0
1001.0 488.0 20.0 10.0
422.0 1029.0 20.0 10.0
343.0 1093.0 20.0 10.0
623.0 802.0 20.0 10.0
395.0 1027.0 20.0 10.0
504.0 979.0 20.0 10.0
1121.0 291.0 20.0 10.0
1148.0 293.0 20.0 10.0
622.0 769.0 20.0 10.0
1087.0 232.0 20.0 10.0
283.0 1131.0 20.0 10.0
831.0 504.0 20.0 10.0
296.0 1109.0 20.0 10.0
501.0 1012.0 20.0 10.0
400.0 1055.0 20.0 10.0
513.0 842.0 20.0 10.0
846.0 562.0 20.0 10.0
1101.0 273.0 20.0 10.0
1034.0 390.0 20.0 10.0
813.0 503.0 20.0 10.0
880.0 770.0 20.0 10.0
407.0 1099.0 20.0 10.0
612.0 803.0 20.0 10.0
393.0 1164.0 20.0 10.0
253.0 1155.0 20.0 10.0
839.0 475.0 20.0 10.0
1082.0 219.0 20.0 10.0
228.0 1162.0 20.0 10.0
738.0 649.0 20.0 10.0
1128.0 217.0 20.0 10.0
293.0 1154.0 20.0 10.0
385.0 1210.0 20.0 10.0
1214.0 249.0 20.0 10.0
1071.0 294.0 20.0 10.0
243.0 1215.0 20.0 10.0
398.0 1211.0 20.0 10.0
1097.0 285.0 20.0 10.0
817.0 517.0 20.0 10.0
1275.0 207.0 20.0 10.0
476.0 970.0 20.0 10.0
384.0 1133.0 20.0 10.0
1327.0 170.0 20.0 10.0
270.0 1122.0 20.0 10.0
778.0 744.0 20.0 10.0
942.0 476.0 20.0 10.0
958.0 443.0 20.0 10.0
491.0 825.0 20.0 10.0
1073.0 227.0 20.0 10.0
992.0 467.0 20.0 10.0
795.0 772.0 20.0 10.0
377.0 1199.0 20.0 10.0
394.0 1083.0 20.0 10.0
1357.0 145.0 20.0 10.0
639.0 747.0 20.0 10.0
577.0 882.0 20.0 10.0
212.0 1244.0 20.0 10.0
456.0 830.0 20.0 10.0
376.0 1103.0 20.0 10.0
603.0 830.0 20.0 10.0
1079.0 207.0 20.0 10.0
178.0 1191.0 20.0 10.0
590.0 814.0 20.0 10.0
1003.0 472.0 20.0 10.0
415.0 838.0 20.0 10.0
357.0 1159.0 20.0 10.0
410.0 812.0 20.0 10.0
427.0 835.0 20.0 10.0
482.0 843.0 20.0 10.0
384.0 798.0 20.0 10.0
261.0 1115.0 20.0 10.0
899.0 761.0 20.0 10.0
136.0 1216.0 20.0 10.0
106.0 1235.0 20.0 10.0
201.0 1267.0 20.0 10.0
1089.0 191.0 20.0 10.0
1086.0 202.0 20.0 10.0
485.0 995.0 20.0 10.0
630.0 728.0 20.0 10.0
377.0 819.0 20.0 10.0
732.0 627.0 20.0 10.0
617.0 737.0 20.0 10.0
1062.0 368.0 20.0 10.0
866.0 563.0 20.0 10.0
644.0 815.0 20.0 10.0
891.0 734.0 20.0 10.0
888.0 542.0 20.0 10.0
623.0 723.0 20.0 10.0
1023.0 449.0 20.0 10.0
1303.0 180.0 20.0 10.0
436.0 815.0 20.0 10.0
385.0 1035.0 20.0 10.0
848.0 484.0 20.0 10.0
380.0 1238.0 20.0 10.0
1311.0 189.0 20.0 10.0
488.0 858.0 20.0 10.0
683.0 786.0 20.0 10.0
376.0 848.0 20.0 10.0
1150.0 165.0 20.0 10.0
403.0 1193.0 20.0 10.0
1093.0 358.0 20.0 10.0
356.0 1223.0 20.0 10.0
375.0 795.0 20.0 10.0
468.0 994.0 20.0 10.0
805.0 794.0 20.0 10.0
601.0 713.0 20.0 10.0
500.0 1040.0 20.0 10.0
1067.0 385.0 20.0 10.0
934.0 786.0 20.0 10.0
1136.0 185.0 20.0 10.0
1066.0 260.0 20.0 10.0
389.0 792.0 20.0 10.0
1159.0 267.0 20.0 10.0
1033.0 459.0 20.0 10.0
147.0 1200.0 20.0 10.0
905.0 789.0 20.0 10.0
1184.0 243.0 20.0 10.0
653.0 739.0 20.0 10.0
895.0 795.0 20.0 10.0
263.0 1159.0 20.0 10.0
352.0 1109.0 20.0 10.0
1157.0 251.0 20.0 10.0
1168.0 117.0 20.0 10.0
1371.0 142.0 20.0 10.0
231.0 1126.0 20.0 10.0
408.0 1234.0 20.0 10.0
109.0 1239.0 20.0 10.0
258.0 1127.0 20.0 10.0
229.0 1147.0 20.0 10.0
393.0 1190.0 20.0 10.0
353.0 858.0 20.0 10.0
186.0 1266.0 20.0 10.0
860.0 535.0 20.0 10.0
373.0 778.0 20.0 10.0
803.0 467.0 20.0 10.0
1170.0 141.0 20.0 10.0
314.0 1107.0 20.0 10.0
1020.0 470.0 20.0 10.0
804.0 820.0 20.0 10.0
770.0 768.0 20.0 10.0
895.0 558.0 20.0 10.0
869.0 476.0 20.0 10.0
363.0 1195.0 20.0 10.0
672.0 795.0 20.0 10.0
904.0 820.0 20.0 10.0
798.0 444.0 20.0 10.0
343.0 821.0 20.0 10.0
1149.0 280.0 20.0 10.0
916.0 543.0 20.0 10.0
1173.0 76.0 20.0 10.0
749.0 653.0 20.0 10.0
714.0 639.0 20.0 10.0
92.0 1248.0 20.0 10.0
404.0 1128.0 20.0 10.0
397.0 1249.0 20.0 10.0
1188.0 217.0 20.0 10.0
557.0 878.0 20.0 10.0
1176.0 44.0 20.0 10.0
1194.0 285.0 20.0 10.0
785.0 441.0 20.0 10.0
415.0 1216.0 20.0 10.0
1072.0 190.0 20.0 10.0
338.0 1223.0 20.0 10.0
416.0 816.0 20.0 10.0
1189.0 259.0 20.0 10.0
710.0 675.0 20.0 10.0
157.0 1210.0 20.0 10.0
1060.0 231.0 20.0 10.0
503.0 1061.0 20.0 10.0
1207.0 197.0 20.0 10.0
728.0 620.0 20.0 10.0
347.0 782.0 20.0 10.0
350.0 1043.0 20.0 10.0
906.0 589.0 20.0 10.0
914.0 717.0 20.0 10.0
1088.0 174.0 20.0 10.0
817.0 789.0 20.0 10.0
180.0 1303.0 20.0 10.0
918.0 731.0 20.0 10.0
88.0 1253.0 20.0 10.0
234.0 1177.0 20.0 10.0
801.0 754.0 20.0 10.0
329.0 1045.0 20.0 10.0
358.0 787.0 20.0 10.0
1109.0 342.0 20.0 10.0
573.0 816.0 20.0 10.0
1071.0 159.0 20.0 10.0
616.0 853.0 20.0 10.0
686.0 819.0 20.0 10.0
685.0 840.0 20.0 10.0
659.0 834.0 20.0 10.0
691.0 641.0 20.0 10.0
720.0 596.0 20.0 10.0
159.0 1311.0 20.0 10.0
1216.0 254.0 20.0 10.0
970.0 807.0 20.0 10.0
377.0 1252.0 20.0 10.0
618.0 876.0 20.0 10.0
1187.0 50.0 20.0 10.0
1212.0 199.0 20.0 10.0
835.0 705.0 20.0 10.0
764.0 422.0 20.0 10.0
807.0 496.0 20.0 10.0
380.0 1160.0 20.0 10.0
343.0 853.0 20.0 10.0
941.0 428.0 20.0 10.0
319.0 1252.0 20.0 10.0
1188.0 84.0 20.0 10.0
851.0 686.0 20.0 10.0
779.0 668.0 20.0 10.0
1195.0 98.0 20.0 10.0
890.0 518.0 20.0 10.0
1198.0 226.0 20.0 10.0
1088.0 241.0 20.0 10.0
890.0 605.0 20.0 10.0
1070.0 236.0 20.0 10.0
343.0 787.0 20.0 10.0
228.0 1248.0 20.0 10.0
370.0 1281.0 20.0 10.0
998.0 813.0 20.0 10.0
912.0 527.0 20.0 10.0
333.0 1181.0 20.0 10.0
1148.0 190.0 20.0 10.0
927.0 606.0 20.0 10.0
125.0 1349.0 20.0 10.0
560.0 808.0 20.0 10.0
135.0 1331.0 20.0 10.0
170.0 1285.0 20.0 10.0
505.0 1080.0 20.0 10.0
1005.0 446.0 20.0 10.0
1404.0 125.0 20.0 10.0
605.0 785.0 20.0 10.0
593.0 857.0 20.0 10.0
897.0 579.0 20.0 10.0
930.0 760.0 20.0 10.0
533.0 887.0 20.0 10.0
1322.0 159.0 20.0 10.0
372.0 1067.0 20.0 10.0
480.0 959.0 20.0 10.0
597.0 723.0 20.0 10.0
791.0 765.0 20.0 10.0
151.0 1206.0 20.0 10.0
930.0 519.0 20.0 10.0
76.0 1247.0 20.0 10.0
1186.0 251.0 20.0 10.0
1214.0 192.0 20.0 10.0
782.0 791.0 20.0 10.0
929.0 574.0 20.0 10.0
134.0 1341.0 20.0 10.0
1232.0 166.0 20.0 10.0
1026.0 493.0 20.0 10.0
1403.0 118.0 20.0 10.0
782.0 645.0 20.0 10.0
1339.0 173.0 20.0 10.0
1044.0 214.0 20.0 10.0
952.0 612.0 20.0 10.0
1426.0 98.0 20.0 10.0
933.0 541.0 20.0 10.0
314.0 779.0 20.0 10.0
160.0 1329.0 20.0 10.0
462.0 861.0 20.0 10.0
1229.0 267.0 20.0 10.0
1226.0 178.0 20.0 10.0
325.0 1062.0 20.0 10.0
809.0 783.0 20.0 10.0
1248.0 143.0 20.0 10.0
1206.0 53.0 20.0 10.0
313.0 825.0 20.0 10.0
348.0 1077.0 20.0 10.0
803.0 435.0 20.0 10.0
98.0 1378.0 20.0 10.0
320.0 769.0 20.0 10.0
1180.0 227.0 20.0 10.0
213.0 1270.0 20.0 10.0
1169.0 222.0 20.0 10.0
393.0 1281.0 20.0 10.0
1000.0 824.0 20.0 10.0
548.0 866.0 20.0 10.0
694.0 625.0 20.0 10.0
1025.0 839.0 20.0 10.0
1261.0 250.0 20.0 10.0
79.0 1406.0 20.0 10.0
1057.0 442.0 20.0 10.0
840.0 680.0 20.0 10.0
917.0 601.0 20.0 10.0
545.0 821.0 20.0 10.0
1201.0 25.0 20.0 10.0
922.0 466.0 20.0 10.0
411.0 1240.0 20.0 10.0
1095.0 382.0 20.0 10.0
709.0 579.0 20.0 10.0
503.0 1098.0 20.0 10.0
791.0 482.0 20.0 10.0
1377.0 125.0 20.0 10.0
781.0 449.0 20.0 10.0
829.0 562.0 20.0 10.0
1115.0 348.0 20.0 10.0
660.0 852.0 20.0 10.0
334.0 1094.0 20.0 10.0
191.0 1261.0 20.0 10.0
392.0 1210.0 20.0 10.0
914.0 512.0 20.0 10.0
310.0 850.0 20.0 10.0
1420.0 94.0 20.0 10.0
836.0 800.0 20.0 10.0
453.0 985.0 20.0 10.0
511.0 1093.0 20.0 10.0
764.0 687.0 20.0 10.0
354.0 763.0 20.0 10.0
291.0 773.0 20.0 10.0
802.0 408.0 20.0 10.0
503.0 969.0 20.0 10.0
103.0 1375.0 20.0 10.0
566.0 901.0 20.0 10.0
339.0 1248.0 20.0 10.0
1293.0 242.0 20.0 10.0
1093.0 133.0 20.0 10.0
745.0 624.0 20.0 10.0
1350.0 147.0 20.0 10.0
1021.0 835.0 20.0 10.0
49.0 1256.0 20.0 10.0
752.0 400.0 20.0 10.0
1223.0 280.0 20.0 10.0
1302.0 188.0 20.0 10.0
1117.0 367.0 20.0 10.0
1245.0 232.0 20.0 10.0
790.0 815.0 20.0 10.0
333.0 775.0 20.0 10.0
1083.0 350.0 20.0 10.0
692.0 838.0 20.0 10.0
830.0 476.0 20.0 10.0
1107.0 214.0 20.0 10.0
906.0 845.0 20.0 10.0
1052.0 240.0 20.0 10.0
68.0 1264.0 20.0 10.0
148.0 1358.0 20.0 10.0
236.0 1146.0 20.0 10.0
1162.0 89.0 20.0 10.0
1207.0 240.0 20.0 10.0
1433.0 121.0 20.0 10.0
404.0 1279.0 20.0 10.0
961.0 413.0 20.0 10.0
394.0 1242.0 20.0 10.0
234.0 1110.0 20.0 10.0
932.0 807.0 20.0 10.0
369.0 1288.0 20.0 10.0
319.0 852.0 20.0 10.0
811.0 805.0 20.0 10.0
298.0 759.0 20.0 10.0
549.0 786.0 20.0 10.0
137.0 1384.0 20.0 10.0
955.0 571.0 20.0 10.0
1321.0 242.0 20.0 10.0
896.0 786.0 20.0 10.0
1088.0 107.0 20.0 10.0
940.0 717.0 20.0 10.0
300.0 1071.0 20.0 10.0
1285.0 242.0 20.0 10.0
315.0 1198.0 20.0 10.0
882.0 726.0 20.0 10.0
468.0 947.0 20.0 10.0
949.0 828.0 20.0 10.0
364.0 1318.0 20.0 10.0
618.0 818.0 20.0 10.0
1053.0 491.0 20.0 10.0
917.0 798.0 20.0 10.0
65.0 1431.0 20.0 10.0
825.0 463.0 20.0 10.0
360.0 1338.0 20.0 10.0
946.0 730.0 20.0 10.0
777.0 631.0 20.0 10.0
697.0 564.0 20.0 10.0
111.0 1354.0 20.0 10.0
739.0 697.0 20.0 10.0
1071.0 169.0 20.0 10.0
924.0 836.0 20.0 10.0
1181.0 264.0 20.0 10.0
309.0 1084.0 20.0 10.0
307.0 1279.0 20.0 10.0
369.0 1229.0 20.0 10.0
933.0 435.0 20.0 10.0
418.0 1267.0 20.0 10.0
1394.0 103.0 20.0 10.0
732.0 687.0 20.0 10.0
960.0 761.0 20.0 10.0
1042.0 852.0 20.0 10.0
337.0 1211.0 20.0 10.0
804.0 448.0 20.0 10.0
199.0 1155.0 20.0 10.0
362.0 1033.0 20.0 10.0
683.0 863.0 20.0 10.0
1184.0 118.0 20.0 10.0
1367.0 171.0 20.0 10.0
409.0 853.0 20.0 10.0
450.0 868.0 20.0 10.0
686.0 566.0 20.0 10.0
361.0 809.0 20.0 10.0
958.0 389.0 20.0 10.0
1070.0 130.0 20.0 10.0
1169.0 46.0 20.0 10.0
1089.0 371.0 20.0 10.0
813.0 775.0 20.0 10.0
388.0 1271.0 20.0 10.0
447.0 979.0 20.0 10.0
1089.0 179.0 20.0 10.0
202.0 1185.0 20.0 10.0
1084.0 447.0 20.0 10.0
1092.0 148.0 20.0 10.0
82.0 1400.0 20.0 10.0
1420.0 109.0 20.0 10.0
826.0 812.0 20.0 10.0
942.0 513.0 20.0 10.0
1330.0 173.0 20.0 10.0
914.0 774.0 20.0 10.0
927.0 777.0 20.0 10.0
1393.0 129.0 20.0 10.0
672.0 613.0 20.0 10.0
159.0 1215.0 20.0 10.0
105.0 1368.0 20.0 10.0
1220.0 31.0 20.0 10.0
1106.0 108.0 20.0 10.0
1179.0 297.0 20.0 10.0
499.0 1053.0 20.0 10.0
305.0 1039.0 20.0 10.0
254.0 1145.0 20.0 10.0
302.0 1221.0 20.0 10.0
1048.0 443.0 20.0 10.0
697.0 851.0 20.0 10.0
594.0 736.0 20.0 10.0
1209.0 72.0 20.0 10.0
90.0 1398.0 20.0 10.0
216.0 1235.0 20.0 10.0
834.0 452.0 20.0 10.0
1079.0 486.0 20.0 10.0
844.0 449.0 20.0 10.0
789.0 841.0 20.0 10.0
333.0 1172.0 20.0 10.0
941.0 407.0 20.0 10.0
1078.0 440.0 20.0 10.0
316.0 812.0 20.0 10.0
952.0 490.0 20.0 10.0
872.0 757.0 20.0 10.0
1065.0 237.0 20.0 10.0
281.0 846.0 20.0 10.0
758.0 753.0 20.0 10.0
203.0 1134.0 20.0 10.0
617.0 712.0 20.0 10.0
955.0 786.0 20.0 10.0
172.0 1156.0 20.0 10.0
946.0 384.0 20.0 10.0
853.0 454.0 20.0 10.0
446.0 965.0 20.0 10.0
809.0 645.0 20.0 10.0
1428.0 115.0 20.0 10.0
1448.0 83.0 20.0 10.0
1144.0 364.0 20.0 10.0
1105.0 337.0 20.0 10.0
727.0 602.0 20.0 10.0
396.0 1233.0 20.0 10.0
24.0 1263.0 20.0 10.0
794.0 384.0 20.0 10.0
817.0 758.0 20.0 10.0
115.0 1364.0 20.0 10.0
1045.0 847.0 20.0 10.0
420.0 1058.0 20.0 10.0
1354.0 154.0 20.0 10.0
361.0 1259.0 20.0 10.0
1124.0 251.0 20.0 10.0
991.0 820.0 20.0 10.0
626.0 871.0 20.0 10.0
957.0 819.0 20.0 10.0
907.0 718.0 20.0 10.0
788.0 423.0 20.0 10.0
435.0 1233.0 20.0 10.0
1179.0 247.0 20.0 10.0
1100.0 101.0 20.0 10.0
1096.0 104.0 20.0 10.0
774.0 709.0 20.0 10.0
330.0 859.0 20.0 10.0
738.0 624.0 20.0 10.0
1064.0 103.0 20.0 10.0
825.0 676.0 20.0 10.0
