500
657.0 595.0 20.0 10.0
735.0 507.0 20.0 10.0
814.0 428.0 20.0 10.0
560.0 662.0 20.0 10.0
546.0 738.0 20.0 10.0
774.0 504.0 20.0 10.0
465.0 669.0 20.0 10.0
784.0 503.0 20.0 10.0
887.0 398.0 20.0 10.0
619.0 552.0 20.0 10.0
549.0 789.0 20.0 10.0
724.0 449.0 20.0 10.0
714.0 393.0 20.0 10.0
510.0 717.0 20.0 10.0
856.0 349.0 20.0 10.0
473.0 767.0 20.0 10.0
690.0 370.0 20.0 10.0
589.0 511.0 20.0 10.0
716.0 485.0 20.0 10.0
469.0 749.0 20.0 10.0
947.0 366.0 20.0 10.0
381.0 692.0 20.0 10.0
666.0 629.0 20.0 10.0
810.0 504.0 20.0 10.0
710.0 654.0 20.0 10.0
566.0 474.0 20.0 10.0
1000.0 344.0 20.0 10.0
413.0 641.0 20.0 10.0
874.0 319.0 20.0 10.0
1030.0 317.0 20.0 10.0
542.0 438.0 20.0 10.0
900.0 283.0 20.0 10.0
761.0 714.0 20.0 10.0
590.0 558.0 20.0 10.0
432.0 781.0 20.0 10.0
665.0 659.0 20.0 10.0
523.0 802.0 20.0 10.0
934.0 240.0 20.0 10.0
306.0 706.0 20.0 10.0
795.0 519.0 20.0 10.0
981.0 336.0 20.0 10.0
516.0 410.0 20.0 10.0
275.0 701.0 20.0 10.0
647.0 649.0 20.0 10.0
267.0 729.0 20.0 10.0
931.0 228.0 20.0 10.0
367.0 620.0 20.0 10.0
380.0 635.0 20.0 10.0
647.0 677.0 20.0 10.0
689.0 642.0 20.0 10.0
534.0 764.0 20.0 10.0
869.0 298.0 20.0 10.0
575.0 545.0 20.0 10.0
799.0 470.0 20.0 10.0
840.0 500.0 20.0 10.0
438.0 814.0 20.0 10.0
803.0 437.0 20.0 10.0
324.0 600.0 20.0 10.0
808.0 763.0 20.0 10.0
936.0 398.0 20.0 10.0
646.0 619.0 20.0 10.0
808.0 413.0 20.0 10.0
346.0 710.0 20.0 10.0
697.0 353.0 20.0 10.0
516.0 830.0 20.0 10.0
908.0 367.0 20.0 10.0
1010.0 310.0 20.0 10.0
257.0 702.0 20.0 10.0
723.0 423.0 20.0 10.0
672.0 576.0 20.0 10.0
688.0 381.0 20.0 10.0
980.0 395.0 20.0 10.0
388.0 640.0 20.0 10.0
681.0 328.0 20.0 10.0
849.0 811.0 20.0 10.0
507.0 860.0 20.0 10.0
675.0 343.0 20.0 10.0
685.0 316.0 20.0 10.0
673.0 284.0 20.0 10.0
882.0 268.0 20.0 10.0
406.0 850.0 20.0 10.0
398.0 810.0 20.0 10.0
490.0 912.0 20.0 10.0
218.0 701.0 20.0 10.0
779.0 757.0 20.0 10.0
827.0 516.0 20.0 10.0
923.0 339.0 20.0 10.0
913.0 255.0 20.0 10.0
586.0 530.0 20.0 10.0
390.0 616.0 20.0 10.0
553.0 838.0 20.0 10.0
837.0 785.0 20.0 10.0
750.0 531.0 20.0 10.0
551.0 881.0 20.0 10.0
295.0 604.0 20.0 10.0
716.0 352.0 20.0 10.0
919.0 253.0 20.0 10.0
788.0 795.0 20.0 10.0
394.0 623.0 20.0 10.0
865.0 525.0 20.0 10.0
733.0 369.0 20.0 10.0
900.0 528.0 20.0 10.0
703.0 466.0 20.0 10.0
781.0 738.0 20.0 10.0
425.0 847.0 20.0 10.0
725.0 486.0 20.0 10.0
560.0 688.0 20.0 10.0
247.0 719.0 20.0 10.0
374.0 619.0 20.0 10.0
631.0 601.0 20.0 10.0
776.0 734.0 20.0 10.0
1002.0 316.0 20.0 10.0
888.0 538.0 20.0 10.0
880.0 844.0 20.0 10.0
797.0 498.0 20.0 10.0
799.0 828.0 20.0 10.0
851.0 799.0 20.0 10.0
962.0 178.0 20.0 10.0
1046.0 331.0 20.0 10.0
879.0 253.0 20.0 10.0
963.0 216.0 20.0 10.0
991.0 135.0 20.0 10.0
981.0 365.0 20.0 10.0
351.0 635.0 20.0 10.0
808.0 518.0 20.0 10.0
287.0 592.0 20.0 10.0
801.0 411.0 20.0 10.0
942.0 204.0 20.0 10.0
565.0 908.0 20.0 10.0
522.0 416.0 20.0 10.0
540.0 679.0 20.0 10.0
494.0 739.0 20.0 10.0
553.0 515.0 20.0 10.0
367.0 590.0 20.0 10.0
836.0 398.0 20.0 10.0
1084.0 316.0 20.0 10.0
502.0 386.0 20.0 10.0
866.0 843.0 20.0 10.0
410.0 869.0 20.0 10.0
998.0 107.0 20.0 10.0
907.0 878.0 20.0 10.0
524.0 502.0 20.0 10.0
564.0 871.0 20.0 10.0
843.0 371.0 20.0 10.0
865.0 796.0 20.0 10.0
308.0 572.0 20.0 10.0
184.0 705.0 20.0 10.0
366.0 647.0 20.0 10.0
477.0 959.0 20.0 10.0
662.0 681.0 20.0 10.0
465.0 1000.0 20.0 10.0
343.0 690.0 20.0 10.0
380.0 867.0 20.0 10.0
917.0 402.0 20.0 10.0
961.0 207.0 20.0 10.0
561.0 817.0 20.0 10.0
352.0 719.0 20.0 10.0
691.0 633.0 20.0 10.0
799.0 386.0 20.0 10.0
919.0 345.0 20.0 10.0
1041.0 293.0 20.0 10.0
414.0 842.0 20.0 10.0
827.0 782.0 20.0 10.0
232.0 753.0 20.0 10.0
158.0 709.0 20.0 10.0
363.0 834.0 20.0 10.0
199.0 767.0 20.0 10.0
785.0 825.0 20.0 10.0
194.0 728.0 20.0 10.0
503.0 893.0 20.0 10.0
161.0 701.0 20.0 10.0
419.0 874.0 20.0 10.0
501.0 484.0 20.0 10.0
416.0 832.0 20.0 10.0
680.0 653.0 20.0 10.0
561.0 488.0 20.0 10.0
1067.0 279.0 20.0 10.0
500.0 745.0 20.0 10.0
583.0 892.0 20.0 10.0
817.0 496.0 20.0 10.0
701.0 666.0 20.0 10.0
558.0 899.0 20.0 10.0
709.0 690.0 20.0 10.0
144.0 737.0 20.0 10.0
556.0 767.0 20.0 10.0
344.0 604.0 20.0 10.0
1019.0 390.0 20.0 10.0
927.0 904.0 20.0 10.0
620.0 525.0 20.0 10.0
367.0 716.0 20.0 10.0
474.0 991.0 20.0 10.0
1105.0 294.0 20.0 10.0
375.0 882.0 20.0 10.0
733.0 676.0 20.0 10.0
871.0 494.0 20.0 10.0
682.0 697.0 20.0 10.0
506.0 836.0 20.0 10.0
730.0 464.0 20.0 10.0
872.0 850.0 20.0 10.0
1014.0 99.0 20.0 10.0
931.0 532.0 20.0 10.0
613.0 588.0 20.0 10.0
461.0 1024.0 20.0 10.0
1053.0 387.0 20.0 10.0
698.0 381.0 20.0 10.0
355.0 681.0 20.0 10.0
829.0 400.0 20.0 10.0
982.0 187.0 20.0 10.0
949.0 213.0 20.0 10.0
440.0 677.0 20.0 10.0
347.0 900.0 20.0 10.0
397.0 870.0 20.0 10.0
1007.0 391.0 20.0 10.0
259.0 577.0 20.0 10.0
258.0 589.0 20.0 10.0
897.0 485.0 20.0 10.0
717.0 313.0 20.0 10.0
621.0 510.0 20.0 10.0
732.0 406.0 20.0 10.0
458.0 1037.0 20.0 10.0
364.0 723.0 20.0 10.0
361.0 914.0 20.0 10.0
946.0 173.0 20.0 10.0
772.0 540.0 20.0 10.0
881.0 304.0 20.0 10.0
871.0 269.0 20.0 10.0
682.0 259.0 20.0 10.0
891.0 885.0 20.0 10.0
964.0 189.0 20.0 10.0
345.0 739.0 20.0 10.0
118.0 752.0 20.0 10.0
673.0 554.0 20.0 10.0
338.0 617.0 20.0 10.0
868.0 321.0 20.0 10.0
847.0 530.0 20.0 10.0
326.0 740.0 20.0 10.0
674.0 358.0 20.0 10.0
518.0 859.0 20.0 10.0
957.0 222.0 20.0 10.0
899.0 863.0 20.0 10.0
579.0 789.0 20.0 10.0
804.0 860.0 20.0 10.0
345.0 681.0 20.0 10.0
948.0 326.0 20.0 10.0
1032.0 80.0 20.0 10.0
1012.0 115.0 20.0 10.0
540.0 408.0 20.0 10.0
460.0 1031.0 20.0 10.0
346.0 571.0 20.0 10.0
876.0 831.0 20.0 10.0
1034.0 345.0 20.0 10.0
205.0 766.0 20.0 10.0
696.0 453.0 20.0 10.0
778.0 787.0 20.0 10.0
849.0 374.0 20.0 10.0
685.0 593.0 20.0 10.0
596.0 540.0 20.0 10.0
922.0 906.0 20.0 10.0
1080.0 384.0 20.0 10.0
297.0 581.0 20.0 10.0
660.0 258.0 20.0 10.0
914.0 382.0 20.0 10.0
301.0 754.0 20.0 10.0
533.0 471.0 20.0 10.0
963.0 399.0 20.0 10.0
811.0 530.0 20.0 10.0
549.0 916.0 20.0 10.0
512.0 447.0 20.0 10.0
955.0 532.0 20.0 10.0
803.0 779.0 20.0 10.0
843.0 429.0 20.0 10.0
902.0 910.0 20.0 10.0
643.0 689.0 20.0 10.0
802.0 483.0 20.0 10.0
615.0 492.0 20.0 10.0
769.0 815.0 20.0 10.0
960.0 534.0 20.0 10.0
863.0 549.0 20.0 10.0
665.0 319.0 20.0 10.0
575.0 700.0 20.0 10.0
310.0 618.0 20.0 10.0
480.0 718.0 20.0 10.0
706.0 604.0 20.0 10.0
318.0 690.0 20.0 10.0
782.0 726.0 20.0 10.0
702.0 648.0 20.0 10.0
532.0 654.0 20.0 10.0
350.0 565.0 20.0 10.0
655.0 240.0 20.0 10.0
866.0 873.0 20.0 10.0
906.0 914.0 20.0 10.0
328.0 580.0 20.0 10.0
976.0 148.0 20.0 10.0
928.0 357.0 20.0 10.0
914.0 543.0 20.0 10.0
1113.0 320.0 20.0 10.0
330.0 856.0 20.0 10.0
543.0 942.0 20.0 10.0
213.0 726.0 20.0 10.0
989.0 184.0 20.0 10.0
391.0 844.0 20.0 10.0
947.0 921.0 20.0 10.0
852.0 518.0 20.0 10.0
907.0 845.0 20.0 10.0
508.0 654.0 20.0 10.0
505.0 381.0 20.0 10.0
801.0 886.0 20.0 10.0
932.0 401.0 20.0 10.0
512.0 669.0 20.0 10.0
455.0 789.0 20.0 10.0
760.0 740.0 20.0 10.0
977.0 545.0 20.0 10.0
370.0 607.0 20.0 10.0
882.0 863.0 20.0 10.0
966.0 340.0 20.0 10.0
173.0 777.0 20.0 10.0
723.0 619.0 20.0 10.0
782.0 551.0 20.0 10.0
795.0 361.0 20.0 10.0
222.0 737.0 20.0 10.0
536.0 510.0 20.0 10.0
488.0 942.0 20.0 10.0
786.0 731.0 20.0 10.0
843.0 412.0 20.0 10.0
505.0 829.0 20.0 10.0
497.0 652.0 20.0 10.0
1078.0 329.0 20.0 10.0
821.0 467.0 20.0 10.0
881.0 239.0 20.0 10.0
272.0 565.0 20.0 10.0
103.0 750.0 20.0 10.0
659.0 706.0 20.0 10.0
470.0 737.0 20.0 10.0
988.0 321.0 20.0 10.0
942.0 386.0 20.0 10.0
1102.0 380.0 20.0 10.0
637.0 577.0 20.0 10.0
109.0 736.0 20.0 10.0
429.0 703.0 20.0 10.0
499.0 870.0 20.0 10.0
453.0 1068.0 20.0 10.0
345.0 939.0 20.0 10.0
793.0 751.0 20.0 10.0
925.0 225.0 20.0 10.0
577.0 538.0 20.0 10.0
487.0 844.0 20.0 10.0
283.0 557.0 20.0 10.0
541.0 706.0 20.0 10.0
963.0 392.0 20.0 10.0
475.0 1019.0 20.0 10.0
356.0 586.0 20.0 10.0
476.0 1042.0 20.0 10.0
577.0 842.0 20.0 10.0
935.0 861.0 20.0 10.0
69.0 756.0 20.0 10.0
622.0 623.0 20.0 10.0
83.0 743.0 20.0 10.0
834.0 774.0 20.0 10.0
858.0 390.0 20.0 10.0
862.0 494.0 20.0 10.0
716.0 279.0 20.0 10.0
724.0 360.0 20.0 10.0
337.0 847.0 20.0 10.0
879.0 870.0 20.0 10.0
225.0 704.0 20.0 10.0
527.0 509.0 20.0 10.0
318.0 729.0 20.0 10.0
309.0 690.0 20.0 10.0
356.0 904.0 20.0 10.0
571.0 861.0 20.0 10.0
451.0 1057.0 20.0 10.0
793.0 566.0 20.0 10.0
322.0 636.0 20.0 10.0
514.0 497.0 20.0 10.0
712.0 249.0 20.0 10.0
801.0 803.0 20.0 10.0
728.0 332.0 20.0 10.0
721.0 612.0 20.0 10.0
982.0 119.0 20.0 10.0
1063.0 339.0 20.0 10.0
157.0 784.0 20.0 10.0
1113.0 303.0 20.0 10.0
587.0 816.0 20.0 10.0
816.0 798.0 20.0 10.0
946.0 220.0 20.0 10.0
1087.0 268.0 20.0 10.0
418.0 667.0 20.0 10.0
493.0 424.0 20.0 10.0
315.0 679.0 20.0 10.0
543.0 959.0 20.0 10.0
917.0 932.0 20.0 10.0
42.0 753.0 20.0 10.0
338.0 544.0 20.0 10.0
331.0 550.0 20.0 10.0
1007.0 161.0 20.0 10.0
990.0 201.0 20.0 10.0
185.0 737.0 20.0 10.0
891.0 213.0 20.0 10.0
737.0 467.0 20.0 10.0
478.0 757.0 20.0 10.0
531.0 385.0 20.0 10.0
574.0 778.0 20.0 10.0
863.0 362.0 20.0 10.0
302.0 873.0 20.0 10.0
1057.0 292.0 20.0 10.0
818.0 808.0 20.0 10.0
424.0 879.0 20.0 10.0
804.0 446.0 20.0 10.0
390.0 858.0 20.0 10.0
541.0 911.0 20.0 10.0
386.0 898.0 20.0 10.0
523.0 426.0 20.0 10.0
940.0 322.0 20.0 10.0
305.0 869.0 20.0 10.0
896.0 180.0 20.0 10.0
286.0 681.0 20.0 10.0
748.0 447.0 20.0 10.0
566.0 804.0 20.0 10.0
721.0 328.0 20.0 10.0
333.0 925.0 20.0 10.0
898.0 491.0 20.0 10.0
713.0 683.0 20.0 10.0
885.0 222.0 20.0 10.0
1010.0 359.0 20.0 10.0
891.0 804.0 20.0 10.0
1024.0 70.0 20.0 10.0
413.0 797.0 20.0 10.0
25.0 757.0 20.0 10.0
227.0 698.0 20.0 10.0
710.0 228.0 20.0 10.0
507.0 693.0 20.0 10.0
707.0 212.0 20.0 10.0
487.0 460.0 20.0 10.0
780.0 475.0 20.0 10.0
883.0 193.0 20.0 10.0
295.0 637.0 20.0 10.0
1036.0 45.0 20.0 10.0
822.0 536.0 20.0 10.0
291.0 742.0 20.0 10.0
354.0 707.0 20.0 10.0
1046.0 387.0 20.0 10.0
81.0 772.0 20.0 10.0
538.0 788.0 20.0 10.0
901.0 156.0 20.0 10.0
1084.0 276.0 20.0 10.0
196.0 708.0 20.0 10.0
921.0 259.0 20.0 10.0
956.0 881.0 20.0 10.0
891.0 523.0 20.0 10.0
886.0 878.0 20.0 10.0
439.0 1091.0 20.0 10.0
285.0 885.0 20.0 10.0
423.0 689.0 20.0 10.0
914.0 813.0 20.0 10.0
756.0 455.0 20.0 10.0
1035.0 71.0 20.0 10.0
472.0 410.0 20.0 10.0
821.0 896.0 20.0 10.0
831.0 834.0 20.0 10.0
280.0 766.0 20.0 10.0
486.0 895.0 20.0 10.0
496.0 393.0 20.0 10.0
552.0 412.0 20.0 10.0
810.0 734.0 20.0 10.0
270.0 750.0 20.0 10.0
673.0 543.0 20.0 10.0
688.0 436.0 20.0 10.0
368.0 638.0 20.0 10.0
196.0 692.0 20.0 10.0
591.0 809.0 20.0 10.0
513.0 393.0 20.0 10.0
483.0 761.0 20.0 10.0
451.0 1090.0 20.0 10.0
658.0 266.0 20.0 10.0
737.0 623.0 20.0 10.0
532.0 811.0 20.0 10.0
544.0 474.0 20.0 10.0
281.0 694.0 20.0 10.0
520.0 453.0 20.0 10.0
333.0 727.0 20.0 10.0
1055.0 48.0 20.0 10.0
895.0 154.0 20.0 10.0
812.0 395.0 20.0 10.0
500.0 898.0 20.0 10.0
885.0 279.0 20.0 10.0
505.0 510.0 20.0 10.0
891.0 182.0 20.0 10.0
846.0 347.0 20.0 10.0
478.0 488.0 20.0 10.0
812.0 371.0 20.0 10.0
736.0 344.0 20.0 10.0
1129.0 280.0 20.0 10.0
1099.0 386.0 20.0 10.0
73.0 746.0 20.0 10.0
478.0 470.0 20.0 10.0
1068.0 25.0 20.0 10.0
82.0 737.0 20.0 10.0
502.0 852.0 20.0 10.0
932.0 894.0 20.0 10.0
1104.0 264.0 20.0 10.0
