500
258.0 411.0 20.0 10.0
334.0 413.0 20.0 10.0
410.0 500.0 20.0 10.0
489.0 588.0 20.0 10.0
449.0 665.0 20.0 10.0
400.0 716.0 20.0 10.0
582.0 637.0 20.0 10.0
214.0 427.0 20.0 10.0
372.0 471.0 20.0 10.0
673.0 687.0 20.0 10.0
453.0 601.0 20.0 10.0
355.0 438.0 20.0 10.0
762.0 737.0 20.0 10.0
448.0 720.0 20.0 10.0
544.0 548.0 20.0 10.0
807.0 794.0 20.0 10.0
418.0 612.0 20.0 10.0
362.0 759.0 20.0 10.0
428.0 717.0 20.0 10.0
193.0 407.0 20.0 10.0
521.0 638.0 20.0 10.0
594.0 510.0 20.0 10.0
549.0 688.0 20.0 10.0
158.0 395.0 20.0 10.0
294.0 316.0 20.0 10.0
815.0 771.0 20.0 10.0
581.0 720.0 20.0 10.0
367.0 408.0 20.0 10.0
642.0 474.0 20.0 10.0
132.0 410.0 20.0 10.0
683.0 442.0 20.0 10.0
720.0 413.0 20.0 10.0
563.0 523.0 20.0 10.0
489.0 565.0 20.0 10.0
365.0 735.0 20.0 10.0
447.0 692.0 20.0 10.0
310.0 261.0 20.0 10.0
344.0 418.0 20.0 10.0
329.0 753.0 20.0 10.0
228.0 405.0 20.0 10.0
561.0 734.0 20.0 10.0
782.0 763.0 20.0 10.0
292.0 270.0 20.0 10.0
833.0 836.0 20.0 10.0
339.0 795.0 20.0 10.0
325.0 219.0 20.0 10.0
414.0 768.0 20.0 10.0
404.0 805.0 20.0 10.0
864.0 799.0 20.0 10.0
330.0 417.0 20.0 10.0
577.0 699.0 20.0 10.0
911.0 816.0 20.0 10.0
662.0 452.0 20.0 10.0
386.0 433.0 20.0 10.0
258.0 240.0 20.0 10.0
609.0 751.0 20.0 10.0
326.0 791.0 20.0 10.0
950.0 830.0 20.0 10.0
322.0 391.0 20.0 10.0
824.0 732.0 20.0 10.0
579.0 752.0 20.0 10.0
461.0 761.0 20.0 10.0
619.0 778.0 20.0 10.0
404.0 399.0 20.0 10.0
699.0 424.0 20.0 10.0
443.0 761.0 20.0 10.0
744.0 393.0 20.0 10.0
404.0 475.0 20.0 10.0
433.0 587.0 20.0 10.0
892.0 810.0 20.0 10.0
379.0 756.0 20.0 10.0
408.0 798.0 20.0 10.0
364.0 784.0 20.0 10.0
849.0 832.0 20.0 10.0
809.0 754.0 20.0 10.0
842.0 792.0 20.0 10.0
368.0 797.0 20.0 10.0
488.0 546.0 20.0 10.0
231.0 198.0 20.0 10.0
301.0 396.0 20.0 10.0
437.0 750.0 20.0 10.0
243.0 203.0 20.0 10.0
209.0 390.0 20.0 10.0
333.0 487.0 20.0 10.0
630.0 787.0 20.0 10.0
351.0 812.0 20.0 10.0
391.0 629.0 20.0 10.0
552.0 639.0 20.0 10.0
424.0 373.0 20.0 10.0
652.0 451.0 20.0 10.0
563.0 775.0 20.0 10.0
296.0 502.0 20.0 10.0
231.0 182.0 20.0 10.0
225.0 392.0 20.0 10.0
383.0 491.0 20.0 10.0
246.0 279.0 20.0 10.0
413.0 793.0 20.0 10.0
318.0 831.0 20.0 10.0
207.0 124.0 20.0 10.0
886.0 867.0 20.0 10.0
644.0 816.0 20.0 10.0
579.0 507.0 20.0 10.0
172.0 442.0 20.0 10.0
677.0 460.0 20.0 10.0
276.0 292.0 20.0 10.0
231.0 175.0 20.0 10.0
327.0 197.0 20.0 10.0
831.0 772.0 20.0 10.0
140.0 460.0 20.0 10.0
364.0 832.0 20.0 10.0
761.0 371.0 20.0 10.0
198.0 85.0 20.0 10.0
283.0 518.0 20.0 10.0
625.0 762.0 20.0 10.0
856.0 873.0 20.0 10.0
848.0 718.0 20.0 10.0
252.0 194.0 20.0 10.0
303.0 772.0 20.0 10.0
229.0 212.0 20.0 10.0
914.0 892.0 20.0 10.0
744.0 366.0 20.0 10.0
356.0 828.0 20.0 10.0
636.0 818.0 20.0 10.0
369.0 648.0 20.0 10.0
711.0 449.0 20.0 10.0
981.0 844.0 20.0 10.0
656.0 462.0 20.0 10.0
879.0 900.0 20.0 10.0
404.0 829.0 20.0 10.0
861.0 717.0 20.0 10.0
703.0 704.0 20.0 10.0
186.0 83.0 20.0 10.0
355.0 862.0 20.0 10.0
264.0 520.0 20.0 10.0
190.0 50.0 20.0 10.0
579.0 764.0 20.0 10.0
244.0 149.0 20.0 10.0
342.0 657.0 20.0 10.0
574.0 543.0 20.0 10.0
880.0 735.0 20.0 10.0
434.0 491.0 20.0 10.0
90.0 406.0 20.0 10.0
320.0 816.0 20.0 10.0
670.0 425.0 20.0 10.0
481.0 612.0 20.0 10.0
286.0 245.0 20.0 10.0
567.0 560.0 20.0 10.0
466.0 537.0 20.0 10.0
726.0 724.0 20.0 10.0
259.0 273.0 20.0 10.0
754.0 390.0 20.0 10.0
286.0 371.0 20.0 10.0
476.0 794.0 20.0 10.0
98.0 402.0 20.0 10.0
706.0 685.0 20.0 10.0
216.0 247.0 20.0 10.0
296.0 813.0 20.0 10.0
503.0 544.0 20.0 10.0
579.0 580.0 20.0 10.0
187.0 90.0 20.0 10.0
238.0 168.0 20.0 10.0
98.0 426.0 20.0 10.0
310.0 769.0 20.0 10.0
234.0 533.0 20.0 10.0
849.0 764.0 20.0 10.0
912.0 723.0 20.0 10.0
413.0 450.0 20.0 10.0
424.0 668.0 20.0 10.0
801.0 778.0 20.0 10.0
509.0 605.0 20.0 10.0
785.0 371.0 20.0 10.0
373.0 613.0 20.0 10.0
312.0 217.0 20.0 10.0
591.0 789.0 20.0 10.0
311.0 185.0 20.0 10.0
313.0 665.0 20.0 10.0
481.0 824.0 20.0 10.0
774.0 347.0 20.0 10.0
792.0 721.0 20.0 10.0
230.0 256.0 20.0 10.0
740.0 441.0 20.0 10.0
297.0 806.0 20.0 10.0
539.0 538.0 20.0 10.0
978.0 836.0 20.0 10.0
812.0 828.0 20.0 10.0
289.0 225.0 20.0 10.0
843.0 773.0 20.0 10.0
763.0 437.0 20.0 10.0
345.0 396.0 20.0 10.0
422.0 429.0 20.0 10.0
868.0 903.0 20.0 10.0
565.0 709.0 20.0 10.0
584.0 746.0 20.0 10.0
286.0 180.0 20.0 10.0
316.0 390.0 20.0 10.0
582.0 482.0 20.0 10.0
316.0 234.0 20.0 10.0
888.0 711.0 20.0 10.0
812.0 353.0 20.0 10.0
242.0 535.0 20.0 10.0
1002.0 859.0 20.0 10.0
587.0 515.0 20.0 10.0
254.0 278.0 20.0 10.0
284.0 141.0 20.0 10.0
667.0 484.0 20.0 10.0
90.0 414.0 20.0 10.0
435.0 347.0 20.0 10.0
410.0 813.0 20.0 10.0
613.0 510.0 20.0 10.0
665.0 466.0 20.0 10.0
339.0 839.0 20.0 10.0
445.0 324.0 20.0 10.0
307.0 373.0 20.0 10.0
433.0 775.0 20.0 10.0
210.0 194.0 20.0 10.0
371.0 380.0 20.0 10.0
282.0 780.0 20.0 10.0
875.0 785.0 20.0 10.0
920.0 749.0 20.0 10.0
378.0 383.0 20.0 10.0
644.0 767.0 20.0 10.0
801.0 803.0 20.0 10.0
442.0 470.0 20.0 10.0
818.0 710.0 20.0 10.0
943.0 822.0 20.0 10.0
565.0 661.0 20.0 10.0
409.0 688.0 20.0 10.0
553.0 559.0 20.0 10.0
641.0 810.0 20.0 10.0
124.0 391.0 20.0 10.0
570.0 811.0 20.0 10.0
865.0 858.0 20.0 10.0
725.0 704.0 20.0 10.0
417.0 739.0 20.0 10.0
303.0 811.0 20.0 10.0
593.0 493.0 20.0 10.0
692.0 464.0 20.0 10.0
585.0 793.0 20.0 10.0
219.0 169.0 20.0 10.0
341.0 189.0 20.0 10.0
835.0 745.0 20.0 10.0
442.0 803.0 20.0 10.0
422.0 383.0 20.0 10.0
655.0 839.0 20.0 10.0
299.0 351.0 20.0 10.0
179.0 61.0 20.0 10.0
924.0 735.0 20.0 10.0
320.0 663.0 20.0 10.0
563.0 530.0 20.0 10.0
426.0 459.0 20.0 10.0
309.0 155.0 20.0 10.0
212.0 158.0 20.0 10.0
780.0 377.0 20.0 10.0
576.0 524.0 20.0 10.0
335.0 199.0 20.0 10.0
187.0 387.0 20.0 10.0
341.0 856.0 20.0 10.0
939.0 913.0 20.0 10.0
322.0 193.0 20.0 10.0
742.0 735.0 20.0 10.0
110.0 469.0 20.0 10.0
837.0 789.0 20.0 10.0
103.0 414.0 20.0 10.0
206.0 544.0 20.0 10.0
235.0 516.0 20.0 10.0
196.0 443.0 20.0 10.0
728.0 676.0 20.0 10.0
435.0 685.0 20.0 10.0
453.0 296.0 20.0 10.0
578.0 633.0 20.0 10.0
752.0 745.0 20.0 10.0
52.0 419.0 20.0 10.0
755.0 738.0 20.0 10.0
570.0 730.0 20.0 10.0
554.0 749.0 20.0 10.0
210.0 530.0 20.0 10.0
397.0 840.0 20.0 10.0
954.0 758.0 20.0 10.0
309.0 862.0 20.0 10.0
896.0 709.0 20.0 10.0
649.0 801.0 20.0 10.0
771.0 771.0 20.0 10.0
360.0 396.0 20.0 10.0
191.0 135.0 20.0 10.0
343.0 777.0 20.0 10.0
407.0 850.0 20.0 10.0
770.0 384.0 20.0 10.0
535.0 715.0 20.0 10.0
833.0 816.0 20.0 10.0
461.0 713.0 20.0 10.0
315.0 176.0 20.0 10.0
440.0 833.0 20.0 10.0
405.0 877.0 20.0 10.0
185.0 551.0 20.0 10.0
748.0 687.0 20.0 10.0
176.0 53.0 20.0 10.0
832.0 764.0 20.0 10.0
223.0 140.0 20.0 10.0
273.0 206.0 20.0 10.0
275.0 383.0 20.0 10.0
68.0 439.0 20.0 10.0
595.0 559.0 20.0 10.0
169.0 65.0 20.0 10.0
442.0 840.0 20.0 10.0
593.0 718.0 20.0 10.0
831.0 340.0 20.0 10.0
597.0 710.0 20.0 10.0
372.0 775.0 20.0 10.0
194.0 98.0 20.0 10.0
328.0 183.0 20.0 10.0
849.0 861.0 20.0 10.0
245.0 112.0 20.0 10.0
289.0 148.0 20.0 10.0
28.0 433.0 20.0 10.0
602.0 648.0 20.0 10.0
298.0 858.0 20.0 10.0
751.0 672.0 20.0 10.0
156.0 459.0 20.0 10.0
441.0 784.0 20.0 10.0
196.0 378.0 20.0 10.0
290.0 672.0 20.0 10.0
462.0 799.0 20.0 10.0
627.0 653.0 20.0 10.0
284.0 881.0 20.0 10.0
436.0 617.0 20.0 10.0
537.0 736.0 20.0 10.0
467.0 832.0 20.0 10.0
442.0 743.0 20.0 10.0
467.0 556.0 20.0 10.0
228.0 252.0 20.0 10.0
209.0 252.0 20.0 10.0
492.0 822.0 20.0 10.0
313.0 143.0 20.0 10.0
413.0 375.0 20.0 10.0
347.0 200.0 20.0 10.0
386.0 517.0 20.0 10.0
61.0 408.0 20.0 10.0
443.0 866.0 20.0 10.0
434.0 712.0 20.0 10.0
471.0 722.0 20.0 10.0
433.0 364.0 20.0 10.0
397.0 784.0 20.0 10.0
846.0 844.0 20.0 10.0
905.0 790.0 20.0 10.0
716.0 415.0 20.0 10.0
775.0 798.0 20.0 10.0
564.0 839.0 20.0 10.0
597.0 534.0 20.0 10.0
426.0 435.0 20.0 10.0
597.0 617.0 20.0 10.0
274.0 493.0 20.0 10.0
351.0 160.0 20.0 10.0
467.0 276.0 20.0 10.0
318.0 219.0 20.0 10.0
883.0 774.0 20.0 10.0
570.0 653.0 20.0 10.0
436.0 444.0 20.0 10.0
587.0 833.0 20.0 10.0
872.0 775.0 20.0 10.0
892.0 928.0 20.0 10.0
963.0 930.0 20.0 10.0
218.0 546.0 20.0 10.0
455.0 829.0 20.0 10.0
55.0 408.0 20.0 10.0
173.0 229.0 20.0 10.0
801.0 364.0 20.0 10.0
777.0 826.0 20.0 10.0
592.0 654.0 20.0 10.0
871.0 851.0 20.0 10.0
811.0 717.0 20.0 10.0
626.0 805.0 20.0 10.0
187.0 421.0 20.0 10.0
321.0 145.0 20.0 10.0
599.0 543.0 20.0 10.0
162.0 413.0 20.0 10.0
322.0 431.0 20.0 10.0
279.0 151.0 20.0 10.0
522.0 736.0 20.0 10.0
173.0 48.0 20.0 10.0
857.0 814.0 20.0 10.0
213.0 174.0 20.0 10.0
248.0 527.0 20.0 10.0
556.0 761.0 20.0 10.0
907.0 899.0 20.0 10.0
427.0 706.0 20.0 10.0
327.0 400.0 20.0 10.0
143.0 214.0 20.0 10.0
510.0 558.0 20.0 10.0
956.0 727.0 20.0 10.0
819.0 859.0 20.0 10.0
527.0 744.0 20.0 10.0
33.0 407.0 20.0 10.0
671.0 442.0 20.0 10.0
845.0 701.0 20.0 10.0
189.0 220.0 20.0 10.0
316.0 505.0 20.0 10.0
442.0 627.0 20.0 10.0
613.0 726.0 20.0 10.0
163.0 193.0 20.0 10.0
208.0 186.0 20.0 10.0
164.0 25.0 20.0 10.0
883.0 921.0 20.0 10.0
121.0 201.0 20.0 10.0
206.0 131.0 20.0 10.0
621.0 612.0 20.0 10.0
912.0 776.0 20.0 10.0
694.0 487.0 20.0 10.0
873.0 695.0 20.0 10.0
107.0 403.0 20.0 10.0
895.0 818.0 20.0 10.0
283.0 111.0 20.0 10.0
702.0 453.0 20.0 10.0
146.0 433.0 20.0 10.0
663.0 852.0 20.0 10.0
937.0 833.0 20.0 10.0
948.0 758.0 20.0 10.0
511.0 530.0 20.0 10.0
926.0 703.0 20.0 10.0
298.0 762.0 20.0 10.0
274.0 816.0 20.0 10.0
277.0 772.0 20.0 10.0
311.0 474.0 20.0 10.0
393.0 870.0 20.0 10.0
961.0 741.0 20.0 10.0
166.0 204.0 20.0 10.0
451.0 463.0 20.0 10.0
267.0 271.0 20.0 10.0
367.0 354.0 20.0 10.0
735.0 444.0 20.0 10.0
182.0 361.0 20.0 10.0
761.0 431.0 20.0 10.0
382.0 462.0 20.0 10.0
514.0 517.0 20.0 10.0
879.0 764.0 20.0 10.0
277.0 113.0 20.0 10.0
675.0 398.0 20.0 10.0
451.0 551.0 20.0 10.0
989.0 749.0 20.0 10.0
288.0 837.0 20.0 10.0
557.0 805.0 20.0 10.0
705.0 398.0 20.0 10.0
222.0 262.0 20.0 10.0
145.0 222.0 20.0 10.0
139.0 448.0 20.0 10.0
842.0 329.0 20.0 10.0
184.0 238.0 20.0 10.0
350.0 621.0 20.0 10.0
654.0 425.0 20.0 10.0
979.0 760.0 20.0 10.0
148.0 455.0 20.0 10.0
92.0 476.0 20.0 10.0
924.0 926.0 20.0 10.0
527.0 771.0 20.0 10.0
200.0 127.0 20.0 10.0
282.0 379.0 20.0 10.0
409.0 844.0 20.0 10.0
378.0 358.0 20.0 10.0
821.0 817.0 20.0 10.0
140.0 170.0 20.0 10.0
941.0 717.0 20.0 10.0
277.0 837.0 20.0 10.0
233.0 118.0 20.0 10.0
118.0 149.0 20.0 10.0
407.0 786.0 20.0 10.0
1010.0 749.0 20.0 10.0
917.0 836.0 20.0 10.0
789.0 748.0 20.0 10.0
168.0 372.0 20.0 10.0
450.0 303.0 20.0 10.0
908.0 880.0 20.0 10.0
327.0 366.0 20.0 10.0
264.0 861.0 20.0 10.0
281.0 385.0 20.0 10.0
188.0 163.0 20.0 10.0
97.0 377.0 20.0 10.0
247.0 82.0 20.0 10.0
218.0 233.0 20.0 10.0
433.0 804.0 20.0 10.0
143.0 359.0 20.0 10.0
925.0 822.0 20.0 10.0
397.0 437.0 20.0 10.0
899.0 892.0 20.0 10.0
300.0 750.0 20.0 10.0
944.0 939.0 20.0 10.0
425.0 417.0 20.0 10.0
69.0 401.0 20.0 10.0
289.0 122.0 20.0 10.0
862.0 740.0 20.0 10.0
947.0 698.0 20.0 10.0
124.0 191.0 20.0 10.0
25.0 419.0 20.0 10.0
861.0 786.0 20.0 10.0
260.0 378.0 20.0 10.0
337.0 152.0 20.0 10.0
168.0 399.0 20.0 10.0
133.0 393.0 20.0 10.0
114.0 461.0 20.0 10.0
178.0 27.0 20.0 10.0
902.0 944.0 20.0 10.0
808.0 359.0 20.0 10.0
