500
401.0 569.0 20.0 10.0
449.0 669.0 20.0 10.0
353.0 569.0 20.0 10.0
554.0 718.0 20.0 10.0
367.0 720.0 20.0 10.0
658.0 765.0 20.0 10.0
435.0 552.0 20.0 10.0
721.0 741.0 20.0 10.0
445.0 717.0 20.0 10.0
357.0 469.0 20.0 10.0
555.0 754.0 20.0 10.0
463.0 533.0 20.0 10.0
312.0 370.0 20.0 10.0
307.0 731.0 20.0 10.0
303.0 301.0 20.0 10.0
743.0 809.0 20.0 10.0
302.0 770.0 20.0 10.0
778.0 722.0 20.0 10.0
317.0 272.0 20.0 10.0
253.0 788.0 20.0 10.0
787.0 806.0 20.0 10.0
247.0 306.0 20.0 10.0
191.0 251.0 20.0 10.0
307.0 565.0 20.0 10.0
359.0 441.0 20.0 10.0
693.0 819.0 20.0 10.0
287.0 380.0 20.0 10.0
466.0 653.0 20.0 10.0
273.0 731.0 20.0 10.0
447.0 761.0 20.0 10.0
260.0 819.0 20.0 10.0
237.0 846.0 20.0 10.0
427.0 748.0 20.0 10.0
259.0 799.0 20.0 10.0
409.0 779.0 20.0 10.0
310.0 244.0 20.0 10.0
211.0 262.0 20.0 10.0
809.0 855.0 20.0 10.0
221.0 862.0 20.0 10.0
342.0 317.0 20.0 10.0
687.0 751.0 20.0 10.0
260.0 562.0 20.0 10.0
872.0 893.0 20.0 10.0
229.0 573.0 20.0 10.0
931.0 929.0 20.0 10.0
837.0 881.0 20.0 10.0
289.0 571.0 20.0 10.0
769.0 831.0 20.0 10.0
587.0 738.0 20.0 10.0
192.0 901.0 20.0 10.0
443.0 804.0 20.0 10.0
745.0 732.0 20.0 10.0
150.0 196.0 20.0 10.0
219.0 798.0 20.0 10.0
901.0 910.0 20.0 10.0
277.0 370.0 20.0 10.0
659.0 809.0 20.0 10.0
955.0 943.0 20.0 10.0
716.0 868.0 20.0 10.0
292.0 345.0 20.0 10.0
346.0 759.0 20.0 10.0
577.0 698.0 20.0 10.0
118.0 165.0 20.0 10.0
154.0 222.0 20.0 10.0
191.0 221.0 20.0 10.0
231.0 545.0 20.0 10.0
328.0 464.0 20.0 10.0
350.0 292.0 20.0 10.0
360.0 549.0 20.0 10.0
660.0 848.0 20.0 10.0
338.0 721.0 20.0 10.0
604.0 688.0 20.0 10.0
280.0 275.0 20.0 10.0
286.0 254.0 20.0 10.0
119.0 148.0 20.0 10.0
316.0 707.0 20.0 10.0
809.0 706.0 20.0 10.0
629.0 680.0 20.0 10.0
363.0 285.0 20.0 10.0
275.0 329.0 20.0 10.0
189.0 805.0 20.0 10.0
753.0 737.0 20.0 10.0
619.0 762.0 20.0 10.0
486.0 512.0 20.0 10.0
248.0 369.0 20.0 10.0
156.0 232.0 20.0 10.0
474.0 519.0 20.0 10.0
348.0 532.0 20.0 10.0
186.0 188.0 20.0 10.0
348.0 423.0 20.0 10.0
277.0 210.0 20.0 10.0
328.0 348.0 20.0 10.0
187.0 885.0 20.0 10.0
386.0 267.0 20.0 10.0
358.0 268.0 20.0 10.0
134.0 166.0 20.0 10.0
963.0 958.0 20.0 10.0
982.0 954.0 20.0 10.0
239.0 539.0 20.0 10.0
989.0 981.0 20.0 10.0
252.0 588.0 20.0 10.0
264.0 181.0 20.0 10.0
326.0 793.0 20.0 10.0
625.0 685.0 20.0 10.0
615.0 789.0 20.0 10.0
394.0 805.0 20.0 10.0
221.0 568.0 20.0 10.0
739.0 910.0 20.0 10.0
555.0 789.0 20.0 10.0
676.0 829.0 20.0 10.0
222.0 820.0 20.0 10.0
715.0 835.0 20.0 10.0
184.0 571.0 20.0 10.0
189.0 234.0 20.0 10.0
199.0 534.0 20.0 10.0
227.0 353.0 20.0 10.0
577.0 768.0 20.0 10.0
386.0 455.0 20.0 10.0
462.0 783.0 20.0 10.0
753.0 948.0 20.0 10.0
385.0 542.0 20.0 10.0
172.0 528.0 20.0 10.0
632.0 791.0 20.0 10.0
756.0 974.0 20.0 10.0
650.0 776.0 20.0 10.0
983.0 968.0 20.0 10.0
368.0 289.0 20.0 10.0
259.0 260.0 20.0 10.0
373.0 231.0 20.0 10.0
213.0 804.0 20.0 10.0
403.0 522.0 20.0 10.0
374.0 270.0 20.0 10.0
618.0 667.0 20.0 10.0
772.0 726.0 20.0 10.0
312.0 194.0 20.0 10.0
378.0 459.0 20.0 10.0
657.0 803.0 20.0 10.0
269.0 326.0 20.0 10.0
367.0 224.0 20.0 10.0
126.0 137.0 20.0 10.0
597.0 691.0 20.0 10.0
829.0 802.0 20.0 10.0
326.0 779.0 20.0 10.0
663.0 886.0 20.0 10.0
95.0 110.0 20.0 10.0
752.0 933.0 20.0 10.0
830.0 708.0 20.0 10.0
836.0 698.0 20.0 10.0
868.0 799.0 20.0 10.0
418.0 578.0 20.0 10.0
377.0 257.0 20.0 10.0
853.0 705.0 20.0 10.0
320.0 208.0 20.0 10.0
333.0 355.0 20.0 10.0
177.0 933.0 20.0 10.0
645.0 754.0 20.0 10.0
251.0 742.0 20.0 10.0
560.0 815.0 20.0 10.0
242.0 585.0 20.0 10.0
749.0 722.0 20.0 10.0
362.0 244.0 20.0 10.0
684.0 808.0 20.0 10.0
323.0 176.0 20.0 10.0
681.0 784.0 20.0 10.0
174.0 816.0 20.0 10.0
707.0 746.0 20.0 10.0
391.0 797.0 20.0 10.0
962.0 943.0 20.0 10.0
312.0 151.0 20.0 10.0
774.0 820.0 20.0 10.0
268.0 175.0 20.0 10.0
156.0 903.0 20.0 10.0
348.0 701.0 20.0 10.0
287.0 351.0 20.0 10.0
111.0 117.0 20.0 10.0
313.0 117.0 20.0 10.0
221.0 373.0 20.0 10.0
875.0 694.0 20.0 10.0
398.0 236.0 20.0 10.0
186.0 264.0 20.0 10.0
199.0 754.0 20.0 10.0
428.0 840.0 20.0 10.0
862.0 689.0 20.0 10.0
700.0 803.0 20.0 10.0
852.0 790.0 20.0 10.0
179.0 187.0 20.0 10.0
179.0 252.0 20.0 10.0
683.0 741.0 20.0 10.0
331.0 479.0 20.0 10.0
463.0 734.0 20.0 10.0
895.0 809.0 20.0 10.0
261.0 150.0 20.0 10.0
793.0 830.0 20.0 10.0
287.0 279.0 20.0 10.0
670.0 918.0 20.0 10.0
200.0 231.0 20.0 10.0
154.0 574.0 20.0 10.0
386.0 835.0 20.0 10.0
716.0 851.0 20.0 10.0
267.0 223.0 20.0 10.0
169.0 931.0 20.0 10.0
322.0 221.0 20.0 10.0
90.0 148.0 20.0 10.0
397.0 267.0 20.0 10.0
189.0 837.0 20.0 10.0
470.0 794.0 20.0 10.0
372.0 746.0 20.0 10.0
373.0 190.0 20.0 10.0
508.0 499.0 20.0 10.0
1014.0 988.0 20.0 10.0
421.0 551.0 20.0 10.0
680.0 813.0 20.0 10.0
204.0 592.0 20.0 10.0
908.0 691.0 20.0 10.0
306.0 825.0 20.0 10.0
241.0 839.0 20.0 10.0
254.0 197.0 20.0 10.0
156.0 850.0 20.0 10.0
303.0 706.0 20.0 10.0
728.0 876.0 20.0 10.0
951.0 949.0 20.0 10.0
840.0 844.0 20.0 10.0
1016.0 968.0 20.0 10.0
655.0 914.0 20.0 10.0
133.0 218.0 20.0 10.0
171.0 159.0 20.0 10.0
279.0 790.0 20.0 10.0
710.0 840.0 20.0 10.0
625.0 692.0 20.0 10.0
561.0 847.0 20.0 10.0
999.0 1008.0 20.0 10.0
379.0 166.0 20.0 10.0
216.0 296.0 20.0 10.0
102.0 138.0 20.0 10.0
388.0 201.0 20.0 10.0
484.0 648.0 20.0 10.0
251.0 719.0 20.0 10.0
1003.0 970.0 20.0 10.0
864.0 704.0 20.0 10.0
131.0 203.0 20.0 10.0
706.0 792.0 20.0 10.0
306.0 791.0 20.0 10.0
152.0 768.0 20.0 10.0
176.0 599.0 20.0 10.0
261.0 194.0 20.0 10.0
226.0 718.0 20.0 10.0
382.0 808.0 20.0 10.0
463.0 824.0 20.0 10.0
606.0 751.0 20.0 10.0
194.0 244.0 20.0 10.0
877.0 859.0 20.0 10.0
108.0 781.0 20.0 10.0
171.0 754.0 20.0 10.0
98.0 120.0 20.0 10.0
642.0 665.0 20.0 10.0
393.0 432.0 20.0 10.0
374.0 443.0 20.0 10.0
80.0 94.0 20.0 10.0
313.0 95.0 20.0 10.0
1023.0 978.0 20.0 10.0
290.0 855.0 20.0 10.0
281.0 746.0 20.0 10.0
678.0 746.0 20.0 10.0
119.0 202.0 20.0 10.0
176.0 908.0 20.0 10.0
229.0 875.0 20.0 10.0
408.0 802.0 20.0 10.0
646.0 834.0 20.0 10.0
424.0 249.0 20.0 10.0
218.0 524.0 20.0 10.0
171.0 961.0 20.0 10.0
446.0 840.0 20.0 10.0
761.0 978.0 20.0 10.0
75.0 78.0 20.0 10.0
905.0 870.0 20.0 10.0
212.0 532.0 20.0 10.0
353.0 743.0 20.0 10.0
832.0 879.0 20.0 10.0
388.0 423.0 20.0 10.0
108.0 188.0 20.0 10.0
528.0 487.0 20.0 10.0
338.0 447.0 20.0 10.0
857.0 696.0 20.0 10.0
63.0 132.0 20.0 10.0
85.0 153.0 20.0 10.0
734.0 873.0 20.0 10.0
244.0 577.0 20.0 10.0
320.0 431.0 20.0 10.0
126.0 862.0 20.0 10.0
728.0 904.0 20.0 10.0
151.0 961.0 20.0 10.0
288.0 845.0 20.0 10.0
701.0 847.0 20.0 10.0
548.0 477.0 20.0 10.0
774.0 805.0 20.0 10.0
1059.0 998.0 20.0 10.0
141.0 824.0 20.0 10.0
602.0 777.0 20.0 10.0
341.0 330.0 20.0 10.0
115.0 829.0 20.0 10.0
163.0 893.0 20.0 10.0
396.0 823.0 20.0 10.0
191.0 514.0 20.0 10.0
106.0 123.0 20.0 10.0
894.0 703.0 20.0 10.0
144.0 819.0 20.0 10.0
257.0 751.0 20.0 10.0
1092.0 1010.0 20.0 10.0
85.0 80.0 20.0 10.0
315.0 444.0 20.0 10.0
164.0 958.0 20.0 10.0
866.0 860.0 20.0 10.0
519.0 492.0 20.0 10.0
287.0 322.0 20.0 10.0
56.0 77.0 20.0 10.0
127.0 922.0 20.0 10.0
317.0 216.0 20.0 10.0
908.0 863.0 20.0 10.0
380.0 862.0 20.0 10.0
449.0 535.0 20.0 10.0
769.0 709.0 20.0 10.0
186.0 292.0 20.0 10.0
305.0 277.0 20.0 10.0
407.0 178.0 20.0 10.0
978.0 980.0 20.0 10.0
824.0 847.0 20.0 10.0
248.0 537.0 20.0 10.0
74.0 794.0 20.0 10.0
768.0 994.0 20.0 10.0
83.0 794.0 20.0 10.0
157.0 288.0 20.0 10.0
78.0 782.0 20.0 10.0
224.0 284.0 20.0 10.0
779.0 735.0 20.0 10.0
280.0 882.0 20.0 10.0
419.0 873.0 20.0 10.0
372.0 263.0 20.0 10.0
424.0 705.0 20.0 10.0
91.0 194.0 20.0 10.0
441.0 868.0 20.0 10.0
622.0 675.0 20.0 10.0
264.0 343.0 20.0 10.0
815.0 844.0 20.0 10.0
373.0 198.0 20.0 10.0
425.0 600.0 20.0 10.0
232.0 817.0 20.0 10.0
455.0 826.0 20.0 10.0
257.0 539.0 20.0 10.0
415.0 865.0 20.0 10.0
252.0 317.0 20.0 10.0
644.0 859.0 20.0 10.0
270.0 234.0 20.0 10.0
724.0 838.0 20.0 10.0
299.0 123.0 20.0 10.0
381.0 237.0 20.0 10.0
111.0 946.0 20.0 10.0
125.0 219.0 20.0 10.0
825.0 689.0 20.0 10.0
913.0 684.0 20.0 10.0
705.0 727.0 20.0 10.0
390.0 276.0 20.0 10.0
717.0 715.0 20.0 10.0
895.0 787.0 20.0 10.0
265.0 255.0 20.0 10.0
206.0 237.0 20.0 10.0
844.0 671.0 20.0 10.0
1046.0 974.0 20.0 10.0
102.0 935.0 20.0 10.0
301.0 219.0 20.0 10.0
224.0 751.0 20.0 10.0
280.0 178.0 20.0 10.0
958.0 934.0 20.0 10.0
87.0 191.0 20.0 10.0
321.0 741.0 20.0 10.0
166.0 225.0 20.0 10.0
539.0 774.0 20.0 10.0
933.0 688.0 20.0 10.0
557.0 875.0 20.0 10.0
944.0 681.0 20.0 10.0
901.0 688.0 20.0 10.0
136.0 984.0 20.0 10.0
413.0 902.0 20.0 10.0
1009.0 966.0 20.0 10.0
396.0 408.0 20.0 10.0
1082.0 1016.0 20.0 10.0
547.0 778.0 20.0 10.0
852.0 854.0 20.0 10.0
198.0 585.0 20.0 10.0
734.0 858.0 20.0 10.0
727.0 695.0 20.0 10.0
150.0 244.0 20.0 10.0
126.0 781.0 20.0 10.0
310.0 415.0 20.0 10.0
368.0 193.0 20.0 10.0
280.0 872.0 20.0 10.0
1008.0 1001.0 20.0 10.0
878.0 849.0 20.0 10.0
79.0 120.0 20.0 10.0
556.0 833.0 20.0 10.0
334.0 326.0 20.0 10.0
852.0 814.0 20.0 10.0
656.0 940.0 20.0 10.0
282.0 595.0 20.0 10.0
58.0 50.0 20.0 10.0
572.0 871.0 20.0 10.0
653.0 874.0 20.0 10.0
764.0 972.0 20.0 10.0
785.0 698.0 20.0 10.0
210.0 829.0 20.0 10.0
411.0 256.0 20.0 10.0
319.0 254.0 20.0 10.0
174.0 216.0 20.0 10.0
393.0 521.0 20.0 10.0
728.0 893.0 20.0 10.0
469.0 850.0 20.0 10.0
941.0 678.0 20.0 10.0
910.0 847.0 20.0 10.0
890.0 873.0 20.0 10.0
846.0 858.0 20.0 10.0
45.0 801.0 20.0 10.0
200.0 560.0 20.0 10.0
799.0 678.0 20.0 10.0
317.0 410.0 20.0 10.0
297.0 802.0 20.0 10.0
168.0 850.0 20.0 10.0
705.0 875.0 20.0 10.0
1046.0 995.0 20.0 10.0
158.0 557.0 20.0 10.0
420.0 770.0 20.0 10.0
174.0 924.0 20.0 10.0
198.0 239.0 20.0 10.0
206.0 538.0 20.0 10.0
1107.0 1028.0 20.0 10.0
735.0 932.0 20.0 10.0
152.0 943.0 20.0 10.0
460.0 853.0 20.0 10.0
1013.0 954.0 20.0 10.0
456.0 868.0 20.0 10.0
269.0 311.0 20.0 10.0
57.0 144.0 20.0 10.0
262.0 798.0 20.0 10.0
161.0 589.0 20.0 10.0
1069.0 1006.0 20.0 10.0
569.0 469.0 20.0 10.0
151.0 824.0 20.0 10.0
64.0 184.0 20.0 10.0
729.0 936.0 20.0 10.0
172.0 549.0 20.0 10.0
403.0 436.0 20.0 10.0
243.0 330.0 20.0 10.0
235.0 605.0 20.0 10.0
221.0 599.0 20.0 10.0
855.0 903.0 20.0 10.0
938.0 669.0 20.0 10.0
1084.0 1007.0 20.0 10.0
196.0 202.0 20.0 10.0
100.0 870.0 20.0 10.0
270.0 249.0 20.0 10.0
685.0 764.0 20.0 10.0
332.0 754.0 20.0 10.0
318.0 123.0 20.0 10.0
990.0 948.0 20.0 10.0
221.0 840.0 20.0 10.0
908.0 855.0 20.0 10.0
404.0 443.0 20.0 10.0
437.0 224.0 20.0 10.0
25.0 805.0 20.0 10.0
373.0 423.0 20.0 10.0
413.0 515.0 20.0 10.0
173.0 201.0 20.0 10.0
753.0 893.0 20.0 10.0
626.0 740.0 20.0 10.0
302.0 851.0 20.0 10.0
896.0 797.0 20.0 10.0
836.0 867.0 20.0 10.0
411.0 921.0 20.0 10.0
181.0 196.0 20.0 10.0
50.0 25.0 20.0 10.0
391.0 210.0 20.0 10.0
98.0 214.0 20.0 10.0
804.0 717.0 20.0 10.0
706.0 774.0 20.0 10.0
1120.0 1017.0 20.0 10.0
749.0 848.0 20.0 10.0
743.0 853.0 20.0 10.0
161.0 809.0 20.0 10.0
494.0 643.0 20.0 10.0
440.0 783.0 20.0 10.0
567.0 776.0 20.0 10.0
38.0 31.0 20.0 10.0
273.0 898.0 20.0 10.0
196.0 802.0 20.0 10.0
242.0 521.0 20.0 10.0
315.0 163.0 20.0 10.0
358.0 296.0 20.0 10.0
744.0 941.0 20.0 10.0
540.0 480.0 20.0 10.0
686.0 940.0 20.0 10.0
883.0 683.0 20.0 10.0
115.0 998.0 20.0 10.0
