500
495.0 414.0 20.0 10.0
571.0 329.0 20.0 10.0
420.0 491.0 20.0 10.0
676.0 284.0 20.0 10.0
471.0 462.0 20.0 10.0
756.0 227.0 20.0 10.0
398.0 544.0 20.0 10.0
344.0 557.0 20.0 10.0
517.0 264.0 20.0 10.0
297.0 570.0 20.0 10.0
827.0 183.0 20.0 10.0
862.0 153.0 20.0 10.0
409.0 440.0 20.0 10.0
690.0 244.0 20.0 10.0
525.0 407.0 20.0 10.0
509.0 525.0 20.0 10.0
494.0 444.0 20.0 10.0
276.0 623.0 20.0 10.0
479.0 209.0 20.0 10.0
484.0 490.0 20.0 10.0
533.0 552.0 20.0 10.0
865.0 133.0 20.0 10.0
457.0 444.0 20.0 10.0
232.0 684.0 20.0 10.0
469.0 412.0 20.0 10.0
728.0 281.0 20.0 10.0
201.0 739.0 20.0 10.0
738.0 307.0 20.0 10.0
436.0 424.0 20.0 10.0
214.0 654.0 20.0 10.0
170.0 786.0 20.0 10.0
479.0 226.0 20.0 10.0
431.0 436.0 20.0 10.0
601.0 324.0 20.0 10.0
526.0 459.0 20.0 10.0
553.0 473.0 20.0 10.0
142.0 827.0 20.0 10.0
383.0 569.0 20.0 10.0
354.0 418.0 20.0 10.0
334.0 411.0 20.0 10.0
778.0 281.0 20.0 10.0
118.0 865.0 20.0 10.0
711.0 209.0 20.0 10.0
513.0 239.0 20.0 10.0
805.0 211.0 20.0 10.0
685.0 251.0 20.0 10.0
318.0 415.0 20.0 10.0
474.0 247.0 20.0 10.0
447.0 203.0 20.0 10.0
708.0 297.0 20.0 10.0
258.0 661.0 20.0 10.0
365.0 585.0 20.0 10.0
791.0 182.0 20.0 10.0
532.0 386.0 20.0 10.0
365.0 558.0 20.0 10.0
798.0 154.0 20.0 10.0
414.0 189.0 20.0 10.0
439.0 158.0 20.0 10.0
418.0 124.0 20.0 10.0
146.0 813.0 20.0 10.0
335.0 554.0 20.0 10.0
900.0 99.0 20.0 10.0
326.0 396.0 20.0 10.0
542.0 585.0 20.0 10.0
718.0 174.0 20.0 10.0
123.0 833.0 20.0 10.0
286.0 596.0 20.0 10.0
255.0 573.0 20.0 10.0
554.0 632.0 20.0 10.0
162.0 688.0 20.0 10.0
929.0 83.0 20.0 10.0
387.0 593.0 20.0 10.0
205.0 714.0 20.0 10.0
930.0 74.0 20.0 10.0
434.0 233.0 20.0 10.0
374.0 582.0 20.0 10.0
884.0 169.0 20.0 10.0
500.0 435.0 20.0 10.0
576.0 627.0 20.0 10.0
402.0 94.0 20.0 10.0
398.0 120.0 20.0 10.0
220.0 722.0 20.0 10.0
270.0 582.0 20.0 10.0
474.0 394.0 20.0 10.0
823.0 284.0 20.0 10.0
730.0 318.0 20.0 10.0
413.0 417.0 20.0 10.0
448.0 193.0 20.0 10.0
585.0 302.0 20.0 10.0
688.0 263.0 20.0 10.0
480.0 455.0 20.0 10.0
930.0 160.0 20.0 10.0
471.0 491.0 20.0 10.0
172.0 662.0 20.0 10.0
732.0 295.0 20.0 10.0
136.0 840.0 20.0 10.0
548.0 450.0 20.0 10.0
826.0 155.0 20.0 10.0
213.0 754.0 20.0 10.0
966.0 149.0 20.0 10.0
413.0 428.0 20.0 10.0
251.0 690.0 20.0 10.0
567.0 613.0 20.0 10.0
565.0 442.0 20.0 10.0
223.0 585.0 20.0 10.0
540.0 612.0 20.0 10.0
899.0 131.0 20.0 10.0
782.0 319.0 20.0 10.0
384.0 92.0 20.0 10.0
871.0 180.0 20.0 10.0
902.0 181.0 20.0 10.0
698.0 226.0 20.0 10.0
371.0 612.0 20.0 10.0
140.0 695.0 20.0 10.0
93.0 899.0 20.0 10.0
467.0 200.0 20.0 10.0
573.0 297.0 20.0 10.0
133.0 677.0 20.0 10.0
858.0 132.0 20.0 10.0
474.0 513.0 20.0 10.0
601.0 301.0 20.0 10.0
369.0 625.0 20.0 10.0
516.0 230.0 20.0 10.0
489.0 508.0 20.0 10.0
120.0 712.0 20.0 10.0
494.0 384.0 20.0 10.0
385.0 419.0 20.0 10.0
810.0 283.0 20.0 10.0
554.0 457.0 20.0 10.0
576.0 278.0 20.0 10.0
563.0 565.0 20.0 10.0
76.0 917.0 20.0 10.0
398.0 519.0 20.0 10.0
446.0 466.0 20.0 10.0
429.0 461.0 20.0 10.0
524.0 578.0 20.0 10.0
743.0 338.0 20.0 10.0
791.0 327.0 20.0 10.0
131.0 721.0 20.0 10.0
396.0 74.0 20.0 10.0
102.0 750.0 20.0 10.0
377.0 421.0 20.0 10.0
573.0 677.0 20.0 10.0
403.0 461.0 20.0 10.0
574.0 451.0 20.0 10.0
216.0 714.0 20.0 10.0
200.0 696.0 20.0 10.0
833.0 346.0 20.0 10.0
757.0 323.0 20.0 10.0
419.0 132.0 20.0 10.0
367.0 398.0 20.0 10.0
775.0 203.0 20.0 10.0
369.0 110.0 20.0 10.0
716.0 145.0 20.0 10.0
753.0 314.0 20.0 10.0
831.0 334.0 20.0 10.0
953.0 55.0 20.0 10.0
588.0 705.0 20.0 10.0
609.0 661.0 20.0 10.0
386.0 431.0 20.0 10.0
369.0 646.0 20.0 10.0
475.0 426.0 20.0 10.0
583.0 587.0 20.0 10.0
810.0 167.0 20.0 10.0
709.0 234.0 20.0 10.0
100.0 883.0 20.0 10.0
463.0 207.0 20.0 10.0
599.0 627.0 20.0 10.0
491.0 456.0 20.0 10.0
577.0 468.0 20.0 10.0
290.0 426.0 20.0 10.0
551.0 396.0 20.0 10.0
355.0 648.0 20.0 10.0
426.0 135.0 20.0 10.0
591.0 711.0 20.0 10.0
84.0 921.0 20.0 10.0
467.0 364.0 20.0 10.0
383.0 537.0 20.0 10.0
179.0 741.0 20.0 10.0
160.0 762.0 20.0 10.0
522.0 421.0 20.0 10.0
365.0 88.0 20.0 10.0
247.0 694.0 20.0 10.0
470.0 336.0 20.0 10.0
863.0 281.0 20.0 10.0
223.0 577.0 20.0 10.0
459.0 473.0 20.0 10.0
725.0 118.0 20.0 10.0
269.0 569.0 20.0 10.0
892.0 92.0 20.0 10.0
571.0 262.0 20.0 10.0
380.0 612.0 20.0 10.0
807.0 164.0 20.0 10.0
606.0 741.0 20.0 10.0
911.0 181.0 20.0 10.0
602.0 605.0 20.0 10.0
363.0 417.0 20.0 10.0
204.0 782.0 20.0 10.0
867.0 347.0 20.0 10.0
573.0 491.0 20.0 10.0
414.0 173.0 20.0 10.0
399.0 216.0 20.0 10.0
336.0 62.0 20.0 10.0
554.0 496.0 20.0 10.0
738.0 297.0 20.0 10.0
814.0 156.0 20.0 10.0
338.0 75.0 20.0 10.0
373.0 208.0 20.0 10.0
730.0 149.0 20.0 10.0
530.0 600.0 20.0 10.0
563.0 645.0 20.0 10.0
709.0 320.0 20.0 10.0
380.0 635.0 20.0 10.0
635.0 682.0 20.0 10.0
921.0 79.0 20.0 10.0
526.0 207.0 20.0 10.0
412.0 217.0 20.0 10.0
587.0 657.0 20.0 10.0
719.0 221.0 20.0 10.0
334.0 38.0 20.0 10.0
368.0 102.0 20.0 10.0
479.0 362.0 20.0 10.0
626.0 325.0 20.0 10.0
85.0 726.0 20.0 10.0
307.0 398.0 20.0 10.0
171.0 707.0 20.0 10.0
712.0 266.0 20.0 10.0
438.0 177.0 20.0 10.0
738.0 123.0 20.0 10.0
469.0 319.0 20.0 10.0
840.0 213.0 20.0 10.0
374.0 435.0 20.0 10.0
377.0 672.0 20.0 10.0
840.0 204.0 20.0 10.0
623.0 343.0 20.0 10.0
582.0 704.0 20.0 10.0
194.0 584.0 20.0 10.0
67.0 929.0 20.0 10.0
728.0 224.0 20.0 10.0
610.0 343.0 20.0 10.0
381.0 706.0 20.0 10.0
837.0 188.0 20.0 10.0
385.0 176.0 20.0 10.0
398.0 510.0 20.0 10.0
197.0 600.0 20.0 10.0
601.0 729.0 20.0 10.0
576.0 269.0 20.0 10.0
199.0 593.0 20.0 10.0
308.0 550.0 20.0 10.0
838.0 277.0 20.0 10.0
270.0 381.0 20.0 10.0
899.0 280.0 20.0 10.0
822.0 321.0 20.0 10.0
867.0 367.0 20.0 10.0
102.0 692.0 20.0 10.0
458.0 305.0 20.0 10.0
865.0 270.0 20.0 10.0
375.0 459.0 20.0 10.0
450.0 397.0 20.0 10.0
945.0 179.0 20.0 10.0
380.0 158.0 20.0 10.0
821.0 344.0 20.0 10.0
805.0 148.0 20.0 10.0
622.0 334.0 20.0 10.0
344.0 438.0 20.0 10.0
378.0 697.0 20.0 10.0
859.0 325.0 20.0 10.0
449.0 235.0 20.0 10.0
408.0 522.0 20.0 10.0
842.0 156.0 20.0 10.0
450.0 305.0 20.0 10.0
290.0 418.0 20.0 10.0
91.0 736.0 20.0 10.0
508.0 552.0 20.0 10.0
315.0 44.0 20.0 10.0
888.0 385.0 20.0 10.0
935.0 120.0 20.0 10.0
563.0 247.0 20.0 10.0
476.0 278.0 20.0 10.0
361.0 164.0 20.0 10.0
635.0 691.0 20.0 10.0
704.0 251.0 20.0 10.0
547.0 612.0 20.0 10.0
932.0 281.0 20.0 10.0
634.0 360.0 20.0 10.0
594.0 280.0 20.0 10.0
485.0 240.0 20.0 10.0
306.0 56.0 20.0 10.0
209.0 735.0 20.0 10.0
604.0 639.0 20.0 10.0
914.0 164.0 20.0 10.0
292.0 36.0 20.0 10.0
353.0 400.0 20.0 10.0
467.0 181.0 20.0 10.0
40.0 943.0 20.0 10.0
167.0 591.0 20.0 10.0
108.0 694.0 20.0 10.0
706.0 225.0 20.0 10.0
219.0 708.0 20.0 10.0
350.0 468.0 20.0 10.0
808.0 118.0 20.0 10.0
60.0 735.0 20.0 10.0
183.0 765.0 20.0 10.0
478.0 295.0 20.0 10.0
472.0 383.0 20.0 10.0
429.0 169.0 20.0 10.0
899.0 353.0 20.0 10.0
385.0 664.0 20.0 10.0
917.0 63.0 20.0 10.0
897.0 64.0 20.0 10.0
247.0 710.0 20.0 10.0
66.0 941.0 20.0 10.0
617.0 762.0 20.0 10.0
499.0 524.0 20.0 10.0
351.0 157.0 20.0 10.0
483.0 255.0 20.0 10.0
53.0 959.0 20.0 10.0
710.0 124.0 20.0 10.0
253.0 735.0 20.0 10.0
787.0 189.0 20.0 10.0
347.0 601.0 20.0 10.0
316.0 445.0 20.0 10.0
293.0 551.0 20.0 10.0
231.0 588.0 20.0 10.0
334.0 383.0 20.0 10.0
636.0 348.0 20.0 10.0
385.0 622.0 20.0 10.0
699.0 201.0 20.0 10.0
886.0 315.0 20.0 10.0
805.0 343.0 20.0 10.0
451.0 357.0 20.0 10.0
77.0 763.0 20.0 10.0
751.0 296.0 20.0 10.0
587.0 275.0 20.0 10.0
731.0 194.0 20.0 10.0
302.0 374.0 20.0 10.0
446.0 392.0 20.0 10.0
381.0 736.0 20.0 10.0
650.0 701.0 20.0 10.0
555.0 559.0 20.0 10.0
235.0 575.0 20.0 10.0
748.0 179.0 20.0 10.0
989.0 140.0 20.0 10.0
491.0 201.0 20.0 10.0
341.0 670.0 20.0 10.0
285.0 358.0 20.0 10.0
516.0 200.0 20.0 10.0
150.0 669.0 20.0 10.0
710.0 147.0 20.0 10.0
867.0 189.0 20.0 10.0
800.0 279.0 20.0 10.0
843.0 366.0 20.0 10.0
476.0 477.0 20.0 10.0
241.0 720.0 20.0 10.0
591.0 729.0 20.0 10.0
889.0 328.0 20.0 10.0
872.0 197.0 20.0 10.0
430.0 377.0 20.0 10.0
893.0 365.0 20.0 10.0
273.0 401.0 20.0 10.0
353.0 150.0 20.0 10.0
307.0 376.0 20.0 10.0
295.0 404.0 20.0 10.0
73.0 773.0 20.0 10.0
61.0 797.0 20.0 10.0
540.0 463.0 20.0 10.0
602.0 476.0 20.0 10.0
863.0 164.0 20.0 10.0
625.0 778.0 20.0 10.0
918.0 154.0 20.0 10.0
484.0 170.0 20.0 10.0
822.0 369.0 20.0 10.0
103.0 683.0 20.0 10.0
147.0 723.0 20.0 10.0
835.0 129.0 20.0 10.0
44.0 777.0 20.0 10.0
239.0 365.0 20.0 10.0
765.0 166.0 20.0 10.0
512.0 571.0 20.0 10.0
448.0 246.0 20.0 10.0
51.0 953.0 20.0 10.0
571.0 496.0 20.0 10.0
697.0 176.0 20.0 10.0
282.0 390.0 20.0 10.0
242.0 749.0 20.0 10.0
387.0 729.0 20.0 10.0
388.0 73.0 20.0 10.0
922.0 110.0 20.0 10.0
498.0 171.0 20.0 10.0
844.0 358.0 20.0 10.0
893.0 377.0 20.0 10.0
807.0 274.0 20.0 10.0
742.0 187.0 20.0 10.0
860.0 203.0 20.0 10.0
490.0 215.0 20.0 10.0
506.0 224.0 20.0 10.0
805.0 318.0 20.0 10.0
656.0 715.0 20.0 10.0
513.0 173.0 20.0 10.0
894.0 274.0 20.0 10.0
33.0 979.0 20.0 10.0
404.0 110.0 20.0 10.0
972.0 39.0 20.0 10.0
127.0 702.0 20.0 10.0
949.0 146.0 20.0 10.0
594.0 684.0 20.0 10.0
394.0 647.0 20.0 10.0
380.0 193.0 20.0 10.0
835.0 266.0 20.0 10.0
143.0 709.0 20.0 10.0
389.0 481.0 20.0 10.0
356.0 61.0 20.0 10.0
99.0 717.0 20.0 10.0
336.0 376.0 20.0 10.0
378.0 199.0 20.0 10.0
858.0 359.0 20.0 10.0
847.0 382.0 20.0 10.0
598.0 609.0 20.0 10.0
202.0 683.0 20.0 10.0
42.0 984.0 20.0 10.0
624.0 643.0 20.0 10.0
80.0 941.0 20.0 10.0
252.0 600.0 20.0 10.0
193.0 806.0 20.0 10.0
960.0 151.0 20.0 10.0
336.0 694.0 20.0 10.0
211.0 365.0 20.0 10.0
883.0 141.0 20.0 10.0
240.0 376.0 20.0 10.0
890.0 111.0 20.0 10.0
273.0 555.0 20.0 10.0
602.0 354.0 20.0 10.0
972.0 181.0 20.0 10.0
576.0 581.0 20.0 10.0
619.0 648.0 20.0 10.0
884.0 340.0 20.0 10.0
373.0 757.0 20.0 10.0
922.0 280.0 20.0 10.0
447.0 486.0 20.0 10.0
919.0 92.0 20.0 10.0
918.0 69.0 20.0 10.0
591.0 508.0 20.0 10.0
65.0 747.0 20.0 10.0
105.0 673.0 20.0 10.0
462.0 269.0 20.0 10.0
572.0 670.0 20.0 10.0
860.0 255.0 20.0 10.0
369.0 723.0 20.0 10.0
774.0 340.0 20.0 10.0
939.0 50.0 20.0 10.0
820.0 123.0 20.0 10.0
461.0 494.0 20.0 10.0
25.0 965.0 20.0 10.0
574.0 655.0 20.0 10.0
865.0 212.0 20.0 10.0
351.0 376.0 20.0 10.0
583.0 248.0 20.0 10.0
570.0 482.0 20.0 10.0
197.0 733.0 20.0 10.0
495.0 235.0 20.0 10.0
949.0 83.0 20.0 10.0
554.0 386.0 20.0 10.0
281.0 378.0 20.0 10.0
338.0 95.0 20.0 10.0
294.0 450.0 20.0 10.0
908.0 61.0 20.0 10.0
322.0 445.0 20.0 10.0
394.0 690.0 20.0 10.0
631.0 678.0 20.0 10.0
469.0 344.0 20.0 10.0
323.0 577.0 20.0 10.0
845.0 101.0 20.0 10.0
921.0 168.0 20.0 10.0
59.0 742.0 20.0 10.0
936.0 41.0 20.0 10.0
349.0 643.0 20.0 10.0
527.0 362.0 20.0 10.0
900.0 195.0 20.0 10.0
254.0 365.0 20.0 10.0
956.0 295.0 20.0 10.0
243.0 398.0 20.0 10.0
576.0 229.0 20.0 10.0
405.0 99.0 20.0 10.0
413.0 227.0 20.0 10.0
236.0 775.0 20.0 10.0
849.0 162.0 20.0 10.0
144.0 586.0 20.0 10.0
814.0 329.0 20.0 10.0
952.0 25.0 20.0 10.0
858.0 368.0 20.0 10.0
31.0 972.0 20.0 10.0
950.0 157.0 20.0 10.0
383.0 451.0 20.0 10.0
130.0 700.0 20.0 10.0
185.0 733.0 20.0 10.0
669.0 731.0 20.0 10.0
656.0 741.0 20.0 10.0
966.0 116.0 20.0 10.0
916.0 34.0 20.0 10.0
156.0 758.0 20.0 10.0
