500
588.0 506.0 20.0 10.0
562.0 543.0 20.0 10.0
539.0 580.0 20.0 10.0
680.0 582.0 20.0 10.0
499.0 424.0 20.0 10.0
393.0 378.0 20.0 10.0
342.0 420.0 20.0 10.0
676.0 642.0 20.0 10.0
336.0 388.0 20.0 10.0
527.0 423.0 20.0 10.0
767.0 585.0 20.0 10.0
315.0 305.0 20.0 10.0
260.0 247.0 20.0 10.0
280.0 399.0 20.0 10.0
834.0 582.0 20.0 10.0
669.0 694.0 20.0 10.0
662.0 741.0 20.0 10.0
280.0 288.0 20.0 10.0
295.0 453.0 20.0 10.0
706.0 572.0 20.0 10.0
896.0 583.0 20.0 10.0
812.0 559.0 20.0 10.0
660.0 668.0 20.0 10.0
269.0 308.0 20.0 10.0
258.0 490.0 20.0 10.0
260.0 467.0 20.0 10.0
617.0 486.0 20.0 10.0
255.0 281.0 20.0 10.0
738.0 663.0 20.0 10.0
585.0 535.0 20.0 10.0
948.0 580.0 20.0 10.0
820.0 610.0 20.0 10.0
304.0 278.0 20.0 10.0
209.0 196.0 20.0 10.0
794.0 738.0 20.0 10.0
492.0 361.0 20.0 10.0
231.0 521.0 20.0 10.0
474.0 409.0 20.0 10.0
477.0 341.0 20.0 10.0
178.0 172.0 20.0 10.0
792.0 599.0 20.0 10.0
515.0 610.0 20.0 10.0
529.0 367.0 20.0 10.0
686.0 675.0 20.0 10.0
222.0 281.0 20.0 10.0
563.0 515.0 20.0 10.0
847.0 807.0 20.0 10.0
557.0 309.0 20.0 10.0
876.0 857.0 20.0 10.0
663.0 780.0 20.0 10.0
477.0 446.0 20.0 10.0
906.0 901.0 20.0 10.0
244.0 223.0 20.0 10.0
323.0 456.0 20.0 10.0
888.0 831.0 20.0 10.0
867.0 630.0 20.0 10.0
678.0 725.0 20.0 10.0
726.0 559.0 20.0 10.0
227.0 311.0 20.0 10.0
996.0 583.0 20.0 10.0
370.0 394.0 20.0 10.0
294.0 244.0 20.0 10.0
244.0 291.0 20.0 10.0
489.0 332.0 20.0 10.0
886.0 858.0 20.0 10.0
516.0 445.0 20.0 10.0
150.0 154.0 20.0 10.0
500.0 630.0 20.0 10.0
642.0 463.0 20.0 10.0
890.0 882.0 20.0 10.0
802.0 622.0 20.0 10.0
297.0 464.0 20.0 10.0
660.0 813.0 20.0 10.0
896.0 899.0 20.0 10.0
913.0 651.0 20.0 10.0
208.0 289.0 20.0 10.0
178.0 166.0 20.0 10.0
202.0 264.0 20.0 10.0
458.0 329.0 20.0 10.0
848.0 637.0 20.0 10.0
506.0 453.0 20.0 10.0
491.0 450.0 20.0 10.0
271.0 194.0 20.0 10.0
244.0 153.0 20.0 10.0
211.0 547.0 20.0 10.0
761.0 700.0 20.0 10.0
807.0 774.0 20.0 10.0
641.0 764.0 20.0 10.0
928.0 852.0 20.0 10.0
473.0 313.0 20.0 10.0
484.0 299.0 20.0 10.0
168.0 245.0 20.0 10.0
450.0 414.0 20.0 10.0
1026.0 583.0 20.0 10.0
937.0 587.0 20.0 10.0
546.0 405.0 20.0 10.0
316.0 492.0 20.0 10.0
867.0 574.0 20.0 10.0
473.0 272.0 20.0 10.0
311.0 431.0 20.0 10.0
868.0 835.0 20.0 10.0
488.0 467.0 20.0 10.0
779.0 729.0 20.0 10.0
376.0 353.0 20.0 10.0
167.0 154.0 20.0 10.0
577.0 562.0 20.0 10.0
589.0 278.0 20.0 10.0
537.0 550.0 20.0 10.0
311.0 383.0 20.0 10.0
282.0 219.0 20.0 10.0
672.0 611.0 20.0 10.0
729.0 584.0 20.0 10.0
839.0 630.0 20.0 10.0
558.0 263.0 20.0 10.0
565.0 221.0 20.0 10.0
549.0 563.0 20.0 10.0
453.0 450.0 20.0 10.0
682.0 756.0 20.0 10.0
293.0 289.0 20.0 10.0
321.0 522.0 20.0 10.0
235.0 222.0 20.0 10.0
243.0 510.0 20.0 10.0
228.0 413.0 20.0 10.0
236.0 516.0 20.0 10.0
899.0 881.0 20.0 10.0
181.0 427.0 20.0 10.0
894.0 632.0 20.0 10.0
261.0 156.0 20.0 10.0
924.0 579.0 20.0 10.0
736.0 612.0 20.0 10.0
653.0 629.0 20.0 10.0
494.0 639.0 20.0 10.0
540.0 606.0 20.0 10.0
1039.0 586.0 20.0 10.0
793.0 577.0 20.0 10.0
301.0 481.0 20.0 10.0
598.0 557.0 20.0 10.0
138.0 439.0 20.0 10.0
471.0 263.0 20.0 10.0
126.0 116.0 20.0 10.0
283.0 511.0 20.0 10.0
861.0 837.0 20.0 10.0
693.0 702.0 20.0 10.0
158.0 254.0 20.0 10.0
856.0 541.0 20.0 10.0
478.0 244.0 20.0 10.0
671.0 454.0 20.0 10.0
933.0 938.0 20.0 10.0
614.0 512.0 20.0 10.0
567.0 401.0 20.0 10.0
646.0 683.0 20.0 10.0
872.0 658.0 20.0 10.0
650.0 719.0 20.0 10.0
669.0 768.0 20.0 10.0
245.0 523.0 20.0 10.0
972.0 595.0 20.0 10.0
940.0 655.0 20.0 10.0
220.0 122.0 20.0 10.0
197.0 102.0 20.0 10.0
927.0 896.0 20.0 10.0
698.0 694.0 20.0 10.0
632.0 743.0 20.0 10.0
126.0 245.0 20.0 10.0
743.0 698.0 20.0 10.0
239.0 215.0 20.0 10.0
549.0 343.0 20.0 10.0
999.0 599.0 20.0 10.0
483.0 426.0 20.0 10.0
578.0 269.0 20.0 10.0
954.0 672.0 20.0 10.0
878.0 526.0 20.0 10.0
891.0 580.0 20.0 10.0
954.0 921.0 20.0 10.0
93.0 83.0 20.0 10.0
949.0 915.0 20.0 10.0
783.0 754.0 20.0 10.0
896.0 568.0 20.0 10.0
269.0 460.0 20.0 10.0
473.0 191.0 20.0 10.0
975.0 694.0 20.0 10.0
468.0 317.0 20.0 10.0
228.0 479.0 20.0 10.0
962.0 870.0 20.0 10.0
895.0 522.0 20.0 10.0
896.0 887.0 20.0 10.0
840.0 546.0 20.0 10.0
231.0 283.0 20.0 10.0
231.0 509.0 20.0 10.0
179.0 280.0 20.0 10.0
950.0 878.0 20.0 10.0
691.0 667.0 20.0 10.0
458.0 235.0 20.0 10.0
195.0 564.0 20.0 10.0
269.0 255.0 20.0 10.0
688.0 438.0 20.0 10.0
506.0 325.0 20.0 10.0
288.0 435.0 20.0 10.0
989.0 680.0 20.0 10.0
554.0 322.0 20.0 10.0
263.0 223.0 20.0 10.0
655.0 651.0 20.0 10.0
469.0 143.0 20.0 10.0
686.0 633.0 20.0 10.0
744.0 599.0 20.0 10.0
466.0 103.0 20.0 10.0
818.0 801.0 20.0 10.0
357.0 343.0 20.0 10.0
106.0 439.0 20.0 10.0
266.0 533.0 20.0 10.0
431.0 449.0 20.0 10.0
461.0 116.0 20.0 10.0
918.0 563.0 20.0 10.0
812.0 578.0 20.0 10.0
79.0 445.0 20.0 10.0
819.0 767.0 20.0 10.0
929.0 675.0 20.0 10.0
898.0 669.0 20.0 10.0
1016.0 691.0 20.0 10.0
451.0 398.0 20.0 10.0
281.0 210.0 20.0 10.0
895.0 931.0 20.0 10.0
963.0 593.0 20.0 10.0
482.0 661.0 20.0 10.0
911.0 917.0 20.0 10.0
961.0 857.0 20.0 10.0
917.0 935.0 20.0 10.0
555.0 387.0 20.0 10.0
141.0 226.0 20.0 10.0
148.0 142.0 20.0 10.0
598.0 228.0 20.0 10.0
434.0 463.0 20.0 10.0
220.0 255.0 20.0 10.0
615.0 251.0 20.0 10.0
478.0 667.0 20.0 10.0
861.0 582.0 20.0 10.0
573.0 184.0 20.0 10.0
639.0 494.0 20.0 10.0
190.0 305.0 20.0 10.0
829.0 790.0 20.0 10.0
545.0 240.0 20.0 10.0
1035.0 699.0 20.0 10.0
805.0 643.0 20.0 10.0
607.0 270.0 20.0 10.0
499.0 404.0 20.0 10.0
481.0 694.0 20.0 10.0
283.0 541.0 20.0 10.0
122.0 126.0 20.0 10.0
964.0 701.0 20.0 10.0
580.0 582.0 20.0 10.0
469.0 70.0 20.0 10.0
288.0 315.0 20.0 10.0
476.0 161.0 20.0 10.0
329.0 514.0 20.0 10.0
460.0 170.0 20.0 10.0
65.0 58.0 20.0 10.0
286.0 428.0 20.0 10.0
991.0 888.0 20.0 10.0
275.0 223.0 20.0 10.0
246.0 125.0 20.0 10.0
564.0 329.0 20.0 10.0
528.0 566.0 20.0 10.0
928.0 501.0 20.0 10.0
170.0 259.0 20.0 10.0
416.0 450.0 20.0 10.0
799.0 746.0 20.0 10.0
243.0 257.0 20.0 10.0
979.0 579.0 20.0 10.0
945.0 969.0 20.0 10.0
544.0 410.0 20.0 10.0
607.0 244.0 20.0 10.0
215.0 197.0 20.0 10.0
561.0 189.0 20.0 10.0
209.0 204.0 20.0 10.0
581.0 154.0 20.0 10.0
960.0 926.0 20.0 10.0
432.0 388.0 20.0 10.0
864.0 864.0 20.0 10.0
771.0 730.0 20.0 10.0
456.0 88.0 20.0 10.0
887.0 572.0 20.0 10.0
102.0 452.0 20.0 10.0
70.0 457.0 20.0 10.0
989.0 869.0 20.0 10.0
455.0 212.0 20.0 10.0
999.0 604.0 20.0 10.0
317.0 278.0 20.0 10.0
351.0 410.0 20.0 10.0
227.0 547.0 20.0 10.0
289.0 495.0 20.0 10.0
846.0 609.0 20.0 10.0
936.0 921.0 20.0 10.0
300.0 215.0 20.0 10.0
616.0 192.0 20.0 10.0
589.0 247.0 20.0 10.0
631.0 263.0 20.0 10.0
425.0 363.0 20.0 10.0
151.0 426.0 20.0 10.0
755.0 723.0 20.0 10.0
266.0 318.0 20.0 10.0
283.0 180.0 20.0 10.0
600.0 261.0 20.0 10.0
473.0 76.0 20.0 10.0
523.0 460.0 20.0 10.0
222.0 190.0 20.0 10.0
159.0 298.0 20.0 10.0
631.0 162.0 20.0 10.0
957.0 484.0 20.0 10.0
245.0 315.0 20.0 10.0
260.0 425.0 20.0 10.0
925.0 589.0 20.0 10.0
94.0 95.0 20.0 10.0
41.0 38.0 20.0 10.0
916.0 897.0 20.0 10.0
836.0 556.0 20.0 10.0
357.0 431.0 20.0 10.0
466.0 277.0 20.0 10.0
61.0 85.0 20.0 10.0
699.0 700.0 20.0 10.0
856.0 529.0 20.0 10.0
638.0 691.0 20.0 10.0
200.0 413.0 20.0 10.0
772.0 723.0 20.0 10.0
637.0 230.0 20.0 10.0
225.0 135.0 20.0 10.0
642.0 138.0 20.0 10.0
641.0 242.0 20.0 10.0
577.0 133.0 20.0 10.0
1003.0 913.0 20.0 10.0
65.0 66.0 20.0 10.0
594.0 579.0 20.0 10.0
315.0 427.0 20.0 10.0
683.0 432.0 20.0 10.0
307.0 256.0 20.0 10.0
178.0 289.0 20.0 10.0
942.0 916.0 20.0 10.0
678.0 784.0 20.0 10.0
361.0 331.0 20.0 10.0
561.0 391.0 20.0 10.0
552.0 232.0 20.0 10.0
782.0 720.0 20.0 10.0
902.0 931.0 20.0 10.0
571.0 156.0 20.0 10.0
81.0 60.0 20.0 10.0
201.0 481.0 20.0 10.0
196.0 231.0 20.0 10.0
1067.0 597.0 20.0 10.0
888.0 852.0 20.0 10.0
751.0 750.0 20.0 10.0
217.0 139.0 20.0 10.0
206.0 526.0 20.0 10.0
354.0 320.0 20.0 10.0
621.0 217.0 20.0 10.0
945.0 485.0 20.0 10.0
281.0 481.0 20.0 10.0
455.0 187.0 20.0 10.0
126.0 239.0 20.0 10.0
579.0 607.0 20.0 10.0
902.0 959.0 20.0 10.0
962.0 966.0 20.0 10.0
1065.0 590.0 20.0 10.0
103.0 228.0 20.0 10.0
652.0 772.0 20.0 10.0
241.0 498.0 20.0 10.0
119.0 456.0 20.0 10.0
464.0 686.0 20.0 10.0
973.0 899.0 20.0 10.0
841.0 655.0 20.0 10.0
299.0 515.0 20.0 10.0
658.0 830.0 20.0 10.0
468.0 164.0 20.0 10.0
981.0 683.0 20.0 10.0
699.0 601.0 20.0 10.0
838.0 788.0 20.0 10.0
187.0 176.0 20.0 10.0
745.0 553.0 20.0 10.0
267.0 437.0 20.0 10.0
758.0 539.0 20.0 10.0
136.0 293.0 20.0 10.0
468.0 53.0 20.0 10.0
1068.0 577.0 20.0 10.0
589.0 600.0 20.0 10.0
818.0 828.0 20.0 10.0
652.0 118.0 20.0 10.0
659.0 458.0 20.0 10.0
906.0 865.0 20.0 10.0
949.0 566.0 20.0 10.0
235.0 119.0 20.0 10.0
979.0 464.0 20.0 10.0
812.0 598.0 20.0 10.0
1072.0 590.0 20.0 10.0
655.0 798.0 20.0 10.0
202.0 499.0 20.0 10.0
204.0 319.0 20.0 10.0
479.0 113.0 20.0 10.0
69.0 79.0 20.0 10.0
952.0 598.0 20.0 10.0
550.0 352.0 20.0 10.0
688.0 728.0 20.0 10.0
47.0 472.0 20.0 10.0
463.0 75.0 20.0 10.0
516.0 590.0 20.0 10.0
634.0 664.0 20.0 10.0
659.0 103.0 20.0 10.0
914.0 503.0 20.0 10.0
991.0 950.0 20.0 10.0
366.0 452.0 20.0 10.0
267.0 234.0 20.0 10.0
892.0 916.0 20.0 10.0
856.0 664.0 20.0 10.0
644.0 483.0 20.0 10.0
975.0 994.0 20.0 10.0
630.0 226.0 20.0 10.0
1007.0 571.0 20.0 10.0
419.0 340.0 20.0 10.0
1004.0 460.0 20.0 10.0
987.0 986.0 20.0 10.0
206.0 227.0 20.0 10.0
624.0 717.0 20.0 10.0
347.0 393.0 20.0 10.0
308.0 393.0 20.0 10.0
950.0 481.0 20.0 10.0
1018.0 965.0 20.0 10.0
664.0 466.0 20.0 10.0
928.0 964.0 20.0 10.0
539.0 302.0 20.0 10.0
227.0 295.0 20.0 10.0
750.0 571.0 20.0 10.0
412.0 329.0 20.0 10.0
365.0 464.0 20.0 10.0
858.0 521.0 20.0 10.0
464.0 209.0 20.0 10.0
968.0 465.0 20.0 10.0
290.0 212.0 20.0 10.0
615.0 536.0 20.0 10.0
25.0 25.0 20.0 10.0
560.0 299.0 20.0 10.0
219.0 540.0 20.0 10.0
126.0 204.0 20.0 10.0
447.0 323.0 20.0 10.0
1052.0 574.0 20.0 10.0
914.0 549.0 20.0 10.0
227.0 88.0 20.0 10.0
635.0 641.0 20.0 10.0
261.0 122.0 20.0 10.0
122.0 422.0 20.0 10.0
980.0 940.0 20.0 10.0
501.0 610.0 20.0 10.0
109.0 433.0 20.0 10.0
629.0 471.0 20.0 10.0
955.0 910.0 20.0 10.0
194.0 273.0 20.0 10.0
256.0 198.0 20.0 10.0
176.0 513.0 20.0 10.0
624.0 219.0 20.0 10.0
285.0 261.0 20.0 10.0
486.0 273.0 20.0 10.0
876.0 680.0 20.0 10.0
98.0 418.0 20.0 10.0
189.0 253.0 20.0 10.0
251.0 98.0 20.0 10.0
43.0 63.0 20.0 10.0
705.0 418.0 20.0 10.0
611.0 200.0 20.0 10.0
208.0 93.0 20.0 10.0
983.0 671.0 20.0 10.0
243.0 458.0 20.0 10.0
262.0 129.0 20.0 10.0
769.0 758.0 20.0 10.0
575.0 321.0 20.0 10.0
309.0 522.0 20.0 10.0
623.0 660.0 20.0 10.0
125.0 465.0 20.0 10.0
1093.0 591.0 20.0 10.0
615.0 215.0 20.0 10.0
753.0 576.0 20.0 10.0
701.0 722.0 20.0 10.0
658.0 483.0 20.0 10.0
958.0 996.0 20.0 10.0
452.0 223.0 20.0 10.0
762.0 681.0 20.0 10.0
478.0 88.0 20.0 10.0
128.0 123.0 20.0 10.0
103.0 237.0 20.0 10.0
1051.0 705.0 20.0 10.0
550.0 203.0 20.0 10.0
811.0 766.0 20.0 10.0
662.0 807.0 20.0 10.0
183.0 576.0 20.0 10.0
82.0 472.0 20.0 10.0
159.0 309.0 20.0 10.0
72.0 64.0 20.0 10.0
478.0 485.0 20.0 10.0
1015.0 968.0 20.0 10.0
191.0 240.0 20.0 10.0
892.0 679.0 20.0 10.0
684.0 451.0 20.0 10.0
468.0 115.0 20.0 10.0
874.0 498.0 20.0 10.0
275.0 252.0 20.0 10.0
754.0 690.0 20.0 10.0
