500
560.0 561.0 20.0 10.0
476.0 490.0 20.0 10.0
390.0 430.0 20.0 10.0
419.0 541.0 20.0 10.0
395.0 552.0 20.0 10.0
323.0 363.0 20.0 10.0
323.0 426.0 20.0 10.0
262.0 296.0 20.0 10.0
579.0 610.0 20.0 10.0
516.0 415.0 20.0 10.0
559.0 345.0 20.0 10.0
203.0 260.0 20.0 10.0
505.0 380.0 20.0 10.0
544.0 617.0 20.0 10.0
363.0 593.0 20.0 10.0
194.0 233.0 20.0 10.0
599.0 279.0 20.0 10.0
258.0 420.0 20.0 10.0
303.0 412.0 20.0 10.0
281.0 373.0 20.0 10.0
641.0 611.0 20.0 10.0
397.0 563.0 20.0 10.0
462.0 467.0 20.0 10.0
212.0 412.0 20.0 10.0
229.0 241.0 20.0 10.0
620.0 578.0 20.0 10.0
673.0 576.0 20.0 10.0
313.0 639.0 20.0 10.0
250.0 271.0 20.0 10.0
651.0 675.0 20.0 10.0
166.0 257.0 20.0 10.0
635.0 225.0 20.0 10.0
723.0 640.0 20.0 10.0
266.0 675.0 20.0 10.0
618.0 230.0 20.0 10.0
198.0 187.0 20.0 10.0
295.0 391.0 20.0 10.0
674.0 569.0 20.0 10.0
775.0 639.0 20.0 10.0
169.0 144.0 20.0 10.0
153.0 238.0 20.0 10.0
224.0 709.0 20.0 10.0
708.0 548.0 20.0 10.0
633.0 189.0 20.0 10.0
629.0 180.0 20.0 10.0
742.0 523.0 20.0 10.0
558.0 304.0 20.0 10.0
600.0 657.0 20.0 10.0
492.0 345.0 20.0 10.0
592.0 336.0 20.0 10.0
218.0 406.0 20.0 10.0
656.0 616.0 20.0 10.0
664.0 701.0 20.0 10.0
721.0 570.0 20.0 10.0
247.0 395.0 20.0 10.0
247.0 258.0 20.0 10.0
492.0 503.0 20.0 10.0
780.0 675.0 20.0 10.0
661.0 736.0 20.0 10.0
214.0 211.0 20.0 10.0
771.0 655.0 20.0 10.0
395.0 590.0 20.0 10.0
716.0 559.0 20.0 10.0
169.0 404.0 20.0 10.0
678.0 784.0 20.0 10.0
581.0 666.0 20.0 10.0
130.0 392.0 20.0 10.0
536.0 670.0 20.0 10.0
235.0 240.0 20.0 10.0
521.0 645.0 20.0 10.0
670.0 189.0 20.0 10.0
635.0 643.0 20.0 10.0
217.0 422.0 20.0 10.0
655.0 199.0 20.0 10.0
746.0 547.0 20.0 10.0
181.0 223.0 20.0 10.0
672.0 206.0 20.0 10.0
697.0 156.0 20.0 10.0
639.0 145.0 20.0 10.0
285.0 668.0 20.0 10.0
704.0 182.0 20.0 10.0
537.0 566.0 20.0 10.0
687.0 655.0 20.0 10.0
762.0 631.0 20.0 10.0
772.0 499.0 20.0 10.0
813.0 666.0 20.0 10.0
722.0 131.0 20.0 10.0
255.0 366.0 20.0 10.0
810.0 644.0 20.0 10.0
189.0 445.0 20.0 10.0
688.0 826.0 20.0 10.0
685.0 547.0 20.0 10.0
758.0 564.0 20.0 10.0
524.0 720.0 20.0 10.0
174.0 231.0 20.0 10.0
663.0 641.0 20.0 10.0
293.0 374.0 20.0 10.0
726.0 163.0 20.0 10.0
200.0 737.0 20.0 10.0
95.0 383.0 20.0 10.0
158.0 193.0 20.0 10.0
301.0 437.0 20.0 10.0
239.0 223.0 20.0 10.0
259.0 262.0 20.0 10.0
628.0 673.0 20.0 10.0
552.0 268.0 20.0 10.0
292.0 431.0 20.0 10.0
141.0 106.0 20.0 10.0
580.0 326.0 20.0 10.0
316.0 327.0 20.0 10.0
494.0 315.0 20.0 10.0
307.0 298.0 20.0 10.0
115.0 224.0 20.0 10.0
667.0 778.0 20.0 10.0
625.0 703.0 20.0 10.0
737.0 567.0 20.0 10.0
592.0 251.0 20.0 10.0
663.0 172.0 20.0 10.0
631.0 697.0 20.0 10.0
369.0 561.0 20.0 10.0
498.0 292.0 20.0 10.0
197.0 447.0 20.0 10.0
541.0 706.0 20.0 10.0
116.0 72.0 20.0 10.0
802.0 703.0 20.0 10.0
806.0 695.0 20.0 10.0
648.0 665.0 20.0 10.0
556.0 238.0 20.0 10.0
365.0 426.0 20.0 10.0
834.0 700.0 20.0 10.0
187.0 387.0 20.0 10.0
467.0 343.0 20.0 10.0
123.0 215.0 20.0 10.0
653.0 773.0 20.0 10.0
460.0 323.0 20.0 10.0
213.0 424.0 20.0 10.0
505.0 356.0 20.0 10.0
678.0 807.0 20.0 10.0
495.0 477.0 20.0 10.0
188.0 741.0 20.0 10.0
138.0 244.0 20.0 10.0
156.0 771.0 20.0 10.0
880.0 707.0 20.0 10.0
244.0 695.0 20.0 10.0
695.0 862.0 20.0 10.0
713.0 691.0 20.0 10.0
95.0 49.0 20.0 10.0
551.0 725.0 20.0 10.0
561.0 277.0 20.0 10.0
693.0 170.0 20.0 10.0
742.0 720.0 20.0 10.0
797.0 652.0 20.0 10.0
615.0 322.0 20.0 10.0
632.0 263.0 20.0 10.0
563.0 212.0 20.0 10.0
165.0 465.0 20.0 10.0
564.0 535.0 20.0 10.0
621.0 192.0 20.0 10.0
567.0 257.0 20.0 10.0
234.0 286.0 20.0 10.0
101.0 48.0 20.0 10.0
916.0 709.0 20.0 10.0
256.0 233.0 20.0 10.0
731.0 173.0 20.0 10.0
696.0 164.0 20.0 10.0
628.0 145.0 20.0 10.0
654.0 729.0 20.0 10.0
138.0 259.0 20.0 10.0
704.0 679.0 20.0 10.0
164.0 367.0 20.0 10.0
848.0 676.0 20.0 10.0
769.0 507.0 20.0 10.0
645.0 740.0 20.0 10.0
488.0 291.0 20.0 10.0
683.0 631.0 20.0 10.0
587.0 342.0 20.0 10.0
821.0 641.0 20.0 10.0
628.0 275.0 20.0 10.0
676.0 526.0 20.0 10.0
539.0 734.0 20.0 10.0
323.0 335.0 20.0 10.0
683.0 755.0 20.0 10.0
676.0 658.0 20.0 10.0
744.0 654.0 20.0 10.0
177.0 263.0 20.0 10.0
624.0 160.0 20.0 10.0
205.0 189.0 20.0 10.0
230.0 376.0 20.0 10.0
180.0 764.0 20.0 10.0
262.0 435.0 20.0 10.0
624.0 721.0 20.0 10.0
601.0 251.0 20.0 10.0
302.0 343.0 20.0 10.0
941.0 722.0 20.0 10.0
747.0 576.0 20.0 10.0
755.0 573.0 20.0 10.0
616.0 723.0 20.0 10.0
489.0 267.0 20.0 10.0
799.0 627.0 20.0 10.0
504.0 740.0 20.0 10.0
115.0 233.0 20.0 10.0
699.0 575.0 20.0 10.0
508.0 656.0 20.0 10.0
543.0 413.0 20.0 10.0
356.0 562.0 20.0 10.0
856.0 639.0 20.0 10.0
526.0 630.0 20.0 10.0
479.0 322.0 20.0 10.0
674.0 761.0 20.0 10.0
146.0 201.0 20.0 10.0
467.0 306.0 20.0 10.0
501.0 671.0 20.0 10.0
536.0 431.0 20.0 10.0
263.0 206.0 20.0 10.0
652.0 220.0 20.0 10.0
295.0 325.0 20.0 10.0
354.0 618.0 20.0 10.0
485.0 700.0 20.0 10.0
513.0 340.0 20.0 10.0
792.0 476.0 20.0 10.0
695.0 189.0 20.0 10.0
170.0 199.0 20.0 10.0
791.0 678.0 20.0 10.0
120.0 175.0 20.0 10.0
203.0 378.0 20.0 10.0
700.0 523.0 20.0 10.0
303.0 306.0 20.0 10.0
329.0 614.0 20.0 10.0
87.0 227.0 20.0 10.0
240.0 448.0 20.0 10.0
752.0 550.0 20.0 10.0
794.0 480.0 20.0 10.0
486.0 318.0 20.0 10.0
722.0 158.0 20.0 10.0
136.0 171.0 20.0 10.0
359.0 402.0 20.0 10.0
626.0 737.0 20.0 10.0
659.0 681.0 20.0 10.0
369.0 380.0 20.0 10.0
692.0 887.0 20.0 10.0
172.0 428.0 20.0 10.0
649.0 116.0 20.0 10.0
236.0 232.0 20.0 10.0
451.0 490.0 20.0 10.0
340.0 601.0 20.0 10.0
132.0 792.0 20.0 10.0
864.0 728.0 20.0 10.0
103.0 383.0 20.0 10.0
142.0 469.0 20.0 10.0
871.0 682.0 20.0 10.0
808.0 461.0 20.0 10.0
298.0 634.0 20.0 10.0
805.0 456.0 20.0 10.0
613.0 687.0 20.0 10.0
269.0 422.0 20.0 10.0
180.0 152.0 20.0 10.0
553.0 253.0 20.0 10.0
738.0 109.0 20.0 10.0
274.0 641.0 20.0 10.0
657.0 246.0 20.0 10.0
630.0 312.0 20.0 10.0
686.0 613.0 20.0 10.0
575.0 575.0 20.0 10.0
544.0 740.0 20.0 10.0
257.0 416.0 20.0 10.0
163.0 786.0 20.0 10.0
793.0 557.0 20.0 10.0
623.0 268.0 20.0 10.0
741.0 672.0 20.0 10.0
624.0 239.0 20.0 10.0
694.0 787.0 20.0 10.0
451.0 288.0 20.0 10.0
125.0 233.0 20.0 10.0
626.0 559.0 20.0 10.0
87.0 25.0 20.0 10.0
782.0 533.0 20.0 10.0
118.0 154.0 20.0 10.0
705.0 616.0 20.0 10.0
820.0 545.0 20.0 10.0
684.0 503.0 20.0 10.0
78.0 29.0 20.0 10.0
325.0 450.0 20.0 10.0
114.0 817.0 20.0 10.0
162.0 201.0 20.0 10.0
616.0 155.0 20.0 10.0
184.0 394.0 20.0 10.0
738.0 561.0 20.0 10.0
791.0 490.0 20.0 10.0
304.0 670.0 20.0 10.0
769.0 746.0 20.0 10.0
260.0 693.0 20.0 10.0
87.0 219.0 20.0 10.0
138.0 250.0 20.0 10.0
361.0 627.0 20.0 10.0
97.0 157.0 20.0 10.0
133.0 431.0 20.0 10.0
279.0 658.0 20.0 10.0
242.0 716.0 20.0 10.0
849.0 649.0 20.0 10.0
813.0 522.0 20.0 10.0
628.0 304.0 20.0 10.0
654.0 701.0 20.0 10.0
558.0 319.0 20.0 10.0
66.0 377.0 20.0 10.0
733.0 711.0 20.0 10.0
802.0 669.0 20.0 10.0
480.0 382.0 20.0 10.0
651.0 151.0 20.0 10.0
667.0 120.0 20.0 10.0
178.0 468.0 20.0 10.0
197.0 402.0 20.0 10.0
91.0 53.0 20.0 10.0
688.0 856.0 20.0 10.0
186.0 759.0 20.0 10.0
649.0 251.0 20.0 10.0
723.0 508.0 20.0 10.0
303.0 278.0 20.0 10.0
522.0 586.0 20.0 10.0
528.0 371.0 20.0 10.0
222.0 214.0 20.0 10.0
168.0 760.0 20.0 10.0
128.0 798.0 20.0 10.0
161.0 453.0 20.0 10.0
827.0 686.0 20.0 10.0
872.0 688.0 20.0 10.0
374.0 594.0 20.0 10.0
481.0 302.0 20.0 10.0
250.0 246.0 20.0 10.0
101.0 192.0 20.0 10.0
330.0 601.0 20.0 10.0
293.0 662.0 20.0 10.0
530.0 752.0 20.0 10.0
648.0 242.0 20.0 10.0
646.0 163.0 20.0 10.0
311.0 253.0 20.0 10.0
544.0 695.0 20.0 10.0
554.0 210.0 20.0 10.0
841.0 655.0 20.0 10.0
320.0 314.0 20.0 10.0
553.0 182.0 20.0 10.0
511.0 749.0 20.0 10.0
103.0 822.0 20.0 10.0
709.0 775.0 20.0 10.0
763.0 697.0 20.0 10.0
791.0 768.0 20.0 10.0
470.0 725.0 20.0 10.0
375.0 571.0 20.0 10.0
518.0 329.0 20.0 10.0
670.0 699.0 20.0 10.0
645.0 776.0 20.0 10.0
758.0 676.0 20.0 10.0
677.0 98.0 20.0 10.0
184.0 411.0 20.0 10.0
358.0 363.0 20.0 10.0
99.0 435.0 20.0 10.0
856.0 651.0 20.0 10.0
886.0 632.0 20.0 10.0
795.0 703.0 20.0 10.0
157.0 131.0 20.0 10.0
636.0 161.0 20.0 10.0
513.0 595.0 20.0 10.0
82.0 841.0 20.0 10.0
159.0 374.0 20.0 10.0
208.0 284.0 20.0 10.0
393.0 611.0 20.0 10.0
112.0 810.0 20.0 10.0
841.0 680.0 20.0 10.0
625.0 114.0 20.0 10.0
835.0 621.0 20.0 10.0
107.0 422.0 20.0 10.0
612.0 647.0 20.0 10.0
662.0 801.0 20.0 10.0
504.0 777.0 20.0 10.0
187.0 428.0 20.0 10.0
272.0 445.0 20.0 10.0
520.0 760.0 20.0 10.0
514.0 794.0 20.0 10.0
682.0 236.0 20.0 10.0
871.0 712.0 20.0 10.0
573.0 258.0 20.0 10.0
665.0 125.0 20.0 10.0
522.0 779.0 20.0 10.0
643.0 806.0 20.0 10.0
310.0 625.0 20.0 10.0
514.0 788.0 20.0 10.0
65.0 859.0 20.0 10.0
712.0 572.0 20.0 10.0
405.0 587.0 20.0 10.0
352.0 657.0 20.0 10.0
83.0 209.0 20.0 10.0
219.0 462.0 20.0 10.0
592.0 315.0 20.0 10.0
693.0 893.0 20.0 10.0
896.0 719.0 20.0 10.0
181.0 471.0 20.0 10.0
841.0 525.0 20.0 10.0
710.0 630.0 20.0 10.0
322.0 641.0 20.0 10.0
95.0 204.0 20.0 10.0
680.0 609.0 20.0 10.0
891.0 744.0 20.0 10.0
312.0 606.0 20.0 10.0
669.0 757.0 20.0 10.0
461.0 743.0 20.0 10.0
911.0 706.0 20.0 10.0
733.0 540.0 20.0 10.0
651.0 133.0 20.0 10.0
683.0 208.0 20.0 10.0
156.0 381.0 20.0 10.0
446.0 307.0 20.0 10.0
508.0 815.0 20.0 10.0
235.0 193.0 20.0 10.0
45.0 373.0 20.0 10.0
869.0 665.0 20.0 10.0
733.0 114.0 20.0 10.0
166.0 126.0 20.0 10.0
665.0 813.0 20.0 10.0
696.0 655.0 20.0 10.0
807.0 784.0 20.0 10.0
674.0 841.0 20.0 10.0
226.0 735.0 20.0 10.0
298.0 263.0 20.0 10.0
864.0 610.0 20.0 10.0
232.0 411.0 20.0 10.0
758.0 692.0 20.0 10.0
767.0 530.0 20.0 10.0
648.0 764.0 20.0 10.0
480.0 244.0 20.0 10.0
750.0 91.0 20.0 10.0
747.0 638.0 20.0 10.0
678.0 181.0 20.0 10.0
215.0 397.0 20.0 10.0
25.0 376.0 20.0 10.0
824.0 558.0 20.0 10.0
786.0 578.0 20.0 10.0
291.0 614.0 20.0 10.0
298.0 292.0 20.0 10.0
817.0 478.0 20.0 10.0
72.0 423.0 20.0 10.0
468.0 283.0 20.0 10.0
901.0 704.0 20.0 10.0
597.0 303.0 20.0 10.0
692.0 916.0 20.0 10.0
520.0 576.0 20.0 10.0
121.0 85.0 20.0 10.0
713.0 140.0 20.0 10.0
663.0 551.0 20.0 10.0
940.0 715.0 20.0 10.0
73.0 34.0 20.0 10.0
62.0 198.0 20.0 10.0
270.0 430.0 20.0 10.0
359.0 574.0 20.0 10.0
487.0 692.0 20.0 10.0
646.0 831.0 20.0 10.0
913.0 757.0 20.0 10.0
156.0 388.0 20.0 10.0
656.0 263.0 20.0 10.0
184.0 163.0 20.0 10.0
705.0 779.0 20.0 10.0
738.0 552.0 20.0 10.0
435.0 503.0 20.0 10.0
651.0 758.0 20.0 10.0
884.0 650.0 20.0 10.0
706.0 497.0 20.0 10.0
548.0 373.0 20.0 10.0
53.0 870.0 20.0 10.0
180.0 124.0 20.0 10.0
555.0 593.0 20.0 10.0
618.0 764.0 20.0 10.0
350.0 367.0 20.0 10.0
865.0 620.0 20.0 10.0
233.0 351.0 20.0 10.0
352.0 644.0 20.0 10.0
150.0 803.0 20.0 10.0
279.0 651.0 20.0 10.0
539.0 770.0 20.0 10.0
148.0 120.0 20.0 10.0
816.0 574.0 20.0 10.0
884.0 743.0 20.0 10.0
339.0 682.0 20.0 10.0
71.0 440.0 20.0 10.0
633.0 727.0 20.0 10.0
773.0 584.0 20.0 10.0
668.0 680.0 20.0 10.0
629.0 129.0 20.0 10.0
216.0 748.0 20.0 10.0
604.0 711.0 20.0 10.0
519.0 471.0 20.0 10.0
692.0 815.0 20.0 10.0
783.0 716.0 20.0 10.0
817.0 490.0 20.0 10.0
232.0 164.0 20.0 10.0
711.0 199.0 20.0 10.0
635.0 325.0 20.0 10.0
855.0 723.0 20.0 10.0
244.0 195.0 20.0 10.0
207.0 346.0 20.0 10.0
299.0 458.0 20.0 10.0
471.0 715.0 20.0 10.0
78.0 144.0 20.0 10.0
