500
727.0 944.0 20.0 10.0
750.0 840.0 20.0 10.0
769.0 1022.0 20.0 10.0
674.0 757.0 20.0 10.0
663.0 952.0 20.0 10.0
855.0 827.0 20.0 10.0
601.0 961.0 20.0 10.0
767.0 1071.0 20.0 10.0
600.0 678.0 20.0 10.0
545.0 968.0 20.0 10.0
685.0 1016.0 20.0 10.0
527.0 600.0 20.0 10.0
456.0 523.0 20.0 10.0
652.0 1074.0 20.0 10.0
668.0 717.0 20.0 10.0
385.0 446.0 20.0 10.0
428.0 518.0 20.0 10.0
957.0 817.0 20.0 10.0
808.0 1089.0 20.0 10.0
571.0 952.0 20.0 10.0
317.0 370.0 20.0 10.0
293.0 339.0 20.0 10.0
273.0 362.0 20.0 10.0
527.0 958.0 20.0 10.0
252.0 301.0 20.0 10.0
884.0 791.0 20.0 10.0
626.0 1117.0 20.0 10.0
1040.0 798.0 20.0 10.0
218.0 238.0 20.0 10.0
808.0 1044.0 20.0 10.0
1121.0 783.0 20.0 10.0
196.0 265.0 20.0 10.0
643.0 748.0 20.0 10.0
390.0 418.0 20.0 10.0
845.0 1143.0 20.0 10.0
753.0 948.0 20.0 10.0
1185.0 775.0 20.0 10.0
317.0 326.0 20.0 10.0
571.0 653.0 20.0 10.0
403.0 518.0 20.0 10.0
633.0 947.0 20.0 10.0
600.0 1144.0 20.0 10.0
633.0 1098.0 20.0 10.0
500.0 979.0 20.0 10.0
198.0 205.0 20.0 10.0
915.0 773.0 20.0 10.0
1018.0 837.0 20.0 10.0
586.0 984.0 20.0 10.0
237.0 350.0 20.0 10.0
1153.0 757.0 20.0 10.0
632.0 1121.0 20.0 10.0
992.0 791.0 20.0 10.0
1245.0 766.0 20.0 10.0
614.0 746.0 20.0 10.0
279.0 312.0 20.0 10.0
184.0 183.0 20.0 10.0
940.0 758.0 20.0 10.0
209.0 333.0 20.0 10.0
157.0 142.0 20.0 10.0
703.0 955.0 20.0 10.0
158.0 166.0 20.0 10.0
593.0 744.0 20.0 10.0
646.0 1060.0 20.0 10.0
462.0 985.0 20.0 10.0
214.0 288.0 20.0 10.0
521.0 966.0 20.0 10.0
694.0 738.0 20.0 10.0
903.0 759.0 20.0 10.0
443.0 492.0 20.0 10.0
772.0 961.0 20.0 10.0
804.0 1126.0 20.0 10.0
676.0 962.0 20.0 10.0
819.0 1134.0 20.0 10.0
246.0 265.0 20.0 10.0
610.0 1105.0 20.0 10.0
224.0 285.0 20.0 10.0
1154.0 763.0 20.0 10.0
1176.0 752.0 20.0 10.0
617.0 1140.0 20.0 10.0
598.0 1149.0 20.0 10.0
835.0 817.0 20.0 10.0
877.0 1195.0 20.0 10.0
609.0 1153.0 20.0 10.0
509.0 968.0 20.0 10.0
227.0 271.0 20.0 10.0
1057.0 842.0 20.0 10.0
862.0 797.0 20.0 10.0
590.0 751.0 20.0 10.0
842.0 1067.0 20.0 10.0
729.0 828.0 20.0 10.0
143.0 231.0 20.0 10.0
569.0 986.0 20.0 10.0
1069.0 856.0 20.0 10.0
615.0 1146.0 20.0 10.0
577.0 950.0 20.0 10.0
830.0 1107.0 20.0 10.0
354.0 446.0 20.0 10.0
104.0 201.0 20.0 10.0
155.0 154.0 20.0 10.0
774.0 1048.0 20.0 10.0
664.0 939.0 20.0 10.0
597.0 1167.0 20.0 10.0
246.0 371.0 20.0 10.0
625.0 1151.0 20.0 10.0
253.0 375.0 20.0 10.0
543.0 1010.0 20.0 10.0
79.0 178.0 20.0 10.0
769.0 1096.0 20.0 10.0
766.0 1118.0 20.0 10.0
179.0 153.0 20.0 10.0
1088.0 846.0 20.0 10.0
843.0 1103.0 20.0 10.0
606.0 1135.0 20.0 10.0
678.0 1054.0 20.0 10.0
995.0 823.0 20.0 10.0
386.0 507.0 20.0 10.0
703.0 713.0 20.0 10.0
1080.0 850.0 20.0 10.0
203.0 246.0 20.0 10.0
263.0 293.0 20.0 10.0
741.0 925.0 20.0 10.0
1296.0 760.0 20.0 10.0
897.0 1227.0 20.0 10.0
210.0 345.0 20.0 10.0
909.0 768.0 20.0 10.0
873.0 1116.0 20.0 10.0
1330.0 753.0 20.0 10.0
1359.0 745.0 20.0 10.0
890.0 853.0 20.0 10.0
638.0 952.0 20.0 10.0
802.0 1160.0 20.0 10.0
72.0 173.0 20.0 10.0
705.0 721.0 20.0 10.0
669.0 687.0 20.0 10.0
180.0 148.0 20.0 10.0
831.0 1177.0 20.0 10.0
576.0 1135.0 20.0 10.0
1025.0 769.0 20.0 10.0
643.0 699.0 20.0 10.0
875.0 840.0 20.0 10.0
511.0 959.0 20.0 10.0
221.0 377.0 20.0 10.0
573.0 1167.0 20.0 10.0
904.0 1240.0 20.0 10.0
1104.0 870.0 20.0 10.0
868.0 772.0 20.0 10.0
632.0 1154.0 20.0 10.0
454.0 469.0 20.0 10.0
932.0 748.0 20.0 10.0
852.0 1112.0 20.0 10.0
1068.0 780.0 20.0 10.0
1149.0 797.0 20.0 10.0
765.0 1161.0 20.0 10.0
871.0 1092.0 20.0 10.0
170.0 129.0 20.0 10.0
891.0 799.0 20.0 10.0
251.0 354.0 20.0 10.0
1219.0 779.0 20.0 10.0
1127.0 891.0 20.0 10.0
916.0 855.0 20.0 10.0
900.0 1132.0 20.0 10.0
387.0 499.0 20.0 10.0
1336.0 763.0 20.0 10.0
1023.0 817.0 20.0 10.0
828.0 1118.0 20.0 10.0
327.0 445.0 20.0 10.0
843.0 1205.0 20.0 10.0
949.0 725.0 20.0 10.0
590.0 1185.0 20.0 10.0
805.0 1189.0 20.0 10.0
308.0 287.0 20.0 10.0
771.0 1199.0 20.0 10.0
481.0 977.0 20.0 10.0
800.0 1151.0 20.0 10.0
1185.0 742.0 20.0 10.0
116.0 206.0 20.0 10.0
888.0 1117.0 20.0 10.0
918.0 726.0 20.0 10.0
617.0 1157.0 20.0 10.0
131.0 106.0 20.0 10.0
621.0 677.0 20.0 10.0
1163.0 794.0 20.0 10.0
853.0 1136.0 20.0 10.0
101.0 185.0 20.0 10.0
302.0 253.0 20.0 10.0
186.0 271.0 20.0 10.0
882.0 747.0 20.0 10.0
129.0 77.0 20.0 10.0
875.0 1167.0 20.0 10.0
793.0 1034.0 20.0 10.0
742.0 912.0 20.0 10.0
923.0 1262.0 20.0 10.0
1160.0 772.0 20.0 10.0
107.0 214.0 20.0 10.0
928.0 1267.0 20.0 10.0
165.0 247.0 20.0 10.0
1046.0 830.0 20.0 10.0
909.0 872.0 20.0 10.0
833.0 1212.0 20.0 10.0
265.0 325.0 20.0 10.0
1052.0 751.0 20.0 10.0
1113.0 867.0 20.0 10.0
660.0 740.0 20.0 10.0
642.0 760.0 20.0 10.0
627.0 681.0 20.0 10.0
820.0 1161.0 20.0 10.0
922.0 877.0 20.0 10.0
107.0 75.0 20.0 10.0
846.0 1132.0 20.0 10.0
1152.0 871.0 20.0 10.0
947.0 893.0 20.0 10.0
1142.0 874.0 20.0 10.0
1184.0 876.0 20.0 10.0
551.0 1154.0 20.0 10.0
548.0 1161.0 20.0 10.0
707.0 930.0 20.0 10.0
862.0 1121.0 20.0 10.0
665.0 983.0 20.0 10.0
416.0 482.0 20.0 10.0
617.0 738.0 20.0 10.0
1181.0 868.0 20.0 10.0
896.0 1194.0 20.0 10.0
1067.0 731.0 20.0 10.0
664.0 1081.0 20.0 10.0
1017.0 847.0 20.0 10.0
1214.0 729.0 20.0 10.0
365.0 419.0 20.0 10.0
558.0 1193.0 20.0 10.0
640.0 1106.0 20.0 10.0
845.0 767.0 20.0 10.0
557.0 633.0 20.0 10.0
675.0 1087.0 20.0 10.0
574.0 962.0 20.0 10.0
561.0 934.0 20.0 10.0
870.0 865.0 20.0 10.0
808.0 1215.0 20.0 10.0
610.0 1193.0 20.0 10.0
1369.0 757.0 20.0 10.0
899.0 1107.0 20.0 10.0
911.0 735.0 20.0 10.0
184.0 230.0 20.0 10.0
896.0 1215.0 20.0 10.0
758.0 1139.0 20.0 10.0
239.0 239.0 20.0 10.0
601.0 730.0 20.0 10.0
1143.0 765.0 20.0 10.0
431.0 984.0 20.0 10.0
306.0 432.0 20.0 10.0
1238.0 719.0 20.0 10.0
786.0 972.0 20.0 10.0
854.0 1195.0 20.0 10.0
664.0 1003.0 20.0 10.0
652.0 922.0 20.0 10.0
581.0 649.0 20.0 10.0
881.0 719.0 20.0 10.0
386.0 396.0 20.0 10.0
304.0 264.0 20.0 10.0
920.0 1210.0 20.0 10.0
665.0 1107.0 20.0 10.0
89.0 56.0 20.0 10.0
921.0 1276.0 20.0 10.0
1050.0 759.0 20.0 10.0
758.0 1099.0 20.0 10.0
840.0 1238.0 20.0 10.0
425.0 472.0 20.0 10.0
655.0 1093.0 20.0 10.0
96.0 181.0 20.0 10.0
909.0 1219.0 20.0 10.0
1278.0 748.0 20.0 10.0
923.0 698.0 20.0 10.0
695.0 716.0 20.0 10.0
664.0 1117.0 20.0 10.0
479.0 968.0 20.0 10.0
671.0 1077.0 20.0 10.0
1139.0 761.0 20.0 10.0
899.0 1098.0 20.0 10.0
513.0 1024.0 20.0 10.0
1365.0 763.0 20.0 10.0
1047.0 848.0 20.0 10.0
761.0 1148.0 20.0 10.0
158.0 266.0 20.0 10.0
896.0 1255.0 20.0 10.0
45.0 161.0 20.0 10.0
584.0 1179.0 20.0 10.0
1325.0 738.0 20.0 10.0
885.0 1108.0 20.0 10.0
933.0 1308.0 20.0 10.0
1018.0 830.0 20.0 10.0
926.0 758.0 20.0 10.0
171.0 192.0 20.0 10.0
127.0 133.0 20.0 10.0
983.0 803.0 20.0 10.0
435.0 452.0 20.0 10.0
371.0 392.0 20.0 10.0
757.0 1175.0 20.0 10.0
956.0 744.0 20.0 10.0
338.0 410.0 20.0 10.0
232.0 216.0 20.0 10.0
774.0 1225.0 20.0 10.0
856.0 749.0 20.0 10.0
1049.0 854.0 20.0 10.0
933.0 872.0 20.0 10.0
169.0 118.0 20.0 10.0
682.0 690.0 20.0 10.0
794.0 1059.0 20.0 10.0
315.0 297.0 20.0 10.0
665.0 657.0 20.0 10.0
528.0 1165.0 20.0 10.0
926.0 1112.0 20.0 10.0
609.0 654.0 20.0 10.0
681.0 1044.0 20.0 10.0
580.0 1118.0 20.0 10.0
884.0 757.0 20.0 10.0
916.0 696.0 20.0 10.0
82.0 158.0 20.0 10.0
681.0 662.0 20.0 10.0
59.0 166.0 20.0 10.0
1075.0 748.0 20.0 10.0
323.0 343.0 20.0 10.0
1168.0 875.0 20.0 10.0
951.0 1323.0 20.0 10.0
622.0 749.0 20.0 10.0
845.0 1257.0 20.0 10.0
414.0 986.0 20.0 10.0
521.0 1179.0 20.0 10.0
298.0 225.0 20.0 10.0
917.0 798.0 20.0 10.0
1039.0 757.0 20.0 10.0
350.0 395.0 20.0 10.0
436.0 984.0 20.0 10.0
1276.0 777.0 20.0 10.0
1200.0 800.0 20.0 10.0
182.0 238.0 20.0 10.0
313.0 344.0 20.0 10.0
166.0 259.0 20.0 10.0
571.0 664.0 20.0 10.0
775.0 937.0 20.0 10.0
853.0 722.0 20.0 10.0
183.0 332.0 20.0 10.0
959.0 700.0 20.0 10.0
526.0 1174.0 20.0 10.0
660.0 1022.0 20.0 10.0
908.0 1273.0 20.0 10.0
1045.0 808.0 20.0 10.0
160.0 91.0 20.0 10.0
293.0 450.0 20.0 10.0
863.0 696.0 20.0 10.0
684.0 927.0 20.0 10.0
708.0 701.0 20.0 10.0
245.0 348.0 20.0 10.0
956.0 1326.0 20.0 10.0
641.0 1133.0 20.0 10.0
644.0 733.0 20.0 10.0
798.0 973.0 20.0 10.0
651.0 978.0 20.0 10.0
827.0 1206.0 20.0 10.0
1352.0 721.0 20.0 10.0
686.0 674.0 20.0 10.0
299.0 235.0 20.0 10.0
1302.0 730.0 20.0 10.0
978.0 730.0 20.0 10.0
659.0 632.0 20.0 10.0
637.0 737.0 20.0 10.0
488.0 1031.0 20.0 10.0
293.0 200.0 20.0 10.0
1305.0 775.0 20.0 10.0
289.0 175.0 20.0 10.0
879.0 693.0 20.0 10.0
607.0 1182.0 20.0 10.0
620.0 945.0 20.0 10.0
316.0 279.0 20.0 10.0
554.0 946.0 20.0 10.0
108.0 110.0 20.0 10.0
917.0 1248.0 20.0 10.0
77.0 195.0 20.0 10.0
766.0 820.0 20.0 10.0
481.0 959.0 20.0 10.0
593.0 1220.0 20.0 10.0
228.0 329.0 20.0 10.0
535.0 935.0 20.0 10.0
1070.0 789.0 20.0 10.0
623.0 694.0 20.0 10.0
1150.0 907.0 20.0 10.0
952.0 893.0 20.0 10.0
288.0 377.0 20.0 10.0
943.0 1292.0 20.0 10.0
1210.0 888.0 20.0 10.0
448.0 465.0 20.0 10.0
325.0 387.0 20.0 10.0
1079.0 736.0 20.0 10.0
490.0 1036.0 20.0 10.0
52.0 149.0 20.0 10.0
909.0 787.0 20.0 10.0
1305.0 737.0 20.0 10.0
891.0 878.0 20.0 10.0
965.0 747.0 20.0 10.0
642.0 937.0 20.0 10.0
952.0 1314.0 20.0 10.0
631.0 970.0 20.0 10.0
311.0 320.0 20.0 10.0
84.0 199.0 20.0 10.0
106.0 88.0 20.0 10.0
845.0 849.0 20.0 10.0
973.0 713.0 20.0 10.0
581.0 1218.0 20.0 10.0
642.0 1002.0 20.0 10.0
475.0 999.0 20.0 10.0
965.0 1341.0 20.0 10.0
941.0 890.0 20.0 10.0
678.0 635.0 20.0 10.0
1184.0 749.0 20.0 10.0
1189.0 803.0 20.0 10.0
527.0 988.0 20.0 10.0
661.0 775.0 20.0 10.0
568.0 1208.0 20.0 10.0
776.0 1231.0 20.0 10.0
612.0 1116.0 20.0 10.0
854.0 1103.0 20.0 10.0
612.0 975.0 20.0 10.0
931.0 708.0 20.0 10.0
1147.0 785.0 20.0 10.0
971.0 907.0 20.0 10.0
624.0 1013.0 20.0 10.0
642.0 925.0 20.0 10.0
1084.0 839.0 20.0 10.0
1197.0 760.0 20.0 10.0
670.0 1023.0 20.0 10.0
926.0 1147.0 20.0 10.0
579.0 727.0 20.0 10.0
937.0 675.0 20.0 10.0
54.0 188.0 20.0 10.0
1230.0 798.0 20.0 10.0
291.0 415.0 20.0 10.0
862.0 1082.0 20.0 10.0
1211.0 738.0 20.0 10.0
468.0 977.0 20.0 10.0
626.0 1078.0 20.0 10.0
827.0 1064.0 20.0 10.0
909.0 709.0 20.0 10.0
907.0 1139.0 20.0 10.0
242.0 312.0 20.0 10.0
555.0 963.0 20.0 10.0
913.0 812.0 20.0 10.0
358.0 375.0 20.0 10.0
403.0 464.0 20.0 10.0
959.0 912.0 20.0 10.0
197.0 213.0 20.0 10.0
25.0 144.0 20.0 10.0
94.0 85.0 20.0 10.0
36.0 127.0 20.0 10.0
947.0 882.0 20.0 10.0
1194.0 796.0 20.0 10.0
935.0 815.0 20.0 10.0
572.0 1243.0 20.0 10.0
603.0 1212.0 20.0 10.0
968.0 898.0 20.0 10.0
1324.0 766.0 20.0 10.0
989.0 736.0 20.0 10.0
1227.0 759.0 20.0 10.0
48.0 194.0 20.0 10.0
1225.0 745.0 20.0 10.0
725.0 970.0 20.0 10.0
928.0 1130.0 20.0 10.0
757.0 1115.0 20.0 10.0
655.0 611.0 20.0 10.0
778.0 1249.0 20.0 10.0
487.0 949.0 20.0 10.0
1163.0 891.0 20.0 10.0
1120.0 885.0 20.0 10.0
507.0 1190.0 20.0 10.0
558.0 1137.0 20.0 10.0
1011.0 802.0 20.0 10.0
956.0 1311.0 20.0 10.0
295.0 311.0 20.0 10.0
884.0 1225.0 20.0 10.0
666.0 1145.0 20.0 10.0
1102.0 723.0 20.0 10.0
646.0 708.0 20.0 10.0
769.0 1188.0 20.0 10.0
1067.0 872.0 20.0 10.0
240.0 280.0 20.0 10.0
1034.0 858.0 20.0 10.0
449.0 451.0 20.0 10.0
214.0 204.0 20.0 10.0
1266.0 746.0 20.0 10.0
1114.0 843.0 20.0 10.0
743.0 902.0 20.0 10.0
766.0 1142.0 20.0 10.0
245.0 307.0 20.0 10.0
503.0 579.0 20.0 10.0
85.0 50.0 20.0 10.0
867.0 1159.0 20.0 10.0
72.0 25.0 20.0 10.0
660.0 1058.0 20.0 10.0
1128.0 870.0 20.0 10.0
553.0 1006.0 20.0 10.0
289.0 292.0 20.0 10.0
987.0 924.0 20.0 10.0
666.0 664.0 20.0 10.0
453.0 960.0 20.0 10.0
