500
519.0 509.0 20.0 10.0
622.0 452.0 20.0 10.0
690.0 364.0 20.0 10.0
670.0 319.0 20.0 10.0
689.0 498.0 20.0 10.0
756.0 280.0 20.0 10.0
813.0 260.0 20.0 10.0
739.0 551.0 20.0 10.0
516.0 473.0 20.0 10.0
436.0 575.0 20.0 10.0
448.0 509.0 20.0 10.0
665.0 285.0 20.0 10.0
522.0 449.0 20.0 10.0
402.0 634.0 20.0 10.0
355.0 598.0 20.0 10.0
380.0 472.0 20.0 10.0
700.0 335.0 20.0 10.0
811.0 220.0 20.0 10.0
741.0 360.0 20.0 10.0
748.0 506.0 20.0 10.0
317.0 440.0 20.0 10.0
401.0 686.0 20.0 10.0
796.0 503.0 20.0 10.0
404.0 638.0 20.0 10.0
257.0 410.0 20.0 10.0
528.0 440.0 20.0 10.0
310.0 586.0 20.0 10.0
769.0 374.0 20.0 10.0
761.0 219.0 20.0 10.0
779.0 228.0 20.0 10.0
203.0 382.0 20.0 10.0
865.0 248.0 20.0 10.0
863.0 165.0 20.0 10.0
348.0 450.0 20.0 10.0
229.0 391.0 20.0 10.0
504.0 484.0 20.0 10.0
169.0 358.0 20.0 10.0
468.0 529.0 20.0 10.0
547.0 516.0 20.0 10.0
779.0 346.0 20.0 10.0
320.0 611.0 20.0 10.0
537.0 485.0 20.0 10.0
467.0 554.0 20.0 10.0
402.0 660.0 20.0 10.0
772.0 166.0 20.0 10.0
761.0 597.0 20.0 10.0
774.0 515.0 20.0 10.0
278.0 590.0 20.0 10.0
787.0 587.0 20.0 10.0
768.0 565.0 20.0 10.0
648.0 280.0 20.0 10.0
910.0 236.0 20.0 10.0
465.0 571.0 20.0 10.0
383.0 685.0 20.0 10.0
298.0 603.0 20.0 10.0
668.0 252.0 20.0 10.0
396.0 730.0 20.0 10.0
386.0 712.0 20.0 10.0
836.0 618.0 20.0 10.0
709.0 306.0 20.0 10.0
798.0 182.0 20.0 10.0
409.0 587.0 20.0 10.0
393.0 772.0 20.0 10.0
641.0 248.0 20.0 10.0
631.0 256.0 20.0 10.0
843.0 262.0 20.0 10.0
790.0 625.0 20.0 10.0
734.0 578.0 20.0 10.0
480.0 600.0 20.0 10.0
484.0 627.0 20.0 10.0
424.0 498.0 20.0 10.0
362.0 672.0 20.0 10.0
815.0 340.0 20.0 10.0
152.0 337.0 20.0 10.0
392.0 663.0 20.0 10.0
723.0 285.0 20.0 10.0
871.0 627.0 20.0 10.0
325.0 701.0 20.0 10.0
943.0 217.0 20.0 10.0
289.0 613.0 20.0 10.0
768.0 253.0 20.0 10.0
417.0 599.0 20.0 10.0
617.0 228.0 20.0 10.0
372.0 686.0 20.0 10.0
369.0 730.0 20.0 10.0
496.0 544.0 20.0 10.0
760.0 181.0 20.0 10.0
739.0 270.0 20.0 10.0
633.0 215.0 20.0 10.0
289.0 584.0 20.0 10.0
777.0 125.0 20.0 10.0
814.0 647.0 20.0 10.0
335.0 702.0 20.0 10.0
375.0 637.0 20.0 10.0
850.0 339.0 20.0 10.0
747.0 187.0 20.0 10.0
882.0 332.0 20.0 10.0
514.0 556.0 20.0 10.0
485.0 656.0 20.0 10.0
813.0 155.0 20.0 10.0
785.0 238.0 20.0 10.0
544.0 503.0 20.0 10.0
665.0 222.0 20.0 10.0
305.0 635.0 20.0 10.0
509.0 668.0 20.0 10.0
517.0 566.0 20.0 10.0
157.0 362.0 20.0 10.0
897.0 246.0 20.0 10.0
635.0 248.0 20.0 10.0
780.0 362.0 20.0 10.0
288.0 630.0 20.0 10.0
350.0 464.0 20.0 10.0
564.0 530.0 20.0 10.0
510.0 658.0 20.0 10.0
790.0 520.0 20.0 10.0
269.0 651.0 20.0 10.0
859.0 632.0 20.0 10.0
849.0 235.0 20.0 10.0
498.0 447.0 20.0 10.0
241.0 615.0 20.0 10.0
815.0 142.0 20.0 10.0
271.0 665.0 20.0 10.0
771.0 641.0 20.0 10.0
424.0 698.0 20.0 10.0
829.0 189.0 20.0 10.0
487.0 572.0 20.0 10.0
627.0 187.0 20.0 10.0
118.0 341.0 20.0 10.0
734.0 159.0 20.0 10.0
881.0 652.0 20.0 10.0
478.0 475.0 20.0 10.0
472.0 435.0 20.0 10.0
496.0 675.0 20.0 10.0
478.0 683.0 20.0 10.0
901.0 127.0 20.0 10.0
386.0 807.0 20.0 10.0
837.0 193.0 20.0 10.0
342.0 733.0 20.0 10.0
360.0 450.0 20.0 10.0
871.0 651.0 20.0 10.0
825.0 104.0 20.0 10.0
353.0 634.0 20.0 10.0
897.0 681.0 20.0 10.0
838.0 73.0 20.0 10.0
964.0 198.0 20.0 10.0
817.0 526.0 20.0 10.0
509.0 722.0 20.0 10.0
529.0 688.0 20.0 10.0
807.0 149.0 20.0 10.0
776.0 193.0 20.0 10.0
813.0 359.0 20.0 10.0
270.0 583.0 20.0 10.0
934.0 97.0 20.0 10.0
214.0 375.0 20.0 10.0
343.0 658.0 20.0 10.0
692.0 288.0 20.0 10.0
415.0 490.0 20.0 10.0
831.0 535.0 20.0 10.0
796.0 568.0 20.0 10.0
317.0 779.0 20.0 10.0
906.0 325.0 20.0 10.0
494.0 705.0 20.0 10.0
309.0 813.0 20.0 10.0
363.0 713.0 20.0 10.0
461.0 599.0 20.0 10.0
839.0 506.0 20.0 10.0
870.0 504.0 20.0 10.0
831.0 528.0 20.0 10.0
406.0 568.0 20.0 10.0
450.0 415.0 20.0 10.0
898.0 497.0 20.0 10.0
808.0 651.0 20.0 10.0
653.0 262.0 20.0 10.0
377.0 675.0 20.0 10.0
502.0 618.0 20.0 10.0
511.0 565.0 20.0 10.0
532.0 746.0 20.0 10.0
866.0 214.0 20.0 10.0
259.0 660.0 20.0 10.0
149.0 351.0 20.0 10.0
607.0 202.0 20.0 10.0
453.0 469.0 20.0 10.0
298.0 813.0 20.0 10.0
786.0 575.0 20.0 10.0
885.0 213.0 20.0 10.0
199.0 625.0 20.0 10.0
180.0 372.0 20.0 10.0
161.0 635.0 20.0 10.0
236.0 688.0 20.0 10.0
512.0 627.0 20.0 10.0
359.0 467.0 20.0 10.0
202.0 630.0 20.0 10.0
965.0 70.0 20.0 10.0
943.0 227.0 20.0 10.0
799.0 211.0 20.0 10.0
328.0 592.0 20.0 10.0
880.0 510.0 20.0 10.0
370.0 704.0 20.0 10.0
132.0 642.0 20.0 10.0
789.0 679.0 20.0 10.0
871.0 256.0 20.0 10.0
778.0 672.0 20.0 10.0
287.0 800.0 20.0 10.0
864.0 133.0 20.0 10.0
823.0 505.0 20.0 10.0
527.0 682.0 20.0 10.0
797.0 377.0 20.0 10.0
171.0 638.0 20.0 10.0
414.0 720.0 20.0 10.0
668.0 357.0 20.0 10.0
84.0 324.0 20.0 10.0
495.0 422.0 20.0 10.0
521.0 432.0 20.0 10.0
811.0 365.0 20.0 10.0
327.0 463.0 20.0 10.0
901.0 627.0 20.0 10.0
306.0 723.0 20.0 10.0
883.0 147.0 20.0 10.0
781.0 615.0 20.0 10.0
215.0 682.0 20.0 10.0
440.0 528.0 20.0 10.0
324.0 431.0 20.0 10.0
862.0 173.0 20.0 10.0
698.0 264.0 20.0 10.0
399.0 716.0 20.0 10.0
209.0 367.0 20.0 10.0
890.0 129.0 20.0 10.0
792.0 207.0 20.0 10.0
758.0 232.0 20.0 10.0
387.0 797.0 20.0 10.0
654.0 341.0 20.0 10.0
679.0 227.0 20.0 10.0
393.0 803.0 20.0 10.0
920.0 708.0 20.0 10.0
624.0 218.0 20.0 10.0
828.0 672.0 20.0 10.0
178.0 648.0 20.0 10.0
891.0 238.0 20.0 10.0
866.0 534.0 20.0 10.0
346.0 424.0 20.0 10.0
807.0 119.0 20.0 10.0
782.0 709.0 20.0 10.0
895.0 152.0 20.0 10.0
805.0 709.0 20.0 10.0
789.0 377.0 20.0 10.0
854.0 531.0 20.0 10.0
913.0 209.0 20.0 10.0
141.0 338.0 20.0 10.0
757.0 146.0 20.0 10.0
796.0 324.0 20.0 10.0
848.0 175.0 20.0 10.0
722.0 324.0 20.0 10.0
207.0 698.0 20.0 10.0
282.0 842.0 20.0 10.0
890.0 148.0 20.0 10.0
599.0 206.0 20.0 10.0
502.0 754.0 20.0 10.0
452.0 596.0 20.0 10.0
207.0 703.0 20.0 10.0
302.0 414.0 20.0 10.0
806.0 615.0 20.0 10.0
826.0 128.0 20.0 10.0
990.0 47.0 20.0 10.0
487.0 459.0 20.0 10.0
330.0 424.0 20.0 10.0
814.0 382.0 20.0 10.0
966.0 221.0 20.0 10.0
292.0 727.0 20.0 10.0
714.0 283.0 20.0 10.0
821.0 676.0 20.0 10.0
230.0 401.0 20.0 10.0
753.0 115.0 20.0 10.0
437.0 393.0 20.0 10.0
889.0 679.0 20.0 10.0
912.0 512.0 20.0 10.0
795.0 513.0 20.0 10.0
779.0 140.0 20.0 10.0
915.0 100.0 20.0 10.0
61.0 304.0 20.0 10.0
433.0 461.0 20.0 10.0
110.0 648.0 20.0 10.0
354.0 743.0 20.0 10.0
897.0 642.0 20.0 10.0
261.0 749.0 20.0 10.0
238.0 398.0 20.0 10.0
796.0 203.0 20.0 10.0
878.0 141.0 20.0 10.0
517.0 757.0 20.0 10.0
836.0 355.0 20.0 10.0
545.0 770.0 20.0 10.0
484.0 399.0 20.0 10.0
903.0 702.0 20.0 10.0
986.0 53.0 20.0 10.0
825.0 725.0 20.0 10.0
814.0 729.0 20.0 10.0
236.0 581.0 20.0 10.0
391.0 577.0 20.0 10.0
710.0 509.0 20.0 10.0
122.0 313.0 20.0 10.0
778.0 642.0 20.0 10.0
907.0 330.0 20.0 10.0
940.0 727.0 20.0 10.0
348.0 471.0 20.0 10.0
835.0 204.0 20.0 10.0
1005.0 25.0 20.0 10.0
814.0 307.0 20.0 10.0
731.0 497.0 20.0 10.0
180.0 694.0 20.0 10.0
360.0 765.0 20.0 10.0
783.0 128.0 20.0 10.0
456.0 475.0 20.0 10.0
528.0 785.0 20.0 10.0
855.0 645.0 20.0 10.0
521.0 809.0 20.0 10.0
353.0 707.0 20.0 10.0
426.0 374.0 20.0 10.0
317.0 403.0 20.0 10.0
743.0 199.0 20.0 10.0
354.0 793.0 20.0 10.0
215.0 707.0 20.0 10.0
643.0 320.0 20.0 10.0
263.0 861.0 20.0 10.0
557.0 537.0 20.0 10.0
183.0 702.0 20.0 10.0
838.0 165.0 20.0 10.0
744.0 331.0 20.0 10.0
819.0 568.0 20.0 10.0
845.0 354.0 20.0 10.0
341.0 687.0 20.0 10.0
740.0 213.0 20.0 10.0
38.0 290.0 20.0 10.0
401.0 747.0 20.0 10.0
365.0 758.0 20.0 10.0
726.0 259.0 20.0 10.0
938.0 231.0 20.0 10.0
648.0 455.0 20.0 10.0
308.0 712.0 20.0 10.0
756.0 566.0 20.0 10.0
236.0 768.0 20.0 10.0
887.0 159.0 20.0 10.0
321.0 477.0 20.0 10.0
814.0 595.0 20.0 10.0
643.0 430.0 20.0 10.0
730.0 289.0 20.0 10.0
52.0 317.0 20.0 10.0
507.0 781.0 20.0 10.0
121.0 322.0 20.0 10.0
205.0 617.0 20.0 10.0
735.0 306.0 20.0 10.0
416.0 474.0 20.0 10.0
338.0 770.0 20.0 10.0
801.0 692.0 20.0 10.0
420.0 508.0 20.0 10.0
728.0 135.0 20.0 10.0
839.0 386.0 20.0 10.0
176.0 621.0 20.0 10.0
384.0 828.0 20.0 10.0
713.0 377.0 20.0 10.0
895.0 141.0 20.0 10.0
194.0 346.0 20.0 10.0
539.0 706.0 20.0 10.0
783.0 100.0 20.0 10.0
25.0 310.0 20.0 10.0
100.0 305.0 20.0 10.0
262.0 621.0 20.0 10.0
531.0 580.0 20.0 10.0
509.0 637.0 20.0 10.0
784.0 88.0 20.0 10.0
759.0 91.0 20.0 10.0
176.0 610.0 20.0 10.0
840.0 365.0 20.0 10.0
231.0 676.0 20.0 10.0
383.0 849.0 20.0 10.0
858.0 186.0 20.0 10.0
947.0 720.0 20.0 10.0
415.0 444.0 20.0 10.0
428.0 745.0 20.0 10.0
246.0 594.0 20.0 10.0
638.0 333.0 20.0 10.0
817.0 640.0 20.0 10.0
541.0 588.0 20.0 10.0
304.0 628.0 20.0 10.0
873.0 350.0 20.0 10.0
322.0 471.0 20.0 10.0
240.0 588.0 20.0 10.0
926.0 71.0 20.0 10.0
869.0 363.0 20.0 10.0
365.0 657.0 20.0 10.0
614.0 190.0 20.0 10.0
282.0 745.0 20.0 10.0
521.0 748.0 20.0 10.0
794.0 574.0 20.0 10.0
155.0 715.0 20.0 10.0
517.0 410.0 20.0 10.0
856.0 53.0 20.0 10.0
386.0 741.0 20.0 10.0
603.0 440.0 20.0 10.0
636.0 326.0 20.0 10.0
355.0 755.0 20.0 10.0
835.0 662.0 20.0 10.0
899.0 538.0 20.0 10.0
541.0 715.0 20.0 10.0
891.0 536.0 20.0 10.0
787.0 62.0 20.0 10.0
905.0 509.0 20.0 10.0
780.0 265.0 20.0 10.0
932.0 108.0 20.0 10.0
786.0 96.0 20.0 10.0
408.0 509.0 20.0 10.0
622.0 169.0 20.0 10.0
297.0 798.0 20.0 10.0
417.0 752.0 20.0 10.0
318.0 811.0 20.0 10.0
664.0 422.0 20.0 10.0
526.0 673.0 20.0 10.0
293.0 838.0 20.0 10.0
913.0 505.0 20.0 10.0
962.0 736.0 20.0 10.0
788.0 41.0 20.0 10.0
901.0 667.0 20.0 10.0
60.0 318.0 20.0 10.0
444.0 537.0 20.0 10.0
809.0 517.0 20.0 10.0
336.0 449.0 20.0 10.0
893.0 253.0 20.0 10.0
814.0 699.0 20.0 10.0
607.0 174.0 20.0 10.0
840.0 329.0 20.0 10.0
794.0 651.0 20.0 10.0
670.0 196.0 20.0 10.0
924.0 125.0 20.0 10.0
923.0 492.0 20.0 10.0
270.0 606.0 20.0 10.0
937.0 503.0 20.0 10.0
284.0 576.0 20.0 10.0
827.0 198.0 20.0 10.0
806.0 580.0 20.0 10.0
870.0 672.0 20.0 10.0
802.0 189.0 20.0 10.0
916.0 196.0 20.0 10.0
804.0 625.0 20.0 10.0
552.0 735.0 20.0 10.0
315.0 716.0 20.0 10.0
1010.0 34.0 20.0 10.0
256.0 637.0 20.0 10.0
926.0 682.0 20.0 10.0
204.0 399.0 20.0 10.0
289.0 426.0 20.0 10.0
298.0 608.0 20.0 10.0
208.0 573.0 20.0 10.0
172.0 630.0 20.0 10.0
650.0 319.0 20.0 10.0
91.0 336.0 20.0 10.0
132.0 725.0 20.0 10.0
936.0 520.0 20.0 10.0
780.0 232.0 20.0 10.0
248.0 681.0 20.0 10.0
107.0 291.0 20.0 10.0
245.0 570.0 20.0 10.0
802.0 360.0 20.0 10.0
466.0 621.0 20.0 10.0
645.0 236.0 20.0 10.0
787.0 73.0 20.0 10.0
228.0 642.0 20.0 10.0
657.0 300.0 20.0 10.0
335.0 401.0 20.0 10.0
228.0 792.0 20.0 10.0
779.0 699.0 20.0 10.0
934.0 79.0 20.0 10.0
130.0 355.0 20.0 10.0
958.0 93.0 20.0 10.0
371.0 763.0 20.0 10.0
485.0 514.0 20.0 10.0
907.0 191.0 20.0 10.0
296.0 714.0 20.0 10.0
217.0 779.0 20.0 10.0
270.0 825.0 20.0 10.0
322.0 726.0 20.0 10.0
835.0 79.0 20.0 10.0
730.0 475.0 20.0 10.0
160.0 710.0 20.0 10.0
344.0 813.0 20.0 10.0
934.0 179.0 20.0 10.0
927.0 550.0 20.0 10.0
467.0 380.0 20.0 10.0
333.0 431.0 20.0 10.0
767.0 362.0 20.0 10.0
736.0 590.0 20.0 10.0
261.0 562.0 20.0 10.0
983.0 179.0 20.0 10.0
152.0 703.0 20.0 10.0
507.0 583.0 20.0 10.0
472.0 577.0 20.0 10.0
139.0 639.0 20.0 10.0
870.0 138.0 20.0 10.0
216.0 598.0 20.0 10.0
400.0 425.0 20.0 10.0
733.0 509.0 20.0 10.0
905.0 104.0 20.0 10.0
272.0 769.0 20.0 10.0
