500
507.0 723.0 20.0 10.0
426.0 676.0 20.0 10.0
584.0 638.0 20.0 10.0
667.0 564.0 20.0 10.0
581.0 603.0 20.0 10.0
376.0 664.0 20.0 10.0
355.0 626.0 20.0 10.0
746.0 490.0 20.0 10.0
769.0 458.0 20.0 10.0
821.0 424.0 20.0 10.0
569.0 761.0 20.0 10.0
286.0 579.0 20.0 10.0
353.0 657.0 20.0 10.0
894.0 364.0 20.0 10.0
965.0 305.0 20.0 10.0
602.0 587.0 20.0 10.0
590.0 739.0 20.0 10.0
627.0 799.0 20.0 10.0
366.0 630.0 20.0 10.0
454.0 827.0 20.0 10.0
446.0 883.0 20.0 10.0
924.0 350.0 20.0 10.0
844.0 398.0 20.0 10.0
218.0 542.0 20.0 10.0
391.0 878.0 20.0 10.0
565.0 576.0 20.0 10.0
411.0 834.0 20.0 10.0
453.0 852.0 20.0 10.0
590.0 583.0 20.0 10.0
456.0 925.0 20.0 10.0
601.0 709.0 20.0 10.0
1024.0 250.0 20.0 10.0
437.0 917.0 20.0 10.0
330.0 666.0 20.0 10.0
625.0 687.0 20.0 10.0
995.0 300.0 20.0 10.0
162.0 509.0 20.0 10.0
1082.0 195.0 20.0 10.0
441.0 873.0 20.0 10.0
783.0 476.0 20.0 10.0
648.0 688.0 20.0 10.0
809.0 457.0 20.0 10.0
615.0 570.0 20.0 10.0
685.0 832.0 20.0 10.0
492.0 742.0 20.0 10.0
1123.0 156.0 20.0 10.0
288.0 665.0 20.0 10.0
116.0 517.0 20.0 10.0
797.0 448.0 20.0 10.0
703.0 542.0 20.0 10.0
559.0 547.0 20.0 10.0
1099.0 148.0 20.0 10.0
418.0 997.0 20.0 10.0
258.0 670.0 20.0 10.0
474.0 855.0 20.0 10.0
121.0 465.0 20.0 10.0
401.0 1067.0 20.0 10.0
766.0 465.0 20.0 10.0
344.0 919.0 20.0 10.0
1020.0 290.0 20.0 10.0
83.0 503.0 20.0 10.0
409.0 663.0 20.0 10.0
736.0 843.0 20.0 10.0
646.0 676.0 20.0 10.0
696.0 859.0 20.0 10.0
423.0 922.0 20.0 10.0
393.0 1119.0 20.0 10.0
1112.0 125.0 20.0 10.0
722.0 871.0 20.0 10.0
424.0 955.0 20.0 10.0
780.0 854.0 20.0 10.0
81.0 436.0 20.0 10.0
1065.0 272.0 20.0 10.0
765.0 860.0 20.0 10.0
471.0 737.0 20.0 10.0
170.0 520.0 20.0 10.0
397.0 1104.0 20.0 10.0
407.0 942.0 20.0 10.0
582.0 685.0 20.0 10.0
615.0 735.0 20.0 10.0
1117.0 174.0 20.0 10.0
1079.0 249.0 20.0 10.0
776.0 480.0 20.0 10.0
1093.0 263.0 20.0 10.0
339.0 635.0 20.0 10.0
604.0 773.0 20.0 10.0
129.0 515.0 20.0 10.0
731.0 530.0 20.0 10.0
422.0 644.0 20.0 10.0
593.0 540.0 20.0 10.0
813.0 869.0 20.0 10.0
385.0 1114.0 20.0 10.0
370.0 1157.0 20.0 10.0
51.0 496.0 20.0 10.0
608.0 633.0 20.0 10.0
606.0 554.0 20.0 10.0
760.0 906.0 20.0 10.0
434.0 962.0 20.0 10.0
736.0 895.0 20.0 10.0
814.0 861.0 20.0 10.0
357.0 1198.0 20.0 10.0
623.0 782.0 20.0 10.0
387.0 1160.0 20.0 10.0
300.0 957.0 20.0 10.0
574.0 612.0 20.0 10.0
163.0 488.0 20.0 10.0
123.0 434.0 20.0 10.0
833.0 379.0 20.0 10.0
48.0 422.0 20.0 10.0
390.0 1098.0 20.0 10.0
349.0 903.0 20.0 10.0
107.0 515.0 20.0 10.0
846.0 876.0 20.0 10.0
1137.0 126.0 20.0 10.0
90.0 456.0 20.0 10.0
561.0 661.0 20.0 10.0
638.0 774.0 20.0 10.0
501.0 764.0 20.0 10.0
441.0 992.0 20.0 10.0
973.0 268.0 20.0 10.0
549.0 637.0 20.0 10.0
269.0 537.0 20.0 10.0
364.0 599.0 20.0 10.0
1102.0 271.0 20.0 10.0
730.0 538.0 20.0 10.0
390.0 1192.0 20.0 10.0
399.0 957.0 20.0 10.0
91.0 514.0 20.0 10.0
633.0 717.0 20.0 10.0
1015.0 283.0 20.0 10.0
568.0 557.0 20.0 10.0
270.0 978.0 20.0 10.0
255.0 499.0 20.0 10.0
797.0 935.0 20.0 10.0
1160.0 123.0 20.0 10.0
1110.0 114.0 20.0 10.0
827.0 446.0 20.0 10.0
612.0 629.0 20.0 10.0
360.0 582.0 20.0 10.0
843.0 437.0 20.0 10.0
1150.0 137.0 20.0 10.0
828.0 961.0 20.0 10.0
349.0 562.0 20.0 10.0
1094.0 166.0 20.0 10.0
472.0 948.0 20.0 10.0
153.0 489.0 20.0 10.0
574.0 787.0 20.0 10.0
275.0 973.0 20.0 10.0
619.0 693.0 20.0 10.0
544.0 525.0 20.0 10.0
265.0 990.0 20.0 10.0
315.0 929.0 20.0 10.0
373.0 915.0 20.0 10.0
468.0 885.0 20.0 10.0
867.0 388.0 20.0 10.0
846.0 350.0 20.0 10.0
749.0 520.0 20.0 10.0
1151.0 156.0 20.0 10.0
851.0 980.0 20.0 10.0
631.0 765.0 20.0 10.0
258.0 558.0 20.0 10.0
379.0 844.0 20.0 10.0
750.0 452.0 20.0 10.0
670.0 680.0 20.0 10.0
767.0 840.0 20.0 10.0
616.0 798.0 20.0 10.0
858.0 966.0 20.0 10.0
1099.0 253.0 20.0 10.0
239.0 1014.0 20.0 10.0
439.0 949.0 20.0 10.0
841.0 340.0 20.0 10.0
748.0 535.0 20.0 10.0
624.0 588.0 20.0 10.0
1194.0 97.0 20.0 10.0
606.0 509.0 20.0 10.0
410.0 1037.0 20.0 10.0
841.0 884.0 20.0 10.0
642.0 666.0 20.0 10.0
742.0 893.0 20.0 10.0
713.0 829.0 20.0 10.0
599.0 509.0 20.0 10.0
1038.0 262.0 20.0 10.0
133.0 464.0 20.0 10.0
385.0 1153.0 20.0 10.0
325.0 925.0 20.0 10.0
783.0 925.0 20.0 10.0
792.0 867.0 20.0 10.0
377.0 989.0 20.0 10.0
320.0 912.0 20.0 10.0
865.0 339.0 20.0 10.0
1056.0 293.0 20.0 10.0
713.0 512.0 20.0 10.0
231.0 679.0 20.0 10.0
1087.0 289.0 20.0 10.0
582.0 546.0 20.0 10.0
668.0 775.0 20.0 10.0
465.0 965.0 20.0 10.0
1120.0 112.0 20.0 10.0
393.0 684.0 20.0 10.0
1226.0 75.0 20.0 10.0
307.0 655.0 20.0 10.0
759.0 423.0 20.0 10.0
514.0 782.0 20.0 10.0
325.0 918.0 20.0 10.0
358.0 856.0 20.0 10.0
655.0 658.0 20.0 10.0
187.0 539.0 20.0 10.0
845.0 318.0 20.0 10.0
849.0 309.0 20.0 10.0
470.0 1000.0 20.0 10.0
647.0 792.0 20.0 10.0
429.0 625.0 20.0 10.0
25.0 414.0 20.0 10.0
473.0 839.0 20.0 10.0
95.0 500.0 20.0 10.0
867.0 993.0 20.0 10.0
538.0 648.0 20.0 10.0
1135.0 181.0 20.0 10.0
592.0 558.0 20.0 10.0
348.0 665.0 20.0 10.0
492.0 872.0 20.0 10.0
986.0 237.0 20.0 10.0
463.0 863.0 20.0 10.0
1244.0 49.0 20.0 10.0
1127.0 251.0 20.0 10.0
410.0 652.0 20.0 10.0
359.0 862.0 20.0 10.0
690.0 543.0 20.0 10.0
235.0 469.0 20.0 10.0
655.0 650.0 20.0 10.0
363.0 894.0 20.0 10.0
979.0 277.0 20.0 10.0
1115.0 121.0 20.0 10.0
236.0 682.0 20.0 10.0
1140.0 83.0 20.0 10.0
257.0 657.0 20.0 10.0
564.0 635.0 20.0 10.0
1179.0 165.0 20.0 10.0
656.0 765.0 20.0 10.0
233.0 550.0 20.0 10.0
608.0 800.0 20.0 10.0
136.0 505.0 20.0 10.0
350.0 888.0 20.0 10.0
1109.0 88.0 20.0 10.0
65.0 406.0 20.0 10.0
450.0 976.0 20.0 10.0
625.0 531.0 20.0 10.0
667.0 784.0 20.0 10.0
573.0 515.0 20.0 10.0
248.0 998.0 20.0 10.0
1129.0 269.0 20.0 10.0
352.0 935.0 20.0 10.0
987.0 251.0 20.0 10.0
636.0 737.0 20.0 10.0
231.0 653.0 20.0 10.0
1077.0 289.0 20.0 10.0
816.0 955.0 20.0 10.0
562.0 487.0 20.0 10.0
710.0 876.0 20.0 10.0
854.0 289.0 20.0 10.0
837.0 874.0 20.0 10.0
357.0 1017.0 20.0 10.0
353.0 605.0 20.0 10.0
745.0 866.0 20.0 10.0
619.0 483.0 20.0 10.0
385.0 693.0 20.0 10.0
343.0 1228.0 20.0 10.0
1169.0 175.0 20.0 10.0
248.0 676.0 20.0 10.0
1104.0 121.0 20.0 10.0
54.0 384.0 20.0 10.0
628.0 593.0 20.0 10.0
637.0 558.0 20.0 10.0
309.0 665.0 20.0 10.0
407.0 1033.0 20.0 10.0
562.0 460.0 20.0 10.0
765.0 506.0 20.0 10.0
1114.0 294.0 20.0 10.0
317.0 899.0 20.0 10.0
742.0 426.0 20.0 10.0
78.0 519.0 20.0 10.0
870.0 891.0 20.0 10.0
1203.0 147.0 20.0 10.0
724.0 894.0 20.0 10.0
206.0 654.0 20.0 10.0
246.0 473.0 20.0 10.0
241.0 1009.0 20.0 10.0
553.0 613.0 20.0 10.0
377.0 702.0 20.0 10.0
337.0 904.0 20.0 10.0
389.0 848.0 20.0 10.0
1174.0 149.0 20.0 10.0
113.0 435.0 20.0 10.0
355.0 848.0 20.0 10.0
181.0 661.0 20.0 10.0
994.0 256.0 20.0 10.0
374.0 838.0 20.0 10.0
205.0 691.0 20.0 10.0
942.0 334.0 20.0 10.0
50.0 431.0 20.0 10.0
393.0 1133.0 20.0 10.0
1176.0 119.0 20.0 10.0
406.0 1157.0 20.0 10.0
643.0 734.0 20.0 10.0
181.0 702.0 20.0 10.0
115.0 500.0 20.0 10.0
375.0 1193.0 20.0 10.0
769.0 539.0 20.0 10.0
432.0 834.0 20.0 10.0
1181.0 100.0 20.0 10.0
476.0 1027.0 20.0 10.0
520.0 793.0 20.0 10.0
144.0 517.0 20.0 10.0
232.0 525.0 20.0 10.0
1256.0 64.0 20.0 10.0
437.0 809.0 20.0 10.0
760.0 836.0 20.0 10.0
143.0 523.0 20.0 10.0
217.0 551.0 20.0 10.0
413.0 981.0 20.0 10.0
1113.0 267.0 20.0 10.0
1256.0 25.0 20.0 10.0
107.0 504.0 20.0 10.0
598.0 520.0 20.0 10.0
397.0 1096.0 20.0 10.0
404.0 1063.0 20.0 10.0
328.0 610.0 20.0 10.0
637.0 723.0 20.0 10.0
343.0 842.0 20.0 10.0
215.0 697.0 20.0 10.0
524.0 639.0 20.0 10.0
433.0 999.0 20.0 10.0
386.0 1220.0 20.0 10.0
857.0 429.0 20.0 10.0
536.0 659.0 20.0 10.0
388.0 909.0 20.0 10.0
104.0 458.0 20.0 10.0
288.0 910.0 20.0 10.0
384.0 831.0 20.0 10.0
1122.0 259.0 20.0 10.0
234.0 453.0 20.0 10.0
477.0 993.0 20.0 10.0
692.0 785.0 20.0 10.0
1279.0 46.0 20.0 10.0
409.0 1027.0 20.0 10.0
587.0 519.0 20.0 10.0
63.0 485.0 20.0 10.0
90.0 527.0 20.0 10.0
777.0 926.0 20.0 10.0
759.0 439.0 20.0 10.0
398.0 670.0 20.0 10.0
349.0 1228.0 20.0 10.0
1139.0 304.0 20.0 10.0
105.0 429.0 20.0 10.0
854.0 316.0 20.0 10.0
362.0 885.0 20.0 10.0
377.0 900.0 20.0 10.0
344.0 834.0 20.0 10.0
835.0 891.0 20.0 10.0
872.0 886.0 20.0 10.0
221.0 1032.0 20.0 10.0
852.0 411.0 20.0 10.0
681.0 518.0 20.0 10.0
760.0 842.0 20.0 10.0
1211.0 147.0 20.0 10.0
252.0 451.0 20.0 10.0
613.0 529.0 20.0 10.0
830.0 943.0 20.0 10.0
185.0 641.0 20.0 10.0
1162.0 171.0 20.0 10.0
640.0 813.0 20.0 10.0
346.0 1037.0 20.0 10.0
48.0 510.0 20.0 10.0
845.0 981.0 20.0 10.0
1122.0 90.0 20.0 10.0
103.0 490.0 20.0 10.0
90.0 534.0 20.0 10.0
629.0 503.0 20.0 10.0
1130.0 99.0 20.0 10.0
220.0 444.0 20.0 10.0
997.0 214.0 20.0 10.0
101.0 441.0 20.0 10.0
293.0 954.0 20.0 10.0
469.0 876.0 20.0 10.0
287.0 946.0 20.0 10.0
436.0 908.0 20.0 10.0
245.0 483.0 20.0 10.0
412.0 819.0 20.0 10.0
1048.0 282.0 20.0 10.0
1156.0 59.0 20.0 10.0
204.0 422.0 20.0 10.0
785.0 881.0 20.0 10.0
1193.0 180.0 20.0 10.0
779.0 429.0 20.0 10.0
425.0 859.0 20.0 10.0
622.0 615.0 20.0 10.0
751.0 424.0 20.0 10.0
788.0 403.0 20.0 10.0
1124.0 246.0 20.0 10.0
382.0 1180.0 20.0 10.0
479.0 911.0 20.0 10.0
455.0 950.0 20.0 10.0
316.0 846.0 20.0 10.0
374.0 861.0 20.0 10.0
1181.0 141.0 20.0 10.0
482.0 1026.0 20.0 10.0
209.0 641.0 20.0 10.0
85.0 409.0 20.0 10.0
89.0 405.0 20.0 10.0
392.0 1060.0 20.0 10.0
792.0 844.0 20.0 10.0
26.0 407.0 20.0 10.0
341.0 583.0 20.0 10.0
1114.0 234.0 20.0 10.0
585.0 509.0 20.0 10.0
504.0 896.0 20.0 10.0
116.0 486.0 20.0 10.0
1125.0 239.0 20.0 10.0
281.0 983.0 20.0 10.0
353.0 947.0 20.0 10.0
363.0 1220.0 20.0 10.0
473.0 1050.0 20.0 10.0
406.0 981.0 20.0 10.0
144.0 464.0 20.0 10.0
870.0 398.0 20.0 10.0
1131.0 277.0 20.0 10.0
704.0 489.0 20.0 10.0
517.0 740.0 20.0 10.0
635.0 672.0 20.0 10.0
579.0 799.0 20.0 10.0
414.0 942.0 20.0 10.0
586.0 557.0 20.0 10.0
1003.0 196.0 20.0 10.0
861.0 946.0 20.0 10.0
770.0 430.0 20.0 10.0
431.0 948.0 20.0 10.0
155.0 466.0 20.0 10.0
332.0 1252.0 20.0 10.0
187.0 628.0 20.0 10.0
1046.0 235.0 20.0 10.0
382.0 980.0 20.0 10.0
335.0 975.0 20.0 10.0
1207.0 168.0 20.0 10.0
1204.0 121.0 20.0 10.0
1009.0 180.0 20.0 10.0
525.0 803.0 20.0 10.0
327.0 565.0 20.0 10.0
216.0 447.0 20.0 10.0
1237.0 130.0 20.0 10.0
880.0 373.0 20.0 10.0
1135.0 88.0 20.0 10.0
1260.0 115.0 20.0 10.0
37.0 476.0 20.0 10.0
626.0 619.0 20.0 10.0
205.0 526.0 20.0 10.0
603.0 481.0 20.0 10.0
357.0 828.0 20.0 10.0
1163.0 178.0 20.0 10.0
255.0 576.0 20.0 10.0
316.0 938.0 20.0 10.0
322.0 887.0 20.0 10.0
737.0 510.0 20.0 10.0
549.0 557.0 20.0 10.0
367.0 945.0 20.0 10.0
63.0 414.0 20.0 10.0
371.0 1180.0 20.0 10.0
586.0 482.0 20.0 10.0
440.0 1029.0 20.0 10.0
422.0 971.0 20.0 10.0
1205.0 155.0 20.0 10.0
339.0 1255.0 20.0 10.0
335.0 665.0 20.0 10.0
1080.0 280.0 20.0 10.0
160.0 702.0 20.0 10.0
863.0 287.0 20.0 10.0
803.0 465.0 20.0 10.0
242.0 649.0 20.0 10.0
418.0 805.0 20.0 10.0
408.0 634.0 20.0 10.0
625.0 820.0 20.0 10.0
1057.0 222.0 20.0 10.0
75.0 473.0 20.0 10.0
384.0 1145.0 20.0 10.0
1153.0 99.0 20.0 10.0
487.0 1041.0 20.0 10.0
278.0 550.0 20.0 10.0
423.0 989.0 20.0 10.0
439.0 1058.0 20.0 10.0
367.0 606.0 20.0 10.0
715.0 484.0 20.0 10.0
236.0 482.0 20.0 10.0
437.0 631.0 20.0 10.0
669.0 633.0 20.0 10.0
249.0 1019.0 20.0 10.0
338.0 1038.0 20.0 10.0
218.0 464.0 20.0 10.0
49.0 526.0 20.0 10.0
403.0 1087.0 20.0 10.0
764.0 516.0 20.0 10.0
626.0 716.0 20.0 10.0
