500
841.0 590.0 20.0 10.0
791.0 685.0 20.0 10.0
895.0 500.0 20.0 10.0
876.0 715.0 20.0 10.0
904.0 720.0 20.0 10.0
787.0 711.0 20.0 10.0
695.0 750.0 20.0 10.0
954.0 731.0 20.0 10.0
1021.0 755.0 20.0 10.0
1005.0 722.0 20.0 10.0
596.0 778.0 20.0 10.0
498.0 808.0 20.0 10.0
694.0 837.0 20.0 10.0
951.0 429.0 20.0 10.0
889.0 438.0 20.0 10.0
1002.0 368.0 20.0 10.0
411.0 835.0 20.0 10.0
1046.0 771.0 20.0 10.0
326.0 860.0 20.0 10.0
1046.0 313.0 20.0 10.0
1080.0 260.0 20.0 10.0
820.0 550.0 20.0 10.0
1044.0 711.0 20.0 10.0
265.0 843.0 20.0 10.0
563.0 764.0 20.0 10.0
805.0 512.0 20.0 10.0
699.0 919.0 20.0 10.0
880.0 414.0 20.0 10.0
1036.0 701.0 20.0 10.0
670.0 874.0 20.0 10.0
437.0 825.0 20.0 10.0
210.0 824.0 20.0 10.0
405.0 808.0 20.0 10.0
159.0 814.0 20.0 10.0
293.0 843.0 20.0 10.0
687.0 969.0 20.0 10.0
706.0 866.0 20.0 10.0
383.0 847.0 20.0 10.0
708.0 990.0 20.0 10.0
226.0 839.0 20.0 10.0
651.0 710.0 20.0 10.0
330.0 855.0 20.0 10.0
813.0 675.0 20.0 10.0
720.0 1038.0 20.0 10.0
270.0 908.0 20.0 10.0
120.0 811.0 20.0 10.0
794.0 480.0 20.0 10.0
711.0 943.0 20.0 10.0
984.0 405.0 20.0 10.0
1111.0 213.0 20.0 10.0
940.0 481.0 20.0 10.0
977.0 461.0 20.0 10.0
359.0 878.0 20.0 10.0
918.0 752.0 20.0 10.0
916.0 477.0 20.0 10.0
733.0 1080.0 20.0 10.0
123.0 803.0 20.0 10.0
419.0 802.0 20.0 10.0
1102.0 235.0 20.0 10.0
1139.0 174.0 20.0 10.0
844.0 560.0 20.0 10.0
702.0 1052.0 20.0 10.0
1083.0 775.0 20.0 10.0
871.0 408.0 20.0 10.0
685.0 1092.0 20.0 10.0
1164.0 139.0 20.0 10.0
270.0 827.0 20.0 10.0
1135.0 190.0 20.0 10.0
334.0 901.0 20.0 10.0
957.0 785.0 20.0 10.0
1076.0 286.0 20.0 10.0
677.0 776.0 20.0 10.0
1013.0 445.0 20.0 10.0
280.0 868.0 20.0 10.0
89.0 794.0 20.0 10.0
673.0 990.0 20.0 10.0
541.0 740.0 20.0 10.0
1089.0 270.0 20.0 10.0
1027.0 333.0 20.0 10.0
609.0 671.0 20.0 10.0
646.0 906.0 20.0 10.0
873.0 585.0 20.0 10.0
704.0 988.0 20.0 10.0
922.0 699.0 20.0 10.0
379.0 836.0 20.0 10.0
1028.0 345.0 20.0 10.0
702.0 1106.0 20.0 10.0
649.0 786.0 20.0 10.0
341.0 896.0 20.0 10.0
571.0 637.0 20.0 10.0
697.0 946.0 20.0 10.0
772.0 663.0 20.0 10.0
886.0 470.0 20.0 10.0
976.0 391.0 20.0 10.0
241.0 945.0 20.0 10.0
193.0 839.0 20.0 10.0
641.0 814.0 20.0 10.0
927.0 719.0 20.0 10.0
1138.0 792.0 20.0 10.0
695.0 801.0 20.0 10.0
619.0 930.0 20.0 10.0
719.0 747.0 20.0 10.0
1080.0 704.0 20.0 10.0
947.0 757.0 20.0 10.0
705.0 1139.0 20.0 10.0
529.0 712.0 20.0 10.0
674.0 732.0 20.0 10.0
540.0 716.0 20.0 10.0
868.0 448.0 20.0 10.0
828.0 563.0 20.0 10.0
865.0 569.0 20.0 10.0
711.0 817.0 20.0 10.0
934.0 780.0 20.0 10.0
534.0 615.0 20.0 10.0
260.0 813.0 20.0 10.0
877.0 386.0 20.0 10.0
996.0 355.0 20.0 10.0
541.0 758.0 20.0 10.0
742.0 1121.0 20.0 10.0
526.0 693.0 20.0 10.0
904.0 411.0 20.0 10.0
1047.0 447.0 20.0 10.0
993.0 817.0 20.0 10.0
1185.0 803.0 20.0 10.0
761.0 638.0 20.0 10.0
221.0 945.0 20.0 10.0
901.0 578.0 20.0 10.0
704.0 999.0 20.0 10.0
810.0 527.0 20.0 10.0
543.0 615.0 20.0 10.0
1023.0 836.0 20.0 10.0
1053.0 851.0 20.0 10.0
823.0 652.0 20.0 10.0
983.0 747.0 20.0 10.0
972.0 473.0 20.0 10.0
233.0 881.0 20.0 10.0
1016.0 838.0 20.0 10.0
759.0 621.0 20.0 10.0
638.0 807.0 20.0 10.0
899.0 394.0 20.0 10.0
522.0 721.0 20.0 10.0
178.0 975.0 20.0 10.0
750.0 1144.0 20.0 10.0
711.0 834.0 20.0 10.0
999.0 479.0 20.0 10.0
820.0 570.0 20.0 10.0
1012.0 847.0 20.0 10.0
123.0 822.0 20.0 10.0
985.0 735.0 20.0 10.0
699.0 1155.0 20.0 10.0
898.0 447.0 20.0 10.0
246.0 928.0 20.0 10.0
879.0 737.0 20.0 10.0
1007.0 747.0 20.0 10.0
783.0 456.0 20.0 10.0
657.0 793.0 20.0 10.0
951.0 806.0 20.0 10.0
861.0 436.0 20.0 10.0
898.0 367.0 20.0 10.0
1008.0 383.0 20.0 10.0
297.0 884.0 20.0 10.0
1187.0 114.0 20.0 10.0
669.0 1011.0 20.0 10.0
1074.0 706.0 20.0 10.0
1041.0 304.0 20.0 10.0
999.0 759.0 20.0 10.0
545.0 781.0 20.0 10.0
141.0 1004.0 20.0 10.0
768.0 698.0 20.0 10.0
165.0 851.0 20.0 10.0
647.0 1028.0 20.0 10.0
93.0 833.0 20.0 10.0
582.0 652.0 20.0 10.0
1066.0 693.0 20.0 10.0
263.0 831.0 20.0 10.0
271.0 856.0 20.0 10.0
400.0 793.0 20.0 10.0
1162.0 802.0 20.0 10.0
690.0 797.0 20.0 10.0
693.0 996.0 20.0 10.0
894.0 745.0 20.0 10.0
209.0 896.0 20.0 10.0
1035.0 859.0 20.0 10.0
212.0 974.0 20.0 10.0
972.0 750.0 20.0 10.0
389.0 858.0 20.0 10.0
624.0 703.0 20.0 10.0
887.0 552.0 20.0 10.0
838.0 534.0 20.0 10.0
629.0 926.0 20.0 10.0
1081.0 867.0 20.0 10.0
999.0 460.0 20.0 10.0
1205.0 90.0 20.0 10.0
663.0 1039.0 20.0 10.0
191.0 895.0 20.0 10.0
626.0 938.0 20.0 10.0
1007.0 322.0 20.0 10.0
1095.0 231.0 20.0 10.0
1094.0 687.0 20.0 10.0
1047.0 275.0 20.0 10.0
605.0 958.0 20.0 10.0
926.0 453.0 20.0 10.0
835.0 668.0 20.0 10.0
383.0 790.0 20.0 10.0
1114.0 778.0 20.0 10.0
332.0 920.0 20.0 10.0
355.0 853.0 20.0 10.0
590.0 655.0 20.0 10.0
149.0 906.0 20.0 10.0
106.0 1029.0 20.0 10.0
701.0 1196.0 20.0 10.0
893.0 696.0 20.0 10.0
967.0 385.0 20.0 10.0
710.0 949.0 20.0 10.0
1067.0 778.0 20.0 10.0
1044.0 433.0 20.0 10.0
1217.0 808.0 20.0 10.0
1179.0 107.0 20.0 10.0
1026.0 877.0 20.0 10.0
538.0 775.0 20.0 10.0
683.0 1121.0 20.0 10.0
109.0 914.0 20.0 10.0
1102.0 202.0 20.0 10.0
540.0 697.0 20.0 10.0
467.0 811.0 20.0 10.0
559.0 646.0 20.0 10.0
867.0 352.0 20.0 10.0
870.0 340.0 20.0 10.0
179.0 805.0 20.0 10.0
193.0 969.0 20.0 10.0
98.0 1052.0 20.0 10.0
400.0 862.0 20.0 10.0
1010.0 389.0 20.0 10.0
80.0 1051.0 20.0 10.0
798.0 483.0 20.0 10.0
189.0 996.0 20.0 10.0
621.0 825.0 20.0 10.0
998.0 445.0 20.0 10.0
739.0 1152.0 20.0 10.0
866.0 298.0 20.0 10.0
313.0 923.0 20.0 10.0
73.0 920.0 20.0 10.0
861.0 271.0 20.0 10.0
686.0 864.0 20.0 10.0
75.0 1041.0 20.0 10.0
610.0 834.0 20.0 10.0
974.0 349.0 20.0 10.0
1038.0 437.0 20.0 10.0
750.0 1155.0 20.0 10.0
665.0 993.0 20.0 10.0
279.0 898.0 20.0 10.0
278.0 910.0 20.0 10.0
1172.0 801.0 20.0 10.0
137.0 861.0 20.0 10.0
511.0 694.0 20.0 10.0
1152.0 172.0 20.0 10.0
613.0 951.0 20.0 10.0
1177.0 124.0 20.0 10.0
171.0 1021.0 20.0 10.0
783.0 640.0 20.0 10.0
47.0 927.0 20.0 10.0
857.0 520.0 20.0 10.0
1015.0 826.0 20.0 10.0
954.0 789.0 20.0 10.0
717.0 1017.0 20.0 10.0
503.0 699.0 20.0 10.0
182.0 901.0 20.0 10.0
306.0 951.0 20.0 10.0
912.0 682.0 20.0 10.0
268.0 932.0 20.0 10.0
1058.0 288.0 20.0 10.0
260.0 958.0 20.0 10.0
864.0 265.0 20.0 10.0
1055.0 879.0 20.0 10.0
1041.0 832.0 20.0 10.0
372.0 782.0 20.0 10.0
861.0 323.0 20.0 10.0
94.0 812.0 20.0 10.0
759.0 646.0 20.0 10.0
378.0 794.0 20.0 10.0
507.0 596.0 20.0 10.0
652.0 1046.0 20.0 10.0
1165.0 158.0 20.0 10.0
600.0 985.0 20.0 10.0
918.0 371.0 20.0 10.0
239.0 829.0 20.0 10.0
360.0 821.0 20.0 10.0
1220.0 69.0 20.0 10.0
1118.0 218.0 20.0 10.0
47.0 1049.0 20.0 10.0
1169.0 792.0 20.0 10.0
640.0 1071.0 20.0 10.0
901.0 535.0 20.0 10.0
1105.0 884.0 20.0 10.0
912.0 756.0 20.0 10.0
1224.0 817.0 20.0 10.0
858.0 389.0 20.0 10.0
132.0 800.0 20.0 10.0
742.0 1101.0 20.0 10.0
981.0 364.0 20.0 10.0
949.0 797.0 20.0 10.0
1052.0 771.0 20.0 10.0
757.0 1178.0 20.0 10.0
867.0 380.0 20.0 10.0
421.0 848.0 20.0 10.0
599.0 649.0 20.0 10.0
680.0 1038.0 20.0 10.0
1202.0 103.0 20.0 10.0
924.0 398.0 20.0 10.0
907.0 355.0 20.0 10.0
534.0 587.0 20.0 10.0
653.0 1075.0 20.0 10.0
528.0 590.0 20.0 10.0
1038.0 733.0 20.0 10.0
1016.0 293.0 20.0 10.0
27.0 932.0 20.0 10.0
775.0 429.0 20.0 10.0
552.0 642.0 20.0 10.0
809.0 722.0 20.0 10.0
993.0 384.0 20.0 10.0
1077.0 780.0 20.0 10.0
847.0 647.0 20.0 10.0
701.0 1230.0 20.0 10.0
746.0 1151.0 20.0 10.0
517.0 773.0 20.0 10.0
580.0 667.0 20.0 10.0
1258.0 827.0 20.0 10.0
923.0 379.0 20.0 10.0
565.0 640.0 20.0 10.0
360.0 788.0 20.0 10.0
1103.0 705.0 20.0 10.0
761.0 1142.0 20.0 10.0
621.0 819.0 20.0 10.0
859.0 243.0 20.0 10.0
868.0 360.0 20.0 10.0
976.0 316.0 20.0 10.0
245.0 823.0 20.0 10.0
708.0 1025.0 20.0 10.0
170.0 987.0 20.0 10.0
551.0 618.0 20.0 10.0
482.0 584.0 20.0 10.0
1038.0 902.0 20.0 10.0
517.0 565.0 20.0 10.0
1232.0 47.0 20.0 10.0
615.0 683.0 20.0 10.0
696.0 723.0 20.0 10.0
940.0 738.0 20.0 10.0
985.0 352.0 20.0 10.0
492.0 571.0 20.0 10.0
1101.0 265.0 20.0 10.0
932.0 455.0 20.0 10.0
722.0 775.0 20.0 10.0
1070.0 743.0 20.0 10.0
959.0 831.0 20.0 10.0
753.0 1122.0 20.0 10.0
150.0 986.0 20.0 10.0
633.0 691.0 20.0 10.0
66.0 784.0 20.0 10.0
920.0 326.0 20.0 10.0
717.0 962.0 20.0 10.0
934.0 805.0 20.0 10.0
876.0 243.0 20.0 10.0
50.0 1059.0 20.0 10.0
239.0 924.0 20.0 10.0
1026.0 710.0 20.0 10.0
83.0 1038.0 20.0 10.0
83.0 809.0 20.0 10.0
701.0 1225.0 20.0 10.0
792.0 462.0 20.0 10.0
720.0 835.0 20.0 10.0
878.0 507.0 20.0 10.0
944.0 703.0 20.0 10.0
565.0 654.0 20.0 10.0
583.0 626.0 20.0 10.0
62.0 1072.0 20.0 10.0
522.0 742.0 20.0 10.0
652.0 1034.0 20.0 10.0
767.0 400.0 20.0 10.0
730.0 763.0 20.0 10.0
921.0 562.0 20.0 10.0
940.0 545.0 20.0 10.0
1119.0 682.0 20.0 10.0
110.0 861.0 20.0 10.0
786.0 437.0 20.0 10.0
646.0 1077.0 20.0 10.0
988.0 321.0 20.0 10.0
1184.0 76.0 20.0 10.0
196.0 1005.0 20.0 10.0
474.0 829.0 20.0 10.0
1130.0 252.0 20.0 10.0
302.0 944.0 20.0 10.0
761.0 374.0 20.0 10.0
882.0 369.0 20.0 10.0
673.0 712.0 20.0 10.0
652.0 895.0 20.0 10.0
1195.0 90.0 20.0 10.0
56.0 806.0 20.0 10.0
1119.0 785.0 20.0 10.0
1072.0 436.0 20.0 10.0
669.0 1126.0 20.0 10.0
831.0 695.0 20.0 10.0
660.0 1158.0 20.0 10.0
602.0 950.0 20.0 10.0
153.0 797.0 20.0 10.0
783.0 411.0 20.0 10.0
1100.0 748.0 20.0 10.0
347.0 875.0 20.0 10.0
878.0 270.0 20.0 10.0
157.0 1047.0 20.0 10.0
935.0 460.0 20.0 10.0
189.0 1035.0 20.0 10.0
162.0 787.0 20.0 10.0
1069.0 427.0 20.0 10.0
1120.0 254.0 20.0 10.0
339.0 782.0 20.0 10.0
1150.0 788.0 20.0 10.0
143.0 996.0 20.0 10.0
963.0 540.0 20.0 10.0
153.0 764.0 20.0 10.0
1289.0 834.0 20.0 10.0
867.0 309.0 20.0 10.0
1242.0 25.0 20.0 10.0
381.0 824.0 20.0 10.0
1027.0 456.0 20.0 10.0
873.0 433.0 20.0 10.0
704.0 1186.0 20.0 10.0
1212.0 814.0 20.0 10.0
915.0 525.0 20.0 10.0
1131.0 200.0 20.0 10.0
1185.0 148.0 20.0 10.0
1036.0 374.0 20.0 10.0
1189.0 81.0 20.0 10.0
1121.0 907.0 20.0 10.0
926.0 517.0 20.0 10.0
44.0 920.0 20.0 10.0
316.0 910.0 20.0 10.0
509.0 607.0 20.0 10.0
139.0 774.0 20.0 10.0
157.0 1007.0 20.0 10.0
701.0 1252.0 20.0 10.0
82.0 918.0 20.0 10.0
58.0 825.0 20.0 10.0
458.0 573.0 20.0 10.0
1026.0 863.0 20.0 10.0
592.0 979.0 20.0 10.0
472.0 552.0 20.0 10.0
60.0 790.0 20.0 10.0
1010.0 334.0 20.0 10.0
1126.0 750.0 20.0 10.0
993.0 327.0 20.0 10.0
1111.0 702.0 20.0 10.0
584.0 960.0 20.0 10.0
657.0 1185.0 20.0 10.0
115.0 1016.0 20.0 10.0
649.0 1010.0 20.0 10.0
725.0 1064.0 20.0 10.0
752.0 619.0 20.0 10.0
684.0 1183.0 20.0 10.0
655.0 759.0 20.0 10.0
905.0 324.0 20.0 10.0
24.0 922.0 20.0 10.0
123.0 912.0 20.0 10.0
664.0 1115.0 20.0 10.0
333.0 886.0 20.0 10.0
728.0 846.0 20.0 10.0
988.0 290.0 20.0 10.0
142.0 1069.0 20.0 10.0
202.0 833.0 20.0 10.0
943.0 696.0 20.0 10.0
965.0 764.0 20.0 10.0
299.0 927.0 20.0 10.0
127.0 789.0 20.0 10.0
1109.0 787.0 20.0 10.0
987.0 724.0 20.0 10.0
1156.0 243.0 20.0 10.0
184.0 1028.0 20.0 10.0
747.0 607.0 20.0 10.0
213.0 937.0 20.0 10.0
177.0 833.0 20.0 10.0
1313.0 839.0 20.0 10.0
1283.0 832.0 20.0 10.0
103.0 789.0 20.0 10.0
986.0 453.0 20.0 10.0
988.0 536.0 20.0 10.0
1132.0 699.0 20.0 10.0
1057.0 915.0 20.0 10.0
709.0 881.0 20.0 10.0
837.0 522.0 20.0 10.0
227.0 942.0 20.0 10.0
604.0 944.0 20.0 10.0
1022.0 268.0 20.0 10.0
1100.0 788.0 20.0 10.0
528.0 635.0 20.0 10.0
857.0 640.0 20.0 10.0
696.0 1020.0 20.0 10.0
1201.0 808.0 20.0 10.0
674.0 817.0 20.0 10.0
79.0 772.0 20.0 10.0
1000.0 704.0 20.0 10.0
706.0 1170.0 20.0 10.0
