500
682.0 546.0 20.0 10.0
619.0 578.0 20.0 10.0
523.0 513.0 20.0 10.0
453.0 557.0 20.0 10.0
382.0 601.0 20.0 10.0
535.0 427.0 20.0 10.0
695.0 661.0 20.0 10.0
321.0 617.0 20.0 10.0
262.0 634.0 20.0 10.0
553.0 346.0 20.0 10.0
439.0 461.0 20.0 10.0
747.0 732.0 20.0 10.0
405.0 455.0 20.0 10.0
567.0 269.0 20.0 10.0
358.0 409.0 20.0 10.0
765.0 665.0 20.0 10.0
829.0 675.0 20.0 10.0
595.0 226.0 20.0 10.0
283.0 380.0 20.0 10.0
317.0 353.0 20.0 10.0
223.0 372.0 20.0 10.0
353.0 609.0 20.0 10.0
712.0 539.0 20.0 10.0
565.0 202.0 20.0 10.0
585.0 325.0 20.0 10.0
244.0 346.0 20.0 10.0
166.0 361.0 20.0 10.0
278.0 305.0 20.0 10.0
614.0 202.0 20.0 10.0
115.0 346.0 20.0 10.0
568.0 143.0 20.0 10.0
694.0 728.0 20.0 10.0
215.0 641.0 20.0 10.0
76.0 337.0 20.0 10.0
515.0 385.0 20.0 10.0
241.0 628.0 20.0 10.0
536.0 490.0 20.0 10.0
742.0 686.0 20.0 10.0
361.0 624.0 20.0 10.0
743.0 516.0 20.0 10.0
566.0 235.0 20.0 10.0
209.0 313.0 20.0 10.0
134.0 355.0 20.0 10.0
617.0 187.0 20.0 10.0
791.0 770.0 20.0 10.0
341.0 648.0 20.0 10.0
718.0 644.0 20.0 10.0
705.0 777.0 20.0 10.0
250.0 377.0 20.0 10.0
551.0 166.0 20.0 10.0
768.0 779.0 20.0 10.0
493.0 347.0 20.0 10.0
786.0 785.0 20.0 10.0
235.0 643.0 20.0 10.0
883.0 680.0 20.0 10.0
684.0 781.0 20.0 10.0
824.0 834.0 20.0 10.0
468.0 313.0 20.0 10.0
632.0 180.0 20.0 10.0
291.0 627.0 20.0 10.0
720.0 815.0 20.0 10.0
556.0 312.0 20.0 10.0
860.0 876.0 20.0 10.0
175.0 649.0 20.0 10.0
789.0 821.0 20.0 10.0
690.0 696.0 20.0 10.0
784.0 804.0 20.0 10.0
105.0 348.0 20.0 10.0
784.0 707.0 20.0 10.0
585.0 105.0 20.0 10.0
223.0 656.0 20.0 10.0
564.0 323.0 20.0 10.0
493.0 365.0 20.0 10.0
768.0 491.0 20.0 10.0
445.0 283.0 20.0 10.0
798.0 492.0 20.0 10.0
525.0 410.0 20.0 10.0
559.0 484.0 20.0 10.0
803.0 860.0 20.0 10.0
139.0 651.0 20.0 10.0
138.0 362.0 20.0 10.0
888.0 910.0 20.0 10.0
796.0 669.0 20.0 10.0
235.0 359.0 20.0 10.0
430.0 251.0 20.0 10.0
228.0 630.0 20.0 10.0
87.0 347.0 20.0 10.0
596.0 592.0 20.0 10.0
798.0 733.0 20.0 10.0
187.0 665.0 20.0 10.0
715.0 681.0 20.0 10.0
928.0 689.0 20.0 10.0
244.0 259.0 20.0 10.0
767.0 704.0 20.0 10.0
331.0 678.0 20.0 10.0
580.0 169.0 20.0 10.0
416.0 223.0 20.0 10.0
745.0 648.0 20.0 10.0
679.0 830.0 20.0 10.0
213.0 338.0 20.0 10.0
442.0 589.0 20.0 10.0
331.0 707.0 20.0 10.0
815.0 890.0 20.0 10.0
605.0 298.0 20.0 10.0
317.0 662.0 20.0 10.0
875.0 690.0 20.0 10.0
215.0 220.0 20.0 10.0
563.0 94.0 20.0 10.0
178.0 284.0 20.0 10.0
195.0 337.0 20.0 10.0
727.0 853.0 20.0 10.0
833.0 804.0 20.0 10.0
803.0 662.0 20.0 10.0
865.0 831.0 20.0 10.0
571.0 59.0 20.0 10.0
894.0 851.0 20.0 10.0
107.0 653.0 20.0 10.0
219.0 233.0 20.0 10.0
725.0 884.0 20.0 10.0
443.0 617.0 20.0 10.0
804.0 805.0 20.0 10.0
540.0 314.0 20.0 10.0
902.0 711.0 20.0 10.0
849.0 473.0 20.0 10.0
734.0 535.0 20.0 10.0
699.0 758.0 20.0 10.0
890.0 455.0 20.0 10.0
909.0 433.0 20.0 10.0
710.0 814.0 20.0 10.0
298.0 689.0 20.0 10.0
197.0 628.0 20.0 10.0
773.0 728.0 20.0 10.0
469.0 353.0 20.0 10.0
574.0 30.0 20.0 10.0
585.0 141.0 20.0 10.0
777.0 506.0 20.0 10.0
796.0 844.0 20.0 10.0
796.0 476.0 20.0 10.0
298.0 319.0 20.0 10.0
189.0 190.0 20.0 10.0
264.0 724.0 20.0 10.0
968.0 697.0 20.0 10.0
548.0 143.0 20.0 10.0
671.0 680.0 20.0 10.0
556.0 211.0 20.0 10.0
445.0 580.0 20.0 10.0
270.0 719.0 20.0 10.0
657.0 702.0 20.0 10.0
424.0 268.0 20.0 10.0
423.0 554.0 20.0 10.0
196.0 203.0 20.0 10.0
326.0 402.0 20.0 10.0
543.0 417.0 20.0 10.0
243.0 747.0 20.0 10.0
679.0 879.0 20.0 10.0
778.0 513.0 20.0 10.0
230.0 747.0 20.0 10.0
885.0 894.0 20.0 10.0
756.0 713.0 20.0 10.0
689.0 918.0 20.0 10.0
874.0 899.0 20.0 10.0
674.0 723.0 20.0 10.0
695.0 946.0 20.0 10.0
851.0 820.0 20.0 10.0
727.0 840.0 20.0 10.0
742.0 640.0 20.0 10.0
337.0 632.0 20.0 10.0
914.0 439.0 20.0 10.0
634.0 149.0 20.0 10.0
279.0 292.0 20.0 10.0
157.0 679.0 20.0 10.0
496.0 514.0 20.0 10.0
767.0 687.0 20.0 10.0
156.0 315.0 20.0 10.0
672.0 810.0 20.0 10.0
927.0 444.0 20.0 10.0
470.0 580.0 20.0 10.0
669.0 708.0 20.0 10.0
785.0 465.0 20.0 10.0
681.0 746.0 20.0 10.0
729.0 704.0 20.0 10.0
909.0 681.0 20.0 10.0
547.0 133.0 20.0 10.0
890.0 847.0 20.0 10.0
557.0 67.0 20.0 10.0
641.0 565.0 20.0 10.0
146.0 264.0 20.0 10.0
205.0 365.0 20.0 10.0
535.0 531.0 20.0 10.0
455.0 642.0 20.0 10.0
249.0 759.0 20.0 10.0
578.0 294.0 20.0 10.0
860.0 823.0 20.0 10.0
920.0 682.0 20.0 10.0
663.0 838.0 20.0 10.0
132.0 292.0 20.0 10.0
619.0 602.0 20.0 10.0
447.0 346.0 20.0 10.0
872.0 455.0 20.0 10.0
454.0 339.0 20.0 10.0
914.0 703.0 20.0 10.0
604.0 309.0 20.0 10.0
204.0 191.0 20.0 10.0
805.0 445.0 20.0 10.0
886.0 904.0 20.0 10.0
527.0 285.0 20.0 10.0
821.0 791.0 20.0 10.0
466.0 595.0 20.0 10.0
407.0 242.0 20.0 10.0
184.0 292.0 20.0 10.0
671.0 915.0 20.0 10.0
518.0 473.0 20.0 10.0
163.0 163.0 20.0 10.0
327.0 640.0 20.0 10.0
806.0 503.0 20.0 10.0
650.0 115.0 20.0 10.0
453.0 667.0 20.0 10.0
555.0 535.0 20.0 10.0
729.0 884.0 20.0 10.0
181.0 641.0 20.0 10.0
701.0 534.0 20.0 10.0
501.0 423.0 20.0 10.0
402.0 258.0 20.0 10.0
821.0 726.0 20.0 10.0
675.0 712.0 20.0 10.0
122.0 298.0 20.0 10.0
844.0 802.0 20.0 10.0
691.0 800.0 20.0 10.0
410.0 466.0 20.0 10.0
793.0 662.0 20.0 10.0
914.0 864.0 20.0 10.0
144.0 145.0 20.0 10.0
849.0 747.0 20.0 10.0
222.0 778.0 20.0 10.0
357.0 615.0 20.0 10.0
783.0 832.0 20.0 10.0
945.0 714.0 20.0 10.0
336.0 386.0 20.0 10.0
191.0 644.0 20.0 10.0
205.0 773.0 20.0 10.0
511.0 398.0 20.0 10.0
588.0 272.0 20.0 10.0
888.0 837.0 20.0 10.0
180.0 360.0 20.0 10.0
606.0 82.0 20.0 10.0
743.0 535.0 20.0 10.0
663.0 91.0 20.0 10.0
211.0 191.0 20.0 10.0
669.0 949.0 20.0 10.0
430.0 361.0 20.0 10.0
730.0 528.0 20.0 10.0
944.0 704.0 20.0 10.0
619.0 553.0 20.0 10.0
239.0 651.0 20.0 10.0
677.0 977.0 20.0 10.0
447.0 329.0 20.0 10.0
195.0 678.0 20.0 10.0
168.0 622.0 20.0 10.0
914.0 939.0 20.0 10.0
741.0 670.0 20.0 10.0
527.0 257.0 20.0 10.0
570.0 473.0 20.0 10.0
704.0 844.0 20.0 10.0
403.0 567.0 20.0 10.0
951.0 676.0 20.0 10.0
110.0 359.0 20.0 10.0
429.0 337.0 20.0 10.0
557.0 283.0 20.0 10.0
831.0 914.0 20.0 10.0
629.0 159.0 20.0 10.0
763.0 534.0 20.0 10.0
549.0 105.0 20.0 10.0
384.0 583.0 20.0 10.0
85.0 325.0 20.0 10.0
189.0 166.0 20.0 10.0
600.0 620.0 20.0 10.0
118.0 250.0 20.0 10.0
770.0 676.0 20.0 10.0
269.0 268.0 20.0 10.0
300.0 328.0 20.0 10.0
695.0 951.0 20.0 10.0
646.0 721.0 20.0 10.0
281.0 299.0 20.0 10.0
431.0 222.0 20.0 10.0
782.0 723.0 20.0 10.0
478.0 329.0 20.0 10.0
492.0 390.0 20.0 10.0
414.0 256.0 20.0 10.0
306.0 686.0 20.0 10.0
852.0 805.0 20.0 10.0
375.0 455.0 20.0 10.0
761.0 638.0 20.0 10.0
139.0 140.0 20.0 10.0
950.0 422.0 20.0 10.0
242.0 645.0 20.0 10.0
937.0 954.0 20.0 10.0
813.0 701.0 20.0 10.0
158.0 667.0 20.0 10.0
189.0 212.0 20.0 10.0
723.0 800.0 20.0 10.0
325.0 735.0 20.0 10.0
828.0 481.0 20.0 10.0
502.0 526.0 20.0 10.0
797.0 854.0 20.0 10.0
155.0 278.0 20.0 10.0
203.0 670.0 20.0 10.0
234.0 379.0 20.0 10.0
627.0 307.0 20.0 10.0
376.0 626.0 20.0 10.0
867.0 825.0 20.0 10.0
627.0 622.0 20.0 10.0
520.0 264.0 20.0 10.0
484.0 406.0 20.0 10.0
919.0 455.0 20.0 10.0
881.0 815.0 20.0 10.0
254.0 278.0 20.0 10.0
585.0 312.0 20.0 10.0
694.0 638.0 20.0 10.0
911.0 924.0 20.0 10.0
731.0 908.0 20.0 10.0
105.0 279.0 20.0 10.0
797.0 883.0 20.0 10.0
158.0 269.0 20.0 10.0
128.0 314.0 20.0 10.0
843.0 858.0 20.0 10.0
131.0 692.0 20.0 10.0
560.0 61.0 20.0 10.0
667.0 750.0 20.0 10.0
806.0 892.0 20.0 10.0
852.0 731.0 20.0 10.0
974.0 409.0 20.0 10.0
996.0 703.0 20.0 10.0
352.0 459.0 20.0 10.0
607.0 197.0 20.0 10.0
576.0 338.0 20.0 10.0
616.0 170.0 20.0 10.0
193.0 373.0 20.0 10.0
402.0 200.0 20.0 10.0
45.0 328.0 20.0 10.0
124.0 118.0 20.0 10.0
836.0 502.0 20.0 10.0
651.0 964.0 20.0 10.0
775.0 529.0 20.0 10.0
205.0 617.0 20.0 10.0
459.0 632.0 20.0 10.0
279.0 631.0 20.0 10.0
558.0 112.0 20.0 10.0
422.0 602.0 20.0 10.0
563.0 35.0 20.0 10.0
795.0 510.0 20.0 10.0
546.0 255.0 20.0 10.0
262.0 246.0 20.0 10.0
295.0 336.0 20.0 10.0
899.0 840.0 20.0 10.0
331.0 457.0 20.0 10.0
205.0 806.0 20.0 10.0
558.0 55.0 20.0 10.0
86.0 340.0 20.0 10.0
127.0 265.0 20.0 10.0
808.0 516.0 20.0 10.0
244.0 788.0 20.0 10.0
552.0 29.0 20.0 10.0
606.0 208.0 20.0 10.0
766.0 758.0 20.0 10.0
497.0 543.0 20.0 10.0
572.0 515.0 20.0 10.0
162.0 199.0 20.0 10.0
878.0 468.0 20.0 10.0
702.0 945.0 20.0 10.0
623.0 275.0 20.0 10.0
728.0 869.0 20.0 10.0
435.0 269.0 20.0 10.0
222.0 802.0 20.0 10.0
95.0 280.0 20.0 10.0
897.0 932.0 20.0 10.0
562.0 25.0 20.0 10.0
414.0 612.0 20.0 10.0
512.0 273.0 20.0 10.0
301.0 405.0 20.0 10.0
337.0 625.0 20.0 10.0
285.0 402.0 20.0 10.0
674.0 69.0 20.0 10.0
807.0 811.0 20.0 10.0
787.0 485.0 20.0 10.0
601.0 614.0 20.0 10.0
255.0 741.0 20.0 10.0
269.0 240.0 20.0 10.0
87.0 665.0 20.0 10.0
831.0 662.0 20.0 10.0
938.0 725.0 20.0 10.0
601.0 75.0 20.0 10.0
564.0 187.0 20.0 10.0
60.0 306.0 20.0 10.0
991.0 713.0 20.0 10.0
907.0 468.0 20.0 10.0
574.0 329.0 20.0 10.0
901.0 692.0 20.0 10.0
876.0 764.0 20.0 10.0
315.0 456.0 20.0 10.0
113.0 651.0 20.0 10.0
636.0 744.0 20.0 10.0
613.0 52.0 20.0 10.0
559.0 83.0 20.0 10.0
616.0 274.0 20.0 10.0
709.0 871.0 20.0 10.0
699.0 718.0 20.0 10.0
371.0 588.0 20.0 10.0
662.0 565.0 20.0 10.0
863.0 502.0 20.0 10.0
710.0 717.0 20.0 10.0
822.0 664.0 20.0 10.0
584.0 244.0 20.0 10.0
598.0 144.0 20.0 10.0
899.0 773.0 20.0 10.0
836.0 518.0 20.0 10.0
271.0 401.0 20.0 10.0
820.0 828.0 20.0 10.0
720.0 708.0 20.0 10.0
878.0 744.0 20.0 10.0
231.0 781.0 20.0 10.0
274.0 283.0 20.0 10.0
660.0 87.0 20.0 10.0
807.0 723.0 20.0 10.0
229.0 266.0 20.0 10.0
694.0 971.0 20.0 10.0
168.0 194.0 20.0 10.0
170.0 694.0 20.0 10.0
541.0 289.0 20.0 10.0
180.0 703.0 20.0 10.0
424.0 228.0 20.0 10.0
425.0 634.0 20.0 10.0
812.0 454.0 20.0 10.0
861.0 907.0 20.0 10.0
684.0 681.0 20.0 10.0
596.0 631.0 20.0 10.0
837.0 746.0 20.0 10.0
920.0 852.0 20.0 10.0
214.0 766.0 20.0 10.0
24.0 322.0 20.0 10.0
320.0 452.0 20.0 10.0
588.0 74.0 20.0 10.0
579.0 264.0 20.0 10.0
857.0 664.0 20.0 10.0
195.0 820.0 20.0 10.0
554.0 175.0 20.0 10.0
889.0 433.0 20.0 10.0
238.0 263.0 20.0 10.0
185.0 798.0 20.0 10.0
95.0 289.0 20.0 10.0
846.0 460.0 20.0 10.0
643.0 258.0 20.0 10.0
824.0 476.0 20.0 10.0
218.0 646.0 20.0 10.0
536.0 109.0 20.0 10.0
663.0 744.0 20.0 10.0
737.0 722.0 20.0 10.0
417.0 196.0 20.0 10.0
628.0 294.0 20.0 10.0
191.0 322.0 20.0 10.0
959.0 440.0 20.0 10.0
641.0 637.0 20.0 10.0
295.0 453.0 20.0 10.0
297.0 711.0 20.0 10.0
793.0 653.0 20.0 10.0
960.0 695.0 20.0 10.0
276.0 704.0 20.0 10.0
702.0 970.0 20.0 10.0
279.0 711.0 20.0 10.0
950.0 687.0 20.0 10.0
577.0 464.0 20.0 10.0
225.0 673.0 20.0 10.0
985.0 431.0 20.0 10.0
926.0 731.0 20.0 10.0
392.0 585.0 20.0 10.0
417.0 658.0 20.0 10.0
676.0 996.0 20.0 10.0
784.0 538.0 20.0 10.0
579.0 309.0 20.0 10.0
607.0 118.0 20.0 10.0
209.0 801.0 20.0 10.0
857.0 677.0 20.0 10.0
80.0 343.0 20.0 10.0
122.0 243.0 20.0 10.0
164.0 807.0 20.0 10.0
766.0 506.0 20.0 10.0
181.0 789.0 20.0 10.0
933.0 962.0 20.0 10.0
253.0 383.0 20.0 10.0
150.0 637.0 20.0 10.0
359.0 591.0 20.0 10.0
991.0 698.0 20.0 10.0
489.0 445.0 20.0 10.0
471.0 331.0 20.0 10.0
923.0 968.0 20.0 10.0
938.0 428.0 20.0 10.0
817.0 915.0 20.0 10.0
667.0 67.0 20.0 10.0
169.0 371.0 20.0 10.0
480.0 433.0 20.0 10.0
52.0 337.0 20.0 10.0
