500
591.0 559.0 20.0 10.0
503.0 508.0 20.0 10.0
415.0 585.0 20.0 10.0
675.0 592.0 20.0 10.0
477.0 456.0 20.0 10.0
457.0 493.0 20.0 10.0
741.0 610.0 20.0 10.0
329.0 654.0 20.0 10.0
527.0 502.0 20.0 10.0
786.0 605.0 20.0 10.0
534.0 403.0 20.0 10.0
449.0 407.0 20.0 10.0
256.0 720.0 20.0 10.0
545.0 490.0 20.0 10.0
415.0 486.0 20.0 10.0
198.0 744.0 20.0 10.0
283.0 682.0 20.0 10.0
515.0 539.0 20.0 10.0
538.0 481.0 20.0 10.0
431.0 465.0 20.0 10.0
422.0 629.0 20.0 10.0
422.0 381.0 20.0 10.0
598.0 342.0 20.0 10.0
612.0 614.0 20.0 10.0
322.0 694.0 20.0 10.0
237.0 692.0 20.0 10.0
512.0 318.0 20.0 10.0
514.0 263.0 20.0 10.0
628.0 551.0 20.0 10.0
786.0 614.0 20.0 10.0
207.0 779.0 20.0 10.0
428.0 439.0 20.0 10.0
377.0 582.0 20.0 10.0
514.0 215.0 20.0 10.0
636.0 648.0 20.0 10.0
515.0 229.0 20.0 10.0
560.0 461.0 20.0 10.0
388.0 593.0 20.0 10.0
418.0 439.0 20.0 10.0
153.0 768.0 20.0 10.0
387.0 614.0 20.0 10.0
440.0 515.0 20.0 10.0
174.0 830.0 20.0 10.0
426.0 363.0 20.0 10.0
632.0 309.0 20.0 10.0
657.0 679.0 20.0 10.0
242.0 765.0 20.0 10.0
160.0 868.0 20.0 10.0
733.0 624.0 20.0 10.0
618.0 550.0 20.0 10.0
712.0 582.0 20.0 10.0
520.0 170.0 20.0 10.0
276.0 654.0 20.0 10.0
608.0 307.0 20.0 10.0
184.0 817.0 20.0 10.0
131.0 788.0 20.0 10.0
231.0 806.0 20.0 10.0
826.0 623.0 20.0 10.0
377.0 473.0 20.0 10.0
658.0 288.0 20.0 10.0
404.0 448.0 20.0 10.0
386.0 495.0 20.0 10.0
740.0 571.0 20.0 10.0
345.0 592.0 20.0 10.0
167.0 807.0 20.0 10.0
617.0 654.0 20.0 10.0
548.0 369.0 20.0 10.0
226.0 736.0 20.0 10.0
486.0 247.0 20.0 10.0
346.0 476.0 20.0 10.0
758.0 551.0 20.0 10.0
323.0 469.0 20.0 10.0
656.0 281.0 20.0 10.0
767.0 598.0 20.0 10.0
662.0 542.0 20.0 10.0
619.0 278.0 20.0 10.0
308.0 676.0 20.0 10.0
137.0 869.0 20.0 10.0
319.0 731.0 20.0 10.0
580.0 445.0 20.0 10.0
779.0 646.0 20.0 10.0
115.0 887.0 20.0 10.0
486.0 504.0 20.0 10.0
248.0 665.0 20.0 10.0
788.0 642.0 20.0 10.0
460.0 185.0 20.0 10.0
276.0 720.0 20.0 10.0
474.0 426.0 20.0 10.0
824.0 646.0 20.0 10.0
156.0 756.0 20.0 10.0
409.0 328.0 20.0 10.0
378.0 644.0 20.0 10.0
526.0 198.0 20.0 10.0
616.0 683.0 20.0 10.0
196.0 694.0 20.0 10.0
682.0 251.0 20.0 10.0
123.0 757.0 20.0 10.0
122.0 895.0 20.0 10.0
470.0 490.0 20.0 10.0
497.0 479.0 20.0 10.0
815.0 602.0 20.0 10.0
608.0 711.0 20.0 10.0
675.0 257.0 20.0 10.0
233.0 643.0 20.0 10.0
704.0 624.0 20.0 10.0
449.0 494.0 20.0 10.0
220.0 731.0 20.0 10.0
713.0 240.0 20.0 10.0
617.0 575.0 20.0 10.0
139.0 816.0 20.0 10.0
440.0 134.0 20.0 10.0
183.0 850.0 20.0 10.0
863.0 632.0 20.0 10.0
442.0 383.0 20.0 10.0
381.0 673.0 20.0 10.0
767.0 628.0 20.0 10.0
359.0 487.0 20.0 10.0
216.0 833.0 20.0 10.0
763.0 199.0 20.0 10.0
428.0 507.0 20.0 10.0
397.0 421.0 20.0 10.0
814.0 675.0 20.0 10.0
689.0 535.0 20.0 10.0
845.0 697.0 20.0 10.0
422.0 669.0 20.0 10.0
201.0 645.0 20.0 10.0
356.0 590.0 20.0 10.0
199.0 634.0 20.0 10.0
386.0 298.0 20.0 10.0
627.0 673.0 20.0 10.0
310.0 763.0 20.0 10.0
666.0 700.0 20.0 10.0
231.0 745.0 20.0 10.0
439.0 163.0 20.0 10.0
477.0 203.0 20.0 10.0
506.0 562.0 20.0 10.0
733.0 613.0 20.0 10.0
770.0 609.0 20.0 10.0
743.0 208.0 20.0 10.0
628.0 655.0 20.0 10.0
624.0 686.0 20.0 10.0
807.0 159.0 20.0 10.0
137.0 834.0 20.0 10.0
699.0 593.0 20.0 10.0
444.0 363.0 20.0 10.0
348.0 455.0 20.0 10.0
434.0 537.0 20.0 10.0
755.0 658.0 20.0 10.0
473.0 217.0 20.0 10.0
848.0 122.0 20.0 10.0
832.0 656.0 20.0 10.0
317.0 584.0 20.0 10.0
391.0 368.0 20.0 10.0
433.0 557.0 20.0 10.0
302.0 667.0 20.0 10.0
123.0 776.0 20.0 10.0
782.0 682.0 20.0 10.0
519.0 186.0 20.0 10.0
520.0 140.0 20.0 10.0
360.0 359.0 20.0 10.0
428.0 446.0 20.0 10.0
253.0 654.0 20.0 10.0
763.0 182.0 20.0 10.0
206.0 762.0 20.0 10.0
307.0 756.0 20.0 10.0
369.0 663.0 20.0 10.0
438.0 97.0 20.0 10.0
427.0 499.0 20.0 10.0
552.0 339.0 20.0 10.0
694.0 616.0 20.0 10.0
650.0 551.0 20.0 10.0
883.0 89.0 20.0 10.0
623.0 719.0 20.0 10.0
287.0 689.0 20.0 10.0
154.0 901.0 20.0 10.0
597.0 587.0 20.0 10.0
165.0 845.0 20.0 10.0
539.0 313.0 20.0 10.0
237.0 661.0 20.0 10.0
407.0 338.0 20.0 10.0
147.0 832.0 20.0 10.0
158.0 693.0 20.0 10.0
641.0 694.0 20.0 10.0
681.0 706.0 20.0 10.0
322.0 451.0 20.0 10.0
904.0 80.0 20.0 10.0
759.0 188.0 20.0 10.0
272.0 759.0 20.0 10.0
806.0 702.0 20.0 10.0
604.0 276.0 20.0 10.0
424.0 546.0 20.0 10.0
420.0 705.0 20.0 10.0
644.0 279.0 20.0 10.0
475.0 162.0 20.0 10.0
247.0 744.0 20.0 10.0
869.0 100.0 20.0 10.0
365.0 625.0 20.0 10.0
111.0 788.0 20.0 10.0
625.0 598.0 20.0 10.0
708.0 516.0 20.0 10.0
418.0 100.0 20.0 10.0
512.0 190.0 20.0 10.0
218.0 698.0 20.0 10.0
526.0 568.0 20.0 10.0
593.0 424.0 20.0 10.0
444.0 579.0 20.0 10.0
871.0 672.0 20.0 10.0
608.0 247.0 20.0 10.0
509.0 285.0 20.0 10.0
439.0 152.0 20.0 10.0
530.0 590.0 20.0 10.0
625.0 699.0 20.0 10.0
365.0 275.0 20.0 10.0
398.0 339.0 20.0 10.0
622.0 748.0 20.0 10.0
545.0 289.0 20.0 10.0
509.0 239.0 20.0 10.0
865.0 709.0 20.0 10.0
352.0 257.0 20.0 10.0
417.0 128.0 20.0 10.0
699.0 216.0 20.0 10.0
584.0 479.0 20.0 10.0
168.0 751.0 20.0 10.0
383.0 316.0 20.0 10.0
616.0 459.0 20.0 10.0
522.0 206.0 20.0 10.0
516.0 582.0 20.0 10.0
323.0 716.0 20.0 10.0
886.0 637.0 20.0 10.0
421.0 740.0 20.0 10.0
145.0 824.0 20.0 10.0
322.0 591.0 20.0 10.0
535.0 171.0 20.0 10.0
230.0 731.0 20.0 10.0
892.0 640.0 20.0 10.0
908.0 62.0 20.0 10.0
513.0 600.0 20.0 10.0
522.0 559.0 20.0 10.0
141.0 858.0 20.0 10.0
526.0 137.0 20.0 10.0
826.0 608.0 20.0 10.0
854.0 608.0 20.0 10.0
656.0 729.0 20.0 10.0
362.0 496.0 20.0 10.0
127.0 694.0 20.0 10.0
431.0 765.0 20.0 10.0
532.0 111.0 20.0 10.0
904.0 687.0 20.0 10.0
397.0 307.0 20.0 10.0
638.0 607.0 20.0 10.0
410.0 767.0 20.0 10.0
414.0 423.0 20.0 10.0
398.0 363.0 20.0 10.0
642.0 723.0 20.0 10.0
716.0 193.0 20.0 10.0
225.0 792.0 20.0 10.0
96.0 760.0 20.0 10.0
828.0 142.0 20.0 10.0
347.0 580.0 20.0 10.0
651.0 246.0 20.0 10.0
700.0 639.0 20.0 10.0
914.0 645.0 20.0 10.0
354.0 623.0 20.0 10.0
871.0 712.0 20.0 10.0
676.0 755.0 20.0 10.0
373.0 699.0 20.0 10.0
343.0 244.0 20.0 10.0
670.0 265.0 20.0 10.0
258.0 671.0 20.0 10.0
458.0 158.0 20.0 10.0
819.0 662.0 20.0 10.0
374.0 273.0 20.0 10.0
478.0 134.0 20.0 10.0
608.0 403.0 20.0 10.0
799.0 627.0 20.0 10.0
764.0 176.0 20.0 10.0
354.0 566.0 20.0 10.0
106.0 695.0 20.0 10.0
630.0 766.0 20.0 10.0
478.0 404.0 20.0 10.0
189.0 783.0 20.0 10.0
315.0 720.0 20.0 10.0
709.0 187.0 20.0 10.0
393.0 488.0 20.0 10.0
437.0 63.0 20.0 10.0
703.0 723.0 20.0 10.0
359.0 295.0 20.0 10.0
572.0 474.0 20.0 10.0
535.0 141.0 20.0 10.0
856.0 97.0 20.0 10.0
299.0 451.0 20.0 10.0
650.0 544.0 20.0 10.0
421.0 688.0 20.0 10.0
878.0 106.0 20.0 10.0
449.0 164.0 20.0 10.0
843.0 682.0 20.0 10.0
933.0 687.0 20.0 10.0
372.0 350.0 20.0 10.0
265.0 783.0 20.0 10.0
585.0 463.0 20.0 10.0
81.0 810.0 20.0 10.0
358.0 598.0 20.0 10.0
660.0 762.0 20.0 10.0
304.0 742.0 20.0 10.0
566.0 318.0 20.0 10.0
453.0 154.0 20.0 10.0
894.0 60.0 20.0 10.0
781.0 152.0 20.0 10.0
124.0 763.0 20.0 10.0
398.0 499.0 20.0 10.0
553.0 437.0 20.0 10.0
210.0 752.0 20.0 10.0
376.0 345.0 20.0 10.0
418.0 768.0 20.0 10.0
376.0 322.0 20.0 10.0
900.0 92.0 20.0 10.0
656.0 295.0 20.0 10.0
540.0 113.0 20.0 10.0
428.0 97.0 20.0 10.0
408.0 77.0 20.0 10.0
377.0 439.0 20.0 10.0
476.0 126.0 20.0 10.0
347.0 466.0 20.0 10.0
225.0 834.0 20.0 10.0
460.0 596.0 20.0 10.0
733.0 215.0 20.0 10.0
686.0 781.0 20.0 10.0
923.0 78.0 20.0 10.0
678.0 538.0 20.0 10.0
204.0 659.0 20.0 10.0
159.0 837.0 20.0 10.0
854.0 654.0 20.0 10.0
541.0 321.0 20.0 10.0
726.0 658.0 20.0 10.0
533.0 609.0 20.0 10.0
422.0 64.0 20.0 10.0
422.0 613.0 20.0 10.0
752.0 687.0 20.0 10.0
675.0 785.0 20.0 10.0
453.0 125.0 20.0 10.0
524.0 113.0 20.0 10.0
210.0 662.0 20.0 10.0
620.0 324.0 20.0 10.0
719.0 646.0 20.0 10.0
756.0 651.0 20.0 10.0
347.0 340.0 20.0 10.0
649.0 665.0 20.0 10.0
539.0 539.0 20.0 10.0
711.0 653.0 20.0 10.0
221.0 662.0 20.0 10.0
643.0 449.0 20.0 10.0
397.0 69.0 20.0 10.0
774.0 712.0 20.0 10.0
454.0 596.0 20.0 10.0
392.0 38.0 20.0 10.0
760.0 601.0 20.0 10.0
928.0 680.0 20.0 10.0
344.0 282.0 20.0 10.0
694.0 237.0 20.0 10.0
477.0 222.0 20.0 10.0
617.0 600.0 20.0 10.0
256.0 666.0 20.0 10.0
779.0 738.0 20.0 10.0
668.0 254.0 20.0 10.0
89.0 696.0 20.0 10.0
665.0 433.0 20.0 10.0
630.0 297.0 20.0 10.0
590.0 456.0 20.0 10.0
52.0 829.0 20.0 10.0
334.0 626.0 20.0 10.0
788.0 591.0 20.0 10.0
605.0 581.0 20.0 10.0
111.0 891.0 20.0 10.0
421.0 133.0 20.0 10.0
711.0 542.0 20.0 10.0
702.0 585.0 20.0 10.0
473.0 432.0 20.0 10.0
637.0 440.0 20.0 10.0
764.0 612.0 20.0 10.0
625.0 251.0 20.0 10.0
655.0 420.0 20.0 10.0
285.0 678.0 20.0 10.0
324.0 621.0 20.0 10.0
607.0 471.0 20.0 10.0
654.0 750.0 20.0 10.0
823.0 634.0 20.0 10.0
694.0 734.0 20.0 10.0
370.0 320.0 20.0 10.0
432.0 111.0 20.0 10.0
147.0 925.0 20.0 10.0
414.0 34.0 20.0 10.0
415.0 304.0 20.0 10.0
629.0 474.0 20.0 10.0
927.0 38.0 20.0 10.0
382.0 45.0 20.0 10.0
169.0 866.0 20.0 10.0
912.0 67.0 20.0 10.0
926.0 703.0 20.0 10.0
477.0 95.0 20.0 10.0
649.0 218.0 20.0 10.0
264.0 793.0 20.0 10.0
890.0 725.0 20.0 10.0
208.0 814.0 20.0 10.0
722.0 169.0 20.0 10.0
429.0 38.0 20.0 10.0
903.0 71.0 20.0 10.0
641.0 461.0 20.0 10.0
804.0 675.0 20.0 10.0
205.0 694.0 20.0 10.0
740.0 661.0 20.0 10.0
805.0 663.0 20.0 10.0
877.0 72.0 20.0 10.0
868.0 112.0 20.0 10.0
255.0 819.0 20.0 10.0
96.0 777.0 20.0 10.0
173.0 638.0 20.0 10.0
534.0 372.0 20.0 10.0
111.0 899.0 20.0 10.0
536.0 626.0 20.0 10.0
697.0 185.0 20.0 10.0
600.0 467.0 20.0 10.0
681.0 288.0 20.0 10.0
764.0 713.0 20.0 10.0
319.0 573.0 20.0 10.0
254.0 638.0 20.0 10.0
108.0 848.0 20.0 10.0
361.0 686.0 20.0 10.0
179.0 656.0 20.0 10.0
524.0 460.0 20.0 10.0
374.0 405.0 20.0 10.0
477.0 75.0 20.0 10.0
160.0 894.0 20.0 10.0
563.0 291.0 20.0 10.0
182.0 794.0 20.0 10.0
831.0 692.0 20.0 10.0
424.0 342.0 20.0 10.0
190.0 733.0 20.0 10.0
222.0 839.0 20.0 10.0
793.0 135.0 20.0 10.0
913.0 715.0 20.0 10.0
780.0 160.0 20.0 10.0
328.0 555.0 20.0 10.0
25.0 837.0 20.0 10.0
746.0 191.0 20.0 10.0
702.0 272.0 20.0 10.0
457.0 199.0 20.0 10.0
534.0 649.0 20.0 10.0
821.0 719.0 20.0 10.0
856.0 598.0 20.0 10.0
469.0 412.0 20.0 10.0
526.0 450.0 20.0 10.0
119.0 858.0 20.0 10.0
161.0 731.0 20.0 10.0
353.0 308.0 20.0 10.0
444.0 466.0 20.0 10.0
766.0 562.0 20.0 10.0
294.0 617.0 20.0 10.0
568.0 484.0 20.0 10.0
714.0 529.0 20.0 10.0
465.0 466.0 20.0 10.0
826.0 135.0 20.0 10.0
934.0 44.0 20.0 10.0
418.0 628.0 20.0 10.0
251.0 817.0 20.0 10.0
607.0 437.0 20.0 10.0
95.0 909.0 20.0 10.0
77.0 796.0 20.0 10.0
383.0 427.0 20.0 10.0
364.0 725.0 20.0 10.0
854.0 619.0 20.0 10.0
623.0 417.0 20.0 10.0
403.0 605.0 20.0 10.0
174.0 693.0 20.0 10.0
502.0 289.0 20.0 10.0
413.0 733.0 20.0 10.0
772.0 674.0 20.0 10.0
384.0 665.0 20.0 10.0
49.0 810.0 20.0 10.0
678.0 695.0 20.0 10.0
762.0 578.0 20.0 10.0
317.0 756.0 20.0 10.0
684.0 548.0 20.0 10.0
541.0 563.0 20.0 10.0
951.0 25.0 20.0 10.0
266.0 613.0 20.0 10.0
422.0 723.0 20.0 10.0
689.0 422.0 20.0 10.0
94.0 921.0 20.0 10.0
303.0 789.0 20.0 10.0
175.0 763.0 20.0 10.0
780.0 670.0 20.0 10.0
97.0 926.0 20.0 10.0
264.0 821.0 20.0 10.0
361.0 414.0 20.0 10.0
398.0 109.0 20.0 10.0
213.0 860.0 20.0 10.0
210.0 624.0 20.0 10.0
404.0 759.0 20.0 10.0
269.0 603.0 20.0 10.0
351.0 649.0 20.0 10.0
