500
702.0 559.0 20.0 10.0
768.0 545.0 20.0 10.0
603.0 473.0 20.0 10.0
835.0 530.0 20.0 10.0
785.0 655.0 20.0 10.0
846.0 500.0 20.0 10.0
555.0 494.0 20.0 10.0
870.0 747.0 20.0 10.0
507.0 514.0 20.0 10.0
461.0 532.0 20.0 10.0
617.0 439.0 20.0 10.0
510.0 383.0 20.0 10.0
929.0 800.0 20.0 10.0
471.0 333.0 20.0 10.0
915.0 832.0 20.0 10.0
418.0 321.0 20.0 10.0
836.0 564.0 20.0 10.0
627.0 407.0 20.0 10.0
373.0 289.0 20.0 10.0
338.0 260.0 20.0 10.0
627.0 461.0 20.0 10.0
496.0 314.0 20.0 10.0
864.0 476.0 20.0 10.0
840.0 599.0 20.0 10.0
468.0 375.0 20.0 10.0
941.0 772.0 20.0 10.0
960.0 910.0 20.0 10.0
872.0 781.0 20.0 10.0
474.0 252.0 20.0 10.0
1008.0 796.0 20.0 10.0
970.0 841.0 20.0 10.0
990.0 867.0 20.0 10.0
1011.0 879.0 20.0 10.0
972.0 766.0 20.0 10.0
463.0 307.0 20.0 10.0
838.0 628.0 20.0 10.0
870.0 774.0 20.0 10.0
978.0 834.0 20.0 10.0
434.0 288.0 20.0 10.0
479.0 389.0 20.0 10.0
262.0 201.0 20.0 10.0
1055.0 808.0 20.0 10.0
630.0 382.0 20.0 10.0
514.0 354.0 20.0 10.0
875.0 767.0 20.0 10.0
786.0 682.0 20.0 10.0
709.0 545.0 20.0 10.0
451.0 201.0 20.0 10.0
883.0 537.0 20.0 10.0
970.0 943.0 20.0 10.0
889.0 500.0 20.0 10.0
898.0 761.0 20.0 10.0
432.0 534.0 20.0 10.0
722.0 530.0 20.0 10.0
515.0 328.0 20.0 10.0
740.0 511.0 20.0 10.0
908.0 553.0 20.0 10.0
427.0 373.0 20.0 10.0
728.0 506.0 20.0 10.0
620.0 412.0 20.0 10.0
1048.0 822.0 20.0 10.0
971.0 791.0 20.0 10.0
529.0 494.0 20.0 10.0
856.0 582.0 20.0 10.0
818.0 616.0 20.0 10.0
987.0 952.0 20.0 10.0
882.0 459.0 20.0 10.0
1033.0 786.0 20.0 10.0
447.0 391.0 20.0 10.0
401.0 257.0 20.0 10.0
217.0 186.0 20.0 10.0
430.0 170.0 20.0 10.0
199.0 154.0 20.0 10.0
1047.0 796.0 20.0 10.0
148.0 116.0 20.0 10.0
838.0 653.0 20.0 10.0
1004.0 859.0 20.0 10.0
940.0 476.0 20.0 10.0
972.0 459.0 20.0 10.0
823.0 644.0 20.0 10.0
1053.0 910.0 20.0 10.0
231.0 172.0 20.0 10.0
1030.0 820.0 20.0 10.0
1004.0 978.0 20.0 10.0
929.0 543.0 20.0 10.0
987.0 461.0 20.0 10.0
964.0 557.0 20.0 10.0
1024.0 1033.0 20.0 10.0
950.0 821.0 20.0 10.0
637.0 477.0 20.0 10.0
389.0 369.0 20.0 10.0
1025.0 1071.0 20.0 10.0
863.0 621.0 20.0 10.0
875.0 795.0 20.0 10.0
335.0 273.0 20.0 10.0
408.0 255.0 20.0 10.0
1050.0 1049.0 20.0 10.0
439.0 315.0 20.0 10.0
925.0 873.0 20.0 10.0
1028.0 446.0 20.0 10.0
1045.0 1081.0 20.0 10.0
1097.0 823.0 20.0 10.0
233.0 159.0 20.0 10.0
871.0 647.0 20.0 10.0
413.0 535.0 20.0 10.0
206.0 121.0 20.0 10.0
866.0 604.0 20.0 10.0
424.0 393.0 20.0 10.0
1037.0 816.0 20.0 10.0
1024.0 864.0 20.0 10.0
355.0 367.0 20.0 10.0
1057.0 430.0 20.0 10.0
783.0 688.0 20.0 10.0
176.0 170.0 20.0 10.0
370.0 312.0 20.0 10.0
873.0 810.0 20.0 10.0
332.0 312.0 20.0 10.0
1137.0 837.0 20.0 10.0
530.0 479.0 20.0 10.0
303.0 241.0 20.0 10.0
784.0 714.0 20.0 10.0
417.0 551.0 20.0 10.0
1082.0 843.0 20.0 10.0
514.0 459.0 20.0 10.0
206.0 144.0 20.0 10.0
992.0 985.0 20.0 10.0
911.0 784.0 20.0 10.0
608.0 496.0 20.0 10.0
1049.0 1027.0 20.0 10.0
149.0 149.0 20.0 10.0
475.0 210.0 20.0 10.0
345.0 258.0 20.0 10.0
917.0 482.0 20.0 10.0
391.0 573.0 20.0 10.0
433.0 158.0 20.0 10.0
995.0 568.0 20.0 10.0
946.0 833.0 20.0 10.0
974.0 972.0 20.0 10.0
1084.0 799.0 20.0 10.0
501.0 271.0 20.0 10.0
880.0 785.0 20.0 10.0
817.0 603.0 20.0 10.0
1081.0 930.0 20.0 10.0
965.0 533.0 20.0 10.0
1089.0 934.0 20.0 10.0
635.0 389.0 20.0 10.0
403.0 394.0 20.0 10.0
387.0 323.0 20.0 10.0
618.0 506.0 20.0 10.0
991.0 528.0 20.0 10.0
474.0 231.0 20.0 10.0
506.0 359.0 20.0 10.0
372.0 233.0 20.0 10.0
1014.0 978.0 20.0 10.0
341.0 315.0 20.0 10.0
1002.0 1012.0 20.0 10.0
1170.0 848.0 20.0 10.0
504.0 471.0 20.0 10.0
1064.0 437.0 20.0 10.0
953.0 537.0 20.0 10.0
1067.0 842.0 20.0 10.0
351.0 266.0 20.0 10.0
838.0 481.0 20.0 10.0
932.0 905.0 20.0 10.0
916.0 492.0 20.0 10.0
551.0 514.0 20.0 10.0
907.0 573.0 20.0 10.0
877.0 577.0 20.0 10.0
373.0 244.0 20.0 10.0
506.0 487.0 20.0 10.0
372.0 597.0 20.0 10.0
484.0 464.0 20.0 10.0
418.0 393.0 20.0 10.0
139.0 162.0 20.0 10.0
982.0 439.0 20.0 10.0
104.0 82.0 20.0 10.0
364.0 367.0 20.0 10.0
979.0 935.0 20.0 10.0
999.0 447.0 20.0 10.0
886.0 820.0 20.0 10.0
450.0 224.0 20.0 10.0
404.0 373.0 20.0 10.0
354.0 206.0 20.0 10.0
1096.0 429.0 20.0 10.0
1126.0 421.0 20.0 10.0
406.0 307.0 20.0 10.0
240.0 177.0 20.0 10.0
853.0 523.0 20.0 10.0
1119.0 953.0 20.0 10.0
1154.0 414.0 20.0 10.0
388.0 536.0 20.0 10.0
164.0 128.0 20.0 10.0
362.0 536.0 20.0 10.0
927.0 465.0 20.0 10.0
421.0 122.0 20.0 10.0
729.0 486.0 20.0 10.0
455.0 352.0 20.0 10.0
231.0 192.0 20.0 10.0
404.0 573.0 20.0 10.0
79.0 54.0 20.0 10.0
869.0 447.0 20.0 10.0
934.0 826.0 20.0 10.0
888.0 844.0 20.0 10.0
1073.0 1053.0 20.0 10.0
785.0 736.0 20.0 10.0
871.0 523.0 20.0 10.0
1073.0 1047.0 20.0 10.0
476.0 443.0 20.0 10.0
1023.0 576.0 20.0 10.0
1080.0 423.0 20.0 10.0
301.0 310.0 20.0 10.0
631.0 417.0 20.0 10.0
540.0 451.0 20.0 10.0
383.0 599.0 20.0 10.0
191.0 94.0 20.0 10.0
919.0 864.0 20.0 10.0
183.0 126.0 20.0 10.0
421.0 258.0 20.0 10.0
1038.0 1096.0 20.0 10.0
635.0 360.0 20.0 10.0
1011.0 972.0 20.0 10.0
948.0 565.0 20.0 10.0
493.0 449.0 20.0 10.0
404.0 229.0 20.0 10.0
377.0 561.0 20.0 10.0
585.0 501.0 20.0 10.0
384.0 227.0 20.0 10.0
999.0 533.0 20.0 10.0
302.0 263.0 20.0 10.0
471.0 171.0 20.0 10.0
1171.0 407.0 20.0 10.0
1040.0 1055.0 20.0 10.0
1068.0 1104.0 20.0 10.0
390.0 288.0 20.0 10.0
930.0 455.0 20.0 10.0
1022.0 441.0 20.0 10.0
340.0 568.0 20.0 10.0
1065.0 890.0 20.0 10.0
407.0 267.0 20.0 10.0
495.0 490.0 20.0 10.0
1084.0 416.0 20.0 10.0
1084.0 1068.0 20.0 10.0
1114.0 854.0 20.0 10.0
1148.0 963.0 20.0 10.0
1017.0 525.0 20.0 10.0
378.0 259.0 20.0 10.0
901.0 590.0 20.0 10.0
995.0 782.0 20.0 10.0
144.0 99.0 20.0 10.0
360.0 567.0 20.0 10.0
187.0 130.0 20.0 10.0
348.0 612.0 20.0 10.0
1081.0 1054.0 20.0 10.0
1107.0 852.0 20.0 10.0
737.0 481.0 20.0 10.0
465.0 143.0 20.0 10.0
592.0 509.0 20.0 10.0
1054.0 840.0 20.0 10.0
808.0 636.0 20.0 10.0
335.0 184.0 20.0 10.0
324.0 624.0 20.0 10.0
939.0 935.0 20.0 10.0
1075.0 837.0 20.0 10.0
312.0 570.0 20.0 10.0
557.0 431.0 20.0 10.0
938.0 430.0 20.0 10.0
1101.0 913.0 20.0 10.0
182.0 109.0 20.0 10.0
362.0 622.0 20.0 10.0
1062.0 1113.0 20.0 10.0
1092.0 905.0 20.0 10.0
349.0 569.0 20.0 10.0
970.0 580.0 20.0 10.0
964.0 841.0 20.0 10.0
560.0 409.0 20.0 10.0
1109.0 1103.0 20.0 10.0
933.0 487.0 20.0 10.0
124.0 131.0 20.0 10.0
183.0 93.0 20.0 10.0
497.0 243.0 20.0 10.0
1043.0 788.0 20.0 10.0
521.0 516.0 20.0 10.0
415.0 142.0 20.0 10.0
778.0 680.0 20.0 10.0
69.0 62.0 20.0 10.0
915.0 580.0 20.0 10.0
925.0 863.0 20.0 10.0
422.0 293.0 20.0 10.0
882.0 423.0 20.0 10.0
499.0 219.0 20.0 10.0
379.0 375.0 20.0 10.0
1076.0 1139.0 20.0 10.0
1104.0 1099.0 20.0 10.0
942.0 963.0 20.0 10.0
863.0 837.0 20.0 10.0
856.0 671.0 20.0 10.0
925.0 756.0 20.0 10.0
986.0 431.0 20.0 10.0
335.0 299.0 20.0 10.0
425.0 181.0 20.0 10.0
514.0 316.0 20.0 10.0
948.0 434.0 20.0 10.0
1124.0 1136.0 20.0 10.0
165.0 121.0 20.0 10.0
390.0 230.0 20.0 10.0
997.0 771.0 20.0 10.0
309.0 575.0 20.0 10.0
642.0 374.0 20.0 10.0
316.0 248.0 20.0 10.0
450.0 169.0 20.0 10.0
474.0 306.0 20.0 10.0
757.0 491.0 20.0 10.0
630.0 355.0 20.0 10.0
948.0 531.0 20.0 10.0
1114.0 1127.0 20.0 10.0
789.0 700.0 20.0 10.0
874.0 422.0 20.0 10.0
965.0 470.0 20.0 10.0
830.0 518.0 20.0 10.0
1147.0 416.0 20.0 10.0
390.0 395.0 20.0 10.0
511.0 239.0 20.0 10.0
910.0 528.0 20.0 10.0
994.0 806.0 20.0 10.0
138.0 89.0 20.0 10.0
418.0 97.0 20.0 10.0
865.0 800.0 20.0 10.0
640.0 441.0 20.0 10.0
945.0 984.0 20.0 10.0
1073.0 1096.0 20.0 10.0
890.0 519.0 20.0 10.0
387.0 241.0 20.0 10.0
1140.0 972.0 20.0 10.0
755.0 568.0 20.0 10.0
1112.0 808.0 20.0 10.0
891.0 593.0 20.0 10.0
75.0 56.0 20.0 10.0
1195.0 862.0 20.0 10.0
1109.0 403.0 20.0 10.0
471.0 142.0 20.0 10.0
110.0 161.0 20.0 10.0
757.0 468.0 20.0 10.0
485.0 474.0 20.0 10.0
707.0 565.0 20.0 10.0
885.0 529.0 20.0 10.0
970.0 856.0 20.0 10.0
552.0 484.0 20.0 10.0
1099.0 1075.0 20.0 10.0
368.0 201.0 20.0 10.0
857.0 454.0 20.0 10.0
1039.0 997.0 20.0 10.0
890.0 856.0 20.0 10.0
875.0 831.0 20.0 10.0
474.0 180.0 20.0 10.0
990.0 549.0 20.0 10.0
1140.0 861.0 20.0 10.0
1032.0 804.0 20.0 10.0
1019.0 1060.0 20.0 10.0
1025.0 533.0 20.0 10.0
517.0 205.0 20.0 10.0
46.0 47.0 20.0 10.0
889.0 434.0 20.0 10.0
464.0 292.0 20.0 10.0
883.0 635.0 20.0 10.0
965.0 940.0 20.0 10.0
1211.0 866.0 20.0 10.0
494.0 220.0 20.0 10.0
779.0 707.0 20.0 10.0
1025.0 876.0 20.0 10.0
402.0 103.0 20.0 10.0
398.0 556.0 20.0 10.0
991.0 816.0 20.0 10.0
870.0 864.0 20.0 10.0
438.0 196.0 20.0 10.0
876.0 640.0 20.0 10.0
984.0 579.0 20.0 10.0
1050.0 1015.0 20.0 10.0
1185.0 402.0 20.0 10.0
307.0 256.0 20.0 10.0
429.0 201.0 20.0 10.0
1024.0 1101.0 20.0 10.0
1098.0 949.0 20.0 10.0
1084.0 1080.0 20.0 10.0
464.0 475.0 20.0 10.0
473.0 223.0 20.0 10.0
323.0 238.0 20.0 10.0
1134.0 393.0 20.0 10.0
1102.0 1091.0 20.0 10.0
305.0 288.0 20.0 10.0
576.0 528.0 20.0 10.0
365.0 356.0 20.0 10.0
386.0 561.0 20.0 10.0
358.0 372.0 20.0 10.0
535.0 424.0 20.0 10.0
379.0 306.0 20.0 10.0
324.0 578.0 20.0 10.0
442.0 362.0 20.0 10.0
305.0 642.0 20.0 10.0
503.0 240.0 20.0 10.0
1126.0 923.0 20.0 10.0
427.0 347.0 20.0 10.0
987.0 880.0 20.0 10.0
443.0 551.0 20.0 10.0
632.0 436.0 20.0 10.0
1135.0 1163.0 20.0 10.0
171.0 144.0 20.0 10.0
112.0 146.0 20.0 10.0
284.0 582.0 20.0 10.0
354.0 320.0 20.0 10.0
806.0 625.0 20.0 10.0
389.0 202.0 20.0 10.0
1049.0 884.0 20.0 10.0
344.0 636.0 20.0 10.0
548.0 465.0 20.0 10.0
511.0 176.0 20.0 10.0
839.0 512.0 20.0 10.0
1123.0 1126.0 20.0 10.0
1107.0 1065.0 20.0 10.0
511.0 333.0 20.0 10.0
865.0 505.0 20.0 10.0
607.0 449.0 20.0 10.0
363.0 397.0 20.0 10.0
892.0 808.0 20.0 10.0
170.0 105.0 20.0 10.0
851.0 621.0 20.0 10.0
511.0 433.0 20.0 10.0
952.0 857.0 20.0 10.0
536.0 514.0 20.0 10.0
1134.0 926.0 20.0 10.0
270.0 598.0 20.0 10.0
1051.0 1113.0 20.0 10.0
783.0 487.0 20.0 10.0
997.0 406.0 20.0 10.0
503.0 208.0 20.0 10.0
1116.0 381.0 20.0 10.0
48.0 40.0 20.0 10.0
66.0 29.0 20.0 10.0
349.0 291.0 20.0 10.0
386.0 255.0 20.0 10.0
435.0 576.0 20.0 10.0
1017.0 429.0 20.0 10.0
1163.0 936.0 20.0 10.0
922.0 527.0 20.0 10.0
601.0 401.0 20.0 10.0
429.0 388.0 20.0 10.0
1015.0 393.0 20.0 10.0
351.0 560.0 20.0 10.0
504.0 180.0 20.0 10.0
1148.0 374.0 20.0 10.0
441.0 537.0 20.0 10.0
417.0 131.0 20.0 10.0
1113.0 799.0 20.0 10.0
469.0 195.0 20.0 10.0
1044.0 588.0 20.0 10.0
894.0 837.0 20.0 10.0
1163.0 852.0 20.0 10.0
305.0 594.0 20.0 10.0
1045.0 564.0 20.0 10.0
464.0 461.0 20.0 10.0
119.0 91.0 20.0 10.0
639.0 406.0 20.0 10.0
888.0 885.0 20.0 10.0
150.0 174.0 20.0 10.0
1070.0 792.0 20.0 10.0
121.0 93.0 20.0 10.0
775.0 480.0 20.0 10.0
858.0 645.0 20.0 10.0
59.0 42.0 20.0 10.0
893.0 885.0 20.0 10.0
140.0 106.0 20.0 10.0
39.0 51.0 20.0 10.0
118.0 67.0 20.0 10.0
104.0 45.0 20.0 10.0
1027.0 1023.0 20.0 10.0
406.0 97.0 20.0 10.0
1036.0 411.0 20.0 10.0
173.0 64.0 20.0 10.0
1015.0 775.0 20.0 10.0
498.0 504.0 20.0 10.0
850.0 815.0 20.0 10.0
430.0 337.0 20.0 10.0
1030.0 532.0 20.0 10.0
521.0 357.0 20.0 10.0
512.0 156.0 20.0 10.0
775.0 450.0 20.0 10.0
186.0 104.0 20.0 10.0
1039.0 1113.0 20.0 10.0
518.0 219.0 20.0 10.0
24.0 25.0 20.0 10.0
1074.0 788.0 20.0 10.0
1077.0 925.0 20.0 10.0
801.0 645.0 20.0 10.0
268.0 585.0 20.0 10.0
403.0 283.0 20.0 10.0
795.0 471.0 20.0 10.0
331.0 366.0 20.0 10.0
200.0 92.0 20.0 10.0
1045.0 531.0 20.0 10.0
925.0 574.0 20.0 10.0
874.0 603.0 20.0 10.0
