500
608.0 743.0 20.0 10.0
524.0 777.0 20.0 10.0
698.0 668.0 20.0 10.0
787.0 592.0 20.0 10.0
446.0 815.0 20.0 10.0
538.0 711.0 20.0 10.0
847.0 537.0 20.0 10.0
599.0 839.0 20.0 10.0
864.0 530.0 20.0 10.0
472.0 682.0 20.0 10.0
579.0 898.0 20.0 10.0
894.0 444.0 20.0 10.0
375.0 852.0 20.0 10.0
616.0 876.0 20.0 10.0
412.0 655.0 20.0 10.0
926.0 516.0 20.0 10.0
609.0 767.0 20.0 10.0
310.0 886.0 20.0 10.0
627.0 870.0 20.0 10.0
916.0 560.0 20.0 10.0
642.0 898.0 20.0 10.0
596.0 712.0 20.0 10.0
966.0 494.0 20.0 10.0
924.0 367.0 20.0 10.0
991.0 490.0 20.0 10.0
908.0 494.0 20.0 10.0
509.0 695.0 20.0 10.0
982.0 513.0 20.0 10.0
966.0 583.0 20.0 10.0
1033.0 504.0 20.0 10.0
584.0 902.0 20.0 10.0
495.0 779.0 20.0 10.0
551.0 940.0 20.0 10.0
610.0 897.0 20.0 10.0
884.0 567.0 20.0 10.0
818.0 496.0 20.0 10.0
808.0 469.0 20.0 10.0
648.0 894.0 20.0 10.0
251.0 905.0 20.0 10.0
1019.0 514.0 20.0 10.0
879.0 515.0 20.0 10.0
278.0 920.0 20.0 10.0
356.0 633.0 20.0 10.0
637.0 899.0 20.0 10.0
1005.0 590.0 20.0 10.0
1067.0 490.0 20.0 10.0
622.0 953.0 20.0 10.0
911.0 598.0 20.0 10.0
579.0 687.0 20.0 10.0
936.0 321.0 20.0 10.0
576.0 946.0 20.0 10.0
803.0 442.0 20.0 10.0
631.0 912.0 20.0 10.0
899.0 401.0 20.0 10.0
728.0 678.0 20.0 10.0
618.0 922.0 20.0 10.0
893.0 369.0 20.0 10.0
336.0 851.0 20.0 10.0
1042.0 599.0 20.0 10.0
940.0 626.0 20.0 10.0
970.0 648.0 20.0 10.0
332.0 615.0 20.0 10.0
639.0 770.0 20.0 10.0
843.0 496.0 20.0 10.0
968.0 457.0 20.0 10.0
895.0 548.0 20.0 10.0
664.0 798.0 20.0 10.0
567.0 962.0 20.0 10.0
633.0 1006.0 20.0 10.0
1011.0 515.0 20.0 10.0
738.0 704.0 20.0 10.0
703.0 643.0 20.0 10.0
549.0 967.0 20.0 10.0
407.0 813.0 20.0 10.0
797.0 464.0 20.0 10.0
995.0 604.0 20.0 10.0
1070.0 503.0 20.0 10.0
993.0 438.0 20.0 10.0
636.0 1047.0 20.0 10.0
381.0 822.0 20.0 10.0
911.0 525.0 20.0 10.0
558.0 996.0 20.0 10.0
906.0 416.0 20.0 10.0
436.0 672.0 20.0 10.0
779.0 432.0 20.0 10.0
210.0 909.0 20.0 10.0
953.0 302.0 20.0 10.0
840.0 458.0 20.0 10.0
840.0 420.0 20.0 10.0
314.0 612.0 20.0 10.0
976.0 279.0 20.0 10.0
206.0 931.0 20.0 10.0
589.0 727.0 20.0 10.0
888.0 493.0 20.0 10.0
574.0 863.0 20.0 10.0
974.0 243.0 20.0 10.0
679.0 651.0 20.0 10.0
162.0 956.0 20.0 10.0
630.0 735.0 20.0 10.0
280.0 595.0 20.0 10.0
1023.0 427.0 20.0 10.0
799.0 613.0 20.0 10.0
957.0 648.0 20.0 10.0
255.0 945.0 20.0 10.0
907.0 584.0 20.0 10.0
126.0 980.0 20.0 10.0
929.0 334.0 20.0 10.0
854.0 468.0 20.0 10.0
488.0 766.0 20.0 10.0
246.0 942.0 20.0 10.0
455.0 757.0 20.0 10.0
590.0 867.0 20.0 10.0
91.0 996.0 20.0 10.0
447.0 664.0 20.0 10.0
130.0 965.0 20.0 10.0
572.0 987.0 20.0 10.0
591.0 787.0 20.0 10.0
863.0 444.0 20.0 10.0
992.0 191.0 20.0 10.0
896.0 481.0 20.0 10.0
418.0 806.0 20.0 10.0
217.0 953.0 20.0 10.0
1071.0 607.0 20.0 10.0
638.0 1081.0 20.0 10.0
323.0 626.0 20.0 10.0
638.0 1036.0 20.0 10.0
570.0 972.0 20.0 10.0
804.0 460.0 20.0 10.0
525.0 957.0 20.0 10.0
937.0 290.0 20.0 10.0
645.0 945.0 20.0 10.0
947.0 501.0 20.0 10.0
373.0 807.0 20.0 10.0
1006.0 146.0 20.0 10.0
969.0 269.0 20.0 10.0
420.0 842.0 20.0 10.0
193.0 964.0 20.0 10.0
936.0 283.0 20.0 10.0
987.0 599.0 20.0 10.0
349.0 880.0 20.0 10.0
278.0 885.0 20.0 10.0
301.0 849.0 20.0 10.0
633.0 982.0 20.0 10.0
1051.0 512.0 20.0 10.0
552.0 1017.0 20.0 10.0
920.0 457.0 20.0 10.0
657.0 975.0 20.0 10.0
546.0 1060.0 20.0 10.0
637.0 941.0 20.0 10.0
907.0 363.0 20.0 10.0
550.0 1057.0 20.0 10.0
943.0 532.0 20.0 10.0
441.0 757.0 20.0 10.0
607.0 695.0 20.0 10.0
987.0 667.0 20.0 10.0
915.0 409.0 20.0 10.0
943.0 555.0 20.0 10.0
555.0 671.0 20.0 10.0
63.0 1010.0 20.0 10.0
656.0 926.0 20.0 10.0
580.0 759.0 20.0 10.0
539.0 649.0 20.0 10.0
507.0 706.0 20.0 10.0
942.0 565.0 20.0 10.0
346.0 805.0 20.0 10.0
555.0 774.0 20.0 10.0
577.0 660.0 20.0 10.0
792.0 426.0 20.0 10.0
755.0 691.0 20.0 10.0
532.0 974.0 20.0 10.0
981.0 208.0 20.0 10.0
990.0 560.0 20.0 10.0
248.0 883.0 20.0 10.0
909.0 376.0 20.0 10.0
962.0 632.0 20.0 10.0
410.0 665.0 20.0 10.0
681.0 817.0 20.0 10.0
683.0 826.0 20.0 10.0
760.0 708.0 20.0 10.0
941.0 491.0 20.0 10.0
566.0 881.0 20.0 10.0
262.0 937.0 20.0 10.0
1095.0 495.0 20.0 10.0
1020.0 108.0 20.0 10.0
826.0 395.0 20.0 10.0
555.0 685.0 20.0 10.0
700.0 849.0 20.0 10.0
760.0 714.0 20.0 10.0
1056.0 407.0 20.0 10.0
981.0 175.0 20.0 10.0
1024.0 75.0 20.0 10.0
840.0 524.0 20.0 10.0
975.0 469.0 20.0 10.0
955.0 269.0 20.0 10.0
527.0 966.0 20.0 10.0
334.0 901.0 20.0 10.0
574.0 1023.0 20.0 10.0
221.0 957.0 20.0 10.0
552.0 888.0 20.0 10.0
629.0 782.0 20.0 10.0
539.0 799.0 20.0 10.0
841.0 479.0 20.0 10.0
930.0 381.0 20.0 10.0
511.0 1001.0 20.0 10.0
731.0 652.0 20.0 10.0
432.0 844.0 20.0 10.0
777.0 707.0 20.0 10.0
100.0 960.0 20.0 10.0
945.0 571.0 20.0 10.0
567.0 927.0 20.0 10.0
1073.0 402.0 20.0 10.0
542.0 1097.0 20.0 10.0
385.0 807.0 20.0 10.0
973.0 532.0 20.0 10.0
531.0 826.0 20.0 10.0
534.0 822.0 20.0 10.0
40.0 1020.0 20.0 10.0
947.0 359.0 20.0 10.0
669.0 917.0 20.0 10.0
355.0 820.0 20.0 10.0
1004.0 601.0 20.0 10.0
781.0 393.0 20.0 10.0
834.0 387.0 20.0 10.0
988.0 675.0 20.0 10.0
386.0 641.0 20.0 10.0
1118.0 381.0 20.0 10.0
931.0 469.0 20.0 10.0
537.0 1048.0 20.0 10.0
1151.0 374.0 20.0 10.0
1027.0 48.0 20.0 10.0
1102.0 498.0 20.0 10.0
317.0 622.0 20.0 10.0
489.0 678.0 20.0 10.0
771.0 730.0 20.0 10.0
793.0 717.0 20.0 10.0
1001.0 431.0 20.0 10.0
534.0 910.0 20.0 10.0
1034.0 563.0 20.0 10.0
1071.0 565.0 20.0 10.0
288.0 909.0 20.0 10.0
1029.0 77.0 20.0 10.0
1136.0 363.0 20.0 10.0
942.0 436.0 20.0 10.0
638.0 888.0 20.0 10.0
292.0 623.0 20.0 10.0
992.0 505.0 20.0 10.0
108.0 982.0 20.0 10.0
1035.0 49.0 20.0 10.0
651.0 748.0 20.0 10.0
759.0 418.0 20.0 10.0
762.0 405.0 20.0 10.0
1044.0 25.0 20.0 10.0
695.0 826.0 20.0 10.0
991.0 585.0 20.0 10.0
1035.0 622.0 20.0 10.0
264.0 624.0 20.0 10.0
769.0 406.0 20.0 10.0
1076.0 511.0 20.0 10.0
377.0 641.0 20.0 10.0
746.0 658.0 20.0 10.0
542.0 964.0 20.0 10.0
1050.0 412.0 20.0 10.0
826.0 512.0 20.0 10.0
895.0 341.0 20.0 10.0
590.0 666.0 20.0 10.0
625.0 1038.0 20.0 10.0
648.0 928.0 20.0 10.0
807.0 511.0 20.0 10.0
631.0 1108.0 20.0 10.0
430.0 751.0 20.0 10.0
514.0 702.0 20.0 10.0
955.0 455.0 20.0 10.0
332.0 628.0 20.0 10.0
578.0 930.0 20.0 10.0
650.0 721.0 20.0 10.0
406.0 745.0 20.0 10.0
272.0 852.0 20.0 10.0
526.0 1001.0 20.0 10.0
465.0 767.0 20.0 10.0
1102.0 568.0 20.0 10.0
751.0 382.0 20.0 10.0
1064.0 640.0 20.0 10.0
230.0 967.0 20.0 10.0
570.0 722.0 20.0 10.0
717.0 874.0 20.0 10.0
1062.0 568.0 20.0 10.0
569.0 784.0 20.0 10.0
901.0 504.0 20.0 10.0
971.0 670.0 20.0 10.0
68.0 1006.0 20.0 10.0
250.0 578.0 20.0 10.0
218.0 898.0 20.0 10.0
541.0 1087.0 20.0 10.0
945.0 341.0 20.0 10.0
174.0 914.0 20.0 10.0
1147.0 361.0 20.0 10.0
952.0 521.0 20.0 10.0
1066.0 559.0 20.0 10.0
913.0 391.0 20.0 10.0
248.0 852.0 20.0 10.0
721.0 852.0 20.0 10.0
148.0 921.0 20.0 10.0
360.0 616.0 20.0 10.0
934.0 580.0 20.0 10.0
1000.0 484.0 20.0 10.0
800.0 414.0 20.0 10.0
525.0 1076.0 20.0 10.0
771.0 365.0 20.0 10.0
831.0 360.0 20.0 10.0
229.0 924.0 20.0 10.0
419.0 743.0 20.0 10.0
865.0 496.0 20.0 10.0
672.0 951.0 20.0 10.0
781.0 454.0 20.0 10.0
739.0 390.0 20.0 10.0
571.0 635.0 20.0 10.0
505.0 987.0 20.0 10.0
1017.0 629.0 20.0 10.0
282.0 613.0 20.0 10.0
492.0 672.0 20.0 10.0
1002.0 162.0 20.0 10.0
760.0 383.0 20.0 10.0
222.0 572.0 20.0 10.0
446.0 677.0 20.0 10.0
572.0 980.0 20.0 10.0
664.0 723.0 20.0 10.0
761.0 440.0 20.0 10.0
967.0 416.0 20.0 10.0
657.0 956.0 20.0 10.0
943.0 293.0 20.0 10.0
248.0 857.0 20.0 10.0
683.0 743.0 20.0 10.0
1029.0 473.0 20.0 10.0
842.0 337.0 20.0 10.0
644.0 724.0 20.0 10.0
215.0 990.0 20.0 10.0
851.0 391.0 20.0 10.0
922.0 553.0 20.0 10.0
983.0 183.0 20.0 10.0
767.0 667.0 20.0 10.0
133.0 926.0 20.0 10.0
1141.0 359.0 20.0 10.0
1030.0 413.0 20.0 10.0
795.0 446.0 20.0 10.0
1054.0 399.0 20.0 10.0
853.0 555.0 20.0 10.0
586.0 974.0 20.0 10.0
402.0 866.0 20.0 10.0
667.0 998.0 20.0 10.0
985.0 244.0 20.0 10.0
493.0 702.0 20.0 10.0
944.0 452.0 20.0 10.0
805.0 737.0 20.0 10.0
925.0 472.0 20.0 10.0
481.0 801.0 20.0 10.0
543.0 1123.0 20.0 10.0
576.0 1051.0 20.0 10.0
1174.0 363.0 20.0 10.0
550.0 718.0 20.0 10.0
999.0 687.0 20.0 10.0
716.0 831.0 20.0 10.0
405.0 754.0 20.0 10.0
906.0 331.0 20.0 10.0
647.0 1039.0 20.0 10.0
1043.0 642.0 20.0 10.0
629.0 1129.0 20.0 10.0
530.0 1122.0 20.0 10.0
952.0 599.0 20.0 10.0
310.0 850.0 20.0 10.0
1029.0 650.0 20.0 10.0
253.0 610.0 20.0 10.0
806.0 721.0 20.0 10.0
548.0 724.0 20.0 10.0
386.0 662.0 20.0 10.0
577.0 1073.0 20.0 10.0
775.0 572.0 20.0 10.0
764.0 347.0 20.0 10.0
474.0 655.0 20.0 10.0
502.0 792.0 20.0 10.0
529.0 626.0 20.0 10.0
981.0 219.0 20.0 10.0
254.0 600.0 20.0 10.0
508.0 923.0 20.0 10.0
343.0 812.0 20.0 10.0
650.0 1032.0 20.0 10.0
102.0 994.0 20.0 10.0
563.0 947.0 20.0 10.0
995.0 162.0 20.0 10.0
936.0 252.0 20.0 10.0
1092.0 651.0 20.0 10.0
766.0 578.0 20.0 10.0
1161.0 347.0 20.0 10.0
998.0 536.0 20.0 10.0
962.0 531.0 20.0 10.0
1067.0 617.0 20.0 10.0
935.0 262.0 20.0 10.0
1084.0 394.0 20.0 10.0
1123.0 574.0 20.0 10.0
226.0 598.0 20.0 10.0
206.0 980.0 20.0 10.0
798.0 485.0 20.0 10.0
381.0 741.0 20.0 10.0
353.0 642.0 20.0 10.0
1171.0 351.0 20.0 10.0
399.0 858.0 20.0 10.0
318.0 806.0 20.0 10.0
636.0 716.0 20.0 10.0
992.0 403.0 20.0 10.0
1101.0 386.0 20.0 10.0
536.0 958.0 20.0 10.0
1063.0 499.0 20.0 10.0
264.0 919.0 20.0 10.0
573.0 704.0 20.0 10.0
1093.0 476.0 20.0 10.0
317.0 816.0 20.0 10.0
1096.0 566.0 20.0 10.0
513.0 837.0 20.0 10.0
615.0 789.0 20.0 10.0
654.0 791.0 20.0 10.0
597.0 806.0 20.0 10.0
575.0 1010.0 20.0 10.0
654.0 1063.0 20.0 10.0
673.0 815.0 20.0 10.0
1013.0 136.0 20.0 10.0
601.0 922.0 20.0 10.0
410.0 862.0 20.0 10.0
960.0 588.0 20.0 10.0
1115.0 659.0 20.0 10.0
1023.0 87.0 20.0 10.0
985.0 394.0 20.0 10.0
499.0 1029.0 20.0 10.0
254.0 933.0 20.0 10.0
359.0 623.0 20.0 10.0
643.0 968.0 20.0 10.0
979.0 148.0 20.0 10.0
558.0 1027.0 20.0 10.0
993.0 471.0 20.0 10.0
362.0 661.0 20.0 10.0
200.0 559.0 20.0 10.0
912.0 335.0 20.0 10.0
353.0 874.0 20.0 10.0
230.0 558.0 20.0 10.0
882.0 591.0 20.0 10.0
930.0 392.0 20.0 10.0
874.0 453.0 20.0 10.0
378.0 876.0 20.0 10.0
675.0 1013.0 20.0 10.0
546.0 775.0 20.0 10.0
1001.0 527.0 20.0 10.0
665.0 766.0 20.0 10.0
180.0 911.0 20.0 10.0
96.0 987.0 20.0 10.0
686.0 941.0 20.0 10.0
778.0 663.0 20.0 10.0
557.0 807.0 20.0 10.0
1038.0 89.0 20.0 10.0
190.0 902.0 20.0 10.0
757.0 331.0 20.0 10.0
25.0 1027.0 20.0 10.0
1125.0 495.0 20.0 10.0
855.0 363.0 20.0 10.0
1149.0 384.0 20.0 10.0
1027.0 611.0 20.0 10.0
560.0 899.0 20.0 10.0
325.0 890.0 20.0 10.0
831.0 481.0 20.0 10.0
564.0 733.0 20.0 10.0
357.0 739.0 20.0 10.0
552.0 821.0 20.0 10.0
783.0 684.0 20.0 10.0
1070.0 594.0 20.0 10.0
850.0 569.0 20.0 10.0
552.0 1089.0 20.0 10.0
783.0 421.0 20.0 10.0
940.0 387.0 20.0 10.0
1027.0 417.0 20.0 10.0
1010.0 170.0 20.0 10.0
965.0 275.0 20.0 10.0
945.0 264.0 20.0 10.0
962.0 367.0 20.0 10.0
982.0 674.0 20.0 10.0
1021.0 457.0 20.0 10.0
738.0 892.0 20.0 10.0
294.0 589.0 20.0 10.0
327.0 895.0 20.0 10.0
549.0 1046.0 20.0 10.0
385.0 883.0 20.0 10.0
397.0 661.0 20.0 10.0
295.0 909.0 20.0 10.0
942.0 652.0 20.0 10.0
197.0 970.0 20.0 10.0
967.0 559.0 20.0 10.0
576.0 887.0 20.0 10.0
292.0 598.0 20.0 10.0
936.0 337.0 20.0 10.0
936.0 235.0 20.0 10.0
982.0 473.0 20.0 10.0
426.0 832.0 20.0 10.0
709.0 869.0 20.0 10.0
516.0 925.0 20.0 10.0
