500
567.0 628.0 20.0 10.0
640.0 564.0 20.0 10.0
478.0 679.0 20.0 10.0
387.0 710.0 20.0 10.0
462.0 735.0 20.0 10.0
484.0 716.0 20.0 10.0
600.0 475.0 20.0 10.0
706.0 512.0 20.0 10.0
299.0 722.0 20.0 10.0
273.0 704.0 20.0 10.0
614.0 423.0 20.0 10.0
556.0 444.0 20.0 10.0
572.0 469.0 20.0 10.0
619.0 629.0 20.0 10.0
583.0 445.0 20.0 10.0
626.0 373.0 20.0 10.0
560.0 399.0 20.0 10.0
649.0 351.0 20.0 10.0
600.0 660.0 20.0 10.0
708.0 630.0 20.0 10.0
774.0 697.0 20.0 10.0
838.0 760.0 20.0 10.0
898.0 814.0 20.0 10.0
489.0 750.0 20.0 10.0
607.0 395.0 20.0 10.0
447.0 789.0 20.0 10.0
530.0 320.0 20.0 10.0
722.0 486.0 20.0 10.0
768.0 461.0 20.0 10.0
736.0 499.0 20.0 10.0
816.0 415.0 20.0 10.0
790.0 424.0 20.0 10.0
726.0 658.0 20.0 10.0
740.0 512.0 20.0 10.0
945.0 831.0 20.0 10.0
671.0 627.0 20.0 10.0
937.0 835.0 20.0 10.0
361.0 760.0 20.0 10.0
240.0 703.0 20.0 10.0
360.0 723.0 20.0 10.0
238.0 736.0 20.0 10.0
184.0 746.0 20.0 10.0
620.0 571.0 20.0 10.0
253.0 754.0 20.0 10.0
546.0 477.0 20.0 10.0
196.0 681.0 20.0 10.0
844.0 379.0 20.0 10.0
513.0 403.0 20.0 10.0
790.0 395.0 20.0 10.0
928.0 846.0 20.0 10.0
641.0 679.0 20.0 10.0
334.0 808.0 20.0 10.0
513.0 253.0 20.0 10.0
501.0 199.0 20.0 10.0
207.0 776.0 20.0 10.0
486.0 779.0 20.0 10.0
667.0 552.0 20.0 10.0
681.0 694.0 20.0 10.0
712.0 710.0 20.0 10.0
768.0 504.0 20.0 10.0
506.0 221.0 20.0 10.0
869.0 766.0 20.0 10.0
715.0 626.0 20.0 10.0
505.0 289.0 20.0 10.0
491.0 775.0 20.0 10.0
496.0 382.0 20.0 10.0
373.0 734.0 20.0 10.0
514.0 418.0 20.0 10.0
930.0 866.0 20.0 10.0
669.0 329.0 20.0 10.0
537.0 417.0 20.0 10.0
455.0 674.0 20.0 10.0
629.0 406.0 20.0 10.0
856.0 373.0 20.0 10.0
734.0 646.0 20.0 10.0
965.0 912.0 20.0 10.0
752.0 618.0 20.0 10.0
609.0 687.0 20.0 10.0
712.0 701.0 20.0 10.0
168.0 675.0 20.0 10.0
474.0 367.0 20.0 10.0
580.0 481.0 20.0 10.0
233.0 784.0 20.0 10.0
981.0 939.0 20.0 10.0
863.0 347.0 20.0 10.0
502.0 271.0 20.0 10.0
473.0 389.0 20.0 10.0
201.0 707.0 20.0 10.0
333.0 831.0 20.0 10.0
887.0 336.0 20.0 10.0
485.0 420.0 20.0 10.0
329.0 836.0 20.0 10.0
224.0 767.0 20.0 10.0
806.0 390.0 20.0 10.0
484.0 223.0 20.0 10.0
641.0 411.0 20.0 10.0
989.0 934.0 20.0 10.0
844.0 803.0 20.0 10.0
455.0 435.0 20.0 10.0
434.0 838.0 20.0 10.0
618.0 335.0 20.0 10.0
521.0 468.0 20.0 10.0
306.0 853.0 20.0 10.0
614.0 304.0 20.0 10.0
495.0 154.0 20.0 10.0
794.0 728.0 20.0 10.0
459.0 362.0 20.0 10.0
736.0 695.0 20.0 10.0
619.0 382.0 20.0 10.0
266.0 730.0 20.0 10.0
720.0 732.0 20.0 10.0
291.0 893.0 20.0 10.0
424.0 882.0 20.0 10.0
526.0 477.0 20.0 10.0
810.0 357.0 20.0 10.0
133.0 754.0 20.0 10.0
721.0 462.0 20.0 10.0
454.0 196.0 20.0 10.0
510.0 478.0 20.0 10.0
477.0 405.0 20.0 10.0
295.0 748.0 20.0 10.0
703.0 637.0 20.0 10.0
999.0 949.0 20.0 10.0
1031.0 978.0 20.0 10.0
960.0 853.0 20.0 10.0
528.0 387.0 20.0 10.0
478.0 238.0 20.0 10.0
802.0 449.0 20.0 10.0
954.0 868.0 20.0 10.0
103.0 771.0 20.0 10.0
164.0 708.0 20.0 10.0
410.0 921.0 20.0 10.0
196.0 699.0 20.0 10.0
989.0 853.0 20.0 10.0
241.0 726.0 20.0 10.0
858.0 803.0 20.0 10.0
498.0 376.0 20.0 10.0
691.0 635.0 20.0 10.0
135.0 711.0 20.0 10.0
273.0 879.0 20.0 10.0
954.0 843.0 20.0 10.0
816.0 409.0 20.0 10.0
916.0 302.0 20.0 10.0
453.0 212.0 20.0 10.0
212.0 707.0 20.0 10.0
941.0 897.0 20.0 10.0
795.0 367.0 20.0 10.0
453.0 691.0 20.0 10.0
1013.0 866.0 20.0 10.0
154.0 670.0 20.0 10.0
164.0 801.0 20.0 10.0
396.0 957.0 20.0 10.0
492.0 427.0 20.0 10.0
811.0 442.0 20.0 10.0
444.0 409.0 20.0 10.0
257.0 902.0 20.0 10.0
551.0 366.0 20.0 10.0
887.0 776.0 20.0 10.0
510.0 227.0 20.0 10.0
445.0 819.0 20.0 10.0
128.0 815.0 20.0 10.0
784.0 615.0 20.0 10.0
505.0 464.0 20.0 10.0
446.0 813.0 20.0 10.0
433.0 369.0 20.0 10.0
106.0 749.0 20.0 10.0
279.0 929.0 20.0 10.0
869.0 843.0 20.0 10.0
875.0 865.0 20.0 10.0
244.0 902.0 20.0 10.0
403.0 347.0 20.0 10.0
886.0 803.0 20.0 10.0
1023.0 869.0 20.0 10.0
492.0 160.0 20.0 10.0
823.0 450.0 20.0 10.0
591.0 372.0 20.0 10.0
606.0 590.0 20.0 10.0
824.0 365.0 20.0 10.0
506.0 265.0 20.0 10.0
1062.0 991.0 20.0 10.0
471.0 443.0 20.0 10.0
595.0 377.0 20.0 10.0
287.0 696.0 20.0 10.0
88.0 755.0 20.0 10.0
614.0 314.0 20.0 10.0
252.0 714.0 20.0 10.0
708.0 611.0 20.0 10.0
337.0 715.0 20.0 10.0
971.0 890.0 20.0 10.0
743.0 452.0 20.0 10.0
284.0 919.0 20.0 10.0
950.0 880.0 20.0 10.0
154.0 749.0 20.0 10.0
210.0 804.0 20.0 10.0
307.0 883.0 20.0 10.0
299.0 911.0 20.0 10.0
102.0 833.0 20.0 10.0
847.0 841.0 20.0 10.0
442.0 750.0 20.0 10.0
178.0 709.0 20.0 10.0
734.0 604.0 20.0 10.0
53.0 760.0 20.0 10.0
1021.0 973.0 20.0 10.0
462.0 217.0 20.0 10.0
860.0 831.0 20.0 10.0
736.0 633.0 20.0 10.0
58.0 749.0 20.0 10.0
510.0 371.0 20.0 10.0
795.0 759.0 20.0 10.0
492.0 769.0 20.0 10.0
622.0 303.0 20.0 10.0
729.0 596.0 20.0 10.0
647.0 578.0 20.0 10.0
123.0 657.0 20.0 10.0
850.0 426.0 20.0 10.0
618.0 684.0 20.0 10.0
62.0 772.0 20.0 10.0
738.0 705.0 20.0 10.0
741.0 602.0 20.0 10.0
515.0 211.0 20.0 10.0
357.0 790.0 20.0 10.0
247.0 890.0 20.0 10.0
119.0 668.0 20.0 10.0
583.0 505.0 20.0 10.0
607.0 714.0 20.0 10.0
848.0 869.0 20.0 10.0
434.0 704.0 20.0 10.0
431.0 445.0 20.0 10.0
373.0 337.0 20.0 10.0
520.0 368.0 20.0 10.0
224.0 926.0 20.0 10.0
426.0 432.0 20.0 10.0
511.0 193.0 20.0 10.0
596.0 604.0 20.0 10.0
942.0 272.0 20.0 10.0
580.0 673.0 20.0 10.0
768.0 628.0 20.0 10.0
140.0 810.0 20.0 10.0
93.0 660.0 20.0 10.0
316.0 857.0 20.0 10.0
637.0 333.0 20.0 10.0
212.0 943.0 20.0 10.0
599.0 461.0 20.0 10.0
935.0 873.0 20.0 10.0
359.0 707.0 20.0 10.0
137.0 699.0 20.0 10.0
388.0 979.0 20.0 10.0
862.0 357.0 20.0 10.0
958.0 252.0 20.0 10.0
492.0 113.0 20.0 10.0
977.0 839.0 20.0 10.0
155.0 695.0 20.0 10.0
493.0 460.0 20.0 10.0
880.0 428.0 20.0 10.0
426.0 174.0 20.0 10.0
649.0 300.0 20.0 10.0
108.0 831.0 20.0 10.0
759.0 481.0 20.0 10.0
629.0 279.0 20.0 10.0
1021.0 878.0 20.0 10.0
590.0 616.0 20.0 10.0
849.0 826.0 20.0 10.0
458.0 765.0 20.0 10.0
1011.0 851.0 20.0 10.0
157.0 761.0 20.0 10.0
281.0 739.0 20.0 10.0
832.0 337.0 20.0 10.0
418.0 406.0 20.0 10.0
496.0 271.0 20.0 10.0
734.0 609.0 20.0 10.0
448.0 443.0 20.0 10.0
639.0 303.0 20.0 10.0
1056.0 1001.0 20.0 10.0
472.0 233.0 20.0 10.0
989.0 863.0 20.0 10.0
911.0 841.0 20.0 10.0
741.0 617.0 20.0 10.0
634.0 649.0 20.0 10.0
880.0 349.0 20.0 10.0
464.0 209.0 20.0 10.0
478.0 264.0 20.0 10.0
931.0 815.0 20.0 10.0
204.0 748.0 20.0 10.0
179.0 770.0 20.0 10.0
222.0 811.0 20.0 10.0
906.0 332.0 20.0 10.0
883.0 408.0 20.0 10.0
680.0 310.0 20.0 10.0
1078.0 1013.0 20.0 10.0
866.0 409.0 20.0 10.0
379.0 753.0 20.0 10.0
273.0 729.0 20.0 10.0
874.0 763.0 20.0 10.0
86.0 841.0 20.0 10.0
585.0 627.0 20.0 10.0
952.0 821.0 20.0 10.0
936.0 279.0 20.0 10.0
1079.0 1022.0 20.0 10.0
520.0 225.0 20.0 10.0
499.0 234.0 20.0 10.0
157.0 789.0 20.0 10.0
1040.0 852.0 20.0 10.0
333.0 722.0 20.0 10.0
205.0 737.0 20.0 10.0
447.0 196.0 20.0 10.0
884.0 344.0 20.0 10.0
814.0 731.0 20.0 10.0
773.0 473.0 20.0 10.0
381.0 987.0 20.0 10.0
740.0 718.0 20.0 10.0
652.0 271.0 20.0 10.0
731.0 505.0 20.0 10.0
896.0 769.0 20.0 10.0
402.0 361.0 20.0 10.0
842.0 828.0 20.0 10.0
477.0 454.0 20.0 10.0
124.0 690.0 20.0 10.0
812.0 622.0 20.0 10.0
490.0 86.0 20.0 10.0
430.0 177.0 20.0 10.0
912.0 410.0 20.0 10.0
179.0 735.0 20.0 10.0
422.0 713.0 20.0 10.0
501.0 794.0 20.0 10.0
729.0 716.0 20.0 10.0
874.0 878.0 20.0 10.0
521.0 177.0 20.0 10.0
623.0 653.0 20.0 10.0
951.0 924.0 20.0 10.0
451.0 398.0 20.0 10.0
857.0 774.0 20.0 10.0
136.0 818.0 20.0 10.0
759.0 595.0 20.0 10.0
437.0 844.0 20.0 10.0
918.0 777.0 20.0 10.0
791.0 446.0 20.0 10.0
655.0 601.0 20.0 10.0
407.0 158.0 20.0 10.0
320.0 722.0 20.0 10.0
765.0 700.0 20.0 10.0
620.0 707.0 20.0 10.0
430.0 165.0 20.0 10.0
979.0 904.0 20.0 10.0
832.0 453.0 20.0 10.0
657.0 657.0 20.0 10.0
798.0 782.0 20.0 10.0
465.0 477.0 20.0 10.0
657.0 392.0 20.0 10.0
489.0 131.0 20.0 10.0
475.0 470.0 20.0 10.0
616.0 347.0 20.0 10.0
200.0 787.0 20.0 10.0
963.0 900.0 20.0 10.0
184.0 763.0 20.0 10.0
836.0 394.0 20.0 10.0
456.0 244.0 20.0 10.0
649.0 363.0 20.0 10.0
577.0 422.0 20.0 10.0
270.0 917.0 20.0 10.0
387.0 988.0 20.0 10.0
25.0 766.0 20.0 10.0
790.0 784.0 20.0 10.0
250.0 934.0 20.0 10.0
962.0 248.0 20.0 10.0
490.0 79.0 20.0 10.0
852.0 350.0 20.0 10.0
982.0 923.0 20.0 10.0
591.0 352.0 20.0 10.0
645.0 625.0 20.0 10.0
897.0 383.0 20.0 10.0
1040.0 861.0 20.0 10.0
1094.0 1036.0 20.0 10.0
351.0 342.0 20.0 10.0
847.0 898.0 20.0 10.0
627.0 476.0 20.0 10.0
417.0 401.0 20.0 10.0
1048.0 879.0 20.0 10.0
669.0 661.0 20.0 10.0
970.0 834.0 20.0 10.0
674.0 371.0 20.0 10.0
785.0 782.0 20.0 10.0
533.0 397.0 20.0 10.0
838.0 924.0 20.0 10.0
687.0 648.0 20.0 10.0
908.0 319.0 20.0 10.0
933.0 306.0 20.0 10.0
228.0 677.0 20.0 10.0
290.0 938.0 20.0 10.0
449.0 372.0 20.0 10.0
550.0 418.0 20.0 10.0
1048.0 894.0 20.0 10.0
228.0 759.0 20.0 10.0
871.0 315.0 20.0 10.0
1040.0 996.0 20.0 10.0
830.0 428.0 20.0 10.0
479.0 282.0 20.0 10.0
368.0 313.0 20.0 10.0
471.0 137.0 20.0 10.0
749.0 481.0 20.0 10.0
227.0 721.0 20.0 10.0
794.0 510.0 20.0 10.0
117.0 835.0 20.0 10.0
452.0 783.0 20.0 10.0
809.0 612.0 20.0 10.0
531.0 152.0 20.0 10.0
539.0 393.0 20.0 10.0
870.0 828.0 20.0 10.0
540.0 345.0 20.0 10.0
579.0 411.0 20.0 10.0
1050.0 885.0 20.0 10.0
73.0 778.0 20.0 10.0
172.0 657.0 20.0 10.0
656.0 247.0 20.0 10.0
759.0 500.0 20.0 10.0
61.0 739.0 20.0 10.0
460.0 470.0 20.0 10.0
228.0 728.0 20.0 10.0
339.0 728.0 20.0 10.0
940.0 785.0 20.0 10.0
816.0 328.0 20.0 10.0
795.0 635.0 20.0 10.0
263.0 956.0 20.0 10.0
448.0 257.0 20.0 10.0
483.0 740.0 20.0 10.0
143.0 825.0 20.0 10.0
540.0 323.0 20.0 10.0
650.0 664.0 20.0 10.0
411.0 457.0 20.0 10.0
892.0 305.0 20.0 10.0
859.0 458.0 20.0 10.0
1006.0 918.0 20.0 10.0
254.0 782.0 20.0 10.0
100.0 684.0 20.0 10.0
909.0 425.0 20.0 10.0
417.0 906.0 20.0 10.0
656.0 700.0 20.0 10.0
767.0 513.0 20.0 10.0
81.0 787.0 20.0 10.0
496.0 173.0 20.0 10.0
456.0 180.0 20.0 10.0
438.0 167.0 20.0 10.0
401.0 945.0 20.0 10.0
1001.0 924.0 20.0 10.0
484.0 49.0 20.0 10.0
381.0 355.0 20.0 10.0
416.0 148.0 20.0 10.0
267.0 683.0 20.0 10.0
491.0 740.0 20.0 10.0
908.0 394.0 20.0 10.0
765.0 726.0 20.0 10.0
442.0 220.0 20.0 10.0
479.0 704.0 20.0 10.0
184.0 655.0 20.0 10.0
754.0 488.0 20.0 10.0
850.0 923.0 20.0 10.0
149.0 638.0 20.0 10.0
806.0 782.0 20.0 10.0
461.0 33.0 20.0 10.0
488.0 271.0 20.0 10.0
890.0 902.0 20.0 10.0
405.0 368.0 20.0 10.0
170.0 696.0 20.0 10.0
624.0 463.0 20.0 10.0
368.0 1012.0 20.0 10.0
484.0 801.0 20.0 10.0
1038.0 904.0 20.0 10.0
412.0 722.0 20.0 10.0
924.0 300.0 20.0 10.0
479.0 825.0 20.0 10.0
1058.0 1016.0 20.0 10.0
1062.0 869.0 20.0 10.0
975.0 229.0 20.0 10.0
869.0 366.0 20.0 10.0
900.0 927.0 20.0 10.0
436.0 686.0 20.0 10.0
648.0 251.0 20.0 10.0
359.0 684.0 20.0 10.0
791.0 714.0 20.0 10.0
608.0 357.0 20.0 10.0
524.0 182.0 20.0 10.0
506.0 132.0 20.0 10.0
410.0 931.0 20.0 10.0
605.0 503.0 20.0 10.0
469.0 67.0 20.0 10.0
874.0 905.0 20.0 10.0
270.0 952.0 20.0 10.0
124.0 685.0 20.0 10.0
640.0 462.0 20.0 10.0
377.0 1014.0 20.0 10.0
979.0 233.0 20.0 10.0
478.0 25.0 20.0 10.0
880.0 931.0 20.0 10.0
97.0 653.0 20.0 10.0
730.0 710.0 20.0 10.0
523.0 155.0 20.0 10.0
428.0 191.0 20.0 10.0
828.0 743.0 20.0 10.0
152.0 732.0 20.0 10.0
787.0 441.0 20.0 10.0
616.0 277.0 20.0 10.0
