500
635.0 473.0 20.0 10.0
577.0 415.0 20.0 10.0
550.0 551.0 20.0 10.0
536.0 583.0 20.0 10.0
747.0 431.0 20.0 10.0
808.0 351.0 20.0 10.0
867.0 279.0 20.0 10.0
823.0 412.0 20.0 10.0
464.0 626.0 20.0 10.0
382.0 698.0 20.0 10.0
556.0 588.0 20.0 10.0
310.0 769.0 20.0 10.0
852.0 410.0 20.0 10.0
519.0 356.0 20.0 10.0
821.0 378.0 20.0 10.0
256.0 792.0 20.0 10.0
247.0 838.0 20.0 10.0
813.0 477.0 20.0 10.0
816.0 309.0 20.0 10.0
921.0 212.0 20.0 10.0
943.0 180.0 20.0 10.0
466.0 315.0 20.0 10.0
840.0 523.0 20.0 10.0
928.0 166.0 20.0 10.0
864.0 491.0 20.0 10.0
868.0 509.0 20.0 10.0
186.0 902.0 20.0 10.0
415.0 273.0 20.0 10.0
565.0 623.0 20.0 10.0
483.0 315.0 20.0 10.0
899.0 398.0 20.0 10.0
243.0 870.0 20.0 10.0
870.0 563.0 20.0 10.0
460.0 272.0 20.0 10.0
155.0 958.0 20.0 10.0
954.0 401.0 20.0 10.0
919.0 538.0 20.0 10.0
332.0 707.0 20.0 10.0
832.0 500.0 20.0 10.0
372.0 237.0 20.0 10.0
876.0 241.0 20.0 10.0
435.0 647.0 20.0 10.0
900.0 248.0 20.0 10.0
432.0 631.0 20.0 10.0
877.0 594.0 20.0 10.0
130.0 929.0 20.0 10.0
515.0 600.0 20.0 10.0
445.0 236.0 20.0 10.0
894.0 586.0 20.0 10.0
205.0 809.0 20.0 10.0
813.0 499.0 20.0 10.0
516.0 554.0 20.0 10.0
961.0 150.0 20.0 10.0
221.0 870.0 20.0 10.0
980.0 416.0 20.0 10.0
488.0 561.0 20.0 10.0
336.0 204.0 20.0 10.0
961.0 563.0 20.0 10.0
88.0 937.0 20.0 10.0
966.0 183.0 20.0 10.0
103.0 925.0 20.0 10.0
365.0 729.0 20.0 10.0
169.0 827.0 20.0 10.0
902.0 594.0 20.0 10.0
285.0 711.0 20.0 10.0
575.0 383.0 20.0 10.0
103.0 955.0 20.0 10.0
148.0 939.0 20.0 10.0
962.0 161.0 20.0 10.0
448.0 305.0 20.0 10.0
391.0 241.0 20.0 10.0
839.0 290.0 20.0 10.0
194.0 892.0 20.0 10.0
491.0 347.0 20.0 10.0
491.0 605.0 20.0 10.0
962.0 376.0 20.0 10.0
437.0 244.0 20.0 10.0
575.0 657.0 20.0 10.0
978.0 374.0 20.0 10.0
53.0 942.0 20.0 10.0
996.0 411.0 20.0 10.0
815.0 522.0 20.0 10.0
868.0 212.0 20.0 10.0
920.0 137.0 20.0 10.0
871.0 423.0 20.0 10.0
368.0 229.0 20.0 10.0
558.0 406.0 20.0 10.0
447.0 255.0 20.0 10.0
926.0 234.0 20.0 10.0
912.0 502.0 20.0 10.0
133.0 1007.0 20.0 10.0
412.0 668.0 20.0 10.0
940.0 125.0 20.0 10.0
837.0 362.0 20.0 10.0
764.0 425.0 20.0 10.0
81.0 972.0 20.0 10.0
836.0 337.0 20.0 10.0
311.0 729.0 20.0 10.0
808.0 274.0 20.0 10.0
830.0 278.0 20.0 10.0
998.0 118.0 20.0 10.0
995.0 402.0 20.0 10.0
139.0 843.0 20.0 10.0
919.0 222.0 20.0 10.0
754.0 452.0 20.0 10.0
730.0 409.0 20.0 10.0
577.0 355.0 20.0 10.0
968.0 120.0 20.0 10.0
313.0 187.0 20.0 10.0
811.0 290.0 20.0 10.0
898.0 224.0 20.0 10.0
478.0 585.0 20.0 10.0
448.0 659.0 20.0 10.0
172.0 934.0 20.0 10.0
1000.0 165.0 20.0 10.0
713.0 411.0 20.0 10.0
435.0 685.0 20.0 10.0
92.0 950.0 20.0 10.0
730.0 450.0 20.0 10.0
424.0 313.0 20.0 10.0
985.0 590.0 20.0 10.0
953.0 556.0 20.0 10.0
242.0 715.0 20.0 10.0
509.0 315.0 20.0 10.0
809.0 345.0 20.0 10.0
105.0 1045.0 20.0 10.0
108.0 851.0 20.0 10.0
573.0 566.0 20.0 10.0
949.0 152.0 20.0 10.0
166.0 814.0 20.0 10.0
1017.0 364.0 20.0 10.0
975.0 413.0 20.0 10.0
1006.0 423.0 20.0 10.0
514.0 285.0 20.0 10.0
398.0 688.0 20.0 10.0
25.0 954.0 20.0 10.0
940.0 552.0 20.0 10.0
85.0 1076.0 20.0 10.0
322.0 191.0 20.0 10.0
76.0 1103.0 20.0 10.0
522.0 612.0 20.0 10.0
983.0 166.0 20.0 10.0
148.0 949.0 20.0 10.0
542.0 418.0 20.0 10.0
1027.0 85.0 20.0 10.0
514.0 410.0 20.0 10.0
554.0 344.0 20.0 10.0
950.0 93.0 20.0 10.0
1001.0 155.0 20.0 10.0
359.0 720.0 20.0 10.0
439.0 256.0 20.0 10.0
207.0 715.0 20.0 10.0
789.0 319.0 20.0 10.0
988.0 564.0 20.0 10.0
886.0 443.0 20.0 10.0
990.0 359.0 20.0 10.0
496.0 281.0 20.0 10.0
177.0 958.0 20.0 10.0
169.0 905.0 20.0 10.0
233.0 892.0 20.0 10.0
305.0 796.0 20.0 10.0
233.0 817.0 20.0 10.0
55.0 953.0 20.0 10.0
583.0 590.0 20.0 10.0
956.0 513.0 20.0 10.0
375.0 209.0 20.0 10.0
618.0 494.0 20.0 10.0
217.0 732.0 20.0 10.0
573.0 337.0 20.0 10.0
111.0 972.0 20.0 10.0
1019.0 134.0 20.0 10.0
924.0 623.0 20.0 10.0
430.0 677.0 20.0 10.0
440.0 208.0 20.0 10.0
894.0 521.0 20.0 10.0
339.0 739.0 20.0 10.0
904.0 617.0 20.0 10.0
462.0 293.0 20.0 10.0
433.0 202.0 20.0 10.0
306.0 182.0 20.0 10.0
710.0 387.0 20.0 10.0
582.0 680.0 20.0 10.0
155.0 914.0 20.0 10.0
408.0 644.0 20.0 10.0
420.0 247.0 20.0 10.0
904.0 607.0 20.0 10.0
173.0 718.0 20.0 10.0
916.0 624.0 20.0 10.0
971.0 580.0 20.0 10.0
941.0 189.0 20.0 10.0
524.0 399.0 20.0 10.0
501.0 332.0 20.0 10.0
848.0 349.0 20.0 10.0
586.0 317.0 20.0 10.0
520.0 258.0 20.0 10.0
127.0 993.0 20.0 10.0
1034.0 400.0 20.0 10.0
366.0 180.0 20.0 10.0
968.0 73.0 20.0 10.0
788.0 423.0 20.0 10.0
215.0 707.0 20.0 10.0
840.0 251.0 20.0 10.0
109.0 1016.0 20.0 10.0
921.0 614.0 20.0 10.0
480.0 326.0 20.0 10.0
806.0 405.0 20.0 10.0
181.0 829.0 20.0 10.0
934.0 97.0 20.0 10.0
739.0 457.0 20.0 10.0
179.0 805.0 20.0 10.0
983.0 141.0 20.0 10.0
875.0 444.0 20.0 10.0
71.0 966.0 20.0 10.0
521.0 231.0 20.0 10.0
425.0 215.0 20.0 10.0
527.0 536.0 20.0 10.0
983.0 126.0 20.0 10.0
1065.0 355.0 20.0 10.0
322.0 173.0 20.0 10.0
1106.0 349.0 20.0 10.0
982.0 607.0 20.0 10.0
77.0 997.0 20.0 10.0
723.0 463.0 20.0 10.0
1039.0 415.0 20.0 10.0
882.0 252.0 20.0 10.0
999.0 520.0 20.0 10.0
62.0 970.0 20.0 10.0
860.0 590.0 20.0 10.0
439.0 710.0 20.0 10.0
50.0 1017.0 20.0 10.0
993.0 375.0 20.0 10.0
578.0 637.0 20.0 10.0
538.0 631.0 20.0 10.0
963.0 168.0 20.0 10.0
976.0 394.0 20.0 10.0
796.0 326.0 20.0 10.0
514.0 427.0 20.0 10.0
27.0 968.0 20.0 10.0
1000.0 359.0 20.0 10.0
305.0 148.0 20.0 10.0
469.0 577.0 20.0 10.0
808.0 433.0 20.0 10.0
778.0 444.0 20.0 10.0
486.0 253.0 20.0 10.0
818.0 325.0 20.0 10.0
511.0 637.0 20.0 10.0
1027.0 351.0 20.0 10.0
593.0 366.0 20.0 10.0
878.0 624.0 20.0 10.0
148.0 731.0 20.0 10.0
103.0 1008.0 20.0 10.0
897.0 272.0 20.0 10.0
344.0 219.0 20.0 10.0
303.0 704.0 20.0 10.0
1021.0 405.0 20.0 10.0
235.0 865.0 20.0 10.0
189.0 704.0 20.0 10.0
739.0 476.0 20.0 10.0
1096.0 351.0 20.0 10.0
393.0 661.0 20.0 10.0
944.0 546.0 20.0 10.0
810.0 359.0 20.0 10.0
779.0 297.0 20.0 10.0
492.0 434.0 20.0 10.0
880.0 210.0 20.0 10.0
1025.0 155.0 20.0 10.0
305.0 804.0 20.0 10.0
501.0 623.0 20.0 10.0
994.0 347.0 20.0 10.0
1030.0 530.0 20.0 10.0
344.0 225.0 20.0 10.0
297.0 827.0 20.0 10.0
523.0 435.0 20.0 10.0
891.0 256.0 20.0 10.0
286.0 796.0 20.0 10.0
97.0 1017.0 20.0 10.0
278.0 164.0 20.0 10.0
926.0 228.0 20.0 10.0
81.0 858.0 20.0 10.0
1012.0 95.0 20.0 10.0
502.0 389.0 20.0 10.0
934.0 639.0 20.0 10.0
803.0 243.0 20.0 10.0
809.0 243.0 20.0 10.0
529.0 568.0 20.0 10.0
525.0 295.0 20.0 10.0
1033.0 524.0 20.0 10.0
1016.0 82.0 20.0 10.0
1040.0 61.0 20.0 10.0
86.0 993.0 20.0 10.0
207.0 892.0 20.0 10.0
825.0 253.0 20.0 10.0
80.0 1042.0 20.0 10.0
839.0 223.0 20.0 10.0
254.0 150.0 20.0 10.0
1054.0 536.0 20.0 10.0
421.0 708.0 20.0 10.0
770.0 272.0 20.0 10.0
1018.0 531.0 20.0 10.0
1024.0 374.0 20.0 10.0
238.0 130.0 20.0 10.0
860.0 618.0 20.0 10.0
130.0 1044.0 20.0 10.0
894.0 570.0 20.0 10.0
859.0 283.0 20.0 10.0
493.0 396.0 20.0 10.0
150.0 984.0 20.0 10.0
804.0 501.0 20.0 10.0
945.0 213.0 20.0 10.0
1025.0 56.0 20.0 10.0
115.0 1034.0 20.0 10.0
1035.0 349.0 20.0 10.0
590.0 601.0 20.0 10.0
195.0 914.0 20.0 10.0
1028.0 51.0 20.0 10.0
1074.0 415.0 20.0 10.0
469.0 389.0 20.0 10.0
897.0 523.0 20.0 10.0
524.0 425.0 20.0 10.0
381.0 218.0 20.0 10.0
597.0 399.0 20.0 10.0
909.0 644.0 20.0 10.0
548.0 385.0 20.0 10.0
134.0 1074.0 20.0 10.0
430.0 221.0 20.0 10.0
467.0 430.0 20.0 10.0
1063.0 339.0 20.0 10.0
263.0 728.0 20.0 10.0
1139.0 346.0 20.0 10.0
1002.0 580.0 20.0 10.0
1034.0 593.0 20.0 10.0
103.0 1061.0 20.0 10.0
1070.0 420.0 20.0 10.0
756.0 400.0 20.0 10.0
120.0 1073.0 20.0 10.0
936.0 508.0 20.0 10.0
436.0 287.0 20.0 10.0
358.0 187.0 20.0 10.0
1020.0 568.0 20.0 10.0
494.0 538.0 20.0 10.0
952.0 228.0 20.0 10.0
891.0 496.0 20.0 10.0
789.0 338.0 20.0 10.0
197.0 748.0 20.0 10.0
704.0 391.0 20.0 10.0
839.0 488.0 20.0 10.0
142.0 802.0 20.0 10.0
292.0 848.0 20.0 10.0
1064.0 392.0 20.0 10.0
472.0 440.0 20.0 10.0
983.0 574.0 20.0 10.0
477.0 536.0 20.0 10.0
992.0 171.0 20.0 10.0
425.0 174.0 20.0 10.0
149.0 836.0 20.0 10.0
959.0 165.0 20.0 10.0
261.0 810.0 20.0 10.0
1135.0 346.0 20.0 10.0
754.0 381.0 20.0 10.0
513.0 442.0 20.0 10.0
469.0 339.0 20.0 10.0
899.0 263.0 20.0 10.0
93.0 1076.0 20.0 10.0
388.0 255.0 20.0 10.0
292.0 169.0 20.0 10.0
1059.0 527.0 20.0 10.0
480.0 223.0 20.0 10.0
1032.0 145.0 20.0 10.0
924.0 194.0 20.0 10.0
1024.0 525.0 20.0 10.0
1099.0 415.0 20.0 10.0
1009.0 615.0 20.0 10.0
499.0 575.0 20.0 10.0
909.0 531.0 20.0 10.0
947.0 644.0 20.0 10.0
1049.0 54.0 20.0 10.0
162.0 702.0 20.0 10.0
477.0 196.0 20.0 10.0
558.0 649.0 20.0 10.0
1023.0 412.0 20.0 10.0
1015.0 573.0 20.0 10.0
454.0 282.0 20.0 10.0
80.0 1061.0 20.0 10.0
98.0 939.0 20.0 10.0
270.0 813.0 20.0 10.0
392.0 709.0 20.0 10.0
1022.0 600.0 20.0 10.0
929.0 202.0 20.0 10.0
521.0 206.0 20.0 10.0
126.0 960.0 20.0 10.0
1159.0 344.0 20.0 10.0
456.0 683.0 20.0 10.0
855.0 268.0 20.0 10.0
196.0 721.0 20.0 10.0
416.0 188.0 20.0 10.0
1033.0 585.0 20.0 10.0
416.0 295.0 20.0 10.0
134.0 816.0 20.0 10.0
425.0 673.0 20.0 10.0
801.0 215.0 20.0 10.0
803.0 525.0 20.0 10.0
1095.0 423.0 20.0 10.0
288.0 872.0 20.0 10.0
853.0 514.0 20.0 10.0
584.0 582.0 20.0 10.0
795.0 310.0 20.0 10.0
703.0 428.0 20.0 10.0
464.0 550.0 20.0 10.0
50.0 1010.0 20.0 10.0
976.0 133.0 20.0 10.0
1032.0 138.0 20.0 10.0
829.0 328.0 20.0 10.0
474.0 177.0 20.0 10.0
388.0 696.0 20.0 10.0
958.0 99.0 20.0 10.0
346.0 747.0 20.0 10.0
359.0 248.0 20.0 10.0
803.0 255.0 20.0 10.0
207.0 830.0 20.0 10.0
396.0 280.0 20.0 10.0
866.0 536.0 20.0 10.0
578.0 687.0 20.0 10.0
572.0 644.0 20.0 10.0
1056.0 613.0 20.0 10.0
894.0 643.0 20.0 10.0
303.0 192.0 20.0 10.0
923.0 651.0 20.0 10.0
552.0 676.0 20.0 10.0
810.0 214.0 20.0 10.0
59.0 1063.0 20.0 10.0
447.0 587.0 20.0 10.0
419.0 233.0 20.0 10.0
990.0 94.0 20.0 10.0
1037.0 29.0 20.0 10.0
145.0 716.0 20.0 10.0
69.0 1011.0 20.0 10.0
491.0 297.0 20.0 10.0
356.0 218.0 20.0 10.0
388.0 288.0 20.0 10.0
1056.0 120.0 20.0 10.0
105.0 812.0 20.0 10.0
801.0 451.0 20.0 10.0
568.0 608.0 20.0 10.0
765.0 402.0 20.0 10.0
954.0 220.0 20.0 10.0
89.0 1068.0 20.0 10.0
575.0 589.0 20.0 10.0
950.0 511.0 20.0 10.0
1035.0 631.0 20.0 10.0
986.0 362.0 20.0 10.0
260.0 705.0 20.0 10.0
1057.0 25.0 20.0 10.0
79.0 849.0 20.0 10.0
1047.0 354.0 20.0 10.0
292.0 744.0 20.0 10.0
555.0 366.0 20.0 10.0
1027.0 513.0 20.0 10.0
1015.0 350.0 20.0 10.0
1049.0 361.0 20.0 10.0
514.0 380.0 20.0 10.0
501.0 629.0 20.0 10.0
874.0 461.0 20.0 10.0
332.0 244.0 20.0 10.0
919.0 250.0 20.0 10.0
570.0 685.0 20.0 10.0
108.0 950.0 20.0 10.0
32.0 979.0 20.0 10.0
1031.0 159.0 20.0 10.0
1054.0 74.0 20.0 10.0
420.0 158.0 20.0 10.0
184.0 715.0 20.0 10.0
936.0 650.0 20.0 10.0
767.0 243.0 20.0 10.0
77.0 811.0 20.0 10.0
76.0 956.0 20.0 10.0
498.0 609.0 20.0 10.0
772.0 382.0 20.0 10.0
855.0 509.0 20.0 10.0
995.0 100.0 20.0 10.0
873.0 517.0 20.0 10.0
275.0 184.0 20.0 10.0
373.0 667.0 20.0 10.0
874.0 182.0 20.0 10.0
315.0 210.0 20.0 10.0
197.0 839.0 20.0 10.0
1062.0 406.0 20.0 10.0
1017.0 333.0 20.0 10.0
54.0 983.0 20.0 10.0
204.0 757.0 20.0 10.0
494.0 651.0 20.0 10.0
228.0 804.0 20.0 10.0
389.0 302.0 20.0 10.0
554.0 320.0 20.0 10.0
1070.0 34.0 20.0 10.0
871.0 398.0 20.0 10.0
762.0 251.0 20.0 10.0
646.0 495.0 20.0 10.0
175.0 984.0 20.0 10.0
504.0 663.0 20.0 10.0
27.0 1035.0 20.0 10.0
