500
410.0 547.0 20.0 10.0
480.0 519.0 20.0 10.0
552.0 483.0 20.0 10.0
660.0 528.0 20.0 10.0
742.0 603.0 20.0 10.0
802.0 591.0 20.0 10.0
853.0 574.0 20.0 10.0
812.0 683.0 20.0 10.0
856.0 763.0 20.0 10.0
895.0 833.0 20.0 10.0
693.0 469.0 20.0 10.0
879.0 701.0 20.0 10.0
905.0 718.0 20.0 10.0
707.0 438.0 20.0 10.0
910.0 859.0 20.0 10.0
474.0 429.0 20.0 10.0
531.0 498.0 20.0 10.0
831.0 587.0 20.0 10.0
645.0 572.0 20.0 10.0
669.0 578.0 20.0 10.0
526.0 419.0 20.0 10.0
439.0 429.0 20.0 10.0
758.0 602.0 20.0 10.0
896.0 564.0 20.0 10.0
401.0 372.0 20.0 10.0
513.0 356.0 20.0 10.0
483.0 401.0 20.0 10.0
738.0 642.0 20.0 10.0
937.0 887.0 20.0 10.0
936.0 715.0 20.0 10.0
451.0 379.0 20.0 10.0
677.0 446.0 20.0 10.0
342.0 576.0 20.0 10.0
333.0 319.0 20.0 10.0
756.0 578.0 20.0 10.0
740.0 560.0 20.0 10.0
957.0 924.0 20.0 10.0
975.0 954.0 20.0 10.0
695.0 443.0 20.0 10.0
533.0 396.0 20.0 10.0
882.0 561.0 20.0 10.0
435.0 446.0 20.0 10.0
499.0 300.0 20.0 10.0
296.0 304.0 20.0 10.0
635.0 617.0 20.0 10.0
899.0 878.0 20.0 10.0
841.0 593.0 20.0 10.0
433.0 354.0 20.0 10.0
875.0 589.0 20.0 10.0
720.0 498.0 20.0 10.0
839.0 697.0 20.0 10.0
488.0 271.0 20.0 10.0
726.0 414.0 20.0 10.0
418.0 368.0 20.0 10.0
275.0 273.0 20.0 10.0
293.0 318.0 20.0 10.0
808.0 726.0 20.0 10.0
409.0 459.0 20.0 10.0
985.0 728.0 20.0 10.0
621.0 585.0 20.0 10.0
644.0 595.0 20.0 10.0
400.0 452.0 20.0 10.0
757.0 489.0 20.0 10.0
741.0 676.0 20.0 10.0
787.0 477.0 20.0 10.0
1018.0 745.0 20.0 10.0
968.0 930.0 20.0 10.0
997.0 966.0 20.0 10.0
448.0 546.0 20.0 10.0
282.0 601.0 20.0 10.0
611.0 606.0 20.0 10.0
922.0 714.0 20.0 10.0
893.0 800.0 20.0 10.0
385.0 371.0 20.0 10.0
627.0 543.0 20.0 10.0
413.0 431.0 20.0 10.0
474.0 390.0 20.0 10.0
417.0 568.0 20.0 10.0
302.0 317.0 20.0 10.0
806.0 764.0 20.0 10.0
625.0 656.0 20.0 10.0
775.0 468.0 20.0 10.0
754.0 368.0 20.0 10.0
599.0 564.0 20.0 10.0
322.0 288.0 20.0 10.0
965.0 952.0 20.0 10.0
576.0 587.0 20.0 10.0
953.0 722.0 20.0 10.0
925.0 564.0 20.0 10.0
448.0 442.0 20.0 10.0
830.0 444.0 20.0 10.0
904.0 817.0 20.0 10.0
469.0 252.0 20.0 10.0
914.0 694.0 20.0 10.0
938.0 689.0 20.0 10.0
449.0 396.0 20.0 10.0
407.0 431.0 20.0 10.0
555.0 610.0 20.0 10.0
802.0 794.0 20.0 10.0
788.0 487.0 20.0 10.0
600.0 598.0 20.0 10.0
741.0 709.0 20.0 10.0
305.0 584.0 20.0 10.0
933.0 553.0 20.0 10.0
866.0 790.0 20.0 10.0
228.0 623.0 20.0 10.0
730.0 377.0 20.0 10.0
220.0 228.0 20.0 10.0
752.0 692.0 20.0 10.0
853.0 439.0 20.0 10.0
187.0 185.0 20.0 10.0
970.0 734.0 20.0 10.0
420.0 402.0 20.0 10.0
251.0 616.0 20.0 10.0
481.0 365.0 20.0 10.0
879.0 421.0 20.0 10.0
784.0 325.0 20.0 10.0
867.0 799.0 20.0 10.0
926.0 830.0 20.0 10.0
896.0 915.0 20.0 10.0
867.0 591.0 20.0 10.0
963.0 540.0 20.0 10.0
999.0 751.0 20.0 10.0
635.0 647.0 20.0 10.0
228.0 634.0 20.0 10.0
173.0 208.0 20.0 10.0
383.0 341.0 20.0 10.0
860.0 428.0 20.0 10.0
308.0 278.0 20.0 10.0
614.0 637.0 20.0 10.0
907.0 595.0 20.0 10.0
687.0 427.0 20.0 10.0
811.0 791.0 20.0 10.0
179.0 644.0 20.0 10.0
799.0 294.0 20.0 10.0
284.0 246.0 20.0 10.0
156.0 148.0 20.0 10.0
205.0 631.0 20.0 10.0
391.0 590.0 20.0 10.0
523.0 375.0 20.0 10.0
756.0 380.0 20.0 10.0
896.0 866.0 20.0 10.0
371.0 460.0 20.0 10.0
148.0 653.0 20.0 10.0
779.0 484.0 20.0 10.0
1022.0 997.0 20.0 10.0
912.0 872.0 20.0 10.0
812.0 293.0 20.0 10.0
138.0 663.0 20.0 10.0
496.0 321.0 20.0 10.0
346.0 450.0 20.0 10.0
257.0 223.0 20.0 10.0
477.0 297.0 20.0 10.0
749.0 664.0 20.0 10.0
655.0 614.0 20.0 10.0
899.0 410.0 20.0 10.0
711.0 409.0 20.0 10.0
773.0 561.0 20.0 10.0
260.0 294.0 20.0 10.0
916.0 898.0 20.0 10.0
968.0 912.0 20.0 10.0
810.0 467.0 20.0 10.0
991.0 953.0 20.0 10.0
482.0 254.0 20.0 10.0
296.0 246.0 20.0 10.0
783.0 355.0 20.0 10.0
263.0 230.0 20.0 10.0
133.0 186.0 20.0 10.0
795.0 791.0 20.0 10.0
923.0 907.0 20.0 10.0
615.0 692.0 20.0 10.0
954.0 855.0 20.0 10.0
810.0 710.0 20.0 10.0
803.0 450.0 20.0 10.0
498.0 261.0 20.0 10.0
261.0 313.0 20.0 10.0
153.0 660.0 20.0 10.0
912.0 398.0 20.0 10.0
127.0 117.0 20.0 10.0
369.0 600.0 20.0 10.0
841.0 683.0 20.0 10.0
366.0 608.0 20.0 10.0
781.0 499.0 20.0 10.0
881.0 572.0 20.0 10.0
812.0 341.0 20.0 10.0
767.0 618.0 20.0 10.0
728.0 736.0 20.0 10.0
953.0 710.0 20.0 10.0
535.0 630.0 20.0 10.0
142.0 198.0 20.0 10.0
482.0 356.0 20.0 10.0
909.0 827.0 20.0 10.0
810.0 274.0 20.0 10.0
809.0 460.0 20.0 10.0
495.0 331.0 20.0 10.0
963.0 686.0 20.0 10.0
819.0 775.0 20.0 10.0
644.0 645.0 20.0 10.0
96.0 169.0 20.0 10.0
399.0 347.0 20.0 10.0
894.0 726.0 20.0 10.0
839.0 281.0 20.0 10.0
116.0 673.0 20.0 10.0
977.0 871.0 20.0 10.0
457.0 277.0 20.0 10.0
904.0 400.0 20.0 10.0
471.0 360.0 20.0 10.0
902.0 539.0 20.0 10.0
674.0 459.0 20.0 10.0
468.0 450.0 20.0 10.0
917.0 745.0 20.0 10.0
517.0 648.0 20.0 10.0
276.0 591.0 20.0 10.0
250.0 593.0 20.0 10.0
440.0 369.0 20.0 10.0
788.0 632.0 20.0 10.0
707.0 417.0 20.0 10.0
897.0 823.0 20.0 10.0
821.0 709.0 20.0 10.0
371.0 356.0 20.0 10.0
107.0 99.0 20.0 10.0
192.0 205.0 20.0 10.0
806.0 486.0 20.0 10.0
760.0 349.0 20.0 10.0
923.0 379.0 20.0 10.0
1022.0 740.0 20.0 10.0
926.0 812.0 20.0 10.0
1049.0 737.0 20.0 10.0
247.0 256.0 20.0 10.0
480.0 330.0 20.0 10.0
502.0 234.0 20.0 10.0
722.0 475.0 20.0 10.0
985.0 703.0 20.0 10.0
468.0 217.0 20.0 10.0
237.0 205.0 20.0 10.0
831.0 265.0 20.0 10.0
365.0 368.0 20.0 10.0
237.0 277.0 20.0 10.0
992.0 937.0 20.0 10.0
127.0 666.0 20.0 10.0
162.0 201.0 20.0 10.0
462.0 182.0 20.0 10.0
99.0 89.0 20.0 10.0
915.0 404.0 20.0 10.0
481.0 303.0 20.0 10.0
379.0 425.0 20.0 10.0
949.0 849.0 20.0 10.0
232.0 212.0 20.0 10.0
950.0 739.0 20.0 10.0
604.0 720.0 20.0 10.0
930.0 724.0 20.0 10.0
104.0 677.0 20.0 10.0
902.0 547.0 20.0 10.0
1043.0 1025.0 20.0 10.0
390.0 425.0 20.0 10.0
753.0 465.0 20.0 10.0
944.0 388.0 20.0 10.0
534.0 466.0 20.0 10.0
350.0 626.0 20.0 10.0
983.0 734.0 20.0 10.0
168.0 156.0 20.0 10.0
419.0 436.0 20.0 10.0
858.0 828.0 20.0 10.0
919.0 547.0 20.0 10.0
1064.0 1048.0 20.0 10.0
279.0 223.0 20.0 10.0
786.0 368.0 20.0 10.0
840.0 247.0 20.0 10.0
146.0 137.0 20.0 10.0
199.0 637.0 20.0 10.0
734.0 664.0 20.0 10.0
732.0 428.0 20.0 10.0
747.0 627.0 20.0 10.0
1047.0 751.0 20.0 10.0
72.0 65.0 20.0 10.0
343.0 464.0 20.0 10.0
790.0 444.0 20.0 10.0
413.0 336.0 20.0 10.0
379.0 617.0 20.0 10.0
511.0 498.0 20.0 10.0
595.0 659.0 20.0 10.0
956.0 839.0 20.0 10.0
942.0 399.0 20.0 10.0
339.0 356.0 20.0 10.0
511.0 306.0 20.0 10.0
481.0 469.0 20.0 10.0
110.0 681.0 20.0 10.0
51.0 44.0 20.0 10.0
454.0 191.0 20.0 10.0
813.0 495.0 20.0 10.0
736.0 734.0 20.0 10.0
380.0 551.0 20.0 10.0
741.0 346.0 20.0 10.0
855.0 250.0 20.0 10.0
542.0 638.0 20.0 10.0
591.0 625.0 20.0 10.0
310.0 266.0 20.0 10.0
931.0 939.0 20.0 10.0
284.0 280.0 20.0 10.0
261.0 200.0 20.0 10.0
499.0 312.0 20.0 10.0
900.0 909.0 20.0 10.0
423.0 392.0 20.0 10.0
594.0 744.0 20.0 10.0
892.0 750.0 20.0 10.0
1057.0 1044.0 20.0 10.0
124.0 650.0 20.0 10.0
286.0 589.0 20.0 10.0
279.0 307.0 20.0 10.0
550.0 414.0 20.0 10.0
316.0 583.0 20.0 10.0
717.0 683.0 20.0 10.0
517.0 399.0 20.0 10.0
978.0 765.0 20.0 10.0
459.0 150.0 20.0 10.0
526.0 662.0 20.0 10.0
244.0 181.0 20.0 10.0
134.0 681.0 20.0 10.0
966.0 718.0 20.0 10.0
505.0 663.0 20.0 10.0
1041.0 756.0 20.0 10.0
65.0 149.0 20.0 10.0
481.0 219.0 20.0 10.0
366.0 316.0 20.0 10.0
1017.0 725.0 20.0 10.0
76.0 694.0 20.0 10.0
1009.0 746.0 20.0 10.0
1065.0 1042.0 20.0 10.0
898.0 594.0 20.0 10.0
503.0 228.0 20.0 10.0
1019.0 988.0 20.0 10.0
871.0 788.0 20.0 10.0
776.0 585.0 20.0 10.0
626.0 675.0 20.0 10.0
848.0 721.0 20.0 10.0
1013.0 738.0 20.0 10.0
389.0 570.0 20.0 10.0
1076.0 1062.0 20.0 10.0
888.0 940.0 20.0 10.0
864.0 690.0 20.0 10.0
900.0 749.0 20.0 10.0
747.0 322.0 20.0 10.0
733.0 536.0 20.0 10.0
469.0 229.0 20.0 10.0
588.0 759.0 20.0 10.0
189.0 226.0 20.0 10.0
671.0 427.0 20.0 10.0
51.0 123.0 20.0 10.0
231.0 305.0 20.0 10.0
270.0 228.0 20.0 10.0
456.0 340.0 20.0 10.0
467.0 274.0 20.0 10.0
42.0 133.0 20.0 10.0
489.0 346.0 20.0 10.0
734.0 705.0 20.0 10.0
790.0 604.0 20.0 10.0
470.0 378.0 20.0 10.0
734.0 689.0 20.0 10.0
413.0 596.0 20.0 10.0
822.0 728.0 20.0 10.0
858.0 793.0 20.0 10.0
172.0 162.0 20.0 10.0
810.0 306.0 20.0 10.0
390.0 474.0 20.0 10.0
177.0 653.0 20.0 10.0
854.0 425.0 20.0 10.0
117.0 186.0 20.0 10.0
373.0 491.0 20.0 10.0
111.0 162.0 20.0 10.0
661.0 413.0 20.0 10.0
547.0 506.0 20.0 10.0
203.0 304.0 20.0 10.0
355.0 369.0 20.0 10.0
1008.0 775.0 20.0 10.0
231.0 280.0 20.0 10.0
548.0 404.0 20.0 10.0
757.0 662.0 20.0 10.0
662.0 613.0 20.0 10.0
367.0 585.0 20.0 10.0
876.0 784.0 20.0 10.0
846.0 579.0 20.0 10.0
909.0 937.0 20.0 10.0
773.0 322.0 20.0 10.0
533.0 685.0 20.0 10.0
990.0 758.0 20.0 10.0
701.0 411.0 20.0 10.0
933.0 769.0 20.0 10.0
810.0 352.0 20.0 10.0
607.0 596.0 20.0 10.0
496.0 244.0 20.0 10.0
906.0 577.0 20.0 10.0
943.0 852.0 20.0 10.0
959.0 822.0 20.0 10.0
795.0 298.0 20.0 10.0
499.0 291.0 20.0 10.0
761.0 544.0 20.0 10.0
723.0 388.0 20.0 10.0
799.0 499.0 20.0 10.0
264.0 261.0 20.0 10.0
44.0 52.0 20.0 10.0
448.0 125.0 20.0 10.0
354.0 479.0 20.0 10.0
867.0 824.0 20.0 10.0
505.0 383.0 20.0 10.0
345.0 603.0 20.0 10.0
454.0 405.0 20.0 10.0
941.0 377.0 20.0 10.0
397.0 396.0 20.0 10.0
961.0 556.0 20.0 10.0
810.0 617.0 20.0 10.0
997.0 787.0 20.0 10.0
804.0 642.0 20.0 10.0
995.0 715.0 20.0 10.0
484.0 187.0 20.0 10.0
992.0 537.0 20.0 10.0
929.0 850.0 20.0 10.0
496.0 353.0 20.0 10.0
959.0 673.0 20.0 10.0
734.0 438.0 20.0 10.0
415.0 459.0 20.0 10.0
957.0 908.0 20.0 10.0
446.0 462.0 20.0 10.0
903.0 945.0 20.0 10.0
831.0 706.0 20.0 10.0
813.0 476.0 20.0 10.0
353.0 418.0 20.0 10.0
656.0 472.0 20.0 10.0
751.0 317.0 20.0 10.0
934.0 969.0 20.0 10.0
828.0 434.0 20.0 10.0
564.0 590.0 20.0 10.0
961.0 363.0 20.0 10.0
1011.0 953.0 20.0 10.0
83.0 687.0 20.0 10.0
478.0 163.0 20.0 10.0
317.0 468.0 20.0 10.0
929.0 879.0 20.0 10.0
309.0 594.0 20.0 10.0
836.0 726.0 20.0 10.0
642.0 638.0 20.0 10.0
180.0 177.0 20.0 10.0
563.0 388.0 20.0 10.0
828.0 324.0 20.0 10.0
53.0 710.0 20.0 10.0
699.0 390.0 20.0 10.0
959.0 914.0 20.0 10.0
256.0 607.0 20.0 10.0
789.0 616.0 20.0 10.0
521.0 329.0 20.0 10.0
934.0 893.0 20.0 10.0
398.0 386.0 20.0 10.0
344.0 346.0 20.0 10.0
794.0 818.0 20.0 10.0
235.0 288.0 20.0 10.0
31.0 25.0 20.0 10.0
936.0 383.0 20.0 10.0
759.0 296.0 20.0 10.0
207.0 295.0 20.0 10.0
284.0 616.0 20.0 10.0
890.0 600.0 20.0 10.0
88.0 701.0 20.0 10.0
878.0 242.0 20.0 10.0
882.0 408.0 20.0 10.0
535.0 354.0 20.0 10.0
988.0 833.0 20.0 10.0
782.0 379.0 20.0 10.0
638.0 670.0 20.0 10.0
804.0 818.0 20.0 10.0
585.0 616.0 20.0 10.0
981.0 935.0 20.0 10.0
981.0 983.0 20.0 10.0
887.0 894.0 20.0 10.0
25.0 31.0 20.0 10.0
977.0 354.0 20.0 10.0
764.0 643.0 20.0 10.0
39.0 139.0 20.0 10.0
756.0 417.0 20.0 10.0
717.0 387.0 20.0 10.0
934.0 601.0 20.0 10.0
505.0 209.0 20.0 10.0
541.0 621.0 20.0 10.0
971.0 382.0 20.0 10.0
462.0 123.0 20.0 10.0
502.0 419.0 20.0 10.0
472.0 201.0 20.0 10.0
1015.0 700.0 20.0 10.0
817.0 749.0 20.0 10.0
619.0 573.0 20.0 10.0
617.0 684.0 20.0 10.0
801.0 331.0 20.0 10.0
405.0 623.0 20.0 10.0
791.0 571.0 20.0 10.0
996.0 745.0 20.0 10.0
289.0 610.0 20.0 10.0
951.0 871.0 20.0 10.0
97.0 138.0 20.0 10.0
211.0 199.0 20.0 10.0
265.0 637.0 20.0 10.0
720.0 730.0 20.0 10.0
74.0 155.0 20.0 10.0
