500
450.0 1214.0 20.0 10.0
1712.0 286.0 20.0 10.0
749.0 990.0 20.0 10.0
394.0 723.0 20.0 10.0
403.0 707.0 20.0 10.0
416.0 676.0 20.0 10.0
1897.0 226.0 20.0 10.0
274.0 1997.0 20.0 10.0
630.0 1021.0 20.0 10.0
626.0 1055.0 20.0 10.0
541.0 418.0 20.0 10.0
1173.0 1824.0 20.0 10.0
929.0 2074.0 20.0 10.0
375.0 777.0 20.0 10.0
1008.0 2103.0 20.0 10.0
1370.0 2182.0 20.0 10.0
997.0 242.0 20.0 10.0
1928.0 167.0 20.0 10.0
517.0 1511.0 20.0 10.0
327.0 484.0 20.0 10.0
345.0 1108.0 20.0 10.0
379.0 1104.0 20.0 10.0
987.0 2114.0 20.0 10.0
1124.0 1697.0 20.0 10.0
1151.0 1702.0 20.0 10.0
1151.0 1725.0 20.0 10.0
703.0 1055.0 20.0 10.0
683.0 1039.0 20.0 10.0
658.0 1023.0 20.0 10.0
432.0 155.0 20.0 10.0
542.0 1054.0 20.0 10.0
77.0 882.0 20.0 10.0
755.0 1007.0 20.0 10.0
990.0 906.0 20.0 10.0
1973.0 59.0 20.0 10.0
1848.0 148.0 20.0 10.0
1266.0 1631.0 20.0 10.0
1257.0 1645.0 20.0 10.0
1245.0 1663.0 20.0 10.0
1231.0 1684.0 20.0 10.0
765.0 1171.0 20.0 10.0
999.0 2010.0 20.0 10.0
1896.0 160.0 20.0 10.0
1858.0 159.0 20.0 10.0
1154.0 1665.0 20.0 10.0
128.0 979.0 20.0 10.0
1531.0 159.0 20.0 10.0
413.0 1487.0 20.0 10.0
557.0 398.0 20.0 10.0
383.0 1471.0 20.0 10.0
267.0 542.0 20.0 10.0
541.0 343.0 20.0 10.0
1175.0 1755.0 20.0 10.0
723.0 1003.0 20.0 10.0
1233.0 218.0 20.0 10.0
1174.0 224.0 20.0 10.0
281.0 1974.0 20.0 10.0
321.0 1982.0 20.0 10.0
456.0 1426.0 20.0 10.0
477.0 1411.0 20.0 10.0
373.0 802.0 20.0 10.0
375.0 786.0 20.0 10.0
385.0 762.0 20.0 10.0
392.0 737.0 20.0 10.0
917.0 921.0 20.0 10.0
544.0 1528.0 20.0 10.0
633.0 294.0 20.0 10.0
48.0 916.0 20.0 10.0
74.0 919.0 20.0 10.0
1304.0 2169.0 20.0 10.0
820.0 2047.0 20.0 10.0
241.0 1975.0 20.0 10.0
907.0 2255.0 20.0 10.0
284.0 1002.0 20.0 10.0
304.0 1030.0 20.0 10.0
589.0 1459.0 20.0 10.0
439.0 1477.0 20.0 10.0
1655.0 284.0 20.0 10.0
418.0 174.0 20.0 10.0
589.0 1399.0 20.0 10.0
196.0 980.0 20.0 10.0
550.0 1581.0 20.0 10.0
635.0 2046.0 20.0 10.0
1507.0 2255.0 20.0 10.0
1476.0 2243.0 20.0 10.0
492.0 1142.0 20.0 10.0
481.0 1115.0 20.0 10.0
471.0 1139.0 20.0 10.0
413.0 1103.0 20.0 10.0
359.0 1065.0 20.0 10.0
904.0 193.0 20.0 10.0
1092.0 1878.0 20.0 10.0
1043.0 244.0 20.0 10.0
1022.0 252.0 20.0 10.0
1818.0 159.0 20.0 10.0
1778.0 166.0 20.0 10.0
1734.0 177.0 20.0 10.0
1803.0 150.0 20.0 10.0
1549.0 2277.0 20.0 10.0
1905.0 107.0 20.0 10.0
1876.0 125.0 20.0 10.0
156.0 85.0 20.0 10.0
776.0 994.0 20.0 10.0
90.0 1952.0 20.0 10.0
476.0 403.0 20.0 10.0
856.0 2281.0 20.0 10.0
643.0 960.0 20.0 10.0
636.0 990.0 20.0 10.0
176.0 2021.0 20.0 10.0
1007.0 905.0 20.0 10.0
25.0 898.0 20.0 10.0
603.0 2105.0 20.0 10.0
616.0 2096.0 20.0 10.0
626.0 2073.0 20.0 10.0
1177.0 2090.0 20.0 10.0
830.0 923.0 20.0 10.0
803.0 925.0 20.0 10.0
1854.0 224.0 20.0 10.0
747.0 1190.0 20.0 10.0
985.0 2082.0 20.0 10.0
1007.0 2038.0 20.0 10.0
1575.0 106.0 20.0 10.0
1579.0 119.0 20.0 10.0
1515.0 198.0 20.0 10.0
699.0 191.0 20.0 10.0
681.0 212.0 20.0 10.0
110.0 932.0 20.0 10.0
1557.0 2275.0 20.0 10.0
1534.0 2263.0 20.0 10.0
404.0 195.0 20.0 10.0
578.0 1088.0 20.0 10.0
1349.0 2171.0 20.0 10.0
1320.0 2186.0 20.0 10.0
1275.0 2172.0 20.0 10.0
1226.0 2159.0 20.0 10.0
1178.0 2145.0 20.0 10.0
103.0 971.0 20.0 10.0
152.0 953.0 20.0 10.0
451.0 1443.0 20.0 10.0
526.0 1479.0 20.0 10.0
903.0 2102.0 20.0 10.0
930.0 2121.0 20.0 10.0
980.0 2222.0 20.0 10.0
958.0 2205.0 20.0 10.0
243.0 113.0 20.0 10.0
263.0 130.0 20.0 10.0
1646.0 212.0 20.0 10.0
1626.0 188.0 20.0 10.0
1571.0 194.0 20.0 10.0
410.0 261.0 20.0 10.0
1925.0 92.0 20.0 10.0
311.0 1040.0 20.0 10.0
25.0 1963.0 20.0 10.0
1705.0 163.0 20.0 10.0
1682.0 182.0 20.0 10.0
1930.0 235.0 20.0 10.0
924.0 2238.0 20.0 10.0
1263.0 1722.0 20.0 10.0
401.0 1499.0 20.0 10.0
25.0 1943.0 20.0 10.0
514.0 1998.0 20.0 10.0
363.0 1990.0 20.0 10.0
405.0 1996.0 20.0 10.0
447.0 2002.0 20.0 10.0
1027.0 1930.0 20.0 10.0
1028.0 1946.0 20.0 10.0
1124.0 2096.0 20.0 10.0
649.0 896.0 20.0 10.0
444.0 1186.0 20.0 10.0
233.0 134.0 20.0 10.0
704.0 161.0 20.0 10.0
704.0 175.0 20.0 10.0
710.0 202.0 20.0 10.0
351.0 467.0 20.0 10.0
376.0 450.0 20.0 10.0
49.0 1977.0 20.0 10.0
1668.0 324.0 20.0 10.0
1666.0 310.0 20.0 10.0
1675.0 289.0 20.0 10.0
472.0 527.0 20.0 10.0
565.0 1392.0 20.0 10.0
1044.0 2019.0 20.0 10.0
1050.0 2048.0 20.0 10.0
25.0 25.0 20.0 10.0
41.0 32.0 20.0 10.0
60.0 41.0 20.0 10.0
582.0 1515.0 20.0 10.0
1773.0 141.0 20.0 10.0
1023.0 852.0 20.0 10.0
558.0 382.0 20.0 10.0
554.0 362.0 20.0 10.0
743.0 2039.0 20.0 10.0
795.0 2049.0 20.0 10.0
848.0 2059.0 20.0 10.0
904.0 2071.0 20.0 10.0
947.0 2284.0 20.0 10.0
298.0 543.0 20.0 10.0
986.0 2239.0 20.0 10.0
419.0 1555.0 20.0 10.0
884.0 936.0 20.0 10.0
850.0 952.0 20.0 10.0
811.0 965.0 20.0 10.0
1151.0 1751.0 20.0 10.0
1150.0 1780.0 20.0 10.0
430.0 1536.0 20.0 10.0
433.0 1508.0 20.0 10.0
944.0 905.0 20.0 10.0
157.0 980.0 20.0 10.0
913.0 2142.0 20.0 10.0
825.0 862.0 20.0 10.0
816.0 877.0 20.0 10.0
722.0 974.0 20.0 10.0
242.0 501.0 20.0 10.0
98.0 56.0 20.0 10.0
85.0 908.0 20.0 10.0
163.0 99.0 20.0 10.0
756.0 278.0 20.0 10.0
1074.0 2113.0 20.0 10.0
1348.0 211.0 20.0 10.0
1402.0 2218.0 20.0 10.0
1362.0 2203.0 20.0 10.0
932.0 2206.0 20.0 10.0
527.0 1094.0 20.0 10.0
530.0 1121.0 20.0 10.0
303.0 497.0 20.0 10.0
318.0 995.0 20.0 10.0
317.0 1012.0 20.0 10.0
546.0 1517.0 20.0 10.0
257.0 501.0 20.0 10.0
280.0 515.0 20.0 10.0
1234.0 276.0 20.0 10.0
1753.0 156.0 20.0 10.0
221.0 575.0 20.0 10.0
227.0 554.0 20.0 10.0
729.0 189.0 20.0 10.0
727.0 215.0 20.0 10.0
706.0 231.0 20.0 10.0
696.0 258.0 20.0 10.0
486.0 463.0 20.0 10.0
498.0 437.0 20.0 10.0
1128.0 1812.0 20.0 10.0
1111.0 1844.0 20.0 10.0
1153.0 1682.0 20.0 10.0
1921.0 176.0 20.0 10.0
300.0 523.0 20.0 10.0
1187.0 2126.0 20.0 10.0
734.0 241.0 20.0 10.0
1291.0 215.0 20.0 10.0
106.0 1975.0 20.0 10.0
129.0 1972.0 20.0 10.0
164.0 1971.0 20.0 10.0
201.0 1975.0 20.0 10.0
1102.0 2107.0 20.0 10.0
199.0 945.0 20.0 10.0
294.0 1166.0 20.0 10.0
174.0 919.0 20.0 10.0
192.0 939.0 20.0 10.0
221.0 965.0 20.0 10.0
249.0 999.0 20.0 10.0
1675.0 168.0 20.0 10.0
1655.0 185.0 20.0 10.0
126.0 900.0 20.0 10.0
149.0 902.0 20.0 10.0
1150.0 1808.0 20.0 10.0
464.0 1999.0 20.0 10.0
493.0 2007.0 20.0 10.0
541.0 2011.0 20.0 10.0
1029.0 1966.0 20.0 10.0
1030.0 1995.0 20.0 10.0
794.0 898.0 20.0 10.0
661.0 2075.0 20.0 10.0
1960.0 67.0 20.0 10.0
970.0 907.0 20.0 10.0
500.0 1492.0 20.0 10.0
665.0 2046.0 20.0 10.0
958.0 862.0 20.0 10.0
1046.0 2077.0 20.0 10.0
649.0 880.0 20.0 10.0
967.0 889.0 20.0 10.0
49.0 898.0 20.0 10.0
456.0 550.0 20.0 10.0
258.0 1147.0 20.0 10.0
281.0 1142.0 20.0 10.0
576.0 1469.0 20.0 10.0
560.0 1447.0 20.0 10.0
590.0 1448.0 20.0 10.0
1194.0 2116.0 20.0 10.0
735.0 1039.0 20.0 10.0
180.0 1995.0 20.0 10.0
867.0 2267.0 20.0 10.0
879.0 2245.0 20.0 10.0
892.0 2218.0 20.0 10.0
915.0 2193.0 20.0 10.0
42.0 1949.0 20.0 10.0
66.0 1960.0 20.0 10.0
94.0 1969.0 20.0 10.0
692.0 1160.0 20.0 10.0
894.0 232.0 20.0 10.0
184.0 62.0 20.0 10.0
192.0 80.0 20.0 10.0
1009.0 862.0 20.0 10.0
990.0 874.0 20.0 10.0
963.0 2127.0 20.0 10.0
1116.0 229.0 20.0 10.0
1057.0 236.0 20.0 10.0
612.0 2012.0 20.0 10.0
1917.0 220.0 20.0 10.0
1891.0 206.0 20.0 10.0
1856.0 196.0 20.0 10.0
49.0 1946.0 20.0 10.0
1019.0 2096.0 20.0 10.0
960.0 2082.0 20.0 10.0
402.0 1463.0 20.0 10.0
270.0 2043.0 20.0 10.0
291.0 2032.0 20.0 10.0
563.0 1532.0 20.0 10.0
271.0 103.0 20.0 10.0
547.0 1464.0 20.0 10.0
525.0 1438.0 20.0 10.0
229.0 1104.0 20.0 10.0
253.0 1103.0 20.0 10.0
880.0 2087.0 20.0 10.0
862.0 232.0 20.0 10.0
941.0 268.0 20.0 10.0
927.0 266.0 20.0 10.0
905.0 254.0 20.0 10.0
1212.0 2113.0 20.0 10.0
1555.0 133.0 20.0 10.0
428.0 642.0 20.0 10.0
442.0 606.0 20.0 10.0
536.0 1387.0 20.0 10.0
505.0 1382.0 20.0 10.0
497.0 1321.0 20.0 10.0
488.0 1261.0 20.0 10.0
481.0 1201.0 20.0 10.0
790.0 951.0 20.0 10.0
768.0 978.0 20.0 10.0
898.0 205.0 20.0 10.0
1449.0 2217.0 20.0 10.0
1430.0 2217.0 20.0 10.0
278.0 155.0 20.0 10.0
323.0 176.0 20.0 10.0
372.0 198.0 20.0 10.0
422.0 220.0 20.0 10.0
471.0 246.0 20.0 10.0
445.0 230.0 20.0 10.0
633.0 1087.0 20.0 10.0
605.0 1082.0 20.0 10.0
640.0 971.0 20.0 10.0
752.0 1046.0 20.0 10.0
1571.0 223.0 20.0 10.0
931.0 2027.0 20.0 10.0
1156.0 2129.0 20.0 10.0
1127.0 2129.0 20.0 10.0
939.0 2198.0 20.0 10.0
946.0 2170.0 20.0 10.0
123.0 975.0 20.0 10.0
239.0 1135.0 20.0 10.0
253.0 1121.0 20.0 10.0
281.0 1112.0 20.0 10.0
1072.0 1915.0 20.0 10.0
1052.0 1954.0 20.0 10.0
134.0 925.0 20.0 10.0
163.0 919.0 20.0 10.0
674.0 238.0 20.0 10.0
648.0 915.0 20.0 10.0
645.0 937.0 20.0 10.0
659.0 1162.0 20.0 10.0
617.0 1150.0 20.0 10.0
574.0 1136.0 20.0 10.0
471.0 510.0 20.0 10.0
485.0 484.0 20.0 10.0
1945.0 79.0 20.0 10.0
937.0 2060.0 20.0 10.0
907.0 2282.0 20.0 10.0
911.0 2264.0 20.0 10.0
694.0 286.0 20.0 10.0
512.0 1344.0 20.0 10.0
1719.0 278.0 20.0 10.0
1702.0 265.0 20.0 10.0
719.0 1145.0 20.0 10.0
522.0 1541.0 20.0 10.0
506.0 247.0 20.0 10.0
539.0 1517.0 20.0 10.0
535.0 1485.0 20.0 10.0
204.0 539.0 20.0 10.0
570.0 271.0 20.0 10.0
571.0 299.0 20.0 10.0
521.0 273.0 20.0 10.0
1583.0 139.0 20.0 10.0
1440.0 2231.0 20.0 10.0
1162.0 2116.0 20.0 10.0
910.0 308.0 20.0 10.0
881.0 307.0 20.0 10.0
884.0 285.0 20.0 10.0
1211.0 238.0 20.0 10.0
1195.0 215.0 20.0 10.0
248.0 553.0 20.0 10.0
683.0 310.0 20.0 10.0
191.0 110.0 20.0 10.0
590.0 2014.0 20.0 10.0
640.0 2020.0 20.0 10.0
1893.0 112.0 20.0 10.0
225.0 106.0 20.0 10.0
69.0 43.0 20.0 10.0
92.0 48.0 20.0 10.0
1663.0 237.0 20.0 10.0
1638.0 239.0 20.0 10.0
709.0 1027.0 20.0 10.0
676.0 1029.0 20.0 10.0
458.0 568.0 20.0 10.0
516.0 2022.0 20.0 10.0
559.0 1579.0 20.0 10.0
551.0 1560.0 20.0 10.0
1574.0 2281.0 20.0 10.0
288.0 1070.0 20.0 10.0
1236.0 1667.0 20.0 10.0
937.0 249.0 20.0 10.0
1823.0 177.0 20.0 10.0
409.0 1573.0 20.0 10.0
101.0 2003.0 20.0 10.0
691.0 2029.0 20.0 10.0
821.0 905.0 20.0 10.0
522.0 227.0 20.0 10.0
216.0 1141.0 20.0 10.0
1215.0 1706.0 20.0 10.0
1196.0 1729.0 20.0 10.0
1968.0 97.0 20.0 10.0
199.0 1929.0 20.0 10.0
207.0 1943.0 20.0 10.0
217.0 1962.0 20.0 10.0
1958.0 175.0 20.0 10.0
1779.0 181.0 20.0 10.0
1013.0 886.0 20.0 10.0
995.0 888.0 20.0 10.0
609.0 1173.0 20.0 10.0
590.0 1158.0 20.0 10.0
792.0 1162.0 20.0 10.0
1225.0 260.0 20.0 10.0
977.0 2051.0 20.0 10.0
115.0 1951.0 20.0 10.0
301.0 2005.0 20.0 10.0
299.0 157.0 20.0 10.0
1460.0 202.0 20.0 10.0
698.0 1172.0 20.0 10.0
512.0 388.0 20.0 10.0
764.0 1156.0 20.0 10.0
735.0 1170.0 20.0 10.0
475.0 1228.0 20.0 10.0
335.0 164.0 20.0 10.0
346.0 186.0 20.0 10.0
953.0 2035.0 20.0 10.0
1874.0 220.0 20.0 10.0
422.0 1454.0 20.0 10.0
1550.0 173.0 20.0 10.0
1577.0 167.0 20.0 10.0
424.0 1206.0 20.0 10.0
367.0 1478.0 20.0 10.0
585.0 1408.0 20.0 10.0
1675.0 264.0 20.0 10.0
1952.0 241.0 20.0 10.0
1938.0 233.0 20.0 10.0
603.0 1054.0 20.0 10.0
535.0 1071.0 20.0 10.0
1404.0 205.0 20.0 10.0
529.0 1508.0 20.0 10.0
72.0 60.0 20.0 10.0
91.0 68.0 20.0 10.0
122.0 65.0 20.0 10.0
193.0 1100.0 20.0 10.0
210.0 1101.0 20.0 10.0
441.0 420.0 20.0 10.0
415.0 235.0 20.0 10.0
324.0 1043.0 20.0 10.0
314.0 1071.0 20.0 10.0
313.0 1102.0 20.0 10.0
366.0 799.0 20.0 10.0
1345.0 2193.0 20.0 10.0
1252.0 194.0 20.0 10.0
403.0 465.0 20.0 10.0
408.0 437.0 20.0 10.0
206.0 939.0 20.0 10.0
1015.0 2011.0 20.0 10.0
369.0 168.0 20.0 10.0
861.0 282.0 20.0 10.0
877.0 258.0 20.0 10.0
816.0 267.0 20.0 10.0
568.0 1490.0 20.0 10.0
97.0 97.0 20.0 10.0
112.0 97.0 20.0 10.0
135.0 106.0 20.0 10.0
161.0 117.0 20.0 10.0
1242.0 1715.0 20.0 10.0
520.0 453.0 20.0 10.0
1995.0 173.0 20.0 10.0
1978.0 174.0 20.0 10.0
552.0 1504.0 20.0 10.0
944.0 2265.0 20.0 10.0
953.0 2237.0 20.0 10.0
232.0 1133.0 20.0 10.0
