500
2214.0 270.0 20.0 10.0
4287.0 1238.0 20.0 10.0
4276.0 1253.0 20.0 10.0
4253.0 1267.0 20.0 10.0
3494.0 1352.0 20.0 10.0
1312.0 1134.0 20.0 10.0
2113.0 876.0 20.0 10.0
2135.0 859.0 20.0 10.0
2070.0 551.0 20.0 10.0
1325.0 1071.0 20.0 10.0
1386.0 1057.0 20.0 10.0
765.0 1204.0 20.0 10.0
786.0 1195.0 20.0 10.0
1367.0 1076.0 20.0 10.0
451.0 1252.0 20.0 10.0
464.0 1256.0 20.0 10.0
489.0 1264.0 20.0 10.0
4167.0 1502.0 20.0 10.0
4144.0 1481.0 20.0 10.0
205.0 2052.0 20.0 10.0
146.0 1395.0 20.0 10.0
1897.0 944.0 20.0 10.0
673.0 1999.0 20.0 10.0
656.0 1985.0 20.0 10.0
154.0 1894.0 20.0 10.0
2597.0 976.0 20.0 10.0
2529.0 953.0 20.0 10.0
2208.0 479.0 20.0 10.0
2234.0 489.0 20.0 10.0
71.0 1899.0 20.0 10.0
3949.0 1500.0 20.0 10.0
3924.0 1486.0 20.0 10.0
348.0 1343.0 20.0 10.0
1620.0 1065.0 20.0 10.0
2010.0 617.0 20.0 10.0
263.0 1703.0 20.0 10.0
4310.0 1263.0 20.0 10.0
4290.0 1282.0 20.0 10.0
4270.0 1290.0 20.0 10.0
477.0 1891.0 20.0 10.0
4515.0 1573.0 20.0 10.0
4498.0 1550.0 20.0 10.0
4479.0 1540.0 20.0 10.0
891.0 1208.0 20.0 10.0
877.0 1189.0 20.0 10.0
930.0 1175.0 20.0 10.0
984.0 1160.0 20.0 10.0
1039.0 1146.0 20.0 10.0
1094.0 1132.0 20.0 10.0
4255.0 1226.0 20.0 10.0
4246.0 1237.0 20.0 10.0
4237.0 1249.0 20.0 10.0
25.0 1447.0 20.0 10.0
2266.0 865.0 20.0 10.0
2200.0 842.0 20.0 10.0
2085.0 576.0 20.0 10.0
185.0 1996.0 20.0 10.0
1535.0 952.0 20.0 10.0
1532.0 971.0 20.0 10.0
4226.0 1581.0 20.0 10.0
4220.0 1569.0 20.0 10.0
2260.0 109.0 20.0 10.0
268.0 1898.0 20.0 10.0
317.0 1877.0 20.0 10.0
237.0 1658.0 20.0 10.0
253.0 1676.0 20.0 10.0
742.0 1237.0 20.0 10.0
2206.0 315.0 20.0 10.0
2222.0 340.0 20.0 10.0
2028.0 515.0 20.0 10.0
321.0 1837.0 20.0 10.0
2309.0 1012.0 20.0 10.0
2192.0 400.0 20.0 10.0
2192.0 418.0 20.0 10.0
2384.0 936.0 20.0 10.0
3325.0 1180.0 20.0 10.0
715.0 1999.0 20.0 10.0
696.0 1991.0 20.0 10.0
668.0 1977.0 20.0 10.0
3952.0 1161.0 20.0 10.0
109.0 1980.0 20.0 10.0
2365.0 1043.0 20.0 10.0
2367.0 1030.0 20.0 10.0
172.0 1412.0 20.0 10.0
546.0 1836.0 20.0 10.0
200.0 2011.0 20.0 10.0
4131.0 1294.0 20.0 10.0
4095.0 1305.0 20.0 10.0
209.0 2034.0 20.0 10.0
2988.0 1121.0 20.0 10.0
3014.0 1115.0 20.0 10.0
2945.0 1093.0 20.0 10.0
218.0 1915.0 20.0 10.0
3564.0 1479.0 20.0 10.0
757.0 1177.0 20.0 10.0
2248.0 504.0 20.0 10.0
2236.0 524.0 20.0 10.0
117.0 1370.0 20.0 10.0
125.0 1398.0 20.0 10.0
1649.0 970.0 20.0 10.0
1634.0 993.0 20.0 10.0
57.0 1948.0 20.0 10.0
463.0 1312.0 20.0 10.0
1265.0 1088.0 20.0 10.0
227.0 1746.0 20.0 10.0
235.0 1717.0 20.0 10.0
1819.0 941.0 20.0 10.0
3802.0 1326.0 20.0 10.0
3736.0 1304.0 20.0 10.0
3665.0 1286.0 20.0 10.0
3594.0 1267.0 20.0 10.0
313.0 1798.0 20.0 10.0
1437.0 1062.0 20.0 10.0
1448.0 1042.0 20.0 10.0
1510.0 1027.0 20.0 10.0
2661.0 1056.0 20.0 10.0
2243.0 320.0 20.0 10.0
2070.0 564.0 20.0 10.0
4225.0 1273.0 20.0 10.0
583.0 1238.0 20.0 10.0
608.0 1258.0 20.0 10.0
661.0 1245.0 20.0 10.0
4025.0 1081.0 20.0 10.0
4010.0 1095.0 20.0 10.0
3993.0 1110.0 20.0 10.0
3987.0 1128.0 20.0 10.0
223.0 1397.0 20.0 10.0
233.0 1373.0 20.0 10.0
2242.0 25.0 20.0 10.0
4297.0 1237.0 20.0 10.0
516.0 1866.0 20.0 10.0
3754.0 1328.0 20.0 10.0
123.0 1935.0 20.0 10.0
153.0 1420.0 20.0 10.0
3525.0 1276.0 20.0 10.0
3522.0 1249.0 20.0 10.0
4453.0 1542.0 20.0 10.0
4423.0 1535.0 20.0 10.0
4390.0 1535.0 20.0 10.0
4357.0 1524.0 20.0 10.0
608.0 1849.0 20.0 10.0
579.0 1851.0 20.0 10.0
552.0 1868.0 20.0 10.0
2211.0 650.0 20.0 10.0
2193.0 667.0 20.0 10.0
2194.0 726.0 20.0 10.0
3560.0 1465.0 20.0 10.0
1134.0 1132.0 20.0 10.0
1150.0 1117.0 20.0 10.0
1207.0 1103.0 20.0 10.0
181.0 1707.0 20.0 10.0
1986.0 915.0 20.0 10.0
369.0 1320.0 20.0 10.0
414.0 1311.0 20.0 10.0
461.0 1299.0 20.0 10.0
509.0 1286.0 20.0 10.0
92.0 1944.0 20.0 10.0
609.0 1882.0 20.0 10.0
42.0 1443.0 20.0 10.0
83.0 1945.0 20.0 10.0
2609.0 1044.0 20.0 10.0
604.0 1904.0 20.0 10.0
581.0 1886.0 20.0 10.0
3494.0 1448.0 20.0 10.0
3500.0 1436.0 20.0 10.0
1757.0 958.0 20.0 10.0
2244.0 136.0 20.0 10.0
165.0 1924.0 20.0 10.0
4068.0 1416.0 20.0 10.0
4042.0 1401.0 20.0 10.0
3988.0 1379.0 20.0 10.0
3620.0 1278.0 20.0 10.0
579.0 1811.0 20.0 10.0
1663.0 1037.0 20.0 10.0
3557.0 1449.0 20.0 10.0
334.0 1441.0 20.0 10.0
3101.0 1133.0 20.0 10.0
3940.0 1505.0 20.0 10.0
694.0 1964.0 20.0 10.0
4030.0 1103.0 20.0 10.0
4018.0 1107.0 20.0 10.0
1623.0 1040.0 20.0 10.0
1640.0 1021.0 20.0 10.0
3964.0 1516.0 20.0 10.0
1730.0 1010.0 20.0 10.0
2333.0 1004.0 20.0 10.0
3561.0 1404.0 20.0 10.0
3534.0 1398.0 20.0 10.0
2249.0 479.0 20.0 10.0
2112.0 973.0 20.0 10.0
2140.0 965.0 20.0 10.0
213.0 1982.0 20.0 10.0
220.0 1950.0 20.0 10.0
633.0 1968.0 20.0 10.0
595.0 1953.0 20.0 10.0
556.0 1936.0 20.0 10.0
2238.0 60.0 20.0 10.0
2251.0 83.0 20.0 10.0
4199.0 1537.0 20.0 10.0
4184.0 1520.0 20.0 10.0
2726.0 1000.0 20.0 10.0
2852.0 1086.0 20.0 10.0
2083.0 668.0 20.0 10.0
2100.0 646.0 20.0 10.0
2208.0 524.0 20.0 10.0
2200.0 553.0 20.0 10.0
29.0 1960.0 20.0 10.0
49.0 1952.0 20.0 10.0
3568.0 1426.0 20.0 10.0
3533.0 1368.0 20.0 10.0
2228.0 680.0 20.0 10.0
2224.0 656.0 20.0 10.0
247.0 1350.0 20.0 10.0
285.0 1337.0 20.0 10.0
325.0 1327.0 20.0 10.0
3958.0 1520.0 20.0 10.0
3863.0 1419.0 20.0 10.0
3843.0 1391.0 20.0 10.0
3824.0 1359.0 20.0 10.0
1485.0 959.0 20.0 10.0
1500.0 965.0 20.0 10.0
2345.0 968.0 20.0 10.0
4102.0 1468.0 20.0 10.0
4094.0 1458.0 20.0 10.0
4073.0 1445.0 20.0 10.0
2149.0 795.0 20.0 10.0
3975.0 1343.0 20.0 10.0
3932.0 1356.0 20.0 10.0
3868.0 1342.0 20.0 10.0
2369.0 1014.0 20.0 10.0
3147.0 1062.0 20.0 10.0
3134.0 1078.0 20.0 10.0
4239.0 1571.0 20.0 10.0
2700.0 977.0 20.0 10.0
2719.0 989.0 20.0 10.0
314.0 1744.0 20.0 10.0
2240.0 40.0 20.0 10.0
2226.0 96.0 20.0 10.0
2227.0 112.0 20.0 10.0
2673.0 1096.0 20.0 10.0
105.0 1994.0 20.0 10.0
3338.0 1148.0 20.0 10.0
3317.0 1155.0 20.0 10.0
1666.0 1016.0 20.0 10.0
4308.0 1228.0 20.0 10.0
2719.0 1046.0 20.0 10.0
2735.0 1023.0 20.0 10.0
3932.0 1178.0 20.0 10.0
3708.0 1310.0 20.0 10.0
297.0 1712.0 20.0 10.0
165.0 1364.0 20.0 10.0
1417.0 1066.0 20.0 10.0
714.0 1234.0 20.0 10.0
769.0 1222.0 20.0 10.0
824.0 1205.0 20.0 10.0
50.0 1447.0 20.0 10.0
64.0 1438.0 20.0 10.0
1486.0 991.0 20.0 10.0
2213.0 148.0 20.0 10.0
2215.0 162.0 20.0 10.0
2218.0 180.0 20.0 10.0
2232.0 207.0 20.0 10.0
2679.0 1089.0 20.0 10.0
3909.0 1195.0 20.0 10.0
3884.0 1211.0 20.0 10.0
3857.0 1228.0 20.0 10.0
3828.0 1244.0 20.0 10.0
3799.0 1263.0 20.0 10.0
3767.0 1283.0 20.0 10.0
3970.0 1144.0 20.0 10.0
3496.0 1427.0 20.0 10.0
179.0 1383.0 20.0 10.0
211.0 1363.0 20.0 10.0
2638.0 1040.0 20.0 10.0
2642.0 1011.0 20.0 10.0
2232.0 423.0 20.0 10.0
3643.0 1250.0 20.0 10.0
3508.0 1384.0 20.0 10.0
98.0 1425.0 20.0 10.0
46.0 1432.0 20.0 10.0
2265.0 122.0 20.0 10.0
220.0 1779.0 20.0 10.0
233.0 1803.0 20.0 10.0
2370.0 993.0 20.0 10.0
1493.0 1049.0 20.0 10.0
1618.0 969.0 20.0 10.0
2191.0 333.0 20.0 10.0
2195.0 345.0 20.0 10.0
2218.0 363.0 20.0 10.0
2216.0 391.0 20.0 10.0
2209.0 442.0 20.0 10.0
2463.0 932.0 20.0 10.0
3065.0 1152.0 20.0 10.0
3085.0 1138.0 20.0 10.0
1880.0 923.0 20.0 10.0
1943.0 906.0 20.0 10.0
2005.0 891.0 20.0 10.0
2070.0 875.0 20.0 10.0
3694.0 1283.0 20.0 10.0
255.0 1812.0 20.0 10.0
282.0 1794.0 20.0 10.0
3377.0 1213.0 20.0 10.0
754.0 1706.0 20.0 10.0
4436.0 1552.0 20.0 10.0
3556.0 1442.0 20.0 10.0
3537.0 1427.0 20.0 10.0
3908.0 1466.0 20.0 10.0
2642.0 1125.0 20.0 10.0
516.0 1916.0 20.0 10.0
2655.0 1083.0 20.0 10.0
558.0 1272.0 20.0 10.0
2109.0 672.0 20.0 10.0
2131.0 651.0 20.0 10.0
1471.0 955.0 20.0 10.0
2642.0 1112.0 20.0 10.0
2622.0 1094.0 20.0 10.0
2625.0 1067.0 20.0 10.0
4331.0 1265.0 20.0 10.0
802.0 1214.0 20.0 10.0
4057.0 1318.0 20.0 10.0
4018.0 1331.0 20.0 10.0
540.0 1934.0 20.0 10.0
569.0 1288.0 20.0 10.0
4489.0 1568.0 20.0 10.0
1489.0 1063.0 20.0 10.0
48.0 2030.0 20.0 10.0
63.0 2020.0 20.0 10.0
82.0 2001.0 20.0 10.0
2864.0 1044.0 20.0 10.0
2874.0 1071.0 20.0 10.0
2804.0 1047.0 20.0 10.0
4203.0 1440.0 20.0 10.0
4179.0 1432.0 20.0 10.0
4042.0 1058.0 20.0 10.0
4035.0 1069.0 20.0 10.0
1572.0 1011.0 20.0 10.0
1292.0 1006.0 20.0 10.0
1301.0 1022.0 20.0 10.0
1320.0 1019.0 20.0 10.0
1343.0 1025.0 20.0 10.0
1696.0 975.0 20.0 10.0
1359.0 1101.0 20.0 10.0
2078.0 630.0 20.0 10.0
90.0 1858.0 20.0 10.0
107.0 1879.0 20.0 10.0
1356.0 1095.0 20.0 10.0
96.0 1892.0 20.0 10.0
130.0 1905.0 20.0 10.0
302.0 1844.0 20.0 10.0
313.0 1819.0 20.0 10.0
76.0 1871.0 20.0 10.0
1621.0 1053.0 20.0 10.0
1517.0 971.0 20.0 10.0
4322.0 1509.0 20.0 10.0
4285.0 1491.0 20.0 10.0
4204.0 1264.0 20.0 10.0
4195.0 1282.0 20.0 10.0
4164.0 1284.0 20.0 10.0
3158.0 1158.0 20.0 10.0
58.0 1391.0 20.0 10.0
71.0 1394.0 20.0 10.0
85.0 1417.0 20.0 10.0
116.0 1411.0 20.0 10.0
2172.0 796.0 20.0 10.0
2112.0 933.0 20.0 10.0
2112.0 917.0 20.0 10.0
2111.0 900.0 20.0 10.0
1899.0 954.0 20.0 10.0
1921.0 941.0 20.0 10.0
1920.0 915.0 20.0 10.0
188.0 1701.0 20.0 10.0
204.0 1723.0 20.0 10.0
3508.0 1329.0 20.0 10.0
3535.0 1336.0 20.0 10.0
3534.0 1305.0 20.0 10.0
3829.0 1262.0 20.0 10.0
2204.0 497.0 20.0 10.0
3139.0 1055.0 20.0 10.0
2603.0 1084.0 20.0 10.0
2037.0 645.0 20.0 10.0
2058.0 627.0 20.0 10.0
235.0 1998.0 20.0 10.0
533.0 1289.0 20.0 10.0
465.0 1848.0 20.0 10.0
452.0 1876.0 20.0 10.0
424.0 1888.0 20.0 10.0
371.0 1884.0 20.0 10.0
2241.0 169.0 20.0 10.0
127.0 1979.0 20.0 10.0
138.0 1954.0 20.0 10.0
2275.0 504.0 20.0 10.0
2263.0 503.0 20.0 10.0
606.0 1839.0 20.0 10.0
178.0 1715.0 20.0 10.0
3935.0 1480.0 20.0 10.0
439.0 1305.0 20.0 10.0
457.0 1284.0 20.0 10.0
482.0 1297.0 20.0 10.0
1706.0 1001.0 20.0 10.0
594.0 1283.0 20.0 10.0
2237.0 748.0 20.0 10.0
4478.0 1575.0 20.0 10.0
4467.0 1566.0 20.0 10.0
2361.0 922.0 20.0 10.0
4227.0 1563.0 20.0 10.0
4214.0 1554.0 20.0 10.0
3617.0 1253.0 20.0 10.0
4260.0 1490.0 20.0 10.0
4242.0 1473.0 20.0 10.0
4196.0 1457.0 20.0 10.0
4149.0 1438.0 20.0 10.0
4097.0 1423.0 20.0 10.0
4123.0 1451.0 20.0 10.0
1285.0 1044.0 20.0 10.0
55.0 2037.0 20.0 10.0
305.0 1436.0 20.0 10.0
313.0 1426.0 20.0 10.0
319.0 1410.0 20.0 10.0
327.0 1394.0 20.0 10.0
337.0 1369.0 20.0 10.0
2226.0 293.0 20.0 10.0
74.0 1437.0 20.0 10.0
2398.0 909.0 20.0 10.0
2332.0 888.0 20.0 10.0
776.0 1170.0 20.0 10.0
2046.0 545.0 20.0 10.0
2057.0 549.0 20.0 10.0
626.0 1260.0 20.0 10.0
634.0 1233.0 20.0 10.0
3914.0 1456.0 20.0 10.0
3888.0 1442.0 20.0 10.0
289.0 1848.0 20.0 10.0
266.0 1814.0 20.0 10.0
247.0 1777.0 20.0 10.0
2102.0 589.0 20.0 10.0
2125.0 605.0 20.0 10.0
2149.0 621.0 20.0 10.0
2163.0 648.0 20.0 10.0
233.0 2027.0 20.0 10.0
228.0 2009.0 20.0 10.0
1318.0 1109.0 20.0 10.0
25.0 1951.0 20.0 10.0
3509.0 1412.0 20.0 10.0
2198.0 610.0 20.0 10.0
2665.0 999.0 20.0 10.0
767.0 1683.0 20.0 10.0
753.0 1694.0 20.0 10.0
737.0 1709.0 20.0 10.0
716.0 1726.0 20.0 10.0
693.0 1739.0 20.0 10.0
670.0 1757.0 20.0 10.0
643.0 1774.0 20.0 10.0
612.0 1792.0 20.0 10.0
233.0 1631.0 20.0 10.0
236.0 1650.0 20.0 10.0
3133.0 1098.0 20.0 10.0
3111.0 1081.0 20.0 10.0
3112.0 1108.0 20.0 10.0
2266.0 198.0 20.0 10.0
2251.0 209.0 20.0 10.0
2223.0 221.0 20.0 10.0
2230.0 249.0 20.0 10.0
1322.0 1125.0 20.0 10.0
1338.0 1115.0 20.0 10.0
3285.0 1216.0 20.0 10.0
3305.0 1196.0 20.0 10.0
3232.0 1177.0 20.0 10.0
3090.0 1063.0 20.0 10.0
131.0 1873.0 20.0 10.0
285.0 1730.0 20.0 10.0
302.0 1762.0 20.0 10.0
2119.0 949.0 20.0 10.0
3057.0 1140.0 20.0 10.0
723.0 1708.0 20.0 10.0
1460.0 951.0 20.0 10.0
3481.0 1205.0 20.0 10.0
3454.0 1210.0 20.0 10.0
3449.0 1231.0 20.0 10.0
2255.0 747.0 20.0 10.0
2242.0 770.0 20.0 10.0
1938.0 961.0 20.0 10.0
1529.0 996.0 20.0 10.0
1547.0 1016.0 20.0 10.0
1330.0 1104.0 20.0 10.0
4335.0 1228.0 20.0 10.0
4315.0 1232.0 20.0 10.0
2036.0 525.0 20.0 10.0
2046.0 536.0 20.0 10.0
2024.0 621.0 20.0 10.0
1364.0 1038.0 20.0 10.0
1330.0 1018.0 20.0 10.0
4227.0 1481.0 20.0 10.0
4216.0 1465.0 20.0 10.0
2321.0 994.0 20.0 10.0
2351.0 988.0 20.0 10.0
2372.0 965.0 20.0 10.0
2196.0 783.0 20.0 10.0
2216.0 796.0 20.0 10.0
2223.0 772.0 20.0 10.0
2201.0 756.0 20.0 10.0
