500
114.0 1208.0 20.0 10.0
783.0 832.0 20.0 10.0
387.0 928.0 20.0 10.0
348.0 1794.0 20.0 10.0
344.0 1987.0 20.0 10.0
232.0 2030.0 20.0 10.0
234.0 2000.0 20.0 10.0
1448.0 731.0 20.0 10.0
1415.0 740.0 20.0 10.0
1060.0 752.0 20.0 10.0
1453.0 1675.0 20.0 10.0
1687.0 1046.0 20.0 10.0
967.0 809.0 20.0 10.0
925.0 814.0 20.0 10.0
1676.0 1136.0 20.0 10.0
343.0 1033.0 20.0 10.0
368.0 1014.0 20.0 10.0
412.0 965.0 20.0 10.0
1706.0 1147.0 20.0 10.0
1543.0 1063.0 20.0 10.0
1504.0 962.0 20.0 10.0
379.0 650.0 20.0 10.0
409.0 636.0 20.0 10.0
1619.0 1919.0 20.0 10.0
1489.0 1962.0 20.0 10.0
1479.0 1941.0 20.0 10.0
864.0 1819.0 20.0 10.0
420.0 171.0 20.0 10.0
428.0 191.0 20.0 10.0
326.0 1060.0 20.0 10.0
1137.0 1735.0 20.0 10.0
108.0 433.0 20.0 10.0
824.0 756.0 20.0 10.0
1220.0 901.0 20.0 10.0
1151.0 879.0 20.0 10.0
183.0 1983.0 20.0 10.0
1481.0 1015.0 20.0 10.0
276.0 472.0 20.0 10.0
1649.0 934.0 20.0 10.0
1632.0 936.0 20.0 10.0
1387.0 931.0 20.0 10.0
1011.0 853.0 20.0 10.0
779.0 1849.0 20.0 10.0
1570.0 1983.0 20.0 10.0
1459.0 1647.0 20.0 10.0
163.0 583.0 20.0 10.0
1302.0 1808.0 20.0 10.0
291.0 535.0 20.0 10.0
433.0 1908.0 20.0 10.0
212.0 599.0 20.0 10.0
410.0 1854.0 20.0 10.0
928.0 1877.0 20.0 10.0
397.0 592.0 20.0 10.0
413.0 617.0 20.0 10.0
53.0 1234.0 20.0 10.0
1003.0 786.0 20.0 10.0
691.0 831.0 20.0 10.0
1380.0 750.0 20.0 10.0
1415.0 1736.0 20.0 10.0
408.0 1016.0 20.0 10.0
129.0 445.0 20.0 10.0
1160.0 684.0 20.0 10.0
295.0 1795.0 20.0 10.0
322.0 1792.0 20.0 10.0
1378.0 957.0 20.0 10.0
356.0 963.0 20.0 10.0
1148.0 1883.0 20.0 10.0
1450.0 723.0 20.0 10.0
1437.0 733.0 20.0 10.0
407.0 1885.0 20.0 10.0
161.0 1266.0 20.0 10.0
189.0 1228.0 20.0 10.0
872.0 1857.0 20.0 10.0
1353.0 942.0 20.0 10.0
1286.0 922.0 20.0 10.0
371.0 42.0 20.0 10.0
1464.0 991.0 20.0 10.0
1575.0 2035.0 20.0 10.0
83.0 1338.0 20.0 10.0
519.0 982.0 20.0 10.0
518.0 953.0 20.0 10.0
1580.0 956.0 20.0 10.0
1564.0 957.0 20.0 10.0
1538.0 967.0 20.0 10.0
516.0 1190.0 20.0 10.0
212.0 1164.0 20.0 10.0
1746.0 1930.0 20.0 10.0
1391.0 724.0 20.0 10.0
1347.0 978.0 20.0 10.0
477.0 442.0 20.0 10.0
110.0 1330.0 20.0 10.0
1085.0 1826.0 20.0 10.0
1101.0 1852.0 20.0 10.0
1343.0 761.0 20.0 10.0
1304.0 773.0 20.0 10.0
83.0 1351.0 20.0 10.0
219.0 1190.0 20.0 10.0
248.0 1147.0 20.0 10.0
287.0 1105.0 20.0 10.0
819.0 1863.0 20.0 10.0
1134.0 1444.0 20.0 10.0
1138.0 1460.0 20.0 10.0
1138.0 1483.0 20.0 10.0
1378.0 1870.0 20.0 10.0
492.0 1016.0 20.0 10.0
962.0 861.0 20.0 10.0
317.0 631.0 20.0 10.0
1541.0 1947.0 20.0 10.0
24.0 1394.0 20.0 10.0
1367.0 730.0 20.0 10.0
1220.0 1794.0 20.0 10.0
1201.0 1821.0 20.0 10.0
521.0 883.0 20.0 10.0
1087.0 735.0 20.0 10.0
800.0 842.0 20.0 10.0
798.0 816.0 20.0 10.0
684.0 805.0 20.0 10.0
516.0 1156.0 20.0 10.0
516.0 1134.0 20.0 10.0
1464.0 915.0 20.0 10.0
1443.0 916.0 20.0 10.0
1276.0 1674.0 20.0 10.0
461.0 420.0 20.0 10.0
1268.0 937.0 20.0 10.0
744.0 1904.0 20.0 10.0
770.0 1913.0 20.0 10.0
347.0 971.0 20.0 10.0
202.0 488.0 20.0 10.0
890.0 1816.0 20.0 10.0
1171.0 1840.0 20.0 10.0
1182.0 827.0 20.0 10.0
516.0 1175.0 20.0 10.0
486.0 967.0 20.0 10.0
1522.0 2019.0 20.0 10.0
1518.0 2002.0 20.0 10.0
232.0 631.0 20.0 10.0
253.0 630.0 20.0 10.0
1448.0 927.0 20.0 10.0
762.0 1926.0 20.0 10.0
1552.0 1073.0 20.0 10.0
1685.0 1941.0 20.0 10.0
550.0 829.0 20.0 10.0
1134.0 1812.0 20.0 10.0
1573.0 1923.0 20.0 10.0
349.0 648.0 20.0 10.0
304.0 501.0 20.0 10.0
318.0 520.0 20.0 10.0
328.0 1951.0 20.0 10.0
358.0 1960.0 20.0 10.0
410.0 1945.0 20.0 10.0
378.0 1869.0 20.0 10.0
364.0 112.0 20.0 10.0
368.0 101.0 20.0 10.0
1304.0 946.0 20.0 10.0
335.0 565.0 20.0 10.0
173.0 2064.0 20.0 10.0
178.0 2034.0 20.0 10.0
404.0 211.0 20.0 10.0
1129.0 1721.0 20.0 10.0
1267.0 1829.0 20.0 10.0
1511.0 1017.0 20.0 10.0
1497.0 1031.0 20.0 10.0
381.0 198.0 20.0 10.0
271.0 530.0 20.0 10.0
314.0 556.0 20.0 10.0
666.0 734.0 20.0 10.0
331.0 921.0 20.0 10.0
314.0 954.0 20.0 10.0
1491.0 1790.0 20.0 10.0
369.0 129.0 20.0 10.0
214.0 629.0 20.0 10.0
149.0 456.0 20.0 10.0
328.0 2006.0 20.0 10.0
315.0 617.0 20.0 10.0
145.0 2027.0 20.0 10.0
315.0 943.0 20.0 10.0
333.0 946.0 20.0 10.0
358.0 937.0 20.0 10.0
348.0 1824.0 20.0 10.0
1065.0 739.0 20.0 10.0
466.0 429.0 20.0 10.0
450.0 370.0 20.0 10.0
1466.0 957.0 20.0 10.0
1416.0 962.0 20.0 10.0
355.0 1850.0 20.0 10.0
40.0 2081.0 20.0 10.0
1731.0 1961.0 20.0 10.0
1060.0 1866.0 20.0 10.0
1066.0 1852.0 20.0 10.0
1032.0 1850.0 20.0 10.0
1003.0 1835.0 20.0 10.0
1069.0 1823.0 20.0 10.0
1514.0 1803.0 20.0 10.0
58.0 1358.0 20.0 10.0
1548.0 939.0 20.0 10.0
517.0 1061.0 20.0 10.0
520.0 1038.0 20.0 10.0
301.0 965.0 20.0 10.0
791.0 1894.0 20.0 10.0
809.0 1866.0 20.0 10.0
155.0 1960.0 20.0 10.0
185.0 1962.0 20.0 10.0
112.0 1955.0 20.0 10.0
1510.0 1978.0 20.0 10.0
1510.0 1944.0 20.0 10.0
1481.0 1912.0 20.0 10.0
1430.0 1892.0 20.0 10.0
82.0 1221.0 20.0 10.0
1116.0 736.0 20.0 10.0
996.0 826.0 20.0 10.0
992.0 803.0 20.0 10.0
1644.0 1107.0 20.0 10.0
457.0 913.0 20.0 10.0
1362.0 1755.0 20.0 10.0
1334.0 1782.0 20.0 10.0
1350.0 741.0 20.0 10.0
1524.0 1783.0 20.0 10.0
1747.0 1974.0 20.0 10.0
1537.0 1037.0 20.0 10.0
369.0 950.0 20.0 10.0
150.0 2038.0 20.0 10.0
356.0 557.0 20.0 10.0
375.0 574.0 20.0 10.0
323.0 647.0 20.0 10.0
1504.0 705.0 20.0 10.0
1141.0 1783.0 20.0 10.0
1422.0 1668.0 20.0 10.0
1213.0 1848.0 20.0 10.0
1739.0 1166.0 20.0 10.0
133.0 1276.0 20.0 10.0
319.0 1769.0 20.0 10.0
297.0 489.0 20.0 10.0
66.0 1230.0 20.0 10.0
1130.0 1680.0 20.0 10.0
1075.0 1773.0 20.0 10.0
785.0 851.0 20.0 10.0
390.0 136.0 20.0 10.0
732.0 791.0 20.0 10.0
409.0 903.0 20.0 10.0
484.0 489.0 20.0 10.0
1139.0 1570.0 20.0 10.0
1004.0 835.0 20.0 10.0
979.0 787.0 20.0 10.0
982.0 1814.0 20.0 10.0
1138.0 1868.0 20.0 10.0
1505.0 691.0 20.0 10.0
1490.0 710.0 20.0 10.0
1225.0 809.0 20.0 10.0
1414.0 721.0 20.0 10.0
573.0 1908.0 20.0 10.0
490.0 1030.0 20.0 10.0
804.0 760.0 20.0 10.0
767.0 831.0 20.0 10.0
331.0 1763.0 20.0 10.0
1695.0 1101.0 20.0 10.0
1395.0 991.0 20.0 10.0
179.0 1178.0 20.0 10.0
399.0 166.0 20.0 10.0
1143.0 1444.0 20.0 10.0
474.0 641.0 20.0 10.0
1748.0 1963.0 20.0 10.0
439.0 380.0 20.0 10.0
454.0 399.0 20.0 10.0
209.0 2045.0 20.0 10.0
1131.0 1765.0 20.0 10.0
1031.0 766.0 20.0 10.0
1548.0 1780.0 20.0 10.0
522.0 1127.0 20.0 10.0
419.0 285.0 20.0 10.0
1402.0 1839.0 20.0 10.0
164.0 592.0 20.0 10.0
1340.0 983.0 20.0 10.0
1579.0 2006.0 20.0 10.0
1626.0 935.0 20.0 10.0
1611.0 937.0 20.0 10.0
216.0 1234.0 20.0 10.0
221.0 1221.0 20.0 10.0
517.0 1107.0 20.0 10.0
1150.0 704.0 20.0 10.0
1119.0 702.0 20.0 10.0
1111.0 721.0 20.0 10.0
1103.0 812.0 20.0 10.0
1509.0 945.0 20.0 10.0
1695.0 1139.0 20.0 10.0
1474.0 1632.0 20.0 10.0
374.0 64.0 20.0 10.0
1418.0 919.0 20.0 10.0
500.0 939.0 20.0 10.0
210.0 1951.0 20.0 10.0
498.0 993.0 20.0 10.0
104.0 1306.0 20.0 10.0
1078.0 1797.0 20.0 10.0
103.0 1213.0 20.0 10.0
126.0 1203.0 20.0 10.0
151.0 1192.0 20.0 10.0
1515.0 1042.0 20.0 10.0
216.0 1979.0 20.0 10.0
218.0 2015.0 20.0 10.0
1795.0 1198.0 20.0 10.0
1489.0 1811.0 20.0 10.0
1133.0 1640.0 20.0 10.0
985.0 1883.0 20.0 10.0
1414.0 1682.0 20.0 10.0
129.0 1958.0 20.0 10.0
975.0 840.0 20.0 10.0
909.0 1847.0 20.0 10.0
937.0 1846.0 20.0 10.0
629.0 1898.0 20.0 10.0
688.0 1888.0 20.0 10.0
747.0 1876.0 20.0 10.0
1389.0 1729.0 20.0 10.0
59.0 2073.0 20.0 10.0
80.0 2063.0 20.0 10.0
1717.0 1153.0 20.0 10.0
239.0 629.0 20.0 10.0
1417.0 938.0 20.0 10.0
1138.0 1509.0 20.0 10.0
1089.0 809.0 20.0 10.0
1410.0 1008.0 20.0 10.0
427.0 614.0 20.0 10.0
1323.0 964.0 20.0 10.0
1244.0 922.0 20.0 10.0
282.0 631.0 20.0 10.0
357.0 629.0 20.0 10.0
190.0 1254.0 20.0 10.0
1471.0 719.0 20.0 10.0
1258.0 1692.0 20.0 10.0
1545.0 1996.0 20.0 10.0
296.0 954.0 20.0 10.0
478.0 992.0 20.0 10.0
995.0 862.0 20.0 10.0
487.0 527.0 20.0 10.0
421.0 924.0 20.0 10.0
1617.0 1088.0 20.0 10.0
1539.0 942.0 20.0 10.0
526.0 1142.0 20.0 10.0
832.0 768.0 20.0 10.0
1603.0 1922.0 20.0 10.0
199.0 2061.0 20.0 10.0
1549.0 2015.0 20.0 10.0
1709.0 1952.0 20.0 10.0
377.0 156.0 20.0 10.0
382.0 181.0 20.0 10.0
376.0 149.0 20.0 10.0
1266.0 789.0 20.0 10.0
248.0 515.0 20.0 10.0
1456.0 1807.0 20.0 10.0
1137.0 1494.0 20.0 10.0
496.0 682.0 20.0 10.0
518.0 664.0 20.0 10.0
530.0 680.0 20.0 10.0
1278.0 1744.0 20.0 10.0
462.0 1929.0 20.0 10.0
517.0 1918.0 20.0 10.0
998.0 1865.0 20.0 10.0
1546.0 1077.0 20.0 10.0
1135.0 1845.0 20.0 10.0
233.0 506.0 20.0 10.0
1484.0 715.0 20.0 10.0
1372.0 970.0 20.0 10.0
1282.0 1710.0 20.0 10.0
1254.0 1711.0 20.0 10.0
1268.0 1689.0 20.0 10.0
505.0 1946.0 20.0 10.0
1528.0 1916.0 20.0 10.0
283.0 552.0 20.0 10.0
1511.0 1904.0 20.0 10.0
701.0 1842.0 20.0 10.0
724.0 1841.0 20.0 10.0
751.0 1839.0 20.0 10.0
847.0 757.0 20.0 10.0
498.0 652.0 20.0 10.0
1512.0 1777.0 20.0 10.0
257.0 1989.0 20.0 10.0
307.0 1975.0 20.0 10.0
1026.0 823.0 20.0 10.0
699.0 1852.0 20.0 10.0
501.0 551.0 20.0 10.0
337.0 542.0 20.0 10.0
394.0 183.0 20.0 10.0
52.0 1363.0 20.0 10.0
68.0 1223.0 20.0 10.0
911.0 1827.0 20.0 10.0
241.0 601.0 20.0 10.0
276.0 608.0 20.0 10.0
546.0 802.0 20.0 10.0
1121.0 1572.0 20.0 10.0
1443.0 1701.0 20.0 10.0
520.0 997.0 20.0 10.0
510.0 909.0 20.0 10.0
368.0 25.0 20.0 10.0
1584.0 939.0 20.0 10.0
420.0 261.0 20.0 10.0
1138.0 1538.0 20.0 10.0
362.0 586.0 20.0 10.0
1064.0 801.0 20.0 10.0
772.0 804.0 20.0 10.0
1231.0 1882.0 20.0 10.0
1223.0 1870.0 20.0 10.0
1508.0 1046.0 20.0 10.0
1709.0 1938.0 20.0 10.0
518.0 1076.0 20.0 10.0
360.0 570.0 20.0 10.0
383.0 603.0 20.0 10.0
302.0 1076.0 20.0 10.0
955.0 1822.0 20.0 10.0
294.0 937.0 20.0 10.0
940.0 839.0 20.0 10.0
803.0 769.0 20.0 10.0
776.0 760.0 20.0 10.0
1137.0 1885.0 20.0 10.0
505.0 591.0 20.0 10.0
517.0 616.0 20.0 10.0
1234.0 1765.0 20.0 10.0
841.0 796.0 20.0 10.0
757.0 777.0 20.0 10.0
672.0 759.0 20.0 10.0
587.0 742.0 20.0 10.0
1788.0 1196.0 20.0 10.0
1778.0 1189.0 20.0 10.0
659.0 797.0 20.0 10.0
154.0 1982.0 20.0 10.0
453.0 1957.0 20.0 10.0
1615.0 1934.0 20.0 10.0
1138.0 1606.0 20.0 10.0
1615.0 1032.0 20.0 10.0
1592.0 1048.0 20.0 10.0
1138.0 1553.0 20.0 10.0
1035.0 791.0 20.0 10.0
744.0 800.0 20.0 10.0
1540.0 1968.0 20.0 10.0
227.0 1970.0 20.0 10.0
492.0 1114.0 20.0 10.0
754.0 750.0 20.0 10.0
656.0 774.0 20.0 10.0
1683.0 1960.0 20.0 10.0
1670.0 1949.0 20.0 10.0
1652.0 1935.0 20.0 10.0
173.0 471.0 20.0 10.0
377.0 114.0 20.0 10.0
61.0 1342.0 20.0 10.0
137.0 1984.0 20.0 10.0
1588.0 1067.0 20.0 10.0
1555.0 1040.0 20.0 10.0
1013.0 878.0 20.0 10.0
1759.0 1177.0 20.0 10.0
1166.0 854.0 20.0 10.0
1135.0 844.0 20.0 10.0
372.0 48.0 20.0 10.0
1729.0 1934.0 20.0 10.0
846.0 1871.0 20.0 10.0
440.0 1978.0 20.0 10.0
1115.0 757.0 20.0 10.0
1090.0 754.0 20.0 10.0
825.0 783.0 20.0 10.0
479.0 871.0 20.0 10.0
504.0 863.0 20.0 10.0
453.0 438.0 20.0 10.0
475.0 459.0 20.0 10.0
1417.0 1020.0 20.0 10.0
1250.0 1738.0 20.0 10.0
1716.0 1047.0 20.0 10.0
25.0 2088.0 20.0 10.0
1844.0 1225.0 20.0 10.0
1825.0 1216.0 20.0 10.0
1811.0 1208.0 20.0 10.0
1414.0 1709.0 20.0 10.0
434.0 314.0 20.0 10.0
976.0 1895.0 20.0 10.0
1673.0 1118.0 20.0 10.0
134.0 1299.0 20.0 10.0
882.0 1837.0 20.0 10.0
984.0 1790.0 20.0 10.0
188.0 594.0 20.0 10.0
1580.0 962.0 20.0 10.0
449.0 628.0 20.0 10.0
463.0 650.0 20.0 10.0
1134.0 690.0 20.0 10.0
415.0 950.0 20.0 10.0
91.0 1218.0 20.0 10.0
1083.0 853.0 20.0 10.0
1693.0 1042.0 20.0 10.0
1674.0 1041.0 20.0 10.0
1652.0 1037.0 20.0 10.0
1623.0 1044.0 20.0 10.0
291.0 486.0 20.0 10.0
1241.0 1847.0 20.0 10.0
110.0 2058.0 20.0 10.0
143.0 2054.0 20.0 10.0
38.0 1379.0 20.0 10.0
396.0 994.0 20.0 10.0
1416.0 1820.0 20.0 10.0
1373.0 1834.0 20.0 10.0
1328.0 1845.0 20.0 10.0
1129.0 1586.0 20.0 10.0
1485.0 1620.0 20.0 10.0
951.0 863.0 20.0 10.0
310.0 649.0 20.0 10.0
379.0 92.0 20.0 10.0
391.0 126.0 20.0 10.0
