500
1317.0 802.0 20.0 10.0
1300.0 809.0 20.0 10.0
1282.0 817.0 20.0 10.0
120.0 1462.0 20.0 10.0
1509.0 1514.0 20.0 10.0
1045.0 1476.0 20.0 10.0
85.0 1236.0 20.0 10.0
242.0 1736.0 20.0 10.0
1155.0 886.0 20.0 10.0
663.0 568.0 20.0 10.0
1500.0 1625.0 20.0 10.0
793.0 833.0 20.0 10.0
315.0 1050.0 20.0 10.0
340.0 1041.0 20.0 10.0
1693.0 1135.0 20.0 10.0
1674.0 1112.0 20.0 10.0
576.0 911.0 20.0 10.0
34.0 1329.0 20.0 10.0
1040.0 802.0 20.0 10.0
1450.0 944.0 20.0 10.0
1417.0 950.0 20.0 10.0
1145.0 246.0 20.0 10.0
1478.0 1609.0 20.0 10.0
1460.0 1585.0 20.0 10.0
551.0 1427.0 20.0 10.0
537.0 1438.0 20.0 10.0
513.0 1452.0 20.0 10.0
969.0 1496.0 20.0 10.0
1260.0 1668.0 20.0 10.0
883.0 1381.0 20.0 10.0
252.0 2092.0 20.0 10.0
592.0 795.0 20.0 10.0
1030.0 172.0 20.0 10.0
1775.0 1531.0 20.0 10.0
1758.0 1525.0 20.0 10.0
1736.0 1517.0 20.0 10.0
1708.0 1504.0 20.0 10.0
1498.0 1564.0 20.0 10.0
982.0 744.0 20.0 10.0
760.0 2210.0 20.0 10.0
1339.0 1729.0 20.0 10.0
412.0 955.0 20.0 10.0
442.0 940.0 20.0 10.0
471.0 1710.0 20.0 10.0
1724.0 1519.0 20.0 10.0
546.0 1477.0 20.0 10.0
1525.0 1431.0 20.0 10.0
775.0 792.0 20.0 10.0
783.0 765.0 20.0 10.0
807.0 749.0 20.0 10.0
832.0 777.0 20.0 10.0
798.0 808.0 20.0 10.0
753.0 2146.0 20.0 10.0
1026.0 511.0 20.0 10.0
792.0 2238.0 20.0 10.0
1308.0 1547.0 20.0 10.0
736.0 1582.0 20.0 10.0
1215.0 879.0 20.0 10.0
767.0 698.0 20.0 10.0
782.0 721.0 20.0 10.0
391.0 1345.0 20.0 10.0
1315.0 1731.0 20.0 10.0
1437.0 1700.0 20.0 10.0
902.0 1428.0 20.0 10.0
928.0 1428.0 20.0 10.0
358.0 1383.0 20.0 10.0
120.0 2057.0 20.0 10.0
1055.0 235.0 20.0 10.0
598.0 903.0 20.0 10.0
150.0 1360.0 20.0 10.0
302.0 1054.0 20.0 10.0
316.0 1034.0 20.0 10.0
158.0 1037.0 20.0 10.0
1361.0 1544.0 20.0 10.0
1363.0 1741.0 20.0 10.0
653.0 1617.0 20.0 10.0
1649.0 1393.0 20.0 10.0
1556.0 1494.0 20.0 10.0
930.0 1410.0 20.0 10.0
1456.0 1000.0 20.0 10.0
1430.0 978.0 20.0 10.0
1476.0 943.0 20.0 10.0
375.0 1359.0 20.0 10.0
1777.0 1488.0 20.0 10.0
1759.0 1493.0 20.0 10.0
1118.0 809.0 20.0 10.0
966.0 2096.0 20.0 10.0
1226.0 839.0 20.0 10.0
1100.0 1559.0 20.0 10.0
1274.0 161.0 20.0 10.0
1260.0 172.0 20.0 10.0
757.0 1579.0 20.0 10.0
113.0 1790.0 20.0 10.0
597.0 2156.0 20.0 10.0
602.0 2126.0 20.0 10.0
1038.0 204.0 20.0 10.0
866.0 1470.0 20.0 10.0
857.0 1369.0 20.0 10.0
1165.0 2208.0 20.0 10.0
477.0 1430.0 20.0 10.0
1012.0 130.0 20.0 10.0
1019.0 145.0 20.0 10.0
577.0 883.0 20.0 10.0
607.0 880.0 20.0 10.0
249.0 1769.0 20.0 10.0
1113.0 75.0 20.0 10.0
1085.0 82.0 20.0 10.0
1075.0 104.0 20.0 10.0
1081.0 134.0 20.0 10.0
1079.0 166.0 20.0 10.0
1476.0 1686.0 20.0 10.0
1018.0 561.0 20.0 10.0
367.0 1034.0 20.0 10.0
1065.0 424.0 20.0 10.0
1660.0 1115.0 20.0 10.0
1652.0 1090.0 20.0 10.0
25.0 1279.0 20.0 10.0
41.0 1288.0 20.0 10.0
1095.0 1485.0 20.0 10.0
1551.0 1614.0 20.0 10.0
143.0 990.0 20.0 10.0
426.0 877.0 20.0 10.0
442.0 929.0 20.0 10.0
105.0 1804.0 20.0 10.0
99.0 1285.0 20.0 10.0
114.0 1300.0 20.0 10.0
136.0 1320.0 20.0 10.0
790.0 824.0 20.0 10.0
728.0 842.0 20.0 10.0
667.0 859.0 20.0 10.0
1071.0 1489.0 20.0 10.0
1190.0 841.0 20.0 10.0
1158.0 852.0 20.0 10.0
1038.0 259.0 20.0 10.0
1060.0 1996.0 20.0 10.0
1054.0 2014.0 20.0 10.0
767.0 839.0 20.0 10.0
1547.0 1558.0 20.0 10.0
447.0 2052.0 20.0 10.0
460.0 2078.0 20.0 10.0
500.0 2085.0 20.0 10.0
540.0 2091.0 20.0 10.0
1088.0 1553.0 20.0 10.0
474.0 930.0 20.0 10.0
1742.0 1169.0 20.0 10.0
31.0 1902.0 20.0 10.0
1282.0 1456.0 20.0 10.0
1246.0 885.0 20.0 10.0
737.0 1627.0 20.0 10.0
726.0 1599.0 20.0 10.0
968.0 1408.0 20.0 10.0
958.0 1437.0 20.0 10.0
1561.0 1031.0 20.0 10.0
677.0 2068.0 20.0 10.0
662.0 2093.0 20.0 10.0
454.0 948.0 20.0 10.0
265.0 1309.0 20.0 10.0
276.0 1337.0 20.0 10.0
1210.0 1525.0 20.0 10.0
1258.0 1534.0 20.0 10.0
1026.0 125.0 20.0 10.0
1391.0 1742.0 20.0 10.0
1560.0 1595.0 20.0 10.0
144.0 1444.0 20.0 10.0
177.0 1442.0 20.0 10.0
178.0 1489.0 20.0 10.0
179.0 1536.0 20.0 10.0
1457.0 1693.0 20.0 10.0
1503.0 1432.0 20.0 10.0
82.0 1219.0 20.0 10.0
116.0 1441.0 20.0 10.0
1286.0 1427.0 20.0 10.0
133.0 1028.0 20.0 10.0
1360.0 922.0 20.0 10.0
220.0 1779.0 20.0 10.0
217.0 1756.0 20.0 10.0
1639.0 1502.0 20.0 10.0
1599.0 1497.0 20.0 10.0
399.0 1396.0 20.0 10.0
1003.0 535.0 20.0 10.0
1301.0 1514.0 20.0 10.0
253.0 1285.0 20.0 10.0
773.0 2328.0 20.0 10.0
791.0 2303.0 20.0 10.0
789.0 2274.0 20.0 10.0
1475.0 936.0 20.0 10.0
1579.0 1602.0 20.0 10.0
253.0 1343.0 20.0 10.0
1088.0 308.0 20.0 10.0
85.0 1056.0 20.0 10.0
111.0 1048.0 20.0 10.0
758.0 694.0 20.0 10.0
1551.0 1067.0 20.0 10.0
1538.0 1056.0 20.0 10.0
257.0 2063.0 20.0 10.0
1285.0 152.0 20.0 10.0
1163.0 1514.0 20.0 10.0
1212.0 793.0 20.0 10.0
1192.0 810.0 20.0 10.0
1526.0 1568.0 20.0 10.0
1330.0 796.0 20.0 10.0
828.0 2116.0 20.0 10.0
853.0 2218.0 20.0 10.0
854.0 2189.0 20.0 10.0
842.0 2158.0 20.0 10.0
263.0 1794.0 20.0 10.0
917.0 791.0 20.0 10.0
1391.0 990.0 20.0 10.0
643.0 857.0 20.0 10.0
421.0 2071.0 20.0 10.0
1528.0 1588.0 20.0 10.0
921.0 2131.0 20.0 10.0
882.0 2142.0 20.0 10.0
431.0 1705.0 20.0 10.0
466.0 1692.0 20.0 10.0
500.0 1679.0 20.0 10.0
533.0 1661.0 20.0 10.0
280.0 1710.0 20.0 10.0
1093.0 2177.0 20.0 10.0
1060.0 2168.0 20.0 10.0
1023.0 2153.0 20.0 10.0
1583.0 1460.0 20.0 10.0
1168.0 877.0 20.0 10.0
1191.0 869.0 20.0 10.0
66.0 1855.0 20.0 10.0
81.0 1835.0 20.0 10.0
1204.0 223.0 20.0 10.0
799.0 2160.0 20.0 10.0
480.0 958.0 20.0 10.0
413.0 2100.0 20.0 10.0
291.0 1067.0 20.0 10.0
1412.0 1543.0 20.0 10.0
907.0 1399.0 20.0 10.0
1316.0 1705.0 20.0 10.0
1382.0 952.0 20.0 10.0
1329.0 929.0 20.0 10.0
1272.0 905.0 20.0 10.0
125.0 1047.0 20.0 10.0
145.0 1041.0 20.0 10.0
179.0 1024.0 20.0 10.0
836.0 2149.0 20.0 10.0
875.0 2161.0 20.0 10.0
913.0 2169.0 20.0 10.0
952.0 2168.0 20.0 10.0
1075.0 2070.0 20.0 10.0
1044.0 2070.0 20.0 10.0
1183.0 242.0 20.0 10.0
625.0 2109.0 20.0 10.0
1171.0 2188.0 20.0 10.0
1151.0 2193.0 20.0 10.0
1124.0 2186.0 20.0 10.0
1626.0 1070.0 20.0 10.0
1596.0 1050.0 20.0 10.0
1037.0 433.0 20.0 10.0
1039.0 2172.0 20.0 10.0
1668.0 1428.0 20.0 10.0
25.0 1071.0 20.0 10.0
26.0 1080.0 20.0 10.0
40.0 1071.0 20.0 10.0
62.0 1064.0 20.0 10.0
620.0 808.0 20.0 10.0
673.0 580.0 20.0 10.0
985.0 1466.0 20.0 10.0
157.0 1598.0 20.0 10.0
1121.0 2009.0 20.0 10.0
1106.0 2020.0 20.0 10.0
1093.0 2047.0 20.0 10.0
1308.0 1459.0 20.0 10.0
1292.0 1483.0 20.0 10.0
1222.0 2209.0 20.0 10.0
1501.0 1025.0 20.0 10.0
1287.0 1400.0 20.0 10.0
1036.0 233.0 20.0 10.0
962.0 2125.0 20.0 10.0
916.0 1475.0 20.0 10.0
641.0 1596.0 20.0 10.0
748.0 2313.0 20.0 10.0
767.0 2296.0 20.0 10.0
1065.0 791.0 20.0 10.0
1285.0 1723.0 20.0 10.0
745.0 2263.0 20.0 10.0
751.0 2237.0 20.0 10.0
934.0 1495.0 20.0 10.0
1279.0 1603.0 20.0 10.0
1304.0 1590.0 20.0 10.0
352.0 1010.0 20.0 10.0
362.0 984.0 20.0 10.0
154.0 1012.0 20.0 10.0
1494.0 1457.0 20.0 10.0
182.0 1395.0 20.0 10.0
1656.0 1399.0 20.0 10.0
129.0 1418.0 20.0 10.0
922.0 1460.0 20.0 10.0
949.0 1470.0 20.0 10.0
714.0 627.0 20.0 10.0
729.0 645.0 20.0 10.0
744.0 666.0 20.0 10.0
1056.0 526.0 20.0 10.0
1045.0 549.0 20.0 10.0
1055.0 279.0 20.0 10.0
1057.0 323.0 20.0 10.0
240.0 1700.0 20.0 10.0
589.0 821.0 20.0 10.0
1095.0 1528.0 20.0 10.0
1028.0 142.0 20.0 10.0
767.0 1585.0 20.0 10.0
127.0 2029.0 20.0 10.0
1731.0 1489.0 20.0 10.0
1262.0 1544.0 20.0 10.0
1282.0 1560.0 20.0 10.0
873.0 1381.0 20.0 10.0
898.0 1396.0 20.0 10.0
848.0 2067.0 20.0 10.0
142.0 2006.0 20.0 10.0
1477.0 1000.0 20.0 10.0
687.0 595.0 20.0 10.0
1049.0 2040.0 20.0 10.0
252.0 1267.0 20.0 10.0
1350.0 953.0 20.0 10.0
238.0 2029.0 20.0 10.0
273.0 2038.0 20.0 10.0
308.0 2044.0 20.0 10.0
344.0 2052.0 20.0 10.0
382.0 2061.0 20.0 10.0
132.0 1765.0 20.0 10.0
155.0 1737.0 20.0 10.0
179.0 1706.0 20.0 10.0
151.0 1549.0 20.0 10.0
887.0 1468.0 20.0 10.0
468.0 1999.0 20.0 10.0
453.0 2024.0 20.0 10.0
1002.0 666.0 20.0 10.0
95.0 1453.0 20.0 10.0
717.0 1616.0 20.0 10.0
839.0 2089.0 20.0 10.0
1222.0 205.0 20.0 10.0
1204.0 210.0 20.0 10.0
1181.0 224.0 20.0 10.0
547.0 900.0 20.0 10.0
1098.0 827.0 20.0 10.0
1465.0 1543.0 20.0 10.0
320.0 1716.0 20.0 10.0
359.0 1716.0 20.0 10.0
396.0 1712.0 20.0 10.0
259.0 1761.0 20.0 10.0
648.0 1626.0 20.0 10.0
41.0 1888.0 20.0 10.0
509.0 912.0 20.0 10.0
172.0 2016.0 20.0 10.0
204.0 2022.0 20.0 10.0
599.0 1539.0 20.0 10.0
25.0 1952.0 20.0 10.0
41.0 1960.0 20.0 10.0
933.0 771.0 20.0 10.0
1067.0 199.0 20.0 10.0
1575.0 1627.0 20.0 10.0
695.0 2045.0 20.0 10.0
487.0 889.0 20.0 10.0
1027.0 1477.0 20.0 10.0
1675.0 1504.0 20.0 10.0
1025.0 2098.0 20.0 10.0
615.0 1490.0 20.0 10.0
601.0 1498.0 20.0 10.0
194.0 1627.0 20.0 10.0
205.0 1673.0 20.0 10.0
96.0 1813.0 20.0 10.0
952.0 1523.0 20.0 10.0
1271.0 1683.0 20.0 10.0
1275.0 1652.0 20.0 10.0
1298.0 1632.0 20.0 10.0
1302.0 1671.0 20.0 10.0
1044.0 151.0 20.0 10.0
790.0 2199.0 20.0 10.0
781.0 693.0 20.0 10.0
728.0 1643.0 20.0 10.0
564.0 1637.0 20.0 10.0
582.0 2099.0 20.0 10.0
786.0 2327.0 20.0 10.0
1611.0 1396.0 20.0 10.0
654.0 557.0 20.0 10.0
1001.0 2124.0 20.0 10.0
135.0 1715.0 20.0 10.0
150.0 1691.0 20.0 10.0
172.0 1673.0 20.0 10.0
1470.0 962.0 20.0 10.0
1048.0 368.0 20.0 10.0
1040.0 414.0 20.0 10.0
1033.0 462.0 20.0 10.0
448.0 878.0 20.0 10.0
1524.0 1453.0 20.0 10.0
1511.0 1481.0 20.0 10.0
184.0 1582.0 20.0 10.0
1229.0 911.0 20.0 10.0
1250.0 932.0 20.0 10.0
1247.0 917.0 20.0 10.0
1236.0 786.0 20.0 10.0
1121.0 234.0 20.0 10.0
1486.0 1676.0 20.0 10.0
1454.0 1666.0 20.0 10.0
1244.0 894.0 20.0 10.0
1242.0 864.0 20.0 10.0
53.0 1873.0 20.0 10.0
702.0 1586.0 20.0 10.0
584.0 840.0 20.0 10.0
610.0 838.0 20.0 10.0
640.0 835.0 20.0 10.0
935.0 1534.0 20.0 10.0
98.0 1260.0 20.0 10.0
119.0 1287.0 20.0 10.0
992.0 721.0 20.0 10.0
980.0 777.0 20.0 10.0
214.0 1006.0 20.0 10.0
252.0 990.0 20.0 10.0
66.0 1971.0 20.0 10.0
574.0 1506.0 20.0 10.0
1524.0 1044.0 20.0 10.0
1440.0 1692.0 20.0 10.0
1372.0 973.0 20.0 10.0
270.0 1370.0 20.0 10.0
225.0 1382.0 20.0 10.0
87.0 1982.0 20.0 10.0
113.0 1994.0 20.0 10.0
273.0 997.0 20.0 10.0
295.0 977.0 20.0 10.0
341.0 965.0 20.0 10.0
1118.0 291.0 20.0 10.0
338.0 1012.0 20.0 10.0
990.0 2165.0 20.0 10.0
1259.0 1394.0 20.0 10.0
1388.0 912.0 20.0 10.0
1093.0 25.0 20.0 10.0
1088.0 39.0 20.0 10.0
1085.0 58.0 20.0 10.0
689.0 1576.0 20.0 10.0
662.0 1577.0 20.0 10.0
1389.0 1764.0 20.0 10.0
133.0 1335.0 20.0 10.0
807.0 1587.0 20.0 10.0
789.0 1587.0 20.0 10.0
1415.0 1724.0 20.0 10.0
1295.0 1379.0 20.0 10.0
1273.0 816.0 20.0 10.0
1257.0 834.0 20.0 10.0
1160.0 242.0 20.0 10.0
57.0 1953.0 20.0 10.0
596.0 1640.0 20.0 10.0
341.0 1334.0 20.0 10.0
329.0 1351.0 20.0 10.0
314.0 1375.0 20.0 10.0
700.0 611.0 20.0 10.0
267.0 1812.0 20.0 10.0
1116.0 1504.0 20.0 10.0
465.0 1399.0 20.0 10.0
1635.0 1357.0 20.0 10.0
1624.0 1374.0 20.0 10.0
853.0 806.0 20.0 10.0
844.0 721.0 20.0 10.0
817.0 723.0 20.0 10.0
389.0 957.0 20.0 10.0
551.0 917.0 20.0 10.0
1018.0 154.0 20.0 10.0
46.0 1976.0 20.0 10.0
1144.0 271.0 20.0 10.0
1521.0 1015.0 20.0 10.0
606.0 782.0 20.0 10.0
1640.0 1421.0 20.0 10.0
1614.0 1440.0 20.0 10.0
1729.0 1160.0 20.0 10.0
1713.0 1149.0 20.0 10.0
1011.0 614.0 20.0 10.0
324.0 1014.0 20.0 10.0
667.0 2123.0 20.0 10.0
709.0 2134.0 20.0 10.0
493.0 919.0 20.0 10.0
606.0 1636.0 20.0 10.0
593.0 1609.0 20.0 10.0
620.0 1575.0 20.0 10.0
1456.0 1626.0 20.0 10.0
455.0 1391.0 20.0 10.0
438.0 1413.0 20.0 10.0
1292.0 1701.0 20.0 10.0
1203.0 2204.0 20.0 10.0
1180.0 2200.0 20.0 10.0
806.0 849.0 20.0 10.0
1019.0 734.0 20.0 10.0
1004.0 759.0 20.0 10.0
1596.0 1425.0 20.0 10.0
73.0 1223.0 20.0 10.0
56.0 1314.0 20.0 10.0
80.0 1335.0 20.0 10.0
113.0 1350.0 20.0 10.0
1245.0 184.0 20.0 10.0
1229.0 198.0 20.0 10.0
1411.0 1017.0 20.0 10.0
1402.0 1005.0 20.0 10.0
584.0 773.0 20.0 10.0
1590.0 1640.0 20.0 10.0
131.0 1706.0 20.0 10.0
434.0 903.0 20.0 10.0
462.0 904.0 20.0 10.0
