500
1041.0 1741.0 20.0 10.0
1910.0 1344.0 20.0 10.0
1532.0 1362.0 20.0 10.0
336.0 2104.0 20.0 10.0
347.0 2097.0 20.0 10.0
1735.0 1149.0 20.0 10.0
1869.0 902.0 20.0 10.0
1849.0 874.0 20.0 10.0
1478.0 1405.0 20.0 10.0
126.0 2218.0 20.0 10.0
86.0 2374.0 20.0 10.0
2250.0 1427.0 20.0 10.0
831.0 1781.0 20.0 10.0
1015.0 1662.0 20.0 10.0
2290.0 1526.0 20.0 10.0
2294.0 1501.0 20.0 10.0
2313.0 1473.0 20.0 10.0
1613.0 1377.0 20.0 10.0
1618.0 1366.0 20.0 10.0
2064.0 1293.0 20.0 10.0
185.0 2227.0 20.0 10.0
1818.0 813.0 20.0 10.0
1791.0 794.0 20.0 10.0
1771.0 768.0 20.0 10.0
1631.0 129.0 20.0 10.0
1625.0 141.0 20.0 10.0
136.0 2206.0 20.0 10.0
3340.0 2233.0 20.0 10.0
2637.0 1673.0 20.0 10.0
177.0 2238.0 20.0 10.0
2285.0 1481.0 20.0 10.0
2847.0 1822.0 20.0 10.0
902.0 1810.0 20.0 10.0
805.0 1808.0 20.0 10.0
4118.0 2286.0 20.0 10.0
4118.0 2266.0 20.0 10.0
1625.0 714.0 20.0 10.0
225.0 2178.0 20.0 10.0
244.0 2161.0 20.0 10.0
285.0 2138.0 20.0 10.0
1699.0 481.0 20.0 10.0
669.0 1954.0 20.0 10.0
3904.0 2186.0 20.0 10.0
1757.0 823.0 20.0 10.0
3218.0 1956.0 20.0 10.0
3157.0 1931.0 20.0 10.0
3095.0 1904.0 20.0 10.0
3032.0 1878.0 20.0 10.0
609.0 1956.0 20.0 10.0
659.0 1928.0 20.0 10.0
2726.0 1678.0 20.0 10.0
875.0 1899.0 20.0 10.0
874.0 1886.0 20.0 10.0
878.0 1869.0 20.0 10.0
870.0 1841.0 20.0 10.0
2933.0 1769.0 20.0 10.0
1987.0 885.0 20.0 10.0
1031.0 1675.0 20.0 10.0
3850.0 2065.0 20.0 10.0
3836.0 2071.0 20.0 10.0
1588.0 1321.0 20.0 10.0
1646.0 1278.0 20.0 10.0
1702.0 1236.0 20.0 10.0
1421.0 1543.0 20.0 10.0
873.0 1781.0 20.0 10.0
871.0 1809.0 20.0 10.0
1772.0 592.0 20.0 10.0
1764.0 645.0 20.0 10.0
1746.0 677.0 20.0 10.0
1746.0 713.0 20.0 10.0
1564.0 210.0 20.0 10.0
1919.0 1334.0 20.0 10.0
1929.0 1324.0 20.0 10.0
1102.0 1672.0 20.0 10.0
1105.0 1699.0 20.0 10.0
1745.0 787.0 20.0 10.0
4234.0 2278.0 20.0 10.0
3950.0 2227.0 20.0 10.0
2065.0 815.0 20.0 10.0
2027.0 850.0 20.0 10.0
1414.0 1595.0 20.0 10.0
24.0 2267.0 20.0 10.0
2881.0 1906.0 20.0 10.0
2881.0 1880.0 20.0 10.0
273.0 2367.0 20.0 10.0
2189.0 678.0 20.0 10.0
2999.0 1767.0 20.0 10.0
1597.0 396.0 20.0 10.0
1614.0 412.0 20.0 10.0
1620.0 435.0 20.0 10.0
1627.0 460.0 20.0 10.0
441.0 2046.0 20.0 10.0
3956.0 2179.0 20.0 10.0
3907.0 2228.0 20.0 10.0
3900.0 2218.0 20.0 10.0
2709.0 1741.0 20.0 10.0
1351.0 1494.0 20.0 10.0
3766.0 2109.0 20.0 10.0
1797.0 751.0 20.0 10.0
2872.0 1947.0 20.0 10.0
1659.0 621.0 20.0 10.0
442.0 2037.0 20.0 10.0
1221.0 1576.0 20.0 10.0
1234.0 1577.0 20.0 10.0
1255.0 1562.0 20.0 10.0
1311.0 1526.0 20.0 10.0
1199.0 1599.0 20.0 10.0
183.0 2389.0 20.0 10.0
1437.0 1625.0 20.0 10.0
1634.0 78.0 20.0 10.0
1521.0 208.0 20.0 10.0
1604.0 76.0 20.0 10.0
2412.0 1482.0 20.0 10.0
2399.0 1482.0 20.0 10.0
257.0 2143.0 20.0 10.0
251.0 2452.0 20.0 10.0
1600.0 1292.0 20.0 10.0
1618.0 1277.0 20.0 10.0
1637.0 284.0 20.0 10.0
2740.0 1702.0 20.0 10.0
2724.0 1720.0 20.0 10.0
2214.0 692.0 20.0 10.0
2511.0 1625.0 20.0 10.0
2888.0 1863.0 20.0 10.0
3345.0 2245.0 20.0 10.0
1783.0 615.0 20.0 10.0
1342.0 1423.0 20.0 10.0
1334.0 1448.0 20.0 10.0
1352.0 1446.0 20.0 10.0
1342.0 1472.0 20.0 10.0
1011.0 1716.0 20.0 10.0
840.0 1807.0 20.0 10.0
791.0 1807.0 20.0 10.0
1423.0 1447.0 20.0 10.0
1777.0 1169.0 20.0 10.0
1641.0 712.0 20.0 10.0
1659.0 706.0 20.0 10.0
1578.0 25.0 20.0 10.0
2871.0 1960.0 20.0 10.0
1698.0 467.0 20.0 10.0
1666.0 414.0 20.0 10.0
1658.0 442.0 20.0 10.0
2424.0 1482.0 20.0 10.0
2168.0 667.0 20.0 10.0
2162.0 679.0 20.0 10.0
42.0 2256.0 20.0 10.0
65.0 2244.0 20.0 10.0
3636.0 2083.0 20.0 10.0
1843.0 797.0 20.0 10.0
3362.0 2007.0 20.0 10.0
1738.0 756.0 20.0 10.0
763.0 1870.0 20.0 10.0
816.0 1839.0 20.0 10.0
1596.0 442.0 20.0 10.0
1783.0 559.0 20.0 10.0
1791.0 583.0 20.0 10.0
1400.0 1526.0 20.0 10.0
1815.0 589.0 20.0 10.0
1867.0 521.0 20.0 10.0
1850.0 539.0 20.0 10.0
1827.0 548.0 20.0 10.0
4050.0 2220.0 20.0 10.0
3716.0 2153.0 20.0 10.0
1012.0 1671.0 20.0 10.0
4071.0 2231.0 20.0 10.0
4031.0 2223.0 20.0 10.0
2228.0 690.0 20.0 10.0
2702.0 1712.0 20.0 10.0
3015.0 1756.0 20.0 10.0
1052.0 1682.0 20.0 10.0
2839.0 1879.0 20.0 10.0
3852.0 2160.0 20.0 10.0
861.0 1905.0 20.0 10.0
3822.0 2078.0 20.0 10.0
2047.0 1315.0 20.0 10.0
1643.0 1308.0 20.0 10.0
1306.0 1482.0 20.0 10.0
1316.0 1486.0 20.0 10.0
1329.0 1488.0 20.0 10.0
3554.0 2070.0 20.0 10.0
3501.0 2050.0 20.0 10.0
3447.0 2032.0 20.0 10.0
1161.0 1645.0 20.0 10.0
3002.0 1760.0 20.0 10.0
178.0 2443.0 20.0 10.0
1144.0 1635.0 20.0 10.0
1825.0 1023.0 20.0 10.0
893.0 1833.0 20.0 10.0
888.0 1803.0 20.0 10.0
1529.0 192.0 20.0 10.0
2919.0 1899.0 20.0 10.0
2893.0 1904.0 20.0 10.0
3607.0 2088.0 20.0 10.0
1953.0 853.0 20.0 10.0
3738.0 2126.0 20.0 10.0
1059.0 1640.0 20.0 10.0
1051.0 1665.0 20.0 10.0
1803.0 1200.0 20.0 10.0
1819.0 1177.0 20.0 10.0
1760.0 1195.0 20.0 10.0
1680.0 562.0 20.0 10.0
1699.0 624.0 20.0 10.0
1784.0 547.0 20.0 10.0
2943.0 1768.0 20.0 10.0
2443.0 1556.0 20.0 10.0
2378.0 1515.0 20.0 10.0
2700.0 1765.0 20.0 10.0
3335.0 2153.0 20.0 10.0
3311.0 2141.0 20.0 10.0
1380.0 1549.0 20.0 10.0
24.0 2371.0 20.0 10.0
3861.0 2059.0 20.0 10.0
2443.0 1585.0 20.0 10.0
1805.0 525.0 20.0 10.0
42.0 2340.0 20.0 10.0
54.0 2366.0 20.0 10.0
2264.0 1508.0 20.0 10.0
1827.0 785.0 20.0 10.0
1209.0 1657.0 20.0 10.0
3759.0 2112.0 20.0 10.0
1756.0 1138.0 20.0 10.0
1778.0 890.0 20.0 10.0
3331.0 2207.0 20.0 10.0
4057.0 2242.0 20.0 10.0
4032.0 2251.0 20.0 10.0
2885.0 1766.0 20.0 10.0
2859.0 1769.0 20.0 10.0
2835.0 1785.0 20.0 10.0
2768.0 1749.0 20.0 10.0
2141.0 761.0 20.0 10.0
710.0 1898.0 20.0 10.0
2948.0 1838.0 20.0 10.0
2930.0 1826.0 20.0 10.0
2902.0 1817.0 20.0 10.0
2047.0 833.0 20.0 10.0
1776.0 655.0 20.0 10.0
184.0 2169.0 20.0 10.0
203.0 2160.0 20.0 10.0
1801.0 957.0 20.0 10.0
2187.0 708.0 20.0 10.0
2163.0 710.0 20.0 10.0
1940.0 1201.0 20.0 10.0
1878.0 1156.0 20.0 10.0
1623.0 1352.0 20.0 10.0
1632.0 1332.0 20.0 10.0
1172.0 1638.0 20.0 10.0
3184.0 1947.0 20.0 10.0
373.0 2089.0 20.0 10.0
419.0 2063.0 20.0 10.0
1796.0 1024.0 20.0 10.0
2864.0 1923.0 20.0 10.0
1072.0 1687.0 20.0 10.0
1090.0 1673.0 20.0 10.0
2912.0 1766.0 20.0 10.0
1032.0 1666.0 20.0 10.0
1926.0 846.0 20.0 10.0
2282.0 1435.0 20.0 10.0
2318.0 574.0 20.0 10.0
3991.0 2212.0 20.0 10.0
3948.0 2201.0 20.0 10.0
1687.0 622.0 20.0 10.0
1716.0 612.0 20.0 10.0
3625.0 2130.0 20.0 10.0
2170.0 1402.0 20.0 10.0
2329.0 1490.0 20.0 10.0
1971.0 908.0 20.0 10.0
1947.0 921.0 20.0 10.0
1906.0 958.0 20.0 10.0
1891.0 928.0 20.0 10.0
1807.0 512.0 20.0 10.0
3788.0 2095.0 20.0 10.0
1579.0 230.0 20.0 10.0
1595.0 251.0 20.0 10.0
1610.0 274.0 20.0 10.0
1625.0 299.0 20.0 10.0
858.0 1752.0 20.0 10.0
1753.0 952.0 20.0 10.0
1775.0 956.0 20.0 10.0
1655.0 736.0 20.0 10.0
1661.0 726.0 20.0 10.0
1670.0 714.0 20.0 10.0
1684.0 696.0 20.0 10.0
1714.0 692.0 20.0 10.0
1612.0 55.0 20.0 10.0
330.0 2347.0 20.0 10.0
302.0 2356.0 20.0 10.0
1697.0 529.0 20.0 10.0
1405.0 1612.0 20.0 10.0
2136.0 767.0 20.0 10.0
2113.0 756.0 20.0 10.0
2100.0 779.0 20.0 10.0
2228.0 680.0 20.0 10.0
3300.0 2196.0 20.0 10.0
3302.0 2184.0 20.0 10.0
3296.0 2164.0 20.0 10.0
809.0 1802.0 20.0 10.0
821.0 1807.0 20.0 10.0
1400.0 1595.0 20.0 10.0
2851.0 1904.0 20.0 10.0
1738.0 620.0 20.0 10.0
1754.0 635.0 20.0 10.0
1815.0 490.0 20.0 10.0
1814.0 504.0 20.0 10.0
4195.0 2290.0 20.0 10.0
4180.0 2281.0 20.0 10.0
1648.0 70.0 20.0 10.0
1815.0 1097.0 20.0 10.0
3922.0 2189.0 20.0 10.0
3895.0 2199.0 20.0 10.0
3888.0 2173.0 20.0 10.0
2384.0 1481.0 20.0 10.0
2369.0 1481.0 20.0 10.0
1539.0 173.0 20.0 10.0
1548.0 195.0 20.0 10.0
4220.0 2274.0 20.0 10.0
4204.0 2269.0 20.0 10.0
2880.0 1977.0 20.0 10.0
2877.0 1964.0 20.0 10.0
1698.0 675.0 20.0 10.0
1720.0 690.0 20.0 10.0
1422.0 1614.0 20.0 10.0
1503.0 190.0 20.0 10.0
1632.0 239.0 20.0 10.0
1372.0 1414.0 20.0 10.0
1442.0 1593.0 20.0 10.0
3657.0 2108.0 20.0 10.0
2968.0 1848.0 20.0 10.0
3295.0 2115.0 20.0 10.0
3288.0 2084.0 20.0 10.0
3275.0 2052.0 20.0 10.0
3259.0 2021.0 20.0 10.0
88.0 2278.0 20.0 10.0
97.0 2268.0 20.0 10.0
431.0 2054.0 20.0 10.0
3421.0 2026.0 20.0 10.0
3392.0 2012.0 20.0 10.0
1803.0 552.0 20.0 10.0
3807.0 2161.0 20.0 10.0
3757.0 2146.0 20.0 10.0
3708.0 2127.0 20.0 10.0
3241.0 1987.0 20.0 10.0
1700.0 520.0 20.0 10.0
1694.0 553.0 20.0 10.0
1691.0 587.0 20.0 10.0
2795.0 1758.0 20.0 10.0
4142.0 2271.0 20.0 10.0
853.0 1774.0 20.0 10.0
1597.0 53.0 20.0 10.0
2961.0 1742.0 20.0 10.0
244.0 2381.0 20.0 10.0
2962.0 1727.0 20.0 10.0
2678.0 1730.0 20.0 10.0
1659.0 414.0 20.0 10.0
1429.0 1615.0 20.0 10.0
3943.0 2181.0 20.0 10.0
1579.0 47.0 20.0 10.0
1595.0 70.0 20.0 10.0
1602.0 96.0 20.0 10.0
1607.0 129.0 20.0 10.0
2002.0 1247.0 20.0 10.0
1921.0 804.0 20.0 10.0
2890.0 1925.0 20.0 10.0
1441.0 1538.0 20.0 10.0
1842.0 1071.0 20.0 10.0
1846.0 1051.0 20.0 10.0
1878.0 1005.0 20.0 10.0
1944.0 863.0 20.0 10.0
3335.0 1993.0 20.0 10.0
3277.0 1974.0 20.0 10.0
66.0 2228.0 20.0 10.0
80.0 2226.0 20.0 10.0
97.0 2221.0 20.0 10.0
1685.0 641.0 20.0 10.0
1708.0 631.0 20.0 10.0
1612.0 718.0 20.0 10.0
2302.0 590.0 20.0 10.0
2279.0 1541.0 20.0 10.0
2284.0 1529.0 20.0 10.0
1369.0 1487.0 20.0 10.0
2295.0 1432.0 20.0 10.0
1931.0 1293.0 20.0 10.0
1960.0 1289.0 20.0 10.0
1982.0 1266.0 20.0 10.0
3973.0 2196.0 20.0 10.0
1629.0 111.0 20.0 10.0
1624.0 132.0 20.0 10.0
162.0 2199.0 20.0 10.0
1632.0 720.0 20.0 10.0
1640.0 332.0 20.0 10.0
2188.0 1383.0 20.0 10.0
2126.0 1338.0 20.0 10.0
1197.0 1678.0 20.0 10.0
2857.0 1892.0 20.0 10.0
2859.0 1858.0 20.0 10.0
1168.0 1626.0 20.0 10.0
1837.0 488.0 20.0 10.0
130.0 2420.0 20.0 10.0
151.0 2397.0 20.0 10.0
182.0 2412.0 20.0 10.0
1193.0 1690.0 20.0 10.0
2237.0 653.0 20.0 10.0
2212.0 651.0 20.0 10.0
1635.0 432.0 20.0 10.0
2317.0 1530.0 20.0 10.0
2969.0 1767.0 20.0 10.0
1945.0 871.0 20.0 10.0
1926.0 885.0 20.0 10.0
925.0 1776.0 20.0 10.0
1786.0 1145.0 20.0 10.0
2507.0 1596.0 20.0 10.0
1943.0 1309.0 20.0 10.0
4184.0 2263.0 20.0 10.0
4161.0 2257.0 20.0 10.0
3827.0 2193.0 20.0 10.0
3828.0 2175.0 20.0 10.0
2573.0 1635.0 20.0 10.0
1832.0 844.0 20.0 10.0
2196.0 702.0 20.0 10.0
494.0 2018.0 20.0 10.0
1649.0 385.0 20.0 10.0
1193.0 1658.0 20.0 10.0
3333.0 2230.0 20.0 10.0
4135.0 2250.0 20.0 10.0
4104.0 2242.0 20.0 10.0
97.0 2239.0 20.0 10.0
1736.0 630.0 20.0 10.0
1618.0 161.0 20.0 10.0
1628.0 198.0 20.0 10.0
1699.0 499.0 20.0 10.0
981.0 1743.0 20.0 10.0
1036.0 1710.0 20.0 10.0
2303.0 1453.0 20.0 10.0
3856.0 2175.0 20.0 10.0
3805.0 2087.0 20.0 10.0
3793.0 2061.0 20.0 10.0
119.0 2383.0 20.0 10.0
833.0 1856.0 20.0 10.0
860.0 1853.0 20.0 10.0
835.0 1825.0 20.0 10.0
858.0 1832.0 20.0 10.0
470.0 2066.0 20.0 10.0
467.0 2037.0 20.0 10.0
1846.0 550.0 20.0 10.0
174.0 2185.0 20.0 10.0
203.0 2183.0 20.0 10.0
46.0 2249.0 20.0 10.0
3610.0 2116.0 20.0 10.0
63.0 2267.0 20.0 10.0
1395.0 1574.0 20.0 10.0
4165.0 2273.0 20.0 10.0
1777.0 739.0 20.0 10.0
3000.0 1863.0 20.0 10.0
2149.0 1419.0 20.0 10.0
2351.0 1500.0 20.0 10.0
2987.0 1765.0 20.0 10.0
1388.0 1545.0 20.0 10.0
1371.0 1521.0 20.0 10.0
2830.0 1842.0 20.0 10.0
1197.0 1629.0 20.0 10.0
234.0 2425.0 20.0 10.0
213.0 2399.0 20.0 10.0
745.0 1875.0 20.0 10.0
1829.0 480.0 20.0 10.0
2346.0 1477.0 20.0 10.0
1911.0 872.0 20.0 10.0
1907.0 903.0 20.0 10.0
1634.0 92.0 20.0 10.0
1921.0 821.0 20.0 10.0
3363.0 2202.0 20.0 10.0
3337.0 2208.0 20.0 10.0
3340.0 2180.0 20.0 10.0
1607.0 110.0 20.0 10.0
2321.0 1513.0 20.0 10.0
2299.0 598.0 20.0 10.0
2287.0 606.0 20.0 10.0
2269.0 623.0 20.0 10.0
1364.0 1428.0 20.0 10.0
2241.0 636.0 20.0 10.0
1645.0 476.0 20.0 10.0
1666.0 501.0 20.0 10.0
626.0 1940.0 20.0 10.0
639.0 1933.0 20.0 10.0
1590.0 46.0 20.0 10.0
886.0 1861.0 20.0 10.0
1496.0 125.0 20.0 10.0
1513.0 142.0 20.0 10.0
1527.0 158.0 20.0 10.0
1835.0 1111.0 20.0 10.0
1852.0 1090.0 20.0 10.0
328.0 2114.0 20.0 10.0
2153.0 732.0 20.0 10.0
2131.0 743.0 20.0 10.0
2153.0 759.0 20.0 10.0
617.0 1946.0 20.0 10.0
3321.0 2111.0 20.0 10.0
1744.0 750.0 20.0 10.0
199.0 2213.0 20.0 10.0
514.0 2010.0 20.0 10.0
560.0 1983.0 20.0 10.0
1964.0 1279.0 20.0 10.0
