500
1868.0 1216.0 20.0 10.0
2913.0 436.0 20.0 10.0
2202.0 748.0 20.0 10.0
2194.0 758.0 20.0 10.0
963.0 1470.0 20.0 10.0
981.0 1451.0 20.0 10.0
136.0 2818.0 20.0 10.0
162.0 2792.0 20.0 10.0
781.0 2281.0 20.0 10.0
2347.0 1045.0 20.0 10.0
1811.0 1397.0 20.0 10.0
1489.0 1558.0 20.0 10.0
1876.0 451.0 20.0 10.0
1205.0 1521.0 20.0 10.0
1711.0 1424.0 20.0 10.0
1643.0 1462.0 20.0 10.0
1811.0 1650.0 20.0 10.0
1372.0 1737.0 20.0 10.0
951.0 1475.0 20.0 10.0
70.0 2866.0 20.0 10.0
358.0 2602.0 20.0 10.0
921.0 2072.0 20.0 10.0
923.0 1413.0 20.0 10.0
149.0 2798.0 20.0 10.0
1066.0 1446.0 20.0 10.0
1081.0 1477.0 20.0 10.0
257.0 2698.0 20.0 10.0
1098.0 2025.0 20.0 10.0
2736.0 603.0 20.0 10.0
1750.0 1617.0 20.0 10.0
3220.0 198.0 20.0 10.0
1509.0 1547.0 20.0 10.0
1825.0 1398.0 20.0 10.0
829.0 2314.0 20.0 10.0
848.0 2282.0 20.0 10.0
2210.0 1036.0 20.0 10.0
1796.0 1684.0 20.0 10.0
1762.0 1283.0 20.0 10.0
1768.0 1310.0 20.0 10.0
1799.0 1277.0 20.0 10.0
1915.0 1289.0 20.0 10.0
2735.0 668.0 20.0 10.0
2714.0 661.0 20.0 10.0
574.0 2412.0 20.0 10.0
1010.0 1438.0 20.0 10.0
2463.0 1323.0 20.0 10.0
2333.0 1199.0 20.0 10.0
3082.0 223.0 20.0 10.0
1798.0 1600.0 20.0 10.0
876.0 2149.0 20.0 10.0
925.0 2115.0 20.0 10.0
1742.0 1539.0 20.0 10.0
1755.0 1515.0 20.0 10.0
3052.0 309.0 20.0 10.0
3215.0 186.0 20.0 10.0
2316.0 1192.0 20.0 10.0
2908.0 670.0 20.0 10.0
1176.0 1861.0 20.0 10.0
1228.0 1809.0 20.0 10.0
983.0 1474.0 20.0 10.0
1874.0 1234.0 20.0 10.0
25.0 2898.0 20.0 10.0
37.0 2890.0 20.0 10.0
1333.0 1701.0 20.0 10.0
1385.0 1646.0 20.0 10.0
1098.0 1902.0 20.0 10.0
1432.0 1625.0 20.0 10.0
2296.0 1197.0 20.0 10.0
2292.0 1184.0 20.0 10.0
3132.0 289.0 20.0 10.0
3105.0 294.0 20.0 10.0
940.0 1463.0 20.0 10.0
1841.0 356.0 20.0 10.0
1859.0 392.0 20.0 10.0
1893.0 535.0 20.0 10.0
3242.0 176.0 20.0 10.0
1880.0 1256.0 20.0 10.0
1826.0 1314.0 20.0 10.0
1770.0 1369.0 20.0 10.0
2433.0 1301.0 20.0 10.0
2424.0 1291.0 20.0 10.0
2402.0 1272.0 20.0 10.0
1664.0 1476.0 20.0 10.0
1643.0 1490.0 20.0 10.0
1931.0 534.0 20.0 10.0
97.0 2901.0 20.0 10.0
2681.0 619.0 20.0 10.0
3148.0 265.0 20.0 10.0
496.0 2475.0 20.0 10.0
1924.0 590.0 20.0 10.0
1251.0 1768.0 20.0 10.0
1279.0 1754.0 20.0 10.0
2940.0 383.0 20.0 10.0
1883.0 1094.0 20.0 10.0
1827.0 324.0 20.0 10.0
2997.0 643.0 20.0 10.0
2985.0 647.0 20.0 10.0
2968.0 669.0 20.0 10.0
1993.0 666.0 20.0 10.0
3069.0 253.0 20.0 10.0
1249.0 1534.0 20.0 10.0
1295.0 1548.0 20.0 10.0
792.0 2266.0 20.0 10.0
2355.0 1228.0 20.0 10.0
2123.0 1129.0 20.0 10.0
2323.0 1031.0 20.0 10.0
2311.0 1036.0 20.0 10.0
2178.0 808.0 20.0 10.0
2172.0 818.0 20.0 10.0
2164.0 841.0 20.0 10.0
768.0 2297.0 20.0 10.0
2096.0 974.0 20.0 10.0
1945.0 600.0 20.0 10.0
966.0 1428.0 20.0 10.0
3259.0 163.0 20.0 10.0
1888.0 1122.0 20.0 10.0
1899.0 1139.0 20.0 10.0
2027.0 764.0 20.0 10.0
2150.0 939.0 20.0 10.0
2096.0 1005.0 20.0 10.0
2454.0 754.0 20.0 10.0
744.0 2250.0 20.0 10.0
2822.0 671.0 20.0 10.0
1804.0 254.0 20.0 10.0
1133.0 2003.0 20.0 10.0
874.0 2204.0 20.0 10.0
1777.0 1681.0 20.0 10.0
1793.0 1659.0 20.0 10.0
3053.0 234.0 20.0 10.0
1121.0 2092.0 20.0 10.0
3235.0 185.0 20.0 10.0
1793.0 1622.0 20.0 10.0
1097.0 2049.0 20.0 10.0
1075.0 2029.0 20.0 10.0
2682.0 585.0 20.0 10.0
1398.0 1664.0 20.0 10.0
1047.0 1416.0 20.0 10.0
1876.0 513.0 20.0 10.0
2222.0 1014.0 20.0 10.0
1912.0 552.0 20.0 10.0
1363.0 1762.0 20.0 10.0
2893.0 365.0 20.0 10.0
2888.0 379.0 20.0 10.0
2892.0 399.0 20.0 10.0
1966.0 616.0 20.0 10.0
2024.0 864.0 20.0 10.0
3274.0 151.0 20.0 10.0
893.0 2082.0 20.0 10.0
1121.0 1493.0 20.0 10.0
942.0 2058.0 20.0 10.0
973.0 2065.0 20.0 10.0
861.0 2245.0 20.0 10.0
1081.0 2057.0 20.0 10.0
2899.0 644.0 20.0 10.0
994.0 1355.0 20.0 10.0
850.0 2166.0 20.0 10.0
842.0 2300.0 20.0 10.0
2101.0 1126.0 20.0 10.0
983.0 1328.0 20.0 10.0
2871.0 653.0 20.0 10.0
2842.0 660.0 20.0 10.0
2916.0 686.0 20.0 10.0
1325.0 1537.0 20.0 10.0
2321.0 1204.0 20.0 10.0
968.0 1460.0 20.0 10.0
2475.0 1336.0 20.0 10.0
335.0 2625.0 20.0 10.0
366.0 2595.0 20.0 10.0
397.0 2565.0 20.0 10.0
2309.0 1167.0 20.0 10.0
3285.0 143.0 20.0 10.0
2890.0 455.0 20.0 10.0
1850.0 1712.0 20.0 10.0
1840.0 1691.0 20.0 10.0
2917.0 357.0 20.0 10.0
1741.0 1563.0 20.0 10.0
3016.0 692.0 20.0 10.0
1786.0 1393.0 20.0 10.0
1899.0 1110.0 20.0 10.0
1887.0 538.0 20.0 10.0
2314.0 1081.0 20.0 10.0
2301.0 1079.0 20.0 10.0
1041.0 1972.0 20.0 10.0
2768.0 589.0 20.0 10.0
1576.0 1502.0 20.0 10.0
2035.0 758.0 20.0 10.0
2052.0 772.0 20.0 10.0
2385.0 1041.0 20.0 10.0
2363.0 1042.0 20.0 10.0
1818.0 1584.0 20.0 10.0
1804.0 1572.0 20.0 10.0
3132.0 163.0 20.0 10.0
1103.0 1936.0 20.0 10.0
2084.0 956.0 20.0 10.0
901.0 2161.0 20.0 10.0
829.0 2180.0 20.0 10.0
2007.0 857.0 20.0 10.0
1984.0 898.0 20.0 10.0
264.0 2669.0 20.0 10.0
784.0 2214.0 20.0 10.0
1123.0 2059.0 20.0 10.0
452.0 2510.0 20.0 10.0
464.0 2505.0 20.0 10.0
778.0 2287.0 20.0 10.0
1638.0 1360.0 20.0 10.0
1646.0 1368.0 20.0 10.0
3191.0 220.0 20.0 10.0
3179.0 227.0 20.0 10.0
1852.0 1636.0 20.0 10.0
2183.0 973.0 20.0 10.0
3079.0 265.0 20.0 10.0
3049.0 278.0 20.0 10.0
2444.0 1309.0 20.0 10.0
155.0 2804.0 20.0 10.0
1831.0 1619.0 20.0 10.0
1823.0 1597.0 20.0 10.0
2158.0 855.0 20.0 10.0
1995.0 761.0 20.0 10.0
2020.0 765.0 20.0 10.0
1988.0 740.0 20.0 10.0
2011.0 745.0 20.0 10.0
3289.0 190.0 20.0 10.0
1996.0 851.0 20.0 10.0
1758.0 1620.0 20.0 10.0
1775.0 1599.0 20.0 10.0
1426.0 1656.0 20.0 10.0
2154.0 868.0 20.0 10.0
1957.0 1192.0 20.0 10.0
3150.0 237.0 20.0 10.0
800.0 2326.0 20.0 10.0
910.0 1458.0 20.0 10.0
2207.0 1062.0 20.0 10.0
2325.0 1062.0 20.0 10.0
1122.0 2076.0 20.0 10.0
56.0 2924.0 20.0 10.0
2120.0 915.0 20.0 10.0
431.0 2535.0 20.0 10.0
2969.0 360.0 20.0 10.0
2213.0 1101.0 20.0 10.0
2177.0 1110.0 20.0 10.0
2140.0 1118.0 20.0 10.0
1933.0 1196.0 20.0 10.0
1983.0 759.0 20.0 10.0
1942.0 567.0 20.0 10.0
1870.0 466.0 20.0 10.0
1014.0 1414.0 20.0 10.0
1383.0 1714.0 20.0 10.0
3042.0 254.0 20.0 10.0
905.0 2083.0 20.0 10.0
218.0 2739.0 20.0 10.0
529.0 2444.0 20.0 10.0
3109.0 174.0 20.0 10.0
3087.0 203.0 20.0 10.0
3152.0 274.0 20.0 10.0
2623.0 632.0 20.0 10.0
2290.0 852.0 20.0 10.0
1391.0 1577.0 20.0 10.0
3231.0 175.0 20.0 10.0
2744.0 613.0 20.0 10.0
2715.0 612.0 20.0 10.0
2702.0 638.0 20.0 10.0
2662.0 633.0 20.0 10.0
1935.0 606.0 20.0 10.0
3068.0 238.0 20.0 10.0
1163.0 1507.0 20.0 10.0
1878.0 431.0 20.0 10.0
1899.0 473.0 20.0 10.0
1020.0 1483.0 20.0 10.0
1758.0 1652.0 20.0 10.0
1776.0 1561.0 20.0 10.0
3000.0 373.0 20.0 10.0
2981.0 392.0 20.0 10.0
66.0 2901.0 20.0 10.0
78.0 2881.0 20.0 10.0
95.0 2863.0 20.0 10.0
2237.0 1051.0 20.0 10.0
2211.0 1010.0 20.0 10.0
877.0 2232.0 20.0 10.0
46.0 2913.0 20.0 10.0
2500.0 1338.0 20.0 10.0
2478.0 1330.0 20.0 10.0
3208.0 197.0 20.0 10.0
768.0 2389.0 20.0 10.0
632.0 2352.0 20.0 10.0
668.0 2320.0 20.0 10.0
705.0 2286.0 20.0 10.0
1259.0 1556.0 20.0 10.0
826.0 2230.0 20.0 10.0
842.0 2209.0 20.0 10.0
774.0 2375.0 20.0 10.0
789.0 2358.0 20.0 10.0
811.0 2338.0 20.0 10.0
1987.0 708.0 20.0 10.0
1898.0 1087.0 20.0 10.0
52.0 2882.0 20.0 10.0
3111.0 265.0 20.0 10.0
3070.0 294.0 20.0 10.0
3239.0 198.0 20.0 10.0
2944.0 677.0 20.0 10.0
1475.0 1556.0 20.0 10.0
1123.0 2040.0 20.0 10.0
1123.0 2018.0 20.0 10.0
1107.0 1993.0 20.0 10.0
1098.0 1966.0 20.0 10.0
1995.0 699.0 20.0 10.0
2020.0 718.0 20.0 10.0
1776.0 1634.0 20.0 10.0
2246.0 1092.0 20.0 10.0
3015.0 328.0 20.0 10.0
3038.0 696.0 20.0 10.0
408.0 2539.0 20.0 10.0
1972.0 1221.0 20.0 10.0
1946.0 1220.0 20.0 10.0
2936.0 644.0 20.0 10.0
2923.0 656.0 20.0 10.0
2484.0 1346.0 20.0 10.0
2220.0 895.0 20.0 10.0
1601.0 1466.0 20.0 10.0
1632.0 1434.0 20.0 10.0
2770.0 521.0 20.0 10.0
987.0 1349.0 20.0 10.0
3187.0 213.0 20.0 10.0
1799.0 240.0 20.0 10.0
62.0 2891.0 20.0 10.0
1004.0 1490.0 20.0 10.0
1119.0 2118.0 20.0 10.0
1120.0 2106.0 20.0 10.0
2987.0 334.0 20.0 10.0
2049.0 1150.0 20.0 10.0
1878.0 478.0 20.0 10.0
952.0 1326.0 20.0 10.0
973.0 1338.0 20.0 10.0
248.0 2688.0 20.0 10.0
3165.0 99.0 20.0 10.0
1833.0 1246.0 20.0 10.0
2053.0 868.0 20.0 10.0
488.0 2436.0 20.0 10.0
500.0 2441.0 20.0 10.0
1733.0 1470.0 20.0 10.0
1441.0 1593.0 20.0 10.0
1274.0 1530.0 20.0 10.0
1945.0 1136.0 20.0 10.0
1946.0 1163.0 20.0 10.0
307.0 2654.0 20.0 10.0
1671.0 1511.0 20.0 10.0
1648.0 1501.0 20.0 10.0
2063.0 1132.0 20.0 10.0
2024.0 1136.0 20.0 10.0
2292.0 1157.0 20.0 10.0
2186.0 786.0 20.0 10.0
2493.0 720.0 20.0 10.0
2426.0 764.0 20.0 10.0
1865.0 1744.0 20.0 10.0
1857.0 1730.0 20.0 10.0
1986.0 1135.0 20.0 10.0
2523.0 710.0 20.0 10.0
1812.0 281.0 20.0 10.0
2106.0 943.0 20.0 10.0
1817.0 296.0 20.0 10.0
1011.0 1463.0 20.0 10.0
1041.0 1475.0 20.0 10.0
1000.0 1371.0 20.0 10.0
1740.0 1573.0 20.0 10.0
1878.0 1107.0 20.0 10.0
1359.0 1775.0 20.0 10.0
1843.0 374.0 20.0 10.0
1697.0 1369.0 20.0 10.0
1730.0 1338.0 20.0 10.0
113.0 2840.0 20.0 10.0
1766.0 1349.0 20.0 10.0
1809.0 1629.0 20.0 10.0
1867.0 504.0 20.0 10.0
1318.0 1577.0 20.0 10.0
1342.0 1561.0 20.0 10.0
2042.0 1071.0 20.0 10.0
479.0 2431.0 20.0 10.0
1655.0 1383.0 20.0 10.0
1666.0 1403.0 20.0 10.0
2147.0 881.0 20.0 10.0
1397.0 1762.0 20.0 10.0
1379.0 1747.0 20.0 10.0
579.0 2403.0 20.0 10.0
587.0 2393.0 20.0 10.0
1883.0 514.0 20.0 10.0
2145.0 897.0 20.0 10.0
1625.0 1482.0 20.0 10.0
1921.0 518.0 20.0 10.0
1425.0 1684.0 20.0 10.0
943.0 1414.0 20.0 10.0
56.0 2898.0 20.0 10.0
864.0 2147.0 20.0 10.0
879.0 2127.0 20.0 10.0
2283.0 1161.0 20.0 10.0
1022.0 1406.0 20.0 10.0
2912.0 416.0 20.0 10.0
2087.0 1140.0 20.0 10.0
3126.0 271.0 20.0 10.0
2158.0 965.0 20.0 10.0
2165.0 938.0 20.0 10.0
1755.0 1293.0 20.0 10.0
2974.0 375.0 20.0 10.0
2953.0 398.0 20.0 10.0
3175.0 79.0 20.0 10.0
3021.0 319.0 20.0 10.0
1003.0 1470.0 20.0 10.0
2778.0 652.0 20.0 10.0
1400.0 1730.0 20.0 10.0
1412.0 1708.0 20.0 10.0
905.0 2139.0 20.0 10.0
418.0 2538.0 20.0 10.0
3153.0 122.0 20.0 10.0
2743.0 539.0 20.0 10.0
206.0 2753.0 20.0 10.0
968.0 2096.0 20.0 10.0
1047.0 1393.0 20.0 10.0
1067.0 1385.0 20.0 10.0
562.0 2414.0 20.0 10.0
597.0 2382.0 20.0 10.0
2288.0 1166.0 20.0 10.0
2283.0 1134.0 20.0 10.0
2260.0 1093.0 20.0 10.0
1781.0 1525.0 20.0 10.0
1923.0 1123.0 20.0 10.0
2827.0 630.0 20.0 10.0
2812.0 652.0 20.0 10.0
2083.0 826.0 20.0 10.0
2295.0 1055.0 20.0 10.0
2276.0 1079.0 20.0 10.0
978.0 1360.0 20.0 10.0
188.0 2767.0 20.0 10.0
2199.0 741.0 20.0 10.0
1970.0 1230.0 20.0 10.0
2385.0 798.0 20.0 10.0
2358.0 807.0 20.0 10.0
102.0 2851.0 20.0 10.0
3001.0 689.0 20.0 10.0
2985.0 685.0 20.0 10.0
3218.0 213.0 20.0 10.0
3192.0 45.0 20.0 10.0
3184.0 60.0 20.0 10.0
513.0 2444.0 20.0 10.0
861.0 2269.0 20.0 10.0
1406.0 1635.0 20.0 10.0
1022.0 2013.0 20.0 10.0
2204.0 720.0 20.0 10.0
2917.0 405.0 20.0 10.0
3200.0 25.0 20.0 10.0
197.0 2759.0 20.0 10.0
1992.0 734.0 20.0 10.0
2083.0 872.0 20.0 10.0
2115.0 883.0 20.0 10.0
2379.0 1251.0 20.0 10.0
942.0 2103.0 20.0 10.0
1907.0 1190.0 20.0 10.0
3029.0 353.0 20.0 10.0
3017.0 358.0 20.0 10.0
2756.0 515.0 20.0 10.0
2558.0 676.0 20.0 10.0
2261.0 1125.0 20.0 10.0
1137.0 1510.0 20.0 10.0
1987.0 860.0 20.0 10.0
2000.0 879.0 20.0 10.0
1830.0 1668.0 20.0 10.0
1818.0 1636.0 20.0 10.0
237.0 2688.0 20.0 10.0
2187.0 776.0 20.0 10.0
2180.0 797.0 20.0 10.0
238.0 2722.0 20.0 10.0
250.0 2713.0 20.0 10.0
280.0 2684.0 20.0 10.0
3173.0 264.0 20.0 10.0
814.0 2246.0 20.0 10.0
844.0 2228.0 20.0 10.0
2057.0 814.0 20.0 10.0
1010.0 1375.0 20.0 10.0
1028.0 1386.0 20.0 10.0
3131.0 147.0 20.0 10.0
915.0 1464.0 20.0 10.0
2740.0 646.0 20.0 10.0
2758.0 597.0 20.0 10.0
1002.0 1345.0 20.0 10.0
1073.0 1963.0 20.0 10.0
1124.0 1912.0 20.0 10.0
1833.0 1625.0 20.0 10.0
229.0 2767.0 20.0 10.0
1519.0 1573.0 20.0 10.0
959.0 1411.0 20.0 10.0
2246.0 886.0 20.0 10.0
1809.0 273.0 20.0 10.0
916.0 1430.0 20.0 10.0
944.0 1438.0 20.0 10.0
3264.0 193.0 20.0 10.0
837.0 2264.0 20.0 10.0
2874.0 402.0 20.0 10.0
2885.0 427.0 20.0 10.0
2860.0 449.0 20.0 10.0
2801.0 494.0 20.0 10.0
1892.0 1281.0 20.0 10.0
1884.0 481.0 20.0 10.0
1903.0 495.0 20.0 10.0
