500
1850.0 665.0 20.0 10.0
713.0 631.0 20.0 10.0
1274.0 1178.0 20.0 10.0
1315.0 1413.0 20.0 10.0
1718.0 1613.0 20.0 10.0
339.0 1952.0 20.0 10.0
170.0 1434.0 20.0 10.0
186.0 1436.0 20.0 10.0
1207.0 236.0 20.0 10.0
1212.0 256.0 20.0 10.0
1218.0 277.0 20.0 10.0
1024.0 559.0 20.0 10.0
997.0 547.0 20.0 10.0
1197.0 411.0 20.0 10.0
1193.0 459.0 20.0 10.0
220.0 809.0 20.0 10.0
1273.0 180.0 20.0 10.0
1724.0 592.0 20.0 10.0
1485.0 92.0 20.0 10.0
261.0 1324.0 20.0 10.0
266.0 1351.0 20.0 10.0
82.0 1751.0 20.0 10.0
103.0 1776.0 20.0 10.0
141.0 1773.0 20.0 10.0
75.0 1629.0 20.0 10.0
902.0 468.0 20.0 10.0
915.0 479.0 20.0 10.0
1331.0 1217.0 20.0 10.0
1325.0 1244.0 20.0 10.0
1461.0 506.0 20.0 10.0
1425.0 185.0 20.0 10.0
1242.0 29.0 20.0 10.0
2005.0 1118.0 20.0 10.0
453.0 1371.0 20.0 10.0
430.0 1385.0 20.0 10.0
604.0 1869.0 20.0 10.0
570.0 1863.0 20.0 10.0
1625.0 1165.0 20.0 10.0
1706.0 1199.0 20.0 10.0
1654.0 1216.0 20.0 10.0
1182.0 1120.0 20.0 10.0
189.0 1236.0 20.0 10.0
1311.0 552.0 20.0 10.0
1993.0 609.0 20.0 10.0
1964.0 635.0 20.0 10.0
1825.0 1141.0 20.0 10.0
1807.0 1165.0 20.0 10.0
310.0 1945.0 20.0 10.0
281.0 1930.0 20.0 10.0
248.0 1917.0 20.0 10.0
1257.0 260.0 20.0 10.0
1757.0 1182.0 20.0 10.0
1952.0 601.0 20.0 10.0
91.0 1618.0 20.0 10.0
111.0 1601.0 20.0 10.0
776.0 545.0 20.0 10.0
794.0 550.0 20.0 10.0
1466.0 123.0 20.0 10.0
1454.0 143.0 20.0 10.0
1440.0 163.0 20.0 10.0
2062.0 1071.0 20.0 10.0
2063.0 569.0 20.0 10.0
803.0 583.0 20.0 10.0
814.0 558.0 20.0 10.0
839.0 576.0 20.0 10.0
1282.0 25.0 20.0 10.0
1261.0 44.0 20.0 10.0
1257.0 69.0 20.0 10.0
1251.0 98.0 20.0 10.0
47.0 1014.0 20.0 10.0
2093.0 538.0 20.0 10.0
1192.0 1067.0 20.0 10.0
1609.0 1446.0 20.0 10.0
1196.0 204.0 20.0 10.0
44.0 917.0 20.0 10.0
992.0 577.0 20.0 10.0
1276.0 142.0 20.0 10.0
1871.0 1198.0 20.0 10.0
2080.0 547.0 20.0 10.0
111.0 1637.0 20.0 10.0
779.0 675.0 20.0 10.0
778.0 647.0 20.0 10.0
2011.0 710.0 20.0 10.0
1696.0 1579.0 20.0 10.0
1686.0 1547.0 20.0 10.0
109.0 1169.0 20.0 10.0
298.0 818.0 20.0 10.0
1615.0 1106.0 20.0 10.0
33.0 1023.0 20.0 10.0
51.0 1040.0 20.0 10.0
65.0 1071.0 20.0 10.0
87.0 1100.0 20.0 10.0
107.0 1079.0 20.0 10.0
171.0 1717.0 20.0 10.0
918.0 1367.0 20.0 10.0
943.0 1357.0 20.0 10.0
2023.0 1117.0 20.0 10.0
1692.0 780.0 20.0 10.0
1279.0 593.0 20.0 10.0
714.0 1537.0 20.0 10.0
1964.0 1149.0 20.0 10.0
1943.0 1129.0 20.0 10.0
1905.0 1132.0 20.0 10.0
1595.0 736.0 20.0 10.0
128.0 1617.0 20.0 10.0
140.0 1587.0 20.0 10.0
166.0 1561.0 20.0 10.0
1708.0 1597.0 20.0 10.0
212.0 1446.0 20.0 10.0
238.0 1462.0 20.0 10.0
265.0 1426.0 20.0 10.0
497.0 1805.0 20.0 10.0
2040.0 739.0 20.0 10.0
1669.0 741.0 20.0 10.0
643.0 633.0 20.0 10.0
665.0 634.0 20.0 10.0
688.0 633.0 20.0 10.0
1700.0 828.0 20.0 10.0
1693.0 814.0 20.0 10.0
1671.0 798.0 20.0 10.0
1667.0 768.0 20.0 10.0
1443.0 1254.0 20.0 10.0
1495.0 1247.0 20.0 10.0
1548.0 1253.0 20.0 10.0
1278.0 1171.0 20.0 10.0
1622.0 765.0 20.0 10.0
1639.0 740.0 20.0 10.0
1665.0 655.0 20.0 10.0
1802.0 571.0 20.0 10.0
1802.0 585.0 20.0 10.0
157.0 1612.0 20.0 10.0
1170.0 1323.0 20.0 10.0
707.0 716.0 20.0 10.0
207.0 1558.0 20.0 10.0
191.0 1532.0 20.0 10.0
212.0 1497.0 20.0 10.0
504.0 1535.0 20.0 10.0
1254.0 1309.0 20.0 10.0
924.0 1357.0 20.0 10.0
1419.0 1175.0 20.0 10.0
456.0 1551.0 20.0 10.0
446.0 784.0 20.0 10.0
1635.0 1063.0 20.0 10.0
1628.0 1080.0 20.0 10.0
1636.0 1109.0 20.0 10.0
1322.0 1380.0 20.0 10.0
1393.0 584.0 20.0 10.0
1339.0 565.0 20.0 10.0
1283.0 546.0 20.0 10.0
1228.0 529.0 20.0 10.0
1230.0 301.0 20.0 10.0
1248.0 325.0 20.0 10.0
1139.0 542.0 20.0 10.0
1113.0 533.0 20.0 10.0
1716.0 812.0 20.0 10.0
1404.0 226.0 20.0 10.0
32.0 935.0 20.0 10.0
1729.0 608.0 20.0 10.0
1736.0 634.0 20.0 10.0
1719.0 656.0 20.0 10.0
2026.0 725.0 20.0 10.0
1697.0 790.0 20.0 10.0
1600.0 1109.0 20.0 10.0
467.0 772.0 20.0 10.0
512.0 759.0 20.0 10.0
559.0 745.0 20.0 10.0
103.0 1653.0 20.0 10.0
252.0 1490.0 20.0 10.0
1602.0 711.0 20.0 10.0
1626.0 696.0 20.0 10.0
1612.0 655.0 20.0 10.0
551.0 1665.0 20.0 10.0
1851.0 1103.0 20.0 10.0
1854.0 1134.0 20.0 10.0
260.0 1944.0 20.0 10.0
2094.0 1089.0 20.0 10.0
2075.0 1090.0 20.0 10.0
545.0 1648.0 20.0 10.0
1148.0 1304.0 20.0 10.0
234.0 1845.0 20.0 10.0
479.0 1534.0 20.0 10.0
485.0 1503.0 20.0 10.0
467.0 1468.0 20.0 10.0
423.0 1449.0 20.0 10.0
1230.0 277.0 20.0 10.0
1215.0 320.0 20.0 10.0
1207.0 365.0 20.0 10.0
1250.0 1577.0 20.0 10.0
1393.0 1262.0 20.0 10.0
112.0 1132.0 20.0 10.0
1562.0 1339.0 20.0 10.0
1731.0 1188.0 20.0 10.0
1440.0 1194.0 20.0 10.0
1471.0 1217.0 20.0 10.0
719.0 704.0 20.0 10.0
83.0 944.0 20.0 10.0
94.0 932.0 20.0 10.0
113.0 914.0 20.0 10.0
1008.0 500.0 20.0 10.0
798.0 1448.0 20.0 10.0
781.0 1455.0 20.0 10.0
756.0 1472.0 20.0 10.0
729.0 1485.0 20.0 10.0
706.0 1507.0 20.0 10.0
670.0 1494.0 20.0 10.0
634.0 1483.0 20.0 10.0
595.0 1475.0 20.0 10.0
553.0 1470.0 20.0 10.0
511.0 1468.0 20.0 10.0
1622.0 1133.0 20.0 10.0
165.0 1199.0 20.0 10.0
1397.0 218.0 20.0 10.0
1383.0 236.0 20.0 10.0
201.0 1780.0 20.0 10.0
1584.0 1408.0 20.0 10.0
2052.0 750.0 20.0 10.0
607.0 729.0 20.0 10.0
656.0 711.0 20.0 10.0
1015.0 569.0 20.0 10.0
191.0 1828.0 20.0 10.0
915.0 490.0 20.0 10.0
434.0 1402.0 20.0 10.0
405.0 1403.0 20.0 10.0
382.0 1426.0 20.0 10.0
778.0 1469.0 20.0 10.0
2054.0 637.0 20.0 10.0
2028.0 641.0 20.0 10.0
1998.0 638.0 20.0 10.0
1498.0 502.0 20.0 10.0
229.0 1284.0 20.0 10.0
239.0 1311.0 20.0 10.0
214.0 1273.0 20.0 10.0
2037.0 1081.0 20.0 10.0
2016.0 1089.0 20.0 10.0
1508.0 544.0 20.0 10.0
1203.0 1084.0 20.0 10.0
1209.0 1111.0 20.0 10.0
61.0 1170.0 20.0 10.0
80.0 1172.0 20.0 10.0
761.0 539.0 20.0 10.0
1477.0 107.0 20.0 10.0
25.0 994.0 20.0 10.0
35.0 1011.0 20.0 10.0
2078.0 634.0 20.0 10.0
72.0 1960.0 20.0 10.0
91.0 1945.0 20.0 10.0
113.0 1922.0 20.0 10.0
1487.0 1307.0 20.0 10.0
923.0 472.0 20.0 10.0
933.0 501.0 20.0 10.0
962.0 497.0 20.0 10.0
1618.0 802.0 20.0 10.0
45.0 1792.0 20.0 10.0
1513.0 1305.0 20.0 10.0
477.0 1362.0 20.0 10.0
1440.0 1340.0 20.0 10.0
1978.0 1095.0 20.0 10.0
850.0 1592.0 20.0 10.0
833.0 1584.0 20.0 10.0
1335.0 1345.0 20.0 10.0
1558.0 636.0 20.0 10.0
1504.0 618.0 20.0 10.0
1624.0 892.0 20.0 10.0
1643.0 873.0 20.0 10.0
1628.0 848.0 20.0 10.0
812.0 1534.0 20.0 10.0
1333.0 1405.0 20.0 10.0
1299.0 1472.0 20.0 10.0
1309.0 1445.0 20.0 10.0
1864.0 1063.0 20.0 10.0
1856.0 1080.0 20.0 10.0
1672.0 1543.0 20.0 10.0
1670.0 1517.0 20.0 10.0
1086.0 1319.0 20.0 10.0
1999.0 1121.0 20.0 10.0
1974.0 1117.0 20.0 10.0
138.0 1129.0 20.0 10.0
1893.0 1168.0 20.0 10.0
338.0 806.0 20.0 10.0
379.0 795.0 20.0 10.0
422.0 784.0 20.0 10.0
1523.0 490.0 20.0 10.0
1518.0 516.0 20.0 10.0
790.0 1555.0 20.0 10.0
760.0 1550.0 20.0 10.0
735.0 1529.0 20.0 10.0
1089.0 1330.0 20.0 10.0
1107.0 1317.0 20.0 10.0
66.0 917.0 20.0 10.0
191.0 1769.0 20.0 10.0
173.0 1794.0 20.0 10.0
1480.0 526.0 20.0 10.0
1483.0 556.0 20.0 10.0
1471.0 585.0 20.0 10.0
1448.0 602.0 20.0 10.0
707.0 691.0 20.0 10.0
1626.0 817.0 20.0 10.0
736.0 689.0 20.0 10.0
760.0 670.0 20.0 10.0
815.0 647.0 20.0 10.0
184.0 856.0 20.0 10.0
1960.0 589.0 20.0 10.0
969.0 1359.0 20.0 10.0
999.0 1351.0 20.0 10.0
1032.0 1342.0 20.0 10.0
1801.0 612.0 20.0 10.0
1187.0 1314.0 20.0 10.0
1210.0 1298.0 20.0 10.0
1240.0 1285.0 20.0 10.0
1291.0 1279.0 20.0 10.0
1342.0 1270.0 20.0 10.0
1942.0 1110.0 20.0 10.0
1889.0 1144.0 20.0 10.0
58.0 855.0 20.0 10.0
535.0 1857.0 20.0 10.0
503.0 1868.0 20.0 10.0
1606.0 1084.0 20.0 10.0
1562.0 1368.0 20.0 10.0
1280.0 1129.0 20.0 10.0
1280.0 1147.0 20.0 10.0
76.0 912.0 20.0 10.0
92.0 896.0 20.0 10.0
2084.0 732.0 20.0 10.0
2070.0 723.0 20.0 10.0
2047.0 713.0 20.0 10.0
25.0 896.0 20.0 10.0
471.0 1868.0 20.0 10.0
140.0 897.0 20.0 10.0
1745.0 844.0 20.0 10.0
1731.0 829.0 20.0 10.0
2022.0 703.0 20.0 10.0
1990.0 694.0 20.0 10.0
1957.0 676.0 20.0 10.0
1923.0 653.0 20.0 10.0
1874.0 656.0 20.0 10.0
1823.0 659.0 20.0 10.0
1690.0 1571.0 20.0 10.0
768.0 1450.0 20.0 10.0
1495.0 1380.0 20.0 10.0
1492.0 1364.0 20.0 10.0
1493.0 1337.0 20.0 10.0
609.0 633.0 20.0 10.0
625.0 633.0 20.0 10.0
1341.0 298.0 20.0 10.0
1314.0 329.0 20.0 10.0
1286.0 359.0 20.0 10.0
1254.0 390.0 20.0 10.0
1224.0 424.0 20.0 10.0
900.0 1370.0 20.0 10.0
933.0 581.0 20.0 10.0
950.0 574.0 20.0 10.0
666.0 1885.0 20.0 10.0
635.0 1877.0 20.0 10.0
1199.0 1146.0 20.0 10.0
1224.0 1139.0 20.0 10.0
1235.0 1175.0 20.0 10.0
1250.0 1210.0 20.0 10.0
1279.0 1241.0 20.0 10.0
1652.0 1486.0 20.0 10.0
1632.0 1452.0 20.0 10.0
1609.0 1417.0 20.0 10.0
1585.0 1379.0 20.0 10.0
292.0 1391.0 20.0 10.0
67.0 1727.0 20.0 10.0
1252.0 357.0 20.0 10.0
1535.0 1299.0 20.0 10.0
461.0 1384.0 20.0 10.0
966.0 557.0 20.0 10.0
943.0 531.0 20.0 10.0
320.0 828.0 20.0 10.0
1614.0 1198.0 20.0 10.0
814.0 1570.0 20.0 10.0
134.0 1951.0 20.0 10.0
743.0 639.0 20.0 10.0
1300.0 578.0 20.0 10.0
1067.0 1332.0 20.0 10.0
910.0 616.0 20.0 10.0
1669.0 886.0 20.0 10.0
1240.0 1551.0 20.0 10.0
1240.0 1527.0 20.0 10.0
1225.0 1088.0 20.0 10.0
1281.0 1561.0 20.0 10.0
2052.0 1091.0 20.0 10.0
465.0 1921.0 20.0 10.0
486.0 1898.0 20.0 10.0
1278.0 109.0 20.0 10.0
1252.0 127.0 20.0 10.0
337.0 1408.0 20.0 10.0
1280.0 51.0 20.0 10.0
1882.0 1132.0 20.0 10.0
1858.0 1149.0 20.0 10.0
1621.0 1220.0 20.0 10.0
1601.0 1231.0 20.0 10.0
1173.0 510.0 20.0 10.0
408.0 1956.0 20.0 10.0
387.0 1959.0 20.0 10.0
364.0 1956.0 20.0 10.0
1396.0 1156.0 20.0 10.0
164.0 1139.0 20.0 10.0
140.0 1162.0 20.0 10.0
221.0 844.0 20.0 10.0
259.0 832.0 20.0 10.0
1943.0 670.0 20.0 10.0
239.0 813.0 20.0 10.0
799.0 1580.0 20.0 10.0
896.0 600.0 20.0 10.0
931.0 600.0 20.0 10.0
1634.0 919.0 20.0 10.0
1631.0 898.0 20.0 10.0
136.0 1531.0 20.0 10.0
1221.0 1329.0 20.0 10.0
1231.0 1317.0 20.0 10.0
1871.0 1047.0 20.0 10.0
2106.0 739.0 20.0 10.0
2091.0 731.0 20.0 10.0
760.0 691.0 20.0 10.0
209.0 1861.0 20.0 10.0
215.0 1898.0 20.0 10.0
184.0 1917.0 20.0 10.0
148.0 1926.0 20.0 10.0
932.0 1382.0 20.0 10.0
1866.0 1167.0 20.0 10.0
1053.0 556.0 20.0 10.0
133.0 1517.0 20.0 10.0
152.0 1505.0 20.0 10.0
1455.0 1198.0 20.0 10.0
1281.0 1545.0 20.0 10.0
1269.0 1519.0 20.0 10.0
1290.0 1499.0 20.0 10.0
1250.0 160.0 20.0 10.0
1246.0 196.0 20.0 10.0
1238.0 234.0 20.0 10.0
151.0 870.0 20.0 10.0
1394.0 1311.0 20.0 10.0
1346.0 1307.0 20.0 10.0
1308.0 1278.0 20.0 10.0
1273.0 1288.0 20.0 10.0
1385.0 1154.0 20.0 10.0
1408.0 1174.0 20.0 10.0
996.0 493.0 20.0 10.0
984.0 517.0 20.0 10.0
1796.0 642.0 20.0 10.0
1771.0 658.0 20.0 10.0
511.0 1836.0 20.0 10.0
148.0 1083.0 20.0 10.0
127.0 1100.0 20.0 10.0
1168.0 1298.0 20.0 10.0
1193.0 1292.0 20.0 10.0
86.0 1899.0 20.0 10.0
255.0 862.0 20.0 10.0
947.0 475.0 20.0 10.0
74.0 1868.0 20.0 10.0
69.0 1834.0 20.0 10.0
76.0 1799.0 20.0 10.0
917.0 456.0 20.0 10.0
873.0 625.0 20.0 10.0
1364.0 267.0 20.0 10.0
292.0 1424.0 20.0 10.0
25.0 1774.0 20.0 10.0
1633.0 780.0 20.0 10.0
1361.0 1144.0 20.0 10.0
1379.0 1157.0 20.0 10.0
1932.0 622.0 20.0 10.0
181.0 1503.0 20.0 10.0
2045.0 1081.0 20.0 10.0
458.0 1754.0 20.0 10.0
480.0 1776.0 20.0 10.0
1407.0 208.0 20.0 10.0
1496.0 643.0 20.0 10.0
2080.0 566.0 20.0 10.0
864.0 594.0 20.0 10.0
2120.0 626.0 20.0 10.0
2099.0 630.0 20.0 10.0
1202.0 219.0 20.0 10.0
722.0 1894.0 20.0 10.0
937.0 1389.0 20.0 10.0
948.0 1375.0 20.0 10.0
74.0 857.0 20.0 10.0
96.0 862.0 20.0 10.0
120.0 883.0 20.0 10.0
2063.0 559.0 20.0 10.0
2045.0 573.0 20.0 10.0
131.0 1715.0 20.0 10.0
148.0 1739.0 20.0 10.0
1272.0 1205.0 20.0 10.0
1336.0 1421.0 20.0 10.0
1990.0 1140.0 20.0 10.0
1660.0 1107.0 20.0 10.0
1155.0 1333.0 20.0 10.0
1441.0 1311.0 20.0 10.0
95.0 1060.0 20.0 10.0
512.0 1643.0 20.0 10.0
534.0 1627.0 20.0 10.0
526.0 1599.0 20.0 10.0
517.0 1569.0 20.0 10.0
695.0 1891.0 20.0 10.0
1756.0 857.0 20.0 10.0
1227.0 1106.0 20.0 10.0
235.0 875.0 20.0 10.0
2020.0 586.0 20.0 10.0
