500
2380.0 497.0 20.0 10.0
40.0 2139.0 20.0 10.0
2106.0 853.0 20.0 10.0
2421.0 504.0 20.0 10.0
2228.0 908.0 20.0 10.0
2604.0 331.0 20.0 10.0
111.0 2390.0 20.0 10.0
1956.0 989.0 20.0 10.0
189.0 645.0 20.0 10.0
541.0 523.0 20.0 10.0
649.0 2263.0 20.0 10.0
1950.0 1575.0 20.0 10.0
137.0 2335.0 20.0 10.0
1458.0 1003.0 20.0 10.0
1541.0 1033.0 20.0 10.0
1625.0 1061.0 20.0 10.0
1708.0 1088.0 20.0 10.0
1792.0 1112.0 20.0 10.0
1849.0 1168.0 20.0 10.0
476.0 469.0 20.0 10.0
2437.0 495.0 20.0 10.0
2205.0 1793.0 20.0 10.0
1372.0 1064.0 20.0 10.0
2155.0 981.0 20.0 10.0
1649.0 1201.0 20.0 10.0
1958.0 1557.0 20.0 10.0
1984.0 1563.0 20.0 10.0
136.0 77.0 20.0 10.0
2213.0 1472.0 20.0 10.0
390.0 642.0 20.0 10.0
418.0 649.0 20.0 10.0
2016.0 1543.0 20.0 10.0
501.0 492.0 20.0 10.0
550.0 2231.0 20.0 10.0
66.0 2113.0 20.0 10.0
1961.0 1308.0 20.0 10.0
2151.0 1925.0 20.0 10.0
153.0 171.0 20.0 10.0
49.0 2378.0 20.0 10.0
2124.0 1654.0 20.0 10.0
1352.0 1069.0 20.0 10.0
2763.0 1766.0 20.0 10.0
2127.0 1426.0 20.0 10.0
215.0 2290.0 20.0 10.0
861.0 769.0 20.0 10.0
157.0 124.0 20.0 10.0
908.0 810.0 20.0 10.0
927.0 816.0 20.0 10.0
352.0 618.0 20.0 10.0
1137.0 791.0 20.0 10.0
1133.0 804.0 20.0 10.0
2799.0 1771.0 20.0 10.0
2787.0 1769.0 20.0 10.0
947.0 823.0 20.0 10.0
2171.0 979.0 20.0 10.0
2608.0 1700.0 20.0 10.0
2125.0 911.0 20.0 10.0
613.0 731.0 20.0 10.0
177.0 125.0 20.0 10.0
595.0 543.0 20.0 10.0
2431.0 516.0 20.0 10.0
1989.0 1547.0 20.0 10.0
2152.0 806.0 20.0 10.0
1211.0 946.0 20.0 10.0
2100.0 1791.0 20.0 10.0
2636.0 1750.0 20.0 10.0
2079.0 1638.0 20.0 10.0
1960.0 1569.0 20.0 10.0
2120.0 1940.0 20.0 10.0
2148.0 1939.0 20.0 10.0
2709.0 1756.0 20.0 10.0
493.0 492.0 20.0 10.0
530.0 536.0 20.0 10.0
328.0 2248.0 20.0 10.0
2170.0 1984.0 20.0 10.0
1347.0 1021.0 20.0 10.0
125.0 2365.0 20.0 10.0
459.0 450.0 20.0 10.0
2238.0 898.0 20.0 10.0
239.0 638.0 20.0 10.0
262.0 647.0 20.0 10.0
1871.0 1280.0 20.0 10.0
1885.0 1260.0 20.0 10.0
2220.0 949.0 20.0 10.0
2009.0 947.0 20.0 10.0
1160.0 819.0 20.0 10.0
610.0 775.0 20.0 10.0
2148.0 1896.0 20.0 10.0
1389.0 1062.0 20.0 10.0
1372.0 1037.0 20.0 10.0
863.0 742.0 20.0 10.0
811.0 722.0 20.0 10.0
2616.0 343.0 20.0 10.0
2287.0 669.0 20.0 10.0
1167.0 831.0 20.0 10.0
771.0 719.0 20.0 10.0
718.0 2227.0 20.0 10.0
694.0 2225.0 20.0 10.0
670.0 2213.0 20.0 10.0
2104.0 1801.0 20.0 10.0
2145.0 1565.0 20.0 10.0
98.0 47.0 20.0 10.0
111.0 60.0 20.0 10.0
2155.0 1994.0 20.0 10.0
2172.0 1589.0 20.0 10.0
2138.0 1848.0 20.0 10.0
1184.0 2225.0 20.0 10.0
1167.0 2254.0 20.0 10.0
69.0 2142.0 20.0 10.0
1397.0 1014.0 20.0 10.0
1370.0 1005.0 20.0 10.0
2140.0 1863.0 20.0 10.0
2210.0 914.0 20.0 10.0
2184.0 918.0 20.0 10.0
2155.0 928.0 20.0 10.0
2207.0 1853.0 20.0 10.0
906.0 2234.0 20.0 10.0
1999.0 885.0 20.0 10.0
2819.0 1925.0 20.0 10.0
2807.0 1918.0 20.0 10.0
2089.0 1467.0 20.0 10.0
2075.0 1438.0 20.0 10.0
2094.0 1818.0 20.0 10.0
1404.0 1040.0 20.0 10.0
756.0 2137.0 20.0 10.0
2775.0 1766.0 20.0 10.0
165.0 176.0 20.0 10.0
2186.0 1462.0 20.0 10.0
2082.0 1487.0 20.0 10.0
2091.0 1535.0 20.0 10.0
75.0 2409.0 20.0 10.0
78.0 2380.0 20.0 10.0
2160.0 1572.0 20.0 10.0
2144.0 1592.0 20.0 10.0
2148.0 2020.0 20.0 10.0
2552.0 398.0 20.0 10.0
2543.0 414.0 20.0 10.0
162.0 2236.0 20.0 10.0
886.0 779.0 20.0 10.0
123.0 81.0 20.0 10.0
1107.0 794.0 20.0 10.0
1110.0 804.0 20.0 10.0
1109.0 828.0 20.0 10.0
1102.0 2219.0 20.0 10.0
2004.0 919.0 20.0 10.0
2372.0 584.0 20.0 10.0
226.0 173.0 20.0 10.0
1958.0 1280.0 20.0 10.0
2387.0 479.0 20.0 10.0
2385.0 492.0 20.0 10.0
794.0 723.0 20.0 10.0
374.0 603.0 20.0 10.0
225.0 134.0 20.0 10.0
2176.0 1996.0 20.0 10.0
2178.0 1787.0 20.0 10.0
2419.0 556.0 20.0 10.0
2614.0 1741.0 20.0 10.0
360.0 638.0 20.0 10.0
2174.0 952.0 20.0 10.0
2025.0 1359.0 20.0 10.0
676.0 760.0 20.0 10.0
2667.0 233.0 20.0 10.0
2631.0 303.0 20.0 10.0
2247.0 889.0 20.0 10.0
1616.0 1086.0 20.0 10.0
159.0 2409.0 20.0 10.0
909.0 2211.0 20.0 10.0
282.0 249.0 20.0 10.0
489.0 659.0 20.0 10.0
78.0 25.0 20.0 10.0
157.0 98.0 20.0 10.0
2157.0 2012.0 20.0 10.0
657.0 675.0 20.0 10.0
2500.0 1660.0 20.0 10.0
2452.0 1628.0 20.0 10.0
2017.0 1488.0 20.0 10.0
555.0 501.0 20.0 10.0
478.0 571.0 20.0 10.0
2115.0 1673.0 20.0 10.0
1945.0 1558.0 20.0 10.0
2414.0 546.0 20.0 10.0
2677.0 253.0 20.0 10.0
2657.0 279.0 20.0 10.0
961.0 785.0 20.0 10.0
2377.0 519.0 20.0 10.0
96.0 2154.0 20.0 10.0
2030.0 965.0 20.0 10.0
748.0 2165.0 20.0 10.0
2422.0 562.0 20.0 10.0
128.0 647.0 20.0 10.0
2003.0 894.0 20.0 10.0
1849.0 1072.0 20.0 10.0
492.0 667.0 20.0 10.0
521.0 665.0 20.0 10.0
571.0 581.0 20.0 10.0
614.0 628.0 20.0 10.0
181.0 148.0 20.0 10.0
203.0 173.0 20.0 10.0
227.0 199.0 20.0 10.0
255.0 223.0 20.0 10.0
2060.0 902.0 20.0 10.0
2152.0 1608.0 20.0 10.0
2111.0 1657.0 20.0 10.0
1100.0 898.0 20.0 10.0
2195.0 963.0 20.0 10.0
2184.0 936.0 20.0 10.0
588.0 669.0 20.0 10.0
1072.0 2223.0 20.0 10.0
179.0 180.0 20.0 10.0
1386.0 1082.0 20.0 10.0
330.0 294.0 20.0 10.0
339.0 309.0 20.0 10.0
434.0 2215.0 20.0 10.0
753.0 2116.0 20.0 10.0
723.0 2133.0 20.0 10.0
1708.0 1178.0 20.0 10.0
25.0 2129.0 20.0 10.0
1334.0 1039.0 20.0 10.0
66.0 2087.0 20.0 10.0
649.0 2167.0 20.0 10.0
2781.0 1873.0 20.0 10.0
2766.0 1865.0 20.0 10.0
728.0 748.0 20.0 10.0
2523.0 433.0 20.0 10.0
393.0 626.0 20.0 10.0
2388.0 521.0 20.0 10.0
2382.0 549.0 20.0 10.0
1021.0 832.0 20.0 10.0
182.0 2269.0 20.0 10.0
2630.0 1784.0 20.0 10.0
2621.0 1774.0 20.0 10.0
2601.0 1756.0 20.0 10.0
2592.0 1724.0 20.0 10.0
798.0 2105.0 20.0 10.0
2213.0 1830.0 20.0 10.0
2200.0 1822.0 20.0 10.0
2234.0 1480.0 20.0 10.0
261.0 2283.0 20.0 10.0
1927.0 1041.0 20.0 10.0
2141.0 955.0 20.0 10.0
2666.0 1783.0 20.0 10.0
2730.0 209.0 20.0 10.0
2291.0 692.0 20.0 10.0
1331.0 1045.0 20.0 10.0
60.0 2070.0 20.0 10.0
737.0 751.0 20.0 10.0
2127.0 823.0 20.0 10.0
215.0 2262.0 20.0 10.0
1399.0 973.0 20.0 10.0
88.0 35.0 20.0 10.0
625.0 760.0 20.0 10.0
2399.0 574.0 20.0 10.0
2674.0 1752.0 20.0 10.0
659.0 761.0 20.0 10.0
182.0 2358.0 20.0 10.0
526.0 2215.0 20.0 10.0
491.0 573.0 20.0 10.0
511.0 578.0 20.0 10.0
2867.0 1786.0 20.0 10.0
2490.0 470.0 20.0 10.0
1105.0 872.0 20.0 10.0
2604.0 354.0 20.0 10.0
600.0 532.0 20.0 10.0
586.0 561.0 20.0 10.0
472.0 449.0 20.0 10.0
2718.0 222.0 20.0 10.0
2702.0 238.0 20.0 10.0
310.0 278.0 20.0 10.0
2120.0 833.0 20.0 10.0
2109.0 1484.0 20.0 10.0
595.0 751.0 20.0 10.0
1903.0 1031.0 20.0 10.0
293.0 655.0 20.0 10.0
1527.0 1057.0 20.0 10.0
177.0 2312.0 20.0 10.0
1661.0 1179.0 20.0 10.0
2820.0 1931.0 20.0 10.0
118.0 2178.0 20.0 10.0
2695.0 1814.0 20.0 10.0
574.0 758.0 20.0 10.0
598.0 760.0 20.0 10.0
2001.0 1524.0 20.0 10.0
224.0 122.0 20.0 10.0
2455.0 508.0 20.0 10.0
2789.0 1902.0 20.0 10.0
2205.0 943.0 20.0 10.0
1289.0 970.0 20.0 10.0
2151.0 1986.0 20.0 10.0
2154.0 1975.0 20.0 10.0
1981.0 1325.0 20.0 10.0
2043.0 1533.0 20.0 10.0
2063.0 1510.0 20.0 10.0
693.0 2120.0 20.0 10.0
690.0 2152.0 20.0 10.0
2655.0 294.0 20.0 10.0
2836.0 1944.0 20.0 10.0
384.0 642.0 20.0 10.0
2567.0 1713.0 20.0 10.0
174.0 2386.0 20.0 10.0
1328.0 933.0 20.0 10.0
2406.0 527.0 20.0 10.0
1203.0 889.0 20.0 10.0
558.0 669.0 20.0 10.0
2067.0 1389.0 20.0 10.0
2231.0 1842.0 20.0 10.0
459.0 2371.0 20.0 10.0
2119.0 1604.0 20.0 10.0
2100.0 1583.0 20.0 10.0
144.0 2403.0 20.0 10.0
135.0 2378.0 20.0 10.0
51.0 2295.0 20.0 10.0
70.0 2299.0 20.0 10.0
2477.0 484.0 20.0 10.0
483.0 2230.0 20.0 10.0
2167.0 1797.0 20.0 10.0
2185.0 1812.0 20.0 10.0
2119.0 1715.0 20.0 10.0
662.0 2142.0 20.0 10.0
1395.0 997.0 20.0 10.0
1290.0 945.0 20.0 10.0
1374.0 974.0 20.0 10.0
2846.0 1777.0 20.0 10.0
749.0 764.0 20.0 10.0
195.0 624.0 20.0 10.0
1304.0 929.0 20.0 10.0
1291.0 940.0 20.0 10.0
345.0 658.0 20.0 10.0
401.0 661.0 20.0 10.0
457.0 661.0 20.0 10.0
2093.0 901.0 20.0 10.0
732.0 710.0 20.0 10.0
428.0 411.0 20.0 10.0
99.0 2298.0 20.0 10.0
130.0 2311.0 20.0 10.0
161.0 2297.0 20.0 10.0
2029.0 919.0 20.0 10.0
627.0 698.0 20.0 10.0
2588.0 1696.0 20.0 10.0
2005.0 1313.0 20.0 10.0
966.0 812.0 20.0 10.0
2578.0 364.0 20.0 10.0
2013.0 1335.0 20.0 10.0
782.0 2116.0 20.0 10.0
2097.0 1670.0 20.0 10.0
358.0 2295.0 20.0 10.0
350.0 2266.0 20.0 10.0
692.0 749.0 20.0 10.0
154.0 86.0 20.0 10.0
358.0 325.0 20.0 10.0
369.0 342.0 20.0 10.0
2044.0 941.0 20.0 10.0
1138.0 831.0 20.0 10.0
1116.0 850.0 20.0 10.0
1702.0 1149.0 20.0 10.0
2714.0 253.0 20.0 10.0
729.0 2103.0 20.0 10.0
2025.0 1513.0 20.0 10.0
542.0 482.0 20.0 10.0
543.0 496.0 20.0 10.0
631.0 783.0 20.0 10.0
640.0 775.0 20.0 10.0
2155.0 1952.0 20.0 10.0
2016.0 893.0 20.0 10.0
642.0 2198.0 20.0 10.0
2702.0 260.0 20.0 10.0
2687.0 269.0 20.0 10.0
347.0 637.0 20.0 10.0
138.0 103.0 20.0 10.0
128.0 2188.0 20.0 10.0
611.0 2188.0 20.0 10.0
504.0 517.0 20.0 10.0
2224.0 744.0 20.0 10.0
174.0 2327.0 20.0 10.0
754.0 717.0 20.0 10.0
766.0 745.0 20.0 10.0
807.0 746.0 20.0 10.0
250.0 148.0 20.0 10.0
227.0 151.0 20.0 10.0
482.0 462.0 20.0 10.0
2291.0 1521.0 20.0 10.0
2268.0 1517.0 20.0 10.0
2770.0 1885.0 20.0 10.0
2748.0 1865.0 20.0 10.0
2404.0 1596.0 20.0 10.0
557.0 518.0 20.0 10.0
560.0 549.0 20.0 10.0
510.0 2235.0 20.0 10.0
1551.0 1055.0 20.0 10.0
2858.0 1775.0 20.0 10.0
1667.0 1173.0 20.0 10.0
1677.0 1150.0 20.0 10.0
1694.0 1120.0 20.0 10.0
582.0 782.0 20.0 10.0
25.0 650.0 20.0 10.0
38.0 649.0 20.0 10.0
58.0 648.0 20.0 10.0
2760.0 1864.0 20.0 10.0
2744.0 1854.0 20.0 10.0
2721.0 1842.0 20.0 10.0
1911.0 1251.0 20.0 10.0
66.0 644.0 20.0 10.0
86.0 638.0 20.0 10.0
519.0 560.0 20.0 10.0
540.0 579.0 20.0 10.0
2139.0 1811.0 20.0 10.0
1190.0 934.0 20.0 10.0
1208.0 914.0 20.0 10.0
460.0 2351.0 20.0 10.0
464.0 2326.0 20.0 10.0
467.0 2299.0 20.0 10.0
455.0 2272.0 20.0 10.0
439.0 2244.0 20.0 10.0
1039.0 2229.0 20.0 10.0
2571.0 337.0 20.0 10.0
719.0 2147.0 20.0 10.0
2275.0 1507.0 20.0 10.0
572.0 746.0 20.0 10.0
2200.0 1842.0 20.0 10.0
2192.0 1828.0 20.0 10.0
119.0 114.0 20.0 10.0
640.0 722.0 20.0 10.0
669.0 727.0 20.0 10.0
1046.0 848.0 20.0 10.0
570.0 524.0 20.0 10.0
2738.0 1762.0 20.0 10.0
2176.0 1751.0 20.0 10.0
2355.0 611.0 20.0 10.0
2330.0 626.0 20.0 10.0
2198.0 988.0 20.0 10.0
2071.0 1671.0 20.0 10.0
2153.0 1792.0 20.0 10.0
395.0 2255.0 20.0 10.0
69.0 2344.0 20.0 10.0
100.0 2336.0 20.0 10.0
2646.0 253.0 20.0 10.0
1126.0 882.0 20.0 10.0
2352.0 1564.0 20.0 10.0
2299.0 1531.0 20.0 10.0
1625.0 1239.0 20.0 10.0
1633.0 1228.0 20.0 10.0
2256.0 906.0 20.0 10.0
2243.0 908.0 20.0 10.0
2681.0 1807.0 20.0 10.0
106.0 2359.0 20.0 10.0
2546.0 1692.0 20.0 10.0
68.0 2334.0 20.0 10.0
2125.0 1754.0 20.0 10.0
1638.0 1223.0 20.0 10.0
2146.0 904.0 20.0 10.0
2244.0 1498.0 20.0 10.0
2264.0 692.0 20.0 10.0
2243.0 714.0 20.0 10.0
2624.0 1722.0 20.0 10.0
894.0 804.0 20.0 10.0
2828.0 1775.0 20.0 10.0
2809.0 1773.0 20.0 10.0
154.0 652.0 20.0 10.0
198.0 653.0 20.0 10.0
243.0 653.0 20.0 10.0
398.0 376.0 20.0 10.0
848.0 2215.0 20.0 10.0
880.0 2218.0 20.0 10.0
1314.0 1065.0 20.0 10.0
1322.0 1056.0 20.0 10.0
2739.0 197.0 20.0 10.0
1152.0 2225.0 20.0 10.0
211.0 648.0 20.0 10.0
2178.0 1764.0 20.0 10.0
2107.0 1629.0 20.0 10.0
1646.0 1207.0 20.0 10.0
633.0 2244.0 20.0 10.0
2432.0 1610.0 20.0 10.0
938.0 2226.0 20.0 10.0
2198.0 759.0 20.0 10.0
2146.0 882.0 20.0 10.0
2155.0 896.0 20.0 10.0
140.0 2207.0 20.0 10.0
1904.0 1224.0 20.0 10.0
2130.0 1828.0 20.0 10.0
2127.0 1790.0 20.0 10.0
1873.0 1083.0 20.0 10.0
1954.0 1584.0 20.0 10.0
2080.0 1561.0 20.0 10.0
129.0 2345.0 20.0 10.0
1014.0 2268.0 20.0 10.0
1006.0 2238.0 20.0 10.0
972.0 2232.0 20.0 10.0
2680.0 272.0 20.0 10.0
72.0 655.0 20.0 10.0
91.0 655.0 20.0 10.0
117.0 649.0 20.0 10.0
306.0 2275.0 20.0 10.0
2153.0 1770.0 20.0 10.0
73.0 661.0 20.0 10.0
2163.0 1969.0 20.0 10.0
1842.0 1098.0 20.0 10.0
129.0 65.0 20.0 10.0
719.0 2167.0 20.0 10.0
621.0 2217.0 20.0 10.0
568.0 2200.0 20.0 10.0
