500
1768.0 599.0 20.0 10.0
1740.0 597.0 20.0 10.0
1710.0 598.0 20.0 10.0
745.0 1811.0 20.0 10.0
753.0 1797.0 20.0 10.0
1990.0 232.0 20.0 10.0
1656.0 704.0 20.0 10.0
2216.0 1671.0 20.0 10.0
578.0 583.0 20.0 10.0
592.0 576.0 20.0 10.0
607.0 566.0 20.0 10.0
631.0 554.0 20.0 10.0
652.0 533.0 20.0 10.0
2148.0 1631.0 20.0 10.0
2125.0 1606.0 20.0 10.0
1991.0 211.0 20.0 10.0
1889.0 957.0 20.0 10.0
1523.0 1550.0 20.0 10.0
1320.0 1773.0 20.0 10.0
956.0 1681.0 20.0 10.0
1513.0 609.0 20.0 10.0
1522.0 615.0 20.0 10.0
567.0 589.0 20.0 10.0
1155.0 1602.0 20.0 10.0
107.0 1687.0 20.0 10.0
1825.0 1595.0 20.0 10.0
1579.0 784.0 20.0 10.0
1584.0 768.0 20.0 10.0
1591.0 749.0 20.0 10.0
887.0 1512.0 20.0 10.0
1546.0 1572.0 20.0 10.0
2208.0 1567.0 20.0 10.0
726.0 501.0 20.0 10.0
781.0 528.0 20.0 10.0
566.0 432.0 20.0 10.0
2001.0 160.0 20.0 10.0
108.0 256.0 20.0 10.0
2190.0 1348.0 20.0 10.0
1590.0 1675.0 20.0 10.0
274.0 1549.0 20.0 10.0
2296.0 1320.0 20.0 10.0
24.0 213.0 20.0 10.0
1006.0 1555.0 20.0 10.0
249.0 1532.0 20.0 10.0
64.0 261.0 20.0 10.0
1685.0 748.0 20.0 10.0
769.0 511.0 20.0 10.0
1787.0 800.0 20.0 10.0
1161.0 1658.0 20.0 10.0
1112.0 1657.0 20.0 10.0
1065.0 1653.0 20.0 10.0
1016.0 1647.0 20.0 10.0
1836.0 827.0 20.0 10.0
1450.0 612.0 20.0 10.0
1557.0 1698.0 20.0 10.0
376.0 352.0 20.0 10.0
236.0 1715.0 20.0 10.0
1668.0 855.0 20.0 10.0
2203.0 1689.0 20.0 10.0
2017.0 1631.0 20.0 10.0
613.0 504.0 20.0 10.0
1761.0 767.0 20.0 10.0
2269.0 1409.0 20.0 10.0
2250.0 1397.0 20.0 10.0
2047.0 147.0 20.0 10.0
726.0 1599.0 20.0 10.0
746.0 1605.0 20.0 10.0
760.0 1631.0 20.0 10.0
84.0 240.0 20.0 10.0
1746.0 872.0 20.0 10.0
1772.0 887.0 20.0 10.0
350.0 366.0 20.0 10.0
1226.0 1479.0 20.0 10.0
1211.0 1494.0 20.0 10.0
228.0 1513.0 20.0 10.0
241.0 1529.0 20.0 10.0
959.0 1666.0 20.0 10.0
755.0 511.0 20.0 10.0
1884.0 1060.0 20.0 10.0
605.0 1666.0 20.0 10.0
1796.0 475.0 20.0 10.0
897.0 644.0 20.0 10.0
332.0 334.0 20.0 10.0
2226.0 1499.0 20.0 10.0
1143.0 1556.0 20.0 10.0
403.0 356.0 20.0 10.0
853.0 703.0 20.0 10.0
1088.0 1567.0 20.0 10.0
1755.0 789.0 20.0 10.0
2121.0 1634.0 20.0 10.0
589.0 442.0 20.0 10.0
2018.0 228.0 20.0 10.0
1265.0 1667.0 20.0 10.0
1250.0 1643.0 20.0 10.0
1222.0 1638.0 20.0 10.0
2256.0 1411.0 20.0 10.0
1815.0 399.0 20.0 10.0
1775.0 441.0 20.0 10.0
290.0 319.0 20.0 10.0
2262.0 1294.0 20.0 10.0
2242.0 1292.0 20.0 10.0
913.0 1593.0 20.0 10.0
44.0 220.0 20.0 10.0
582.0 1640.0 20.0 10.0
2024.0 180.0 20.0 10.0
1361.0 1576.0 20.0 10.0
133.0 175.0 20.0 10.0
848.0 638.0 20.0 10.0
1316.0 1606.0 20.0 10.0
1160.0 1538.0 20.0 10.0
745.0 526.0 20.0 10.0
2236.0 1381.0 20.0 10.0
2223.0 1363.0 20.0 10.0
2051.0 1594.0 20.0 10.0
2071.0 158.0 20.0 10.0
1694.0 836.0 20.0 10.0
622.0 1609.0 20.0 10.0
1238.0 1739.0 20.0 10.0
1222.0 1716.0 20.0 10.0
325.0 395.0 20.0 10.0
1800.0 813.0 20.0 10.0
1767.0 804.0 20.0 10.0
141.0 187.0 20.0 10.0
2072.0 136.0 20.0 10.0
914.0 1523.0 20.0 10.0
76.0 1702.0 20.0 10.0
1627.0 657.0 20.0 10.0
319.0 1540.0 20.0 10.0
308.0 1567.0 20.0 10.0
1718.0 526.0 20.0 10.0
1710.0 500.0 20.0 10.0
2006.0 143.0 20.0 10.0
1615.0 719.0 20.0 10.0
1610.0 690.0 20.0 10.0
2230.0 1287.0 20.0 10.0
2215.0 1306.0 20.0 10.0
2185.0 1310.0 20.0 10.0
2154.0 1292.0 20.0 10.0
249.0 307.0 20.0 10.0
769.0 739.0 20.0 10.0
801.0 713.0 20.0 10.0
1299.0 1799.0 20.0 10.0
1295.0 1783.0 20.0 10.0
1602.0 675.0 20.0 10.0
1680.0 599.0 20.0 10.0
1650.0 603.0 20.0 10.0
1809.0 952.0 20.0 10.0
1803.0 931.0 20.0 10.0
1621.0 1650.0 20.0 10.0
1665.0 1646.0 20.0 10.0
1708.0 1640.0 20.0 10.0
840.0 550.0 20.0 10.0
644.0 462.0 20.0 10.0
2187.0 1589.0 20.0 10.0
2157.0 1601.0 20.0 10.0
1991.0 1203.0 20.0 10.0
1624.0 660.0 20.0 10.0
1663.0 693.0 20.0 10.0
1308.0 609.0 20.0 10.0
791.0 1800.0 20.0 10.0
794.0 1784.0 20.0 10.0
925.0 1479.0 20.0 10.0
247.0 1670.0 20.0 10.0
301.0 1665.0 20.0 10.0
890.0 1542.0 20.0 10.0
1600.0 722.0 20.0 10.0
1501.0 1795.0 20.0 10.0
1717.0 624.0 20.0 10.0
1693.0 619.0 20.0 10.0
1667.0 613.0 20.0 10.0
92.0 270.0 20.0 10.0
1962.0 1235.0 20.0 10.0
218.0 1502.0 20.0 10.0
835.0 683.0 20.0 10.0
609.0 538.0 20.0 10.0
1528.0 1693.0 20.0 10.0
1928.0 285.0 20.0 10.0
1892.0 321.0 20.0 10.0
338.0 394.0 20.0 10.0
1171.0 1544.0 20.0 10.0
2171.0 1654.0 20.0 10.0
1139.0 603.0 20.0 10.0
1168.0 604.0 20.0 10.0
2142.0 25.0 20.0 10.0
898.0 571.0 20.0 10.0
957.0 594.0 20.0 10.0
644.0 825.0 20.0 10.0
1489.0 1769.0 20.0 10.0
1512.0 1750.0 20.0 10.0
152.0 201.0 20.0 10.0
163.0 217.0 20.0 10.0
1958.0 275.0 20.0 10.0
1770.0 824.0 20.0 10.0
1744.0 841.0 20.0 10.0
1715.0 794.0 20.0 10.0
2290.0 1549.0 20.0 10.0
391.0 386.0 20.0 10.0
1191.0 1689.0 20.0 10.0
80.0 1652.0 20.0 10.0
1171.0 1533.0 20.0 10.0
2031.0 221.0 20.0 10.0
2134.0 38.0 20.0 10.0
2123.0 55.0 20.0 10.0
2111.0 74.0 20.0 10.0
2098.0 96.0 20.0 10.0
2071.0 118.0 20.0 10.0
1934.0 1239.0 20.0 10.0
892.0 1477.0 20.0 10.0
52.0 215.0 20.0 10.0
1319.0 1814.0 20.0 10.0
1309.0 1800.0 20.0 10.0
1977.0 1300.0 20.0 10.0
998.0 605.0 20.0 10.0
804.0 1608.0 20.0 10.0
2212.0 1355.0 20.0 10.0
1667.0 799.0 20.0 10.0
1679.0 807.0 20.0 10.0
1908.0 1232.0 20.0 10.0
1642.0 609.0 20.0 10.0
1625.0 609.0 20.0 10.0
1872.0 978.0 20.0 10.0
1985.0 1180.0 20.0 10.0
1973.0 1168.0 20.0 10.0
2151.0 1554.0 20.0 10.0
2126.0 1562.0 20.0 10.0
1299.0 1588.0 20.0 10.0
1760.0 852.0 20.0 10.0
968.0 1640.0 20.0 10.0
1915.0 1221.0 20.0 10.0
1933.0 1202.0 20.0 10.0
1964.0 1197.0 20.0 10.0
1313.0 1579.0 20.0 10.0
1237.0 607.0 20.0 10.0
1127.0 629.0 20.0 10.0
1148.0 1697.0 20.0 10.0
1126.0 1681.0 20.0 10.0
1369.0 1626.0 20.0 10.0
1345.0 1616.0 20.0 10.0
1898.0 1678.0 20.0 10.0
1830.0 981.0 20.0 10.0
699.0 1633.0 20.0 10.0
633.0 837.0 20.0 10.0
1464.0 1732.0 20.0 10.0
878.0 1486.0 20.0 10.0
913.0 1557.0 20.0 10.0
1921.0 1121.0 20.0 10.0
1582.0 726.0 20.0 10.0
163.0 1669.0 20.0 10.0
2167.0 1302.0 20.0 10.0
1279.0 1760.0 20.0 10.0
390.0 344.0 20.0 10.0
2164.0 1545.0 20.0 10.0
2204.0 1539.0 20.0 10.0
2208.0 1334.0 20.0 10.0
618.0 528.0 20.0 10.0
987.0 1572.0 20.0 10.0
1390.0 1627.0 20.0 10.0
969.0 1599.0 20.0 10.0
1643.0 575.0 20.0 10.0
1594.0 618.0 20.0 10.0
869.0 1633.0 20.0 10.0
820.0 1631.0 20.0 10.0
1574.0 798.0 20.0 10.0
244.0 1721.0 20.0 10.0
262.0 1704.0 20.0 10.0
283.0 1688.0 20.0 10.0
1871.0 1050.0 20.0 10.0
1097.0 602.0 20.0 10.0
232.0 263.0 20.0 10.0
247.0 278.0 20.0 10.0
413.0 1654.0 20.0 10.0
331.0 1629.0 20.0 10.0
356.0 1656.0 20.0 10.0
1961.0 248.0 20.0 10.0
1670.0 847.0 20.0 10.0
1692.0 859.0 20.0 10.0
1718.0 867.0 20.0 10.0
679.0 521.0 20.0 10.0
711.0 521.0 20.0 10.0
2010.0 129.0 20.0 10.0
54.0 1660.0 20.0 10.0
75.0 1682.0 20.0 10.0
1884.0 1033.0 20.0 10.0
1823.0 822.0 20.0 10.0
1763.0 473.0 20.0 10.0
1733.0 486.0 20.0 10.0
1689.0 530.0 20.0 10.0
2000.0 1313.0 20.0 10.0
1992.0 1297.0 20.0 10.0
1982.0 1277.0 20.0 10.0
86.0 1711.0 20.0 10.0
822.0 674.0 20.0 10.0
853.0 675.0 20.0 10.0
874.0 653.0 20.0 10.0
2098.0 1244.0 20.0 10.0
2068.0 1217.0 20.0 10.0
2037.0 1189.0 20.0 10.0
2135.0 1657.0 20.0 10.0
2263.0 1524.0 20.0 10.0
737.0 761.0 20.0 10.0
107.0 1661.0 20.0 10.0
827.0 709.0 20.0 10.0
813.0 541.0 20.0 10.0
2261.0 1373.0 20.0 10.0
2299.0 1294.0 20.0 10.0
744.0 1653.0 20.0 10.0
2245.0 1364.0 20.0 10.0
2227.0 1353.0 20.0 10.0
809.0 516.0 20.0 10.0
1491.0 1510.0 20.0 10.0
1507.0 1529.0 20.0 10.0
134.0 278.0 20.0 10.0
169.0 288.0 20.0 10.0
1858.0 1030.0 20.0 10.0
918.0 1631.0 20.0 10.0
39.0 256.0 20.0 10.0
1921.0 1262.0 20.0 10.0
1963.0 1282.0 20.0 10.0
1379.0 611.0 20.0 10.0
1977.0 1271.0 20.0 10.0
1962.0 1249.0 20.0 10.0
1945.0 1210.0 20.0 10.0
1931.0 1166.0 20.0 10.0
1847.0 393.0 20.0 10.0
186.0 301.0 20.0 10.0
1842.0 831.0 20.0 10.0
1562.0 1621.0 20.0 10.0
143.0 1691.0 20.0 10.0
71.0 1659.0 20.0 10.0
332.0 1578.0 20.0 10.0
310.0 1597.0 20.0 10.0
2178.0 1563.0 20.0 10.0
1752.0 823.0 20.0 10.0
858.0 1595.0 20.0 10.0
869.0 1620.0 20.0 10.0
919.0 1610.0 20.0 10.0
175.0 237.0 20.0 10.0
785.0 1745.0 20.0 10.0
2055.0 173.0 20.0 10.0
1017.0 1591.0 20.0 10.0
1066.0 1585.0 20.0 10.0
1854.0 360.0 20.0 10.0
1317.0 1781.0 20.0 10.0
1748.0 1667.0 20.0 10.0
1752.0 1637.0 20.0 10.0
1795.0 1629.0 20.0 10.0
1837.0 1622.0 20.0 10.0
1881.0 1620.0 20.0 10.0
1924.0 1613.0 20.0 10.0
2004.0 1162.0 20.0 10.0
209.0 293.0 20.0 10.0
1027.0 598.0 20.0 10.0
1359.0 630.0 20.0 10.0
2010.0 1603.0 20.0 10.0
1953.0 1582.0 20.0 10.0
1967.0 1607.0 20.0 10.0
1677.0 779.0 20.0 10.0
1527.0 1721.0 20.0 10.0
1006.0 1672.0 20.0 10.0
2269.0 1549.0 20.0 10.0
2239.0 1543.0 20.0 10.0
1277.0 1609.0 20.0 10.0
1234.0 1616.0 20.0 10.0
1109.0 1704.0 20.0 10.0
469.0 1649.0 20.0 10.0
526.0 1645.0 20.0 10.0
1341.0 1585.0 20.0 10.0
1964.0 1142.0 20.0 10.0
146.0 1673.0 20.0 10.0
808.0 1763.0 20.0 10.0
632.0 807.0 20.0 10.0
352.0 1645.0 20.0 10.0
2093.0 1585.0 20.0 10.0
1466.0 1714.0 20.0 10.0
25.0 1664.0 20.0 10.0
2127.0 1269.0 20.0 10.0
1254.0 1736.0 20.0 10.0
575.0 549.0 20.0 10.0
1337.0 1627.0 20.0 10.0
1874.0 844.0 20.0 10.0
1859.0 837.0 20.0 10.0
421.0 374.0 20.0 10.0
468.0 391.0 20.0 10.0
517.0 411.0 20.0 10.0
627.0 796.0 20.0 10.0
644.0 782.0 20.0 10.0
257.0 1553.0 20.0 10.0
280.0 1578.0 20.0 10.0
1467.0 1479.0 20.0 10.0
1478.0 1493.0 20.0 10.0
1248.0 1772.0 20.0 10.0
1244.0 1757.0 20.0 10.0
259.0 1562.0 20.0 10.0
1886.0 1682.0 20.0 10.0
1886.0 1652.0 20.0 10.0
1045.0 569.0 20.0 10.0
1065.0 580.0 20.0 10.0
1070.0 604.0 20.0 10.0
648.0 798.0 20.0 10.0
672.0 781.0 20.0 10.0
705.0 777.0 20.0 10.0
1811.0 978.0 20.0 10.0
1744.0 474.0 20.0 10.0
1015.0 1559.0 20.0 10.0
44.0 1662.0 20.0 10.0
1787.0 847.0 20.0 10.0
1799.0 890.0 20.0 10.0
57.0 241.0 20.0 10.0
1286.0 627.0 20.0 10.0
223.0 320.0 20.0 10.0
1190.0 1627.0 20.0 10.0
490.0 401.0 20.0 10.0
1463.0 1784.0 20.0 10.0
1980.0 1307.0 20.0 10.0
361.0 392.0 20.0 10.0
1719.0 490.0 20.0 10.0
597.0 1620.0 20.0 10.0
182.0 242.0 20.0 10.0
191.0 265.0 20.0 10.0
803.0 693.0 20.0 10.0
1921.0 1254.0 20.0 10.0
1715.0 824.0 20.0 10.0
793.0 1722.0 20.0 10.0
802.0 1694.0 20.0 10.0
810.0 1663.0 20.0 10.0
1762.0 594.0 20.0 10.0
1863.0 1668.0 20.0 10.0
1268.0 1659.0 20.0 10.0
2092.0 108.0 20.0 10.0
1238.0 1466.0 20.0 10.0
1752.0 855.0 20.0 10.0
1570.0 1596.0 20.0 10.0
1592.0 1624.0 20.0 10.0
1889.0 1077.0 20.0 10.0
1647.0 558.0 20.0 10.0
2281.0 1295.0 20.0 10.0
1048.0 622.0 20.0 10.0
1686.0 1589.0 20.0 10.0
1704.0 1612.0 20.0 10.0
669.0 815.0 20.0 10.0
693.0 800.0 20.0 10.0
2260.0 1516.0 20.0 10.0
2233.0 1526.0 20.0 10.0
1698.0 827.0 20.0 10.0
1722.0 848.0 20.0 10.0
1807.0 459.0 20.0 10.0
1783.0 463.0 20.0 10.0
1700.0 511.0 20.0 10.0
589.0 551.0 20.0 10.0
1946.0 1108.0 20.0 10.0
1210.0 1576.0 20.0 10.0
1699.0 730.0 20.0 10.0
1734.0 767.0 20.0 10.0
1669.0 1569.0 20.0 10.0
618.0 454.0 20.0 10.0
671.0 477.0 20.0 10.0
1493.0 1724.0 20.0 10.0
763.0 1782.0 20.0 10.0
1379.0 1569.0 20.0 10.0
1649.0 1670.0 20.0 10.0
1225.0 1571.0 20.0 10.0
126.0 1722.0 20.0 10.0
146.0 1713.0 20.0 10.0
172.0 1699.0 20.0 10.0
194.0 1673.0 20.0 10.0
614.0 1642.0 20.0 10.0
641.0 1635.0 20.0 10.0
1183.0 1585.0 20.0 10.0
60.0 1717.0 20.0 10.0
916.0 624.0 20.0 10.0
1037.0 1665.0 20.0 10.0
1115.0 1583.0 20.0 10.0
1810.0 966.0 20.0 10.0
1449.0 1796.0 20.0 10.0
1440.0 1734.0 20.0 10.0
905.0 1497.0 20.0 10.0
1195.0 1512.0 20.0 10.0
1993.0 181.0 20.0 10.0
1595.0 707.0 20.0 10.0
1980.0 1331.0 20.0 10.0
1980.0 1112.0 20.0 10.0
1967.0 1112.0 20.0 10.0
2283.0 1382.0 20.0 10.0
1854.0 990.0 20.0 10.0
773.0 1765.0 20.0 10.0
882.0 1461.0 20.0 10.0
333.0 1505.0 20.0 10.0
333.0 1520.0 20.0 10.0
1689.0 874.0 20.0 10.0
1915.0 1306.0 20.0 10.0
1919.0 1282.0 20.0 10.0
2192.0 1672.0 20.0 10.0
1847.0 417.0 20.0 10.0
1834.0 425.0 20.0 10.0
1805.0 431.0 20.0 10.0
2188.0 1335.0 20.0 10.0
1303.0 1767.0 20.0 10.0
219.0 1683.0 20.0 10.0
1099.0 1682.0 20.0 10.0
1783.0 598.0 20.0 10.0
