500
2515.0 306.0 20.0 10.0
2586.0 319.0 20.0 10.0
2368.0 404.0 20.0 10.0
2721.0 304.0 20.0 10.0
4016.0 356.0 20.0 10.0
3804.0 269.0 20.0 10.0
3783.0 276.0 20.0 10.0
2355.0 316.0 20.0 10.0
1265.0 473.0 20.0 10.0
147.0 794.0 20.0 10.0
269.0 771.0 20.0 10.0
2902.0 293.0 20.0 10.0
2883.0 355.0 20.0 10.0
2307.0 311.0 20.0 10.0
2336.0 313.0 20.0 10.0
2325.0 106.0 20.0 10.0
3636.0 370.0 20.0 10.0
3566.0 365.0 20.0 10.0
3496.0 360.0 20.0 10.0
193.0 687.0 20.0 10.0
219.0 685.0 20.0 10.0
1363.0 455.0 20.0 10.0
2327.0 58.0 20.0 10.0
2338.0 77.0 20.0 10.0
4501.0 384.0 20.0 10.0
1998.0 344.0 20.0 10.0
4780.0 305.0 20.0 10.0
4770.0 314.0 20.0 10.0
4742.0 323.0 20.0 10.0
4714.0 336.0 20.0 10.0
2895.0 357.0 20.0 10.0
2540.0 246.0 20.0 10.0
2529.0 277.0 20.0 10.0
4784.0 360.0 20.0 10.0
2186.0 612.0 20.0 10.0
2185.0 594.0 20.0 10.0
1715.0 95.0 20.0 10.0
1723.0 106.0 20.0 10.0
4652.0 479.0 20.0 10.0
4628.0 466.0 20.0 10.0
2032.0 309.0 20.0 10.0
2062.0 314.0 20.0 10.0
72.0 934.0 20.0 10.0
2474.0 358.0 20.0 10.0
2415.0 375.0 20.0 10.0
2531.0 340.0 20.0 10.0
2150.0 557.0 20.0 10.0
2157.0 545.0 20.0 10.0
2152.0 516.0 20.0 10.0
2154.0 488.0 20.0 10.0
2163.0 456.0 20.0 10.0
4692.0 353.0 20.0 10.0
2324.0 34.0 20.0 10.0
2626.0 68.0 20.0 10.0
2958.0 375.0 20.0 10.0
2940.0 372.0 20.0 10.0
190.0 812.0 20.0 10.0
601.0 692.0 20.0 10.0
201.0 820.0 20.0 10.0
212.0 799.0 20.0 10.0
2942.0 317.0 20.0 10.0
2182.0 75.0 20.0 10.0
2185.0 99.0 20.0 10.0
2200.0 119.0 20.0 10.0
4014.0 387.0 20.0 10.0
236.0 776.0 20.0 10.0
2040.0 342.0 20.0 10.0
3200.0 364.0 20.0 10.0
3187.0 360.0 20.0 10.0
5143.0 648.0 20.0 10.0
1981.0 317.0 20.0 10.0
2002.0 296.0 20.0 10.0
3847.0 381.0 20.0 10.0
598.0 642.0 20.0 10.0
3183.0 305.0 20.0 10.0
3158.0 316.0 20.0 10.0
1005.0 602.0 20.0 10.0
1014.0 593.0 20.0 10.0
4652.0 415.0 20.0 10.0
4614.0 425.0 20.0 10.0
541.0 402.0 20.0 10.0
2407.0 289.0 20.0 10.0
2415.0 266.0 20.0 10.0
3830.0 256.0 20.0 10.0
3816.0 280.0 20.0 10.0
2271.0 249.0 20.0 10.0
2140.0 290.0 20.0 10.0
617.0 367.0 20.0 10.0
617.0 380.0 20.0 10.0
639.0 398.0 20.0 10.0
647.0 416.0 20.0 10.0
630.0 433.0 20.0 10.0
642.0 456.0 20.0 10.0
2884.0 314.0 20.0 10.0
2861.0 331.0 20.0 10.0
241.0 753.0 20.0 10.0
4708.0 374.0 20.0 10.0
4673.0 377.0 20.0 10.0
2112.0 294.0 20.0 10.0
100.0 696.0 20.0 10.0
123.0 683.0 20.0 10.0
147.0 668.0 20.0 10.0
170.0 671.0 20.0 10.0
152.0 992.0 20.0 10.0
601.0 406.0 20.0 10.0
608.0 418.0 20.0 10.0
24.0 979.0 20.0 10.0
48.0 958.0 20.0 10.0
536.0 389.0 20.0 10.0
29.0 886.0 20.0 10.0
52.0 908.0 20.0 10.0
4804.0 354.0 20.0 10.0
3284.0 347.0 20.0 10.0
2286.0 327.0 20.0 10.0
2313.0 321.0 20.0 10.0
487.0 348.0 20.0 10.0
497.0 363.0 20.0 10.0
509.0 378.0 20.0 10.0
522.0 396.0 20.0 10.0
535.0 422.0 20.0 10.0
2820.0 233.0 20.0 10.0
4803.0 498.0 20.0 10.0
2832.0 189.0 20.0 10.0
2803.0 190.0 20.0 10.0
2182.0 454.0 20.0 10.0
553.0 641.0 20.0 10.0
1946.0 443.0 20.0 10.0
1956.0 432.0 20.0 10.0
2559.0 158.0 20.0 10.0
99.0 955.0 20.0 10.0
3212.0 343.0 20.0 10.0
615.0 541.0 20.0 10.0
636.0 575.0 20.0 10.0
516.0 579.0 20.0 10.0
2370.0 163.0 20.0 10.0
2395.0 183.0 20.0 10.0
1915.0 400.0 20.0 10.0
1937.0 392.0 20.0 10.0
2899.0 337.0 20.0 10.0
1970.0 434.0 20.0 10.0
1978.0 422.0 20.0 10.0
1994.0 404.0 20.0 10.0
2937.0 378.0 20.0 10.0
2921.0 367.0 20.0 10.0
4054.0 363.0 20.0 10.0
601.0 661.0 20.0 10.0
4733.0 327.0 20.0 10.0
1488.0 443.0 20.0 10.0
1550.0 438.0 20.0 10.0
2539.0 169.0 20.0 10.0
2561.0 184.0 20.0 10.0
3772.0 324.0 20.0 10.0
3766.0 298.0 20.0 10.0
2013.0 327.0 20.0 10.0
2557.0 74.0 20.0 10.0
601.0 677.0 20.0 10.0
213.0 650.0 20.0 10.0
223.0 659.0 20.0 10.0
232.0 707.0 20.0 10.0
2989.0 333.0 20.0 10.0
2912.0 330.0 20.0 10.0
2832.0 329.0 20.0 10.0
2750.0 325.0 20.0 10.0
5113.0 640.0 20.0 10.0
2834.0 150.0 20.0 10.0
271.0 677.0 20.0 10.0
287.0 700.0 20.0 10.0
5176.0 668.0 20.0 10.0
4786.0 524.0 20.0 10.0
1723.0 86.0 20.0 10.0
2308.0 419.0 20.0 10.0
4384.0 427.0 20.0 10.0
4321.0 419.0 20.0 10.0
126.0 975.0 20.0 10.0
1804.0 412.0 20.0 10.0
1870.0 403.0 20.0 10.0
423.0 671.0 20.0 10.0
475.0 650.0 20.0 10.0
2137.0 321.0 20.0 10.0
2165.0 311.0 20.0 10.0
2231.0 299.0 20.0 10.0
4764.0 401.0 20.0 10.0
4643.0 399.0 20.0 10.0
1968.0 420.0 20.0 10.0
5305.0 714.0 20.0 10.0
3329.0 320.0 20.0 10.0
3314.0 340.0 20.0 10.0
311.0 744.0 20.0 10.0
334.0 734.0 20.0 10.0
4810.0 523.0 20.0 10.0
4818.0 385.0 20.0 10.0
4804.0 384.0 20.0 10.0
4785.0 403.0 20.0 10.0
178.0 822.0 20.0 10.0
4763.0 314.0 20.0 10.0
5015.0 595.0 20.0 10.0
2851.0 182.0 20.0 10.0
219.0 723.0 20.0 10.0
4717.0 419.0 20.0 10.0
4690.0 404.0 20.0 10.0
2299.0 287.0 20.0 10.0
5238.0 687.0 20.0 10.0
5227.0 660.0 20.0 10.0
2355.0 389.0 20.0 10.0
2294.0 401.0 20.0 10.0
2233.0 411.0 20.0 10.0
3829.0 274.0 20.0 10.0
2587.0 173.0 20.0 10.0
2576.0 173.0 20.0 10.0
463.0 615.0 20.0 10.0
3454.0 342.0 20.0 10.0
3426.0 355.0 20.0 10.0
4761.0 533.0 20.0 10.0
4757.0 521.0 20.0 10.0
2185.0 636.0 20.0 10.0
2115.0 274.0 20.0 10.0
203.0 706.0 20.0 10.0
2607.0 25.0 20.0 10.0
2614.0 48.0 20.0 10.0
2609.0 66.0 20.0 10.0
2603.0 84.0 20.0 10.0
4825.0 350.0 20.0 10.0
4810.0 355.0 20.0 10.0
5292.0 707.0 20.0 10.0
5273.0 693.0 20.0 10.0
2216.0 144.0 20.0 10.0
2232.0 174.0 20.0 10.0
2312.0 254.0 20.0 10.0
2337.0 263.0 20.0 10.0
1407.0 474.0 20.0 10.0
1412.0 445.0 20.0 10.0
1426.0 449.0 20.0 10.0
3916.0 402.0 20.0 10.0
3926.0 406.0 20.0 10.0
205.0 799.0 20.0 10.0
3733.0 217.0 20.0 10.0
3755.0 231.0 20.0 10.0
3731.0 245.0 20.0 10.0
3735.0 274.0 20.0 10.0
2949.0 386.0 20.0 10.0
5123.0 601.0 20.0 10.0
5105.0 607.0 20.0 10.0
4871.0 533.0 20.0 10.0
4864.0 509.0 20.0 10.0
4842.0 523.0 20.0 10.0
4822.0 520.0 20.0 10.0
461.0 587.0 20.0 10.0
487.0 582.0 20.0 10.0
2838.0 160.0 20.0 10.0
2818.0 171.0 20.0 10.0
1641.0 440.0 20.0 10.0
2253.0 208.0 20.0 10.0
2182.0 107.0 20.0 10.0
99.0 876.0 20.0 10.0
1257.0 445.0 20.0 10.0
561.0 452.0 20.0 10.0
566.0 480.0 20.0 10.0
2271.0 483.0 20.0 10.0
2266.0 470.0 20.0 10.0
2259.0 456.0 20.0 10.0
2241.0 437.0 20.0 10.0
1282.0 482.0 20.0 10.0
527.0 625.0 20.0 10.0
444.0 539.0 20.0 10.0
456.0 546.0 20.0 10.0
469.0 566.0 20.0 10.0
833.0 564.0 20.0 10.0
855.0 550.0 20.0 10.0
2863.0 346.0 20.0 10.0
1750.0 143.0 20.0 10.0
5313.0 687.0 20.0 10.0
373.0 691.0 20.0 10.0
471.0 606.0 20.0 10.0
1430.0 493.0 20.0 10.0
4026.0 398.0 20.0 10.0
4149.0 386.0 20.0 10.0
4123.0 401.0 20.0 10.0
3321.0 309.0 20.0 10.0
2512.0 163.0 20.0 10.0
3918.0 429.0 20.0 10.0
3924.0 419.0 20.0 10.0
755.0 552.0 20.0 10.0
2820.0 216.0 20.0 10.0
82.0 903.0 20.0 10.0
2090.0 430.0 20.0 10.0
2521.0 127.0 20.0 10.0
2702.0 297.0 20.0 10.0
2669.0 320.0 20.0 10.0
975.0 489.0 20.0 10.0
1358.0 526.0 20.0 10.0
1367.0 521.0 20.0 10.0
1377.0 515.0 20.0 10.0
2178.0 102.0 20.0 10.0
478.0 337.0 20.0 10.0
3798.0 179.0 20.0 10.0
4835.0 543.0 20.0 10.0
4742.0 380.0 20.0 10.0
3189.0 323.0 20.0 10.0
1613.0 433.0 20.0 10.0
1676.0 427.0 20.0 10.0
1740.0 420.0 20.0 10.0
2156.0 439.0 20.0 10.0
2172.0 419.0 20.0 10.0
2144.0 608.0 20.0 10.0
2148.0 586.0 20.0 10.0
2358.0 98.0 20.0 10.0
2375.0 122.0 20.0 10.0
2387.0 147.0 20.0 10.0
4718.0 514.0 20.0 10.0
4736.0 503.0 20.0 10.0
4682.0 486.0 20.0 10.0
1919.0 341.0 20.0 10.0
1026.0 583.0 20.0 10.0
1048.0 574.0 20.0 10.0
1037.0 553.0 20.0 10.0
1057.0 536.0 20.0 10.0
1044.0 512.0 20.0 10.0
1056.0 494.0 20.0 10.0
3792.0 395.0 20.0 10.0
2360.0 131.0 20.0 10.0
1084.0 535.0 20.0 10.0
3776.0 378.0 20.0 10.0
3706.0 375.0 20.0 10.0
4283.0 401.0 20.0 10.0
4255.0 413.0 20.0 10.0
4190.0 407.0 20.0 10.0
5148.0 608.0 20.0 10.0
5133.0 622.0 20.0 10.0
852.0 520.0 20.0 10.0
3790.0 174.0 20.0 10.0
2906.0 299.0 20.0 10.0
2225.0 210.0 20.0 10.0
5220.0 691.0 20.0 10.0
5210.0 683.0 20.0 10.0
5197.0 657.0 20.0 10.0
5163.0 651.0 20.0 10.0
5126.0 647.0 20.0 10.0
600.0 719.0 20.0 10.0
175.0 782.0 20.0 10.0
205.0 768.0 20.0 10.0
2031.0 298.0 20.0 10.0
2621.0 353.0 20.0 10.0
3168.0 343.0 20.0 10.0
3139.0 339.0 20.0 10.0
3065.0 337.0 20.0 10.0
4366.0 399.0 20.0 10.0
4341.0 398.0 20.0 10.0
2593.0 333.0 20.0 10.0
4754.0 367.0 20.0 10.0
4724.0 386.0 20.0 10.0
2194.0 147.0 20.0 10.0
2207.0 157.0 20.0 10.0
2246.0 229.0 20.0 10.0
2424.0 241.0 20.0 10.0
1989.0 291.0 20.0 10.0
98.0 813.0 20.0 10.0
121.0 804.0 20.0 10.0
1721.0 142.0 20.0 10.0
2355.0 330.0 20.0 10.0
2056.0 289.0 20.0 10.0
2080.0 301.0 20.0 10.0
2100.0 324.0 20.0 10.0
5025.0 614.0 20.0 10.0
2760.0 244.0 20.0 10.0
2734.0 272.0 20.0 10.0
547.0 587.0 20.0 10.0
2578.0 88.0 20.0 10.0
2592.0 104.0 20.0 10.0
2583.0 127.0 20.0 10.0
2573.0 151.0 20.0 10.0
4947.0 562.0 20.0 10.0
1736.0 125.0 20.0 10.0
25.0 690.0 20.0 10.0
47.0 691.0 20.0 10.0
2240.0 254.0 20.0 10.0
3987.0 391.0 20.0 10.0
3917.0 385.0 20.0 10.0
1690.0 119.0 20.0 10.0
1713.0 124.0 20.0 10.0
2843.0 171.0 20.0 10.0
2830.0 179.0 20.0 10.0
1653.0 436.0 20.0 10.0
3733.0 336.0 20.0 10.0
3709.0 352.0 20.0 10.0
4974.0 582.0 20.0 10.0
568.0 624.0 20.0 10.0
292.0 761.0 20.0 10.0
4953.0 593.0 20.0 10.0
1386.0 507.0 20.0 10.0
1408.0 500.0 20.0 10.0
2415.0 159.0 20.0 10.0
2417.0 171.0 20.0 10.0
2415.0 196.0 20.0 10.0
2414.0 220.0 20.0 10.0
2429.0 258.0 20.0 10.0
2219.0 232.0 20.0 10.0
3340.0 298.0 20.0 10.0
814.0 540.0 20.0 10.0
876.0 528.0 20.0 10.0
579.0 598.0 20.0 10.0
4936.0 587.0 20.0 10.0
4929.0 569.0 20.0 10.0
4883.0 559.0 20.0 10.0
2112.0 416.0 20.0 10.0
2052.0 413.0 20.0 10.0
232.0 786.0 20.0 10.0
258.0 764.0 20.0 10.0
281.0 736.0 20.0 10.0
323.0 709.0 20.0 10.0
995.0 505.0 20.0 10.0
1704.0 169.0 20.0 10.0
1717.0 173.0 20.0 10.0
1733.0 168.0 20.0 10.0
1756.0 167.0 20.0 10.0
1777.0 183.0 20.0 10.0
2778.0 212.0 20.0 10.0
2805.0 240.0 20.0 10.0
2786.0 258.0 20.0 10.0
5252.0 672.0 20.0 10.0
63.0 693.0 20.0 10.0
80.0 694.0 20.0 10.0
5089.0 631.0 20.0 10.0
5054.0 613.0 20.0 10.0
3792.0 407.0 20.0 10.0
407.0 599.0 20.0 10.0
427.0 578.0 20.0 10.0
441.0 601.0 20.0 10.0
2335.0 83.0 20.0 10.0
4884.0 495.0 20.0 10.0
638.0 485.0 20.0 10.0
2551.0 215.0 20.0 10.0
1969.0 297.0 20.0 10.0
2337.0 117.0 20.0 10.0
1693.0 107.0 20.0 10.0
1711.0 118.0 20.0 10.0
2615.0 76.0 20.0 10.0
252.0 691.0 20.0 10.0
546.0 421.0 20.0 10.0
551.0 449.0 20.0 10.0
498.0 602.0 20.0 10.0
4574.0 446.0 20.0 10.0
4511.0 441.0 20.0 10.0
2264.0 222.0 20.0 10.0
3788.0 186.0 20.0 10.0
3780.0 200.0 20.0 10.0
3773.0 215.0 20.0 10.0
2170.0 572.0 20.0 10.0
4494.0 409.0 20.0 10.0
4477.0 433.0 20.0 10.0
4449.0 433.0 20.0 10.0
4056.0 396.0 20.0 10.0
588.0 511.0 20.0 10.0
1799.0 204.0 20.0 10.0
1824.0 228.0 20.0 10.0
1849.0 253.0 20.0 10.0
1876.0 282.0 20.0 10.0
547.0 650.0 20.0 10.0
3355.0 352.0 20.0 10.0
85.0 818.0 20.0 10.0
2688.0 330.0 20.0 10.0
2780.0 224.0 20.0 10.0
4772.0 503.0 20.0 10.0
2541.0 141.0 20.0 10.0
1133.0 473.0 20.0 10.0
1117.0 488.0 20.0 10.0
1178.0 481.0 20.0 10.0
1239.0 472.0 20.0 10.0
1301.0 463.0 20.0 10.0
2613.0 343.0 20.0 10.0
2603.0 332.0 20.0 10.0
2169.0 89.0 20.0 10.0
3699.0 279.0 20.0 10.0
4042.0 374.0 20.0 10.0
601.0 706.0 20.0 10.0
235.0 669.0 20.0 10.0
1904.0 310.0 20.0 10.0
1941.0 335.0 20.0 10.0
1982.0 358.0 20.0 10.0
2097.0 434.0 20.0 10.0
3707.0 305.0 20.0 10.0
3737.0 306.0 20.0 10.0
3825.0 251.0 20.0 10.0
2624.0 26.0 20.0 10.0
2412.0 178.0 20.0 10.0
62.0 826.0 20.0 10.0
79.0 821.0 20.0 10.0
628.0 513.0 20.0 10.0
696.0 564.0 20.0 10.0
935.0 517.0 20.0 10.0
988.0 618.0 20.0 10.0
996.0 611.0 20.0 10.0
464.0 544.0 20.0 10.0
595.0 618.0 20.0 10.0
429.0 607.0 20.0 10.0
4878.0 488.0 20.0 10.0
3896.0 359.0 20.0 10.0
3895.0 388.0 20.0 10.0
2348.0 289.0 20.0 10.0
2372.0 291.0 20.0 10.0
2444.0 296.0 20.0 10.0
