500
2126.0 891.0 20.0 10.0
2111.0 864.0 20.0 10.0
1166.0 666.0 20.0 10.0
1761.0 817.0 20.0 10.0
2606.0 938.0 20.0 10.0
2545.0 926.0 20.0 10.0
1752.0 804.0 20.0 10.0
607.0 291.0 20.0 10.0
617.0 304.0 20.0 10.0
626.0 319.0 20.0 10.0
563.0 997.0 20.0 10.0
2111.0 825.0 20.0 10.0
807.0 459.0 20.0 10.0
1518.0 702.0 20.0 10.0
197.0 1009.0 20.0 10.0
434.0 1567.0 20.0 10.0
166.0 1055.0 20.0 10.0
178.0 1031.0 20.0 10.0
1216.0 733.0 20.0 10.0
332.0 398.0 20.0 10.0
657.0 74.0 20.0 10.0
676.0 364.0 20.0 10.0
694.0 383.0 20.0 10.0
374.0 408.0 20.0 10.0
384.0 416.0 20.0 10.0
224.0 990.0 20.0 10.0
2143.0 871.0 20.0 10.0
432.0 1436.0 20.0 10.0
433.0 1471.0 20.0 10.0
570.0 819.0 20.0 10.0
738.0 373.0 20.0 10.0
743.0 400.0 20.0 10.0
1170.0 687.0 20.0 10.0
431.0 479.0 20.0 10.0
446.0 468.0 20.0 10.0
663.0 240.0 20.0 10.0
1053.0 680.0 20.0 10.0
966.0 673.0 20.0 10.0
3128.0 1084.0 20.0 10.0
521.0 901.0 20.0 10.0
913.0 276.0 20.0 10.0
2794.0 999.0 20.0 10.0
2778.0 973.0 20.0 10.0
662.0 97.0 20.0 10.0
850.0 409.0 20.0 10.0
1689.0 722.0 20.0 10.0
2828.0 963.0 20.0 10.0
727.0 183.0 20.0 10.0
603.0 1421.0 20.0 10.0
562.0 1425.0 20.0 10.0
789.0 462.0 20.0 10.0
3157.0 995.0 20.0 10.0
2110.0 760.0 20.0 10.0
879.0 666.0 20.0 10.0
194.0 382.0 20.0 10.0
678.0 125.0 20.0 10.0
684.0 155.0 20.0 10.0
706.0 234.0 20.0 10.0
707.0 278.0 20.0 10.0
197.0 329.0 20.0 10.0
208.0 340.0 20.0 10.0
1269.0 736.0 20.0 10.0
672.0 155.0 20.0 10.0
2010.0 692.0 20.0 10.0
1996.0 702.0 20.0 10.0
1983.0 729.0 20.0 10.0
858.0 400.0 20.0 10.0
1224.0 694.0 20.0 10.0
1139.0 686.0 20.0 10.0
112.0 310.0 20.0 10.0
846.0 390.0 20.0 10.0
791.0 657.0 20.0 10.0
196.0 354.0 20.0 10.0
306.0 931.0 20.0 10.0
708.0 409.0 20.0 10.0
1940.0 703.0 20.0 10.0
566.0 972.0 20.0 10.0
598.0 802.0 20.0 10.0
659.0 745.0 20.0 10.0
657.0 227.0 20.0 10.0
3208.0 1042.0 20.0 10.0
80.0 1047.0 20.0 10.0
262.0 1419.0 20.0 10.0
304.0 1420.0 20.0 10.0
697.0 472.0 20.0 10.0
2178.0 931.0 20.0 10.0
2162.0 911.0 20.0 10.0
688.0 1373.0 20.0 10.0
2159.0 935.0 20.0 10.0
2917.0 985.0 20.0 10.0
79.0 1392.0 20.0 10.0
3169.0 1022.0 20.0 10.0
3141.0 1028.0 20.0 10.0
3106.0 1026.0 20.0 10.0
3069.0 1023.0 20.0 10.0
1961.0 721.0 20.0 10.0
463.0 864.0 20.0 10.0
2076.0 912.0 20.0 10.0
2665.0 950.0 20.0 10.0
903.0 299.0 20.0 10.0
891.0 324.0 20.0 10.0
1185.0 644.0 20.0 10.0
2141.0 731.0 20.0 10.0
2132.0 739.0 20.0 10.0
2122.0 749.0 20.0 10.0
296.0 385.0 20.0 10.0
655.0 50.0 20.0 10.0
2021.0 671.0 20.0 10.0
335.0 958.0 20.0 10.0
357.0 944.0 20.0 10.0
900.0 309.0 20.0 10.0
2842.0 1031.0 20.0 10.0
607.0 311.0 20.0 10.0
519.0 1428.0 20.0 10.0
476.0 1431.0 20.0 10.0
619.0 573.0 20.0 10.0
615.0 571.0 20.0 10.0
3131.0 1018.0 20.0 10.0
2636.0 935.0 20.0 10.0
530.0 834.0 20.0 10.0
2909.0 1015.0 20.0 10.0
427.0 1538.0 20.0 10.0
488.0 1211.0 20.0 10.0
2174.0 954.0 20.0 10.0
2164.0 940.0 20.0 10.0
1960.0 751.0 20.0 10.0
559.0 1091.0 20.0 10.0
131.0 317.0 20.0 10.0
153.0 341.0 20.0 10.0
40.0 1120.0 20.0 10.0
3071.0 1073.0 20.0 10.0
720.0 209.0 20.0 10.0
661.0 168.0 20.0 10.0
1276.0 775.0 20.0 10.0
1264.0 766.0 20.0 10.0
1251.0 755.0 20.0 10.0
1234.0 745.0 20.0 10.0
676.0 592.0 20.0 10.0
3076.0 998.0 20.0 10.0
487.0 1295.0 20.0 10.0
494.0 1271.0 20.0 10.0
461.0 1479.0 20.0 10.0
392.0 439.0 20.0 10.0
407.0 462.0 20.0 10.0
2320.0 866.0 20.0 10.0
137.0 1046.0 20.0 10.0
691.0 1474.0 20.0 10.0
2066.0 772.0 20.0 10.0
2080.0 794.0 20.0 10.0
729.0 563.0 20.0 10.0
725.0 626.0 20.0 10.0
721.0 688.0 20.0 10.0
25.0 1138.0 20.0 10.0
213.0 940.0 20.0 10.0
1150.0 658.0 20.0 10.0
476.0 1216.0 20.0 10.0
484.0 1187.0 20.0 10.0
500.0 1154.0 20.0 10.0
196.0 991.0 20.0 10.0
416.0 1449.0 20.0 10.0
25.0 1386.0 20.0 10.0
1492.0 743.0 20.0 10.0
564.0 519.0 20.0 10.0
425.0 1587.0 20.0 10.0
3109.0 1055.0 20.0 10.0
489.0 1243.0 20.0 10.0
698.0 295.0 20.0 10.0
711.0 334.0 20.0 10.0
720.0 395.0 20.0 10.0
641.0 773.0 20.0 10.0
797.0 538.0 20.0 10.0
802.0 514.0 20.0 10.0
34.0 1096.0 20.0 10.0
148.0 1393.0 20.0 10.0
3047.0 1003.0 20.0 10.0
643.0 333.0 20.0 10.0
795.0 565.0 20.0 10.0
673.0 600.0 20.0 10.0
118.0 1042.0 20.0 10.0
136.0 1029.0 20.0 10.0
505.0 491.0 20.0 10.0
3099.0 1009.0 20.0 10.0
923.0 253.0 20.0 10.0
1775.0 782.0 20.0 10.0
299.0 1025.0 20.0 10.0
2097.0 772.0 20.0 10.0
630.0 1416.0 20.0 10.0
2001.0 661.0 20.0 10.0
1031.0 684.0 20.0 10.0
1016.0 680.0 20.0 10.0
994.0 674.0 20.0 10.0
2055.0 808.0 20.0 10.0
590.0 891.0 20.0 10.0
706.0 1442.0 20.0 10.0
672.0 1449.0 20.0 10.0
1944.0 667.0 20.0 10.0
1684.0 713.0 20.0 10.0
244.0 1440.0 20.0 10.0
785.0 493.0 20.0 10.0
860.0 449.0 20.0 10.0
2722.0 961.0 20.0 10.0
1934.0 762.0 20.0 10.0
58.0 1092.0 20.0 10.0
653.0 222.0 20.0 10.0
209.0 349.0 20.0 10.0
224.0 370.0 20.0 10.0
2886.0 994.0 20.0 10.0
2833.0 983.0 20.0 10.0
2826.0 955.0 20.0 10.0
1033.0 658.0 20.0 10.0
788.0 562.0 20.0 10.0
2293.0 875.0 20.0 10.0
1173.0 639.0 20.0 10.0
2146.0 921.0 20.0 10.0
589.0 903.0 20.0 10.0
457.0 491.0 20.0 10.0
558.0 773.0 20.0 10.0
671.0 1354.0 20.0 10.0
715.0 1485.0 20.0 10.0
2802.0 958.0 20.0 10.0
1187.0 712.0 20.0 10.0
1164.0 705.0 20.0 10.0
3191.0 1023.0 20.0 10.0
2011.0 684.0 20.0 10.0
201.0 1019.0 20.0 10.0
174.0 1026.0 20.0 10.0
513.0 820.0 20.0 10.0
695.0 1382.0 20.0 10.0
662.0 1381.0 20.0 10.0
631.0 1397.0 20.0 10.0
660.0 348.0 20.0 10.0
529.0 1143.0 20.0 10.0
311.0 411.0 20.0 10.0
556.0 1074.0 20.0 10.0
698.0 605.0 20.0 10.0
3212.0 1023.0 20.0 10.0
2934.0 1005.0 20.0 10.0
842.0 450.0 20.0 10.0
816.0 461.0 20.0 10.0
191.0 1434.0 20.0 10.0
221.0 1415.0 20.0 10.0
158.0 937.0 20.0 10.0
1928.0 810.0 20.0 10.0
1944.0 679.0 20.0 10.0
1956.0 698.0 20.0 10.0
697.0 1345.0 20.0 10.0
873.0 403.0 20.0 10.0
858.0 412.0 20.0 10.0
671.0 780.0 20.0 10.0
669.0 767.0 20.0 10.0
526.0 1208.0 20.0 10.0
880.0 345.0 20.0 10.0
869.0 368.0 20.0 10.0
544.0 888.0 20.0 10.0
761.0 421.0 20.0 10.0
733.0 629.0 20.0 10.0
1209.0 722.0 20.0 10.0
1192.0 719.0 20.0 10.0
382.0 1498.0 20.0 10.0
660.0 136.0 20.0 10.0
662.0 159.0 20.0 10.0
285.0 1012.0 20.0 10.0
314.0 1011.0 20.0 10.0
302.0 989.0 20.0 10.0
315.0 973.0 20.0 10.0
263.0 913.0 20.0 10.0
297.0 916.0 20.0 10.0
78.0 299.0 20.0 10.0
234.0 984.0 20.0 10.0
2076.0 885.0 20.0 10.0
2065.0 863.0 20.0 10.0
1257.0 691.0 20.0 10.0
170.0 377.0 20.0 10.0
2041.0 853.0 20.0 10.0
2033.0 827.0 20.0 10.0
2004.0 824.0 20.0 10.0
1465.0 728.0 20.0 10.0
2180.0 859.0 20.0 10.0
3103.0 1103.0 20.0 10.0
2576.0 923.0 20.0 10.0
389.0 1428.0 20.0 10.0
273.0 931.0 20.0 10.0
758.0 356.0 20.0 10.0
3126.0 1115.0 20.0 10.0
3110.0 1104.0 20.0 10.0
3091.0 1090.0 20.0 10.0
616.0 318.0 20.0 10.0
2194.0 858.0 20.0 10.0
3108.0 978.0 20.0 10.0
265.0 1054.0 20.0 10.0
103.0 308.0 20.0 10.0
690.0 404.0 20.0 10.0
668.0 182.0 20.0 10.0
678.0 209.0 20.0 10.0
694.0 241.0 20.0 10.0
184.0 358.0 20.0 10.0
728.0 323.0 20.0 10.0
728.0 430.0 20.0 10.0
722.0 467.0 20.0 10.0
723.0 505.0 20.0 10.0
2702.0 983.0 20.0 10.0
782.0 604.0 20.0 10.0
683.0 276.0 20.0 10.0
375.0 453.0 20.0 10.0
148.0 1032.0 20.0 10.0
173.0 1016.0 20.0 10.0
449.0 1589.0 20.0 10.0
453.0 1531.0 20.0 10.0
435.0 1507.0 20.0 10.0
3096.0 986.0 20.0 10.0
689.0 571.0 20.0 10.0
52.0 1379.0 20.0 10.0
1187.0 664.0 20.0 10.0
185.0 1401.0 20.0 10.0
754.0 632.0 20.0 10.0
719.0 407.0 20.0 10.0
357.0 437.0 20.0 10.0
2209.0 859.0 20.0 10.0
3051.0 1050.0 20.0 10.0
3026.0 1024.0 20.0 10.0
181.0 331.0 20.0 10.0
726.0 348.0 20.0 10.0
252.0 366.0 20.0 10.0
1947.0 830.0 20.0 10.0
56.0 1105.0 20.0 10.0
78.0 1082.0 20.0 10.0
162.0 1035.0 20.0 10.0
372.0 916.0 20.0 10.0
195.0 1002.0 20.0 10.0
266.0 390.0 20.0 10.0
2679.0 976.0 20.0 10.0
508.0 518.0 20.0 10.0
561.0 544.0 20.0 10.0
756.0 528.0 20.0 10.0
2000.0 712.0 20.0 10.0
510.0 1193.0 20.0 10.0
445.0 442.0 20.0 10.0
586.0 277.0 20.0 10.0
105.0 1072.0 20.0 10.0
686.0 494.0 20.0 10.0
697.0 500.0 20.0 10.0
255.0 976.0 20.0 10.0
3143.0 999.0 20.0 10.0
3126.0 1003.0 20.0 10.0
3069.0 990.0 20.0 10.0
1275.0 670.0 20.0 10.0
548.0 810.0 20.0 10.0
867.0 380.0 20.0 10.0
2255.0 857.0 20.0 10.0
638.0 1438.0 20.0 10.0
432.0 876.0 20.0 10.0
438.0 1611.0 20.0 10.0
2081.0 837.0 20.0 10.0
338.0 418.0 20.0 10.0
687.0 616.0 20.0 10.0
681.0 607.0 20.0 10.0
833.0 424.0 20.0 10.0
2119.0 892.0 20.0 10.0
2101.0 890.0 20.0 10.0
3101.0 1077.0 20.0 10.0
525.0 820.0 20.0 10.0
542.0 819.0 20.0 10.0
2138.0 892.0 20.0 10.0
2043.0 876.0 20.0 10.0
398.0 894.0 20.0 10.0
25.0 1413.0 20.0 10.0
1043.0 685.0 20.0 10.0
697.0 1460.0 20.0 10.0
1841.0 781.0 20.0 10.0
739.0 618.0 20.0 10.0
709.0 616.0 20.0 10.0
1662.0 723.0 20.0 10.0
667.0 123.0 20.0 10.0
569.0 794.0 20.0 10.0
2153.0 846.0 20.0 10.0
336.0 923.0 20.0 10.0
3083.0 1064.0 20.0 10.0
532.0 1202.0 20.0 10.0
65.0 1057.0 20.0 10.0
279.0 957.0 20.0 10.0
2182.0 966.0 20.0 10.0
646.0 795.0 20.0 10.0
1986.0 744.0 20.0 10.0
880.0 360.0 20.0 10.0
1940.0 731.0 20.0 10.0
183.0 939.0 20.0 10.0
208.0 926.0 20.0 10.0
889.0 398.0 20.0 10.0
107.0 1045.0 20.0 10.0
678.0 264.0 20.0 10.0
2422.0 901.0 20.0 10.0
560.0 1105.0 20.0 10.0
296.0 427.0 20.0 10.0
2484.0 913.0 20.0 10.0
720.0 1369.0 20.0 10.0
503.0 925.0 20.0 10.0
511.0 914.0 20.0 10.0
1254.0 677.0 20.0 10.0
912.0 452.0 20.0 10.0
891.0 449.0 20.0 10.0
835.0 546.0 20.0 10.0
814.0 563.0 20.0 10.0
581.0 1445.0 20.0 10.0
698.0 431.0 20.0 10.0
719.0 450.0 20.0 10.0
242.0 932.0 20.0 10.0
612.0 833.0 20.0 10.0
1621.0 755.0 20.0 10.0
113.0 1391.0 20.0 10.0
88.0 1054.0 20.0 10.0
52.0 1409.0 20.0 10.0
2359.0 888.0 20.0 10.0
214.0 1015.0 20.0 10.0
632.0 821.0 20.0 10.0
2341.0 875.0 20.0 10.0
2323.0 879.0 20.0 10.0
3149.0 1093.0 20.0 10.0
498.0 1419.0 20.0 10.0
693.0 194.0 20.0 10.0
403.0 431.0 20.0 10.0
1305.0 704.0 20.0 10.0
2694.0 941.0 20.0 10.0
2222.0 966.0 20.0 10.0
600.0 829.0 20.0 10.0
3111.0 1077.0 20.0 10.0
2981.0 1014.0 20.0 10.0
733.0 649.0 20.0 10.0
781.0 528.0 20.0 10.0
531.0 1181.0 20.0 10.0
2088.0 775.0 20.0 10.0
2313.0 898.0 20.0 10.0
638.0 206.0 20.0 10.0
577.0 918.0 20.0 10.0
1492.0 713.0 20.0 10.0
797.0 553.0 20.0 10.0
1734.0 806.0 20.0 10.0
1740.0 780.0 20.0 10.0
1725.0 757.0 20.0 10.0
1698.0 769.0 20.0 10.0
507.0 1087.0 20.0 10.0
1866.0 775.0 20.0 10.0
1851.0 797.0 20.0 10.0
569.0 873.0 20.0 10.0
595.0 856.0 20.0 10.0
233.0 918.0 20.0 10.0
542.0 1097.0 20.0 10.0
503.0 1236.0 20.0 10.0
142.0 1459.0 20.0 10.0
170.0 1457.0 20.0 10.0
766.0 469.0 20.0 10.0
61.0 1113.0 20.0 10.0
717.0 355.0 20.0 10.0
1543.0 742.0 20.0 10.0
533.0 1071.0 20.0 10.0
551.0 1023.0 20.0 10.0
406.0 1483.0 20.0 10.0
768.0 551.0 20.0 10.0
753.0 496.0 20.0 10.0
738.0 442.0 20.0 10.0
1188.0 649.0 20.0 10.0
2206.0 955.0 20.0 10.0
2193.0 943.0 20.0 10.0
876.0 448.0 20.0 10.0
321.0 1435.0 20.0 10.0
734.0 1435.0 20.0 10.0
346.0 1424.0 20.0 10.0
2816.0 1013.0 20.0 10.0
803.0 495.0 20.0 10.0
555.0 1053.0 20.0 10.0
274.0 1033.0 20.0 10.0
76.0 1090.0 20.0 10.0
317.0 432.0 20.0 10.0
1027.0 628.0 20.0 10.0
2832.0 1024.0 20.0 10.0
1648.0 748.0 20.0 10.0
1764.0 767.0 20.0 10.0
539.0 1199.0 20.0 10.0
39.0 1355.0 20.0 10.0
655.0 25.0 20.0 10.0
1287.0 782.0 20.0 10.0
52.0 1045.0 20.0 10.0
2172.0 854.0 20.0 10.0
2158.0 877.0 20.0 10.0
161.0 321.0 20.0 10.0
1385.0 716.0 20.0 10.0
2080.0 900.0 20.0 10.0
1032.0 634.0 20.0 10.0
1013.0 652.0 20.0 10.0
583.0 300.0 20.0 10.0
523.0 1153.0 20.0 10.0
520.0 1118.0 20.0 10.0
2225.0 859.0 20.0 10.0
162.0 1437.0 20.0 10.0
2865.0 976.0 20.0 10.0
628.0 803.0 20.0 10.0
585.0 315.0 20.0 10.0
715.0 421.0 20.0 10.0
588.0 861.0 20.0 10.0
140.0 322.0 20.0 10.0
1947.0 784.0 20.0 10.0
