500
753.0 1672.0 20.0 10.0
68.0 1578.0 20.0 10.0
3048.0 988.0 20.0 10.0
764.0 1212.0 20.0 10.0
535.0 1416.0 20.0 10.0
372.0 530.0 20.0 10.0
709.0 1576.0 20.0 10.0
2863.0 899.0 20.0 10.0
2791.0 739.0 20.0 10.0
2777.0 737.0 20.0 10.0
2761.0 735.0 20.0 10.0
67.0 1569.0 20.0 10.0
425.0 804.0 20.0 10.0
447.0 694.0 20.0 10.0
756.0 1604.0 20.0 10.0
726.0 1602.0 20.0 10.0
2729.0 620.0 20.0 10.0
2705.0 621.0 20.0 10.0
341.0 1352.0 20.0 10.0
25.0 482.0 20.0 10.0
649.0 1469.0 20.0 10.0
616.0 1473.0 20.0 10.0
3096.0 1053.0 20.0 10.0
3091.0 1040.0 20.0 10.0
336.0 1473.0 20.0 10.0
3062.0 989.0 20.0 10.0
404.0 730.0 20.0 10.0
436.0 706.0 20.0 10.0
2699.0 761.0 20.0 10.0
52.0 478.0 20.0 10.0
2925.0 863.0 20.0 10.0
1581.0 589.0 20.0 10.0
922.0 476.0 20.0 10.0
925.0 491.0 20.0 10.0
2039.0 531.0 20.0 10.0
712.0 1456.0 20.0 10.0
2853.0 866.0 20.0 10.0
2639.0 649.0 20.0 10.0
2613.0 638.0 20.0 10.0
826.0 616.0 20.0 10.0
2191.0 567.0 20.0 10.0
2257.0 528.0 20.0 10.0
2195.0 500.0 20.0 10.0
2906.0 896.0 20.0 10.0
93.0 1627.0 20.0 10.0
774.0 1369.0 20.0 10.0
2433.0 286.0 20.0 10.0
435.0 784.0 20.0 10.0
2616.0 721.0 20.0 10.0
2236.0 454.0 20.0 10.0
683.0 1462.0 20.0 10.0
1253.0 807.0 20.0 10.0
2473.0 223.0 20.0 10.0
968.0 600.0 20.0 10.0
2309.0 616.0 20.0 10.0
489.0 683.0 20.0 10.0
511.0 656.0 20.0 10.0
550.0 626.0 20.0 10.0
2602.0 671.0 20.0 10.0
2509.0 662.0 20.0 10.0
2492.0 640.0 20.0 10.0
375.0 707.0 20.0 10.0
345.0 757.0 20.0 10.0
2380.0 136.0 20.0 10.0
2680.0 28.0 20.0 10.0
2677.0 55.0 20.0 10.0
2720.0 55.0 20.0 10.0
2519.0 117.0 20.0 10.0
2635.0 72.0 20.0 10.0
112.0 662.0 20.0 10.0
2508.0 137.0 20.0 10.0
544.0 1362.0 20.0 10.0
81.0 481.0 20.0 10.0
111.0 495.0 20.0 10.0
1791.0 567.0 20.0 10.0
387.0 886.0 20.0 10.0
380.0 870.0 20.0 10.0
2683.0 89.0 20.0 10.0
310.0 1459.0 20.0 10.0
737.0 673.0 20.0 10.0
2286.0 423.0 20.0 10.0
2277.0 409.0 20.0 10.0
79.0 1589.0 20.0 10.0
107.0 1592.0 20.0 10.0
145.0 478.0 20.0 10.0
2744.0 621.0 20.0 10.0
45.0 495.0 20.0 10.0
1310.0 862.0 20.0 10.0
2530.0 78.0 20.0 10.0
2857.0 871.0 20.0 10.0
3016.0 956.0 20.0 10.0
951.0 683.0 20.0 10.0
3241.0 1134.0 20.0 10.0
2305.0 328.0 20.0 10.0
3083.0 925.0 20.0 10.0
2517.0 232.0 20.0 10.0
3152.0 1109.0 20.0 10.0
3152.0 1087.0 20.0 10.0
2536.0 178.0 20.0 10.0
1469.0 602.0 20.0 10.0
2295.0 639.0 20.0 10.0
2300.0 628.0 20.0 10.0
825.0 1526.0 20.0 10.0
2558.0 45.0 20.0 10.0
1273.0 824.0 20.0 10.0
3116.0 1037.0 20.0 10.0
894.0 1426.0 20.0 10.0
918.0 1448.0 20.0 10.0
801.0 1614.0 20.0 10.0
785.0 1606.0 20.0 10.0
3061.0 969.0 20.0 10.0
232.0 511.0 20.0 10.0
2803.0 740.0 20.0 10.0
357.0 717.0 20.0 10.0
608.0 1366.0 20.0 10.0
529.0 611.0 20.0 10.0
381.0 558.0 20.0 10.0
2742.0 615.0 20.0 10.0
663.0 1300.0 20.0 10.0
389.0 549.0 20.0 10.0
1260.0 861.0 20.0 10.0
348.0 1267.0 20.0 10.0
3242.0 1115.0 20.0 10.0
3154.0 945.0 20.0 10.0
3128.0 940.0 20.0 10.0
549.0 1467.0 20.0 10.0
2536.0 78.0 20.0 10.0
924.0 624.0 20.0 10.0
3159.0 1137.0 20.0 10.0
3156.0 1125.0 20.0 10.0
179.0 640.0 20.0 10.0
2371.0 42.0 20.0 10.0
2281.0 319.0 20.0 10.0
2284.0 337.0 20.0 10.0
161.0 479.0 20.0 10.0
1721.0 561.0 20.0 10.0
1639.0 570.0 20.0 10.0
376.0 1339.0 20.0 10.0
2720.0 67.0 20.0 10.0
552.0 1340.0 20.0 10.0
2563.0 166.0 20.0 10.0
2283.0 608.0 20.0 10.0
376.0 735.0 20.0 10.0
434.0 669.0 20.0 10.0
25.0 1629.0 20.0 10.0
2708.0 743.0 20.0 10.0
2986.0 922.0 20.0 10.0
2701.0 626.0 20.0 10.0
270.0 615.0 20.0 10.0
1270.0 674.0 20.0 10.0
958.0 547.0 20.0 10.0
931.0 550.0 20.0 10.0
943.0 575.0 20.0 10.0
359.0 1240.0 20.0 10.0
448.0 644.0 20.0 10.0
1300.0 730.0 20.0 10.0
902.0 575.0 20.0 10.0
415.0 823.0 20.0 10.0
753.0 1362.0 20.0 10.0
99.0 1571.0 20.0 10.0
136.0 1580.0 20.0 10.0
3199.0 1071.0 20.0 10.0
3097.0 931.0 20.0 10.0
253.0 1507.0 20.0 10.0
351.0 1298.0 20.0 10.0
585.0 1242.0 20.0 10.0
583.0 1267.0 20.0 10.0
578.0 1293.0 20.0 10.0
2274.0 624.0 20.0 10.0
2631.0 108.0 20.0 10.0
2849.0 842.0 20.0 10.0
389.0 604.0 20.0 10.0
751.0 1646.0 20.0 10.0
363.0 1330.0 20.0 10.0
371.0 1368.0 20.0 10.0
42.0 675.0 20.0 10.0
578.0 1362.0 20.0 10.0
1118.0 599.0 20.0 10.0
2419.0 170.0 20.0 10.0
366.0 1395.0 20.0 10.0
298.0 607.0 20.0 10.0
3147.0 1060.0 20.0 10.0
1312.0 875.0 20.0 10.0
2648.0 673.0 20.0 10.0
839.0 1544.0 20.0 10.0
820.0 1537.0 20.0 10.0
2407.0 281.0 20.0 10.0
970.0 651.0 20.0 10.0
618.0 1393.0 20.0 10.0
2568.0 25.0 20.0 10.0
1432.0 572.0 20.0 10.0
355.0 528.0 20.0 10.0
95.0 476.0 20.0 10.0
651.0 1309.0 20.0 10.0
1470.0 581.0 20.0 10.0
58.0 673.0 20.0 10.0
647.0 593.0 20.0 10.0
1264.0 840.0 20.0 10.0
1222.0 576.0 20.0 10.0
1207.0 595.0 20.0 10.0
2718.0 768.0 20.0 10.0
282.0 629.0 20.0 10.0
333.0 614.0 20.0 10.0
2375.0 366.0 20.0 10.0
363.0 519.0 20.0 10.0
2815.0 838.0 20.0 10.0
2800.0 816.0 20.0 10.0
2373.0 59.0 20.0 10.0
42.0 683.0 20.0 10.0
243.0 1456.0 20.0 10.0
533.0 1387.0 20.0 10.0
981.0 1461.0 20.0 10.0
2637.0 96.0 20.0 10.0
2338.0 575.0 20.0 10.0
1262.0 775.0 20.0 10.0
720.0 1232.0 20.0 10.0
77.0 1625.0 20.0 10.0
2651.0 730.0 20.0 10.0
2874.0 872.0 20.0 10.0
98.0 521.0 20.0 10.0
126.0 526.0 20.0 10.0
722.0 577.0 20.0 10.0
396.0 859.0 20.0 10.0
1883.0 543.0 20.0 10.0
1803.0 553.0 20.0 10.0
445.0 763.0 20.0 10.0
2371.0 69.0 20.0 10.0
763.0 599.0 20.0 10.0
3175.0 947.0 20.0 10.0
319.0 542.0 20.0 10.0
3100.0 1064.0 20.0 10.0
217.0 1458.0 20.0 10.0
239.0 1505.0 20.0 10.0
276.0 1504.0 20.0 10.0
676.0 598.0 20.0 10.0
733.0 1453.0 20.0 10.0
1307.0 846.0 20.0 10.0
221.0 1543.0 20.0 10.0
1251.0 538.0 20.0 10.0
162.0 523.0 20.0 10.0
2530.0 129.0 20.0 10.0
765.0 1241.0 20.0 10.0
3240.0 1160.0 20.0 10.0
2671.0 108.0 20.0 10.0
178.0 1564.0 20.0 10.0
1515.0 603.0 20.0 10.0
1492.0 618.0 20.0 10.0
739.0 1244.0 20.0 10.0
2657.0 111.0 20.0 10.0
1413.0 586.0 20.0 10.0
1384.0 587.0 20.0 10.0
406.0 853.0 20.0 10.0
178.0 1492.0 20.0 10.0
2291.0 568.0 20.0 10.0
2313.0 581.0 20.0 10.0
574.0 1325.0 20.0 10.0
593.0 1243.0 20.0 10.0
343.0 746.0 20.0 10.0
746.0 620.0 20.0 10.0
2376.0 79.0 20.0 10.0
719.0 627.0 20.0 10.0
844.0 1529.0 20.0 10.0
1443.0 589.0 20.0 10.0
748.0 1510.0 20.0 10.0
636.0 1332.0 20.0 10.0
1233.0 807.0 20.0 10.0
463.0 667.0 20.0 10.0
2504.0 232.0 20.0 10.0
2481.0 245.0 20.0 10.0
3189.0 957.0 20.0 10.0
160.0 1493.0 20.0 10.0
2366.0 29.0 20.0 10.0
1213.0 620.0 20.0 10.0
729.0 1216.0 20.0 10.0
2177.0 544.0 20.0 10.0
419.0 583.0 20.0 10.0
346.0 1219.0 20.0 10.0
345.0 1242.0 20.0 10.0
2897.0 868.0 20.0 10.0
240.0 1471.0 20.0 10.0
272.0 1474.0 20.0 10.0
701.0 658.0 20.0 10.0
923.0 464.0 20.0 10.0
2599.0 699.0 20.0 10.0
303.0 625.0 20.0 10.0
670.0 1514.0 20.0 10.0
373.0 748.0 20.0 10.0
1278.0 796.0 20.0 10.0
1495.0 591.0 20.0 10.0
2511.0 165.0 20.0 10.0
2493.0 204.0 20.0 10.0
2452.0 243.0 20.0 10.0
2940.0 874.0 20.0 10.0
362.0 542.0 20.0 10.0
2666.0 72.0 20.0 10.0
3254.0 1162.0 20.0 10.0
534.0 644.0 20.0 10.0
690.0 1546.0 20.0 10.0
2546.0 96.0 20.0 10.0
2548.0 668.0 20.0 10.0
1251.0 691.0 20.0 10.0
1305.0 817.0 20.0 10.0
2734.0 789.0 20.0 10.0
2379.0 251.0 20.0 10.0
2675.0 620.0 20.0 10.0
2643.0 623.0 20.0 10.0
3177.0 1107.0 20.0 10.0
319.0 763.0 20.0 10.0
1056.0 594.0 20.0 10.0
2323.0 339.0 20.0 10.0
2322.0 365.0 20.0 10.0
745.0 1669.0 20.0 10.0
180.0 495.0 20.0 10.0
202.0 516.0 20.0 10.0
2733.0 728.0 20.0 10.0
1295.0 665.0 20.0 10.0
1323.0 672.0 20.0 10.0
1308.0 656.0 20.0 10.0
1307.0 623.0 20.0 10.0
1296.0 592.0 20.0 10.0
149.0 483.0 20.0 10.0
2726.0 780.0 20.0 10.0
3023.0 980.0 20.0 10.0
3269.0 1130.0 20.0 10.0
3192.0 947.0 20.0 10.0
914.0 466.0 20.0 10.0
577.0 1400.0 20.0 10.0
1244.0 547.0 20.0 10.0
1235.0 558.0 20.0 10.0
742.0 1523.0 20.0 10.0
715.0 1520.0 20.0 10.0
74.0 495.0 20.0 10.0
204.0 644.0 20.0 10.0
234.0 641.0 20.0 10.0
361.0 899.0 20.0 10.0
735.0 1629.0 20.0 10.0
2721.0 46.0 20.0 10.0
583.0 1465.0 20.0 10.0
537.0 1437.0 20.0 10.0
228.0 524.0 20.0 10.0
259.0 528.0 20.0 10.0
2169.0 532.0 20.0 10.0
2750.0 790.0 20.0 10.0
109.0 1609.0 20.0 10.0
3210.0 955.0 20.0 10.0
391.0 581.0 20.0 10.0
556.0 1438.0 20.0 10.0
1262.0 847.0 20.0 10.0
577.0 1247.0 20.0 10.0
3024.0 920.0 20.0 10.0
362.0 1470.0 20.0 10.0
2665.0 640.0 20.0 10.0
2398.0 607.0 20.0 10.0
2424.0 160.0 20.0 10.0
775.0 1360.0 20.0 10.0
391.0 1408.0 20.0 10.0
2704.0 59.0 20.0 10.0
1555.0 576.0 20.0 10.0
82.0 667.0 20.0 10.0
2383.0 123.0 20.0 10.0
687.0 1271.0 20.0 10.0
2302.0 356.0 20.0 10.0
709.0 1250.0 20.0 10.0
2196.0 548.0 20.0 10.0
2184.0 522.0 20.0 10.0
1306.0 839.0 20.0 10.0
2198.0 510.0 20.0 10.0
2319.0 454.0 20.0 10.0
2303.0 439.0 20.0 10.0
919.0 588.0 20.0 10.0
588.0 1322.0 20.0 10.0
565.0 1341.0 20.0 10.0
735.0 1668.0 20.0 10.0
210.0 499.0 20.0 10.0
2942.0 895.0 20.0 10.0
2678.0 743.0 20.0 10.0
391.0 832.0 20.0 10.0
3211.0 1140.0 20.0 10.0
2210.0 534.0 20.0 10.0
627.0 1490.0 20.0 10.0
1307.0 693.0 20.0 10.0
277.0 1285.0 20.0 10.0
288.0 1298.0 20.0 10.0
302.0 1313.0 20.0 10.0
719.0 653.0 20.0 10.0
3080.0 956.0 20.0 10.0
2736.0 744.0 20.0 10.0
2129.0 534.0 20.0 10.0
2114.0 521.0 20.0 10.0
265.0 1519.0 20.0 10.0
308.0 1491.0 20.0 10.0
2365.0 322.0 20.0 10.0
449.0 1435.0 20.0 10.0
2673.0 125.0 20.0 10.0
3197.0 1079.0 20.0 10.0
1338.0 737.0 20.0 10.0
692.0 1373.0 20.0 10.0
656.0 1383.0 20.0 10.0
1289.0 751.0 20.0 10.0
319.0 1330.0 20.0 10.0
2372.0 215.0 20.0 10.0
937.0 661.0 20.0 10.0
2323.0 598.0 20.0 10.0
2383.0 151.0 20.0 10.0
2385.0 181.0 20.0 10.0
2394.0 212.0 20.0 10.0
2663.0 89.0 20.0 10.0
2118.0 511.0 20.0 10.0
2040.0 522.0 20.0 10.0
1961.0 533.0 20.0 10.0
959.0 667.0 20.0 10.0
945.0 643.0 20.0 10.0
981.0 1432.0 20.0 10.0
2554.0 51.0 20.0 10.0
2318.0 555.0 20.0 10.0
2525.0 99.0 20.0 10.0
172.0 494.0 20.0 10.0
1030.0 601.0 20.0 10.0
726.0 601.0 20.0 10.0
3034.0 975.0 20.0 10.0
1235.0 851.0 20.0 10.0
953.0 1447.0 20.0 10.0
760.0 1687.0 20.0 10.0
1766.0 575.0 20.0 10.0
1747.0 556.0 20.0 10.0
2697.0 66.0 20.0 10.0
2709.0 41.0 20.0 10.0
354.0 872.0 20.0 10.0
674.0 1467.0 20.0 10.0
752.0 574.0 20.0 10.0
415.0 1447.0 20.0 10.0
475.0 1442.0 20.0 10.0
404.0 709.0 20.0 10.0
154.0 506.0 20.0 10.0
395.0 554.0 20.0 10.0
417.0 569.0 20.0 10.0
2373.0 28.0 20.0 10.0
129.0 468.0 20.0 10.0
765.0 1347.0 20.0 10.0
738.0 1343.0 20.0 10.0
725.0 1366.0 20.0 10.0
47.0 1627.0 20.0 10.0
474.0 682.0 20.0 10.0
3203.0 1128.0 20.0 10.0
3203.0 1100.0 20.0 10.0
3175.0 1081.0 20.0 10.0
122.0 657.0 20.0 10.0
149.0 659.0 20.0 10.0
458.0 740.0 20.0 10.0
206.0 1497.0 20.0 10.0
938.0 529.0 20.0 10.0
941.0 602.0 20.0 10.0
852.0 601.0 20.0 10.0
473.0 713.0 20.0 10.0
543.0 1444.0 20.0 10.0
255.0 1447.0 20.0 10.0
1232.0 587.0 20.0 10.0
2659.0 124.0 20.0 10.0
2638.0 132.0 20.0 10.0
82.0 521.0 20.0 10.0
3231.0 1107.0 20.0 10.0
599.0 1248.0 20.0 10.0
371.0 1299.0 20.0 10.0
1584.0 567.0 20.0 10.0
3197.0 953.0 20.0 10.0
2435.0 613.0 20.0 10.0
157.0 648.0 20.0 10.0
189.0 652.0 20.0 10.0
896.0 1472.0 20.0 10.0
2610.0 125.0 20.0 10.0
1291.0 766.0 20.0 10.0
2870.0 897.0 20.0 10.0
2379.0 100.0 20.0 10.0
2601.0 140.0 20.0 10.0
2575.0 152.0 20.0 10.0
756.0 1527.0 20.0 10.0
2404.0 246.0 20.0 10.0
3062.0 922.0 20.0 10.0
2350.0 360.0 20.0 10.0
1317.0 754.0 20.0 10.0
447.0 592.0 20.0 10.0
590.0 598.0 20.0 10.0
509.0 589.0 20.0 10.0
2378.0 584.0 20.0 10.0
3082.0 1015.0 20.0 10.0
2548.0 65.0 20.0 10.0
934.0 497.0 20.0 10.0
924.0 516.0 20.0 10.0
50.0 504.0 20.0 10.0
716.0 681.0 20.0 10.0
793.0 1530.0 20.0 10.0
445.0 574.0 20.0 10.0
2264.0 354.0 20.0 10.0
1310.0 817.0 20.0 10.0
1310.0 791.0 20.0 10.0
307.0 773.0 20.0 10.0
2581.0 654.0 20.0 10.0
2416.0 182.0 20.0 10.0
2409.0 199.0 20.0 10.0
2399.0 222.0 20.0 10.0
