500
2071.0 1537.0 20.0 10.0
2060.0 1530.0 20.0 10.0
154.0 1687.0 20.0 10.0
25.0 2499.0 20.0 10.0
517.0 2470.0 20.0 10.0
671.0 682.0 20.0 10.0
1022.0 984.0 20.0 10.0
989.0 402.0 20.0 10.0
2170.0 1599.0 20.0 10.0
2166.0 1579.0 20.0 10.0
2132.0 1565.0 20.0 10.0
2097.0 1549.0 20.0 10.0
130.0 1702.0 20.0 10.0
292.0 2269.0 20.0 10.0
353.0 140.0 20.0 10.0
2304.0 1717.0 20.0 10.0
465.0 2337.0 20.0 10.0
450.0 2327.0 20.0 10.0
495.0 2031.0 20.0 10.0
553.0 449.0 20.0 10.0
102.0 1812.0 20.0 10.0
121.0 1779.0 20.0 10.0
377.0 2242.0 20.0 10.0
359.0 2217.0 20.0 10.0
341.0 1425.0 20.0 10.0
357.0 1403.0 20.0 10.0
58.0 1856.0 20.0 10.0
641.0 631.0 20.0 10.0
1785.0 1551.0 20.0 10.0
1787.0 1532.0 20.0 10.0
298.0 2211.0 20.0 10.0
146.0 2139.0 20.0 10.0
163.0 2120.0 20.0 10.0
193.0 2119.0 20.0 10.0
224.0 2106.0 20.0 10.0
148.0 1721.0 20.0 10.0
170.0 1699.0 20.0 10.0
967.0 1010.0 20.0 10.0
2329.0 1647.0 20.0 10.0
2311.0 1639.0 20.0 10.0
2286.0 1628.0 20.0 10.0
593.0 1460.0 20.0 10.0
573.0 1479.0 20.0 10.0
219.0 1145.0 20.0 10.0
1422.0 1256.0 20.0 10.0
775.0 848.0 20.0 10.0
714.0 814.0 20.0 10.0
698.0 734.0 20.0 10.0
601.0 1943.0 20.0 10.0
423.0 1291.0 20.0 10.0
457.0 1234.0 20.0 10.0
492.0 1176.0 20.0 10.0
526.0 1119.0 20.0 10.0
870.0 513.0 20.0 10.0
476.0 2052.0 20.0 10.0
441.0 2084.0 20.0 10.0
478.0 2133.0 20.0 10.0
488.0 154.0 20.0 10.0
486.0 179.0 20.0 10.0
1835.0 1389.0 20.0 10.0
375.0 2151.0 20.0 10.0
527.0 473.0 20.0 10.0
544.0 488.0 20.0 10.0
569.0 1453.0 20.0 10.0
574.0 1440.0 20.0 10.0
949.0 360.0 20.0 10.0
200.0 2073.0 20.0 10.0
118.0 2134.0 20.0 10.0
137.0 2131.0 20.0 10.0
709.0 684.0 20.0 10.0
2039.0 1492.0 20.0 10.0
2023.0 1512.0 20.0 10.0
507.0 412.0 20.0 10.0
518.0 423.0 20.0 10.0
407.0 237.0 20.0 10.0
1833.0 1347.0 20.0 10.0
332.0 2176.0 20.0 10.0
352.0 2142.0 20.0 10.0
1687.0 1255.0 20.0 10.0
1175.0 1023.0 20.0 10.0
1160.0 1047.0 20.0 10.0
2248.0 1587.0 20.0 10.0
271.0 1530.0 20.0 10.0
2384.0 1575.0 20.0 10.0
242.0 1109.0 20.0 10.0
253.0 1137.0 20.0 10.0
70.0 1846.0 20.0 10.0
85.0 1832.0 20.0 10.0
424.0 625.0 20.0 10.0
448.0 624.0 20.0 10.0
1413.0 1220.0 20.0 10.0
1411.0 1194.0 20.0 10.0
301.0 68.0 20.0 10.0
945.0 383.0 20.0 10.0
309.0 78.0 20.0 10.0
324.0 94.0 20.0 10.0
613.0 535.0 20.0 10.0
628.0 553.0 20.0 10.0
646.0 576.0 20.0 10.0
533.0 451.0 20.0 10.0
998.0 991.0 20.0 10.0
970.0 981.0 20.0 10.0
1642.0 1263.0 20.0 10.0
2296.0 1586.0 20.0 10.0
2267.0 1605.0 20.0 10.0
2233.0 1614.0 20.0 10.0
430.0 2153.0 20.0 10.0
479.0 188.0 20.0 10.0
484.0 202.0 20.0 10.0
999.0 1095.0 20.0 10.0
206.0 1987.0 20.0 10.0
95.0 1984.0 20.0 10.0
540.0 461.0 20.0 10.0
550.0 478.0 20.0 10.0
565.0 505.0 20.0 10.0
367.0 211.0 20.0 10.0
270.0 145.0 20.0 10.0
190.0 2319.0 20.0 10.0
205.0 2006.0 20.0 10.0
1080.0 288.0 20.0 10.0
1058.0 314.0 20.0 10.0
146.0 1678.0 20.0 10.0
167.0 1662.0 20.0 10.0
196.0 1653.0 20.0 10.0
226.0 1606.0 20.0 10.0
579.0 1148.0 20.0 10.0
555.0 1131.0 20.0 10.0
1033.0 1033.0 20.0 10.0
1022.0 1009.0 20.0 10.0
661.0 697.0 20.0 10.0
256.0 1632.0 20.0 10.0
255.0 1598.0 20.0 10.0
259.0 1561.0 20.0 10.0
291.0 1509.0 20.0 10.0
664.0 603.0 20.0 10.0
936.0 430.0 20.0 10.0
929.0 466.0 20.0 10.0
903.0 506.0 20.0 10.0
873.0 544.0 20.0 10.0
843.0 583.0 20.0 10.0
812.0 622.0 20.0 10.0
777.0 661.0 20.0 10.0
739.0 699.0 20.0 10.0
944.0 449.0 20.0 10.0
211.0 2033.0 20.0 10.0
580.0 1417.0 20.0 10.0
338.0 126.0 20.0 10.0
240.0 1584.0 20.0 10.0
626.0 1001.0 20.0 10.0
675.0 878.0 20.0 10.0
502.0 357.0 20.0 10.0
516.0 373.0 20.0 10.0
292.0 53.0 20.0 10.0
80.0 1866.0 20.0 10.0
2312.0 1657.0 20.0 10.0
2302.0 1646.0 20.0 10.0
846.0 524.0 20.0 10.0
853.0 554.0 20.0 10.0
416.0 2124.0 20.0 10.0
1186.0 1068.0 20.0 10.0
1130.0 1037.0 20.0 10.0
2338.0 1640.0 20.0 10.0
457.0 2383.0 20.0 10.0
449.0 2364.0 20.0 10.0
426.0 2332.0 20.0 10.0
542.0 734.0 20.0 10.0
1254.0 1083.0 20.0 10.0
603.0 1046.0 20.0 10.0
574.0 1044.0 20.0 10.0
130.0 2386.0 20.0 10.0
153.0 2362.0 20.0 10.0
1172.0 186.0 20.0 10.0
324.0 178.0 20.0 10.0
345.0 191.0 20.0 10.0
751.0 2223.0 20.0 10.0
1468.0 1181.0 20.0 10.0
1022.0 1062.0 20.0 10.0
993.0 1050.0 20.0 10.0
1393.0 1243.0 20.0 10.0
481.0 620.0 20.0 10.0
499.0 597.0 20.0 10.0
1608.0 1311.0 20.0 10.0
370.0 198.0 20.0 10.0
379.0 211.0 20.0 10.0
391.0 234.0 20.0 10.0
1074.0 1005.0 20.0 10.0
1016.0 974.0 20.0 10.0
397.0 2056.0 20.0 10.0
114.0 1190.0 20.0 10.0
467.0 2096.0 20.0 10.0
974.0 454.0 20.0 10.0
2364.0 1620.0 20.0 10.0
463.0 608.0 20.0 10.0
680.0 538.0 20.0 10.0
671.0 563.0 20.0 10.0
1986.0 1493.0 20.0 10.0
1944.0 1474.0 20.0 10.0
1903.0 1454.0 20.0 10.0
114.0 1807.0 20.0 10.0
111.0 1824.0 20.0 10.0
503.0 2448.0 20.0 10.0
487.0 2422.0 20.0 10.0
470.0 2395.0 20.0 10.0
1368.0 1254.0 20.0 10.0
1237.0 1042.0 20.0 10.0
617.0 719.0 20.0 10.0
636.0 708.0 20.0 10.0
636.0 680.0 20.0 10.0
84.0 1858.0 20.0 10.0
1826.0 1532.0 20.0 10.0
562.0 1061.0 20.0 10.0
598.0 1003.0 20.0 10.0
637.0 940.0 20.0 10.0
2047.0 1465.0 20.0 10.0
874.0 492.0 20.0 10.0
866.0 506.0 20.0 10.0
1001.0 387.0 20.0 10.0
974.0 416.0 20.0 10.0
779.0 2239.0 20.0 10.0
779.0 2209.0 20.0 10.0
304.0 2295.0 20.0 10.0
598.0 1206.0 20.0 10.0
586.0 1186.0 20.0 10.0
555.0 729.0 20.0 10.0
666.0 482.0 20.0 10.0
984.0 1078.0 20.0 10.0
1397.0 1174.0 20.0 10.0
267.0 1660.0 20.0 10.0
2338.0 1606.0 20.0 10.0
166.0 2349.0 20.0 10.0
179.0 2334.0 20.0 10.0
206.0 2304.0 20.0 10.0
233.0 2274.0 20.0 10.0
390.0 1347.0 20.0 10.0
85.0 1985.0 20.0 10.0
103.0 2008.0 20.0 10.0
130.0 2016.0 20.0 10.0
155.0 2039.0 20.0 10.0
188.0 2062.0 20.0 10.0
224.0 2087.0 20.0 10.0
260.0 2114.0 20.0 10.0
1951.0 1409.0 20.0 10.0
1938.0 1414.0 20.0 10.0
1924.0 1437.0 20.0 10.0
516.0 197.0 20.0 10.0
491.0 211.0 20.0 10.0
486.0 228.0 20.0 10.0
661.0 518.0 20.0 10.0
646.0 540.0 20.0 10.0
981.0 1017.0 20.0 10.0
962.0 388.0 20.0 10.0
951.0 405.0 20.0 10.0
1419.0 1244.0 20.0 10.0
988.0 940.0 20.0 10.0
956.0 946.0 20.0 10.0
90.0 1843.0 20.0 10.0
622.0 493.0 20.0 10.0
285.0 2241.0 20.0 10.0
2202.0 1596.0 20.0 10.0
2303.0 1606.0 20.0 10.0
777.0 704.0 20.0 10.0
763.0 704.0 20.0 10.0
958.0 434.0 20.0 10.0
185.0 1151.0 20.0 10.0
519.0 1990.0 20.0 10.0
641.0 1463.0 20.0 10.0
1013.0 369.0 20.0 10.0
697.0 659.0 20.0 10.0
667.0 673.0 20.0 10.0
264.0 1684.0 20.0 10.0
1024.0 357.0 20.0 10.0
1466.0 1230.0 20.0 10.0
1173.0 175.0 20.0 10.0
1158.0 196.0 20.0 10.0
1140.0 217.0 20.0 10.0
1121.0 240.0 20.0 10.0
1100.0 264.0 20.0 10.0
580.0 724.0 20.0 10.0
63.0 1181.0 20.0 10.0
83.0 1176.0 20.0 10.0
539.0 2000.0 20.0 10.0
1036.0 339.0 20.0 10.0
1860.0 1598.0 20.0 10.0
1855.0 1584.0 20.0 10.0
1849.0 1568.0 20.0 10.0
1841.0 1550.0 20.0 10.0
158.0 1723.0 20.0 10.0
135.0 1733.0 20.0 10.0
462.0 1073.0 20.0 10.0
220.0 2041.0 20.0 10.0
2176.0 1630.0 20.0 10.0
2174.0 1616.0 20.0 10.0
1030.0 1088.0 20.0 10.0
1783.0 1582.0 20.0 10.0
306.0 165.0 20.0 10.0
38.0 2485.0 20.0 10.0
1615.0 1302.0 20.0 10.0
505.0 401.0 20.0 10.0
478.0 352.0 20.0 10.0
106.0 1165.0 20.0 10.0
474.0 1192.0 20.0 10.0
689.0 709.0 20.0 10.0
896.0 914.0 20.0 10.0
836.0 882.0 20.0 10.0
1783.0 1567.0 20.0 10.0
555.0 1268.0 20.0 10.0
557.0 1254.0 20.0 10.0
584.0 1239.0 20.0 10.0
2052.0 1490.0 20.0 10.0
607.0 1153.0 20.0 10.0
126.0 1181.0 20.0 10.0
140.0 1172.0 20.0 10.0
156.0 1160.0 20.0 10.0
487.0 330.0 20.0 10.0
2201.0 1525.0 20.0 10.0
2192.0 1534.0 20.0 10.0
2180.0 1556.0 20.0 10.0
471.0 1101.0 20.0 10.0
358.0 2084.0 20.0 10.0
1220.0 1109.0 20.0 10.0
1196.0 1098.0 20.0 10.0
70.0 1880.0 20.0 10.0
1488.0 1189.0 20.0 10.0
1475.0 1213.0 20.0 10.0
599.0 560.0 20.0 10.0
1292.0 1123.0 20.0 10.0
453.0 582.0 20.0 10.0
397.0 208.0 20.0 10.0
420.0 256.0 20.0 10.0
453.0 304.0 20.0 10.0
1204.0 150.0 20.0 10.0
305.0 2190.0 20.0 10.0
603.0 1361.0 20.0 10.0
599.0 1328.0 20.0 10.0
590.0 1294.0 20.0 10.0
579.0 1258.0 20.0 10.0
567.0 1218.0 20.0 10.0
560.0 1176.0 20.0 10.0
428.0 2067.0 20.0 10.0
146.0 1111.0 20.0 10.0
165.0 1128.0 20.0 10.0
24.0 1189.0 20.0 10.0
46.0 1185.0 20.0 10.0
1861.0 1434.0 20.0 10.0
70.0 1971.0 20.0 10.0
302.0 2312.0 20.0 10.0
903.0 360.0 20.0 10.0
904.0 382.0 20.0 10.0
585.0 1957.0 20.0 10.0
564.0 1975.0 20.0 10.0
566.0 628.0 20.0 10.0
560.0 603.0 20.0 10.0
559.0 574.0 20.0 10.0
580.0 569.0 20.0 10.0
1674.0 1258.0 20.0 10.0
1659.0 1261.0 20.0 10.0
1830.0 1518.0 20.0 10.0
383.0 2059.0 20.0 10.0
1240.0 1080.0 20.0 10.0
1219.0 1063.0 20.0 10.0
319.0 111.0 20.0 10.0
330.0 123.0 20.0 10.0
566.0 471.0 20.0 10.0
587.0 524.0 20.0 10.0
612.0 579.0 20.0 10.0
1191.0 133.0 20.0 10.0
518.0 582.0 20.0 10.0
538.0 578.0 20.0 10.0
533.0 1950.0 20.0 10.0
507.0 1963.0 20.0 10.0
558.0 156.0 20.0 10.0
289.0 1133.0 20.0 10.0
324.0 1128.0 20.0 10.0
361.0 1123.0 20.0 10.0
1972.0 1489.0 20.0 10.0
217.0 2068.0 20.0 10.0
326.0 77.0 20.0 10.0
331.0 103.0 20.0 10.0
351.0 125.0 20.0 10.0
373.0 164.0 20.0 10.0
397.0 1119.0 20.0 10.0
434.0 1111.0 20.0 10.0
152.0 1744.0 20.0 10.0
176.0 1730.0 20.0 10.0
846.0 490.0 20.0 10.0
76.0 1893.0 20.0 10.0
541.0 420.0 20.0 10.0
130.0 1151.0 20.0 10.0
497.0 2438.0 20.0 10.0
636.0 614.0 20.0 10.0
261.0 1729.0 20.0 10.0
262.0 1707.0 20.0 10.0
445.0 2113.0 20.0 10.0
111.0 1106.0 20.0 10.0
129.0 1109.0 20.0 10.0
491.0 127.0 20.0 10.0
2409.0 1574.0 20.0 10.0
263.0 2242.0 20.0 10.0
2285.0 1728.0 20.0 10.0
2280.0 1706.0 20.0 10.0
925.0 921.0 20.0 10.0
2147.0 1612.0 20.0 10.0
260.0 1762.0 20.0 10.0
260.0 1747.0 20.0 10.0
2288.0 1696.0 20.0 10.0
2269.0 1687.0 20.0 10.0
2264.0 1666.0 20.0 10.0
2250.0 1643.0 20.0 10.0
144.0 1741.0 20.0 10.0
651.0 2226.0 20.0 10.0
683.0 2226.0 20.0 10.0
717.0 2226.0 20.0 10.0
256.0 2129.0 20.0 10.0
292.0 2145.0 20.0 10.0
1184.0 178.0 20.0 10.0
111.0 1710.0 20.0 10.0
1615.0 1264.0 20.0 10.0
1853.0 1345.0 20.0 10.0
436.0 2304.0 20.0 10.0
406.0 2295.0 20.0 10.0
383.0 2257.0 20.0 10.0
288.0 46.0 20.0 10.0
232.0 1646.0 20.0 10.0
373.0 1368.0 20.0 10.0
1248.0 1033.0 20.0 10.0
1345.0 1148.0 20.0 10.0
2314.0 1729.0 20.0 10.0
206.0 1146.0 20.0 10.0
324.0 1456.0 20.0 10.0
1961.0 1466.0 20.0 10.0
643.0 484.0 20.0 10.0
278.0 25.0 20.0 10.0
509.0 2022.0 20.0 10.0
278.0 1537.0 20.0 10.0
1577.0 1310.0 20.0 10.0
661.0 549.0 20.0 10.0
979.0 352.0 20.0 10.0
971.0 372.0 20.0 10.0
2292.0 1704.0 20.0 10.0
1816.0 1415.0 20.0 10.0
1806.0 1509.0 20.0 10.0
1811.0 1482.0 20.0 10.0
1792.0 1458.0 20.0 10.0
1779.0 1428.0 20.0 10.0
1770.0 1394.0 20.0 10.0
1726.0 1369.0 20.0 10.0
1682.0 1342.0 20.0 10.0
1638.0 1315.0 20.0 10.0
108.0 1839.0 20.0 10.0
1592.0 1286.0 20.0 10.0
1545.0 1258.0 20.0 10.0
1497.0 1231.0 20.0 10.0
1448.0 1203.0 20.0 10.0
1827.0 1343.0 20.0 10.0
1815.0 1368.0 20.0 10.0
1787.0 1369.0 20.0 10.0
290.0 155.0 20.0 10.0
1239.0 1097.0 20.0 10.0
1840.0 1367.0 20.0 10.0
553.0 180.0 20.0 10.0
546.0 197.0 20.0 10.0
537.0 216.0 20.0 10.0
512.0 235.0 20.0 10.0
488.0 257.0 20.0 10.0
485.0 291.0 20.0 10.0
571.0 722.0 20.0 10.0
589.0 709.0 20.0 10.0
608.0 693.0 20.0 10.0
558.0 1987.0 20.0 10.0
1966.0 1496.0 20.0 10.0
1197.0 145.0 20.0 10.0
1188.0 157.0 20.0 10.0
509.0 1092.0 20.0 10.0
550.0 1085.0 20.0 10.0
52.0 2469.0 20.0 10.0
69.0 2451.0 20.0 10.0
88.0 2431.0 20.0 10.0
109.0 2410.0 20.0 10.0
449.0 2137.0 20.0 10.0
375.0 2110.0 20.0 10.0
404.0 2085.0 20.0 10.0
1022.0 1110.0 20.0 10.0
635.0 1449.0 20.0 10.0
627.0 1432.0 20.0 10.0
616.0 1413.0 20.0 10.0
597.0 1391.0 20.0 10.0
2364.0 1576.0 20.0 10.0
2343.0 1578.0 20.0 10.0
2322.0 1582.0 20.0 10.0
1037.0 1084.0 20.0 10.0
671.0 493.0 20.0 10.0
648.0 507.0 20.0 10.0
441.0 1255.0 20.0 10.0
585.0 1967.0 20.0 10.0
926.0 400.0 20.0 10.0
195.0 1990.0 20.0 10.0
524.0 2123.0 20.0 10.0
505.0 2121.0 20.0 10.0
540.0 2505.0 20.0 10.0
530.0 2489.0 20.0 10.0
