500
3075.0 816.0 20.0 10.0
2868.0 785.0 20.0 10.0
754.0 1754.0 20.0 10.0
746.0 1742.0 20.0 10.0
744.0 1626.0 20.0 10.0
2429.0 903.0 20.0 10.0
2423.0 887.0 20.0 10.0
2418.0 810.0 20.0 10.0
383.0 760.0 20.0 10.0
403.0 756.0 20.0 10.0
1157.0 638.0 20.0 10.0
291.0 790.0 20.0 10.0
306.0 784.0 20.0 10.0
324.0 777.0 20.0 10.0
346.0 771.0 20.0 10.0
2123.0 392.0 20.0 10.0
1191.0 1210.0 20.0 10.0
1676.0 563.0 20.0 10.0
2438.0 782.0 20.0 10.0
2432.0 771.0 20.0 10.0
2426.0 755.0 20.0 10.0
2422.0 732.0 20.0 10.0
2418.0 705.0 20.0 10.0
2391.0 694.0 20.0 10.0
2399.0 656.0 20.0 10.0
1989.0 1546.0 20.0 10.0
1293.0 1211.0 20.0 10.0
1271.0 1189.0 20.0 10.0
1220.0 1189.0 20.0 10.0
1169.0 1186.0 20.0 10.0
1117.0 1179.0 20.0 10.0
757.0 1768.0 20.0 10.0
1241.0 1037.0 20.0 10.0
1237.0 1062.0 20.0 10.0
2391.0 796.0 20.0 10.0
2282.0 487.0 20.0 10.0
1634.0 597.0 20.0 10.0
567.0 633.0 20.0 10.0
413.0 1151.0 20.0 10.0
1647.0 1475.0 20.0 10.0
1189.0 1118.0 20.0 10.0
1224.0 1093.0 20.0 10.0
1848.0 528.0 20.0 10.0
1904.0 515.0 20.0 10.0
1149.0 1072.0 20.0 10.0
1149.0 1088.0 20.0 10.0
1414.0 1263.0 20.0 10.0
1405.0 1235.0 20.0 10.0
470.0 1715.0 20.0 10.0
2350.0 402.0 20.0 10.0
2161.0 554.0 20.0 10.0
2167.0 534.0 20.0 10.0
2837.0 585.0 20.0 10.0
2008.0 1471.0 20.0 10.0
2129.0 342.0 20.0 10.0
2136.0 369.0 20.0 10.0
365.0 1126.0 20.0 10.0
179.0 1079.0 20.0 10.0
1283.0 583.0 20.0 10.0
1217.0 633.0 20.0 10.0
2107.0 329.0 20.0 10.0
485.0 1624.0 20.0 10.0
498.0 1613.0 20.0 10.0
515.0 1593.0 20.0 10.0
60.0 634.0 20.0 10.0
81.0 638.0 20.0 10.0
107.0 652.0 20.0 10.0
139.0 646.0 20.0 10.0
452.0 1689.0 20.0 10.0
466.0 1677.0 20.0 10.0
482.0 1665.0 20.0 10.0
1480.0 1140.0 20.0 10.0
1462.0 1140.0 20.0 10.0
2807.0 689.0 20.0 10.0
2194.0 479.0 20.0 10.0
617.0 1365.0 20.0 10.0
2404.0 615.0 20.0 10.0
2350.0 590.0 20.0 10.0
2296.0 562.0 20.0 10.0
2242.0 536.0 20.0 10.0
2188.0 505.0 20.0 10.0
551.0 1465.0 20.0 10.0
570.0 1446.0 20.0 10.0
166.0 1066.0 20.0 10.0
703.0 800.0 20.0 10.0
1289.0 1084.0 20.0 10.0
1261.0 1088.0 20.0 10.0
1294.0 1096.0 20.0 10.0
82.0 668.0 20.0 10.0
516.0 1729.0 20.0 10.0
519.0 1710.0 20.0 10.0
1340.0 1208.0 20.0 10.0
347.0 1112.0 20.0 10.0
281.0 1024.0 20.0 10.0
495.0 1232.0 20.0 10.0
2132.0 183.0 20.0 10.0
2910.0 658.0 20.0 10.0
2897.0 665.0 20.0 10.0
2884.0 684.0 20.0 10.0
2870.0 709.0 20.0 10.0
2847.0 728.0 20.0 10.0
2791.0 716.0 20.0 10.0
1617.0 575.0 20.0 10.0
1314.0 621.0 20.0 10.0
1376.0 613.0 20.0 10.0
1342.0 612.0 20.0 10.0
611.0 648.0 20.0 10.0
2104.0 62.0 20.0 10.0
2106.0 86.0 20.0 10.0
2113.0 114.0 20.0 10.0
789.0 1598.0 20.0 10.0
538.0 577.0 20.0 10.0
2383.0 884.0 20.0 10.0
2404.0 867.0 20.0 10.0
2392.0 840.0 20.0 10.0
2390.0 808.0 20.0 10.0
2383.0 771.0 20.0 10.0
1848.0 557.0 20.0 10.0
799.0 1879.0 20.0 10.0
3307.0 963.0 20.0 10.0
3096.0 608.0 20.0 10.0
3084.0 613.0 20.0 10.0
468.0 731.0 20.0 10.0
2242.0 510.0 20.0 10.0
1894.0 1431.0 20.0 10.0
1857.0 1426.0 20.0 10.0
1820.0 1419.0 20.0 10.0
1783.0 1412.0 20.0 10.0
3126.0 865.0 20.0 10.0
400.0 647.0 20.0 10.0
413.0 654.0 20.0 10.0
1503.0 1117.0 20.0 10.0
25.0 1057.0 20.0 10.0
556.0 663.0 20.0 10.0
585.0 662.0 20.0 10.0
608.0 688.0 20.0 10.0
2155.0 529.0 20.0 10.0
2117.0 269.0 20.0 10.0
2131.0 289.0 20.0 10.0
2139.0 319.0 20.0 10.0
626.0 1411.0 20.0 10.0
1146.0 1117.0 20.0 10.0
748.0 772.0 20.0 10.0
2169.0 506.0 20.0 10.0
321.0 648.0 20.0 10.0
1956.0 1468.0 20.0 10.0
1928.0 1446.0 20.0 10.0
2147.0 114.0 20.0 10.0
755.0 745.0 20.0 10.0
1248.0 1020.0 20.0 10.0
759.0 809.0 20.0 10.0
3119.0 912.0 20.0 10.0
2372.0 824.0 20.0 10.0
3214.0 899.0 20.0 10.0
2117.0 202.0 20.0 10.0
1441.0 1214.0 20.0 10.0
1419.0 1209.0 20.0 10.0
1389.0 1210.0 20.0 10.0
2736.0 704.0 20.0 10.0
2682.0 690.0 20.0 10.0
2627.0 674.0 20.0 10.0
2347.0 417.0 20.0 10.0
2345.0 435.0 20.0 10.0
1363.0 1136.0 20.0 10.0
1360.0 1166.0 20.0 10.0
2472.0 606.0 20.0 10.0
661.0 824.0 20.0 10.0
1281.0 616.0 20.0 10.0
1258.0 599.0 20.0 10.0
1671.0 1378.0 20.0 10.0
1685.0 1405.0 20.0 10.0
1709.0 1399.0 20.0 10.0
1707.0 1429.0 20.0 10.0
2308.0 441.0 20.0 10.0
995.0 1276.0 20.0 10.0
992.0 1246.0 20.0 10.0
299.0 1052.0 20.0 10.0
311.0 1068.0 20.0 10.0
324.0 1085.0 20.0 10.0
341.0 1104.0 20.0 10.0
2144.0 154.0 20.0 10.0
2135.0 130.0 20.0 10.0
2053.0 1552.0 20.0 10.0
69.0 1058.0 20.0 10.0
91.0 1077.0 20.0 10.0
703.0 1609.0 20.0 10.0
235.0 644.0 20.0 10.0
2103.0 254.0 20.0 10.0
608.0 1408.0 20.0 10.0
1768.0 1353.0 20.0 10.0
1784.0 1379.0 20.0 10.0
41.0 631.0 20.0 10.0
62.0 683.0 20.0 10.0
2111.0 402.0 20.0 10.0
2133.0 421.0 20.0 10.0
545.0 574.0 20.0 10.0
547.0 589.0 20.0 10.0
694.0 1628.0 20.0 10.0
678.0 1596.0 20.0 10.0
1347.0 1120.0 20.0 10.0
3084.0 908.0 20.0 10.0
3068.0 858.0 20.0 10.0
3051.0 835.0 20.0 10.0
3029.0 816.0 20.0 10.0
1414.0 1200.0 20.0 10.0
3109.0 902.0 20.0 10.0
3096.0 890.0 20.0 10.0
470.0 1233.0 20.0 10.0
2986.0 797.0 20.0 10.0
667.0 801.0 20.0 10.0
681.0 779.0 20.0 10.0
706.0 762.0 20.0 10.0
718.0 724.0 20.0 10.0
735.0 689.0 20.0 10.0
1927.0 1381.0 20.0 10.0
1553.0 1550.0 20.0 10.0
1574.0 1536.0 20.0 10.0
1594.0 1516.0 20.0 10.0
3047.0 629.0 20.0 10.0
2036.0 1527.0 20.0 10.0
556.0 607.0 20.0 10.0
721.0 824.0 20.0 10.0
555.0 1416.0 20.0 10.0
567.0 1428.0 20.0 10.0
599.0 1434.0 20.0 10.0
728.0 751.0 20.0 10.0
673.0 876.0 20.0 10.0
688.0 859.0 20.0 10.0
695.0 833.0 20.0 10.0
1067.0 597.0 20.0 10.0
1079.0 623.0 20.0 10.0
2922.0 780.0 20.0 10.0
2331.0 457.0 20.0 10.0
51.0 1043.0 20.0 10.0
493.0 1216.0 20.0 10.0
515.0 1210.0 20.0 10.0
539.0 1207.0 20.0 10.0
568.0 1210.0 20.0 10.0
2904.0 651.0 20.0 10.0
1230.0 612.0 20.0 10.0
1994.0 589.0 20.0 10.0
1998.0 577.0 20.0 10.0
2001.0 562.0 20.0 10.0
2008.0 539.0 20.0 10.0
2012.0 513.0 20.0 10.0
2018.0 490.0 20.0 10.0
2076.0 482.0 20.0 10.0
2134.0 474.0 20.0 10.0
1188.0 1087.0 20.0 10.0
1026.0 1285.0 20.0 10.0
1021.0 1257.0 20.0 10.0
943.0 1204.0 20.0 10.0
1001.0 1195.0 20.0 10.0
1059.0 1187.0 20.0 10.0
47.0 687.0 20.0 10.0
904.0 658.0 20.0 10.0
929.0 671.0 20.0 10.0
969.0 663.0 20.0 10.0
993.0 666.0 20.0 10.0
1057.0 659.0 20.0 10.0
174.0 645.0 20.0 10.0
212.0 646.0 20.0 10.0
253.0 648.0 20.0 10.0
295.0 650.0 20.0 10.0
341.0 655.0 20.0 10.0
388.0 661.0 20.0 10.0
439.0 668.0 20.0 10.0
491.0 678.0 20.0 10.0
1594.0 1480.0 20.0 10.0
1619.0 1494.0 20.0 10.0
1390.0 1244.0 20.0 10.0
1371.0 1230.0 20.0 10.0
1356.0 1203.0 20.0 10.0
1320.0 1186.0 20.0 10.0
541.0 1443.0 20.0 10.0
589.0 714.0 20.0 10.0
711.0 876.0 20.0 10.0
2061.0 1511.0 20.0 10.0
1083.0 582.0 20.0 10.0
529.0 1625.0 20.0 10.0
546.0 1591.0 20.0 10.0
1398.0 1150.0 20.0 10.0
477.0 701.0 20.0 10.0
1909.0 1403.0 20.0 10.0
2341.0 454.0 20.0 10.0
2333.0 481.0 20.0 10.0
2327.0 510.0 20.0 10.0
2316.0 537.0 20.0 10.0
459.0 715.0 20.0 10.0
1800.0 1355.0 20.0 10.0
1226.0 500.0 20.0 10.0
385.0 1152.0 20.0 10.0
438.0 1164.0 20.0 10.0
491.0 1179.0 20.0 10.0
544.0 1197.0 20.0 10.0
599.0 1216.0 20.0 10.0
654.0 1233.0 20.0 10.0
2941.0 776.0 20.0 10.0
1287.0 645.0 20.0 10.0
967.0 691.0 20.0 10.0
2403.0 903.0 20.0 10.0
3072.0 830.0 20.0 10.0
2813.0 596.0 20.0 10.0
289.0 1037.0 20.0 10.0
1486.0 1123.0 20.0 10.0
121.0 1085.0 20.0 10.0
157.0 1095.0 20.0 10.0
516.0 698.0 20.0 10.0
709.0 1659.0 20.0 10.0
2014.0 1578.0 20.0 10.0
2013.0 1550.0 20.0 10.0
2004.0 1520.0 20.0 10.0
2413.0 829.0 20.0 10.0
326.0 801.0 20.0 10.0
851.0 1232.0 20.0 10.0
1953.0 1428.0 20.0 10.0
2368.0 713.0 20.0 10.0
3184.0 880.0 20.0 10.0
3151.0 860.0 20.0 10.0
3113.0 843.0 20.0 10.0
3272.0 925.0 20.0 10.0
3244.0 916.0 20.0 10.0
735.0 1716.0 20.0 10.0
722.0 1688.0 20.0 10.0
1454.0 1130.0 20.0 10.0
791.0 1860.0 20.0 10.0
784.0 1839.0 20.0 10.0
3328.0 970.0 20.0 10.0
3313.0 962.0 20.0 10.0
625.0 1201.0 20.0 10.0
639.0 1215.0 20.0 10.0
45.0 1073.0 20.0 10.0
2517.0 644.0 20.0 10.0
701.0 1549.0 20.0 10.0
681.0 1570.0 20.0 10.0
656.0 1564.0 20.0 10.0
642.0 1526.0 20.0 10.0
1031.0 1310.0 20.0 10.0
508.0 1684.0 20.0 10.0
509.0 1654.0 20.0 10.0
3162.0 885.0 20.0 10.0
1559.0 585.0 20.0 10.0
2828.0 783.0 20.0 10.0
2852.0 772.0 20.0 10.0
2834.0 752.0 20.0 10.0
725.0 1618.0 20.0 10.0
476.0 1609.0 20.0 10.0
492.0 1604.0 20.0 10.0
1498.0 595.0 20.0 10.0
1228.0 513.0 20.0 10.0
1405.0 1254.0 20.0 10.0
1105.0 596.0 20.0 10.0
1489.0 568.0 20.0 10.0
1484.0 597.0 20.0 10.0
1462.0 610.0 20.0 10.0
1438.0 603.0 20.0 10.0
1733.0 552.0 20.0 10.0
1791.0 539.0 20.0 10.0
1650.0 1438.0 20.0 10.0
831.0 638.0 20.0 10.0
543.0 1648.0 20.0 10.0
2136.0 226.0 20.0 10.0
2454.0 595.0 20.0 10.0
782.0 657.0 20.0 10.0
800.0 682.0 20.0 10.0
613.0 1440.0 20.0 10.0
613.0 1473.0 20.0 10.0
589.0 1497.0 20.0 10.0
599.0 1523.0 20.0 10.0
627.0 1488.0 20.0 10.0
638.0 1436.0 20.0 10.0
659.0 1389.0 20.0 10.0
613.0 1382.0 20.0 10.0
787.0 1617.0 20.0 10.0
768.0 1620.0 20.0 10.0
2029.0 557.0 20.0 10.0
3116.0 594.0 20.0 10.0
3104.0 604.0 20.0 10.0
1323.0 1105.0 20.0 10.0
1169.0 1105.0 20.0 10.0
1175.0 1134.0 20.0 10.0
1152.0 1147.0 20.0 10.0
433.0 743.0 20.0 10.0
1290.0 1041.0 20.0 10.0
1263.0 1048.0 20.0 10.0
535.0 620.0 20.0 10.0
480.0 1694.0 20.0 10.0
2140.0 271.0 20.0 10.0
612.0 625.0 20.0 10.0
586.0 634.0 20.0 10.0
1654.0 546.0 20.0 10.0
253.0 1139.0 20.0 10.0
2839.0 606.0 20.0 10.0
2810.0 612.0 20.0 10.0
2823.0 633.0 20.0 10.0
2816.0 660.0 20.0 10.0
1568.0 1563.0 20.0 10.0
688.0 1433.0 20.0 10.0
2103.0 42.0 20.0 10.0
839.0 664.0 20.0 10.0
864.0 677.0 20.0 10.0
654.0 819.0 20.0 10.0
754.0 796.0 20.0 10.0
1052.0 1147.0 20.0 10.0
1073.0 1163.0 20.0 10.0
2746.0 661.0 20.0 10.0
2753.0 688.0 20.0 10.0
908.0 609.0 20.0 10.0
905.0 630.0 20.0 10.0
709.0 1251.0 20.0 10.0
767.0 1238.0 20.0 10.0
826.0 1226.0 20.0 10.0
884.0 1214.0 20.0 10.0
2912.0 770.0 20.0 10.0
2895.0 753.0 20.0 10.0
2590.0 634.0 20.0 10.0
2573.0 659.0 20.0 10.0
2461.0 630.0 20.0 10.0
3083.0 894.0 20.0 10.0
3082.0 876.0 20.0 10.0
1984.0 1490.0 20.0 10.0
1960.0 502.0 20.0 10.0
544.0 640.0 20.0 10.0
3283.0 948.0 20.0 10.0
2320.0 560.0 20.0 10.0
1465.0 1130.0 20.0 10.0
1433.0 1137.0 20.0 10.0
2102.0 25.0 20.0 10.0
669.0 1455.0 20.0 10.0
647.0 1478.0 20.0 10.0
671.0 688.0 20.0 10.0
1746.0 1423.0 20.0 10.0
808.0 1911.0 20.0 10.0
804.0 1897.0 20.0 10.0
1221.0 1118.0 20.0 10.0
1424.0 1142.0 20.0 10.0
3072.0 616.0 20.0 10.0
3061.0 622.0 20.0 10.0
3034.0 633.0 20.0 10.0
3007.0 645.0 20.0 10.0
2980.0 657.0 20.0 10.0
2950.0 674.0 20.0 10.0
2919.0 695.0 20.0 10.0
2886.0 715.0 20.0 10.0
168.0 1116.0 20.0 10.0
196.0 1105.0 20.0 10.0
339.0 792.0 20.0 10.0
544.0 1563.0 20.0 10.0
572.0 1558.0 20.0 10.0
1201.0 1092.0 20.0 10.0
641.0 1466.0 20.0 10.0
1629.0 549.0 20.0 10.0
776.0 1816.0 20.0 10.0
1229.0 642.0 20.0 10.0
2260.0 484.0 20.0 10.0
2238.0 483.0 20.0 10.0
2215.0 480.0 20.0 10.0
1295.0 636.0 20.0 10.0
25.0 629.0 20.0 10.0
481.0 727.0 20.0 10.0
505.0 712.0 20.0 10.0
545.0 690.0 20.0 10.0
1107.0 626.0 20.0 10.0
1121.0 652.0 20.0 10.0
1185.0 641.0 20.0 10.0
1250.0 631.0 20.0 10.0
1277.0 558.0 20.0 10.0
1251.0 569.0 20.0 10.0
668.0 892.0 20.0 10.0
1232.0 529.0 20.0 10.0
1236.0 546.0 20.0 10.0
2764.0 715.0 20.0 10.0
2097.0 144.0 20.0 10.0
2109.0 164.0 20.0 10.0
2124.0 146.0 20.0 10.0
677.0 1342.0 20.0 10.0
693.0 1297.0 20.0 10.0
3123.0 602.0 20.0 10.0
770.0 1646.0 20.0 10.0
3111.0 797.0 20.0 10.0
3095.0 800.0 20.0 10.0
209.0 1124.0 20.0 10.0
239.0 1120.0 20.0 10.0
284.0 1133.0 20.0 10.0
334.0 1143.0 20.0 10.0
2863.0 744.0 20.0 10.0
1061.0 639.0 20.0 10.0
520.0 1457.0 20.0 10.0
2530.0 619.0 20.0 10.0
3295.0 940.0 20.0 10.0
2385.0 733.0 20.0 10.0
767.0 1793.0 20.0 10.0
1679.0 1484.0 20.0 10.0
1677.0 1453.0 20.0 10.0
2105.0 276.0 20.0 10.0
372.0 767.0 20.0 10.0
2312.0 463.0 20.0 10.0
353.0 780.0 20.0 10.0
957.0 1249.0 20.0 10.0
968.0 1223.0 20.0 10.0
