500
3931.0 472.0 20.0 10.0
4040.0 438.0 20.0 10.0
4016.0 445.0 20.0 10.0
2254.0 419.0 20.0 10.0
2195.0 461.0 20.0 10.0
2207.0 438.0 20.0 10.0
2233.0 449.0 20.0 10.0
2226.0 476.0 20.0 10.0
2207.0 494.0 20.0 10.0
2201.0 507.0 20.0 10.0
2308.0 509.0 20.0 10.0
2416.0 512.0 20.0 10.0
1741.0 899.0 20.0 10.0
3838.0 493.0 20.0 10.0
3810.0 476.0 20.0 10.0
3720.0 484.0 20.0 10.0
3628.0 494.0 20.0 10.0
1510.0 404.0 20.0 10.0
5106.0 129.0 20.0 10.0
5098.0 137.0 20.0 10.0
4568.0 405.0 20.0 10.0
4541.0 400.0 20.0 10.0
4514.0 404.0 20.0 10.0
5039.0 76.0 20.0 10.0
3906.0 538.0 20.0 10.0
3881.0 533.0 20.0 10.0
3865.0 512.0 20.0 10.0
250.0 171.0 20.0 10.0
280.0 181.0 20.0 10.0
878.0 319.0 20.0 10.0
953.0 333.0 20.0 10.0
1032.0 349.0 20.0 10.0
1114.0 364.0 20.0 10.0
1201.0 379.0 20.0 10.0
4065.0 429.0 20.0 10.0
4046.0 435.0 20.0 10.0
4633.0 426.0 20.0 10.0
5152.0 182.0 20.0 10.0
5141.0 185.0 20.0 10.0
5118.0 190.0 20.0 10.0
1654.0 662.0 20.0 10.0
3674.0 784.0 20.0 10.0
5146.0 118.0 20.0 10.0
607.0 262.0 20.0 10.0
5054.0 190.0 20.0 10.0
5012.0 207.0 20.0 10.0
4967.0 225.0 20.0 10.0
4014.0 475.0 20.0 10.0
3985.0 458.0 20.0 10.0
3898.0 467.0 20.0 10.0
640.0 268.0 20.0 10.0
1770.0 802.0 20.0 10.0
1856.0 724.0 20.0 10.0
739.0 275.0 20.0 10.0
1694.0 592.0 20.0 10.0
1803.0 635.0 20.0 10.0
1831.0 638.0 20.0 10.0
1875.0 761.0 20.0 10.0
1970.0 483.0 20.0 10.0
1988.0 494.0 20.0 10.0
2094.0 500.0 20.0 10.0
2254.0 433.0 20.0 10.0
3604.0 581.0 20.0 10.0
3656.0 370.0 20.0 10.0
3653.0 382.0 20.0 10.0
4626.0 522.0 20.0 10.0
4600.0 511.0 20.0 10.0
4576.0 499.0 20.0 10.0
4558.0 484.0 20.0 10.0
4537.0 462.0 20.0 10.0
4514.0 437.0 20.0 10.0
182.0 254.0 20.0 10.0
197.0 250.0 20.0 10.0
215.0 247.0 20.0 10.0
233.0 243.0 20.0 10.0
5119.0 140.0 20.0 10.0
5087.0 163.0 20.0 10.0
3660.0 498.0 20.0 10.0
3583.0 665.0 20.0 10.0
3593.0 660.0 20.0 10.0
4932.0 123.0 20.0 10.0
331.0 157.0 20.0 10.0
342.0 164.0 20.0 10.0
1867.0 770.0 20.0 10.0
1727.0 968.0 20.0 10.0
3101.0 575.0 20.0 10.0
4737.0 320.0 20.0 10.0
4717.0 335.0 20.0 10.0
4659.0 357.0 20.0 10.0
1755.0 848.0 20.0 10.0
1760.0 838.0 20.0 10.0
4929.0 324.0 20.0 10.0
4916.0 327.0 20.0 10.0
2140.0 374.0 20.0 10.0
4939.0 221.0 20.0 10.0
4759.0 309.0 20.0 10.0
4746.0 332.0 20.0 10.0
4381.0 406.0 20.0 10.0
1833.0 523.0 20.0 10.0
4628.0 400.0 20.0 10.0
4614.0 424.0 20.0 10.0
5208.0 76.0 20.0 10.0
4936.0 490.0 20.0 10.0
4926.0 484.0 20.0 10.0
4904.0 472.0 20.0 10.0
4879.0 460.0 20.0 10.0
4848.0 448.0 20.0 10.0
4813.0 433.0 20.0 10.0
4321.0 475.0 20.0 10.0
4305.0 471.0 20.0 10.0
4285.0 452.0 20.0 10.0
4257.0 443.0 20.0 10.0
1439.0 390.0 20.0 10.0
3645.0 738.0 20.0 10.0
3645.0 721.0 20.0 10.0
3650.0 699.0 20.0 10.0
3646.0 758.0 20.0 10.0
228.0 157.0 20.0 10.0
256.0 161.0 20.0 10.0
1799.0 406.0 20.0 10.0
264.0 236.0 20.0 10.0
577.0 254.0 20.0 10.0
5073.0 70.0 20.0 10.0
3603.0 416.0 20.0 10.0
2752.0 550.0 20.0 10.0
2760.0 523.0 20.0 10.0
4664.0 558.0 20.0 10.0
4635.0 554.0 20.0 10.0
4651.0 532.0 20.0 10.0
1817.0 694.0 20.0 10.0
281.0 233.0 20.0 10.0
1200.0 359.0 20.0 10.0
4981.0 342.0 20.0 10.0
4960.0 341.0 20.0 10.0
4932.0 340.0 20.0 10.0
4905.0 131.0 20.0 10.0
4930.0 134.0 20.0 10.0
4933.0 148.0 20.0 10.0
4935.0 162.0 20.0 10.0
4937.0 178.0 20.0 10.0
4938.0 196.0 20.0 10.0
3641.0 733.0 20.0 10.0
1726.0 989.0 20.0 10.0
1728.0 974.0 20.0 10.0
1732.0 956.0 20.0 10.0
1737.0 936.0 20.0 10.0
1743.0 912.0 20.0 10.0
1750.0 884.0 20.0 10.0
2656.0 519.0 20.0 10.0
2629.0 514.0 20.0 10.0
2733.0 515.0 20.0 10.0
1785.0 656.0 20.0 10.0
4149.0 437.0 20.0 10.0
2523.0 513.0 20.0 10.0
1077.0 471.0 20.0 10.0
1084.0 462.0 20.0 10.0
1092.0 450.0 20.0 10.0
1883.0 511.0 20.0 10.0
3649.0 484.0 20.0 10.0
4870.0 261.0 20.0 10.0
4822.0 286.0 20.0 10.0
4776.0 315.0 20.0 10.0
4286.0 478.0 20.0 10.0
5225.0 167.0 20.0 10.0
5201.0 172.0 20.0 10.0
5180.0 177.0 20.0 10.0
3534.0 501.0 20.0 10.0
3438.0 505.0 20.0 10.0
3341.0 509.0 20.0 10.0
1881.0 786.0 20.0 10.0
1336.0 410.0 20.0 10.0
5010.0 346.0 20.0 10.0
4997.0 344.0 20.0 10.0
2253.0 363.0 20.0 10.0
1294.0 408.0 20.0 10.0
1477.0 426.0 20.0 10.0
1853.0 681.0 20.0 10.0
1830.0 683.0 20.0 10.0
1815.0 662.0 20.0 10.0
1831.0 617.0 20.0 10.0
1706.0 591.0 20.0 10.0
4855.0 293.0 20.0 10.0
4576.0 433.0 20.0 10.0
3927.0 541.0 20.0 10.0
1839.0 418.0 20.0 10.0
1823.0 439.0 20.0 10.0
1849.0 446.0 20.0 10.0
1788.0 728.0 20.0 10.0
3122.0 564.0 20.0 10.0
3697.0 714.0 20.0 10.0
1833.0 461.0 20.0 10.0
4874.0 284.0 20.0 10.0
2248.0 374.0 20.0 10.0
2244.0 396.0 20.0 10.0
2231.0 420.0 20.0 10.0
2802.0 557.0 20.0 10.0
2788.0 533.0 20.0 10.0
376.0 213.0 20.0 10.0
309.0 228.0 20.0 10.0
342.0 223.0 20.0 10.0
3144.0 637.0 20.0 10.0
3122.0 632.0 20.0 10.0
1735.0 910.0 20.0 10.0
1036.0 355.0 20.0 10.0
1069.0 355.0 20.0 10.0
4843.0 456.0 20.0 10.0
4827.0 451.0 20.0 10.0
1757.0 856.0 20.0 10.0
386.0 219.0 20.0 10.0
408.0 202.0 20.0 10.0
432.0 224.0 20.0 10.0
489.0 236.0 20.0 10.0
548.0 249.0 20.0 10.0
2964.0 517.0 20.0 10.0
4586.0 484.0 20.0 10.0
5067.0 81.0 20.0 10.0
3623.0 427.0 20.0 10.0
3618.0 452.0 20.0 10.0
1831.0 474.0 20.0 10.0
1859.0 469.0 20.0 10.0
4804.0 446.0 20.0 10.0
4782.0 439.0 20.0 10.0
4775.0 416.0 20.0 10.0
4738.0 400.0 20.0 10.0
5053.0 109.0 20.0 10.0
5044.0 130.0 20.0 10.0
5038.0 156.0 20.0 10.0
5032.0 184.0 20.0 10.0
4847.0 320.0 20.0 10.0
1172.0 360.0 20.0 10.0
2472.0 520.0 20.0 10.0
2447.0 530.0 20.0 10.0
2437.0 505.0 20.0 10.0
1453.0 401.0 20.0 10.0
1480.0 399.0 20.0 10.0
160.0 149.0 20.0 10.0
196.0 159.0 20.0 10.0
237.0 171.0 20.0 10.0
1664.0 668.0 20.0 10.0
1667.0 642.0 20.0 10.0
1688.0 645.0 20.0 10.0
1706.0 621.0 20.0 10.0
4067.0 486.0 20.0 10.0
1131.0 345.0 20.0 10.0
1504.0 422.0 20.0 10.0
1535.0 429.0 20.0 10.0
1229.0 418.0 20.0 10.0
1882.0 747.0 20.0 10.0
1861.0 745.0 20.0 10.0
3917.0 521.0 20.0 10.0
4041.0 488.0 20.0 10.0
5161.0 181.0 20.0 10.0
5061.0 102.0 20.0 10.0
1763.0 820.0 20.0 10.0
1772.0 782.0 20.0 10.0
1781.0 744.0 20.0 10.0
1793.0 539.0 20.0 10.0
4724.0 391.0 20.0 10.0
4699.0 379.0 20.0 10.0
1028.0 243.0 20.0 10.0
1821.0 541.0 20.0 10.0
1857.0 529.0 20.0 10.0
1612.0 446.0 20.0 10.0
1642.0 453.0 20.0 10.0
1871.0 437.0 20.0 10.0
1869.0 447.0 20.0 10.0
5041.0 96.0 20.0 10.0
5026.0 114.0 20.0 10.0
3564.0 522.0 20.0 10.0
1077.0 249.0 20.0 10.0
1060.0 271.0 20.0 10.0
1072.0 428.0 20.0 10.0
1090.0 420.0 20.0 10.0
1209.0 355.0 20.0 10.0
1231.0 357.0 20.0 10.0
2232.0 503.0 20.0 10.0
3673.0 712.0 20.0 10.0
367.0 169.0 20.0 10.0
392.0 175.0 20.0 10.0
1477.0 415.0 20.0 10.0
4280.0 402.0 20.0 10.0
4256.0 415.0 20.0 10.0
1037.0 251.0 20.0 10.0
1047.0 260.0 20.0 10.0
3456.0 521.0 20.0 10.0
4987.0 518.0 20.0 10.0
4975.0 512.0 20.0 10.0
4962.0 503.0 20.0 10.0
4946.0 494.0 20.0 10.0
4595.0 406.0 20.0 10.0
2175.0 359.0 20.0 10.0
2168.0 374.0 20.0 10.0
2154.0 392.0 20.0 10.0
4956.0 500.0 20.0 10.0
4263.0 469.0 20.0 10.0
1548.0 425.0 20.0 10.0
3068.0 655.0 20.0 10.0
2247.0 362.0 20.0 10.0
3065.0 509.0 20.0 10.0
5060.0 94.0 20.0 10.0
2332.0 527.0 20.0 10.0
4407.0 399.0 20.0 10.0
3638.0 436.0 20.0 10.0
1043.0 223.0 20.0 10.0
1052.0 241.0 20.0 10.0
5174.0 105.0 20.0 10.0
5305.0 25.0 20.0 10.0
4655.0 559.0 20.0 10.0
1710.0 584.0 20.0 10.0
1731.0 598.0 20.0 10.0
1756.0 573.0 20.0 10.0
1786.0 556.0 20.0 10.0
2574.0 540.0 20.0 10.0
2548.0 532.0 20.0 10.0
3597.0 445.0 20.0 10.0
1778.0 470.0 20.0 10.0
1100.0 437.0 20.0 10.0
1110.0 422.0 20.0 10.0
1825.0 409.0 20.0 10.0
1796.0 703.0 20.0 10.0
2502.0 561.0 20.0 10.0
3601.0 474.0 20.0 10.0
805.0 304.0 20.0 10.0
3624.0 610.0 20.0 10.0
2260.0 394.0 20.0 10.0
4836.0 302.0 20.0 10.0
1575.0 439.0 20.0 10.0
1734.0 948.0 20.0 10.0
1881.0 486.0 20.0 10.0
3668.0 762.0 20.0 10.0
3663.0 745.0 20.0 10.0
4685.0 563.0 20.0 10.0
3837.0 466.0 20.0 10.0
3658.0 592.0 20.0 10.0
859.0 302.0 20.0 10.0
885.0 306.0 20.0 10.0
915.0 322.0 20.0 10.0
25.0 126.0 20.0 10.0
41.0 125.0 20.0 10.0
59.0 129.0 20.0 10.0
79.0 133.0 20.0 10.0
102.0 137.0 20.0 10.0
2215.0 400.0 20.0 10.0
3587.0 627.0 20.0 10.0
3602.0 649.0 20.0 10.0
3620.0 635.0 20.0 10.0
1066.0 279.0 20.0 10.0
1072.0 287.0 20.0 10.0
4588.0 386.0 20.0 10.0
4903.0 298.0 20.0 10.0
4919.0 242.0 20.0 10.0
4798.0 300.0 20.0 10.0
3691.0 727.0 20.0 10.0
3664.0 724.0 20.0 10.0
2231.0 383.0 20.0 10.0
4334.0 408.0 20.0 10.0
4305.0 417.0 20.0 10.0
4228.0 428.0 20.0 10.0
1836.0 773.0 20.0 10.0
3087.0 618.0 20.0 10.0
4076.0 424.0 20.0 10.0
2837.0 516.0 20.0 10.0
1487.0 457.0 20.0 10.0
1512.0 449.0 20.0 10.0
4973.0 342.0 20.0 10.0
2941.0 517.0 20.0 10.0
1451.0 396.0 20.0 10.0
4246.0 413.0 20.0 10.0
1845.0 573.0 20.0 10.0
3058.0 676.0 20.0 10.0
3062.0 667.0 20.0 10.0
1200.0 440.0 20.0 10.0
5285.0 34.0 20.0 10.0
5272.0 42.0 20.0 10.0
5255.0 51.0 20.0 10.0
5237.0 60.0 20.0 10.0
5218.0 71.0 20.0 10.0
5196.0 83.0 20.0 10.0
2129.0 415.0 20.0 10.0
2139.0 412.0 20.0 10.0
2159.0 406.0 20.0 10.0
2182.0 398.0 20.0 10.0
2181.0 425.0 20.0 10.0
3934.0 423.0 20.0 10.0
3923.0 429.0 20.0 10.0
3910.0 435.0 20.0 10.0
3886.0 446.0 20.0 10.0
3862.0 456.0 20.0 10.0
4068.0 448.0 20.0 10.0
216.0 151.0 20.0 10.0
2759.0 575.0 20.0 10.0
3622.0 486.0 20.0 10.0
3600.0 500.0 20.0 10.0
3595.0 525.0 20.0 10.0
3588.0 549.0 20.0 10.0
1240.0 357.0 20.0 10.0
1256.0 378.0 20.0 10.0
1290.0 394.0 20.0 10.0
1380.0 410.0 20.0 10.0
1723.0 625.0 20.0 10.0
4889.0 324.0 20.0 10.0
4860.0 333.0 20.0 10.0
4819.0 323.0 20.0 10.0
1084.0 385.0 20.0 10.0
1099.0 396.0 20.0 10.0
1124.0 398.0 20.0 10.0
1145.0 376.0 20.0 10.0
1177.0 392.0 20.0 10.0
87.0 1051.0 20.0 10.0
1750.0 898.0 20.0 10.0
5089.0 194.0 20.0 10.0
148.0 232.0 20.0 10.0
166.0 252.0 20.0 10.0
2488.0 498.0 20.0 10.0
5107.0 174.0 20.0 10.0
3139.0 619.0 20.0 10.0
3112.0 606.0 20.0 10.0
1215.0 401.0 20.0 10.0
1253.0 406.0 20.0 10.0
54.0 1055.0 20.0 10.0
25.0 1071.0 20.0 10.0
25.0 1039.0 20.0 10.0
3072.0 640.0 20.0 10.0
3075.0 615.0 20.0 10.0
3083.0 591.0 20.0 10.0
3070.0 564.0 20.0 10.0
3060.0 539.0 20.0 10.0
3044.0 516.0 20.0 10.0
3147.0 515.0 20.0 10.0
3197.0 514.0 20.0 10.0
3243.0 512.0 20.0 10.0
3110.0 491.0 20.0 10.0
3088.0 500.0 20.0 10.0
5168.0 196.0 20.0 10.0
5150.0 196.0 20.0 10.0
5135.0 194.0 20.0 10.0
5179.0 87.0 20.0 10.0
3648.0 394.0 20.0 10.0
3643.0 409.0 20.0 10.0
254.0 239.0 20.0 10.0
1626.0 431.0 20.0 10.0
1653.0 431.0 20.0 10.0
1676.0 454.0 20.0 10.0
1633.0 686.0 20.0 10.0
1848.0 759.0 20.0 10.0
3726.0 701.0 20.0 10.0
4490.0 411.0 20.0 10.0
4455.0 397.0 20.0 10.0
1208.0 432.0 20.0 10.0
1650.0 631.0 20.0 10.0
2574.0 524.0 20.0 10.0
30.0 119.0 20.0 10.0
5075.0 194.0 20.0 10.0
4923.0 341.0 20.0 10.0
4897.0 341.0 20.0 10.0
671.0 275.0 20.0 10.0
737.0 290.0 20.0 10.0
2478.0 559.0 20.0 10.0
2455.0 554.0 20.0 10.0
1643.0 678.0 20.0 10.0
3631.0 585.0 20.0 10.0
3626.0 365.0 20.0 10.0
3607.0 385.0 20.0 10.0
3601.0 402.0 20.0 10.0
3655.0 469.0 20.0 10.0
302.0 177.0 20.0 10.0
327.0 196.0 20.0 10.0
1008.0 346.0 20.0 10.0
1037.0 341.0 20.0 10.0
5188.0 92.0 20.0 10.0
1105.0 339.0 20.0 10.0
3095.0 653.0 20.0 10.0
3093.0 640.0 20.0 10.0
1834.0 744.0 20.0 10.0
1837.0 716.0 20.0 10.0
738.0 305.0 20.0 10.0
767.0 293.0 20.0 10.0
4593.0 369.0 20.0 10.0
4524.0 382.0 20.0 10.0
3249.0 534.0 20.0 10.0
3227.0 514.0 20.0 10.0
2498.0 532.0 20.0 10.0
3589.0 670.0 20.0 10.0
3893.0 507.0 20.0 10.0
3743.0 700.0 20.0 10.0
3732.0 696.0 20.0 10.0
3719.0 692.0 20.0 10.0
3705.0 686.0 20.0 10.0
3684.0 673.0 20.0 10.0
3654.0 669.0 20.0 10.0
3642.0 640.0 20.0 10.0
3174.0 512.0 20.0 10.0
2550.0 499.0 20.0 10.0
114.0 140.0 20.0 10.0
130.0 142.0 20.0 10.0
1526.0 404.0 20.0 10.0
3907.0 442.0 20.0 10.0
1079.0 297.0 20.0 10.0
1086.0 309.0 20.0 10.0
1112.0 321.0 20.0 10.0
