500
640.0 1610.0 20.0 10.0
597.0 508.0 20.0 10.0
2446.0 608.0 20.0 10.0
1667.0 659.0 20.0 10.0
1763.0 1708.0 20.0 10.0
1760.0 1690.0 20.0 10.0
1152.0 1619.0 20.0 10.0
1224.0 1618.0 20.0 10.0
1294.0 1617.0 20.0 10.0
2430.0 570.0 20.0 10.0
2397.0 573.0 20.0 10.0
2362.0 569.0 20.0 10.0
2325.0 561.0 20.0 10.0
1431.0 690.0 20.0 10.0
2020.0 561.0 20.0 10.0
1999.0 579.0 20.0 10.0
578.0 582.0 20.0 10.0
1886.0 582.0 20.0 10.0
2116.0 1431.0 20.0 10.0
2090.0 1443.0 20.0 10.0
482.0 1713.0 20.0 10.0
516.0 1692.0 20.0 10.0
789.0 1619.0 20.0 10.0
862.0 1620.0 20.0 10.0
936.0 1621.0 20.0 10.0
779.0 2007.0 20.0 10.0
781.0 1991.0 20.0 10.0
783.0 1973.0 20.0 10.0
445.0 1503.0 20.0 10.0
2416.0 1638.0 20.0 10.0
2386.0 1628.0 20.0 10.0
626.0 1586.0 20.0 10.0
2569.0 64.0 20.0 10.0
2285.0 551.0 20.0 10.0
641.0 1640.0 20.0 10.0
2266.0 558.0 20.0 10.0
2242.0 570.0 20.0 10.0
1838.0 631.0 20.0 10.0
904.0 1618.0 20.0 10.0
166.0 326.0 20.0 10.0
209.0 326.0 20.0 10.0
1933.0 1364.0 20.0 10.0
366.0 213.0 20.0 10.0
362.0 238.0 20.0 10.0
2084.0 1576.0 20.0 10.0
1614.0 1218.0 20.0 10.0
1614.0 1202.0 20.0 10.0
1616.0 1179.0 20.0 10.0
1610.0 1154.0 20.0 10.0
1602.0 1131.0 20.0 10.0
1598.0 1101.0 20.0 10.0
1594.0 1070.0 20.0 10.0
1588.0 1034.0 20.0 10.0
1628.0 1214.0 20.0 10.0
1381.0 641.0 20.0 10.0
1375.0 663.0 20.0 10.0
1370.0 689.0 20.0 10.0
795.0 1866.0 20.0 10.0
1692.0 1531.0 20.0 10.0
502.0 440.0 20.0 10.0
2282.0 394.0 20.0 10.0
2248.0 423.0 20.0 10.0
2504.0 182.0 20.0 10.0
2518.0 203.0 20.0 10.0
2495.0 229.0 20.0 10.0
2469.0 253.0 20.0 10.0
365.0 350.0 20.0 10.0
2610.0 86.0 20.0 10.0
1680.0 685.0 20.0 10.0
2127.0 1648.0 20.0 10.0
92.0 319.0 20.0 10.0
128.0 326.0 20.0 10.0
1531.0 981.0 20.0 10.0
1586.0 1161.0 20.0 10.0
1339.0 1912.0 20.0 10.0
1121.0 641.0 20.0 10.0
1174.0 656.0 20.0 10.0
2328.0 1657.0 20.0 10.0
807.0 1628.0 20.0 10.0
2230.0 580.0 20.0 10.0
2213.0 560.0 20.0 10.0
138.0 248.0 20.0 10.0
155.0 273.0 20.0 10.0
180.0 299.0 20.0 10.0
1735.0 1533.0 20.0 10.0
1682.0 1558.0 20.0 10.0
360.0 1511.0 20.0 10.0
1798.0 1689.0 20.0 10.0
2242.0 593.0 20.0 10.0
558.0 1737.0 20.0 10.0
1321.0 1722.0 20.0 10.0
2569.0 197.0 20.0 10.0
25.0 321.0 20.0 10.0
542.0 1764.0 20.0 10.0
551.0 1745.0 20.0 10.0
549.0 1712.0 20.0 10.0
798.0 1842.0 20.0 10.0
799.0 1817.0 20.0 10.0
598.0 1678.0 20.0 10.0
1327.0 1814.0 20.0 10.0
1839.0 1485.0 20.0 10.0
1787.0 1509.0 20.0 10.0
675.0 1612.0 20.0 10.0
2092.0 1702.0 20.0 10.0
1682.0 1639.0 20.0 10.0
223.0 1483.0 20.0 10.0
1999.0 1268.0 20.0 10.0
2059.0 1456.0 20.0 10.0
2022.0 1467.0 20.0 10.0
1985.0 1483.0 20.0 10.0
1939.0 1474.0 20.0 10.0
1625.0 700.0 20.0 10.0
549.0 1568.0 20.0 10.0
557.0 600.0 20.0 10.0
1077.0 738.0 20.0 10.0
230.0 369.0 20.0 10.0
250.0 375.0 20.0 10.0
2059.0 1509.0 20.0 10.0
414.0 1755.0 20.0 10.0
426.0 1748.0 20.0 10.0
452.0 1733.0 20.0 10.0
2488.0 574.0 20.0 10.0
2462.0 570.0 20.0 10.0
1733.0 667.0 20.0 10.0
566.0 1650.0 20.0 10.0
258.0 413.0 20.0 10.0
1270.0 1595.0 20.0 10.0
1247.0 1606.0 20.0 10.0
2349.0 345.0 20.0 10.0
2316.0 369.0 20.0 10.0
2024.0 1792.0 20.0 10.0
1031.0 1601.0 20.0 10.0
1786.0 650.0 20.0 10.0
2599.0 174.0 20.0 10.0
203.0 1430.0 20.0 10.0
316.0 1336.0 20.0 10.0
196.0 1476.0 20.0 10.0
1837.0 1712.0 20.0 10.0
1876.0 1731.0 20.0 10.0
1330.0 1786.0 20.0 10.0
1327.0 1755.0 20.0 10.0
1206.0 686.0 20.0 10.0
1229.0 668.0 20.0 10.0
1285.0 678.0 20.0 10.0
2215.0 1382.0 20.0 10.0
2483.0 169.0 20.0 10.0
71.0 316.0 20.0 10.0
806.0 1724.0 20.0 10.0
42.0 304.0 20.0 10.0
2606.0 138.0 20.0 10.0
881.0 1603.0 20.0 10.0
2045.0 1857.0 20.0 10.0
24.0 300.0 20.0 10.0
2066.0 1540.0 20.0 10.0
2041.0 1503.0 20.0 10.0
1341.0 687.0 20.0 10.0
1398.0 694.0 20.0 10.0
1423.0 1565.0 20.0 10.0
1959.0 1330.0 20.0 10.0
1957.0 1355.0 20.0 10.0
847.0 1695.0 20.0 10.0
2076.0 1730.0 20.0 10.0
2559.0 108.0 20.0 10.0
2551.0 141.0 20.0 10.0
780.0 517.0 20.0 10.0
1023.0 772.0 20.0 10.0
1051.0 772.0 20.0 10.0
2581.0 88.0 20.0 10.0
1320.0 1918.0 20.0 10.0
793.0 1716.0 20.0 10.0
534.0 555.0 20.0 10.0
564.0 554.0 20.0 10.0
1637.0 1021.0 20.0 10.0
1611.0 1032.0 20.0 10.0
1591.0 1018.0 20.0 10.0
1569.0 1000.0 20.0 10.0
1556.0 977.0 20.0 10.0
1067.0 626.0 20.0 10.0
1034.0 1635.0 20.0 10.0
1008.0 1621.0 20.0 10.0
1081.0 1620.0 20.0 10.0
2362.0 1650.0 20.0 10.0
2393.0 1660.0 20.0 10.0
672.0 1639.0 20.0 10.0
585.0 1615.0 20.0 10.0
614.0 1609.0 20.0 10.0
648.0 1604.0 20.0 10.0
105.0 1392.0 20.0 10.0
594.0 1629.0 20.0 10.0
2294.0 525.0 20.0 10.0
2268.0 521.0 20.0 10.0
2243.0 539.0 20.0 10.0
259.0 1475.0 20.0 10.0
291.0 1484.0 20.0 10.0
307.0 1454.0 20.0 10.0
1757.0 1456.0 20.0 10.0
529.0 1758.0 20.0 10.0
528.0 1733.0 20.0 10.0
1395.0 723.0 20.0 10.0
1423.0 718.0 20.0 10.0
391.0 1813.0 20.0 10.0
389.0 1784.0 20.0 10.0
404.0 1763.0 20.0 10.0
259.0 353.0 20.0 10.0
1945.0 595.0 20.0 10.0
1601.0 958.0 20.0 10.0
1602.0 919.0 20.0 10.0
2014.0 1511.0 20.0 10.0
285.0 401.0 20.0 10.0
278.0 376.0 20.0 10.0
790.0 1913.0 20.0 10.0
793.0 1890.0 20.0 10.0
1621.0 1572.0 20.0 10.0
2129.0 1424.0 20.0 10.0
785.0 1954.0 20.0 10.0
788.0 1934.0 20.0 10.0
1498.0 1596.0 20.0 10.0
1855.0 1423.0 20.0 10.0
1843.0 1451.0 20.0 10.0
1131.0 1620.0 20.0 10.0
1971.0 1386.0 20.0 10.0
2129.0 1641.0 20.0 10.0
2112.0 1641.0 20.0 10.0
41.0 320.0 20.0 10.0
965.0 572.0 20.0 10.0
961.0 599.0 20.0 10.0
2062.0 1574.0 20.0 10.0
2040.0 1543.0 20.0 10.0
323.0 1352.0 20.0 10.0
333.0 1368.0 20.0 10.0
267.0 284.0 20.0 10.0
283.0 302.0 20.0 10.0
296.0 329.0 20.0 10.0
305.0 360.0 20.0 10.0
129.0 1394.0 20.0 10.0
1784.0 1677.0 20.0 10.0
577.0 1581.0 20.0 10.0
2627.0 83.0 20.0 10.0
1107.0 1607.0 20.0 10.0
1073.0 765.0 20.0 10.0
368.0 180.0 20.0 10.0
367.0 195.0 20.0 10.0
1834.0 602.0 20.0 10.0
587.0 561.0 20.0 10.0
330.0 1355.0 20.0 10.0
2587.0 40.0 20.0 10.0
73.0 230.0 20.0 10.0
98.0 216.0 20.0 10.0
118.0 232.0 20.0 10.0
67.0 301.0 20.0 10.0
2069.0 1409.0 20.0 10.0
910.0 585.0 20.0 10.0
585.0 535.0 20.0 10.0
2622.0 61.0 20.0 10.0
2596.0 65.0 20.0 10.0
1312.0 1916.0 20.0 10.0
524.0 579.0 20.0 10.0
546.0 576.0 20.0 10.0
1846.0 1378.0 20.0 10.0
1849.0 1393.0 20.0 10.0
2054.0 1754.0 20.0 10.0
2029.0 1752.0 20.0 10.0
2054.0 1727.0 20.0 10.0
2073.0 1698.0 20.0 10.0
2086.0 1666.0 20.0 10.0
2091.0 1636.0 20.0 10.0
2082.0 1604.0 20.0 10.0
104.0 320.0 20.0 10.0
2634.0 44.0 20.0 10.0
301.0 1513.0 20.0 10.0
324.0 1528.0 20.0 10.0
1322.0 1685.0 20.0 10.0
1309.0 1650.0 20.0 10.0
1455.0 701.0 20.0 10.0
1513.0 708.0 20.0 10.0
1570.0 717.0 20.0 10.0
1570.0 761.0 20.0 10.0
1571.0 807.0 20.0 10.0
1553.0 698.0 20.0 10.0
342.0 1388.0 20.0 10.0
352.0 1410.0 20.0 10.0
366.0 1437.0 20.0 10.0
379.0 1469.0 20.0 10.0
392.0 1504.0 20.0 10.0
374.0 248.0 20.0 10.0
357.0 264.0 20.0 10.0
366.0 291.0 20.0 10.0
2198.0 1392.0 20.0 10.0
2181.0 1400.0 20.0 10.0
620.0 426.0 20.0 10.0
615.0 437.0 20.0 10.0
606.0 454.0 20.0 10.0
604.0 480.0 20.0 10.0
2569.0 581.0 20.0 10.0
1966.0 632.0 20.0 10.0
1914.0 1770.0 20.0 10.0
1917.0 1744.0 20.0 10.0
1958.0 1756.0 20.0 10.0
257.0 269.0 20.0 10.0
2644.0 120.0 20.0 10.0
467.0 1813.0 20.0 10.0
481.0 1794.0 20.0 10.0
1029.0 744.0 20.0 10.0
1053.0 746.0 20.0 10.0
2215.0 454.0 20.0 10.0
2183.0 487.0 20.0 10.0
2152.0 524.0 20.0 10.0
1596.0 881.0 20.0 10.0
1585.0 844.0 20.0 10.0
426.0 1472.0 20.0 10.0
432.0 1483.0 20.0 10.0
2412.0 297.0 20.0 10.0
1565.0 1590.0 20.0 10.0
1631.0 1585.0 20.0 10.0
1673.0 1611.0 20.0 10.0
1715.0 1638.0 20.0 10.0
1351.0 1887.0 20.0 10.0
1106.0 726.0 20.0 10.0
1124.0 700.0 20.0 10.0
1147.0 676.0 20.0 10.0
1436.0 1583.0 20.0 10.0
1408.0 1581.0 20.0 10.0
1386.0 1596.0 20.0 10.0
1363.0 1610.0 20.0 10.0
1431.0 1604.0 20.0 10.0
1296.0 1681.0 20.0 10.0
249.0 257.0 20.0 10.0
1959.0 1783.0 20.0 10.0
549.0 429.0 20.0 10.0
193.0 407.0 20.0 10.0
206.0 400.0 20.0 10.0
223.0 394.0 20.0 10.0
251.0 391.0 20.0 10.0
453.0 1530.0 20.0 10.0
514.0 1555.0 20.0 10.0
1340.0 1717.0 20.0 10.0
1353.0 1694.0 20.0 10.0
1919.0 589.0 20.0 10.0
1622.0 1200.0 20.0 10.0
2435.0 598.0 20.0 10.0
2387.0 555.0 20.0 10.0
599.0 1592.0 20.0 10.0
697.0 1632.0 20.0 10.0
1796.0 1455.0 20.0 10.0
355.0 379.0 20.0 10.0
403.0 400.0 20.0 10.0
452.0 420.0 20.0 10.0
62.0 319.0 20.0 10.0
1219.0 644.0 20.0 10.0
444.0 1841.0 20.0 10.0
455.0 1829.0 20.0 10.0
569.0 581.0 20.0 10.0
72.0 193.0 20.0 10.0
84.0 203.0 20.0 10.0
655.0 499.0 20.0 10.0
1014.0 613.0 20.0 10.0
2589.0 25.0 20.0 10.0
1942.0 646.0 20.0 10.0
1943.0 618.0 20.0 10.0
1917.0 618.0 20.0 10.0
1891.0 612.0 20.0 10.0
363.0 1819.0 20.0 10.0
1096.0 699.0 20.0 10.0
845.0 1793.0 20.0 10.0
826.0 1790.0 20.0 10.0
799.0 1789.0 20.0 10.0
805.0 1758.0 20.0 10.0
2216.0 509.0 20.0 10.0
2198.0 533.0 20.0 10.0
1723.0 1667.0 20.0 10.0
2630.0 125.0 20.0 10.0
2612.0 132.0 20.0 10.0
2581.0 132.0 20.0 10.0
25.0 1349.0 20.0 10.0
41.0 1356.0 20.0 10.0
1975.0 1305.0 20.0 10.0
1934.0 1766.0 20.0 10.0
371.0 320.0 20.0 10.0
1996.0 1792.0 20.0 10.0
1997.0 1768.0 20.0 10.0
2071.0 1437.0 20.0 10.0
367.0 1789.0 20.0 10.0
422.0 1538.0 20.0 10.0
1982.0 1337.0 20.0 10.0
1981.0 1364.0 20.0 10.0
1609.0 1019.0 20.0 10.0
1598.0 996.0 20.0 10.0
1763.0 1469.0 20.0 10.0
1786.0 1481.0 20.0 10.0
1598.0 1190.0 20.0 10.0
1603.0 1176.0 20.0 10.0
216.0 1400.0 20.0 10.0
228.0 1410.0 20.0 10.0
255.0 1416.0 20.0 10.0
1943.0 1360.0 20.0 10.0
1326.0 1838.0 20.0 10.0
504.0 1737.0 20.0 10.0
527.0 1706.0 20.0 10.0
281.0 1428.0 20.0 10.0
1939.0 1391.0 20.0 10.0
2441.0 275.0 20.0 10.0
1818.0 1416.0 20.0 10.0
1843.0 1420.0 20.0 10.0
2382.0 321.0 20.0 10.0
154.0 1469.0 20.0 10.0
170.0 1469.0 20.0 10.0
2090.0 1858.0 20.0 10.0
2078.0 1843.0 20.0 10.0
2059.0 1832.0 20.0 10.0
2051.0 1809.0 20.0 10.0
1510.0 1018.0 20.0 10.0
1520.0 1007.0 20.0 10.0
1531.0 993.0 20.0 10.0
60.0 1365.0 20.0 10.0
84.0 1377.0 20.0 10.0
116.0 1386.0 20.0 10.0
151.0 1403.0 20.0 10.0
191.0 1421.0 20.0 10.0
235.0 1441.0 20.0 10.0
330.0 1505.0 20.0 10.0
394.0 286.0 20.0 10.0
2065.0 1547.0 20.0 10.0
2119.0 524.0 20.0 10.0
2102.0 544.0 20.0 10.0
2050.0 562.0 20.0 10.0
2512.0 577.0 20.0 10.0
121.0 1396.0 20.0 10.0
1866.0 1480.0 20.0 10.0
1542.0 763.0 20.0 10.0
1558.0 841.0 20.0 10.0
1549.0 876.0 20.0 10.0
1545.0 910.0 20.0 10.0
1544.0 944.0 20.0 10.0
1325.0 1863.0 20.0 10.0
418.0 422.0 20.0 10.0
1048.0 730.0 20.0 10.0
1917.0 1449.0 20.0 10.0
1891.0 1466.0 20.0 10.0
176.0 1465.0 20.0 10.0
827.0 1681.0 20.0 10.0
801.0 1689.0 20.0 10.0
795.0 1653.0 20.0 10.0
255.0 1490.0 20.0 10.0
1541.0 811.0 20.0 10.0
371.0 221.0 20.0 10.0
553.0 458.0 20.0 10.0
2535.0 581.0 20.0 10.0
299.0 1429.0 20.0 10.0
1319.0 1904.0 20.0 10.0
768.0 562.0 20.0 10.0
757.0 535.0 20.0 10.0
808.0 553.0 20.0 10.0
858.0 570.0 20.0 10.0
712.0 1561.0 20.0 10.0
1925.0 1788.0 20.0 10.0
778.0 2021.0 20.0 10.0
2568.0 590.0 20.0 10.0
2545.0 599.0 20.0 10.0
714.0 1573.0 20.0 10.0
718.0 1591.0 20.0 10.0
714.0 1614.0 20.0 10.0
549.0 513.0 20.0 10.0
570.0 497.0 20.0 10.0
1779.0 622.0 20.0 10.0
1311.0 689.0 20.0 10.0
731.0 509.0 20.0 10.0
706.0 517.0 20.0 10.0
1323.0 1883.0 20.0 10.0
1597.0 819.0 20.0 10.0
225.0 338.0 20.0 10.0
256.0 341.0 20.0 10.0
283.0 1462.0 20.0 10.0
333.0 1483.0 20.0 10.0
1657.0 960.0 20.0 10.0
1644.0 958.0 20.0 10.0
1567.0 1009.0 20.0 10.0
2585.0 174.0 20.0 10.0
2561.0 171.0 20.0 10.0
2535.0 172.0 20.0 10.0
2162.0 497.0 20.0 10.0
2173.0 1401.0 20.0 10.0
2162.0 1408.0 20.0 10.0
2139.0 1419.0 20.0 10.0
798.0 1901.0 20.0 10.0
1992.0 1281.0 20.0 10.0
1982.0 1298.0 20.0 10.0
1967.0 1321.0 20.0 10.0
616.0 1576.0 20.0 10.0
1757.0 1663.0 20.0 10.0
494.0 1768.0 20.0 10.0
1941.0 1339.0 20.0 10.0
2565.0 50.0 20.0 10.0
1618.0 1059.0 20.0 10.0
1611.0 1045.0 20.0 10.0
2265.0 1660.0 20.0 10.0
2296.0 1658.0 20.0 10.0
1628.0 954.0 20.0 10.0
1915.0 1428.0 20.0 10.0
557.0 1678.0 20.0 10.0
598.0 1646.0 20.0 10.0
