500
1488.0 287.0 20.0 10.0
538.0 512.0 20.0 10.0
1064.0 1033.0 20.0 10.0
827.0 1228.0 20.0 10.0
1187.0 1236.0 20.0 10.0
1169.0 1227.0 20.0 10.0
211.0 2041.0 20.0 10.0
232.0 2062.0 20.0 10.0
141.0 2044.0 20.0 10.0
169.0 2049.0 20.0 10.0
1089.0 1016.0 20.0 10.0
1180.0 1508.0 20.0 10.0
1744.0 257.0 20.0 10.0
1696.0 285.0 20.0 10.0
821.0 2155.0 20.0 10.0
823.0 2139.0 20.0 10.0
650.0 1552.0 20.0 10.0
667.0 1535.0 20.0 10.0
54.0 2140.0 20.0 10.0
119.0 563.0 20.0 10.0
155.0 565.0 20.0 10.0
1740.0 393.0 20.0 10.0
1707.0 398.0 20.0 10.0
686.0 599.0 20.0 10.0
1832.0 202.0 20.0 10.0
599.0 1940.0 20.0 10.0
498.0 1886.0 20.0 10.0
525.0 1891.0 20.0 10.0
541.0 1915.0 20.0 10.0
989.0 2224.0 20.0 10.0
1036.0 1085.0 20.0 10.0
1044.0 1056.0 20.0 10.0
2025.0 120.0 20.0 10.0
2000.0 113.0 20.0 10.0
1972.0 110.0 20.0 10.0
1944.0 133.0 20.0 10.0
908.0 1006.0 20.0 10.0
1789.0 391.0 20.0 10.0
1766.0 392.0 20.0 10.0
828.0 799.0 20.0 10.0
1630.0 398.0 20.0 10.0
1585.0 410.0 20.0 10.0
283.0 577.0 20.0 10.0
899.0 1061.0 20.0 10.0
892.0 1034.0 20.0 10.0
980.0 1021.0 20.0 10.0
719.0 1531.0 20.0 10.0
929.0 740.0 20.0 10.0
1000.0 702.0 20.0 10.0
150.0 80.0 20.0 10.0
147.0 2095.0 20.0 10.0
368.0 346.0 20.0 10.0
521.0 536.0 20.0 10.0
551.0 541.0 20.0 10.0
625.0 581.0 20.0 10.0
700.0 621.0 20.0 10.0
1631.0 435.0 20.0 10.0
1853.0 183.0 20.0 10.0
380.0 553.0 20.0 10.0
280.0 215.0 20.0 10.0
282.0 229.0 20.0 10.0
115.0 2118.0 20.0 10.0
159.0 2079.0 20.0 10.0
188.0 2075.0 20.0 10.0
894.0 1943.0 20.0 10.0
876.0 1965.0 20.0 10.0
869.0 1999.0 20.0 10.0
834.0 2007.0 20.0 10.0
847.0 2205.0 20.0 10.0
1171.0 1497.0 20.0 10.0
135.0 218.0 20.0 10.0
1937.0 158.0 20.0 10.0
182.0 541.0 20.0 10.0
952.0 1687.0 20.0 10.0
297.0 555.0 20.0 10.0
919.0 1677.0 20.0 10.0
892.0 2118.0 20.0 10.0
1287.0 439.0 20.0 10.0
1289.0 450.0 20.0 10.0
1292.0 462.0 20.0 10.0
724.0 1514.0 20.0 10.0
2055.0 32.0 20.0 10.0
2050.0 44.0 20.0 10.0
2049.0 70.0 20.0 10.0
776.0 659.0 20.0 10.0
783.0 734.0 20.0 10.0
803.0 733.0 20.0 10.0
829.0 731.0 20.0 10.0
846.0 750.0 20.0 10.0
872.0 763.0 20.0 10.0
447.0 1874.0 20.0 10.0
464.0 1886.0 20.0 10.0
532.0 1971.0 20.0 10.0
1299.0 1396.0 20.0 10.0
1282.0 1379.0 20.0 10.0
1152.0 664.0 20.0 10.0
449.0 1958.0 20.0 10.0
1315.0 1415.0 20.0 10.0
744.0 777.0 20.0 10.0
762.0 776.0 20.0 10.0
1910.0 155.0 20.0 10.0
907.0 2000.0 20.0 10.0
757.0 1911.0 20.0 10.0
24.0 93.0 20.0 10.0
428.0 529.0 20.0 10.0
1342.0 566.0 20.0 10.0
1314.0 567.0 20.0 10.0
1149.0 1385.0 20.0 10.0
272.0 542.0 20.0 10.0
182.0 547.0 20.0 10.0
205.0 558.0 20.0 10.0
234.0 565.0 20.0 10.0
816.0 752.0 20.0 10.0
141.0 71.0 20.0 10.0
599.0 533.0 20.0 10.0
780.0 1019.0 20.0 10.0
2020.0 74.0 20.0 10.0
797.0 1181.0 20.0 10.0
439.0 512.0 20.0 10.0
460.0 532.0 20.0 10.0
897.0 1962.0 20.0 10.0
881.0 1988.0 20.0 10.0
1586.0 350.0 20.0 10.0
1568.0 368.0 20.0 10.0
1264.0 1418.0 20.0 10.0
1249.0 1396.0 20.0 10.0
1252.0 1371.0 20.0 10.0
826.0 1160.0 20.0 10.0
745.0 1034.0 20.0 10.0
757.0 1028.0 20.0 10.0
772.0 1023.0 20.0 10.0
945.0 2189.0 20.0 10.0
735.0 639.0 20.0 10.0
1163.0 770.0 20.0 10.0
155.0 95.0 20.0 10.0
812.0 1859.0 20.0 10.0
802.0 1871.0 20.0 10.0
1874.0 179.0 20.0 10.0
855.0 2088.0 20.0 10.0
70.0 561.0 20.0 10.0
92.0 561.0 20.0 10.0
432.0 1863.0 20.0 10.0
885.0 2084.0 20.0 10.0
738.0 1491.0 20.0 10.0
1186.0 1532.0 20.0 10.0
1763.0 342.0 20.0 10.0
1752.0 351.0 20.0 10.0
1738.0 361.0 20.0 10.0
1264.0 1319.0 20.0 10.0
842.0 991.0 20.0 10.0
869.0 978.0 20.0 10.0
898.0 962.0 20.0 10.0
1152.0 903.0 20.0 10.0
1146.0 934.0 20.0 10.0
1600.0 448.0 20.0 10.0
69.0 134.0 20.0 10.0
430.0 411.0 20.0 10.0
824.0 2116.0 20.0 10.0
822.0 2081.0 20.0 10.0
786.0 2044.0 20.0 10.0
649.0 586.0 20.0 10.0
116.0 203.0 20.0 10.0
40.0 2080.0 20.0 10.0
58.0 2080.0 20.0 10.0
82.0 2079.0 20.0 10.0
1483.0 485.0 20.0 10.0
1454.0 483.0 20.0 10.0
813.0 1841.0 20.0 10.0
785.0 1874.0 20.0 10.0
284.0 245.0 20.0 10.0
293.0 271.0 20.0 10.0
1160.0 838.0 20.0 10.0
1157.0 871.0 20.0 10.0
1607.0 438.0 20.0 10.0
882.0 2093.0 20.0 10.0
1134.0 1326.0 20.0 10.0
832.0 1209.0 20.0 10.0
1043.0 1009.0 20.0 10.0
1754.0 235.0 20.0 10.0
833.0 2145.0 20.0 10.0
966.0 2210.0 20.0 10.0
241.0 229.0 20.0 10.0
926.0 2155.0 20.0 10.0
914.0 2142.0 20.0 10.0
347.0 363.0 20.0 10.0
376.0 370.0 20.0 10.0
397.0 393.0 20.0 10.0
108.0 206.0 20.0 10.0
685.0 1512.0 20.0 10.0
977.0 1659.0 20.0 10.0
815.0 1004.0 20.0 10.0
715.0 1546.0 20.0 10.0
887.0 1752.0 20.0 10.0
865.0 1780.0 20.0 10.0
177.0 129.0 20.0 10.0
1089.0 1144.0 20.0 10.0
1253.0 1351.0 20.0 10.0
1483.0 318.0 20.0 10.0
746.0 785.0 20.0 10.0
1473.0 357.0 20.0 10.0
510.0 1951.0 20.0 10.0
1120.0 1253.0 20.0 10.0
848.0 1191.0 20.0 10.0
852.0 1162.0 20.0 10.0
721.0 1459.0 20.0 10.0
791.0 1014.0 20.0 10.0
713.0 1927.0 20.0 10.0
465.0 564.0 20.0 10.0
759.0 1419.0 20.0 10.0
680.0 1519.0 20.0 10.0
223.0 241.0 20.0 10.0
568.0 575.0 20.0 10.0
593.0 587.0 20.0 10.0
94.0 164.0 20.0 10.0
908.0 1728.0 20.0 10.0
848.0 722.0 20.0 10.0
604.0 524.0 20.0 10.0
616.0 550.0 20.0 10.0
1726.0 395.0 20.0 10.0
1214.0 1591.0 20.0 10.0
975.0 1700.0 20.0 10.0
556.0 1984.0 20.0 10.0
918.0 1966.0 20.0 10.0
778.0 1889.0 20.0 10.0
130.0 49.0 20.0 10.0
191.0 195.0 20.0 10.0
203.0 223.0 20.0 10.0
2092.0 25.0 20.0 10.0
2079.0 45.0 20.0 10.0
848.0 661.0 20.0 10.0
538.0 1961.0 20.0 10.0
1136.0 957.0 20.0 10.0
1122.0 979.0 20.0 10.0
915.0 1700.0 20.0 10.0
1138.0 1345.0 20.0 10.0
761.0 1207.0 20.0 10.0
290.0 581.0 20.0 10.0
868.0 1111.0 20.0 10.0
886.0 1059.0 20.0 10.0
1180.0 1311.0 20.0 10.0
1861.0 391.0 20.0 10.0
1847.0 391.0 20.0 10.0
1830.0 390.0 20.0 10.0
1811.0 390.0 20.0 10.0
1622.0 332.0 20.0 10.0
1160.0 612.0 20.0 10.0
762.0 634.0 20.0 10.0
1563.0 404.0 20.0 10.0
1541.0 424.0 20.0 10.0
1489.0 436.0 20.0 10.0
1634.0 419.0 20.0 10.0
1609.0 414.0 20.0 10.0
1579.0 429.0 20.0 10.0
807.0 1174.0 20.0 10.0
885.0 2133.0 20.0 10.0
1355.0 514.0 20.0 10.0
785.0 787.0 20.0 10.0
812.0 789.0 20.0 10.0
1629.0 448.0 20.0 10.0
1672.0 393.0 20.0 10.0
1000.0 2238.0 20.0 10.0
932.0 721.0 20.0 10.0
1464.0 434.0 20.0 10.0
1445.0 454.0 20.0 10.0
944.0 2022.0 20.0 10.0
1125.0 1285.0 20.0 10.0
296.0 304.0 20.0 10.0
165.0 118.0 20.0 10.0
180.0 150.0 20.0 10.0
195.0 183.0 20.0 10.0
1188.0 1244.0 20.0 10.0
474.0 471.0 20.0 10.0
499.0 489.0 20.0 10.0
1235.0 1304.0 20.0 10.0
709.0 1920.0 20.0 10.0
278.0 2052.0 20.0 10.0
471.0 1974.0 20.0 10.0
496.0 1991.0 20.0 10.0
1157.0 1420.0 20.0 10.0
169.0 131.0 20.0 10.0
2022.0 130.0 20.0 10.0
671.0 585.0 20.0 10.0
85.0 209.0 20.0 10.0
843.0 2188.0 20.0 10.0
448.0 440.0 20.0 10.0
44.0 2168.0 20.0 10.0
278.0 557.0 20.0 10.0
588.0 476.0 20.0 10.0
591.0 489.0 20.0 10.0
596.0 504.0 20.0 10.0
1173.0 829.0 20.0 10.0
120.0 2097.0 20.0 10.0
778.0 1195.0 20.0 10.0
791.0 1185.0 20.0 10.0
694.0 1502.0 20.0 10.0
708.0 1483.0 20.0 10.0
1636.0 425.0 20.0 10.0
988.0 2217.0 20.0 10.0
697.0 1446.0 20.0 10.0
1060.0 1085.0 20.0 10.0
738.0 1484.0 20.0 10.0
1473.0 368.0 20.0 10.0
989.0 1053.0 20.0 10.0
1286.0 554.0 20.0 10.0
975.0 1977.0 20.0 10.0
949.0 1971.0 20.0 10.0
993.0 1975.0 20.0 10.0
1639.0 315.0 20.0 10.0
43.0 112.0 20.0 10.0
958.0 1723.0 20.0 10.0
933.0 1710.0 20.0 10.0
1197.0 1573.0 20.0 10.0
1162.0 698.0 20.0 10.0
1164.0 735.0 20.0 10.0
1185.0 755.0 20.0 10.0
922.0 1658.0 20.0 10.0
798.0 1957.0 20.0 10.0
776.0 1976.0 20.0 10.0
778.0 2012.0 20.0 10.0
60.0 2174.0 20.0 10.0
69.0 2160.0 20.0 10.0
1144.0 629.0 20.0 10.0
1306.0 514.0 20.0 10.0
1312.0 540.0 20.0 10.0
822.0 1136.0 20.0 10.0
848.0 1139.0 20.0 10.0
107.0 135.0 20.0 10.0
1215.0 591.0 20.0 10.0
918.0 1713.0 20.0 10.0
271.0 584.0 20.0 10.0
1029.0 993.0 20.0 10.0
1012.0 975.0 20.0 10.0
1127.0 1301.0 20.0 10.0
1193.0 1554.0 20.0 10.0
1226.0 1349.0 20.0 10.0
303.0 532.0 20.0 10.0
328.0 554.0 20.0 10.0
925.0 979.0 20.0 10.0
929.0 952.0 20.0 10.0
841.0 1810.0 20.0 10.0
997.0 1051.0 20.0 10.0
2076.0 72.0 20.0 10.0
2041.0 122.0 20.0 10.0
838.0 2168.0 20.0 10.0
1201.0 1592.0 20.0 10.0
1485.0 301.0 20.0 10.0
167.0 221.0 20.0 10.0
489.0 458.0 20.0 10.0
1173.0 1482.0 20.0 10.0
1165.0 1452.0 20.0 10.0
853.0 699.0 20.0 10.0
25.0 2129.0 20.0 10.0
711.0 1898.0 20.0 10.0
135.0 2062.0 20.0 10.0
1742.0 246.0 20.0 10.0
1647.0 318.0 20.0 10.0
999.0 1026.0 20.0 10.0
1029.0 1023.0 20.0 10.0
916.0 2169.0 20.0 10.0
266.0 297.0 20.0 10.0
887.0 2144.0 20.0 10.0
859.0 2113.0 20.0 10.0
28.0 2140.0 20.0 10.0
1251.0 1311.0 20.0 10.0
1698.0 377.0 20.0 10.0
1244.0 1334.0 20.0 10.0
83.0 577.0 20.0 10.0
109.0 585.0 20.0 10.0
743.0 1531.0 20.0 10.0
802.0 1126.0 20.0 10.0
770.0 1941.0 20.0 10.0
992.0 994.0 20.0 10.0
113.0 2083.0 20.0 10.0
927.0 2017.0 20.0 10.0
899.0 2014.0 20.0 10.0
822.0 2103.0 20.0 10.0
1107.0 999.0 20.0 10.0
635.0 1922.0 20.0 10.0
2090.0 71.0 20.0 10.0
402.0 552.0 20.0 10.0
434.0 550.0 20.0 10.0
490.0 545.0 20.0 10.0
133.0 2122.0 20.0 10.0
1164.0 918.0 20.0 10.0
800.0 2002.0 20.0 10.0
752.0 2008.0 20.0 10.0
699.0 1985.0 20.0 10.0
726.0 1946.0 20.0 10.0
1193.0 832.0 20.0 10.0
1180.0 820.0 20.0 10.0
1162.0 803.0 20.0 10.0
1789.0 228.0 20.0 10.0
1171.0 889.0 20.0 10.0
128.0 118.0 20.0 10.0
133.0 142.0 20.0 10.0
525.0 1996.0 20.0 10.0
848.0 673.0 20.0 10.0
924.0 1642.0 20.0 10.0
1865.0 174.0 20.0 10.0
851.0 1220.0 20.0 10.0
850.0 1207.0 20.0 10.0
717.0 1399.0 20.0 10.0
735.0 1404.0 20.0 10.0
755.0 1403.0 20.0 10.0
813.0 1905.0 20.0 10.0
790.0 1919.0 20.0 10.0
1721.0 372.0 20.0 10.0
487.0 1906.0 20.0 10.0
518.0 1924.0 20.0 10.0
551.0 1948.0 20.0 10.0
579.0 1981.0 20.0 10.0
323.0 356.0 20.0 10.0
1596.0 354.0 20.0 10.0
1543.0 393.0 20.0 10.0
43.0 136.0 20.0 10.0
63.0 150.0 20.0 10.0
85.0 164.0 20.0 10.0
120.0 172.0 20.0 10.0
1478.0 336.0 20.0 10.0
1386.0 513.0 20.0 10.0
1170.0 641.0 20.0 10.0
85.0 2136.0 20.0 10.0
801.0 1010.0 20.0 10.0
1157.0 645.0 20.0 10.0
1175.0 668.0 20.0 10.0
93.0 198.0 20.0 10.0
63.0 131.0 20.0 10.0
90.0 147.0 20.0 10.0
67.0 156.0 20.0 10.0
596.0 1914.0 20.0 10.0
619.0 1922.0 20.0 10.0
891.0 729.0 20.0 10.0
902.0 752.0 20.0 10.0
816.0 1254.0 20.0 10.0
910.0 1992.0 20.0 10.0
32.0 567.0 20.0 10.0
52.0 563.0 20.0 10.0
1723.0 264.0 20.0 10.0
739.0 1509.0 20.0 10.0
769.0 1369.0 20.0 10.0
786.0 1333.0 20.0 10.0
801.0 1294.0 20.0 10.0
1210.0 1292.0 20.0 10.0
1177.0 1280.0 20.0 10.0
214.0 261.0 20.0 10.0
248.0 262.0 20.0 10.0
414.0 515.0 20.0 10.0
1277.0 1371.0 20.0 10.0
472.0 2008.0 20.0 10.0
347.0 347.0 20.0 10.0
1561.0 370.0 20.0 10.0
193.0 568.0 20.0 10.0
244.0 280.0 20.0 10.0
1442.0 498.0 20.0 10.0
1198.0 1483.0 20.0 10.0
1460.0 384.0 20.0 10.0
1447.0 411.0 20.0 10.0
1431.0 440.0 20.0 10.0
1423.0 474.0 20.0 10.0
1144.0 1214.0 20.0 10.0
741.0 1431.0 20.0 10.0
843.0 779.0 20.0 10.0
1933.0 128.0 20.0 10.0
965.0 1671.0 20.0 10.0
324.0 2041.0 20.0 10.0
372.0 2030.0 20.0 10.0
421.0 2019.0 20.0 10.0
1997.0 90.0 20.0 10.0
631.0 603.0 20.0 10.0
882.0 1976.0 20.0 10.0
844.0 1990.0 20.0 10.0
1200.0 1251.0 20.0 10.0
1295.0 476.0 20.0 10.0
1299.0 491.0 20.0 10.0
626.0 1951.0 20.0 10.0
639.0 1982.0 20.0 10.0
1505.0 480.0 20.0 10.0
142.0 168.0 20.0 10.0
161.0 195.0 20.0 10.0
210.0 530.0 20.0 10.0
224.0 534.0 20.0 10.0
247.0 548.0 20.0 10.0
1071.0 665.0 20.0 10.0
470.0 444.0 20.0 10.0
78.0 558.0 20.0 10.0
992.0 962.0 20.0 10.0
957.0 899.0 20.0 10.0
943.0 820.0 20.0 10.0
1146.0 1242.0 20.0 10.0
1115.0 1202.0 20.0 10.0
730.0 1494.0 20.0 10.0
739.0 1468.0 20.0 10.0
745.0 1440.0 20.0 10.0
726.0 1874.0 20.0 10.0
1214.0 1338.0 20.0 10.0
1202.0 1316.0 20.0 10.0
63.0 589.0 20.0 10.0
1068.0 1144.0 20.0 10.0
1078.0 1116.0 20.0 10.0
824.0 1001.0 20.0 10.0
