500
2739.0 202.0 20.0 10.0
336.0 2545.0 20.0 10.0
1665.0 1851.0 20.0 10.0
1663.0 1827.0 20.0 10.0
1664.0 1810.0 20.0 10.0
1665.0 1790.0 20.0 10.0
99.0 1889.0 20.0 10.0
122.0 1886.0 20.0 10.0
148.0 1882.0 20.0 10.0
304.0 2555.0 20.0 10.0
2010.0 1623.0 20.0 10.0
2014.0 649.0 20.0 10.0
2466.0 1829.0 20.0 10.0
2441.0 1816.0 20.0 10.0
2409.0 1824.0 20.0 10.0
1994.0 1693.0 20.0 10.0
2017.0 1676.0 20.0 10.0
1988.0 1673.0 20.0 10.0
1069.0 1737.0 20.0 10.0
450.0 2481.0 20.0 10.0
1614.0 1607.0 20.0 10.0
1695.0 1588.0 20.0 10.0
1984.0 490.0 20.0 10.0
2579.0 1869.0 20.0 10.0
2564.0 1862.0 20.0 10.0
2541.0 1841.0 20.0 10.0
457.0 1849.0 20.0 10.0
2514.0 1818.0 20.0 10.0
2703.0 2053.0 20.0 10.0
1621.0 1802.0 20.0 10.0
1630.0 1790.0 20.0 10.0
1641.0 1775.0 20.0 10.0
1652.0 1750.0 20.0 10.0
121.0 2695.0 20.0 10.0
146.0 2689.0 20.0 10.0
2021.0 693.0 20.0 10.0
1657.0 1661.0 20.0 10.0
2741.0 132.0 20.0 10.0
2566.0 518.0 20.0 10.0
2787.0 37.0 20.0 10.0
1711.0 1634.0 20.0 10.0
2589.0 391.0 20.0 10.0
2563.0 429.0 20.0 10.0
2536.0 471.0 20.0 10.0
1299.0 1618.0 20.0 10.0
1315.0 1624.0 20.0 10.0
846.0 2139.0 20.0 10.0
2026.0 821.0 20.0 10.0
395.0 2633.0 20.0 10.0
2361.0 1787.0 20.0 10.0
2292.0 1757.0 20.0 10.0
2224.0 1724.0 20.0 10.0
2154.0 1691.0 20.0 10.0
2084.0 1656.0 20.0 10.0
1534.0 1628.0 20.0 10.0
192.0 2544.0 20.0 10.0
1376.0 1669.0 20.0 10.0
1455.0 1648.0 20.0 10.0
378.0 2250.0 20.0 10.0
348.0 2254.0 20.0 10.0
342.0 2280.0 20.0 10.0
855.0 2128.0 20.0 10.0
864.0 2115.0 20.0 10.0
2533.0 1927.0 20.0 10.0
2494.0 1897.0 20.0 10.0
2582.0 1845.0 20.0 10.0
2571.0 1952.0 20.0 10.0
403.0 2643.0 20.0 10.0
388.0 2605.0 20.0 10.0
378.0 2563.0 20.0 10.0
399.0 2526.0 20.0 10.0
346.0 1852.0 20.0 10.0
729.0 1801.0 20.0 10.0
791.0 1789.0 20.0 10.0
106.0 2680.0 20.0 10.0
2143.0 965.0 20.0 10.0
2139.0 938.0 20.0 10.0
2116.0 949.0 20.0 10.0
2076.0 987.0 20.0 10.0
2558.0 526.0 20.0 10.0
2582.0 607.0 20.0 10.0
2573.0 600.0 20.0 10.0
2558.0 581.0 20.0 10.0
2355.0 699.0 20.0 10.0
2322.0 734.0 20.0 10.0
2642.0 1872.0 20.0 10.0
2608.0 1854.0 20.0 10.0
314.0 2295.0 20.0 10.0
1691.0 1638.0 20.0 10.0
347.0 1844.0 20.0 10.0
376.0 1857.0 20.0 10.0
1621.0 1777.0 20.0 10.0
1637.0 1767.0 20.0 10.0
256.0 2483.0 20.0 10.0
1960.0 1668.0 20.0 10.0
1933.0 1663.0 20.0 10.0
1908.0 1660.0 20.0 10.0
229.0 1875.0 20.0 10.0
258.0 1887.0 20.0 10.0
281.0 1869.0 20.0 10.0
452.0 1888.0 20.0 10.0
473.0 1874.0 20.0 10.0
2192.0 1005.0 20.0 10.0
241.0 1910.0 20.0 10.0
2171.0 1032.0 20.0 10.0
2157.0 1030.0 20.0 10.0
1862.0 1554.0 20.0 10.0
470.0 2585.0 20.0 10.0
442.0 2592.0 20.0 10.0
209.0 2541.0 20.0 10.0
2639.0 315.0 20.0 10.0
585.0 2473.0 20.0 10.0
565.0 2473.0 20.0 10.0
541.0 2476.0 20.0 10.0
1795.0 1589.0 20.0 10.0
389.0 2454.0 20.0 10.0
358.0 2425.0 20.0 10.0
319.0 2405.0 20.0 10.0
2570.0 1834.0 20.0 10.0
2457.0 614.0 20.0 10.0
2450.0 589.0 20.0 10.0
2419.0 626.0 20.0 10.0
2388.0 663.0 20.0 10.0
71.0 2270.0 20.0 10.0
326.0 1945.0 20.0 10.0
341.0 1923.0 20.0 10.0
2637.0 2000.0 20.0 10.0
2607.0 1975.0 20.0 10.0
2419.0 1932.0 20.0 10.0
2394.0 1926.0 20.0 10.0
295.0 2289.0 20.0 10.0
310.0 2324.0 20.0 10.0
2378.0 1979.0 20.0 10.0
2376.0 1958.0 20.0 10.0
2372.0 1938.0 20.0 10.0
26.0 2234.0 20.0 10.0
257.0 2469.0 20.0 10.0
1040.0 1719.0 20.0 10.0
1373.0 1639.0 20.0 10.0
432.0 1834.0 20.0 10.0
263.0 1845.0 20.0 10.0
369.0 1878.0 20.0 10.0
397.0 1883.0 20.0 10.0
429.0 1857.0 20.0 10.0
489.0 1848.0 20.0 10.0
2141.0 876.0 20.0 10.0
55.0 2225.0 20.0 10.0
1679.0 1763.0 20.0 10.0
2116.0 883.0 20.0 10.0
365.0 1902.0 20.0 10.0
866.0 1713.0 20.0 10.0
880.0 1714.0 20.0 10.0
2005.0 511.0 20.0 10.0
2003.0 539.0 20.0 10.0
2000.0 572.0 20.0 10.0
2007.0 608.0 20.0 10.0
1710.0 1712.0 20.0 10.0
2631.0 328.0 20.0 10.0
404.0 2397.0 20.0 10.0
381.0 2404.0 20.0 10.0
326.0 1862.0 20.0 10.0
963.0 2008.0 20.0 10.0
558.0 2482.0 20.0 10.0
1070.0 1923.0 20.0 10.0
1068.0 1911.0 20.0 10.0
1130.0 1821.0 20.0 10.0
444.0 2568.0 20.0 10.0
421.0 2673.0 20.0 10.0
1884.0 1654.0 20.0 10.0
1861.0 1650.0 20.0 10.0
1682.0 1673.0 20.0 10.0
1709.0 1663.0 20.0 10.0
2151.0 1036.0 20.0 10.0
2510.0 465.0 20.0 10.0
1667.0 1629.0 20.0 10.0
1838.0 1646.0 20.0 10.0
1813.0 1643.0 20.0 10.0
1786.0 1645.0 20.0 10.0
2611.0 573.0 20.0 10.0
43.0 2278.0 20.0 10.0
1714.0 1755.0 20.0 10.0
1702.0 1746.0 20.0 10.0
1756.0 1534.0 20.0 10.0
2526.0 1907.0 20.0 10.0
208.0 1873.0 20.0 10.0
240.0 1868.0 20.0 10.0
1482.0 1586.0 20.0 10.0
2062.0 608.0 20.0 10.0
2041.0 628.0 20.0 10.0
2033.0 657.0 20.0 10.0
69.0 2189.0 20.0 10.0
2156.0 958.0 20.0 10.0
2732.0 2079.0 20.0 10.0
2713.0 2061.0 20.0 10.0
2691.0 2042.0 20.0 10.0
2666.0 2022.0 20.0 10.0
177.0 1877.0 20.0 10.0
286.0 2476.0 20.0 10.0
325.0 1958.0 20.0 10.0
2254.0 1759.0 20.0 10.0
2245.0 1751.0 20.0 10.0
2234.0 1742.0 20.0 10.0
294.0 1968.0 20.0 10.0
312.0 1956.0 20.0 10.0
2057.0 1632.0 20.0 10.0
252.0 2425.0 20.0 10.0
103.0 2669.0 20.0 10.0
125.0 2666.0 20.0 10.0
1048.0 1704.0 20.0 10.0
1038.0 1732.0 20.0 10.0
905.0 1726.0 20.0 10.0
1361.0 1696.0 20.0 10.0
282.0 2426.0 20.0 10.0
2726.0 250.0 20.0 10.0
290.0 2238.0 20.0 10.0
289.0 2259.0 20.0 10.0
1998.0 1156.0 20.0 10.0
2736.0 1906.0 20.0 10.0
2719.0 1900.0 20.0 10.0
932.0 2023.0 20.0 10.0
950.0 1999.0 20.0 10.0
968.0 1974.0 20.0 10.0
987.0 1946.0 20.0 10.0
1980.0 1530.0 20.0 10.0
394.0 1908.0 20.0 10.0
2480.0 552.0 20.0 10.0
2046.0 1095.0 20.0 10.0
2019.0 1092.0 20.0 10.0
1783.0 1529.0 20.0 10.0
1779.0 1543.0 20.0 10.0
1778.0 1571.0 20.0 10.0
2535.0 591.0 20.0 10.0
2538.0 561.0 20.0 10.0
1758.0 1648.0 20.0 10.0
2152.0 885.0 20.0 10.0
2157.0 913.0 20.0 10.0
1734.0 1631.0 20.0 10.0
1751.0 1598.0 20.0 10.0
2057.0 691.0 20.0 10.0
2037.0 712.0 20.0 10.0
2507.0 511.0 20.0 10.0
2697.0 1894.0 20.0 10.0
2672.0 1886.0 20.0 10.0
2451.0 1863.0 20.0 10.0
2290.0 768.0 20.0 10.0
58.0 1896.0 20.0 10.0
78.0 1893.0 20.0 10.0
1155.0 1681.0 20.0 10.0
1178.0 1684.0 20.0 10.0
2508.0 551.0 20.0 10.0
2607.0 368.0 20.0 10.0
2598.0 363.0 20.0 10.0
2597.0 376.0 20.0 10.0
2477.0 1805.0 20.0 10.0
2419.0 1794.0 20.0 10.0
2745.0 234.0 20.0 10.0
1709.0 1798.0 20.0 10.0
1703.0 1775.0 20.0 10.0
270.0 2242.0 20.0 10.0
276.0 2263.0 20.0 10.0
2045.0 1690.0 20.0 10.0
49.0 2198.0 20.0 10.0
1987.0 1075.0 20.0 10.0
2007.0 1071.0 20.0 10.0
2723.0 508.0 20.0 10.0
2718.0 534.0 20.0 10.0
2703.0 549.0 20.0 10.0
2684.0 554.0 20.0 10.0
2664.0 558.0 20.0 10.0
2640.0 550.0 20.0 10.0
2613.0 536.0 20.0 10.0
2593.0 552.0 20.0 10.0
414.0 2574.0 20.0 10.0
1332.0 1680.0 20.0 10.0
1001.0 1670.0 20.0 10.0
1941.0 1322.0 20.0 10.0
2360.0 1897.0 20.0 10.0
2351.0 1873.0 20.0 10.0
2337.0 1848.0 20.0 10.0
2325.0 1819.0 20.0 10.0
2312.0 1787.0 20.0 10.0
1504.0 1618.0 20.0 10.0
83.0 2236.0 20.0 10.0
2547.0 537.0 20.0 10.0
900.0 1784.0 20.0 10.0
2793.0 25.0 20.0 10.0
2651.0 2009.0 20.0 10.0
2754.0 192.0 20.0 10.0
1736.0 1527.0 20.0 10.0
1008.0 1682.0 20.0 10.0
2424.0 652.0 20.0 10.0
2762.0 89.0 20.0 10.0
2752.0 110.0 20.0 10.0
2397.0 1885.0 20.0 10.0
2373.0 1881.0 20.0 10.0
2035.0 766.0 20.0 10.0
2027.0 795.0 20.0 10.0
2465.0 1860.0 20.0 10.0
2442.0 1842.0 20.0 10.0
2193.0 876.0 20.0 10.0
309.0 1835.0 20.0 10.0
323.0 1840.0 20.0 10.0
2049.0 801.0 20.0 10.0
387.0 1913.0 20.0 10.0
1244.0 1645.0 20.0 10.0
1255.0 1669.0 20.0 10.0
1269.0 1695.0 20.0 10.0
1299.0 1690.0 20.0 10.0
2117.0 918.0 20.0 10.0
2093.0 930.0 20.0 10.0
1308.0 1637.0 20.0 10.0
1336.0 1632.0 20.0 10.0
434.0 2724.0 20.0 10.0
1875.0 1525.0 20.0 10.0
317.0 2364.0 20.0 10.0
2704.0 232.0 20.0 10.0
2682.0 247.0 20.0 10.0
2662.0 280.0 20.0 10.0
2007.0 628.0 20.0 10.0
2420.0 1888.0 20.0 10.0
1653.0 1622.0 20.0 10.0
1491.0 1596.0 20.0 10.0
952.0 2025.0 20.0 10.0
957.0 2012.0 20.0 10.0
963.0 1995.0 20.0 10.0
852.0 1692.0 20.0 10.0
864.0 1697.0 20.0 10.0
880.0 1705.0 20.0 10.0
876.0 2100.0 20.0 10.0
2567.0 549.0 20.0 10.0
1191.0 1711.0 20.0 10.0
402.0 2607.0 20.0 10.0
383.0 2590.0 20.0 10.0
277.0 1849.0 20.0 10.0
294.0 1854.0 20.0 10.0
1623.0 1644.0 20.0 10.0
2023.0 516.0 20.0 10.0
342.0 2328.0 20.0 10.0
103.0 2263.0 20.0 10.0
128.0 2287.0 20.0 10.0
155.0 2313.0 20.0 10.0
185.0 2339.0 20.0 10.0
880.0 1788.0 20.0 10.0
2057.0 633.0 20.0 10.0
2775.0 2117.0 20.0 10.0
2764.0 2108.0 20.0 10.0
2750.0 2094.0 20.0 10.0
1807.0 1616.0 20.0 10.0
25.0 1902.0 20.0 10.0
2706.0 163.0 20.0 10.0
2704.0 176.0 20.0 10.0
443.0 2720.0 20.0 10.0
373.0 1929.0 20.0 10.0
1988.0 1520.0 20.0 10.0
211.0 2644.0 20.0 10.0
1620.0 1696.0 20.0 10.0
1639.0 1701.0 20.0 10.0
1664.0 1714.0 20.0 10.0
1690.0 1697.0 20.0 10.0
1105.0 1825.0 20.0 10.0
1080.0 1826.0 20.0 10.0
1062.0 1898.0 20.0 10.0
1058.0 1884.0 20.0 10.0
1053.0 1865.0 20.0 10.0
25.0 2277.0 20.0 10.0
294.0 2524.0 20.0 10.0
451.0 1794.0 20.0 10.0
475.0 1796.0 20.0 10.0
498.0 1810.0 20.0 10.0
520.0 1831.0 20.0 10.0
548.0 1837.0 20.0 10.0
608.0 1825.0 20.0 10.0
668.0 1813.0 20.0 10.0
1885.0 1486.0 20.0 10.0
292.0 2324.0 20.0 10.0
366.0 1925.0 20.0 10.0
888.0 2083.0 20.0 10.0
902.0 2064.0 20.0 10.0
917.0 2045.0 20.0 10.0
2780.0 53.0 20.0 10.0
2030.0 850.0 20.0 10.0
1013.0 1907.0 20.0 10.0
1019.0 1896.0 20.0 10.0
1030.0 1876.0 20.0 10.0
260.0 1865.0 20.0 10.0
169.0 2721.0 20.0 10.0
162.0 2696.0 20.0 10.0
156.0 2663.0 20.0 10.0
176.0 2638.0 20.0 10.0
206.0 2615.0 20.0 10.0
237.0 2589.0 20.0 10.0
267.0 2559.0 20.0 10.0
1351.0 1657.0 20.0 10.0
2024.0 488.0 20.0 10.0
2543.0 443.0 20.0 10.0
2542.0 454.0 20.0 10.0
1915.0 1576.0 20.0 10.0
1937.0 1589.0 20.0 10.0
41.0 1899.0 20.0 10.0
1637.0 1645.0 20.0 10.0
2141.0 912.0 20.0 10.0
430.0 2703.0 20.0 10.0
2032.0 907.0 20.0 10.0
2013.0 483.0 20.0 10.0
2056.0 608.0 20.0 10.0
2019.0 942.0 20.0 10.0
1152.0 1691.0 20.0 10.0
2624.0 339.0 20.0 10.0
2614.0 352.0 20.0 10.0
1976.0 1221.0 20.0 10.0
1954.0 1286.0 20.0 10.0
2734.0 546.0 20.0 10.0
2726.0 215.0 20.0 10.0
2762.0 2100.0 20.0 10.0
2703.0 192.0 20.0 10.0
2696.0 214.0 20.0 10.0
2257.0 802.0 20.0 10.0
2226.0 838.0 20.0 10.0
77.0 2208.0 20.0 10.0
447.0 2621.0 20.0 10.0
905.0 1712.0 20.0 10.0
933.0 1720.0 20.0 10.0
961.0 1738.0 20.0 10.0
339.0 2346.0 20.0 10.0
460.0 1781.0 20.0 10.0
489.0 1786.0 20.0 10.0
1959.0 1548.0 20.0 10.0
1662.0 1779.0 20.0 10.0
1037.0 1677.0 20.0 10.0
1018.0 1698.0 20.0 10.0
412.0 2487.0 20.0 10.0
1023.0 1855.0 20.0 10.0
1029.0 1829.0 20.0 10.0
1056.0 1838.0 20.0 10.0
1084.0 1800.0 20.0 10.0
1113.0 1764.0 20.0 10.0
424.0 2694.0 20.0 10.0
893.0 1731.0 20.0 10.0
1979.0 501.0 20.0 10.0
2368.0 1919.0 20.0 10.0
1007.0 1913.0 20.0 10.0
1971.0 1530.0 20.0 10.0
1975.0 1556.0 20.0 10.0
1964.0 1578.0 20.0 10.0
411.0 2407.0 20.0 10.0
399.0 1846.0 20.0 10.0
2178.0 1008.0 20.0 10.0
2156.0 1000.0 20.0 10.0
2128.0 1011.0 20.0 10.0
2099.0 1025.0 20.0 10.0
2127.0 1033.0 20.0 10.0
2468.0 1782.0 20.0 10.0
2450.0 1787.0 20.0 10.0
1615.0 1725.0 20.0 10.0
334.0 1947.0 20.0 10.0
232.0 2537.0 20.0 10.0
263.0 2534.0 20.0 10.0
2025.0 742.0 20.0 10.0
270.0 2354.0 20.0 10.0
254.0 2388.0 20.0 10.0
2084.0 1691.0 20.0 10.0
2071.0 1667.0 20.0 10.0
2046.0 1678.0 20.0 10.0
1221.0 1710.0 20.0 10.0
2470.0 1855.0 20.0 10.0
2471.0 1848.0 20.0 10.0
2080.0 1686.0 20.0 10.0
513.0 2478.0 20.0 10.0
483.0 2479.0 20.0 10.0
2018.0 718.0 20.0 10.0
2215.0 1735.0 20.0 10.0
2193.0 1728.0 20.0 10.0
2186.0 1700.0 20.0 10.0
2040.0 1628.0 20.0 10.0
2421.0 1853.0 20.0 10.0
1144.0 1728.0 20.0 10.0
2089.0 1702.0 20.0 10.0
219.0 2668.0 20.0 10.0
2771.0 70.0 20.0 10.0
857.0 1777.0 20.0 10.0
926.0 1764.0 20.0 10.0
996.0 1750.0 20.0 10.0
1932.0 1352.0 20.0 10.0
1907.0 1419.0 20.0 10.0
2555.0 1831.0 20.0 10.0
2526.0 1818.0 20.0 10.0
2402.0 1971.0 20.0 10.0
2102.0 870.0 20.0 10.0
2129.0 868.0 20.0 10.0
2737.0 144.0 20.0 10.0
2730.0 157.0 20.0 10.0
2716.0 184.0 20.0 10.0
2028.0 1598.0 20.0 10.0
218.0 2364.0 20.0 10.0
469.0 1810.0 20.0 10.0
2027.0 937.0 20.0 10.0
2034.0 966.0 20.0 10.0
2068.0 1028.0 20.0 10.0
2038.0 1025.0 20.0 10.0
1678.0 1732.0 20.0 10.0
