500
3851.0 348.0 20.0 10.0
511.0 607.0 20.0 10.0
4310.0 250.0 20.0 10.0
1847.0 362.0 20.0 10.0
3035.0 379.0 20.0 10.0
3559.0 358.0 20.0 10.0
3491.0 359.0 20.0 10.0
551.0 588.0 20.0 10.0
680.0 362.0 20.0 10.0
59.0 921.0 20.0 10.0
5742.0 31.0 20.0 10.0
820.0 503.0 20.0 10.0
5118.0 210.0 20.0 10.0
1989.0 399.0 20.0 10.0
5911.0 45.0 20.0 10.0
417.0 195.0 20.0 10.0
430.0 222.0 20.0 10.0
458.0 237.0 20.0 10.0
486.0 263.0 20.0 10.0
514.0 289.0 20.0 10.0
354.0 549.0 20.0 10.0
4485.0 320.0 20.0 10.0
5479.0 122.0 20.0 10.0
175.0 593.0 20.0 10.0
3686.0 494.0 20.0 10.0
3700.0 462.0 20.0 10.0
166.0 825.0 20.0 10.0
2681.0 380.0 20.0 10.0
522.0 259.0 20.0 10.0
612.0 336.0 20.0 10.0
551.0 393.0 20.0 10.0
545.0 657.0 20.0 10.0
4493.0 304.0 20.0 10.0
4470.0 321.0 20.0 10.0
3205.0 428.0 20.0 10.0
838.0 478.0 20.0 10.0
3671.0 466.0 20.0 10.0
3756.0 339.0 20.0 10.0
4474.0 282.0 20.0 10.0
4603.0 334.0 20.0 10.0
3919.0 311.0 20.0 10.0
5195.0 167.0 20.0 10.0
5789.0 25.0 20.0 10.0
401.0 166.0 20.0 10.0
406.0 176.0 20.0 10.0
3836.0 372.0 20.0 10.0
5336.0 132.0 20.0 10.0
3623.0 668.0 20.0 10.0
340.0 826.0 20.0 10.0
4325.0 305.0 20.0 10.0
2678.0 404.0 20.0 10.0
2649.0 392.0 20.0 10.0
188.0 617.0 20.0 10.0
1157.0 576.0 20.0 10.0
1158.0 566.0 20.0 10.0
3757.0 378.0 20.0 10.0
1511.0 438.0 20.0 10.0
2780.0 387.0 20.0 10.0
3194.0 339.0 20.0 10.0
612.0 542.0 20.0 10.0
5034.0 182.0 20.0 10.0
624.0 528.0 20.0 10.0
1187.0 428.0 20.0 10.0
5454.0 123.0 20.0 10.0
5425.0 129.0 20.0 10.0
3869.0 290.0 20.0 10.0
3183.0 363.0 20.0 10.0
4629.0 327.0 20.0 10.0
4674.0 335.0 20.0 10.0
320.0 619.0 20.0 10.0
330.0 607.0 20.0 10.0
3660.0 436.0 20.0 10.0
4786.0 242.0 20.0 10.0
5809.0 81.0 20.0 10.0
4231.0 311.0 20.0 10.0
5950.0 43.0 20.0 10.0
5389.0 141.0 20.0 10.0
5280.0 151.0 20.0 10.0
2056.0 389.0 20.0 10.0
5799.0 39.0 20.0 10.0
5787.0 44.0 20.0 10.0
622.0 355.0 20.0 10.0
610.0 379.0 20.0 10.0
1841.0 379.0 20.0 10.0
4499.0 268.0 20.0 10.0
3908.0 281.0 20.0 10.0
1408.0 429.0 20.0 10.0
385.0 147.0 20.0 10.0
394.0 160.0 20.0 10.0
3684.0 395.0 20.0 10.0
4636.0 328.0 20.0 10.0
309.0 840.0 20.0 10.0
273.0 841.0 20.0 10.0
243.0 864.0 20.0 10.0
443.0 519.0 20.0 10.0
468.0 535.0 20.0 10.0
5253.0 155.0 20.0 10.0
644.0 409.0 20.0 10.0
4661.0 331.0 20.0 10.0
4950.0 211.0 20.0 10.0
284.0 591.0 20.0 10.0
312.0 586.0 20.0 10.0
4018.0 378.0 20.0 10.0
1418.0 321.0 20.0 10.0
152.0 600.0 20.0 10.0
555.0 616.0 20.0 10.0
547.0 618.0 20.0 10.0
4782.0 225.0 20.0 10.0
4755.0 237.0 20.0 10.0
4887.0 221.0 20.0 10.0
3888.0 359.0 20.0 10.0
4275.0 310.0 20.0 10.0
3700.0 357.0 20.0 10.0
3676.0 523.0 20.0 10.0
4020.0 354.0 20.0 10.0
2579.0 394.0 20.0 10.0
3676.0 406.0 20.0 10.0
4444.0 309.0 20.0 10.0
2625.0 462.0 20.0 10.0
1869.0 441.0 20.0 10.0
4069.0 394.0 20.0 10.0
373.0 148.0 20.0 10.0
3875.0 245.0 20.0 10.0
3892.0 263.0 20.0 10.0
2064.0 439.0 20.0 10.0
3292.0 368.0 20.0 10.0
312.0 148.0 20.0 10.0
170.0 860.0 20.0 10.0
3213.0 353.0 20.0 10.0
685.0 353.0 20.0 10.0
5824.0 106.0 20.0 10.0
3646.0 661.0 20.0 10.0
3656.0 650.0 20.0 10.0
3657.0 627.0 20.0 10.0
3657.0 602.0 20.0 10.0
1857.0 469.0 20.0 10.0
4029.0 434.0 20.0 10.0
226.0 588.0 20.0 10.0
247.0 574.0 20.0 10.0
272.0 573.0 20.0 10.0
306.0 574.0 20.0 10.0
2711.0 371.0 20.0 10.0
2584.0 361.0 20.0 10.0
683.0 371.0 20.0 10.0
656.0 366.0 20.0 10.0
665.0 391.0 20.0 10.0
196.0 898.0 20.0 10.0
1267.0 424.0 20.0 10.0
1348.0 421.0 20.0 10.0
4630.0 350.0 20.0 10.0
3657.0 701.0 20.0 10.0
153.0 770.0 20.0 10.0
175.0 792.0 20.0 10.0
5369.0 135.0 20.0 10.0
4587.0 318.0 20.0 10.0
4564.0 333.0 20.0 10.0
949.0 447.0 20.0 10.0
1028.0 440.0 20.0 10.0
1429.0 418.0 20.0 10.0
3773.0 357.0 20.0 10.0
4524.0 328.0 20.0 10.0
2081.0 415.0 20.0 10.0
2052.0 416.0 20.0 10.0
4060.0 433.0 20.0 10.0
4054.0 413.0 20.0 10.0
4035.0 426.0 20.0 10.0
4027.0 415.0 20.0 10.0
4402.0 296.0 20.0 10.0
520.0 246.0 20.0 10.0
2715.0 390.0 20.0 10.0
3720.0 337.0 20.0 10.0
135.0 612.0 20.0 10.0
150.0 610.0 20.0 10.0
3895.0 293.0 20.0 10.0
1404.0 347.0 20.0 10.0
1824.0 422.0 20.0 10.0
1443.0 349.0 20.0 10.0
1151.0 432.0 20.0 10.0
5616.0 106.0 20.0 10.0
5598.0 85.0 20.0 10.0
634.0 509.0 20.0 10.0
4341.0 232.0 20.0 10.0
516.0 234.0 20.0 10.0
2219.0 398.0 20.0 10.0
248.0 589.0 20.0 10.0
2605.0 384.0 20.0 10.0
4686.0 248.0 20.0 10.0
417.0 802.0 20.0 10.0
395.0 805.0 20.0 10.0
382.0 226.0 20.0 10.0
5530.0 114.0 20.0 10.0
5721.0 32.0 20.0 10.0
95.0 643.0 20.0 10.0
3878.0 270.0 20.0 10.0
3855.0 219.0 20.0 10.0
3859.0 233.0 20.0 10.0
2013.0 387.0 20.0 10.0
3629.0 357.0 20.0 10.0
464.0 307.0 20.0 10.0
5936.0 54.0 20.0 10.0
2635.0 429.0 20.0 10.0
4198.0 263.0 20.0 10.0
4191.0 274.0 20.0 10.0
215.0 600.0 20.0 10.0
3211.0 406.0 20.0 10.0
838.0 460.0 20.0 10.0
397.0 583.0 20.0 10.0
393.0 569.0 20.0 10.0
5360.0 137.0 20.0 10.0
73.0 648.0 20.0 10.0
89.0 642.0 20.0 10.0
4373.0 211.0 20.0 10.0
5013.0 201.0 20.0 10.0
4580.0 358.0 20.0 10.0
1151.0 458.0 20.0 10.0
5298.0 168.0 20.0 10.0
2095.0 457.0 20.0 10.0
5135.0 179.0 20.0 10.0
349.0 169.0 20.0 10.0
365.0 180.0 20.0 10.0
379.0 199.0 20.0 10.0
5296.0 195.0 20.0 10.0
5708.0 80.0 20.0 10.0
299.0 631.0 20.0 10.0
332.0 159.0 20.0 10.0
2143.0 398.0 20.0 10.0
4662.0 379.0 20.0 10.0
4646.0 373.0 20.0 10.0
5879.0 55.0 20.0 10.0
899.0 423.0 20.0 10.0
426.0 205.0 20.0 10.0
3202.0 383.0 20.0 10.0
3625.0 573.0 20.0 10.0
559.0 384.0 20.0 10.0
373.0 544.0 20.0 10.0
392.0 543.0 20.0 10.0
416.0 534.0 20.0 10.0
441.0 551.0 20.0 10.0
342.0 584.0 20.0 10.0
535.0 598.0 20.0 10.0
5074.0 190.0 20.0 10.0
1174.0 480.0 20.0 10.0
1178.0 457.0 20.0 10.0
207.0 584.0 20.0 10.0
2066.0 398.0 20.0 10.0
4042.0 449.0 20.0 10.0
2578.0 305.0 20.0 10.0
2584.0 316.0 20.0 10.0
3923.0 322.0 20.0 10.0
1159.0 556.0 20.0 10.0
3008.0 337.0 20.0 10.0
4820.0 229.0 20.0 10.0
332.0 861.0 20.0 10.0
371.0 516.0 20.0 10.0
4348.0 212.0 20.0 10.0
3664.0 680.0 20.0 10.0
548.0 640.0 20.0 10.0
706.0 446.0 20.0 10.0
5103.0 187.0 20.0 10.0
503.0 525.0 20.0 10.0
3022.0 357.0 20.0 10.0
2593.0 397.0 20.0 10.0
716.0 469.0 20.0 10.0
4376.0 216.0 20.0 10.0
4115.0 325.0 20.0 10.0
5631.0 102.0 20.0 10.0
4020.0 336.0 20.0 10.0
1479.0 331.0 20.0 10.0
1491.0 347.0 20.0 10.0
2638.0 340.0 20.0 10.0
2619.0 328.0 20.0 10.0
2602.0 323.0 20.0 10.0
5891.0 120.0 20.0 10.0
396.0 140.0 20.0 10.0
5765.0 26.0 20.0 10.0
3704.0 444.0 20.0 10.0
3718.0 427.0 20.0 10.0
4674.0 329.0 20.0 10.0
572.0 364.0 20.0 10.0
595.0 350.0 20.0 10.0
1089.0 411.0 20.0 10.0
1107.0 433.0 20.0 10.0
3849.0 195.0 20.0 10.0
46.0 891.0 20.0 10.0
337.0 566.0 20.0 10.0
370.0 561.0 20.0 10.0
270.0 604.0 20.0 10.0
293.0 602.0 20.0 10.0
724.0 485.0 20.0 10.0
699.0 491.0 20.0 10.0
3424.0 362.0 20.0 10.0
3358.0 365.0 20.0 10.0
1161.0 533.0 20.0 10.0
2586.0 383.0 20.0 10.0
403.0 209.0 20.0 10.0
5865.0 76.0 20.0 10.0
1162.0 521.0 20.0 10.0
1167.0 501.0 20.0 10.0
5902.0 52.0 20.0 10.0
604.0 306.0 20.0 10.0
2653.0 357.0 20.0 10.0
1911.0 400.0 20.0 10.0
5737.0 63.0 20.0 10.0
75.0 897.0 20.0 10.0
106.0 888.0 20.0 10.0
137.0 876.0 20.0 10.0
5658.0 114.0 20.0 10.0
5135.0 162.0 20.0 10.0
525.0 274.0 20.0 10.0
506.0 304.0 20.0 10.0
3637.0 408.0 20.0 10.0
3650.0 406.0 20.0 10.0
3008.0 380.0 20.0 10.0
4604.0 372.0 20.0 10.0
1164.0 413.0 20.0 10.0
1469.0 400.0 20.0 10.0
5851.0 125.0 20.0 10.0
4546.0 270.0 20.0 10.0
274.0 918.0 20.0 10.0
3654.0 681.0 20.0 10.0
2024.0 412.0 20.0 10.0
5768.0 93.0 20.0 10.0
5724.0 97.0 20.0 10.0
5127.0 176.0 20.0 10.0
2085.0 451.0 20.0 10.0
3708.0 396.0 20.0 10.0
4607.0 354.0 20.0 10.0
3994.0 388.0 20.0 10.0
5649.0 78.0 20.0 10.0
4038.0 438.0 20.0 10.0
4678.0 386.0 20.0 10.0
4015.0 401.0 20.0 10.0
343.0 549.0 20.0 10.0
5844.0 64.0 20.0 10.0
356.0 214.0 20.0 10.0
2630.0 398.0 20.0 10.0
5955.0 51.0 20.0 10.0
553.0 578.0 20.0 10.0
5972.0 55.0 20.0 10.0
3746.0 349.0 20.0 10.0
644.0 487.0 20.0 10.0
335.0 207.0 20.0 10.0
3099.0 376.0 20.0 10.0
3163.0 373.0 20.0 10.0
1859.0 453.0 20.0 10.0
1849.0 429.0 20.0 10.0
5370.0 159.0 20.0 10.0
1382.0 424.0 20.0 10.0
2623.0 473.0 20.0 10.0
3742.0 339.0 20.0 10.0
2293.0 399.0 20.0 10.0
4645.0 247.0 20.0 10.0
715.0 508.0 20.0 10.0
5739.0 43.0 20.0 10.0
3228.0 371.0 20.0 10.0
368.0 814.0 20.0 10.0
2509.0 395.0 20.0 10.0
4247.0 312.0 20.0 10.0
4130.0 296.0 20.0 10.0
4122.0 302.0 20.0 10.0
4099.0 302.0 20.0 10.0
891.0 429.0 20.0 10.0
193.0 613.0 20.0 10.0
219.0 614.0 20.0 10.0
407.0 239.0 20.0 10.0
1492.0 412.0 20.0 10.0
502.0 622.0 20.0 10.0
2586.0 339.0 20.0 10.0
3662.0 308.0 20.0 10.0
3675.0 312.0 20.0 10.0
3689.0 318.0 20.0 10.0
5876.0 115.0 20.0 10.0
5868.0 89.0 20.0 10.0
2572.0 296.0 20.0 10.0
4214.0 322.0 20.0 10.0
3148.0 420.0 20.0 10.0
5036.0 219.0 20.0 10.0
793.0 461.0 20.0 10.0
4249.0 293.0 20.0 10.0
3851.0 205.0 20.0 10.0
3713.0 327.0 20.0 10.0
680.0 439.0 20.0 10.0
93.0 636.0 20.0 10.0
5713.0 52.0 20.0 10.0
547.0 625.0 20.0 10.0
2909.0 383.0 20.0 10.0
3915.0 355.0 20.0 10.0
3657.0 687.0 20.0 10.0
818.0 480.0 20.0 10.0
792.0 481.0 20.0 10.0
807.0 455.0 20.0 10.0
543.0 296.0 20.0 10.0
3167.0 416.0 20.0 10.0
2972.0 381.0 20.0 10.0
435.0 543.0 20.0 10.0
58.0 650.0 20.0 10.0
81.0 643.0 20.0 10.0
539.0 560.0 20.0 10.0
551.0 532.0 20.0 10.0
572.0 507.0 20.0 10.0
2844.0 385.0 20.0 10.0
4349.0 228.0 20.0 10.0
4320.0 232.0 20.0 10.0
25.0 661.0 20.0 10.0
39.0 657.0 20.0 10.0
5988.0 29.0 20.0 10.0
2610.0 414.0 20.0 10.0
3828.0 333.0 20.0 10.0
4614.0 380.0 20.0 10.0
1424.0 331.0 20.0 10.0
5269.0 176.0 20.0 10.0
5995.0 39.0 20.0 10.0
5976.0 37.0 20.0 10.0
5507.0 114.0 20.0 10.0
1853.0 354.0 20.0 10.0
5581.0 107.0 20.0 10.0
5136.0 194.0 20.0 10.0
3658.0 589.0 20.0 10.0
5841.0 82.0 20.0 10.0
4283.0 255.0 20.0 10.0
4255.0 265.0 20.0 10.0
4227.0 278.0 20.0 10.0
4616.0 258.0 20.0 10.0
475.0 309.0 20.0 10.0
1672.0 409.0 20.0 10.0
201.0 606.0 20.0 10.0
618.0 536.0 20.0 10.0
2626.0 450.0 20.0 10.0
2617.0 432.0 20.0 10.0
883.0 437.0 20.0 10.0
872.0 454.0 20.0 10.0
4915.0 214.0 20.0 10.0
1667.0 383.0 20.0 10.0
1868.0 380.0 20.0 10.0
837.0 504.0 20.0 10.0
5679.0 96.0 20.0 10.0
191.0 751.0 20.0 10.0
206.0 777.0 20.0 10.0
5768.0 61.0 20.0 10.0
1453.0 375.0 20.0 10.0
262.0 809.0 20.0 10.0
3984.0 292.0 20.0 10.0
3803.0 342.0 20.0 10.0
1160.0 544.0 20.0 10.0
476.0 250.0 20.0 10.0
5906.0 125.0 20.0 10.0
3923.0 367.0 20.0 10.0
487.0 312.0 20.0 10.0
205.0 869.0 20.0 10.0
1825.0 442.0 20.0 10.0
4597.0 373.0 20.0 10.0
1511.0 415.0 20.0 10.0
530.0 295.0 20.0 10.0
545.0 319.0 20.0 10.0
576.0 348.0 20.0 10.0
25.0 910.0 20.0 10.0
3903.0 372.0 20.0 10.0
5959.0 42.0 20.0 10.0
1499.0 361.0 20.0 10.0
1499.0 385.0 20.0 10.0
2366.0 398.0 20.0 10.0
2438.0 396.0 20.0 10.0
5841.0 117.0 20.0 10.0
3155.0 402.0 20.0 10.0
3185.0 404.0 20.0 10.0
1426.0 380.0 20.0 10.0
3699.0 349.0 20.0 10.0
174.0 628.0 20.0 10.0
250.0 595.0 20.0 10.0
1453.0 315.0 20.0 10.0
1470.0 330.0 20.0 10.0
1751.0 406.0 20.0 10.0
1831.0 402.0 20.0 10.0
4004.0 307.0 20.0 10.0
4009.0 330.0 20.0 10.0
603.0 318.0 20.0 10.0
118.0 636.0 20.0 10.0
158.0 625.0 20.0 10.0
4199.0 299.0 20.0 10.0
4169.0 318.0 20.0 10.0
3866.0 249.0 20.0 10.0
4354.0 309.0 20.0 10.0
2245.0 393.0 20.0 10.0
3654.0 571.0 20.0 10.0
3665.0 550.0 20.0 10.0
238.0 785.0 20.0 10.0
2648.0 378.0 20.0 10.0
1590.0 389.0 20.0 10.0
1591.0 412.0 20.0 10.0
257.0 893.0 20.0 10.0
3714.0 404.0 20.0 10.0
3741.0 391.0 20.0 10.0
5912.0 60.0 20.0 10.0
5108.0 160.0 20.0 10.0
720.0 516.0 20.0 10.0
4089.0 324.0 20.0 10.0
5311.0 145.0 20.0 10.0
3688.0 438.0 20.0 10.0
129.0 600.0 20.0 10.0
3931.0 339.0 20.0 10.0
