500
704.0 1980.0 20.0 10.0
699.0 2002.0 20.0 10.0
694.0 2026.0 20.0 10.0
679.0 2045.0 20.0 10.0
1444.0 1353.0 20.0 10.0
1517.0 1307.0 20.0 10.0
1706.0 1157.0 20.0 10.0
538.0 2139.0 20.0 10.0
556.0 2124.0 20.0 10.0
575.0 2102.0 20.0 10.0
761.0 2697.0 20.0 10.0
926.0 1994.0 20.0 10.0
98.0 2458.0 20.0 10.0
2873.0 84.0 20.0 10.0
2862.0 93.0 20.0 10.0
773.0 1039.0 20.0 10.0
779.0 2233.0 20.0 10.0
1770.0 1300.0 20.0 10.0
779.0 2703.0 20.0 10.0
778.0 2671.0 20.0 10.0
1435.0 1418.0 20.0 10.0
792.0 2505.0 20.0 10.0
1737.0 1306.0 20.0 10.0
2874.0 468.0 20.0 10.0
2849.0 467.0 20.0 10.0
2827.0 464.0 20.0 10.0
2803.0 454.0 20.0 10.0
2780.0 437.0 20.0 10.0
904.0 1975.0 20.0 10.0
2751.0 462.0 20.0 10.0
1258.0 1520.0 20.0 10.0
2811.0 403.0 20.0 10.0
2739.0 924.0 20.0 10.0
1119.0 1636.0 20.0 10.0
2483.0 599.0 20.0 10.0
1345.0 1475.0 20.0 10.0
2852.0 182.0 20.0 10.0
2811.0 206.0 20.0 10.0
2792.0 223.0 20.0 10.0
2768.0 243.0 20.0 10.0
2565.0 802.0 20.0 10.0
1027.0 2060.0 20.0 10.0
1014.0 2052.0 20.0 10.0
246.0 2475.0 20.0 10.0
261.0 2463.0 20.0 10.0
288.0 2447.0 20.0 10.0
1769.0 1080.0 20.0 10.0
1769.0 1093.0 20.0 10.0
228.0 2342.0 20.0 10.0
784.0 2473.0 20.0 10.0
600.0 2138.0 20.0 10.0
616.0 2122.0 20.0 10.0
1023.0 1210.0 20.0 10.0
1037.0 1233.0 20.0 10.0
876.0 1964.0 20.0 10.0
848.0 1953.0 20.0 10.0
517.0 1937.0 20.0 10.0
2770.0 862.0 20.0 10.0
2768.0 437.0 20.0 10.0
2751.0 432.0 20.0 10.0
2713.0 442.0 20.0 10.0
2684.0 268.0 20.0 10.0
2688.0 292.0 20.0 10.0
639.0 2127.0 20.0 10.0
2404.0 735.0 20.0 10.0
286.0 2464.0 20.0 10.0
1043.0 1213.0 20.0 10.0
2853.0 385.0 20.0 10.0
2783.0 412.0 20.0 10.0
754.0 2523.0 20.0 10.0
770.0 2496.0 20.0 10.0
772.0 2444.0 20.0 10.0
2675.0 365.0 20.0 10.0
2644.0 417.0 20.0 10.0
1463.0 1411.0 20.0 10.0
1966.0 1026.0 20.0 10.0
2112.0 860.0 20.0 10.0
2122.0 878.0 20.0 10.0
252.0 2351.0 20.0 10.0
2598.0 386.0 20.0 10.0
1113.0 1262.0 20.0 10.0
2855.0 839.0 20.0 10.0
1516.0 1268.0 20.0 10.0
1709.0 1183.0 20.0 10.0
1663.0 1215.0 20.0 10.0
2872.0 872.0 20.0 10.0
2857.0 859.0 20.0 10.0
2830.0 840.0 20.0 10.0
2796.0 826.0 20.0 10.0
2772.0 808.0 20.0 10.0
779.0 2633.0 20.0 10.0
2435.0 738.0 20.0 10.0
2417.0 731.0 20.0 10.0
235.0 2377.0 20.0 10.0
73.0 2473.0 20.0 10.0
2730.0 265.0 20.0 10.0
2714.0 286.0 20.0 10.0
2706.0 314.0 20.0 10.0
1622.0 1295.0 20.0 10.0
1919.0 1056.0 20.0 10.0
1244.0 1356.0 20.0 10.0
1221.0 1372.0 20.0 10.0
1258.0 1411.0 20.0 10.0
2438.0 766.0 20.0 10.0
372.0 1898.0 20.0 10.0
2741.0 323.0 20.0 10.0
2724.0 328.0 20.0 10.0
2695.0 339.0 20.0 10.0
2837.0 179.0 20.0 10.0
204.0 2387.0 20.0 10.0
1073.0 1202.0 20.0 10.0
1065.0 1229.0 20.0 10.0
350.0 2306.0 20.0 10.0
402.0 2284.0 20.0 10.0
455.0 2240.0 20.0 10.0
509.0 2193.0 20.0 10.0
564.0 2145.0 20.0 10.0
2814.0 429.0 20.0 10.0
2552.0 383.0 20.0 10.0
2564.0 389.0 20.0 10.0
2584.0 412.0 20.0 10.0
470.0 1970.0 20.0 10.0
491.0 1959.0 20.0 10.0
985.0 2028.0 20.0 10.0
968.0 2016.0 20.0 10.0
951.0 2005.0 20.0 10.0
2154.0 836.0 20.0 10.0
1907.0 1166.0 20.0 10.0
1889.0 1165.0 20.0 10.0
419.0 2152.0 20.0 10.0
444.0 2146.0 20.0 10.0
468.0 2130.0 20.0 10.0
497.0 2115.0 20.0 10.0
534.0 2107.0 20.0 10.0
406.0 2154.0 20.0 10.0
2832.0 478.0 20.0 10.0
2820.0 471.0 20.0 10.0
454.0 1920.0 20.0 10.0
468.0 1941.0 20.0 10.0
2071.0 921.0 20.0 10.0
1409.0 1370.0 20.0 10.0
2454.0 791.0 20.0 10.0
213.0 2558.0 20.0 10.0
231.0 2529.0 20.0 10.0
2755.0 814.0 20.0 10.0
2891.0 64.0 20.0 10.0
2674.0 451.0 20.0 10.0
2631.0 455.0 20.0 10.0
2602.0 487.0 20.0 10.0
294.0 1894.0 20.0 10.0
1551.0 1264.0 20.0 10.0
1577.0 1267.0 20.0 10.0
2583.0 535.0 20.0 10.0
2573.0 517.0 20.0 10.0
2534.0 570.0 20.0 10.0
2495.0 623.0 20.0 10.0
2457.0 676.0 20.0 10.0
268.0 2457.0 20.0 10.0
1756.0 1152.0 20.0 10.0
1741.0 1274.0 20.0 10.0
1736.0 1250.0 20.0 10.0
1707.0 1251.0 20.0 10.0
1688.0 1228.0 20.0 10.0
2783.0 970.0 20.0 10.0
2770.0 960.0 20.0 10.0
2757.0 947.0 20.0 10.0
2741.0 933.0 20.0 10.0
2719.0 917.0 20.0 10.0
2710.0 897.0 20.0 10.0
1779.0 1282.0 20.0 10.0
1767.0 1280.0 20.0 10.0
2875.0 77.0 20.0 10.0
24.0 2497.0 20.0 10.0
48.0 2489.0 20.0 10.0
2828.0 191.0 20.0 10.0
2867.0 821.0 20.0 10.0
190.0 2592.0 20.0 10.0
198.0 2580.0 20.0 10.0
269.0 1869.0 20.0 10.0
2447.0 858.0 20.0 10.0
2619.0 357.0 20.0 10.0
2612.0 378.0 20.0 10.0
2615.0 415.0 20.0 10.0
273.0 2324.0 20.0 10.0
222.0 2365.0 20.0 10.0
780.0 2358.0 20.0 10.0
1869.0 1162.0 20.0 10.0
1587.0 1325.0 20.0 10.0
1606.0 1306.0 20.0 10.0
2774.0 856.0 20.0 10.0
2748.0 855.0 20.0 10.0
2738.0 825.0 20.0 10.0
2712.0 806.0 20.0 10.0
2667.0 799.0 20.0 10.0
241.0 2538.0 20.0 10.0
374.0 2127.0 20.0 10.0
397.0 2145.0 20.0 10.0
1895.0 1066.0 20.0 10.0
1174.0 1328.0 20.0 10.0
1190.0 1352.0 20.0 10.0
1102.0 1264.0 20.0 10.0
1903.0 1116.0 20.0 10.0
1705.0 1144.0 20.0 10.0
331.0 2432.0 20.0 10.0
843.0 1034.0 20.0 10.0
849.0 1046.0 20.0 10.0
858.0 1060.0 20.0 10.0
2754.0 846.0 20.0 10.0
2547.0 342.0 20.0 10.0
2557.0 354.0 20.0 10.0
602.0 2191.0 20.0 10.0
624.0 2175.0 20.0 10.0
633.0 2159.0 20.0 10.0
1987.0 1046.0 20.0 10.0
916.0 1947.0 20.0 10.0
194.0 2408.0 20.0 10.0
517.0 1899.0 20.0 10.0
1564.0 1244.0 20.0 10.0
789.0 1046.0 20.0 10.0
808.0 1053.0 20.0 10.0
829.0 1064.0 20.0 10.0
854.0 1082.0 20.0 10.0
1563.0 1336.0 20.0 10.0
1394.0 1420.0 20.0 10.0
2356.0 770.0 20.0 10.0
1019.0 2062.0 20.0 10.0
1586.0 1387.0 20.0 10.0
1591.0 1370.0 20.0 10.0
1597.0 1352.0 20.0 10.0
1603.0 1333.0 20.0 10.0
317.0 1878.0 20.0 10.0
2611.0 537.0 20.0 10.0
1152.0 1334.0 20.0 10.0
1167.0 1356.0 20.0 10.0
2738.0 268.0 20.0 10.0
2542.0 799.0 20.0 10.0
2547.0 770.0 20.0 10.0
268.0 1894.0 20.0 10.0
619.0 2095.0 20.0 10.0
111.0 2432.0 20.0 10.0
140.0 2411.0 20.0 10.0
173.0 2390.0 20.0 10.0
208.0 2368.0 20.0 10.0
1593.0 1249.0 20.0 10.0
1606.0 1276.0 20.0 10.0
1590.0 1260.0 20.0 10.0
869.0 1076.0 20.0 10.0
889.0 1095.0 20.0 10.0
1530.0 1266.0 20.0 10.0
1546.0 1419.0 20.0 10.0
1567.0 1404.0 20.0 10.0
2793.0 980.0 20.0 10.0
2839.0 25.0 20.0 10.0
2836.0 48.0 20.0 10.0
2899.0 878.0 20.0 10.0
2882.0 871.0 20.0 10.0
2462.0 844.0 20.0 10.0
2440.0 832.0 20.0 10.0
2432.0 809.0 20.0 10.0
782.0 2722.0 20.0 10.0
328.0 1879.0 20.0 10.0
343.0 1896.0 20.0 10.0
528.0 1910.0 20.0 10.0
324.0 2454.0 20.0 10.0
326.0 2490.0 20.0 10.0
283.0 1860.0 20.0 10.0
324.0 2470.0 20.0 10.0
802.0 2208.0 20.0 10.0
459.0 1915.0 20.0 10.0
1794.0 1095.0 20.0 10.0
1777.0 1116.0 20.0 10.0
341.0 2376.0 20.0 10.0
371.0 2330.0 20.0 10.0
178.0 2373.0 20.0 10.0
2904.0 853.0 20.0 10.0
2877.0 855.0 20.0 10.0
1919.0 1171.0 20.0 10.0
930.0 1968.0 20.0 10.0
1335.0 1454.0 20.0 10.0
1308.0 1459.0 20.0 10.0
1121.0 1281.0 20.0 10.0
1142.0 1298.0 20.0 10.0
1182.0 1334.0 20.0 10.0
2832.0 67.0 20.0 10.0
2827.0 87.0 20.0 10.0
235.0 2573.0 20.0 10.0
238.0 2548.0 20.0 10.0
243.0 2525.0 20.0 10.0
533.0 2078.0 20.0 10.0
555.0 2081.0 20.0 10.0
2407.0 709.0 20.0 10.0
2043.0 975.0 20.0 10.0
2580.0 801.0 20.0 10.0
972.0 1154.0 20.0 10.0
2153.0 884.0 20.0 10.0
2147.0 912.0 20.0 10.0
2120.0 908.0 20.0 10.0
2765.0 458.0 20.0 10.0
1458.0 1421.0 20.0 10.0
780.0 2413.0 20.0 10.0
180.0 2619.0 20.0 10.0
186.0 2597.0 20.0 10.0
1834.0 1073.0 20.0 10.0
743.0 2717.0 20.0 10.0
428.0 1849.0 20.0 10.0
437.0 1860.0 20.0 10.0
451.0 1873.0 20.0 10.0
1409.0 1415.0 20.0 10.0
1393.0 1392.0 20.0 10.0
2521.0 759.0 20.0 10.0
2470.0 743.0 20.0 10.0
772.0 2545.0 20.0 10.0
2557.0 361.0 20.0 10.0
2580.0 366.0 20.0 10.0
1765.0 1121.0 20.0 10.0
752.0 2569.0 20.0 10.0
1920.0 1163.0 20.0 10.0
1894.0 1058.0 20.0 10.0
1869.0 1067.0 20.0 10.0
295.0 1870.0 20.0 10.0
2717.0 327.0 20.0 10.0
771.0 2206.0 20.0 10.0
1844.0 1160.0 20.0 10.0
1814.0 1159.0 20.0 10.0
1783.0 1146.0 20.0 10.0
368.0 1922.0 20.0 10.0
404.0 1937.0 20.0 10.0
445.0 1950.0 20.0 10.0
2413.0 780.0 20.0 10.0
978.0 1943.0 20.0 10.0
962.0 1938.0 20.0 10.0
943.0 1943.0 20.0 10.0
2891.0 416.0 20.0 10.0
2485.0 850.0 20.0 10.0
2821.0 196.0 20.0 10.0
2618.0 428.0 20.0 10.0
1721.0 1296.0 20.0 10.0
1979.0 1016.0 20.0 10.0
1938.0 1040.0 20.0 10.0
582.0 2148.0 20.0 10.0
775.0 2388.0 20.0 10.0
775.0 2330.0 20.0 10.0
774.0 2269.0 20.0 10.0
600.0 1963.0 20.0 10.0
605.0 1975.0 20.0 10.0
710.0 2067.0 20.0 10.0
693.0 2065.0 20.0 10.0
749.0 2755.0 20.0 10.0
763.0 2730.0 20.0 10.0
2855.0 419.0 20.0 10.0
2839.0 395.0 20.0 10.0
515.0 2142.0 20.0 10.0
530.0 2139.0 20.0 10.0
2602.0 448.0 20.0 10.0
2608.0 468.0 20.0 10.0
1889.0 1096.0 20.0 10.0
1000.0 2040.0 20.0 10.0
780.0 2609.0 20.0 10.0
2018.0 1045.0 20.0 10.0
2006.0 1045.0 20.0 10.0
759.0 1033.0 20.0 10.0
2646.0 427.0 20.0 10.0
2042.0 930.0 20.0 10.0
2066.0 945.0 20.0 10.0
2068.0 974.0 20.0 10.0
776.0 2590.0 20.0 10.0
2909.0 871.0 20.0 10.0
1985.0 990.0 20.0 10.0
1977.0 1001.0 20.0 10.0
2922.0 379.0 20.0 10.0
2895.0 385.0 20.0 10.0
355.0 2420.0 20.0 10.0
331.0 2403.0 20.0 10.0
477.0 1887.0 20.0 10.0
496.0 1909.0 20.0 10.0
919.0 1140.0 20.0 10.0
2554.0 261.0 20.0 10.0
2563.0 283.0 20.0 10.0
2569.0 302.0 20.0 10.0
2584.0 323.0 20.0 10.0
1836.0 1064.0 20.0 10.0
1847.0 1089.0 20.0 10.0
1803.0 1120.0 20.0 10.0
1762.0 1290.0 20.0 10.0
1896.0 1123.0 20.0 10.0
2234.0 853.0 20.0 10.0
2172.0 895.0 20.0 10.0
2109.0 935.0 20.0 10.0
541.0 2171.0 20.0 10.0
2856.0 102.0 20.0 10.0
2846.0 113.0 20.0 10.0
2750.0 931.0 20.0 10.0
457.0 1877.0 20.0 10.0
925.0 1135.0 20.0 10.0
936.0 1157.0 20.0 10.0
963.0 1153.0 20.0 10.0
2295.0 811.0 20.0 10.0
2781.0 302.0 20.0 10.0
2761.0 309.0 20.0 10.0
2746.0 317.0 20.0 10.0
2567.0 402.0 20.0 10.0
631.0 2143.0 20.0 10.0
1175.0 1375.0 20.0 10.0
2690.0 872.0 20.0 10.0
2666.0 850.0 20.0 10.0
260.0 2502.0 20.0 10.0
2823.0 109.0 20.0 10.0
2816.0 133.0 20.0 10.0
66.0 2478.0 20.0 10.0
86.0 2453.0 20.0 10.0
1178.0 1573.0 20.0 10.0
790.0 1009.0 20.0 10.0
2876.0 375.0 20.0 10.0
1878.0 1043.0 20.0 10.0
1856.0 1060.0 20.0 10.0
209.0 2571.0 20.0 10.0
215.0 2550.0 20.0 10.0
604.0 2008.0 20.0 10.0
631.0 2018.0 20.0 10.0
720.0 1942.0 20.0 10.0
715.0 1953.0 20.0 10.0
709.0 1966.0 20.0 10.0
923.0 1115.0 20.0 10.0
958.0 1138.0 20.0 10.0
991.0 1167.0 20.0 10.0
1028.0 1197.0 20.0 10.0
1319.0 1468.0 20.0 10.0
2780.0 464.0 20.0 10.0
796.0 2198.0 20.0 10.0
789.0 2185.0 20.0 10.0
781.0 2168.0 20.0 10.0
768.0 2143.0 20.0 10.0
763.0 2078.0 20.0 10.0
755.0 2013.0 20.0 10.0
817.0 1949.0 20.0 10.0
876.0 1883.0 20.0 10.0
937.0 1820.0 20.0 10.0
999.0 1759.0 20.0 10.0
1059.0 1697.0 20.0 10.0
357.0 2442.0 20.0 10.0
653.0 2039.0 20.0 10.0
2741.0 281.0 20.0 10.0
2868.0 397.0 20.0 10.0
2643.0 823.0 20.0 10.0
2620.0 793.0 20.0 10.0
2571.0 775.0 20.0 10.0
375.0 1892.0 20.0 10.0
1504.0 1271.0 20.0 10.0
286.0 2436.0 20.0 10.0
311.0 2421.0 20.0 10.0
519.0 2149.0 20.0 10.0
1049.0 1193.0 20.0 10.0
385.0 2164.0 20.0 10.0
536.0 1971.0 20.0 10.0
583.0 1995.0 20.0 10.0
1482.0 1422.0 20.0 10.0
301.0 2327.0 20.0 10.0
2159.0 841.0 20.0 10.0
2132.0 851.0 20.0 10.0
2731.0 240.0 20.0 10.0
2574.0 259.0 20.0 10.0
222.0 2495.0 20.0 10.0
233.0 2487.0 20.0 10.0
1237.0 1510.0 20.0 10.0
1296.0 1447.0 20.0 10.0
1370.0 1400.0 20.0 10.0
202.0 2348.0 20.0 10.0
223.0 2346.0 20.0 10.0
629.0 1987.0 20.0 10.0
326.0 1897.0 20.0 10.0
342.0 1914.0 20.0 10.0
2604.0 345.0 20.0 10.0
386.0 1916.0 20.0 10.0
2647.0 398.0 20.0 10.0
2727.0 292.0 20.0 10.0
757.0 2471.0 20.0 10.0
193.0 2561.0 20.0 10.0
788.0 2491.0 20.0 10.0
2829.0 135.0 20.0 10.0
2807.0 159.0 20.0 10.0
2787.0 192.0 20.0 10.0
2763.0 228.0 20.0 10.0
906.0 1134.0 20.0 10.0
318.0 1896.0 20.0 10.0
781.0 2371.0 20.0 10.0
2813.0 851.0 20.0 10.0
2695.0 890.0 20.0 10.0
2136.0 837.0 20.0 10.0
1036.0 2069.0 20.0 10.0
832.0 1925.0 20.0 10.0
1729.0 1175.0 20.0 10.0
1793.0 1136.0 20.0 10.0
1857.0 1095.0 20.0 10.0
788.0 1023.0 20.0 10.0
799.0 1030.0 20.0 10.0
813.0 1045.0 20.0 10.0
1228.0 1309.0 20.0 10.0
1226.0 1321.0 20.0 10.0
1215.0 1346.0 20.0 10.0
994.0 1965.0 20.0 10.0
