500
449.0 526.0 20.0 10.0
360.0 1129.0 20.0 10.0
3445.0 107.0 20.0 10.0
756.0 386.0 20.0 10.0
758.0 407.0 20.0 10.0
1556.0 355.0 20.0 10.0
3353.0 255.0 20.0 10.0
3370.0 271.0 20.0 10.0
3932.0 424.0 20.0 10.0
2478.0 465.0 20.0 10.0
1402.0 354.0 20.0 10.0
1392.0 381.0 20.0 10.0
4232.0 805.0 20.0 10.0
4217.0 791.0 20.0 10.0
4189.0 774.0 20.0 10.0
373.0 518.0 20.0 10.0
936.0 460.0 20.0 10.0
2156.0 401.0 20.0 10.0
3640.0 25.0 20.0 10.0
3638.0 49.0 20.0 10.0
4114.0 605.0 20.0 10.0
449.0 1068.0 20.0 10.0
449.0 1097.0 20.0 10.0
1891.0 784.0 20.0 10.0
1898.0 774.0 20.0 10.0
1063.0 445.0 20.0 10.0
1020.0 453.0 20.0 10.0
977.0 457.0 20.0 10.0
1104.0 336.0 20.0 10.0
431.0 1117.0 20.0 10.0
722.0 471.0 20.0 10.0
737.0 455.0 20.0 10.0
702.0 452.0 20.0 10.0
1889.0 877.0 20.0 10.0
885.0 232.0 20.0 10.0
2735.0 432.0 20.0 10.0
2651.0 425.0 20.0 10.0
2567.0 419.0 20.0 10.0
1100.0 288.0 20.0 10.0
1101.0 325.0 20.0 10.0
248.0 575.0 20.0 10.0
29.0 611.0 20.0 10.0
211.0 1079.0 20.0 10.0
937.0 326.0 20.0 10.0
954.0 344.0 20.0 10.0
967.0 382.0 20.0 10.0
1036.0 373.0 20.0 10.0
1105.0 364.0 20.0 10.0
3653.0 157.0 20.0 10.0
3994.0 705.0 20.0 10.0
3972.0 689.0 20.0 10.0
3948.0 654.0 20.0 10.0
3884.0 626.0 20.0 10.0
3326.0 246.0 20.0 10.0
179.0 668.0 20.0 10.0
216.0 647.0 20.0 10.0
162.0 597.0 20.0 10.0
3518.0 522.0 20.0 10.0
2075.0 398.0 20.0 10.0
1996.0 394.0 20.0 10.0
756.0 490.0 20.0 10.0
761.0 479.0 20.0 10.0
75.0 1010.0 20.0 10.0
105.0 1009.0 20.0 10.0
125.0 697.0 20.0 10.0
154.0 679.0 20.0 10.0
3244.0 474.0 20.0 10.0
3158.0 467.0 20.0 10.0
3073.0 460.0 20.0 10.0
2001.0 503.0 20.0 10.0
2018.0 475.0 20.0 10.0
2036.0 446.0 20.0 10.0
511.0 1068.0 20.0 10.0
907.0 273.0 20.0 10.0
916.0 292.0 20.0 10.0
4049.0 786.0 20.0 10.0
2361.0 352.0 20.0 10.0
2357.0 368.0 20.0 10.0
3673.0 38.0 20.0 10.0
3665.0 50.0 20.0 10.0
3634.0 67.0 20.0 10.0
3629.0 85.0 20.0 10.0
3620.0 106.0 20.0 10.0
3616.0 137.0 20.0 10.0
3794.0 491.0 20.0 10.0
1143.0 134.0 20.0 10.0
1140.0 148.0 20.0 10.0
4021.0 599.0 20.0 10.0
690.0 422.0 20.0 10.0
534.0 1267.0 20.0 10.0
513.0 1252.0 20.0 10.0
1140.0 230.0 20.0 10.0
1122.0 240.0 20.0 10.0
99.0 712.0 20.0 10.0
2485.0 439.0 20.0 10.0
1878.0 661.0 20.0 10.0
1897.0 914.0 20.0 10.0
4080.0 822.0 20.0 10.0
4073.0 802.0 20.0 10.0
1948.0 766.0 20.0 10.0
2212.0 388.0 20.0 10.0
2236.0 403.0 20.0 10.0
1905.0 758.0 20.0 10.0
510.0 507.0 20.0 10.0
573.0 489.0 20.0 10.0
1128.0 318.0 20.0 10.0
3857.0 630.0 20.0 10.0
3537.0 289.0 20.0 10.0
3514.0 328.0 20.0 10.0
3486.0 365.0 20.0 10.0
3332.0 234.0 20.0 10.0
3339.0 260.0 20.0 10.0
3904.0 639.0 20.0 10.0
3881.0 635.0 20.0 10.0
2384.0 338.0 20.0 10.0
667.0 424.0 20.0 10.0
1945.0 628.0 20.0 10.0
31.0 971.0 20.0 10.0
4085.0 718.0 20.0 10.0
4066.0 712.0 20.0 10.0
3810.0 470.0 20.0 10.0
2292.0 389.0 20.0 10.0
2317.0 405.0 20.0 10.0
1919.0 391.0 20.0 10.0
1843.0 389.0 20.0 10.0
1250.0 419.0 20.0 10.0
930.0 319.0 20.0 10.0
3808.0 605.0 20.0 10.0
3814.0 460.0 20.0 10.0
4051.0 594.0 20.0 10.0
111.0 676.0 20.0 10.0
143.0 684.0 20.0 10.0
1166.0 449.0 20.0 10.0
1180.0 473.0 20.0 10.0
1152.0 468.0 20.0 10.0
1966.0 562.0 20.0 10.0
820.0 362.0 20.0 10.0
3605.0 263.0 20.0 10.0
815.0 311.0 20.0 10.0
3315.0 228.0 20.0 10.0
3325.0 236.0 20.0 10.0
51.0 982.0 20.0 10.0
79.0 993.0 20.0 10.0
3859.0 468.0 20.0 10.0
3842.0 492.0 20.0 10.0
1079.0 128.0 20.0 10.0
1082.0 149.0 20.0 10.0
1085.0 165.0 20.0 10.0
1107.0 180.0 20.0 10.0
2444.0 498.0 20.0 10.0
4114.0 586.0 20.0 10.0
4092.0 591.0 20.0 10.0
384.0 518.0 20.0 10.0
3774.0 532.0 20.0 10.0
4105.0 696.0 20.0 10.0
4083.0 681.0 20.0 10.0
3389.0 338.0 20.0 10.0
4211.0 784.0 20.0 10.0
3381.0 153.0 20.0 10.0
520.0 1307.0 20.0 10.0
719.0 479.0 20.0 10.0
205.0 591.0 20.0 10.0
227.0 570.0 20.0 10.0
276.0 563.0 20.0 10.0
973.0 322.0 20.0 10.0
822.0 390.0 20.0 10.0
833.0 416.0 20.0 10.0
3625.0 160.0 20.0 10.0
3381.0 345.0 20.0 10.0
3707.0 621.0 20.0 10.0
1924.0 706.0 20.0 10.0
824.0 311.0 20.0 10.0
819.0 322.0 20.0 10.0
820.0 338.0 20.0 10.0
1940.0 884.0 20.0 10.0
483.0 1245.0 20.0 10.0
894.0 250.0 20.0 10.0
904.0 265.0 20.0 10.0
712.0 433.0 20.0 10.0
257.0 1081.0 20.0 10.0
279.0 1095.0 20.0 10.0
317.0 1116.0 20.0 10.0
615.0 452.0 20.0 10.0
3426.0 457.0 20.0 10.0
548.0 473.0 20.0 10.0
187.0 539.0 20.0 10.0
2858.0 389.0 20.0 10.0
2864.0 415.0 20.0 10.0
2876.0 439.0 20.0 10.0
3745.0 541.0 20.0 10.0
3715.0 550.0 20.0 10.0
1083.0 172.0 20.0 10.0
4041.0 662.0 20.0 10.0
3910.0 442.0 20.0 10.0
3896.0 452.0 20.0 10.0
3878.0 460.0 20.0 10.0
3598.0 129.0 20.0 10.0
3599.0 143.0 20.0 10.0
3580.0 162.0 20.0 10.0
486.0 1224.0 20.0 10.0
1171.0 492.0 20.0 10.0
1143.0 484.0 20.0 10.0
98.0 731.0 20.0 10.0
108.0 720.0 20.0 10.0
124.0 705.0 20.0 10.0
4063.0 754.0 20.0 10.0
4048.0 745.0 20.0 10.0
4022.0 736.0 20.0 10.0
468.0 493.0 20.0 10.0
3633.0 166.0 20.0 10.0
4299.0 807.0 20.0 10.0
4284.0 798.0 20.0 10.0
4250.0 782.0 20.0 10.0
4209.0 765.0 20.0 10.0
696.0 497.0 20.0 10.0
706.0 490.0 20.0 10.0
2144.0 384.0 20.0 10.0
25.0 981.0 20.0 10.0
3597.0 172.0 20.0 10.0
484.0 1030.0 20.0 10.0
1947.0 894.0 20.0 10.0
4218.0 725.0 20.0 10.0
4200.0 748.0 20.0 10.0
4166.0 746.0 20.0 10.0
4083.0 591.0 20.0 10.0
4060.0 595.0 20.0 10.0
4027.0 768.0 20.0 10.0
4010.0 748.0 20.0 10.0
1640.0 349.0 20.0 10.0
2487.0 386.0 20.0 10.0
2484.0 412.0 20.0 10.0
1660.0 367.0 20.0 10.0
2118.0 380.0 20.0 10.0
1328.0 354.0 20.0 10.0
2411.0 380.0 20.0 10.0
3482.0 417.0 20.0 10.0
3477.0 408.0 20.0 10.0
3455.0 401.0 20.0 10.0
3435.0 445.0 20.0 10.0
3413.0 490.0 20.0 10.0
2455.0 458.0 20.0 10.0
2442.0 440.0 20.0 10.0
3447.0 317.0 20.0 10.0
4396.0 861.0 20.0 10.0
1171.0 436.0 20.0 10.0
1149.0 424.0 20.0 10.0
1105.0 434.0 20.0 10.0
2013.0 591.0 20.0 10.0
1997.0 613.0 20.0 10.0
1979.0 591.0 20.0 10.0
1952.0 595.0 20.0 10.0
2493.0 500.0 20.0 10.0
1107.0 226.0 20.0 10.0
1100.0 255.0 20.0 10.0
1078.0 473.0 20.0 10.0
1096.0 458.0 20.0 10.0
500.0 1279.0 20.0 10.0
3633.0 202.0 20.0 10.0
3619.0 186.0 20.0 10.0
327.0 1142.0 20.0 10.0
690.0 473.0 20.0 10.0
710.0 451.0 20.0 10.0
1940.0 913.0 20.0 10.0
1917.0 895.0 20.0 10.0
118.0 570.0 20.0 10.0
507.0 1005.0 20.0 10.0
503.0 1035.0 20.0 10.0
3390.0 167.0 20.0 10.0
3413.0 180.0 20.0 10.0
3401.0 208.0 20.0 10.0
3405.0 237.0 20.0 10.0
3410.0 270.0 20.0 10.0
1277.0 389.0 20.0 10.0
1234.0 399.0 20.0 10.0
3591.0 246.0 20.0 10.0
1192.0 339.0 20.0 10.0
2987.0 453.0 20.0 10.0
2903.0 446.0 20.0 10.0
2044.0 633.0 20.0 10.0
2034.0 629.0 20.0 10.0
2017.0 626.0 20.0 10.0
200.0 540.0 20.0 10.0
220.0 544.0 20.0 10.0
247.0 548.0 20.0 10.0
1072.0 486.0 20.0 10.0
898.0 254.0 20.0 10.0
2415.0 392.0 20.0 10.0
3402.0 110.0 20.0 10.0
2448.0 474.0 20.0 10.0
3437.0 97.0 20.0 10.0
3427.0 118.0 20.0 10.0
52.0 572.0 20.0 10.0
4117.0 722.0 20.0 10.0
4065.0 697.0 20.0 10.0
279.0 609.0 20.0 10.0
901.0 398.0 20.0 10.0
703.0 477.0 20.0 10.0
189.0 533.0 20.0 10.0
3449.0 210.0 20.0 10.0
3426.0 221.0 20.0 10.0
1318.0 378.0 20.0 10.0
3972.0 672.0 20.0 10.0
3732.0 582.0 20.0 10.0
3653.0 558.0 20.0 10.0
253.0 621.0 20.0 10.0
291.0 592.0 20.0 10.0
3963.0 604.0 20.0 10.0
3932.0 616.0 20.0 10.0
2468.0 484.0 20.0 10.0
25.0 579.0 20.0 10.0
50.0 592.0 20.0 10.0
71.0 574.0 20.0 10.0
101.0 573.0 20.0 10.0
140.0 576.0 20.0 10.0
181.0 573.0 20.0 10.0
879.0 474.0 20.0 10.0
895.0 462.0 20.0 10.0
854.0 464.0 20.0 10.0
814.0 465.0 20.0 10.0
775.0 463.0 20.0 10.0
3376.0 274.0 20.0 10.0
3389.0 294.0 20.0 10.0
4247.0 768.0 20.0 10.0
431.0 1231.0 20.0 10.0
443.0 1205.0 20.0 10.0
582.0 1364.0 20.0 10.0
568.0 1345.0 20.0 10.0
3833.0 625.0 20.0 10.0
2493.0 375.0 20.0 10.0
1890.0 682.0 20.0 10.0
1904.0 702.0 20.0 10.0
1616.0 386.0 20.0 10.0
1540.0 385.0 20.0 10.0
1467.0 383.0 20.0 10.0
1936.0 795.0 20.0 10.0
2050.0 387.0 20.0 10.0
4075.0 662.0 20.0 10.0
3647.0 110.0 20.0 10.0
3629.0 119.0 20.0 10.0
3436.0 136.0 20.0 10.0
3430.0 157.0 20.0 10.0
3601.0 271.0 20.0 10.0
2392.0 454.0 20.0 10.0
2415.0 442.0 20.0 10.0
2406.0 418.0 20.0 10.0
460.0 1212.0 20.0 10.0
431.0 1179.0 20.0 10.0
1955.0 756.0 20.0 10.0
1927.0 742.0 20.0 10.0
1952.0 733.0 20.0 10.0
396.0 1173.0 20.0 10.0
403.0 1145.0 20.0 10.0
1120.0 200.0 20.0 10.0
4254.0 828.0 20.0 10.0
4245.0 817.0 20.0 10.0
318.0 1169.0 20.0 10.0
4379.0 852.0 20.0 10.0
4362.0 840.0 20.0 10.0
240.0 1077.0 20.0 10.0
3993.0 600.0 20.0 10.0
1000.0 464.0 20.0 10.0
1684.0 359.0 20.0 10.0
1691.0 386.0 20.0 10.0
1896.0 889.0 20.0 10.0
1915.0 870.0 20.0 10.0
1906.0 848.0 20.0 10.0
1924.0 823.0 20.0 10.0
120.0 555.0 20.0 10.0
133.0 558.0 20.0 10.0
530.0 990.0 20.0 10.0
3730.0 630.0 20.0 10.0
138.0 1022.0 20.0 10.0
171.0 1038.0 20.0 10.0
152.0 561.0 20.0 10.0
3469.0 267.0 20.0 10.0
2818.0 439.0 20.0 10.0
954.0 277.0 20.0 10.0
953.0 309.0 20.0 10.0
487.0 491.0 20.0 10.0
1131.0 180.0 20.0 10.0
399.0 515.0 20.0 10.0
423.0 512.0 20.0 10.0
636.0 471.0 20.0 10.0
3576.0 229.0 20.0 10.0
3557.0 249.0 20.0 10.0
1880.0 892.0 20.0 10.0
1912.0 808.0 20.0 10.0
4069.0 796.0 20.0 10.0
4049.0 676.0 20.0 10.0
4011.0 675.0 20.0 10.0
3412.0 329.0 20.0 10.0
3435.0 74.0 20.0 10.0
3416.0 452.0 20.0 10.0
2379.0 428.0 20.0 10.0
3594.0 186.0 20.0 10.0
1136.0 163.0 20.0 10.0
3457.0 272.0 20.0 10.0
3434.0 280.0 20.0 10.0
970.0 241.0 20.0 10.0
970.0 257.0 20.0 10.0
521.0 1015.0 20.0 10.0
1254.0 409.0 20.0 10.0
3210.0 477.0 20.0 10.0
1888.0 901.0 20.0 10.0
3925.0 485.0 20.0 10.0
1128.0 352.0 20.0 10.0
3685.0 622.0 20.0 10.0
3685.0 611.0 20.0 10.0
3677.0 596.0 20.0 10.0
3668.0 580.0 20.0 10.0
3362.0 132.0 20.0 10.0
4247.0 726.0 20.0 10.0
4226.0 741.0 20.0 10.0
3760.0 596.0 20.0 10.0
3598.0 117.0 20.0 10.0
3573.0 536.0 20.0 10.0
678.0 416.0 20.0 10.0
2053.0 419.0 20.0 10.0
1672.0 340.0 20.0 10.0
266.0 1197.0 20.0 10.0
840.0 329.0 20.0 10.0
329.0 562.0 20.0 10.0
1767.0 387.0 20.0 10.0
240.0 1206.0 20.0 10.0
247.0 1181.0 20.0 10.0
738.0 389.0 20.0 10.0
748.0 412.0 20.0 10.0
767.0 433.0 20.0 10.0
302.0 598.0 20.0 10.0
301.0 569.0 20.0 10.0
270.0 1167.0 20.0 10.0
293.0 1142.0 20.0 10.0
292.0 1172.0 20.0 10.0
3943.0 430.0 20.0 10.0
2485.0 492.0 20.0 10.0
534.0 1358.0 20.0 10.0
541.0 1331.0 20.0 10.0
3978.0 608.0 20.0 10.0
3397.0 319.0 20.0 10.0
3419.0 304.0 20.0 10.0
3428.0 341.0 20.0 10.0
3436.0 374.0 20.0 10.0
4038.0 696.0 20.0 10.0
2374.0 391.0 20.0 10.0
2400.0 409.0 20.0 10.0
3577.0 209.0 20.0 10.0
1904.0 921.0 20.0 10.0
1068.0 497.0 20.0 10.0
3221.0 476.0 20.0 10.0
3825.0 514.0 20.0 10.0
3799.0 519.0 20.0 10.0
1983.0 532.0 20.0 10.0
1177.0 367.0 20.0 10.0
1247.0 372.0 20.0 10.0
1748.0 369.0 20.0 10.0
73.0 708.0 20.0 10.0
95.0 694.0 20.0 10.0
36.0 569.0 20.0 10.0
3312.0 489.0 20.0 10.0
3329.0 482.0 20.0 10.0
482.0 1062.0 20.0 10.0
458.0 1090.0 20.0 10.0
3368.0 118.0 20.0 10.0
3372.0 139.0 20.0 10.0
1981.0 712.0 20.0 10.0
1969.0 711.0 20.0 10.0
1948.0 698.0 20.0 10.0
1946.0 664.0 20.0 10.0
171.0 1067.0 20.0 10.0
3924.0 434.0 20.0 10.0
4422.0 876.0 20.0 10.0
4411.0 869.0 20.0 10.0
116.0 702.0 20.0 10.0
3837.0 614.0 20.0 10.0
119.0 1068.0 20.0 10.0
143.0 1078.0 20.0 10.0
77.0 722.0 20.0 10.0
203.0 1059.0 20.0 10.0
3684.0 556.0 20.0 10.0
1192.0 412.0 20.0 10.0
1580.0 358.0 20.0 10.0
1605.0 361.0 20.0 10.0
3911.0 471.0 20.0 10.0
4227.0 764.0 20.0 10.0
3493.0 513.0 20.0 10.0
3995.0 721.0 20.0 10.0
927.0 243.0 20.0 10.0
931.0 263.0 20.0 10.0
3666.0 57.0 20.0 10.0
3657.0 66.0 20.0 10.0
3645.0 85.0 20.0 10.0
3631.0 106.0 20.0 10.0
4396.0 835.0 20.0 10.0
4375.0 834.0 20.0 10.0
4359.0 832.0 20.0 10.0
4341.0 828.0 20.0 10.0
4314.0 815.0 20.0 10.0
345.0 572.0 20.0 10.0
358.0 548.0 20.0 10.0
389.0 545.0 20.0 10.0
