500
791.0 934.0 20.0 10.0
3033.0 382.0 20.0 10.0
3291.0 1072.0 20.0 10.0
578.0 251.0 20.0 10.0
3589.0 1216.0 20.0 10.0
3569.0 1209.0 20.0 10.0
1568.0 463.0 20.0 10.0
1557.0 478.0 20.0 10.0
709.0 813.0 20.0 10.0
722.0 815.0 20.0 10.0
3092.0 1008.0 20.0 10.0
355.0 206.0 20.0 10.0
2512.0 651.0 20.0 10.0
388.0 205.0 20.0 10.0
414.0 205.0 20.0 10.0
426.0 227.0 20.0 10.0
396.0 1137.0 20.0 10.0
255.0 145.0 20.0 10.0
290.0 156.0 20.0 10.0
178.0 139.0 20.0 10.0
191.0 137.0 20.0 10.0
259.0 155.0 20.0 10.0
270.0 154.0 20.0 10.0
3302.0 904.0 20.0 10.0
2116.0 718.0 20.0 10.0
2127.0 695.0 20.0 10.0
1410.0 1117.0 20.0 10.0
3039.0 447.0 20.0 10.0
3012.0 455.0 20.0 10.0
558.0 1091.0 20.0 10.0
3328.0 1085.0 20.0 10.0
3108.0 1028.0 20.0 10.0
804.0 837.0 20.0 10.0
72.0 1485.0 20.0 10.0
457.0 269.0 20.0 10.0
3271.0 1050.0 20.0 10.0
3344.0 264.0 20.0 10.0
3365.0 218.0 20.0 10.0
2334.0 646.0 20.0 10.0
2346.0 654.0 20.0 10.0
1417.0 1167.0 20.0 10.0
1415.0 1146.0 20.0 10.0
1417.0 1129.0 20.0 10.0
3527.0 1195.0 20.0 10.0
802.0 809.0 20.0 10.0
661.0 372.0 20.0 10.0
2950.0 505.0 20.0 10.0
2922.0 498.0 20.0 10.0
1398.0 708.0 20.0 10.0
2241.0 677.0 20.0 10.0
127.0 1402.0 20.0 10.0
3285.0 1139.0 20.0 10.0
1454.0 649.0 20.0 10.0
210.0 58.0 20.0 10.0
222.0 74.0 20.0 10.0
234.0 92.0 20.0 10.0
2965.0 409.0 20.0 10.0
2951.0 425.0 20.0 10.0
1494.0 600.0 20.0 10.0
957.0 745.0 20.0 10.0
1603.0 435.0 20.0 10.0
1466.0 1061.0 20.0 10.0
1465.0 1042.0 20.0 10.0
224.0 136.0 20.0 10.0
1546.0 494.0 20.0 10.0
886.0 968.0 20.0 10.0
3382.0 1117.0 20.0 10.0
3363.0 1102.0 20.0 10.0
3330.0 1089.0 20.0 10.0
1404.0 1055.0 20.0 10.0
1457.0 548.0 20.0 10.0
3566.0 1215.0 20.0 10.0
549.0 1139.0 20.0 10.0
2974.0 859.0 20.0 10.0
753.0 935.0 20.0 10.0
1018.0 710.0 20.0 10.0
1012.0 737.0 20.0 10.0
1037.0 743.0 20.0 10.0
3062.0 985.0 20.0 10.0
3052.0 962.0 20.0 10.0
1001.0 694.0 20.0 10.0
3308.0 1067.0 20.0 10.0
843.0 885.0 20.0 10.0
882.0 851.0 20.0 10.0
3431.0 1135.0 20.0 10.0
573.0 247.0 20.0 10.0
349.0 1112.0 20.0 10.0
1441.0 878.0 20.0 10.0
491.0 1201.0 20.0 10.0
3145.0 330.0 20.0 10.0
616.0 342.0 20.0 10.0
275.0 87.0 20.0 10.0
259.0 110.0 20.0 10.0
1446.0 1043.0 20.0 10.0
1454.0 1017.0 20.0 10.0
3117.0 340.0 20.0 10.0
1379.0 959.0 20.0 10.0
2423.0 705.0 20.0 10.0
1513.0 550.0 20.0 10.0
1505.0 576.0 20.0 10.0
3256.0 1132.0 20.0 10.0
1523.0 665.0 20.0 10.0
899.0 950.0 20.0 10.0
2945.0 479.0 20.0 10.0
1481.0 543.0 20.0 10.0
412.0 1143.0 20.0 10.0
417.0 1122.0 20.0 10.0
432.0 1098.0 20.0 10.0
460.0 1089.0 20.0 10.0
3427.0 1142.0 20.0 10.0
3411.0 1130.0 20.0 10.0
3384.0 1112.0 20.0 10.0
3138.0 366.0 20.0 10.0
36.0 59.0 20.0 10.0
464.0 261.0 20.0 10.0
479.0 284.0 20.0 10.0
523.0 314.0 20.0 10.0
370.0 1125.0 20.0 10.0
321.0 180.0 20.0 10.0
3032.0 895.0 20.0 10.0
3145.0 1007.0 20.0 10.0
2866.0 542.0 20.0 10.0
2809.0 588.0 20.0 10.0
2710.0 633.0 20.0 10.0
2310.0 646.0 20.0 10.0
2360.0 665.0 20.0 10.0
495.0 1203.0 20.0 10.0
522.0 1171.0 20.0 10.0
390.0 1101.0 20.0 10.0
409.0 1100.0 20.0 10.0
400.0 1329.0 20.0 10.0
1496.0 724.0 20.0 10.0
202.0 1502.0 20.0 10.0
626.0 316.0 20.0 10.0
635.0 328.0 20.0 10.0
1947.0 687.0 20.0 10.0
2361.0 727.0 20.0 10.0
3322.0 1164.0 20.0 10.0
2808.0 795.0 20.0 10.0
2786.0 811.0 20.0 10.0
1440.0 850.0 20.0 10.0
2070.0 742.0 20.0 10.0
1417.0 893.0 20.0 10.0
1407.0 878.0 20.0 10.0
1404.0 836.0 20.0 10.0
820.0 467.0 20.0 10.0
406.0 1317.0 20.0 10.0
690.0 988.0 20.0 10.0
699.0 972.0 20.0 10.0
718.0 967.0 20.0 10.0
1021.0 675.0 20.0 10.0
980.0 780.0 20.0 10.0
922.0 816.0 20.0 10.0
872.0 840.0 20.0 10.0
983.0 620.0 20.0 10.0
1039.0 661.0 20.0 10.0
1094.0 704.0 20.0 10.0
3345.0 230.0 20.0 10.0
3331.0 241.0 20.0 10.0
953.0 770.0 20.0 10.0
1477.0 886.0 20.0 10.0
2923.0 915.0 20.0 10.0
2921.0 886.0 20.0 10.0
1360.0 975.0 20.0 10.0
2315.0 709.0 20.0 10.0
280.0 126.0 20.0 10.0
916.0 926.0 20.0 10.0
916.0 905.0 20.0 10.0
2338.0 737.0 20.0 10.0
503.0 1187.0 20.0 10.0
1515.0 671.0 20.0 10.0
3068.0 996.0 20.0 10.0
2405.0 683.0 20.0 10.0
202.0 1465.0 20.0 10.0
175.0 1480.0 20.0 10.0
142.0 1466.0 20.0 10.0
159.0 1440.0 20.0 10.0
3221.0 328.0 20.0 10.0
724.0 445.0 20.0 10.0
1423.0 1151.0 20.0 10.0
2345.0 716.0 20.0 10.0
534.0 264.0 20.0 10.0
559.0 269.0 20.0 10.0
545.0 290.0 20.0 10.0
553.0 316.0 20.0 10.0
569.0 343.0 20.0 10.0
1516.0 710.0 20.0 10.0
719.0 437.0 20.0 10.0
1486.0 882.0 20.0 10.0
1679.0 687.0 20.0 10.0
654.0 351.0 20.0 10.0
941.0 871.0 20.0 10.0
921.0 865.0 20.0 10.0
912.0 844.0 20.0 10.0
3253.0 1176.0 20.0 10.0
1487.0 628.0 20.0 10.0
1496.0 652.0 20.0 10.0
1502.0 676.0 20.0 10.0
1414.0 1024.0 20.0 10.0
3210.0 1036.0 20.0 10.0
1410.0 1059.0 20.0 10.0
1418.0 1037.0 20.0 10.0
1417.0 1117.0 20.0 10.0
1413.0 1102.0 20.0 10.0
1412.0 1074.0 20.0 10.0
3073.0 922.0 20.0 10.0
983.0 585.0 20.0 10.0
962.0 600.0 20.0 10.0
821.0 508.0 20.0 10.0
874.0 544.0 20.0 10.0
928.0 581.0 20.0 10.0
1430.0 1062.0 20.0 10.0
3232.0 210.0 20.0 10.0
3222.0 221.0 20.0 10.0
3205.0 236.0 20.0 10.0
3182.0 257.0 20.0 10.0
48.0 1507.0 20.0 10.0
1384.0 756.0 20.0 10.0
1492.0 714.0 20.0 10.0
762.0 813.0 20.0 10.0
837.0 837.0 20.0 10.0
3027.0 417.0 20.0 10.0
2999.0 426.0 20.0 10.0
3357.0 929.0 20.0 10.0
3337.0 934.0 20.0 10.0
3321.0 935.0 20.0 10.0
3302.0 932.0 20.0 10.0
3284.0 938.0 20.0 10.0
3176.0 901.0 20.0 10.0
3263.0 940.0 20.0 10.0
107.0 1476.0 20.0 10.0
3194.0 1087.0 20.0 10.0
3158.0 1053.0 20.0 10.0
1513.0 1083.0 20.0 10.0
444.0 225.0 20.0 10.0
3122.0 389.0 20.0 10.0
3303.0 1105.0 20.0 10.0
3292.0 1096.0 20.0 10.0
1149.0 669.0 20.0 10.0
1153.0 691.0 20.0 10.0
1176.0 708.0 20.0 10.0
3218.0 944.0 20.0 10.0
3190.0 944.0 20.0 10.0
3157.0 939.0 20.0 10.0
2099.0 683.0 20.0 10.0
373.0 1104.0 20.0 10.0
599.0 315.0 20.0 10.0
801.0 486.0 20.0 10.0
1463.0 885.0 20.0 10.0
1680.0 714.0 20.0 10.0
1431.0 548.0 20.0 10.0
1535.0 511.0 20.0 10.0
1523.0 528.0 20.0 10.0
3347.0 1181.0 20.0 10.0
3318.0 1174.0 20.0 10.0
3290.0 1162.0 20.0 10.0
3257.0 1146.0 20.0 10.0
2979.0 500.0 20.0 10.0
3323.0 244.0 20.0 10.0
2974.0 474.0 20.0 10.0
478.0 1083.0 20.0 10.0
493.0 1081.0 20.0 10.0
1590.0 443.0 20.0 10.0
3194.0 901.0 20.0 10.0
3188.0 917.0 20.0 10.0
3162.0 914.0 20.0 10.0
1584.0 435.0 20.0 10.0
3340.0 280.0 20.0 10.0
3315.0 267.0 20.0 10.0
1475.0 1099.0 20.0 10.0
562.0 244.0 20.0 10.0
1034.0 687.0 20.0 10.0
2288.0 719.0 20.0 10.0
732.0 428.0 20.0 10.0
413.0 1303.0 20.0 10.0
3601.0 1238.0 20.0 10.0
3586.0 1225.0 20.0 10.0
1942.0 712.0 20.0 10.0
1967.0 708.0 20.0 10.0
1875.0 707.0 20.0 10.0
1784.0 707.0 20.0 10.0
1452.0 1084.0 20.0 10.0
216.0 1530.0 20.0 10.0
46.0 1470.0 20.0 10.0
3240.0 942.0 20.0 10.0
3038.0 386.0 20.0 10.0
1694.0 708.0 20.0 10.0
1605.0 709.0 20.0 10.0
737.0 817.0 20.0 10.0
754.0 820.0 20.0 10.0
1445.0 561.0 20.0 10.0
1476.0 568.0 20.0 10.0
2379.0 682.0 20.0 10.0
741.0 465.0 20.0 10.0
534.0 1152.0 20.0 10.0
1466.0 467.0 20.0 10.0
412.0 243.0 20.0 10.0
3183.0 352.0 20.0 10.0
3138.0 374.0 20.0 10.0
3089.0 391.0 20.0 10.0
2711.0 770.0 20.0 10.0
2637.0 728.0 20.0 10.0
3066.0 376.0 20.0 10.0
3036.0 417.0 20.0 10.0
2980.0 455.0 20.0 10.0
397.0 1096.0 20.0 10.0
2269.0 675.0 20.0 10.0
2294.0 688.0 20.0 10.0
3270.0 1109.0 20.0 10.0
444.0 1260.0 20.0 10.0
466.0 1233.0 20.0 10.0
1373.0 933.0 20.0 10.0
1399.0 944.0 20.0 10.0
1414.0 920.0 20.0 10.0
424.0 1285.0 20.0 10.0
1473.0 671.0 20.0 10.0
1589.0 422.0 20.0 10.0
248.0 94.0 20.0 10.0
3132.0 340.0 20.0 10.0
2935.0 895.0 20.0 10.0
804.0 918.0 20.0 10.0
678.0 952.0 20.0 10.0
3131.0 1015.0 20.0 10.0
877.0 942.0 20.0 10.0
894.0 925.0 20.0 10.0
433.0 205.0 20.0 10.0
3098.0 360.0 20.0 10.0
2752.0 634.0 20.0 10.0
2694.0 681.0 20.0 10.0
206.0 137.0 20.0 10.0
1169.0 665.0 20.0 10.0
3288.0 285.0 20.0 10.0
3256.0 306.0 20.0 10.0
477.0 1179.0 20.0 10.0
372.0 1337.0 20.0 10.0
24.0 1527.0 20.0 10.0
830.0 872.0 20.0 10.0
436.0 255.0 20.0 10.0
3472.0 1156.0 20.0 10.0
730.0 922.0 20.0 10.0
1501.0 1061.0 20.0 10.0
1488.0 1049.0 20.0 10.0
1473.0 1036.0 20.0 10.0
1512.0 1068.0 20.0 10.0
3265.0 1081.0 20.0 10.0
3242.0 1055.0 20.0 10.0
25.0 54.0 20.0 10.0
2954.0 867.0 20.0 10.0
2443.0 720.0 20.0 10.0
696.0 946.0 20.0 10.0
3272.0 1062.0 20.0 10.0
872.0 953.0 20.0 10.0
526.0 1075.0 20.0 10.0
564.0 1069.0 20.0 10.0
604.0 1068.0 20.0 10.0
1485.0 892.0 20.0 10.0
3296.0 1058.0 20.0 10.0
2860.0 853.0 20.0 10.0
3388.0 258.0 20.0 10.0
3123.0 933.0 20.0 10.0
3086.0 933.0 20.0 10.0
3048.0 935.0 20.0 10.0
3222.0 1134.0 20.0 10.0
3213.0 1114.0 20.0 10.0
2493.0 742.0 20.0 10.0
2516.0 728.0 20.0 10.0
2534.0 706.0 20.0 10.0
2539.0 725.0 20.0 10.0
189.0 25.0 20.0 10.0
201.0 44.0 20.0 10.0
770.0 471.0 20.0 10.0
790.0 904.0 20.0 10.0
751.0 807.0 20.0 10.0
374.0 1151.0 20.0 10.0
3604.0 1223.0 20.0 10.0
1369.0 968.0 20.0 10.0
355.0 1352.0 20.0 10.0
772.0 840.0 20.0 10.0
896.0 976.0 20.0 10.0
3094.0 338.0 20.0 10.0
3543.0 1197.0 20.0 10.0
3508.0 1177.0 20.0 10.0
1451.0 449.0 20.0 10.0
1441.0 476.0 20.0 10.0
1464.0 483.0 20.0 10.0
1468.0 505.0 20.0 10.0
781.0 819.0 20.0 10.0
94.0 77.0 20.0 10.0
104.0 87.0 20.0 10.0
3119.0 1017.0 20.0 10.0
3218.0 225.0 20.0 10.0
896.0 901.0 20.0 10.0
909.0 877.0 20.0 10.0
1465.0 452.0 20.0 10.0
378.0 1329.0 20.0 10.0
2524.0 683.0 20.0 10.0
3293.0 1112.0 20.0 10.0
72.0 80.0 20.0 10.0
2736.0 613.0 20.0 10.0
2728.0 621.0 20.0 10.0
927.0 554.0 20.0 10.0
1428.0 642.0 20.0 10.0
2944.0 427.0 20.0 10.0
2931.0 445.0 20.0 10.0
2922.0 468.0 20.0 10.0
646.0 1036.0 20.0 10.0
3005.0 854.0 20.0 10.0
2993.0 854.0 20.0 10.0
3228.0 1117.0 20.0 10.0
2111.0 673.0 20.0 10.0
2936.0 876.0 20.0 10.0
264.0 70.0 20.0 10.0
577.0 1105.0 20.0 10.0
3016.0 401.0 20.0 10.0
197.0 126.0 20.0 10.0
679.0 1011.0 20.0 10.0
393.0 231.0 20.0 10.0
2922.0 932.0 20.0 10.0
594.0 341.0 20.0 10.0
1500.0 638.0 20.0 10.0
3200.0 243.0 20.0 10.0
50.0 66.0 20.0 10.0
66.0 73.0 20.0 10.0
83.0 81.0 20.0 10.0
1393.0 874.0 20.0 10.0
386.0 1163.0 20.0 10.0
688.0 1002.0 20.0 10.0
3279.0 308.0 20.0 10.0
939.0 852.0 20.0 10.0
3105.0 1001.0 20.0 10.0
3080.0 979.0 20.0 10.0
3057.0 425.0 20.0 10.0
1441.0 528.0 20.0 10.0
1468.0 536.0 20.0 10.0
903.0 561.0 20.0 10.0
2515.0 662.0 20.0 10.0
2093.0 729.0 20.0 10.0
1342.0 713.0 20.0 10.0
1259.0 711.0 20.0 10.0
3457.0 1156.0 20.0 10.0
624.0 385.0 20.0 10.0
642.0 402.0 20.0 10.0
3008.0 936.0 20.0 10.0
644.0 346.0 20.0 10.0
3366.0 267.0 20.0 10.0
3176.0 1078.0 20.0 10.0
126.0 97.0 20.0 10.0
148.0 107.0 20.0 10.0
172.0 115.0 20.0 10.0
466.0 1212.0 20.0 10.0
2690.0 635.0 20.0 10.0
2708.0 658.0 20.0 10.0
1407.0 796.0 20.0 10.0
1414.0 755.0 20.0 10.0
1428.0 716.0 20.0 10.0
1404.0 1017.0 20.0 10.0
1426.0 1000.0 20.0 10.0
1423.0 960.0 20.0 10.0
3474.0 1167.0 20.0 10.0
3240.0 1155.0 20.0 10.0
2383.0 717.0 20.0 10.0
2400.0 700.0 20.0 10.0
389.0 1321.0 20.0 10.0
405.0 1304.0 20.0 10.0
215.0 64.0 20.0 10.0
3025.0 854.0 20.0 10.0
3023.0 873.0 20.0 10.0
928.0 766.0 20.0 10.0
2508.0 698.0 20.0 10.0
618.0 374.0 20.0 10.0
669.0 404.0 20.0 10.0
906.0 942.0 20.0 10.0
3230.0 1139.0 20.0 10.0
720.0 989.0 20.0 10.0
727.0 976.0 20.0 10.0
765.0 948.0 20.0 10.0
1594.0 412.0 20.0 10.0
381.0 187.0 20.0 10.0
409.0 190.0 20.0 10.0
400.0 242.0 20.0 10.0
1432.0 1175.0 20.0 10.0
1474.0 516.0 20.0 10.0
3114.0 366.0 20.0 10.0
3362.0 1199.0 20.0 10.0
3529.0 1190.0 20.0 10.0
482.0 1219.0 20.0 10.0
828.0 811.0 20.0 10.0
1578.0 448.0 20.0 10.0
769.0 440.0 20.0 10.0
481.0 1201.0 20.0 10.0
83.0 61.0 20.0 10.0
2061.0 708.0 20.0 10.0
3156.0 281.0 20.0 10.0
3127.0 308.0 20.0 10.0
133.0 1433.0 20.0 10.0
2692.0 756.0 20.0 10.0
2250.0 712.0 20.0 10.0
2155.0 710.0 20.0 10.0
232.0 1509.0 20.0 10.0
794.0 801.0 20.0 10.0
