500
292.0 227.0 20.0 10.0
857.0 1650.0 20.0 10.0
2234.0 1203.0 20.0 10.0
2219.0 1614.0 20.0 10.0
1624.0 1173.0 20.0 10.0
1591.0 1098.0 20.0 10.0
1619.0 1107.0 20.0 10.0
1600.0 1136.0 20.0 10.0
1629.0 1138.0 20.0 10.0
934.0 1767.0 20.0 10.0
953.0 1764.0 20.0 10.0
126.0 104.0 20.0 10.0
150.0 122.0 20.0 10.0
487.0 377.0 20.0 10.0
1162.0 2011.0 20.0 10.0
1156.0 1999.0 20.0 10.0
1037.0 806.0 20.0 10.0
1775.0 1196.0 20.0 10.0
1757.0 1194.0 20.0 10.0
2353.0 1130.0 20.0 10.0
2001.0 1679.0 20.0 10.0
1604.0 1128.0 20.0 10.0
2407.0 1162.0 20.0 10.0
443.0 447.0 20.0 10.0
1143.0 2100.0 20.0 10.0
399.0 240.0 20.0 10.0
383.0 281.0 20.0 10.0
406.0 478.0 20.0 10.0
1592.0 1060.0 20.0 10.0
2310.0 1149.0 20.0 10.0
1006.0 1674.0 20.0 10.0
1052.0 1685.0 20.0 10.0
170.0 130.0 20.0 10.0
175.0 149.0 20.0 10.0
1130.0 2063.0 20.0 10.0
2372.0 1099.0 20.0 10.0
2357.0 1120.0 20.0 10.0
2339.0 1136.0 20.0 10.0
1256.0 1753.0 20.0 10.0
1645.0 1185.0 20.0 10.0
2214.0 1410.0 20.0 10.0
2178.0 1407.0 20.0 10.0
2138.0 1405.0 20.0 10.0
2343.0 1705.0 20.0 10.0
856.0 530.0 20.0 10.0
840.0 536.0 20.0 10.0
1971.0 2029.0 20.0 10.0
1976.0 2005.0 20.0 10.0
2652.0 1066.0 20.0 10.0
971.0 2148.0 20.0 10.0
981.0 2126.0 20.0 10.0
995.0 2106.0 20.0 10.0
2254.0 1508.0 20.0 10.0
2239.0 1408.0 20.0 10.0
2310.0 1692.0 20.0 10.0
1087.0 2144.0 20.0 10.0
1093.0 2119.0 20.0 10.0
1099.0 2096.0 20.0 10.0
1105.0 2079.0 20.0 10.0
1461.0 1543.0 20.0 10.0
1301.0 1717.0 20.0 10.0
2346.0 1190.0 20.0 10.0
1982.0 2120.0 20.0 10.0
1978.0 2103.0 20.0 10.0
1985.0 2083.0 20.0 10.0
1095.0 855.0 20.0 10.0
1121.0 865.0 20.0 10.0
1477.0 1270.0 20.0 10.0
1245.0 1804.0 20.0 10.0
988.0 1729.0 20.0 10.0
2343.0 1170.0 20.0 10.0
2369.0 1166.0 20.0 10.0
2305.0 1185.0 20.0 10.0
2216.0 1668.0 20.0 10.0
2206.0 1645.0 20.0 10.0
2194.0 1620.0 20.0 10.0
2175.0 1596.0 20.0 10.0
2750.0 1032.0 20.0 10.0
2731.0 1037.0 20.0 10.0
1361.0 1659.0 20.0 10.0
2055.0 1338.0 20.0 10.0
1270.0 974.0 20.0 10.0
1298.0 981.0 20.0 10.0
185.0 143.0 20.0 10.0
477.0 339.0 20.0 10.0
481.0 355.0 20.0 10.0
1176.0 1759.0 20.0 10.0
1181.0 1732.0 20.0 10.0
2089.0 1662.0 20.0 10.0
2067.0 1630.0 20.0 10.0
1734.0 1196.0 20.0 10.0
192.0 138.0 20.0 10.0
816.0 671.0 20.0 10.0
464.0 495.0 20.0 10.0
482.0 489.0 20.0 10.0
501.0 484.0 20.0 10.0
1723.0 1790.0 20.0 10.0
594.0 470.0 20.0 10.0
324.0 250.0 20.0 10.0
2000.0 2102.0 20.0 10.0
887.0 1604.0 20.0 10.0
904.0 1614.0 20.0 10.0
924.0 1626.0 20.0 10.0
31.0 46.0 20.0 10.0
48.0 70.0 20.0 10.0
2203.0 2490.0 20.0 10.0
2183.0 2484.0 20.0 10.0
1465.0 1653.0 20.0 10.0
1414.0 1626.0 20.0 10.0
2152.0 2711.0 20.0 10.0
2150.0 2688.0 20.0 10.0
2210.0 1668.0 20.0 10.0
786.0 668.0 20.0 10.0
1126.0 935.0 20.0 10.0
2616.0 1080.0 20.0 10.0
1343.0 1028.0 20.0 10.0
1371.0 1035.0 20.0 10.0
1915.0 1999.0 20.0 10.0
1464.0 1708.0 20.0 10.0
370.0 234.0 20.0 10.0
376.0 247.0 20.0 10.0
379.0 264.0 20.0 10.0
1003.0 2111.0 20.0 10.0
2117.0 1764.0 20.0 10.0
2114.0 1750.0 20.0 10.0
2023.0 1682.0 20.0 10.0
2014.0 1652.0 20.0 10.0
2140.0 2634.0 20.0 10.0
2136.0 2613.0 20.0 10.0
2115.0 2540.0 20.0 10.0
2103.0 2512.0 20.0 10.0
2017.0 2180.0 20.0 10.0
2015.0 2168.0 20.0 10.0
565.0 369.0 20.0 10.0
2096.0 1400.0 20.0 10.0
2054.0 1396.0 20.0 10.0
2057.0 1464.0 20.0 10.0
1003.0 1706.0 20.0 10.0
1017.0 1704.0 20.0 10.0
2029.0 1328.0 20.0 10.0
2267.0 1413.0 20.0 10.0
2249.0 1412.0 20.0 10.0
1979.0 2029.0 20.0 10.0
1125.0 2010.0 20.0 10.0
1136.0 1981.0 20.0 10.0
585.0 392.0 20.0 10.0
2403.0 1149.0 20.0 10.0
2428.0 1171.0 20.0 10.0
2403.0 1179.0 20.0 10.0
2380.0 1194.0 20.0 10.0
404.0 431.0 20.0 10.0
421.0 453.0 20.0 10.0
1131.0 1747.0 20.0 10.0
1203.0 1715.0 20.0 10.0
1255.0 1724.0 20.0 10.0
1309.0 1691.0 20.0 10.0
1524.0 1141.0 20.0 10.0
2239.0 1416.0 20.0 10.0
786.0 598.0 20.0 10.0
962.0 1770.0 20.0 10.0
973.0 1763.0 20.0 10.0
2113.0 1724.0 20.0 10.0
860.0 452.0 20.0 10.0
2161.0 2534.0 20.0 10.0
1228.0 930.0 20.0 10.0
1223.0 1863.0 20.0 10.0
548.0 331.0 20.0 10.0
548.0 352.0 20.0 10.0
51.0 44.0 20.0 10.0
64.0 57.0 20.0 10.0
83.0 72.0 20.0 10.0
314.0 242.0 20.0 10.0
1151.0 875.0 20.0 10.0
1176.0 899.0 20.0 10.0
2329.0 1420.0 20.0 10.0
2303.0 1417.0 20.0 10.0
2277.0 1415.0 20.0 10.0
383.0 476.0 20.0 10.0
958.0 774.0 20.0 10.0
988.0 769.0 20.0 10.0
1015.0 781.0 20.0 10.0
967.0 1758.0 20.0 10.0
985.0 1753.0 20.0 10.0
1008.0 1746.0 20.0 10.0
1940.0 1993.0 20.0 10.0
1958.0 1982.0 20.0 10.0
1964.0 1956.0 20.0 10.0
1953.0 1905.0 20.0 10.0
1941.0 1853.0 20.0 10.0
1928.0 1800.0 20.0 10.0
1362.0 1775.0 20.0 10.0
1350.0 1766.0 20.0 10.0
1329.0 1755.0 20.0 10.0
2243.0 1195.0 20.0 10.0
1876.0 1795.0 20.0 10.0
1824.0 1786.0 20.0 10.0
1443.0 1509.0 20.0 10.0
1461.0 1450.0 20.0 10.0
2027.0 1259.0 20.0 10.0
2001.0 1262.0 20.0 10.0
59.0 47.0 20.0 10.0
2262.0 1466.0 20.0 10.0
2248.0 1463.0 20.0 10.0
1166.0 1908.0 20.0 10.0
1189.0 1866.0 20.0 10.0
1622.0 1149.0 20.0 10.0
1649.0 1156.0 20.0 10.0
1645.0 1173.0 20.0 10.0
1249.0 948.0 20.0 10.0
1000.0 2096.0 20.0 10.0
1011.0 2089.0 20.0 10.0
1029.0 2070.0 20.0 10.0
1047.0 2049.0 20.0 10.0
1067.0 2027.0 20.0 10.0
1130.0 2038.0 20.0 10.0
2573.0 1098.0 20.0 10.0
2558.0 1103.0 20.0 10.0
1106.0 1781.0 20.0 10.0
842.0 1708.0 20.0 10.0
867.0 1706.0 20.0 10.0
1516.0 1676.0 20.0 10.0
1597.0 1722.0 20.0 10.0
1573.0 1732.0 20.0 10.0
2702.0 1048.0 20.0 10.0
2265.0 1673.0 20.0 10.0
2256.0 1652.0 20.0 10.0
2233.0 1631.0 20.0 10.0
2207.0 1611.0 20.0 10.0
1993.0 2161.0 20.0 10.0
2012.0 2147.0 20.0 10.0
827.0 608.0 20.0 10.0
2137.0 1210.0 20.0 10.0
203.0 166.0 20.0 10.0
231.0 182.0 20.0 10.0
261.0 204.0 20.0 10.0
2186.0 1462.0 20.0 10.0
2168.0 1439.0 20.0 10.0
2131.0 1424.0 20.0 10.0
2169.0 2478.0 20.0 10.0
2156.0 2465.0 20.0 10.0
1217.0 927.0 20.0 10.0
423.0 474.0 20.0 10.0
448.0 466.0 20.0 10.0
482.0 462.0 20.0 10.0
520.0 470.0 20.0 10.0
2423.0 1144.0 20.0 10.0
2226.0 1677.0 20.0 10.0
2136.0 1783.0 20.0 10.0
2130.0 1771.0 20.0 10.0
907.0 753.0 20.0 10.0
2089.0 1328.0 20.0 10.0
2059.0 1328.0 20.0 10.0
2266.0 1135.0 20.0 10.0
798.0 626.0 20.0 10.0
367.0 452.0 20.0 10.0
382.0 428.0 20.0 10.0
584.0 358.0 20.0 10.0
1727.0 1812.0 20.0 10.0
2712.0 1045.0 20.0 10.0
2098.0 2482.0 20.0 10.0
1955.0 2127.0 20.0 10.0
2672.0 1060.0 20.0 10.0
1062.0 1776.0 20.0 10.0
1091.0 1767.0 20.0 10.0
1061.0 1792.0 20.0 10.0
1076.0 1781.0 20.0 10.0
1102.0 1988.0 20.0 10.0
1113.0 1972.0 20.0 10.0
1228.0 1847.0 20.0 10.0
1610.0 1092.0 20.0 10.0
912.0 1619.0 20.0 10.0
2241.0 1497.0 20.0 10.0
585.0 380.0 20.0 10.0
2075.0 1616.0 20.0 10.0
2048.0 1621.0 20.0 10.0
2142.0 2501.0 20.0 10.0
2121.0 2478.0 20.0 10.0
1142.0 1946.0 20.0 10.0
1381.0 1032.0 20.0 10.0
2170.0 2442.0 20.0 10.0
2092.0 1411.0 20.0 10.0
911.0 727.0 20.0 10.0
938.0 745.0 20.0 10.0
1949.0 2109.0 20.0 10.0
2147.0 2673.0 20.0 10.0
2189.0 1213.0 20.0 10.0
591.0 417.0 20.0 10.0
595.0 451.0 20.0 10.0
1785.0 1818.0 20.0 10.0
1133.0 899.0 20.0 10.0
1428.0 1568.0 20.0 10.0
2035.0 1645.0 20.0 10.0
2039.0 2234.0 20.0 10.0
2025.0 2193.0 20.0 10.0
2145.0 2471.0 20.0 10.0
2129.0 2457.0 20.0 10.0
2103.0 2451.0 20.0 10.0
1324.0 998.0 20.0 10.0
1399.0 1049.0 20.0 10.0
1476.0 1099.0 20.0 10.0
1767.0 1176.0 20.0 10.0
1740.0 1182.0 20.0 10.0
1591.0 1749.0 20.0 10.0
2131.0 1765.0 20.0 10.0
2124.0 1747.0 20.0 10.0
626.0 480.0 20.0 10.0
1437.0 1531.0 20.0 10.0
552.0 431.0 20.0 10.0
1122.0 1720.0 20.0 10.0
975.0 1656.0 20.0 10.0
2375.0 1155.0 20.0 10.0
104.0 87.0 20.0 10.0
1987.0 2055.0 20.0 10.0
1097.0 1738.0 20.0 10.0
942.0 1697.0 20.0 10.0
963.0 1678.0 20.0 10.0
851.0 1586.0 20.0 10.0
872.0 1595.0 20.0 10.0
2319.0 1697.0 20.0 10.0
2294.0 1688.0 20.0 10.0
2254.0 1154.0 20.0 10.0
885.0 710.0 20.0 10.0
358.0 276.0 20.0 10.0
394.0 302.0 20.0 10.0
2019.0 2161.0 20.0 10.0
343.0 454.0 20.0 10.0
2051.0 2273.0 20.0 10.0
2083.0 1681.0 20.0 10.0
2082.0 1654.0 20.0 10.0
2146.0 2665.0 20.0 10.0
2144.0 2654.0 20.0 10.0
2138.0 1576.0 20.0 10.0
2099.0 1554.0 20.0 10.0
2059.0 1532.0 20.0 10.0
2042.0 1595.0 20.0 10.0
2242.0 1217.0 20.0 10.0
444.0 420.0 20.0 10.0
466.0 437.0 20.0 10.0
1693.0 1860.0 20.0 10.0
1720.0 1852.0 20.0 10.0
2292.0 1414.0 20.0 10.0
74.0 65.0 20.0 10.0
1107.0 2070.0 20.0 10.0
2727.0 1047.0 20.0 10.0
2288.0 1471.0 20.0 10.0
1039.0 1791.0 20.0 10.0
1050.0 1784.0 20.0 10.0
2132.0 2590.0 20.0 10.0
2126.0 2567.0 20.0 10.0
858.0 466.0 20.0 10.0
846.0 478.0 20.0 10.0
820.0 490.0 20.0 10.0
818.0 506.0 20.0 10.0
815.0 524.0 20.0 10.0
814.0 544.0 20.0 10.0
823.0 568.0 20.0 10.0
832.0 599.0 20.0 10.0
1034.0 1725.0 20.0 10.0
1063.0 1707.0 20.0 10.0
431.0 329.0 20.0 10.0
470.0 361.0 20.0 10.0
511.0 395.0 20.0 10.0
1489.0 1268.0 20.0 10.0
1515.0 1270.0 20.0 10.0
881.0 1658.0 20.0 10.0
894.0 1682.0 20.0 10.0
926.0 1683.0 20.0 10.0
1157.0 907.0 20.0 10.0
1185.0 917.0 20.0 10.0
1132.0 1774.0 20.0 10.0
1986.0 2131.0 20.0 10.0
1602.0 1744.0 20.0 10.0
882.0 1704.0 20.0 10.0
901.0 1700.0 20.0 10.0
1144.0 2082.0 20.0 10.0
292.0 255.0 20.0 10.0
2102.0 1696.0 20.0 10.0
2096.0 2419.0 20.0 10.0
2089.0 2385.0 20.0 10.0
1636.0 1124.0 20.0 10.0
594.0 428.0 20.0 10.0
2081.0 1549.0 20.0 10.0
2282.0 1165.0 20.0 10.0
155.0 168.0 20.0 10.0
491.0 357.0 20.0 10.0
2079.0 2349.0 20.0 10.0
2065.0 2312.0 20.0 10.0
1534.0 1210.0 20.0 10.0
1554.0 1150.0 20.0 10.0
1987.0 1703.0 20.0 10.0
2197.0 2566.0 20.0 10.0
2188.0 2558.0 20.0 10.0
2176.0 2541.0 20.0 10.0
935.0 717.0 20.0 10.0
310.0 260.0 20.0 10.0
323.0 264.0 20.0 10.0
339.0 269.0 20.0 10.0
1785.0 1798.0 20.0 10.0
1772.0 1773.0 20.0 10.0
1721.0 1759.0 20.0 10.0
1669.0 1741.0 20.0 10.0
1619.0 1721.0 20.0 10.0
1567.0 1701.0 20.0 10.0
771.0 1680.0 20.0 10.0
796.0 1683.0 20.0 10.0
820.0 1685.0 20.0 10.0
844.0 1688.0 20.0 10.0
868.0 1689.0 20.0 10.0
1307.0 1743.0 20.0 10.0
194.0 149.0 20.0 10.0
2479.0 1126.0 20.0 10.0
2427.0 1147.0 20.0 10.0
1509.0 1743.0 20.0 10.0
1487.0 1729.0 20.0 10.0
2247.0 1182.0 20.0 10.0
165.0 134.0 20.0 10.0
710.0 572.0 20.0 10.0
852.0 605.0 20.0 10.0
1460.0 1408.0 20.0 10.0
1478.0 1390.0 20.0 10.0
1496.0 1330.0 20.0 10.0
557.0 479.0 20.0 10.0
597.0 488.0 20.0 10.0
636.0 508.0 20.0 10.0
685.0 550.0 20.0 10.0
737.0 591.0 20.0 10.0
2275.0 1678.0 20.0 10.0
849.0 673.0 20.0 10.0
910.0 716.0 20.0 10.0
972.0 760.0 20.0 10.0
2237.0 1178.0 20.0 10.0
2209.0 1180.0 20.0 10.0
2181.0 1184.0 20.0 10.0
2159.0 1197.0 20.0 10.0
803.0 591.0 20.0 10.0
807.0 617.0 20.0 10.0
830.0 636.0 20.0 10.0
1723.0 1838.0 20.0 10.0
1719.0 1821.0 20.0 10.0
2210.0 1205.0 20.0 10.0
2162.0 1220.0 20.0 10.0
2085.0 2492.0 20.0 10.0
1200.0 1847.0 20.0 10.0
1213.0 1822.0 20.0 10.0
1235.0 1775.0 20.0 10.0
2398.0 1150.0 20.0 10.0
2275.0 1516.0 20.0 10.0
2598.0 1087.0 20.0 10.0
2574.0 1093.0 20.0 10.0
2529.0 1109.0 20.0 10.0
1079.0 2014.0 20.0 10.0
1088.0 2000.0 20.0 10.0
462.0 488.0 20.0 10.0
1106.0 852.0 20.0 10.0
987.0 2116.0 20.0 10.0
2226.0 1473.0 20.0 10.0
2202.0 1451.0 20.0 10.0
1958.0 1753.0 20.0 10.0
2148.0 2438.0 20.0 10.0
25.0 25.0 20.0 10.0
39.0 33.0 20.0 10.0
2707.0 1050.0 20.0 10.0
2684.0 1056.0 20.0 10.0
435.0 413.0 20.0 10.0
569.0 488.0 20.0 10.0
2092.0 2548.0 20.0 10.0
791.0 634.0 20.0 10.0
1142.0 2125.0 20.0 10.0
2228.0 1162.0 20.0 10.0
2201.0 1170.0 20.0 10.0
1497.0 1724.0 20.0 10.0
1469.0 1714.0 20.0 10.0
1463.0 1683.0 20.0 10.0
1098.0 1698.0 20.0 10.0
1150.0 1707.0 20.0 10.0
2344.0 1116.0 20.0 10.0
2330.0 1138.0 20.0 10.0
1493.0 1288.0 20.0 10.0
1691.0 1826.0 20.0 10.0
1870.0 1209.0 20.0 10.0
1848.0 1212.0 20.0 10.0
1824.0 1217.0 20.0 10.0
1913.0 1239.0 20.0 10.0
452.0 418.0 20.0 10.0
1067.0 1766.0 20.0 10.0
2113.0 1223.0 20.0 10.0
2082.0 1239.0 20.0 10.0
1593.0 1077.0 20.0 10.0
1154.0 927.0 20.0 10.0
368.0 215.0 20.0 10.0
2171.0 2551.0 20.0 10.0
2167.0 2536.0 20.0 10.0
2163.0 2516.0 20.0 10.0
935.0 1633.0 20.0 10.0
948.0 1641.0 20.0 10.0
395.0 483.0 20.0 10.0
2224.0 2609.0 20.0 10.0
2218.0 2599.0 20.0 10.0
2209.0 2587.0 20.0 10.0
2199.0 2573.0 20.0 10.0
