500
3122.0 668.0 20.0 10.0
1684.0 690.0 20.0 10.0
3363.0 1245.0 20.0 10.0
3342.0 1250.0 20.0 10.0
1001.0 71.0 20.0 10.0
3017.0 1317.0 20.0 10.0
3012.0 1301.0 20.0 10.0
3007.0 1284.0 20.0 10.0
3064.0 710.0 20.0 10.0
976.0 162.0 20.0 10.0
997.0 196.0 20.0 10.0
1016.0 237.0 20.0 10.0
3013.0 746.0 20.0 10.0
1416.0 756.0 20.0 10.0
1412.0 735.0 20.0 10.0
1382.0 727.0 20.0 10.0
95.0 1615.0 20.0 10.0
853.0 646.0 20.0 10.0
1381.0 316.0 20.0 10.0
2142.0 785.0 20.0 10.0
37.0 1619.0 20.0 10.0
2935.0 778.0 20.0 10.0
2938.0 807.0 20.0 10.0
570.0 1042.0 20.0 10.0
624.0 1001.0 20.0 10.0
677.0 879.0 20.0 10.0
903.0 735.0 20.0 10.0
247.0 1303.0 20.0 10.0
1032.0 382.0 20.0 10.0
3215.0 1193.0 20.0 10.0
3131.0 1129.0 20.0 10.0
1424.0 319.0 20.0 10.0
1302.0 662.0 20.0 10.0
3535.0 995.0 20.0 10.0
3516.0 1001.0 20.0 10.0
623.0 809.0 20.0 10.0
3552.0 985.0 20.0 10.0
676.0 1551.0 20.0 10.0
960.0 742.0 20.0 10.0
1253.0 524.0 20.0 10.0
3120.0 1186.0 20.0 10.0
3101.0 1165.0 20.0 10.0
210.0 1333.0 20.0 10.0
907.0 116.0 20.0 10.0
1413.0 328.0 20.0 10.0
1394.0 336.0 20.0 10.0
933.0 298.0 20.0 10.0
66.0 1539.0 20.0 10.0
89.0 1554.0 20.0 10.0
82.0 1569.0 20.0 10.0
3162.0 1138.0 20.0 10.0
25.0 1489.0 20.0 10.0
997.0 94.0 20.0 10.0
1005.0 373.0 20.0 10.0
978.0 367.0 20.0 10.0
2783.0 1004.0 20.0 10.0
1362.0 744.0 20.0 10.0
1727.0 735.0 20.0 10.0
1658.0 722.0 20.0 10.0
898.0 663.0 20.0 10.0
926.0 675.0 20.0 10.0
944.0 709.0 20.0 10.0
155.0 1723.0 20.0 10.0
3339.0 1020.0 20.0 10.0
631.0 1585.0 20.0 10.0
3047.0 766.0 20.0 10.0
871.0 31.0 20.0 10.0
2127.0 771.0 20.0 10.0
941.0 36.0 20.0 10.0
1673.0 704.0 20.0 10.0
3141.0 1034.0 20.0 10.0
2962.0 1182.0 20.0 10.0
2947.0 1152.0 20.0 10.0
1154.0 277.0 20.0 10.0
1159.0 300.0 20.0 10.0
1139.0 313.0 20.0 10.0
68.0 1445.0 20.0 10.0
44.0 1461.0 20.0 10.0
60.0 1451.0 20.0 10.0
327.0 1623.0 20.0 10.0
648.0 805.0 20.0 10.0
1143.0 252.0 20.0 10.0
1905.0 749.0 20.0 10.0
834.0 839.0 20.0 10.0
707.0 924.0 20.0 10.0
730.0 913.0 20.0 10.0
332.0 1652.0 20.0 10.0
437.0 1632.0 20.0 10.0
561.0 783.0 20.0 10.0
3153.0 1179.0 20.0 10.0
3152.0 1152.0 20.0 10.0
657.0 1572.0 20.0 10.0
1798.0 706.0 20.0 10.0
2007.0 780.0 20.0 10.0
934.0 112.0 20.0 10.0
957.0 129.0 20.0 10.0
2983.0 780.0 20.0 10.0
2965.0 803.0 20.0 10.0
995.0 150.0 20.0 10.0
2927.0 716.0 20.0 10.0
934.0 408.0 20.0 10.0
914.0 430.0 20.0 10.0
836.0 639.0 20.0 10.0
513.0 1572.0 20.0 10.0
2964.0 1031.0 20.0 10.0
471.0 762.0 20.0 10.0
934.0 64.0 20.0 10.0
1051.0 694.0 20.0 10.0
945.0 342.0 20.0 10.0
949.0 52.0 20.0 10.0
953.0 74.0 20.0 10.0
781.0 866.0 20.0 10.0
1140.0 584.0 20.0 10.0
524.0 1111.0 20.0 10.0
518.0 1082.0 20.0 10.0
941.0 89.0 20.0 10.0
1213.0 617.0 20.0 10.0
2080.0 795.0 20.0 10.0
2854.0 1026.0 20.0 10.0
3176.0 1273.0 20.0 10.0
608.0 811.0 20.0 10.0
2985.0 808.0 20.0 10.0
3318.0 1238.0 20.0 10.0
651.0 759.0 20.0 10.0
1454.0 640.0 20.0 10.0
3249.0 1005.0 20.0 10.0
2374.0 865.0 20.0 10.0
736.0 935.0 20.0 10.0
3423.0 1337.0 20.0 10.0
571.0 1596.0 20.0 10.0
534.0 1598.0 20.0 10.0
1376.0 768.0 20.0 10.0
1231.0 652.0 20.0 10.0
3243.0 955.0 20.0 10.0
3262.0 974.0 20.0 10.0
1374.0 296.0 20.0 10.0
36.0 1675.0 20.0 10.0
3016.0 812.0 20.0 10.0
3204.0 588.0 20.0 10.0
535.0 1557.0 20.0 10.0
462.0 1644.0 20.0 10.0
899.0 575.0 20.0 10.0
3103.0 716.0 20.0 10.0
70.0 1818.0 20.0 10.0
286.0 1270.0 20.0 10.0
897.0 744.0 20.0 10.0
924.0 297.0 20.0 10.0
3272.0 958.0 20.0 10.0
188.0 1695.0 20.0 10.0
175.0 1670.0 20.0 10.0
3424.0 991.0 20.0 10.0
996.0 111.0 20.0 10.0
2301.0 846.0 20.0 10.0
1452.0 219.0 20.0 10.0
3300.0 1270.0 20.0 10.0
1890.0 771.0 20.0 10.0
592.0 780.0 20.0 10.0
1458.0 707.0 20.0 10.0
1445.0 683.0 20.0 10.0
3316.0 1263.0 20.0 10.0
3290.0 1249.0 20.0 10.0
3214.0 521.0 20.0 10.0
3518.0 1016.0 20.0 10.0
276.0 1259.0 20.0 10.0
298.0 1246.0 20.0 10.0
1588.0 709.0 20.0 10.0
1797.0 723.0 20.0 10.0
55.0 1795.0 20.0 10.0
1401.0 705.0 20.0 10.0
1373.0 700.0 20.0 10.0
3437.0 974.0 20.0 10.0
477.0 1107.0 20.0 10.0
1347.0 376.0 20.0 10.0
604.0 1598.0 20.0 10.0
3069.0 730.0 20.0 10.0
3042.0 740.0 20.0 10.0
3016.0 774.0 20.0 10.0
495.0 1596.0 20.0 10.0
1183.0 551.0 20.0 10.0
626.0 775.0 20.0 10.0
663.0 775.0 20.0 10.0
3093.0 688.0 20.0 10.0
363.0 1265.0 20.0 10.0
366.0 1234.0 20.0 10.0
245.0 1271.0 20.0 10.0
3092.0 1053.0 20.0 10.0
1281.0 487.0 20.0 10.0
2949.0 837.0 20.0 10.0
3254.0 1223.0 20.0 10.0
1012.0 221.0 20.0 10.0
466.0 1121.0 20.0 10.0
3247.0 535.0 20.0 10.0
1573.0 729.0 20.0 10.0
3397.0 1328.0 20.0 10.0
3174.0 1161.0 20.0 10.0
2929.0 1065.0 20.0 10.0
2831.0 1012.0 20.0 10.0
2813.0 989.0 20.0 10.0
1112.0 276.0 20.0 10.0
1560.0 663.0 20.0 10.0
2091.0 837.0 20.0 10.0
327.0 1234.0 20.0 10.0
372.0 1199.0 20.0 10.0
417.0 1160.0 20.0 10.0
428.0 1585.0 20.0 10.0
2521.0 902.0 20.0 10.0
196.0 1638.0 20.0 10.0
158.0 1623.0 20.0 10.0
120.0 1631.0 20.0 10.0
86.0 1645.0 20.0 10.0
62.0 1670.0 20.0 10.0
49.0 1701.0 20.0 10.0
1048.0 737.0 20.0 10.0
142.0 1388.0 20.0 10.0
1058.0 402.0 20.0 10.0
1034.0 277.0 20.0 10.0
1052.0 323.0 20.0 10.0
1069.0 371.0 20.0 10.0
1087.0 422.0 20.0 10.0
267.0 1286.0 20.0 10.0
995.0 129.0 20.0 10.0
3484.0 1059.0 20.0 10.0
150.0 1698.0 20.0 10.0
3450.0 1026.0 20.0 10.0
2952.0 1140.0 20.0 10.0
2931.0 1120.0 20.0 10.0
2894.0 1006.0 20.0 10.0
1925.0 752.0 20.0 10.0
3379.0 1324.0 20.0 10.0
805.0 626.0 20.0 10.0
1104.0 476.0 20.0 10.0
662.0 813.0 20.0 10.0
889.0 48.0 20.0 10.0
904.0 66.0 20.0 10.0
436.0 1171.0 20.0 10.0
3502.0 999.0 20.0 10.0
3483.0 1007.0 20.0 10.0
1123.0 332.0 20.0 10.0
1103.0 353.0 20.0 10.0
3313.0 1038.0 20.0 10.0
720.0 863.0 20.0 10.0
1112.0 290.0 20.0 10.0
1112.0 307.0 20.0 10.0
3260.0 1042.0 20.0 10.0
3205.0 1044.0 20.0 10.0
955.0 98.0 20.0 10.0
456.0 1654.0 20.0 10.0
440.0 1137.0 20.0 10.0
955.0 386.0 20.0 10.0
2936.0 1105.0 20.0 10.0
2901.0 1064.0 20.0 10.0
1122.0 531.0 20.0 10.0
3306.0 1266.0 20.0 10.0
884.0 539.0 20.0 10.0
502.0 1105.0 20.0 10.0
873.0 653.0 20.0 10.0
28.0 1806.0 20.0 10.0
1556.0 713.0 20.0 10.0
2227.0 828.0 20.0 10.0
2154.0 810.0 20.0 10.0
702.0 787.0 20.0 10.0
3163.0 1122.0 20.0 10.0
893.0 516.0 20.0 10.0
351.0 1219.0 20.0 10.0
1542.0 754.0 20.0 10.0
1538.0 741.0 20.0 10.0
3039.0 799.0 20.0 10.0
402.0 1664.0 20.0 10.0
3121.0 1054.0 20.0 10.0
858.0 396.0 20.0 10.0
863.0 425.0 20.0 10.0
1026.0 707.0 20.0 10.0
112.0 1412.0 20.0 10.0
3001.0 1263.0 20.0 10.0
2107.0 867.0 20.0 10.0
161.0 1379.0 20.0 10.0
2420.0 885.0 20.0 10.0
2447.0 882.0 20.0 10.0
455.0 1602.0 20.0 10.0
414.0 1610.0 20.0 10.0
370.0 1617.0 20.0 10.0
1331.0 437.0 20.0 10.0
1305.0 449.0 20.0 10.0
157.0 1373.0 20.0 10.0
792.0 622.0 20.0 10.0
1129.0 459.0 20.0 10.0
623.0 908.0 20.0 10.0
635.0 901.0 20.0 10.0
933.0 321.0 20.0 10.0
3497.0 1013.0 20.0 10.0
2930.0 732.0 20.0 10.0
115.0 1572.0 20.0 10.0
668.0 789.0 20.0 10.0
240.0 1633.0 20.0 10.0
595.0 1577.0 20.0 10.0
2925.0 702.0 20.0 10.0
306.0 1300.0 20.0 10.0
2581.0 896.0 20.0 10.0
2597.0 920.0 20.0 10.0
693.0 857.0 20.0 10.0
918.0 66.0 20.0 10.0
937.0 82.0 20.0 10.0
377.0 1590.0 20.0 10.0
473.0 776.0 20.0 10.0
883.0 408.0 20.0 10.0
882.0 437.0 20.0 10.0
788.0 813.0 20.0 10.0
1109.0 400.0 20.0 10.0
2935.0 750.0 20.0 10.0
2134.0 821.0 20.0 10.0
641.0 806.0 20.0 10.0
260.0 1265.0 20.0 10.0
2957.0 751.0 20.0 10.0
488.0 1089.0 20.0 10.0
948.0 314.0 20.0 10.0
87.0 1468.0 20.0 10.0
323.0 1593.0 20.0 10.0
3412.0 1340.0 20.0 10.0
3235.0 1214.0 20.0 10.0
3385.0 1023.0 20.0 10.0
786.0 887.0 20.0 10.0
2110.0 856.0 20.0 10.0
2118.0 837.0 20.0 10.0
1871.0 784.0 20.0 10.0
3338.0 1289.0 20.0 10.0
3268.0 921.0 20.0 10.0
3281.0 942.0 20.0 10.0
909.0 724.0 20.0 10.0
918.0 709.0 20.0 10.0
3445.0 1350.0 20.0 10.0
1430.0 262.0 20.0 10.0
1423.0 274.0 20.0 10.0
1401.0 293.0 20.0 10.0
1166.0 575.0 20.0 10.0
1327.0 411.0 20.0 10.0
121.0 1723.0 20.0 10.0
1866.0 756.0 20.0 10.0
1796.0 746.0 20.0 10.0
427.0 1153.0 20.0 10.0
834.0 819.0 20.0 10.0
745.0 852.0 20.0 10.0
3288.0 1030.0 20.0 10.0
3248.0 547.0 20.0 10.0
3223.0 547.0 20.0 10.0
346.0 1212.0 20.0 10.0
39.0 1470.0 20.0 10.0
1224.0 562.0 20.0 10.0
1409.0 768.0 20.0 10.0
3188.0 1270.0 20.0 10.0
3177.0 1255.0 20.0 10.0
3157.0 1236.0 20.0 10.0
176.0 1360.0 20.0 10.0
2957.0 738.0 20.0 10.0
1442.0 237.0 20.0 10.0
1434.0 253.0 20.0 10.0
254.0 1609.0 20.0 10.0
2078.0 743.0 20.0 10.0
3233.0 1025.0 20.0 10.0
2795.0 1001.0 20.0 10.0
1500.0 625.0 20.0 10.0
499.0 755.0 20.0 10.0
3370.0 1312.0 20.0 10.0
3356.0 1297.0 20.0 10.0
3118.0 1175.0 20.0 10.0
2508.0 877.0 20.0 10.0
903.0 606.0 20.0 10.0
1559.0 748.0 20.0 10.0
1550.0 737.0 20.0 10.0
1055.0 730.0 20.0 10.0
1035.0 720.0 20.0 10.0
1136.0 402.0 20.0 10.0
970.0 697.0 20.0 10.0
2981.0 747.0 20.0 10.0
879.0 482.0 20.0 10.0
31.0 1742.0 20.0 10.0
1152.0 330.0 20.0 10.0
2801.0 1024.0 20.0 10.0
58.0 1632.0 20.0 10.0
643.0 904.0 20.0 10.0
650.0 893.0 20.0 10.0
667.0 882.0 20.0 10.0
697.0 875.0 20.0 10.0
1353.0 402.0 20.0 10.0
955.0 25.0 20.0 10.0
3431.0 1018.0 20.0 10.0
3406.0 1031.0 20.0 10.0
2804.0 1012.0 20.0 10.0
3387.0 1304.0 20.0 10.0
3425.0 983.0 20.0 10.0
1093.0 673.0 20.0 10.0
3291.0 932.0 20.0 10.0
907.0 282.0 20.0 10.0
3477.0 1018.0 20.0 10.0
842.0 647.0 20.0 10.0
678.0 794.0 20.0 10.0
2916.0 870.0 20.0 10.0
846.0 832.0 20.0 10.0
678.0 1567.0 20.0 10.0
744.0 801.0 20.0 10.0
109.0 1580.0 20.0 10.0
137.0 1593.0 20.0 10.0
3034.0 1058.0 20.0 10.0
3187.0 607.0 20.0 10.0
3159.0 624.0 20.0 10.0
3147.0 648.0 20.0 10.0
820.0 632.0 20.0 10.0
769.0 838.0 20.0 10.0
316.0 1289.0 20.0 10.0
945.0 105.0 20.0 10.0
3148.0 1049.0 20.0 10.0
1157.0 464.0 20.0 10.0
2748.0 957.0 20.0 10.0
3402.0 989.0 20.0 10.0
283.0 1629.0 20.0 10.0
78.0 1774.0 20.0 10.0
91.0 1743.0 20.0 10.0
1402.0 770.0 20.0 10.0
1388.0 751.0 20.0 10.0
48.0 1468.0 20.0 10.0
2917.0 1084.0 20.0 10.0
2948.0 778.0 20.0 10.0
896.0 456.0 20.0 10.0
892.0 486.0 20.0 10.0
2287.0 822.0 20.0 10.0
2862.0 910.0 20.0 10.0
2853.0 938.0 20.0 10.0
2824.0 974.0 20.0 10.0
3390.0 1014.0 20.0 10.0
555.0 1545.0 20.0 10.0
381.0 1645.0 20.0 10.0
3231.0 564.0 20.0 10.0
3250.0 997.0 20.0 10.0
3203.0 562.0 20.0 10.0
2106.0 754.0 20.0 10.0
510.0 776.0 20.0 10.0
534.0 779.0 20.0 10.0
3410.0 1312.0 20.0 10.0
492.0 778.0 20.0 10.0
3098.0 1138.0 20.0 10.0
914.0 639.0 20.0 10.0
1493.0 635.0 20.0 10.0
1484.0 647.0 20.0 10.0
998.0 400.0 20.0 10.0
3361.0 1033.0 20.0 10.0
1567.0 653.0 20.0 10.0
348.0 1298.0 20.0 10.0
341.0 1280.0 20.0 10.0
35.0 1813.0 20.0 10.0
2088.0 738.0 20.0 10.0
114.0 1465.0 20.0 10.0
101.0 1439.0 20.0 10.0
1576.0 696.0 20.0 10.0
3138.0 1209.0 20.0 10.0
921.0 85.0 20.0 10.0
1572.0 659.0 20.0 10.0
3171.0 1259.0 20.0 10.0
965.0 346.0 20.0 10.0
3324.0 1276.0 20.0 10.0
3178.0 619.0 20.0 10.0
3582.0 1052.0 20.0 10.0
3556.0 1043.0 20.0 10.0
3531.0 1036.0 20.0 10.0
1366.0 345.0 20.0 10.0
25.0 1715.0 20.0 10.0
84.0 1431.0 20.0 10.0
1094.0 385.0 20.0 10.0
59.0 1732.0 20.0 10.0
895.0 545.0 20.0 10.0
2990.0 1238.0 20.0 10.0
1219.0 592.0 20.0 10.0
1193.0 601.0 20.0 10.0
1160.0 639.0 20.0 10.0
2884.0 903.0 20.0 10.0
2672.0 939.0 20.0 10.0
2908.0 1044.0 20.0 10.0
677.0 958.0 20.0 10.0
1373.0 671.0 20.0 10.0
1542.0 681.0 20.0 10.0
1517.0 695.0 20.0 10.0
2828.0 946.0 20.0 10.0
25.0 1477.0 20.0 10.0
897.0 781.0 20.0 10.0
3081.0 1098.0 20.0 10.0
3504.0 1044.0 20.0 10.0
1936.0 768.0 20.0 10.0
583.0 1022.0 20.0 10.0
1466.0 665.0 20.0 10.0
39.0 1750.0 20.0 10.0
3476.0 1043.0 20.0 10.0
2976.0 1211.0 20.0 10.0
599.0 1014.0 20.0 10.0
3139.0 1200.0 20.0 10.0
1392.0 789.0 20.0 10.0
1528.0 721.0 20.0 10.0
2970.0 1173.0 20.0 10.0
3092.0 725.0 20.0 10.0
995.0 171.0 20.0 10.0
3566.0 1007.0 20.0 10.0
3541.0 1002.0 20.0 10.0
3052.0 800.0 20.0 10.0
