500
2340.0 384.0 20.0 10.0
846.0 720.0 20.0 10.0
855.0 1393.0 20.0 10.0
852.0 1365.0 20.0 10.0
341.0 486.0 20.0 10.0
360.0 530.0 20.0 10.0
393.0 557.0 20.0 10.0
644.0 571.0 20.0 10.0
2476.0 39.0 20.0 10.0
1069.0 2402.0 20.0 10.0
2328.0 369.0 20.0 10.0
299.0 624.0 20.0 10.0
316.0 634.0 20.0 10.0
109.0 750.0 20.0 10.0
439.0 959.0 20.0 10.0
589.0 765.0 20.0 10.0
472.0 758.0 20.0 10.0
1116.0 2059.0 20.0 10.0
2077.0 318.0 20.0 10.0
1186.0 794.0 20.0 10.0
1082.0 2266.0 20.0 10.0
413.0 615.0 20.0 10.0
419.0 641.0 20.0 10.0
401.0 666.0 20.0 10.0
428.0 692.0 20.0 10.0
167.0 483.0 20.0 10.0
1059.0 2380.0 20.0 10.0
1051.0 2337.0 20.0 10.0
1044.0 2289.0 20.0 10.0
1034.0 2237.0 20.0 10.0
2520.0 47.0 20.0 10.0
1298.0 1367.0 20.0 10.0
1076.0 2263.0 20.0 10.0
369.0 519.0 20.0 10.0
363.0 776.0 20.0 10.0
139.0 750.0 20.0 10.0
980.0 2272.0 20.0 10.0
994.0 1178.0 20.0 10.0
51.0 739.0 20.0 10.0
957.0 1934.0 20.0 10.0
936.0 1872.0 20.0 10.0
156.0 711.0 20.0 10.0
183.0 722.0 20.0 10.0
2079.0 306.0 20.0 10.0
642.0 607.0 20.0 10.0
567.0 2087.0 20.0 10.0
904.0 1258.0 20.0 10.0
401.0 760.0 20.0 10.0
1172.0 1350.0 20.0 10.0
670.0 1097.0 20.0 10.0
623.0 2074.0 20.0 10.0
618.0 2046.0 20.0 10.0
1168.0 842.0 20.0 10.0
2248.0 378.0 20.0 10.0
1066.0 2418.0 20.0 10.0
827.0 765.0 20.0 10.0
893.0 766.0 20.0 10.0
385.0 652.0 20.0 10.0
2483.0 68.0 20.0 10.0
280.0 343.0 20.0 10.0
288.0 365.0 20.0 10.0
867.0 1304.0 20.0 10.0
869.0 1333.0 20.0 10.0
848.0 1312.0 20.0 10.0
1852.0 467.0 20.0 10.0
961.0 2290.0 20.0 10.0
281.0 617.0 20.0 10.0
194.0 491.0 20.0 10.0
860.0 1444.0 20.0 10.0
1079.0 1089.0 20.0 10.0
407.0 813.0 20.0 10.0
417.0 803.0 20.0 10.0
1218.0 756.0 20.0 10.0
1198.0 758.0 20.0 10.0
668.0 1227.0 20.0 10.0
325.0 761.0 20.0 10.0
1184.0 2059.0 20.0 10.0
1060.0 2492.0 20.0 10.0
2233.0 376.0 20.0 10.0
1159.0 1351.0 20.0 10.0
460.0 732.0 20.0 10.0
1370.0 665.0 20.0 10.0
344.0 651.0 20.0 10.0
676.0 1174.0 20.0 10.0
680.0 1162.0 20.0 10.0
865.0 1351.0 20.0 10.0
350.0 506.0 20.0 10.0
868.0 1394.0 20.0 10.0
1106.0 2259.0 20.0 10.0
1057.0 2313.0 20.0 10.0
278.0 365.0 20.0 10.0
848.0 1811.0 20.0 10.0
2377.0 361.0 20.0 10.0
2353.0 365.0 20.0 10.0
868.0 1415.0 20.0 10.0
1110.0 2286.0 20.0 10.0
1463.0 542.0 20.0 10.0
815.0 1845.0 20.0 10.0
822.0 1818.0 20.0 10.0
2171.0 374.0 20.0 10.0
411.0 983.0 20.0 10.0
1209.0 1389.0 20.0 10.0
1069.0 2468.0 20.0 10.0
1070.0 2449.0 20.0 10.0
640.0 628.0 20.0 10.0
389.0 576.0 20.0 10.0
499.0 955.0 20.0 10.0
1365.0 639.0 20.0 10.0
2410.0 353.0 20.0 10.0
1716.0 551.0 20.0 10.0
1691.0 540.0 20.0 10.0
297.0 388.0 20.0 10.0
309.0 418.0 20.0 10.0
2081.0 339.0 20.0 10.0
2207.0 252.0 20.0 10.0
643.0 588.0 20.0 10.0
694.0 1181.0 20.0 10.0
2415.0 357.0 20.0 10.0
2398.0 358.0 20.0 10.0
769.0 1866.0 20.0 10.0
1894.0 475.0 20.0 10.0
2479.0 25.0 20.0 10.0
1232.0 745.0 20.0 10.0
1500.0 682.0 20.0 10.0
1389.0 609.0 20.0 10.0
1393.0 634.0 20.0 10.0
377.0 755.0 20.0 10.0
366.0 624.0 20.0 10.0
2366.0 154.0 20.0 10.0
2342.0 154.0 20.0 10.0
295.0 570.0 20.0 10.0
320.0 580.0 20.0 10.0
343.0 613.0 20.0 10.0
645.0 542.0 20.0 10.0
645.0 555.0 20.0 10.0
2071.0 406.0 20.0 10.0
2322.0 379.0 20.0 10.0
2151.0 376.0 20.0 10.0
1056.0 2320.0 20.0 10.0
699.0 1945.0 20.0 10.0
531.0 939.0 20.0 10.0
524.0 913.0 20.0 10.0
556.0 893.0 20.0 10.0
881.0 1702.0 20.0 10.0
1111.0 719.0 20.0 10.0
1059.0 2458.0 20.0 10.0
1072.0 1308.0 20.0 10.0
1061.0 1279.0 20.0 10.0
1016.0 2314.0 20.0 10.0
1183.0 900.0 20.0 10.0
364.0 1014.0 20.0 10.0
381.0 1002.0 20.0 10.0
1082.0 2423.0 20.0 10.0
741.0 1897.0 20.0 10.0
582.0 2070.0 20.0 10.0
595.0 2057.0 20.0 10.0
194.0 724.0 20.0 10.0
637.0 672.0 20.0 10.0
636.0 704.0 20.0 10.0
1201.0 851.0 20.0 10.0
1014.0 2301.0 20.0 10.0
1130.0 2087.0 20.0 10.0
497.0 916.0 20.0 10.0
2358.0 388.0 20.0 10.0
2429.0 355.0 20.0 10.0
258.0 343.0 20.0 10.0
762.0 766.0 20.0 10.0
1149.0 2086.0 20.0 10.0
562.0 744.0 20.0 10.0
1080.0 1266.0 20.0 10.0
273.0 576.0 20.0 10.0
302.0 588.0 20.0 10.0
1080.0 695.0 20.0 10.0
185.0 755.0 20.0 10.0
117.0 745.0 20.0 10.0
1161.0 2262.0 20.0 10.0
1141.0 2247.0 20.0 10.0
1124.0 2235.0 20.0 10.0
1098.0 2224.0 20.0 10.0
187.0 744.0 20.0 10.0
643.0 1049.0 20.0 10.0
696.0 1280.0 20.0 10.0
1092.0 2059.0 20.0 10.0
349.0 1023.0 20.0 10.0
1089.0 2236.0 20.0 10.0
2165.0 315.0 20.0 10.0
788.0 1852.0 20.0 10.0
965.0 2069.0 20.0 10.0
1182.0 1301.0 20.0 10.0
1522.0 614.0 20.0 10.0
1052.0 1073.0 20.0 10.0
603.0 958.0 20.0 10.0
1197.0 1378.0 20.0 10.0
1184.0 1367.0 20.0 10.0
788.0 1842.0 20.0 10.0
1405.0 668.0 20.0 10.0
988.0 2330.0 20.0 10.0
875.0 1596.0 20.0 10.0
867.0 1521.0 20.0 10.0
464.0 705.0 20.0 10.0
477.0 730.0 20.0 10.0
106.0 740.0 20.0 10.0
1475.0 682.0 20.0 10.0
1498.0 671.0 20.0 10.0
1482.0 652.0 20.0 10.0
1463.0 640.0 20.0 10.0
864.0 702.0 20.0 10.0
856.0 710.0 20.0 10.0
1024.0 1126.0 20.0 10.0
1167.0 2052.0 20.0 10.0
1155.0 2056.0 20.0 10.0
882.0 1509.0 20.0 10.0
879.0 1497.0 20.0 10.0
2531.0 25.0 20.0 10.0
1166.0 2096.0 20.0 10.0
640.0 686.0 20.0 10.0
25.0 733.0 20.0 10.0
2460.0 84.0 20.0 10.0
335.0 645.0 20.0 10.0
2190.0 386.0 20.0 10.0
1139.0 1301.0 20.0 10.0
1121.0 741.0 20.0 10.0
1117.0 767.0 20.0 10.0
1518.0 473.0 20.0 10.0
2107.0 377.0 20.0 10.0
382.0 578.0 20.0 10.0
405.0 633.0 20.0 10.0
2267.0 224.0 20.0 10.0
1044.0 2228.0 20.0 10.0
1029.0 2209.0 20.0 10.0
431.0 702.0 20.0 10.0
444.0 714.0 20.0 10.0
1105.0 1034.0 20.0 10.0
1077.0 1018.0 20.0 10.0
1054.0 1283.0 20.0 10.0
1031.0 1276.0 20.0 10.0
1013.0 1255.0 20.0 10.0
856.0 1332.0 20.0 10.0
2171.0 280.0 20.0 10.0
2137.0 311.0 20.0 10.0
1835.0 492.0 20.0 10.0
278.0 607.0 20.0 10.0
726.0 1243.0 20.0 10.0
1137.0 2057.0 20.0 10.0
211.0 767.0 20.0 10.0
821.0 1799.0 20.0 10.0
2303.0 202.0 20.0 10.0
642.0 2007.0 20.0 10.0
652.0 1997.0 20.0 10.0
675.0 1971.0 20.0 10.0
2436.0 103.0 20.0 10.0
366.0 657.0 20.0 10.0
564.0 775.0 20.0 10.0
377.0 780.0 20.0 10.0
395.0 778.0 20.0 10.0
981.0 2067.0 20.0 10.0
710.0 1262.0 20.0 10.0
631.0 2020.0 20.0 10.0
1008.0 2276.0 20.0 10.0
1005.0 2247.0 20.0 10.0
49.0 713.0 20.0 10.0
1905.0 443.0 20.0 10.0
866.0 1474.0 20.0 10.0
377.0 495.0 20.0 10.0
400.0 989.0 20.0 10.0
718.0 1247.0 20.0 10.0
2247.0 192.0 20.0 10.0
390.0 603.0 20.0 10.0
1066.0 2438.0 20.0 10.0
1182.0 2278.0 20.0 10.0
365.0 1041.0 20.0 10.0
58.0 772.0 20.0 10.0
324.0 451.0 20.0 10.0
988.0 2301.0 20.0 10.0
1184.0 1320.0 20.0 10.0
1249.0 1353.0 20.0 10.0
1229.0 1343.0 20.0 10.0
184.0 774.0 20.0 10.0
959.0 769.0 20.0 10.0
1024.0 774.0 20.0 10.0
1003.0 2322.0 20.0 10.0
2195.0 375.0 20.0 10.0
433.0 737.0 20.0 10.0
964.0 1231.0 20.0 10.0
356.0 762.0 20.0 10.0
75.0 727.0 20.0 10.0
2063.0 422.0 20.0 10.0
2045.0 419.0 20.0 10.0
2309.0 175.0 20.0 10.0
817.0 1888.0 20.0 10.0
1064.0 738.0 20.0 10.0
1057.0 761.0 20.0 10.0
1094.0 2283.0 20.0 10.0
856.0 1783.0 20.0 10.0
1005.0 2091.0 20.0 10.0
1079.0 682.0 20.0 10.0
2211.0 235.0 20.0 10.0
1604.0 599.0 20.0 10.0
203.0 758.0 20.0 10.0
796.0 1220.0 20.0 10.0
318.0 555.0 20.0 10.0
2033.0 395.0 20.0 10.0
2009.0 397.0 20.0 10.0
1062.0 2399.0 20.0 10.0
2371.0 388.0 20.0 10.0
1082.0 709.0 20.0 10.0
1066.0 782.0 20.0 10.0
236.0 759.0 20.0 10.0
980.0 1255.0 20.0 10.0
624.0 1030.0 20.0 10.0
913.0 1808.0 20.0 10.0
1142.0 1332.0 20.0 10.0
1085.0 725.0 20.0 10.0
1094.0 750.0 20.0 10.0
1488.0 506.0 20.0 10.0
285.0 526.0 20.0 10.0
1345.0 696.0 20.0 10.0
1285.0 727.0 20.0 10.0
711.0 1227.0 20.0 10.0
399.0 601.0 20.0 10.0
1934.0 451.0 20.0 10.0
1108.0 2094.0 20.0 10.0
1194.0 1334.0 20.0 10.0
1153.0 1323.0 20.0 10.0
1109.0 1302.0 20.0 10.0
214.0 518.0 20.0 10.0
1445.0 551.0 20.0 10.0
1426.0 573.0 20.0 10.0
268.0 565.0 20.0 10.0
613.0 1048.0 20.0 10.0
1171.0 2059.0 20.0 10.0
84.0 730.0 20.0 10.0
2503.0 30.0 20.0 10.0
2504.0 54.0 20.0 10.0
737.0 1220.0 20.0 10.0
1297.0 1380.0 20.0 10.0
1271.0 1375.0 20.0 10.0
1259.0 1354.0 20.0 10.0
687.0 1205.0 20.0 10.0
493.0 931.0 20.0 10.0
1199.0 716.0 20.0 10.0
403.0 788.0 20.0 10.0
130.0 698.0 20.0 10.0
954.0 2394.0 20.0 10.0
967.0 2372.0 20.0 10.0
1189.0 730.0 20.0 10.0
487.0 834.0 20.0 10.0
514.0 824.0 20.0 10.0
1155.0 1020.0 20.0 10.0
1007.0 2216.0 20.0 10.0
1027.0 2183.0 20.0 10.0
1011.0 2122.0 20.0 10.0
1636.0 565.0 20.0 10.0
1171.0 1008.0 20.0 10.0
823.0 1868.0 20.0 10.0
2159.0 402.0 20.0 10.0
1128.0 2306.0 20.0 10.0
990.0 2270.0 20.0 10.0
992.0 2242.0 20.0 10.0
1068.0 2242.0 20.0 10.0
1064.0 2210.0 20.0 10.0
2100.0 343.0 20.0 10.0
617.0 2088.0 20.0 10.0
742.0 1189.0 20.0 10.0
748.0 1156.0 20.0 10.0
1068.0 2340.0 20.0 10.0
1077.0 2495.0 20.0 10.0
1171.0 902.0 20.0 10.0
373.0 1011.0 20.0 10.0
1957.0 419.0 20.0 10.0
1031.0 2065.0 20.0 10.0
996.0 2059.0 20.0 10.0
82.0 760.0 20.0 10.0
943.0 2079.0 20.0 10.0
1223.0 760.0 20.0 10.0
1157.0 790.0 20.0 10.0
1139.0 848.0 20.0 10.0
1120.0 905.0 20.0 10.0
1493.0 549.0 20.0 10.0
420.0 975.0 20.0 10.0
953.0 2074.0 20.0 10.0
1394.0 599.0 20.0 10.0
1200.0 1022.0 20.0 10.0
1185.0 1022.0 20.0 10.0
1159.0 1029.0 20.0 10.0
1133.0 1035.0 20.0 10.0
265.0 504.0 20.0 10.0
1121.0 1330.0 20.0 10.0
1482.0 693.0 20.0 10.0
154.0 772.0 20.0 10.0
177.0 761.0 20.0 10.0
976.0 1997.0 20.0 10.0
1580.0 590.0 20.0 10.0
1522.0 680.0 20.0 10.0
207.0 753.0 20.0 10.0
1462.0 524.0 20.0 10.0
464.0 946.0 20.0 10.0
1104.0 1008.0 20.0 10.0
1094.0 2213.0 20.0 10.0
1091.0 781.0 20.0 10.0
1183.0 786.0 20.0 10.0
725.0 1916.0 20.0 10.0
755.0 1885.0 20.0 10.0
253.0 748.0 20.0 10.0
1745.0 516.0 20.0 10.0
1024.0 2048.0 20.0 10.0
1062.0 2066.0 20.0 10.0
832.0 737.0 20.0 10.0
2300.0 373.0 20.0 10.0
2270.0 376.0 20.0 10.0
852.0 756.0 20.0 10.0
733.0 1242.0 20.0 10.0
2536.0 37.0 20.0 10.0
1411.0 602.0 20.0 10.0
978.0 2351.0 20.0 10.0
2067.0 337.0 20.0 10.0
2083.0 362.0 20.0 10.0
2061.0 374.0 20.0 10.0
2377.0 138.0 20.0 10.0
699.0 1090.0 20.0 10.0
651.0 1024.0 20.0 10.0
306.0 549.0 20.0 10.0
991.0 2088.0 20.0 10.0
890.0 1744.0 20.0 10.0
1093.0 1339.0 20.0 10.0
1087.0 1328.0 20.0 10.0
341.0 504.0 20.0 10.0
1180.0 768.0 20.0 10.0
1091.0 2495.0 20.0 10.0
1076.0 2473.0 20.0 10.0
844.0 1285.0 20.0 10.0
361.0 501.0 20.0 10.0
426.0 778.0 20.0 10.0
496.0 783.0 20.0 10.0
373.0 543.0 20.0 10.0
809.0 1884.0 20.0 10.0
2244.0 203.0 20.0 10.0
417.0 571.0 20.0 10.0
104.0 684.0 20.0 10.0
701.0 738.0 20.0 10.0
407.0 592.0 20.0 10.0
522.0 802.0 20.0 10.0
2375.0 400.0 20.0 10.0
1087.0 2096.0 20.0 10.0
1070.0 2092.0 20.0 10.0
638.0 649.0 20.0 10.0
1148.0 915.0 20.0 10.0
1123.0 696.0 20.0 10.0
1114.0 714.0 20.0 10.0
193.0 462.0 20.0 10.0
1504.0 488.0 20.0 10.0
1493.0 500.0 20.0 10.0
269.0 341.0 20.0 10.0
1093.0 1283.0 20.0 10.0
1212.0 1023.0 20.0 10.0
1278.0 1358.0 20.0 10.0
1147.0 2326.0 20.0 10.0
638.0 735.0 20.0 10.0
630.0 768.0 20.0 10.0
696.0 766.0 20.0 10.0
1823.0 501.0 20.0 10.0
1798.0 491.0 20.0 10.0
1008.0 2073.0 20.0 10.0
2389.0 359.0 20.0 10.0
1190.0 850.0 20.0 10.0
2139.0 291.0 20.0 10.0
1247.0 1382.0 20.0 10.0
2353.0 127.0 20.0 10.0
1169.0 1301.0 20.0 10.0
330.0 1038.0 20.0 10.0
218.0 728.0 20.0 10.0
2286.0 226.0 20.0 10.0
1521.0 692.0 20.0 10.0
1511.0 678.0 20.0 10.0
882.0 1671.0 20.0 10.0
239.0 543.0 20.0 10.0
1486.0 662.0 20.0 10.0
691.0 1218.0 20.0 10.0
671.0 1123.0 20.0 10.0
697.0 1114.0 20.0 10.0
307.0 765.0 20.0 10.0
328.0 772.0 20.0 10.0
357.0 771.0 20.0 10.0
335.0 583.0 20.0 10.0
678.0 1147.0 20.0 10.0
677.0 1131.0 20.0 10.0
208.0 741.0 20.0 10.0
715.0 1202.0 20.0 10.0
2190.0 377.0 20.0 10.0
1098.0 962.0 20.0 10.0
1016.0 2151.0 20.0 10.0
2408.0 121.0 20.0 10.0
292.0 764.0 20.0 10.0
1479.0 514.0 20.0 10.0
1463.0 532.0 20.0 10.0
1875.0 469.0 20.0 10.0
79.0 745.0 20.0 10.0
104.0 746.0 20.0 10.0
2275.0 196.0 20.0 10.0
2242.0 224.0 20.0 10.0
