50
51.0 73.0 20.0 10.0
67.0 91.0 20.0 10.0
80.0 78.0 20.0 10.0
82.0 55.0 20.0 10.0
57.0 80.0 20.0 10.0
67.0 59.0 20.0 10.0
72.0 70.0 20.0 10.0
88.0 66.0 20.0 10.0
72.0 81.0 20.0 10.0
62.0 63.0 20.0 10.0
100.0 66.0 20.0 10.0
64.0 74.0 20.0 10.0
78.0 88.0 20.0 10.0
88.0 42.0 20.0 10.0
89.0 79.0 20.0 10.0
62.0 113.0 20.0 10.0
116.0 57.0 20.0 10.0
93.0 102.0 20.0 10.0
77.0 48.0 20.0 10.0
108.0 59.0 20.0 10.0
94.0 57.0 20.0 10.0
78.0 33.0 20.0 10.0
56.0 61.0 20.0 10.0
40.0 95.0 20.0 10.0
52.0 85.0 20.0 10.0
24.0 80.0 20.0 10.0
41.0 103.0 20.0 10.0
25.0 59.0 20.0 10.0
113.0 72.0 20.0 10.0
99.0 80.0 20.0 10.0
40.0 50.0 20.0 10.0
69.0 42.0 20.0 10.0
112.0 29.0 20.0 10.0
46.0 43.0 20.0 10.0
36.0 85.0 20.0 10.0
104.0 97.0 20.0 10.0
48.0 59.0 20.0 10.0
50.0 50.0 20.0 10.0
49.0 37.0 20.0 10.0
25.0 66.0 20.0 10.0
59.0 43.0 20.0 10.0
87.0 108.0 20.0 10.0
73.0 108.0 20.0 10.0
47.0 115.0 20.0 10.0
57.0 25.0 20.0 10.0
60.0 106.0 20.0 10.0
30.0 71.0 20.0 10.0
94.0 42.0 20.0 10.0
25.0 90.0 20.0 10.0
26.0 36.0 20.0 10.0
