50
44.0 74.0 20.0 10.0
58.0 68.0 20.0 10.0
65.0 68.0 20.0 10.0
63.0 62.0 20.0 10.0
71.0 72.0 20.0 10.0
62.0 73.0 20.0 10.0
64.0 84.0 20.0 10.0
66.0 74.0 20.0 10.0
73.0 91.0 20.0 10.0
70.0 36.0 20.0 10.0
52.0 76.0 20.0 10.0
94.0 83.0 20.0 10.0
42.0 89.0 20.0 10.0
53.0 113.0 20.0 10.0
90.0 72.0 20.0 10.0
102.0 81.0 20.0 10.0
60.0 42.0 20.0 10.0
100.0 57.0 20.0 10.0
41.0 100.0 20.0 10.0
94.0 44.0 20.0 10.0
65.0 44.0 20.0 10.0
75.0 99.0 20.0 10.0
36.0 48.0 20.0 10.0
57.0 35.0 20.0 10.0
45.0 105.0 20.0 10.0
74.0 54.0 20.0 10.0
106.0 71.0 20.0 10.0
90.0 88.0 20.0 10.0
69.0 112.0 20.0 10.0
79.0 65.0 20.0 10.0
86.0 25.0 20.0 10.0
25.0 86.0 20.0 10.0
109.0 93.0 20.0 10.0
32.0 61.0 20.0 10.0
59.0 106.0 20.0 10.0
95.0 59.0 20.0 10.0
98.0 101.0 20.0 10.0
28.0 70.0 20.0 10.0
79.0 45.0 20.0 10.0
83.0 35.0 20.0 10.0
51.0 34.0 20.0 10.0
83.0 102.0 20.0 10.0
29.0 94.0 20.0 10.0
100.0 69.0 20.0 10.0
25.0 51.0 20.0 10.0
25.0 59.0 20.0 10.0
78.0 109.0 20.0 10.0
90.0 39.0 20.0 10.0
115.0 39.0 20.0 10.0
41.0 37.0 20.0 10.0
