50
80.0 60.0 20.0 10.0
69.0 90.0 20.0 10.0
64.0 93.0 20.0 10.0
52.0 59.0 20.0 10.0
77.0 65.0 20.0 10.0
81.0 75.0 20.0 10.0
86.0 63.0 20.0 10.0
61.0 61.0 20.0 10.0
80.0 50.0 20.0 10.0
74.0 79.0 20.0 10.0
60.0 101.0 20.0 10.0
73.0 64.0 20.0 10.0
92.0 99.0 20.0 10.0
62.0 70.0 20.0 10.0
42.0 72.0 20.0 10.0
38.0 68.0 20.0 10.0
81.0 36.0 20.0 10.0
94.0 78.0 20.0 10.0
52.0 32.0 20.0 10.0
53.0 41.0 20.0 10.0
71.0 25.0 20.0 10.0
105.0 66.0 20.0 10.0
68.0 55.0 20.0 10.0
106.0 46.0 20.0 10.0
35.0 34.0 20.0 10.0
111.0 33.0 20.0 10.0
61.0 29.0 20.0 10.0
27.0 85.0 20.0 10.0
72.0 100.0 20.0 10.0
83.0 108.0 20.0 10.0
42.0 92.0 20.0 10.0
34.0 110.0 20.0 10.0
111.0 77.0 20.0 10.0
111.0 57.0 20.0 10.0
101.0 108.0 20.0 10.0
96.0 105.0 20.0 10.0
72.0 115.0 20.0 10.0
90.0 34.0 20.0 10.0
105.0 97.0 20.0 10.0
38.0 83.0 20.0 10.0
58.0 83.0 20.0 10.0
52.0 72.0 20.0 10.0
117.0 65.0 20.0 10.0
116.0 49.0 20.0 10.0
93.0 40.0 20.0 10.0
50.0 93.0 20.0 10.0
49.0 113.0 20.0 10.0
25.0 57.0 20.0 10.0
35.0 48.0 20.0 10.0
109.0 87.0 20.0 10.0
