50
91.0 91.0 20.0 10.0
80.0 60.0 20.0 10.0
65.0 90.0 20.0 10.0
85.0 102.0 20.0 10.0
80.0 82.0 20.0 10.0
82.0 76.0 20.0 10.0
102.0 82.0 20.0 10.0
79.0 71.0 20.0 10.0
100.0 94.0 20.0 10.0
67.0 108.0 20.0 10.0
112.0 89.0 20.0 10.0
64.0 84.0 20.0 10.0
87.0 62.0 20.0 10.0
100.0 102.0 20.0 10.0
130.0 65.0 20.0 10.0
118.0 84.0 20.0 10.0
65.0 58.0 20.0 10.0
81.0 94.0 20.0 10.0
61.0 78.0 20.0 10.0
105.0 72.0 20.0 10.0
51.0 65.0 20.0 10.0
108.0 49.0 20.0 10.0
38.0 80.0 20.0 10.0
64.0 112.0 20.0 10.0
62.0 123.0 20.0 10.0
95.0 108.0 20.0 10.0
46.0 46.0 20.0 10.0
42.0 60.0 20.0 10.0
60.0 50.0 20.0 10.0
84.0 67.0 20.0 10.0
75.0 100.0 20.0 10.0
44.0 84.0 20.0 10.0
137.0 99.0 20.0 10.0
65.0 38.0 20.0 10.0
48.0 116.0 20.0 10.0
65.0 98.0 20.0 10.0
79.0 48.0 20.0 10.0
79.0 25.0 20.0 10.0
53.0 74.0 20.0 10.0
121.0 69.0 20.0 10.0
92.0 27.0 20.0 10.0
91.0 132.0 20.0 10.0
74.0 132.0 20.0 10.0
97.0 131.0 20.0 10.0
134.0 115.0 20.0 10.0
93.0 58.0 20.0 10.0
25.0 91.0 20.0 10.0
124.0 120.0 20.0 10.0
43.0 25.0 20.0 10.0
94.0 38.0 20.0 10.0
