50
70.0 51.0 20.0 10.0
67.0 86.0 20.0 10.0
99.0 68.0 20.0 10.0
65.0 57.0 20.0 10.0
61.0 50.0 20.0 10.0
83.0 72.0 20.0 10.0
74.0 70.0 20.0 10.0
58.0 61.0 20.0 10.0
85.0 56.0 20.0 10.0
56.0 80.0 20.0 10.0
75.0 97.0 20.0 10.0
77.0 81.0 20.0 10.0
66.0 78.0 20.0 10.0
105.0 91.0 20.0 10.0
52.0 73.0 20.0 10.0
72.0 75.0 20.0 10.0
99.0 95.0 20.0 10.0
96.0 106.0 20.0 10.0
90.0 34.0 20.0 10.0
95.0 41.0 20.0 10.0
52.0 86.0 20.0 10.0
84.0 62.0 20.0 10.0
40.0 70.0 20.0 10.0
88.0 89.0 20.0 10.0
120.0 62.0 20.0 10.0
92.0 97.0 20.0 10.0
67.0 72.0 20.0 10.0
108.0 51.0 20.0 10.0
53.0 110.0 20.0 10.0
45.0 102.0 20.0 10.0
61.0 109.0 20.0 10.0
59.0 25.0 20.0 10.0
89.0 47.0 20.0 10.0
109.0 72.0 20.0 10.0
48.0 46.0 20.0 10.0
96.0 83.0 20.0 10.0
59.0 98.0 20.0 10.0
48.0 35.0 20.0 10.0
66.0 99.0 20.0 10.0
104.0 81.0 20.0 10.0
54.0 43.0 20.0 10.0
29.0 62.0 20.0 10.0
25.0 38.0 20.0 10.0
80.0 38.0 20.0 10.0
31.0 71.0 20.0 10.0
26.0 97.0 20.0 10.0
101.0 58.0 20.0 10.0
37.0 55.0 20.0 10.0
84.0 108.0 20.0 10.0
76.0 120.0 20.0 10.0
