50
64.0 80.0 20.0 10.0
77.0 62.0 20.0 10.0
71.0 92.0 20.0 10.0
67.0 54.0 20.0 10.0
69.0 65.0 20.0 10.0
80.0 78.0 20.0 10.0
82.0 83.0 20.0 10.0
93.0 77.0 20.0 10.0
62.0 69.0 20.0 10.0
78.0 72.0 20.0 10.0
100.0 49.0 20.0 10.0
83.0 116.0 20.0 10.0
106.0 55.0 20.0 10.0
63.0 107.0 20.0 10.0
85.0 56.0 20.0 10.0
50.0 76.0 20.0 10.0
69.0 76.0 20.0 10.0
51.0 48.0 20.0 10.0
106.0 90.0 20.0 10.0
46.0 100.0 20.0 10.0
116.0 64.0 20.0 10.0
41.0 60.0 20.0 10.0
109.0 86.0 20.0 10.0
38.0 81.0 20.0 10.0
52.0 61.0 20.0 10.0
68.0 35.0 20.0 10.0
62.0 36.0 20.0 10.0
48.0 32.0 20.0 10.0
74.0 25.0 20.0 10.0
107.0 77.0 20.0 10.0
78.0 103.0 20.0 10.0
101.0 40.0 20.0 10.0
95.0 36.0 20.0 10.0
101.0 67.0 20.0 10.0
119.0 75.0 20.0 10.0
56.0 113.0 20.0 10.0
25.0 70.0 20.0 10.0
86.0 44.0 20.0 10.0
75.0 37.0 20.0 10.0
92.0 91.0 20.0 10.0
60.0 26.0 20.0 10.0
45.0 67.0 20.0 10.0
116.0 25.0 20.0 10.0
96.0 112.0 20.0 10.0
38.0 102.0 20.0 10.0
33.0 73.0 20.0 10.0
51.0 106.0 20.0 10.0
41.0 41.0 20.0 10.0
35.0 91.0 20.0 10.0
31.0 50.0 20.0 10.0
