50
99.0 84.0 20.0 10.0
86.0 93.0 20.0 10.0
70.0 80.0 20.0 10.0
85.0 54.0 20.0 10.0
80.0 92.0 20.0 10.0
72.0 55.0 20.0 10.0
100.0 96.0 20.0 10.0
64.0 68.0 20.0 10.0
81.0 65.0 20.0 10.0
95.0 70.0 20.0 10.0
53.0 91.0 20.0 10.0
67.0 93.0 20.0 10.0
78.0 126.0 20.0 10.0
86.0 75.0 20.0 10.0
83.0 106.0 20.0 10.0
72.0 70.0 20.0 10.0
60.0 95.0 20.0 10.0
29.0 76.0 20.0 10.0
101.0 69.0 20.0 10.0
39.0 58.0 20.0 10.0
111.0 67.0 20.0 10.0
107.0 61.0 20.0 10.0
52.0 76.0 20.0 10.0
54.0 83.0 20.0 10.0
90.0 60.0 20.0 10.0
94.0 90.0 20.0 10.0
55.0 60.0 20.0 10.0
121.0 69.0 20.0 10.0
75.0 109.0 20.0 10.0
61.0 37.0 20.0 10.0
113.0 123.0 20.0 10.0
69.0 122.0 20.0 10.0
97.0 52.0 20.0 10.0
99.0 120.0 20.0 10.0
122.0 100.0 20.0 10.0
104.0 37.0 20.0 10.0
33.0 92.0 20.0 10.0
56.0 106.0 20.0 10.0
63.0 46.0 20.0 10.0
25.0 64.0 20.0 10.0
103.0 111.0 20.0 10.0
107.0 106.0 20.0 10.0
127.0 60.0 20.0 10.0
39.0 104.0 20.0 10.0
131.0 86.0 20.0 10.0
89.0 31.0 20.0 10.0
51.0 39.0 20.0 10.0
103.0 129.0 20.0 10.0
80.0 25.0 20.0 10.0
34.0 42.0 20.0 10.0
