50
78.0 65.0 20.0 10.0
71.0 43.0 20.0 10.0
68.0 80.0 20.0 10.0
87.0 66.0 20.0 10.0
62.0 75.0 20.0 10.0
87.0 74.0 20.0 10.0
68.0 85.0 20.0 10.0
64.0 67.0 20.0 10.0
78.0 76.0 20.0 10.0
72.0 72.0 20.0 10.0
86.0 86.0 20.0 10.0
88.0 107.0 20.0 10.0
54.0 83.0 20.0 10.0
63.0 96.0 20.0 10.0
101.0 94.0 20.0 10.0
51.0 77.0 20.0 10.0
38.0 56.0 20.0 10.0
61.0 51.0 20.0 10.0
49.0 70.0 20.0 10.0
45.0 43.0 20.0 10.0
111.0 99.0 20.0 10.0
36.0 64.0 20.0 10.0
77.0 55.0 20.0 10.0
109.0 45.0 20.0 10.0
42.0 46.0 20.0 10.0
100.0 52.0 20.0 10.0
94.0 46.0 20.0 10.0
31.0 46.0 20.0 10.0
54.0 44.0 20.0 10.0
93.0 102.0 20.0 10.0
108.0 59.0 20.0 10.0
55.0 102.0 20.0 10.0
73.0 25.0 20.0 10.0
50.0 103.0 20.0 10.0
67.0 111.0 20.0 10.0
124.0 89.0 20.0 10.0
35.0 113.0 20.0 10.0
25.0 107.0 20.0 10.0
109.0 83.0 20.0 10.0
59.0 109.0 20.0 10.0
80.0 113.0 20.0 10.0
97.0 124.0 20.0 10.0
46.0 83.0 20.0 10.0
33.0 75.0 20.0 10.0
55.0 34.0 20.0 10.0
63.0 30.0 20.0 10.0
92.0 79.0 20.0 10.0
81.0 42.0 20.0 10.0
97.0 88.0 20.0 10.0
25.0 82.0 20.0 10.0
