50
77.0 74.0 20.0 10.0
58.0 53.0 20.0 10.0
64.0 32.0 20.0 10.0
81.0 68.0 20.0 10.0
79.0 60.0 20.0 10.0
77.0 88.0 20.0 10.0
69.0 85.0 20.0 10.0
101.0 69.0 20.0 10.0
88.0 84.0 20.0 10.0
65.0 64.0 20.0 10.0
54.0 85.0 20.0 10.0
93.0 98.0 20.0 10.0
91.0 109.0 20.0 10.0
48.0 59.0 20.0 10.0
95.0 83.0 20.0 10.0
109.0 84.0 20.0 10.0
108.0 101.0 20.0 10.0
113.0 53.0 20.0 10.0
124.0 70.0 20.0 10.0
122.0 89.0 20.0 10.0
118.0 62.0 20.0 10.0
58.0 102.0 20.0 10.0
38.0 47.0 20.0 10.0
60.0 123.0 20.0 10.0
101.0 117.0 20.0 10.0
71.0 116.0 20.0 10.0
94.0 67.0 20.0 10.0
53.0 94.0 20.0 10.0
97.0 30.0 20.0 10.0
115.0 95.0 20.0 10.0
79.0 105.0 20.0 10.0
25.0 83.0 20.0 10.0
48.0 108.0 20.0 10.0
97.0 58.0 20.0 10.0
112.0 48.0 20.0 10.0
38.0 62.0 20.0 10.0
60.0 78.0 20.0 10.0
89.0 44.0 20.0 10.0
65.0 25.0 20.0 10.0
47.0 71.0 20.0 10.0
65.0 90.0 20.0 10.0
32.0 93.0 20.0 10.0
88.0 120.0 20.0 10.0
127.0 93.0 20.0 10.0
75.0 51.0 20.0 10.0
54.0 44.0 20.0 10.0
121.0 126.0 20.0 10.0
97.0 35.0 20.0 10.0
99.0 100.0 20.0 10.0
76.0 39.0 20.0 10.0
