50
112.0 60.0 20.0 10.0
61.0 32.0 20.0 10.0
25.0 44.0 20.0 10.0
93.0 61.0 20.0 10.0
84.0 123.0 20.0 10.0
78.0 60.0 20.0 10.0
39.0 57.0 20.0 10.0
80.0 69.0 20.0 10.0
63.0 49.0 20.0 10.0
65.0 89.0 20.0 10.0
84.0 80.0 20.0 10.0
56.0 66.0 20.0 10.0
84.0 72.0 20.0 10.0
89.0 37.0 20.0 10.0
58.0 74.0 20.0 10.0
49.0 121.0 20.0 10.0
70.0 62.0 20.0 10.0
59.0 63.0 20.0 10.0
84.0 92.0 20.0 10.0
81.0 53.0 20.0 10.0
59.0 82.0 20.0 10.0
67.0 28.0 20.0 10.0
121.0 64.0 20.0 10.0
32.0 75.0 20.0 10.0
76.0 85.0 20.0 10.0
54.0 93.0 20.0 10.0
92.0 52.0 20.0 10.0
69.0 79.0 20.0 10.0
90.0 66.0 20.0 10.0
112.0 100.0 20.0 10.0
83.0 42.0 20.0 10.0
98.0 73.0 20.0 10.0
34.0 26.0 20.0 10.0
101.0 30.0 20.0 10.0
79.0 109.0 20.0 10.0
29.0 86.0 20.0 10.0
105.0 103.0 20.0 10.0
46.0 46.0 20.0 10.0
124.0 73.0 20.0 10.0
57.0 52.0 20.0 10.0
49.0 72.0 20.0 10.0
80.0 32.0 20.0 10.0
96.0 92.0 20.0 10.0
62.0 100.0 20.0 10.0
31.0 92.0 20.0 10.0
49.0 57.0 20.0 10.0
118.0 89.0 20.0 10.0
62.0 107.0 20.0 10.0
94.0 79.0 20.0 10.0
59.0 25.0 20.0 10.0
