50
49.0 46.0 20.0 10.0
101.0 97.0 20.0 10.0
117.0 85.0 20.0 10.0
96.0 53.0 20.0 10.0
25.0 103.0 20.0 10.0
95.0 28.0 20.0 10.0
73.0 75.0 20.0 10.0
58.0 51.0 20.0 10.0
57.0 60.0 20.0 10.0
25.0 55.0 20.0 10.0
72.0 70.0 20.0 10.0
82.0 78.0 20.0 10.0
40.0 112.0 20.0 10.0
51.0 87.0 20.0 10.0
61.0 92.0 20.0 10.0
110.0 59.0 20.0 10.0
92.0 38.0 20.0 10.0
66.0 58.0 20.0 10.0
48.0 78.0 20.0 10.0
64.0 75.0 20.0 10.0
57.0 108.0 20.0 10.0
59.0 41.0 20.0 10.0
77.0 101.0 20.0 10.0
42.0 44.0 20.0 10.0
85.0 70.0 20.0 10.0
90.0 80.0 20.0 10.0
122.0 74.0 20.0 10.0
119.0 55.0 20.0 10.0
67.0 105.0 20.0 10.0
39.0 74.0 20.0 10.0
56.0 78.0 20.0 10.0
51.0 66.0 20.0 10.0
61.0 115.0 20.0 10.0
95.0 98.0 20.0 10.0
89.0 102.0 20.0 10.0
98.0 69.0 20.0 10.0
90.0 59.0 20.0 10.0
77.0 43.0 20.0 10.0
60.0 67.0 20.0 10.0
53.0 103.0 20.0 10.0
41.0 86.0 20.0 10.0
25.0 71.0 20.0 10.0
70.0 25.0 20.0 10.0
31.0 82.0 20.0 10.0
75.0 86.0 20.0 10.0
72.0 51.0 20.0 10.0
89.0 89.0 20.0 10.0
103.0 47.0 20.0 10.0
65.0 38.0 20.0 10.0
82.0 60.0 20.0 10.0
