50
95.0 120.0 20.0 10.0
111.0 96.0 20.0 10.0
121.0 72.0 20.0 10.0
159.0 25.0 20.0 10.0
68.0 89.0 20.0 10.0
118.0 138.0 20.0 10.0
62.0 122.0 20.0 10.0
99.0 128.0 20.0 10.0
87.0 123.0 20.0 10.0
91.0 82.0 20.0 10.0
70.0 110.0 20.0 10.0
73.0 105.0 20.0 10.0
50.0 66.0 20.0 10.0
83.0 75.0 20.0 10.0
126.0 98.0 20.0 10.0
97.0 74.0 20.0 10.0
89.0 99.0 20.0 10.0
124.0 105.0 20.0 10.0
44.0 114.0 20.0 10.0
25.0 61.0 20.0 10.0
127.0 54.0 20.0 10.0
110.0 53.0 20.0 10.0
85.0 146.0 20.0 10.0
110.0 116.0 20.0 10.0
43.0 133.0 20.0 10.0
130.0 133.0 20.0 10.0
59.0 48.0 20.0 10.0
109.0 105.0 20.0 10.0
96.0 94.0 20.0 10.0
99.0 103.0 20.0 10.0
101.0 83.0 20.0 10.0
106.0 70.0 20.0 10.0
80.0 80.0 20.0 10.0
158.0 100.0 20.0 10.0
53.0 84.0 20.0 10.0
82.0 110.0 20.0 10.0
44.0 81.0 20.0 10.0
88.0 89.0 20.0 10.0
59.0 109.0 20.0 10.0
95.0 144.0 20.0 10.0
73.0 58.0 20.0 10.0
52.0 102.0 20.0 10.0
35.0 98.0 20.0 10.0
78.0 37.0 20.0 10.0
91.0 46.0 20.0 10.0
70.0 76.0 20.0 10.0
77.0 133.0 20.0 10.0
60.0 75.0 20.0 10.0
88.0 62.0 20.0 10.0
79.0 97.0 20.0 10.0
