50
103.0 86.0 20.0 10.0
71.0 80.0 20.0 10.0
61.0 77.0 20.0 10.0
62.0 40.0 20.0 10.0
83.0 31.0 20.0 10.0
106.0 25.0 20.0 10.0
117.0 109.0 20.0 10.0
113.0 103.0 20.0 10.0
73.0 97.0 20.0 10.0
65.0 111.0 20.0 10.0
95.0 46.0 20.0 10.0
67.0 34.0 20.0 10.0
84.0 87.0 20.0 10.0
102.0 68.0 20.0 10.0
44.0 77.0 20.0 10.0
93.0 88.0 20.0 10.0
92.0 54.0 20.0 10.0
127.0 57.0 20.0 10.0
58.0 86.0 20.0 10.0
33.0 69.0 20.0 10.0
45.0 37.0 20.0 10.0
135.0 77.0 20.0 10.0
25.0 106.0 20.0 10.0
115.0 65.0 20.0 10.0
82.0 93.0 20.0 10.0
120.0 127.0 20.0 10.0
60.0 68.0 20.0 10.0
70.0 69.0 20.0 10.0
49.0 101.0 20.0 10.0
116.0 40.0 20.0 10.0
62.0 54.0 20.0 10.0
26.0 84.0 20.0 10.0
52.0 111.0 20.0 10.0
92.0 34.0 20.0 10.0
50.0 58.0 20.0 10.0
59.0 103.0 20.0 10.0
103.0 52.0 20.0 10.0
90.0 107.0 20.0 10.0
25.0 54.0 20.0 10.0
63.0 62.0 20.0 10.0
55.0 77.0 20.0 10.0
102.0 75.0 20.0 10.0
115.0 87.0 20.0 10.0
77.0 50.0 20.0 10.0
121.0 47.0 20.0 10.0
85.0 112.0 20.0 10.0
96.0 62.0 20.0 10.0
78.0 67.0 20.0 10.0
80.0 60.0 20.0 10.0
90.0 79.0 20.0 10.0
