50
106.0 67.0 20.0 10.0
113.0 109.0 20.0 10.0
71.0 60.0 20.0 10.0
123.0 61.0 20.0 10.0
132.0 64.0 20.0 10.0
114.0 57.0 20.0 10.0
85.0 93.0 20.0 10.0
88.0 104.0 20.0 10.0
79.0 83.0 20.0 10.0
62.0 99.0 20.0 10.0
118.0 51.0 20.0 10.0
93.0 40.0 20.0 10.0
98.0 117.0 20.0 10.0
96.0 88.0 20.0 10.0
53.0 85.0 20.0 10.0
53.0 55.0 20.0 10.0
73.0 85.0 20.0 10.0
107.0 76.0 20.0 10.0
77.0 54.0 20.0 10.0
114.0 37.0 20.0 10.0
74.0 115.0 20.0 10.0
137.0 92.0 20.0 10.0
85.0 61.0 20.0 10.0
47.0 77.0 20.0 10.0
86.0 70.0 20.0 10.0
77.0 25.0 20.0 10.0
38.0 63.0 20.0 10.0
93.0 56.0 20.0 10.0
39.0 91.0 20.0 10.0
69.0 81.0 20.0 10.0
102.0 93.0 20.0 10.0
64.0 87.0 20.0 10.0
103.0 41.0 20.0 10.0
100.0 104.0 20.0 10.0
77.0 99.0 20.0 10.0
123.0 97.0 20.0 10.0
25.0 83.0 20.0 10.0
57.0 52.0 20.0 10.0
85.0 78.0 20.0 10.0
115.0 80.0 20.0 10.0
138.0 58.0 20.0 10.0
70.0 65.0 20.0 10.0
135.0 82.0 20.0 10.0
60.0 108.0 20.0 10.0
37.0 80.0 20.0 10.0
137.0 128.0 20.0 10.0
97.0 81.0 20.0 10.0
86.0 25.0 20.0 10.0
97.0 66.0 20.0 10.0
80.0 45.0 20.0 10.0
