50
88.0 81.0 20.0 10.0
108.0 80.0 20.0 10.0
41.0 42.0 20.0 10.0
83.0 53.0 20.0 10.0
74.0 95.0 20.0 10.0
65.0 82.0 20.0 10.0
81.0 43.0 20.0 10.0
120.0 51.0 20.0 10.0
75.0 110.0 20.0 10.0
59.0 85.0 20.0 10.0
56.0 107.0 20.0 10.0
56.0 71.0 20.0 10.0
101.0 51.0 20.0 10.0
84.0 107.0 20.0 10.0
62.0 50.0 20.0 10.0
97.0 60.0 20.0 10.0
117.0 102.0 20.0 10.0
100.0 87.0 20.0 10.0
138.0 58.0 20.0 10.0
99.0 121.0 20.0 10.0
91.0 54.0 20.0 10.0
51.0 116.0 20.0 10.0
57.0 44.0 20.0 10.0
66.0 99.0 20.0 10.0
44.0 81.0 20.0 10.0
71.0 56.0 20.0 10.0
80.0 68.0 20.0 10.0
57.0 64.0 20.0 10.0
95.0 67.0 20.0 10.0
44.0 93.0 20.0 10.0
25.0 85.0 20.0 10.0
67.0 24.0 20.0 10.0
97.0 94.0 20.0 10.0
123.0 72.0 20.0 10.0
52.0 95.0 20.0 10.0
25.0 25.0 20.0 10.0
44.0 54.0 20.0 10.0
75.0 72.0 20.0 10.0
53.0 135.0 20.0 10.0
68.0 34.0 20.0 10.0
36.0 72.0 20.0 10.0
48.0 59.0 20.0 10.0
84.0 86.0 20.0 10.0
84.0 114.0 20.0 10.0
45.0 73.0 20.0 10.0
98.0 36.0 20.0 10.0
102.0 73.0 20.0 10.0
83.0 95.0 20.0 10.0
132.0 84.0 20.0 10.0
70.0 68.0 20.0 10.0
