50
93.0 91.0 20.0 10.0
50.0 115.0 20.0 10.0
100.0 87.0 20.0 10.0
76.0 85.0 20.0 10.0
58.0 112.0 20.0 10.0
84.0 35.0 20.0 10.0
107.0 55.0 20.0 10.0
114.0 58.0 20.0 10.0
76.0 79.0 20.0 10.0
25.0 130.0 20.0 10.0
125.0 89.0 20.0 10.0
52.0 100.0 20.0 10.0
76.0 60.0 20.0 10.0
125.0 123.0 20.0 10.0
50.0 56.0 20.0 10.0
81.0 98.0 20.0 10.0
65.0 94.0 20.0 10.0
87.0 97.0 20.0 10.0
48.0 74.0 20.0 10.0
94.0 48.0 20.0 10.0
140.0 112.0 20.0 10.0
122.0 76.0 20.0 10.0
72.0 97.0 20.0 10.0
61.0 65.0 20.0 10.0
95.0 73.0 20.0 10.0
94.0 126.0 20.0 10.0
87.0 84.0 20.0 10.0
43.0 81.0 20.0 10.0
81.0 71.0 20.0 10.0
78.0 105.0 20.0 10.0
74.0 130.0 20.0 10.0
123.0 55.0 20.0 10.0
65.0 73.0 20.0 10.0
61.0 53.0 20.0 10.0
41.0 86.0 20.0 10.0
138.0 25.0 20.0 10.0
115.0 83.0 20.0 10.0
89.0 67.0 20.0 10.0
112.0 90.0 20.0 10.0
25.0 55.0 20.0 10.0
70.0 65.0 20.0 10.0
103.0 124.0 20.0 10.0
80.0 50.0 20.0 10.0
103.0 97.0 20.0 10.0
86.0 119.0 20.0 10.0
118.0 114.0 20.0 10.0
97.0 57.0 20.0 10.0
58.0 78.0 20.0 10.0
67.0 103.0 20.0 10.0
120.0 104.0 20.0 10.0
