50
55.0 52.0 20.0 10.0
80.0 112.0 20.0 10.0
52.0 80.0 20.0 10.0
91.0 55.0 20.0 10.0
115.0 82.0 20.0 10.0
102.0 91.0 20.0 10.0
65.0 110.0 20.0 10.0
128.0 48.0 20.0 10.0
107.0 97.0 20.0 10.0
123.0 110.0 20.0 10.0
119.0 73.0 20.0 10.0
135.0 70.0 20.0 10.0
105.0 129.0 20.0 10.0
60.0 80.0 20.0 10.0
118.0 125.0 20.0 10.0
56.0 88.0 20.0 10.0
86.0 65.0 20.0 10.0
139.0 52.0 20.0 10.0
64.0 89.0 20.0 10.0
112.0 104.0 20.0 10.0
47.0 125.0 20.0 10.0
127.0 125.0 20.0 10.0
74.0 125.0 20.0 10.0
82.0 96.0 20.0 10.0
114.0 55.0 20.0 10.0
82.0 79.0 20.0 10.0
92.0 89.0 20.0 10.0
96.0 62.0 20.0 10.0
97.0 86.0 20.0 10.0
75.0 73.0 20.0 10.0
107.0 80.0 20.0 10.0
25.0 113.0 20.0 10.0
110.0 66.0 20.0 10.0
88.0 106.0 20.0 10.0
54.0 138.0 20.0 10.0
139.0 88.0 20.0 10.0
53.0 99.0 20.0 10.0
99.0 110.0 20.0 10.0
76.0 85.0 20.0 10.0
90.0 119.0 20.0 10.0
83.0 53.0 20.0 10.0
61.0 49.0 20.0 10.0
97.0 126.0 20.0 10.0
94.0 43.0 20.0 10.0
123.0 88.0 20.0 10.0
93.0 25.0 20.0 10.0
73.0 60.0 20.0 10.0
131.0 106.0 20.0 10.0
90.0 98.0 20.0 10.0
74.0 101.0 20.0 10.0
