50
217.0 249.0 20.0 10.0
171.0 233.0 20.0 10.0
135.0 252.0 20.0 10.0
145.0 197.0 20.0 10.0
165.0 265.0 20.0 10.0
228.0 220.0 20.0 10.0
251.0 279.0 20.0 10.0
124.0 280.0 20.0 10.0
254.0 317.0 20.0 10.0
230.0 191.0 20.0 10.0
118.0 164.0 20.0 10.0
90.0 138.0 20.0 10.0
169.0 295.0 20.0 10.0
114.0 132.0 20.0 10.0
292.0 287.0 20.0 10.0
330.0 290.0 20.0 10.0
151.0 164.0 20.0 10.0
69.0 108.0 20.0 10.0
365.0 289.0 20.0 10.0
104.0 270.0 20.0 10.0
75.0 283.0 20.0 10.0
55.0 78.0 20.0 10.0
113.0 194.0 20.0 10.0
103.0 251.0 20.0 10.0
118.0 102.0 20.0 10.0
55.0 297.0 20.0 10.0
30.0 71.0 20.0 10.0
41.0 50.0 20.0 10.0
59.0 47.0 20.0 10.0
25.0 87.0 20.0 10.0
249.0 233.0 20.0 10.0
397.0 286.0 20.0 10.0
267.0 304.0 20.0 10.0
422.0 283.0 20.0 10.0
344.0 315.0 20.0 10.0
262.0 351.0 20.0 10.0
307.0 312.0 20.0 10.0
48.0 286.0 20.0 10.0
277.0 214.0 20.0 10.0
274.0 380.0 20.0 10.0
421.0 297.0 20.0 10.0
258.0 379.0 20.0 10.0
34.0 25.0 20.0 10.0
179.0 205.0 20.0 10.0
276.0 404.0 20.0 10.0
302.0 196.0 20.0 10.0
157.0 135.0 20.0 10.0
383.0 310.0 20.0 10.0
183.0 260.0 20.0 10.0
320.0 183.0 20.0 10.0
