50
243.0 124.0 20.0 10.0
198.0 117.0 20.0 10.0
239.0 87.0 20.0 10.0
278.0 109.0 20.0 10.0
156.0 106.0 20.0 10.0
260.0 168.0 20.0 10.0
272.0 136.0 20.0 10.0
274.0 210.0 20.0 10.0
117.0 109.0 20.0 10.0
241.0 52.0 20.0 10.0
173.0 137.0 20.0 10.0
305.0 240.0 20.0 10.0
79.0 111.0 20.0 10.0
326.0 261.0 20.0 10.0
246.0 25.0 20.0 10.0
137.0 79.0 20.0 10.0
253.0 241.0 20.0 10.0
56.0 135.0 20.0 10.0
259.0 93.0 20.0 10.0
120.0 55.0 20.0 10.0
158.0 162.0 20.0 10.0
319.0 275.0 20.0 10.0
151.0 188.0 20.0 10.0
231.0 268.0 20.0 10.0
334.0 231.0 20.0 10.0
251.0 270.0 20.0 10.0
209.0 290.0 20.0 10.0
268.0 63.0 20.0 10.0
306.0 89.0 20.0 10.0
335.0 305.0 20.0 10.0
289.0 178.0 20.0 10.0
225.0 296.0 20.0 10.0
337.0 249.0 20.0 10.0
279.0 69.0 20.0 10.0
323.0 66.0 20.0 10.0
197.0 309.0 20.0 10.0
354.0 326.0 20.0 10.0
321.0 329.0 20.0 10.0
308.0 110.0 20.0 10.0
362.0 346.0 20.0 10.0
102.0 40.0 20.0 10.0
259.0 26.0 20.0 10.0
301.0 146.0 20.0 10.0
43.0 161.0 20.0 10.0
59.0 90.0 20.0 10.0
184.0 90.0 20.0 10.0
49.0 100.0 20.0 10.0
54.0 111.0 20.0 10.0
25.0 99.0 20.0 10.0
363.0 258.0 20.0 10.0
