50
186.0 195.0 20.0 10.0
229.0 212.0 20.0 10.0
180.0 156.0 20.0 10.0
266.0 238.0 20.0 10.0
302.0 265.0 20.0 10.0
335.0 295.0 20.0 10.0
324.0 245.0 20.0 10.0
373.0 295.0 20.0 10.0
358.0 276.0 20.0 10.0
321.0 327.0 20.0 10.0
371.0 252.0 20.0 10.0
148.0 209.0 20.0 10.0
113.0 225.0 20.0 10.0
79.0 237.0 20.0 10.0
161.0 180.0 20.0 10.0
403.0 282.0 20.0 10.0
134.0 171.0 20.0 10.0
211.0 238.0 20.0 10.0
237.0 178.0 20.0 10.0
239.0 146.0 20.0 10.0
61.0 263.0 20.0 10.0
50.0 226.0 20.0 10.0
311.0 357.0 20.0 10.0
355.0 327.0 20.0 10.0
405.0 305.0 20.0 10.0
32.0 266.0 20.0 10.0
383.0 335.0 20.0 10.0
292.0 377.0 20.0 10.0
175.0 118.0 20.0 10.0
177.0 82.0 20.0 10.0
370.0 359.0 20.0 10.0
245.0 119.0 20.0 10.0
253.0 197.0 20.0 10.0
257.0 157.0 20.0 10.0
56.0 292.0 20.0 10.0
118.0 204.0 20.0 10.0
151.0 74.0 20.0 10.0
384.0 386.0 20.0 10.0
177.0 51.0 20.0 10.0
193.0 56.0 20.0 10.0
381.0 413.0 20.0 10.0
54.0 242.0 20.0 10.0
413.0 389.0 20.0 10.0
430.0 281.0 20.0 10.0
289.0 219.0 20.0 10.0
430.0 309.0 20.0 10.0
25.0 227.0 20.0 10.0
305.0 384.0 20.0 10.0
185.0 25.0 20.0 10.0
271.0 266.0 20.0 10.0
