50
189.0 254.0 20.0 10.0
147.0 236.0 20.0 10.0
111.0 258.0 20.0 10.0
124.0 196.0 20.0 10.0
142.0 267.0 20.0 10.0
210.0 229.0 20.0 10.0
234.0 263.0 20.0 10.0
97.0 287.0 20.0 10.0
254.0 294.0 20.0 10.0
222.0 203.0 20.0 10.0
105.0 160.0 20.0 10.0
93.0 125.0 20.0 10.0
131.0 295.0 20.0 10.0
77.0 144.0 20.0 10.0
274.0 250.0 20.0 10.0
312.0 247.0 20.0 10.0
93.0 188.0 20.0 10.0
78.0 93.0 20.0 10.0
345.0 239.0 20.0 10.0
81.0 278.0 20.0 10.0
56.0 299.0 20.0 10.0
60.0 66.0 20.0 10.0
136.0 167.0 20.0 10.0
81.0 253.0 20.0 10.0
48.0 139.0 20.0 10.0
38.0 316.0 20.0 10.0
29.0 59.0 20.0 10.0
41.0 42.0 20.0 10.0
79.0 42.0 20.0 10.0
66.0 40.0 20.0 10.0
189.0 290.0 20.0 10.0
370.0 221.0 20.0 10.0
262.0 273.0 20.0 10.0
384.0 195.0 20.0 10.0
337.0 262.0 20.0 10.0
276.0 321.0 20.0 10.0
291.0 225.0 20.0 10.0
45.0 326.0 20.0 10.0
188.0 323.0 20.0 10.0
291.0 344.0 20.0 10.0
396.0 235.0 20.0 10.0
304.0 329.0 20.0 10.0
25.0 25.0 20.0 10.0
119.0 226.0 20.0 10.0
311.0 359.0 20.0 10.0
182.0 351.0 20.0 10.0
63.0 185.0 20.0 10.0
370.0 254.0 20.0 10.0
161.0 210.0 20.0 10.0
174.0 373.0 20.0 10.0
