50
174.0 215.0 20.0 10.0
143.0 250.0 20.0 10.0
154.0 183.0 20.0 10.0
208.0 231.0 20.0 10.0
111.0 279.0 20.0 10.0
209.0 183.0 20.0 10.0
182.0 243.0 20.0 10.0
245.0 155.0 20.0 10.0
90.0 313.0 20.0 10.0
131.0 157.0 20.0 10.0
147.0 283.0 20.0 10.0
288.0 149.0 20.0 10.0
70.0 346.0 20.0 10.0
313.0 168.0 20.0 10.0
133.0 131.0 20.0 10.0
77.0 280.0 20.0 10.0
247.0 116.0 20.0 10.0
40.0 353.0 20.0 10.0
140.0 204.0 20.0 10.0
48.0 275.0 20.0 10.0
152.0 314.0 20.0 10.0
325.0 151.0 20.0 10.0
155.0 339.0 20.0 10.0
251.0 80.0 20.0 10.0
295.0 120.0 20.0 10.0
234.0 90.0 20.0 10.0
246.0 49.0 20.0 10.0
110.0 201.0 20.0 10.0
230.0 255.0 20.0 10.0
359.0 151.0 20.0 10.0
207.0 153.0 20.0 10.0
263.0 55.0 20.0 10.0
312.0 128.0 20.0 10.0
114.0 188.0 20.0 10.0
256.0 264.0 20.0 10.0
253.0 25.0 20.0 10.0
388.0 155.0 20.0 10.0
373.0 127.0 20.0 10.0
238.0 236.0 20.0 10.0
408.0 154.0 20.0 10.0
25.0 269.0 20.0 10.0
103.0 148.0 20.0 10.0
186.0 270.0 20.0 10.0
27.0 377.0 20.0 10.0
57.0 368.0 20.0 10.0
112.0 250.0 20.0 10.0
61.0 378.0 20.0 10.0
77.0 375.0 20.0 10.0
56.0 402.0 20.0 10.0
320.0 101.0 20.0 10.0
