50
185.0 266.0 20.0 10.0
226.0 246.0 20.0 10.0
164.0 297.0 20.0 10.0
258.0 214.0 20.0 10.0
291.0 184.0 20.0 10.0
321.0 152.0 20.0 10.0
315.0 203.0 20.0 10.0
321.0 118.0 20.0 10.0
345.0 173.0 20.0 10.0
357.0 151.0 20.0 10.0
358.0 198.0 20.0 10.0
147.0 255.0 20.0 10.0
113.0 240.0 20.0 10.0
81.0 227.0 20.0 10.0
188.0 296.0 20.0 10.0
352.0 105.0 20.0 10.0
199.0 324.0 20.0 10.0
206.0 224.0 20.0 10.0
243.0 279.0 20.0 10.0
254.0 309.0 20.0 10.0
51.0 236.0 20.0 10.0
61.0 205.0 20.0 10.0
389.0 152.0 20.0 10.0
332.0 114.0 20.0 10.0
300.0 94.0 20.0 10.0
25.0 243.0 20.0 10.0
324.0 84.0 20.0 10.0
415.0 156.0 20.0 10.0
147.0 329.0 20.0 10.0
132.0 359.0 20.0 10.0
346.0 82.0 20.0 10.0
270.0 331.0 20.0 10.0
251.0 259.0 20.0 10.0
268.0 298.0 20.0 10.0
25.0 229.0 20.0 10.0
119.0 265.0 20.0 10.0
111.0 374.0 20.0 10.0
355.0 52.0 20.0 10.0
135.0 390.0 20.0 10.0
103.0 365.0 20.0 10.0
344.0 25.0 20.0 10.0
77.0 197.0 20.0 10.0
383.0 42.0 20.0 10.0
382.0 99.0 20.0 10.0
283.0 231.0 20.0 10.0
290.0 69.0 20.0 10.0
52.0 178.0 20.0 10.0
416.0 143.0 20.0 10.0
139.0 416.0 20.0 10.0
244.0 188.0 20.0 10.0
