50
185.0 198.0 20.0 10.0
224.0 218.0 20.0 10.0
136.0 192.0 20.0 10.0
197.0 166.0 20.0 10.0
143.0 163.0 20.0 10.0
161.0 142.0 20.0 10.0
117.0 151.0 20.0 10.0
182.0 230.0 20.0 10.0
217.0 178.0 20.0 10.0
100.0 222.0 20.0 10.0
238.0 248.0 20.0 10.0
84.0 262.0 20.0 10.0
123.0 121.0 20.0 10.0
71.0 287.0 20.0 10.0
101.0 113.0 20.0 10.0
262.0 227.0 20.0 10.0
60.0 290.0 20.0 10.0
67.0 206.0 20.0 10.0
250.0 234.0 20.0 10.0
93.0 293.0 20.0 10.0
90.0 77.0 20.0 10.0
293.0 234.0 20.0 10.0
89.0 46.0 20.0 10.0
33.0 304.0 20.0 10.0
108.0 316.0 20.0 10.0
211.0 136.0 20.0 10.0
248.0 167.0 20.0 10.0
67.0 56.0 20.0 10.0
267.0 147.0 20.0 10.0
254.0 270.0 20.0 10.0
81.0 91.0 20.0 10.0
38.0 213.0 20.0 10.0
318.0 248.0 20.0 10.0
42.0 317.0 20.0 10.0
89.0 136.0 20.0 10.0
72.0 239.0 20.0 10.0
108.0 25.0 20.0 10.0
44.0 245.0 20.0 10.0
70.0 25.0 20.0 10.0
25.0 335.0 20.0 10.0
46.0 181.0 20.0 10.0
201.0 222.0 20.0 10.0
338.0 252.0 20.0 10.0
195.0 255.0 20.0 10.0
237.0 154.0 20.0 10.0
49.0 259.0 20.0 10.0
230.0 116.0 20.0 10.0
48.0 42.0 20.0 10.0
39.0 193.0 20.0 10.0
281.0 250.0 20.0 10.0
