50
141.0 107.0 20.0 10.0
323.0 84.0 20.0 10.0
563.0 502.0 20.0 10.0
521.0 427.0 20.0 10.0
456.0 260.0 20.0 10.0
209.0 91.0 20.0 10.0
344.0 206.0 20.0 10.0
569.0 529.0 20.0 10.0
434.0 349.0 20.0 10.0
526.0 356.0 20.0 10.0
418.0 151.0 20.0 10.0
267.0 135.0 20.0 10.0
296.0 128.0 20.0 10.0
448.0 102.0 20.0 10.0
446.0 131.0 20.0 10.0
62.0 145.0 20.0 10.0
391.0 122.0 20.0 10.0
236.0 29.0 20.0 10.0
348.0 177.0 20.0 10.0
439.0 225.0 20.0 10.0
511.0 395.0 20.0 10.0
495.0 364.0 20.0 10.0
246.0 87.0 20.0 10.0
237.0 57.0 20.0 10.0
112.0 118.0 20.0 10.0
88.0 134.0 20.0 10.0
174.0 98.0 20.0 10.0
500.0 116.0 20.0 10.0
476.0 123.0 20.0 10.0
325.0 25.0 20.0 10.0
319.0 51.0 20.0 10.0
334.0 55.0 20.0 10.0
65.0 124.0 20.0 10.0
450.0 156.0 20.0 10.0
419.0 190.0 20.0 10.0
483.0 394.0 20.0 10.0
452.0 324.0 20.0 10.0
359.0 98.0 20.0 10.0
580.0 547.0 20.0 10.0
25.0 168.0 20.0 10.0
547.0 480.0 20.0 10.0
531.0 457.0 20.0 10.0
319.0 156.0 20.0 10.0
538.0 507.0 20.0 10.0
484.0 329.0 20.0 10.0
42.0 157.0 20.0 10.0
169.0 70.0 20.0 10.0
383.0 187.0 20.0 10.0
285.0 94.0 20.0 10.0
469.0 297.0 20.0 10.0
