50
110.0 90.0 20.0 10.0
25.0 245.0 20.0 10.0
52.0 406.0 20.0 10.0
48.0 229.0 20.0 10.0
66.0 205.0 20.0 10.0
337.0 200.0 20.0 10.0
105.0 151.0 20.0 10.0
342.0 231.0 20.0 10.0
104.0 373.0 20.0 10.0
74.0 351.0 20.0 10.0
337.0 67.0 20.0 10.0
77.0 30.0 20.0 10.0
102.0 25.0 20.0 10.0
338.0 369.0 20.0 10.0
307.0 360.0 20.0 10.0
166.0 467.0 20.0 10.0
119.0 36.0 20.0 10.0
258.0 111.0 20.0 10.0
229.0 121.0 20.0 10.0
199.0 133.0 20.0 10.0
95.0 55.0 20.0 10.0
38.0 28.0 20.0 10.0
64.0 45.0 20.0 10.0
86.0 179.0 20.0 10.0
367.0 374.0 20.0 10.0
44.0 352.0 20.0 10.0
394.0 373.0 20.0 10.0
328.0 99.0 20.0 10.0
350.0 39.0 20.0 10.0
308.0 75.0 20.0 10.0
193.0 459.0 20.0 10.0
79.0 392.0 20.0 10.0
219.0 156.0 20.0 10.0
139.0 151.0 20.0 10.0
332.0 168.0 20.0 10.0
328.0 134.0 20.0 10.0
168.0 497.0 20.0 10.0
51.0 295.0 20.0 10.0
54.0 325.0 20.0 10.0
25.0 333.0 20.0 10.0
241.0 377.0 20.0 10.0
206.0 385.0 20.0 10.0
173.0 399.0 20.0 10.0
274.0 370.0 20.0 10.0
317.0 330.0 20.0 10.0
174.0 435.0 20.0 10.0
324.0 300.0 20.0 10.0
138.0 384.0 20.0 10.0
163.0 127.0 20.0 10.0
128.0 123.0 20.0 10.0
