50
506.0 293.0 20.0 10.0
189.0 147.0 20.0 10.0
200.0 184.0 20.0 10.0
223.0 158.0 20.0 10.0
497.0 232.0 20.0 10.0
486.0 198.0 20.0 10.0
452.0 175.0 20.0 10.0
544.0 207.0 20.0 10.0
521.0 191.0 20.0 10.0
25.0 407.0 20.0 10.0
53.0 391.0 20.0 10.0
61.0 362.0 20.0 10.0
86.0 383.0 20.0 10.0
110.0 362.0 20.0 10.0
379.0 55.0 20.0 10.0
162.0 230.0 20.0 10.0
178.0 207.0 20.0 10.0
124.0 140.0 20.0 10.0
156.0 140.0 20.0 10.0
526.0 288.0 20.0 10.0
511.0 263.0 20.0 10.0
25.0 127.0 20.0 10.0
489.0 43.0 20.0 10.0
468.0 62.0 20.0 10.0
443.0 86.0 20.0 10.0
583.0 193.0 20.0 10.0
378.0 151.0 20.0 10.0
94.0 138.0 20.0 10.0
110.0 404.0 20.0 10.0
364.0 67.0 20.0 10.0
502.0 25.0 20.0 10.0
138.0 267.0 20.0 10.0
581.0 178.0 20.0 10.0
554.0 183.0 20.0 10.0
535.0 312.0 20.0 10.0
249.0 123.0 20.0 10.0
44.0 130.0 20.0 10.0
68.0 134.0 20.0 10.0
148.0 249.0 20.0 10.0
396.0 62.0 20.0 10.0
385.0 90.0 20.0 10.0
358.0 114.0 20.0 10.0
339.0 144.0 20.0 10.0
415.0 182.0 20.0 10.0
419.0 150.0 20.0 10.0
417.0 111.0 20.0 10.0
374.0 27.0 20.0 10.0
300.0 149.0 20.0 10.0
450.0 142.0 20.0 10.0
260.0 151.0 20.0 10.0
