50
25.0 200.0 20.0 10.0
373.0 126.0 20.0 10.0
196.0 97.0 20.0 10.0
273.0 144.0 20.0 10.0
482.0 339.0 20.0 10.0
476.0 319.0 20.0 10.0
442.0 268.0 20.0 10.0
444.0 243.0 20.0 10.0
425.0 214.0 20.0 10.0
94.0 158.0 20.0 10.0
462.0 25.0 20.0 10.0
444.0 43.0 20.0 10.0
470.0 35.0 20.0 10.0
75.0 99.0 20.0 10.0
95.0 120.0 20.0 10.0
123.0 135.0 20.0 10.0
159.0 118.0 20.0 10.0
339.0 136.0 20.0 10.0
306.0 145.0 20.0 10.0
143.0 63.0 20.0 10.0
223.0 26.0 20.0 10.0
240.0 50.0 20.0 10.0
238.0 85.0 20.0 10.0
281.0 87.0 20.0 10.0
323.0 93.0 20.0 10.0
364.0 108.0 20.0 10.0
390.0 81.0 20.0 10.0
427.0 202.0 20.0 10.0
408.0 181.0 20.0 10.0
111.0 163.0 20.0 10.0
416.0 158.0 20.0 10.0
129.0 30.0 20.0 10.0
147.0 49.0 20.0 10.0
337.0 66.0 20.0 10.0
419.0 59.0 20.0 10.0
420.0 87.0 20.0 10.0
402.0 111.0 20.0 10.0
174.0 41.0 20.0 10.0
187.0 66.0 20.0 10.0
241.0 139.0 20.0 10.0
211.0 126.0 20.0 10.0
258.0 26.0 20.0 10.0
468.0 297.0 20.0 10.0
458.0 272.0 20.0 10.0
44.0 190.0 20.0 10.0
69.0 164.0 20.0 10.0
68.0 178.0 20.0 10.0
389.0 144.0 20.0 10.0
168.0 76.0 20.0 10.0
353.0 160.0 20.0 10.0
