50
187.0 194.0 20.0 10.0
257.0 86.0 20.0 10.0
344.0 110.0 20.0 10.0
285.0 291.0 20.0 10.0
220.0 377.0 20.0 10.0
232.0 344.0 20.0 10.0
442.0 25.0 20.0 10.0
437.0 52.0 20.0 10.0
85.0 242.0 20.0 10.0
344.0 311.0 20.0 10.0
340.0 335.0 20.0 10.0
313.0 315.0 20.0 10.0
450.0 88.0 20.0 10.0
422.0 78.0 20.0 10.0
396.0 96.0 20.0 10.0
369.0 117.0 20.0 10.0
367.0 346.0 20.0 10.0
143.0 194.0 20.0 10.0
218.0 325.0 20.0 10.0
241.0 307.0 20.0 10.0
254.0 268.0 20.0 10.0
306.0 165.0 20.0 10.0
270.0 188.0 20.0 10.0
112.0 246.0 20.0 10.0
138.0 237.0 20.0 10.0
162.0 217.0 20.0 10.0
203.0 220.0 20.0 10.0
245.0 225.0 20.0 10.0
25.0 164.0 20.0 10.0
43.0 170.0 20.0 10.0
66.0 179.0 20.0 10.0
127.0 205.0 20.0 10.0
95.0 190.0 20.0 10.0
271.0 122.0 20.0 10.0
260.0 150.0 20.0 10.0
247.0 116.0 20.0 10.0
231.0 60.0 20.0 10.0
230.0 88.0 20.0 10.0
398.0 161.0 20.0 10.0
372.0 149.0 20.0 10.0
340.0 141.0 20.0 10.0
190.0 427.0 20.0 10.0
382.0 359.0 20.0 10.0
465.0 55.0 20.0 10.0
309.0 344.0 20.0 10.0
194.0 462.0 20.0 10.0
199.0 440.0 20.0 10.0
233.0 35.0 20.0 10.0
214.0 435.0 20.0 10.0
209.0 409.0 20.0 10.0
