50
449.0 179.0 20.0 10.0
421.0 173.0 20.0 10.0
25.0 95.0 20.0 10.0
309.0 99.0 20.0 10.0
429.0 139.0 20.0 10.0
402.0 146.0 20.0 10.0
375.0 124.0 20.0 10.0
338.0 127.0 20.0 10.0
432.0 155.0 20.0 10.0
25.0 470.0 20.0 10.0
53.0 455.0 20.0 10.0
61.0 425.0 20.0 10.0
86.0 447.0 20.0 10.0
110.0 425.0 20.0 10.0
91.0 263.0 20.0 10.0
120.0 287.0 20.0 10.0
122.0 320.0 20.0 10.0
111.0 348.0 20.0 10.0
86.0 363.0 20.0 10.0
53.0 375.0 20.0 10.0
61.0 348.0 20.0 10.0
62.0 316.0 20.0 10.0
137.0 45.0 20.0 10.0
132.0 75.0 20.0 10.0
135.0 108.0 20.0 10.0
139.0 145.0 20.0 10.0
476.0 28.0 20.0 10.0
147.0 132.0 20.0 10.0
116.0 370.0 20.0 10.0
110.0 467.0 20.0 10.0
145.0 273.0 20.0 10.0
132.0 24.0 20.0 10.0
57.0 92.0 20.0 10.0
458.0 40.0 20.0 10.0
439.0 53.0 20.0 10.0
415.0 70.0 20.0 10.0
395.0 95.0 20.0 10.0
47.0 106.0 20.0 10.0
77.0 112.0 20.0 10.0
111.0 121.0 20.0 10.0
123.0 251.0 20.0 10.0
267.0 103.0 20.0 10.0
260.0 133.0 20.0 10.0
221.0 143.0 20.0 10.0
180.0 150.0 20.0 10.0
154.0 177.0 20.0 10.0
166.0 235.0 20.0 10.0
141.0 216.0 20.0 10.0
70.0 286.0 20.0 10.0
299.0 128.0 20.0 10.0
