50
235.0 433.0 20.0 10.0
339.0 103.0 20.0 10.0
56.0 247.0 20.0 10.0
301.0 121.0 20.0 10.0
25.0 294.0 20.0 10.0
329.0 73.0 20.0 10.0
402.0 63.0 20.0 10.0
29.0 238.0 20.0 10.0
269.0 249.0 20.0 10.0
244.0 267.0 20.0 10.0
236.0 407.0 20.0 10.0
500.0 122.0 20.0 10.0
476.0 113.0 20.0 10.0
447.0 103.0 20.0 10.0
34.0 267.0 20.0 10.0
361.0 125.0 20.0 10.0
151.0 196.0 20.0 10.0
161.0 143.0 20.0 10.0
240.0 377.0 20.0 10.0
97.0 170.0 20.0 10.0
238.0 476.0 20.0 10.0
248.0 318.0 20.0 10.0
220.0 308.0 20.0 10.0
184.0 159.0 20.0 10.0
51.0 228.0 20.0 10.0
380.0 58.0 20.0 10.0
379.0 90.0 20.0 10.0
192.0 191.0 20.0 10.0
323.0 410.0 20.0 10.0
81.0 225.0 20.0 10.0
296.0 402.0 20.0 10.0
235.0 456.0 20.0 10.0
227.0 344.0 20.0 10.0
166.0 174.0 20.0 10.0
403.0 110.0 20.0 10.0
263.0 140.0 20.0 10.0
261.0 111.0 20.0 10.0
213.0 269.0 20.0 10.0
199.0 231.0 20.0 10.0
227.0 164.0 20.0 10.0
268.0 392.0 20.0 10.0
278.0 224.0 20.0 10.0
178.0 254.0 20.0 10.0
335.0 46.0 20.0 10.0
410.0 34.0 20.0 10.0
441.0 24.0 20.0 10.0
415.0 95.0 20.0 10.0
427.0 45.0 20.0 10.0
114.0 210.0 20.0 10.0
122.0 181.0 20.0 10.0
