50
181.0 333.0 20.0 10.0
71.0 57.0 20.0 10.0
306.0 49.0 20.0 10.0
101.0 76.0 20.0 10.0
136.0 85.0 20.0 10.0
169.0 100.0 20.0 10.0
25.0 388.0 20.0 10.0
271.0 142.0 20.0 10.0
328.0 397.0 20.0 10.0
127.0 331.0 20.0 10.0
148.0 353.0 20.0 10.0
127.0 380.0 20.0 10.0
99.0 396.0 20.0 10.0
292.0 39.0 20.0 10.0
281.0 67.0 20.0 10.0
300.0 158.0 20.0 10.0
43.0 44.0 20.0 10.0
258.0 283.0 20.0 10.0
181.0 179.0 20.0 10.0
172.0 267.0 20.0 10.0
249.0 328.0 20.0 10.0
173.0 131.0 20.0 10.0
201.0 121.0 20.0 10.0
200.0 153.0 20.0 10.0
349.0 189.0 20.0 10.0
326.0 174.0 20.0 10.0
347.0 359.0 20.0 10.0
47.0 72.0 20.0 10.0
25.0 25.0 20.0 10.0
159.0 382.0 20.0 10.0
375.0 354.0 20.0 10.0
152.0 272.0 20.0 10.0
170.0 298.0 20.0 10.0
318.0 369.0 20.0 10.0
286.0 360.0 20.0 10.0
252.0 350.0 20.0 10.0
63.0 29.0 20.0 10.0
221.0 217.0 20.0 10.0
233.0 190.0 20.0 10.0
230.0 158.0 20.0 10.0
51.0 378.0 20.0 10.0
82.0 372.0 20.0 10.0
113.0 360.0 20.0 10.0
79.0 97.0 20.0 10.0
79.0 417.0 20.0 10.0
292.0 91.0 20.0 10.0
262.0 96.0 20.0 10.0
239.0 125.0 20.0 10.0
238.0 306.0 20.0 10.0
220.0 334.0 20.0 10.0
