50
172.0 130.0 20.0 10.0
25.0 37.0 20.0 10.0
53.0 38.0 20.0 10.0
83.0 50.0 20.0 10.0
478.0 102.0 20.0 10.0
441.0 99.0 20.0 10.0
472.0 132.0 20.0 10.0
369.0 98.0 20.0 10.0
267.0 27.0 20.0 10.0
108.0 226.0 20.0 10.0
89.0 252.0 20.0 10.0
33.0 25.0 20.0 10.0
295.0 95.0 20.0 10.0
670.0 50.0 20.0 10.0
659.0 77.0 20.0 10.0
258.0 56.0 20.0 10.0
257.0 89.0 20.0 10.0
547.0 89.0 20.0 10.0
25.0 301.0 20.0 10.0
52.0 284.0 20.0 10.0
71.0 102.0 20.0 10.0
100.0 115.0 20.0 10.0
611.0 92.0 20.0 10.0
131.0 127.0 20.0 10.0
500.0 126.0 20.0 10.0
406.0 98.0 20.0 10.0
215.0 93.0 20.0 10.0
531.0 166.0 20.0 10.0
150.0 150.0 20.0 10.0
77.0 176.0 20.0 10.0
265.0 118.0 20.0 10.0
332.0 99.0 20.0 10.0
176.0 65.0 20.0 10.0
580.0 90.0 20.0 10.0
278.0 69.0 20.0 10.0
108.0 308.0 20.0 10.0
518.0 147.0 20.0 10.0
520.0 59.0 20.0 10.0
43.0 122.0 20.0 10.0
70.0 127.0 20.0 10.0
512.0 89.0 20.0 10.0
175.0 160.0 20.0 10.0
109.0 69.0 20.0 10.0
57.0 253.0 20.0 10.0
683.0 90.0 20.0 10.0
88.0 147.0 20.0 10.0
638.0 89.0 20.0 10.0
133.0 97.0 20.0 10.0
175.0 96.0 20.0 10.0
84.0 285.0 20.0 10.0
