50
236.0 219.0 20.0 10.0
365.0 222.0 20.0 10.0
334.0 222.0 20.0 10.0
311.0 189.0 20.0 10.0
445.0 427.0 20.0 10.0
439.0 399.0 20.0 10.0
473.0 422.0 20.0 10.0
412.0 344.0 20.0 10.0
411.0 49.0 20.0 10.0
392.0 123.0 20.0 10.0
362.0 126.0 20.0 10.0
352.0 255.0 20.0 10.0
297.0 25.0 20.0 10.0
442.0 32.0 20.0 10.0
446.0 61.0 20.0 10.0
418.0 78.0 20.0 10.0
302.0 50.0 20.0 10.0
37.0 291.0 20.0 10.0
137.0 352.0 20.0 10.0
135.0 325.0 20.0 10.0
70.0 231.0 20.0 10.0
90.0 252.0 20.0 10.0
104.0 285.0 20.0 10.0
163.0 246.0 20.0 10.0
446.0 454.0 20.0 10.0
427.0 372.0 20.0 10.0
313.0 80.0 20.0 10.0
283.0 113.0 20.0 10.0
199.0 232.0 20.0 10.0
487.0 32.0 20.0 10.0
424.0 305.0 20.0 10.0
396.0 314.0 20.0 10.0
374.0 285.0 20.0 10.0
81.0 304.0 20.0 10.0
53.0 308.0 20.0 10.0
283.0 28.0 20.0 10.0
298.0 139.0 20.0 10.0
445.0 473.0 20.0 10.0
25.0 276.0 20.0 10.0
29.0 258.0 20.0 10.0
56.0 265.0 20.0 10.0
460.0 446.0 20.0 10.0
273.0 205.0 20.0 10.0
133.0 294.0 20.0 10.0
390.0 101.0 20.0 10.0
470.0 44.0 20.0 10.0
83.0 220.0 20.0 10.0
127.0 261.0 20.0 10.0
321.0 114.0 20.0 10.0
328.0 150.0 20.0 10.0
