50
526.0 197.0 20.0 10.0
416.0 130.0 20.0 10.0
62.0 294.0 20.0 10.0
448.0 122.0 20.0 10.0
94.0 308.0 20.0 10.0
24.0 255.0 20.0 10.0
50.0 249.0 20.0 10.0
82.0 247.0 20.0 10.0
520.0 74.0 20.0 10.0
31.0 269.0 20.0 10.0
495.0 204.0 20.0 10.0
509.0 265.0 20.0 10.0
173.0 122.0 20.0 10.0
188.0 150.0 20.0 10.0
85.0 279.0 20.0 10.0
380.0 114.0 20.0 10.0
95.0 194.0 20.0 10.0
297.0 87.0 20.0 10.0
369.0 51.0 20.0 10.0
137.0 146.0 20.0 10.0
390.0 25.0 20.0 10.0
253.0 97.0 20.0 10.0
263.0 126.0 20.0 10.0
302.0 118.0 20.0 10.0
340.0 118.0 20.0 10.0
528.0 87.0 20.0 10.0
56.0 370.0 20.0 10.0
24.0 361.0 20.0 10.0
73.0 397.0 20.0 10.0
119.0 358.0 20.0 10.0
89.0 370.0 20.0 10.0
394.0 52.0 20.0 10.0
381.0 80.0 20.0 10.0
500.0 87.0 20.0 10.0
125.0 170.0 20.0 10.0
445.0 152.0 20.0 10.0
503.0 168.0 20.0 10.0
474.0 176.0 20.0 10.0
547.0 308.0 20.0 10.0
542.0 282.0 20.0 10.0
533.0 254.0 20.0 10.0
511.0 234.0 20.0 10.0
474.0 102.0 20.0 10.0
166.0 94.0 20.0 10.0
238.0 203.0 20.0 10.0
230.0 174.0 20.0 10.0
227.0 142.0 20.0 10.0
102.0 220.0 20.0 10.0
126.0 194.0 20.0 10.0
154.0 169.0 20.0 10.0
