135
1311.4000244140625 754.6199951171875 184.0030059814453 19.000099182128906
1519.4000244140625 617.8300170898438 112.00299835205078 19.000099182128906
1462.0 462.4599914550781 173.0019989013672 19.000099182128906
1646.699951171875 488.3599853515625 130.9969940185547 19.000099182128906
1568.800048828125 713.6400146484375 106.9990005493164 19.000099182128906
1857.5 663.6699829101562 65.00019836425781 19.000099182128906
1531.9000244140625 547.4199829101562 108.0 19.000099182128906
2097.10009765625 838.969970703125 100.0009994506836 19.000099182128906
1848.800048828125 896.9299926757812 112.99700164794922 19.000099182128906
1689.199951171875 800.9000244140625 104.99800109863281 19.000099182128906
1713.699951171875 831.6300048828125 117.0 19.000099182128906
1919.300048828125 815.5700073242188 95.99759674072266 19.000099182128906
1955.699951171875 758.6799926757812 97.99919891357422 19.000099182128906
1990.0 592.280029296875 128.0019989013672 19.000099182128906
1879.0999755859375 809.0900268554688 141.9980010986328 19.000099182128906
2040.800048828125 755.719970703125 124.9990005493164 19.000099182128906
1618.5 701.7899780273438 145.00100708007812 19.000099182128906
1760.0 468.7300109863281 115.9990005493164 19.000099182128906
1904.0999755859375 835.3099975585938 157.9969940185547 19.000099182128906
1962.9000244140625 790.780029296875 99.0 19.000099182128906
1814.199951171875 541.260009765625 118.0009994506836 19.000099182128906
1861.5999755859375 536.47998046875 106.9990005493164 19.000099182128906
1768.0 569.3200073242188 106.9990005493164 19.000099182128906
1994.800048828125 691.7999877929688 127.0009994506836 19.000099182128906
2028.800048828125 826.3200073242188 122.99800109863281 19.000099182128906
2033.4000244140625 668.22998046875 160.99899291992188 19.000099182128906
1941.5 306.739990234375 166.9969940185547 19.000099182128906
1983.0999755859375 319.2099914550781 151.99899291992188 19.000099182128906
1835.699951171875 721.5999755859375 153.0 19.000099182128906
1737.0 779.1500244140625 106.9990005493164 19.000099182128906
1747.0999755859375 815.6400146484375 90.0 19.000099182128906
1809.5 603.2899780273438 124.9990005493164 19.000099182128906
2102.10009765625 612.27001953125 127.0009994506836 19.000099182128906
1749.9000244140625 518.6500244140625 110.00199890136719 19.000099182128906
1998.199951171875 538.5 91.00080108642578 19.000099182128906
1882.5999755859375 581.9299926757812 121.99700164794922 19.000099182128906
1795.0 652.530029296875 137.0019989013672 19.000099182128906
1720.0 529.5800170898438 128.0019989013672 19.000099182128906
1899.5999755859375 610.6199951171875 103.99700164794922 19.000099182128906
2006.0999755859375 759.4299926757812 102.00199890136719 19.000099182128906
1828.9000244140625 483.8999938964844 121.00299835205078 19.000099182128906
1944.699951171875 556.1699829101562 163.00100708007812 19.000099182128906
1728.0 613.6099853515625 157.0030059814453 19.000099182128906
1871.4000244140625 843.6900024414062 112.00299835205078 19.000099182128906
1880.699951171875 924.9600219726562 106.9990005493164 19.000099182128906
2012.199951171875 915.5900268554688 85.9968032836914 19.000099182128906
1761.199951171875 890.3400268554688 121.99700164794922 19.000099182128906
1791.4000244140625 962.5 127.0009994506836 19.000099182128906
1769.4000244140625 856.3099975585938 139.9969940185547 19.000099182128906
1834.0999755859375 799.7100219726562 112.99700164794922 19.000099182128906
1694.800048828125 317.8699951171875 142.99899291992188 19.000099182128906
1615.0999755859375 87.05999755859375 164.0019989013672 19.000099182128906
1561.5 100.56999969482422 50.99980163574219 19.000099182128906
1816.0999755859375 398.6199951171875 38.00019836425781 19.000099182128906
1740.5999755859375 260.7900085449219 121.99700164794922 19.000099182128906
1766.5999755859375 13.670999526977539 75.00240325927734 19.000099182128906
1772.9000244140625 706.719970703125 29.000200271606445 19.000099182128906
1671.9000244140625 708.9400024414062 117.0 19.000099182128906
1761.5999755859375 727.1699829101562 130.0030059814453 19.000099182128906
1451.9000244140625 794.9500122070312 203.9980010986328 19.000099182128906
1493.199951171875 810.1599731445312 184.9969940185547 19.000099182128906
1673.5 67.27300262451172 137.0019989013672 19.000099182128906
1691.9000244140625 195.91000366210938 85.0031967163086 19.000099182128906
1706.5 9.5 163.00100708007812 19.000099182128906
2024.9000244140625 456.5199890136719 56.00019836425781 19.000099182128906
1334.5999755859375 394.760009765625 74.00160217285156 19.000099182128906
1302.5 451.7300109863281 54.0 19.000099182128906
1430.5 673.1199951171875 69.99980163574219 19.000099182128906
1857.300048828125 643.3099975585938 136.00100708007812 19.000099182128906
1805.300048828125 863.1500244140625 130.9969940185547 19.000099182128906
2344.60009765625 984.7100219726562 73.00080108642578 19.000099182128906
2219.39990234375 955.1799926757812 99.0 19.000099182128906
1895.0 787.4299926757812 92.00160217285156 19.000099182128906
2127.300048828125 1048.4000244140625 142.99899291992188 19.000099182128906
2144.199951171875 819.4099731445312 92.00160217285156 19.000099182128906
1919.4000244140625 722.1199951171875 38.00019836425781 19.000099182128906
1489.0 971.7000122070312 54.0 19.000099182128906
1773.4000244140625 1151.5999755859375 40.999698638916016 19.000099182128906
1710.800048828125 1119.4000244140625 81.0 19.000099182128906
1832.0 1168.0 104.99800109863281 19.000099182128906
1673.5999755859375 976.2899780273438 104.99800109863281 19.000099182128906
1930.5 850.8200073242188 112.00299835205078 19.000099182128906
2200.699951171875 991.7999877929688 91.00080108642578 19.000099182128906
1977.9000244140625 888.219970703125 66.00019836425781 19.000099182128906
2136.199951171875 898.8099975585938 148.0030059814453 19.000099182128906
2251.39990234375 762.8499755859375 103.99700164794922 19.000099182128906
2379.699951171875 832.6699829101562 106.9990005493164 19.000099182128906
2313.39990234375 1019.0999755859375 113.99800109863281 19.000099182128906
2188.39990234375 1032.300048828125 129.0019989013672 19.000099182128906
2086.199951171875 865.510009765625 67.99970245361328 19.000099182128906
2352.699951171875 869.7999877929688 88.99919891357422 19.000099182128906
1910.800048828125 765.8200073242188 85.0031967163086 19.000099182128906
2156.0 1017.2000122070312 95.99759674072266 19.000099182128906
1893.300048828125 759.7100219726562 88.99919891357422 19.000099182128906
2347.60009765625 939.3800048828125 115.9990005493164 19.000099182128906
2364.60009765625 781.8200073242188 103.99700164794922 19.000099182128906
2381.800048828125 906.8900146484375 92.00160217285156 19.000099182128906
2194.10009765625 869.030029296875 83.00160217285156 19.000099182128906
1857.300048828125 986.6300048828125 82.00080108642578 19.000099182128906
1448.199951171875 739.0599975585938 43.999900817871094 19.000099182128906
1632.9000244140625 638.2999877929688 103.99700164794922 19.000099182128906
1714.0 569.739990234375 52.999900817871094 19.000099182128906
1403.0 650.77001953125 70.9999008178711 19.000099182128906
1438.699951171875 606.010009765625 103.99700164794922 19.000099182128906
1917.300048828125 1031.800048828125 85.9968032836914 19.000099182128906
2173.5 633.719970703125 106.9990005493164 19.000099182128906
2185.89990234375 678.0499877929688 106.9990005493164 19.000099182128906
1943.0999755859375 391.9100036621094 119.00199890136719 19.000099182128906
2036.5999755859375 158.67999267578125 76.9968032836914 19.000099182128906
2019.699951171875 68.80400085449219 46.000099182128906 19.000099182128906
2126.60009765625 113.43000030517578 29.000200271606445 19.000099182128906
2329.10009765625 485.2200012207031 95.99759674072266 19.000099182128906
1638.800048828125 373.2799987792969 58.000301361083984 19.000099182128906
2103.800048828125 411.07000732421875 124.9990005493164 19.000099182128906
1586.9000244140625 775.5900268554688 46.000099182128906 19.000099182128906
1094.699951171875 755.5599975585938 85.0031967163086 19.000099182128906
1315.800048828125 880.3699951171875 52.999900817871094 19.000099182128906
1906.4000244140625 1199.5999755859375 106.9990005493164 19.000099182128906
2167.60009765625 1150.300048828125 78.99839782714844 19.000099182128906
2069.699951171875 1179.4000244140625 83.00160217285156 19.000099182128906
2118.10009765625 1171.0999755859375 85.9968032836914 19.000099182128906
1720.199951171875 1227.9000244140625 83.00160217285156 19.000099182128906
1657.300048828125 1198.4000244140625 84.00240325927734 19.000099182128906
879.8900146484375 757.780029296875 140.9980010986328 19.000099182128906
498.75 765.47998046875 232.99899291992188 19.000099182128906
248.89999389648438 794.7999877929688 208.00100708007812 19.000099182128906
64.0 783.4400024414062 128.0019989013672 19.000099182128906
310.1400146484375 894.3300170898438 165.0019989013672 19.000099182128906
332.45001220703125 798.6099853515625 191.0019989013672 19.000099182128906
571.9000244140625 898.760009765625 217.00100708007812 19.000099182128906
133.75 945.8800048828125 85.9968032836914 19.000099182128906
333.75 725.9000244140625 139.9969940185547 19.000099182128906
1108.699951171875 828.280029296875 56.00019836425781 19.000099182128906
916.5 836.5700073242188 149.9980010986328 19.000099182128906
419.989990234375 984.489990234375 137.0019989013672 19.000099182128906
