1235
568.3699951171875 814.4000244140625 110.49099731445312 36.0
569.9199829101562 931.5999755859375 110.49099731445312 36.0
616.5700073242188 911.0599975585938 110.49099731445312 36.0
591.0900268554688 931.1799926757812 110.49099731445312 36.0
431.1199951171875 747.5499877929688 106.58899688720703 36.0
413.6000061035156 811.4600219726562 106.58899688720703 36.0
410.489990234375 679.969970703125 106.58899688720703 36.0
439.0299987792969 675.760009765625 106.58899688720703 36.0
388.32000732421875 837.3900146484375 106.58899688720703 36.0
351.92999267578125 689.030029296875 106.58899688720703 36.0
401.70001220703125 699.1599731445312 106.58899688720703 36.0
1134.800048828125 554.0 118.28900146484375 36.0
1232.4000244140625 469.17999267578125 118.28900146484375 36.0
1211.4000244140625 458.3800048828125 118.28900146484375 36.0
1251.199951171875 489.5899963378906 118.28900146484375 36.0
1220.0999755859375 489.54998779296875 118.28900146484375 36.0
1233.800048828125 508.4100036621094 118.28900146484375 36.0
1198.800048828125 475.80999755859375 118.28900146484375 36.0
1328.5999755859375 513.8800048828125 118.28900146484375 36.0
908.219970703125 657.1599731445312 103.98999786376953 36.0
977.4000244140625 651.25 111.78700256347656 36.0
1154.4000244140625 587.530029296875 110.49099731445312 36.0
1068.4000244140625 574.1400146484375 111.78700256347656 36.0
1179.5999755859375 685.8599853515625 103.98999786376953 36.0
973.8800048828125 545.4000244140625 102.69400024414062 36.0
1305.199951171875 411.2300109863281 118.28900146484375 36.0
1263.5 378.8299865722656 118.28900146484375 36.0
1281.699951171875 424.7200012207031 118.28900146484375 36.0
1287.699951171875 390.7200012207031 118.28900146484375 36.0
1262.5 404.79998779296875 118.28900146484375 36.0
1303.199951171875 441.80999755859375 118.28900146484375 36.0
1375.9000244140625 428.3900146484375 118.28900146484375 36.0
1401.699951171875 424.2699890136719 118.28900146484375 36.0
1408.699951171875 495.0299987792969 118.28900146484375 36.0
1420.5999755859375 440.8599853515625 118.28900146484375 36.0
1439.800048828125 461.0799865722656 118.28900146484375 36.0
1437.0 514.9600219726562 118.28900146484375 36.0
1390.5999755859375 458.6600036621094 118.28900146484375 36.0
1439.4000244140625 487.04998779296875 118.28900146484375 36.0
1413.5999755859375 468.1400146484375 118.28900146484375 36.0
1285.4000244140625 616.9199829101562 106.58899688720703 36.0
625.22998046875 714.5800170898438 115.69000244140625 36.0
785.0700073242188 420.8299865722656 103.98999786376953 36.0
800.5900268554688 649.7100219726562 101.38999938964844 36.0
886.5900268554688 671.9400024414062 105.29299926757812 36.0
889.5 503.07000732421875 96.19200134277344 36.0
1102.0 599.7100219726562 103.98999786376953 36.0
970.6799926757812 615.9000244140625 103.98999786376953 36.0
1049.0 797.6099853515625 102.69400024414062 36.0
1183.800048828125 725.280029296875 103.98999786376953 36.0
888.1099853515625 634.3099975585938 103.98999786376953 36.0
919.219970703125 639.1400146484375 103.98999786376953 36.0
877.010009765625 699.6599731445312 103.98999786376953 36.0
945.5599975585938 604.260009765625 103.98999786376953 36.0
973.9500122070312 722.5900268554688 103.98999786376953 36.0
978.780029296875 690.7000122070312 103.98999786376953 36.0
633.030029296875 828.219970703125 118.28900146484375 36.0
928.0900268554688 553.6199951171875 105.29299926757812 36.0
968.1900024414062 577.7000122070312 109.18800354003906 36.0
608.0900268554688 702.989990234375 107.89199829101562 36.0
1076.300048828125 664.72998046875 111.78700256347656 36.0
1121.800048828125 695.6500244140625 111.78700256347656 36.0
1011.7000122070312 712.760009765625 111.78700256347656 36.0
1055.5999755859375 689.469970703125 111.78700256347656 36.0
1038.699951171875 716.3800048828125 111.78700256347656 36.0
1006.5 691.280029296875 111.78700256347656 36.0
1031.300048828125 694.239990234375 111.78700256347656 36.0
1019.4000244140625 758.1900024414062 111.78700256347656 36.0
976.5800170898438 407.07000732421875 103.98999786376953 36.0
1102.0 702.4299926757812 106.58899688720703 36.0
1274.0 562.9000244140625 110.49099731445312 36.0
1270.199951171875 591.9299926757812 110.49099731445312 36.0
1243.9000244140625 528.75 110.49099731445312 36.0
1248.699951171875 555.8599853515625 110.49099731445312 36.0
1259.5 574.4000244140625 110.49099731445312 36.0
1267.0 536.2100219726562 110.49099731445312 36.0
1320.0999755859375 771.9600219726562 110.49099731445312 36.0
1259.699951171875 679.9600219726562 110.49099731445312 36.0
1208.5 568.1699829101562 111.78700256347656 36.0
1145.0999755859375 646.27001953125 111.78700256347656 36.0
1134.699951171875 602.2000122070312 111.78700256347656 36.0
1131.4000244140625 658.8200073242188 111.78700256347656 36.0
1153.5 610.719970703125 111.78700256347656 36.0
1111.4000244140625 668.6099853515625 111.78700256347656 36.0
1154.9000244140625 545.4299926757812 111.78700256347656 36.0
1256.199951171875 641.5 106.58899688720703 36.0
1235.300048828125 981.219970703125 103.98999786376953 36.0
1237.800048828125 606.2100219726562 103.98999786376953 36.0
1214.0 747.6900024414062 103.98999786376953 36.0
1291.800048828125 674.3300170898438 103.98999786376953 36.0
1221.5999755859375 778.8599853515625 103.98999786376953 36.0
1238.300048828125 766.7899780273438 103.98999786376953 36.0
1261.699951171875 718.9500122070312 103.98999786376953 36.0
721.9199829101562 738.9600219726562 103.98999786376953 36.0
904.5499877929688 325.4100036621094 111.78700256347656 36.0
756.1799926757812 454.1600036621094 102.69400024414062 36.0
885.489990234375 286.7300109863281 106.58899688720703 36.0
996.1799926757812 594.7000122070312 102.69400024414062 36.0
1021.9000244140625 593.239990234375 102.69400024414062 36.0
1084.5999755859375 507.4100036621094 102.69400024414062 36.0
1044.0999755859375 558.780029296875 102.69400024414062 36.0
1063.9000244140625 526.260009765625 102.69400024414062 36.0
1026.5999755859375 565.1400146484375 102.69400024414062 36.0
1063.699951171875 504.3800048828125 102.69400024414062 36.0
1039.4000244140625 509.4700012207031 102.69400024414062 36.0
1071.5 476.9200134277344 102.69400024414062 36.0
1377.199951171875 650.75 106.58899688720703 36.0
1382.0 551.5999755859375 106.58899688720703 36.0
1410.0 593.739990234375 106.58899688720703 36.0
1381.699951171875 593.5900268554688 106.58899688720703 36.0
1365.0999755859375 569.239990234375 106.58899688720703 36.0
1396.800048828125 572.0700073242188 106.58899688720703 36.0
1403.5999755859375 619.72998046875 106.58899688720703 36.0
413.1600036621094 855.8599853515625 105.29299926757812 36.0
336.5199890136719 970.5 105.29299926757812 36.0
314.82000732421875 942.9299926757812 105.29299926757812 36.0
377.2200012207031 959.719970703125 105.29299926757812 36.0
358.57000732421875 969.9500122070312 105.29299926757812 36.0
304.3399963378906 902.6099853515625 105.29299926757812 36.0
308.3599853515625 918.7100219726562 105.29299926757812 36.0
359.20001220703125 942.1599731445312 105.29299926757812 36.0
335.05999755859375 928.52001953125 105.29299926757812 36.0
335.9800109863281 950.1599731445312 105.29299926757812 36.0
479.07000732421875 824.1300048828125 103.98999786376953 36.0
468.07000732421875 559.6799926757812 116.99299621582031 36.0
355.6600036621094 915.739990234375 107.89199829101562 36.0
637.9400024414062 901.0499877929688 105.29299926757812 36.0
388.6300048828125 727.280029296875 111.78700256347656 36.0
409.8299865722656 935.0700073242188 103.98999786376953 36.0
434.1000061035156 897.25 103.98999786376953 36.0
416.70001220703125 909.3800048828125 103.98999786376953 36.0
453.0 929.6400146484375 103.98999786376953 36.0
434.2200012207031 926.7999877929688 103.98999786376953 36.0
394.17999267578125 923.0399780273438 103.98999786376953 36.0
476.489990234375 676.8699951171875 115.69000244140625 36.0
594.8900146484375 748.6300048828125 115.69000244140625 36.0
568.6300048828125 747.530029296875 115.69000244140625 36.0
626.4000244140625 805.6300048828125 115.69000244140625 36.0
603.4199829101562 803.0900268554688 115.69000244140625 36.0
612.969970703125 764.260009765625 115.69000244140625 36.0
555.0 728.3300170898438 115.69000244140625 36.0
584.780029296875 427.25 103.98999786376953 36.0
646.8499755859375 463.2099914550781 103.98999786376953 36.0
628.8099975585938 371.5899963378906 103.98999786376953 36.0
581.260009765625 395.75 103.98999786376953 36.0
608.489990234375 414.010009765625 103.98999786376953 36.0
555.760009765625 391.19000244140625 103.98999786376953 36.0
773.5399780273438 438.07000732421875 111.78700256347656 36.0
802.530029296875 717.3099975585938 101.38999938964844 36.0
705.030029296875 507.3999938964844 110.49099731445312 36.0
583.719970703125 345.8500061035156 90.99359893798828 36.0
605.1799926757812 363.2099914550781 103.98999786376953 36.0
609.8099975585938 298.8699951171875 103.98999786376953 36.0
587.7000122070312 291.20001220703125 103.98999786376953 36.0
552.4500122070312 317.82000732421875 103.98999786376953 36.0
583.9600219726562 265.239990234375 103.98999786376953 36.0
544.469970703125 422.5 113.08999633789062 36.0
765.8800048828125 528.2100219726562 100.09400177001953 36.0
516.77001953125 176.11000061035156 109.18800354003906 36.0
757.469970703125 439.42999267578125 123.48699951171875 36.0
521.260009765625 634.0 107.89199829101562 36.0
647.5800170898438 155.61000061035156 105.29299926757812 36.0
623.77001953125 274.760009765625 103.98999786376953 36.0
604.8699951171875 261.45001220703125 103.98999786376953 36.0
542.8800048828125 302.20001220703125 103.98999786376953 36.0
565.260009765625 288.30999755859375 103.98999786376953 36.0
629.0 351.5899963378906 103.98999786376953 36.0
565.9099731445312 413.7300109863281 103.98999786376953 36.0
607.4000244140625 388.20001220703125 103.98999786376953 36.0
578.47998046875 375.0400085449219 103.98999786376953 36.0
467.6099853515625 373.5400085449219 113.08999633789062 36.0
477.54998779296875 343.19000244140625 113.08999633789062 36.0
488.69000244140625 355.7300109863281 113.08999633789062 36.0
789.5399780273438 591.0900268554688 100.09400177001953 36.0
741.469970703125 612.9199829101562 100.09400177001953 36.0
777.4000244140625 618.969970703125 100.09400177001953 36.0
764.7899780273438 598.9600219726562 100.09400177001953 36.0
801.6199951171875 627.4000244140625 100.09400177001953 36.0
793.3599853515625 606.1900024414062 100.09400177001953 36.0
471.4599914550781 96.93000030517578 109.18800354003906 36.0
448.6600036621094 90.83000183105469 109.18800354003906 36.0
482.82000732421875 71.30599975585938 109.18800354003906 36.0
908.3800048828125 583.6300048828125 123.48699951171875 36.0
769.989990234375 366.67999267578125 123.48699951171875 36.0
755.25 350.6400146484375 123.48699951171875 36.0
731.3499755859375 341.4700012207031 123.48699951171875 36.0
799.4299926757812 373.0400085449219 123.48699951171875 36.0
800.5599975585938 428.0899963378906 123.48699951171875 36.0
786.02001953125 351.1700134277344 123.48699951171875 36.0
323.54998779296875 707.2100219726562 113.08999633789062 36.0
381.1099853515625 536.969970703125 116.99299621582031 36.0
457.489990234375 676.1199951171875 107.89199829101562 36.0
435.0799865722656 619.75 107.89199829101562 36.0
430.6000061035156 685.8800048828125 107.89199829101562 36.0
416.6199951171875 639.8800048828125 107.89199829101562 36.0
490.6499938964844 688.2999877929688 107.89199829101562 36.0
503.1600036621094 737.4199829101562 107.89199829101562 36.0
632.719970703125 38.37799835205078 105.29299926757812 36.0
657.719970703125 40.21200180053711 105.29299926757812 36.0
654.27001953125 63.52299880981445 105.29299926757812 36.0
672.75 82.76899719238281 105.29299926757812 36.0
687.9099731445312 52.29899978637695 105.29299926757812 36.0
623.6799926757812 60.176998138427734 105.29299926757812 36.0
428.2900085449219 485.260009765625 116.99299621582031 36.0
401.3999938964844 472.92999267578125 116.99299621582031 36.0
406.0299987792969 497.4100036621094 116.99299621582031 36.0
388.1700134277344 452.3999938964844 116.99299621582031 36.0
411.19000244140625 450.0 116.99299621582031 36.0
430.3599853515625 460.5 116.99299621582031 36.0
386.8800048828125 773.969970703125 114.38600158691406 36.0
332.5 560.0900268554688 111.78700256347656 36.0
364.1300048828125 616.510009765625 111.78700256347656 36.0
803.469970703125 478.55999755859375 111.78700256347656 36.0
830.1500244140625 490.55999755859375 111.78700256347656 36.0
733.2999877929688 417.19000244140625 111.78700256347656 36.0
786.0999755859375 468.6199951171875 111.78700256347656 36.0
840.4099731445312 427.6700134277344 111.78700256347656 36.0
824.4600219726562 505.6600036621094 111.78700256347656 36.0
708.0599975585938 384.70001220703125 111.78700256347656 36.0
608.22998046875 657.2899780273438 118.28900146484375 36.0
878.5 731.8699951171875 111.78700256347656 36.0
851.4299926757812 787.2999877929688 101.38999938964844 36.0
854.3900146484375 813.2100219726562 101.38999938964844 36.0
794.0999755859375 793.530029296875 101.38999938964844 36.0
809.1799926757812 808.6400146484375 101.38999938964844 36.0
848.030029296875 714.22998046875 101.38999938964844 36.0
833.9199829101562 803.8099975585938 101.38999938964844 36.0
813.6199951171875 615.8599853515625 115.69000244140625 36.0
772.719970703125 552.489990234375 110.49099731445312 36.0
715.3400268554688 577.239990234375 110.49099731445312 36.0
737.8599853515625 545.3599853515625 110.49099731445312 36.0
536.2000122070312 608.1900024414062 107.89199829101562 36.0
549.7000122070312 260.32000732421875 90.99359893798828 36.0
520.4299926757812 271.69000244140625 90.99359893798828 36.0
524.9299926757812 251.35000610351562 90.99359893798828 36.0
497.1700134277344 272.5299987792969 90.99359893798828 36.0
503.0400085449219 251.3000030517578 90.99359893798828 36.0
509.4599914550781 293.29998779296875 90.99359893798828 36.0
618.6699829101562 193.7899932861328 90.99359893798828 36.0
476.5299987792969 220.00999450683594 107.89199829101562 36.0
762.3200073242188 508.3299865722656 103.98999786376953 36.0
753.0399780273438 422.1300048828125 103.98999786376953 36.0
690.8099975585938 434.0899963378906 103.98999786376953 36.0
762.760009765625 408.04998779296875 103.98999786376953 36.0
707.010009765625 451.4100036621094 103.98999786376953 36.0
703.6799926757812 471.07000732421875 103.98999786376953 36.0
715.3400268554688 431.8500061035156 103.98999786376953 36.0
648.4400024414062 515.1300048828125 103.98999786376953 36.0
752.1300048828125 604.27001953125 111.78700256347656 36.0
922.1199951171875 491.29998779296875 96.19200134277344 36.0
956.780029296875 565.2999877929688 115.69000244140625 36.0
668.6699829101562 677.4000244140625 118.28900146484375 36.0
718.1300048828125 376.239990234375 94.88880157470703 36.0
799.8499755859375 308.8599853515625 103.98999786376953 36.0
779.4000244140625 312.3500061035156 103.98999786376953 36.0
745.280029296875 321.6000061035156 103.98999786376953 36.0
804.9299926757812 330.1400146484375 103.98999786376953 36.0
782.9500122070312 289.8599853515625 103.98999786376953 36.0
728.5499877929688 310.19000244140625 103.98999786376953 36.0
815.75 348.8500061035156 103.98999786376953 36.0
774.010009765625 335.0400085449219 103.98999786376953 36.0
763.8599853515625 319.05999755859375 103.98999786376953 36.0
708.27001953125 322.3800048828125 103.98999786376953 36.0
708.8800048828125 341.9700012207031 103.98999786376953 36.0
748.3599853515625 297.9200134277344 103.98999786376953 36.0
949.0800170898438 323.5799865722656 96.19200134277344 36.0
1060.800048828125 553.4000244140625 105.29299926757812 36.0
788.75 697.5399780273438 101.38999938964844 36.0
783.9299926757812 722.0499877929688 101.38999938964844 36.0
846.7100219726562 655.8499755859375 101.38999938964844 36.0
774.8900146484375 581.7899780273438 101.38999938964844 36.0
826.2899780273438 716.1300048828125 101.38999938964844 36.0
815.8499755859375 683.0499877929688 101.38999938964844 36.0
769.6699829101562 706.7100219726562 101.38999938964844 36.0
794.760009765625 746.739990234375 101.38999938964844 36.0
835.8800048828125 673.0900268554688 101.38999938964844 36.0
569.1300048828125 764.25 110.49099731445312 36.0
599.8800048828125 554.3200073242188 103.98999786376953 36.0
630.1799926757812 561.3900146484375 103.98999786376953 36.0
586.5599975585938 493.3900146484375 103.98999786376953 36.0
635.7000122070312 581.0999755859375 103.98999786376953 36.0
609.6500244140625 490.3699951171875 103.98999786376953 36.0
642.5999755859375 528.3499755859375 103.98999786376953 36.0
594.6599731445312 534.25 103.98999786376953 36.0
693.97998046875 568.8400268554688 103.98999786376953 36.0
652.27001953125 603.5800170898438 103.98999786376953 36.0
726.1900024414062 486.9599914550781 103.98999786376953 36.0
791.3200073242188 534.4400024414062 111.78700256347656 36.0
528.1799926757812 331.44000244140625 96.19200134277344 36.0
641.4299926757812 722.6900024414062 103.98999786376953 36.0
568.5399780273438 484.6199951171875 105.29299926757812 36.0
647.4299926757812 321.20001220703125 105.29299926757812 36.0
633.3099975585938 739.2999877929688 107.89199829101562 36.0
872.0700073242188 675.25 101.38999938964844 36.0
910.4199829101562 512.3699951171875 115.69000244140625 36.0
574.5999755859375 567.6300048828125 113.08999633789062 36.0
710.6199951171875 531.4099731445312 111.78700256347656 36.0
747.1500244140625 529.2100219726562 111.78700256347656 36.0
723.4500122070312 623.280029296875 111.78700256347656 36.0
692.7100219726562 626.3499755859375 111.78700256347656 36.0
905.47998046875 455.4800109863281 96.19200134277344 36.0
664.0499877929688 633.77001953125 115.69000244140625 36.0
1041.199951171875 667.1699829101562 109.18800354003906 36.0
918.9600219726562 388.5400085449219 96.19200134277344 36.0
994.4199829101562 402.3999938964844 96.19200134277344 36.0
934.9500122070312 397.57000732421875 96.19200134277344 36.0
961.8900146484375 395.239990234375 96.19200134277344 36.0
1026.0 431.9800109863281 96.19200134277344 36.0
1021.7000122070312 475.92999267578125 96.19200134277344 36.0
1012.5999755859375 406.07000732421875 96.19200134277344 36.0
995.2100219726562 382.8900146484375 96.19200134277344 36.0
946.280029296875 409.0799865722656 96.19200134277344 36.0
1007.0 440.489990234375 96.19200134277344 36.0
1016.9000244140625 386.30999755859375 96.19200134277344 36.0
994.5800170898438 422.20001220703125 96.19200134277344 36.0
862.1400146484375 554.9299926757812 115.69000244140625 36.0
994.9099731445312 558.8599853515625 115.69000244140625 36.0
1006.5999755859375 517.8800048828125 115.69000244140625 36.0
984.6500244140625 521.0800170898438 115.69000244140625 36.0
931.0999755859375 533.6500244140625 115.69000244140625 36.0
1006.2000122070312 545.2999877929688 115.69000244140625 36.0
1023.5 531.3800048828125 115.69000244140625 36.0
536.6699829101562 697.7999877929688 110.49099731445312 36.0
542.5800170898438 796.530029296875 118.28900146484375 36.0
447.07000732421875 650.6900024414062 116.99299621582031 36.0
674.6199951171875 765.8400268554688 118.28900146484375 36.0
666.22998046875 751.4199829101562 118.28900146484375 36.0
689.1500244140625 736.1699829101562 118.28900146484375 36.0
710.3099975585938 753.0700073242188 118.28900146484375 36.0
667.7000122070312 729.780029296875 118.28900146484375 36.0
646.0999755859375 669.77001953125 118.28900146484375 36.0
448.489990234375 325.6700134277344 94.88880157470703 36.0
552.8599853515625 179.6199951171875 94.88880157470703 36.0
695.239990234375 277.5400085449219 94.88880157470703 36.0
734.4600219726562 254.8300018310547 94.88880157470703 36.0
700.2100219726562 255.49000549316406 94.88880157470703 36.0
673.3699951171875 268.82000732421875 94.88880157470703 36.0
657.6099853515625 289.1300048828125 94.88880157470703 36.0
688.27001953125 245.6999969482422 94.88880157470703 36.0
716.7899780273438 272.8999938964844 94.88880157470703 36.0
680.25 294.95001220703125 94.88880157470703 36.0
716.5499877929688 240.17999267578125 94.88880157470703 36.0
1095.699951171875 665.5 105.29299926757812 36.0
1021.5 659.9600219726562 105.29299926757812 36.0
922.1199951171875 756.77001953125 105.29299926757812 36.0
906.9000244140625 778.22998046875 105.29299926757812 36.0
925.75 777.27001953125 105.29299926757812 36.0
851.0499877929688 760.25 105.29299926757812 36.0
887.0 789.1900024414062 105.29299926757812 36.0
897.239990234375 759.4500122070312 105.29299926757812 36.0
792.3900146484375 245.61000061035156 107.89199829101562 36.0
1015.2999877929688 205.1999969482422 96.19200134277344 36.0
1041.5 247.86000061035156 96.19200134277344 36.0
1041.5 223.64999389648438 96.19200134277344 36.0
1119.0 277.95001220703125 103.98999786376953 36.0
943.9600219726562 434.7900085449219 96.19200134277344 36.0
932.77001953125 453.3599853515625 96.19200134277344 36.0
973.6900024414062 470.8599853515625 96.19200134277344 36.0
953.780029296875 468.6700134277344 96.19200134277344 36.0
979.5700073242188 493.8900146484375 96.19200134277344 36.0
967.780029296875 451.55999755859375 96.19200134277344 36.0
553.25 568.5999755859375 118.28900146484375 36.0
515.0900268554688 619.8099975585938 118.28900146484375 36.0
584.2999877929688 676.3200073242188 118.28900146484375 36.0
579.9000244140625 608.4600219726562 118.28900146484375 36.0
570.280029296875 589.6799926757812 118.28900146484375 36.0
525.239990234375 572.760009765625 118.28900146484375 36.0
573.02001953125 633.4099731445312 118.28900146484375 36.0
555.260009765625 674.5999755859375 118.28900146484375 36.0
535.3200073242188 663.1500244140625 118.28900146484375 36.0
518.0499877929688 596.239990234375 118.28900146484375 36.0
542.6099853515625 644.9000244140625 118.28900146484375 36.0
552.1799926757812 626.3599853515625 118.28900146484375 36.0
1121.0 564.1300048828125 105.29299926757812 36.0
1148.9000244140625 524.8300170898438 105.29299926757812 36.0
1165.300048828125 509.8299865722656 105.29299926757812 36.0
1041.699951171875 310.6499938964844 103.98999786376953 36.0
1043.9000244140625 335.2699890136719 103.98999786376953 36.0
1024.5 300.8299865722656 103.98999786376953 36.0
970.6599731445312 303.2699890136719 103.98999786376953 36.0
906.52001953125 341.5799865722656 103.98999786376953 36.0
1006.5 306.9100036621094 103.98999786376953 36.0
1003.0999755859375 746.5 118.28900146484375 36.0
959.2999877929688 661.280029296875 123.48699951171875 36.0
989.280029296875 613.9199829101562 123.48699951171875 36.0
990.0599975585938 578.4000244140625 123.48699951171875 36.0
972.9099731445312 637.0599975585938 123.48699951171875 36.0
949.030029296875 623.1900024414062 123.48699951171875 36.0
941.8800048828125 642.25 123.48699951171875 36.0
900.02001953125 475.3999938964844 105.29299926757812 36.0
904.0599975585938 599.469970703125 105.29299926757812 36.0
906.6599731445312 492.5299987792969 105.29299926757812 36.0
840.3099975585938 530.6400146484375 105.29299926757812 36.0
883.7899780273438 487.30999755859375 105.29299926757812 36.0
900.6799926757812 568.25 105.29299926757812 36.0
463.4800109863281 813.030029296875 102.69400024414062 36.0
399.30999755859375 899.8200073242188 102.69400024414062 36.0
369.239990234375 892.719970703125 102.69400024414062 36.0
388.4800109863281 884.3599853515625 102.69400024414062 36.0
355.57000732421875 871.969970703125 102.69400024414062 36.0
354.2200012207031 852.3099975585938 102.69400024414062 36.0
370.1700134277344 826.469970703125 102.69400024414062 36.0
712.25 876.2000122070312 103.98999786376953 36.0
742.9099731445312 828.8400268554688 103.98999786376953 36.0
698.7899780273438 827.1900024414062 103.98999786376953 36.0
719.0499877929688 826.4299926757812 103.98999786376953 36.0
729.75 847.9099731445312 103.98999786376953 36.0
708.6699829101562 807.4299926757812 103.98999786376953 36.0
705.9199829101562 851.4400024414062 103.98999786376953 36.0
269.45001220703125 994.1300048828125 107.89199829101562 36.0
259.8599853515625 924.6900024414062 107.89199829101562 36.0
292.6300048828125 1009.4000244140625 107.89199829101562 36.0
485.3299865722656 636.6599731445312 116.99299621582031 36.0
394.4599914550781 589.6500244140625 116.99299621582031 36.0
436.3699951171875 536.6699829101562 116.99299621582031 36.0
484.4200134277344 578.6799926757812 116.99299621582031 36.0
398.57000732421875 568.2899780273438 116.99299621582031 36.0
421.3999938964844 569.530029296875 116.99299621582031 36.0
416.9800109863281 549.7999877929688 116.99299621582031 36.0
281.5199890136719 608.3300170898438 115.69000244140625 36.0
437.760009765625 588.260009765625 107.89199829101562 36.0
457.70001220703125 558.5999755859375 107.89199829101562 36.0
498.7799987792969 663.510009765625 107.89199829101562 36.0
455.8500061035156 598.4600219726562 107.89199829101562 36.0
496.0299987792969 644.0999755859375 107.89199829101562 36.0
466.760009765625 612.52001953125 107.89199829101562 36.0
443.3699951171875 576.1699829101562 113.08999633789062 36.0
162.9600067138672 718.1599731445312 111.78700256347656 36.0
188.6699981689453 529.8599853515625 115.69000244140625 36.0
174.0 632.3900146484375 115.69000244140625 36.0
196.8699951171875 571.4099731445312 115.69000244140625 36.0
177.14999389648438 582.510009765625 115.69000244140625 36.0
182.58999633789062 551.22998046875 115.69000244140625 36.0
187.25999450683594 606.510009765625 115.69000244140625 36.0
157.75 610.7999877929688 115.69000244140625 36.0
151.60000610351562 587.1199951171875 115.69000244140625 36.0
160.2100067138672 561.8400268554688 115.69000244140625 36.0
276.6199951171875 827.4500122070312 114.38600158691406 36.0
267.8800048828125 807.1599731445312 114.38600158691406 36.0
308.8999938964844 864.47998046875 114.38600158691406 36.0
239.38999938964844 563.1500244140625 111.78700256347656 36.0
229.07000732421875 510.4100036621094 111.78700256347656 36.0
247.30999755859375 490.25 111.78700256347656 36.0
251.4600067138672 592.280029296875 111.78700256347656 36.0
272.3399963378906 560.010009765625 111.78700256347656 36.0
256.3299865722656 546.47998046875 111.78700256347656 36.0
661.530029296875 375.8399963378906 111.78700256347656 36.0
679.8699951171875 448.760009765625 111.78700256347656 36.0
687.010009765625 408.239990234375 111.78700256347656 36.0
666.0499877929688 436.2300109863281 111.78700256347656 36.0
638.5599975585938 409.3699951171875 111.78700256347656 36.0
729.5700073242188 453.2699890136719 111.78700256347656 36.0
962.969970703125 213.77000427246094 111.78700256347656 36.0
992.27001953125 246.36000061035156 111.78700256347656 36.0
978.8599853515625 266.1099853515625 111.78700256347656 36.0
1007.9000244140625 265.6300048828125 111.78700256347656 36.0
960.4000244140625 234.13999938964844 111.78700256347656 36.0
980.2999877929688 228.9199981689453 111.78700256347656 36.0
793.6799926757812 151.75999450683594 107.89199829101562 36.0
822.4500122070312 150.8800048828125 107.89199829101562 36.0
801.7999877929688 127.83000183105469 107.89199829101562 36.0
575.0599975585938 843.0 107.89199829101562 36.0
532.969970703125 948.9199829101562 107.89199829101562 36.0
514.469970703125 957.5 107.89199829101562 36.0
560.9500122070312 955.239990234375 107.89199829101562 36.0
542.1099853515625 964.9099731445312 107.89199829101562 36.0
584.5900268554688 971.52001953125 107.89199829101562 36.0
565.239990234375 979.2100219726562 107.89199829101562 36.0
532.3400268554688 990.510009765625 107.89199829101562 36.0
495.7799987792969 930.3699951171875 107.89199829101562 36.0
911.4400024414062 808.6500244140625 111.78700256347656 36.0
434.69000244140625 1018.4000244140625 100.09400177001953 36.0
506.8900146484375 844.3900146484375 113.08999633789062 36.0
538.52001953125 1084.4000244140625 107.89199829101562 36.0
547.02001953125 1112.0 107.89199829101562 36.0
514.0499877929688 1088.4000244140625 107.89199829101562 36.0
492.3999938964844 1098.5 107.89199829101562 36.0
516.4099731445312 1116.5 107.89199829101562 36.0
564.0399780273438 1089.5 107.89199829101562 36.0
468.6600036621094 900.6400146484375 105.29299926757812 36.0
490.92999267578125 1049.699951171875 107.89199829101562 36.0
513.5599975585938 1037.4000244140625 107.89199829101562 36.0
459.2099914550781 1018.5 107.89199829101562 36.0
468.7300109863281 1045.699951171875 107.89199829101562 36.0
487.510009765625 1021.0999755859375 107.89199829101562 36.0
445.7799987792969 1042.0999755859375 107.89199829101562 36.0
774.2000122070312 756.4400024414062 101.38999938964844 36.0
757.3200073242188 810.5599975585938 111.78700256347656 36.0
1080.5 741.8200073242188 113.08999633789062 36.0
952.739990234375 871.9500122070312 111.78700256347656 36.0
930.0599975585938 893.239990234375 111.78700256347656 36.0
977.8400268554688 878.9099731445312 111.78700256347656 36.0
955.760009765625 921.5 111.78700256347656 36.0
932.8699951171875 919.2000122070312 111.78700256347656 36.0
967.219970703125 902.0 111.78700256347656 36.0
858.3900146484375 833.3599853515625 111.78700256347656 36.0
973.3200073242188 1014.9000244140625 119.59200286865234 36.0
820.969970703125 877.3300170898438 100.09400177001953 36.0
1111.800048828125 826.3900146484375 101.38999938964844 36.0
1005.5 853.3900146484375 102.69400024414062 36.0
442.989990234375 1132.5 100.09400177001953 36.0
419.4200134277344 1115.5999755859375 100.09400177001953 36.0
391.1000061035156 1107.199951171875 100.09400177001953 36.0
349.6099853515625 1103.9000244140625 100.09400177001953 36.0
446.2300109863281 977.1300048828125 100.09400177001953 36.0
434.9200134277344 949.3099975585938 113.08999633789062 36.0
459.6099853515625 953.5599975585938 113.08999633789062 36.0
456.6099853515625 746.4000244140625 110.49099731445312 36.0
364.07000732421875 708.1799926757812 111.78700256347656 36.0
467.5199890136719 654.8900146484375 110.49099731445312 36.0
486.9200134277344 758.4000244140625 110.49099731445312 36.0
447.8999938964844 760.010009765625 110.49099731445312 36.0
461.25 706.8900146484375 110.49099731445312 36.0
430.6499938964844 656.760009765625 110.49099731445312 36.0
445.7900085449219 711.02001953125 110.49099731445312 36.0
658.3900146484375 861.6599731445312 107.89199829101562 36.0
615.97998046875 842.0399780273438 107.89199829101562 36.0
669.3699951171875 846.25 107.89199829101562 36.0
648.8900146484375 838.4500122070312 107.89199829101562 36.0
608.8099975585938 827.1799926757812 107.89199829101562 36.0
495.54998779296875 892.260009765625 105.29299926757812 36.0
484.07000732421875 986.0800170898438 105.29299926757812 36.0
403.3299865722656 993.9400024414062 105.29299926757812 36.0
881.280029296875 659.760009765625 111.78700256347656 36.0
933.8699951171875 696.9000244140625 111.78700256347656 36.0
906.1300048828125 695.8599853515625 111.78700256347656 36.0
925.6300048828125 676.8499755859375 111.78700256347656 36.0
944.8300170898438 716.1799926757812 111.78700256347656 36.0
919.010009765625 616.2899780273438 111.78700256347656 36.0
923.6500244140625 815.6900024414062 111.78700256347656 36.0
741.6300048828125 933.22998046875 111.78700256347656 36.0
962.1699829101562 752.2999877929688 111.78700256347656 36.0
885.4600219726562 768.1900024414062 111.78700256347656 36.0
957.3400268554688 738.1599731445312 111.78700256347656 36.0
907.760009765625 750.8099975585938 111.78700256347656 36.0
986.4500122070312 752.7100219726562 111.78700256347656 36.0
903.1199951171875 721.8900146484375 111.78700256347656 36.0
1083.300048828125 925.0800170898438 119.59200286865234 36.0
959.489990234375 497.7200012207031 109.18800354003906 36.0
965.3400268554688 511.5 109.18800354003906 36.0
1005.2999877929688 475.82000732421875 109.18800354003906 36.0
1018.2999877929688 502.20001220703125 109.18800354003906 36.0
1047.9000244140625 492.7200012207031 109.18800354003906 36.0
994.2999877929688 456.7200012207031 109.18800354003906 36.0
744.5 1062.5 111.78700256347656 36.0
701.530029296875 1041.9000244140625 111.78700256347656 36.0
751.2100219726562 1021.7999877929688 111.78700256347656 36.0
765.8200073242188 1048.5 111.78700256347656 36.0
716.2999877929688 1060.0999755859375 111.78700256347656 36.0
733.5999755859375 1038.0999755859375 111.78700256347656 36.0
1146.0 1010.7999877929688 119.59200286865234 36.0
1165.300048828125 988.1400146484375 119.59200286865234 36.0
1172.9000244140625 968.6799926757812 119.59200286865234 36.0
1132.0999755859375 968.7999877929688 119.59200286865234 36.0
1099.300048828125 1019.0 119.59200286865234 36.0
1118.800048828125 1007.5 119.59200286865234 36.0
1239.0999755859375 897.1199951171875 101.38999938964844 36.0
937.1900024414062 739.4299926757812 101.38999938964844 36.0
965.02001953125 776.75 101.38999938964844 36.0
920.6199951171875 728.6699829101562 101.38999938964844 36.0
952.0900268554688 685.1400146484375 101.38999938964844 36.0
951.260009765625 765.0700073242188 101.38999938964844 36.0
842.1400146484375 843.8200073242188 101.38999938964844 36.0
754.739990234375 874.8599853515625 101.38999938964844 36.0
755.6300048828125 854.3400268554688 101.38999938964844 36.0
824.5800170898438 853.02001953125 101.38999938964844 36.0
789.280029296875 851.1900024414062 101.38999938964844 36.0
918.8599853515625 710.6599731445312 101.38999938964844 36.0
934.3699951171875 791.1300048828125 101.38999938964844 36.0
935.010009765625 762.1400146484375 101.38999938964844 36.0
951.75 791.3400268554688 101.38999938964844 36.0
803.5999755859375 842.7999877929688 101.38999938964844 36.0
851.0700073242188 861.2999877929688 101.38999938964844 36.0
837.25 879.0900268554688 101.38999938964844 36.0
793.6400146484375 875.2000122070312 101.38999938964844 36.0
1103.0 438.8900146484375 109.18800354003906 36.0
966.22998046875 429.9800109863281 115.69000244140625 36.0
952.1699829101562 524.280029296875 115.69000244140625 36.0
901.75 407.010009765625 115.69000244140625 36.0
1174.9000244140625 644.0599975585938 103.98999786376953 36.0
1176.4000244140625 547.1400146484375 103.98999786376953 36.0
1183.800048828125 569.0999755859375 103.98999786376953 36.0
887.8599853515625 377.70001220703125 96.19200134277344 36.0
966.9000244140625 339.5400085449219 96.19200134277344 36.0
999.4199829101562 353.9700012207031 96.19200134277344 36.0
586.4000244140625 861.0900268554688 110.49099731445312 36.0
530.280029296875 877.280029296875 110.49099731445312 36.0
602.6799926757812 874.47998046875 110.49099731445312 36.0
571.2899780273438 891.1199951171875 110.49099731445312 36.0
563.3499755859375 856.4000244140625 110.49099731445312 36.0
534.260009765625 859.3699951171875 110.49099731445312 36.0
329.6499938964844 841.0999755859375 122.19100189208984 36.0
580.9099731445312 906.27001953125 118.28900146484375 36.0
485.69000244140625 909.2899780273438 118.28900146484375 36.0
527.7100219726562 917.3400268554688 118.28900146484375 36.0
1026.5999755859375 413.1300048828125 111.78700256347656 36.0
818.6500244140625 561.969970703125 115.69000244140625 36.0
812.5900268554688 591.6500244140625 115.69000244140625 36.0
872.989990234375 578.7000122070312 115.69000244140625 36.0
863.4299926757812 601.3900146484375 115.69000244140625 36.0
855.4400024414062 629.4400024414062 115.69000244140625 36.0
808.5399780273438 533.1599731445312 115.69000244140625 36.0
777.6400146484375 396.8800048828125 103.98999786376953 36.0
726.3599853515625 401.4800109863281 103.98999786376953 36.0
751.6099853515625 476.32000732421875 103.98999786376953 36.0
736.9199829101562 583.6300048828125 100.09400177001953 36.0
843.5 480.5199890136719 111.78700256347656 36.0
810.97998046875 454.45001220703125 111.78700256347656 36.0
860.2899780273438 517.9199829101562 111.78700256347656 36.0
845.8200073242188 564.2999877929688 111.78700256347656 36.0
837.5999755859375 581.3400268554688 111.78700256347656 36.0
446.20001220703125 355.1000061035156 96.19200134277344 36.0
437.5799865722656 266.55999755859375 96.19200134277344 36.0
467.25 282.04998779296875 96.19200134277344 36.0
430.1400146484375 296.7300109863281 96.19200134277344 36.0
455.3699951171875 252.75999450683594 96.19200134277344 36.0
426.0400085449219 320.05999755859375 96.19200134277344 36.0
456.8800048828125 121.23999786376953 96.19200134277344 36.0
807.1300048828125 736.9000244140625 100.09400177001953 36.0
584.489990234375 731.2899780273438 103.98999786376953 36.0
624.5499877929688 652.4299926757812 103.98999786376953 36.0
602.030029296875 785.8400268554688 103.98999786376953 36.0
687.4600219726562 785.3800048828125 103.98999786376953 36.0
585.8400268554688 705.1199951171875 103.98999786376953 36.0
588.9000244140625 770.4400024414062 103.98999786376953 36.0
487.6099853515625 730.8499755859375 115.69000244140625 36.0
469.20001220703125 429.67999267578125 105.29299926757812 36.0
512.5499877929688 421.5899963378906 105.29299926757812 36.0
525.6799926757812 492.3299865722656 105.29299926757812 36.0
508.32000732421875 394.25 105.29299926757812 36.0
480.17999267578125 407.2699890136719 105.29299926757812 36.0
490.7200012207031 432.1199951171875 105.29299926757812 36.0
574.0399780273438 316.7300109863281 105.29299926757812 36.0
638.7899780273438 226.72000122070312 105.29299926757812 36.0
664.530029296875 219.97999572753906 105.29299926757812 36.0
667.97998046875 196.38999938964844 105.29299926757812 36.0
610.9500122070312 210.69000244140625 105.29299926757812 36.0
644.7999877929688 200.57000732421875 105.29299926757812 36.0
609.1900024414062 229.6199951171875 105.29299926757812 36.0
628.52001953125 700.7899780273438 105.29299926757812 36.0
643.1900024414062 652.6900024414062 105.29299926757812 36.0
563.52001953125 704.5599975585938 105.29299926757812 36.0
704.5999755859375 720.3499755859375 105.29299926757812 36.0
640.0700073242188 763.9299926757812 105.29299926757812 36.0
651.25 784.6900024414062 105.29299926757812 36.0
625.6699829101562 782.8200073242188 105.29299926757812 36.0
727.2899780273438 702.719970703125 103.98999786376953 36.0
625.02001953125 673.1099853515625 109.18800354003906 36.0
463.55999755859375 795.6599731445312 100.09400177001953 36.0
619.3800048828125 576.6400146484375 96.19200134277344 36.0
355.5799865722656 503.1400146484375 113.08999633789062 36.0
317.6099853515625 530.469970703125 113.08999633789062 36.0
371.2300109863281 482.6499938964844 113.08999633789062 36.0
325.3500061035156 509.32000732421875 113.08999633789062 36.0
330.07000732421875 492.6199951171875 113.08999633789062 36.0
365.739990234375 463.9800109863281 113.08999633789062 36.0
723.0999755859375 784.5399780273438 103.98999786376953 36.0
761.760009765625 787.0900268554688 103.98999786376953 36.0
748.0900268554688 771.0399780273438 103.98999786376953 36.0
739.02001953125 800.7100219726562 103.98999786376953 36.0
727.969970703125 767.3400268554688 103.98999786376953 36.0
821.010009765625 409.29998779296875 106.58899688720703 36.0
802.9099731445312 902.6599731445312 109.18800354003906 36.0
743.5399780273438 715.9600219726562 100.09400177001953 36.0
599.8499755859375 635.5800170898438 109.18800354003906 36.0
541.989990234375 587.47998046875 109.18800354003906 36.0
554.3200073242188 606.4099731445312 109.18800354003906 36.0
604.469970703125 614.4600219726562 109.18800354003906 36.0
594.9000244140625 591.3599853515625 109.18800354003906 36.0
573.3400268554688 656.739990234375 109.18800354003906 36.0
355.8999938964844 811.5700073242188 100.09400177001953 36.0
372.8299865722656 847.3099975585938 100.09400177001953 36.0
404.0199890136719 738.6900024414062 100.09400177001953 36.0
433.04998779296875 732.3300170898438 100.09400177001953 36.0
414.3900146484375 839.760009765625 100.09400177001953 36.0
369.1700134277344 798.010009765625 100.09400177001953 36.0
701.5 621.6199951171875 96.19200134277344 36.0
560.75 524.0900268554688 96.19200134277344 36.0
608.1199951171875 470.9599914550781 96.19200134277344 36.0
550.22998046875 480.8800048828125 96.19200134277344 36.0
552.1599731445312 505.0 96.19200134277344 36.0
538.780029296875 535.030029296875 96.19200134277344 36.0
583.989990234375 473.239990234375 96.19200134277344 36.0
767.9400024414062 638.47998046875 100.09400177001953 36.0
745.6300048828125 661.4099731445312 100.09400177001953 36.0
774.5800170898438 671.780029296875 100.09400177001953 36.0
801.1799926757812 570.1599731445312 100.09400177001953 36.0
719.4299926757812 642.4199829101562 100.09400177001953 36.0
827.0399780273438 620.1099853515625 100.09400177001953 36.0
777.8599853515625 873.6400146484375 111.78700256347656 36.0
820.8499755859375 838.780029296875 111.78700256347656 36.0
758.8400268554688 756.510009765625 111.78700256347656 36.0
774.4600219726562 846.5800170898438 111.78700256347656 36.0
775.1300048828125 921.3800048828125 111.78700256347656 36.0
748.2899780273438 910.3800048828125 111.78700256347656 36.0
827.8599853515625 762.530029296875 100.09400177001953 36.0
816.1199951171875 790.9000244140625 100.09400177001953 36.0
843.2899780273438 743.530029296875 100.09400177001953 36.0
863.75 774.8200073242188 100.09400177001953 36.0
909.5 825.5599975585938 100.09400177001953 36.0
864.5 745.6400146484375 100.09400177001953 36.0
638.969970703125 1031.5999755859375 105.29299926757812 36.0
642.6900024414062 1008.2000122070312 105.29299926757812 36.0
612.8699951171875 1018.4000244140625 105.29299926757812 36.0
417.1199951171875 596.52001953125 115.69000244140625 36.0
441.0199890136719 558.0700073242188 115.69000244140625 36.0
382.9800109863281 620.1500244140625 115.69000244140625 36.0
478.4100036621094 496.1300048828125 113.08999633789062 36.0
483.3500061035156 522.2999877929688 113.08999633789062 36.0
507.7099914550781 525.1500244140625 113.08999633789062 36.0
496.0799865722656 478.8399963378906 113.08999633789062 36.0
522.5399780273438 474.42999267578125 113.08999633789062 36.0
503.57000732421875 502.1099853515625 113.08999633789062 36.0
626.7899780273438 526.5 96.19200134277344 36.0
680.7000122070312 534.3400268554688 96.19200134277344 36.0
633.3900146484375 546.8699951171875 96.19200134277344 36.0
374.4200134277344 763.219970703125 122.19100189208984 36.0
393.17999267578125 788.1099853515625 122.19100189208984 36.0
286.6499938964844 848.77001953125 122.19100189208984 36.0
339.9700012207031 886.760009765625 122.19100189208984 36.0
377.6199951171875 867.6099853515625 122.19100189208984 36.0
218.8000030517578 864.7899780273438 122.19100189208984 36.0
295.3299865722656 813.6099853515625 122.19100189208984 36.0
272.5 936.52001953125 122.19100189208984 36.0
220.47000122070312 893.3599853515625 122.19100189208984 36.0
239.85000610351562 932.4099731445312 122.19100189208984 36.0
237.1300048828125 854.780029296875 122.19100189208984 36.0
242.07000732421875 900.4500122070312 122.19100189208984 36.0
208.07000732421875 846.4199829101562 122.19100189208984 36.0
183.6199951171875 970.030029296875 122.19100189208984 36.0
152.0 942.7899780273438 122.19100189208984 36.0
134.77000427246094 922.010009765625 122.19100189208984 36.0
182.8800048828125 943.5999755859375 122.19100189208984 36.0
164.02999877929688 918.47998046875 122.19100189208984 36.0
113.80999755859375 890.6300048828125 122.19100189208984 36.0
158.74000549316406 968.0499877929688 122.19100189208984 36.0
127.66999816894531 949.8599853515625 122.19100189208984 36.0
142.1199951171875 897.030029296875 122.19100189208984 36.0
129.6199951171875 861.6699829101562 122.19100189208984 36.0
104.02999877929688 866.5 122.19100189208984 36.0
109.44999694824219 916.7899780273438 122.19100189208984 36.0
357.8999938964844 723.3900146484375 109.18800354003906 36.0
339.5299987792969 650.77001953125 116.99299621582031 36.0
360.4700012207031 646.6799926757812 116.99299621582031 36.0
393.0400085449219 630.530029296875 116.99299621582031 36.0
409.75 609.4199829101562 116.99299621582031 36.0
346.0199890136719 602.8499755859375 116.99299621582031 36.0
338.3699951171875 627.0399780273438 116.99299621582031 36.0
292.0199890136719 429.5299987792969 116.99299621582031 36.0
473.0 732.6099853515625 122.19100189208984 36.0
403.989990234375 756.6599731445312 122.19100189208984 36.0
379.010009765625 741.489990234375 122.19100189208984 36.0
391.0299987792969 799.469970703125 122.19100189208984 36.0
398.67999267578125 816.3599853515625 122.19100189208984 36.0
464.42999267578125 775.9400024414062 122.19100189208984 36.0
414.6700134277344 775.1400146484375 122.19100189208984 36.0
530.8200073242188 737.4099731445312 107.89199829101562 36.0
528.4099731445312 716.6500244140625 107.89199829101562 36.0
545.2999877929688 750.3499755859375 107.89199829101562 36.0
538.5999755859375 769.7899780273438 107.89199829101562 36.0
560.27001953125 783.280029296875 107.89199829101562 36.0
521.8699951171875 684.8200073242188 107.89199829101562 36.0
464.8500061035156 579.1699829101562 115.69000244140625 36.0
672.1500244140625 705.22998046875 115.69000244140625 36.0
693.8900146484375 695.2899780273438 115.69000244140625 36.0
653.5700073242188 690.6400146484375 115.69000244140625 36.0
610.3800048828125 719.1300048828125 115.69000244140625 36.0
686.4500122070312 672.0700073242188 115.69000244140625 36.0
58.444000244140625 719.530029296875 111.78700256347656 36.0
65.50700378417969 698.9600219726562 111.78700256347656 36.0
76.14900207519531 668.8800048828125 111.78700256347656 36.0
55.89500045776367 743.489990234375 111.78700256347656 36.0
100.68000030517578 674.2100219726562 111.78700256347656 36.0
77.86199951171875 757.47998046875 111.78700256347656 36.0
718.1400146484375 552.0800170898438 111.78700256347656 36.0
754.6900024414062 562.0700073242188 111.78700256347656 36.0
727.8099975585938 525.0999755859375 111.78700256347656 36.0
681.8800048828125 580.260009765625 111.78700256347656 36.0
670.8200073242188 521.489990234375 111.78700256347656 36.0
630.8900146484375 617.0700073242188 111.78700256347656 36.0
694.3499755859375 551.6699829101562 111.78700256347656 36.0
672.3499755859375 558.7899780273438 111.78700256347656 36.0
655.8300170898438 565.0900268554688 111.78700256347656 36.0
660.5599975585938 588.8599853515625 111.78700256347656 36.0
751.4000244140625 378.44000244140625 102.69400024414062 36.0
735.2100219726562 363.7099914550781 102.69400024414062 36.0
690.3400268554688 388.010009765625 102.69400024414062 36.0
654.5599975585938 426.7799987792969 102.69400024414062 36.0
691.010009765625 363.45001220703125 102.69400024414062 36.0
665.760009765625 401.0799865722656 102.69400024414062 36.0
766.9099731445312 229.16000366210938 102.69400024414062 36.0
1275.4000244140625 738.1799926757812 102.69400024414062 36.0
1155.199951171875 819.1699829101562 113.08999633789062 36.0
1104.0999755859375 809.8099975585938 113.08999633789062 36.0
1175.5999755859375 803.3800048828125 113.08999633789062 36.0
1152.0999755859375 793.7999877929688 113.08999633789062 36.0
1136.800048828125 835.9099731445312 113.08999633789062 36.0
1129.300048828125 803.780029296875 113.08999633789062 36.0
1179.0 926.1199951171875 113.08999633789062 36.0
897.77001953125 933.530029296875 111.78700256347656 36.0
894.0700073242188 909.260009765625 111.78700256347656 36.0
867.47998046875 926.7100219726562 111.78700256347656 36.0
869.1699829101562 1012.7000122070312 109.18800354003906 36.0
1070.9000244140625 765.75 109.18800354003906 36.0
1054.0 755.4199829101562 109.18800354003906 36.0
1096.0 762.2999877929688 109.18800354003906 36.0
1106.9000244140625 744.969970703125 109.18800354003906 36.0
1120.4000244140625 715.989990234375 109.18800354003906 36.0
1011.7000122070312 1106.800048828125 119.59200286865234 36.0
982.97998046875 1085.9000244140625 119.59200286865234 36.0
1051.5999755859375 1051.5999755859375 119.59200286865234 36.0
1030.5999755859375 1044.199951171875 119.59200286865234 36.0
1040.9000244140625 1086.5999755859375 119.59200286865234 36.0
988.3599853515625 1114.9000244140625 119.59200286865234 36.0
1019.5 1053.5999755859375 100.09400177001953 36.0
831.6400146484375 981.7999877929688 100.09400177001953 36.0
870.02001953125 976.260009765625 100.09400177001953 36.0
890.3099975585938 965.9199829101562 100.09400177001953 36.0
829.8400268554688 954.9400024414062 100.09400177001953 36.0
806.4199829101562 968.7100219726562 100.09400177001953 36.0
849.6900024414062 967.010009765625 100.09400177001953 36.0
1211.0 861.9299926757812 101.38999938964844 36.0
1190.5999755859375 877.6599731445312 101.38999938964844 36.0
1156.800048828125 891.9500122070312 101.38999938964844 36.0
1137.0 905.010009765625 101.38999938964844 36.0
1179.5999755859375 896.9400024414062 101.38999938964844 36.0
1205.300048828125 676.5800170898438 106.58899688720703 36.0
1172.199951171875 769.6900024414062 106.58899688720703 36.0
1208.300048828125 659.6400146484375 106.58899688720703 36.0
1128.5999755859375 645.010009765625 106.58899688720703 36.0
1204.199951171875 702.9199829101562 106.58899688720703 36.0
1181.5999755859375 853.22998046875 102.69400024414062 36.0
1025.199951171875 928.6300048828125 102.69400024414062 36.0
1057.0999755859375 942.780029296875 102.69400024414062 36.0
1040.300048828125 952.1599731445312 102.69400024414062 36.0
1004.9000244140625 951.2000122070312 102.69400024414062 36.0
1024.800048828125 969.4500122070312 102.69400024414062 36.0
1040.5999755859375 826.8800048828125 118.28900146484375 36.0
1076.9000244140625 788.6400146484375 118.28900146484375 36.0
1031.800048828125 742.3599853515625 118.28900146484375 36.0
705.239990234375 671.6199951171875 100.09400177001953 36.0
708.4400024414062 610.0399780273438 100.09400177001953 36.0
725.2999877929688 687.280029296875 100.09400177001953 36.0
740.0999755859375 650.1400146484375 100.09400177001953 36.0
682.3900146484375 638.9000244140625 100.09400177001953 36.0
757.3400268554688 677.260009765625 100.09400177001953 36.0
924.219970703125 1083.300048828125 109.18800354003906 36.0
871.969970703125 1111.300048828125 109.18800354003906 36.0
898.9299926757812 1114.5999755859375 109.18800354003906 36.0
980.469970703125 356.5 96.19200134277344 36.0
924.969970703125 348.32000732421875 96.19200134277344 36.0
991.239990234375 207.72999572753906 96.19200134277344 36.0
1019.2999877929688 228.75999450683594 96.19200134277344 36.0
956.0700073242188 360.1099853515625 96.19200134277344 36.0
942.510009765625 347.94000244140625 96.19200134277344 36.0
938.8400268554688 371.7099914550781 96.19200134277344 36.0
1190.800048828125 186.08999633789062 103.98999786376953 36.0
1147.199951171875 186.4499969482422 103.98999786376953 36.0
1167.800048828125 171.22999572753906 103.98999786376953 36.0
1175.0 209.05999755859375 103.98999786376953 36.0
1209.5999755859375 205.6699981689453 103.98999786376953 36.0
1207.0999755859375 230.89999389648438 103.98999786376953 36.0
902.27001953125 354.1600036621094 103.98999786376953 36.0
803.6400146484375 507.1700134277344 115.69000244140625 36.0
852.4600219726562 459.0899963378906 115.69000244140625 36.0
825.52001953125 475.17999267578125 115.69000244140625 36.0
843.8300170898438 546.8400268554688 115.69000244140625 36.0
837.280029296875 462.6000061035156 115.69000244140625 36.0
862.5700073242188 495.2300109863281 115.69000244140625 36.0
1040.800048828125 610.719970703125 103.98999786376953 36.0
1035.4000244140625 545.5599975585938 103.98999786376953 36.0
1065.0 612.5499877929688 103.98999786376953 36.0
1175.199951171875 314.7900085449219 109.18800354003906 36.0
1148.199951171875 326.5299987792969 109.18800354003906 36.0
1214.699951171875 358.1199951171875 109.18800354003906 36.0
1185.9000244140625 364.1199951171875 109.18800354003906 36.0
1154.4000244140625 350.25 109.18800354003906 36.0
1191.800048828125 327.94000244140625 109.18800354003906 36.0
1114.0 395.0299987792969 109.18800354003906 36.0
1210.4000244140625 395.6300048828125 109.18800354003906 36.0
1162.300048828125 376.5299987792969 109.18800354003906 36.0
1345.199951171875 824.260009765625 102.69400024414062 36.0
1397.5 755.5 102.69400024414062 36.0
1379.800048828125 779.0399780273438 102.69400024414062 36.0
1392.699951171875 728.030029296875 102.69400024414062 36.0
1352.199951171875 771.3300170898438 102.69400024414062 36.0
1359.4000244140625 794.6400146484375 102.69400024414062 36.0
1372.199951171875 749.0999755859375 102.69400024414062 36.0
1116.9000244140625 342.5299987792969 111.78700256347656 36.0
1098.5 306.45001220703125 111.78700256347656 36.0
1097.300048828125 327.70001220703125 111.78700256347656 36.0
705.5499877929688 1004.7000122070312 103.98999786376953 36.0
683.1699829101562 999.8800048828125 103.98999786376953 36.0
719.97998046875 965.9099731445312 103.98999786376953 36.0
676.1699829101562 978.8099975585938 103.98999786376953 36.0
724.9199829101562 992.3900146484375 103.98999786376953 36.0
699.4000244140625 955.4600219726562 103.98999786376953 36.0
744.0599975585938 961.3900146484375 103.98999786376953 36.0
747.6799926757812 982.6099853515625 103.98999786376953 36.0
703.280029296875 979.0399780273438 103.98999786376953 36.0
815.1500244140625 292.4100036621094 106.58899688720703 36.0
856.3599853515625 288.8800048828125 106.58899688720703 36.0
807.989990234375 274.5899963378906 106.58899688720703 36.0
836.0399780273438 296.2200012207031 106.58899688720703 36.0
832.1400146484375 276.489990234375 106.58899688720703 36.0
805.1300048828125 1070.699951171875 109.18800354003906 36.0
787.010009765625 994.3499755859375 109.18800354003906 36.0
826.5399780273438 1005.5999755859375 109.18800354003906 36.0
851.0999755859375 1002.0 109.18800354003906 36.0
805.4500122070312 1027.9000244140625 109.18800354003906 36.0
793.760009765625 1014.7000122070312 109.18800354003906 36.0
831.530029296875 1028.800048828125 109.18800354003906 36.0
219.5 702.6900024414062 109.18800354003906 36.0
236.25 752.260009765625 109.18800354003906 36.0
285.6499938964844 632.3300170898438 109.18800354003906 36.0
229.00999450683594 728.02001953125 109.18800354003906 36.0
238.4199981689453 774.52001953125 109.18800354003906 36.0
229.85000610351562 679.9099731445312 109.18800354003906 36.0
1370.0 688.5499877929688 110.49099731445312 36.0
1343.4000244140625 729.7899780273438 110.49099731445312 36.0
1350.5 706.4400024414062 110.49099731445312 36.0
202.0800018310547 754.4299926757812 113.08999633789062 36.0
195.63999938964844 705.0800170898438 113.08999633789062 36.0
198.3000030517578 730.3099975585938 113.08999633789062 36.0
285.8900146484375 756.760009765625 111.78700256347656 36.0
276.9200134277344 779.6300048828125 111.78700256347656 36.0
318.45001220703125 684.02001953125 111.78700256347656 36.0
369.1000061035156 1124.199951171875 100.09400177001953 36.0
392.5199890136719 1130.300048828125 100.09400177001953 36.0
414.17999267578125 1136.800048828125 100.09400177001953 36.0
428.2900085449219 1080.4000244140625 100.09400177001953 36.0
351.2200012207031 1055.4000244140625 100.09400177001953 36.0
384.0799865722656 1050.699951171875 100.09400177001953 36.0
370.2699890136719 1072.0999755859375 100.09400177001953 36.0
408.29998779296875 1065.9000244140625 100.09400177001953 36.0
362.4100036621094 1033.9000244140625 100.09400177001953 36.0
258.7200012207031 681.5 111.78700256347656 36.0
256.1600036621094 727.9500122070312 111.78700256347656 36.0
241.36000061035156 660.27001953125 111.78700256347656 36.0
237.32000732421875 702.4000244140625 111.78700256347656 36.0
259.79998779296875 751.8800048828125 111.78700256347656 36.0
256.32000732421875 706.6099853515625 111.78700256347656 36.0
1053.0 381.55999755859375 103.98999786376953 36.0
973.7100219726562 374.1300048828125 103.98999786376953 36.0
1056.9000244140625 400.3999938964844 103.98999786376953 36.0
1073.0 408.45001220703125 103.98999786376953 36.0
1034.5 450.20001220703125 103.98999786376953 36.0
1089.0 355.1300048828125 103.98999786376953 36.0
1058.4000244140625 432.1300048828125 103.98999786376953 36.0
1064.4000244140625 320.57000732421875 103.98999786376953 36.0
1063.800048828125 298.92999267578125 103.98999786376953 36.0
1188.5 378.6199951171875 103.98999786376953 36.0
1095.5 400.8399963378906 103.98999786376953 36.0
1203.800048828125 334.82000732421875 103.98999786376953 36.0
1156.0999755859375 406.44000244140625 103.98999786376953 36.0
1173.699951171875 331.739990234375 103.98999786376953 36.0
1120.199951171875 435.9800109863281 103.98999786376953 36.0
902.9600219726562 236.52000427246094 103.98999786376953 36.0
940.0399780273438 246.7100067138672 103.98999786376953 36.0
902.5999755859375 263.5299987792969 103.98999786376953 36.0
924.9299926757812 226.7100067138672 103.98999786376953 36.0
882.97998046875 239.19000244140625 103.98999786376953 36.0
920.8200073242188 252.19000244140625 103.98999786376953 36.0
931.6199951171875 268.0 107.89199829101562 36.0
952.3499755859375 136.77000427246094 107.89199829101562 36.0
984.6500244140625 167.6699981689453 107.89199829101562 36.0
1007.0999755859375 164.02000427246094 107.89199829101562 36.0
961.5599975585938 253.5399932861328 107.89199829101562 36.0
960.739990234375 161.50999450683594 107.89199829101562 36.0
982.5700073242188 141.22000122070312 107.89199829101562 36.0
590.2000122070312 108.80000305175781 90.99359893798828 36.0
624.8499755859375 105.56999969482422 90.99359893798828 36.0
599.6799926757812 86.29499816894531 90.99359893798828 36.0
430.4200134277344 128.91000366210938 107.89199829101562 36.0
390.2699890136719 144.10000610351562 107.89199829101562 36.0
412.2799987792969 171.19000244140625 107.89199829101562 36.0
380.9700012207031 169.39999389648438 107.89199829101562 36.0
441.17999267578125 154.38999938964844 107.89199829101562 36.0
407.489990234375 133.44000244140625 107.89199829101562 36.0
891.5900268554688 442.1600036621094 115.69000244140625 36.0
920.2899780273438 421.0400085449219 115.69000244140625 36.0
872.6699829101562 412.3800048828125 115.69000244140625 36.0
930.2899780273438 474.94000244140625 115.69000244140625 36.0
923.52001953125 441.7900085449219 115.69000244140625 36.0
888.7999877929688 422.4100036621094 115.69000244140625 36.0
1096.0 891.8400268554688 102.69400024414062 36.0
1051.300048828125 873.4600219726562 102.69400024414062 36.0
1059.0999755859375 897.030029296875 102.69400024414062 36.0
1098.300048828125 860.0599975585938 102.69400024414062 36.0
1075.800048828125 875.6900024414062 102.69400024414062 36.0
1117.0 872.3400268554688 102.69400024414062 36.0
1201.9000244140625 604.3200073242188 103.98999786376953 36.0
1193.0999755859375 524.2100219726562 103.98999786376953 36.0
1078.800048828125 559.9400024414062 103.98999786376953 36.0
1194.9000244140625 546.5999755859375 103.98999786376953 36.0
1211.0999755859375 588.2000122070312 103.98999786376953 36.0
1220.5 616.3099975585938 103.98999786376953 36.0
1215.0999755859375 550.1500244140625 103.98999786376953 36.0
1023.7999877929688 629.6300048828125 103.98999786376953 36.0
1052.5999755859375 629.4400024414062 103.98999786376953 36.0
1081.5999755859375 587.97998046875 103.98999786376953 36.0
1049.699951171875 581.4400024414062 103.98999786376953 36.0
1279.5 804.3499755859375 103.98999786376953 36.0
1300.199951171875 748.9000244140625 103.98999786376953 36.0
1266.5999755859375 772.510009765625 103.98999786376953 36.0
1283.5999755859375 760.760009765625 103.98999786376953 36.0
1287.699951171875 707.280029296875 103.98999786376953 36.0
1290.300048828125 781.1500244140625 103.98999786376953 36.0
1251.300048828125 793.2100219726562 103.98999786376953 36.0
1301.199951171875 724.6400146484375 103.98999786376953 36.0
1258.5 813.719970703125 103.98999786376953 36.0
555.02001953125 899.4000244140625 118.28900146484375 36.0
630.8099975585938 959.4099731445312 118.28900146484375 36.0
651.8800048828125 946.4299926757812 118.28900146484375 36.0
1337.300048828125 910.280029296875 115.69000244140625 36.0
1425.300048828125 886.8300170898438 102.69400024414062 36.0
1454.199951171875 847.030029296875 102.69400024414062 36.0
1445.5 872.0599975585938 102.69400024414062 36.0
875.010009765625 153.6300048828125 106.58899688720703 36.0
885.97998046875 181.80999755859375 106.58899688720703 36.0
918.030029296875 150.2100067138672 106.58899688720703 36.0
935.0399780273438 181.49000549316406 106.58899688720703 36.0
858.0800170898438 166.89999389648438 106.58899688720703 36.0
907.8900146484375 191.9199981689453 106.58899688720703 36.0
895.6400146484375 149.72999572753906 106.58899688720703 36.0
865.8599853515625 190.50999450683594 106.58899688720703 36.0
910.0599975585938 170.08999633789062 106.58899688720703 36.0
1027.300048828125 1143.5 100.09400177001953 36.0
1059.0 1136.699951171875 100.09400177001953 36.0
955.239990234375 1112.699951171875 100.09400177001953 36.0
1085.0 1136.4000244140625 100.09400177001953 36.0
1015.2999877929688 1164.699951171875 100.09400177001953 36.0
1057.0 1163.199951171875 100.09400177001953 36.0
1334.199951171875 959.3800048828125 101.38999938964844 36.0
1322.0 936.5 101.38999938964844 36.0
1306.800048828125 963.9600219726562 101.38999938964844 36.0
341.8500061035156 725.8099975585938 110.49099731445312 36.0
352.1600036621094 778.02001953125 110.49099731445312 36.0
356.9100036621094 759.5 110.49099731445312 36.0
340.8800048828125 784.77001953125 110.49099731445312 36.0
324.2900085449219 794.8599853515625 110.49099731445312 36.0
350.29998779296875 741.8699951171875 110.49099731445312 36.0
342.1400146484375 819.4400024414062 110.49099731445312 36.0
330.05999755859375 747.8099975585938 110.49099731445312 36.0
325.010009765625 769.6099853515625 110.49099731445312 36.0
737.9199829101562 125.3499984741211 102.69400024414062 36.0
762.72998046875 126.69999694824219 102.69400024414062 36.0
778.1500244140625 106.19999694824219 102.69400024414062 36.0
828.0800170898438 314.7099914550781 107.89199829101562 36.0
845.7899780273438 315.05999755859375 107.89199829101562 36.0
761.9099731445312 282.5199890136719 107.89199829101562 36.0
842.52001953125 226.97999572753906 107.89199829101562 36.0
807.1199951171875 201.05999755859375 107.89199829101562 36.0
836.6599731445312 204.83999633789062 107.89199829101562 36.0
858.239990234375 244.83999633789062 107.89199829101562 36.0
297.8599853515625 686.3800048828125 110.49099731445312 36.0
392.2799987792969 689.260009765625 110.49099731445312 36.0
312.2200012207031 621.4000244140625 110.49099731445312 36.0
270.010009765625 650.8699951171875 110.49099731445312 36.0
291.55999755859375 724.52001953125 110.49099731445312 36.0
283.6700134277344 704.0 110.49099731445312 36.0
281.5299987792969 671.5700073242188 110.49099731445312 36.0
308.5 645.0399780273438 110.49099731445312 36.0
295.3299865722656 658.3200073242188 110.49099731445312 36.0
368.4100036621094 556.1699829101562 115.69000244140625 36.0
369.2200012207031 527.75 115.69000244140625 36.0
351.45001220703125 543.7899780273438 115.69000244140625 36.0
205.91000366210938 369.8999938964844 116.99299621582031 36.0
216.72999572753906 403.5299987792969 116.99299621582031 36.0
190.77000427246094 424.510009765625 116.99299621582031 36.0
186.60000610351562 379.0899963378906 116.99299621582031 36.0
232.02999877929688 378.8999938964844 116.99299621582031 36.0
186.25999450683594 405.9700012207031 116.99299621582031 36.0
232.72999572753906 337.0 116.99299621582031 36.0
207.2100067138672 344.8299865722656 116.99299621582031 36.0
250.25 355.4700012207031 116.99299621582031 36.0
341.0299987792969 474.69000244140625 116.99299621582031 36.0
288.6300048828125 539.0900268554688 116.99299621582031 36.0
329.2699890136719 451.1199951171875 116.99299621582031 36.0
665.1799926757812 924.6599731445312 118.28900146484375 36.0
551.0499877929688 917.0499877929688 118.28900146484375 36.0
558.8200073242188 879.47998046875 118.28900146484375 36.0
635.510009765625 930.8300170898438 118.28900146484375 36.0
613.989990234375 946.8599853515625 118.28900146484375 36.0
553.1199951171875 866.6099853515625 118.28900146484375 36.0
515.77001953125 892.6799926757812 118.28900146484375 36.0
485.489990234375 873.8300170898438 118.28900146484375 36.0
463.0299987792969 867.3800048828125 118.28900146484375 36.0
507.2099914550781 909.9199829101562 118.28900146484375 36.0
451.5799865722656 18.0 96.19200134277344 36.0
372.70001220703125 65.45700073242188 96.19200134277344 36.0
403.010009765625 27.93899917602539 96.19200134277344 36.0
425.94000244140625 22.357999801635742 96.19200134277344 36.0
388.32000732421875 46.13999938964844 96.19200134277344 36.0
416.9700012207031 53.81800079345703 96.19200134277344 36.0
1349.4000244140625 643.0399780273438 106.58899688720703 36.0
1375.9000244140625 632.1599731445312 106.58899688720703 36.0
1359.0999755859375 615.6300048828125 106.58899688720703 36.0
1341.9000244140625 597.3900146484375 106.58899688720703 36.0
1334.9000244140625 625.0900268554688 106.58899688720703 36.0
1345.199951171875 665.760009765625 106.58899688720703 36.0
1464.300048828125 650.0499877929688 106.58899688720703 36.0
1420.5 678.3499755859375 106.58899688720703 36.0
1479.5999755859375 618.6900024414062 106.58899688720703 36.0
1465.300048828125 689.1400146484375 106.58899688720703 36.0
1493.199951171875 646.219970703125 106.58899688720703 36.0
1487.9000244140625 674.7100219726562 106.58899688720703 36.0
1313.5 541.760009765625 111.78700256347656 36.0
1301.4000244140625 514.5599975585938 111.78700256347656 36.0
1313.9000244140625 568.77001953125 111.78700256347656 36.0
403.489990234375 238.8000030517578 94.88880157470703 36.0
340.5799865722656 262.44000244140625 94.88880157470703 36.0
380.6099853515625 229.6199951171875 94.88880157470703 36.0
378.17999267578125 283.8900146484375 94.88880157470703 36.0
357.989990234375 242.9499969482422 94.88880157470703 36.0
380.7699890136719 258.4800109863281 94.88880157470703 36.0
342.2799987792969 302.8999938964844 94.88880157470703 36.0
353.6499938964844 281.2799987792969 94.88880157470703 36.0
514.3499755859375 71.8219985961914 94.88880157470703 36.0
505.2300109863281 115.91000366210938 94.88880157470703 36.0
547.969970703125 100.44000244140625 94.88880157470703 36.0
536.6199951171875 61.382999420166016 94.88880157470703 36.0
558.1099853515625 73.71099853515625 94.88880157470703 36.0
520.4500122070312 95.38999938964844 94.88880157470703 36.0
654.5999755859375 810.7000122070312 107.89199829101562 36.0
671.5900268554688 822.2999877929688 107.89199829101562 36.0
635.8499755859375 858.0399780273438 107.89199829101562 36.0
583.5399780273438 803.4400024414062 107.89199829101562 36.0
1146.5 718.8699951171875 111.78700256347656 36.0
1154.5999755859375 701.2899780273438 111.78700256347656 36.0
1134.300048828125 729.1199951171875 111.78700256347656 36.0
1174.4000244140625 703.77001953125 111.78700256347656 36.0
1159.9000244140625 735.8300170898438 111.78700256347656 36.0
1145.699951171875 750.6199951171875 111.78700256347656 36.0
1128.0999755859375 759.1099853515625 111.78700256347656 36.0
1235.5999755859375 663.780029296875 111.78700256347656 36.0
1232.9000244140625 691.4500122070312 111.78700256347656 36.0
1231.199951171875 713.1599731445312 111.78700256347656 36.0
1200.699951171875 763.7000122070312 111.78700256347656 36.0
1227.9000244140625 737.6099853515625 111.78700256347656 36.0
1208.699951171875 724.27001953125 111.78700256347656 36.0
1217.0999755859375 812.5900268554688 107.89199829101562 36.0
1133.9000244140625 1038.5999755859375 101.38999938964844 36.0
1137.699951171875 928.760009765625 101.38999938964844 36.0
1183.300048828125 1027.800048828125 101.38999938964844 36.0
1166.800048828125 1052.5999755859375 101.38999938964844 36.0
1155.5 1031.4000244140625 101.38999938964844 36.0
1115.199951171875 1046.9000244140625 101.38999938964844 36.0
1197.800048828125 1002.2000122070312 101.38999938964844 36.0
1149.800048828125 994.0800170898438 101.38999938964844 36.0
1104.4000244140625 990.4299926757812 101.38999938964844 36.0
1428.300048828125 938.4400024414062 115.69000244140625 36.0
1431.699951171875 963.8200073242188 115.69000244140625 36.0
1406.699951171875 975.75 115.69000244140625 36.0
498.3399963378906 817.6599731445312 115.69000244140625 36.0
530.5399780273438 820.5900268554688 115.69000244140625 36.0
446.1499938964844 837.6799926757812 115.69000244140625 36.0
480.7900085449219 839.0900268554688 115.69000244140625 36.0
480.2799987792969 794.0499877929688 115.69000244140625 36.0
499.5400085449219 787.3300170898438 115.69000244140625 36.0
435.2699890136719 791.6699829101562 115.69000244140625 36.0
516.1199951171875 810.0700073242188 115.69000244140625 36.0
437.2099914550781 814.5900268554688 115.69000244140625 36.0
516.5399780273438 224.1999969482422 105.29299926757812 36.0
566.9000244140625 200.1199951171875 105.29299926757812 36.0
543.25 208.0800018310547 105.29299926757812 36.0
569.5599975585938 223.2100067138672 105.29299926757812 36.0
517.239990234375 205.49000549316406 105.29299926757812 36.0
545.0599975585938 230.83999633789062 105.29299926757812 36.0
1206.4000244140625 1044.699951171875 113.08999633789062 36.0
1266.300048828125 989.9500122070312 113.08999633789062 36.0
1252.199951171875 1014.2000122070312 113.08999633789062 36.0
1230.4000244140625 1003.7000122070312 113.08999633789062 36.0
1228.5 1030.9000244140625 113.08999633789062 36.0
1270.0999755859375 967.6300048828125 113.08999633789062 36.0
1320.9000244140625 1013.5999755859375 103.98999786376953 36.0
1256.0 1089.0999755859375 103.98999786376953 36.0
1308.0999755859375 1038.199951171875 103.98999786376953 36.0
1329.9000244140625 1056.0 103.98999786376953 36.0
1308.5999755859375 1072.699951171875 103.98999786376953 36.0
1289.5 1048.5 103.98999786376953 36.0
1340.5 1030.0999755859375 103.98999786376953 36.0
1289.5999755859375 1089.5999755859375 103.98999786376953 36.0
1273.5999755859375 1069.199951171875 103.98999786376953 36.0
1389.199951171875 829.8499755859375 110.49099731445312 36.0
1430.300048828125 803.0900268554688 110.49099731445312 36.0
1396.5999755859375 851.6500244140625 110.49099731445312 36.0
1436.4000244140625 775.6099853515625 110.49099731445312 36.0
1406.800048828125 799.7999877929688 110.49099731445312 36.0
1419.5 826.4500122070312 110.49099731445312 36.0
1136.199951171875 627.3400268554688 105.29299926757812 36.0
1192.4000244140625 641.9000244140625 105.29299926757812 36.0
1174.199951171875 628.1699829101562 105.29299926757812 36.0
1179.0999755859375 607.2000122070312 105.29299926757812 36.0
1162.800048828125 663.9099731445312 105.29299926757812 36.0
1143.199951171875 491.9700012207031 105.29299926757812 36.0
1152.9000244140625 465.44000244140625 105.29299926757812 36.0
1086.199951171875 632.7000122070312 105.29299926757812 36.0
1138.0999755859375 587.4500122070312 105.29299926757812 36.0
1104.9000244140625 726.8699951171875 105.29299926757812 36.0
1193.800048828125 687.4000244140625 105.29299926757812 36.0
1129.199951171875 512.989990234375 105.29299926757812 36.0
1127.199951171875 465.0199890136719 105.29299926757812 36.0
1166.300048828125 486.0899963378906 105.29299926757812 36.0
1119.800048828125 487.55999755859375 105.29299926757812 36.0
1064.4000244140625 726.27001953125 105.29299926757812 36.0
1075.5 705.2000122070312 105.29299926757812 36.0
1045.699951171875 648.9000244140625 105.29299926757812 36.0
1261.0999755859375 920.5900268554688 102.69400024414062 36.0
1196.9000244140625 942.780029296875 102.69400024414062 36.0
1279.699951171875 880.9199829101562 102.69400024414062 36.0
1229.699951171875 925.0800170898438 102.69400024414062 36.0
1199.199951171875 916.219970703125 102.69400024414062 36.0
1278.699951171875 904.3900146484375 102.69400024414062 36.0
907.739990234375 306.8299865722656 106.58899688720703 36.0
865.3400268554688 434.67999267578125 106.58899688720703 36.0
873.7999877929688 338.010009765625 106.58899688720703 36.0
861.2100219726562 325.9100036621094 106.58899688720703 36.0
888.3599853515625 322.3599853515625 106.58899688720703 36.0
868.1199951171875 354.010009765625 106.58899688720703 36.0
846.6699829101562 361.3299865722656 106.58899688720703 36.0
875.7100219726562 310.7300109863281 106.58899688720703 36.0
764.7899780273438 1161.5 109.18800354003906 36.0
785.1699829101562 1182.0999755859375 109.18800354003906 36.0
833.9000244140625 1186.5 109.18800354003906 36.0
808.7100219726562 1180.800048828125 109.18800354003906 36.0
824.8900146484375 1149.0999755859375 109.18800354003906 36.0
795.3200073242188 1152.5999755859375 109.18800354003906 36.0
850.4299926757812 1162.199951171875 109.18800354003906 36.0
372.2799987792969 589.5700073242188 115.69000244140625 36.0
356.1300048828125 571.6900024414062 115.69000244140625 36.0
334.8900146484375 576.7100219726562 115.69000244140625 36.0
344.6300048828125 525.1799926757812 115.69000244140625 36.0
402.7300109863281 520.8699951171875 115.69000244140625 36.0
382.29998779296875 506.4200134277344 115.69000244140625 36.0
