36
671.1300048828125 779.1500244140625 93.5927963256836 36.0
605.2899780273438 648.5399780273438 54.0 36.0
604.3200073242188 585.5700073242188 54.0 36.0
470.1700134277344 708.239990234375 54.0 36.0
536.5800170898438 711.5399780273438 54.0 36.0
578.5700073242188 729.510009765625 54.0 36.0
619.719970703125 484.92999267578125 54.0 36.0
666.6900024414062 483.4200134277344 54.0 36.0
287.3900146484375 615.5999755859375 54.0 36.0
337.3299865722656 773.9000244140625 54.0 36.0
281.95001220703125 535.5700073242188 54.0 36.0
738.9400024414062 730.2899780273438 92.28959655761719 36.0
602.989990234375 803.5399780273438 92.28959655761719 36.0
424.1600036621094 806.8900146484375 96.19200134277344 36.0
161.80999755859375 667.2000122070312 61.09489822387695 36.0
182.0500030517578 543.0 54.595401763916016 36.0
313.7900085449219 425.67999267578125 54.0 36.0
70.74700164794922 676.97998046875 80.589599609375 36.0
57.67100143432617 543.530029296875 54.0 36.0
50.69599914550781 622.3599853515625 101.38999938964844 36.0
441.3999938964844 505.6499938964844 115.69000244140625 36.0
678.3499755859375 367.7099914550781 54.0 36.0
498.1300048828125 266.5199890136719 54.0 36.0
681.8099975585938 634.25 83.19599914550781 36.0
796.0999755859375 531.469970703125 92.28959655761719 36.0
746.4600219726562 416.1600036621094 92.28959655761719 36.0
810.77001953125 437.3999938964844 129.98899841308594 36.0
451.69000244140625 360.6300048828125 74.09519958496094 36.0
301.989990234375 346.44000244140625 54.0 36.0
536.5900268554688 18.0 54.0 36.0
201.8000030517578 396.79998779296875 88.39440155029297 36.0
163.0399932861328 444.3999938964844 101.38999938964844 36.0
68.51599884033203 379.80999755859375 83.19599914550781 36.0
261.8999938964844 770.8099975585938 80.589599609375 36.0
337.760009765625 571.8699951171875 107.89199829101562 36.0
472.1600036621094 564.72998046875 106.58899688720703 36.0
