213
520.9000244140625 266.1600036621094 9.0 9.0
525.0399780273438 251.25999450683594 71.1072006225586 27.0
534.6400146484375 269.80999755859375 9.0 9.0
536.219970703125 244.47000122070312 9.0 9.0
548.1599731445312 254.02000427246094 9.0 9.0
521.1599731445312 233.11000061035156 9.0 9.0
539.5399780273438 261.45001220703125 9.0 9.0
494.69000244140625 235.52999877929688 9.0 9.0
515.8800048828125 239.02999877929688 71.1072006225586 27.0
454.2699890136719 231.86000061035156 71.1072006225586 27.0
522.5599975585938 211.8300018310547 71.1072006225586 27.0
463.2099914550781 248.8000030517578 71.1072006225586 27.0
540.2000122070312 234.8699951171875 9.0 9.0
471.80999755859375 230.67999267578125 9.0 9.0
422.44000244140625 257.1000061035156 9.0 9.0
442.1400146484375 280.1499938964844 71.1072006225586 27.0
379.3500061035156 225.83999633789062 71.1072006225586 27.0
405.3399963378906 235.91000366210938 71.1072006225586 27.0
403.1199951171875 267.79998779296875 71.1072006225586 27.0
433.7900085449219 243.74000549316406 71.1072006225586 27.0
391.79998779296875 272.5799865722656 71.1072006225586 27.0
388.9700012207031 259.3699951171875 71.1072006225586 27.0
433.42999267578125 233.1999969482422 71.1072006225586 27.0
453.2200012207031 270.80999755859375 71.1072006225586 27.0
432.489990234375 305.20001220703125 71.1072006225586 27.0
429.9599914550781 276.1499938964844 71.1072006225586 27.0
425.5799865722656 248.10000610351562 71.1072006225586 27.0
422.1600036621094 267.9200134277344 71.1072006225586 27.0
425.2300109863281 238.30999755859375 71.1072006225586 27.0
416.04998779296875 242.4499969482422 71.1072006225586 27.0
442.0400085449219 255.11000061035156 71.1072006225586 27.0
416.0299987792969 276.54998779296875 71.1072006225586 27.0
414.6700134277344 250.8300018310547 71.1072006225586 27.0
401.25 254.22000122070312 71.1072006225586 27.0
435.489990234375 263.80999755859375 71.1072006225586 27.0
405.1400146484375 245.3699951171875 71.1072006225586 27.0
473.2200012207031 217.39999389648438 9.0 9.0
444.8299865722656 220.75 9.0 9.0
432.6099853515625 217.94000244140625 71.1072006225586 27.0
416.79998779296875 233.74000549316406 9.0 9.0
422.8699951171875 211.8699951171875 71.1072006225586 27.0
414.1400146484375 211.94000244140625 71.1072006225586 27.0
397.6700134277344 230.4600067138672 71.1072006225586 27.0
460.3699951171875 209.85000610351562 9.0 9.0
462.5899963378906 221.4199981689453 9.0 9.0
540.0 214.60000610351562 9.0 9.0
522.6400146484375 194.6300048828125 9.0 9.0
542.4199829101562 203.3699951171875 9.0 9.0
534.260009765625 195.1999969482422 9.0 9.0
469.2699890136719 258.07000732421875 9.0 9.0
482.8500061035156 253.41000366210938 9.0 9.0
459.0 293.30999755859375 9.0 9.0
447.3399963378906 293.8900146484375 9.0 9.0
324.20001220703125 192.22000122070312 9.0 9.0
268.8399963378906 200.55999755859375 71.1072006225586 27.0
303.05999755859375 218.1999969482422 71.1072006225586 27.0
340.19000244140625 141.32000732421875 71.1072006225586 27.0
303.44000244140625 169.30999755859375 71.1072006225586 27.0
385.69000244140625 243.39999389648438 9.0 9.0
352.6199951171875 242.27999877929688 71.1072006225586 27.0
369.3999938964844 237.14999389648438 71.1072006225586 27.0
372.0199890136719 216.7899932861328 71.1072006225586 27.0
388.0799865722656 224.2100067138672 71.1072006225586 27.0
401.239990234375 214.72000122070312 9.0 9.0
393.95001220703125 311.489990234375 9.0 9.0
386.45001220703125 351.8299865722656 71.1072006225586 27.0
379.3800048828125 293.0299987792969 9.0 9.0
365.6099853515625 300.3800048828125 71.1072006225586 27.0
393.8299865722656 290.4599914550781 9.0 9.0
371.95001220703125 286.2200012207031 9.0 9.0
380.7699890136719 271.2200012207031 9.0 9.0
371.3800048828125 256.1700134277344 9.0 9.0
368.3299865722656 267.57000732421875 9.0 9.0
470.92999267578125 285.1300048828125 9.0 9.0
472.9599914550781 274.45001220703125 9.0 9.0
418.7699890136719 311.7799987792969 9.0 9.0
443.8399963378906 325.9700012207031 9.0 9.0
430.8599853515625 320.4100036621094 9.0 9.0
420.70001220703125 324.5 9.0 9.0
433.2099914550781 329.94000244140625 9.0 9.0
452.8299865722656 319.1700134277344 9.0 9.0
445.69000244140625 311.2099914550781 9.0 9.0
265.69000244140625 213.55999755859375 9.0 9.0
253.0500030517578 194.83999633789062 9.0 9.0
234.52999877929688 201.8800048828125 9.0 9.0
205.35000610351562 213.2899932861328 71.1072006225586 27.0
254.82000732421875 218.00999450683594 9.0 9.0
245.0800018310547 231.6199951171875 71.1072006225586 27.0
236.02999877929688 210.25 9.0 9.0
271.82000732421875 189.8000030517578 9.0 9.0
259.67999267578125 184.19000244140625 9.0 9.0
298.4700012207031 207.07000732421875 9.0 9.0
295.8599853515625 232.0399932861328 9.0 9.0
290.3599853515625 245.72999572753906 71.1072006225586 27.0
286.45001220703125 233.24000549316406 9.0 9.0
302.7799987792969 238.77000427246094 9.0 9.0
287.17999267578125 219.85000610351562 9.0 9.0
341.4200134277344 99.71700286865234 9.0 9.0
335.0899963378906 119.0999984741211 71.1072006225586 27.0
326.1700134277344 111.05000305175781 71.1072006225586 27.0
320.1300048828125 92.1510009765625 71.1072006225586 27.0
333.0199890136719 94.20800018310547 71.1072006225586 27.0
353.1400146484375 102.2699966430664 71.1072006225586 27.0
342.5199890136719 84.7699966430664 71.1072006225586 27.0
346.25 75.76799774169922 71.1072006225586 27.0
332.45001220703125 76.77100372314453 71.1072006225586 27.0
353.1700134277344 115.91000366210938 71.1072006225586 27.0
366.69000244140625 79.49099731445312 71.1072006225586 27.0
320.1099853515625 102.13999938964844 71.1072006225586 27.0
356.0799865722656 88.23500061035156 71.1072006225586 27.0
341.9700012207031 111.27999877929688 71.1072006225586 27.0
363.6300048828125 100.4000015258789 71.1072006225586 27.0
324.239990234375 82.83899688720703 71.1072006225586 27.0
361.7799987792969 111.58999633789062 9.0 9.0
380.510009765625 109.38999938964844 71.1072006225586 27.0
296.3900146484375 179.4600067138672 9.0 9.0
312.54998779296875 158.38999938964844 9.0 9.0
295.2300109863281 150.66000366210938 9.0 9.0
282.04998779296875 143.97999572753906 71.1072006225586 27.0
286.8900146484375 156.67999267578125 9.0 9.0
287.0899963378906 169.10000610351562 9.0 9.0
339.2799987792969 256.8699951171875 9.0 9.0
335.94000244140625 232.77000427246094 9.0 9.0
336.0899963378906 245.88999938964844 9.0 9.0
346.82000732421875 227.24000549316406 9.0 9.0
359.6700134277344 205.0500030517578 9.0 9.0
373.510009765625 198.50999450683594 9.0 9.0
399.0 363.260009765625 9.0 9.0
382.6700134277344 363.8500061035156 9.0 9.0
374.5799865722656 387.54998779296875 9.0 9.0
364.989990234375 395.5400085449219 71.1072006225586 27.0
353.45001220703125 391.8500061035156 71.1072006225586 27.0
382.3500061035156 398.8299865722656 71.1072006225586 27.0
372.0799865722656 377.07000732421875 71.1072006225586 27.0
377.2099914550781 409.7900085449219 71.1072006225586 27.0
362.8699951171875 406.1300048828125 71.1072006225586 27.0
392.7099914550781 399.1600036621094 71.1072006225586 27.0
358.489990234375 380.2200012207031 71.1072006225586 27.0
163.7100067138672 224.0500030517578 9.0 9.0
120.88999938964844 237.55999755859375 71.1072006225586 27.0
165.8800048828125 209.3699951171875 71.1072006225586 27.0
174.0800018310547 231.92999267578125 71.1072006225586 27.0
202.0800018310547 225.25999450683594 9.0 9.0
378.79998779296875 45.96500015258789 9.0 9.0
381.4700012207031 55.85200119018555 71.1072006225586 27.0
393.17999267578125 54.71900177001953 71.1072006225586 27.0
394.07000732421875 37.28499984741211 71.1072006225586 27.0
386.8999938964844 20.06100082397461 71.1072006225586 27.0
376.2099914550781 29.841999053955078 71.1072006225586 27.0
364.80999755859375 36.58300018310547 71.1072006225586 27.0
382.7099914550781 67.19999694824219 9.0 9.0
135.88999938964844 266.1400146484375 9.0 9.0
131.52999877929688 278.6199951171875 71.1072006225586 27.0
138.60000610351562 289.7799987792969 71.1072006225586 27.0
153.02999877929688 275.8399963378906 71.1072006225586 27.0
136.49000549316406 237.50999450683594 9.0 9.0
74.21900177001953 231.69000244140625 9.0 9.0
46.6349983215332 203.9600067138672 71.1072006225586 27.0
62.23099899291992 216.58999633789062 71.1072006225586 27.0
60.816001892089844 209.42999267578125 71.1072006225586 27.0
70.14800262451172 211.30999755859375 71.1072006225586 27.0
55.74300003051758 230.86000061035156 71.1072006225586 27.0
51.84400177001953 225.50999450683594 71.1072006225586 27.0
49.90599822998047 238.07000732421875 71.1072006225586 27.0
43.08300018310547 220.72999572753906 71.1072006225586 27.0
93.23200225830078 245.14999389648438 71.1072006225586 27.0
102.25 236.8000030517578 71.1072006225586 27.0
97.26599884033203 217.5 71.1072006225586 27.0
77.79000091552734 225.13999938964844 71.1072006225586 27.0
96.30599975585938 225.74000549316406 71.1072006225586 27.0
83.79499816894531 244.69000244140625 71.1072006225586 27.0
74.5 244.4600067138672 71.1072006225586 27.0
81.06300354003906 217.5 71.1072006225586 27.0
104.05000305175781 227.9600067138672 71.1072006225586 27.0
83.2509994506836 237.58999633789062 71.1072006225586 27.0
89.35099792480469 217.9199981689453 71.1072006225586 27.0
87.36399841308594 227.30999755859375 71.1072006225586 27.0
100.4800033569336 246.1199951171875 71.1072006225586 27.0
93.11399841308594 254.16000366210938 71.1072006225586 27.0
82.28199768066406 252.77000427246094 71.1072006225586 27.0
60.23899841308594 243.4199981689453 71.1072006225586 27.0
35.553001403808594 240.57000732421875 71.1072006225586 27.0
67.99199676513672 198.8800048828125 71.1072006225586 27.0
45.02199935913086 262.1700134277344 71.1072006225586 27.0
64.06400299072266 252.3699951171875 71.1072006225586 27.0
79.26399993896484 199.4499969482422 71.1072006225586 27.0
65.19999694824219 273.69000244140625 71.1072006225586 27.0
90.33599853515625 203.24000549316406 71.1072006225586 27.0
93.38500213623047 235.41000366210938 9.0 9.0
382.760009765625 4.5 9.0 9.0
397.8900146484375 6.59630012512207 9.0 9.0
140.8699951171875 307.1499938964844 9.0 9.0
164.61000061035156 285.8900146484375 9.0 9.0
27.392000198364258 193.11000061035156 9.0 9.0
36.45000076293945 184.10000610351562 9.0 9.0
56.89799880981445 199.8699951171875 9.0 9.0
41.310001373291016 232.75 9.0 9.0
37.00299835205078 225.35000610351562 9.0 9.0
21.458999633789062 213.36000061035156 9.0 9.0
100.51000213623047 272.3299865722656 9.0 9.0
15.08899974822998 247.82000732421875 9.0 9.0
13.663000106811523 235.22000122070312 9.0 9.0
61.23099899291992 177.88999938964844 9.0 9.0
36.25899887084961 280.04998779296875 9.0 9.0
50.356998443603516 277.9599914550781 9.0 9.0
23.575000762939453 265.7900085449219 9.0 9.0
25.922000885009766 277.260009765625 9.0 9.0
80.6719970703125 177.25 9.0 9.0
64.59100341796875 294.4200134277344 9.0 9.0
75.48899841308594 290.69000244140625 9.0 9.0
52.400001525878906 298.45001220703125 9.0 9.0
44.974998474121094 315.05999755859375 71.1072006225586 27.0
100.16999816894531 185.0500030517578 9.0 9.0
