76
1464.4000244140625 50.441001892089844 179.38099670410156 36.0
1451.300048828125 200.39999389648438 98.79119873046875 36.0
1419.199951171875 355.45001220703125 113.08999633789062 36.0
1276.4000244140625 326.4800109863281 135.18699645996094 36.0
1550.4000244140625 65.13800048828125 166.38499450683594 36.0
873.4199829101562 405.0400085449219 140.38600158691406 36.0
957.3699951171875 469.19000244140625 79.2936019897461 36.0
745.5700073242188 475.5299987792969 111.78700256347656 36.0
691.9400024414062 765.3099975585938 168.98399353027344 36.0
787.8400268554688 640.3099975585938 101.38999938964844 36.0
49.395999908447266 514.1900024414062 98.79119873046875 36.0
185.3300018310547 491.82000732421875 54.0 36.0
390.2099914550781 457.1700134277344 100.09400177001953 36.0
1209.5999755859375 675.6099853515625 76.69439697265625 36.0
1238.0999755859375 509.760009765625 83.19599914550781 36.0
1083.0 640.4099731445312 76.69439697265625 36.0
1140.9000244140625 584.3099975585938 88.39440155029297 36.0
1344.199951171875 477.489990234375 132.58799743652344 36.0
1119.699951171875 497.1700134277344 100.09400177001953 36.0
1335.300048828125 643.1799926757812 96.19200134277344 36.0
992.3200073242188 727.72998046875 124.79000091552734 36.0
1248.5999755859375 605.489990234375 64.99440002441406 36.0
1488.699951171875 598.27001953125 165.08900451660156 36.0
790.5 835.3599853515625 128.68600463867188 36.0
863.530029296875 685.25 92.28959655761719 36.0
894.7899780273438 614.3499755859375 80.589599609375 36.0
592.47998046875 305.8900146484375 90.99359893798828 36.0
739.6199951171875 343.54998779296875 133.89100646972656 36.0
946.260009765625 199.64999389648438 152.08599853515625 36.0
1103.0 332.1199951171875 171.58299255371094 36.0
764.3699951171875 562.6300048828125 124.79000091552734 36.0
632.27001953125 645.1900024414062 187.18600463867188 36.0
1020.2000122070312 895.6199951171875 185.8820037841797 36.0
1039.5 521.3900146484375 115.69000244140625 36.0
1362.300048828125 374.82000732421875 81.8927993774414 36.0
894.3499755859375 544.0700073242188 106.58899688720703 36.0
760.9299926757812 207.91000366210938 126.08599853515625 36.0
846.8300170898438 318.55999755859375 146.88699340820312 36.0
1229.0999755859375 760.1199951171875 57.19459915161133 36.0
955.239990234375 356.32000732421875 116.99299621582031 36.0
988.5 271.8800048828125 153.38900756835938 36.0
1599.9000244140625 128.16000366210938 139.08999633789062 36.0
1624.0 686.1300048828125 139.08999633789062 36.0
985.4199829101562 51.74700164794922 236.5780029296875 36.0
622.3499755859375 413.6400146484375 96.19200134277344 36.0
1441.5 458.4700012207031 127.38999938964844 36.0
896.4400024414062 111.12000274658203 224.8780059814453 36.0
929.0999755859375 879.3099975585938 163.78599548339844 36.0
1336.199951171875 192.1999969482422 141.68899536132812 36.0
1382.800048828125 257.42999267578125 105.29299926757812 36.0
1274.0999755859375 400.2200012207031 142.98500061035156 36.0
1239.0 216.02000427246094 123.48699951171875 36.0
1180.9000244140625 46.45899963378906 158.58700561523438 36.0
1111.300048828125 194.69000244140625 66.29399871826172 36.0
1294.0 109.79000091552734 142.98500061035156 36.0
641.6900024414062 223.5 97.48799896240234 36.0
305.67999267578125 169.3800048828125 54.0 36.0
442.9700012207031 287.7300109863281 97.48799896240234 36.0
1608.5999755859375 212.89999389648438 178.0850067138672 36.0
1101.5 433.8800048828125 77.99040222167969 36.0
1374.0 570.0399780273438 120.88800048828125 36.0
836.3300170898438 477.8500061035156 127.38999938964844 36.0
1545.300048828125 736.8300170898438 136.49000549316406 36.0
819.5 81.552001953125 233.97799682617188 36.0
1110.699951171875 29.41699981689453 135.18699645996094 36.0
1579.699951171875 355.79998779296875 90.99359893798828 36.0
596.3599853515625 523.0499877929688 132.58799743652344 36.0
257.3399963378906 55.52899932861328 88.39440155029297 36.0
119.69000244140625 599.760009765625 89.69039916992188 36.0
1002.5999755859375 623.2000122070312 64.99440002441406 36.0
186.35000610351562 138.7899932861328 97.48799896240234 36.0
87.60600280761719 411.6000061035156 100.09400177001953 36.0
1114.4000244140625 814.0800170898438 141.68899536132812 36.0
1086.5 716.6799926757812 122.19100189208984 36.0
1643.0999755859375 597.4500122070312 115.69000244140625 36.0
904.0999755859375 18.0 213.17799377441406 36.0
