1054
562.8300170898438 974.1500244140625 330.2139892578125 36.0
530.6400146484375 1027.0999755859375 65.00019836425781 36.0
598.97998046875 919.0599975585938 70.9999008178711 36.0
502.32000732421875 1078.0999755859375 54.0 36.0
1080.199951171875 1279.0 390.2539978027344 36.0
1064.0 1251.300048828125 69.99980163574219 36.0
1043.0 1215.300048828125 95.99759674072266 36.0
1015.5 1306.4000244140625 324.2090148925781 36.0
1015.0 1273.199951171875 78.99839782714844 36.0
1015.9000244140625 1228.699951171875 61.999900817871094 36.0
1109.0 1273.0 304.6969909667969 36.0
1087.300048828125 1247.300048828125 88.99919891357422 36.0
1057.199951171875 1213.9000244140625 61.999900817871094 36.0
1054.5 1291.199951171875 339.22100830078125 36.0
1044.800048828125 1260.4000244140625 88.99919891357422 36.0
1032.5999755859375 1220.4000244140625 81.0 36.0
1041.199951171875 1299.800048828125 336.2179870605469 36.0
1034.699951171875 1267.300048828125 54.0 36.0
1027.0999755859375 1224.800048828125 54.0 36.0
1093.699951171875 1287.9000244140625 348.2279968261719 36.0
1075.800048828125 1259.0999755859375 69.99980163574219 36.0
1050.9000244140625 1220.699951171875 69.99980163574219 36.0
1068.0999755859375 1300.300048828125 322.71099853515625 36.0
1055.5 1268.5 66.00019836425781 36.0
1038.9000244140625 1225.800048828125 54.0 36.0
669.9199829101562 823.9299926757812 333.21600341796875 36.0
702.9400024414062 808.219970703125 69.99980163574219 36.0
640.489990234375 836.030029296875 78.99839782714844 36.0
739.030029296875 789.7100219726562 136.00100708007812 36.0
1250.699951171875 463.6199951171875 334.72100830078125 36.0
1227.300048828125 476.7799987792969 60.99980163574219 36.0
1196.4000244140625 495.05999755859375 69.99980163574219 36.0
765.8900146484375 1024.9000244140625 343.72100830078125 36.0
770.3900146484375 997.9099731445312 103.99700164794922 36.0
775.8499755859375 962.0900268554688 88.99919891357422 36.0
783.239990234375 1019.7999877929688 325.7139892578125 36.0
783.6799926757812 993.3400268554688 54.0 36.0
783.3699951171875 959.280029296875 54.0 36.0
391.2200012207031 298.0400085449219 336.2179870605469 36.0
418.2099914550781 312.7200012207031 112.99700164794922 36.0
372.9100036621094 170.8300018310547 304.6969909667969 36.0
399.2699890136719 181.36000061035156 119.00199890136719 36.0
361.7099914550781 160.35000610351562 294.1919860839844 36.0
390.9599914550781 173.08999633789062 115.9990005493164 36.0
668.1599731445312 844.7899780273438 259.6679992675781 36.0
702.8200073242188 824.1799926757812 54.0 36.0
635.4099731445312 860.3900146484375 54.0 36.0
739.6099853515625 798.8099975585938 86.99759674072266 36.0
635.7100219726562 907.6199951171875 96.99839782714844 36.0
599.4199829101562 670.0599975585938 325.7139892578125 36.0
590.0399780273438 577.9099731445312 105.99800109863281 36.0
610.7899780273438 761.9000244140625 94.9968032836914 36.0
582.6199951171875 486.80999755859375 60.99980163574219 36.0
623.5599975585938 793.8800048828125 61.999900817871094 36.0
895.6400146484375 27.336000442504883 271.6780090332031 36.0
905.719970703125 58.25899887084961 54.0 36.0
919.4299926757812 100.94000244140625 95.99759674072266 36.0
779.3599853515625 829.4299926757812 265.6730041503906 36.0
782.8099975585938 809.969970703125 67.99970245361328 36.0
787.6400146484375 785.8699951171875 88.99919891357422 36.0
1250.300048828125 880.1400146484375 306.2019958496094 36.0
1228.9000244140625 863.780029296875 97.99919891357422 36.0
1200.5999755859375 841.3699951171875 121.99700164794922 36.0
510.6499938964844 1239.5 160.60299682617188 36.0
501.5799865722656 1211.800048828125 86.99759674072266 36.0
490.9800109863281 1173.0 54.0 36.0
649.0399780273438 1018.0 300.1969909667969 36.0
665.010009765625 1126.0 113.99800109863281 36.0
682.7100219726562 1231.199951171875 106.9990005493164 36.0
1820.5999755859375 542.0800170898438 313.7040100097656 36.0
1802.800048828125 534.3099975585938 120.00199890136719 36.0
1770.199951171875 532.9600219726562 124.9990005493164 36.0
264.70001220703125 718.7100219726562 198.1300048828125 36.0
296.0400085449219 709.02001953125 54.0 36.0
337.94000244140625 693.0999755859375 54.0 36.0
378.510009765625 84.79199981689453 315.2090148925781 36.0
396.75 112.4800033569336 138.0019989013672 36.0
374.4599914550781 1106.5 264.17498779296875 36.0
401.8599853515625 1112.800048828125 112.99700164794922 36.0
438.07000732421875 1119.5999755859375 54.0 36.0
574.7899780273438 747.25 331.7179870605469 36.0
560.6199951171875 710.4099731445312 111.00199890136719 36.0
597.7000122070312 780.489990234375 138.0019989013672 36.0
555.7899780273438 670.6500244140625 101.00199890136719 36.0
713.97998046875 880.4600219726562 277.6820068359375 36.0
768.6300048828125 900.7899780273438 67.99970245361328 36.0
662.0999755859375 854.27001953125 69.99980163574219 36.0
825.1400146484375 916.3800048828125 111.00199890136719 36.0
489.0799865722656 321.7799987792969 259.6679992675781 36.0
511.8399963378906 340.9800109863281 106.9990005493164 36.0
542.8099975585938 367.17999267578125 54.0 36.0
529.3599853515625 290.260009765625 352.7279968261719 36.0
541.3200073242188 317.44000244140625 121.99700164794922 36.0
558.5800170898438 354.5400085449219 87.99839782714844 36.0
737.47998046875 1438.5 300.1969909667969 36.0
727.719970703125 1413.0999755859375 54.0 36.0
715.8400268554688 1376.300048828125 131.9980010986328 36.0
1409.4000244140625 356.1000061035156 303.1990051269531 36.0
1384.199951171875 352.75 110.00199890136719 36.0
1348.800048828125 348.3399963378906 60.99980163574219 36.0
1155.9000244140625 797.4500122070312 309.2040100097656 36.0
1134.9000244140625 786.5 72.0 36.0
1107.699951171875 771.9600219726562 119.00199890136719 36.0
362.989990234375 1142.9000244140625 166.60800170898438 36.0
391.79998779296875 1141.0999755859375 74.00160217285156 36.0
431.9700012207031 1134.699951171875 54.0 36.0
361.8299865722656 1103.0 160.60299682617188 36.0
390.6099853515625 1110.4000244140625 87.99839782714844 36.0
430.5299987792969 1118.4000244140625 54.0 36.0
478.3299865722656 334.3999938964844 303.1990051269531 36.0
503.4700012207031 350.4700012207031 128.0019989013672 36.0
537.9400024414062 372.5299987792969 58.000301361083984 36.0
926.6900024414062 228.19000244140625 277.6820068359375 36.0
931.8300170898438 256.1600036621094 113.99800109863281 36.0
939.75 294.2699890136719 92.00160217285156 36.0
387.2699890136719 1233.0999755859375 138.08900451660156 36.0
408.739990234375 1207.800048828125 74.00160217285156 36.0
440.1600036621094 1171.5 54.0 36.0
1238.5 776.8599853515625 307.6990051269531 36.0
1215.699951171875 765.719970703125 118.0009994506836 36.0
1185.9000244140625 749.4500122070312 133.99899291992188 36.0
376.6099853515625 1220.5999755859375 282.1820068359375 36.0
401.4599914550781 1198.0999755859375 112.99700164794922 36.0
436.44000244140625 1165.5999755859375 54.0 36.0
1267.4000244140625 852.6500244140625 205.6320037841797 36.0
1242.5 842.1599731445312 97.99919891357422 36.0
1208.5 828.9400024414062 54.0 36.0
914.22998046875 1025.4000244140625 286.69000244140625 36.0
906.3400268554688 999.989990234375 74.00160217285156 36.0
896.010009765625 966.1699829101562 105.99800109863281 36.0
898.7000122070312 1030.9000244140625 252.16600036621094 36.0
894.260009765625 1004.2999877929688 77.99759674072266 36.0
888.7999877929688 968.6699829101562 87.99839782714844 36.0
454.2699890136719 1254.199951171875 198.1300048828125 36.0
458.3599853515625 1222.9000244140625 65.00019836425781 36.0
467.32000732421875 1179.0 54.0 36.0
367.9700012207031 1116.4000244140625 250.66099548339844 36.0
395.6199951171875 1120.5 112.99700164794922 36.0
433.30999755859375 1125.0999755859375 54.0 36.0
419.6600036621094 71.82599639892578 226.6490020751953 36.0
430.8399963378906 101.7699966430664 115.9990005493164 36.0
955.8699951171875 224.32000732421875 337.7229919433594 36.0
954.5700073242188 253.3699951171875 101.00199890136719 36.0
952.77001953125 292.82000732421875 187.99899291992188 36.0
969.7100219726562 230.9499969482422 291.19000244140625 36.0
965.5700073242188 258.9200134277344 103.00299835205078 36.0
959.3300170898438 296.3299865722656 101.00199890136719 36.0
864.1799926757812 1027.0 291.19000244140625 36.0
867.9099731445312 1000.7999877929688 87.99839782714844 36.0
873.6400146484375 966.1699829101562 103.99700164794922 36.0
928.9500122070312 1014.9000244140625 259.6679992675781 36.0
918.2100219726562 991.8599853515625 54.0 36.0
902.6699829101562 961.4000244140625 83.00160217285156 36.0
388.42999267578125 125.47000122070312 268.67498779296875 36.0
411.760009765625 148.27999877929688 99.0 36.0
521.0499877929688 304.8299865722656 336.2179870605469 36.0
536.2000122070312 329.19000244140625 101.00199890136719 36.0
556.4500122070312 361.8699951171875 61.999900817871094 36.0
565.5800170898438 284.6099853515625 270.1730041503906 36.0
569.219970703125 313.3599853515625 105.99800109863281 36.0
573.780029296875 352.1600036621094 66.00019836425781 36.0
462.8699951171875 1241.5999755859375 148.593994140625 36.0
464.3299865722656 1211.699951171875 76.9968032836914 36.0
470.4599914550781 1170.9000244140625 54.0 36.0
519.6900024414062 1220.5999755859375 202.6300048828125 36.0
509.6400146484375 1195.800048828125 77.99759674072266 36.0
495.9200134277344 1162.800048828125 54.0 36.0
471.9800109863281 676.780029296875 315.2090148925781 36.0
493.7200012207031 664.8499755859375 54.0 36.0
524.1300048828125 649.4400024414062 54.0 36.0
279.67999267578125 597.9299926757812 232.6540069580078 36.0
307.6300048828125 614.3699951171875 54.0 36.0
344.55999755859375 639.02001953125 54.0 36.0
660.1900024414062 788.52001953125 298.6919860839844 36.0
700.3099975585938 780.22998046875 67.99970245361328 36.0
744.0700073242188 770.1699829101562 112.00299835205078 36.0
718.7100219726562 1455.5 237.1540069580078 36.0
714.7899780273438 1425.0999755859375 113.99800109863281 36.0
709.530029296875 1383.199951171875 68.99980163574219 36.0
252.27999877929688 696.6699829101562 385.7539978027344 36.0
286.6700134277344 691.4000244140625 104.99800109863281 36.0
332.3999938964844 683.1699829101562 175.0030059814453 36.0
579.4199829101562 285.010009765625 313.7040100097656 36.0
580.0800170898438 313.8599853515625 121.00299835205078 36.0
580.3800048828125 352.739990234375 76.0031967163086 36.0
355.6499938964844 1183.199951171875 346.7229919433594 36.0
384.92999267578125 1172.4000244140625 112.99700164794922 36.0
427.5299987792969 1152.4000244140625 94.0031967163086 36.0
1115.300048828125 1241.4000244140625 340.7179870605469 36.0
1091.5 1223.199951171875 88.99919891357422 36.0
1059.0999755859375 1199.9000244140625 86.99759674072266 36.0
265.42999267578125 706.3599853515625 324.2090148925781 36.0
297.2099914550781 698.3499755859375 56.00019836425781 36.0
339.2699890136719 686.6799926757812 87.99839782714844 36.0
1311.5999755859375 240.9600067138672 295.69000244140625 36.0
1313.0999755859375 265.44000244140625 60.99980163574219 36.0
1310.9000244140625 301.1600036621094 54.0 36.0
606.9400024414062 304.3399963378906 385.7539978027344 36.0
600.739990234375 328.80999755859375 54.0 36.0
591.72998046875 361.7799987792969 54.0 36.0
364.3299865722656 1170.0999755859375 340.7179870605469 36.0
392.80999755859375 1162.4000244140625 54.0 36.0
432.57000732421875 1147.4000244140625 54.0 36.0
420.42999267578125 1219.0999755859375 291.19000244140625 36.0
432.07000732421875 1197.0 112.99700164794922 36.0
453.07000732421875 1163.5999755859375 54.0 36.0
962.4099731445312 1507.0 282.1820068359375 36.0
945.9299926757812 1501.0999755859375 157.0030059814453 36.0
931.4099731445312 1476.5 112.99700164794922 36.0
1435.4000244140625 1086.300048828125 340.7179870605469 36.0
1407.9000244140625 1077.199951171875 101.00199890136719 36.0
1369.800048828125 1062.199951171875 92.00160217285156 36.0
387.70001220703125 1201.800048828125 178.6179962158203 36.0
410.70001220703125 1186.199951171875 112.00299835205078 36.0
442.5199890136719 1158.9000244140625 54.0 36.0
466.7099914550781 658.4299926757812 345.22601318359375 36.0
490.69000244140625 650.719970703125 103.99700164794922 36.0
522.969970703125 641.75 90.0 36.0
986.6599731445312 1287.199951171875 336.2179870605469 36.0
992.8499755859375 1258.0999755859375 54.0 36.0
1003.9000244140625 1219.5 54.0 36.0
986.97998046875 39.29899978637695 297.1940002441406 36.0
975.8400268554688 68.2509994506836 112.00299835205078 36.0
958.8200073242188 107.43000030517578 110.00199890136719 36.0
405.2200012207031 1234.5 160.60299682617188 36.0
421.42999267578125 1208.0 86.99759674072266 36.0
447.0400085449219 1171.0 54.0 36.0
250.97000122070312 646.4099731445312 372.239990234375 36.0
285.0899963378906 652.3900146484375 54.0 36.0
331.32000732421875 660.4299926757812 54.0 36.0
507.4200134277344 1228.4000244140625 312.20599365234375 36.0
497.989990234375 1203.0 112.00299835205078 36.0
488.9700012207031 1167.199951171875 67.00029754638672 36.0
387.4599914550781 1093.4000244140625 313.7040100097656 36.0
411.8999938964844 1102.300048828125 121.99700164794922 36.0
443.9800109863281 1113.699951171875 87.99839782714844 36.0
350.1000061035156 1146.0 345.22601318359375 36.0
381.1600036621094 1143.9000244140625 74.00160217285156 36.0
425.0799865722656 1136.699951171875 61.999900817871094 36.0
1146.4000244140625 378.0400085449219 324.2090148925781 36.0
1132.0999755859375 396.3699951171875 56.00019836425781 36.0
1111.9000244140625 420.79998779296875 130.0030059814453 36.0
730.1099853515625 1005.2000122070312 291.19000244140625 36.0
741.5800170898438 982.969970703125 121.99700164794922 36.0
758.8900146484375 953.760009765625 93.00240325927734 36.0
255.33999633789062 669.4500122070312 201.1320037841797 36.0
289.6300048828125 670.4600219726562 54.0 36.0
334.760009765625 671.1300048828125 54.0 36.0
538.6599731445312 581.8699951171875 313.7040100097656 36.0
494.3500061035156 458.8699951171875 112.99700164794922 36.0
583.3699951171875 706.2899780273438 105.99800109863281 36.0
467.07000732421875 68.81900024414062 300.1969909667969 36.0
469.9700012207031 100.58999633789062 119.00199890136719 36.0
475.9100036621094 144.91000366210938 54.0 36.0
459.17999267578125 619.8800048828125 267.1700134277344 36.0
485.7799987792969 622.52001953125 54.0 36.0
521.010009765625 626.1099853515625 54.0 36.0
192.1300048828125 880.1099853515625 384.25 36.0
219.5800018310547 875.9099731445312 121.99700164794922 36.0
258.8900146484375 869.780029296875 164.0019989013672 36.0
1336.800048828125 483.7300109863281 334.72100830078125 36.0
1310.5 495.6700134277344 130.9969940185547 36.0
1275.699951171875 513.4000244140625 136.00100708007812 36.0
1313.5999755859375 684.6900024414062 237.1540069580078 36.0
1286.699951171875 683.530029296875 77.99759674072266 36.0
1250.699951171875 682.3599853515625 69.99980163574219 36.0
933.3599853515625 18.0 211.63699340820312 36.0
934.4600219726562 51.36600112915039 106.9990005493164 36.0
935.489990234375 97.18399810791016 54.0 36.0
261.5299987792969 634.239990234375 286.69000244140625 36.0
294.3900146484375 643.0900268554688 54.0 36.0
337.6000061035156 655.6599731445312 54.0 36.0
843.8400268554688 1183.5 306.2019958496094 36.0
844.8800048828125 1156.699951171875 110.00199890136719 36.0
846.3099975585938 1119.0999755859375 122.99800109863281 36.0
207.86000061035156 910.5399780273438 399.2619934082031 36.0
232.42999267578125 899.239990234375 86.99759674072266 36.0
265.9100036621094 883.1199951171875 172.00100708007812 36.0
360.4200134277344 1157.0999755859375 196.625 36.0
390.0799865722656 1151.9000244140625 112.99700164794922 36.0
430.9700012207031 1141.5 103.99700164794922 36.0
1054.699951171875 1308.699951171875 316.70599365234375 36.0
1045.4000244140625 1275.300048828125 54.0 36.0
1033.5 1229.9000244140625 54.0 36.0
420.2099914550781 1244.800048828125 264.17498779296875 36.0
432.4100036621094 1216.0999755859375 155.0019989013672 36.0
453.07000732421875 1175.5999755859375 88.99919891357422 36.0
1412.300048828125 339.6400146484375 289.6919860839844 36.0
1386.199951171875 340.95001220703125 60.99980163574219 36.0
1350.0 341.5799865722656 54.0 36.0
265.3299865722656 646.3699951171875 285.18499755859375 36.0
297.17999267578125 653.5 54.0 36.0
339.45001220703125 662.2100219726562 54.0 36.0
1097.0999755859375 1267.4000244140625 318.2040100097656 36.0
1077.0 1243.0 78.99839782714844 36.0
1050.5 1210.9000244140625 54.0 36.0
997.989990234375 1298.4000244140625 367.739990234375 36.0
1001.4000244140625 1266.9000244140625 88.99919891357422 36.0
1008.4000244140625 1225.0 131.9980010986328 36.0
503.82000732421875 318.760009765625 387.25201416015625 36.0
523.6099853515625 339.6400146484375 59.99980163574219 36.0
549.8499755859375 367.6199951171875 54.0 36.0
459.010009765625 644.77001953125 309.2040100097656 36.0
484.7200012207031 641.4000244140625 92.00160217285156 36.0
519.510009765625 636.4099731445312 69.99980163574219 36.0
1730.0999755859375 1036.5999755859375 313.7040100097656 36.0
1726.5999755859375 1016.0 178.99899291992188 36.0
1705.4000244140625 991.010009765625 124.9990005493164 36.0
1348.199951171875 514.6799926757812 340.7179870605469 36.0
1319.0999755859375 519.5900268554688 130.9969940185547 36.0
1280.5999755859375 526.8599853515625 148.9969940185547 36.0
1700.5 402.75 265.6730041503906 36.0
1690.699951171875 413.5 137.0019989013672 36.0
1663.9000244140625 430.2099914550781 94.9968032836914 36.0
348.2799987792969 133.1199951171875 324.2090148925781 36.0
375.92999267578125 152.97999572753906 137.0019989013672 36.0
413.3800048828125 182.57000732421875 54.0 36.0
357.2900085449219 197.47000122070312 286.69000244140625 36.0
387.45001220703125 202.0800018310547 113.99800109863281 36.0
427.6700134277344 211.00999450683594 54.0 36.0
412.9700012207031 109.20999908447266 276.1780090332031 36.0
427.92999267578125 137.2899932861328 99.0 36.0
351.7900085449219 169.91000366210938 285.18499755859375 36.0
383.2799987792969 182.19000244140625 121.99700164794922 36.0
348.6400146484375 186.39999389648438 286.69000244140625 36.0
379.75 194.82000732421875 114.99800109863281 36.0
494.94000244140625 113.48999786376953 304.6969909667969 36.0
487.5400085449219 139.89999389648438 138.0019989013672 36.0
389.19000244140625 80.19000244140625 231.1490020751953 36.0
402.44000244140625 109.66999816894531 138.0019989013672 36.0
381.0799865722656 311.6099853515625 232.6540069580078 36.0
411.5 321.5799865722656 112.99700164794922 36.0
382.1499938964844 323.989990234375 271.6780090332031 36.0
412.2699890136719 329.3800048828125 112.99700164794922 36.0
444.82000732421875 69.4530029296875 295.69000244140625 36.0
445.4200134277344 99.875 115.9990005493164 36.0
476.94000244140625 573.469970703125 304.6969909667969 36.0
497.1499938964844 587.239990234375 70.9999008178711 36.0
526.1599731445312 606.0800170898438 54.0 36.0
1345.0999755859375 528.4299926757812 334.72100830078125 36.0
1316.5 530.5700073242188 130.9969940185547 36.0
1278.9000244140625 533.3200073242188 130.9969940185547 36.0
245.3800048828125 680.989990234375 151.5959930419922 36.0
281.010009765625 679.4299926757812 54.0 36.0
329.010009765625 676.0399780273438 54.0 36.0
1373.9000244140625 285.0 324.2090148925781 36.0
1359.300048828125 299.739990234375 60.99980163574219 36.0
1335.300048828125 320.4599914550781 54.0 36.0
1247.300048828125 507.3299865722656 357.2349853515625 36.0
1225.0999755859375 510.9100036621094 60.99980163574219 36.0
1195.0999755859375 513.9600219726562 85.9968032836914 36.0
787.8599853515625 1001.2000122070312 390.2539978027344 36.0
864.2899780273438 1064.5 54.0 36.0
711.969970703125 933.239990234375 54.0 36.0
942.0 1123.0 54.0 36.0
1728.800048828125 484.9800109863281 349.72601318359375 36.0
1709.699951171875 489.1700134277344 85.0031967163086 36.0
1680.9000244140625 495.6600036621094 148.9969940185547 36.0
1314.9000244140625 700.1099853515625 274.67999267578125 36.0
1287.800048828125 695.8200073242188 111.00199890136719 36.0
1251.4000244140625 689.6900024414062 96.99839782714844 36.0
1138.0 818.9099731445312 277.6820068359375 36.0
1121.5999755859375 802.8699951171875 103.00299835205078 36.0
1100.199951171875 781.4099731445312 105.99800109863281 36.0
426.25 118.51000213623047 325.7139892578125 36.0
437.5199890136719 144.49000549316406 99.0 36.0
1121.699951171875 356.32000732421875 295.69000244140625 36.0
1112.4000244140625 379.5299987792969 56.00019836425781 36.0
1100.199951171875 410.8500061035156 110.00199890136719 36.0
1403.199951171875 259.6000061035156 267.1700134277344 36.0
1380.5999755859375 278.8399963378906 110.00199890136719 36.0
1346.4000244140625 308.6000061035156 54.0 36.0
266.1099853515625 614.7100219726562 184.6219940185547 36.0
297.239990234375 627.6900024414062 54.0 36.0
338.510009765625 646.6699829101562 54.0 36.0
1419.5999755859375 314.9200134277344 267.1700134277344 36.0
1393.0 319.760009765625 110.00199890136719 36.0
1353.800048828125 330.0899963378906 54.0 36.0
371.1099853515625 136.4600067138672 289.6919860839844 36.0
397.69000244140625 158.05999755859375 132.9980010986328 36.0
650.6199951171875 855.260009765625 328.71600341796875 36.0
688.6599731445312 884.7899780273438 103.99700164794922 36.0
639.2000122070312 861.5900268554688 174.0019989013672 36.0
621.9099731445312 816.5999755859375 171.0 36.0
732.4500122070312 906.4400024414062 79.99919891357422 36.0
438.8900146484375 1250.9000244140625 310.7019958496094 36.0
446.9700012207031 1220.300048828125 97.99919891357422 36.0
460.94000244140625 1177.5 59.99980163574219 36.0
1327.4000244140625 239.33999633789062 246.16099548339844 36.0
1326.199951171875 262.9700012207031 54.0 36.0
1317.699951171875 299.3999938964844 54.0 36.0
1341.0999755859375 500.2900085449219 331.7179870605469 36.0
1313.5 508.4200134277344 130.9969940185547 36.0
1277.199951171875 520.6699829101562 131.9980010986328 36.0
1308.4000244140625 716.5999755859375 312.20599365234375 36.0
1282.699951171875 708.52001953125 111.00199890136719 36.0
1248.300048828125 697.0499877929688 133.99899291992188 36.0
1345.4000244140625 241.6999969482422 228.14599609375 36.0
1334.300048828125 268.3900146484375 54.0 36.0
1322.800048828125 303.0299987792969 54.0 36.0
1410.5999755859375 314.6400146484375 223.64599609375 36.0
1383.699951171875 325.0799865722656 114.99800109863281 36.0
1348.199951171875 333.6700134277344 54.0 36.0
368.4700012207031 90.36000061035156 267.1700134277344 36.0
390.9800109863281 115.61000061035156 138.0019989013672 36.0
1101.699951171875 358.7799987792969 232.6540069580078 36.0
1097.0999755859375 381.42999267578125 70.9999008178711 36.0
1091.4000244140625 412.0 75.00240325927734 36.0
668.760009765625 1439.699951171875 214.63900756835938 36.0
675.77001953125 1413.199951171875 54.0 36.0
687.6400146484375 1376.0999755859375 58.000301361083984 36.0
1149.199951171875 912.8300170898438 309.2040100097656 36.0
1131.800048828125 893.7000122070312 102.00199890136719 36.0
1107.5 869.1300048828125 132.9980010986328 36.0
483.3299865722656 348.20001220703125 354.2330017089844 36.0
508.989990234375 361.44000244140625 105.99800109863281 36.0
542.3699951171875 379.17999267578125 69.99980163574219 36.0
1112.0999755859375 1255.800048828125 357.2349853515625 36.0
1089.199951171875 1234.4000244140625 54.0 36.0
1057.9000244140625 1206.5 54.0 36.0
473.5 116.62000274658203 318.2040100097656 36.0
469.5299987792969 141.74000549316406 139.9969940185547 36.0
477.57000732421875 408.1700134277344 334.72100830078125 36.0
503.9800109863281 406.6499938964844 105.99800109863281 36.0
539.3300170898438 403.760009765625 59.99980163574219 36.0
493.4599914550781 73.9530029296875 297.1940002441406 36.0
484.7799987792969 102.63999938964844 119.00199890136719 36.0
978.739990234375 388.2099914550781 273.17498779296875 36.0
980.4500122070312 407.7900085449219 151.99899291992188 36.0
983.1799926757812 434.260009765625 96.99839782714844 36.0
1031.0999755859375 1308.699951171875 318.2040100097656 36.0
1027.199951171875 1275.0999755859375 54.0 36.0
1022.9000244140625 1229.9000244140625 54.0 36.0
825.1099853515625 1181.9000244140625 342.2229919433594 36.0
829.9400024414062 1155.199951171875 54.0 36.0
837.3900146484375 1118.300048828125 137.0019989013672 36.0
977.530029296875 29.841999053955078 285.18499755859375 36.0
968.3200073242188 61.119998931884766 112.00299835205078 36.0
954.1699829101562 103.37999725341797 112.99700164794922 36.0
862.4099731445312 324.8299865722656 259.6679992675781 36.0
867.6699829101562 350.7699890136719 81.0 36.0
874.5599975585938 385.55999755859375 86.99759674072266 36.0
895.8300170898438 38.856998443603516 277.6820068359375 36.0
905.6199951171875 67.947998046875 54.0 36.0
919.489990234375 107.26000213623047 96.99839782714844 36.0
459.239990234375 591.6199951171875 298.6919860839844 36.0
484.44000244140625 601.239990234375 103.99700164794922 36.0
519.0499877929688 613.8900146484375 68.99980163574219 36.0
1761.9000244140625 415.6700134277344 153.1009979248047 36.0
1735.0 427.55999755859375 202.0030059814453 36.0
1698.0999755859375 444.3299865722656 148.0030059814453 36.0
1165.300048828125 659.4400024414062 363.239990234375 36.0
1144.699951171875 657.8599853515625 85.0031967163086 36.0
1117.699951171875 654.8300170898438 149.9980010986328 36.0
451.0400085449219 607.2999877929688 361.7349853515625 36.0
478.6400146484375 613.6699829101562 54.0 36.0
515.6199951171875 621.1400146484375 58.999698638916016 36.0
375.2799987792969 123.86000061035156 313.7040100097656 36.0
401.4800109863281 147.94000244140625 138.0019989013672 36.0
1308.0 104.70999908447266 258.1700134277344 36.0
1299.5 131.47000122070312 57.00019836425781 36.0
1283.300048828125 169.8800048828125 97.99919891357422 36.0
494.3399963378906 1240.0999755859375 157.6009979248047 36.0
486.8599853515625 1212.5 97.99919891357422 36.0
482.1499938964844 1173.300048828125 54.0 36.0
1243.0999755859375 760.4600219726562 354.2330017089844 36.0
1219.5999755859375 752.510009765625 54.0 36.0
1188.199951171875 741.5 144.0 36.0
390.19000244140625 309.6400146484375 336.2179870605469 36.0
417.54998779296875 320.0299987792969 112.99700164794922 36.0
1390.0 1157.199951171875 340.7179870605469 36.0
1373.4000244140625 1129.199951171875 123.99800109863281 36.0
1349.9000244140625 1091.4000244140625 112.00299835205078 36.0
1430.300048828125 1100.4000244140625 322.71099853515625 36.0
1403.0 1086.9000244140625 97.99919891357422 36.0
1366.199951171875 1066.5999755859375 78.99839782714844 36.0
1422.0 1136.9000244140625 325.7139892578125 36.0
1397.5 1114.0999755859375 101.00199890136719 36.0
1363.9000244140625 1082.699951171875 83.00160217285156 36.0
1366.0 1157.199951171875 358.7330017089844 36.0
1356.0999755859375 1129.5 101.00199890136719 36.0
1340.5999755859375 1091.300048828125 92.00160217285156 36.0
1420.5999755859375 1105.0999755859375 345.22601318359375 36.0
1395.4000244140625 1091.9000244140625 92.00160217285156 36.0
1361.699951171875 1070.699951171875 86.99759674072266 36.0
376.0299987792969 1126.9000244140625 343.72100830078125 36.0
403.54998779296875 1128.4000244140625 111.00199890136719 36.0
439.489990234375 1129.5999755859375 88.99919891357422 36.0
1343.0 1147.5999755859375 345.22601318359375 36.0
1339.199951171875 1121.5 101.00199890136719 36.0
1331.9000244140625 1086.0999755859375 92.00160217285156 36.0
1404.9000244140625 1150.5999755859375 358.7330017089844 36.0
1384.4000244140625 1124.5999755859375 85.0031967163086 36.0
1356.4000244140625 1088.5999755859375 85.0031967163086 36.0
1363.800048828125 1141.699951171875 336.2179870605469 36.0
1357.199951171875 1117.4000244140625 87.99839782714844 36.0
1341.9000244140625 1083.5999755859375 70.9999008178711 36.0
1341.5 1159.9000244140625 342.2229919433594 36.0
1338.0999755859375 1132.199951171875 101.00199890136719 36.0
1331.199951171875 1093.0999755859375 87.99839782714844 36.0
1421.4000244140625 1051.5 349.72601318359375 36.0
1396.800048828125 1051.9000244140625 54.0 36.0
1362.300048828125 1049.300048828125 54.0 36.0
1430.0 1068.4000244140625 351.2300109863281 36.0
1403.699951171875 1065.4000244140625 101.00199890136719 36.0
1366.800048828125 1056.199951171875 92.00160217285156 36.0
1431.699951171875 1045.5 336.2179870605469 36.0
1405.300048828125 1046.300048828125 104.99800109863281 36.0
1368.0 1045.5999755859375 92.00160217285156 36.0
1404.5 1138.699951171875 327.21099853515625 36.0
1382.9000244140625 1114.9000244140625 85.0031967163086 36.0
1355.0 1082.199951171875 68.99980163574219 36.0
1324.300048828125 1152.9000244140625 337.7229919433594 36.0
1324.0999755859375 1126.4000244140625 104.99800109863281 36.0
1323.0 1089.5 83.00160217285156 36.0
1419.5999755859375 1119.5 345.22601318359375 36.0
1395.0999755859375 1101.9000244140625 86.99759674072266 36.0
1361.800048828125 1076.0999755859375 79.99919891357422 36.0
1012.5999755859375 1293.5 343.72100830078125 36.0
1013.2999877929688 1262.300048828125 78.99839782714844 36.0
1015.2999877929688 1221.199951171875 68.99980163574219 36.0
1080.0999755859375 1295.0999755859375 393.2569885253906 36.0
1065.0 1264.5 78.99839782714844 36.0
1044.5 1223.5999755859375 104.99800109863281 36.0
1254.199951171875 485.6499938964844 225.1439971923828 36.0
1230.5999755859375 495.1199951171875 60.99980163574219 36.0
1198.0999755859375 504.9100036621094 54.0 36.0
450.57000732421875 108.08000183105469 238.6580047607422 36.0
455.29998779296875 135.9600067138672 128.0019989013672 36.0
462.8999938964844 175.67999267578125 54.0 36.0
913.0700073242188 236.22000122070312 273.17498779296875 36.0
920.8800048828125 262.6600036621094 128.0019989013672 36.0
933.3200073242188 298.29998779296875 94.9968032836914 36.0
754.0399780273438 822.8400268554688 330.2139892578125 36.0
763.0800170898438 805.5700073242188 67.99970245361328 36.0
775.510009765625 783.3400268554688 128.0019989013672 36.0
730.4299926757812 755.02001953125 220.6439971923828 36.0
746.1799926757812 755.469970703125 67.99970245361328 36.0
766.7100219726562 756.4099731445312 61.999900817871094 36.0
431.739990234375 69.21199798583984 216.1439971923828 36.0
437.75 100.06999969482422 115.9990005493164 36.0
956.0399780273438 25.41200065612793 282.1820068359375 36.0
951.8200073242188 57.65700149536133 54.0 36.0
945.239990234375 101.47000122070312 103.99700164794922 36.0
919.7899780273438 21.458999633789062 273.17498779296875 36.0
924.0 54.16699981689453 54.0 36.0
929.22998046875 98.802001953125 93.00240325927734 36.0
544.0599975585938 291.989990234375 394.7539978027344 36.0
552.7100219726562 318.7699890136719 128.0019989013672 36.0
565.030029296875 355.30999755859375 131.9980010986328 36.0
713.1300048828125 998.9400024414062 334.72100830078125 36.0
728.9099731445312 978.1400146484375 121.99700164794922 36.0
751.72998046875 950.9500122070312 110.00199890136719 36.0
463.7900085449219 369.94000244140625 345.22601318359375 36.0
493.1199951171875 377.2699890136719 146.0019989013672 36.0
532.4199829101562 386.9800109863281 113.99800109863281 36.0
189.85000610351562 899.4299926757812 268.67498779296875 36.0
218.61000061035156 890.6500244140625 88.99919891357422 36.0
258.4800109863281 878.22998046875 96.99839782714844 36.0
465.42999267578125 383.1099853515625 361.7349853515625 36.0
494.760009765625 387.5400085449219 105.99800109863281 36.0
533.8400268554688 392.7799987792969 74.00160217285156 36.0
740.5999755859375 1014.7999877929688 340.7179870605469 36.0
750.8800048828125 990.3099975585938 121.99700164794922 36.0
764.3300170898438 957.969970703125 104.99800109863281 36.0
694.8499755859375 1447.5999755859375 313.7040100097656 36.0
695.1799926757812 1419.4000244140625 54.0 36.0
697.97998046875 1379.5 117.0 36.0
295.5299987792969 858.97998046875 411.27099609375 36.0
322.6700134277344 853.3300170898438 95.99759674072266 36.0
359.5299987792969 844.3599853515625 172.00100708007812 36.0
278.7799987792969 725.75 195.1269989013672 36.0
307.3299865722656 714.0 54.0 36.0
344.80999755859375 695.510009765625 54.0 36.0
475.010009765625 587.9600219726562 367.739990234375 36.0
496.67999267578125 599.0800170898438 66.00019836425781 36.0
526.8599853515625 613.2999877929688 95.99759674072266 36.0
881.9000244140625 1029.199951171875 331.7179870605469 36.0
881.47998046875 1002.4000244140625 54.0 36.0
881.5700073242188 967.1599731445312 137.0019989013672 36.0
492.6300048828125 564.489990234375 325.7139892578125 36.0
509.2799987792969 580.260009765625 54.0 36.0
533.280029296875 602.97998046875 54.0 36.0
941.510009765625 230.63999938964844 327.21099853515625 36.0
943.510009765625 258.5400085449219 113.99800109863281 36.0
946.5399780273438 296.0899963378906 124.9990005493164 36.0
833.4000244140625 334.2699890136719 303.1990051269531 36.0
844.489990234375 358.8999938964844 54.0 36.0
860.9600219726562 390.6099853515625 112.99700164794922 36.0
879.4099731445312 44.50299835205078 385.7539978027344 36.0
893.0599975585938 71.90399932861328 85.9968032836914 36.0
912.0800170898438 109.12999725341797 175.9969940185547 36.0
486.9200134277344 687.030029296875 256.6659851074219 36.0
505.489990234375 671.9600219726562 94.9968032836914 36.0
530.9400024414062 652.5999755859375 54.0 36.0
878.6799926757812 329.75 276.1780090332031 36.0
880.780029296875 354.07000732421875 54.0 36.0
882.510009765625 387.4100036621094 101.00199890136719 36.0
504.79998779296875 555.3699951171875 283.68701171875 36.0
519.8800048828125 572.9199829101562 111.00199890136719 36.0
540.030029296875 598.6199951171875 70.9999008178711 36.0
593.5399780273438 293.510009765625 282.1820068359375 36.0
590.6099853515625 320.67999267578125 112.99700164794922 36.0
586.0599975585938 356.8599853515625 54.0 36.0
676.2100219726562 684.52001953125 336.2179870605469 36.0
692.719970703125 689.4299926757812 54.0 36.0
715.0499877929688 696.3499755859375 137.0019989013672 36.0
370.2699890136719 1198.300048828125 246.16099548339844 36.0
396.8699951171875 1183.5 112.99700164794922 36.0
433.9700012207031 1157.800048828125 54.0 36.0
505.5799865722656 302.8699951171875 277.6820068359375 36.0
523.6300048828125 326.7200012207031 106.9990005493164 36.0
548.7999877929688 359.1700134277344 54.0 36.0
486.8399963378906 79.15899658203125 306.2019958496094 36.0
479.67999267578125 105.68000030517578 119.00199890136719 36.0
1311.199951171875 666.9299926757812 291.19000244140625 36.0
1284.800048828125 669.4500122070312 77.99759674072266 36.0
1249.5999755859375 674.27001953125 106.9990005493164 36.0
261.239990234375 685.47998046875 342.2229919433594 36.0
294.6499938964844 682.0900268554688 54.0 36.0
337.8999938964844 677.8699951171875 54.0 36.0
1343.800048828125 544.25 297.1940002441406 36.0
1315.9000244140625 542.7999877929688 130.9969940185547 36.0
1278.4000244140625 540.4600219726562 113.99800109863281 36.0
494.82000732421875 1225.4000244140625 171.10800170898438 36.0
489.7300109863281 1198.5999755859375 94.9968032836914 36.0
483.0400085449219 1164.0 54.0 36.0
848.9199829101562 331.45001220703125 250.66099548339844 36.0
856.8499755859375 356.42999267578125 105.99800109863281 36.0
868.3499755859375 389.05999755859375 74.00160217285156 36.0
245.25999450683594 659.239990234375 217.64199829101562 36.0
280.7900085449219 662.8099975585938 54.0 36.0
328.80999755859375 666.5900268554688 54.0 36.0
1263.0999755859375 871.1199951171875 145.59800720214844 36.0
1239.199951171875 856.510009765625 97.99919891357422 36.0
1206.800048828125 837.2100219726562 54.0 36.0
354.4700012207031 212.5500030517578 331.7179870605469 36.0
383.92999267578125 213.75999450683594 99.0 36.0
796.8200073242188 371.239990234375 300.1969909667969 36.0
804.6799926757812 395.9599914550781 102.00199890136719 36.0
814.47998046875 428.2799987792969 121.00299835205078 36.0
375.8800048828125 1088.4000244140625 328.71600341796875 36.0
402.3599853515625 1097.5 54.0 36.0
437.510009765625 1110.5 54.0 36.0
1071.0 944.5499877929688 306.2019958496094 36.0
1058.800048828125 922.260009765625 95.99759674072266 36.0
1041.5 893.0499877929688 105.99800109863281 36.0
772.6500244140625 387.6400146484375 373.7449951171875 36.0
785.489990234375 408.3399963378906 118.0009994506836 36.0
802.7999877929688 435.4599914550781 153.0 36.0
433.6700134277344 1239.199951171875 205.6320037841797 36.0
442.5899963378906 1210.300048828125 112.99700164794922 36.0
458.8900146484375 1171.0 54.0 36.0
1038.5999755859375 954.0399780273438 262.6700134277344 36.0
1033.0999755859375 930.1199951171875 105.99800109863281 36.0
1026.0 898.030029296875 94.9968032836914 36.0
1368.0999755859375 265.3999938964844 303.1990051269531 36.0
1355.5 283.44000244140625 54.0 36.0
1334.4000244140625 310.92999267578125 54.0 36.0
1030.300048828125 823.239990234375 366.2349853515625 36.0
1020.4000244140625 805.6099853515625 124.9990005493164 36.0
1007.5 781.8200073242188 155.0019989013672 36.0
1055.4000244140625 952.4400024414062 327.21099853515625 36.0
1046.300048828125 928.75 95.99759674072266 36.0
1034.199951171875 897.2000122070312 132.9980010986328 36.0
392.3500061035156 1173.0 145.59800720214844 36.0
412.19000244140625 1166.699951171875 76.9968032836914 36.0
443.82000732421875 1148.5999755859375 54.0 36.0
1357.4000244140625 269.489990234375 261.1730041503906 36.0
1346.199951171875 284.989990234375 114.99800109863281 36.0
1327.199951171875 312.57000732421875 54.0 36.0
469.3500061035156 357.6600036621094 354.2330017089844 36.0
497.260009765625 367.6600036621094 112.99700164794922 36.0
534.7899780273438 381.54998779296875 84.00240325927734 36.0
707.239990234375 1451.5999755859375 286.69000244140625 36.0
705.4199829101562 1422.4000244140625 157.0030059814453 36.0
703.6900024414062 1381.5999755859375 104.99800109863281 36.0
452.1000061035156 632.9400024414062 304.6969909667969 36.0
478.739990234375 632.3099975585938 61.999900817871094 36.0
515.3900146484375 631.3300170898438 54.0 36.0
472.3500061035156 394.0299987792969 382.75201416015625 36.0
500.4200134277344 395.8299865722656 54.0 36.0
537.3800048828125 397.55999755859375 54.0 36.0
1360.0999755859375 245.86000061035156 306.2019958496094 36.0
1349.5 266.95001220703125 110.00199890136719 36.0
1330.800048828125 301.92999267578125 69.99980163574219 36.0
912.3800048828125 34.49100112915039 273.17498779296875 36.0
919.5 64.7040023803711 106.9990005493164 36.0
927.7999877929688 105.55999755859375 88.99919891357422 36.0
1137.5 926.260009765625 282.1820068359375 36.0
1122.4000244140625 904.52001953125 102.00199890136719 36.0
1101.9000244140625 875.5700073242188 97.99919891357422 36.0
478.70001220703125 1243.5999755859375 192.125 36.0
475.04998779296875 1215.5 112.99700164794922 36.0
475.4700012207031 1174.9000244140625 54.0 36.0
943.510009765625 24.860000610351562 282.1820068359375 36.0
942.1400146484375 57.69599914550781 54.0 36.0
939.75 101.55999755859375 103.99700164794922 36.0
1134.0 366.239990234375 375.24200439453125 36.0
1122.0999755859375 387.30999755859375 54.0 36.0
1106.0999755859375 415.6700134277344 166.9969940185547 36.0
1820.4000244140625 562.75 276.1780090332031 36.0
1801.699951171875 551.9000244140625 54.0 36.0
1770.0 542.3200073242188 94.9968032836914 36.0
557.8400268554688 298.1700134277344 331.7179870605469 36.0
563.469970703125 325.4700012207031 54.0 36.0
571.0999755859375 360.6700134277344 54.0 36.0
254.91000366210938 624.0700073242188 274.67999267578125 36.0
288.3500061035156 635.1500244140625 54.0 36.0
333.1700134277344 650.7899780273438 54.0 36.0
749.5399780273438 1025.199951171875 297.1940002441406 36.0
757.7100219726562 998.7100219726562 157.9969940185547 36.0
768.2899780273438 963.02001953125 119.00199890136719 36.0
654.010009765625 1450.300048828125 309.2040100097656 36.0
665.1199951171875 1420.5999755859375 54.0 36.0
681.5900268554688 1380.4000244140625 121.00299835205078 36.0
759.489990234375 401.94000244140625 369.2380065917969 36.0
774.780029296875 419.30999755859375 102.00199890136719 36.0
796.5700073242188 441.5199890136719 148.9969940185547 36.0
1399.5 303.25 312.20599365234375 36.0
1377.4000244140625 311.32000732421875 110.00199890136719 36.0
1343.9000244140625 327.0400085449219 65.00019836425781 36.0
646.47998046875 1433.300048828125 370.74200439453125 36.0
658.5999755859375 1408.0 113.99800109863281 36.0
677.9199829101562 1372.9000244140625 155.0019989013672 36.0
279.95001220703125 611.3300170898438 196.625 36.0
308.2200012207031 625.9500122070312 54.0 36.0
345.260009765625 646.3400268554688 54.0 36.0
966.97998046875 20.364999771118164 222.14199829101562 36.0
960.25 53.242000579833984 106.9990005493164 36.0
949.9299926757812 98.07099914550781 68.99980163574219 36.0
778.760009765625 370.57000732421875 378.2449951171875 36.0
790.469970703125 395.29998779296875 118.0009994506836 36.0
805.6900024414062 427.6099853515625 164.0019989013672 36.0
1833.199951171875 514.5499877929688 277.6820068359375 36.0
1810.0 516.47998046875 54.0 36.0
1773.5 523.7000122070312 96.99839782714844 36.0
1237.5999755859375 452.95001220703125 399.2619934082031 36.0
1216.9000244140625 468.7099914550781 60.99980163574219 36.0
1190.0 490.20001220703125 105.99800109863281 36.0
1240.0 894.510009765625 219.13900756835938 36.0
1221.0 874.9400024414062 97.99919891357422 36.0
1196.0999755859375 847.75 58.000301361083984 36.0
1400.9000244140625 286.2099914550781 318.2040100097656 36.0
1380.199951171875 297.2699890136719 164.0019989013672 36.0
1346.800048828125 318.4599914550781 130.9969940185547 36.0
679.9299926757812 1454.199951171875 237.1540069580078 36.0
684.2000122070312 1424.5 157.0030059814453 36.0
691.8599853515625 1383.0 88.99919891357422 36.0
345.0299987792969 150.72000122070312 336.2179870605469 36.0
373.8299865722656 161.8000030517578 137.0019989013672 36.0
1249.0 745.1099853515625 331.7179870605469 36.0
1224.0999755859375 739.6400146484375 121.99700164794922 36.0
1190.5999755859375 733.6900024414062 129.0019989013672 36.0
1163.9000244140625 634.739990234375 309.2040100097656 36.0
1143.9000244140625 638.0 85.0031967163086 36.0
1116.9000244140625 642.969970703125 110.00199890136719 36.0
1123.0 934.2100219726562 298.6919860839844 36.0
1110.699951171875 910.8599853515625 102.00199890136719 36.0
1094.800048828125 879.3400268554688 113.99800109863281 36.0
1076.0999755859375 755.3900146484375 366.2349853515625 36.0
1034.0999755859375 724.25 124.9990005493164 36.0
1086.800048828125 650.260009765625 382.75201416015625 36.0
1041.4000244140625 652.510009765625 137.0019989013672 36.0
1229.5999755859375 297.42999267578125 304.6969909667969 36.0
1218.4000244140625 323.30999755859375 92.00160217285156 36.0
881.530029296875 425.6499938964844 367.739990234375 36.0
902.0800170898438 502.510009765625 130.9969940185547 36.0
1255.800048828125 321.69000244140625 337.7229919433594 36.0
1238.800048828125 342.69000244140625 101.00199890136719 36.0
882.52001953125 926.969970703125 340.7179870605469 36.0
888.7999877929688 944.1599731445312 95.99759674072266 36.0
903.7999877929688 839.239990234375 94.9968032836914 36.0
924.739990234375 749.780029296875 54.0 36.0
1077.5 841.8200073242188 358.7330017089844 36.0
1034.699951171875 782.0900268554688 126.0 36.0
1606.9000244140625 940.8699951171875 384.25 36.0
1585.5999755859375 918.47998046875 137.0019989013672 36.0
1556.5999755859375 888.219970703125 140.9980010986328 36.0
1043.4000244140625 199.97999572753906 367.739990234375 36.0
1041.4000244140625 230.8300018310547 112.99700164794922 36.0
1040.699951171875 272.7799987792969 106.9990005493164 36.0
1167.9000244140625 814.3499755859375 348.2279968261719 36.0
1095.0 763.3400268554688 123.99800109863281 36.0
927.4400024414062 617.75 403.7619934082031 36.0
935.1500244140625 629.0800170898438 157.9969940185547 36.0
1000.5 482.7799987792969 376.74700927734375 36.0
983.8699951171875 540.489990234375 138.0019989013672 36.0
1016.2999877929688 426.3900146484375 120.00199890136719 36.0
1030.5 372.489990234375 119.00199890136719 36.0
578.0700073242188 397.1000061035156 402.2640075683594 36.0
699.9199829101562 483.8699951171875 158.9980010986328 36.0
824.0 464.29998779296875 373.7449951171875 36.0
863.3599853515625 528.6900024414062 137.0019989013672 36.0
1151.0 728.8599853515625 378.2449951171875 36.0
1083.800048828125 706.239990234375 136.00100708007812 36.0
740.7899780273438 705.4000244140625 238.6580047607422 36.0
807.8599853515625 689.3400268554688 54.0 36.0
681.3200073242188 727.6099853515625 54.0 36.0
876.25 674.1199951171875 164.0019989013672 36.0
489.25 839.9600219726562 378.2449951171875 36.0
510.2699890136719 823.9600219726562 54.0 36.0
472.29998779296875 222.55999755859375 391.75201416015625 36.0
630.280029296875 367.4200134277344 54.0 36.0
434.6199951171875 199.33999633789062 54.0 36.0
429.2699890136719 194.69000244140625 54.0 36.0
423.260009765625 151.22999572753906 54.0 36.0
449.6700134277344 143.5 54.0 36.0
448.9100036621094 175.99000549316406 54.0 36.0
424.67999267578125 200.2899932861328 54.0 36.0
422.1400146484375 207.35000610351562 54.0 36.0
479.6099853515625 177.58999633789062 54.0 36.0
453.69000244140625 335.8399963378906 54.0 36.0
454.2799987792969 180.63999938964844 54.0 36.0
432.6400146484375 187.5800018310547 54.0 36.0
470.3999938964844 178.97000122070312 54.0 36.0
434.9800109863281 181.5500030517578 54.0 36.0
424.7900085449219 217.77000427246094 54.0 36.0
441.2200012207031 181.5 54.0 36.0
787.72998046875 513.25 153.0 36.0
1305.699951171875 344.6499938964844 381.24700927734375 36.0
1186.5999755859375 449.0400085449219 138.0019989013672 36.0
1269.4000244140625 357.5 132.9980010986328 36.0
1323.699951171875 1046.300048828125 358.7330017089844 36.0
1198.5 918.6599731445312 121.00299835205078 36.0
1160.699951171875 515.27001953125 324.2090148925781 36.0
1090.199951171875 562.8900146484375 104.99800109863281 36.0
1173.300048828125 474.3500061035156 91.00080108642578 36.0
1234.5999755859375 535.0 381.24700927734375 36.0
1139.699951171875 576.280029296875 148.0030059814453 36.0
1226.0 486.010009765625 137.0019989013672 36.0
950.0499877929688 339.79998779296875 381.24700927734375 36.0
948.0 445.44000244140625 141.9980010986328 36.0
980.510009765625 320.17999267578125 130.9969940185547 36.0
1012.2000122070312 313.1600036621094 131.9980010986328 36.0
477.2099914550781 1127.5 376.74700927734375 36.0
632.989990234375 972.6699829101562 133.99899291992188 36.0
880.530029296875 1282.0999755859375 333.21600341796875 36.0
868.510009765625 1218.0999755859375 54.0 36.0
891.9400024414062 1341.800048828125 148.9969940185547 36.0
904.7999877929688 1394.5 146.0019989013672 36.0
992.9400024414062 755.0700073242188 366.2349853515625 36.0
977.5800170898438 724.7000122070312 129.0019989013672 36.0
1019.7000122070312 860.1500244140625 369.2380065917969 36.0
994.4400024414062 795.0599975585938 130.9969940185547 36.0
936.219970703125 151.86000061035156 367.739990234375 36.0
938.7100219726562 320.1700134277344 124.9990005493164 36.0
1613.4000244140625 928.97998046875 382.75201416015625 36.0
1590.5999755859375 908.489990234375 141.9980010986328 36.0
1559.0999755859375 881.9400024414062 149.9980010986328 36.0
1630.300048828125 904.530029296875 379.75 36.0
1601.699951171875 891.1799926757812 139.0030059814453 36.0
1564.300048828125 873.280029296875 135.0 36.0
1643.4000244140625 864.719970703125 364.7380065917969 36.0
1612.199951171875 860.3699951171875 121.99700164794922 36.0
1570.800048828125 855.8200073242188 123.99800109863281 36.0
1651.0999755859375 894.3900146484375 399.2619934082031 36.0
1619.0 883.9600219726562 157.9969940185547 36.0
1575.300048828125 868.969970703125 155.0019989013672 36.0
385.6099853515625 669.7999877929688 376.74700927734375 36.0
571.760009765625 666.1799926757812 79.99919891357422 36.0
441.5400085449219 708.8599853515625 54.0 36.0
1020.5999755859375 1176.699951171875 357.2349853515625 36.0
996.3400268554688 1005.5 119.00199890136719 36.0
1593.699951171875 946.6900024414062 367.739990234375 36.0
1575.300048828125 922.969970703125 131.9980010986328 36.0
1550.5999755859375 890.7100219726562 130.9969940185547 36.0
558.8200073242188 630.260009765625 331.7179870605469 36.0
687.0599975585938 639.02001953125 75.00240325927734 36.0
897.9400024414062 643.6699829101562 349.72601318359375 36.0
911.0599975585938 649.8499755859375 120.00199890136719 36.0
1579.800048828125 945.9600219726562 385.7539978027344 36.0
1564.300048828125 922.2899780273438 139.9969940185547 36.0
1544.0999755859375 889.9299926757812 139.0030059814453 36.0
478.0799865722656 823.3599853515625 373.7449951171875 36.0
501.25 810.469970703125 54.0 36.0
1086.699951171875 447.6000061035156 319.7090148925781 36.0
1040.300048828125 517.4299926757812 112.00299835205078 36.0
1122.300048828125 428.1700134277344 101.00199890136719 36.0
1208.4000244140625 682.3400268554688 372.239990234375 36.0
1122.199951171875 675.5399780273438 137.0019989013672 36.0
307.510009765625 862.3300170898438 375.24200439453125 36.0
392.05999755859375 834.9000244140625 113.99800109863281 36.0
789.8900146484375 758.75 343.72100830078125 36.0
841.8300170898438 726.2100219726562 119.00199890136719 36.0
780.2999877929688 920.7100219726562 364.7380065917969 36.0
835.9000244140625 834.969970703125 126.0 36.0
702.239990234375 1333.0 361.7349853515625 36.0
750.780029296875 1250.9000244140625 114.99800109863281 36.0
1262.0 217.64999389648438 291.19000244140625 36.0
1238.0 273.0899963378906 70.9999008178711 36.0
986.4500122070312 465.489990234375 357.2349853515625 36.0
972.3499755859375 528.4199829101562 121.99700164794922 36.0
1004.7000122070312 413.5199890136719 112.99700164794922 36.0
1023.2000122070312 364.9200134277344 110.00199890136719 36.0
404.3999938964844 830.72998046875 355.7300109863281 36.0
455.1199951171875 814.489990234375 57.00019836425781 36.0
1244.800048828125 307.5799865722656 325.7139892578125 36.0
1230.0999755859375 331.6099853515625 97.99919891357422 36.0
1149.0 291.3500061035156 331.7179870605469 36.0
1170.199951171875 317.1300048828125 101.00199890136719 36.0
1116.9000244140625 286.29998779296875 96.99839782714844 36.0
1080.9000244140625 299.1400146484375 94.9968032836914 36.0
571.4299926757812 774.6300048828125 323.1650085449219 43.999900817871094
695.3099975585938 736.2999877929688 54.0 36.0
480.0400085449219 805.3900146484375 60.99980163574219 36.0
538.4299926757812 801.2999877929688 61.999900817871094 36.0
533.260009765625 793.2999877929688 103.99700164794922 36.0
511.19000244140625 795.3499755859375 103.99700164794922 36.0
624.969970703125 750.969970703125 54.0 36.0
504.2200012207031 743.7000122070312 58.999698638916016 36.0
606.2000122070312 816.0800170898438 54.0 36.0
1181.199951171875 400.54998779296875 356.9330139160156 43.999900817871094
1103.4000244140625 486.489990234375 54.0 36.0
1227.699951171875 376.75 127.0009994506836 36.0
1181.300048828125 435.2699890136719 96.99839782714844 36.0
1153.9000244140625 410.8299865722656 105.99800109863281 36.0
1208.5 439.989990234375 133.99899291992188 36.0
1208.5 363.6099853515625 94.9968032836914 36.0
1211.0 334.7699890136719 77.99759674072266 36.0
1201.699951171875 358.7900085449219 92.00160217285156 36.0
1213.4000244140625 369.92999267578125 102.00199890136719 36.0
1179.5999755859375 355.3500061035156 102.00199890136719 36.0
1024.800048828125 572.7999877929688 54.0 36.0
945.6300048828125 659.5999755859375 359.302001953125 51.99980163574219
990.1599731445312 691.9500122070312 157.0030059814453 36.0
923.469970703125 580.3800048828125 166.0030059814453 36.0
1043.300048828125 617.72998046875 157.9969940185547 36.0
890.7899780273438 747.5599975585938 164.0019989013672 36.0
965.3699951171875 599.739990234375 159.9980010986328 36.0
1020.7000122070312 711.5700073242188 166.9969940185547 36.0
822.4099731445312 571.3499755859375 160.99899291992188 36.0
903.9099731445312 593.7000122070312 166.9969940185547 36.0
971.030029296875 832.8099975585938 160.99899291992188 36.0
815.9500122070312 648.9199829101562 120.00199890136719 36.0
1066.4000244140625 554.1400146484375 168.9980010986328 36.0
990.6199951171875 721.0399780273438 167.9980010986328 36.0
1018.4000244140625 610.8400268554688 168.9980010986328 36.0
1072.0999755859375 789.4600219726562 160.99899291992188 36.0
946.4000244140625 552.1699829101562 164.0019989013672 36.0
969.3300170898438 727.969970703125 160.99899291992188 36.0
927.4600219726562 655.8400268554688 165.0019989013672 36.0
961.4400024414062 692.4199829101562 166.9969940185547 36.0
942.2000122070312 643.4000244140625 157.9969940185547 36.0
893.75 692.780029296875 162.0 36.0
942.010009765625 489.5199890136719 160.99899291992188 36.0
1015.0999755859375 682.8599853515625 166.9969940185547 36.0
993.3400268554688 588.1599731445312 164.0019989013672 36.0
758.3800048828125 662.5399780273438 164.0019989013672 36.0
994.030029296875 655.5800170898438 164.0019989013672 36.0
1034.4000244140625 667.47998046875 164.0019989013672 36.0
958.75 593.219970703125 160.99899291992188 36.0
789.5499877929688 816.719970703125 164.0019989013672 36.0
820.4000244140625 697.8499755859375 54.0 36.0
1139.4000244140625 724.1400146484375 82.00080108642578 36.0
1124.0999755859375 619.280029296875 61.999900817871094 36.0
978.0900268554688 546.5 113.99800109863281 36.0
912.9600219726562 798.5900268554688 54.0 36.0
888.9600219726562 697.5999755859375 77.99759674072266 36.0
1332.699951171875 788.3599853515625 140.9980010986328 36.0
1301.9000244140625 579.5399780273438 54.0 36.0
1010.7000122070312 433.7900085449219 104.99800109863281 36.0
1524.300048828125 851.8699951171875 352.7139892578125 43.999900817871094
1568.5 837.4500122070312 133.99899291992188 36.0
1575.300048828125 839.8200073242188 123.99800109863281 36.0
1569.0 881.6900024414062 137.0019989013672 36.0
1569.0 865.25 129.0019989013672 36.0
1577.0 849.3200073242188 146.0019989013672 36.0
1570.4000244140625 845.8599853515625 124.9990005493164 36.0
1565.699951171875 831.3599853515625 112.99700164794922 36.0
1570.300048828125 875.3900146484375 139.9969940185547 36.0
1578.0999755859375 857.780029296875 133.99899291992188 36.0
1579.0 893.25 154.00100708007812 36.0
1561.0 857.2899780273438 124.9990005493164 36.0
1477.800048828125 539.6599731445312 352.7139892578125 43.999900817871094
1539.300048828125 513.0499877929688 54.0 36.0
1524.0999755859375 534.989990234375 128.0019989013672 36.0
1531.9000244140625 546.989990234375 165.0019989013672 36.0
1565.0 538.719970703125 148.9969940185547 36.0
1538.800048828125 527.5700073242188 145.00100708007812 36.0
1513.0 510.8399963378906 114.99800109863281 36.0
1532.5 506.8599853515625 124.9990005493164 36.0
1520.0 545.25 123.99800109863281 36.0
1516.5999755859375 518.489990234375 131.9980010986328 36.0
1522.199951171875 525.9299926757812 151.99899291992188 36.0
1651.9000244140625 464.3599853515625 355.7300109863281 36.0
1599.300048828125 487.32000732421875 133.99899291992188 36.0
919.6400146484375 1438.0999755859375 360.2380065917969 36.0
1593.9000244140625 527.6199951171875 346.7229919433594 36.0
1564.5 529.8499755859375 130.9969940185547 36.0
1619.9000244140625 554.6799926757812 396.2590026855469 36.0
1580.0 552.4199829101562 167.9980010986328 36.0
1649.0 555.3900146484375 94.9968032836914 36.0
1727.699951171875 534.5399780273438 367.739990234375 36.0
1648.0999755859375 537.030029296875 146.0019989013672 36.0
1640.4000244140625 504.8599853515625 366.2349853515625 36.0
1593.9000244140625 515.4299926757812 141.9980010986328 36.0
1565.0 468.45001220703125 336.2179870605469 36.0
1543.5999755859375 486.239990234375 115.9990005493164 36.0
1627.0999755859375 451.79998779296875 339.22100830078125 36.0
1583.5999755859375 477.239990234375 120.00199890136719 36.0
1584.5999755859375 548.280029296875 334.72100830078125 36.0
1556.9000244140625 548.510009765625 108.0 36.0
1573.5999755859375 485.69000244140625 354.2330017089844 36.0
1550.4000244140625 499.5299987792969 141.9980010986328 36.0
1588.0999755859375 504.0199890136719 358.7330017089844 36.0
1560.699951171875 513.25 148.9969940185547 36.0
1103.0999755859375 207.86000061035156 409.7659912109375 36.0
1088.4000244140625 236.77999877929688 137.0019989013672 36.0
1068.0 276.1300048828125 133.99899291992188 36.0
1056.800048828125 204.22000122070312 375.24200439453125 36.0
1052.199951171875 234.5800018310547 115.9990005493164 36.0
1047.0999755859375 275.29998779296875 120.00199890136719 36.0
1067.300048828125 195.02000427246094 387.25201416015625 36.0
1060.0 226.75 124.9990005493164 36.0
1051.800048828125 269.92999267578125 123.99800109863281 36.0
1090.4000244140625 202.24000549316406 367.739990234375 36.0
1078.0999755859375 232.77999877929688 120.00199890136719 36.0
1061.800048828125 273.8299865722656 121.00299835205078 36.0
1108.5 220.02000427246094 376.74700927734375 36.0
1092.699951171875 246.74000549316406 124.9990005493164 36.0
1070.300048828125 282.1600036621094 123.99800109863281 36.0
1077.0999755859375 205.27000427246094 399.2619934082031 36.0
1068.0999755859375 235.72000122070312 139.9969940185547 36.0
1056.199951171875 276.0199890136719 135.0 36.0
1639.199951171875 821.5499877929688 367.739990234375 36.0
1609.0 827.8300170898438 138.0019989013672 36.0
1652.4000244140625 829.239990234375 346.7229919433594 36.0
1619.5 832.77001953125 132.9980010986328 36.0
1639.5 922.260009765625 390.2539978027344 36.0
1608.800048828125 905.760009765625 148.0030059814453 36.0
1639.199951171875 886.2899780273438 366.2349853515625 36.0
1609.199951171875 878.1799926757812 128.0019989013672 36.0
1654.800048828125 849.6900024414062 396.2590026855469 36.0
1622.0999755859375 849.1699829101562 140.9980010986328 36.0
1644.0999755859375 841.719970703125 370.74200439453125 36.0
1612.5999755859375 842.760009765625 126.0 36.0
1631.9000244140625 807.6500244140625 343.72100830078125 36.0
1603.699951171875 817.0 119.00199890136719 36.0
1640.0999755859375 909.9299926757812 385.7539978027344 36.0
1610.199951171875 895.5800170898438 138.0019989013672 36.0
1657.300048828125 867.97998046875 367.739990234375 36.0
1624.199951171875 863.4600219726562 130.9969940185547 36.0
1672.0999755859375 962.9600219726562 408.2690124511719 36.0
1629.5999755859375 930.8499755859375 151.99899291992188 36.0
1617.0999755859375 868.510009765625 357.2349853515625 36.0
1595.5999755859375 863.3300170898438 129.0019989013672 36.0
1043.300048828125 321.6300048828125 356.9330139160156 43.999900817871094
847.0800170898438 1074.4000244140625 334.4179992675781 43.999900817871094
880.0499877929688 937.0499877929688 54.0 36.0
798.6799926757812 1164.5 121.99700164794922 36.0
857.75 1148.300048828125 175.9969940185547 36.0
778.1500244140625 769.7899780273438 362.56298828125 43.999900817871094
833.3099975585938 734.22998046875 105.99800109863281 36.0
