43
419.0 356.3800048828125 54.0 36.0
482.29998779296875 354.6300048828125 54.0 36.0
544.760009765625 314.2300109863281 54.0 36.0
616.1500244140625 386.8399963378906 54.0 36.0
498.44000244140625 237.39999389648438 54.0 36.0
385.17999267578125 375.6400146484375 54.0 36.0
380.4700012207031 339.5299987792969 54.0 36.0
618.5 294.94000244140625 54.0 36.0
663.6500244140625 352.5199890136719 54.0 36.0
571.75 206.86000061035156 54.0 36.0
436.7799987792969 288.0 54.0 36.0
556.6900024414062 245.25 54.0 36.0
717.510009765625 331.4100036621094 54.0 36.0
521.6799926757812 134.61000061035156 54.0 36.0
331.7900085449219 272.4599914550781 54.0 36.0
244.0500030517578 202.94000244140625 54.0 36.0
302.6600036621094 351.30999755859375 54.0 36.0
319.7799987792969 71.96499633789062 54.0 36.0
108.16999816894531 176.52000427246094 54.0 36.0
586.6900024414062 146.99000549316406 54.0 36.0
657.2999877929688 214.41000366210938 54.0 36.0
395.57000732421875 146.1199951171875 54.0 36.0
220.5 474.79998779296875 54.0 36.0
413.989990234375 18.0 54.0 36.0
421.3900146484375 54.13800048828125 54.0 36.0
27.0 211.92999267578125 54.0 36.0
590.5399780273438 94.13400268554688 54.0 36.0
639.2899780273438 140.64999389648438 54.0 36.0
710.8200073242188 188.5399932861328 54.0 36.0
519.1400146484375 29.10700035095215 54.0 36.0
439.5199890136719 126.2300033569336 54.0 36.0
313.4700012207031 224.25 54.0 36.0
682.8800048828125 454.4700012207031 54.0 36.0
522.1599731445312 456.8900146484375 54.0 36.0
792.8699951171875 485.7200012207031 54.0 36.0
399.4700012207031 459.6099853515625 54.0 36.0
814.3800048828125 410.3900146484375 54.0 36.0
99.87100219726562 275.42999267578125 54.0 36.0
302.19000244140625 441.3299865722656 54.0 36.0
141.5800018310547 559.739990234375 54.0 36.0
241.44000244140625 314.0899963378906 54.0 36.0
259.8800048828125 379.32000732421875 54.0 36.0
208.0399932861328 296.7900085449219 54.0 36.0
