47
440.6199951171875 80.1449966430664 126.08599853515625 36.0
541.8499755859375 92.11199951171875 126.08599853515625 36.0
343.70001220703125 86.92400360107422 102.69400024414062 36.0
531.6799926757812 18.0 61.09489822387695 36.0
640.7899780273438 136.92999267578125 80.589599609375 36.0
570.6099853515625 32.9370002746582 113.08999633789062 36.0
512.510009765625 54.625 131.28500366210938 36.0
534.9299926757812 181.2899932861328 109.18800354003906 36.0
386.1400146484375 133.55999755859375 102.69400024414062 36.0
245.83999633789062 97.90599822998047 100.09400177001953 36.0
745.5 174.8800048828125 80.589599609375 36.0
382.2300109863281 233.80999755859375 131.28500366210938 36.0
441.0199890136719 187.4199981689453 102.69400024414062 36.0
715.969970703125 166.42999267578125 126.08599853515625 36.0
241.25 298.0899963378906 81.8927993774414 36.0
855.989990234375 154.08999633789062 126.08599853515625 36.0
783.5900268554688 237.89999389648438 58.494998931884766 36.0
767.8400268554688 137.17999267578125 64.99440002441406 36.0
790.1199951171875 171.32000732421875 105.29299926757812 36.0
733.4199829101562 96.80400085449219 74.09519958496094 36.0
695.760009765625 114.7300033569336 110.49099731445312 36.0
925.52001953125 84.65799713134766 126.08599853515625 36.0
855.6199951171875 278.6600036621094 80.589599609375 36.0
976.3599853515625 33.380001068115234 137.78599548339844 36.0
852.4299926757812 191.67999267578125 97.48799896240234 36.0
916.6099853515625 176.89999389648438 97.48799896240234 36.0
923.0399780273438 277.5199890136719 80.589599609375 36.0
946.8699951171875 221.97999572753906 97.48799896240234 36.0
1071.4000244140625 270.1300048828125 97.48799896240234 36.0
1167.5 326.239990234375 97.48799896240234 36.0
1130.0999755859375 259.8699951171875 105.29299926757812 36.0
1250.5 379.8399963378906 97.48799896240234 36.0
1270.5999755859375 443.5299987792969 105.29299926757812 36.0
1314.4000244140625 374.4100036621094 97.48799896240234 36.0
1277.0999755859375 412.8599853515625 111.78700256347656 36.0
163.77000427246094 124.0199966430664 116.99299621582031 36.0
260.510009765625 146.42999267578125 100.09400177001953 36.0
125.66999816894531 187.7100067138672 116.99299621582031 36.0
311.3699951171875 195.85000610351562 100.09400177001953 36.0
146.92999267578125 263.6700134277344 116.99299621582031 36.0
176.22000122070312 302.3999938964844 127.38999938964844 36.0
74.09300231933594 271.739990234375 148.19000244140625 36.0
367.54998779296875 291.3999938964844 131.28500366210938 36.0
182.52999877929688 394.260009765625 124.79000091552734 36.0
135.8000030517578 478.0 124.79000091552734 36.0
108.23999786376953 550.780029296875 124.79000091552734 36.0
110.36000061035156 607.1799926757812 124.79000091552734 36.0
