41
788.030029296875 73.49700164794922 126.08599853515625 36.0
676.8599853515625 102.66000366210938 126.08599853515625 36.0
893.8099975585938 80.03900146484375 102.69400024414062 36.0
633.7100219726562 44.97100067138672 61.09489822387695 36.0
582.0999755859375 185.08999633789062 80.589599609375 36.0
667.75 18.0 113.08999633789062 36.0
706.489990234375 34.88100051879883 131.28500366210938 36.0
684.9299926757812 205.41000366210938 109.18800354003906 36.0
847.1500244140625 137.67999267578125 102.69400024414062 36.0
1002.9000244140625 89.8479995727539 100.09400177001953 36.0
484.67999267578125 265.94000244140625 80.589599609375 36.0
857.5900268554688 254.27999877929688 131.28500366210938 36.0
789.5900268554688 203.64999389648438 102.69400024414062 36.0
481.7200012207031 205.92999267578125 126.08599853515625 36.0
1019.5 312.3500061035156 81.8927993774414 36.0
350.6600036621094 257.7200012207031 126.08599853515625 36.0
367.57000732421875 174.36000061035156 58.494998931884766 36.0
437.8399963378906 232.10000610351562 64.99440002441406 36.0
425.20001220703125 270.9200134277344 105.29299926757812 36.0
437.7200012207031 142.88999938964844 74.09519958496094 36.0
481.92999267578125 136.64999389648438 110.49099731445312 36.0
295.4700012207031 302.3900146484375 126.08599853515625 36.0
271.82000732421875 174.02999877929688 80.589599609375 36.0
369.239990234375 313.9200134277344 97.48799896240234 36.0
340.8800048828125 391.2300109863281 97.48799896240234 36.0
217.89999389648438 225.0 80.589599609375 36.0
250.8800048828125 294.75 97.48799896240234 36.0
128.25 333.4200134277344 97.48799896240234 36.0
48.74599838256836 331.0299987792969 97.48799896240234 36.0
63.895999908447266 379.9700012207031 105.29299926757812 36.0
1096.0999755859375 114.58999633789062 116.99299621582031 36.0
988.469970703125 148.07000732421875 100.09400177001953 36.0
1143.0 184.60000610351562 116.99299621582031 36.0
934.469970703125 208.17999267578125 100.09400177001953 36.0
1123.4000244140625 271.45001220703125 116.99299621582031 36.0
1091.800048828125 315.8800048828125 127.38999938964844 36.0
1204.699951171875 279.1499938964844 148.19000244140625 36.0
871.5599975585938 322.760009765625 131.28500366210938 36.0
1097.300048828125 407.45001220703125 124.79000091552734 36.0
1164.699951171875 483.1300048828125 124.79000091552734 36.0
1213.199951171875 539.5 124.79000091552734 36.0
