302
1047.0 795.0599975585938 103.99700164794922 22.99970054626465
1001.4000244140625 453.4100036621094 108.0 22.99970054626465
893.989990234375 370.8399963378906 101.00199890136719 22.99970054626465
901.3200073242188 528.2999877929688 112.99700164794922 22.99970054626465
1090.199951171875 259.75 166.0030059814453 22.99970054626465
1028.0999755859375 190.8800048828125 184.9969940185547 22.99970054626465
1143.800048828125 454.19000244140625 110.00199890136719 22.99970054626465
1215.199951171875 490.4100036621094 121.00299835205078 22.99970054626465
1199.0 683.969970703125 109.0009994506836 22.99970054626465
1185.300048828125 629.260009765625 110.00199890136719 22.99970054626465
1434.199951171875 884.8099975585938 83.00160217285156 22.99970054626465
1162.5999755859375 684.0499877929688 111.00199890136719 22.99970054626465
1170.4000244140625 959.77001953125 95.99759674072266 22.99970054626465
1456.199951171875 715.9099731445312 103.99700164794922 22.99970054626465
1202.699951171875 884.0999755859375 87.99839782714844 22.99970054626465
1129.800048828125 81.98200225830078 182.0019989013672 22.99970054626465
1023.0 11.5 201.0019989013672 22.99970054626465
947.2000122070312 353.25 110.00199890136719 22.99970054626465
842.0900268554688 608.4400024414062 123.99800109863281 22.99970054626465
783.9099731445312 447.0799865722656 114.99800109863281 22.99970054626465
792.9400024414062 867.0599975585938 88.99919891357422 22.99970054626465
828.6699829101562 714.0700073242188 112.00299835205078 22.99970054626465
770.4000244140625 709.4199829101562 110.00199890136719 22.99970054626465
932.8800048828125 714.8900146484375 110.00199890136719 22.99970054626465
822.4500122070312 304.7699890136719 129.0019989013672 22.99970054626465
849.3200073242188 445.3800048828125 136.00100708007812 22.99970054626465
610.9199829101562 338.010009765625 130.9969940185547 22.99970054626465
790.1900024414062 606.0700073242188 151.99899291992188 22.99970054626465
816.3300170898438 811.0 121.00299835205078 22.99970054626465
687.4600219726562 169.8699951171875 146.0019989013672 22.99970054626465
1245.5 658.4299926757812 115.9990005493164 22.99970054626465
1067.0999755859375 728.25 112.99700164794922 22.99970054626465
1223.5 741.4199829101562 101.00199890136719 22.99970054626465
1387.5999755859375 981.2899780273438 101.00199890136719 22.99970054626465
936.8699951171875 220.83999633789062 114.99800109863281 22.99970054626465
872.72998046875 97.1500015258789 112.00299835205078 22.99970054626465
844.2899780273438 229.2100067138672 123.99800109863281 22.99970054626465
985.6199951171875 266.1199951171875 130.9969940185547 22.99970054626465
916.6599731445312 954.6400146484375 120.00199890136719 22.99970054626465
986.969970703125 961.9500122070312 108.0 22.99970054626465
1129.300048828125 1059.5999755859375 123.99800109863281 22.99970054626465
868.1400146484375 1168.300048828125 86.99759674072266 22.99970054626465
949.3599853515625 1051.0999755859375 85.9968032836914 22.99970054626465
964.260009765625 896.8400268554688 94.9968032836914 22.99970054626465
1099.300048828125 804.9600219726562 106.9990005493164 22.99970054626465
1194.5999755859375 529.0 195.9980010986328 22.99970054626465
1128.5 703.1699829101562 92.00160217285156 22.99970054626465
1370.0999755859375 636.5999755859375 108.0 22.99970054626465
1195.199951171875 454.760009765625 110.00199890136719 22.99970054626465
1038.5999755859375 753.9099731445312 115.9990005493164 22.99970054626465
1347.300048828125 437.239990234375 117.0 22.99970054626465
1168.800048828125 814.6699829101562 115.9990005493164 22.99970054626465
1300.9000244140625 415.5899963378906 120.00199890136719 22.99970054626465
929.9000244140625 648.1300048828125 118.0009994506836 22.99970054626465
760.8599853515625 642.7000122070312 102.00199890136719 22.99970054626465
854.5 752.1500244140625 106.9990005493164 22.99970054626465
1201.9000244140625 406.6600036621094 169.99899291992188 22.99970054626465
1050.0 909.0700073242188 162.0 22.99970054626465
1075.699951171875 1174.4000244140625 146.0019989013672 22.99970054626465
1121.699951171875 844.5499877929688 148.9969940185547 22.99970054626465
1289.9000244140625 550.25 137.0019989013672 22.99970054626465
1093.0999755859375 488.95001220703125 229.9969940185547 22.99970054626465
1260.800048828125 516.0 102.00199890136719 22.99970054626465
1094.0999755859375 957.52001953125 105.99800109863281 22.99970054626465
1072.800048828125 1274.300048828125 79.99919891357422 22.99970054626465
1134.800048828125 893.3900146484375 139.9969940185547 22.99970054626465
1097.699951171875 431.6199951171875 173.0019989013672 22.99970054626465
987.8599853515625 825.280029296875 124.9990005493164 22.99970054626465
1146.699951171875 401.2099914550781 160.99899291992188 22.99970054626465
1340.0999755859375 513.8400268554688 178.99899291992188 22.99970054626465
1292.699951171875 477.510009765625 106.9990005493164 22.99970054626465
1374.199951171875 480.1700134277344 115.9990005493164 22.99970054626465
1246.199951171875 395.8999938964844 115.9990005493164 22.99970054626465
1147.0 513.1400146484375 124.9990005493164 22.99970054626465
1229.199951171875 571.530029296875 124.9990005493164 22.99970054626465
1324.5999755859375 637.739990234375 111.00199890136719 22.99970054626465
1200.5 776.1300048828125 115.9990005493164 22.99970054626465
954.47998046875 784.7899780273438 96.99839782714844 22.99970054626465
752.4500122070312 791.7100219726562 110.00199890136719 22.99970054626465
1332.199951171875 585.0800170898438 115.9990005493164 22.99970054626465
1421.5 839.9199829101562 104.99800109863281 22.99970054626465
1459.5 1003.0 88.99919891357422 22.99970054626465
1629.9000244140625 836.3699951171875 88.99919891357422 22.99970054626465
1371.800048828125 841.1900024414062 105.99800109863281 22.99970054626465
1258.5999755859375 904.77001953125 90.0 22.99970054626465
1505.5 839.5599975585938 84.00240325927734 22.99970054626465
1417.5 706.8800048828125 83.00160217285156 22.99970054626465
1496.0999755859375 880.780029296875 76.9968032836914 22.99970054626465
1376.800048828125 805.9000244140625 99.0 22.99970054626465
1463.699951171875 883.1199951171875 83.00160217285156 22.99970054626465
1379.5 595.75 103.99700164794922 22.99970054626465
1348.0999755859375 870.219970703125 118.0009994506836 22.99970054626465
1403.199951171875 1025.4000244140625 102.00199890136719 22.99970054626465
1431.5999755859375 589.3800048828125 112.99700164794922 22.99970054626465
1406.5999755859375 770.8200073242188 91.00080108642578 22.99970054626465
1440.4000244140625 801.6199951171875 103.00299835205078 22.99970054626465
1491.300048828125 951.6400146484375 86.99759674072266 22.99970054626465
1379.5999755859375 699.9299926757812 121.99700164794922 22.99970054626465
1362.0999755859375 907.5900268554688 103.99700164794922 22.99970054626465
1332.699951171875 985.77001953125 84.00240325927734 22.99970054626465
1256.0999755859375 454.2900085449219 175.0030059814453 22.99970054626465
1250.5 945.9400024414062 103.99700164794922 22.99970054626465
1320.800048828125 802.8699951171875 96.99839782714844 22.99970054626465
1419.0 634.0499877929688 124.9990005493164 22.99970054626465
1399.5999755859375 550.010009765625 137.0019989013672 22.99970054626465
1347.4000244140625 782.030029296875 100.0009994506836 22.99970054626465
1362.5999755859375 734.8499755859375 90.0 22.99970054626465
1175.800048828125 849.4199829101562 91.00080108642578 22.99970054626465
1271.0 691.2899780273438 106.9990005493164 22.99970054626465
1154.800048828125 740.9400024414062 81.0 22.99970054626465
1114.9000244140625 758.22998046875 176.9980010986328 22.99970054626465
1299.9000244140625 731.6599731445312 82.00080108642578 22.99970054626465
1279.5 766.22998046875 92.00160217285156 22.99970054626465
1088.9000244140625 601.4099731445312 109.0009994506836 22.99970054626465
1130.5999755859375 614.0399780273438 100.0009994506836 22.99970054626465
908.1099853515625 781.9000244140625 193.9969940185547 22.99970054626465
795.739990234375 755.25 115.9990005493164 22.99970054626465
929.8099975585938 808.1500244140625 203.9980010986328 22.99970054626465
1037.4000244140625 828.3599853515625 120.00199890136719 22.99970054626465
1048.5 641.4600219726562 128.0019989013672 22.99970054626465
904.9000244140625 728.0900268554688 112.99700164794922 22.99970054626465
938.0700073242188 750.8900146484375 133.99899291992188 22.99970054626465
1007.7000122070312 648.030029296875 113.99800109863281 22.99970054626465
856.8499755859375 685.3499755859375 109.0009994506836 22.99970054626465
994.3699951171875 746.5599975585938 110.00199890136719 22.99970054626465
1008.2000122070312 692.6599731445312 106.9990005493164 22.99970054626465
1063.300048828125 679.22998046875 126.0 22.99970054626465
1292.699951171875 877.75 121.00299835205078 22.99970054626465
1349.199951171875 939.6699829101562 112.00299835205078 22.99970054626465
1041.300048828125 1114.699951171875 92.00160217285156 22.99970054626465
1256.199951171875 846.1799926757812 112.99700164794922 22.99970054626465
1293.4000244140625 840.0499877929688 106.9990005493164 22.99970054626465
1222.9000244140625 1125.0 110.00199890136719 22.99970054626465
1099.199951171875 1098.699951171875 74.00160217285156 22.99970054626465
1117.5 983.5499877929688 101.00199890136719 22.99970054626465
1158.0999755859375 1128.300048828125 97.99919891357422 22.99970054626465
1120.4000244140625 1211.800048828125 111.00199890136719 22.99970054626465
1182.300048828125 1180.9000244140625 135.0 22.99970054626465
1080.0999755859375 1362.5999755859375 96.99839782714844 22.99970054626465
1159.5 1266.800048828125 101.00199890136719 22.99970054626465
1172.0999755859375 1370.5999755859375 103.00299835205078 22.99970054626465
1281.699951171875 1432.5999755859375 183.0019989013672 22.99970054626465
1320.800048828125 1265.0 166.9969940185547 22.99970054626465
1398.0999755859375 1247.300048828125 193.0030059814453 22.99970054626465
1307.4000244140625 1180.800048828125 227.0019989013672 22.99970054626465
1398.0 1150.9000244140625 211.9969940185547 22.99970054626465
1349.800048828125 1145.300048828125 194.9980010986328 22.99970054626465
1444.199951171875 1229.0999755859375 245.0019989013672 22.99970054626465
1354.699951171875 1209.0999755859375 221.9980010986328 22.99970054626465
1420.0999755859375 1190.800048828125 237.0019989013672 22.99970054626465
1391.0999755859375 1444.699951171875 183.0019989013672 22.99970054626465
1001.7999877929688 1437.0999755859375 106.9990005493164 22.99970054626465
1124.800048828125 1467.300048828125 90.0 22.99970054626465
1060.5999755859375 1470.5999755859375 102.00199890136719 22.99970054626465
1538.0999755859375 688.739990234375 96.99839782714844 22.99970054626465
1573.300048828125 723.6500244140625 117.0 22.99970054626465
1611.5999755859375 752.5900268554688 113.99800109863281 22.99970054626465
967.52001953125 622.489990234375 121.00299835205078 22.99970054626465
795.02001953125 408.69000244140625 133.99899291992188 22.99970054626465
725.219970703125 689.010009765625 111.00199890136719 22.99970054626465
800.260009765625 683.6400146484375 91.00080108642578 22.99970054626465
1559.0999755859375 512.5900268554688 104.99800109863281 22.99970054626465
1532.9000244140625 824.9400024414062 114.99800109863281 22.99970054626465
1563.0999755859375 856.6799926757812 105.99800109863281 22.99970054626465
1545.0 893.510009765625 104.99800109863281 22.99970054626465
1686.800048828125 549.1699829101562 104.99800109863281 22.99970054626465
1523.0 562.47998046875 112.99700164794922 22.99970054626465
1488.0999755859375 802.3300170898438 120.00199890136719 22.99970054626465
1527.0999755859375 1107.5 163.00100708007812 22.99970054626465
1544.300048828125 1170.800048828125 103.99700164794922 22.99970054626465
1539.5 929.5599975585938 103.99700164794922 22.99970054626465
1527.0 970.25 122.99800109863281 22.99970054626465
1452.5 939.2000122070312 103.99700164794922 22.99970054626465
1567.0999755859375 954.8699951171875 124.9990005493164 22.99970054626465
1477.800048828125 1135.5999755859375 137.0019989013672 22.99970054626465
1497.699951171875 1203.0999755859375 162.0 22.99970054626465
1513.0 731.27001953125 104.99800109863281 22.99970054626465
1632.699951171875 661.02001953125 166.9969940185547 22.99970054626465
1641.300048828125 800.72998046875 102.00199890136719 22.99970054626465
1605.5999755859375 876.1500244140625 96.99839782714844 22.99970054626465
1705.0 601.02001953125 83.00160217285156 22.99970054626465
1580.5999755859375 570.8699951171875 112.99700164794922 22.99970054626465
1598.0999755859375 796.6300048828125 92.00160217285156 22.99970054626465
1731.5999755859375 661.510009765625 151.99899291992188 22.99970054626465
1646.5999755859375 507.79998779296875 148.0030059814453 22.99970054626465
1681.9000244140625 652.9400024414062 96.99839782714844 22.99970054626465
1633.4000244140625 556.3499755859375 113.99800109863281 22.99970054626465
1686.199951171875 737.9099731445312 147.0019989013672 22.99970054626465
1544.0999755859375 765.4299926757812 85.9968032836914 22.99970054626465
1497.0 492.4599914550781 85.9968032836914 22.99970054626465
1602.0 481.95001220703125 103.99700164794922 22.99970054626465
1636.699951171875 605.22998046875 154.00100708007812 22.99970054626465
1578.800048828125 621.8200073242188 139.9969940185547 22.99970054626465
1726.0 710.5999755859375 110.00199890136719 22.99970054626465
1548.699951171875 456.5199890136719 106.9990005493164 22.99970054626465
1736.9000244140625 879.3800048828125 165.0019989013672 22.99970054626465
1938.699951171875 843.0599975585938 182.0019989013672 22.99970054626465
1664.0999755859375 1011.4000244140625 97.99919891357422 22.99970054626465
1678.199951171875 960.1599731445312 237.0019989013672 22.99970054626465
1600.5 1110.0999755859375 199.00100708007812 22.99970054626465
1809.0999755859375 1138.800048828125 202.0030059814453 22.99970054626465
1721.9000244140625 999.27001953125 168.9980010986328 22.99970054626465
1696.5999755859375 913.469970703125 183.0019989013672 22.99970054626465
1632.5 1062.199951171875 153.0 22.99970054626465
1840.800048828125 794.5399780273438 103.99700164794922 22.99970054626465
1851.199951171875 992.260009765625 254.0019989013672 22.99970054626465
1771.4000244140625 934.1699829101562 229.9969940185547 22.99970054626465
1974.5999755859375 949.7100219726562 247.0030059814453 22.99970054626465
1866.4000244140625 912.8099975585938 200.0019989013672 22.99970054626465
1683.699951171875 1284.199951171875 214.99899291992188 22.99970054626465
1666.4000244140625 1124.0 232.99899291992188 22.99970054626465
1712.5999755859375 1070.0999755859375 281.00201416015625 22.99970054626465
1961.9000244140625 1242.0 218.0019989013672 22.99970054626465
1789.0999755859375 1281.5999755859375 249.9980010986328 22.99970054626465
1883.4000244140625 1173.9000244140625 297.0 22.99970054626465
1913.699951171875 1063.4000244140625 184.9969940185547 22.99970054626465
1765.4000244140625 1197.0999755859375 169.99899291992188 22.99970054626465
679.0900268554688 316.0299987792969 164.0019989013672 22.99970054626465
686.8400268554688 244.30999755859375 150.9980010986328 22.99970054626465
736.1900024414062 548.5800170898438 184.9969940185547 22.99970054626465
715.3800048828125 420.7200012207031 168.9980010986328 22.99970054626465
750.1699829101562 290.9700012207031 162.0 22.99970054626465
648.719970703125 114.19999694824219 176.9980010986328 22.99970054626465
781.760009765625 53.222999572753906 139.9969940185547 22.99970054626465
603.6500244140625 492.010009765625 115.9990005493164 22.99970054626465
675.7899780273438 742.469970703125 103.99700164794922 22.99970054626465
803.0800170898438 1088.699951171875 103.00299835205078 22.99970054626465
755.510009765625 1051.199951171875 92.00160217285156 22.99970054626465
732.5399780273438 827.8800048828125 108.0 22.99970054626465
815.0800170898438 1025.4000244140625 117.0 22.99970054626465
764.719970703125 1246.699951171875 139.9969940185547 22.99970054626465
737.6099853515625 1332.4000244140625 166.9969940185547 22.99970054626465
684.8699951171875 1419.300048828125 157.0030059814453 22.99970054626465
809.0999755859375 1378.5 177.9980010986328 22.99970054626465
682.6300048828125 1341.0 198.0 22.99970054626465
856.1500244140625 1401.5 202.9969940185547 22.99970054626465
762.75 1405.800048828125 200.0019989013672 22.99970054626465
591.2899780273438 1225.699951171875 238.0030059814453 22.99970054626465
639.3300170898438 1488.300048828125 184.0030059814453 22.99970054626465
777.3900146484375 1547.699951171875 193.9969940185547 22.99970054626465
558.0800170898438 1476.699951171875 214.99899291992188 22.99970054626465
862.02001953125 1575.5999755859375 220.0030059814453 22.99970054626465
689.969970703125 1575.0 217.00100708007812 22.99970054626465
545.2899780273438 561.2899780273438 127.0009994506836 22.99970054626465
726.6099853515625 988.0 112.99700164794922 22.99970054626465
637.6500244140625 604.25 128.0019989013672 22.99970054626465
650.6400146484375 684.75 94.9968032836914 22.99970054626465
908.8499755859375 848.4099731445312 101.00199890136719 22.99970054626465
662.8699951171875 579.3599853515625 130.9969940185547 22.99970054626465
995.6599731445312 576.4600219726562 148.9969940185547 22.99970054626465
1076.5999755859375 541.6599731445312 95.99759674072266 22.99970054626465
909.7000122070312 587.3499755859375 108.0 22.99970054626465
1011.7000122070312 926.9099731445312 117.0 22.99970054626465
961.719970703125 499.3999938964844 135.0 22.99970054626465
1034.0 558.780029296875 147.0019989013672 22.99970054626465
962.22998046875 547.25 97.99919891357422 22.99970054626465
1017.0999755859375 511.8399963378906 121.99700164794922 22.99970054626465
653.52001953125 1050.9000244140625 190.00100708007812 22.99970054626465
535.8300170898438 1179.199951171875 205.99899291992188 22.99970054626465
578.0800170898438 1057.199951171875 211.0030059814453 22.99970054626465
626.1199951171875 1087.5999755859375 220.9969940185547 22.99970054626465
548.9299926757812 925.5999755859375 207.0 22.99970054626465
417.17999267578125 1200.199951171875 227.0019989013672 22.99970054626465
615.4099731445312 919.3800048828125 137.0019989013672 22.99970054626465
612.469970703125 1027.0 211.0030059814453 22.99970054626465
542.77001953125 1016.5999755859375 211.0030059814453 22.99970054626465
497.55999755859375 870.469970703125 205.99899291992188 22.99970054626465
538.6799926757812 837.7899780273438 210.0019989013672 22.99970054626465
643.72998046875 956.219970703125 220.9969940185547 22.99970054626465
572.22998046875 967.2000122070312 216.0 22.99970054626465
467.6499938964844 1123.0 227.0019989013672 22.99970054626465
389.1600036621094 1142.800048828125 229.0030059814453 22.99970054626465
348.1400146484375 1092.699951171875 227.0019989013672 22.99970054626465
577.989990234375 1118.199951171875 236.0019989013672 22.99970054626465
474.19000244140625 1373.5 254.0019989013672 22.99970054626465
235.3800048828125 1227.300048828125 245.0019989013672 22.99970054626465
486.3500061035156 1289.199951171875 253.00100708007812 22.99970054626465
562.6599731445312 874.3099975585938 238.0030059814453 22.99970054626465
588.97998046875 808.3200073242188 220.0030059814453 22.99970054626465
410.0400085449219 729.8900146484375 236.0019989013672 22.99970054626465
418.4599914550781 1037.5999755859375 232.99899291992188 22.99970054626465
289.7099914550781 794.7999877929688 218.0019989013672 22.99970054626465
496.57000732421875 945.5399780273438 223.99899291992188 22.99970054626465
565.969970703125 757.6500244140625 216.0 22.99970054626465
514.1300048828125 779.0499877929688 208.00100708007812 22.99970054626465
308.3900146484375 926.3200073242188 222.9980010986328 22.99970054626465
494.3900146484375 1224.199951171875 237.0019989013672 22.99970054626465
444.3699951171875 798.8699951171875 274.00299072265625 22.99970054626465
117.5 745.0800170898438 235.00100708007812 22.99970054626465
245.55999755859375 739.5900268554688 290.00201416015625 22.99970054626465
323.4100036621094 838.25 228.0019989013672 22.99970054626465
535.1699829101562 726.6599731445312 221.9980010986328 22.99970054626465
137.92999267578125 855.5800170898438 245.0019989013672 22.99970054626465
305.45001220703125 1017.0 240.9980010986328 22.99970054626465
428.8599853515625 634.010009765625 232.99899291992188 22.99970054626465
331.8800048828125 691.510009765625 223.99899291992188 22.99970054626465
369.489990234375 603.1300048828125 238.9969940185547 22.99970054626465
702.6500244140625 924.9600219726562 94.9968032836914 22.99970054626465
571.25 670.6199951171875 118.0009994506836 22.99970054626465
445.04998779296875 854.4500122070312 230.9980010986328 22.99970054626465
239.89999389648438 891.9500122070312 247.9969940185547 22.99970054626465
384.5799865722656 928.010009765625 223.99899291992188 22.99970054626465
